rcp8.5models/CNRM-CM5/sc1gr10.39
NCOLS 261 
NROWS 433 
XLLCORNER 336357.134 
YLLCORNER 654653.479 
CELLSIZE 1000 
NODATA_value -3.4e+38 
[rows 374 to 395 of 433, columns 196 to 244 of 261]
475.611511230469 481.938049316406 488.738708496094 495.021545410156 501.796447753906 507.912322998047 514.822265625 527.256530761719 533.311279296875 539.69775390625 547.1357421875 552.718994140625 559.750183105469 566.859985351562 573.610717773438 579.053588867188 585.565734863281 593.00634765625 605.837280273438 612.953796386719 620.094360351562 627.161193847656 633.397521972656 640.153015136719 645.5703125 652.6328125 659.374145507812 664.747741699219 671.789428710938 678.530395507812 690.759704589844 697.040283203125 704.655822753906 710.64208984375 716.876525878906 723.651062011719 728.953125 735.742126464844 741.1005859375 748.331298828125 -3.4e+38 -3.4e+38 -3.4e+38 -3.4e+38 -3.4e+38 -3.4e+38 -3.4e+38 -3.4e+38 -3.4e+38
473.005523681641 478.578552246094 485.393188476562 491.7275390625 498.547576904297 504.618560791016 510.889984130859 524.815856933594 530.73828125 536.510009765625 544.118103027344 550.45361328125 557.104187011719 563.437438964844 570.563293457031 576.596557617188 582.148132324219 589.563537597656 602.341491699219 609.45166015625 616.596130371094 623.544494628906 628.987548828125 635.741027832031 641.192993164062 648.468444824219 655.376220703125 661.4716796875 667.624938964844 674.511047363281 687.544982910156 693.599548339844 700.357971191406 705.669860839844 712.561340332031 718.543334960938 724.640319824219 730.620788574219 -3.4e+38 -3.4e+38 -3.4e+38 -3.4e+38 -3.4e+38 -3.4e+38 -3.4e+38 -3.4e+38 -3.4e+38 -3.4e+38 -3.4e+38
470.139556884766 476.39501953125 482.939514160156 488.402160644531 495.350341796875 501.316711425781 507.651153564453 520.890380859375 527.589233398438 533.739562988281 540.197082519531 547.200744628906 553.554565429688 559.104125976562 566.426025390625 573.496398925781 579.492004394531 585.960693359375 599.044311523438 605.302429199219 612.403747558594 619.16259765625 624.597839355469 631.350280761719 636.792236328125 644.086608886719 651.194396972656 657.211242675781 663.601257324219 671.288024902344 684.104248046875 689.424865722656 696.148498535156 701.256103515625 708.26513671875 713.561889648438 -3.4e+38 -3.4e+38 -3.4e+38 -3.4e+38 -3.4e+38 -3.4e+38 -3.4e+38 -3.4e+38 -3.4e+38 -3.4e+38 -3.4e+38 -3.4e+38 -3.4e+38
467.086730957031 473.322021484375 480.018890380859 486.012847900391 492.738800048828 498.154541015625 505.242034912109 517.390869140625 523.494262695312 530.411804199219 536.686157226562 542.91943359375 549.648132324219 555.7705078125 562.08740234375 569.324401855469 575.923278808594 581.589050292969 595.44580078125 600.908386230469 608.0458984375 615.006896972656 620.435241699219 627.356994628906 633.615966796875 640.628845214844 647.57177734375 652.974548339844 660.368713378906 667.843811035156 679.931274414062 685.247863769531 691.978820800781 697.403259277344 -3.4e+38 -3.4e+38 -3.4e+38 -3.4e+38 -3.4e+38 -3.4e+38 -3.4e+38 -3.4e+38 -3.4e+38 -3.4e+38 -3.4e+38 -3.4e+38 -3.4e+38 -3.4e+38 -3.4e+38
464.913604736328 470.956512451172 476.96435546875 482.888610839844 489.694488525391 495.963684082031 502.788177490234 515.027038574219 521.113525390625 527.380798339844 534.080932617188 539.462524414062 545.732177734375 552.635864257812 558.756774902344 565.024353027344 571.945434570312 578.07470703125 592.00537109375 597.460754394531 604.592041015625 611.577331542969 617.166625976562 623.903869628906 630.292602539062 637.274780273438 644.022277832031 649.414367675781 656.656005859375 663.405700683594 675.525390625 681.06884765625 687.834289550781 692.878784179688 697.90625 701.860961914062 -3.4e+38 -3.4e+38 -3.4e+38 -3.4e+38 -3.4e+38 -3.4e+38 -3.4e+38 -3.4e+38 -3.4e+38 -3.4e+38 -3.4e+38 -3.4e+38 -3.4e+38
462.741729736328 468.722564697266 474.629058837891 480.526977539062 486.636596679688 492.878814697266 499.703979492188 512.022277832031 518.880004882812 524.967346191406 531.057006835938 537.249389648438 543.356506347656 549.622375488281 556.530822753906 562.651489257812 568.91259765625 575.650329589844 588.902038574219 595.025146484375 601.2548828125 608.044006347656 613.610290527344 620.372497558594 626.667358398438 632.882751464844 639.8486328125 645.201110839844 652.243957519531 658.995056152344 671.10693359375 676.654174804688 683.655883789062 688.775268554688 -3.4e+38 -3.4e+38 -3.4e+38 -3.4e+38 -3.4e+38 -3.4e+38 -3.4e+38 -3.4e+38 -3.4e+38 -3.4e+38 -3.4e+38 -3.4e+38 -3.4e+38 -3.4e+38 -3.4e+38
459.854644775391 465.883728027344 472.501281738281 478.538757324219 485.399658203125 493.376281738281 496.857086181641 508.748107910156 514.999755859375 521.862670898438 527.950500488281 534.208435058594 541.097717285156 547.203125 553.461120605469 560.1806640625 565.646240234375 572.564086914062 584.92236328125 591.668334960938 597.096252441406 604.017028808594 610.124084472656 616.317993164062 623.065856933594 628.470520019531 635.454650878906 641.022521972656 648.065368652344 654.818481445312 666.932495117188 672.463562011719 679.202941894531 -3.4e+38 -3.4e+38 -3.4e+38 -3.4e+38 -3.4e+38 -3.4e+38 -3.4e+38 -3.4e+38 -3.4e+38 -3.4e+38 -3.4e+38 -3.4e+38 -3.4e+38 -3.4e+38 -3.4e+38 -3.4e+38
457.852264404297 463.559387207031 469.6552734375 478.771636962891 496.524993896484 501.833282470703 495.0478515625 506.551422119141 512.644775390625 518.787353515625 524.844299316406 530.931823730469 537.183898925781 544.075927734375 550.179077148438 556.294067382812 562.783813476562 569.689697265625 581.632446289062 587.6953125 593.804443359375 600.014038085938 606.761535644531 612.148376464844 618.895874023438 624.258911132812 631.0419921875 636.620788574219 643.886352539062 650.641235351562 661.826965332031 -3.4e+38 -3.4e+38 -3.4e+38 -3.4e+38 -3.4e+38 -3.4e+38 -3.4e+38 -3.4e+38 -3.4e+38 -3.4e+38 -3.4e+38 -3.4e+38 -3.4e+38 -3.4e+38 -3.4e+38 -3.4e+38 -3.4e+38 -3.4e+38
455.778900146484 461.760803222656 468.35205078125 479.7080078125 495.795318603516 496.160766601562 492.854949951172 504.648559570312 511.619415283203 516.7626953125 522.661254882812 528.718444824219 534.807312011719 541.054870605469 547.826904296875 553.426086425781 559.894409179688 566.777465820312 579.087097167969 583.955505371094 590.811462402344 596.774597167969 603.522705078125 608.905090332031 615.85693359375 622.124938964844 627.764770507812 633.136962890625 640.228515625 646.262329101562 -3.4e+38 -3.4e+38 -3.4e+38 -3.4e+38 -3.4e+38 -3.4e+38 -3.4e+38 -3.4e+38 -3.4e+38 -3.4e+38 -3.4e+38 -3.4e+38 -3.4e+38 -3.4e+38 -3.4e+38 -3.4e+38 -3.4e+38 -3.4e+38 -3.4e+38
452.625427246094 458.100219726562 464.945831298828 470.027252197266 475.659515380859 481.730682373047 488.306671142578 499.530364990234 505.386505126953 510.696258544922 516.70654296875 523.395263671875 529.469482421875 535.561401367188 541.825927734375 548.101013183594 554.967224121094 560.241394042969 573.445556640625 579.322631835938 584.684509277344 591.195007324219 596.36279296875 603.108276367188 608.46533203125 615.213989257812 620.409240722656 626.485412597656 632.483520507812 638.861877441406 -3.4e+38 -3.4e+38 -3.4e+38 -3.4e+38 -3.4e+38 -3.4e+38 -3.4e+38 -3.4e+38 -3.4e+38 -3.4e+38 -3.4e+38 -3.4e+38 -3.4e+38 -3.4e+38 -3.4e+38 -3.4e+38 -3.4e+38 -3.4e+38 -3.4e+38
449.297454833984 455.791564941406 462.700134277344 467.537322998047 473.313385009766 478.632232666016 485.268798828125 497.317901611328 503.191345214844 508.498474121094 514.339416503906 520.428894042969 527.245422363281 532.492919921875 539.37548828125 545.499267578125 551.3505859375 555.927062988281 570.112976074219 575.351867675781 581.442687988281 587.234069824219 592.199279785156 598.943176269531 604.29345703125 -3.4e+38 -3.4e+38 -3.4e+38 -3.4e+38 -3.4e+38 -3.4e+38 -3.4e+38 -3.4e+38 -3.4e+38 -3.4e+38 -3.4e+38 -3.4e+38 -3.4e+38 -3.4e+38 -3.4e+38 -3.4e+38 -3.4e+38 -3.4e+38 -3.4e+38 -3.4e+38 -3.4e+38 -3.4e+38 -3.4e+38 -3.4e+38
447.178771972656 453.970184326172 459.456085205078 465.005889892578 470.925933837891 476.265747070312 482.888763427734 494.27294921875 500.292449951172 506.292846679688 512.098266601562 518.064208984375 524.378845214844 530.122741699219 536.490295410156 543.0390625 548.283447265625 553.509887695312 566.675964355469 572.273193359375 578.970764160156 583.945495605469 589.832275390625 595.692687988281 -3.4e+38 -3.4e+38 -3.4e+38 -3.4e+38 -3.4e+38 -3.4e+38 -3.4e+38 -3.4e+38 -3.4e+38 -3.4e+38 -3.4e+38 -3.4e+38 -3.4e+38 -3.4e+38 -3.4e+38 -3.4e+38 -3.4e+38 -3.4e+38 -3.4e+38 -3.4e+38 -3.4e+38 -3.4e+38 -3.4e+38 -3.4e+38 -3.4e+38
445.758850097656 451.521545410156 456.829040527344 462.613494873047 468.143768310547 474.829528808594 480.484924316406 491.866149902344 497.895935058594 503.871063232422 509.739837646484 515.684753417969 521.351806640625 527.246826171875 533.453979492188 539.348876953125 545.525207519531 551.17822265625 563.152404785156 568.725219726562 575.419738769531 580.590393066406 587.329284667969 -3.4e+38 -3.4e+38 -3.4e+38 -3.4e+38 -3.4e+38 -3.4e+38 -3.4e+38 -3.4e+38 -3.4e+38 -3.4e+38 -3.4e+38 -3.4e+38 -3.4e+38 -3.4e+38 -3.4e+38 -3.4e+38 -3.4e+38 -3.4e+38 -3.4e+38 -3.4e+38 -3.4e+38 -3.4e+38 -3.4e+38 -3.4e+38 -3.4e+38 -3.4e+38
445.654724121094 448.940307617188 455.410278320312 460.463806152344 466.603637695312 472.661315917969 478.142913818359 489.462371826172 495.465728759766 501.49365234375 507.552062988281 513.660400390625 519.179992675781 525.236877441406 531.269104003906 537.335021972656 543.330078125 549.214294433594 559.897583007812 565.223205566406 571.078430175781 576.434875488281 583.505798339844 -3.4e+38 -3.4e+38 -3.4e+38 -3.4e+38 -3.4e+38 -3.4e+38 -3.4e+38 -3.4e+38 -3.4e+38 -3.4e+38 -3.4e+38 -3.4e+38 -3.4e+38 -3.4e+38 -3.4e+38 -3.4e+38 -3.4e+38 -3.4e+38 -3.4e+38 -3.4e+38 -3.4e+38 -3.4e+38 -3.4e+38 -3.4e+38 -3.4e+38 -3.4e+38
443.735443115234 447.530975341797 453.269897460938 458.884826660156 464.222778320312 470.323425292969 475.958618164062 487.277496337891 493.291931152344 499.126434326172 504.541870117188 510.917938232422 516.961181640625 522.751403808594 527.955627441406 534.6845703125 540.270324707031 546.975341796875 557.642639160156 562.794677734375 567.997192382812 -3.4e+38 -3.4e+38 -3.4e+38 -3.4e+38 -3.4e+38 -3.4e+38 -3.4e+38 -3.4e+38 -3.4e+38 -3.4e+38 -3.4e+38 -3.4e+38 -3.4e+38 -3.4e+38 -3.4e+38 -3.4e+38 -3.4e+38 -3.4e+38 -3.4e+38 -3.4e+38 -3.4e+38 -3.4e+38 -3.4e+38 -3.4e+38 -3.4e+38 -3.4e+38 -3.4e+38 -3.4e+38
440.157592773438 445.342559814453 450.960845947266 456.725555419922 462.026702880859 467.990020751953 473.795623779297 485.09130859375 491.125915527344 497.157684326172 502.525299072266 508.73486328125 514.557861328125 519.728393554688 525.549255371094 531.301208496094 537.014526367188 543.035705566406 554.71240234375 559.911926269531 565.934387207031 -3.4e+38 -3.4e+38 -3.4e+38 -3.4e+38 -3.4e+38 -3.4e+38 -3.4e+38 -3.4e+38 -3.4e+38 -3.4e+38 -3.4e+38 -3.4e+38 -3.4e+38 -3.4e+38 -3.4e+38 -3.4e+38 -3.4e+38 -3.4e+38 -3.4e+38 -3.4e+38 -3.4e+38 -3.4e+38 -3.4e+38 -3.4e+38 -3.4e+38 -3.4e+38 -3.4e+38 -3.4e+38
438.759826660156 443.045318603516 448.814270019531 454.578216552734 459.906829833984 466.041473388672 471.788818359375 482.705230712891 488.175750732422 495.178802490234 500.500793457031 506.309753417969 511.510040283203 517.501831054688 523.094421386719 528.216491699219 534.599792480469 539.927001953125 551.454162597656 -3.4e+38 -3.4e+38 -3.4e+38 -3.4e+38 -3.4e+38 -3.4e+38 -3.4e+38 -3.4e+38 -3.4e+38 -3.4e+38 -3.4e+38 -3.4e+38 -3.4e+38 -3.4e+38 -3.4e+38 -3.4e+38 -3.4e+38 -3.4e+38 -3.4e+38 -3.4e+38 -3.4e+38 -3.4e+38 -3.4e+38 -3.4e+38 -3.4e+38 -3.4e+38 -3.4e+38 -3.4e+38 -3.4e+38 -3.4e+38
436.994293212891 442.185485839844 446.671356201172 452.469543457031 458.18603515625 464.896179199219 469.844329833984 480.705657958984 485.743957519531 491.977630615234 498.107940673828 503.298645019531 509.321838378906 515.28466796875 520.802368164062 525.270751953125 531.089050292969 -3.4e+38 -3.4e+38 -3.4e+38 -3.4e+38 -3.4e+38 -3.4e+38 -3.4e+38 -3.4e+38 -3.4e+38 -3.4e+38 -3.4e+38 -3.4e+38 -3.4e+38 -3.4e+38 -3.4e+38 -3.4e+38 -3.4e+38 -3.4e+38 -3.4e+38 -3.4e+38 -3.4e+38 -3.4e+38 -3.4e+38 -3.4e+38 -3.4e+38 -3.4e+38 -3.4e+38 -3.4e+38 -3.4e+38 -3.4e+38 -3.4e+38 -3.4e+38
434.869201660156 440.316284179688 445.532318115234 450.753967285156 456.991729736328 462.936370849609 468.568450927734 478.943695068359 484.561157226562 489.610900878906 495.081909179688 501.090148925781 506.893615722656 512.256408691406 518.771118164062 -3.4e+38 -3.4e+38 -3.4e+38 -3.4e+38 -3.4e+38 -3.4e+38 -3.4e+38 -3.4e+38 -3.4e+38 -3.4e+38 -3.4e+38 -3.4e+38 -3.4e+38 -3.4e+38 -3.4e+38 -3.4e+38 -3.4e+38 -3.4e+38 -3.4e+38 -3.4e+38 -3.4e+38 -3.4e+38 -3.4e+38 -3.4e+38 -3.4e+38 -3.4e+38 -3.4e+38 -3.4e+38 -3.4e+38 -3.4e+38 -3.4e+38 -3.4e+38 -3.4e+38 -3.4e+38
433.574096679688 438.394653320312 443.819763183594 449.567108154297 454.886779785156 461.004638671875 466.997619628906 476.852813720703 482.7568359375 487.581817626953 492.903625488281 498.695190429688 503.869934082031 509.884429931641 515.695434570312 -3.4e+38 -3.4e+38 -3.4e+38 -3.4e+38 -3.4e+38 -3.4e+38 -3.4e+38 -3.4e+38 -3.4e+38 -3.4e+38 -3.4e+38 -3.4e+38 -3.4e+38 -3.4e+38 -3.4e+38 -3.4e+38 -3.4e+38 -3.4e+38 -3.4e+38 -3.4e+38 -3.4e+38 -3.4e+38 -3.4e+38 -3.4e+38 -3.4e+38 -3.4e+38 -3.4e+38 -3.4e+38 -3.4e+38 -3.4e+38 -3.4e+38 -3.4e+38 -3.4e+38 -3.4e+38
431.724151611328 -3.4e+38 -3.4e+38 447.645751953125 453.615386962891 459.057922363281 465.007568359375 474.899749755859 480.815368652344 485.750427246094 491.377593994141 496.495971679688 501.655639648438 507.453308105469 -3.4e+38 -3.4e+38 -3.4e+38 -3.4e+38 -3.4e+38 -3.4e+38 -3.4e+38 -3.4e+38 -3.4e+38 -3.4e+38 -3.4e+38 -3.4e+38 -3.4e+38 -3.4e+38 -3.4e+38 -3.4e+38 -3.4e+38 -3.4e+38 -3.4e+38 -3.4e+38 -3.4e+38 -3.4e+38 -3.4e+38 -3.4e+38 -3.4e+38 -3.4e+38 -3.4e+38 -3.4e+38 -3.4e+38 -3.4e+38 -3.4e+38 -3.4e+38 -3.4e+38 -3.4e+38 -3.4e+38
429.352569580078 434.433746337891 439.507141113281 444.763488769531 450.464172363281 455.584747314453 461.149749755859 471.192962646484 475.667510986328 481.636413574219 487.405242919922 492.399566650391 497.655395507812 -3.4e+38 -3.4e+38 -3.4e+38 -3.4e+38 -3.4e+38 -3.4e+38 -3.4e+38 -3.4e+38 -3.4e+38 -3.4e+38 -3.4e+38 -3.4e+38 -3.4e+38 -3.4e+38 -3.4e+38 -3.4e+38 -3.4e+38 -3.4e+38 -3.4e+38 -3.4e+38 -3.4e+38 -3.4e+38 -3.4e+38 -3.4e+38 -3.4e+38 -3.4e+38 -3.4e+38 -3.4e+38 -3.4e+38 -3.4e+38 -3.4e+38 -3.4e+38 -3.4e+38 -3.4e+38 -3.4e+38 -3.4e+38
