rcp8.5models/CNRM-CM5/sc1gr9.26
NCOLS 261 
NROWS 433 
XLLCORNER 336357.134 
YLLCORNER 654653.479 
CELLSIZE 1000 
NODATA_value -3.4e+38 
[rows 242 to 263 of 433, columns 49 to 97 of 261]
272.656585693359 272.144866943359 272.033477783203 271.642578125 270.901672363281 269.466735839844 268.972473144531 267.539031982422 266.905242919922 266.079925537109 264.967254638672 264.183410644531 263.393646240234 262.652221679688 262.150604248047 261.612457275391 260.646484375 259.978393554688 258.258422851562 257.590850830078 257.230438232422 256.864227294922 256.24072265625 255.467193603516 254.861953735352 254.005813598633 253.243057250977 252.294586181641 251.533447265625 249.895645141602 249.135177612305 248.88053894043 248.520141601562 247.34977722168 246.324340820312 245.526504516602 244.337692260742 243.607666015625 243.225662231445 242.119995117188 240.851898193359 238.924621582031 237.904907226562 236.22883605957 235.104278564453 233.691497802734 231.517059326172 228.157531738281 224.616912841797
276.067108154297 276.138366699219 275.298278808594 274.970520019531 273.945434570312 272.758911132812 272.492584228516 271.22216796875 270.258758544922 269.624145507812 269.217956542969 268.296142578125 267.674926757812 267.067932128906 266.471557617188 265.420989990234 264.951385498047 264.29345703125 262.656616210938 262.401336669922 261.833984375 261.215179443359 260.615173339844 259.934448242188 258.961303710938 258.262237548828 257.433227539062 256.577972412109 255.880981445312 254.368850708008 254.098327636719 253.608642578125 252.654312133789 251.607330322266 250.766464233398 249.863006591797 248.753189086914 248.033203125 247.279113769531 246.37971496582 245.645462036133 243.26513671875 241.785736083984 240.514389038086 239.117416381836 237.714385986328 236.107086181641 234.020385742188 231.140930175781
277.751770019531 277.447540283203 276.957336425781 276.258087158203 275.578826904297 275.003784179688 274.525726318359 273.370971679688 272.566009521484 272.236480712891 271.747985839844 270.529479980469 269.588928222656 268.670501708984 267.796569824219 267.326263427734 266.838745117188 266.024719238281 265.120544433594 264.535827636719 263.809722900391 263.140594482422 262.219207763672 261.565765380859 260.721740722656 260.218292236328 259.572601318359 258.997802734375 258.439056396484 257.152923583984 256.417846679688 255.722961425781 254.699966430664 253.935729980469 253.13330078125 251.932662963867 250.730178833008 250.188293457031 248.829452514648 247.293518066406 247.520309448242 245.453536987305 243.823211669922 242.624862670898 241.293273925781 239.818084716797 238.298828125 236.254409790039 232.775039672852
278.971466064453 278.817108154297 278.537322998047 277.915130615234 277.070861816406 276.506744384766 276.321838378906 275.40478515625 274.760040283203 274.406158447266 273.80322265625 272.664855957031 271.370666503906 270.536712646484 270.083129882812 269.239593505859 268.573333740234 268.009674072266 267.275817871094 266.280426025391 265.628326416016 264.894287109375 264.120574951172 263.432373046875 262.943176269531 262.514984130859 261.809661865234 261.368560791016 260.844299316406 259.319702148438 258.535095214844 257.600036621094 256.557708740234 256.055969238281 255.231307983398 253.923492431641 252.954010009766 252.494506835938 250.31135559082 247.840072631836 249.34814453125 247.30158996582 245.92790222168 244.73258972168 243.214111328125 241.723693847656 240.159317016602 238.309967041016 235.375411987305
280.112182617188 280.030242919922 279.898101806641 279.612976074219 279.433990478516 279.244598388672 278.604400634766 277.432006835938 276.679443359375 276.464599609375 275.903411865234 275.061798095703 273.803527832031 273.158782958984 272.725280761719 271.511840820312 270.567016601562 269.750885009766 268.870880126953 268.297180175781 267.393463134766 266.445709228516 265.826873779297 265.354736328125 265.343933105469 264.714996337891 264.118438720703 263.559906005859 262.746704101562 261.034545898438 260.404632568359 259.535614013672 258.799957275391 258.259979248047 257.450042724609 256.1630859375 255.200439453125 254.675827026367 253.104766845703 251.161590576172 251.589141845703 249.212692260742 248.143325805664 246.733215332031 244.922424316406 243.488464355469 241.955947875977 240.157440185547 238.189483642578
282.342315673828 282.216186523438 282.027404785156 281.658203125 281.663330078125 281.548828125 281.131256103516 279.203247070312 279.000274658203 278.483154296875 278.268096923828 277.436614990234 276.503082275391 275.828979492188 275.041473388672 274.008270263672 273.040618896484 272.138336181641 270.934906005859 270.043579101562 269.272338867188 268.843231201172 268.436859130859 267.806945800781 267.198638916016 266.613220214844 266.14111328125 265.386505126953 264.35546875 262.816833496094 262.231994628906 261.683654785156 261.269256591797 260.484985351562 259.594116210938 258.502227783203 257.568542480469 256.848754882812 255.659484863281 254.492752075195 253.762664794922 251.330215454102 250.207214355469 248.703491210938 247.144897460938 245.648056030273 244.037658691406 242.321990966797 240.199432373047
285.295257568359 285.304412841797 284.579498291016 283.746673583984 283.549591064453 283.569427490234 283.307556152344 281.820281982422 281.076507568359 280.551849365234 280.360931396484 279.261566162109 278.693481445312 278.251922607422 277.128356933594 276.425323486328 275.961578369141 275.184448242188 273.174713134766 272.014099121094 271.278472900391 271.259582519531 270.744415283203 269.847991943359 268.943298339844 268.546783447266 268.043640136719 266.953125 266.212768554688 265.066436767578 264.525939941406 263.9560546875 263.347686767578 262.575775146484 261.626373291016 260.576354980469 259.578796386719 258.89697265625 257.825805664062 253.864471435547 250.667327880859 253.234451293945 251.972747802734 250.911254882812 249.369491577148 247.552688598633 246.185592651367 244.675628662109 242.404449462891
287.828796386719 287.534576416016 286.912170410156 286.146911621094 286.072509765625 285.754943847656 285.285339355469 284.296630859375 283.09033203125 282.54052734375 282.068298339844 280.842254638672 280.387542724609 280.203521728516 279.163696289062 278.465850830078 278.156127929688 277.596710205078 275.691619873047 274.649932861328 274.152648925781 273.613464355469 272.45703125 271.513549804688 270.986175537109 270.354827880859 269.896423339844 269.219390869141 268.595062255859 267.493865966797 266.709777832031 266.239135742188 265.380676269531 264.49462890625 263.603179931641 262.641784667969 261.606964111328 261.090515136719 260.104614257812 256.869812011719 252.850631713867 255.468063354492 253.999893188477 252.710906982422 251.38542175293 249.792388916016 248.350051879883 246.576171875 244.037734985352
290.216827392578 290.083374023438 289.692962646484 288.699188232422 288.364044189453 287.535003662109 287.188995361328 286.021026611328 285.421936035156 284.404724121094 283.671020507812 282.863922119141 282.47802734375 282.147277832031 281.090667724609 280.288238525391 280.269836425781 279.766326904297 279.081390380859 277.347259521484 276.686950683594 275.557922363281 274.293365478516 273.340881347656 273.133880615234 272.620513916016 271.918731689453 271.205932617188 270.892700195312 269.684020996094 268.882263183594 268.250518798828 267.547637939453 266.712554931641 264.580993652344 262.666534423828 263.783843994141 262.918579101562 262.081420898438 260.940887451172 258.887756347656 253.107269287109 256.36083984375 254.967910766602 253.502944946289 251.847503662109 250.300216674805 248.752395629883 246.457260131836
292.478210449219 291.982574462891 291.971221923828 290.697937011719 289.827270507812 289.174865722656 288.922546386719 287.613098144531 287.326324462891 286.091705322266 285.270904541016 284.685699462891 284.453063964844 283.967895507812 282.763671875 282.425750732422 282.291015625 281.658966064453 280.452209472656 279.71826171875 278.658477783203 277.567260742188 276.771392822266 275.6572265625 275.315002441406 274.936828613281 273.970733642578 273.070343017578 272.825592041016 271.738922119141 270.949859619141 270.186706542969 269.457427978516 268.824371337891 267.192749023438 265.562561035156 265.98974609375 264.991394042969 264.10205078125 262.866058349609 261.975158691406 255.885955810547 257.300231933594 257.304748535156 255.77734375 253.927047729492 252.324020385742 250.630905151367 248.990631103516
294.061950683594 293.833038330078 293.538452148438 292.620483398438 291.596527099609 291.270111083984 290.584503173828 289.474456787109 288.625427246094 287.937438964844 287.506286621094 286.789520263672 286.173950195312 285.588714599609 284.707397460938 284.464630126953 284.304046630859 283.220275878906 281.8740234375 281.459442138672 280.492858886719 279.848205566406 279.512939453125 278.790283203125 277.756744384766 276.683441162109 275.836120605469 275.085784912109 274.773712158203 273.319641113281 272.577331542969 272.113098144531 271.334197998047 270.590423583984 269.861053466797 269.076782226562 268.324737548828 267.103240966797 266.021514892578 265.112091064453 264.383392333984 261.466979980469 259.850769042969 259.416076660156 257.913238525391 256.03076171875 254.398132324219 252.696182250977 251.103576660156
296.081756591797 295.795654296875 295.362670898438 294.550872802734 293.307983398438 292.756591796875 292.267761230469 291.541107177734 290.971466064453 290.29052734375 289.571014404297 289.098052978516 288.539306640625 287.873779296875 286.789825439453 286.441284179688 286.353454589844 285.317443847656 283.815887451172 283.010375976562 282.733917236328 282.467010498047 281.406555175781 281.069061279297 280.076721191406 278.873901367188 278.048614501953 277.378234863281 276.945068359375 275.391235351562 274.554656982422 274.077484130859 273.533935546875 272.612030029297 272.029754638672 271.205444335938 270.45703125 269.331970214844 268.119720458984 267.391082763672 266.677886962891 263.828155517578 261.522552490234 259.595153808594 260.093200683594 258.344543457031 256.609344482422 255.039596557617 253.134231567383
298.165893554688 297.464904785156 297.108734130859 296.200714111328 295.192565917969 294.774291992188 294.721221923828 293.798950195312 293.602813720703 292.748901367188 291.753356933594 290.920166015625 290.399658203125 289.620452880859 288.801422119141 288.523651123047 287.842041015625 287.162567138672 285.583190917969 284.813659667969 284.863830566406 284.254638671875 283.177520751953 282.519592285156 281.863220214844 281.284484863281 280.763153076172 279.757232666016 278.928009033203 277.989898681641 276.972534179688 276.079162597656 275.382354736328 274.575958251953 273.938140869141 273.124938964844 272.278961181641 271.422821044922 270.398193359375 269.532409667969 268.358215332031 266.231506347656 264.096343994141 258.847503662109 256.805816650391 260.801635742188 258.817779541016 256.984649658203 254.955627441406
301.965240478516 301.47265625 300.742950439453 300.734069824219 300.639739990234 299.903015136719 299.461334228516 298.585266113281 298.729766845703 298.303436279297 296.84619140625 295.705657958984 294.970275878906 293.905090332031 293.274169921875 293.311676025391 292.821990966797 291.661193847656 289.971466064453 289.371704101562 288.546905517578 287.468963623047 286.727478027344 286.740203857422 286.189178466797 285.575256347656 284.954193115234 284.265228271484 283.281677246094 281.337921142578 280.978332519531 280.433258056641 279.66796875 279.155670166016 278.358032226562 277.375030517578 276.645446777344 275.64697265625 275.161682128906 274.052490234375 272.565673828125 270.038330078125 269.111572265625 267.304534912109 266.019134521484 265.882019042969 263.951110839844 261.524017333984 259.259460449219
303.856903076172 303.026733398438 302.972015380859 303.184265136719 303.341064453125 302.736755371094 301.871307373047 301.244384765625 301.278167724609 300.706268310547 300.150115966797 298.882995605469 297.743896484375 296.6494140625 295.747161865234 295.422790527344 295.368743896484 294.291961669922 292.659423828125 291.883941650391 291.227600097656 290.056518554688 288.897674560547 288.372833251953 287.623352050781 286.924591064453 286.564727783203 286.114074707031 285.405822753906 283.416687011719 282.835327148438 282.281097412109 281.934326171875 281.2841796875 280.195251464844 279.159088134766 278.473236083984 277.641204833984 276.999938964844 275.873992919922 274.790008544922 272.047119140625 270.290649414062 267.876190185547 264.97265625 262.941253662109 265.942169189453 262.865783691406 260.194274902344
305.606475830078 305.059478759766 305.562622070312 305.942840576172 305.647888183594 305.032592773438 304.713623046875 303.697113037109 303.184936523438 302.151916503906 301.884033203125 301.215057373047 300.354705810547 299.694915771484 298.413635253906 297.527313232422 297.052124023438 296.391998291016 295.1025390625 294.199279785156 293.752380371094 292.807678222656 291.469055175781 290.233734130859 289.616790771484 289.171112060547 288.433258056641 288.169128417969 287.525970458984 285.788177490234 284.993041992188 284.154846191406 283.732055664062 282.833190917969 282.101715087891 281.246154785156 280.516937255859 279.628234863281 278.788604736328 277.848205566406 277.0576171875 274.538055419922 272.509582519531 270.131317138672 267.639831542969 265.688568115234 268.019683837891 264.211334228516 259.684722900391
307.799346923828 307.98046875 307.86328125 307.356750488281 307.381103515625 307.079559326172 306.906280517578 305.539123535156 305.046203613281 304.194122314453 303.664886474609 303.177093505859 302.455474853516 302.125885009766 301.373931884766 300.293792724609 298.998260498047 298.202331542969 296.981201171875 296.373809814453 295.666046142578 294.649505615234 293.8505859375 293.139831542969 292.277130126953 291.832794189453 290.608215332031 289.854644775391 289.400451660156 288.126251220703 287.028747558594 286.374237060547 285.757354736328 284.879852294922 284.116790771484 283.392150878906 282.742492675781 281.827697753906 280.8857421875 279.918365478516 279.242797851562 277.036224365234 275.422119140625 273.665466308594 272.238677978516 271.211608886719 269.955108642578 266.101165771484 261.825378417969
311.616180419922 310.934600830078 310.168823242188 309.396331787109 309.026031494141 309.210876464844 308.830657958984 307.492645263672 307.178558349609 306.447143554688 305.656860351562 305.2412109375 304.564025878906 304.564392089844 304.197052001953 302.949981689453 301.513397216797 300.548889160156 299.513671875 298.454315185547 297.784240722656 296.941650390625 296.624694824219 295.739288330078 294.347015380859 293.711120605469 292.656219482422 291.734558105469 291.562316894531 290.207763671875 289.159088134766 288.220520019531 287.738830566406 286.936462402344 285.928833007812 285.182495117188 284.597686767578 283.780395507812 283.053588867188 281.977325439453 280.943176269531 279.085266113281 277.74658203125 276.210968017578 271.447204589844 267.723907470703 271.566467285156 267.805236816406 263.892181396484
314.518737792969 313.375244140625 312.646209716797 312.052917480469 311.311798095703 310.803863525391 310.276885986328 309.290954589844 308.624084472656 308.347808837891 307.948455810547 307.621856689453 306.759918212891 306.5 306.263275146484 305.328552246094 304.204223632812 303.105743408203 302.26025390625 300.997650146484 300.352416992188 299.479522705078 298.843475341797 297.524688720703 296.226348876953 295.769104003906 295.088195800781 294.2490234375 293.681213378906 292.366577148438 291.347137451172 290.248321533203 289.626678466797 288.877380371094 288.017517089844 287.300964355469 286.212646484375 285.266052246094 284.846008300781 283.967468261719 282.703674316406 280.528900146484 279.521789550781 278.450317382812 274.50927734375 270.664733886719 272.282073974609 268.637542724609 264.274536132812
316.710388183594 315.745391845703 315.294525146484 314.719177246094 314.102416992188 313.428192138672 312.860107421875 311.56494140625 310.859680175781 310.476196289062 310.277130126953 309.545715332031 308.780059814453 308.797637939453 308.558441162109 307.556274414062 306.628082275391 306.040954589844 304.512908935547 303.068481445312 302.530822753906 301.642242431641 300.921905517578 299.730926513672 298.878723144531 298.258972167969 297.343780517578 296.627319335938 295.706024169922 294.267791748047 293.475036621094 292.425994873047 291.503509521484 290.78857421875 290.015289306641 289.232086181641 288.138000488281 286.903045654297 286.466278076172 285.808715820312 284.668090820312 282.126190185547 280.911010742188 279.342315673828 278.426544189453 275.163513183594 271.512542724609 269.699371337891 263.894714355469
318.766204833984 318.373504638672 318.147094726562 317.626312255859 316.856018066406 316.444976806641 316.147613525391 313.870300292969 313.268798828125 313.011383056641 312.326385498047 311.621002197266 310.662109375 310.644775390625 310.589050292969 309.899200439453 309.018951416016 308.715393066406 306.966278076172 305.231384277344 304.129943847656 303.480407714844 303.245422363281 302.030975341797 301.114044189453 300.539764404297 299.228332519531 298.684326171875 297.85009765625 295.81884765625 295.350677490234 294.520660400391 293.479339599609 292.626007080078 291.739501953125 290.947540283203 289.966552734375 288.868804931641 288.1552734375 287.257232666016 286.286987304688 283.811065673828 281.850952148438 279.253875732422 278.505767822266 276.279754638672 273.13427734375 271.036163330078 265.232360839844
321.045989990234 320.966979980469 320.589813232422 320.088989257812 319.070220947266 318.515563964844 318.612731933594 316.382385253906 315.814880371094 315.626007080078 314.689117431641 313.976135253906 312.626373291016 312.545440673828 312.559143066406 311.8681640625 311.161407470703 310.573394775391 309.216644287109 307.839965820312 306.612487792969 305.875732421875 305.472839355469 304.106231689453 302.976745605469 302.503601074219 301.361297607422 300.426055908203 299.388061523438 297.6015625 297.416870117188 296.656188964844 295.595153808594 294.739715576172 293.654632568359 292.499938964844 291.607421875 290.760864257812 290.029724121094 288.913024902344 287.904052734375 284.064086914062 281.460235595703 278.64013671875 278.318603515625 277.238952636719 274.246673583984 271.061340332031 263.809936523438
