rcp8.5models/CNRM-CM5/sc1gr7.40
NCOLS 261 
NROWS 433 
XLLCORNER 336357.134 
YLLCORNER 654653.479 
CELLSIZE 1000 
NODATA_value -9999 
[rows 132 to 153 of 433, columns 50 to 99 of 261]
87.8567895558012 87.6707989217019 87.27177766893 86.8578897583946 86.5771224748956 85.9541834817608 85.3998319999605 84.9619297370421 84.8210251951035 84.5514271465465 83.9989255427387 83.7529965209233 83.6878290672034 82.9969468575021 82.7176772260938 82.4007469740593 82.3077855686593 81.7418118989809 81.262918425214 80.9757667616316 80.7501592948549 80.3116336081758 79.9269235575197 79.5427575141361 79.1977677581925 78.8592761756169 78.7301035830563 78.4394804418035 77.8075243343044 77.6190832940324 77.211474301043 76.9482005120487 76.4832285255446 76.2350051670799 75.856765940455 75.4784144875684 75.0678988746017 74.91869784156 74.5032917216827 74.0892187533635 73.2453917869351 72.9575330635982 72.5195260706661 72.1937577258913 71.8882400533442 71.6329989498041 71.1246646960472 70.7104063173856 70.4826712662251 70.1010794887669
87.7541238562706 87.7832344139912 87.0054213942007 86.8550810927794 86.5715769307641 86.1008589052559 85.4939576431538 85.0184815229955 84.6874723105828 84.5530631487939 84.0337696203652 83.6170712958309 83.2484819926199 83.2340264609045 82.8012963026474 82.2985967534372 82.1014937024537 81.6419137726682 81.2546954784936 80.8828296464761 80.6124260903632 80.2300212335838 79.9272480069087 79.5003603846002 79.1445946412654 78.750919064927 78.6746592552282 78.3823674799382 77.8150175800393 77.5420653049828 77.1661314345263 76.8050489860099 76.3883170039829 76.157700565169 75.6238771967046 75.3454930826031 75.0433767461748 74.7789613160922 74.4295578945119 74.0285782510441 73.3035247961537 72.8145137628326 72.4401714933334 72.1354002963697 71.759868068243 71.4943792550662 71.0489685618931 70.616407300419 70.4260238873065 70.0182595091073
87.6314054162045 87.555043264131 86.9483648294729 86.8410361419239 86.5212654151921 86.1539578807799 85.4306055065338 84.9687757230998 84.69230058002 84.4276900057305 84.0178053375285 83.6793631535332 83.0806161974533 83.2191449250787 82.8322523113051 82.4228725735829 81.9136556271848 81.5426625951966 81.2650038995164 80.8769981332952 80.488358922058 80.2263557929003 79.9485947913549 79.4783878415373 79.1865365139711 78.7139060688159 78.571939475178 78.2416842465192 77.7923733477639 77.4893102552611 77.063407748067 76.7904308736685 76.3891310661213 76.1078196416474 75.7061687969539 75.3252451664475 74.8686756933444 74.6442383065224 74.2831052221616 73.8760493159212 73.2183003534766 72.7390472300342 72.4848311424612 72.1450048206018 71.6825313861357 71.3633712900012 71.0131691474012 70.5658494139501 70.3765116558219 69.9690513694758
87.7715254521647 87.5362761354914 87.1790136684875 86.7855064634068 86.6015171752177 86.0449149182371 85.3855801270968 84.9504412078283 84.8010909655233 84.3843752241303 84.1793204005616 83.6717512686462 83.2828692652033 83.0771466003384 82.9092104926927 82.5207635785949 81.9909426773459 81.492900375471 81.2460467361279 80.9737676582704 80.4583955842549 80.1240915946607 79.8370635305451 79.439442668884 79.08585104996 78.6415517736644 78.4701850734521 78.1353245349623 77.7030419654586 77.4753650249728 77.1173018631348 76.7329272503825 76.2812750608332 76.0446298291577 75.6625068142692 75.3414697855082 74.7824758140917 74.5880902642651 74.2087796745863 73.8424484924502 73.1225821152738 72.8315802926154 72.4822592625818 72.0607222473346 71.5798641918994 71.2655233371056 70.9435390264718 70.5417902285181 70.2444156127964 69.8367862451697
87.7969635189329 87.4250558170772 87.1209846420632 86.7214342633171 86.5602424458393 86.0795121893737 85.4705576111965 84.8747089191113 84.7167739423811 84.349191028054 84.0292025512137 83.6266292382642 83.3386521261481 82.955858746873 82.7877310265338 82.5633120955426 82.0515314047483 81.5656945904992 81.1403451705681 80.888474257331 80.4751852533326 80.0491800842829 79.7834160292071 79.3938130514229 79.1488289029152 78.7587011187118 78.4772919229469 78.1201810438777 77.6737216634143 77.4234745741648 77.0396717676138 76.6904844621015 76.2723129430187 76.0120317962727 75.5188344435984 75.1750324931534 74.7713712989859 74.4492974564114 74.1062701325653 73.7669147631542 73.1350000175124 72.7862740021977 72.4607767368636 72.0268163646279 71.5578851645411 71.2441125753677 70.7938657164795 70.5182599102909 70.2778083785713 69.9247042502255
87.6975410491464 87.3463862889092 86.9956017031613 86.8003832553788 86.4620478565894 86.0557364135967 85.3981681173449 84.9833145948342 84.5178871385737 84.1514680781061 83.8593609638706 83.5331173212424 83.1561526614724 82.962284532116 82.636593663294 82.6468869947759 81.9237968315147 81.5088214006295 81.094356254981 80.7142784421083 80.4661067244227 80.1164778454891 79.7563674948553 79.3533600005206 79.1607181277277 78.7388049491355 78.4524330830827 78.1925718398953 77.5431053527642 77.3621891120537 76.9273902098424 76.685613657793 76.2283303821958 75.9111575405916 75.5789301318048 75.1319440757509 74.6452683302092 74.2943920385443 73.9785168558773 73.6413097543701 73.0907053267827 72.7104543471929 72.3787375201208 71.8889981232677 71.5013977960904 71.2137213364036 70.808310036745 70.5438458829903 70.2906292613864 69.9851977630731
87.7749003943889 87.60642723947 86.9410623581004 86.6772396720161 86.4643521993835 85.9561135184336 85.6002713553747 85.0410106800697 84.7977803319132 84.1307096209086 83.8437427201042 83.5679504063121 83.376637088467 82.8838407136393 82.7141049215093 82.3335167357971 81.9053287011081 81.3120561050932 80.8375982723203 80.6835213523371 80.2415231199434 80.0547946006931 79.8700949821006 79.2807386307832 78.9939747627851 78.6651229654548 78.410114292897 78.1906435900326 77.5827712717634 77.2502159948535 76.7787615600336 76.4224320066754 76.0179559689733 75.7689439970657 75.6283438705098 75.1622433979058 74.6833598259221 74.289350781163 73.891557413263 73.6634129288258 72.8907664686708 72.4824655806781 72.1596309803176 71.7745170974823 71.521594397378 71.0771624360463 70.8072295416459 70.4704524767962 70.1524287344449 69.8246019016669
87.9865214193084 87.5125590189008 86.8653358867476 86.6361106550912 86.4307881045265 86.0454568654371 85.3782706555607 84.9428109846694 84.670909370786 84.1294055420156 83.8767662130235 83.5819114268455 83.3287600376112 82.996398145496 82.771617816944 82.4288533494801 81.9570588814964 81.5396753446855 80.9478761963075 80.6017398080442 80.1668193765871 80.0238997914396 79.6928644847385 79.3764828742806 79.0316638693848 78.6604425149851 78.4086684559 77.9334314216482 77.4103308531677 77.0336746604308 76.6405630770822 76.3886842345628 76.0063989541176 75.8310132712698 75.6466535159658 75.1275592369308 74.647500097259 74.2286162030741 73.7943597157998 73.5686125831369 72.9672592126111 72.3596179833249 72.1104301989809 71.7205515718642 71.4727367630077 71.141385900558 70.7996414200079 70.4813837359158 70.1745493658143 69.792228559132
87.9076505092023 -9999 87.2967100992107 86.8339343280737 86.5782132730985 85.923177222026 85.2864724691923 84.9213327997475 84.7581976918405 84.301335094535 83.9633960713269 83.6286066056903 83.5633357214126 83.1741222450053 82.8145831738777 82.5338379481664 81.940552158036 81.50503462062 80.994118106979 80.6565384144395 80.266270375992 80.0570936082049 79.7532656856564 79.3629145656312 79.09497924194 78.6427857433716 78.3429716171971 77.8040851003868 77.3260308418923 76.9059250822547 76.6072141803175 76.4717742604726 76.0135382254752 -9999 75.4412483234552 75.1387168550138 74.8063841519061 74.3539066125942 74.0116063698357 73.6495650791809 72.9363217582187 72.4395486342976 72.137287785199 71.7154539909976 71.414960714017 71.1277221785095 70.8019083996159 70.4312285741622 70.1278950813903 69.7720491220971
87.991598923434 -9999 87.5002397413394 87.065963073444 86.719360162083 85.9449851796736 85.3672574513177 85.0036704271327 84.786658259001 84.5690275387914 84.2206219173301 83.8564466048423 83.6494917872682 83.3588287285748 82.9427432877131 82.4283108494105 81.8641965542345 81.5050765061261 81.0317813822471 80.7980770868888 80.3742255073063 80.1158906295292 79.8817580447651 79.3796645657842 79.1493312956994 78.6180187860369 78.2025210197277 77.9030225481755 77.2915922435048 76.8503188655837 76.5626645623403 76.4630003915046 76.003618467606 75.7549596532172 75.5523208872624 75.2191961727597 74.8002434823569 74.4042031869889 74.1080755405023 73.6970613302361 72.8539751611018 72.5125217184732 72.143141618577 71.8285731087727 71.4765914109174 71.1750335644271 70.7498686336125 70.3955291152914 70.1350734558169 69.7155771990528
88.0579977749489 87.8717168622558 87.4890805067225 87.0773075021817 86.767825597172 86.269363113539 85.4340697591362 85.0774673123141 84.957368063354 84.6404440985371 84.2637094650145 83.9368856832038 83.6931607972283 83.3895781535339 82.8998614905303 82.4014412644798 82.0812281853295 81.564889688759 81.2015739934082 80.9138856313969 80.5037530203815 80.251435050708 79.8649647008943 79.3688492625862 79.0625838873642 78.6281928318199 78.3409876220142 77.9792929069063 77.234517710883 76.9387576757863 76.6489903779515 76.4581247198079 76.0114054564957 75.7638326993083 75.5599253614659 75.1957567211064 74.7159735158367 74.3900160571956 74.0448801865944 73.6407331288429 72.867179023121 72.4746943088246 72.1308144485617 71.9203682245919 71.5099272935245 71.2117228682752 70.8305317761267 70.4775330214484 70.1316074864957 69.7744011957052
87.9256951517086 87.6541900506016 87.4233490874378 87.0135637359491 86.6686431978867 86.3877051007095 85.6559688272878 85.2641907689253 85.0348258056461 84.6740630826893 84.3881943008404 83.9448349184389 83.5947082345321 83.3731860338422 82.8865771610975 82.4367638566654 82.1831984755871 81.5621951481314 81.1733638876343 80.9866169087923 80.6824396125401 80.2727467818528 79.872440852843 79.3117961117118 79.0197421049899 78.7348796474379 78.4036346631283 78.1024947409751 77.3431873223209 77.052169359911 76.7202023221609 76.4473216853663 76.0089431310103 75.7805946643053 75.4956044012165 75.1487285561819 74.6583842852635 74.3194791289337 74.0188167045671 73.5982797848581 72.8591052415651 72.5763351979275 72.1833201745618 71.933433720917 71.4586266289352 71.184930549124 70.8059092847867 70.4725011708213 70.1369414644262 69.8250969326187
87.7895079084016 87.4974159997207 87.1541019877085 86.8877839441279 86.6420472930894 86.2855129095866 85.8160490423839 85.3741403111733 85.0628517942134 84.7670009101434 84.4827731354928 83.9488627006282 83.5723338865345 83.3192927294921 82.8467594614184 82.5855119994707 82.1154534950827 81.6587683299425 81.1814379154128 80.9606587091055 80.5381253351836 80.2193989533907 79.9279147276421 79.4381514854601 79.0960748600123 78.7993060952952 78.3619680955497 78.1794316990506 77.4418522752164 77.1530344619964 76.6954574264831 76.5362364699259 76.0847705438486 75.7792897420464 75.4953291944334 75.1543045462096 74.5837112681532 74.2026279367868 73.9403704836213 73.5494795931907 72.8452170294484 -9999 72.1908921735977 71.8726209241167 71.4939222595669 71.193037474726 70.823415152391 70.5581339947058 70.2303368569624 69.8080890575865
87.5708669497556 87.3984002386587 86.959544091784 86.8141443701898 86.5716469578138 86.0992735841615 85.6331088582603 85.3824221464546 84.9493955985413 84.7823688835536 84.3554329041667 83.9934990202847 83.5837334525008 83.2230087273136 82.8346603262427 82.533017603901 82.1596627040862 81.7508260954065 81.2983492421276 80.8485716991154 80.557058565896 80.194291260261 80.0102978224813 79.5424932672746 79.1874567212226 78.8518938077159 78.4799916434501 78.2158401066801 77.4945214891445 77.1708034159379 76.7997515850111 76.6008347433759 76.0839584968193 75.7504196750103 75.5759291935953 75.1426972878753 74.68571267498 74.2469436754651 73.9722208453269 73.6018610063525 72.8539637777236 72.5661936401985 72.2023510160292 71.8968442820367 71.4831801202533 71.2024678191657 70.8994582649349 70.6186482440742 70.2285637145494 69.7823556441152
87.7164221782852 87.3726710676682 87.0645491937099 86.6428545299705 86.320402315034 85.9814021895029 85.5347108747827 85.1802324426412 84.8852364894966 84.6884507973781 84.2404961759466 83.9662988631501 83.5479571111078 83.3142347891846 82.8860193860535 82.5246764724074 82.2619494626076 81.6958700295506 81.193044856678 80.8405981058359 80.7200120830204 80.2830721384752 79.9242323501789 79.5443762945975 79.2585071365985 -9999 78.5474275294129 78.188835015193 77.5381545328741 77.2487883104198 76.8674770035585 76.4891433741501 76.0188431196048 75.6719377551499 75.4357769347527 75.0628425253145 74.7186271903726 74.2980233215882 73.9430004949421 73.5826993400765 72.8079032012371 72.5611464576475 72.172815799595 71.9260726299407 71.5133781880237 71.2485044386535 70.9386070728686 70.5389701376387 70.1636820175357 69.8103445093501
87.6270555870173 87.2202717856476 86.9073204515203 86.7220328230902 86.1202138151427 85.907641236331 85.1721843712349 85.0041748323156 84.7149901944116 84.53091298217 84.0803672550694 83.9494087305001 83.6053920122236 83.4434732180705 82.9959980469326 82.7105352811921 82.4189346873637 81.6663869595824 81.1720572587482 81.0150707140482 80.8304357623009 80.3199167467972 79.9885064235286 79.7148358053213 79.3214807992059 78.9618034924136 78.630409020686 78.3072940515769 77.5592586323398 77.2096331155795 76.7459499135021 76.3766940946828 76.0318250968632 75.6954742167208 75.2764808303179 75.0458137968547 74.7029615748512 74.2623686649709 73.9598896678125 73.5717460181271 72.9065508455219 72.5996811360586 72.1941753249469 71.8602801792516 71.4847961192539 71.2550259191926 70.8970082988023 70.4882820193994 70.1569803295033 69.8461320805603
87.5067173409193 87.1291727524892 86.8692703880005 86.6863415778733 86.1887001230897 85.8009185997933 85.1206827393805 84.8597778952662 84.7384923430644 84.4416764658439 84.0594284412932 84.0382160921635 83.7569905225972 83.4387138570192 83.0237265107575 82.8155831396314 82.5083747120312 81.7229019895777 81.3283080099171 81.0370083605575 80.822218406255 80.3950595349039 80.0809815467051 79.8670898676316 79.3951847697538 79.0952009280121 78.6911259060114 78.3530133347013 77.521484176828 77.0990571324107 76.7273468169002 76.4718597232936 76.0687936228123 75.7628748031968 75.3207466540639 75.0273415333964 74.7324425986032 74.327071186933 74.0990807471189 73.6080399458967 72.9763081605143 72.601638178744 72.2099234178998 71.8146469954531 71.32645932475 71.1080292145574 70.8639529078759 70.490457609223 70.1571449210469 69.7827887587923
87.3073276178371 87.022133004091 86.8570115131209 86.43882131541 86.2332760675291 85.8383026413541 85.0481478164159 84.686671886422 84.4738094170286 84.17944211448 84.0614197849507 83.9983079675618 83.7070940390038 83.3415475567647 83.0427717790992 82.8242041106704 82.4347093212193 81.8019119879935 81.5015359790168 81.0630847909881 80.7357089364378 80.3763145001648 80.0299506248292 79.9511664879886 79.5631948228514 79.1405122812935 78.6686672797244 78.32616474784 77.4603096576394 77.1640888607115 76.7828270746764 76.5075319948288 76.1072990957668 75.7949730481497 75.347528859609 75.1087867395155 74.8402197546371 74.4016096672182 74.1402734988962 73.6807928192314 72.9887762771687 72.5909540096537 72.1853671006719 71.7170930201294 71.3179169447567 71.1355321259145 70.8518621689059 70.444994685215 70.1199176709683 69.7387278968435
87.1239731412959 86.9507225533011 86.891115866969 86.349445308 86.0107187016486 85.720082671286 84.9217811644117 84.3111603382964 84.4184959165549 84.2935894464164 84.1396125781055 83.9349442746402 83.7232864278543 83.3389900030411 83.1287186789307 82.6836460797475 82.3953614216156 81.8423899437865 81.4006801469432 81.3208769045729 80.8925875643489 80.3796369693069 80.1266385571699 79.7892889185141 79.4547772075797 79.0603032626517 78.7320794160364 78.4079044550516 77.7028222687745 77.4712732001063 76.9582354717527 76.5427819262382 76.1638081358516 75.9015556943478 75.5030784860315 75.188749875655 74.7162157940837 74.3882307192477 74.0938814027251 73.8219797734588 73.0337533053113 72.5903159481216 72.4236126114612 71.9473116375532 71.5571085540201 71.1601662474 70.8841073032781 70.4016841903277 70.1398410002179 69.9576474082051
87.2722955450003 87.1277009239216 86.7631156542587 86.2276448512713 86.0309215524601 85.729942286797 85.0188638385271 84.3823835276111 84.4917310238318 84.2771599796594 84.1648408676314 83.9587927371252 83.6875494315134 83.3187323101973 83.0134410954183 82.7034113368802 82.3389803943198 81.7877496552255 81.381992572174 81.2478398436449 80.825249750363 80.3398459885579 80.1822718705128 79.7006789280034 -9999 -9999 78.8316205012016 78.4589627096499 77.7455693634175 77.5356637640947 77.0541525380386 76.6261449015489 76.2310639666674 75.8871198596975 75.4876311804567 75.1672120121019 74.6262028261002 74.3563532631239 74.161402236267 73.7956747964155 73.0078512261957 72.6615218197329 72.3988477998165 71.9379209275733 71.596554625087 71.2584960857156 70.9201636063433 70.4676601189259 70.2295442895383 69.8971837185626
87.0981333514013 86.9227009354524 86.6958412121635 86.1865845105341 85.907297119038 85.53245254689 84.9711462745052 84.500525800773 84.4957662128408 84.2899098038701 84.2552248566157 83.982757739494 83.4946936630747 83.3472262065051 82.9636733299629 82.7664150431349 82.3904770022462 81.7184921441397 81.3635124124969 81.2130193680295 80.860553929698 80.5289565529556 80.2970783815073 79.7120122785384 79.4539870868699 -9999 -9999 78.4881180238873 77.7479656544857 77.5888181756813 77.0973602845269 76.6271635158304 76.1878224461191 75.8567362313 75.5235934500808 75.2182837858003 74.7844002353625 74.4458047171511 74.2053876062014 73.7723081658435 72.9910416147967 72.7171413839008 72.4520020418004 71.9876539182039 71.7100401634478 71.3331936063178 70.9787505395491 70.5677299090706 70.3152771740312 69.9275536908035
86.8954111061749 86.6893043043516 86.5015004637887 86.1471698198929 85.8318024834252 85.4466462744692 84.9634534348468 84.4570828186737 84.3102234093721 84.2580883004316 84.163021322205 83.8893067034459 83.3705727044052 83.2562869794054 82.9102881558358 82.6511992947371 82.4782080874901 81.7725445276942 81.4231627011023 81.1633488910595 80.9307927069547 80.6680085497572 80.3912556732309 79.8473228220904 79.558867933914 79.3064959009353 78.8592008756339 78.6328169314162 77.7755024471254 77.5420188716167 77.0560929202107 76.7182690585716 76.2763686923113 75.964392105908 75.6137647554771 75.32281973357 74.8472793374881 74.5124173343023 74.2217220427115 73.762095040933 72.9868240803875 72.7637841982203 72.4994434411606 72.0344571868291 71.7671149088857 71.3154530103005 71.0071296063552 70.6613499664193 70.4115426601187 70.0311211513649
