rcp8.5models/CNRM-CM5/sc1gr10.22
NCOLS 261 
NROWS 433 
XLLCORNER 336357.134 
YLLCORNER 654653.479 
CELLSIZE 1000 
NODATA_value -3.4e+38 
[rows 264 to 285 of 433, columns 147 to 195 of 261]
1089.79443359375 1038.92590332031 1065.21655273438 1110.85437011719 1127.45153808594 1095.32043457031 1056.27429199219 1050.6123046875 1052.99816894531 1050.52124023438 1050.35290527344 1054.74438476562 1057.72326660156 1060.90893554688 1065.25915527344 1071.52392578125 1076.46740722656 1079.45776367188 1084.67797851562 1089.85949707031 1093.41455078125 1093.23657226562 1102.59619140625 -3.4e+38 -3.4e+38 -3.4e+38 1114.20239257812 1118.81311035156 1122.23901367188 1126.89599609375 1131.77282714844 1135.00402832031 1134.97448730469 1136.45275878906 1139.69116210938 1140.68029785156 1139.27697753906 1138.80712890625 1149.400390625 1160.31176757812 1148.61657714844 1149.67041015625 1150.17956542969 1150.98913574219 1150.51538085938 1156.24499511719 1162.80187988281 1167.36254882812 1171.84411621094
1051.87133789062 1042.40551757812 1104.35388183594 1185.51623535156 1188.68627929688 1129.34875488281 1078.9326171875 1056.75427246094 1052.91796875 1053.05358886719 1051.40637207031 1053.38061523438 1056.11645507812 1058.89294433594 1063.525390625 1069.93347167969 1073.73327636719 1075.65979003906 1081.97778320312 1088.05200195312 1089.8466796875 1091.63049316406 1098.19616699219 1100.59619140625 -3.4e+38 1106.20751953125 1109.775390625 1114.31579589844 1118.90417480469 1123.99670410156 1128.17077636719 1129.66149902344 1131.01098632812 1133.19592285156 1134.82934570312 1134.96142578125 1134.46728515625 1140.33569335938 1166.08044433594 1178.52099609375 1152.7197265625 1144.56762695312 1144.416015625 1144.77868652344 1145.76208496094 1149.52795410156 1155.8212890625 1161.58874511719 1166.05407714844
1048.63732910156 1117.37292480469 1203.25866699219 1233.67565917969 1231.73120117188 1192.61193847656 1131.52844238281 1069.19799804688 1050.14245605469 1049.33642578125 1051.99536132812 1048.14929199219 1050.19580078125 1053.77697753906 1059.0126953125 1063.14196777344 1065.57604980469 1070.00256347656 1073.376953125 1076.87561035156 1081.26342773438 1085.72302246094 1092.54516601562 1095.34399414062 -3.4e+38 1098.77624511719 1104.87243652344 1108.47302246094 1112.74975585938 1114.89318847656 1117.26525878906 1120.77172851562 1122.93225097656 1121.48840332031 1121.68212890625 1123.76147460938 1126.73913574219 1127.15100097656 1140.68688964844 1174.24365234375 1171.10021972656 1144.04431152344 1138.39367675781 1142.3408203125 1139.69482421875 1139.80822753906 1145.40246582031 1150.22729492188 1151.33996582031
1075.75610351562 1119.22937011719 1212.44189453125 1232.98303222656 1231.42224121094 1224.517578125 1181.98803710938 1102.67102050781 1064.93798828125 1051.90197753906 1051.50451660156 1046.08276367188 1048.40991210938 1052.10632324219 1056.275390625 1059.88159179688 1063.60717773438 1067.74096679688 1070.24133300781 1075.02124023438 1078.72668457031 1083.18371582031 1089.71130371094 1092.18334960938 1091.91394042969 -3.4e+38 1100.40002441406 1103.24633789062 1106.77062988281 1109.19775390625 1112.75463867188 1115.24914550781 1117.14038085938 1117.77392578125 1118.40405273438 1119.64465332031 1123.1181640625 1122.92944335938 1135.029296875 1169.68676757812 1175.47863769531 1147.42236328125 1134.45629882812 1137.47448730469 1135.130859375 1135.98681640625 1142.46655273438 1150.10070800781 1147.67236328125
1147.90747070312 1168.91491699219 1209.75415039062 1162.15014648438 1100.75354003906 1228.68640136719 1212.64135742188 1163.16137695312 1106.96813964844 1064.77038574219 1050.07019042969 1044.50317382812 1046.33264160156 -3.4e+38 1053.15112304688 1057.28381347656 1065.10754394531 1072.49072265625 1068.77319335938 1073.04736328125 1077.70886230469 1082.48217773438 1086.72131347656 1089.1884765625 1088.82299804688 -3.4e+38 1094.47875976562 1097.26342773438 1101.31604003906 1103.56945800781 1107.11767578125 1110.052734375 1111.79138183594 1113.23156738281 1113.92309570312 1115.22229003906 1118.21057128906 1117.43896484375 1124.3974609375 1143.02673339844 1148.53833007812 1136.64636230469 1128.96496582031 1127.89111328125 1128.94604492188 1132.38708496094 1137.99389648438 1143.83898925781 1141.88623046875
1141.3818359375 1036.00158691406 1094.76892089844 1160.79284667969 1034.77294921875 1081.55517578125 1147.533203125 1073.03356933594 1152.32922363281 1075.306640625 1049.86499023438 1043.4716796875 1043.74279785156 1046.14367675781 1050.38293457031 1056.83874511719 1067.18933105469 1071.93762207031 1066.23266601562 1070.25500488281 1076.810546875 1080.06982421875 1083.25341796875 1085.64660644531 1084.67626953125 1085.62719726562 1090.15979003906 1095.34411621094 1100.87316894531 1099.33215332031 1101.18627929688 1105.28698730469 1107.01733398438 1107.37060546875 1109.86376953125 1111.32543945312 1113.65893554688 1114.07788085938 1115.30944824219 1118.52185058594 1122.72204589844 1124.77429199219 1124.14758300781 1124.00561523438 1125.53466796875 1127.29064941406 1132.40844726562 1134.57995605469 1135.2861328125
1093.19641113281 870.523498535156 913.911682128906 1004.26025390625 998.0029296875 1051.31201171875 1109.47778320312 1068.4404296875 1172.20825195312 1094.51403808594 1052.23754882812 1041.45825195312 1042.90881347656 1044.4716796875 1048.18273925781 1054.08544921875 1061.55590820312 1064.79382324219 1064.14733886719 1068.0634765625 1073.01989746094 1075.10083007812 1078.20153808594 1080.55200195312 1081.34875488281 1082.28283691406 1085.99865722656 1091.97937011719 1097.47326660156 1096.9814453125 1096.74182128906 1100.63537597656 1101.98352050781 1104.26623535156 1106.43054199219 1107.6318359375 1109.00659179688 1110.46008300781 1110.14758300781 1110.560546875 1117.31274414062 1121.84558105469 1122.17687988281 1121.40881347656 1120.82360839844 1123.29992675781 1128.67944335938 1129.77038574219 1128.20141601562
1141.05078125 1042.56860351562 1028.59704589844 1005.90008544922 1049.59680175781 1126.70007324219 1109.61474609375 1124.6806640625 1125.34619140625 1085.13732910156 1045.37670898438 1039.54797363281 1041.25549316406 1042.80053710938 -3.4e+38 1049.17626953125 1055.869140625 1063.72802734375 1061.67028808594 1064.72412109375 1067.57421875 1069.22961425781 1072.66931152344 1074.44055175781 1077.72192382812 1078.62036132812 1081.171875 1084.15063476562 1087.51281738281 1091.90734863281 1093.32763671875 1095.93249511719 1096.8779296875 1100.61535644531 1102.51647949219 1102.5458984375 1102.65539550781 1103.7021484375 1104.39636230469 1106.5556640625 1112.60607910156 1117.43835449219 1116.51220703125 1115.68640136719 1115.50732421875 1120.20300292969 1123.18884277344 1123.32360839844 1121.349609375
1187.66088867188 1192.17016601562 1176.6357421875 1156.09362792969 1140.73059082031 1097.95751953125 1074.89086914062 1073.41455078125 1063.57629394531 1047.5126953125 1035.19567871094 1037.94482421875 1038.33654785156 1040.19641113281 1042.71875 1045.71118164062 1052.58068847656 1060.9892578125 1057.44665527344 1059.75231933594 1061.72827148438 1062.65246582031 1066.45300292969 1068.77001953125 1072.64538574219 1074.46789550781 1076.49914550781 1077.58703613281 1079.92443847656 1083.66101074219 1086.67041015625 1089.31750488281 1090.3916015625 1094.86254882812 1098.29040527344 1097.33044433594 1097.33581542969 1097.69323730469 1098.61169433594 1102.18395996094 1106.45471191406 1111.19580078125 1111.46850585938 1111.17297363281 1112.61901855469 1116.0458984375 1116.12731933594 1115.41296386719 1117.78820800781
1113.01037597656 1037.83959960938 1139.62707519531 1113.53918457031 1105.11022949219 1083.83569335938 1066.05603027344 1061.82202148438 1040.77368164062 1030.060546875 1029.26440429688 1033.001953125 1035.0439453125 1037.73327636719 1040.08117675781 1043.3798828125 1047.93005371094 -3.4e+38 -3.4e+38 -3.4e+38 -3.4e+38 1057.1708984375 1061.53735351562 1065.01611328125 1068.48986816406 1071.19946289062 1072.62377929688 1074.74768066406 1076.41369628906 1077.78955078125 1078.71606445312 1081.26293945312 1083.2705078125 1089.79833984375 1093.58532714844 1093.90576171875 1094.77038574219 1094.99987792969 1094.15954589844 1096.29638671875 1101.06726074219 1107.85437011719 1116.361328125 1118.53125 1112.4990234375 1112.08435058594 1110.92309570312 1109.45715332031 1114.66625976562
1097.67272949219 1013.98602294922 1101.62475585938 1086.27673339844 1087.02819824219 1090.01049804688 1085.63232421875 1064.53540039062 1028.25207519531 1022.37548828125 1023.13391113281 1027.70080566406 1031.44384765625 1034.97119140625 1038.10791015625 1041.1708984375 1044.39123535156 1047.92492675781 1050.041015625 1050.41674804688 1052.84936523438 1054.90930175781 1058.60559082031 1061.31262207031 1064.61669921875 1068.185546875 1069.41979980469 1071.9619140625 1073.76501464844 1074.62426757812 1074.26623535156 1074.74353027344 1077.23571777344 1085.66259765625 1089.80126953125 1090.0966796875 1090.60986328125 1090.42712402344 1089.40234375 1090.22998046875 1095.70190429688 1102.32421875 1115.13439941406 1116.90051269531 1109.45935058594 1106.25610351562 1104.49206542969 1106.51550292969 1111.51086425781
1023.53839111328 1066.34790039062 982.852722167969 1086.05651855469 1078.65051269531 1098.87548828125 1111.18432617188 1068.01574707031 1023.72979736328 1018.93444824219 1020.60430908203 1025.91723632812 1030.35241699219 1032.93200683594 1035.14916992188 1037.7900390625 1041.11071777344 1045.22265625 1048.39782714844 1049.62524414062 1051.640625 1053.83605957031 1055.31591796875 1056.82214355469 1059.85278320312 1064.14709472656 1065.40576171875 1066.26623535156 1068.65270996094 1070.45190429688 1071.66259765625 1070.63171386719 1071.55456542969 1079.67309570312 1084.443359375 1084.31774902344 1083.63732910156 1083.65026855469 1084.02514648438 1084.97900390625 1088.37707519531 1094.31396484375 1104.36669921875 1104.830078125 1100.79760742188 1097.56091308594 1098.21057128906 1102.53466796875 1104.66833496094
856.444763183594 965.074890136719 1019.66705322266 1100.81237792969 1089.90478515625 1116.70642089844 1125.41845703125 1078.5498046875 1033.33532714844 1020.86248779297 1024.23754882812 1030.53649902344 1038.64245605469 1031.48461914062 1032.79296875 1035.19689941406 1037.66687011719 1040.9638671875 1044.45227050781 1046.26892089844 1048.283203125 1050.59875488281 1052.15649414062 1052.85522460938 1054.96557617188 1058.59765625 1060.89477539062 1061.5908203125 1063.58581542969 1065.90063476562 1068.41748046875 1066.81311035156 1065.91723632812 1072.92395019531 1078.67932128906 1082.69714355469 1078.37451171875 1076.99987792969 1079.65905761719 1081.23742675781 1081.60888671875 1085.50512695312 1093.22229003906 1098.14855957031 1093.03979492188 1091.61669921875 1094.27551269531 1095.00793457031 1095.14318847656
818.651672363281 913.491333007812 1129.24072265625 1104.20153808594 1048.73461914062 947.155212402344 1009.27301025391 1098.84216308594 1059.86877441406 1046.28845214844 1036.35290527344 1031.71252441406 1040.21069335938 1028.93762207031 1030.25634765625 1032.625 1034.06213378906 1035.08972167969 1038.50170898438 -3.4e+38 1042.76293945312 1045.73120117188 1047.6552734375 1048.38317871094 1050.00463867188 1052.91931152344 1056.265625 1057.58288574219 1058.92456054688 1060.26013183594 1061.177734375 1061.43969726562 1061.77307128906 1067.17663574219 1071.53210449219 1075.08325195312 1072.73718261719 1074.06787109375 1075.66149902344 1076.79919433594 1075.74304199219 1077.6953125 1082.919921875 1089.85632324219 1091.01538085938 1087.1669921875 1089.81005859375 1088.46655273438 1086.05798339844
821.9140625 838.086364746094 933.374450683594 870.99609375 766.123657226562 829.906494140625 946.752075195312 1003.40051269531 1063.72583007812 1010.24230957031 1088.28283691406 1034.52978515625 1023.88024902344 1019.9990234375 1020.59765625 1022.92590332031 1025.36511230469 1027.43139648438 1028.44287109375 1029.802734375 1031.06750488281 1033.16845703125 1037.55554199219 1039.48950195312 1040.26037597656 1042.35144042969 1045.07690429688 1047.19567871094 1048.47521972656 1049.71813964844 1050.59802246094 1051.69018554688 1052.06872558594 1054.39343261719 1059.37817382812 1059.22607421875 1060.92980957031 1065.16149902344 1064.41186523438 1063.90661621094 1063.92846679688 1064.9833984375 1067.49169921875 1072.01159667969 1040.521484375 935.772705078125 900.24951171875 1080.51086425781 1075.62255859375
853.772583007812 945.649475097656 913.50830078125 919.638977050781 926.762390136719 934.589599609375 883.779907226562 879.908813476562 1109.51892089844 1104.26843261719 1094.11987304688 1033.8935546875 1015.78063964844 1015.09204101562 1015.17413330078 1017.41864013672 1019.32788085938 1020.56884765625 1022.04693603516 1023.94152832031 -3.4e+38 1027.84741210938 1031.7001953125 1033.62170410156 1035.98205566406 1038.7197265625 1040.92346191406 1042.07458496094 1043.21508789062 1044.79565429688 1046.67358398438 1048.34741210938 1048.88500976562 1048.11657714844 1052.37170410156 1053.15686035156 1053.51623535156 1056.90637207031 1061.08483886719 1060.42260742188 1057.97082519531 1059.23803710938 1062.06274414062 1065.443359375 1035.83532714844 922.335083007812 896.007019042969 1072.63330078125 1069.60852050781
934.185546875 918.345031738281 956.990905761719 1058.40051269531 1012.95947265625 909.406494140625 863.918701171875 807.367919921875 924.859436035156 917.681335449219 978.818664550781 1034.89855957031 1011.11798095703 1010.56311035156 1010.89331054688 1011.93078613281 1012.65252685547 1014.79327392578 1018.28356933594 1019.48620605469 -3.4e+38 1023.40881347656 1027.85266113281 1028.87756347656 1030.80822753906 1033.48974609375 1035.427734375 1036.17504882812 1038.2373046875 1040.43322753906 1042.31213378906 1043.67419433594 1043.55151367188 1041.69152832031 1045.33471679688 1048.07275390625 1048.76843261719 1051.00744628906 1053.77893066406 1053.62145996094 1050.46044921875 1052.17834472656 1056.13439941406 1058.7080078125 1066.37634277344 919.200012207031 890.9384765625 1066.67065429688 1063.46838378906
1035.17724609375 953.818115234375 1035.95910644531 1038.96154785156 1001.55163574219 850.622314453125 800.938415527344 853.782348632812 761.026062011719 759.108337402344 822.279602050781 1033.97705078125 1009.32214355469 1007.15576171875 1006.58776855469 1006.88360595703 1007.42150878906 1009.62231445312 1012.84735107422 1014.47369384766 1016.51519775391 1018.49053955078 1023.01940917969 1023.58776855469 1024.75329589844 1026.55163574219 1029.19812011719 1030.94299316406 1032.95043945312 1034.65368652344 1035.76013183594 1037.12243652344 1036.7568359375 1035.34130859375 1038.17712402344 1041.32897949219 1042.61096191406 1043.50744628906 1042.73852539062 1043.39489746094 1043.23876953125 1045.04321289062 1048.86791992188 1052.45104980469 1060.07592773438 942.851013183594 991.376770019531 1060.83044433594 1057.37414550781
1070.44580078125 1025.65808105469 1013.48016357422 1028.501953125 989.932006835938 902.202575683594 958.843139648438 944.963195800781 753.039855957031 752.389465332031 755.039611816406 1028.46154785156 1006.66986083984 1004.85443115234 1001.93225097656 1002.94122314453 1002.92535400391 1003.43511962891 1005.74267578125 1008.52789306641 1010.75592041016 1012.55535888672 1016.33770751953 1018.31817626953 1022.68969726562 1021.41931152344 1021.87652587891 1025.56359863281 1027.4814453125 1027.09716796875 1028.45166015625 1030.3193359375 1029.99841308594 1029.29479980469 1030.49389648438 1032.71496582031 1034.72814941406 1036.20483398438 1035.45886230469 1036.75463867188 1038.05969238281 1038.50817871094 1041.72595214844 1004.76745605469 962.387145996094 979.785949707031 1065.81469726562 1051.57995605469 1051.78393554688
932.490783691406 1002.27331542969 1003.10992431641 1025.23645019531 938.786987304688 845.337219238281 1045.54565429688 987.938903808594 914.7001953125 858.425048828125 735.5751953125 915.947387695312 1004.86889648438 1004.77545166016 998.806762695312 998.386779785156 997.372375488281 997.880859375 999.990417480469 1003.0927734375 -3.4e+38 -3.4e+38 1010.89758300781 1013.32366943359 1017.76458740234 1016.52294921875 1015.90423583984 1017.88696289062 1020.38293457031 1020.89019775391 1023.33428955078 1023.83209228516 1023.82720947266 1023.86126708984 1024.47119140625 1026.49792480469 1029.8369140625 1029.23193359375 1029.25085449219 1030.52209472656 1032.74731445312 1032.59313964844 1034.2001953125 960.481628417969 826.388916015625 1056.28991699219 1052.02160644531 1048.29931640625 1045.84912109375
935.473205566406 996.935119628906 1001.86053466797 1025.90356445312 997.756164550781 944.515319824219 1023.36682128906 970.233703613281 894.615051269531 902.477416992188 831.140441894531 815.056091308594 1005.85144042969 1003.55926513672 996.099914550781 993.601318359375 991.836853027344 992.326843261719 997.030090332031 1004.52587890625 1004.0693359375 1000.689453125 1004.39117431641 1006.52935791016 1008.65179443359 1010.58587646484 1011.51385498047 -3.4e+38 1012.64379882812 1015.01837158203 1017.15826416016 1017.55755615234 1018.15118408203 1017.79339599609 1018.00811767578 1020.28399658203 1025.37646484375 1022.88824462891 1022.80462646484 1024.22827148438 1026.1572265625 1026.03759765625 1026.77270507812 995.342224121094 916.673828125 1044.66259765625 1056.40563964844 1054.62731933594 1040.7255859375
1013.78173828125 980.527709960938 1000.41973876953 962.9970703125 929.078125 1037.59216308594 1005.79632568359 957.994506835938 836.887817382812 837.725952148438 922.719116210938 917.050109863281 1006.20861816406 1007.0859375 993.206359863281 989.169738769531 987.088989257812 986.811218261719 993.342712402344 1003.89782714844 1002.39392089844 998.747314453125 -3.4e+38 1001.34545898438 1003.20349121094 1005.33984375 1006.15313720703 1005.52917480469 -3.4e+38 1008.57043457031 1010.17993164062 1012.19842529297 1012.21704101562 1012.21868896484 1011.56799316406 1012.3017578125 1016.84106445312 1016.68981933594 1015.60675048828 1018.36822509766 1020.5068359375 1018.79956054688 1020.08764648438 1023.88397216797 1029.54211425781 995.767639160156 910.056518554688 950.521484375 1037.67016601562
