rcp8.5models/CNRM-CM5/sc1gr9.33
NCOLS 261 
NROWS 433 
XLLCORNER 336357.134 
YLLCORNER 654653.479 
CELLSIZE 1000 
NODATA_value -3.4e+38 
[rows 352 to 373 of 433, columns 196 to 244 of 261]
72.0261917114258 72.0196762084961 71.8911209106445 71.8904037475586 71.5056610107422 71.3718490600586 71.7323760986328 71.2506637573242 70.981071472168 70.5385665893555 70.7856674194336 70.6171264648438 70.4962539672852 70.4186325073242 70.6622695922852 70.5106353759766 70.58740234375 70.7022018432617 71.0436706542969 71.1684112548828 71.3909912109375 71.2068328857422 71.4365921020508 71.1140899658203 70.7141571044922 70.8093414306641 71.0269927978516 70.8272552490234 71.1570587158203 71.3676452636719 70.6474761962891 70.6607284545898 70.9120254516602 70.858268737793 70.8989486694336 71.2021636962891 71.3915557861328 71.1403427124023 71.6567001342773 71.6128616333008 71.5112991333008 72.0730972290039 70.4524459838867 -3.4e+38 -3.4e+38 -3.4e+38 -3.4e+38 48.3484153747559 59.1561050415039
71.5635528564453 71.5150756835938 71.2148513793945 71.3406219482422 70.8844680786133 70.9868087768555 71.0991439819336 70.5345153808594 70.5187225341797 70.2520446777344 70.3375015258789 70.4308013916016 70.5084228515625 70.5947875976562 70.598876953125 70.5005569458008 70.7366104125977 70.6231384277344 70.625244140625 70.5722198486328 70.7923965454102 70.5432052612305 70.56494140625 70.4620971679688 69.9199905395508 70.1933898925781 70.1906509399414 70.2726516723633 70.6017608642578 70.8125 70.7888031005859 70.5410461425781 70.7386016845703 70.4707183837891 70.7742309570312 71.0760192871094 71.2649307250977 70.9612503051758 71.2525024414062 71.4931182861328 -3.4e+38 -3.4e+38 -3.4e+38 -3.4e+38 -3.4e+38 -3.4e+38 -3.4e+38 62.4296569824219 70.5734558105469
71.1150512695312 71.0669937133789 70.6892166137695 70.7861328125 70.7105026245117 70.2890625 70.6519546508789 70.2448348999023 70.1871185302734 70.4279022216797 70.3590469360352 70.5991058349609 70.5178985595703 70.7563323974609 70.5378341674805 70.3291244506836 70.1647872924805 70.0453567504883 70.0479125976562 70.0306396484375 70.1861114501953 69.678955078125 69.7818603515625 70.0022048950195 69.8215713500977 70.1001892089844 70.1223373413086 70.165885925293 70.4299163818359 70.4065856933594 70.6737747192383 70.4231491088867 70.619743347168 70.3492202758789 70.6511840820312 70.9514999389648 71.1399154663086 70.8937301635742 71.458251953125 -3.4e+38 -3.4e+38 -3.4e+38 -3.4e+38 -3.4e+38 -3.4e+38 -3.4e+38 -3.4e+38 -3.4e+38 71.8632507324219
71.1476364135742 71.1635513305664 70.7719268798828 70.0472640991211 70.0215454101562 69.8169937133789 70.1750106811523 70.2930145263672 70.3842697143555 70.3987045288086 70.3227996826172 70.5577697753906 70.363166809082 70.206413269043 70.0459747314453 70.0183563232422 69.7043991088867 69.7659225463867 69.8598022460938 69.9476318359375 70.0439605712891 69.3547210693359 69.6286315917969 69.6361770629883 69.7251586914062 69.9936904907227 69.9852981567383 69.9984664916992 69.9769515991211 70.0415420532227 70.5605773925781 70.2237167358398 69.9978103637695 69.7242050170898 70.0241851806641 70.3225936889648 70.5100402832031 70.2504730224609 -3.4e+38 -3.4e+38 -3.4e+38 -3.4e+38 -3.4e+38 -3.4e+38 -3.4e+38 -3.4e+38 -3.4e+38 -3.4e+38 -3.4e+38
70.6945114135742 70.7827529907227 70.6787643432617 69.9760284423828 69.4748153686523 69.8227844238281 70.1102752685547 70.3395614624023 70.6359939575195 70.4873962402344 69.7305603027344 69.7937469482422 69.8310470581055 69.7625122070312 69.8323669433594 69.8203582763672 69.6322021484375 69.6558990478516 69.7449951171875 69.8667602539062 69.9613647460938 69.2702941894531 69.4848556518555 69.3017807006836 69.6307144165039 69.8415908813477 69.5463180541992 69.4036865234375 69.4094314575195 69.432746887207 69.9476089477539 69.6200332641602 69.5161209106445 69.4961776733398 69.4810791015625 69.7797012329102 -3.4e+38 -3.4e+38 -3.4e+38 -3.4e+38 -3.4e+38 -3.4e+38 -3.4e+38 -3.4e+38 -3.4e+38 -3.4e+38 -3.4e+38 -3.4e+38 -3.4e+38
70.3227157592773 70.5339431762695 70.4160385131836 70.2946929931641 69.7305297851562 69.8306884765625 70.0511016845703 69.7726440429688 69.9011459350586 69.9650955200195 69.179313659668 69.0823059082031 69.4292221069336 69.7138290405273 69.7641677856445 69.8299026489258 69.7576599121094 69.3458938598633 69.4269561767578 69.7880020141602 69.8808441162109 69.094123840332 68.9039077758789 68.7161102294922 69.0417251586914 69.25 68.9618148803711 68.9219284057617 69.127555847168 68.8947219848633 69.409423828125 69.1511993408203 69.457275390625 69.6517181396484 69.3671035766602 69.6641693115234 -3.4e+38 -3.4e+38 -3.4e+38 -3.4e+38 -3.4e+38 -3.4e+38 -3.4e+38 -3.4e+38 -3.4e+38 -3.4e+38 -3.4e+38 -3.4e+38 -3.4e+38
70.3688888549805 70.5085525512695 70.1808090209961 70.1920471191406 69.9361953735352 69.5949249267578 69.5671310424805 69.0206756591797 69.1546325683594 69.3746948242188 69.1543502807617 69.0504837036133 69.3923721313477 69.6129302978516 69.4940414428711 69.8361740112305 69.9958190917969 69.5539779663086 69.1342239379883 69.1543807983398 69.1009674072266 68.7990798950195 68.4423980712891 68.526741027832 68.7919998168945 68.7826843261719 68.8557891845703 69.1165542602539 69.0307693481445 68.7945175170898 69.3057098388672 69.0444412231445 69.3486557006836 69.542121887207 69.2547760009766 -3.4e+38 -3.4e+38 -3.4e+38 -3.4e+38 -3.4e+38 -3.4e+38 -3.4e+38 -3.4e+38 -3.4e+38 -3.4e+38 -3.4e+38 -3.4e+38 -3.4e+38 -3.4e+38
70.3522109985352 70.1686782836914 69.5307235717773 69.7302551269531 69.4775390625 69.1692733764648 69.1382064819336 68.8079986572266 69.1441116333008 69.3587799072266 69.1314697265625 69.0207595825195 69.3576431274414 69.5735092163086 69.347526550293 69.2343978881836 69.2660598754883 69.3148040771484 68.9281921386719 68.8408660888672 68.3948440551758 68.6057815551758 68.4207534790039 68.684440612793 68.6765899658203 68.7500762939453 69.0715255737305 69.2781829833984 68.9966583251953 69.0541763305664 69.2037734985352 68.9394226074219 69.2417449951172 69.434196472168 69.1440734863281 69.4379348754883 -3.4e+38 -3.4e+38 -3.4e+38 -3.4e+38 -3.4e+38 -3.4e+38 -3.4e+38 -3.4e+38 -3.4e+38 -3.4e+38 -3.4e+38 -3.4e+38 -3.4e+38
69.174690246582 69.8199691772461 69.7477416992188 69.3236312866211 69.1025314331055 69.0032196044922 69.2582168579102 69.2415466308594 68.8929748535156 68.8521270751953 68.6106796264648 68.3897933959961 68.3606643676758 68.5680236816406 68.3674774169922 68.3913421630859 68.4895095825195 68.8171310424805 69.0578460693359 68.7690963745117 68.5281448364258 68.6454467773438 69.2421264648438 69.3917770385742 68.9108505249023 69.1165161132812 68.897102355957 69.0998153686523 68.8640899658203 69.1749572753906 68.6259536743164 68.820686340332 68.4774475097656 68.3135070800781 68.0190124511719 68.3108749389648 -3.4e+38 -3.4e+38 -3.4e+38 -3.4e+38 -3.4e+38 -3.4e+38 -3.4e+38 -3.4e+38 -3.4e+38 -3.4e+38 -3.4e+38 -3.4e+38 -3.4e+38
69.3954162597656 69.6629180908203 69.7821350097656 69.3566284179688 69.1917877197266 69.1262664794922 68.7302856445312 68.7691268920898 68.444091796875 68.4064178466797 68.1438827514648 68.1410903930664 68.9406585693359 69.0222015380859 68.2737121582031 68.1222915649414 68.4439086914062 68.767204284668 69.2992248535156 69.0678787231445 69.0338745117188 68.965446472168 69.8078689575195 69.9052276611328 69.1137084960938 68.9515380859375 68.3276290893555 68.5280075073242 68.2882385253906 68.5963821411133 68.1082229614258 68.3032531738281 68.0241394042969 68.2721328735352 68.2389297485352 65.8622589111328 50.5482215881348 -3.4e+38 -3.4e+38 -3.4e+38 -3.4e+38 -3.4e+38 -3.4e+38 -3.4e+38 -3.4e+38 -3.4e+38 -3.4e+38 -3.4e+38 -3.4e+38
69.6846389770508 69.6186218261719 69.4169540405273 69.3453521728516 69.0192565917969 68.8823928833008 68.2892608642578 68.3572845458984 68.2312622070312 68.4823455810547 68.4451522827148 68.42822265625 69.2546005249023 69.4475784301758 68.2406539916992 68.0830917358398 68.4003067016602 68.7192993164062 69.2433624267578 69.0630340576172 69.2677383422852 69.1380767822266 69.557502746582 69.2474212646484 69.4856338500977 68.4006195068359 67.8185348510742 68.018440246582 67.776496887207 68.0838394165039 68.0167083740234 68.2682113647461 68.2425231933594 68.2231292724609 68.4127044677734 63.8146209716797 38.9612312316895 38.9478912353516 38.8394355773926 40.415355682373 54.3589477539062 -3.4e+38 -3.4e+38 -3.4e+38 -3.4e+38 -3.4e+38 -3.4e+38 -3.4e+38 -3.4e+38
69.6971282958984 69.4296035766602 69.0892639160156 69.1439056396484 68.5853881835938 68.5560150146484 68.3078765869141 68.36279296875 68.2294998168945 68.5391616821289 68.7283706665039 68.5854339599609 68.8934326171875 68.945442199707 68.2095108032227 68.0458374023438 68.3586730957031 68.6733779907227 68.9276504516602 68.9142608642578 68.7280960083008 68.5414962768555 68.66552734375 68.1736755371094 68.6306838989258 67.9722595214844 67.7419738769531 67.9398727416992 67.6941833496094 67.9405136108398 67.9269332885742 68.2261123657227 68.4187927246094 68.1268081665039 65.9966659545898 52.5636672973633 52.5378265380859 38.7288551330566 40.3547096252441 56.2293815612793 67.8998336791992 65.6344451904297 -3.4e+38 -3.4e+38 -3.4e+38 -3.4e+38 -3.4e+38 -3.4e+38 -3.4e+38
69.2870712280273 69.0938110351562 68.9051513671875 68.8530883789062 68.6513290405273 68.5999603271484 68.3280258178711 68.3699569702148 68.2294387817383 68.5338897705078 68.7817306518555 68.806266784668 68.7550735473633 68.5365219116211 68.4293212890625 68.0104827880859 68.2259292602539 68.0935516357422 68.1607894897461 68.3903503417969 68.2960357666016 68.3115234375 68.2403793334961 67.9245834350586 67.7041244506836 67.9015960693359 67.6672744750977 67.863151550293 67.6136779785156 67.8070449829102 67.8388824462891 68.1359100341797 68.3272552490234 65.6643447875977 50.3317337036133 42.9526748657227 66.273567199707 54.7646217346191 55.9105110168457 67.4221572875977 67.3330688476562 63.2144393920898 37.2081336975098 -3.4e+38 -3.4e+38 -3.4e+38 -3.4e+38 -3.4e+38 -3.4e+38
68.9997024536133 69.1488494873047 68.8890075683594 68.7544403076172 68.9142150878906 68.7110900878906 68.6488952636719 68.3787078857422 68.2310180664062 68.5303192138672 68.7694091796875 68.7772064208984 68.7351379394531 68.5699768066406 68.6638565063477 68.0067596435547 67.7246856689453 67.6222305297852 67.9405670166016 67.9853744506836 68.2952346801758 68.4915466308594 68.2286376953125 68.1858215332031 67.9064025878906 67.8328170776367 67.5944366455078 67.7882843017578 67.5349960327148 67.784423828125 67.7525482177734 67.9908065795898 65.5601119995117 52.4813232421875 54.5551948547363 56.2689056396484 67.6122817993164 67.7945022583008 67.3091735839844 66.6584014892578 66.835075378418 64.9120712280273 50.1889915466309 38.2776908874512 65.072151184082 -3.4e+38 -3.4e+38 -3.4e+38 -3.4e+38
69.222785949707 68.9945907592773 69.0018310546875 69.0092926025391 68.947868347168 68.8029556274414 69.0250473022461 68.6254730224609 68.2341690063477 68.4646911621094 68.4660415649414 68.442741394043 68.2503280639648 68.0784072875977 68.2909545898438 68.066535949707 67.5906982421875 67.6435623168945 68.1376647949219 67.9363632202148 68.1817169189453 68.1617660522461 68.2197113037109 68.414306640625 68.081428527832 67.8249664306641 67.8142852783203 67.7735443115234 67.7560501098633 67.7557144165039 67.6679153442383 67.8558044433594 65.5434036254883 56.2399864196777 67.5566787719727 67.1799545288086 67.1126327514648 67.2957000732422 66.8647689819336 66.5632553100586 66.7907943725586 66.6319274902344 62.9430694580078 38.1225700378418 66.6634140014648 -3.4e+38 -3.4e+38 -3.4e+38 -3.4e+38
69.5123291015625 69.0724258422852 69.1136703491211 69.2594680786133 68.9827575683594 68.8301467895508 69.0470123291016 68.9275436401367 68.5405197143555 68.6078796386719 68.0099563598633 67.9729461669922 67.7977752685547 67.6205749511719 67.8549346923828 67.8446350097656 67.851806640625 67.8600158691406 68.0960845947266 67.8893737792969 68.0762100219727 67.8585205078125 68.1606750488281 68.3525161743164 68.0716018676758 68.0806121826172 68.0046539306641 67.753288269043 67.9444961547852 67.6781311035156 67.5849761962891 67.7004165649414 66.9997940063477 67.2253646850586 67.1159973144531 67.0691757202148 67.0207366943359 67.2029037475586 66.7704315185547 66.4694290161133 66.7380065917969 64.2733154296875 46.4023895263672 37.357723236084 66.5610580444336 66.7766036987305 -3.4e+38 -3.4e+38 -3.4e+38
69.6426773071289 69.4170684814453 69.3904342651367 69.3034515380859 69.0837173461914 69.0808410644531 69.0082626342773 68.9651641845703 68.6048812866211 68.5029754638672 68.0957336425781 67.8584365844727 67.7874526977539 67.6039428710938 67.7758865356445 67.5835723876953 67.8767395019531 68.1175155639648 68.0564956665039 67.8444290161133 68.027946472168 67.8051376342773 68.1037673950195 68.2928695678711 68.0572738647461 68.256103515625 67.938835144043 67.6833648681641 67.8725357055664 65.238525390625 67.3440017700195 67.1575088500977 66.5080871582031 66.7923049926758 64.6973037719727 50.4207992553711 50.2267608642578 52.5399627685547 67.0180511474609 66.3769149780273 66.643928527832 64.6018829345703 51.4853477478027 53.3533363342285 66.4598236083984 -3.4e+38 -3.4e+38 -3.4e+38 -3.4e+38
69.7049865722656 69.5389099121094 69.7290878295898 69.6430969238281 69.4119033813477 69.2238159179688 68.575309753418 68.5849990844727 68.3962936401367 68.221076965332 68.3823699951172 68.1420440673828 68.0192108154297 67.5890045166016 67.7567825317383 67.5585174560547 67.847541809082 68.1389923095703 68.0188674926758 67.8015060424805 68.0417556762695 68.0295639038086 68.0491638183594 68.2355041503906 67.9954147338867 68.1876831054688 67.9038314819336 67.8816604614258 67.7547988891602 62.8192253112793 53.5584983825684 66.786865234375 64.3531799316406 52.5713653564453 62.6135597229004 35.9880485534668 38.250114440918 54.7700614929199 67.2590179443359 66.5962142944336 66.5511169433594 66.3402862548828 66.5985336303711 64.6612701416016 47.7556343078613 -3.4e+38 -3.4e+38 -3.4e+38 -3.4e+38
69.8445434570312 69.8084259033203 69.844856262207 69.8700180053711 69.282600402832 69.1005172729492 68.4577255249023 68.2574691772461 68.4088516235352 68.2268218994141 68.3834075927734 68.1953125 68.298698425293 67.8766555786133 67.9817504882812 67.5352172851562 67.8201599121094 68.1076278686523 68.023323059082 68.0685806274414 68.2462158203125 67.9561157226562 67.9379959106445 67.8976211547852 67.9357376098633 68.1215209960938 67.8648529052734 67.9767532348633 67.2520904541016 65.0051498413086 54.8872756958008 66.7038116455078 64.5718154907227 54.4440650939941 64.9041595458984 52.7287635803223 54.4889526367188 67.0275039672852 67.2075271606445 64.5390090942383 48.6037483215332 49.9928550720215 64.3440322875977 48.2855186462402 -3.4e+38 -3.4e+38 -3.4e+38 -3.4e+38 -3.4e+38
70.4947128295898 70.1921691894531 69.6861114501953 69.3998031616211 68.9236450195312 68.8899917602539 68.9282608032227 68.8123626708984 68.7322158813477 68.4759216308594 68.3898468017578 68.1888961791992 68.3411636352539 68.1336212158203 68.4095993041992 68.5155792236328 68.0140838623047 68.0503463745117 67.9874801635742 68.2707977294922 68.4433670043945 68.153450012207 68.0964431762695 67.7939376831055 67.8225479125977 67.9283599853516 67.2132110595703 67.0499649047852 66.7725448608398 67.0587158203125 39.5540390014648 50.9247894287109 52.4507865905762 64.1486511230469 50.0087661743164 52.2823257446289 66.5828628540039 66.8528671264648 67.1223754882812 65.4748840332031 49.8133125305176 51.2173919677734 53.0923347473145 -3.4e+38 -3.4e+38 -3.4e+38 -3.4e+38 -3.4e+38 -3.4e+38
70.4554290771484 69.878662109375 69.6848754882812 69.7339477539062 69.1938552856445 68.9342269897461 68.9589462280273 68.8915710449219 69.0289077758789 68.7688217163086 68.6894073486328 68.4231109619141 68.3358993530273 68.1223068237305 68.3941497802734 68.5506057739258 68.2748489379883 68.2683868408203 67.952880859375 68.232780456543 68.4024429321289 68.156867980957 68.330078125 68.028434753418 67.9532241821289 67.4245910644531 66.8108215332031 66.9908142089844 64.2983474731445 53.6971817016602 39.7567710876465 50.8041191101074 40.2192344665527 62.3887100219727 35.5353240966797 37.3287315368652 49.0805778503418 51.4174499511719 64.8023147583008 51.4339790344238 64.9902725219727 66.9851913452148 -3.4e+38 -3.4e+38 -3.4e+38 -3.4e+38 -3.4e+38 -3.4e+38 -3.4e+38
70.7408905029297 69.9431686401367 69.7394180297852 69.847053527832 69.5832366943359 69.4813232421875 69.2173767089844 69.14697265625 69.0440673828125 68.8358917236328 68.9748687744141 68.7053451538086 68.6264190673828 68.3496704101562 68.380256652832 68.5940780639648 68.5651550292969 68.5259246826172 68.1665191650391 68.1965408325195 68.3633193969727 68.1129531860352 68.3413162231445 65.8471603393555 53.2823143005371 54.7635116577148 67.0191421508789 66.9889221191406 62.426685333252 41.826171875 55.0552520751953 65.0099563598633 54.7641677856445 64.9236297607422 52.4697227478027 -3.4e+38 51.5758590698242 -3.4e+38 49.4931449890137 51.7258071899414 51.0757789611816 -3.4e+38 -3.4e+38 -3.4e+38 -3.4e+38 -3.4e+38 -3.4e+38 -3.4e+38 -3.4e+38
