rcp8.5models/CNRM-CM5/sc1gr0.8
NCOLS 261 
NROWS 433 
XLLCORNER 336357.134 
YLLCORNER 654653.479 
CELLSIZE 1000 
NODATA_value -3.4e+38 
[rows 88 to 109 of 433, columns 49 to 97 of 261]
-3.4e+38 -3.4e+38 -3.4e+38 -3.4e+38 -3.4e+38 -3.4e+38 -3.4e+38 -3.4e+38 -3.4e+38 -3.4e+38 57.8578414916992 -3.4e+38 58.2386741638184 58.6288719177246 59.1116333007812 59.483325958252 59.6662559509277 60.1170959472656 60.6623916625977 61.1757774353027 61.7659187316895 61.9151802062988 62.1067695617676 62.5353546142578 62.8512535095215 63.2486801147461 63.6412239074707 63.896858215332 63.9323081970215 64.6691970825195 65.1160049438477 65.3729248046875 -3.4e+38 66.1063003540039 66.3904037475586 66.7228775024414 66.874626159668 67.2419509887695 67.6805267333984 67.8855667114258 68.1728591918945 68.814079284668 69.1474838256836 69.4311447143555 69.7147445678711 69.7692718505859 70.0643539428711 70.41796875 70.5081787109375
-3.4e+38 -3.4e+38 -3.4e+38 -3.4e+38 -3.4e+38 -3.4e+38 -3.4e+38 -3.4e+38 -3.4e+38 -3.4e+38 57.9234771728516 58.2857208251953 58.4147567749023 58.7701568603516 59.4463539123535 59.6309928894043 59.806396484375 60.3626327514648 61.0612716674805 61.5924453735352 62.0691184997559 62.2235984802246 62.5437850952148 62.8777389526367 63.2184066772461 63.4704856872559 63.9257621765137 64.3520584106445 64.5294418334961 65.1780014038086 65.54296875 65.8543243408203 66.1636123657227 66.4141082763672 66.5588836669922 66.7387084960938 67.1317291259766 67.5276260375977 67.9337539672852 68.0291442871094 68.3051223754883 69.1504974365234 69.4276123046875 69.6519317626953 70.1839218139648 70.0819396972656 70.4147491455078 70.7746276855469 70.9982070922852
-3.4e+38 -3.4e+38 -3.4e+38 -3.4e+38 -3.4e+38 -3.4e+38 -3.4e+38 -3.4e+38 -3.4e+38 -3.4e+38 58.0619850158691 58.4252967834473 58.5884246826172 58.980785369873 59.6699104309082 59.8420104980469 60.016529083252 60.5395545959473 61.3121376037598 61.7610244750977 62.129711151123 62.421875 62.9027252197266 63.1618499755859 63.5596199035645 63.7907676696777 64.1838760375977 64.6325759887695 64.8884735107422 65.6523895263672 65.8249206542969 66.1123657226562 66.5613098144531 66.9177169799805 66.959716796875 67.2945938110352 67.5821380615234 67.9636535644531 68.1092071533203 68.2665252685547 68.7045516967773 69.2880325317383 69.7931976318359 70.0209426879883 70.29638671875 70.3862075805664 70.9283752441406 71.0499725341797 71.481575012207
-3.4e+38 -3.4e+38 -3.4e+38 -3.4e+38 -3.4e+38 -3.4e+38 -3.4e+38 -3.4e+38 -3.4e+38 58.1530799865723 58.4588203430176 58.7343902587891 59.0520935058594 59.7034111022949 59.9773101806641 60.098201751709 60.7563743591309 61.0965003967285 61.7492332458496 62.1619606018066 62.5951766967773 62.9121780395508 63.1954956054688 63.5104942321777 63.8513832092285 64.2744522094727 64.5536651611328 64.8746643066406 65.4356994628906 65.9480438232422 66.4369888305664 67.1517105102539 67.4058151245117 67.6817092895508 67.7793502807617 68.1343536376953 68.255615234375 68.4835662841797 68.7825698852539 68.8949584960938 69.4310150146484 69.7904815673828 70.1525497436523 70.4571304321289 70.8057479858398 71.2999649047852 71.6717224121094 71.8688049316406 72.2827377319336
-3.4e+38 -3.4e+38 -3.4e+38 -3.4e+38 -3.4e+38 -3.4e+38 -3.4e+38 -3.4e+38 57.9248237609863 58.2658996582031 58.7031707763672 58.9926109313965 59.3332939147949 59.8602027893066 60.07080078125 60.3391075134277 60.9369163513184 61.2617721557617 62.0955352783203 62.379581451416 62.8279037475586 63.112174987793 63.3697814941406 63.8255767822266 64.166374206543 64.5884094238281 64.8198852539062 65.1877899169922 65.6610794067383 66.3188629150391 66.7740936279297 67.4542083740234 67.5068206787109 68.1075134277344 68.2851257324219 68.6178970336914 68.8315277099609 68.8588790893555 69.2594909667969 69.3616409301758 69.7136383056641 70.2199172973633 70.4608306884766 70.8780288696289 71.2637176513672 71.5984268188477 71.8557586669922 72.1164169311523 72.5240859985352
-3.4e+38 -3.4e+38 -3.4e+38 -3.4e+38 -3.4e+38 56.6343841552734 57.1175079345703 57.818359375 -3.4e+38 58.5921974182129 58.8714942932129 59.1318321228027 59.5878028869629 60.0383720397949 60.2800788879395 60.5617523193359 61.1236877441406 -3.4e+38 -3.4e+38 62.6615943908691 63.0282707214355 63.4018630981445 63.7746391296387 64.2232208251953 -3.4e+38 64.8161087036133 65.1864242553711 65.5275192260742 65.9482955932617 66.8228225708008 67.159553527832 67.4347229003906 67.57470703125 68.3037567138672 68.3879852294922 68.9905242919922 69.3060913085938 69.2292251586914 69.7070846557617 69.7450866699219 69.9025955200195 70.6863861083984 71.0508041381836 71.170539855957 71.5812911987305 71.8934936523438 72.2717895507812 72.5876770019531 72.7308349609375
-3.4e+38 -3.4e+38 -3.4e+38 -3.4e+38 56.4637184143066 -3.4e+38 57.4229621887207 57.9936408996582 58.3119049072266 58.836254119873 59.0269355773926 59.2255477905273 60.0151519775391 60.2209396362305 60.4780349731445 60.9106407165527 61.2682113647461 61.8906478881836 62.4940414428711 62.803352355957 63.2603302001953 63.5693588256836 63.9936294555664 64.3036041259766 -3.4e+38 -3.4e+38 65.4158020019531 65.923454284668 66.2863616943359 67.0518798828125 67.4917373657227 67.5905456542969 67.9882583618164 68.4645538330078 68.9135284423828 69.3796539306641 69.6022796630859 69.7555999755859 70.1208572387695 70.0323333740234 70.240234375 71.0759963989258 71.3977584838867 71.4996337890625 71.8539962768555 72.1140670776367 72.6675796508789 72.6567840576172 72.9431838989258
-3.4e+38 -3.4e+38 -3.4e+38 -3.4e+38 56.7405471801758 57.3463363647461 57.7049522399902 58.285083770752 58.6300964355469 59.0173645019531 59.201602935791 59.5518264770508 60.2290916442871 60.3962860107422 60.8266448974609 61.1600036621094 61.5359878540039 62.0912551879883 62.8680267333984 63.1269035339355 63.5180130004883 63.8338470458984 64.3723602294922 64.7428665161133 65.0202789306641 65.330322265625 -3.4e+38 66.0655288696289 66.5131988525391 67.3610687255859 67.6511001586914 68.1688385009766 68.2432250976562 68.695442199707 69.1988830566406 69.6448593139648 70.0285263061523 70.2741622924805 70.3879928588867 70.4545593261719 70.7127914428711 71.337272644043 71.6957626342773 72.0178985595703 72.2363128662109 72.3888931274414 72.889274597168 72.7924346923828 73.1604919433594
-3.4e+38 55.9949417114258 56.3186950683594 56.5228271484375 57.1331672668457 57.613151550293 57.9052848815918 58.5060386657715 58.9088973999023 59.1380195617676 59.3741798400879 59.9111518859863 60.4448776245117 60.7457580566406 61.1918029785156 61.4538764953613 61.9926109313965 62.4432907104492 63.118278503418 63.6084747314453 63.8335227966309 64.3466415405273 64.6492080688477 65.0162353515625 65.4175796508789 65.7306137084961 66.0407409667969 66.4106140136719 66.7996978759766 67.6231994628906 68.1260757446289 68.4828338623047 68.6542739868164 68.8446731567383 69.4205093383789 69.7653350830078 70.2044830322266 70.4536437988281 70.6212387084961 70.7998809814453 71.1056823730469 71.5553436279297 71.8255920410156 72.2382888793945 72.5567245483398 72.7568283081055 73.0167388916016 73.0460586547852 73.6209869384766
55.991771697998 56.1761360168457 56.5704574584961 57.0150299072266 57.5632934570312 57.8800582885742 58.1425132751465 58.7404098510742 59.1081199645996 59.2911033630371 59.7229881286621 60.3699150085449 60.6497192382812 61.0489158630371 61.5324783325195 61.7363700866699 62.3816223144531 62.5763740539551 63.5832290649414 63.8834381103516 64.2324981689453 64.8203964233398 64.9956436157227 65.3921203613281 65.7270126342773 66.0685882568359 66.4900741577148 66.6908340454102 67.0860214233398 67.960319519043 68.3529357910156 68.7411346435547 68.9752960205078 69.3652114868164 69.6999282836914 69.9540328979492 70.2255859375 70.7440795898438 71.1012802124023 71.3650665283203 71.438102722168 71.8696136474609 72.2028274536133 72.5589447021484 72.807014465332 72.9680252075195 73.2712097167969 73.3709182739258 73.9012451171875
56.1683921813965 56.5481758117676 56.9734916687012 57.480094909668 57.8737869262695 57.964542388916 58.2171592712402 59.0608406066895 59.2877349853516 59.640796661377 60.0874252319336 60.6413116455078 60.8259582519531 61.421989440918 61.6991424560547 62.109058380127 62.6067161560059 62.8760681152344 63.8244781494141 64.231086730957 64.5401306152344 65.0134124755859 65.24853515625 65.7828369140625 66.0416870117188 66.4382095336914 66.8245849609375 66.974494934082 67.2875442504883 67.9921417236328 68.4147491455078 68.8114318847656 69.2548370361328 69.5727844238281 69.9986419677734 70.0611190795898 70.6040496826172 70.9610290527344 71.5225296020508 71.7326354980469 71.7275161743164 72.3096542358398 72.5689163208008 72.845817565918 73.0745697021484 73.3789520263672 73.7224273681641 73.881233215332 74.2435913085938
56.6070289611816 56.9157066345215 57.5132713317871 57.7939720153809 58.0166969299316 58.1538162231445 58.5260047912598 59.2856750488281 59.5220603942871 60.0600700378418 60.4893531799316 60.8796081542969 61.0594253540039 61.6098594665527 62.0248107910156 62.4153442382812 62.8402481079102 63.4157867431641 64.147834777832 64.5968322753906 64.9680023193359 65.1611099243164 65.4247589111328 66.1213455200195 66.3237533569336 66.6906967163086 67.0825881958008 67.312141418457 67.5692291259766 68.2221450805664 68.613151550293 68.9577560424805 69.4285125732422 69.7702560424805 70.1771850585938 70.337158203125 70.8050155639648 71.0995101928711 71.5989379882812 71.9636535644531 72.0405731201172 72.6948547363281 72.8163452148438 73.0238189697266 73.3536911010742 73.9103088378906 74.2188034057617 74.2960357666016 74.5427627563477
57.0588264465332 57.3217010498047 57.6836585998535 57.9885673522949 58.1713562011719 58.5248870849609 58.8902587890625 59.5238227844238 59.8964004516602 60.3663139343262 60.8524551391602 61.0219421386719 61.4904136657715 61.9985275268555 62.2727279663086 62.7310829162598 63.2732887268066 63.7138633728027 64.570686340332 64.8783721923828 65.1854705810547 65.3949813842773 65.8824462890625 66.4016952514648 66.5236968994141 66.9196090698242 67.2874984741211 67.7039031982422 67.8480224609375 68.5862274169922 68.9293975830078 69.3722076416016 69.6905364990234 70.1626052856445 70.5534515380859 70.9086608886719 71.1455383300781 71.5314025878906 71.8627624511719 72.4330673217773 72.4825820922852 73.0384902954102 73.228889465332 73.4113845825195 73.7522583007812 74.1479415893555 74.4661865234375 74.62158203125 74.7646560668945
57.3610000610352 57.6219825744629 57.7645835876465 58.2178192138672 58.5251731872559 58.947021484375 59.411190032959 59.9548225402832 60.3210678100586 60.7455253601074 61.0766639709473 61.5257263183594 62.0566215515137 62.5066032409668 62.8008499145508 63.1310958862305 63.4872550964355 63.8876075744629 64.8762893676758 65.0208892822266 65.5081253051758 65.8805770874023 66.2981872558594 66.7138442993164 66.8081970214844 -3.4e+38 67.740348815918 68.0655136108398 68.1086883544922 68.9298324584961 69.3718032836914 69.6606063842773 70.0860900878906 70.5828094482422 70.9515533447266 71.3600997924805 71.5867004394531 71.8573150634766 72.3313217163086 72.8090362548828 72.9345626831055 73.5285491943359 73.6252670288086 73.8178405761719 74.2472457885742 74.5544509887695 74.8647003173828 74.9604339599609 75.1119613647461
57.6128387451172 57.7613372802734 58.2126693725586 58.661865234375 59.009334564209 59.255500793457 59.6388549804688 60.1628761291504 60.740234375 61.0518074035645 61.3116836547852 61.8403434753418 62.4090309143066 62.7184600830078 63.119140625 63.3779945373535 63.69482421875 64.1202774047852 64.9604339599609 65.3422927856445 65.8164672851562 66.2375183105469 66.5193023681641 66.7769165039062 67.26123046875 67.5783081054688 68.0474548339844 68.406852722168 68.5337448120117 69.2711181640625 69.7653884887695 70.0444641113281 70.2835311889648 70.7331771850586 71.1763610839844 71.5526580810547 72.06396484375 72.3448791503906 72.6664352416992 73.0714416503906 73.3078079223633 73.9910430908203 73.9180145263672 74.1994094848633 74.5453643798828 74.933723449707 75.2934341430664 75.4058151245117 75.5869750976562
58.6079711914062 58.8346786499023 59.1326751708984 59.3558769226074 59.5342140197754 59.7917671203613 60.1110992431641 61.0211791992188 61.3071250915527 61.6716003417969 62.1095695495605 62.4994354248047 63.125675201416 63.3264999389648 63.6917991638184 64.0669708251953 64.2663269042969 64.6252059936523 65.6508255004883 65.7912826538086 66.3156585693359 66.754264831543 67.2589645385742 67.6779403686523 67.9675216674805 68.4643325805664 68.6933746337891 68.8680267333984 69.1842575073242 69.8382186889648 70.3538665771484 70.5723419189453 71.1177139282227 71.4197463989258 71.6520004272461 72.3327941894531 72.4430465698242 72.804443359375 73.1248016357422 73.6013031005859 74.1036376953125 74.7444305419922 74.8848876953125 75.066047668457 75.4227981567383 75.663444519043 76.0609359741211 76.2865447998047 76.5333099365234
58.9087295532227 59.0731658935547 59.3505020141602 59.5906867980957 59.888256072998 60.327335357666 60.6721229553223 61.3043594360352 61.6235961914062 61.965518951416 62.413501739502 62.8157424926758 63.253303527832 63.6658706665039 64.0070571899414 64.3137512207031 64.6060104370117 64.9806060791016 65.8691253662109 66.1697311401367 66.688606262207 66.8999481201172 67.570182800293 67.9378051757812 68.3632354736328 68.7532806396484 69.0818176269531 69.1804122924805 69.5212020874023 70.2285690307617 70.6818923950195 71.2006759643555 71.5156860351562 71.8865737915039 71.9831619262695 72.5835571289062 72.9193649291992 73.0068893432617 73.4064178466797 73.9050369262695 74.3633270263672 75.0733337402344 75.4236373901367 75.4860610961914 75.7746353149414 75.9360046386719 76.2581558227539 76.6654891967773 77.017463684082
59.1507415771484 59.3891677856445 59.7681045532227 60.0913047790527 60.433349609375 60.7001075744629 61.1010437011719 61.6231346130371 -3.4e+38 -3.4e+38 62.7888870239258 63.2151565551758 63.4975166320801 63.9462509155273 64.2293014526367 64.6639404296875 65.120231628418 65.4256439208984 66.023078918457 66.6720886230469 67.0310134887695 67.158935546875 67.7401275634766 68.1900863647461 68.534065246582 69.0803298950195 69.1494216918945 -3.4e+38 69.9688186645508 -3.4e+38 70.958122253418 71.3917770385742 71.9761657714844 72.129264831543 72.4229431152344 72.9205551147461 73.3219528198242 73.4720993041992 -3.4e+38 74.1450424194336 74.7106399536133 75.4646759033203 75.8241958618164 75.8891677856445 76.2834320068359 76.310791015625 76.7549133300781 77.0751724243164 77.5986633300781
59.5935554504395 59.9125785827637 60.1560974121094 60.4367485046387 60.7188262939453 61.0769538879395 61.2629814147949 -3.4e+38 -3.4e+38 -3.4e+38 63.0940284729004 63.5787353515625 63.8373947143555 64.3788452148438 64.5206146240234 65.0279922485352 65.4738311767578 65.6767654418945 66.3719482421875 67.1148834228516 67.2839813232422 67.5547103881836 68.1105728149414 68.4463729858398 68.8208541870117 69.303840637207 69.3539352416992 69.7546691894531 70.2994766235352 70.8190841674805 71.2403030395508 71.6625137329102 72.1202621459961 72.6624298095703 73.0133514404297 73.1992950439453 73.5378952026367 73.9040908813477 74.2926177978516 74.4219207763672 74.9541931152344 75.8353652954102 76.242790222168 76.3574981689453 -3.4e+38 76.874153137207 77.182502746582 77.4345474243164 77.9075698852539
59.9754524230957 60.1964225769043 60.4346122741699 60.7540473937988 61.0750541687012 61.259693145752 -3.4e+38 -3.4e+38 -3.4e+38 -3.4e+38 63.3505401611328 63.9184951782227 64.3536911010742 64.5907287597656 64.9766998291016 65.3639907836914 65.5598678588867 66.1396331787109 66.7864837646484 67.1930084228516 67.4597091674805 67.8613052368164 68.3883361816406 68.7602310180664 69.1802062988281 69.5409164428711 69.7914581298828 69.9248504638672 70.4505310058594 71.1814346313477 71.5585174560547 72.1093368530273 72.5454025268555 73.1787490844727 73.3150100708008 73.7015686035156 74.0854644775391 74.3932418823242 74.6728439331055 74.9251861572266 75.4906616210938 76.2640228271484 76.531379699707 76.6464385986328 77.0201187133789 77.256217956543 77.3852767944336 77.6785888671875 78.2508087158203
60.2553253173828 60.4929466247559 60.8726119995117 61.2164115905762 61.4990272521973 61.6544532775879 -3.4e+38 -3.4e+38 -3.4e+38 -3.4e+38 63.6661758422852 64.0210952758789 64.6454162597656 64.7396621704102 65.1884918212891 65.5873870849609 65.918586730957 66.6079711914062 67.1465530395508 67.4067764282227 67.8009338378906 68.1137008666992 68.5640335083008 69.0368957519531 69.3543472290039 69.8554229736328 70.1828155517578 70.3193588256836 70.8209381103516 71.6526031494141 71.9462890625 72.4248886108398 72.9424743652344 73.5942459106445 73.6784896850586 74.0964508056641 74.4702072143555 74.8974227905273 74.8863067626953 75.277099609375 75.6679000854492 76.6478424072266 76.8231582641602 77.0740509033203 77.3560104370117 77.4221267700195 77.7303314208984 78.1538848876953 78.6525573730469
60.6918830871582 61.016185760498 61.5002632141113 61.6649589538574 61.9223480224609 62.0991172790527 62.5066719055176 -3.4e+38 63.4052429199219 -3.4e+38 63.8865394592285 64.3238372802734 64.8188858032227 65.0867233276367 65.3393402099609 65.9369354248047 66.362190246582 66.859260559082 67.3724517822266 67.7422714233398 68.0562133789062 68.5371322631836 68.9031524658203 69.3012390136719 69.8348846435547 70.2494583129883 70.5817565917969 70.8145599365234 71.1588897705078 71.9911575317383 72.3005218505859 72.634880065918 73.302978515625 73.9018859863281 73.9731063842773 74.5067825317383 74.8040618896484 75.2407684326172 75.2797622680664 75.7324600219727 75.9892120361328 76.7853546142578 77.1200408935547 77.4935989379883 77.7369155883789 77.9210205078125 78.1475448608398 78.5451812744141 78.9549407958984
