rcp8.5models/CNRM-CM5/sc1gr1.33
NCOLS 261 
NROWS 433 
XLLCORNER 336357.134 
YLLCORNER 654653.479 
CELLSIZE 1000 
NODATA_value -3.4e+38 
[rows 198 to 219 of 433, columns 98 to 146 of 261]
65.5115814208984 65.56591796875 65.7970123291016 65.8665771484375 65.8777847290039 66.1127090454102 66.3765716552734 66.2014465332031 66.5372848510742 66.5276336669922 66.5646667480469 66.5731506347656 66.5556869506836 66.840461730957 66.7755889892578 67.7068862915039 67.6521148681641 67.4235382080078 67.3450317382812 67.2865829467773 67.6469192504883 67.9031677246094 68.0532150268555 68.5174102783203 68.5059280395508 68.6305923461914 68.7035446166992 68.9617614746094 68.7578735351562 68.8108367919922 68.8170471191406 68.7046051025391 68.9492721557617 68.6193161010742 68.4869232177734 68.3605728149414 68.2371368408203 68.184928894043 68.1343765258789 67.8506164550781 68.1284408569336 68.1005706787109 67.7588195800781 67.340202331543 67.6125335693359 67.6186828613281 66.9958801269531 67.0608444213867 66.6762924194336
65.2870483398438 65.3423843383789 65.7108306884766 65.7374954223633 65.906494140625 65.9821624755859 66.1392288208008 66.3694763183594 66.5697555541992 66.3740768432617 66.5086669921875 66.5001678466797 66.7215576171875 66.6427841186523 66.6992340087891 67.1292190551758 67.2232131958008 67.5146179199219 67.3320465087891 67.2804107666016 67.4117584228516 67.7039794921875 68.1958160400391 68.5875091552734 68.8422088623047 68.6832885742188 68.7612533569336 68.8207015991211 68.7847290039062 68.5849533081055 68.7495574951172 68.7422790527344 69.1086502075195 68.6334457397461 68.7083740234375 68.2336807250977 68.3917541503906 68.3073120117188 68.3694839477539 67.9198760986328 67.9668045043945 68.5226974487305 68.061149597168 67.6638793945312 67.8818664550781 67.7153396606445 67.0384140014648 66.6271057128906 66.4938583374023
65.1009521484375 65.1189804077148 65.2979354858398 -3.4e+38 65.6802825927734 65.8998107910156 66.0114593505859 66.3573303222656 66.4617462158203 66.4903869628906 66.5135345458984 66.5293655395508 66.9508361816406 66.8529510498047 66.8279342651367 -3.4e+38 67.2457885742188 -3.4e+38 67.5111770629883 67.4269561767578 67.5109252929688 67.7734375 67.9489288330078 68.3476333618164 68.7513046264648 68.4944152832031 68.8194885253906 69.0117340087891 68.9811019897461 68.5986099243164 68.7006988525391 68.4772644042969 68.9554443359375 68.7864074707031 68.8668365478516 68.6109085083008 68.5116577148438 68.5352325439453 68.4186248779297 68.136474609375 68.1338348388672 68.3270797729492 68.1510620117188 67.7136688232422 67.4200439453125 67.5214157104492 67.2159042358398 66.7133865356445 66.7607803344727
65.1656799316406 65.1301727294922 65.1609268188477 65.9757080078125 65.6548614501953 65.6198272705078 65.9015808105469 66.0740051269531 66.330451965332 66.5877685546875 66.8439178466797 66.6611099243164 67.1206893920898 66.9567489624023 67.036018371582 -3.4e+38 -3.4e+38 -3.4e+38 -3.4e+38 67.6049728393555 67.6581192016602 67.9787216186523 67.9687042236328 67.9848098754883 68.4275054931641 68.5805358886719 68.8548049926758 68.9001312255859 68.8425674438477 68.6718368530273 68.9765853881836 68.7310943603516 68.7603378295898 68.8505325317383 69.0673141479492 69.0589218139648 68.5904083251953 68.3100051879883 68.8819274902344 68.7875595092773 68.4901428222656 68.0316848754883 67.8222885131836 67.5679702758789 66.8779907226562 67.3323287963867 67.2555541992188 66.9501953125 66.7344589233398
65.1429138183594 65.3323593139648 65.4397735595703 66.0841751098633 65.8554000854492 65.7096328735352 65.9641189575195 65.9302444458008 66.0835494995117 66.2079467773438 66.6466598510742 66.6863708496094 66.8880767822266 66.7885360717773 -3.4e+38 -3.4e+38 -3.4e+38 -3.4e+38 67.79638671875 -3.4e+38 67.6926879882812 67.8666839599609 68.0351333618164 67.66162109375 68.2168350219727 68.6566848754883 68.7529983520508 68.5197143554688 68.8272933959961 68.9852066040039 -3.4e+38 69.0203247070312 68.8769760131836 69.0421142578125 69.1666107177734 68.9769668579102 68.8048553466797 68.4854736328125 68.9508209228516 68.7891387939453 68.5990753173828 68.2662963867188 67.8557662963867 67.8243255615234 67.4006195068359 67.601432800293 67.5361251831055 67.3369064331055 66.6237335205078
64.8823318481445 65.029182434082 65.3265686035156 65.3680572509766 65.7696075439453 66.1560821533203 66.1603012084961 65.9371795654297 65.8897094726562 66.0154647827148 66.310173034668 66.5628128051758 66.969612121582 66.8787384033203 66.8881530761719 -3.4e+38 67.3101959228516 -3.4e+38 -3.4e+38 67.7824401855469 67.7385711669922 67.7934417724609 67.818977355957 67.6738357543945 68.2407455444336 68.7125396728516 68.6622085571289 68.6542587280273 68.8707122802734 69.0981826782227 69.1670837402344 69.1015090942383 69.0378265380859 69.0578002929688 69.0017776489258 68.9571151733398 69.0279693603516 68.8426742553711 68.7206268310547 68.1428833007812 68.3948974609375 68.1109313964844 67.9130935668945 68.0387420654297 67.4686279296875 67.5054779052734 67.736946105957 67.3339462280273 66.9322204589844
64.9834823608398 64.944091796875 65.0520401000977 64.8557510375977 65.4975509643555 66.2164077758789 66.1886672973633 66.008415222168 66.0002822875977 66.1424179077148 66.323127746582 66.3828277587891 67.2220764160156 67.1764831542969 66.7826843261719 -3.4e+38 67.2347717285156 67.7248382568359 67.9138793945312 67.8477325439453 67.8006896972656 67.7868270874023 67.7636108398438 68.0588150024414 68.423095703125 68.7120590209961 68.7353820800781 68.805046081543 68.8696670532227 68.8835601806641 69.0713577270508 69.1402282714844 69.1176528930664 69.1527481079102 69.1105575561523 69.1177597045898 69.0716552734375 68.6210098266602 68.6530914306641 68.0515365600586 68.3531951904297 67.8813323974609 68.0021209716797 68.2677841186523 67.6860275268555 67.3280563354492 67.603645324707 67.5345993041992 67.2746353149414
64.9028472900391 64.9198532104492 64.8713302612305 65.2286376953125 65.8241806030273 65.9929275512695 65.751220703125 66.0863647460938 66.0958404541016 66.1808929443359 66.3287124633789 66.1462173461914 66.6926651000977 66.6952819824219 -3.4e+38 -3.4e+38 67.225456237793 67.4552230834961 67.9226684570312 67.8854675292969 67.836181640625 67.7270889282227 67.7772750854492 68.0639114379883 68.2943954467773 68.3395156860352 68.7394027709961 68.8424835205078 69.0306701660156 68.8815078735352 68.8623046875 68.8733215332031 69.194694519043 69.2126007080078 69.1440277099609 69.2351150512695 69.0464324951172 68.6528701782227 68.7091522216797 68.5392379760742 68.6858520507812 68.2423858642578 68.2633285522461 68.3919372558594 68.2723999023438 67.6625289916992 67.6313629150391 67.7747573852539 67.1249847412109
64.6866226196289 64.9123458862305 65.2099533081055 65.7594680786133 66.0363311767578 65.6740875244141 65.7868576049805 66.1914825439453 66.1219482421875 66.1442794799805 66.1567077636719 66.04541015625 66.2704315185547 66.6347732543945 -3.4e+38 -3.4e+38 -3.4e+38 67.2754211425781 67.5107192993164 67.7274551391602 67.8667373657227 67.8131866455078 68.0374298095703 67.7955017089844 67.9753265380859 68.2426681518555 68.3412094116211 68.7717437744141 68.9185791015625 68.8534927368164 68.9192428588867 68.889030456543 69.087043762207 69.1242828369141 69.2328643798828 69.3015365600586 69.1368789672852 69.1667709350586 68.9390258789062 69.0604476928711 69.1043472290039 68.7570877075195 68.4516296386719 68.280029296875 68.1793746948242 67.7214889526367 67.8274917602539 67.6080932617188 67.1750869750977
65.0320739746094 64.9649429321289 65.3511047363281 65.6030883789062 65.5800628662109 65.4541397094727 65.7763900756836 66.2264633178711 66.1126403808594 66.0046539306641 66.1778564453125 66.2539367675781 66.1337661743164 66.5727005004883 66.5444717407227 -3.4e+38 -3.4e+38 67.1465682983398 67.1354675292969 67.3175888061523 67.6653671264648 67.7807006835938 68.0639190673828 68.125862121582 68.1457977294922 68.4010848999023 68.352424621582 68.6670913696289 68.7565383911133 68.8753967285156 68.8772506713867 69.058967590332 69.1500396728516 69.3079452514648 69.44873046875 69.4256744384766 69.2655181884766 69.54052734375 69.2362442016602 69.1610946655273 69.0159454345703 68.7568054199219 68.494010925293 68.3177947998047 68.3386993408203 67.7918930053711 67.8088836669922 68.0350799560547 67.4696578979492
65.2162628173828 64.874153137207 65.3952178955078 65.3857955932617 65.5884857177734 65.8062438964844 65.8407821655273 66.2433700561523 66.0537643432617 66.3695068359375 66.2372970581055 66.4919128417969 66.6834106445312 66.8204116821289 66.42724609375 66.6314239501953 67.2980575561523 67.2686080932617 67.2940521240234 67.4328536987305 67.9112701416016 68.0387191772461 68.1488723754883 68.3713989257812 68.2045593261719 68.3558197021484 68.1679153442383 68.6292877197266 68.7430572509766 68.9598693847656 69.004035949707 69.0244216918945 69.1974868774414 69.4418182373047 69.4919357299805 69.4710998535156 69.368278503418 69.1782379150391 69.117317199707 69.3082427978516 69.1770324707031 68.8069915771484 68.5143585205078 68.6811828613281 68.5066452026367 68.3742523193359 68.0850372314453 67.903205871582 67.3986434936523
65.2055969238281 65.233268737793 65.4384231567383 65.2840118408203 65.5152206420898 65.7466201782227 -3.4e+38 65.9751434326172 66.3352508544922 66.3677139282227 66.0070266723633 66.4388961791992 66.7030334472656 66.5861282348633 66.4452438354492 66.6723785400391 67.3127593994141 67.2424087524414 67.1694183349609 67.4282913208008 67.9658126831055 67.7327575683594 68.1212005615234 68.4491577148438 68.319206237793 68.1576156616211 68.0635223388672 68.7603225708008 68.8346939086914 69.0272903442383 69.0087585449219 69.0165557861328 69.3931350708008 69.4755630493164 69.532844543457 69.4437408447266 69.3789825439453 69.1393661499023 69.1040191650391 69.175163269043 69.301025390625 69.0377349853516 68.7827453613281 68.8234786987305 68.6183929443359 68.3777313232422 68.4996490478516 68.3545989990234 67.5134887695312
65.1646499633789 65.3815536499023 65.4955520629883 65.2849502563477 65.5407638549805 65.6473922729492 65.7052307128906 65.8688354492188 66.0637664794922 66.1665344238281 66.3677749633789 66.463623046875 66.7062072753906 66.5452194213867 66.6941986083984 66.8487014770508 67.1070175170898 67.089714050293 67.1168594360352 67.434684753418 67.8528213500977 67.4410171508789 68.0949020385742 68.2712020874023 68.3156585693359 68.1865539550781 68.3770294189453 68.676383972168 68.6485214233398 69.0107116699219 69.1463165283203 69.0463638305664 69.245361328125 69.160514831543 69.2953338623047 69.4495468139648 69.4523544311523 69.2986755371094 69.4235687255859 69.2232055664062 69.4428558349609 69.1917190551758 68.9824905395508 68.7843856811523 68.5621490478516 68.2141723632812 68.1673431396484 67.9873580932617 67.4194564819336
65.1223983764648 65.1661911010742 65.1733322143555 65.4136123657227 65.6081619262695 65.5680389404297 65.6800384521484 65.7296142578125 65.7902221679688 66.0860824584961 66.2721099853516 66.3735733032227 66.420524597168 66.6308059692383 66.7226181030273 66.9965438842773 66.9726867675781 67.0875930786133 67.210563659668 67.3498229980469 67.7653274536133 67.3181762695312 67.6884078979492 67.9829025268555 68.4552841186523 68.4080123901367 68.5853271484375 68.5878067016602 68.5087738037109 68.9199447631836 -3.4e+38 69.2012252807617 69.1573486328125 69.14306640625 69.2725296020508 69.7365798950195 69.7262725830078 69.5268630981445 69.6816864013672 69.5129089355469 69.6158828735352 69.3223648071289 68.9030075073242 68.6677627563477 68.8147659301758 68.5115127563477 68.0532684326172 68.0157623291016 67.6513900756836
65.0432662963867 64.8785705566406 65.0836639404297 65.5489730834961 -3.4e+38 65.5517349243164 65.6306533813477 65.5884094238281 65.847297668457 66.2993850708008 66.1504364013672 66.1256790161133 66.1128082275391 66.5087127685547 66.4545288085938 66.9776306152344 66.9977493286133 67.1855392456055 67.3197250366211 67.067985534668 -3.4e+38 67.3535690307617 67.4981002807617 67.6171798706055 68.2430191040039 68.2299194335938 68.4134979248047 68.6461029052734 68.4073944091797 68.6843338012695 68.9773712158203 69.1398315429688 69.1471557617188 69.1352081298828 69.1142120361328 69.5021286010742 69.8294525146484 69.7421569824219 69.6424331665039 69.7415161132812 69.6327133178711 69.3668441772461 69.0518646240234 68.9482879638672 69.1806182861328 68.8172836303711 68.2081832885742 68.1079864501953 67.5134811401367
65.1219787597656 65.0180358886719 65.2175216674805 65.6236801147461 65.494758605957 65.6083984375 65.6323318481445 65.8193054199219 65.9205780029297 66.4541168212891 66.2608795166016 66.1815567016602 66.1512069702148 66.4819793701172 66.2074661254883 66.7898712158203 66.8670959472656 67.2195816040039 67.5339050292969 67.2382888793945 67.280517578125 67.4871673583984 67.8122100830078 67.9011383056641 68.1205596923828 68.1482696533203 68.3554306030273 68.526741027832 68.3730392456055 68.4421310424805 68.7790603637695 69.138916015625 69.2083435058594 69.1924209594727 68.9288482666016 69.1026763916016 69.5429534912109 69.7059326171875 69.5879516601562 69.6037216186523 69.6803283691406 69.4561996459961 69.2964935302734 69.3691177368164 69.4416580200195 69.2121734619141 68.6320571899414 68.214973449707 67.4864044189453
65.1017913818359 65.2664337158203 65.2041549682617 65.3616256713867 65.2501678466797 65.6147918701172 65.5490036010742 65.7301330566406 65.9209289550781 66.3370590209961 66.2685012817383 66.2222061157227 66.1265640258789 66.4071197509766 66.3139038085938 66.702392578125 66.7809219360352 67.0273208618164 67.3369293212891 67.3130645751953 67.4068145751953 67.2819595336914 67.7560882568359 68.0667877197266 68.1944808959961 68.1758880615234 68.3026580810547 68.4410552978516 68.4794769287109 68.4874267578125 68.8850936889648 69.248405456543 69.2584381103516 69.2359237670898 69.1658325195312 69.2285919189453 69.2942199707031 69.5978088378906 69.6492309570312 69.4040679931641 69.3936462402344 69.1665496826172 69.1986770629883 69.4133758544922 69.5107345581055 69.3320159912109 68.6131210327148 68.4743041992188 67.9796981811523
65.0441741943359 64.9936752319336 -3.4e+38 65.2450714111328 65.3988189697266 65.8900375366211 65.7590408325195 65.6941375732422 65.9098281860352 65.957145690918 66.0233688354492 66.1395263671875 66.06689453125 66.4541091918945 66.6631698608398 66.8127670288086 66.9789199829102 66.9701843261719 67.4482574462891 67.381965637207 67.2755508422852 67.3819046020508 67.5781860351562 67.8688354492188 67.9787445068359 67.9887161254883 68.205680847168 68.4903030395508 68.4932479858398 68.6134262084961 68.9419021606445 69.0656890869141 69.0957412719727 69.247428894043 69.4030532836914 69.3730010986328 69.4670104980469 69.6578979492188 69.8630905151367 69.664924621582 69.391975402832 69.1989288330078 69.2687149047852 69.3352279663086 69.5424346923828 69.4987487792969 68.6020660400391 68.4733734130859 67.9040374755859
65.0704879760742 64.9878234863281 65.1847763061523 65.3238754272461 65.626106262207 65.9295806884766 65.7041625976562 65.4912567138672 65.8514556884766 66.0634918212891 66.0210189819336 66.1329345703125 66.3883438110352 66.4913635253906 66.5656967163086 66.5859680175781 66.7987365722656 66.9094161987305 67.2971496582031 67.4091491699219 67.3400497436523 67.6483688354492 67.6192016601562 67.8853302001953 67.8360748291016 67.7900543212891 68.1640548706055 68.3598327636719 68.5007019042969 68.6389312744141 68.9074172973633 68.9438323974609 -3.4e+38 -3.4e+38 69.5315704345703 69.3563919067383 69.5096588134766 69.7158508300781 69.8239898681641 69.940788269043 69.8012008666992 69.488899230957 69.3384399414062 69.5836410522461 69.9655532836914 69.6816558837891 68.8149032592773 68.6325912475586 68.0441436767578
65.0015640258789 65.0837783813477 65.0640869140625 65.5519790649414 65.4925155639648 65.4683609008789 65.6502304077148 65.7023239135742 65.8334274291992 66.0073776245117 65.8658676147461 66.141227722168 66.5127487182617 66.5972137451172 66.4913635253906 66.4126052856445 66.675537109375 66.8774948120117 67.1457290649414 67.4476013183594 67.1318435668945 67.4980621337891 67.6494293212891 67.9672012329102 67.9087753295898 67.7924575805664 68.1191253662109 68.2047424316406 68.6372375488281 68.8959197998047 68.898681640625 68.7987670898438 -3.4e+38 69.0938873291016 69.5579223632812 69.5361251831055 69.4719009399414 69.8315658569336 69.8470001220703 69.9668426513672 69.9394149780273 69.7564544677734 69.5839157104492 69.7886657714844 69.9726028442383 69.5366821289062 68.9446563720703 68.8740463256836 68.0258102416992
64.7977676391602 65.0644149780273 65.17919921875 65.7003936767578 65.6443328857422 65.2655715942383 65.5975646972656 65.9384078979492 66.0449752807617 65.9566192626953 65.8150939941406 65.9484405517578 66.3087844848633 66.5002899169922 66.7368469238281 66.4603881835938 66.6968231201172 66.6678009033203 67.0041351318359 67.4919281005859 67.1971130371094 67.2760162353516 67.4294662475586 67.7204055786133 67.793701171875 68.0114517211914 68.2537384033203 68.2188262939453 68.5619888305664 68.8409652709961 68.8566131591797 68.9615859985352 -3.4e+38 69.0619888305664 69.3397216796875 69.5724945068359 69.4749069213867 69.8650588989258 69.7515258789062 69.8910064697266 69.8712463378906 70.0080642700195 69.9756317138672 69.8350372314453 69.8710556030273 69.6011962890625 68.9126281738281 68.7972412109375 67.9468002319336
64.6551971435547 65.0957489013672 65.3178024291992 65.5439147949219 65.5966949462891 65.6455154418945 65.6636505126953 65.9747772216797 65.8709869384766 65.7612609863281 65.8124237060547 65.9222640991211 66.338134765625 66.304328918457 66.8641128540039 66.5015411376953 66.5969772338867 66.471923828125 66.6264495849609 67.0578155517578 67.4121246337891 67.3142318725586 67.2761077880859 -3.4e+38 67.732551574707 68.0718994140625 68.2567977905273 68.3433532714844 68.3942642211914 68.5007247924805 68.6791763305664 69.0758972167969 69.1191101074219 69.0642395019531 69.0662384033203 69.2770233154297 69.6216201782227 69.7655410766602 69.6512832641602 69.8830032348633 69.7329864501953 70.0294647216797 70.3256072998047 70.0711898803711 70.1575469970703 69.4984283447266 68.722053527832 68.651725769043 68.2631378173828
