rcp8.5models/CNRM-CM5/sc1gr0.30
NCOLS 261 
NROWS 433 
XLLCORNER 336357.134 
YLLCORNER 654653.479 
CELLSIZE 1000 
NODATA_value -3.4e+38 
[rows 352 to 373 of 433, columns 196 to 244 of 261]
78.6115036010742 78.5286865234375 78.4853057861328 78.501579284668 78.2799224853516 78.1218185424805 78.1522674560547 77.662223815918 77.3122100830078 77.0007019042969 76.7106628417969 76.6716232299805 76.5649490356445 76.5541152954102 76.2308120727539 75.9505004882812 75.6120071411133 75.613883972168 75.5944671630859 75.5504913330078 75.4102401733398 75.5754089355469 75.7021942138672 75.0835113525391 75.0543365478516 74.9442367553711 74.8491744995117 74.7698440551758 74.8312301635742 74.485221862793 73.9523773193359 73.8698196411133 73.9408264160156 73.6469268798828 73.7826385498047 73.8095932006836 73.7131805419922 73.4403381347656 73.6658935546875 73.334831237793 73.09619140625 72.7948455810547 72.5859298706055 -3.4e+38 -3.4e+38 -3.4e+38 -3.4e+38 72.3623809814453 72.0735626220703
78.4043045043945 78.3353500366211 78.144287109375 78.1670608520508 77.9289703369141 77.8445434570312 77.7637252807617 77.2540893554688 77.0995635986328 76.8797454833984 76.7470397949219 76.6031112670898 76.5735244750977 76.4960632324219 76.0941314697266 75.9713668823242 75.6368942260742 75.5669326782227 75.2948532104492 75.2749710083008 75.2287063598633 75.3609313964844 75.3784866333008 74.8123092651367 74.7951126098633 74.699333190918 74.604866027832 74.5155563354492 74.5443267822266 74.3547744750977 73.854621887207 73.7920227050781 73.7599105834961 73.5187149047852 73.6820526123047 73.5808868408203 73.4699783325195 73.3079223632812 73.3124313354492 73.2591094970703 -3.4e+38 -3.4e+38 -3.4e+38 -3.4e+38 -3.4e+38 -3.4e+38 -3.4e+38 72.209716796875 71.7130279541016
78.0705184936523 78.1050262451172 77.9946060180664 77.8917541503906 77.7040405273438 77.5415344238281 77.6686248779297 77.3353729248047 77.1113967895508 76.9855422973633 76.8283920288086 76.5952301025391 76.4347915649414 76.2878112792969 76.1104049682617 75.9899139404297 75.7265090942383 75.4489517211914 75.1668548583984 75.0504608154297 75.0314254760742 75.0873489379883 74.9820861816406 74.6632995605469 74.5538330078125 74.4033660888672 74.3245849609375 74.2801208496094 74.2359848022461 74.1837310791016 73.9004898071289 73.6437911987305 73.6269454956055 73.3703689575195 73.513298034668 73.4009246826172 73.3255310058594 73.2791595458984 73.2389755249023 -3.4e+38 -3.4e+38 -3.4e+38 -3.4e+38 -3.4e+38 -3.4e+38 -3.4e+38 -3.4e+38 -3.4e+38 71.7703094482422
77.8152084350586 77.900764465332 77.8686294555664 77.8008575439453 77.5297927856445 77.4014892578125 77.5231552124023 77.3883056640625 77.3657760620117 76.9585647583008 76.6498794555664 76.4783554077148 76.4120788574219 76.2264099121094 75.9835205078125 75.8394393920898 75.7354507446289 75.4245910644531 75.0503540039062 74.8646621704102 74.7984924316406 74.818359375 74.7485504150391 74.5752944946289 74.3890380859375 74.3024063110352 74.2227478027344 74.145263671875 73.9901275634766 74.0133972167969 73.723991394043 73.4787826538086 73.5158081054688 73.2141494750977 73.2657089233398 73.2063674926758 73.2833404541016 73.0766754150391 -3.4e+38 -3.4e+38 -3.4e+38 -3.4e+38 -3.4e+38 -3.4e+38 -3.4e+38 -3.4e+38 -3.4e+38 -3.4e+38 -3.4e+38
77.7550659179688 77.8201293945312 77.726692199707 77.6467361450195 77.3331680297852 77.1686172485352 77.2758026123047 77.1819839477539 77.3674926757812 76.9155578613281 76.4912414550781 76.2574920654297 76.2627487182617 76.2274780273438 75.9423675537109 75.8078842163086 75.6810455322266 75.7196197509766 75.0441360473633 74.8577346801758 74.6329727172852 74.5512161254883 74.508544921875 74.4505462646484 74.3241195678711 74.1694946289062 73.9375534057617 73.8448028564453 73.7586822509766 73.7782287597656 73.5141906738281 73.395393371582 73.3091354370117 73.1075210571289 73.1165924072266 73.0348892211914 -3.4e+38 -3.4e+38 -3.4e+38 -3.4e+38 -3.4e+38 -3.4e+38 -3.4e+38 -3.4e+38 -3.4e+38 -3.4e+38 -3.4e+38 -3.4e+38 -3.4e+38
77.7159576416016 77.6870346069336 77.4963150024414 77.3888702392578 76.9994506835938 76.9245376586914 77.0342788696289 76.8002166748047 76.9362640380859 76.6469879150391 76.2596130371094 76.0427627563477 76.047966003418 75.9309158325195 75.8901290893555 75.7946548461914 75.5732498168945 75.5683898925781 75.0921936035156 74.8032379150391 74.4372253417969 74.3346786499023 74.3396148681641 74.3405075073242 74.1749572753906 74.0045013427734 73.6810684204102 73.6092910766602 73.6137237548828 73.6407775878906 73.492561340332 73.3310623168945 73.0323486328125 72.9807739257812 72.8569564819336 72.8335723876953 -3.4e+38 -3.4e+38 -3.4e+38 -3.4e+38 -3.4e+38 -3.4e+38 -3.4e+38 -3.4e+38 -3.4e+38 -3.4e+38 -3.4e+38 -3.4e+38 -3.4e+38
77.6667404174805 77.5034561157227 77.1777572631836 77.0369033813477 76.688835144043 76.7555465698242 76.8861389160156 76.5075607299805 76.5550384521484 76.3212203979492 76.0232849121094 75.9082794189453 75.9082412719727 75.6428985595703 75.5377349853516 75.6578674316406 75.5646820068359 75.3976516723633 74.8972396850586 74.6417617797852 74.4127655029297 74.3721694946289 74.1900634765625 74.1775665283203 74.1114044189453 73.8957748413086 73.7526092529297 73.8177871704102 73.5708923339844 73.4823760986328 73.3845901489258 73.1993103027344 72.9660949707031 72.7497863769531 72.6495513916016 -3.4e+38 -3.4e+38 -3.4e+38 -3.4e+38 -3.4e+38 -3.4e+38 -3.4e+38 -3.4e+38 -3.4e+38 -3.4e+38 -3.4e+38 -3.4e+38 -3.4e+38 -3.4e+38
77.3627471923828 77.2236175537109 76.8665161132812 76.738639831543 76.3798217773438 76.3663940429688 76.7055358886719 76.2406997680664 76.1876831054688 76.0764007568359 75.8509674072266 75.6264495849609 75.6410217285156 75.5062103271484 75.266242980957 75.3453063964844 75.3279495239258 75.3385009765625 74.7402114868164 74.5955123901367 74.5432586669922 74.3958282470703 74.0988845825195 74.1098327636719 73.9863586425781 73.9566879272461 73.9337997436523 73.9229736328125 73.5826797485352 73.4328689575195 73.2424545288086 73.1051864624023 73.0230407714844 72.5990524291992 72.5889434814453 72.5598983764648 -3.4e+38 -3.4e+38 -3.4e+38 -3.4e+38 -3.4e+38 -3.4e+38 -3.4e+38 -3.4e+38 -3.4e+38 -3.4e+38 -3.4e+38 -3.4e+38 -3.4e+38
76.8142471313477 77.0937194824219 76.8724975585938 76.4566268920898 76.0889282226562 75.8975448608398 75.849479675293 75.5899887084961 75.6147155761719 75.6391677856445 75.3325958251953 75.1794357299805 75.1667175292969 74.9874725341797 74.9335861206055 74.8402481079102 74.7671890258789 74.8908843994141 74.8539733886719 74.4604187011719 74.3765411376953 74.3327255249023 74.489372253418 74.7462463378906 74.1398620605469 74.095832824707 73.9123687744141 73.6678009033203 73.4740524291992 73.3698196411133 73.1423721313477 73.1229705810547 72.7453842163086 72.5795059204102 72.3800964355469 72.2797622680664 -3.4e+38 -3.4e+38 -3.4e+38 -3.4e+38 -3.4e+38 -3.4e+38 -3.4e+38 -3.4e+38 -3.4e+38 -3.4e+38 -3.4e+38 -3.4e+38 -3.4e+38
76.4416809082031 76.6934814453125 76.6150512695312 76.3155288696289 76.0925598144531 75.8219299316406 75.6575241088867 75.3708343505859 75.2654037475586 75.306999206543 75.1119995117188 75.2027740478516 75.522590637207 75.2933044433594 74.6348114013672 74.6177597045898 74.6829223632812 74.6817092895508 74.7519607543945 74.3676986694336 74.3449478149414 74.6363830566406 75.0923233032227 75.2027969360352 74.1754608154297 73.8137512207031 73.5955581665039 73.4959869384766 73.1497039794922 73.2257843017578 73.2022247314453 73.0510864257812 72.724609375 72.4395751953125 72.3451309204102 72.2801132202148 71.9158630371094 -3.4e+38 -3.4e+38 -3.4e+38 -3.4e+38 -3.4e+38 -3.4e+38 -3.4e+38 -3.4e+38 -3.4e+38 -3.4e+38 -3.4e+38 -3.4e+38
76.0830001831055 76.1589965820312 76.0572662353516 75.9701614379883 76.0330276489258 75.7311248779297 75.4462661743164 75.1760711669922 75.0317153930664 75.0595474243164 74.917594909668 74.9383316040039 75.3234405517578 75.655387878418 74.4268493652344 74.3373641967773 74.5123901367188 74.3943939208984 74.5021667480469 74.3901672363281 74.3655319213867 74.6281509399414 74.8675384521484 74.6202697753906 74.3559417724609 73.6584777832031 73.3500671386719 73.2857894897461 72.8960723876953 73.1401824951172 73.007926940918 73.0208053588867 72.6524429321289 72.4214172363281 72.3666076660156 72.0614242553711 71.8566818237305 71.7979431152344 71.7087097167969 71.7806930541992 71.5315933227539 -3.4e+38 -3.4e+38 -3.4e+38 -3.4e+38 -3.4e+38 -3.4e+38 -3.4e+38 -3.4e+38
75.7952880859375 75.8282318115234 75.7812652587891 75.6601943969727 75.7292098999023 75.5114822387695 75.3318634033203 74.9698944091797 74.8996963500977 74.9521179199219 74.7325286865234 74.5149307250977 74.6004333496094 74.9902725219727 74.2338027954102 74.1269378662109 74.3142166137695 74.123908996582 74.2287292480469 74.2586898803711 74.2898941040039 74.3910140991211 74.210205078125 74.0580596923828 73.9876251220703 73.4454879760742 73.2003479003906 72.9641723632812 72.8837661743164 72.8940048217773 72.8087158203125 72.7156219482422 72.4662399291992 72.3550338745117 72.1139221191406 71.8125762939453 71.8303985595703 71.7057647705078 71.6291885375977 71.5812149047852 71.3703155517578 71.3150024414062 -3.4e+38 -3.4e+38 -3.4e+38 -3.4e+38 -3.4e+38 -3.4e+38 -3.4e+38
75.5602188110352 75.5715026855469 75.5552825927734 75.3775100708008 75.2839202880859 75.177360534668 75.079704284668 74.7762832641602 74.6703414916992 74.7582321166992 74.7125015258789 74.6333389282227 74.5099334716797 74.2415237426758 73.991325378418 73.9634399414062 74.1117401123047 74.0255355834961 74.0105895996094 74.0694808959961 74.0746688842773 74.2265472412109 73.9391479492188 73.6757125854492 73.431282043457 73.1493377685547 72.9353408813477 72.7764434814453 72.7689437866211 72.5816040039062 72.4470443725586 72.4094772338867 72.3319244384766 72.2330474853516 71.8210220336914 71.7588348388672 71.7656326293945 71.6083831787109 71.5112915039062 71.3655319213867 71.3516540527344 71.2226486206055 71.1747360229492 -3.4e+38 -3.4e+38 -3.4e+38 -3.4e+38 -3.4e+38 -3.4e+38
75.3440933227539 75.3678359985352 75.3076705932617 75.1747589111328 74.9993591308594 74.8290252685547 74.7787017822266 74.5416030883789 74.3874282836914 74.4261474609375 74.4716186523438 74.4986190795898 74.2884902954102 73.9429244995117 73.7506637573242 73.7838973999023 73.7919387817383 73.8630218505859 73.9190521240234 73.7731704711914 73.7034683227539 73.955451965332 73.662712097168 73.4016952514648 73.2237319946289 73.0574264526367 72.8520660400391 72.6528015136719 72.5471115112305 72.3694686889648 72.1633605957031 72.1522521972656 72.1544494628906 72.0806884765625 71.7026290893555 71.7326049804688 71.6620330810547 71.4534301757812 71.2842330932617 71.1814651489258 71.1965789794922 71.0567855834961 71.1164093017578 71.0210800170898 70.8626556396484 -3.4e+38 -3.4e+38 -3.4e+38 -3.4e+38
75.0867462158203 75.1520843505859 75.1250305175781 75.0009460449219 74.8586120605469 74.6796035766602 74.5951919555664 74.4265289306641 74.1768112182617 74.0998458862305 74.0574188232422 73.9960784912109 73.84423828125 73.6166839599609 73.5686187744141 73.7186050415039 73.5045623779297 73.5567855834961 73.8595809936523 73.5581436157227 73.4637756347656 73.60693359375 73.3590240478516 73.2861404418945 73.1290588378906 73.1423873901367 72.9803466796875 72.7208862304688 72.7004623413086 72.1913833618164 72.0423355102539 71.9364547729492 71.9169998168945 71.8084030151367 71.6233978271484 71.7327423095703 71.4818801879883 71.3204116821289 71.163330078125 71.0613174438477 71.1264343261719 70.9974517822266 70.9424438476562 70.8858032226562 70.7041702270508 -3.4e+38 -3.4e+38 -3.4e+38 -3.4e+38
74.8197631835938 74.8846435546875 74.8953552246094 74.8921661376953 74.7158660888672 74.5266799926758 74.4118804931641 74.2722625732422 73.9761962890625 73.8623123168945 73.8930206298828 73.7228393554688 73.5449676513672 73.3889846801758 73.436149597168 73.461784362793 73.3223571777344 73.3654174804688 73.6132354736328 73.4116744995117 73.2879180908203 73.324348449707 73.1506271362305 72.9714889526367 72.9761962890625 73.0159378051758 72.9955825805664 72.6870346069336 72.6560287475586 72.1765823364258 71.9116744995117 71.8337249755859 71.7804183959961 71.6518783569336 71.56884765625 71.6521530151367 71.3066864013672 71.1494598388672 71.1161422729492 71.1249542236328 71.0880432128906 70.9112014770508 70.7215728759766 70.7053833007812 70.5898056030273 70.4594802856445 -3.4e+38 -3.4e+38 -3.4e+38
74.5529708862305 74.6283798217773 74.6817855834961 74.7069091796875 74.5234680175781 74.3023300170898 74.1768646240234 74.0107116699219 73.8786392211914 73.7548065185547 73.731559753418 73.4982452392578 73.3491516113281 73.2889709472656 73.2774200439453 73.1322479248047 73.2256240844727 73.2035293579102 73.2959518432617 73.2252044677734 73.0422210693359 73.0244979858398 73.0672073364258 72.7088470458984 72.5339126586914 72.7856292724609 72.895149230957 72.5375595092773 72.2554016113281 72.1252822875977 71.8963470458984 71.7599411010742 71.5752868652344 71.4260711669922 71.5956573486328 71.4062042236328 71.2118301391602 71.0660171508789 71.0288619995117 71.0433807373047 70.9597854614258 70.6469802856445 70.5155944824219 70.5832824707031 70.4998626708984 -3.4e+38 -3.4e+38 -3.4e+38 -3.4e+38
74.3407745361328 74.3682403564453 74.5231628417969 74.3760375976562 74.275016784668 74.1292343139648 74.0103073120117 73.8135986328125 73.7772979736328 73.636589050293 73.5424118041992 73.2919082641602 73.2070693969727 73.1387100219727 73.0872039794922 72.8826446533203 72.9149627685547 73.0729141235352 73.1269760131836 73.0680541992188 72.8344345092773 72.8790969848633 72.8421096801758 72.5049743652344 72.2233505249023 72.3655776977539 72.4466705322266 72.2802047729492 71.9412231445312 71.9669723510742 71.7616119384766 71.4819259643555 71.3381195068359 71.2963333129883 71.3887634277344 71.2104110717773 71.1255569458008 71.0465698242188 70.9949569702148 70.8751373291016 70.8228378295898 70.4125518798828 70.4260177612305 70.4705276489258 70.303581237793 -3.4e+38 -3.4e+38 -3.4e+38 -3.4e+38
74.0386428833008 74.2190551757812 74.3018798828125 74.0458602905273 74.0288162231445 73.9552841186523 73.8583526611328 73.6186065673828 73.3907623291016 73.3008193969727 73.3083801269531 73.1777114868164 73.0248260498047 72.939338684082 72.8361282348633 72.6620712280273 72.5475158691406 72.7920608520508 72.8448333740234 72.7648010253906 72.5894546508789 72.6766738891602 72.4400100708008 72.2833938598633 72.1408996582031 71.9344024658203 71.9659652709961 71.9254913330078 71.7517623901367 71.8760681152344 71.5451126098633 71.2835998535156 71.173698425293 71.181640625 71.0556488037109 71.1465301513672 70.9960403442383 70.9943923950195 70.9377136230469 70.8024673461914 70.5980224609375 70.3739624023438 70.3890228271484 70.261360168457 -3.4e+38 -3.4e+38 -3.4e+38 -3.4e+38 -3.4e+38
73.7689361572266 73.7634811401367 73.6390609741211 73.6016006469727 73.4546127319336 73.3806076049805 73.3676452636719 73.1812591552734 73.0000762939453 72.9247360229492 72.8543853759766 72.6911392211914 72.5858688354492 72.5258636474609 72.4100799560547 72.3549194335938 72.4042587280273 72.3425827026367 72.2465057373047 72.2292251586914 72.1521606445312 72.1197891235352 72.1004791259766 71.9809875488281 71.7316589355469 71.6803359985352 71.5757369995117 71.3645706176758 71.1989364624023 71.2368469238281 70.9439086914062 70.9695129394531 70.9183120727539 70.8106536865234 70.593147277832 70.6091384887695 70.7356643676758 70.5949325561523 70.6220397949219 70.5221481323242 70.3353576660156 70.1525421142578 70.0831909179688 -3.4e+38 -3.4e+38 -3.4e+38 -3.4e+38 -3.4e+38 -3.4e+38
73.4454879760742 73.3256072998047 73.4368743896484 73.3265762329102 73.1285247802734 73.0460968017578 73.1829299926758 73.106819152832 72.8392791748047 72.7056884765625 72.6382751464844 72.3819427490234 72.3877182006836 72.2850646972656 72.2425079345703 72.1122589111328 72.2581253051758 72.1689758300781 72.0380554199219 72.0688171386719 71.9209594726562 72.0298461914062 71.8652572631836 71.7161483764648 71.5070953369141 71.4887161254883 71.3550186157227 71.1924057006836 71.0543670654297 71.0373687744141 70.8351821899414 70.790641784668 70.7446517944336 70.6374588012695 70.4277191162109 70.4743347167969 70.4849243164062 70.4216690063477 70.4542694091797 70.43310546875 70.2244491577148 69.9473724365234 -3.4e+38 -3.4e+38 -3.4e+38 -3.4e+38 -3.4e+38 -3.4e+38 -3.4e+38
73.2737884521484 73.1488494873047 73.1389694213867 73.0806427001953 72.9396514892578 72.7955322265625 72.8858489990234 72.8985824584961 72.6582641601562 72.367431640625 72.3737945556641 72.258430480957 72.1556549072266 72.0121383666992 71.9441299438477 71.8817443847656 72.1368789672852 71.9609756469727 71.7729568481445 71.7925796508789 71.6237258911133 71.7566375732422 71.5556564331055 71.4030532836914 71.3313980102539 71.27734375 71.190071105957 71.0759429931641 71.0225067138672 70.9004364013672 70.8028106689453 70.6103591918945 70.5718765258789 70.5355682373047 70.2903747558594 -3.4e+38 70.2774200439453 -3.4e+38 70.2958374023438 70.4274673461914 70.2404251098633 -3.4e+38 -3.4e+38 -3.4e+38 -3.4e+38 -3.4e+38 -3.4e+38 -3.4e+38 -3.4e+38
