rcp8.5models/CNRM-CM5/sc1gr3.30
NCOLS 261 
NROWS 433 
XLLCORNER 336357.134 
YLLCORNER 654653.479 
CELLSIZE 1000 
NODATA_value -3.4e+38 
[rows 264 to 285 of 433, columns 196 to 244 of 261]
267.888427734375 268.374359130859 269.548828125 269.103240966797 270.420806884766 271.194274902344 271.885559082031 270.943572998047 271.859436035156 271.010009765625 269.682525634766 266.952514648438 264.771484375 261.764862060547 254.366119384766 250.560180664062 252.762054443359 257.449615478516 263.859375 264.501739501953 264.591827392578 263.109741210938 257.938293457031 252.096801757812 257.048583984375 263.766143798828 263.705230712891 263.98193359375 265.404968261719 265.94873046875 261.512023925781 262.462951660156 -3.4e+38 -3.4e+38 265.846466064453 266.193237304688 266.423828125 266.556976318359 266.507659912109 266.700317382812 266.277038574219 266.144317626953 266.710601806641 266.707397460938 266.819396972656 266.759674072266 266.739105224609 266.813659667969 266.680206298828
269.049072265625 268.872528076172 268.139404296875 269.188873291016 270.52783203125 271.662292480469 271.511871337891 270.393493652344 271.089050292969 270.162078857422 269.487365722656 268.35693359375 264.708709716797 262.121368408203 256.572296142578 255.361663818359 259.831604003906 261.114990234375 264.060180664062 264.709106445312 264.285003662109 263.228973388672 259.81494140625 257.085723876953 259.259582519531 264.35693359375 264.339782714844 265.187835693359 265.609649658203 266.004425048828 265.742553710938 265.691589355469 265.410003662109 265.474578857422 265.716217041016 265.636108398438 266.049072265625 265.979431152344 265.907165527344 266.190826416016 266.102172851562 266.277954101562 267.043853759766 266.965972900391 266.789733886719 266.842559814453 266.897216796875 266.934173583984 266.727569580078
270.892944335938 270.890808105469 270.736541748047 270.852325439453 271.346282958984 271.703857421875 271.033355712891 267.437896728516 264.645294189453 267.128326416016 269.63720703125 268.478546142578 264.347259521484 262.907318115234 260.574371337891 260.351409912109 259.729248046875 262.354370117188 263.864532470703 263.05908203125 261.928283691406 261.292877197266 264.162628173828 264.250762939453 263.771514892578 263.297576904297 263.594116210938 262.651489257812 264.099243164062 264.536773681641 265.558807373047 264.94775390625 264.768798828125 264.955657958984 265.138488769531 265.069702148438 265.769622802734 265.835113525391 265.619110107422 266.050354003906 266.162567138672 266.968658447266 266.945129394531 266.836853027344 266.717254638672 266.640502929688 266.328125 266.412780761719 266.219360351562
270.738555908203 271.189727783203 271.436584472656 271.552947998047 271.657165527344 271.616271972656 270.704498291016 267.250457763672 263.308624267578 265.988861083984 270.033935546875 268.58740234375 263.844909667969 260.304046630859 254.854248046875 256.337493896484 257.755523681641 262.672149658203 256.879974365234 255.751556396484 256.754669189453 257.910888671875 263.648223876953 262.04541015625 261.349700927734 263.757629394531 264.062805175781 263.168701171875 262.874938964844 263.569641113281 265.030456542969 264.135040283203 264.158508300781 264.434478759766 264.867553710938 265.186706542969 265.854187011719 265.915649414062 266.088134765625 266.479888916016 266.670196533203 266.977630615234 266.892852783203 266.691253662109 266.746978759766 266.519256591797 265.850646972656 265.997619628906 265.960876464844
270.631988525391 270.941314697266 270.866180419922 271.180084228516 271.420715332031 271.589538574219 270.186920166016 264.469390869141 263.447265625 266.536346435547 269.93359375 269.810974121094 266.454467773438 261.259063720703 255.749603271484 254.219970703125 256.512084960938 263.34033203125 246.15055847168 247.846786499023 253.23551940918 258.152008056641 263.157806396484 261.760894775391 261.290771484375 263.763671875 264.068878173828 263.306640625 262.642974853516 263.176300048828 264.125274658203 263.305511474609 263.55908203125 264.202301025391 265.030151367188 265.457153320312 265.445587158203 265.794311523438 266.361511230469 266.897430419922 267.014526367188 266.68603515625 266.420959472656 266.541412353516 266.707733154297 266.5908203125 266.199096679688 266.036193847656 266.353881835938
270.278381347656 270.031127929688 270.061676025391 270.847991943359 271.360595703125 271.485443115234 269.009552001953 261.188171386719 261.918731689453 266.137329101562 269.358947753906 270.22021484375 268.459136962891 263.765289306641 261.335113525391 258.048645019531 259.392028808594 263.420043945312 246.816024780273 246.905151367188 250.109634399414 254.721145629883 262.187164306641 263.044281005859 262.827026367188 263.363189697266 263.204528808594 262.919036865234 262.65625 262.871337890625 262.273254394531 261.363555908203 262.732147216797 264.873687744141 265.481567382812 265.757720947266 265.583221435547 265.881927490234 266.2861328125 266.868743896484 267.004241943359 266.339233398438 265.994384765625 266.096221923828 266.327667236328 266.276489257812 266.268432617188 266.117980957031 266.4658203125
269.97802734375 269.537231445312 270.045196533203 271.007263183594 271.459320068359 271.155426025391 269.778381347656 261.563415527344 260.163391113281 264.028991699219 269.288848876953 270.098846435547 268.6201171875 264.047149658203 263.253936767578 262.206787109375 262.657470703125 262.978149414062 250.434219360352 244.994644165039 244.49040222168 246.783905029297 257.237396240234 263.060699462891 262.520690917969 261.941131591797 261.606567382812 262.915344238281 263.020935058594 262.566040039062 257.300689697266 259.195068359375 263.935852050781 265.466339111328 265.886596679688 265.892547607422 265.977722167969 266.104431152344 266.465881347656 266.9150390625 266.829193115234 266.176422119141 265.909210205078 265.716918945312 265.922912597656 266.074005126953 266.020568847656 266.15234375 266.790283203125
269.954010009766 269.621826171875 269.8916015625 270.920257568359 271.396911621094 270.502868652344 269.612396240234 264.987976074219 260.500152587891 263.144866943359 269.210266113281 270.217071533203 268.976257324219 263.83544921875 262.747009277344 262.675323486328 262.721771240234 262.371002197266 246.481750488281 240.989151000977 237.945663452148 239.747817993164 247.208343505859 254.081619262695 259.055450439453 259.936645507812 260.871856689453 263.452423095703 263.645416259766 262.953033447266 260.497436523438 262.847290039062 265.806396484375 265.909698486328 265.999877929688 265.947601318359 266.107849121094 266.171356201172 266.536193847656 266.545623779297 266.40673828125 266.082275390625 265.776153564453 265.617218017578 265.628479003906 266.042541503906 265.968353271484 266.161315917969 266.879577636719
269.526000976562 269.391723632812 268.858062744141 270.851837158203 270.979858398438 268.982818603516 262.860778808594 263.950469970703 264.993041992188 265.245819091797 266.611206054688 269.649719238281 268.795715332031 263.848968505859 262.795715332031 262.847625732422 262.498199462891 259.664306640625 249.870788574219 245.073104858398 243.160522460938 238.577270507812 242.517578125 249.374069213867 259.200073242188 259.968231201172 262.790466308594 263.833282470703 263.979583740234 264.024505615234 265.215057373047 265.828582763672 266.023468017578 266.179565429688 266.061614990234 266.088317871094 266.099578857422 266.075714111328 266.117767333984 266.009735107422 266.004760742188 265.524780273438 265.398284912109 265.692657470703 265.802856445312 266.077941894531 266.340728759766 -3.4e+38 266.908294677734
269.083984375 269.440460205078 269.743957519531 270.793151855469 268.417419433594 264.024383544922 259.833404541016 258.241119384766 266.654846191406 266.658599853516 266.618621826172 269.308929443359 269.559265136719 266.6845703125 262.966583251953 262.301147460938 262.305877685547 260.421966552734 256.858642578125 252.434677124023 254.467437744141 250.374221801758 254.073852539062 257.858001708984 262.276885986328 262.147216796875 264.243469238281 264.196838378906 264.319427490234 264.697906494141 264.480194091797 264.860168457031 265.670013427734 266.215118408203 266.075469970703 265.879302978516 265.961517333984 265.860382080078 265.646057128906 265.807159423828 265.821136474609 264.984161376953 265.181915283203 265.86572265625 265.870208740234 266.088287353516 266.419403076172 266.80078125 267.033843994141
269.408569335938 270.204711914062 270.833374023438 269.602172851562 265.120422363281 259.238189697266 260.060485839844 253.979965209961 264.063720703125 266.670379638672 268.439453125 269.608001708984 270.203155517578 268.642730712891 262.765045166016 261.529266357422 262.065063476562 262.780944824219 255.929092407227 249.675216674805 252.60823059082 252.939514160156 254.658798217773 254.713729858398 255.893081665039 256.443115234375 256.935638427734 262.974487304688 264.169006347656 263.996185302734 264.144104003906 264.822387695312 265.786560058594 266.037628173828 266.033630371094 265.5908203125 265.924896240234 265.907348632812 265.587463378906 265.328582763672 265.266296386719 264.774566650391 265.051574707031 265.847503662109 265.868560791016 265.889678955078 266.158050537109 266.3603515625 266.478820800781
269.9189453125 270.882995605469 270.768829345703 269.600067138672 266.971649169922 262.694732666016 258.718658447266 250.044342041016 261.319763183594 263.41552734375 268.251434326172 269.124755859375 270.042572021484 268.255340576172 262.923828125 261.795471191406 261.746215820312 262.649932861328 255.750259399414 245.366470336914 244.939544677734 245.152816772461 245.92399597168 247.127670288086 248.083953857422 248.212066650391 248.267272949219 253.982208251953 255.641494750977 260.994201660156 264.743286132812 265.450714111328 266.07666015625 265.916229248047 265.565765380859 265.539520263672 265.615936279297 265.701751708984 265.772583007812 265.036285400391 264.620819091797 264.860443115234 265.082672119141 265.375 265.506256103516 265.585571289062 266.184295654297 266.41552734375 266.506713867188
270.113647460938 270.889282226562 270.636108398438 270.610900878906 269.770782470703 266.567626953125 257.294921875 250.355804443359 262.477111816406 264.3330078125 267.518127441406 268.938781738281 269.778472900391 267.3984375 262.918090820312 261.774261474609 260.858032226562 262.367370605469 259.543151855469 253.655151367188 251.986190795898 252.76872253418 251.305282592773 248.055999755859 248.869598388672 249.284942626953 246.716659545898 248.664810180664 248.788314819336 262.057739257812 264.905456542969 265.164489746094 265.484588623047 265.464599609375 265.17529296875 265.378570556641 265.353363037109 265.480560302734 265.501861572266 264.958435058594 264.301727294922 264.995513916016 264.902252197266 264.651306152344 265.012786865234 265.604522705078 266.521057128906 266.720275878906 266.925354003906
270.339141845703 270.414031982422 270.187377929688 270.545257568359 269.931579589844 266.805541992188 257.8125 260.489105224609 266.6103515625 268.083282470703 268.138793945312 269.315185546875 269.294708251953 266.822448730469 265.245971679688 261.980133056641 260.859771728516 261.799865722656 261.412078857422 261.330017089844 260.966857910156 260.304565429688 255.821594238281 250.980422973633 253.837463378906 254.999267578125 249.677139282227 246.13232421875 245.108474731445 258.343872070312 264.782379150391 264.696899414062 264.566284179688 264.897338867188 265.119873046875 265.193481445312 265.321990966797 265.429077148438 265.097991943359 264.469940185547 264.111206054688 265.043792724609 264.889007568359 264.760131835938 265.31982421875 265.93212890625 266.749298095703 266.924041748047 266.994659423828
269.4189453125 268.879913330078 269.166839599609 268.971832275391 268.735015869141 265.865753173828 257.717498779297 267.551483154297 267.893768310547 268.521484375 269.248474121094 269.444427490234 268.351806640625 265.805908203125 264.518798828125 263.866638183594 260.778747558594 261.437438964844 260.503112792969 259.547332763672 261.695159912109 260.507843017578 258.842926025391 256.821716308594 256.973388671875 260.744079589844 253.299072265625 249.791046142578 258.639434814453 264.726806640625 264.02587890625 264.371215820312 264.018341064453 264.356750488281 265.495697021484 265.867797851562 -3.4e+38 265.425354003906 265.120574951172 265.421722412109 265.735046386719 265.572418212891 265.553131103516 265.758666992188 266.315765380859 266.864135742188 267.09814453125 267.040069580078 267.033325195312
268.149658203125 266.147064208984 269.023498535156 267.74609375 266.766937255859 267.522430419922 260.967681884766 264.131500244141 267.757019042969 268.497100830078 269.193725585938 268.975280761719 265.922210693359 259.997650146484 258.189758300781 265.67724609375 261.385406494141 262.069000244141 259.783233642578 257.186981201172 260.871551513672 261.968811035156 261.776763916016 261.621459960938 260.212860107422 -3.4e+38 252.795806884766 252.656356811523 263.715209960938 264.899963378906 263.669342041016 263.612030029297 264.012115478516 264.427276611328 265.329895019531 265.677398681641 266.009155273438 265.813842773438 265.430725097656 265.730926513672 266.120849609375 265.828979492188 265.524505615234 266.062957763672 266.320983886719 266.597412109375 266.662658691406 266.7529296875 267.039916992188
267.912536621094 265.965728759766 268.618225097656 267.881866455078 265.78857421875 266.680541992188 263.434783935547 255.110076904297 261.750152587891 268.527770996094 269.051879882812 268.279113769531 264.189575195312 255.395095825195 254.08544921875 263.339904785156 261.941619873047 262.543487548828 260.728363037109 257.531616210938 258.333740234375 261.877868652344 262.709533691406 -3.4e+38 263.116546630859 -3.4e+38 251.789245605469 256.302734375 264.750061035156 264.573852539062 263.508209228516 263.358276367188 264.050323486328 264.710052490234 265.344146728516 265.672271728516 265.955871582031 266.140686035156 265.869262695312 265.882598876953 266.360137939453 265.9794921875 265.577484130859 265.759643554688 266.362030029297 266.688812255859 266.637390136719 266.846557617188 267.046295166016
267.456573486328 267.249114990234 265.41162109375 262.001342773438 266.945495605469 265.148071289062 262.905456542969 249.654983520508 253.399993896484 264.906707763672 267.876129150391 265.110870361328 263.007781982422 258.307281494141 252.506225585938 258.664031982422 262.456512451172 262.803985595703 260.418914794922 256.415069580078 257.025604248047 261.364318847656 262.077758789062 262.934020996094 -3.4e+38 -3.4e+38 258.097564697266 261.920989990234 264.268157958984 264.233612060547 263.671112060547 264.248077392578 264.639495849609 265.270416259766 -3.4e+38 266.001159667969 266.114898681641 -3.4e+38 266.304504394531 266.209686279297 266.550231933594 266.350646972656 266.192962646484 265.987640380859 266.600433349609 267.038696289062 266.962524414062 267.059539794922 267.052490234375
266.625274658203 263.0439453125 255.474639892578 253.463943481445 264.364013671875 266.199829101562 264.436828613281 249.386810302734 252.736389160156 264.731079101562 263.176483154297 254.028427124023 252.022430419922 257.354766845703 260.334930419922 261.038940429688 261.462921142578 263.166198730469 260.033111572266 255.951766967773 257.288940429688 257.803649902344 261.464782714844 262.963592529297 -3.4e+38 -3.4e+38 263.390960693359 263.853302001953 263.980407714844 264.511901855469 263.915496826172 264.567779541016 264.752746582031 265.257415771484 -3.4e+38 265.402252197266 265.770782470703 -3.4e+38 -3.4e+38 266.659942626953 -3.4e+38 266.480895996094 266.564208984375 266.463806152344 266.613494873047 267.00634765625 267.072631835938 267.065612792969 267.058441162109
265.338989257812 257.597961425781 252.513732910156 252.372314453125 258.591674804688 266.068908691406 264.8173828125 253.624420166016 257.605102539062 265.839080810547 256.437713623047 245.431594848633 239.919799804688 248.513076782227 262.988220214844 265.82470703125 261.463256835938 263.219757080078 261.44140625 258.473205566406 255.764114379883 253.147872924805 258.120300292969 263.042633056641 263.617095947266 264.100982666016 263.533599853516 263.612182617188 264.228271484375 264.913299560547 264.302032470703 264.708068847656 264.600524902344 265.127075195312 265.051910400391 264.645355224609 265.237945556641 266.192596435547 266.630584716797 266.665557861328 266.630828857422 266.631530761719 266.65380859375 266.775268554688 266.744384765625 266.838836669922 266.883666992188 266.923645019531 267.064208984375
262.833587646484 255.053176879883 252.209899902344 251.416793823242 256.198211669922 264.13330078125 263.295623779297 259.149505615234 261.673675537109 264.343597412109 252.974334716797 242.968566894531 237.373779296875 247.040145874023 260.497406005859 266.265167236328 261.995300292969 263.262664794922 262.356658935547 259.082000732422 254.595581054688 254.713272094727 258.778015136719 263.020111083984 263.659149169922 264.245513916016 263.586395263672 263.4130859375 264.170379638672 265.161590576172 264.615356445312 265.289733886719 265.121429443359 265.239196777344 265.071594238281 264.781494140625 265.095642089844 266.226531982422 266.4052734375 266.512451171875 266.696868896484 266.623199462891 266.767028808594 266.938659667969 266.890930175781 266.758178710938 266.751068115234 266.800872802734 266.995452880859
260.5029296875 256.688201904297 251.447525024414 250.72444152832 258.467895507812 263.114501953125 262.940093994141 259.945983886719 259.824401855469 255.636840820312 253.902496337891 245.744293212891 243.373779296875 255.381103515625 265.796173095703 266.720001220703 262.117218017578 263.373352050781 262.674560546875 258.868194580078 255.314331054688 260.252410888672 262.562255859375 263.687316894531 264.074615478516 264.364868164062 263.870819091797 263.413970947266 264.122863769531 265.309173583984 265.067016601562 265.102783203125 265.592376708984 265.770416259766 265.618560791016 265.416961669922 265.365905761719 266.322082519531 266.358184814453 266.494842529297 266.553466796875 266.565216064453 266.704040527344 267.017456054688 266.920562744141 266.837341308594 266.756591796875 266.765838623047 -3.4e+38
