rcp8.5models/CNRM-CM5/sc1gr0.FIL
NCOLS 261 
NROWS 433 
XLLCORNER 336357.134 
YLLCORNER 654653.479 
CELLSIZE 1000 
NODATA_value -3.4e+38 
[rows 286 to 307 of 433, columns 196 to 244 of 261]
80.2183532714844 79.7872848510742 80.5284652709961 80.7367935180664 78.8214492797852 78.1609878540039 78.0016174316406 78.2196350097656 78.7572021484375 81.0323486328125 79.9533462524414 81.8422317504883 81.0015106201172 77.642463684082 74.564826965332 74.3778610229492 74.2066421508789 73.7692718505859 -3.4e+38 74.0612640380859 74.5904693603516 73.167594909668 72.8203201293945 72.3462524414062 71.8721618652344 71.701042175293 71.6249694824219 71.4240036010742 71.3004302978516 70.8793640136719 70.5689010620117 70.6143341064453 70.1940078735352 69.9439086914062 69.6155700683594 69.5256271362305 69.5162048339844 69.1850967407227 69.0056991577148 68.8238525390625 68.7282485961914 68.4907684326172 68.2829055786133 68.1135330200195 67.9978179931641 67.9131393432617 67.7186126708984 67.4436187744141 -3.4e+38
79.88330078125 79.4823150634766 79.617073059082 79.1508941650391 78.6141586303711 78.3300476074219 77.9399948120117 77.8545227050781 78.7594985961914 81.8570861816406 81.6699676513672 82.7168197631836 81.6394805908203 77.8103256225586 74.650276184082 74.2885665893555 74.0828170776367 73.7472152709961 -3.4e+38 74.0614929199219 75.1611022949219 73.4074325561523 73.0004501342773 72.4279708862305 71.9405288696289 71.7565078735352 71.5287780761719 71.322639465332 71.2621612548828 71.0106201171875 -3.4e+38 70.4459838867188 70.2249755859375 69.9935913085938 69.7864379882812 69.5270919799805 69.4717330932617 69.3159332275391 69.2536392211914 69.0158538818359 68.7924957275391 68.4701995849609 68.313362121582 68.1389770507812 68.079345703125 67.8793792724609 67.7629852294922 -3.4e+38 -3.4e+38
79.3553924560547 79.3925704956055 79.6514053344727 79.2450180053711 78.9345016479492 78.4058609008789 77.9832992553711 77.7052383422852 78.793212890625 81.6575393676758 82.0329132080078 82.5185699462891 81.9320373535156 79.313102722168 74.8088531494141 74.3926086425781 74.0757217407227 73.6786117553711 -3.4e+38 74.2054901123047 75.7249298095703 73.5060501098633 72.8632202148438 72.6139907836914 72.2568664550781 72.0017471313477 71.6174926757812 71.4011764526367 71.2445220947266 71.0320129394531 70.4215545654297 70.4306335449219 70.3450088500977 70.1335983276367 69.8309707641602 69.5516967773438 69.4829788208008 69.6037063598633 69.3545303344727 69.0614700317383 68.8955001831055 68.4620666503906 68.3948516845703 68.2739028930664 68.16552734375 68.0641860961914 67.8131484985352 67.5810852050781 67.4993209838867
79.5361709594727 79.3942642211914 79.3700637817383 79.2477111816406 79.1405181884766 78.1921768188477 77.9593658447266 77.7253723144531 78.1136093139648 78.8781280517578 79.9677810668945 81.6234970092773 81.7773132324219 80.7212219238281 74.6976776123047 74.3906402587891 74.2368850708008 73.8488235473633 73.3599319458008 74.2689590454102 75.5330429077148 73.4085540771484 -3.4e+38 -3.4e+38 72.503662109375 -3.4e+38 -3.4e+38 71.447021484375 71.3800888061523 71.114631652832 70.4732818603516 70.4605941772461 70.3086929321289 70.0189971923828 69.7598648071289 69.7041397094727 69.6812973022461 69.6545257568359 69.2779922485352 69.0837326049805 68.9111175537109 68.5733795166016 68.5123977661133 68.3373489379883 68.2842788696289 68.2414474487305 67.9935760498047 67.7098999023438 67.7087707519531
79.5306549072266 79.3069152832031 78.8957595825195 79.5254821777344 81.1532363891602 79.9237747192383 78.0202865600586 77.5044937133789 77.4741439819336 77.1952056884766 77.8120040893555 78.5920867919922 80.3424911499023 81.7650833129883 76.8376693725586 74.2916641235352 74.0467147827148 73.7393646240234 -3.4e+38 73.5756454467773 74.3546371459961 -3.4e+38 -3.4e+38 -3.4e+38 -3.4e+38 -3.4e+38 -3.4e+38 71.9318389892578 71.7231674194336 71.5987319946289 70.8208312988281 70.5679016113281 70.3846740722656 70.2339019775391 70.1630401611328 70.0791320800781 70.1337661743164 70.1009674072266 69.6603927612305 69.2781829833984 69.2636871337891 68.9752044677734 68.6872940063477 68.5627746582031 68.5187225341797 68.5206756591797 68.2365798950195 67.9774932861328 67.7805557250977
79.9625091552734 79.5398101806641 79.0759429931641 79.1118392944336 80.1336898803711 79.830924987793 78.0321960449219 77.43798828125 77.3487167358398 76.959602355957 76.7875595092773 77.0238647460938 78.2999267578125 79.2331695556641 77.2481460571289 74.1117782592773 73.8757171630859 73.7330703735352 -3.4e+38 -3.4e+38 -3.4e+38 -3.4e+38 -3.4e+38 -3.4e+38 -3.4e+38 -3.4e+38 -3.4e+38 72.1646957397461 72.0134887695312 71.7893981933594 70.7969284057617 70.617057800293 70.5865020751953 70.3751678466797 70.3363342285156 70.29052734375 70.3891372680664 70.2110137939453 69.710075378418 69.3998184204102 69.3700180053711 69.246711730957 69.0863265991211 -3.4e+38 68.6017990112305 68.3110809326172 68.1988296508789 67.9822387695312 67.7671051025391
80.3287811279297 80.0089645385742 79.7794647216797 79.2669372558594 78.6780700683594 78.56689453125 78.0694961547852 77.5621871948242 77.1591949462891 76.8703765869141 76.5544204711914 76.3000793457031 75.9814300537109 75.835578918457 75.7261047363281 74.3426284790039 74.0581817626953 73.9754028320312 73.5525283813477 73.4424591064453 73.1036911010742 -3.4e+38 -3.4e+38 72.6879272460938 -3.4e+38 -3.4e+38 -3.4e+38 72.1441497802734 71.9240493774414 71.6596298217773 70.8698959350586 70.6852340698242 70.9255447387695 70.7072067260742 70.4248352050781 70.4319381713867 70.3306655883789 70.1732788085938 69.6526260375977 -3.4e+38 69.4946441650391 69.3637008666992 69.0464935302734 -3.4e+38 68.650276184082 68.4617462158203 68.2982482910156 67.9973449707031 67.8315505981445
80.4216003417969 80.2785949707031 80.2110366821289 79.5666809082031 78.6009063720703 78.3570938110352 78.1388702392578 77.6889877319336 77.0685043334961 76.7004776000977 76.3397216796875 76.0021209716797 75.5391311645508 75.4673309326172 75.5031585693359 74.8576354980469 74.4263687133789 74.1220321655273 73.5905151367188 73.4568557739258 -3.4e+38 -3.4e+38 -3.4e+38 -3.4e+38 -3.4e+38 -3.4e+38 72.3253784179688 72.3271255493164 71.9542999267578 71.6863403320312 70.8683776855469 70.693229675293 70.9471054077148 70.9418411254883 70.7524871826172 70.8411483764648 70.0222244262695 70.0082702636719 69.7665100097656 69.6424713134766 69.6575546264648 69.3135833740234 68.9446258544922 68.8782043457031 68.8592834472656 68.748046875 68.4865951538086 68.1573104858398 67.9358444213867
80.3984375 80.5402069091797 80.6439514160156 79.6444931030273 78.6493988037109 78.3176422119141 78.135856628418 78.2026824951172 78.1294403076172 76.8294143676758 76.1969680786133 75.9587326049805 75.7378768920898 75.7417144775391 75.7459030151367 74.8242416381836 74.4377746582031 74.2632293701172 73.7245330810547 73.3643264770508 -3.4e+38 -3.4e+38 -3.4e+38 -3.4e+38 -3.4e+38 -3.4e+38 72.5445251464844 72.4352188110352 71.9288177490234 71.7218399047852 70.9199523925781 70.9011077880859 70.9671173095703 71.0158157348633 71.0033874511719 -3.4e+38 70.263069152832 70.1226272583008 69.9148178100586 69.722053527832 69.683967590332 69.3481903076172 69.0143737792969 68.9998397827148 68.8251113891602 68.6349258422852 68.4179458618164 68.1904220581055 67.9504013061523
80.0643539428711 80.5425033569336 81.5113983154297 79.8242034912109 78.7534561157227 78.3559494018555 78.2065277099609 78.1418609619141 78.1360168457031 77.082893371582 76.5356369018555 76.2400512695312 76.2324981689453 75.9354400634766 75.9165191650391 74.820068359375 74.5794677734375 74.452392578125 73.8945999145508 73.395637512207 -3.4e+38 -3.4e+38 -3.4e+38 -3.4e+38 -3.4e+38 72.8126373291016 72.7933578491211 72.5492401123047 71.949836730957 71.5890579223633 71.3051528930664 71.2941207885742 71.2075881958008 71.100944519043 70.8031616210938 -3.4e+38 70.5152282714844 70.2517700195312 70.0252075195312 69.856819152832 69.6768646240234 69.3332443237305 69.1289215087891 -3.4e+38 -3.4e+38 68.509521484375 68.3061218261719 68.0847702026367 68.053581237793
79.6905136108398 79.8492584228516 80.6706848144531 79.3394012451172 78.6048355102539 78.3904037475586 78.4938735961914 77.8173828125 77.4687728881836 77.0840835571289 76.8231353759766 76.9174728393555 76.6178817749023 76.4232788085938 76.1284255981445 75.2514572143555 74.8780136108398 74.414436340332 73.6656188964844 -3.4e+38 73.6179656982422 73.4522399902344 -3.4e+38 -3.4e+38 -3.4e+38 72.7385025024414 72.8413772583008 72.3866577148438 71.8668365478516 71.4674758911133 71.5735397338867 71.5739517211914 71.4341125488281 71.100959777832 -3.4e+38 -3.4e+38 70.5781478881836 70.4092254638672 70.0740661621094 70.0725326538086 69.7909317016602 69.3303451538086 -3.4e+38 68.9635009765625 -3.4e+38 68.468132019043 68.2598876953125 68.0601577758789 68.1564636230469
79.4815979003906 79.2722778320312 79.3106307983398 78.9982986450195 78.5392532348633 78.5434417724609 78.6894760131836 78.0878143310547 77.709098815918 77.139778137207 76.9617691040039 77.3224792480469 76.4588088989258 76.6049499511719 76.7550430297852 75.9890747070312 74.9823150634766 74.5784378051758 73.5807876586914 73.6186294555664 73.8428344726562 73.6199493408203 -3.4e+38 73.0681533813477 73.0591049194336 73.0298156738281 73.3713531494141 73.3303527832031 72.0835800170898 71.4958419799805 71.5549697875977 71.6250076293945 71.4973754882812 71.283447265625 71.3082885742188 70.9564743041992 70.7526931762695 70.55517578125 70.2344665527344 70.2106323242188 69.8408355712891 69.4464492797852 69.2923202514648 -3.4e+38 -3.4e+38 68.6968383789062 68.3952560424805 68.2281723022461 68.2115478515625
79.602294921875 79.4172592163086 79.2086029052734 79.0947875976562 78.6670837402344 78.6234893798828 78.6704483032227 78.1709976196289 77.7010803222656 77.4575958251953 77.7497406005859 77.0310821533203 76.2308731079102 76.7653884887695 77.0884246826172 75.9799118041992 74.8595352172852 74.5222320556641 73.9518051147461 73.8776550292969 73.9705963134766 73.7911224365234 -3.4e+38 73.6550140380859 73.9021911621094 73.1597137451172 73.220817565918 73.3206481933594 72.2314071655273 71.7099838256836 71.6732635498047 71.6847152709961 71.3843383789062 71.5057983398438 71.5427856445312 71.1343154907227 70.9429016113281 70.6127166748047 70.4948577880859 70.2255706787109 69.9623641967773 69.5607070922852 69.2333831787109 -3.4e+38 -3.4e+38 68.8163070678711 68.5359802246094 68.4374771118164 68.2486114501953
80.13037109375 79.7910842895508 79.2776641845703 78.9969253540039 78.7310562133789 78.640007019043 78.7998046875 78.096435546875 77.6811294555664 78.2819595336914 80.0370025634766 77.7544937133789 76.2946472167969 76.9006652832031 76.7353973388672 75.420036315918 74.6662521362305 74.2433853149414 74.2845916748047 74.477783203125 74.1740646362305 74.0148544311523 73.7285537719727 74.7787322998047 75.2582168579102 73.197883605957 72.6522521972656 72.5043792724609 -3.4e+38 71.892333984375 71.9098434448242 71.7264633178711 71.4630432128906 71.4653701782227 71.3646469116211 71.4065017700195 71.6413497924805 71.2320861816406 70.6159973144531 70.2772064208984 70.0786285400391 69.6655883789062 69.3127059936523 69.3070373535156 69.0908889770508 68.7895660400391 68.6333084106445 68.4853057861328 68.1870651245117
81.8019332885742 79.8290710449219 79.1367034912109 79.0358352661133 78.9806365966797 78.7689514160156 78.9329452514648 78.1606826782227 78.3839797973633 79.8783798217773 81.9238739013672 78.8930435180664 76.7360916137695 75.9975662231445 75.9034042358398 75.0647354125977 74.54541015625 74.4231872558594 74.7508926391602 76.2622299194336 75.2500457763672 74.0994110107422 74.1513442993164 75.9940948486328 76.0202560424805 73.3460235595703 -3.4e+38 -3.4e+38 -3.4e+38 72.0414733886719 72.0566101074219 72.0510940551758 72.2712097167969 71.6982803344727 71.5828018188477 71.767707824707 72.4958953857422 73.3225936889648 71.525993347168 70.4041595458984 70.1713485717773 69.6796417236328 69.3610687255859 69.3151321411133 69.2837448120117 68.8282623291016 68.6192092895508 68.4770355224609 68.1985473632812
79.7816314697266 79.6793518066406 79.5020141601562 79.5128555297852 79.9407501220703 80.063720703125 79.4741287231445 78.2256546020508 77.9434127807617 78.1433944702148 77.5323486328125 76.9779968261719 75.6216201782227 75.2635879516602 74.8366012573242 74.7175674438477 75.1395645141602 75.2990417480469 75.4536361694336 77.7458724975586 77.8735122680664 74.9344253540039 75.1822738647461 79.0547409057617 79.0336685180664 75.2551879882812 -3.4e+38 -3.4e+38 72.4876022338867 72.6429214477539 72.3436126708984 72.1075592041016 72.009635925293 71.9612121582031 71.7243728637695 71.7172012329102 71.6855163574219 71.827278137207 72.1183395385742 70.3761901855469 70.1962051391602 69.5644378662109 69.2340087890625 69.2268371582031 69.1083679199219 69.0257797241211 68.835823059082 69.0181274414062 68.6766357421875
79.7761535644531 80.4303970336914 80.8098297119141 81.4715118408203 81.2218780517578 81.109977722168 79.9284820556641 78.3916931152344 76.9511947631836 76.8691787719727 76.9859161376953 76.3681106567383 75.5093994140625 75.1673583984375 74.9137496948242 74.9609375 75.216552734375 75.2547836303711 75.1549606323242 76.9752731323242 78.0081405639648 76.2009048461914 75.9750595092773 78.391227722168 79.8860702514648 76.7232208251953 -3.4e+38 72.5729827880859 72.6386032104492 72.6884155273438 72.5838775634766 72.457145690918 72.5554733276367 72.2898941040039 71.7586669921875 71.4948577880859 71.3476715087891 71.3498916625977 71.6097183227539 70.2755889892578 70.0383529663086 69.6132431030273 69.4284820556641 69.3943405151367 69.1694107055664 69.1189956665039 69.5189666748047 69.3236389160156 68.7324829101562
80.3508987426758 81.5931701660156 82.4040451049805 82.471809387207 81.6664657592773 81.4607391357422 80.4330062866211 78.502799987793 76.8779983520508 76.574836730957 76.6347427368164 75.9883880615234 75.4032287597656 75.2041015625 75.0519561767578 74.9240112304688 75.0096588134766 75.2575836181641 74.4456176757812 75.0499801635742 75.8684997558594 77.4864273071289 76.8560409545898 78.4599533081055 78.9112014770508 74.8232040405273 72.7820434570312 72.6786651611328 72.7354736328125 72.4036102294922 72.7022094726562 72.5682067871094 72.5299835205078 72.4500274658203 72.5937881469727 71.6436920166016 -3.4e+38 71.0322189331055 71.1338958740234 70.3040542602539 70.1219940185547 69.8205947875977 69.6342010498047 69.4727935791016 69.2645416259766 69.1293792724609 69.5435028076172 69.0233764648438 68.4744186401367
80.822509765625 83.4046249389648 84.5061569213867 82.788444519043 81.7811584472656 81.1514358520508 80.48046875 77.5544052124023 76.6919403076172 76.3322296142578 76.1376342773438 75.9117279052734 75.6208648681641 75.5013122558594 75.1961898803711 75.0339508056641 75.1361465454102 75.283073425293 74.2807693481445 74.4458312988281 75.7401733398438 78.1563873291016 76.9241256713867 76.4466781616211 75.5733108520508 73.0202865600586 72.8078994750977 72.7798843383789 72.5326156616211 72.2909240722656 72.5444946289062 72.3981857299805 72.2002792358398 72.3291473388672 73.081428527832 71.7391052246094 71.5460891723633 -3.4e+38 -3.4e+38 70.6385879516602 70.1716537475586 69.9755859375 69.8048477172852 69.6906204223633 69.6693649291992 69.2979736328125 69.1546401977539 68.8523559570312 68.5647888183594
80.8594512939453 83.1894073486328 83.4612579345703 83.5772933959961 81.6439437866211 80.1741027832031 79.6296157836914 77.0402526855469 76.8140640258789 76.3939590454102 76.0319442749023 75.9635543823242 76.0627975463867 76.2457504272461 75.4937133789062 75.6332092285156 75.2399673461914 75.2726745605469 74.428337097168 74.4387512207031 76.0683975219727 78.4497375488281 76.1452102661133 74.1089553833008 73.2780456542969 72.9355850219727 73.1947708129883 72.7905120849609 72.6368255615234 72.5826797485352 72.3917083740234 72.2343063354492 72.0369033813477 71.9977874755859 72.1677169799805 71.3440551757812 -3.4e+38 -3.4e+38 70.9268341064453 71.0893020629883 70.3284072875977 70.0924682617188 69.962776184082 69.8417663574219 69.9426193237305 69.3129272460938 69.1332931518555 68.9121932983398 68.8006820678711
80.4093856811523 81.0560073852539 81.2953033447266 84.2347869873047 81.923210144043 79.4766998291016 78.7026138305664 77.0899429321289 77.0771179199219 76.562370300293 76.0559158325195 75.9905166625977 76.3338394165039 77.2648544311523 77.481201171875 77.5295715332031 76.1469116210938 76.1398773193359 74.6223373413086 74.4600524902344 75.4394226074219 77.3607406616211 75.3472061157227 73.7285919189453 73.1386642456055 73.1660308837891 73.6589126586914 72.8698043823242 72.9424667358398 72.9270401000977 72.6648559570312 72.4272155761719 72.15673828125 71.8757781982422 71.5821990966797 71.2726287841797 71.2702865600586 71.2974472045898 71.0421752929688 71.0021362304688 70.4240951538086 70.3875350952148 70.1507110595703 69.8519592285156 69.769172668457 69.2351455688477 69.1213760375977 69.0021438598633 68.8421936035156
79.9833602905273 80.529167175293 82.8486099243164 85.2313461303711 83.4913787841797 79.9062042236328 77.9174957275391 77.3941116333008 76.9322204589844 76.4134063720703 76.3113021850586 76.0376434326172 76.3637466430664 78.0071792602539 80.0315856933594 79.8630065917969 78.5942230224609 78.3003005981445 75.073112487793 74.6423797607422 74.7179183959961 75.3282928466797 74.5454635620117 73.5224075317383 73.1396560668945 73.6003799438477 74.6607437133789 73.9463729858398 73.089485168457 73.1142196655273 72.746208190918 72.6567840576172 72.3311309814453 71.9262847900391 71.8361511230469 71.4964828491211 71.5162200927734 71.4284362792969 70.9886322021484 70.6755447387695 70.4885559082031 70.757926940918 70.4648818969727 69.9823989868164 69.7959976196289 69.424201965332 69.1324844360352 68.9777526855469 68.8392639160156
