rcp8.5models/CNRM-CM5/sc1gr4.31
NCOLS 261 
NROWS 433 
XLLCORNER 336357.134 
YLLCORNER 654653.479 
CELLSIZE 1000 
NODATA_value -3.4e+38 
[rows 88 to 109 of 433, columns 98 to 146 of 261]
294.929107666016 294.520904541016 295.340637207031 295.582122802734 295.440765380859 295.008483886719 295.109222412109 294.535614013672 294.162994384766 294.536102294922 295.315338134766 295.850402832031 296.277160644531 296.227874755859 296.181732177734 296.22119140625 296.249664306641 296.028717041016 295.574462890625 295.482604980469 295.430999755859 293.390563964844 286.444732666016 282.402038574219 282.653167724609 282.720520019531 283.714721679688 283.922760009766 284.414672851562 284.585815429688 284.966339111328 284.723693847656 284.440826416016 284.540191650391 285.08251953125 285.293426513672 284.367034912109 284.234069824219 284.343963623047 284.347534179688 284.518951416016 284.544342041016 284.175079345703 284.403564453125 284.238616943359 284.459045410156 284.542297363281 284.083709716797 285.036804199219
294.622863769531 294.231964111328 295.105163574219 295.198425292969 295.478302001953 295.299224853516 295.167510986328 294.786468505859 294.138305664062 294.269317626953 295.269104003906 295.566131591797 296.117828369141 296.294738769531 296.191741943359 295.922637939453 295.667724609375 296.076873779297 295.280334472656 295.277679443359 295.195281982422 293.991790771484 288.720428466797 282.406616210938 282.339721679688 282.911407470703 283.621276855469 284.170562744141 284.476318359375 284.475372314453 284.562744140625 284.350952148438 284.475738525391 284.528564453125 285.169982910156 285.319122314453 284.4296875 284.268402099609 284.315979003906 284.274108886719 284.128662109375 284.178466796875 284.014343261719 284.098999023438 283.905181884766 284.168365478516 284.322906494141 284.309478759766 285.518005371094
294.27490234375 294.259033203125 295.215240478516 295.109710693359 295.152893066406 294.628814697266 294.907775878906 294.581512451172 294.419097900391 294.914306640625 295.209259033203 295.2666015625 295.751068115234 296.306243896484 296.274291992188 296.067962646484 295.819793701172 295.625091552734 295.291748046875 295.2890625 295.193634033203 294.813385009766 293.188079833984 282.617706298828 282.217590332031 282.802734375 283.75732421875 284.227325439453 284.504943847656 284.266387939453 283.921691894531 284.111999511719 284.292358398438 284.424407958984 284.943359375 285.029327392578 284.355895996094 284.406127929688 284.614593505859 284.554321289062 284.405639648438 284.268890380859 284.374603271484 284.160919189453 283.849243164062 284.069488525391 284.528259277344 284.603057861328 285.752044677734
294.046447753906 294.311401367188 294.543243408203 294.764251708984 295.291229248047 295.204437255859 295.382354736328 295.194213867188 295.15576171875 295.009613037109 294.927856445312 295.249450683594 295.499938964844 296.320587158203 295.975341796875 296.307342529297 296.233581542969 296.256958007812 295.832397460938 295.289001464844 294.907531738281 292.449798583984 282.191375732422 282.569458007812 282.429168701172 282.430389404297 283.006988525391 283.031219482422 283.817932128906 284.141265869141 284.307586669922 284.292938232422 283.910522460938 283.709045410156 283.77490234375 283.870178222656 284.388366699219 284.583282470703 284.671813964844 285.012786865234 285.161346435547 285.208099365234 -3.4e+38 284.707733154297 284.563842773438 284.859619140625 285.187042236328 285.281799316406 285.624450683594
294.236724853516 294.178741455078 294.470123291016 294.890686035156 295.285614013672 295.209564208984 295.316833496094 295.015441894531 294.987731933594 294.962310791016 294.367462158203 294.852203369141 295.478668212891 295.988159179688 295.737243652344 296.135803222656 296.174743652344 296.227416992188 296.172912597656 295.818145751953 295.278350830078 292.376892089844 281.730712890625 282.118225097656 282.506439208984 282.936218261719 283.422088623047 283.366821289062 283.898254394531 283.986511230469 283.857116699219 283.802459716797 283.409606933594 283.507385253906 284.035278320312 284.109283447266 284.289611816406 284.978179931641 284.566680908203 284.742065429688 285.230682373047 285.221588134766 285.209136962891 284.813934326172 284.78271484375 285.341827392578 285.580383300781 -3.4e+38 285.461730957031
294.165344238281 294.177825927734 294.498504638672 294.585235595703 295.178253173828 295.302093505859 295.248626708984 295.078155517578 294.736358642578 295.249725341797 294.93115234375 295.081085205078 295.38671875 295.677398681641 295.394409179688 295.620178222656 296.199981689453 295.752258300781 295.713684082031 295.939819335938 295.706878662109 292.963226318359 281.855072021484 281.748748779297 282.122680664062 282.936187744141 283.595550537109 283.636413574219 284.219665527344 284.200866699219 283.608856201172 283.489288330078 283.3623046875 283.580169677734 284.503479003906 284.5087890625 284.688537597656 -3.4e+38 285.043579101562 284.737426757812 285.200317382812 285.362823486328 -3.4e+38 284.994720458984 284.922210693359 285.544708251953 285.528900146484 285.43310546875 285.353698730469
294.063049316406 294.144104003906 294.467224121094 294.286224365234 294.889953613281 295.269653320312 295.212615966797 295.192596435547 295.099273681641 295.29345703125 294.834594726562 295.355133056641 295.301574707031 295.596771240234 295.193176269531 295.367553710938 296.304351806641 296.015197753906 295.988006591797 296.09375 294.496856689453 287.09326171875 282.497955322266 281.727996826172 282.157745361328 282.755004882812 283.879425048828 283.554840087891 283.866058349609 284.059020996094 283.979217529297 283.792266845703 283.566864013672 283.587280273438 284.453796386719 284.426605224609 284.639404296875 285.314666748047 285.403472900391 285.101165771484 285.263946533203 285.362243652344 285.519287109375 285.303405761719 284.932464599609 285.405975341797 285.415496826172 285.430053710938 285.350891113281
294.556243896484 294.196319580078 294.442810058594 294.273742675781 294.692779541016 295.214141845703 295.145690917969 295.321258544922 295.296966552734 295.335601806641 294.955780029297 294.680908203125 294.877197265625 295.415435791016 295.306823730469 295.451324462891 296.233306884766 296.108337402344 296.311706542969 296.045288085938 293.825164794922 283.102569580078 282.628326416016 282.112548828125 282.630737304688 283.052459716797 283.983367919922 283.996490478516 283.748962402344 284.163208007812 -3.4e+38 284.085571289062 283.889617919922 283.517517089844 284.333740234375 284.460174560547 284.521911621094 284.679046630859 285.307159423828 -3.4e+38 285.305969238281 -3.4e+38 285.490936279297 285.494049072266 285.177520751953 285.292419433594 285.430572509766 285.509796142578 285.302490234375
294.995788574219 294.747131347656 294.512145996094 294.267578125 294.558349609375 295.230926513672 295.201721191406 295.380340576172 295.240661621094 295.239624023438 294.820190429688 294.520111083984 295.120361328125 295.507629394531 295.368011474609 295.438903808594 296.276489257812 296.011962890625 295.748992919922 296.160614013672 293.978637695312 283.459411621094 282.586669921875 282.334503173828 282.595092773438 283.177764892578 283.799468994141 284.512756347656 284.302978515625 284.420349121094 284.51220703125 284.236175537109 284.305053710938 283.902618408203 284.241607666016 284.380126953125 284.677429199219 284.793273925781 285.214111328125 -3.4e+38 285.245147705078 285.422302246094 285.529968261719 285.504821777344 285.447418212891 285.257537841797 285.367095947266 285.551300048828 285.408996582031
295.230895996094 295.449798583984 294.864929199219 294.260925292969 294.436676025391 295.354400634766 295.308746337891 295.017211914062 295.154602050781 295.208587646484 294.971038818359 294.952575683594 295.41162109375 295.492767333984 295.360961914062 295.836120605469 296.363555908203 296.124298095703 295.697418212891 296.107757568359 294.077697753906 283.427337646484 282.693756103516 282.653167724609 282.817291259766 283.573333740234 284.177490234375 284.322143554688 284.73388671875 284.758453369141 284.477111816406 284.422210693359 284.332763671875 284.191955566406 284.124328613281 284.219482421875 284.413970947266 284.755401611328 285.099609375 285.235595703125 285.199371337891 285.481628417969 285.579040527344 285.533050537109 285.513946533203 285.301788330078 285.280670166016 285.444793701172 285.397644042969
295.574768066406 295.451019287109 295.374237060547 294.832397460938 294.432678222656 294.959808349609 295.214141845703 294.490783691406 294.788391113281 294.897735595703 295.229309082031 295.115844726562 295.326782226562 295.397003173828 295.235290527344 295.818786621094 -3.4e+38 296.279113769531 294.655822753906 287.964172363281 287.245361328125 282.901611328125 282.670684814453 283.113708496094 283.531921386719 283.906372070312 284.451721191406 284.228088378906 284.613189697266 284.712860107422 284.419982910156 284.557464599609 284.756561279297 284.315582275391 284.574951171875 284.102355957031 284.204376220703 284.637664794922 285.078887939453 285.190093994141 285.36376953125 285.301147460938 285.513397216797 285.550903320312 285.424896240234 285.271911621094 285.227661132812 285.294250488281 285.351531982422
295.376068115234 295.551635742188 295.950714111328 294.891571044922 294.358795166016 294.598937988281 295.237854003906 294.957427978516 294.664001464844 294.470458984375 294.990020751953 295.177856445312 295.109039306641 295.338653564453 295.147216796875 295.502105712891 295.706634521484 296.187164306641 295.210510253906 289.563415527344 283.050872802734 282.759124755859 282.782592773438 283.592681884766 283.747467041016 283.901672363281 284.075592041016 283.842498779297 284.096618652344 284.088806152344 284.493743896484 284.671813964844 285.268249511719 284.862213134766 284.768341064453 284.637054443359 284.421234130859 284.974426269531 285.121734619141 285.160125732422 285.256591796875 285.145935058594 -3.4e+38 285.548156738281 285.442504882812 285.282501220703 285.199981689453 285.207916259766 285.380310058594
295.898010253906 296.100158691406 295.657745361328 295.031433105469 294.478851318359 294.427459716797 295.021667480469 295.272155761719 294.713562011719 294.361297607422 294.920349121094 295.153167724609 295.023986816406 294.862213134766 295.133666992188 295.375183105469 295.703094482422 296.10595703125 294.936706542969 287.774780273438 282.919311523438 282.766418457031 283.002105712891 283.605255126953 283.55078125 283.669097900391 283.675933837891 283.461669921875 283.664886474609 284.00439453125 284.551086425781 284.694854736328 285.283111572266 285.144927978516 284.531066894531 284.959899902344 284.908477783203 285.295654296875 285.186279296875 285.100616455078 285.113098144531 285.216552734375 285.341522216797 285.362396240234 285.408264160156 285.493377685547 285.287445068359 285.302459716797 285.459442138672
296.502838134766 296.332305908203 296.012420654297 295.272216796875 294.996063232422 294.620758056641 294.731140136719 295.014434814453 295.151214599609 294.797454833984 294.802520751953 295.134246826172 295.175506591797 294.864532470703 295.269134521484 295.657562255859 296.078948974609 296.061676025391 293.827270507812 283.776306152344 283.273529052734 282.788146972656 282.903137207031 283.084075927734 283.540710449219 283.492065429688 283.416778564453 283.489440917969 283.574127197266 284.312591552734 284.643951416016 285.078735351562 285.275146484375 285.192932128906 285.014678955078 285.019470214844 285.061126708984 285.258575439453 285.229339599609 285.091094970703 285.144348144531 285.325866699219 285.276824951172 285.164611816406 285.137573242188 285.487609863281 285.419616699219 285.279479980469 284.795501708984
296.429779052734 296.337829589844 296.407165527344 295.705932617188 295.471160888672 295.113952636719 295.064483642578 295.095336914062 294.981323242188 295.080413818359 294.763885498047 294.951202392578 295.066680908203 294.877746582031 295.351257324219 295.764862060547 296.170715332031 294.768371582031 287.376892089844 283.844024658203 283.707885742188 283.065338134766 282.794372558594 282.783416748047 283.023803710938 283.070526123047 283.23095703125 283.888549804688 283.769409179688 284.488250732422 284.60205078125 284.880981445312 284.99609375 285.213256835938 285.376434326172 285.274108886719 284.961669921875 285.091735839844 285.293914794922 285.081695556641 285.009582519531 284.913757324219 285.191131591797 284.949371337891 284.602111816406 285.132415771484 285.457153320312 284.957733154297 284.333160400391
296.624694824219 296.343444824219 296.334594726562 296.250030517578 296.439788818359 295.947052001953 295.627746582031 295.934356689453 295.881988525391 295.541625976562 295.323669433594 295.080017089844 295.004150390625 294.874114990234 294.890350341797 295.159271240234 294.102233886719 287.561645507812 283.274841308594 283.212036132812 283.456604003906 283.234985351562 282.748657226562 283.151428222656 283.102203369141 283.348327636719 283.786285400391 283.950744628906 284.597686767578 284.432861328125 284.357818603516 284.421264648438 284.508209228516 284.603668212891 284.639923095703 284.486541748047 284.747222900391 284.726593017578 285.243286132812 285.124877929688 284.476165771484 284.676422119141 285.193511962891 284.629852294922 284.446990966797 284.442474365234 284.625152587891 284.337310791016 284.748443603516
296.2294921875 296.287780761719 296.525543212891 296.137634277344 296.103179931641 296.122955322266 296.135955810547 296.038604736328 296.204650878906 296.084075927734 295.659210205078 295.322052001953 295.035888671875 295.008239746094 294.604461669922 293.695220947266 287.113433837891 283.392730712891 283.336975097656 283.265380859375 283.278686523438 282.847961425781 282.741119384766 283.091583251953 283.310455322266 283.263885498047 283.849426269531 284.24755859375 284.383575439453 284.652801513672 284.410736083984 284.336730957031 284.437133789062 284.610626220703 284.426147460938 284.259613037109 284.891845703125 285.023559570312 285.122283935547 285.064300537109 284.356567382812 284.470886230469 284.675933837891 284.340270996094 284.113128662109 283.896697998047 284.295288085938 284.374114990234 284.742980957031
295.932312011719 296.420379638672 296.442565917969 295.736511230469 295.891479492188 296.097900390625 296.176177978516 296.291534423828 296.045227050781 296.030639648438 295.947418212891 295.855682373047 295.451629638672 295.238830566406 293.355712890625 286.730865478516 282.988250732422 283.362701416016 283.132110595703 283.325317382812 282.900085449219 282.488159179688 282.4638671875 282.781829833984 282.951812744141 283.254608154297 284.020324707031 284.330200195312 284.3017578125 284.609466552734 284.475677490234 284.367767333984 284.297912597656 284.454803466797 283.922546386719 284.233428955078 284.716278076172 285.067596435547 284.932952880859 284.431427001953 284.146118164062 284.261016845703 284.268218994141 284.175262451172 283.807708740234 284.005096435547 284.280120849609 284.300537109375 284.664672851562
296.040222167969 296.434692382812 296.350402832031 295.843231201172 295.792083740234 295.935089111328 295.973968505859 296.189727783203 295.953643798828 295.888031005859 296.068206787109 296.233337402344 295.793762207031 295.205047607422 292.659423828125 282.764068603516 282.896667480469 282.759918212891 282.813934326172 283.321838378906 283.039764404297 282.397735595703 282.344604492188 282.802124023438 283.122589111328 283.428680419922 283.910247802734 284.055206298828 284.449462890625 284.47119140625 284.424774169922 284.366577148438 283.810729980469 284.332122802734 284.100250244141 284.317504882812 284.427062988281 285.058868408203 284.806274414062 283.966156005859 283.777435302734 283.941040039062 284.026550292969 283.899322509766 284.058319091797 284.333190917969 284.375305175781 284.280578613281 284.466918945312
295.970336914062 296.129699707031 296.46142578125 296.204864501953 295.859039306641 296.034301757812 295.684783935547 295.782135009766 296.065185546875 296.192504882812 296.263977050781 296.335327148438 296.021942138672 295.440612792969 286.875 282.758453369141 282.710388183594 282.420074462891 282.654388427734 283.267669677734 283.008972167969 282.006164550781 282.073333740234 282.795318603516 283.482788085938 283.465026855469 283.507598876953 284.078704833984 284.473022460938 284.390563964844 284.432373046875 284.258483886719 283.482513427734 284.277008056641 284.533355712891 284.227691650391 284.449432373047 285.050323486328 284.867736816406 284.1494140625 283.632568359375 283.709777832031 283.842346191406 284.015502929688 284.113403320312 283.659332275391 283.538177490234 284.356750488281 284.226531982422
295.801300048828 295.856750488281 296.254425048828 296.139953613281 295.741729736328 295.425415039062 295.633758544922 296.056274414062 295.973114013672 296.126892089844 296.370025634766 296.239501953125 295.985565185547 295.815185546875 282.809417724609 282.559844970703 282.350769042969 282.504547119141 282.764678955078 282.813812255859 282.412902832031 281.752685546875 282.271575927734 282.625946044922 283.41943359375 283.654083251953 283.297180175781 283.816650390625 283.977874755859 283.928131103516 284.056671142578 284.139831542969 283.447845458984 283.767364501953 284.019500732422 284.232635498047 284.551452636719 284.847839355469 284.763000488281 284.387237548828 283.967193603516 283.834747314453 283.615142822266 283.950012207031 283.58056640625 283.385040283203 283.680816650391 284.278778076172 284.3359375
295.792358398438 295.426483154297 296.156982421875 296.283416748047 296.218017578125 295.961975097656 296.104309082031 296.141357421875 295.754333496094 295.551147460938 295.909027099609 295.908843994141 295.423400878906 -3.4e+38 283.01416015625 282.355773925781 282.341857910156 282.493072509766 282.686798095703 282.478759765625 282.371948242188 282.155700683594 282.519897460938 282.458953857422 282.931518554688 283.336364746094 282.698303222656 282.975280761719 283.662261962891 283.6865234375 283.709320068359 284.189514160156 283.485290527344 283.344879150391 283.623016357422 284.384399414062 284.587554931641 284.700408935547 284.672882080078 284.503448486328 284.120758056641 283.828277587891 283.507934570312 283.631439208984 283.27392578125 283.639617919922 284.159423828125 284.263977050781 284.388336181641
