rcp8.5models/CNRM-CM5/sc1gr6.8
NCOLS 261 
NROWS 433 
XLLCORNER 336357.134 
YLLCORNER 654653.479 
CELLSIZE 1000 
NODATA_value -3.4e+38 
[rows 242 to 263 of 433, columns 147 to 195 of 261]
1743.61865234375 1769.58666992188 1808.53344726562 1812.35827636719 1779.22412109375 1769.47229003906 1768.99487304688 1770.15661621094 1767.79968261719 1764.59033203125 1764.54187011719 1769.04919433594 1774.88842773438 1776.81408691406 1778.23046875 1779.09216308594 1778.59655761719 1782.35046386719 1785.50830078125 1790.38854980469 1792.02868652344 1795.65173339844 1798.06945800781 1798.24157714844 1802.43640136719 1809.51879882812 1815.37976074219 1820.37414550781 1827.29541015625 1832.38928222656 1831.24829101562 1829.11169433594 1829.96752929688 1824.919921875 1823.94677734375 1830.30615234375 1840.45153808594 1846.18798828125 -3.4e+38 -3.4e+38 1842.34997558594 1838.6845703125 1845.0361328125 1845.67614746094 1851.07678222656 1863.33801269531 1868.27624511719 1872.06555175781 1880.48876953125
1747.91540527344 1774.25158691406 1803.98596191406 1793.33996582031 1774.27014160156 1767.85632324219 1765.27526855469 1765.63488769531 1767.45458984375 1769.54821777344 1769.58581542969 1770.12390136719 1769.87768554688 1773.22912597656 1774.97961425781 1779.06787109375 1783.73461914062 1786.66271972656 1791.20751953125 1798.57568359375 1802.16711425781 1806.86779785156 1805.17211914062 1808.830078125 1810.71533203125 1813.64465332031 1821.50671386719 1827.55822753906 1832.970703125 1841.20617675781 1843.44177246094 1842.26696777344 1841.91979980469 1836.958984375 1839.69836425781 1848.59301757812 1850.947265625 1848.64111328125 1851.47924804688 -3.4e+38 -3.4e+38 1859.59619140625 1857.17687988281 1861.38720703125 1871.25964355469 1914.41088867188 1915.20715332031 1900.58068847656 1895.59204101562
1751.982421875 1783.06884765625 1812.41613769531 1788.80212402344 1774.8251953125 1768.376953125 1765.38586425781 1763.73864746094 1765.2705078125 1769.04833984375 1768.94348144531 1771.73315429688 1770.35314941406 1773.45910644531 -3.4e+38 1780.10119628906 1787.22595214844 1791.80053710938 1793.09582519531 1798.98034667969 1804.13793945312 1806.98376464844 1810.61743164062 1816.05297851562 1817.61376953125 1818.56726074219 1828.34936523438 1839.73120117188 1855.41259765625 1857.15258789062 1848.84973144531 1845.75073242188 1844.42138671875 1842.96826171875 1844.90673828125 1854.27197265625 1852.41223144531 -3.4e+38 -3.4e+38 -3.4e+38 -3.4e+38 1863.32897949219 1864.00427246094 1868.89221191406 1878.74658203125 1894.30078125 1900.26306152344 1899.69885253906 1895.19702148438
1758.25549316406 1800.89074707031 1836.18188476562 1790.58837890625 1775.38342285156 1770.0224609375 1768.75720214844 1764.77368164062 1762.3095703125 1764.17248535156 1766.24438476562 1769.20104980469 1769.75744628906 1772.78125 -3.4e+38 1780.48522949219 1785.35583496094 1791.52111816406 1792.99145507812 1796.99975585938 1799.58630371094 1803.32983398438 1813.27001953125 1822.19470214844 1824.06103515625 1824.68005371094 1833.61596679688 1859.41845703125 1899.68029785156 1887.52355957031 1864.32312011719 1851.17565917969 1848.72180175781 1850.08483886719 1854.44030761719 1856.60498046875 1851.44384765625 -3.4e+38 -3.4e+38 -3.4e+38 1864.45068359375 1870.43273925781 1877.32080078125 1881.03332519531 1888.51354980469 1894.09143066406 1893.62426757812 1896.6650390625 1900.10522460938
1760.568359375 1802.06982421875 1855.11340332031 1822.61450195312 1775.21032714844 1769.64587402344 1769.60461425781 1767.79382324219 1763.97705078125 1764.26013183594 1766.93286132812 1768.81005859375 1771.08715820312 1772.92370605469 1776.46691894531 1780.21887207031 1784.27819824219 1788.8681640625 1791.00671386719 1795.01953125 1797.4814453125 1802.50036621094 1809.72790527344 1819.17919921875 1823.37585449219 1826.48559570312 1836.81616210938 1862.32678222656 1898.91052246094 1901.29516601562 1876.42761230469 1855.19641113281 1850.82348632812 1852.1630859375 1858.99255371094 1857.75610351562 1856.12890625 -3.4e+38 -3.4e+38 -3.4e+38 -3.4e+38 1873.97985839844 1901.16296386719 1926.15441894531 1894.83166503906 1895.37219238281 1892.05444335938 1893.67077636719 1900.74841308594
1758.90087890625 1790.47229003906 1832.22119140625 1806.2421875 1768.85986328125 1764.8505859375 1765.93725585938 1765.41674804688 1765.53283691406 -3.4e+38 1769.19274902344 1772.26794433594 1774.07214355469 1775.24230957031 1777.00817871094 1780.62512207031 1785.23010253906 1787.65625 1790.01354980469 1794.65698242188 1796.67468261719 1800.53515625 1807.95532226562 1815.63562011719 1821.38500976562 1830.56323242188 1841.64123535156 1855.67993164062 1867.48803710938 1876.35229492188 1865.078125 1857.38818359375 1854.38452148438 1851.25891113281 1855.02526855469 1856.20959472656 1859.19750976562 1860.32739257812 -3.4e+38 -3.4e+38 -3.4e+38 -3.4e+38 1897.30590820312 1921.93859863281 1889.43762207031 1898.24975585938 1896.330078125 1891.37292480469 1894.01403808594
1758.42761230469 1780.62463378906 1797.74035644531 1774.369140625 1762.8349609375 1766.32934570312 1766.25109863281 1765.38842773438 1768.23889160156 1772.33947753906 1771.09741210938 1776.9228515625 1776.39025878906 1776.63720703125 1779.93432617188 1783.37377929688 1787.84533691406 1790.26013183594 1793.05993652344 1798.79284667969 1799.05249023438 1802.50329589844 1809.01843261719 1815.37670898438 1821.12670898438 1832.373046875 1843.22473144531 1855.55334472656 1860.65747070312 1860.74475097656 1863.80688476562 1864.16528320312 1857.81884765625 1855.28210449219 1856.31945800781 -3.4e+38 1859.30322265625 -3.4e+38 -3.4e+38 -3.4e+38 1874.07482910156 1877.50537109375 1883.64392089844 1892.66320800781 1888.10363769531 1897.12243652344 1901.63122558594 1895.06726074219 1890.34338378906
1760.87841796875 1787.05358886719 1819.46313476562 1803.44750976562 1766.54162597656 1769.52624511719 1769.21911621094 1769.34313964844 1770.31640625 1772.16418457031 1773.37048339844 1776.98559570312 1777.05590820312 1777.59362792969 1780.77575683594 1785.55212402344 1790.93371582031 1793.91125488281 1794.73449707031 1801.15014648438 1805.8681640625 1809.12414550781 1811.81140136719 1817.34265136719 1822.19958496094 -3.4e+38 -3.4e+38 1846.3544921875 1857.72265625 1865.78588867188 1874.74682617188 1865.21044921875 1861.31677246094 1861.95971679688 1863.29943847656 1862.27026367188 -3.4e+38 -3.4e+38 -3.4e+38 1871.84155273438 1878.5244140625 1885.51257324219 1891.78503417969 1896.86999511719 1893.212890625 1895.01147460938 1904.38452148438 1902.71228027344 1896.38537597656
1766.89758300781 1791.19177246094 1852.69799804688 1868.75329589844 1769.96325683594 1770.9931640625 1771.16235351562 1772.69104003906 1773.49291992188 1772.775390625 1773.36169433594 1773.72937011719 1776.05224609375 -3.4e+38 -3.4e+38 1790.2119140625 1796.32446289062 1797.10388183594 1794.72216796875 1800.04797363281 1809.03247070312 1813.01708984375 1814.515625 1821.15466308594 1830.998046875 1830.18762207031 -3.4e+38 -3.4e+38 1854.59362792969 1865.75927734375 1873.53540039062 1869.06469726562 1876.12072753906 1861.01611328125 1860.96704101562 1863.70617675781 -3.4e+38 -3.4e+38 -3.4e+38 1878.08874511719 1888.8544921875 1899.38928222656 1906.63793945312 1905.89709472656 1894.84826660156 1894.58728027344 1901.0185546875 1910.03869628906 1913.60961914062
1769.61206054688 1778.94604492188 1836.14306640625 1877.11608886719 1769.98950195312 1771.72192382812 1773.27880859375 1775.72241210938 1777.08410644531 1776.07189941406 1774.0859375 1774.77734375 1776.16516113281 -3.4e+38 1783.72375488281 1793.58752441406 1797.88818359375 1798.12829589844 1796.35083007812 1800.80456542969 1805.97924804688 1812.76147460938 1817.19165039062 1824.11840820312 1836.62646484375 1837.65100097656 1845.65808105469 1857.658203125 1857.06994628906 1863.74890136719 1868.42651367188 1871.80773925781 1874.32897949219 1857.75939941406 1856.67846679688 1861.26635742188 1863.98669433594 -3.4e+38 -3.4e+38 1878.69982910156 1892.94067382812 1900.86865234375 1909.59948730469 1910.17211914062 1901.5595703125 1898.29162597656 1896.92248535156 1907.77160644531 1920.82702636719
1771.74694824219 1784.48425292969 1830.7177734375 1859.70349121094 1794.39135742188 1775.27062988281 1775.61730957031 1773.41748046875 1774.66015625 1777.36596679688 1776.50866699219 1774.94580078125 1776.64721679688 -3.4e+38 1784.58227539062 1790.42846679688 1793.1640625 1796.70483398438 1797.23071289062 1801.38464355469 1804.48559570312 1810.53161621094 1823.09924316406 1829.94787597656 1841.40698242188 1849.89794921875 1878.265625 1902.30590820312 1865.67956542969 1867.59985351562 1869.18640136719 1866.50732421875 1862.41516113281 1857.13891601562 1862.03344726562 1863.9111328125 1865.08410644531 1868.24865722656 1869.88061523438 -3.4e+38 1887.0380859375 1897.81079101562 1909.76025390625 1915.53881835938 1910.79382324219 1908.98156738281 1901.14685058594 1903.68908691406 1917.14147949219
1781.53356933594 1790.28466796875 1848.55737304688 1895.34802246094 1813.29284667969 1784.56921386719 1782.98742675781 1770.39624023438 1771.41467285156 1780.71911621094 1783.09106445312 1775.62573242188 1776.86108398438 -3.4e+38 1785.05065917969 1789.40710449219 1794.60754394531 1797.76708984375 1798.48583984375 1800.44384765625 1805.20666503906 1809.08984375 1824.86669921875 1832.31652832031 1844.79577636719 1859.12683105469 1897.7705078125 1927.26037597656 1867.89416503906 1870.53784179688 1873.77087402344 1867.99047851562 1865.01745605469 1860.46862792969 1868.87084960938 1867.19287109375 1867.14050292969 1868.73901367188 1872.16479492188 -3.4e+38 1883.79907226562 1896.96447753906 1912.630859375 1921.64562988281 1913.42370605469 1915.19873046875 1908.40161132812 1904.05114746094 1914.1875
1782.81652832031 1783.61193847656 1825.87573242188 1864.26635742188 1798.904296875 1778.70629882812 1778.16259765625 1769.47155761719 1769.76635742188 1777.31201171875 1780.77368164062 1777.98510742188 1778.36938476562 -3.4e+38 1788.85278320312 1795.17932128906 1799.48327636719 1800.365234375 1802.44580078125 1801.76013183594 1806.81079101562 1812.45007324219 1827.22937011719 1836.55407714844 1847.95678710938 1860.52392578125 1877.06005859375 1890.529296875 1866.60388183594 1878.69555664062 1888.6181640625 1879.71020507812 1866.82250976562 1863.88916015625 1870.3623046875 1867.43078613281 1868.28454589844 1872.16784667969 1875.0341796875 -3.4e+38 1885.17895507812 1899.45495605469 1907.63122558594 1912.88427734375 1912.19714355469 1913.70166015625 1910.12231445312 1911.24548339844 1913.31994628906
1830.81713867188 1823.85729980469 1858.98913574219 1886.55297851562 1797.71228027344 1769.13854980469 1769.35083007812 1772.19323730469 1772.77136230469 1774.08703613281 1773.29895019531 1776.88073730469 1779.12182617188 1782.59411621094 1785.80810546875 1790.07458496094 1794.04577636719 1800.91967773438 1805.79382324219 1802.58422851562 1805.49169921875 1811.16333007812 1831.56237792969 1834.80834960938 1842.47424316406 1850.70190429688 1846.48864746094 1854.97082519531 1865.80358886719 1872.80578613281 1883.23156738281 1877.59924316406 1866.45825195312 1866.20617675781 1873.82482910156 1873.28308105469 1875.83776855469 1878.91125488281 1879.31982421875 1879.56506347656 1888.37731933594 1895.06896972656 1893.06945800781 1899.33508300781 1909.84985351562 1909.23291015625 1913.37268066406 1915.83996582031 1916.63061523438
1862.31323242188 1833.19360351562 1878.21020507812 1922.81506347656 1818.162109375 1771.0517578125 1772.40466308594 1777.68835449219 1778.59130859375 1777.76452636719 1776.34619140625 1775.93774414062 1779.50988769531 -3.4e+38 1786.85815429688 1790.58447265625 1794.50805664062 1802.89233398438 1809.64392089844 1806.50964355469 1805.537109375 1810.11828613281 1826.86889648438 -3.4e+38 -3.4e+38 1839.80480957031 -3.4e+38 1849.32275390625 1861.77697753906 1875.86657714844 1895.8837890625 1883.44458007812 1867.71691894531 1867.95434570312 1874.65100097656 1878.4931640625 1878.96801757812 1877.59497070312 1875.05444335938 1878.75573730469 1889.07409667969 1895.36877441406 1892.63244628906 1893.77697753906 1905.19738769531 1908.87268066406 1909.46228027344 1909.96350097656 1915.86755371094
1900.14599609375 1880.29187011719 1878.83447265625 1899.9482421875 1819.03002929688 1777.25732421875 1784.5205078125 1786.16845703125 1778.83154296875 1774.96691894531 1777.87561035156 1777.01806640625 1779.00708007812 -3.4e+38 1786.8134765625 1792.27551269531 1794.4169921875 1799.34558105469 1807.5185546875 1809.43334960938 1805.99047851562 1809.10888671875 1820.44763183594 -3.4e+38 -3.4e+38 -3.4e+38 1843.68981933594 -3.4e+38 1864.95544433594 1892.26843261719 1917.34619140625 1880.79296875 1866.9990234375 1871.86401367188 1874.6650390625 1878.39929199219 1877.15258789062 1875.32653808594 1874.88586425781 1878.28088378906 1890.20129394531 1897.36437988281 1895.30053710938 1893.419921875 1897.36022949219 1902.20178222656 1905.19409179688 1911.88000488281 1918.11633300781
1947.21667480469 1907.2021484375 1880.95935058594 1896.62829589844 1837.42712402344 1813.85534667969 1847.53161621094 1823.32861328125 1777.7255859375 1775.8623046875 1778.91259765625 1777.96032714844 1780.02416992188 1782.02294921875 1788.68884277344 1795.44396972656 1796.23669433594 1799.50805664062 1807.46240234375 1812.21899414062 1807.44055175781 1808.99206542969 1821.23083496094 -3.4e+38 1837.07507324219 1844.01867675781 1856.92016601562 1867.9970703125 1872.2646484375 1910.21496582031 1947.52941894531 1867.330078125 1867.00598144531 1872.27917480469 1872.98388671875 1872.33654785156 1875.76135253906 1875.03674316406 1874.40686035156 1882.19860839844 1892.07958984375 1896.62756347656 1897.45446777344 1893.09765625 1892.32641601562 1898.2802734375 1906.91052246094 1915.28369140625 1919.11950683594
2015.41931152344 1944.59216308594 1921.41821289062 1939.42468261719 1887.99841308594 1848.06140136719 1866.7958984375 1844.2587890625 1775.64526367188 1774.72802734375 1776.54724121094 1777.86645507812 1780.34252929688 1781.84069824219 1788.0400390625 1794.98034667969 1798.11486816406 1799.61328125 1805.34106445312 1811.97192382812 1811.09350585938 1810.13061523438 1823.94934082031 1831.39916992188 1836.81286621094 1851.31958007812 1881.81677246094 1943.57385253906 1990.646484375 1959.04150390625 1916.45397949219 1869.26257324219 1869.70385742188 1871.0986328125 1871.42993164062 1868.40588378906 1871.40759277344 1872.85021972656 1874.72045898438 1886.61413574219 1895.12768554688 1892.60021972656 1891.38757324219 1887.95715332031 1888.00622558594 1901.54223632812 1910.90356445312 1913.45031738281 1919.96350097656
2144.71606445312 2043.26147460938 1978.78637695312 1941.52258300781 1887.12121582031 1846.54382324219 1828.89318847656 1832.81030273438 1773.72155761719 1773.55676269531 1775.35168457031 1777.689453125 1779.45910644531 1780.78259277344 1785.59326171875 1793.31359863281 1801.75817871094 1799.26196289062 1803.91723632812 1811.81750488281 1813.10559082031 1810.50231933594 -3.4e+38 -3.4e+38 -3.4e+38 1864.67944335938 1939.89306640625 2031.82653808594 2035.56042480469 1930.34094238281 1874.77917480469 1874.35192871094 1872.17138671875 1871.10375976562 1870.123046875 1865.51513671875 1866.64514160156 1870.8681640625 1873.27697753906 1883.892578125 1896.03234863281 1893.048828125 1884.77600097656 1886.98010253906 1887.9404296875 1906.18212890625 1912.37158203125 1915.23229980469 1925.97961425781
2245.26098632812 2114.75219726562 1948.70788574219 1855.33044433594 1824.40258789062 1817.05969238281 1813.61926269531 1819.80187988281 1773.35827636719 1777.93151855469 1781.78088378906 1779.18823242188 1779.62231445312 -3.4e+38 1785.95288085938 1796.2919921875 1806.162109375 1803.392578125 1805.81677246094 1810.21435546875 1810.28100585938 1809.44812011719 -3.4e+38 -3.4e+38 -3.4e+38 1862.95495605469 1929.35900878906 1954.08666992188 1912.05847167969 1862.72485351562 1872.51843261719 1874.44360351562 1868.48388671875 1868.45251464844 1864.88061523438 1863.96069335938 1868.61804199219 1870.97521972656 1871.63159179688 1880.34545898438 1888.56274414062 1889.24035644531 1885.73889160156 1890.63146972656 1889.90966796875 1909.82104492188 1917.62170410156 1920.43200683594 1928.18908691406
2164.58154296875 2032.5126953125 1869.22216796875 1830.21179199219 1838.41101074219 1820.18579101562 1800.26586914062 1808.33923339844 1801.20385742188 1800.44421386719 1784.23083496094 1782.37377929688 1783.55725097656 -3.4e+38 1786.91918945312 1797.32104492188 1806.65283203125 1806.32946777344 1809.51342773438 1811.53625488281 1810.50537109375 1809.74206542969 -3.4e+38 -3.4e+38 -3.4e+38 -3.4e+38 1858.32983398438 1849.06921386719 1847.0751953125 1856.13671875 1866.48791503906 1870.00708007812 1864.857421875 1862.31384277344 1860.80395507812 1864.88232421875 1871.36657714844 1872.39721679688 1871.59240722656 1877.94702148438 1879.59838867188 1888.16552734375 1896.52685546875 1892.87072753906 1889.7177734375 1914.53442382812 1926.21826171875 1925.23608398438 1928.41967773438
2073.51708984375 1917.16748046875 1861.94006347656 1930.08959960938 1966.81005859375 1891.38659667969 1793.47998046875 1804.83471679688 1817.33471679688 1800.97448730469 1782.75366210938 1780.39660644531 1783.14135742188 1782.81164550781 1786.39868164062 1794.14758300781 1802.00476074219 1804.72680664062 1810.90673828125 1813.75012207031 1814.46105957031 1810.72570800781 -3.4e+38 -3.4e+38 -3.4e+38 1826.21899414062 1832.60095214844 1839.36218261719 1844.91040039062 1854.14001464844 1863.42419433594 1868.59802246094 1866.12109375 1857.62561035156 1861.95336914062 1864.17309570312 1866.15576171875 1866.3251953125 1868.33923339844 1878.90747070312 1880.72729492188 1888.49206542969 1896.95446777344 1890.89709472656 1886.74487304688 1910.095703125 1921.69775390625 1927.22229003906 1931.84912109375
