rcp8.5models/CNRM-CM5/sc1gr8.27
NCOLS 261 
NROWS 433 
XLLCORNER 336357.134 
YLLCORNER 654653.479 
CELLSIZE 1000 
NODATA_value -3.4e+38 
[rows 154 to 175 of 433, columns 98 to 146 of 261]
53.4884719848633 53.7011299133301 54.048412322998 54.1269378662109 54.3654441833496 54.3892669677734 54.4614372253418 54.6586685180664 54.7002906799316 54.7866592407227 55.0421981811523 55.3123741149902 55.3404083251953 55.3353042602539 55.7024803161621 55.9838371276855 56.4426574707031 56.7562828063965 56.8605728149414 56.9686393737793 57.1289749145508 57.374683380127 57.4149398803711 57.5396499633789 57.6672821044922 57.8502235412598 58.3537330627441 58.7110595703125 58.7968597412109 58.7335815429688 58.7998123168945 59.0729331970215 59.2828330993652 59.7414512634277 60.2276382446289 60.2251205444336 60.3390312194824 60.5352478027344 60.6346969604492 60.7756118774414 61.2637596130371 61.2708435058594 61.2818412780762 61.3980369567871 61.5862159729004 62.1407585144043 62.1983375549316 62.4323348999023 62.4656181335449
53.4840850830078 53.5133285522461 53.701847076416 54.0172576904297 54.3800048828125 54.4017028808594 54.4890899658203 54.6945037841797 54.5468673706055 54.5914001464844 -3.4e+38 55.1527824401855 55.2148857116699 55.236156463623 55.5060348510742 55.6220169067383 55.9088554382324 56.3724174499512 56.6882362365723 56.7948532104492 56.9051361083984 -3.4e+38 57.0239143371582 57.3621292114258 57.4885444641113 57.6177444458008 57.8822402954102 58.0152931213379 58.1887893676758 58.4264373779297 58.5714950561523 58.7180404663086 58.8082542419434 58.902458190918 59.3043327331543 59.3364601135254 59.6368942260742 60.1265716552734 60.2390365600586 60.2539253234863 60.3833694458008 60.6534729003906 60.8513946533203 60.806697845459 60.9972724914551 61.563606262207 61.8347511291504 62.0555992126465 62.1021881103516
53.5492401123047 -3.4e+38 53.4294548034668 53.8744621276855 54.2339096069336 54.2533340454102 54.3158493041992 54.5095481872559 54.578125 54.4359169006348 54.584587097168 54.9931144714355 55.0533447265625 55.0820503234863 55.1290893554688 55.4230651855469 55.5425338745117 55.7879791259766 56.1517524719238 56.6210708618164 56.6759262084961 56.5791664123535 56.622859954834 56.970043182373 57.3098182678223 57.4378318786621 57.4397277832031 57.4529113769531 57.6467666625977 58.0256958007812 58.3867073059082 58.475040435791 58.4176559448242 58.4439964294434 58.5930061340332 58.6844024658203 58.7882194519043 59.5973625183105 59.8671226501465 59.8221321105957 59.8583183288574 60.1087036132812 60.4571151733398 60.4325904846191 60.5465812683105 60.9736862182617 61.080078125 61.2577934265137 61.6952667236328
53.592041015625 53.4536514282227 53.5358428955078 53.8664016723633 53.8801193237305 54.104850769043 54.126838684082 54.2512702941895 54.5994987487793 54.4626274108887 54.3672294616699 54.6237869262695 54.8917083740234 54.955005645752 54.8161277770996 55.2558708190918 55.3411102294922 55.4305725097656 55.6060447692871 55.9805755615234 56.1396598815918 56.2813377380371 56.3962593078613 56.5660247802734 56.8451957702637 56.9879875183105 57.1370429992676 57.2715530395508 57.4081420898438 57.6038131713867 57.9282836914062 58.0862808227539 58.1110305786133 58.2580833435059 58.3481903076172 58.2947158813477 58.3233833312988 59.1510848999023 59.2363739013672 59.2784042358398 59.4534187316895 59.7166023254395 60.0847625732422 60.0402603149414 60.1739807128906 60.4618301391602 60.2966346740723 60.4918823242188 61.1510887145996
53.4900703430176 53.4755325317383 53.5556983947754 53.8609275817871 53.7851715087891 53.9562225341797 53.9759979248047 54.0988273620605 54.4790802001953 54.4296226501465 54.1682510375977 54.3205375671387 54.7299537658691 54.791431427002 54.587158203125 54.8779754638672 55.1722831726074 55.2602005004883 55.3522300720215 55.4045372009277 55.4721755981445 55.9032287597656 56.0151405334473 56.1302757263184 56.1936492919922 56.216609954834 56.9568252563477 57.090217590332 57.1696510314941 57.1466979980469 57.3016166687012 57.5644798278809 57.9261283874512 58.0147247314453 57.9603805541992 57.9880104064941 58.0780754089355 58.4923400878906 58.683910369873 58.6877136230469 58.8551750183105 59.1719436645508 59.6942367553711 59.6692962646484 59.7837905883789 60.1033058166504 -3.4e+38 60.0428619384766 60.4322929382324
53.4897003173828 53.338306427002 53.4163665771484 53.7491874694824 53.8137359619141 53.9927177429199 53.8249702453613 53.9461975097656 54.3235397338867 54.3236389160156 54.1891098022461 54.0997200012207 54.3593482971191 54.6277351379395 54.3766784667969 -3.4e+38 -3.4e+38 55.0897941589355 55.1269149780273 55.0145721435547 55.0418128967285 55.3689041137695 55.6900100708008 55.8020210266113 55.8219833374023 55.6955108642578 56.5620880126953 56.853271484375 56.7856407165527 56.802001953125 56.940242767334 57.1607627868652 57.5273399353027 57.6288642883301 57.6552619934082 57.7442054748535 57.6918869018555 57.8743782043457 58.0782508850098 58.3283729553223 58.4185829162598 58.5789642333984 59.0797729492188 59.1048278808594 59.324634552002 59.5425338745117 59.6866912841797 59.6733512878418 59.9389343261719
53.6696166992188 53.3714218139648 53.448616027832 53.7402496337891 53.7003135681152 54.0172996520996 53.8564796447754 53.7341918945312 53.9609565734863 54.2013092041016 54.1523590087891 53.8973007202148 54.053352355957 54.4639053344727 -3.4e+38 -3.4e+38 54.4751663208008 54.9193534851074 54.916561126709 54.7216720581055 54.8192100524902 54.9711761474609 55.3021697998047 55.5707931518555 55.4816932678223 55.478759765625 55.8800048828125 56.0416603088379 56.2682876586914 56.4596252441406 56.7014808654785 56.6997718811035 56.8859214782715 57.108814239502 57.4130249023438 57.3600273132324 57.3876152038574 57.4248886108398 57.604061126709 58.0818519592285 58.0331001281738 58.0717811584473 58.2826347351074 58.5288696289062 58.619083404541 58.8240356445312 59.3485069274902 59.4349060058594 59.6022911071777
53.6279754638672 53.6035118103027 53.6429214477539 53.4477043151855 53.3468246459961 53.5449829101562 53.7244873046875 53.6063194274902 53.6495323181152 53.8851051330566 53.8839912414551 53.7507972717285 53.623233795166 53.7832107543945 53.8798713684082 -3.4e+38 54.0243949890137 54.2190208435059 54.5727577209473 54.3787536621094 54.4736061096191 54.5721855163574 54.6326141357422 54.6860122680664 55.0096244812012 55.1244583129883 55.1080932617188 55.1124877929688 55.3712005615234 55.7777519226074 55.6356430053711 55.7686233520508 55.8925514221191 55.9572830200195 56.0402870178223 56.3713188171387 56.5340461730957 56.5146102905273 56.7768821716309 57.1191711425781 57.2885208129883 57.2584762573242 57.3663482666016 57.7268600463867 57.6773262023926 57.8068504333496 58.2080764770508 58.3153190612793 58.8175506591797
53.680736541748 53.4637603759766 53.5345840454102 53.5744819641113 53.1594009399414 53.2570762634277 53.6056709289551 53.6001091003418 53.5886917114258 53.7266311645508 53.7595176696777 53.7094116210938 53.4608612060547 53.5555458068848 53.7140464782715 -3.4e+38 53.8554611206055 53.9284896850586 54.027400970459 54.2073173522949 54.300838470459 54.3444328308105 54.2448501586914 54.2842864990234 54.6221313476562 54.8930206298828 54.8125228881836 54.9341812133789 55.0603179931641 55.2289428710938 55.4560661315918 55.5320014953613 55.4693374633789 55.4868469238281 55.5654945373535 55.6518096923828 56.0569458007812 56.0191535949707 56.2332305908203 56.3337745666504 56.7582740783691 56.8798484802246 57.0064888000488 57.3480834960938 57.3163833618164 57.4281425476074 57.7875518798828 57.7354125976562 58.2668380737305
53.6648902893066 53.3236122131348 53.3922920227051 53.586498260498 53.1463813781738 53.1060752868652 53.4516639709473 53.4031562805176 53.2321014404297 53.3629608154297 53.5988388061523 53.5467948913574 53.2982711791992 53.3463325500488 53.5481071472168 53.614917755127 53.6864547729492 53.6713523864746 53.5196571350098 53.8267021179199 54.1281127929688 54.1311492919922 53.9532775878906 54.0568313598633 54.1634292602539 54.3071098327637 54.6354789733887 54.7011222839355 54.6277809143066 54.6946105957031 55.0071334838867 55.1569976806641 55.1729469299316 55.2500839233398 55.1902656555176 55.2726936340332 55.6020851135254 55.7287445068359 55.6743125915527 55.7926025390625 56.1808967590332 56.3404235839844 56.5153007507324 56.8302688598633 57.0843353271484 57.1287612915039 57.5542144775391 57.4353866577148 57.8443832397461
53.5767707824707 53.3687973022461 53.2495880126953 53.4633598327637 53.1269683837891 53.0913772583008 53.2973022460938 53.218620300293 52.9384078979492 53.0637855529785 53.4378929138184 53.3839340209961 53.1354637145996 53.1818046569824 53.3820495605469 53.4473266601562 53.5173797607422 53.5009002685547 53.3002014160156 53.5042572021484 53.9020957946777 53.798225402832 53.7801170349121 53.882495880127 53.8938331604004 53.8585357666016 54.4040603637695 54.3283195495605 54.3341026306152 54.4027557373047 54.4723854064941 54.8625144958496 54.9379425048828 54.8771057128906 54.8949851989746 54.9724464416504 55.0621147155762 55.3556938171387 55.3781661987305 55.5658798217773 55.8311309814453 55.9110794067383 55.912670135498 56.1728553771973 56.583251953125 56.7943115234375 57.0076217651367 57.1905097961426 57.3909530639648
53.4705505371094 53.3478126525879 53.1064338684082 53.2748527526855 52.8280334472656 52.8948249816895 53.0908241271973 52.8872985839844 52.781192779541 52.9051513671875 53.2246551513672 53.0515747070312 52.9724388122559 53.0170783996582 53.0096549987793 53.2796478271484 53.2955322265625 53.1687698364258 53.1302223205566 53.2636871337891 53.4817886352539 53.5092887878418 53.6070785522461 53.6545829772949 53.5631942749023 53.6103897094727 54.1865386962891 54.0365371704102 54.1574096679688 54.1832389831543 54.1015396118164 54.4156379699707 54.5672454833984 54.5838012695312 54.6599731445312 54.6014633178711 54.6284255981445 55.0615997314453 55.1405258178711 55.1537551879883 55.375659942627 55.539794921875 55.5038604736328 55.6095581054688 56.0787200927734 56.318042755127 56.5372581481934 56.9583320617676 56.8909950256348
53.3303337097168 53.204532623291 52.9628105163574 52.7850151062012 52.5600318908691 52.6507453918457 52.9003562927246 52.6124229431152 52.6236381530762 52.6836700439453 52.8231468200684 52.7716484069824 52.8987121582031 53.0843658447266 52.6974678039551 53.1118812561035 53.0884056091309 52.8830909729004 52.9602584838867 52.9887161254883 52.9998931884766 53.3375549316406 53.4341850280762 53.4408073425293 53.2741088867188 53.380931854248 53.647045135498 53.8611869812012 53.9263801574707 53.8560638427734 53.8652381896973 53.9535942077637 54.0622596740723 54.3506698608398 54.2913932800293 54.3093681335449 54.3414611816406 54.8259963989258 54.7717552185059 54.7358093261719 54.8370780944824 55.2466621398926 55.2773971557617 55.2267990112305 55.5642738342285 55.7846755981445 56.048641204834 56.3857879638672 56.5955390930176
53.137809753418 52.8784980773926 52.8186798095703 52.4268417358398 52.4091186523438 52.4981346130371 52.7447319030762 52.4565315246582 52.4657325744629 52.4806709289551 52.5205879211426 52.6098747253418 52.7088241577148 52.7979965209961 52.4648475646973 52.6858291625977 52.7589416503906 52.7144432067871 52.7903213500977 52.7788505554199 52.6431159973145 52.9576225280762 53.208137512207 53.1131629943848 53.1012077331543 53.153190612793 53.199893951416 53.6318855285645 53.5594749450684 53.5665397644043 53.634349822998 53.5683097839355 53.7228202819824 54.130859375 54.0013999938965 54.0763626098633 54.0188636779785 54.4598426818848 54.4809265136719 54.5124168395996 54.5465126037598 55.0102157592773 54.9563827514648 54.9184761047363 -3.4e+38 55.3760871887207 55.3924598693848 55.6172332763672 56.0080833435059
52.7796745300293 52.6158714294434 52.6740303039551 52.2778167724609 52.257740020752 52.2844581604004 52.3874855041504 52.3002624511719 52.3074684143066 52.3204917907715 52.3590850830078 52.4478530883789 52.4820022583008 52.4324913024902 52.2507972717285 52.3335494995117 52.4757652282715 52.5458030700684 52.5677146911621 52.451602935791 52.4208526611328 52.5805244445801 52.8425674438477 52.8268661499023 52.9285583496094 52.939323425293 52.9503135681152 53.2052383422852 53.2719497680664 53.391918182373 53.4169158935547 53.280158996582 53.411750793457 53.5342674255371 53.609058380127 53.6492309570312 53.5031356811523 54.0065116882324 54.2474822998047 54.1931190490723 54.3126411437988 54.6460609436035 54.6091995239258 54.5542259216309 -3.4e+38 -3.4e+38 55.0287208557129 55.216423034668 55.5027618408203
52.5195083618164 52.4727210998535 52.5288314819336 52.2624053955078 52.105884552002 52.0374221801758 51.9237632751465 52.1436042785645 52.1488380432129 52.1080093383789 51.9674911499023 52.0828590393066 52.3180770874023 52.2669982910156 52.0842170715332 52.166187286377 52.3084182739258 52.3771934509277 52.3594932556152 52.1679534912109 52.2506828308105 52.2984161376953 52.3501167297363 52.6555366516113 52.7028617858887 52.6160316467285 52.6657066345215 52.7241897583008 53.0987777709961 53.1634674072266 53.0367469787598 52.8330841064453 52.7675437927246 52.8757820129395 53.2046012878418 53.151912689209 53.0962371826172 53.3664703369141 53.6545295715332 53.6726608276367 53.8370132446289 54.142463684082 54.3869094848633 54.2666625976562 54.4541244506836 54.7238349914551 54.7925262451172 54.9007339477539 55.1869583129883
52.3784828186035 52.3289756774902 52.3830642700195 52.2424583435059 52.0881042480469 51.8473930358887 51.6523208618164 51.9865531921387 51.9898414611816 51.9109230041504 51.6460380554199 51.7789611816406 52.1539306640625 52.1013259887695 51.917537689209 51.9304466247559 51.9361724853516 52.2086296081543 52.1898536682129 51.9990501403809 52.0806770324707 52.0742797851562 52.0266494750977 52.4844932556152 52.4910125732422 52.3320426940918 52.0947761535645 52.1511268615723 52.4482192993164 52.6468238830566 52.765682220459 52.6082572937012 52.3140029907227 52.524730682373 52.8401374816895 52.7981719970703 52.7377586364746 52.9294967651367 53.1884460449219 53.2587280273438 53.2543601989746 53.5609321594238 53.973518371582 53.7950782775879 53.971565246582 54.4902992248535 54.4327507019043 54.614143371582 54.8413772583008
52.23681640625 52.1324882507324 52.0087280273438 52.1193466186523 52.0670967102051 51.8691062927246 51.6332092285156 51.8291053771973 51.8304748535156 51.749683380127 51.484920501709 51.6167526245117 51.937572479248 51.7756881713867 51.6986389160156 51.5567741394043 51.6214447021484 51.98779296875 51.8666725158691 51.8302993774414 51.858268737793 51.7525939941406 51.783878326416 52.0530853271484 52.1709518432617 52.1063957214355 51.653938293457 51.7608680725098 51.9132194519043 52.1867065429688 52.369068145752 52.2561683654785 52.1425323486328 52.2282676696777 52.3448524475098 52.5831642150879 52.455738067627 52.6176681518555 52.9605827331543 52.9030265808105 52.9178848266602 53.1444091796875 53.4736785888672 53.3857612609863 53.3916206359863 53.8110237121582 53.9057121276855 54.1166000366211 54.6180458068848
52.0422210693359 51.7764663696289 51.6518287658691 51.9685478210449 51.9419059753418 51.8338661193848 51.6130638122559 51.8074531555176 51.6707382202148 51.5881156921387 51.3235092163086 51.454288482666 51.7361488342285 51.4976425170898 51.4943351745605 51.2773551940918 51.4546508789062 51.7812843322754 51.5864562988281 51.6617279052734 51.6499137878418 51.4718475341797 51.559871673584 51.6889686584473 51.8899841308594 51.8416023254395 51.484245300293 51.5368804931641 51.5198631286621 51.7610321044922 51.9908599853516 51.8543586730957 51.9175262451172 51.8523750305176 51.9548606872559 52.2722587585449 52.2304534912109 52.2515983581543 52.5309104919434 52.6228981018066 -3.4e+38 52.7022171020508 52.976692199707 53.2131462097168 53.0899887084961 53.2717781066895 53.5382118225098 53.6109352111816 54.1960601806641
51.8077735900879 51.6604652404785 51.3185653686523 51.6653747558594 51.5821838378906 51.355411529541 51.3309326171875 51.5838470458984 -3.4e+38 50.9901161193848 50.9998359680176 50.9638633728027 50.9057579040527 51.169017791748 51.0066299438477 50.9451026916504 50.9482307434082 50.941535949707 51.251953125 51.2345123291016 51.0532531738281 51.1356506347656 51.1302299499512 50.9099273681641 50.8919258117676 51.0542602539062 51.0935363769531 51.0147972106934 51.0124626159668 51.0877990722656 51.1916656494141 51.4630355834961 51.3972816467285 51.351490020752 51.4365692138672 51.7720413208008 51.7125396728516 51.7908020019531 51.8872833251953 52.2295417785645 -3.4e+38 52.1841506958008 52.3643913269043 52.6302719116211 52.6472320556641 52.6897850036621 53.0939331054688 52.969612121582 53.5210990905762
51.61083984375 51.3406410217285 51.1708068847656 51.5129852294922 51.3920021057129 51.0864181518555 51.1111793518066 51.2702178955078 -3.4e+38 50.9664611816406 50.8375930786133 50.7633857727051 50.6309852600098 51.0045356750488 50.7302856445312 50.7790298461914 50.7432823181152 50.6651992797852 51.085018157959 51.066822052002 50.8865509033203 50.9159355163574 50.7628974914551 50.5534324645996 50.5727043151855 50.7783889770508 50.8853797912598 50.7390213012695 50.7919616699219 50.718578338623 50.8630867004395 51.2539863586426 51.1223030090332 51.1422920227051 51.0788269042969 51.3504295349121 51.438720703125 51.4450263977051 51.613151550293 52.018383026123 51.8974609375 51.9611015319824 52.118709564209 52.594425201416 52.4784049987793 52.429386138916 52.7084884643555 52.7446708679199 52.9720611572266
51.561450958252 51.0795135498047 51.0224189758301 51.3600578308105 51.2368469238281 50.931079864502 50.9102439880371 -3.4e+38 -3.4e+38 -3.4e+38 50.6233253479004 50.4433326721191 50.4681739807129 50.7882537841797 50.565357208252 50.5612945556641 50.4267349243164 50.4284362792969 50.6628150939941 50.7525482177734 50.7202110290527 50.6569061279297 50.3000907897949 50.2234230041504 50.187068939209 50.4053497314453 50.5775718688965 -3.4e+38 50.5846366882324 50.4449691772461 50.6442222595215 50.9498138427734 50.9033699035645 50.8396453857422 50.8481941223145 51.0188484191895 51.2738494873047 51.1731872558594 51.3058967590332 51.5051002502441 51.7317810058594 51.7505226135254 51.8356246948242 52.3458480834961 52.1799964904785 52.1325187683105 52.236888885498 52.5320854187012 52.5834159851074
