rcp8.5models/CNRM-CM5/sc1gr0.2
NCOLS 261 
NROWS 433 
XLLCORNER 336357.134 
YLLCORNER 654653.479 
CELLSIZE 1000 
NODATA_value -9999 
[rows 198 to 219 of 433, columns 50 to 99 of 261]
85.2892043356916 85.2979535888339 85.3489034712521 85.3815787620221 85.4063139918526 85.561708109358 85.5825946265131 85.7456872851835 85.7144489983846 85.8402896682416 85.8651079757641 85.89774737151 85.9150327066657 86.0024899994541 86.0619824711354 86.197085130991 86.3411009066542 86.3943510673124 86.4756165549637 86.4186973479726 86.5913779702416 86.663016939877 86.7324016631422 86.7106481950584 86.7642233976325 86.824518139941 86.8515809089163 87.013980169836 87.1709561210737 87.1607140366467 87.2668608487239 87.3416442373816 87.2104934697487 87.1354584408635 87.098967659342 87.1233011962703 87.0912646000107 87.1261908693133 87.2080031748841 87.2065590683789 86.9875653556504 86.9552742275197 87.0757957321156 87.1239051167105 87.2172310014187 87.321265591109 87.3485351576578 87.3073007235209 87.3298368198274 87.2306418729638
85.3552435544292 85.4145233743957 85.4730188395897 85.4612186601013 85.4673877641451 85.6250833064099 85.7098805639303 85.8561150486755 85.8894422586009 85.9834520445536 86.1148716375612 86.0930622311574 85.9423982905066 86.0303172992285 86.0687445373768 86.114256105665 86.2431232609324 86.3655584182957 86.4164501759284 86.4954548463118 86.5982008800826 86.6121565621625 86.6266905321335 86.7282416853775 86.8458048334639 86.9364307847875 87.0077616169633 87.0730015496572 87.0476643808368 87.1391751599057 87.1236738637305 87.1785680326639 87.1578892190915 87.2496356735531 87.1841776224204 87.1066864301955 87.181594333644 87.2827301616407 87.217620957964 87.2740397143054 87.2086108561316 87.1692088478359 87.0904039746517 87.1904266225493 87.2685892439614 87.3974379803182 87.4245537491668 87.3822854380295 87.4044729275509 87.3051807289943
85.4209700118975 85.527005587845 85.6726277092537 85.6801449896091 85.7231145305901 85.7613341780648 85.843325418445 85.8826460230177 85.9086812986727 85.97620368958 86.0923327487702 86.1325794113135 86.1144979817978 86.2151457021765 86.225351773428 86.2483363536981 86.3210227463964 86.3759794141931 86.4806673150375 86.5820596842818 86.6114377104162 86.6431190014253 86.6458059152841 86.8254136597336 86.9312268328807 87.0209662955522 87.0345825881062 87.0613308763353 87.0842559887677 87.3025901510621 87.237745584595 87.3089228384771 87.2799884350225 87.3080281657957 87.2137986099534 87.2111353122187 87.2470475293813 87.2091952089887 87.278778203866 87.4022348567833 87.3869997437039 87.3195270631616 87.1686314685042 87.3341738252721 87.3133363263672 87.3917628393347 87.4004638945393 87.3939024501421 87.4070031824589 87.3658418608795
85.4619805167122 85.5827497673173 85.6640223493519 85.765599236337 85.864031590864 86.000149497199 85.8702788107249 85.8611433211931 85.9863924653848 86.032187934002 86.1480451608972 86.207666165246 86.2323237578126 86.264260011861 86.2812379197124 86.3942820425115 86.4723811546685 86.5506003212709 86.5218874206312 86.5717009972801 86.6287340944853 86.7986033706032 86.7323246408451 86.7813819659948 86.8850479974444 86.9497603211702 87.0659602033328 87.1171658140642 87.2019849789024 87.2830925286505 87.3658589493329 87.3841198033967 87.1309139944827 87.2055689102689 87.3139007261247 87.2550521116511 87.2869641260636 87.3446598510499 87.3872441193496 87.4272898197758 87.3662831303254 87.3741148531802 87.3308855711854 87.3436307706144 87.3626036980351 87.3802248262499 87.319409523147 87.402716064891 87.4676767819059 87.4302067675907
85.5715328506247 85.6627193426613 85.7130702514299 85.7386095120319 85.7563158610377 85.957973708672 86.0188955123057 85.9668702009431 86.1041043746693 86.0380622380909 86.2444036023686 86.2830705925644 86.3418422581686 86.3450838064362 86.5126450703942 86.5439840245845 86.5131549241522 86.7705902143043 86.6663985424418 86.5560450518425 86.7072116203753 86.8283786527744 86.8109516467853 86.7646112977747 86.8349185289464 86.8720569765958 87.047311983346 87.1402662512762 87.1502600803735 87.1564016379064 87.2261774020831 87.0690343573639 87.0156497625402 87.244579322024 87.4183235164498 87.3793705542828 87.3655151507179 87.4581432837145 87.4560371640776 87.4820257062698 87.4074772127459 87.4015202370752 87.4008513774282 87.2727102171373 87.2902579279846 87.3212795200311 87.3691845970063 87.3574964573942 87.414823606315 87.5610605845511
85.6755495589685 85.7393442599268 85.7955187167687 85.8979139362627 85.812689616638 85.8704976440764 86.1206422284354 85.965047683874 86.1232848970768 86.1078641495228 86.2921784208333 86.3650746481464 86.3899114341619 86.4961591199956 86.5425992232159 86.578932225077 86.6069535439154 86.7991234483 86.6776788160575 86.6784800648457 86.6607518087236 86.8103135991546 86.8367668769087 -9999 86.9502752683264 87.0182665273965 87.1286364204818 87.1203555752514 87.2717677240383 87.196074584086 87.2209876218957 87.1556593731292 87.0967452329411 87.2567776847869 87.3581699608852 -9999 87.3171593787667 87.4132769540203 87.4569902485907 87.5243564618975 87.4239783843109 87.4293742092304 87.3779302620929 87.2319638579107 87.2880904343885 87.313339679267 87.4106784671799 87.4006519048678 87.4368586973332 87.5590288069405
85.6011239737906 85.7163687521819 85.8017219579666 85.9336906489366 85.9367259975165 86.0711402504425 86.133455253762 86.0640226187995 86.1441163455335 86.2318211872131 86.3336197391717 86.5231325580725 86.4844455191357 86.4893380884459 86.6008416139602 86.6721940159351 86.6804663341182 86.6546664285884 86.7317802312764 86.6952142805742 86.6789391661551 86.7531080466742 86.8070478952047 86.8615827582256 87.0004624636147 87.0663190347937 87.2329267586089 87.230738969093 87.2449261065865 87.1978378177306 87.2234394337026 87.204820255116 87.1797157356106 87.2418662972996 87.3055798123795 87.378036475203 87.3790661604094 87.4187721850092 87.4627401898485 87.5528458327561 87.4732727965672 87.4582117968328 87.436797031982 87.30232626957 87.3311326298378 87.4622504057827 87.3995341998966 87.4608423602863 87.4254331937876 87.4896121966104
85.629852817095 85.6981871445214 85.9105642744273 85.8716726022316 85.9560777075219 86.0997522603729 86.1045848251941 86.0406056111057 86.1432138462049 86.2303861078651 86.2902169182445 86.3915021030474 86.4204094944115 86.3786785258106 86.5849066223505 86.5106751354027 86.7206353823815 86.6942777591842 86.7664630860139 86.7428189821246 86.795748004535 87.0258588128936 87.0408537958095 87.0358836984109 87.0157165375222 87.1027768976912 87.1856605525372 87.2298217989727 87.1238001006914 87.1408161748238 87.1296895865858 87.1888823691075 87.2282767010778 87.2118668888576 87.3288673217507 87.5830061873325 87.5756592414276 87.498925691914 87.5370465525979 87.5818830354215 87.5119981082035 87.4581499899395 87.4926570580674 87.4609917520004 87.5004037016393 87.5133431222669 87.398906820079 87.4695366270222 87.4152401429728 87.5183962851979
85.6770306061863 85.6991692428435 85.834180172588 85.8234536361382 85.807044484313 85.8684376359741 86.1043504100843 86.0846472624237 86.2743913742067 86.2645940798908 86.3302483940583 86.3891683914104 86.4600551703371 86.4838877613389 86.5616735859669 86.528196554933 86.6682338940642 86.6428388956405 86.7965150212237 86.7825506594163 86.8254722682492 87.1539507407725 87.178806523751 87.1198084734623 86.9989455205453 87.0570656637125 87.1696308912466 87.2355587093875 87.1511135651029 87.2830186765631 87.1094187618703 87.2181448784506 87.3479679256302 87.2092480160042 87.4277216676715 87.6715254134106 87.609698327121 87.5180637448806 87.5670228138694 87.6691727977625 87.5890364317037 87.5127390915658 87.5781229120755 87.5438809243145 87.6078479332082 87.6132561813216 87.4318756942497 87.3833589823583 87.3754760095086 87.4571458471854
85.5836236171246 85.6567844111186 85.7617445124349 85.7822576703988 85.797454390937 85.8176538195452 86.0832620858688 86.1091163727559 86.1612692849076 86.2063934700087 86.2263510360646 86.3810136972151 86.4532575892795 86.4888517099412 86.4729707139134 86.5693763222523 86.6137250921455 86.6229006799269 86.8431762762958 86.9145002527079 86.9142550109208 86.9142921962536 87.0468570223499 87.1779818167349 86.9389186225479 86.9645847652838 87.0233178584957 87.1429881385954 87.1791757102612 87.4747362149446 87.4934567477348 87.5004286100642 87.3861747030114 87.2989366994222 87.5871454983611 87.6918567063153 87.600394232621 87.4777680729892 87.5473283195939 87.579192889184 87.7143833006781 87.6678432996882 87.6892884664179 -9999 87.643701893895 87.8566096532848 87.6062308672153 87.4190524306216 87.524696574773 87.457286643278
85.8814452815356 85.9385200575688 85.9107104693409 85.8576483218582 85.8797367791209 86.0573680679834 86.1578873023848 86.1416062248872 86.1544050596439 86.2736942994634 86.2983874676363 86.3357526642063 86.4182776151491 86.6062846218763 86.6007242287894 86.601446261442 86.6140012410964 86.8273526492338 -9999 -9999 86.8463685999723 87.0818601910553 87.0424745875482 87.0719469432027 87.1095997403174 87.1695288268635 87.1440422066252 87.2351020660114 87.3683119429261 87.4645643525585 87.5076682329411 87.4332067489044 87.2583612097231 87.2912656917171 87.5033200151614 87.6008938056049 87.5771312171099 87.5289277193155 87.7150022261868 87.6926508827428 87.6836723565639 87.7303837852002 87.7924334185638 87.6626157982388 87.7299887974363 88.0262709956108 88.3245795429863 87.6998332755872 87.6345637549932 87.6342407348507
85.8220367662611 86.0044658003812 86.063782425164 86.0288187616057 85.9806008019475 86.1596655568305 86.1513774860506 86.2102262080199 86.235144479973 86.3018922889444 86.44374372355 86.5139678044404 86.4003691035074 86.5972910355772 86.7048269828651 86.7133758493793 86.7295600244262 86.9197653545929 -9999 86.7130212379598 -9999 86.9139148166456 -9999 87.1217488313521 87.159229795958 87.2174608715773 87.1900039145912 87.258369979855 87.3794411725364 87.5749836418406 87.5290273313305 87.4537519766792 87.3527348268427 87.293439725287 87.4239078323835 -9999 87.5751259954521 87.5799007090302 87.7054058845828 87.6784025978633 87.6786480898352 87.7130443373388 87.766993782175 87.7250243599767 88.0229419385322 -9999 88.0495550070458 87.7635064993622 87.7273915234181 87.7201628687929
85.8486954741173 85.8436876013909 85.9090425876076 85.8806559942138 85.9353794004353 -9999 86.2476487885515 86.3096452197228 86.4112370490066 86.3409986249052 86.4583062660784 86.5989072470519 86.5266987144312 86.5828425888221 86.6223491931617 86.7043257084975 86.7241075952154 86.9099950282728 -9999 -9999 -9999 -9999 87.0189297959092 87.1000610981014 87.1306800548037 87.1803454599814 87.2398089532754 87.1680683175733 87.4650330385748 87.5358065398928 87.5840728682419 87.500806656061 87.4367020933589 87.3594506562835 87.4628448423801 87.6154804390433 87.614219054492 87.6084525395547 87.717414718009 87.62728776099 87.5890812074401 87.6500345265701 87.7724507513825 87.7946776689527 88.2537899038246 89.1382232368764 87.7733881554952 87.7763510002664 87.7971739133855 87.7801752482335
85.7808284819937 85.8269023109974 85.8313853994593 85.8416736495358 86.0026078873604 86.1831317926777 86.3905544771938 86.3613776527185 86.4413061353921 86.5260874827583 86.5769754377274 86.6709670858169 86.7708437674545 86.7155368151514 -9999 86.769607830354 86.7825494061503 87.000430959634 86.922882920761 86.8324229510275 86.9941727834149 86.8925302176447 87.0437345286987 87.1167490828999 87.245110745331 87.192731995362 87.2485882634502 87.1931282548228 87.3586590510651 87.4718103454144 87.5508136168523 87.5159851870775 87.5030149607502 87.48543915452 87.554367362832 87.6150779018362 87.6019068451226 87.5939620999636 87.6996690361162 87.6343573456763 87.6740372755698 87.7079574547194 87.8138382842419 87.90161195046 -9999 88.8546382582373 87.8321141292639 87.8031210789214 87.7949751603108 87.777028325615
85.8681825229835 85.746922598264 85.8584283694233 86.0408456167536 86.0404531481837 86.1722716111123 86.3139029821797 86.3802581610436 86.3866372121739 86.3987469451038 86.6086505911034 86.6349612002455 86.7163737955495 86.7204629587909 86.7526040964302 86.7234142971787 86.9789697054781 86.9385202978574 87.0982452876284 87.1812850752427 87.0388634778236 87.0940503044419 87.2043613194119 87.2131904602163 87.3579520210634 87.3725421232885 87.4584970700817 87.4525282724008 87.4102448574561 87.4611773845872 87.53994624755 87.5454573074294 87.601441323823 87.6288071310363 87.6042756400155 -9999 -9999 87.6110397710647 87.6898503168303 87.7216410261658 87.8510112403837 87.8678560643536 87.8638745613087 87.9008840836047 88.1285556132476 88.4226375140448 87.9366981648227 87.824468862053 87.7775667401252 87.723119331092
85.8089554884401 85.8578802355202 85.9512758231317 86.1793201362131 86.2282282097823 86.303683169864 86.3849618094614 86.3362327171141 86.5238076038207 86.5355039386938 86.6982415433897 86.6041607760812 86.7215722022008 86.8108941922673 86.7968307493926 86.7679139308136 87.1117038074907 86.9699201386873 87.3068177455991 87.3881070382641 87.2706584149349 87.3009375131262 87.2281637420044 87.1838703356943 87.3320210118761 87.498293396103 87.4363454910008 87.4612779803428 87.5446284069673 87.5437953122108 87.7035334601669 87.6719180244939 87.6925538834964 87.6385847213343 87.6378717105311 87.6061134704028 87.6698019699883 87.6895488046411 87.7752854711673 87.8184428151842 87.8182979353561 87.8669442231191 87.9444368888635 87.9068633395885 87.9648116751713 87.9897381210009 87.7532780031698 87.8605362708833 87.8217796428484 87.7993213402128
85.8127554778043 86.0333461034772 86.2018916558119 86.3314232962773 86.3822268828025 86.4798852804817 86.4375032928369 86.3913926891051 86.6156938935749 86.6670617030018 86.7536221745791 86.7927265720282 86.7238271910822 86.8392273172124 86.8071504700202 86.9954005225038 87.0979622348114 87.1368028307706 87.3878856761209 87.4384163030979 87.4171050565216 87.3137497944881 87.2520505479575 87.3050669133858 87.2926454812341 87.4267080172839 87.4412691762251 87.4826575393499 87.6940699847978 87.622953433104 87.7813948722065 87.6978199714887 87.6323223588257 87.5850060423673 87.6685401768835 -9999 87.7071173870059 87.7283222204193 87.7349204314504 87.8002238958491 87.7992426234364 87.7887361218985 87.9054743692377 87.9178786152909 87.8150562106884 87.7994003046127 87.7798436702559 87.9103998655637 87.960699085309 87.9086729906012
85.9284433500999 86.1893496595642 86.2113815661294 86.2812458347118 86.3578858217785 86.2665481823691 86.462505583433 86.4790010363434 86.5260689447185 86.6451610024535 86.7592245879713 86.8507785783399 86.849954335844 86.9289295623888 86.8663282637012 87.04904619627 87.0730702782156 87.0578569213014 87.4064800994874 87.3667078574993 87.3471099348499 87.3697819241361 87.3644008330617 87.3346394909469 87.3348036015828 87.3940950653454 87.5193732166479 87.7162942655668 87.6596314851931 87.7033710321089 87.6630348097443 87.7151862042682 87.7366614678293 87.6926378791267 87.6954170808556 87.727357440832 87.7360584834616 87.8524026409004 87.8252169526383 87.7771768226079 87.8963412615984 87.807194398745 87.8810468702139 87.9098650537402 -9999 87.8928291146001 87.8869485334129 87.8882360278179 88.004883865309 88.0597944781146
85.864310684482 86.0739254565483 86.185710268258 86.2557599537304 86.3060844654715 86.2607949504533 86.4921839422713 86.5569337540607 86.5478730208658 86.7103369966707 86.7612903373473 86.8158292785699 86.8700394372595 86.9125884593398 86.8186225830382 87.0246526477322 87.0690770170417 86.9936523299053 87.2768373140084 87.413808054291 87.4073465029697 87.3057902718517 87.3458805781774 87.3464240734017 87.4269674021131 87.5053101227993 87.5255945812326 87.6456653694916 87.6265701917892 87.7648587784084 87.6898324513572 87.7922305417383 87.797014818856 87.8098932263156 87.8088238492935 -9999 87.8315718895956 87.9624211002497 87.9466028232587 87.8652912514922 87.8855803270139 87.8638259974882 87.8925375080385 87.9216907634871 87.8691239457432 87.8474616319181 87.8880904853604 87.9616398895678 88.1411618497266 88.1366710678394
85.8987755443111 85.9824785716449 86.1358608578538 86.2101433504131 86.3007206963428 86.4227036959942 86.458641937478 86.598307952719 86.6216534933331 86.7954611264699 86.8927559680863 86.8755969103352 86.854247031174 86.7942861291554 86.9995625656933 87.0671587792883 87.0035294390596 86.9213677232364 87.180722046582 87.3959766882529 87.440375911999 87.3833638843009 87.4723608423339 87.5953566243789 87.4756447493764 87.5822670184416 87.5261168696628 87.6323313856696 87.7059603182973 87.6803683329538 87.7816079204436 87.8793041991281 87.9546650446302 87.9517998643884 87.9037526429162 87.8480189843956 87.8474414466734 87.9037750090658 87.9697778751357 88.0049836942165 88.006431737113 87.9599303027357 87.9297299470577 87.924148604454 87.7801073259387 87.7918761084517 87.953608054139 87.9793380927378 88.1347498432003 88.1620540864064
85.8540851216419 85.9587164570358 86.0683219254651 86.19897133948 86.3602645819227 86.4958856952371 86.5893409807759 86.6995356393744 86.6633212144462 86.7305280105759 86.8248873916197 86.854496295725 86.898431770126 86.9608036867567 87.1545478023371 87.1031925665418 86.9736615774964 86.8595979669632 87.129737870639 87.3522745351637 87.4337781099327 87.5127509918222 87.5546183820291 87.668414757076 87.6423508434428 87.6096736650053 87.5028519248209 87.7647106083505 87.818876990443 87.6930788106112 87.6927554724811 87.8057399499696 87.9473313481462 87.9574514504548 88.0990585354678 88.076082586456 88.0046677234592 87.9680126813951 87.9888383798061 87.9763878041561 88.1282239296667 87.9993399626272 88.0203869562163 87.9291677796925 87.7832584857713 87.8680510136998 88.00234052347 88.0129689233832 88.1067203908073 88.0762317612573
85.8983417329837 85.950889409861 86.0163466949908 86.0765808945044 86.2011796936563 86.3782598419955 86.5670298933772 86.6891135035062 86.649594863996 86.7392541597456 86.7929419083603 86.7914142177337 86.8389230744981 87.036721836177 87.0786106954384 87.0847194035977 87.0587349806894 87.1594005100415 87.2176512065523 87.3159369073613 87.3466551011625 -9999 87.5590300776181 87.62370077044 87.5900085227639 87.6026721240398 87.6150922572547 87.7397490122565 87.8606891425732 87.7785634858862 87.7895086108115 87.9073532393836 87.9810424033782 87.9706141905303 88.0988275945888 88.2191195972037 88.1152466466513 88.0362129527237 88.0807963217861 88.1374071946394 88.1538950491115 88.1077302194037 88.0050922731388 87.9507518458039 87.9668123224568 87.9366720408682 88.028200137601 88.0928039444685 88.0796079048959 88.0084011338805
