rcp8.5models/CNRM-CM5/sc1gr0.27
NCOLS 261 
NROWS 433 
XLLCORNER 336357.134 
YLLCORNER 654653.479 
CELLSIZE 1000 
NODATA_value -3.4e+38 
[rows 198 to 219 of 433, columns 147 to 195 of 261]
82.1110534667969 81.8264617919922 81.6196899414062 -3.4e+38 -3.4e+38 -3.4e+38 80.8479385375977 80.5208892822266 80.3282012939453 80.1032943725586 79.7055282592773 79.238655090332 79.0761489868164 78.9223251342773 78.6184616088867 78.2800369262695 78.0338973999023 77.8291778564453 77.743522644043 77.5717620849609 77.3138656616211 77.0427627563477 76.7222137451172 76.5016098022461 76.3988189697266 76.1882553100586 75.7900009155273 75.4932098388672 75.3198623657227 75.2129135131836 74.9866485595703 74.6988296508789 74.4740142822266 74.0009536743164 73.8390045166016 73.6278305053711 73.5495529174805 73.4649505615234 73.2295379638672 73.0468292236328 73.0268020629883 72.8151779174805 72.6196899414062 72.5404357910156 72.2004928588867 71.5118713378906 71.3118896484375 71.1764907836914 71.2033157348633
82.0921936035156 81.8962936401367 -3.4e+38 -3.4e+38 -3.4e+38 81.0935592651367 80.7121276855469 80.5309524536133 80.3406066894531 80.0772476196289 79.8351287841797 79.386589050293 79.1726455688477 79.0143280029297 78.7579193115234 78.4942932128906 78.1813125610352 78.014030456543 77.8916091918945 77.6570510864258 77.4465179443359 77.2358779907227 76.8398971557617 76.4780960083008 76.2648544311523 76.0413208007812 75.8102645874023 75.5201721191406 75.3590927124023 75.2529525756836 75.1207427978516 74.8943099975586 74.6400604248047 74.1441497802734 73.9927749633789 73.8013000488281 73.7071914672852 73.566650390625 73.3532028198242 73.234992980957 73.0948944091797 72.9235076904297 72.7529067993164 72.6863479614258 72.4150772094727 71.8040390014648 71.4081726074219 71.3767776489258 71.5314559936523
82.1089019775391 -3.4e+38 -3.4e+38 -3.4e+38 -3.4e+38 81.0637283325195 80.7889709472656 80.721565246582 80.5571594238281 80.0677108764648 79.9074401855469 79.4847946166992 79.2247085571289 79.1014633178711 78.8772125244141 78.6649398803711 78.4138488769531 78.3115081787109 78.0800857543945 77.7967834472656 77.577018737793 77.3721237182617 77.0331039428711 76.6549301147461 76.2669830322266 75.9378890991211 75.7995300292969 75.6103668212891 75.4339370727539 75.3132553100586 75.2060012817383 75.0137939453125 74.8571319580078 74.3399505615234 74.1300506591797 73.8838348388672 73.7765502929688 73.6271514892578 73.4537353515625 73.3576431274414 73.1963806152344 73.0081558227539 72.7976913452148 72.6250152587891 72.4908981323242 72.0580978393555 71.6791152954102 71.5776977539062 71.5308532714844
82.2043304443359 -3.4e+38 -3.4e+38 -3.4e+38 81.6400527954102 81.4984359741211 81.2018127441406 80.9127426147461 80.9294738769531 80.242317199707 80.0329895019531 79.5346450805664 79.2050857543945 79.1473388671875 78.992546081543 78.7649230957031 78.5623474121094 78.4759521484375 78.1757125854492 77.9203109741211 77.6798477172852 77.3766250610352 77.0944061279297 76.8874893188477 76.5689468383789 76.168586730957 75.9049606323242 75.7610778808594 75.6170501708984 75.4833831787109 75.3156661987305 75.0683898925781 74.9175415039062 74.4693450927734 74.271354675293 74.130615234375 73.8744812011719 73.7382888793945 73.6238861083984 73.5263900756836 73.2728042602539 73.1863327026367 73.0265579223633 -3.4e+38 72.4927062988281 72.2125701904297 71.9834442138672 71.7303771972656 71.5636215209961
82.3446655273438 82.1510696411133 -3.4e+38 -3.4e+38 81.60400390625 81.6317901611328 81.4519958496094 80.9788131713867 81.0214080810547 80.3832855224609 80.1273040771484 79.6701126098633 79.348518371582 79.1356353759766 79.081298828125 78.9174194335938 78.6122512817383 78.4476547241211 78.1822662353516 77.9544830322266 77.7249450683594 77.3554992675781 76.9751358032227 76.8701095581055 76.6385345458984 76.3199844360352 76.037956237793 75.9175567626953 75.826301574707 75.6620330810547 75.4286499023438 75.1563873291016 75.0126342773438 -3.4e+38 74.4574966430664 74.2936477661133 73.9869079589844 73.8208999633789 73.6824035644531 73.6008834838867 73.4249496459961 73.2338027954102 73.1257095336914 72.9395065307617 72.60595703125 72.2828674316406 72.0810470581055 71.7443389892578 71.7118301391602
82.3994064331055 82.210090637207 81.9272003173828 -3.4e+38 81.7458343505859 81.5691986083984 -3.4e+38 -3.4e+38 80.8416366577148 80.4415130615234 80.2380523681641 79.7786712646484 79.5454635620117 79.2364883422852 79.1267395019531 78.8900833129883 78.6294250488281 78.4626922607422 78.2640151977539 78.0187606811523 77.8665008544922 77.5598831176758 77.0533981323242 76.9035110473633 76.7194442749023 76.4579925537109 76.243782043457 76.0957489013672 75.9717102050781 75.7216949462891 75.4463424682617 -3.4e+38 75.1578369140625 74.7477111816406 74.5523147583008 74.2812118530273 74.1551208496094 73.9644241333008 73.7736434936523 73.6193695068359 73.5025787353516 73.3086776733398 73.1136932373047 72.9213104248047 72.7019577026367 72.2760543823242 72.0295715332031 71.669807434082 71.6835327148438
82.4327774047852 82.3030242919922 81.9745788574219 -3.4e+38 81.8538665771484 81.6347579956055 81.3404006958008 -3.4e+38 80.8909225463867 80.6400604248047 80.4238967895508 79.9164505004883 79.7654876708984 79.420295715332 79.1793441772461 78.8702011108398 78.8175277709961 78.6709518432617 78.3790130615234 78.1688766479492 78.0176239013672 77.8052978515625 77.084831237793 77.0318374633789 76.8236083984375 76.5995864868164 76.4702835083008 76.2494659423828 76.087287902832 75.8168334960938 75.5614624023438 75.3677444458008 75.22802734375 74.8368911743164 74.619384765625 74.4826507568359 74.3667449951172 74.1760101318359 73.9851837158203 73.7496109008789 73.563850402832 73.4935302734375 73.2026977539062 72.9762725830078 72.7815780639648 72.448356628418 72.1878433227539 71.8591690063477 71.6278991699219
82.5995864868164 82.4026641845703 82.0220947265625 81.9394226074219 81.9318695068359 81.7319793701172 -3.4e+38 81.2891387939453 80.9663238525391 80.7229690551758 80.5511932373047 80.0114059448242 79.7479629516602 79.4904632568359 79.2679748535156 79.0578994750977 78.9754638671875 78.7745132446289 78.4845581054688 78.1295928955078 78.0346374511719 77.9377899169922 77.2252426147461 77.1518630981445 76.8803329467773 76.7196960449219 76.5665969848633 76.3544616699219 76.1325073242188 75.9031600952148 75.7151947021484 -3.4e+38 75.2351608276367 74.8965911865234 74.6498336791992 74.5510330200195 74.4497375488281 74.2276153564453 74.024169921875 73.8806228637695 73.6785354614258 73.6081771850586 73.4000091552734 73.1904830932617 72.9587860107422 72.6195449829102 72.2870788574219 72.1187362670898 71.7793502807617
82.7059936523438 82.4456176757812 82.1436157226562 82.0618515014648 82.1706390380859 82.0489349365234 81.9844970703125 81.7236022949219 81.2661056518555 80.8315734863281 80.579345703125 80.1102294921875 79.8350982666016 79.6323623657227 79.3714370727539 79.2733993530273 79.119987487793 78.8293685913086 78.6623001098633 78.2609634399414 78.1187896728516 77.918212890625 77.4706954956055 77.2074584960938 76.9362258911133 76.850227355957 76.6792144775391 76.4867172241211 76.1097030639648 75.9231567382812 75.7757873535156 75.5478515625 75.3481369018555 74.9775619506836 74.749137878418 74.5882797241211 74.5179290771484 74.3308944702148 74.1609344482422 74.0909881591797 73.8883743286133 73.732421875 73.5317611694336 73.2860717773438 73.1134948730469 72.5599975585938 72.2616653442383 72.2375411987305 72.0182723999023
82.8053894042969 82.5202941894531 82.3455352783203 82.1997528076172 82.2748718261719 82.1626968383789 81.8862457275391 81.8031005859375 81.4602584838867 81.084831237793 80.6919784545898 80.2211074829102 79.9733581542969 79.9037704467773 79.5788421630859 79.4566192626953 79.3289413452148 79.005012512207 78.78564453125 78.4421005249023 78.2621154785156 77.9982299804688 77.6185684204102 77.351676940918 77.1252365112305 76.9382400512695 76.7906951904297 76.6324920654297 76.2115478515625 76.0052490234375 75.8410186767578 75.6512985229492 75.4590072631836 75.1705703735352 74.890754699707 74.7287750244141 74.6215286254883 74.4543228149414 74.2768173217773 74.2091903686523 74.0039901733398 73.8137435913086 73.5549163818359 73.3231353759766 73.1600112915039 72.5880355834961 72.4652786254883 72.3852233886719 72.1179275512695
82.9078369140625 82.6739730834961 82.4694442749023 82.4841537475586 82.3343658447266 82.1900177001953 82.1208267211914 82.0845565795898 81.5884475708008 81.2289657592773 80.8383712768555 80.4682388305664 80.2175445556641 79.8193359375 79.5828399658203 79.5978469848633 79.4029312133789 79.1179809570312 78.8712921142578 78.5319442749023 78.4246368408203 78.1907348632812 77.7110748291016 77.5360260009766 77.2538146972656 76.9418106079102 76.8066711425781 76.7141036987305 76.5239028930664 76.2249298095703 76.0546798706055 75.8015518188477 75.7505187988281 75.2633590698242 75.1779708862305 75.0434036254883 74.8899459838867 74.6923217773438 74.5025787353516 74.2341384887695 74.0443954467773 73.8767776489258 73.6046142578125 73.3929290771484 73.2231369018555 72.8086090087891 72.729621887207 72.591423034668 72.2911605834961
83.1549453735352 82.9479751586914 82.7864379882812 82.6079406738281 82.3890533447266 82.2244033813477 82.2753677368164 82.2940902709961 81.5794219970703 81.2893905639648 81.0570068359375 80.468879699707 80.3213272094727 79.9644012451172 -3.4e+38 79.7676315307617 79.4282150268555 79.1609878540039 78.8987731933594 78.5877914428711 78.4142074584961 78.1463088989258 77.7135772705078 77.5707473754883 77.3569793701172 77.0727386474609 76.9119110107422 76.7466888427734 76.6175231933594 76.4069137573242 76.1015243530273 75.8555679321289 -3.4e+38 75.4587173461914 75.2972717285156 75.1473159790039 75.0019607543945 74.8515472412109 74.6417236328125 74.3914947509766 74.2459182739258 74.02197265625 73.701042175293 73.4743423461914 73.2373809814453 72.8536071777344 72.7744979858398 72.6785659790039 72.3724212646484
83.2550582885742 83.0568161010742 82.9322662353516 82.6868057250977 82.5010223388672 82.3600692749023 82.361572265625 82.262580871582 81.5712051391602 81.3337707519531 81.0294952392578 80.4791564941406 80.3921508789062 80.1858749389648 79.9880828857422 -3.4e+38 79.4423294067383 79.2616271972656 78.9544296264648 78.6413421630859 78.4848937988281 78.2577056884766 77.7846374511719 77.650390625 77.4474334716797 77.2508316040039 77.0750579833984 76.8586349487305 76.721305847168 76.6321334838867 76.3352508544922 -3.4e+38 -3.4e+38 75.4882278442383 75.3830871582031 75.2643737792969 75.1140594482422 74.9928588867188 74.6422119140625 74.4655456542969 74.3876876831055 74.1678466796875 73.7993850708008 73.5601501464844 73.3310165405273 72.9823684692383 72.8416519165039 72.6991729736328 72.4714126586914
83.2683868408203 82.9804611206055 82.8749847412109 82.6783294677734 82.533317565918 82.4528579711914 82.371452331543 81.9880905151367 81.6060256958008 81.37060546875 80.9962310791016 80.5704956054688 80.4272003173828 80.1210632324219 80.0213317871094 -3.4e+38 79.6335220336914 79.2933959960938 79.0695724487305 78.7891998291016 78.5685119628906 78.369026184082 77.8983840942383 77.7385635375977 77.5677947998047 77.4202499389648 77.2467041015625 -3.4e+38 76.7816772460938 76.671501159668 76.4857635498047 -3.4e+38 76.1349945068359 75.5722198486328 75.5281372070312 75.4605484008789 75.2283935546875 75.1446914672852 74.765495300293 74.545768737793 74.4332122802734 74.2551345825195 73.9426345825195 73.6719055175781 73.4648666381836 73.0740280151367 72.8684539794922 72.7386016845703 72.6040496826172
83.2946624755859 83.022216796875 82.8310165405273 82.6847305297852 82.4885711669922 82.458381652832 82.3059616088867 81.905029296875 81.669189453125 81.3405685424805 81.1080551147461 80.6898651123047 -3.4e+38 -3.4e+38 -3.4e+38 -3.4e+38 79.759407043457 79.4348526000977 79.1590347290039 78.9179992675781 78.6052474975586 78.4331741333008 77.9460601806641 77.7263641357422 77.6240234375 77.5085830688477 -3.4e+38 77.075798034668 76.8318176269531 -3.4e+38 76.5515594482422 76.3772354125977 76.2303314208984 75.7801742553711 75.6448059082031 75.458381652832 75.3813247680664 75.2997970581055 74.9840545654297 74.6642608642578 74.4539489746094 74.2020034790039 74.0779800415039 73.876106262207 -3.4e+38 -3.4e+38 72.986930847168 72.7704467773438 72.632682800293
-3.4e+38 83.064338684082 82.8144378662109 82.7042007446289 82.5076293945312 82.4330673217773 82.3635559082031 82.0119323730469 81.6860275268555 81.3682708740234 81.2150726318359 80.7172546386719 -3.4e+38 -3.4e+38 -3.4e+38 -3.4e+38 79.6688919067383 79.4525375366211 79.2184600830078 79.0680160522461 78.7122421264648 78.5681838989258 78.0853271484375 77.9192581176758 77.723030090332 77.5863037109375 -3.4e+38 77.1987609863281 76.9994735717773 76.8618469238281 76.7172164916992 76.4956893920898 76.2863922119141 75.8687057495117 75.6879653930664 75.5548934936523 75.5636215209961 75.289436340332 75.0455551147461 74.7230224609375 74.5348739624023 74.2828598022461 74.2106628417969 74.0754089355469 -3.4e+38 73.4046173095703 73.1395034790039 72.9597702026367 72.8005599975586
83.450813293457 83.1436386108398 82.9963455200195 82.7536010742188 82.4821701049805 82.4719924926758 82.4727478027344 82.1133193969727 81.7071838378906 81.4834823608398 81.3143768310547 -3.4e+38 -3.4e+38 -3.4e+38 -3.4e+38 -3.4e+38 79.7563171386719 79.5626602172852 79.4021987915039 79.2245025634766 78.8430328369141 78.6820526123047 78.3294296264648 78.1787033081055 77.9395904541016 77.7665786743164 77.4587173461914 77.2683639526367 77.1217422485352 76.8587417602539 76.8273849487305 76.6138763427734 76.2811813354492 76.0668563842773 75.8789749145508 75.7183227539062 75.5294647216797 75.225715637207 75.0341262817383 74.7905426025391 74.6256713867188 74.4787750244141 74.2992324829102 74.1434783935547 -3.4e+38 73.5157089233398 73.2486190795898 73.1355133056641 72.969123840332
83.5486297607422 83.2848129272461 83.1156539916992 82.7699661254883 82.5195007324219 82.6191787719727 82.5222549438477 82.084228515625 81.7669067382812 81.6183319091797 81.3902587890625 80.9660186767578 80.6619720458984 -3.4e+38 -3.4e+38 79.9561004638672 79.8059005737305 79.6762313842773 79.5508728027344 79.3269424438477 79.0506057739258 78.8343200683594 78.4223937988281 78.2819519042969 78.1093444824219 77.8296737670898 77.553825378418 77.4273910522461 77.2041168212891 76.8918914794922 76.8654937744141 76.7926940917969 76.4991607666016 76.3200378417969 76.1277236938477 75.9160766601562 75.6292572021484 75.318489074707 75.0987548828125 74.9238052368164 74.6893692016602 74.5652389526367 74.3774948120117 74.2151184082031 -3.4e+38 73.597770690918 73.3648376464844 73.2317504882812 72.9562072753906
83.698356628418 83.402717590332 83.0793075561523 82.7150115966797 82.5915679931641 82.7726898193359 82.7959899902344 82.0982894897461 81.7831039428711 81.6418762207031 81.3752517700195 -3.4e+38 -3.4e+38 -3.4e+38 80.2468109130859 80.0765380859375 79.8206329345703 79.6764144897461 79.5424194335938 79.431510925293 79.2163696289062 78.899528503418 78.5232543945312 78.3725662231445 78.1979293823242 77.9351272583008 77.7151718139648 77.6655654907227 77.3957214355469 77.1406860351562 76.9884414672852 76.9181747436523 76.7160491943359 76.5520401000977 76.2892608642578 76.0798721313477 75.8193206787109 75.4535293579102 75.3432312011719 75.1452941894531 74.7975845336914 74.6161422729492 74.4389495849609 74.3324508666992 74.1255493164062 73.8234481811523 73.6554565429688 73.5592269897461 73.2000122070312
83.7287902832031 83.5045547485352 83.162223815918 82.8613510131836 82.6712036132812 82.7233657836914 82.7662811279297 82.1995239257812 81.9106521606445 81.71630859375 -3.4e+38 80.8827438354492 80.8143539428711 80.6738357543945 80.3752059936523 80.2070159912109 79.9533004760742 79.7669525146484 79.5807952880859 79.5344924926758 79.3238372802734 78.9575271606445 78.6930389404297 -3.4e+38 78.3055648803711 78.1457366943359 77.889289855957 77.7651824951172 77.5659484863281 77.3791122436523 77.2979736328125 77.2821655273438 76.8094482421875 76.6603393554688 76.4184417724609 76.1306610107422 75.9290542602539 75.7213134765625 75.5573806762695 75.1606521606445 74.88427734375 74.6792831420898 74.4908752441406 74.4538345336914 74.2351608276367 74.031982421875 73.909309387207 73.7505722045898 73.4536437988281
83.7142715454102 83.4884719848633 83.1800384521484 82.9912414550781 82.7431259155273 82.6884613037109 82.6094207763672 82.2270202636719 82.0332870483398 81.7504806518555 81.4154663085938 80.9443130493164 80.8833312988281 80.7294464111328 80.4504013061523 80.2649688720703 80.0833435058594 79.9763946533203 79.7309112548828 79.6100616455078 -3.4e+38 79.1316223144531 78.6924667358398 78.4732284545898 78.3773651123047 78.2324676513672 -3.4e+38 77.7410125732422 77.6698913574219 77.8086700439453 78.5306091308594 79.1871337890625 78.4648132324219 76.6709976196289 76.5553970336914 76.2986907958984 76.0469131469727 75.9244613647461 75.6661605834961 75.2481002807617 74.9498138427734 74.7289657592773 74.6761932373047 74.6756362915039 74.3824996948242 74.1064910888672 73.9530410766602 73.7366638183594 73.6078109741211
83.7443313598633 83.4410552978516 83.166862487793 82.9400634765625 82.7754592895508 82.7172698974609 82.5336227416992 82.2047119140625 81.9953460693359 81.6761856079102 81.4587326049805 81.0358963012695 80.9371871948242 80.7372360229492 80.5422744750977 80.3902893066406 80.260856628418 80.1252059936523 79.8578186035156 79.7323455810547 79.5023956298828 79.201057434082 78.6783218383789 78.4224243164062 78.3847885131836 78.3126602172852 78.0265121459961 77.8146820068359 77.7759857177734 77.9322891235352 78.4512634277344 79.1630935668945 79.0349502563477 76.8264389038086 76.6856002807617 76.4512939453125 76.093376159668 75.9884796142578 75.8141174316406 75.4689407348633 75.1013565063477 74.8559188842773 74.8565902709961 74.8709106445312 74.5599975585938 74.2186508178711 74.0983047485352 73.9280395507812 73.9004211425781
