rcp8.5models/CNRM-CM5/sc1gr9.27
NCOLS 261 
NROWS 433 
XLLCORNER 336357.134 
YLLCORNER 654653.479 
CELLSIZE 1000 
NODATA_value -3.4e+38 
[rows 396 to 417 of 433, columns 147 to 195 of 261]
214.622650146484 207.931579589844 203.071792602539 199.471099853516 197.331558227539 195.024169921875 191.340774536133 188.107940673828 185.822540283203 182.625442504883 180.100082397461 176.433197021484 175.017578125 174.107986450195 172.980102539062 172.961944580078 172.626113891602 170.54035949707 168.270645141602 166.931167602539 165.561279296875 165.247756958008 164.773956298828 164.592102050781 164.858383178711 162.566223144531 126.616737365723 -3.4e+38 -3.4e+38 156.630081176758 155.61376953125 -3.4e+38 -3.4e+38 137.721771240234 112.628196716309 122.449989318848 54.8742179870605 96.2037811279297 94.7614212036133 81.6523361206055 37.8684768676758 37.1199531555176 36.7817459106445 36.4995193481445 36.302604675293 -3.4e+38 35.0937194824219 34.5107040405273 33.9261512756348
215.297821044922 208.201919555664 202.781661987305 197.781967163086 194.869964599609 193.136657714844 190.231887817383 186.420684814453 183.98796081543 181.305389404297 179.100189208984 175.541519165039 174.246658325195 173.329132080078 172.752212524414 172.202453613281 171.545349121094 169.497787475586 167.097213745117 165.698394775391 164.298721313477 164.546020507812 145.722854614258 124.69856262207 163.993255615234 163.285247802734 142.478881835938 101.567054748535 -3.4e+38 -3.4e+38 154.454727172852 -3.4e+38 -3.4e+38 97.2976379394531 110.336647033691 136.263885498047 80.4138793945312 54.5227432250977 95.5706253051758 79.1750793457031 38.4461631774902 51.2165260314941 78.516845703125 37.1352844238281 36.5776062011719 -3.4e+38 -3.4e+38 35.0192756652832 34.370719909668
211.575637817383 206.137008666992 201.158676147461 196.507629394531 193.259216308594 191.172149658203 189.229476928711 186.473358154297 183.008605957031 180.088073730469 177.73649597168 175.198486328125 173.854827880859 172.26481628418 171.296905517578 169.798049926758 169.211303710938 168.158798217773 166.004333496094 164.637405395508 163.046600341797 163.150573730469 143.812408447266 122.208595275879 163.377914428711 163.393508911133 159.933883666992 125.544944763184 78.0897445678711 155.285140991211 153.832061767578 152.992874145508 137.067977905273 57.7482604980469 97.8923416137695 111.340599060059 135.392425537109 79.9671936035156 54.1051750183105 80.8989410400391 52.2261352539062 92.7506713867188 80.1474304199219 37.6725006103516 -3.4e+38 36.0835456848145 35.6728477478027 -3.4e+38 34.8782768249512
207.822509765625 203.678939819336 199.481338500977 195.147094726562 191.885498046875 189.368576049805 187.299072265625 185.732223510742 182.747314453125 179.953918457031 177.223617553711 174.115493774414 172.694183349609 170.698852539062 169.157241821289 167.7314453125 167.633804321289 166.959655761719 164.462677001953 163.425308227539 161.54328918457 161.37727355957 160.902313232422 161.758926391602 145.696365356445 123.582649230957 144.443923950195 103.176208496094 116.280494689941 154.810745239258 138.591156005859 114.157508850098 136.417510986328 43.5285682678223 43.0483894348145 56.8534927368164 96.4037017822266 82.0302124023438 40.8083572387695 40.367431640625 53.2912902832031 80.6417236328125 38.5471038818359 38.02001953125 -3.4e+38 36.6149673461914 36.1395378112793 35.598217010498 35.1929969787598
205.94841003418 202.00553894043 197.765701293945 194.293823242188 190.674514770508 187.701705932617 185.244735717773 183.438598632812 182.137405395508 179.821685791016 176.758453369141 173.056945800781 171.823455810547 169.78987121582 -3.4e+38 -3.4e+38 166.365036010742 165.929656982422 163.323425292969 161.977783203125 160.43115234375 160.103942871094 160.188323974609 160.695938110352 143.017242431641 119.938262939453 142.905227661133 118.165435791016 156.266784667969 154.360229492188 137.313186645508 112.15412902832 120.927795410156 44.4074859619141 43.8866119384766 43.2607841491699 42.5087509155273 42.1781616210938 54.5538597106934 79.3465728759766 40.3735313415527 39.7435836791992 39.10986328125 38.6366577148438 38.0700302124023 37.1579475402832 36.8208961486816 36.0645561218262 35.6184768676758
203.707260131836 199.706268310547 195.838287353516 193.166046142578 189.944274902344 187.064651489258 184.25993347168 181.824462890625 181.176513671875 178.663009643555 175.412078857422 172.152816772461 170.989471435547 168.697463989258 -3.4e+38 -3.4e+38 -3.4e+38 164.537796020508 162.544204711914 160.691558837891 159.937072753906 159.540222167969 159.256561279297 159.251220703125 158.254409790039 157.953872680664 158.268798828125 157.745758056641 155.935409545898 153.722839355469 151.821762084961 150.593353271484 134.692092895508 95.2117919921875 81.3719329833984 43.9404067993164 56.4568176269531 93.3356475830078 93.3464660644531 81.151725769043 41.1254997253418 40.2843322753906 52.0380935668945 78.3185729980469 38.6150207519531 37.5640525817871 37.1967163085938 36.7129325866699 36.1200561523438
202.240631103516 198.342590332031 194.616653442383 191.315856933594 188.685134887695 186.515014648438 183.362075805664 180.887023925781 180.224014282227 177.863998413086 174.728881835938 171.036361694336 169.7900390625 -3.4e+38 -3.4e+38 -3.4e+38 163.622222900391 163.033264160156 161.578826904297 160.120147705078 159.779159545898 159.753189086914 158.75032043457 157.887741088867 156.566329956055 156.235473632812 156.999069213867 141.818115234375 104.095390319824 117.055961608887 137.530181884766 114.489807128906 148.783462524414 147.409683227539 133.076156616211 81.4646987915039 70.5643539428711 145.097244262695 131.226211547852 92.063362121582 79.6665267944336 40.9927864074707 52.8175201416016 -3.4e+38 39.3091468811035 38.044075012207 37.4411392211914 37.0546875 36.6398124694824
201.41096496582 197.335510253906 193.676315307617 190.01921081543 187.46955871582 185.441299438477 182.122802734375 179.775497436523 178.957656860352 177.351470947266 174.548400878906 169.976287841797 169.078018188477 167.754898071289 166.054733276367 164.582916259766 162.667144775391 161.483627319336 160.726837158203 159.920883178711 159.297897338867 159.043518066406 158.085800170898 156.88020324707 155.8359375 154.813339233398 140.758804321289 104.473258972168 86.8483657836914 65.6830291748047 87.3724060058594 77.1653213500977 148.940444946289 146.92741394043 146.13200378418 132.457809448242 107.196678161621 144.466812133789 131.3876953125 106.640319824219 118.268325805664 53.7060546875 78.6502990722656 -3.4e+38 -3.4e+38 -3.4e+38 37.88818359375 -3.4e+38 -3.4e+38
199.924957275391 195.719573974609 191.831405639648 188.959030151367 186.25163269043 183.939605712891 181.244491577148 178.514724731445 176.981369018555 175.773681640625 173.837524414062 169.563934326172 168.545440673828 166.922348022461 165.468322753906 164.079788208008 162.44775390625 160.874145507812 160.099426269531 159.47575378418 158.841873168945 157.758453369141 156.684783935547 155.607299804688 154.917922973633 154.209136962891 138.72966003418 117.396514892578 124.249877929688 52.0021705627441 50.8745307922363 77.9096984863281 135.936080932617 146.840408325195 145.229568481445 145.138153076172 -3.4e+38 -3.4e+38 -3.4e+38 105.432006835938 -3.4e+38 54.4424133300781 -3.4e+38 -3.4e+38 -3.4e+38 -3.4e+38 -3.4e+38 -3.4e+38 -3.4e+38
198.414276123047 194.511856079102 190.555267333984 187.600891113281 184.693420410156 182.198318481445 180.037139892578 177.42985534668 175.549713134766 174.414566040039 173.129806518555 169.502380371094 168.164855957031 166.218551635742 164.424377441406 163.36735534668 162.416061401367 160.815734863281 159.840759277344 159.021759033203 158.576522827148 156.953598022461 155.318267822266 154.885818481445 153.738967895508 153.308013916016 153.329605102539 153.351547241211 137.008392333984 100.424835205078 100.018630981445 113.648155212402 135.002639770508 112.036560058594 132.655288696289 97.1724548339844 -3.4e+38 -3.4e+38 -3.4e+38 143.23176574707 118.386344909668 54.6810646057129 -3.4e+38 -3.4e+38 -3.4e+38 -3.4e+38 -3.4e+38 -3.4e+38 -3.4e+38
195.49137878418 193.033142089844 190.171051025391 187.098846435547 184.420700073242 181.662384033203 178.871322631836 175.893218994141 173.836135864258 172.338592529297 170.83659362793 168.775421142578 167.285491943359 165.32829284668 163.832504272461 162.274169921875 161.162078857422 160.063293457031 158.699417114258 157.513336181641 156.778198242188 155.706390380859 154.640609741211 153.8876953125 152.786407470703 151.990615844727 151.202163696289 150.517181396484 149.934463500977 150.184158325195 148.761108398438 147.543853759766 134.35498046875 144.923309326172 119.876510620117 61.6512336730957 -3.4e+38 -3.4e+38 -3.4e+38 -3.4e+38 -3.4e+38 -3.4e+38 -3.4e+38 -3.4e+38 -3.4e+38 -3.4e+38 -3.4e+38 -3.4e+38 -3.4e+38
194.173690795898 191.359161376953 188.644958496094 186.052932739258 183.784042358398 181.09358215332 178.408584594727 175.81184387207 173.722106933594 171.602630615234 170.226287841797 168.297988891602 166.990386962891 165.010757446289 162.862060546875 161.537963867188 160.6181640625 159.500427246094 158.295852661133 157.285736083984 156.265029907227 155.464431762695 154.218597412109 153.561447143555 153.026565551758 151.75422668457 150.525772094727 149.71403503418 149.871078491211 149.147994995117 147.769058227539 146.694076538086 133.114944458008 99.6689910888672 -3.4e+38 49.7218017578125 -3.4e+38 -3.4e+38 -3.4e+38 -3.4e+38 -3.4e+38 -3.4e+38 -3.4e+38 -3.4e+38 -3.4e+38 -3.4e+38 -3.4e+38 -3.4e+38 -3.4e+38
193.388610839844 190.204071044922 187.208801269531 184.224716186523 182.365997314453 180.429718017578 178.011871337891 175.683853149414 173.534591674805 171.185165405273 169.457244873047 167.362243652344 166.071228027344 164.698593139648 162.721939086914 161.200714111328 160.626037597656 159.554595947266 158.403457641602 157.24299621582 156.112487792969 155.200958251953 153.566909790039 152.828125 152.36051940918 151.606521606445 150.283493041992 149.274291992188 149.284378051758 148.205169677734 147.143402099609 146.304763793945 133.345916748047 52.566822052002 51.3431396484375 -3.4e+38 -3.4e+38 -3.4e+38 -3.4e+38 -3.4e+38 -3.4e+38 -3.4e+38 -3.4e+38 -3.4e+38 -3.4e+38 -3.4e+38 -3.4e+38 -3.4e+38 -3.4e+38
192.668640136719 189.134628295898 186.272033691406 183.515167236328 181.628524780273 179.566879272461 177.133590698242 174.896743774414 172.942474365234 170.843734741211 169.139724731445 166.527252197266 165.423248291016 164.466430664062 162.944763183594 161.41162109375 160.765853881836 159.575454711914 158.430725097656 157.210678100586 155.963912963867 154.916625976562 153.475830078125 152.477264404297 151.677536010742 151.468963623047 150.219528198242 148.925140380859 147.826095581055 147.228073120117 146.928588867188 145.950531005859 -3.4e+38 -3.4e+38 -3.4e+38 -3.4e+38 -3.4e+38 -3.4e+38 -3.4e+38 -3.4e+38 -3.4e+38 -3.4e+38 -3.4e+38 -3.4e+38 -3.4e+38 -3.4e+38 -3.4e+38 -3.4e+38 -3.4e+38
191.780471801758 188.457061767578 185.644775390625 182.973846435547 180.861557006836 178.493103027344 176.255828857422 174.258560180664 172.484146118164 170.242050170898 168.768096923828 166.018646240234 164.837661743164 164.291534423828 162.955978393555 161.469421386719 160.40771484375 159.083709716797 158.101867675781 157.188858032227 155.927169799805 154.862777709961 153.545852661133 152.380004882812 151.653900146484 151.391784667969 149.707778930664 148.764022827148 147.62760925293 147.020477294922 -3.4e+38 -3.4e+38 -3.4e+38 -3.4e+38 -3.4e+38 -3.4e+38 -3.4e+38 -3.4e+38 -3.4e+38 -3.4e+38 -3.4e+38 -3.4e+38 -3.4e+38 -3.4e+38 -3.4e+38 -3.4e+38 -3.4e+38 -3.4e+38 -3.4e+38
191.380310058594 188.213592529297 185.263534545898 182.488174438477 179.871765136719 177.808792114258 175.592697143555 173.594024658203 171.952972412109 170.033081054688 168.499221801758 166.128692626953 164.79264831543 164.006622314453 162.777862548828 161.336990356445 159.805938720703 158.434204101562 157.872344970703 157.075424194336 155.682235717773 154.819519042969 153.271011352539 152.293243408203 151.489028930664 150.960342407227 149.204559326172 -3.4e+38 -3.4e+38 -3.4e+38 -3.4e+38 -3.4e+38 -3.4e+38 -3.4e+38 -3.4e+38 -3.4e+38 -3.4e+38 -3.4e+38 -3.4e+38 -3.4e+38 -3.4e+38 -3.4e+38 -3.4e+38 -3.4e+38 -3.4e+38 -3.4e+38 -3.4e+38 -3.4e+38 -3.4e+38
191.116394042969 187.659820556641 184.859497070312 182.153228759766 179.595672607422 177.824081420898 175.125091552734 173.351211547852 171.94580078125 170.290328979492 168.60823059082 166.081039428711 165.019256591797 163.923675537109 162.511322021484 161.412414550781 159.954330444336 158.666046142578 -3.4e+38 156.962631225586 155.448883056641 154.886184692383 -3.4e+38 -3.4e+38 -3.4e+38 -3.4e+38 -3.4e+38 -3.4e+38 -3.4e+38 -3.4e+38 -3.4e+38 -3.4e+38 -3.4e+38 -3.4e+38 -3.4e+38 -3.4e+38 -3.4e+38 -3.4e+38 -3.4e+38 -3.4e+38 -3.4e+38 -3.4e+38 -3.4e+38 -3.4e+38 -3.4e+38 -3.4e+38 -3.4e+38 -3.4e+38 -3.4e+38
190.31608581543 187.305572509766 184.811477661133 182.099731445312 179.356033325195 177.47575378418 175.254638671875 173.557418823242 171.820739746094 170.343444824219 168.97282409668 -3.4e+38 164.729248046875 -3.4e+38 162.289642333984 161.493362426758 -3.4e+38 -3.4e+38 -3.4e+38 -3.4e+38 -3.4e+38 -3.4e+38 -3.4e+38 -3.4e+38 -3.4e+38 -3.4e+38 -3.4e+38 -3.4e+38 -3.4e+38 -3.4e+38 -3.4e+38 -3.4e+38 -3.4e+38 -3.4e+38 -3.4e+38 -3.4e+38 -3.4e+38 -3.4e+38 -3.4e+38 -3.4e+38 -3.4e+38 -3.4e+38 -3.4e+38 -3.4e+38 -3.4e+38 -3.4e+38 -3.4e+38 -3.4e+38 -3.4e+38
189.712585449219 187.478302001953 185.084945678711 182.275253295898 179.541366577148 177.468841552734 175.488327026367 173.533172607422 171.737564086914 170.232040405273 -3.4e+38 166.11491394043 -3.4e+38 -3.4e+38 162.459243774414 -3.4e+38 -3.4e+38 -3.4e+38 -3.4e+38 -3.4e+38 -3.4e+38 -3.4e+38 -3.4e+38 -3.4e+38 -3.4e+38 -3.4e+38 -3.4e+38 -3.4e+38 -3.4e+38 -3.4e+38 -3.4e+38 -3.4e+38 -3.4e+38 -3.4e+38 -3.4e+38 -3.4e+38 -3.4e+38 -3.4e+38 -3.4e+38 -3.4e+38 -3.4e+38 -3.4e+38 -3.4e+38 -3.4e+38 -3.4e+38 -3.4e+38 -3.4e+38 -3.4e+38 -3.4e+38
189.667709350586 187.644241333008 185.542633056641 182.688720703125 179.972625732422 177.905517578125 175.828201293945 -3.4e+38 172.1474609375 -3.4e+38 -3.4e+38 -3.4e+38 -3.4e+38 -3.4e+38 -3.4e+38 -3.4e+38 -3.4e+38 -3.4e+38 -3.4e+38 -3.4e+38 -3.4e+38 -3.4e+38 -3.4e+38 -3.4e+38 -3.4e+38 -3.4e+38 -3.4e+38 -3.4e+38 -3.4e+38 -3.4e+38 -3.4e+38 -3.4e+38 -3.4e+38 -3.4e+38 -3.4e+38 -3.4e+38 -3.4e+38 -3.4e+38 -3.4e+38 -3.4e+38 -3.4e+38 -3.4e+38 -3.4e+38 -3.4e+38 -3.4e+38 -3.4e+38 -3.4e+38 -3.4e+38 -3.4e+38
189.947235107422 187.636032104492 185.718719482422 183.163360595703 180.288040161133 178.133895874023 176.519897460938 174.771881103516 -3.4e+38 -3.4e+38 -3.4e+38 -3.4e+38 -3.4e+38 -3.4e+38 -3.4e+38 -3.4e+38 -3.4e+38 -3.4e+38 -3.4e+38 -3.4e+38 -3.4e+38 -3.4e+38 -3.4e+38 -3.4e+38 -3.4e+38 -3.4e+38 -3.4e+38 -3.4e+38 -3.4e+38 -3.4e+38 -3.4e+38 -3.4e+38 -3.4e+38 -3.4e+38 -3.4e+38 -3.4e+38 -3.4e+38 -3.4e+38 -3.4e+38 -3.4e+38 -3.4e+38 -3.4e+38 -3.4e+38 -3.4e+38 -3.4e+38 -3.4e+38 -3.4e+38 -3.4e+38 -3.4e+38
190.242218017578 187.675048828125 185.599517822266 183.083297729492 -3.4e+38 -3.4e+38 -3.4e+38 -3.4e+38 -3.4e+38 -3.4e+38 -3.4e+38 -3.4e+38 -3.4e+38 -3.4e+38 -3.4e+38 -3.4e+38 -3.4e+38 -3.4e+38 -3.4e+38 -3.4e+38 -3.4e+38 -3.4e+38 -3.4e+38 -3.4e+38 -3.4e+38 -3.4e+38 -3.4e+38 -3.4e+38 -3.4e+38 -3.4e+38 -3.4e+38 -3.4e+38 -3.4e+38 -3.4e+38 -3.4e+38 -3.4e+38 -3.4e+38 -3.4e+38 -3.4e+38 -3.4e+38 -3.4e+38 -3.4e+38 -3.4e+38 -3.4e+38 -3.4e+38 -3.4e+38 -3.4e+38 -3.4e+38 -3.4e+38
