rcp8.5models/CNRM-CM5/sc1gr10.0
NCOLS 261 
NROWS 433 
XLLCORNER 336357.134 
YLLCORNER 654653.479 
CELLSIZE 1000 
NODATA_value -9999 
[rows 0 to 21 of 433, columns 50 to 99 of 261]
-9999 -9999 -9999 -9999 -9999 -9999 -9999 -9999 -9999 -9999 -9999 -9999 -9999 -9999 -9999 -9999 -9999 -9999 -9999 -9999 -9999 -9999 -9999 -9999 -9999 -9999 -9999 -9999 -9999 -9999 -9999 -9999 -9999 -9999 -9999 -9999 -9999 -9999 -9999 -9999 -9999 -9999 -9999 -9999 -9999 -9999 -9999 -9999 -9999 -9999
-9999 -9999 -9999 -9999 -9999 -9999 -9999 -9999 -9999 -9999 -9999 -9999 -9999 -9999 -9999 -9999 -9999 -9999 -9999 -9999 718.819091796875 719.921447087827 720.687729580014 458.467117244618 381.798778693561 382.931586511062 385.263965041566 584.02632074725 408.03040113539 669.120631734157 734.643485539367 -9999 -9999 -9999 -9999 -9999 -9999 -9999 -9999 -9999 -9999 -9999 -9999 -9999 -9999 -9999 -9999 -9999 -9999 -9999
-9999 -9999 -9999 -9999 -9999 -9999 -9999 -9999 -9999 -9999 -9999 -9999 -9999 -9999 -9999 -9999 -9999 -9999 -9999 714.056644233612 716.106908467346 718.582309905613 719.61477204514 650.281006000731 631.107656190565 436.164139298268 385.041129214684 461.636633095426 587.555222874483 714.801206830622 734.222066093246 736.032813681554 -9999 -9999 -9999 -9999 -9999 -9999 -9999 -9999 -9999 -9999 -9999 -9999 -9999 -9999 -9999 -9999 -9999 -9999
-9999 -9999 686.627990722656 687.084812499156 688.323935463467 689.294859510122 691.487392985282 693.693957681251 695.343098061916 695.804310202419 -9999 -9999 700.733563407451 701.333319077875 702.566016652666 704.057057646726 705.930098462809 709.336531266991 710.521134205606 712.685256347305 714.436196774072 717.030359982819 718.163091062078 719.446175437147 722.069328494619 649.896896968742 630.902844997458 631.750210675717 512.568630370292 487.234663616845 689.603468670845 734.233623475666 -9999 -9999 -9999 -9999 -9999 -9999 -9999 -9999 -9999 -9999 -9999 -9999 -9999 -9999 -9999 -9999 -9999 -9999
682.953919670115 683.370239953039 684.539516427505 685.674172898853 686.934004596002 687.920721823586 689.428152397704 690.909096072904 693.16581160848 694.377875032693 695.638280148048 697.388518373163 698.412983805225 699.812168862595 701.369124053507 702.87654382845 703.974817868679 707.917774458662 708.741509253338 711.111336966134 712.965287605293 714.760834527898 716.481285917218 718.022419232021 719.834572827612 722.067010299045 722.742419358719 724.972752912645 405.48562904136 588.75881563411 714.553504283818 733.118113812774 734.270942572501 -9999 -9999 -9999 -9999 -9999 -9999 -9999 -9999 -9999 -9999 -9999 -9999 -9999 -9999 -9999 -9999 -9999
680.783886726829 681.304099263276 682.030250339123 682.796845541594 684.077368850049 684.59157470505 687.521561101737 688.802345011298 690.562397005683 691.623631930694 693.680754141334 695.532297102965 696.42062798364 697.329381600117 699.50283256389 700.818876422069 701.993200900544 706.141079679029 -9999 708.828101877985 -9999 713.023757116147 714.143274267446 716.377606300061 718.128040177437 720.796407929439 721.236933755321 722.73382997445 585.676404790304 711.45148781798 730.524054298425 732.051007435541 733.357224325504 -9999 -9999 -9999 -9999 -9999 -9999 -9999 -9999 -9999 -9999 -9999 -9999 -9999 -9999 -9999 -9999 -9999
678.408344020348 679.357489424416 680.038401770155 680.750942893565 682.044992522084 682.432489532322 685.173091559288 686.232561878273 688.354324218053 508.775772489912 615.690052988294 692.138868070408 694.311505902894 695.953250930091 697.233737014039 698.032281056184 700.12827736474 703.752358900229 -9999 -9999 -9999 -9999 712.42335457473 -9999 716.130929443892 717.982437655851 524.58840551893 674.000514858895 708.060246866731 726.741051785468 729.059338189659 730.779169726873 531.566977860558 410.737498233352 -9999 -9999 -9999 -9999 -9999 -9999 -9999 -9999 -9999 -9999 -9999 -9999 -9999 -9999 -9999 -9999
677.01351812993 678.013371327728 678.503121422071 679.444098915231 679.303578204885 680.572051997447 683.314208669444 683.820328626364 685.146983666717 632.383298665219 665.804738091638 689.996393908374 691.799366886304 693.738214440464 694.798506070507 695.968058199915 697.726114927726 701.485896336203 -9999 -9999 -9999 -9999 -9999 -9999 714.306078408117 716.07329281483 643.311754317064 701.745370132673 -9999 725.104842796129 727.711979619827 729.514884584087 447.92384527759 395.168900388774 -9999 -9999 -9999 -9999 -9999 -9999 -9999 -9999 -9999 -9999 -9999 -9999 -9999 -9999 -9999 -9999
675.363482942161 675.638480951503 675.711846071534 676.24458117786 676.721144716165 677.660108309311 679.84608829249 680.721525406471 682.763376797906 684.667547874866 685.894545015652 686.831568158484 688.998678173584 690.962098357982 692.421152517675 694.27343136252 695.957763236385 -9999 701.181727894237 703.848374022574 705.746051150815 707.605946337054 709.381907302533 710.322664325516 -9999 714.717613982161 717.247687391383 718.523717589529 -9999 -9999 726.550046458072 728.258172265931 447.014303067169 596.038244212278 719.050380118199 -9999 -9999 -9999 -9999 -9999 -9999 -9999 -9999 -9999 -9999 -9999 -9999 -9999 -9999 -9999
672.876503928767 672.849471125058 673.453852623961 674.113430319065 674.121531987954 674.502266067786 677.352927857523 678.216369036636 679.584857821789 681.280324748061 683.068004610078 684.579056672257 686.353771269982 688.826494004091 690.699498508453 691.931446670886 693.689738460599 -9999 699.734663107796 701.600946868653 -9999 -9999 707.910393654874 709.426450674106 -9999 -9999 715.272912094883 717.055765687529 -9999 723.274820315634 725.331175428647 727.009078831309 646.30777397137 715.88391858834 731.964671341588 445.076066001551 -9999 -9999 -9999 -9999 -9999 -9999 -9999 -9999 -9999 -9999 -9999 -9999 -9999 -9999
669.290649926813 668.729111513448 668.504915065732 668.016280398141 668.175743207805 669.000030199807 671.028800676754 672.799847729223 674.034492348408 675.711947217494 678.074666088312 679.485550388698 681.182784878969 683.526010746161 685.62360570938 688.131249147465 689.389194490976 -9999 696.542868392374 698.47911006188 700.380387823339 -9999 704.143893441984 706.669994638249 708.306180294134 710.54330444696 712.310505359816 714.894654403025 522.211346849054 484.237196862152 -9999 -9999 726.669167970249 728.374821271939 729.98934824628 644.975161451566 429.547604647207 -9999 -9999 -9999 -9999 -9999 -9999 -9999 -9999 -9999 -9999 -9999 -9999 -9999
667.061216866744 666.477472169524 665.666993669087 665.518704759926 665.674267527968 665.450350644198 668.408042114002 670.130482689246 671.22028151759 673.405911261832 675.58560069995 677.959006864361 679.367143265922 681.085999732458 683.606185443184 685.770538914761 688.137474342987 692.156454422985 694.311661048444 696.842802108737 -9999 -9999 -9999 705.247908473487 -9999 709.757498081396 711.116231577682 713.809833099542 442.627277267479 585.237855984922 707.052671927541 -9999 725.549371227192 727.17496747136 528.474840935401 700.986262325116 441.621611383782 -9999 -9999 -9999 -9999 -9999 -9999 -9999 -9999 -9999 -9999 -9999 -9999 -9999
665.473538698513 663.959447657955 663.278817395805 662.450691135378 662.0908094734 662.869378349317 664.821545846374 666.480532011696 668.3309652579 670.296539113762 672.828759750082 675.019728238021 677.455799032227 679.343445343856 682.048962727755 684.045144010304 686.766117050339 690.65728681906 692.620488600519 -9999 -9999 -9999 701.128559475363 703.915120969047 -9999 -9999 709.751306571871 -9999 441.788485046999 665.000792416122 721.108609705847 -9999 -9999 -9999 642.627400565573 515.782992404549 411.916457209276 401.716270600068 -9999 -9999 -9999 -9999 -9999 -9999 -9999 -9999 -9999 -9999 -9999 -9999
662.743785800215 661.251196240375 660.540889330253 658.87447429456 658.655889595414 659.524940980545 662.598547506027 664.397825853265 665.70771063086 668.021139996153 670.223384457048 672.769381521677 674.520637595373 676.915854514987 679.108746622761 -9999 684.362875461669 688.573380184961 -9999 -9999 695.213065153571 -9999 -9999 -9999 704.519957371533 707.15204051024 709.020451710431 711.856068026382 636.306605529549 701.844042163217 719.888373370722 -9999 -9999 -9999 -9999 641.81080574059 428.202548035174 401.663170675229 698.108147152108 -9999 -9999 -9999 -9999 -9999 -9999 -9999 -9999 -9999 -9999 -9999
660.790954131291 658.628177029374 656.609778436505 656.061389444917 655.431317938738 655.685809504251 659.345316109702 661.068214972016 663.398872641714 665.612527997608 668.189328221744 670.399208764252 672.351495102201 674.345115797065 -9999 -9999 -9999 686.748528620288 -9999 691.503791905774 693.590957484523 695.36285896557 698.17309584062 700.434759082401 703.019177798649 706.052062960061 707.974819809681 710.334615047788 714.658159387218 715.884569141761 718.676289264429 720.558392885672 -9999 -9999 -9999 -9999 642.367176055391 428.282702366097 494.440930658147 712.187996404642 -9999 -9999 -9999 -9999 -9999 -9999 -9999 -9999 -9999 -9999
659.561252529795 656.794347911509 654.443766410808 652.997011408285 652.450251836111 653.398255688535 657.010512061375 659.011513688265 661.725941695304 663.359850032587 665.927602607686 668.495284322071 670.803410308288 -9999 -9999 677.687747933095 -9999 -9999 688.62374096293 690.752660090631 693.371709108338 694.766645966912 696.975356004048 698.810131535494 701.653130681568 704.773302047478 706.705195823528 709.378892185149 713.679047466773 715.232730913739 717.565590445645 719.363503374512 722.287826906924 724.166446679213 -9999 -9999 -9999 439.200851633081 607.721041984457 725.301614057021 -9999 -9999 -9999 -9999 -9999 -9999 -9999 -9999 -9999 -9999
-9999 -9999 -9999 -9999 650.591428815572 651.788468103473 654.792478320998 657.197924597133 659.439118998271 661.426905975072 663.444163729729 666.703219421711 -9999 -9999 674.439024454608 676.14830560618 678.791124207782 683.691933460998 687.437542038758 689.622069869945 692.448128083126 694.233040801164 696.358359533027 698.157123930179 700.489467596659 703.503852011404 705.444664514153 708.329548727935 712.956210096163 714.327886269043 716.937481755685 718.264735112169 721.115840456744 723.003352684198 725.229735256539 -9999 -9999 -9999 699.269029821824 735.572093233725 -9999 -9999 -9999 -9999 -9999 -9999 -9999 -9999 -9999 -9999
-9999 -9999 -9999 -9999 648.621722234603 649.156036393177 653.100397983183 654.822549358569 657.420556948041 659.068000440054 661.45363494893 -9999 -9999 -9999 673.334312923298 674.795194211107 -9999 682.768754143778 686.232924606984 688.283879370156 691.125889034258 692.627145414594 695.672205089494 697.712826013209 699.893188902329 702.881718633361 704.30192416886 707.093434402457 711.94651666109 713.159771749086 715.969438892987 717.653715882994 720.034796477386 721.847873261071 724.599417488402 726.450302386618 -9999 -9999 -9999 712.5535377047 738.006537689577 -9999 -9999 -9999 -9999 -9999 -9999 -9999 -9999 -9999
-9999 -9999 -9999 -9999 646.849916945558 647.522579674126 651.298335809233 653.09963836148 655.861753480322 657.357867427704 659.920923168842 -9999 665.819372229199 -9999 671.167750681545 673.159155152122 676.03588034339 681.604476104657 684.94642851147 686.95606980895 689.813883149795 691.628150850947 694.639157593912 696.661121802763 698.870686722387 701.878017392553 703.627504626118 706.498105041409 710.742896100052 712.46615315817 714.873547175903 716.706006817015 719.446607826462 721.314191774816 723.762394156333 725.065717952079 -9999 -9999 -9999 -9999 737.539581441856 739.96581567427 741.463204719416 -9999 -9999 -9999 -9999 -9999 -9999 -9999
-9999 -9999 -9999 -9999 -9999 646.403433401162 649.725681871999 651.626229903931 654.40445430969 656.367605351213 658.644953158917 -9999 664.312059847452 667.440163242875 -9999 671.700798347286 674.675034433874 -9999 683.620776321171 685.638699968661 688.512094445744 690.514728575926 693.403837137574 695.391486517247 698.106878662251 700.73796844578 702.601348443388 705.531010864425 710.173695902471 711.57742854761 713.734960735648 715.542663394981 718.525075368779 720.437371847744 723.204850290776 724.306681607904 726.709369667663 -9999 -9999 -9999 -9999 738.950522640743 740.7421281072 743.542430587401 -9999 -9999 -9999 -9999 -9999 -9999
-9999 -9999 -9999 -9999 -9999 -9999 648.711490764508 650.33130817337 652.959833211688 655.073954892334 657.782404910779 660.008037471765 -9999 666.054273196912 668.127613907271 670.810572208243 673.976759174142 679.13169312839 681.46588394644 684.121649636982 687.220546205749 689.231284668137 -9999 -9999 697.232699318927 699.542946386055 701.376665115143 704.321221530197 709.242275408492 710.967784836196 712.655487941692 714.387381927191 717.384168142501 719.3046306013 722.31997484547 724.885418933924 726.331320613753 728.406410312702 527.714018142961 -9999 -9999 -9999 739.762988337215 742.840371666417 744.395294120861 -9999 -9999 -9999 -9999 -9999
-9999 -9999 -9999 -9999 -9999 -9999 -9999 -9999 -9999 -9999 -9999 658.802116026517 660.456982854807 -9999 -9999 669.172296503044 672.368567696145 676.633611137001 679.403034295872 681.674180366972 684.668087041732 -9999 690.270560814505 -9999 -9999 -9999 699.055251762781 701.928601149622 706.894370856221 709.736353203604 712.000118754293 713.971983615303 715.898088911655 718.951354352494 720.339605751713 723.323361036385 725.242338793375 728.069970432137 728.644479284275 731.602349666926 -9999 -9999 -9999 741.539015520442 744.124903143725 745.701700271869 -9999 -9999 -9999 -9999
