rcp8.5models/CNRM-CM5/sc1gr0.17
NCOLS 261 
NROWS 433 
XLLCORNER 336357.134 
YLLCORNER 654653.479 
CELLSIZE 1000 
NODATA_value -3.4e+38 
[rows 286 to 307 of 433, columns 196 to 244 of 261]
86.4535903930664 86.0124359130859 86.743408203125 86.9414291381836 85.0156707763672 84.3447113037109 84.1747512817383 84.3714218139648 84.8982391357422 87.1625747680664 86.0727386474609 87.9507675170898 87.0991744995117 83.7292327880859 80.6407089233398 80.4428558349609 80.2607574462891 79.8125228881836 -3.4e+38 80.0720672607422 80.5905151367188 79.1569366455078 78.7990036010742 78.314323425293 77.8296737670898 77.6480560302734 77.5615310668945 77.3501892089844 77.21630859375 76.7849960327148 76.4542541503906 76.4896697998047 76.0593948364258 75.799430847168 75.4613037109375 75.3616561889648 75.3426055908203 75.0019683837891 74.8131103515625 74.6218948364258 74.5170211791992 74.2612380981445 74.0443572998047 73.8660583496094 73.7415084838867 73.648078918457 73.4449005126953 73.1613311767578 -3.4e+38
86.1210327148438 85.7097702026367 85.8341293334961 85.3574523925781 84.8101196289062 84.5153198242188 84.1145095825195 84.0073318481445 84.9013824462891 87.9879989624023 87.7898712158203 88.8257064819336 87.7373352050781 83.8971252441406 80.7260284423828 80.3532867431641 80.1364974975586 79.7898941040039 -3.4e+38 80.0713119506836 81.1600341796875 79.3955307006836 78.9777679443359 78.3945617675781 77.8964385986328 77.7018051147461 77.4635238647461 77.2469100952148 77.1760101318359 76.9141311645508 -3.4e+38 76.3189239501953 76.0878982543945 75.8465576171875 75.6295318603516 75.3604125976562 75.2953567504883 75.1299514770508 75.0581283569336 74.810905456543 74.5782089233398 74.2374877929688 74.0715866088867 73.8881988525391 73.8196792602539 73.6109161376953 73.4858169555664 -3.4e+38 -3.4e+38
85.5952758789062 85.6219940185547 85.870246887207 85.4531707763672 85.1318740844727 84.5923767089844 84.1588745117188 83.858757019043 84.9356307983398 87.788818359375 88.1530303955078 88.6275100708008 88.0297775268555 85.3996353149414 80.8841934204102 80.4567642211914 80.1287002563477 79.7204284667969 -3.4e+38 80.2140502929688 81.7224807739258 79.4926452636719 78.8389205932617 78.5788345336914 78.2109222412109 77.9450836181641 77.5501708984375 77.3232803344727 77.1561126708984 76.9331665039062 76.3020782470703 76.3009567260742 76.2052307128906 75.9837875366211 75.6712188720703 75.3820877075195 75.3036041259766 75.4146575927734 75.1558837890625 74.8533325195312 74.6779556274414 74.2259826660156 74.1496353149414 74.0196533203125 73.9023208618164 73.7921371459961 73.532341003418 73.2916107177734 73.2012710571289
85.7778625488281 85.6253128051758 85.5903472900391 85.4571304321289 85.3389739990234 84.3795928955078 84.1356735229492 83.879280090332 84.2562484741211 85.0094680786133 86.0878067016602 87.732177734375 87.874641418457 86.8071975708008 80.7723007202148 80.4539413452148 80.2888641357422 79.8895111083984 79.3781433105469 80.2759857177734 81.5289459228516 79.3933792114258 -3.4e+38 -3.4e+38 78.4556045532227 -3.4e+38 -3.4e+38 77.3667068481445 77.289176940918 77.0131912231445 76.3510437011719 76.3280715942383 76.1659851074219 75.8661804199219 75.597038269043 75.5313873291016 75.4987182617188 75.4621963500977 75.0760116577148 74.872200012207 74.6901168823242 74.3337326049805 74.263557434082 74.0794219970703 74.0173568725586 73.9656295776367 73.7089538574219 73.4165573120117 73.4068145751953
85.7749176025391 85.5401611328125 85.1178970336914 85.7363967895508 87.3528442382812 86.1120071411133 84.1970748901367 83.6582183837891 83.6162872314453 83.3257369995117 83.9309005737305 84.699333190918 86.4380798339844 87.8490447998047 82.9099884033203 80.3523788452148 80.095832824707 79.7769317626953 -3.4e+38 79.5787963867188 80.3464202880859 -3.4e+38 -3.4e+38 -3.4e+38 -3.4e+38 -3.4e+38 -3.4e+38 77.8459701538086 77.6265182495117 77.4913864135742 76.6923599243164 76.4290084838867 76.2354431152344 76.0744247436523 75.9934158325195 75.8994598388672 75.9441299438477 75.9014587402344 75.4511184692383 75.0592346191406 75.0351715087891 74.7278289794922 74.4306411743164 74.2969360351562 74.2437896728516 74.2367553710938 73.9437637329102 73.6758880615234 73.4702529907227
86.2075271606445 85.7736434936523 85.2984771728516 85.3229904174805 86.333366394043 86.0190505981445 84.2087173461914 83.5911407470703 83.4901351928711 83.0892562866211 82.9054260253906 83.1299362182617 84.3942031860352 85.3156585693359 83.3188629150391 80.1707534790039 79.922966003418 79.7686386108398 -3.4e+38 -3.4e+38 -3.4e+38 -3.4e+38 -3.4e+38 -3.4e+38 -3.4e+38 -3.4e+38 -3.4e+38 78.0756759643555 77.9136047363281 77.6787338256836 76.6649932861328 76.4746246337891 76.4336700439453 76.212028503418 76.1629791259766 76.107063293457 76.1956481933594 76.0076065063477 75.4968490600586 75.176872253418 75.1374435424805 74.9951782226562 74.8254699707031 -3.4e+38 74.3225784301758 74.0228424072266 73.9016571044922 73.6762237548828 73.4523620605469
86.5741806030273 86.2430114746094 86.0020523071289 85.4779663085938 84.8774719238281 84.7545928955078 84.2454223632812 83.7144317626953 83.2995529174805 82.9988174438477 82.6709365844727 82.4046630859375 82.0740814208984 81.9163055419922 81.7949295043945 80.3995666503906 80.1032791137695 80.0086898803711 79.5623474121094 79.4406280517578 79.0902709960938 -3.4e+38 -3.4e+38 78.6401672363281 -3.4e+38 -3.4e+38 -3.4e+38 78.0517272949219 77.820686340332 77.5454254150391 76.7342681884766 76.5390396118164 76.7688827514648 76.5401763916016 76.2475357055664 76.2444610595703 76.1331176757812 75.9657592773438 75.4352416992188 -3.4e+38 75.2578125 75.1078262329102 74.78125 -3.4e+38 74.3665924072266 74.1689987182617 73.9965286254883 73.6867599487305 73.5121917724609
86.6670303344727 86.5125045776367 86.4333267211914 85.7772521972656 84.7996826171875 84.5440063476562 84.3138580322266 83.8399963378906 83.2074737548828 82.8274002075195 82.4545669555664 82.1048965454102 81.6298370361328 81.5459823608398 81.5697784423828 80.9122467041016 80.4690093994141 80.1527481079102 79.597526550293 79.4521026611328 -3.4e+38 -3.4e+38 -3.4e+38 -3.4e+38 -3.4e+38 -3.4e+38 78.2404251098633 78.2310562133789 77.8472137451172 77.5683364868164 76.7288131713867 76.5430450439453 76.7863845825195 76.7706985473633 76.5710144042969 76.6494445800781 75.8203964233398 75.7964248657227 75.5447540283203 75.410888671875 75.4162673950195 75.0531616210938 74.6747970581055 74.5990676879883 74.5709457397461 74.4505996704102 74.1801452636719 73.8419647216797 73.6116943359375
86.6435241699219 86.7736053466797 86.8655776977539 85.8542556762695 84.8471984863281 84.5034332275391 84.3095779418945 84.3521270751953 84.2667083740234 82.9544830322266 82.3098220825195 82.0593795776367 81.8263244628906 81.817985534668 81.8100128173828 80.876220703125 80.477668762207 80.2910919189453 79.7284622192383 79.3563919067383 -3.4e+38 -3.4e+38 -3.4e+38 -3.4e+38 -3.4e+38 -3.4e+38 78.4557495117188 78.3352584838867 77.817756652832 77.5997924804688 76.7762222290039 76.746696472168 76.8021240234375 76.84033203125 76.8175201416016 -3.4e+38 76.0567626953125 75.90625 75.6884765625 75.4858551025391 75.4380111694336 75.0830307006836 74.7397689819336 74.7158966064453 74.5319290161133 74.3326034545898 74.1065902709961 73.8701324462891 73.6212921142578
86.308723449707 86.775032043457 87.7320022583008 86.0327835083008 84.9499359130859 84.5402679443359 84.3786315917969 84.2894058227539 84.2712478637695 83.2057800292969 82.6461868286133 82.3382720947266 82.3183822631836 82.0090255737305 81.9778213500977 80.8691253662109 80.6163177490234 80.4770889282227 79.8951644897461 79.3842239379883 -3.4e+38 -3.4e+38 -3.4e+38 -3.4e+38 -3.4e+38 78.7311401367188 78.7005004882812 78.4451293945312 77.8345642089844 77.4627304077148 77.1570205688477 77.13525390625 77.0380783081055 76.9209060668945 76.6126861572266 -3.4e+38 76.3042144775391 76.030647277832 75.7940902709961 75.6157989501953 75.4260482788086 75.0631561279297 74.8493499755859 -3.4e+38 -3.4e+38 74.2021408081055 73.9896850585938 73.7593765258789 73.7193298339844
85.9337997436523 86.0805511474609 86.8899002075195 85.5464477539062 84.7996292114258 84.5728988647461 84.6640167236328 83.9626922607422 83.6016311645508 83.2044677734375 82.9310607910156 83.0129470825195 82.7008895874023 82.4938659667969 82.1866149902344 81.2972869873047 80.9115295410156 80.4356842041016 79.6625213623047 -3.4e+38 79.5908203125 79.4131851196289 -3.4e+38 -3.4e+38 -3.4e+38 78.6527481079102 78.7441940307617 78.2781448364258 77.7471008300781 77.3366241455078 77.420783996582 77.4103851318359 77.2598648071289 76.916130065918 -3.4e+38 -3.4e+38 76.3622131347656 76.1831512451172 75.8379440307617 75.8264770507812 75.535041809082 75.0551300048828 -3.4e+38 74.6693725585938 -3.4e+38 74.1555099487305 73.9381790161133 73.7294692993164 73.8168869018555
85.7234268188477 85.5019607543945 85.5280838012695 85.2034454345703 84.7320251464844 84.7237701416016 84.857307434082 84.2305450439453 83.8392562866211 83.2573471069336 83.0667495727539 83.4148788452148 82.5386352539062 82.672233581543 82.8098068237305 82.031379699707 81.0121917724609 80.5959396362305 79.5737533569336 79.5994415283203 79.8115615844727 79.5766754150391 -3.4e+38 79.0011825561523 78.9804382324219 78.9395446777344 79.2695846557617 79.2171859741211 77.9591293334961 77.360221862793 77.397331237793 77.4565277099609 77.3181610107422 77.0936050415039 77.1079406738281 76.745719909668 76.5316390991211 76.3239364624023 75.9931488037109 75.959342956543 75.5796813964844 75.1659088134766 75.0022430419922 -3.4e+38 -3.4e+38 74.378791809082 74.0680999755859 73.8920059204102 73.8664779663086
85.8422698974609 85.6449584960938 85.4239349365234 85.2976760864258 84.8574600219727 84.8012847900391 84.8356246948242 84.3108215332031 83.8282012939453 83.5720138549805 83.8514404296875 83.1200866699219 82.3071899414062 82.8290481567383 83.1394729614258 82.0183792114258 80.8854675292969 80.5357055664062 79.940544128418 79.8541412353516 79.9349212646484 79.7433853149414 -3.4e+38 79.5834121704102 79.8188171386719 79.0646667480469 79.1142196655273 79.2025985717773 78.1020126342773 77.5693664550781 77.5105209350586 77.5110855102539 77.1999359130859 77.3107299804688 77.3371658325195 76.9182510375977 76.7165069580078 76.376106262207 76.2481384277344 75.9688491821289 75.6957473754883 75.2746429443359 74.9377670288086 -3.4e+38 -3.4e+38 74.4926528930664 74.2031860351562 74.0956649780273 73.8978805541992
86.3681259155273 86.0164260864258 85.4905014038086 85.1971817016602 84.9186706542969 84.8149185180664 84.9619598388672 84.2330093383789 83.8048858642578 84.3928909301758 86.1351013183594 83.8397827148438 82.3671417236328 82.9603958129883 82.7824096679688 81.4543685913086 80.6879501342773 80.2525253295898 80.2688217163086 80.4496765136719 80.1337051391602 79.9623565673828 79.6639938354492 80.7022323608398 81.1698760986328 79.0978088378906 78.5405578613281 78.3811721801758 -3.4e+38 77.746467590332 77.7417755126953 77.5474548339844 77.2732238769531 77.2648468017578 77.1535339355469 77.1849212646484 77.4094085693359 76.9898910522461 76.3636627197266 76.0148468017578 75.8063507080078 75.3738174438477 75.0113525390625 74.996208190918 74.7706985473633 74.4601135253906 74.2947006225586 74.1376724243164 73.8304901123047
88.0370788574219 86.0516738891602 85.3466720581055 85.2330932617188 85.1651306152344 84.9406127929688 85.0917434692383 84.2936630249023 84.5040283203125 85.985481262207 88.0180435180664 84.9742965698242 82.804443359375 82.0530624389648 81.9460678100586 81.0946273803711 80.5625762939453 80.4277038574219 80.7303237915039 82.2292327880859 81.2047348022461 80.0418701171875 80.0816879272461 81.9124221801758 81.9266815185547 79.2406616210938 -3.4e+38 -3.4e+38 -3.4e+38 77.8901062011719 77.8829727172852 77.8664779663086 78.0757446289062 77.4920883178711 77.3659744262695 77.5403823852539 78.258186340332 79.0746078491211 77.2678375244141 76.1359558105469 75.8932113647461 75.381965637207 75.0537948608398 74.9983596801758 74.9575881958008 74.4928359985352 74.2746200561523 74.1233901977539 73.8359527587891
86.010383605957 85.8953170776367 85.7051162719727 85.703010559082 86.1179046630859 86.2278213500977 85.6251525878906 84.3504180908203 84.0550384521484 84.2418746948242 83.6176834106445 83.0502243041992 81.6807479858398 81.3096542358398 80.8696594238281 80.7376708984375 81.1467742919922 81.2934265136719 81.422607421875 83.7022857666016 83.8174438476562 80.8659973144531 81.1015930175781 84.9619216918945 84.928840637207 81.1384735107422 -3.4e+38 -3.4e+38 78.3359527587891 78.4798736572266 78.1581420898438 77.9110488891602 77.8022232055664 77.7430038452148 77.495491027832 77.4777603149414 77.4356460571289 77.5670928955078 77.8479461669922 76.0957107543945 75.9057464599609 75.2543716430664 74.9143142700195 74.8976211547852 74.7697448730469 74.677864074707 74.4787139892578 74.6519393920898 74.3014831542969
86.0011367797852 86.6424713134766 87.0089263916016 87.6575546264648 87.3948135375977 87.2697601318359 86.0750732421875 84.5118408203125 83.05810546875 82.9628448486328 83.0663452148438 82.4353332519531 81.5634384155273 81.208251953125 80.9415512084961 80.975700378418 81.2183380126953 81.2436599731445 81.1182708740234 82.9259567260742 83.9462814331055 82.1266174316406 81.8884658813477 84.2924499511719 85.7752304077148 82.6004409790039 -3.4e+38 78.4267120361328 78.4807739257812 78.519157409668 78.3921356201172 78.2543487548828 78.3417434692383 78.0653533935547 77.5234298706055 77.2490463256836 77.0914077758789 77.0832901000977 77.3329010009766 75.9886703491211 75.7414398193359 75.2967071533203 75.102294921875 75.0586242675781 74.8242797851562 74.7645568847656 75.1553344726562 74.9509124755859 74.3507919311523
86.5717086791992 87.8009643554688 88.598747253418 88.6533737182617 87.8348236083984 87.615837097168 86.574821472168 84.6179809570312 82.9798431396484 82.6633529663086 82.7099456787109 82.0502853393555 81.4518661499023 81.2395095825195 81.0741958618164 80.9331283569336 81.0057144165039 81.2406616210938 80.4029922485352 80.9946594238281 81.8005752563477 83.4060211181641 82.7632751464844 84.3549423217773 84.7940902709961 80.6941070556641 78.6410980224609 78.526008605957 78.5712356567383 78.227912902832 78.5039825439453 78.3588943481445 78.3097152709961 78.2189331054688 78.3519821166992 77.3912887573242 -3.4e+38 76.7590103149414 76.8504409790039 76.0104827880859 75.8184356689453 75.4973907470703 75.3013381958008 75.1303939819336 74.912712097168 74.7682418823242 75.1731643676758 74.6439437866211 74.0860214233398
87.0387420654297 89.6077499389648 90.6960983276367 88.9651412963867 87.9445571899414 87.3014907836914 86.6171493530273 83.6642761230469 82.7883834838867 82.4152603149414 82.2072677612305 81.9679870605469 81.6637878417969 81.5309295654297 81.2125549316406 81.0371246337891 81.1261901855469 81.2600555419922 80.2319259643555 80.3842163085938 81.6659088134766 84.0695953369141 82.8249130249023 82.3351898193359 81.4496688842773 78.8846282958984 78.6603622436523 78.62060546875 78.3617248535156 78.1085510253906 78.3395462036133 78.1821441650391 77.973258972168 78.0912780761719 78.8328399658203 77.4799118041992 77.2764129638672 -3.4e+38 -3.4e+38 76.3381805419922 75.8612365722656 75.6455078125 75.4651184082031 75.3413467407227 75.310661315918 74.9299621582031 74.7774200439453 74.4660491943359 74.1695098876953
87.0707168579102 89.3874740600586 89.6460494995117 89.7487564086914 87.8020248413086 86.3187561035156 85.7608108520508 83.1444702148438 82.9047775268555 82.4711837768555 82.0956954956055 82.0138549804688 82.0996780395508 82.2692565917969 81.5038986206055 81.6301345825195 81.2236938476562 81.243278503418 80.3729934692383 80.3705825805664 81.9875106811523 84.3562774658203 82.0392913818359 79.9907073974609 79.1476135253906 78.7931137084961 79.0403900146484 78.6243667602539 78.4590454101562 78.3933868408203 78.179817199707 78.0113067626953 77.8029174804688 77.7529373168945 77.9121322631836 77.0778579711914 -3.4e+38 -3.4e+38 76.6295318603516 76.7818603515625 76.0109558105469 75.7553405761719 75.6159896850586 75.4854354858398 75.5768661499023 74.9378509521484 74.7490234375 74.5188369750977 74.3983383178711
86.6152877807617 87.2486267089844 87.4745712280273 90.4006423950195 88.0755996704102 85.6155776977539 84.8279571533203 83.1881637573242 83.1617584228516 82.6334609985352 82.1134490966797 82.034538269043 82.364372253418 83.2819519042969 83.4849090576172 83.5199508666992 82.1240310668945 82.1038208007812 80.5602111816406 80.3850479125977 81.3516540527344 83.2603454589844 81.2343139648438 79.6033401489258 79.0011978149414 79.0164947509766 79.497444152832 78.6965408325195 78.757568359375 78.7306137084961 78.4457931518555 78.1970291137695 77.9155578613281 77.6237335205078 77.3193969726562 76.9992141723633 76.9863739013672 77.0031585693359 76.7376327514648 76.6874542236328 76.0994110107422 76.0431747436523 75.7966918945312 75.4884033203125 75.3961868286133 74.8528442382812 74.7298736572266 74.6015625 74.4326400756836
86.1835021972656 86.715950012207 89.0219650268555 91.3912124633789 89.6377029418945 86.0389556884766 84.0366363525391 83.4859848022461 83.0104598999023 82.4780120849609 82.3623046875 82.0750579833984 82.3876190185547 84.0175476074219 86.0285186767578 85.846549987793 84.564453125 84.2572937011719 81.0039367675781 80.5602798461914 80.6229934692383 81.2206954956055 80.4253387451172 79.3898849487305 78.9948959350586 79.4435348510742 80.491943359375 79.7657699584961 78.897216796875 78.9104309082031 78.5197601318359 78.4192047119141 78.0825500488281 77.6668243408203 77.5659408569336 77.2156448364258 77.2248840332031 77.1267242431641 76.6766662597656 76.3534469604492 76.1564407348633 76.4061431884766 76.1034393310547 75.6114196777344 75.4156036376953 75.0344924926758 74.7335815429688 74.5697784423828 74.4223175048828
