rcp8.5models/CNRM-CM5/sc1gr6.25
NCOLS 261 
NROWS 433 
XLLCORNER 336357.134 
YLLCORNER 654653.479 
CELLSIZE 1000 
NODATA_value -3.4e+38 
[rows 264 to 285 of 433, columns 49 to 97 of 261]
1765.0283203125 1782.32934570312 1796.65063476562 1806.72021484375 1816.67443847656 1829.37194824219 1840.07897949219 1865.72216796875 1874.97985839844 1886.00451660156 1899.4931640625 1911.99340820312 1920.91821289062 1934.35290527344 1950.44470214844 1965.30969238281 1980.0263671875 1987.70947265625 2017.43127441406 2028.28173828125 2029.43872070312 2035.92309570312 2048.26318359375 2059.0986328125 2070.94946289062 2088.39501953125 2098.34301757812 2092.46044921875 2097.60717773438 2123.3798828125 2144.94653320312 2165.22485351562 2178.32958984375 2186.33349609375 2194.39526367188 2207.81958007812 2225.19482421875 2240.72485351562 2247.60668945312 2256.88549804688 2269.96240234375 2291.29345703125 2298.94091796875 2301.43798828125 2305.8505859375 2312.95166015625 2302.07446289062 2296.64624023438 2291.61791992188
1773.96984863281 1790.52600097656 1807.14343261719 1820.77282714844 1832.47619628906 1842.77185058594 1852.87329101562 1883.89135742188 1893.14282226562 1897.8291015625 1908.09655761719 1923.06030273438 1940.73205566406 1952.06811523438 1959.88488769531 1975.27905273438 1990.107421875 1999.39587402344 2037.73706054688 2046.19799804688 2047.35766601562 2052.56030273438 2062.95336914062 2076.17822265625 2088.45190429688 2104.34838867188 2115.04760742188 2109.71044921875 2109.14575195312 2139.15478515625 2152.53149414062 2170.4423828125 2190.5732421875 2204.51416015625 2214.076171875 2226.38696289062 2243.26416015625 2256.16748046875 2262.99829101562 2272.6875 2287.13891601562 2305.5771484375 2312.54272460938 2315.66918945312 2317.15893554688 2319.47290039062 2313.97875976562 2309.25366210938 2299.15673828125
1799.0458984375 1813.76525878906 1832.08483886719 1846.560546875 1858.29321289062 1868.42565917969 1879.24548339844 1914.26953125 1929.17175292969 1944.38671875 1953.6962890625 1954.3505859375 1967.74011230469 1978.80078125 1989.1103515625 1998.33996582031 2011.9033203125 2031.66284179688 2060.96435546875 2068.70556640625 2074.3408203125 2086.48608398438 2089.76000976562 2098.23217773438 2119.33740234375 2131.298828125 2130.11596679688 2136.55712890625 2137.98315429688 2168.1240234375 2188.15405273438 2207.89599609375 2222.85961914062 2240.333984375 2258.02734375 2269.53271484375 2274.994140625 2287.66381835938 2296.09887695312 2304.13525390625 2317.05395507812 2331.91577148438 2339.87377929688 2342.69604492188 2337.44970703125 2328.84716796875 2336.52514648438 2344.9619140625 2341.79663085938
1812.83972167969 1827.40747070312 1842.52746582031 1857.53039550781 1870.22216796875 1880.1787109375 1890.36218261719 1929.55224609375 1940.73132324219 1958.68273925781 1977.00341796875 1978.79150390625 1995.27624511719 2004.73046875 2007.95129394531 2015.07678222656 2025.37512207031 2044.54504394531 2070.71923828125 2078.82080078125 2091.02001953125 2105.8212890625 2108.96728515625 2112.92358398438 2138.37573242188 2149.62133789062 2136.8154296875 2145.15234375 2151.421875 2181.02368164062 2208.04858398438 2234.916015625 2245.63110351562 2255.91845703125 2269.98388671875 2281.57934570312 2290.45727539062 2303.34936523438 2313.02319335938 2320.40356445312 2331.37963867188 2347.2724609375 2353.76538085938 2357.70629882812 2358.37646484375 2357.41186523438 2360.60498046875 2358.8232421875 2346.01098632812
1818.05529785156 1832.92993164062 1850.09399414062 1869.64196777344 1883.29431152344 1889.52709960938 1898.51013183594 1947.65148925781 1952.25549316406 1965.50561523438 1981.33190917969 1993.81774902344 2015.56213378906 2030.35327148438 2035.12768554688 2037.7158203125 2045.40173339844 2056.17578125 2085.09448242188 2097.02416992188 2110.09033203125 2120.49145507812 2124.83935546875 2128.12670898438 2153.0830078125 2166.39233398438 2149.85913085938 2157.95971679688 2170.38525390625 2200.24438476562 2228.31396484375 2268.0302734375 2273.7021484375 2265.69653320312 2280.38671875 2287.6015625 2302.6923828125 2316.814453125 2327.06030273438 2337.89721679688 2348.44873046875 2363.43432617188 2367.25634765625 2373.40771484375 2378.29931640625 2378.59106445312 2378.66723632812 2374.48266601562 2397.78198242188
1823.38696289062 1839.84851074219 1862.01000976562 1879.76818847656 1890.36096191406 1896.5693359375 1906.10021972656 1958.80615234375 1962.9423828125 1976.66052246094 1989.67639160156 2004.05249023438 2022.44458007812 2041.09204101562 2056.05126953125 2064.416015625 2068.61743164062 2075.08544921875 2105.54663085938 2118.25659179688 2127.20092773438 2134.25073242188 2137.00708007812 2144.27758789062 2167.2568359375 2178.55834960938 2166.31616210938 2178.412109375 2195.64721679688 2222.83569335938 2244.66796875 2283.47387695312 2286.48364257812 2278.54858398438 2293.31762695312 2302.10888671875 2315.72534179688 2328.56274414062 2342.267578125 2355.92456054688 2364.82153320312 2380.26147460938 2384.02270507812 2387.87133789062 2391.61254882812 2390.95263671875 2390.03881835938 2393.2275390625 2412.60815429688
1832.0283203125 1847.68176269531 1867.0966796875 1884.84936523438 1894.56274414062 1907.30224609375 1923.27380371094 1965.40368652344 1970.60766601562 1986.19458007812 2002.71594238281 2013.15600585938 2034.24133300781 2054.7431640625 2074.31958007812 2093.90942382812 2099.68090820312 2098.44458007812 2128.41650390625 2140.69360351562 2146.98754882812 2150.69018554688 2157.12109375 2162.14672851562 2179.66162109375 2190.39575195312 2188.4326171875 2200.91870117188 2217.93188476562 2237.35229492188 2251.44409179688 2279.98876953125 2296.90698242188 2299.99267578125 2308.83862304688 2318.69921875 2333.3974609375 2347.51025390625 2359.9423828125 2369.9609375 2377.25537109375 2397.62817382812 2403.63623046875 2404.87158203125 2405.12744140625 2406.2890625 2407.4111328125 2410.2138671875 2415.06884765625
1831.3544921875 1848.92443847656 1871.50134277344 1891.89587402344 1901.52600097656 1917.18151855469 1941.59204101562 1975.01806640625 1982.23974609375 1999.60693359375 2017.69592285156 2031.67980957031 2050.13696289062 2072.03002929688 2093.76440429688 2118.1611328125 2136.3427734375 2134.25073242188 2151.22338867188 2163.24194335938 2169.72094726562 2172.1923828125 2173.91552734375 2181.46484375 2197.85034179688 2207.18969726562 2210.20336914062 2223.27001953125 2239.78002929688 2257.482421875 2266.87280273438 2296.9619140625 2333.33422851562 2335.92211914062 2339.421875 2344.259765625 2352.75073242188 2363.927734375 2373.068359375 2378.90771484375 2385.1328125 2415.16186523438 2421.98364257812 2423.423828125 2423.12475585938 2425.44213867188 2427.73828125 2427.08325195312 2428.87109375
1838.74304199219 1854.11999511719 1874.13854980469 1892.32373046875 1906.14868164062 1925.05285644531 1949.85900878906 1981.42980957031 1994.08911132812 2014.83935546875 2037.16027832031 2056.3515625 2069.25122070312 2085.37915039062 2107.70629882812 2131.09204101562 2157.806640625 2170.41162109375 2171.87182617188 2175.60083007812 2186.1806640625 2195.89453125 2196.10229492188 2201.41259765625 2216.40454101562 2224.8212890625 2234.41088867188 2250.13842773438 2263.81127929688 2287.01904296875 2289.91064453125 2325.51684570312 2377.99072265625 2386.86083984375 2390.923828125 2390.35595703125 2373.15234375 2380.7275390625 2383.74951171875 2389.20068359375 2397.587890625 2435.59497070312 2441.06225585938 2442.51000976562 2440.68505859375 2440.23095703125 2444.85400390625 2446.43676757812 2442.25903320312
1851.97192382812 1868.86865234375 1881.72106933594 1897.7197265625 1914.41125488281 1933.01477050781 1952.88684082031 1991.10400390625 2013.06042480469 2030.99157714844 2051.63061523438 2070.63256835938 2084.36083984375 2099.73120117188 2124.95239257812 2148.71606445312 2177.50659179688 2204.31396484375 2193.72045898438 2190.79907226562 2206.7587890625 2215.61059570312 2219.34936523438 2220.4814453125 2231.76049804688 2242.98583984375 2262.36401367188 2287.6201171875 2305.61938476562 2314.10766601562 2321.35693359375 2347.3369140625 2404.11669921875 2426.02172851562 2422.48999023438 2425.96166992188 2400.36865234375 2398.89819335938 2398.60791015625 2405.453125 2417.75 2444.19458007812 2453.3583984375 2455.71020507812 2457.44702148438 2458.18334960938 2458.63159179688 2462.86596679688 2462.01635742188
1862.18676757812 1885.91564941406 1904.5458984375 1918.50219726562 1934.572265625 1953.78515625 1977.36926269531 2010.4091796875 2030.91162109375 2050.27709960938 2070.52783203125 2086.88745117188 2102.12158203125 2121.6181640625 2142.30712890625 2167.15112304688 2190.818359375 2203.2236328125 2208.0390625 2212.919921875 2230.53247070312 2238.1923828125 2242.45556640625 2246.31567382812 2251.9072265625 2267.26342773438 2291.04516601562 2320.3505859375 2345.43041992188 2340.45288085938 2359.90478515625 2368.64233398438 2402.28051757812 2442.322265625 2438.8623046875 2438.32006835938 2425.44360351562 2420.44140625 2417.88720703125 2425.77392578125 2436.24926757812 2461.158203125 2470.36962890625 2471.85205078125 2476.01000976562 2477.494140625 2476.43530273438 2480.75756835938 2481.12133789062
1872.81433105469 1896.39367675781 1918.82604980469 1936.78991699219 1960.3720703125 1988.09765625 2007.32739257812 2029.64074707031 2048.84228515625 2068.59936523438 2089.52807617188 2106.923828125 2126.208984375 2143.76708984375 2154.98681640625 2173.45581054688 2200.1923828125 2221.4853515625 2219.95947265625 2238.9296875 2254.607421875 2259.73461914062 2264.46752929688 2268.7763671875 2274.83837890625 2289.484375 2309.92846679688 2331.93676757812 2351.59814453125 2358.87377929688 2390.97924804688 2405.1162109375 2406.76440429688 2440.6083984375 2460.98291015625 2465.109375 2450.3310546875 2443.41772460938 2439.42724609375 2447.7216796875 2459.017578125 2492.69116210938 2494.66918945312 2495.71166992188 2496.53491210938 2492.58374023438 2497.7109375 2498.60546875 2495.86987304688
1882.63635253906 1903.40832519531 1926.578125 1947.64880371094 1968.89172363281 1991.41284179688 2006.35974121094 2046.74206542969 2065.23413085938 2082.0322265625 2102.45385742188 2127.47045898438 2148.19116210938 2159.99096679688 2171.201171875 2195.97021484375 2224.06469726562 2237.48461914062 2234.7470703125 2261.15356445312 2280.20947265625 2285.38647460938 2286.7470703125 2293.03076171875 2308.21997070312 2317.49438476562 2329.91357421875 2345.92236328125 2358.77490234375 2389.75170898438 2436.45922851562 2446.61840820312 2423.484375 2439.89404296875 2474.54125976562 2511.58935546875 2503.93627929688 2473.84057617188 2458.87182617188 2468.57177734375 2481.1328125 2510.08129882812 2513.15209960938 2513.52294921875 2512.56079101562 2508.3583984375 2515.41967773438 2515.8583984375 2512.62060546875
1892.36328125 1911.24572753906 1931.85852050781 1951.40637207031 1972.10852050781 1995.03833007812 2011.11303710938 2053.45947265625 2078.6640625 2096.67138671875 2117.75073242188 2146.16015625 2165.390625 2177.90234375 2191.50927734375 2210.34155273438 2231.61010742188 2242.62280273438 2259.71020507812 2288.84252929688 2309.283203125 2309.80078125 2305.92846679688 2316.2236328125 2333.04614257812 2347.03759765625 2358.98486328125 2378.1201171875 2393.34155273438 2422.3896484375 2467.01489257812 2472.36987304688 2448.9501953125 2451.45727539062 2468.49438476562 2497.22143554688 2503.86376953125 2489.75854492188 2482.4267578125 2489.56079101562 2501.76635742188 2527.21459960938 2530.20556640625 2529.63525390625 2527.06079101562 2526.7109375 2529.5341796875 2533.57446289062 2535.86499023438
1918.69189453125 1939.2001953125 1958.71105957031 1976.31457519531 1997.41479492188 2022.5244140625 2045.64636230469 2089.56909179688 2116.26684570312 2136.0283203125 2159.74047851562 2183.89501953125 2203.171875 2216.35693359375 2226.33203125 2243.42846679688 2261.35327148438 2277.39501953125 2311.73828125 2322.3935546875 2334.92602539062 2347.56591796875 2373.51513671875 2396.74877929688 2394.43530273438 2399.32177734375 2409.4931640625 2426.97387695312 2455.65234375 2479.91918945312 2502.70263671875 2513.4228515625 2489.35302734375 2492.54516601562 2498.49975585938 2506.955078125 2519.11865234375 2527.80908203125 2530.98095703125 2539.19140625 2549.72924804688 2570.55834960938 2574.1650390625 2566.90698242188 2571.18823242188 2575.34594726562 2575.453125 2579.61181640625 2583.13818359375
1926.44653320312 1948.82421875 1969.56030273438 1987.26635742188 2009.34899902344 2041.24389648438 2067.8798828125 2101.54614257812 2126.25 2145.18188476562 2170.69482421875 2198.76147460938 2214.81298828125 2229.53564453125 2247.60717773438 2269.84838867188 2286.92504882812 2305.869140625 2340.83837890625 2349.32153320312 2360.4169921875 2376.826171875 2413.09033203125 2439.06420898438 2435.10888671875 2428.88818359375 2437.57568359375 2456.13818359375 2477.8251953125 2499.84790039062 2505.20166015625 2517.6591796875 2517.8154296875 2532.66918945312 2537.25708007812 2544.37768554688 2555.150390625 2560.46459960938 2558.88549804688 2566.60888671875 2579.400390625 2613.65600585938 2614.06469726562 2600.7353515625 2606.11303710938 2605.55883789062 2600.06616210938 2605.25122070312 2609.93505859375
1935.47839355469 1959.94287109375 1980.98132324219 2003.69702148438 2028.83129882812 2058.650390625 2081.93017578125 2116.34252929688 2138.93676757812 2160.83325195312 2186.61157226562 2212.31518554688 2228.87353515625 2246.54516601562 2272.36743164062 2308.3203125 2324.49731445312 2333.92651367188 2367.26000976562 2377.68676757812 2389.42114257812 2407.78247070312 2432.65380859375 2460.189453125 2471.68334960938 2465.896484375 2470.0478515625 2487.25048828125 2503.2724609375 2519.07153320312 2518.43774414062 2532.08349609375 2555.5986328125 2576.98657226562 2588.48266601562 2595.05493164062 2596.39404296875 2595.65502929688 2591.12524414062 2598.70385742188 2609.17260742188 2641.91088867188 2646.77978515625 2635.80517578125 2635.94165039062 2634.79638671875 2629.92114257812 2632.37768554688 2638.92163085938
1943.92736816406 1966.935546875 1993.24755859375 2019.75805664062 2043.86437988281 2071.61450195312 2094.55053710938 2137.22607421875 2163.29638671875 2182.67993164062 2203.43115234375 2226.96850585938 2251.43139648438 2277.17846679688 2301.2177734375 2335.70361328125 2354.7294921875 2358.08764648438 2394.80053710938 2410.9443359375 2419.17163085938 2433.47875976562 2451.017578125 2472.53735351562 2486.1328125 2502.45629882812 2513.10302734375 2516.3505859375 2529.14965820312 2542.71142578125 2550.8095703125 2568.08276367188 2596.34838867188 2608.42919921875 2631.09326171875 2638.63208007812 2625.76123046875 2623.39526367188 2623.80224609375 2626.56884765625 2635.08154296875 2666.88110351562 2674.78076171875 2664.76904296875 2663.79223632812 2665.46069335938 2663.66235351562 2661.33349609375 2666.63012695312
1961.41589355469 1980.99365234375 1997.57055664062 2029.21752929688 2058.9658203125 2084.52099609375 2108.7138671875 2161.2998046875 2183.93994140625 2204.03784179688 2220.29418945312 2244.6591796875 2286.37109375 2331.94677734375 2351.29467773438 2360.9677734375 2374.98364257812 2387.05810546875 2424.751953125 2435.90112304688 2459.09790039062 2471.80395507812 2475.00903320312 2487.11206054688 2510.40356445312 2538.67602539062 2543.34521484375 2544.42553710938 2550.552734375 2590.43408203125 2613.32348632812 2604.75073242188 2618.11743164062 2626.880859375 2652.81396484375 2661.61791992188 2654.15258789062 2655.4013671875 2658.15747070312 2658.86206054688 2665.8916015625 2713.30395507812 2718.9482421875 2695.80004882812 2694.65380859375 2694.99243164062 2692.48974609375 2690.55810546875 2697.16259765625
1971.88562011719 1996.07531738281 2010.50134277344 2039.97717285156 2070.7861328125 2097.12841796875 2121.99829101562 2182.25 2203.83374023438 2228.48608398438 2242.13525390625 2263.01513671875 2308.55786132812 2355.9736328125 2380.65625 2384.86376953125 2397.4658203125 2414.10205078125 2454.822265625 2478.9599609375 2504.58178710938 2515.0146484375 2511.96215820312 2514.650390625 2546.36743164062 2572.18579101562 2569.82153320312 2572.62084960938 2578.57885742188 2634.00024414062 2663.88330078125 2638.11596679688 2635.8046875 2649.244140625 2668.92407226562 2682.62548828125 2685.37524414062 2688.19091796875 2689.68188476562 2693.15478515625 2700.81665039062 2749.0322265625 2777.8603515625 2760.2333984375 2743.29931640625 2723.32470703125 2720.89575195312 2724.18530273438 2730.48291015625
1986.83093261719 2006.16479492188 2023.58837890625 2049.26879882812 2077.95947265625 2106.71435546875 2133.712890625 2193.74096679688 2223.30419921875 2253.05834960938 2277.19384765625 2288.68139648438 2315.56127929688 2359.94287109375 2391.96826171875 2407.88842773438 2421.66455078125 2439.5185546875 2477.27954101562 2515.98950195312 2532.96801757812 2533.18383789062 2536.88647460938 2552.70068359375 2572.37670898438 2587.81396484375 2593.83959960938 2598.25732421875 2613.85595703125 2661.650390625 2685.79052734375 2669.83618164062 2663.64404296875 2676.83032226562 2694.40478515625 2705.2587890625 2707.78076171875 2720.28002929688 2730.28930664062 2729.265625 2732.01538085938 2799.93115234375 2828.96264648438 2821.81860351562 2796.88256835938 2752.4375 2753.25317382812 2760.43383789062 2765.61083984375
2001.24194335938 2021.19799804688 2039.51525878906 2064.03857421875 2089.75830078125 2115.31665039062 2141.3095703125 2208.81127929688 2244.59155273438 2281.603515625 2308.4794921875 2320.78784179688 2340.01879882812 2393.00512695312 2451.91845703125 2458.76318359375 2457.779296875 2475.49780273438 2498.45703125 2538.39477539062 2557.33959960938 2552.48071289062 2564.98779296875 2584.6806640625 2602.35766601562 2617.15356445312 2626.1220703125 2637.591796875 2646.75170898438 2690.54272460938 2727.09692382812 2719.26416015625 2695.9619140625 2711.55029296875 2731.86840820312 2744.01440429688 2747.4267578125 2749.20776367188 2756.61962890625 2758.16748046875 2758.89526367188 2813.234375 2824.35498046875 2824.447265625 2805.29833984375 2783.47241210938 2785.75268554688 2793.64526367188 2797.43090820312
