rcp8.5models/CNRM-CM5/sc1gr10.8
NCOLS 261 
NROWS 433 
XLLCORNER 336357.134 
YLLCORNER 654653.479 
CELLSIZE 1000 
NODATA_value -3.4e+38 
[rows 154 to 175 of 433, columns 98 to 146 of 261]
178.450698852539 180.468887329102 182.760589599609 186.236999511719 187.778182983398 189.935668945312 191.511154174805 192.897216796875 194.524078369141 195.736099243164 198.09912109375 199.880157470703 201.622634887695 204.37809753418 209.316131591797 212.031799316406 214.187728881836 216.967529296875 219.408248901367 221.904769897461 224.022079467773 226.865783691406 229.713592529297 232.71452331543 235.318206787109 238.616607666016 245.342178344727 248.743591308594 251.036834716797 254.488433837891 257.801910400391 261.303588867188 264.373687744141 267.406646728516 270.107391357422 271.986236572266 274.985229492188 281.462951660156 284.458770751953 290.655914306641 297.935302734375 294.089416503906 297.308654785156 301.047973632812 304.189910888672 307.094940185547 310.914215087891 313.816497802734 317.865753173828
178.606307983398 179.978668212891 181.878494262695 185.550750732422 187.696472167969 189.787155151367 191.561569213867 192.646835327148 194.180358886719 195.445831298828 -3.4e+38 199.944534301758 201.282302856445 203.555221557617 208.498779296875 211.085540771484 213.858871459961 216.719970703125 219.254272460938 221.955429077148 223.818222045898 -3.4e+38 229.480316162109 232.493713378906 235.131927490234 238.331954956055 245.095886230469 247.936340332031 250.280334472656 253.370239257812 257.214508056641 261.112945556641 264.276611328125 267.300750732422 269.644134521484 272.161987304688 274.726287841797 280.718383789062 283.71728515625 288.512176513672 293.586608886719 293.559173583984 296.655242919922 299.985931396484 303.53662109375 306.592315673828 310.456176757812 313.815032958984 318.322570800781
178.57536315918 -3.4e+38 181.667221069336 185.191421508789 187.615203857422 189.213912963867 191.295669555664 192.393981933594 194.078720092773 195.581649780273 197.399139404297 199.687118530273 200.923675537109 202.941055297852 208.083465576172 210.522430419922 213.452072143555 216.090072631836 218.388687133789 220.934005737305 223.518371582031 226.218154907227 229.255294799805 232.185409545898 234.909591674805 238.086334228516 244.541564941406 247.037109375 250.113220214844 253.166549682617 256.570465087891 260.569488525391 264.071899414062 266.556945800781 268.725524902344 271.576782226562 274.131164550781 280.035705566406 283.150512695312 286.708404541016 289.802276611328 292.987609863281 296.088836669922 299.307220458984 302.640594482422 305.859375 309.648468017578 313.10009765625 317.544769287109
177.38215637207 179.174880981445 180.874954223633 184.800231933594 186.795501708984 188.510299682617 190.449035644531 192.316635131836 194.448699951172 195.714172363281 197.156066894531 199.511352539062 200.707977294922 202.288040161133 207.467163085938 210.322525024414 213.177719116211 215.510879516602 217.598617553711 220.18635559082 223.115783691406 225.803451538086 228.771240234375 231.007614135742 233.933334350586 236.836776733398 243.17268371582 245.941787719727 249.427993774414 253.018295288086 256.297180175781 260.190795898438 264.083312988281 265.986022949219 268.351440429688 270.668609619141 273.656005859375 279.90380859375 282.530456542969 286.021087646484 289.268829345703 292.670959472656 295.918914794922 298.772216796875 302.185455322266 305.222351074219 308.459808349609 312.042755126953 316.761322021484
176.494171142578 178.698257446289 180.056686401367 183.969421386719 186.03157043457 187.459228515625 189.46452331543 192.024780273438 194.063232421875 195.471282958984 196.94189453125 199.25146484375 200.3740234375 201.877456665039 206.529479980469 209.95832824707 212.381591796875 214.643920898438 216.741485595703 219.290466308594 222.297485351562 224.973907470703 227.750518798828 230.063400268555 233.13395690918 235.890441894531 242.513031005859 245.366287231445 248.728851318359 252.228134155273 256.232635498047 260.117919921875 264.138793945312 265.686065673828 267.687530517578 270.150604248047 272.945129394531 279.295379638672 281.944213867188 285.496307373047 288.96337890625 292.792541503906 296.054534912109 298.439971923828 302.132446289062 305.1357421875 -3.4e+38 311.326507568359 316.834533691406
176.143798828125 178.345672607422 179.624374389648 183.353515625 185.728302001953 187.225036621094 188.912261962891 191.599227905273 193.473007202148 195.289794921875 196.818008422852 199.027587890625 200.086654663086 201.637191772461 205.892776489258 -3.4e+38 -3.4e+38 213.339111328125 215.778213500977 218.385940551758 221.211181640625 224.018249511719 226.746963500977 229.778778076172 232.824417114258 235.31184387207 242.352020263672 245.321380615234 248.550109863281 251.611541748047 255.48664855957 259.556274414062 264.089569091797 265.521118164062 267.0751953125 269.493927001953 272.469024658203 277.865539550781 281.128021240234 284.473052978516 288.242279052734 292.074157714844 295.599151611328 298.597808837891 302.007751464844 304.7626953125 307.825592041016 310.807312011719 316.296569824219
175.716506958008 177.690200805664 179.33708190918 183.439376831055 185.171615600586 187.254089355469 188.535140991211 190.65315246582 192.880218505859 195.155731201172 196.456878662109 198.261306762695 199.45231628418 201.444290161133 -3.4e+38 -3.4e+38 210.497985839844 212.682434082031 215.271926879883 218.109817504883 220.710388183594 223.788787841797 226.518997192383 229.052658081055 232.281677246094 235.188018798828 241.36442565918 244.985855102539 247.949768066406 251.288528442383 254.80940246582 258.916015625 263.225158691406 264.713928222656 266.457977294922 268.931976318359 272.158721923828 277.068725585938 280.618408203125 284.100708007812 287.691314697266 291.236450195312 294.530883789062 298.561798095703 301.497406005859 304.532257080078 307.999084472656 311.209533691406 316.541076660156
175.169937133789 176.839996337891 178.655639648438 182.07633972168 183.702224731445 185.831878662109 187.593444824219 190.020629882812 192.578964233398 194.546676635742 195.333541870117 197.511169433594 199.225372314453 201.212463378906 204.897247314453 -3.4e+38 209.502502441406 212.395248413086 215.047103881836 218.066314697266 220.617538452148 222.50862121582 225.284652709961 228.600692749023 230.962509155273 234.31950378418 240.700485229492 243.906661987305 246.946929931641 249.905731201172 253.437484741211 256.700775146484 259.405242919922 261.692932128906 264.803955078125 267.787719726562 270.164733886719 275.842651367188 279.590118408203 283.323120117188 286.930725097656 290.29443359375 293.342590332031 297.033508300781 301.583953857422 305.087097167969 308.592254638672 314.209808349609 317.495758056641
175.269424438477 176.239135742188 178.425735473633 181.778686523438 182.902877807617 184.729400634766 187.04899597168 189.86767578125 192.507293701172 193.991226196289 195.371307373047 197.196594238281 198.507202148438 200.187362670898 204.100875854492 -3.4e+38 209.066970825195 211.233612060547 214.153594970703 217.279769897461 220.282577514648 222.602737426758 225.347671508789 228.360580444336 231.204315185547 234.177200317383 239.804275512695 243.767074584961 246.961212158203 249.965911865234 253.224700927734 256.152526855469 258.641448974609 260.868499755859 263.334838867188 266.605651855469 269.274536132812 275.8681640625 279.339111328125 282.308776855469 286.134185791016 290.136047363281 292.712829589844 296.450836181641 301.063995361328 305.476623535156 309.527435302734 313.88720703125 318.225677490234
174.706558227539 175.723281860352 178.004577636719 181.552932739258 182.581558227539 184.062362670898 186.591262817383 188.601593017578 191.135986328125 192.853485107422 194.874710083008 196.860122680664 199.048080444336 199.568298339844 203.411483764648 205.404724121094 208.394439697266 210.738494873047 213.494888305664 216.511825561523 219.236938476562 221.897994995117 225.181106567383 228.269439697266 231.183776855469 233.497970581055 239.174545288086 242.848419189453 246.11311340332 249.922882080078 253.321823120117 255.993057250977 257.418212890625 261.060363769531 263.727905273438 266.107177734375 268.587768554688 275.315582275391 278.851837158203 281.912719726562 285.525848388672 289.685089111328 292.85009765625 296.340576171875 300.718780517578 306.284820556641 311.140930175781 314.214752197266 319.182250976562
173.744644165039 175.398391723633 177.461227416992 180.322875976562 181.952362060547 183.696258544922 185.579116821289 186.981002807617 189.557189941406 191.655242919922 193.648895263672 196.020462036133 198.690383911133 199.272125244141 202.714752197266 204.822158813477 207.923248291016 210.888885498047 213.26643371582 215.710906982422 218.295333862305 221.037704467773 224.237350463867 227.71305847168 230.958862304688 233.026794433594 239.011093139648 242.323806762695 245.560562133789 249.307479858398 253.397415161133 255.983276367188 256.794555664062 261.148315429688 263.757843017578 265.432830810547 268.020782470703 274.785552978516 278.699676513672 282.266845703125 285.320953369141 289.451873779297 293.234771728516 296.673095703125 301.478271484375 306.720794677734 311.868621826172 314.403228759766 319.887390136719
172.718811035156 174.484725952148 176.375732421875 179.068481445312 181.139190673828 182.662261962891 184.079772949219 186.004791259766 187.979064941406 190.540252685547 192.869155883789 194.757659912109 197.143676757812 198.327697753906 202.014495849609 204.059448242188 206.976654052734 209.74690246582 212.576812744141 215.188613891602 217.960922241211 220.892913818359 223.678527832031 227.127212524414 230.516860961914 232.996154785156 238.989105224609 242.425628662109 245.738464355469 248.756484985352 252.943450927734 255.982467651367 256.944183349609 260.274810791016 262.368927001953 265.015350341797 267.685577392578 274.318817138672 278.732757568359 282.122589111328 284.740325927734 288.932922363281 293.232666015625 296.845764160156 301.702972412109 306.877807617188 311.138305664062 314.351440429688 320.422698974609
172.07194519043 173.667221069336 175.110137939453 177.831420898438 179.825744628906 181.29328918457 182.70263671875 185.181793212891 187.069976806641 189.266876220703 191.773956298828 193.944000244141 197.968536376953 203.775375366211 201.757095336914 203.518203735352 206.172149658203 208.235275268555 211.610092163086 214.995254516602 217.797393798828 220.646621704102 222.924133300781 226.358963012695 229.858459472656 232.165405273438 239.305953979492 242.550842285156 245.851196289062 248.747924804688 252.147750854492 254.758560180664 257.022186279297 259.902496337891 262.492553710938 264.880554199219 267.04296875 273.827362060547 278.216156005859 281.955230712891 284.300048828125 288.203582763672 292.150360107422 295.966705322266 300.564727783203 305.827911376953 309.773468017578 313.643859863281 320.903076171875
170.857986450195 172.80339050293 173.975799560547 176.534881591797 178.433868408203 180.163803100586 181.922592163086 184.07292175293 186.245544433594 188.412841796875 190.495620727539 193.282180786133 196.790817260742 201.369522094727 201.154998779297 203.188064575195 205.489059448242 207.66015625 210.925827026367 214.271377563477 216.966735839844 219.713607788086 221.834091186523 225.495330810547 228.672500610352 231.543670654297 238.399978637695 241.772476196289 245.061553955078 248.273040771484 251.655792236328 253.415115356445 255.949813842773 258.935516357422 261.605743408203 264.219146728516 266.611419677734 273.709899902344 277.687744140625 281.591613769531 284.361083984375 288.00341796875 291.355773925781 295.358642578125 -3.4e+38 304.010620117188 307.861938476562 312.148986816406 320.500335693359
169.764465332031 171.487899780273 173.345031738281 175.768280029297 177.179824829102 178.777084350586 181.171478271484 183.53108215332 185.578521728516 187.625442504883 189.819076538086 192.57682800293 194.759536743164 196.415649414062 200.713409423828 202.938415527344 204.905227661133 206.910675048828 209.892227172852 212.729049682617 215.645050048828 218.333068847656 221.012451171875 224.166946411133 227.277038574219 230.687133789062 236.830551147461 240.314422607422 243.592803955078 247.594345092773 250.946990966797 252.550323486328 254.893829345703 257.667938232422 260.485321044922 263.762939453125 265.987762451172 273.023590087891 277.04052734375 281.212005615234 284.471069335938 288.307250976562 291.777862548828 295.551788330078 -3.4e+38 -3.4e+38 307.333862304688 311.352081298828 319.856994628906
168.430862426758 170.222076416016 172.53076171875 174.982635498047 176.076644897461 177.805419921875 179.984481811523 182.249435424805 184.24609375 186.531204223633 188.974792480469 191.647491455078 193.867813110352 195.795120239258 199.991134643555 202.083480834961 203.829513549805 206.342193603516 209.153228759766 211.86589050293 214.892608642578 217.57731628418 220.802062988281 223.566345214844 226.158493041992 229.350921630859 235.89274597168 239.700378417969 242.801742553711 247.340026855469 251.419464111328 251.98420715332 254.302276611328 257.378082275391 260.192443847656 262.788452148438 265.5888671875 273.027404785156 276.484832763672 280.602325439453 284.157165527344 288.611572265625 292.24267578125 295.771728515625 299.848022460938 303.706695556641 307.351470947266 311.684265136719 319.246643066406
166.62956237793 168.935852050781 170.883895874023 174.051818847656 175.500427246094 177.031814575195 179.128860473633 180.853240966797 183.136978149414 185.060302734375 187.795928955078 190.487014770508 192.903518676758 195.416305541992 199.464126586914 201.458648681641 203.098342895508 206.206115722656 209.145309448242 211.632064819336 214.111862182617 217.072341918945 220.677307128906 223.151077270508 225.708251953125 228.820449829102 235.18473815918 238.70637512207 242.141677856445 246.662231445312 252.130325317383 255.683486938477 254.013778686523 257.209625244141 259.430084228516 262.075897216797 265.598266601562 273.179626464844 276.898162841797 280.098388671875 284.283843994141 289.929931640625 293.226623535156 296.310119628906 300.068756103516 303.884460449219 307.429138183594 312.536071777344 318.935150146484
164.944274902344 166.974533081055 168.973983764648 172.600341796875 174.68424987793 175.991012573242 178.342666625977 179.796997070312 182.499649047852 184.604125976562 187.048706054688 189.41423034668 191.846084594727 194.811218261719 199.287384033203 200.984191894531 202.796401977539 205.550888061523 208.549026489258 211.075897216797 213.575073242188 216.509414672852 220.125198364258 222.72053527832 225.591690063477 228.77555847168 234.952362060547 238.106033325195 241.434967041016 245.330154418945 249.844650268555 254.934692382812 253.846527099609 256.571533203125 259.024810791016 261.850921630859 265.0400390625 272.369903564453 276.817016601562 280.418579101562 285.276611328125 290.217742919922 293.647857666016 297.610443115234 301.002166748047 304.137847900391 308.021911621094 312.874755859375 320.017333984375
163.540267944336 165.033721923828 167.440902709961 171.153244018555 173.427612304688 174.86247253418 177.413879394531 179.136032104492 181.416122436523 183.781097412109 186.046920776367 188.206100463867 191.754867553711 194.097686767578 198.341461181641 200.028518676758 202.553359985352 205.000549316406 207.842636108398 210.149307250977 213.665679931641 216.671569824219 219.708068847656 222.720138549805 225.574615478516 228.49169921875 235.051315307617 238.336456298828 241.184326171875 244.587982177734 247.866088867188 251.621444702148 254.023651123047 256.210479736328 258.99169921875 261.575103759766 264.645874023438 271.836151123047 276.518798828125 280.655609130859 -3.4e+38 289.007995605469 293.795196533203 299.025726318359 303.599273681641 305.1201171875 308.328765869141 312.859283447266 321.102783203125
161.513580322266 163.514099121094 164.817825317383 168.372940063477 170.047286987305 172.222045898438 174.384719848633 176.776153564453 -3.4e+38 181.075836181641 183.932800292969 186.46516418457 189.004333496094 191.048721313477 195.496765136719 198.481292724609 201.108734130859 203.480041503906 205.980361938477 209.24885559082 211.879318237305 214.676696777344 218.342315673828 221.688812255859 224.642272949219 227.501205444336 234.077056884766 238.127426147461 241.678558349609 244.150833129883 248.302810668945 251.230224609375 253.926849365234 256.101928710938 258.450744628906 261.323822021484 264.660186767578 272.999572753906 277.571411132812 281.647888183594 -3.4e+38 288.169830322266 294.111450195312 301.536437988281 306.599334716797 306.713134765625 310.260986328125 313.446411132812 320.729248046875
160.202117919922 161.763259887695 163.884918212891 167.291809082031 169.048400878906 170.987701416016 173.169937133789 175.627456665039 -3.4e+38 179.791854858398 182.285491943359 184.988403320312 187.486831665039 189.039581298828 194.351150512695 197.069259643555 199.083999633789 201.890121459961 205.104751586914 208.568176269531 211.046493530273 213.484451293945 217.445114135742 220.458374023438 223.446334838867 226.701858520508 233.564834594727 236.597061157227 240.788375854492 244.202789306641 248.571731567383 251.430465698242 253.552703857422 255.997497558594 257.99267578125 260.903533935547 264.068145751953 272.87890625 277.008483886719 281.97021484375 285.534027099609 288.703582763672 295.507537841797 303.659942626953 306.036834716797 307.244537353516 311.278198242188 313.371612548828 319.446350097656
159.01399230957 160.361038208008 162.773452758789 166.270309448242 168.40950012207 170.379318237305 172.137008666992 -3.4e+38 -3.4e+38 -3.4e+38 180.688949584961 183.04931640625 185.438583374023 187.7294921875 193.015625 195.536361694336 198.16130065918 201.270172119141 204.493545532227 207.845932006836 209.869277954102 212.510055541992 215.845275878906 218.950698852539 222.208450317383 225.326477050781 232.3173828125 -3.4e+38 240.496032714844 243.99755859375 247.954498291016 250.529571533203 252.513671875 255.539657592773 257.895233154297 260.438079833984 263.689300537109 272.729614257812 277.038391113281 282.018341064453 287.213989257812 289.708343505859 295.565826416016 301.831939697266 303.470550537109 306.625213623047 310.641815185547 313.057952880859 318.982452392578
