rcp8.5models/CNRM-CM5/sc1gr9.2
NCOLS 261 
NROWS 433 
XLLCORNER 336357.134 
YLLCORNER 654653.479 
CELLSIZE 1000 
NODATA_value -9999 
[rows 176 to 197 of 433, columns 100 to 149 of 261]
101.39287394536 103.064877153491 103.647507090512 104.336819727679 104.684403426565 -9999 -9999 -9999 107.084996995702 107.824718952405 108.129576611876 108.955029610685 109.922099409879 110.09987549903 110.407877162328 110.886656731885 111.297934972407 112.274407162817 112.462382208609 112.715353745983 113.218999086753 113.608936472 114.209466180079 114.257833323035 115.815807167265 115.781594528692 116.098392608835 116.599191155272 116.854011586436 117.40549068266 117.980710237161 118.306525477178 118.398190362858 119.080536229171 119.754656166413 120.441378591757 120.434437860373 121.044512031906 122.090893415566 122.079117596859 122.496941814393 123.301461305101 123.648016382418 123.756938444123 124.526074153902 125.316021889815 126.117824331594 126.800618088731 126.902348810762 127.225409954076
101.769563629447 103.435425674827 103.95850121358 104.462151523757 104.985927683032 105.58975549427 106.386388940184 106.842410071788 107.420112015533 107.680422279082 107.964998674832 109.178012592883 109.903797511218 110.075914829339 110.311055682361 110.818458400522 111.305636147028 -9999 112.286640889655 112.438843528889 113.168799934505 113.42285460175 113.830384052891 113.96746555532 115.423369310849 115.298226703979 115.542850809801 116.383892355832 116.341234296268 116.824216931947 117.805716690941 117.87946168601 118.063714069094 118.965079531957 119.503759079974 120.088100478938 120.295977271481 120.772788687725 121.621732403152 121.61274823249 122.032094419626 122.803748656932 123.153940356046 123.359356819539 124.258516888555 124.80227670627 125.412151208067 126.459266252576 126.361527072112 126.667225269943
-9999 -9999 104.332878513094 104.852452466173 105.238952571333 105.599913917873 106.581268389279 106.927124206025 107.521641479419 107.557482933891 108.294784986981 109.147133894704 109.88909042785 110.034738480206 110.379766625595 110.789860555313 111.204562078494 112.071413673796 112.132964377928 112.710234267914 112.99117407833 113.053078006327 113.550313304978 113.80999063682 115.131167061827 115.247595638282 115.39400079113 115.984035016947 115.952789833664 116.531343885653 117.582132089017 117.459440914189 117.715409955018 -9999 118.810576777421 119.721666084093 120.035171455319 120.315988589961 121.259372108775 121.578539508421 122.024762330958 122.324335961087 122.768570854748 123.185726294086 123.951827478206 124.296418800375 124.913762733446 125.933142676748 125.932902035198 126.469010653071
102.716063573333 -9999 104.380681428973 105.115350088328 105.317832867704 -9999 106.708971724569 107.227841149508 107.552876116445 107.64121841215 108.396558264188 108.993832976205 109.743219504573 109.872314208143 110.597424041227 110.628808753349 110.84616330759 111.814177987081 112.069861970864 112.46096337995 112.630788945803 112.781856958091 113.501861630717 -9999 115.069276391567 115.12301309003 -9999 115.685535776014 115.871356820127 116.317775521313 117.174569519757 117.14244783571 -9999 -9999 -9999 119.523079206533 119.59014377024 119.866713184908 120.884519496723 121.28412149833 121.502655062077 121.952936331116 122.606444471924 122.773844223777 123.189994810638 123.900506511794 124.592637879257 125.518450463335 125.725379795819 126.222534648463
102.86930312452 104.459320162034 104.765382906104 105.203483332964 105.865300233874 106.570892821644 107.101488602179 107.481945393248 107.60321452134 107.938171527743 108.425602242657 108.995152210579 109.622367408064 110.18960439059 110.450353187759 110.381671127607 110.847914141549 111.789522150433 111.939008651473 112.282578540362 112.616094803698 112.741442270959 113.327923366058 113.276412621419 114.883105340244 114.743354224529 -9999 115.614887422141 115.666974708144 115.818667934477 116.610334782158 117.051747053165 117.200006634221 -9999 117.855668212871 119.281346419253 119.152625049541 119.523369274997 120.673529807613 120.736372021165 120.821874418852 121.569672105491 122.323700689041 122.200421815467 122.588342893549 123.725911816401 124.088482358873 125.092602884865 125.396819831618 125.579764418078
103.295963891429 104.937141133269 105.365455233848 105.668449511003 106.266686535103 107.249748232587 107.365564966388 107.450001212741 107.72457287052 108.189940996203 108.47827703459 109.28905520593 109.704742673495 110.289414761846 110.213218585481 110.581843267467 111.359108933785 111.637513260185 111.775434471466 112.490089393568 112.52217204508 112.575619396674 113.064826425803 113.23118756934 114.515056663032 114.464030392277 114.842894263584 115.42155481763 115.28034462147 115.443624267878 116.328784092751 116.839496623465 116.702494952562 -9999 117.755784317368 118.571272900611 118.820392126698 119.402746663095 120.421848072027 120.388166201333 120.585021525484 121.069555286042 121.858565020739 121.829485838844 122.425680124799 123.431396956311 123.694720306358 124.821002342923 124.989214476903 125.299411257
103.70627018766 105.22242579418 105.489647805229 106.152863647475 106.38176791334 107.532855397417 107.59744949941 107.589184612227 108.011555817873 108.276168835983 108.93765417455 109.539203906958 109.994962775989 110.311925122053 110.207366352911 110.599653303304 111.56006082273 111.643358596373 111.755450147998 112.33670970504 112.178550438813 112.321188469165 113.029602259179 113.061944623565 113.983962290307 114.410955687694 114.540600537754 114.745602788215 114.995082140419 115.255083057492 115.832221281073 116.445643764934 116.399120058308 116.781834203387 117.535626878641 118.023500894672 118.710110461745 119.04415157484 119.804538689503 120.260980861274 120.311844200774 120.583815376839 121.501204052029 121.678397961382 122.14383720515 122.955532820346 123.519709153601 124.514323858607 124.57108018044 125.181211863607
104.407854780614 105.590779575213 105.889517463343 106.318762883193 106.976968195093 107.686113424819 108.018928118674 107.996365394832 108.301726237542 108.478045721903 109.404104508332 109.507711762927 110.242809261853 110.247781073436 110.192457028174 110.598338306946 111.281785458708 111.567685819879 111.60964220726 112.09517651104 112.176364429655 112.293788280115 112.870460605859 112.805096953065 113.63812224774 113.973858084451 114.177028953851 114.47559427291 114.933727581908 114.970328426504 115.313193549204 116.390248331149 116.318228966773 116.571243749718 117.230809763165 117.923211740087 118.480718786539 118.624972306785 119.462473211857 120.015082024756 119.872187845658 120.238720853006 121.362950684274 121.408848501686 121.681464640002 122.58858600202 123.226191738616 124.129140576715 124.526417706992 -9999
104.712458359096 106.089005687333 106.506037284973 106.80165143685 107.394205538896 108.364386894306 108.407864095473 108.271191244353 108.375838848538 108.86892341256 109.648789698877 109.644632769819 110.121619492496 110.029982400573 110.306066642319 110.865452800035 111.217416404531 111.336538322188 111.619822409027 112.08022991155 112.096944941766 -9999 112.865091536077 -9999 113.394840874942 113.510634897798 114.127624824634 114.369586825282 114.751680051111 114.691764270303 115.247096461282 116.270041832922 116.117804654871 116.276278622945 117.146676465841 117.704274403291 118.168275399113 118.413410144583 118.975975862792 119.589268452581 119.646044811054 120.361782227351 121.106917118751 121.067779155091 121.575453645802 122.438931109127 122.753256163165 123.733927607703 124.18655603028 124.568933938079
-9999 107.219736611192 107.310872159422 107.666295605317 108.66358584925 108.772058515428 108.97628617124 109.032141134666 109.26114507309 109.656024326845 109.777924562964 110.009743698167 110.111835204556 110.012464969887 -9999 110.738140198323 110.911740580794 111.292328573408 111.568494545213 112.024896447467 112.031764582004 112.072566207111 112.549698788874 112.616559039663 112.748921250228 113.130055450784 113.240479971444 114.061103698696 114.621425990512 114.45775870213 114.79190552074 115.929962421 115.951980136135 116.007981853864 116.65864438289 117.503034264361 117.959916336633 118.220317767996 118.811254883172 119.350460162595 119.384977450599 119.995023746108 120.650468000539 120.872957734433 121.384760176949 121.827367165475 122.872852491232 123.21171039314 123.358645400412 123.959043130425
105.729152616231 107.538903077941 107.694525748014 108.150519188992 108.963762831114 109.278072868183 109.560342724802 109.347356023518 109.371599497182 109.944381421444 110.173779920093 110.307476614165 110.156363619362 110.152394725972 110.565084626362 110.620375462764 110.700451079656 111.294586541546 111.508304214964 111.894243105911 111.806479345677 112.082597662962 112.535610635212 112.542331451971 112.506656661833 113.119927670048 113.102219132291 113.639059713615 114.36562257238 114.429483849886 114.74083987674 115.75154731787 115.679361855019 115.961974218873 116.590491801443 117.213736874222 117.876473249705 118.087039408944 118.595372276138 119.043442209167 119.298858150115 119.885622969996 120.414532234377 120.54500208449 121.276203483939 121.696648748087 122.522869541721 123.08052138055 123.203493830107 123.896687348164
105.802290467831 107.603046124007 107.852575734423 108.661054655447 109.133848326916 109.582121773314 109.538468457573 109.410749824728 109.740860547501 110.443985164391 110.482456176402 110.340801865937 110.116195363075 110.22485420709 110.851773566169 110.657968357422 110.711824006312 111.263602817843 111.532962169205 111.916435865242 111.802349439537 112.019154319959 112.491953065764 112.547838823567 112.442276318499 112.926600790821 112.933254332976 113.422611666453 114.327818501601 114.337128540928 114.561385205812 115.464796896276 115.6234904842 115.855488024646 116.500733495174 117.140043979789 117.677070540606 117.795185601816 118.524927199283 119.058154200122 119.529633998254 120.041560228473 120.323825149326 120.553219835275 121.394448168472 121.560111959496 122.385677862656 123.009412844222 123.277482070588 123.841028322828
106.533609140022 107.869124450487 108.016475432927 109.147344865352 109.815322525764 109.84010646519 109.616575330314 109.559953143081 110.085970254074 110.66899409087 110.456110224764 110.335615787888 110.167009584236 110.250091270532 110.812352212328 110.615442065675 110.689618576718 111.273059393542 111.481253553462 111.863461399225 111.767649442195 111.9122658785 112.167042154778 112.482745187272 169.72404488172 319.64843789568 268.247656675679 113.342727933244 114.265374566776 114.317686914552 114.436580462654 115.170148383302 115.545283456873 115.818960890039 116.442511180992 117.046132233769 117.622648108723 117.840680307978 118.687841822493 119.034524669632 119.756199939434 120.174625187574 120.288778592197 120.769790535274 121.526333644224 -9999 122.729539139264 122.981137940686 123.335602149438 -9999
107.255737623697 107.948042127615 108.352230003054 109.500618919428 110.145347091303 110.161343561857 109.934306577637 110.011382585371 110.710507268599 110.74091606623 110.523743901546 110.375050961823 110.134425433914 110.239826417264 110.860848035777 110.659679597661 110.707973871467 111.250159201597 111.513021943056 111.89289886936 111.771106782471 111.761268648245 111.887029074429 112.496043273113 224.049248431956 -9999 233.65711550404 113.211942143501 113.929337878414 114.235426797146 114.371149570374 115.148348860788 115.499010551076 115.723223070804 116.363390390904 116.982745978918 117.607627118963 118.067934625177 118.862255483951 118.953429797911 119.628746006142 120.061499761263 120.29784541916 120.86968881127 121.380747552298 121.397875284123 122.793408626346 122.813891964998 123.302428990819 123.718031292149
107.213284476334 108.106071978206 108.680488856818 109.768126982522 110.211635190692 110.151479158797 110.009878442659 110.420774797345 111.278437678625 111.054522913076 110.833922701319 110.616586698952 110.191399507103 110.271558580113 110.829223724914 110.71522540828 110.82636280581 110.999572021846 111.469696264032 111.939332578832 111.977662087865 111.784503277695 111.886651926962 112.439994371249 232.493167285564 -9999 112.484632384522 112.938111730483 113.37754915704 114.224807631044 114.212647953103 114.763103872874 115.431099793801 115.696203254882 116.315143157978 117.122955559611 117.6519161849 118.208719604764 118.953345557941 119.324109339946 119.565401055226 119.976962187803 120.292159825356 121.035037772045 121.406288371819 121.678102004526 122.474927116584 122.707753481658 123.275611195214 155.366846925246
107.042042583211 108.349590907014 108.76480417627 109.967004550357 110.115219430227 110.240739027317 110.171904639502 110.689345010261 111.267431902855 111.040655426547 110.817218117832 110.597063304714 110.492750145378 110.504909789055 110.88412320789 110.743482020917 110.714726687838 110.783848963959 111.508481315702 111.954341985858 111.933165284655 111.827971923497 112.088573509931 112.461008677614 232.167290983835 -9999 283.986450269969 112.961149824096 113.41027688557 114.152598243322 114.056652209413 114.50879849209 115.394428913352 115.811141353401 116.721304697338 117.322398403811 117.657289696753 118.366540986811 118.975542062288 119.539461559843 119.834376381943 120.203244178512 120.573164154553 121.178111054708 121.363334164016 121.941743540024 122.474760870288 123.020063805618 123.526960747062 149.767087422307
107.582796852956 108.620300245338 108.837736473628 109.961428828836 110.188205896117 110.566854871419 110.505203932369 110.842837001873 110.865558943074 110.768044268632 110.892329700626 110.668113727189 110.470284152713 110.441692328567 110.845693020815 110.972681537835 110.763650415025 110.703836876719 111.298333488608 112.170594508903 111.968019727771 111.837551250915 112.042704645286 112.413912297247 164.624853441585 357.512871278127 397.242630033753 113.073828747847 113.791802143781 114.150755384235 114.031142783354 114.528192355021 115.55940189208 115.860350855867 116.93428328186 117.53098201604 117.605780186854 118.363996845242 119.112571562099 119.594154630784 120.000710310742 120.274652763225 121.067560357627 121.5095358032 121.4182307188 157.84409437252 123.025929249728 123.49188953006 123.73055807249 123.769757583354
107.711373670787 108.683572131165 109.259323334814 109.6665459197 110.275959945009 110.893906835467 110.72663715047 110.792232564085 110.835518884515 172.773381580991 275.661674988498 110.980542788519 110.53527693285 110.384096778195 110.571360057139 111.03878876359 111.058630728036 110.848670333458 110.991463755524 111.808189474949 112.022841959942 112.04755356837 112.073528792042 112.442543658063 112.381230376611 160.77720247167 231.220466561765 113.320060017219 113.73116073421 114.181141165727 114.206291311083 114.50385863731 115.580620854885 116.025454158856 116.899425920431 117.541856414378 117.88230524517 118.714949826668 119.252630857495 119.561521876766 120.133965654233 120.428892705305 121.538171121494 121.776968205039 121.959317921026 -9999 124.034467017974 123.931442354313 123.598903952179 157.383778220362
107.727618880368 170.568282109428 279.24496124646 109.677534002749 110.21359547508 110.397104767345 110.290107682689 110.589166569267 110.918143447091 156.192946914649 230.975005350243 111.294148045892 110.842575684176 110.621316867427 110.50083303238 110.737446127156 111.034736989734 110.912285484524 111.115031006416 111.602323540142 112.043781884904 111.906595074657 111.865962048839 -9999 112.489594769837 113.034961697004 113.690225637812 113.711079390361 113.740398314947 114.169040594902 114.236852852987 114.679263277737 115.557107732878 116.048957882742 117.064368793669 117.70616527705 118.464175825756 119.191507807295 119.424158090302 119.60840046413 120.34897921769 120.743748476187 158.794186875666 205.050449579022 122.643020663985 123.031934710132 124.759376981537 124.557729153728 123.740417511367 151.787241886925
280.560070134338 151.944687858246 228.015131550184 109.87229774919 110.018913265132 110.137480471281 173.144042722103 278.157391795998 110.979784742855 110.913132005931 110.776766754295 111.025702800639 111.1511538141 110.926788402833 110.705198870524 110.71804042948 111.092380924468 110.944395386244 111.07454291951 111.629001961053 112.263294136539 111.97088766078 111.706689744823 112.193278287439 112.774150526208 113.260538774753 113.692287739165 113.753751848157 114.002514009581 114.355712905642 114.33031952698 114.964979888638 115.732408444319 116.026763444835 117.089833012521 118.18680642063 118.68274126272 119.422808519564 119.789613125563 120.256974156733 120.921078716453 121.217169715904 152.536613510018 190.727632970381 123.219496623288 123.5148908535 204.646683704104 124.607908794675 124.167759251225 124.448216415201
465.999052663607 174.420593838428 392.894459822877 402.835274618258 109.946324049575 110.133913021123 110.637937652633 221.864033296033 466.020367827348 279.543662633861 175.732307418317 277.696880195125 110.868025575268 175.561083098159 274.830333590344 111.088812435447 111.101920363724 111.473819619268 111.252936053524 111.115201750743 111.512189388406 112.315109735398 111.992932652052 111.951732722578 112.736141320067 113.333159215294 114.166565189704 113.952788100152 114.049092112625 114.772166193006 115.351175735254 115.897181461144 115.756920876232 116.239958490956 117.244511896583 118.798137490229 118.816574716968 119.506396259843 120.467614164524 121.196663404656 121.789925535614 122.621033502533 123.005339107089 123.817537900545 123.993926109616 124.975545053253 125.278667669878 125.411959820744 125.3019853631 125.276489301693
512.411767926711 329.418541817051 342.404386996329 404.038604842974 175.155904950885 346.554273172939 281.44027926157 223.045932303628 514.544457811398 467.998135776275 391.759634018178 466.94710703748 276.875299551363 159.354483724247 298.99586093519 340.067287390993 274.476652710755 111.436752378611 111.657464723732 111.592305368909 111.400347758293 112.034500207802 112.062518635397 176.055232023473 329.939461493719 330.18957840419 266.828911444466 114.225638735202 177.497632452671 264.511442244042 115.217418990148 115.849972135174 115.942387694199 116.323264321907 117.498289967154 119.284513532121 119.71775165443 119.995589430967 158.399907296282 207.025763049826 122.584262362374 123.546432923542 123.964202362234 124.652425690095 124.940303004059 125.704785016171 126.032055879147 126.155947924494 125.764321035846 125.693941031175
