rcp8.5models/CNRM-CM5/sc1gr10.26
NCOLS 261 
NROWS 433 
XLLCORNER 336357.134 
YLLCORNER 654653.479 
CELLSIZE 1000 
NODATA_value -3.4e+38 
[rows 88 to 109 of 433, columns 98 to 146 of 261]
1245.47546386719 1250.48120117188 1258.1962890625 1268.26623535156 1273.47863769531 1277.39367675781 1283.32946777344 1286.94738769531 1291.19543457031 1297.20764160156 1302.4130859375 1307.85400390625 1312.8935546875 1317.67541503906 1323.86059570312 1326.48059082031 1329.26684570312 1331.84912109375 1331.52648925781 1333.46276855469 1336.69958496094 1337.23986816406 1338.49206542969 1341.20349121094 1342.92529296875 1345.36779785156 1349.96630859375 1352.20080566406 1352.74975585938 1354.08422851562 1355.63208007812 1357.87622070312 1359.01672363281 1360.23461914062 1361.42810058594 1362.64514160156 1364.0908203125 1368.34545898438 1370.14050292969 1371.82348632812 1373.57385253906 1375.05139160156 1377.26257324219 1379.07897949219 1381.10607910156 1383.56616210938 1385.96862792969 1389.41101074219 1392.27124023438
1237.44262695312 1242.88342285156 1249.22985839844 1260.18725585938 1264.96752929688 1270.05358886719 1274.68725585938 1279.68139648438 1283.22351074219 1287.34289550781 1294.25134277344 1300.04406738281 1305.3212890625 1310.4013671875 1315.99841308594 1317.61242675781 1320.72106933594 1322.96923828125 1323.80053710938 1325.55151367188 1328.0595703125 1329.16943359375 1330.02404785156 1332.81433105469 1335.11938476562 1337.47290039062 1340.88500976562 1343.93017578125 1345.31958007812 1346.8203125 1348.69555664062 1349.71105957031 1350.63061523438 1351.86779785156 1353.23864746094 1355.31091308594 1357.5615234375 1361.171875 1362.2197265625 1363.63073730469 1366.07580566406 1368.71166992188 1370.99157714844 1372.69128417969 1374.63452148438 1376.52307128906 1378.45690917969 1381.24560546875 1384.92150878906
1229.2939453125 1234.19812011719 1241.28552246094 1252.72924804688 1256.53356933594 1261.20581054688 1266.23913574219 1270.91223144531 1275.86743164062 1280.49829101562 1285.92211914062 1291.05615234375 1296.55126953125 1302.0205078125 1307.60046386719 1310.99035644531 1312.21850585938 1314.69152832031 1315.75988769531 1317.70666503906 1319.01391601562 1321.64123535156 1323.99072265625 1324.76879882812 1326.43518066406 1329.52368164062 1333.14111328125 1335.39465332031 1336.80236816406 1338.42224121094 1340.82104492188 1342.32690429688 1343.60974121094 1344.71362304688 1345.47839355469 1347.22277832031 1349.07653808594 1353.25390625 1354.07006835938 1355.53234863281 1358.14770507812 1360.7822265625 1362.58178710938 1364.67370605469 1367.2724609375 1369.96740722656 1371.32788085938 1373.41650390625 1378.24450683594
1213.00268554688 1218.99865722656 1223.50793457031 1235.75952148438 1242.25036621094 1246.73889160156 1250.94580078125 1256.05798339844 1261.71118164062 1265.26623535156 1268.79748535156 1273.15539550781 1278.75744628906 1285.09936523438 1291.23693847656 1295.99084472656 1297.46936035156 1298.72973632812 1300.18969726562 1301.81762695312 1303.2529296875 1303.85913085938 1304.8876953125 1307.26428222656 1309.70629882812 1313.26684570312 1316.87219238281 1318.98608398438 1320.6982421875 1322.51611328125 1323.19482421875 1324.80493164062 1325.86901855469 1328.48901367188 1330.46362304688 1332.23400878906 1333.87353515625 1336.55358886719 1338.44152832031 1340.22888183594 1342.19445800781 1344.31457519531 -3.4e+38 1349.37194824219 1351.74926757812 1353.90942382812 1356.35583496094 1358.14221191406 1363.10278320312
1206.19055175781 1210.77758789062 1215.56372070312 1227.64428710938 1233.90881347656 1238.11364746094 1241.81591796875 1246.48474121094 1252.0458984375 1255.5673828125 1259.33715820312 1264.62060546875 1269.80651855469 1275.59204101562 1281.07849121094 1286.37231445312 1288.92712402344 1290.59362792969 1292.81921386719 1293.02355957031 1294.48681640625 1295.35021972656 1296.98254394531 1299.19885253906 1301.71813964844 1304.78723144531 1309.15100097656 1311.09948730469 1312.57019042969 1313.38916015625 1315.38732910156 1316.80834960938 1318.64111328125 1321.13366699219 1322.83239746094 1324.10363769531 1325.5224609375 1328.88110351562 1331.16809082031 1332.51159667969 1334.35144042969 1336.51379394531 1339.18127441406 1341.34680175781 1344.08569335938 1346.96838378906 1348.82250976562 -3.4e+38 1356.90637207031
1197.85266113281 1202.93615722656 1207.21655273438 1218.583984375 1224.53259277344 1230.02893066406 1234.75598144531 1237.84106445312 1242.94128417969 1247.17468261719 1251.85888671875 1255.13464355469 1260.37744140625 1265.5078125 1271.36340332031 1275.08056640625 1279.24072265625 1280.67358398438 1282.95068359375 1284.57556152344 1286.06726074219 1287.87524414062 1288.38134765625 1290.78063964844 1293.09765625 1296.20202636719 1300.72290039062 1302.32507324219 1304.01635742188 1304.7822265625 1306.68591308594 1308.42895507812 1310.90222167969 1312.64440917969 1313.95556640625 1315.24609375 1316.8017578125 -3.4e+38 1323.08752441406 1324.98083496094 1326.66271972656 1329.56750488281 -3.4e+38 1334.17163085938 1336.32592773438 1339.466796875 1342.36779785156 1344.39001464844 1350.015625
1189.57507324219 1194.12097167969 1198.11901855469 1209.53210449219 1214.75756835938 1220.69897460938 1226.31066894531 1229.62353515625 1234.86608886719 1238.79309082031 1243.06420898438 1246.64245605469 1252.11889648438 1256.16540527344 1261.73278808594 1264.88330078125 1269.31689453125 1271.64514160156 1274.27575683594 1276.52941894531 1277.86376953125 1279.6962890625 1279.6845703125 1281.626953125 1285.25598144531 1287.75256347656 1292.60314941406 1293.57666015625 1295.06103515625 1296.52502441406 1298.16125488281 1300.49328613281 1302.73474121094 1303.85705566406 1306.30639648438 1307.6123046875 1309.18530273438 1312.9560546875 1314.927734375 1317.39318847656 1319.47094726562 1321.69665527344 1323.66052246094 1326.49536132812 1329.609375 1331.79479980469 1334.58923339844 1336.86242675781 1342.92944335938
1180.91345214844 1185.94897460938 1190.00305175781 1200.28198242188 1205.67114257812 1210.77355957031 1215.27014160156 1220.30493164062 1225.88171386719 1229.49975585938 1234.07543945312 1236.81115722656 1241.83959960938 1246.7470703125 1251.85607910156 1255.50036621094 1260.17712402344 1262.72143554688 1265.68701171875 1267.66003417969 1269.63830566406 1270.67724609375 1271.560546875 1273.78247070312 1276.90087890625 1279.69189453125 1284.48559570312 1285.51989746094 1286.61730957031 1288.76770019531 -3.4e+38 1292.21923828125 1294.18310546875 1295.99108886719 1298.27783203125 1300.19458007812 1301.61950683594 1305.44140625 1306.86071777344 -3.4e+38 1311.51867675781 -3.4e+38 1316.34912109375 1318.96911621094 1321.67077636719 1324.29541015625 1327.66516113281 1329.65832519531 1336.86682128906
1172.78955078125 1177.43518066406 1182.48388671875 1190.74743652344 1196.53698730469 1201.82336425781 1206.26892089844 1211.859375 1216.31713867188 1221.00231933594 1223.80895996094 1226.57482910156 1231.25634765625 1237.02319335938 1242.9091796875 1246.91845703125 1250.71911621094 1252.61889648438 1254.74206542969 1258.525390625 1260.91943359375 1262.79113769531 1263.61450195312 1265.20483398438 1267.30786132812 1270.876953125 1275.33520507812 1276.76586914062 1277.93041992188 1280.13415527344 1282.67590332031 1284.07189941406 1284.70068359375 1287.25695800781 1289.52111816406 1291.96606445312 1293.2890625 1298.00500488281 1299.88916015625 -3.4e+38 1303.48449707031 1306.51916503906 1308.98754882812 1311.29064941406 1314.55688476562 1317.35241699219 1320.40441894531 1323.79370117188 1330.27355957031
1164.30114746094 1169.3583984375 1173.95251464844 1181.22778320312 1187.13439941406 1192.86950683594 1198.10913085938 1202.41027832031 1206.81018066406 1212.15515136719 1214.77563476562 1218.21423339844 1222.24365234375 1227.08117675781 1233.70031738281 1238.08142089844 1242.17395019531 1242.96752929688 1245.50964355469 1249.20751953125 1251.07043457031 1252.80810546875 1254.900390625 1256.89135742188 1258.74206542969 1261.30346679688 1265.78881835938 1268.06799316406 1269.92431640625 1271.08361816406 1273.23388671875 1275.65454101562 1277.20617675781 1279.82873535156 1281.75207519531 1283.76025390625 1285.86157226562 1290.228515625 1292.0380859375 1293.50927734375 1296.04223632812 1299.59704589844 1301.58728027344 1304.11206054688 1307.375 1309.71997070312 1313.33557128906 1316.59240722656 1323.037109375
1156.44262695312 1160.93310546875 1165.92041015625 1174.35205078125 1177.67028808594 1183.43774414062 1188.99096679688 1192.4814453125 1196.50085449219 1201.41198730469 1206.11010742188 1209.48010253906 1213.03466796875 1217.23840332031 1224.2138671875 1229.02575683594 -3.4e+38 1234.08959960938 1236.37341308594 1238.25671386719 1240.80053710938 1243.0693359375 1245.46911621094 1248.24060058594 1250.06982421875 1252.71057128906 1257.45666503906 1259.02038574219 1260.81823730469 1262.13427734375 1264.33312988281 1266.31701660156 1268.625 1271.72326660156 1273.28295898438 1275.5673828125 1278.14892578125 1281.42761230469 1283.72485351562 1286.25366210938 1288.61645507812 1291.86010742188 1294.15075683594 1297.02819824219 1300.06652832031 1302.64697265625 1306.27770996094 1309.34692382812 1315.88354492188
1148.61474609375 1151.75146484375 1157.40808105469 1165.25061035156 1168.35314941406 1174.08581542969 1179.74682617188 1184.22338867188 1186.74377441406 1191.70288085938 1195.41271972656 1199.96557617188 1203.37329101562 1207.13012695312 1214.52697753906 1218.33251953125 1220.70629882812 1225.00390625 1227.56945800781 1229.06066894531 1231.02661132812 1234.07788085938 1236.81066894531 1240.09191894531 1242.02404785156 1244.91162109375 1249.32861328125 1249.599609375 1251.916015625 1254.28125 1256.5546875 1257.53442382812 1259.37109375 1262.4248046875 1264.64660644531 1266.58825683594 1268.61730957031 1273.59106445312 1276.18200683594 1278.56311035156 1280.87573242188 1283.7451171875 -3.4e+38 1289.6865234375 1292.57397460938 1295.09460449219 1299.03051757812 1302.54699707031 1309.21008300781
1140.63659667969 1143.95886230469 1149.02990722656 1156.69848632812 1160.412109375 1165.45593261719 1170.47729492188 1175.66540527344 1177.27465820312 1181.41516113281 1185.220703125 1190.60693359375 1193.94152832031 1197.31274414062 1203.71459960938 1208.14807128906 1211.18737792969 1215.65270996094 1218.6708984375 1220.48303222656 1222.19958496094 1224.638671875 1227.87255859375 1231.40087890625 1233.04406738281 1236.15344238281 1240.52746582031 1240.97241210938 1243.2119140625 1246.14733886719 1248.99536132812 1250.14001464844 1251.87854003906 1254.3388671875 1256.07434082031 1258.71716308594 1260.81555175781 1265.95446777344 1267.91711425781 1270.25256347656 1273.34997558594 1277.05126953125 1279.54638671875 1282.23840332031 1285.06274414062 1288.07189941406 1292.01916503906 1296.06823730469 1302.72021484375
1131.99719238281 1135.73168945312 1141.0224609375 1148.36779785156 1151.88049316406 1155.86584472656 1159.90783691406 1165.38635253906 1169.23693847656 1172.75305175781 1176.44873046875 1180.12255859375 1184.61596679688 1187.93225097656 1194.32202148438 1198.97094726562 1202.7490234375 1206.0400390625 1208.21154785156 1211.88671875 1213.93774414062 1215.97119140625 1218.46423339844 1221.78002929688 1224.38623046875 1226.52673339844 1231.109375 1233.35021972656 1234.82702636719 1238.07421875 1240.34582519531 1242.00634765625 1244.20092773438 1246.14782714844 1248.26171875 1251.24633789062 1253.23767089844 1257.3974609375 1259.50354003906 1262.22106933594 1266.65454101562 1269.46325683594 1271.96044921875 1275.38354492188 1278.63293457031 1281.53503417969 1285.58569335938 1289.52551269531 1296.60327148438
1123.07116699219 1126.82238769531 1132.33044433594 1139.34948730469 1142.78186035156 1146.42956542969 1151.13500976562 1155.37902832031 1159.68041992188 1163.72180175781 1167.544921875 1169.92578125 1174.07800292969 1177.58923339844 1184.83850097656 1189.60485839844 1193.03295898438 1195.52905273438 1198.33569335938 1203.14367675781 1204.95373535156 1206.67138671875 1209.91125488281 1212.38854980469 1215.40490722656 1217.09130859375 1221.77807617188 1225.21655273438 1227.35534667969 1229.55419921875 1231.24768066406 1233.67102050781 1236.28601074219 1237.86865234375 1240.04638671875 1242.56335449219 1244.48254394531 1249.416015625 1252.44909667969 1255.18615722656 1259.00830078125 1261.51904296875 1264.86853027344 1268.30590820312 1272.13403320312 1275.27331542969 1279.11376953125 1283.31213378906 1291.14685058594
1105.4619140625 1109.17431640625 1114.61364746094 1121.7265625 1127.14880371094 1130.53503417969 1134.09020996094 1138.26342773438 1141.68298339844 1145.46057128906 1148.36730957031 1151.73254394531 1155.35473632812 1160.31689453125 1166.65966796875 1170.25354003906 1174.50305175781 1177.28747558594 1180.42346191406 1182.92175292969 1185.951171875 1188.734375 1192.06457519531 1194.056640625 1197.19311523438 1200.73034667969 1205.52368164062 1207.72998046875 1210.13513183594 1212.54174804688 1214.48913574219 1216.22668457031 1219.03894042969 1221.25219726562 1223.46032714844 1226.1826171875 1228.341796875 1234.61682128906 1237.09045410156 1240.12353515625 1243.95654296875 1247.68957519531 1250.18872070312 1253.68493652344 1258.43090820312 1262.28515625 1266.392578125 1269.94750976562 1278.09375
1097.45568847656 1100.46301269531 1105.81982421875 1112.99816894531 1118.24682617188 1120.9326171875 1124.51171875 1129.34582519531 1132.7861328125 1136.16369628906 1139.46411132812 1142.7529296875 1146.38671875 1151.29309082031 1157.01232910156 1161.05444335938 1164.56225585938 1168.87731933594 1171.88891601562 1173.96472167969 1177.11389160156 1180.32446289062 1183.30969238281 1185.794921875 1188.27172851562 1191.70422363281 1197.318359375 1199.05737304688 1201.38073730469 1204.07922363281 1205.78759765625 1208.17126464844 1210.91369628906 1213.00964355469 1215.42163085938 1218.13635253906 1220.3154296875 1226.75463867188 1229.10778808594 1232.13305664062 1236.04479980469 1240.47155761719 1243.24047851562 1247.3173828125 1251.61975097656 1256.23364257812 1258.62915039062 1263.19274902344 1271.59350585938
1089.31640625 1091.90759277344 1097.22448730469 1104.14147949219 1108.34802246094 1112.46020507812 1115.41467285156 1120.62634277344 1124.00219726562 1127.30163574219 1130.60986328125 1133.99670410156 1137.40930175781 1141.34521484375 1147.57727050781 1152.61975097656 1155.41162109375 1158.69616699219 1162.11560058594 1165.93481445312 1169.07922363281 1172.28271484375 1175.3310546875 1177.48876953125 1179.62451171875 1183.63854980469 1189.03259277344 1190.67236328125 1192.56262207031 1195.36437988281 1197.86145019531 1200.84057617188 1203.40502929688 1205.21057128906 1207.8759765625 1210.02612304688 1212.61254882812 1218.83276367188 1221.24108886719 1225.10180664062 1229.19165039062 1232.91979980469 1236.62084960938 1241.16357421875 1245.49108886719 1249.33508300781 1252.443359375 1257.40222167969 1265.62902832031
1080.82690429688 1083.39892578125 1088.67346191406 1095.50756835938 1098.96411132812 1103.19079589844 1107.26293945312 1110.6142578125 1114.10522460938 1118.55456542969 1121.95336914062 1125.291015625 1128.55090332031 1131.83361816406 1138.61682128906 1142.64367675781 1146.36181640625 1149.75634765625 1152.7333984375 1157.55615234375 1160.21423339844 1164.09448242188 1167.01538085938 1169.01159667969 1172.17358398438 1175.67419433594 1180.51440429688 1182.78466796875 1184.68469238281 1187.44653320312 1189.75927734375 1192.75085449219 1195.40393066406 1197.14904785156 1200.05639648438 1202.79479980469 1205.61291503906 1210.85424804688 1213.90148925781 1219.12072753906 1222.76159667969 1225.92932128906 1229.7890625 1234.16650390625 1238.56506347656 1242.47595214844 1246.39196777344 1251.4521484375 1259.60302734375
1072.48547363281 1075.03796386719 1080.27905273438 1087.02624511719 1090.34716796875 1093.77062988281 1097.81298828125 1101.275390625 1104.67858886719 1108.87646484375 1113.22290039062 1115.93896484375 1119.87341308594 1123.11120605469 1129.78125 1133.38037109375 1138.06555175781 1141.51831054688 1144.00012207031 1148.88317871094 1151.81140136719 1155.45544433594 1158.39099121094 1160.62365722656 1164.8857421875 1167.21887207031 1172.76196289062 1174.81896972656 1176.65356445312 1179.58520507812 1181.90954589844 1184.39050292969 1187.64331054688 1189.541015625 1193.11779785156 1196.61962890625 1198.60180664062 1203.4453125 1207.21398925781 1211.85876464844 1215.38916015625 1219.84594726562 1222.9306640625 1227.33703613281 1231.41052246094 1237.20239257812 1241.67602539062 1244.75439453125 1254.53649902344
1064.28308105469 1067.39904785156 1071.93127441406 1078.58288574219 1081.99584960938 1085.18273925781 1088.04309082031 1092.81750488281 1096.08703613281 1099.67199707031 1104.56262207031 1106.82336425781 1110.60827636719 1113.97900390625 1121.28601074219 1124.73095703125 1128.97717285156 1133.01342773438 1135.26208496094 1139.38720703125 1143.59741210938 1146.52197265625 1150.00524902344 1152.86499023438 1156.81298828125 1158.97973632812 1164.67248535156 1166.48107910156 1168.97119140625 1171.85900878906 1174.13537597656 1176.66735839844 1180.26794433594 1183.81823730469 1186.92102050781 1189.28637695312 1190.78088378906 1195.89172363281 1200.14416503906 1203.52526855469 1207.21789550781 1212.34399414062 1216.14575195312 1221.01342773438 1225.40649414062 1230.34313964844 1235.56701660156 1239.21484375 1248.76513671875
1056.19274902344 1059.63293457031 1063.73120117188 1069.56127929688 1073.09362792969 1077.25854492188 1079.28344726562 1084.37707519531 1087.65246582031 1091.13842773438 1095.01440429688 1097.84704589844 1101.23266601562 -3.4e+38 1112.20263671875 1116.18481445312 1119.82580566406 1124.72509765625 1127.57604980469 1131.12951660156 1136.02307128906 1138.96667480469 1141.72424316406 1144.89025878906 1148.24938964844 1151.39709472656 1158.00512695312 1159.76171875 1162.04724121094 1165.02331542969 1167.50463867188 1170.2626953125 1173.99658203125 1176.99841308594 1179.57373046875 1181.06311035156 1182.64758300781 1188.75512695312 1192.30725097656 1195.76281738281 1200.58081054688 1204.94641113281 1210.25415039062 1214.50671386719 1219.55786132812 1224.16101074219 1229.48095703125 1234.43627929688 1243.13049316406
