rcp8.5models/CNRM-CM5/sc1gr10.20
NCOLS 261 
NROWS 433 
XLLCORNER 336357.134 
YLLCORNER 654653.479 
CELLSIZE 1000 
NODATA_value -3.4e+38 
[rows 308 to 329 of 433, columns 147 to 195 of 261]
293.263854980469 308.88818359375 382.288696289062 391.589660644531 326.860015869141 315.162811279297 311.592071533203 300.160217285156 286.024963378906 299.867156982422 314.211975097656 301.291320800781 294.415374755859 299.651580810547 308.004608154297 332.198669433594 355.084716796875 359.557037353516 363.106567382812 366.637725830078 367.73291015625 359.239593505859 326.321624755859 329.479614257812 327.931060791016 340.027435302734 368.313598632812 377.080627441406 351.916687011719 343.514587402344 352.158172607422 368.231018066406 400.318267822266 441.271759033203 453.654144287109 446.218444824219 411.808746337891 393.979156494141 392.183715820312 394.322021484375 408.338500976562 398.002746582031 389.157043457031 393.328674316406 394.216674804688 399.195220947266 403.466430664062 407.010437011719 410.775512695312
273.338256835938 342.118835449219 413.510864257812 410.539581298828 352.433258056641 309.894958496094 304.444915771484 296.887359619141 295.058654785156 314.565948486328 319.375091552734 301.446868896484 296.455902099609 311.503082275391 314.695587158203 328.149169921875 359.849792480469 396.982421875 407.704254150391 389.239715576172 361.797485351562 347.925720214844 321.573883056641 326.574462890625 325.497741699219 332.9365234375 353.126434326172 376.543640136719 367.235595703125 343.865875244141 345.104553222656 351.287567138672 380.838897705078 447.67822265625 455.414764404297 448.747100830078 421.002838134766 397.977966308594 389.68701171875 392.695465087891 400.173278808594 387.293823242188 386.194549560547 391.937896728516 397.492553710938 397.448211669922 402.117309570312 405.573913574219 407.668029785156
299.359802246094 373.766815185547 419.704833984375 414.247680664062 358.722290039062 307.073272705078 297.349914550781 294.984954833984 307.588317871094 325.681304931641 317.889953613281 297.701019287109 296.733154296875 317.765441894531 321.263641357422 330.83642578125 367.761871337891 416.312683105469 419.484893798828 379.499542236328 344.164093017578 325.113372802734 319.514923095703 321.228759765625 321.908172607422 326.6005859375 336.629699707031 364.985260009766 375.601806640625 358.416961669922 343.581207275391 346.098937988281 365.995056152344 439.345245361328 451.498016357422 451.551422119141 433.85888671875 405.425506591797 386.850341796875 389.242095947266 395.392242431641 381.959503173828 383.522338867188 389.092742919922 395.099395751953 396.085174560547 400.476135253906 403.696380615234 405.953704833984
324.995758056641 373.577423095703 406.594818115234 402.996887207031 374.656616210938 345.108581542969 300.285888671875 296.055786132812 312.145843505859 322.688568115234 310.778472900391 286.844146728516 292.975799560547 312.602630615234 323.222595214844 340.18017578125 359.764526367188 383.304138183594 378.740570068359 349.63525390625 327.228393554688 308.511016845703 314.162536621094 315.890838623047 325.902770996094 342.734039306641 346.953399658203 365.193023681641 379.527221679688 377.616149902344 357.856201171875 342.503540039062 351.832885742188 426.955078125 450.811828613281 451.951721191406 441.578643798828 413.829437255859 382.031860351562 387.152526855469 394.168701171875 380.006561279297 381.290405273438 385.468383789062 389.765258789062 395.087005615234 398.556457519531 401.995941162109 404.573669433594
344.424835205078 371.596649169922 400.476654052734 403.693389892578 377.7138671875 348.149536132812 304.798034667969 319.641876220703 339.459075927734 314.356842041016 303.815490722656 291.394409179688 291.722686767578 301.899444580078 320.363464355469 331.748199462891 332.330596923828 343.956787109375 347.367614746094 340.888580322266 324.692291259766 309.686340332031 317.299713134766 320.108795166016 341.778533935547 373.811248779297 369.187652587891 379.954162597656 387.602355957031 385.322845458984 369.125915527344 339.468078613281 346.595092773438 419.02880859375 443.520629882812 441.543823242188 432.494049072266 412.142822265625 380.435882568359 383.517700195312 387.68701171875 376.659912109375 379.412445068359 383.352661132812 387.018768310547 392.975158691406 396.334014892578 400.072601318359 402.668121337891
311.717163085938 345.999053955078 353.728332519531 359.829162597656 356.509857177734 348.625701904297 378.343048095703 411.964233398438 400.417510986328 365.725891113281 344.388214111328 326.371520996094 302.234497070312 289.215484619141 286.555725097656 294.291290283203 309.811584472656 323.756378173828 333.78955078125 344.461547851562 343.149658203125 337.879943847656 306.694366455078 315.624328613281 341.423675537109 352.176055908203 362.224609375 373.246307373047 377.568817138672 387.022674560547 389.313568115234 363.68212890625 345.908782958984 393.842407226562 423.427673339844 433.878051757812 423.16259765625 399.449951171875 377.480499267578 376.181335449219 380.25390625 373.034393310547 375.595123291016 379.068756103516 382.097869873047 389.434417724609 392.305755615234 396.135498046875 399.490692138672
263.209014892578 294.173522949219 327.877532958984 359.433898925781 374.727813720703 394.763793945312 396.631225585938 395.037475585938 398.142425537109 414.808258056641 386.536529541016 324.515258789062 303.130828857422 292.567810058594 289.180053710938 290.165069580078 309.277404785156 323.434936523438 326.693511962891 337.128448486328 339.994354248047 330.909820556641 299.317657470703 306.391815185547 318.115447998047 332.909423828125 355.972198486328 365.589660644531 375.094177246094 384.027648925781 393.300445556641 377.553802490234 351.259307861328 368.61279296875 403.017517089844 419.8134765625 422.543395996094 409.306762695312 376.355834960938 372.178375244141 377.192657470703 371.392791748047 373.994598388672 377.699829101562 380.153839111328 387.573760986328 390.7822265625 394.409118652344 397.901550292969
240.64697265625 284.958099365234 352.427032470703 378.995849609375 370.474182128906 385.064697265625 374.961334228516 375.794158935547 389.799102783203 394.295013427734 365.385894775391 305.756378173828 300.184173583984 295.489074707031 288.83544921875 295.708557128906 312.1728515625 321.712249755859 318.273956298828 326.031616210938 337.919158935547 328.378875732422 296.200653076172 301.524566650391 312.247222900391 325.965515136719 337.786193847656 350.237579345703 369.386108398438 381.460754394531 393.536071777344 387.158538818359 363.391418457031 351.9794921875 384.769958496094 404.165863037109 411.140045166016 406.474975585938 379.163421630859 374.691192626953 371.90478515625 368.480255126953 371.933959960938 375.475158691406 378.386016845703 385.776733398438 389.354187011719 393.045654296875 396.733062744141
265.46533203125 317.850341796875 369.422912597656 378.396057128906 365.688293457031 369.6552734375 353.992858886719 343.441986083984 339.093566894531 331.750732421875 327.992126464844 305.546997070312 302.54541015625 294.483093261719 284.159332275391 302.837493896484 317.453308105469 319.960113525391 313.931793212891 314.663146972656 326.710723876953 321.253448486328 306.383239746094 302.980010986328 325.095703125 339.328826904297 330.527435302734 338.353820800781 355.420471191406 373.251037597656 392.939453125 399.154449462891 372.475952148438 345.817657470703 371.018280029297 395.661071777344 403.761047363281 394.052673339844 373.104553222656 372.853820800781 364.590667724609 366.395477294922 370.281219482422 373.156646728516 376.648498535156 384.597137451172 388.276794433594 391.963439941406 395.739105224609
305.933715820312 330.964599609375 344.651885986328 350.470886230469 350.187347412109 359.992370605469 343.215179443359 299.983123779297 296.943420410156 300.941467285156 308.524169921875 298.619293212891 291.202301025391 289.451904296875 289.391326904297 308.287292480469 321.938690185547 323.194610595703 318.301910400391 309.145874023438 310.955108642578 313.402435302734 318.298492431641 307.528167724609 324.411254882812 347.130950927734 341.525848388672 343.693969726562 351.934906005859 369.0986328125 382.507446289062 388.429504394531 367.638336181641 346.436126708984 360.240264892578 387.952667236328 399.438415527344 382.374114990234 361.227386474609 362.552307128906 362.18212890625 365.222442626953 368.767669677734 371.635986328125 375.365905761719 383.488037109375 386.477508544922 390.585784912109 394.799743652344
301.908233642578 294.642700195312 293.723846435547 293.081909179688 296.048736572266 306.699066162109 307.120086669922 289.713226318359 291.715454101562 293.736419677734 296.399444580078 291.876617431641 285.730895996094 295.085906982422 300.869537353516 315.179107666016 326.508483886719 328.728332519531 322.555236816406 306.874725341797 305.402160644531 314.148590087891 315.697998046875 311.110076904297 316.571929931641 337.074890136719 359.079132080078 370.155609130859 369.029296875 380.073608398438 375.659545898438 367.784088134766 356.286834716797 350.876220703125 364.958984375 387.512145996094 398.262573242188 384.292388916016 364.458099365234 361.386993408203 360.257415771484 363.314117431641 366.793975830078 370.190826416016 374.432434082031 381.957153320312 384.300994873047 388.705474853516 393.372924804688
286.830902099609 272.136779785156 273.292022705078 275.065612792969 277.709503173828 280.153961181641 282.988983154297 285.932037353516 288.437591552734 291.105102539062 294.336944580078 292.728942871094 293.907196044922 304.381042480469 308.760955810547 315.750396728516 325.269561767578 326.880767822266 320.53857421875 310.961639404297 307.675231933594 316.179901123047 321.4296875 315.064483642578 318.431976318359 333.837615966797 362.195892333984 384.328948974609 384.998199462891 375.665161132812 375.444396972656 365.607971191406 356.848236083984 355.122650146484 379.200347900391 390.619781494141 390.026702880859 379.846466064453 372.101257324219 366.192077636719 360.196624755859 361.329650878906 365.022766113281 368.664154052734 372.840026855469 380.381378173828 383.177856445312 387.42578125 391.890747070312
292.187896728516 273.563995361328 270.418151855469 273.188568115234 276.215026855469 276.779510498047 280.228881835938 284.276428222656 285.592742919922 288.529113769531 292.092681884766 293.491302490234 296.740020751953 305.296142578125 312.692687988281 317.648071289062 321.960266113281 320.254241943359 316.318572998047 319.338012695312 310.957489013672 312.021392822266 332.841766357422 324.941650390625 319.290557861328 332.471893310547 351.500640869141 377.881866455078 391.16748046875 366.908325195312 386.207366943359 367.671752929688 362.937042236328 356.429870605469 371.203552246094 374.533966064453 370.315185546875 361.421203613281 369.246551513672 363.830047607422 357.547973632812 359.520141601562 363.211395263672 366.943511962891 370.701049804688 378.674560546875 382.352691650391 386.540496826172 390.583129882812
278.546722412109 269.109954833984 266.579254150391 269.970794677734 272.873443603516 273.398468017578 277.861083984375 283.342864990234 284.205444335938 285.689575195312 288.754486083984 290.473022460938 296.093841552734 302.779022216797 311.641540527344 316.648895263672 319.295806884766 317.289916992188 316.491455078125 322.502075195312 313.734375 307.234985351562 334.815002441406 333.165374755859 325.625244140625 332.538024902344 346.113555908203 370.311309814453 389.031066894531 361.250030517578 388.162109375 378.100555419922 364.842864990234 363.169708251953 357.197540283203 350.823089599609 353.394561767578 349.340728759766 358.167175292969 358.502014160156 354.300964355469 358.108001708984 361.705627441406 365.190368652344 368.9921875 376.95751953125 380.849670410156 384.745574951172 388.737945556641
262.425323486328 259.338684082031 261.636291503906 264.339904785156 267.3154296875 269.762176513672 273.962341308594 279.049743652344 280.644561767578 282.016845703125 284.751403808594 287.318359375 293.542266845703 302.449127197266 311.925628662109 311.349456787109 312.372039794922 314.798736572266 318.807525634766 325.199005126953 322.263092041016 311.420806884766 326.115600585938 333.076934814453 335.337310791016 340.011566162109 350.126922607422 369.42431640625 385.483734130859 377.394012451172 389.323852539062 392.475524902344 367.166900634766 370.409881591797 358.129547119141 344.6884765625 342.635437011719 343.505676269531 348.925140380859 352.400665283203 352.840698242188 356.522338867188 360.040435791016 363.659637451172 367.583709716797 375.039184570312 378.277008056641 381.836730957031 386.455657958984
259.67822265625 255.270904541016 257.646148681641 260.341186523438 263.015075683594 266.250640869141 269.828125 272.927398681641 275.247985839844 278.434631347656 281.389862060547 286.651000976562 290.597869873047 299.944793701172 310.126800537109 306.568328857422 305.702758789062 311.561798095703 319.343200683594 329.161254882812 327.687164306641 319.940216064453 320.878448486328 327.845916748047 336.160339355469 345.53857421875 365.015991210938 379.728576660156 389.381225585938 399.296569824219 389.233703613281 378.189758300781 365.985504150391 366.923065185547 355.009490966797 346.691131591797 338.802551269531 341.259155273438 344.684478759766 347.989715576172 351.331298828125 354.548126220703 358.041839599609 361.881958007812 365.534393310547 372.495483398438 375.797027587891 379.808685302734 384.726593017578
275.125579833984 257.413726806641 256.13037109375 257.608917236328 260.136596679688 263.086791992188 266.325042724609 269.490295410156 272.355377197266 274.974975585938 278.162353515625 284.549621582031 288.153289794922 294.898406982422 302.700347900391 301.977478027344 302.921875 309.078704833984 321.606567382812 336.245544433594 329.24755859375 325.592620849609 322.318206787109 321.720794677734 329.670715332031 342.604278564453 366.475982666016 388.630310058594 391.515747070312 389.071411132812 370.121368408203 357.094818115234 355.558319091797 362.384765625 347.209442138672 341.657318115234 337.926330566406 339.654388427734 342.974182128906 346.434753417969 349.961730957031 352.915344238281 356.179870605469 359.9521484375 363.383148193359 370.593780517578 374.287017822266 378.688323974609 383.1083984375
281.304473876953 254.998886108398 252.279403686523 251.69465637207 253.308151245117 255.650848388672 259.122802734375 262.436706542969 264.721496582031 269.643768310547 274.405487060547 278.615631103516 280.764617919922 283.598602294922 289.759033203125 297.735412597656 300.698822021484 298.034393310547 300.926300048828 305.406097412109 309.227447509766 312.160766601562 317.915435791016 321.343963623047 326.935089111328 330.526519775391 335.198974609375 350.771789550781 384.869812011719 384.65673828125 360.434356689453 351.607757568359 348.874786376953 333.839263916016 339.032379150391 339.810760498047 334.885864257812 336.739318847656 340.061004638672 343.615112304688 346.879791259766 349.966339111328 353.363922119141 356.517333984375 359.7470703125 367.431060791016 371.303649902344 375.306579589844 379.288269042969
256.730407714844 248.294357299805 246.69157409668 248.331039428711 251.143051147461 252.166473388672 255.730026245117 260.271301269531 261.817291259766 264.348907470703 268.894622802734 274.091735839844 275.933807373047 278.790161132812 287.375366210938 307.117401123047 321.424774169922 315.796997070312 299.736785888672 302.197875976562 305.756072998047 309.307189941406 316.547943115234 320.155609130859 324.618743896484 328.20654296875 331.705108642578 347.876342773438 381.037048339844 384.673034667969 371.327545166016 363.065765380859 359.321960449219 328.274078369141 329.179473876953 334.223754882812 333.188598632812 335.471160888672 338.553802490234 341.877014160156 345.1025390625 348.442169189453 351.646545410156 354.992828369141 358.211303710938 365.830169677734 369.495300292969 373.386291503906 377.354614257812
252.396835327148 246.829223632812 245.500854492188 252.077194213867 255.514984130859 251.495742797852 257.940948486328 260.209838867188 259.540466308594 259.968933105469 262.788696289062 270.516815185547 271.715270996094 274.567016601562 283.602783203125 304.798828125 328.642761230469 331.433227539062 303.482879638672 298.483764648438 302.959136962891 306.174163818359 314.962280273438 317.968719482422 321.920227050781 325.333587646484 328.710113525391 339.309204101562 363.663482666016 373.904052734375 361.481536865234 362.018524169922 355.777130126953 328.387542724609 326.930053710938 328.000732421875 331.371826171875 334.195373535156 336.905395507812 340.145751953125 343.080230712891 346.794891357422 350.122497558594 353.48388671875 356.514862060547 363.373718261719 367.248413085938 371.247955322266 374.880645751953
271.664428710938 257.654571533203 250.933074951172 257.983001708984 258.180572509766 254.319412231445 259.523620605469 260.320404052734 258.123596191406 257.213836669922 259.204315185547 267.912750244141 270.481903076172 271.544006347656 275.632354736328 286.732391357422 306.769226074219 324.515106201172 312.259399414062 297.259613037109 300.714996337891 302.668060302734 306.786865234375 313.885894775391 315.844787597656 320.507446289062 326.096740722656 336.027679443359 360.552429199219 366.977478027344 344.465850830078 345.861755371094 341.625061035156 327.3076171875 326.246154785156 326.962677001953 329.725738525391 332.845031738281 335.704650878906 338.878692626953 341.501403808594 344.895446777344 348.319610595703 351.676605224609 354.711639404297 361.923614501953 365.237243652344 368.787780761719 372.800994873047
277.811950683594 263.289154052734 257.966949462891 254.108062744141 256.551452636719 258.355743408203 256.563293457031 258.899505615234 259.500091552734 258.835021972656 255.631851196289 262.564453125 266.616302490234 268.779449462891 270.8310546875 275.880798339844 287.486572265625 303.345092773438 301.162811279297 295.200927734375 295.798309326172 298.364379882812 299.957275390625 299.121490478516 303.326019287109 314.938385009766 323.605102539062 332.587280273438 357.132049560547 366.935791015625 338.703735351562 338.827911376953 332.842132568359 329.467498779297 325.147247314453 325.556274414062 328.350677490234 331.553802490234 334.724792480469 337.676239013672 340.136444091797 343.097015380859 346.515106201172 349.945739746094 353.304870605469 360.509826660156 363.660827636719 367.063293457031 371.213928222656
