rcp8.5models/CNRM-CM5/sc1gr4.12
NCOLS 261 
NROWS 433 
XLLCORNER 336357.134 
YLLCORNER 654653.479 
CELLSIZE 1000 
NODATA_value -3.4e+38 
[rows 242 to 263 of 433, columns 49 to 97 of 261]
287.564727783203 287.452911376953 287.275238037109 287.042297363281 286.736541748047 287.305206298828 287.340637207031 286.8720703125 286.925811767578 287.005584716797 287.103546142578 286.589630126953 286.449249267578 286.205902099609 285.990661621094 285.814178466797 285.645172119141 285.354614257812 285.389678955078 284.913757324219 284.777557373047 284.494079589844 284.314910888672 284.062347412109 283.727691650391 283.591278076172 283.678344726562 283.950256347656 283.770050048828 283.882629394531 283.741516113281 283.153747558594 282.667205810547 282.794097900391 283.101409912109 283.286163330078 283.779632568359 283.295776367188 282.708770751953 283.135192871094 283.405670166016 282.493103027344 282.178314208984 281.872222900391 281.771850585938 281.602630615234 280.789520263672 278.022064208984 275.922821044922
287.132568359375 286.809539794922 286.754364013672 286.654205322266 286.930450439453 287.262298583984 286.827056884766 286.711486816406 286.649139404297 286.629699707031 286.425811767578 286.489349365234 286.034118652344 285.574920654297 285.430358886719 285.570098876953 285.325347900391 285.108612060547 284.805297851562 284.676666259766 284.521942138672 283.961273193359 283.663391113281 283.592132568359 283.426025390625 283.254760742188 283.169250488281 283.243286132812 283.024597167969 283.198852539062 283.005859375 282.597595214844 282.386962890625 282.256896972656 282.493835449219 282.868743896484 283.058563232422 283.087005615234 282.640686035156 282.354888916016 282.643096923828 282.542846679688 282.295288085938 281.945678710938 281.571105957031 281.498565673828 281.089874267578 280.150695800781 278.325012207031
287.261352539062 287.264801025391 287.11474609375 286.931640625 287.059539794922 287.185974121094 286.738555908203 286.402038574219 286.393859863281 286.055633544922 286.009765625 286.181396484375 286.106628417969 285.841583251953 286.009002685547 285.863159179688 285.349884033203 285.259216308594 284.690338134766 284.589050292969 284.505920410156 284.095855712891 284.069641113281 283.805816650391 283.531433105469 283.216186523438 282.898712158203 282.952178955078 282.756622314453 282.520599365234 282.581604003906 282.285034179688 282.014068603516 281.799377441406 282.035614013672 282.530517578125 283.089630126953 282.869049072266 280.962982177734 279.384918212891 281.426788330078 282.321228027344 282.311492919922 282.166015625 281.904235839844 281.6953125 281.26318359375 280.612243652344 278.457794189453
287.413726806641 287.438018798828 287.247314453125 287.308319091797 287.366455078125 287.168548583984 286.802734375 286.317169189453 285.846069335938 285.531372070312 285.5693359375 285.874359130859 286.451171875 286.161956787109 285.967651367188 285.810272216797 285.460296630859 285.229705810547 284.496673583984 284.585205078125 284.426086425781 284.294067382812 284.343200683594 283.924102783203 283.647216796875 283.341156005859 282.875762939453 282.413146972656 282.249633789062 282.303009033203 282.309234619141 282.266326904297 281.977600097656 281.627258300781 282.023895263672 282.314392089844 282.671325683594 282.521087646484 279.633575439453 277.326019287109 281.105712890625 282.112731933594 282.086486816406 281.700225830078 281.537170410156 281.359252929688 280.930511474609 280.4072265625 279.068939208984
287.463653564453 287.371032714844 287.308563232422 287.202087402344 286.707214355469 286.274230957031 286.244232177734 286.186370849609 285.991668701172 285.5234375 285.421020507812 285.400177001953 285.959625244141 285.706481933594 285.522277832031 285.401397705078 285.296234130859 285.213104248047 284.759399414062 284.527770996094 284.617706298828 284.5205078125 284.506011962891 284.010040283203 283.469665527344 283.413177490234 282.854797363281 282.313720703125 282.549133300781 282.555419921875 282.456634521484 282.418853759766 282.097534179688 281.640930175781 281.827697753906 282.185546875 282.32763671875 282.237884521484 280.106506347656 278.864044189453 281.384490966797 281.880187988281 281.929046630859 281.693084716797 281.426239013672 280.924285888672 280.587615966797 280.198699951172 280.087097167969
287.33935546875 287.022583007812 286.986846923828 286.780609130859 286.296112060547 285.734436035156 285.572998046875 285.992248535156 285.710876464844 285.429229736328 285.051300048828 284.944488525391 285.167236328125 285.098449707031 285.007873535156 284.742218017578 284.672088623047 284.758758544922 284.853973388672 284.816955566406 284.675445556641 284.404602050781 284.287353515625 284.010498046875 283.699890136719 283.4599609375 282.707153320312 282.509582519531 283.046661376953 282.648468017578 282.914245605469 282.801361083984 282.288909912109 281.729187011719 281.402038574219 281.805969238281 282.212493896484 282.040466308594 280.961639404297 280.434997558594 281.287200927734 281.393798828125 281.695892333984 281.430816650391 281.468109130859 281.030029296875 280.670959472656 280.429656982422 280.263977050781
286.751800537109 286.454986572266 286.359680175781 286.622924804688 286.278625488281 285.717163085938 285.433258056641 285.594848632812 285.468017578125 285.396240234375 285.300354003906 285.288055419922 285.097564697266 284.768432617188 284.753814697266 284.244232177734 283.915222167969 284.177642822266 284.431243896484 284.597381591797 284.728729248047 284.407867431641 284.055633544922 284.127105712891 283.922424316406 283.217041015625 282.755950927734 282.808258056641 283.140228271484 282.871612548828 282.610260009766 282.406005859375 282.147857666016 281.802154541016 281.238494873047 281.513610839844 282.16552734375 281.927307128906 281.192260742188 278.434661865234 276.242919921875 281.306732177734 281.539794921875 281.111541748047 281.447357177734 281.104064941406 280.685211181641 280.494079589844 279.963714599609
285.915771484375 285.628692626953 285.719055175781 286.050384521484 285.828674316406 285.580841064453 285.533630371094 285.378082275391 285.399108886719 285.428314208984 285.500671386719 285.437866210938 285.237731933594 284.806091308594 284.580474853516 284.295532226562 284.015319824219 283.868713378906 283.726745605469 284.024200439453 284.1845703125 284.098266601562 284.195129394531 284.007232666016 283.471618652344 283.178771972656 283.039306640625 283.057708740234 282.916687011719 282.567779541016 282.324645996094 281.336608886719 280.386627197266 280.723907470703 281.267822265625 281.249298095703 281.757202148438 281.997528076172 281.46435546875 279.314697265625 276.270660400391 281.235900878906 281.366912841797 280.892730712891 281.074310302734 280.931030273438 280.66796875 280.455718994141 279.360992431641
285.450408935547 285.256500244141 285.163909912109 285.464294433594 285.658477783203 285.883361816406 285.588958740234 285.341918945312 285.387084960938 285.482513427734 285.503723144531 285.432800292969 285.209808349609 284.793304443359 284.722198486328 284.835205078125 284.129272460938 283.513732910156 282.045104980469 283.430725097656 283.481170654297 283.700286865234 283.944946289062 283.779144287109 283.373352050781 283.376281738281 283.0234375 283.068328857422 282.631042480469 281.984313964844 281.959197998047 281.208221435547 280.274688720703 280.583679199219 279.503051757812 278.076324462891 281.286682128906 281.741790771484 281.636962890625 280.964904785156 279.828521728516 277.440795898438 281.120544433594 280.739532470703 280.362213134766 280.31298828125 280.481658935547 280.533294677734 279.962860107422
285.393524169922 285.241149902344 284.872100830078 285.191131591797 285.484497070312 285.774658203125 285.490112304688 285.533447265625 285.4736328125 285.641540527344 285.430816650391 285.318725585938 285.172607421875 285.014556884766 285.119018554688 284.695159912109 284.111877441406 283.585021972656 282.6552734375 283.081695556641 283.127624511719 283.3134765625 283.311431884766 283.554840087891 283.556610107422 283.352966308594 283.125823974609 283.105834960938 282.696411132812 281.631652832031 281.758728027344 281.478729248047 281.083679199219 280.939636230469 279.516632080078 278.627807617188 280.823516845703 281.188201904297 281.508514404297 280.833740234375 280.419982910156 277.164093017578 279.415679931641 280.785308837891 280.335662841797 279.998504638672 279.953796386719 280.105285644531 280.2255859375
285.566558837891 285.333923339844 285.122619628906 285.354888916016 285.485382080078 285.455963134766 285.631805419922 285.553741455078 285.884857177734 285.727630615234 285.423919677734 285.43359375 285.315246582031 285.346313476562 285.084991455078 284.399963378906 284.279846191406 284.016052246094 283.834747314453 283.271545410156 283.030059814453 283.053253173828 282.689117431641 282.755065917969 283.033813476562 283.221588134766 283.236389160156 282.918518066406 282.362182617188 281.720703125 281.990753173828 281.678649902344 281.269226074219 281.132934570312 280.790924072266 280.380950927734 280.395416259766 280.956665039062 281.398590087891 280.740753173828 280.356048583984 279.581024169922 279.260864257812 280.518951416016 280.540710449219 280.175231933594 279.650207519531 279.605377197266 279.746948242188
285.421630859375 285.322998046875 285.154327392578 285.388824462891 285.815368652344 285.886810302734 285.914947509766 285.531982421875 285.461547851562 285.426696777344 285.385314941406 285.167144775391 284.919860839844 284.943603515625 284.8203125 284.470153808594 284.143341064453 284.006286621094 283.829162597656 283.567718505859 282.975860595703 282.618713378906 282.796234130859 282.560607910156 282.871002197266 283.056488037109 282.842376708984 282.588134765625 282.336883544922 281.961090087891 281.872406005859 281.763671875 281.65673828125 281.437774658203 281.311431884766 280.447113037109 280.255706787109 280.805877685547 281.109985351562 280.815704345703 280.639221191406 280.368835449219 279.118103027344 278.577087402344 280.176452636719 279.978393554688 279.643920898438 279.346313476562 279.477081298828
285.303680419922 285.412200927734 285.332458496094 285.492401123047 285.960571289062 285.891571044922 285.683044433594 285.339996337891 284.712951660156 284.750335693359 285.071044921875 285.072814941406 284.967254638672 285.012878417969 284.949584960938 284.57568359375 284.364501953125 284.27490234375 284.012847900391 283.881652832031 283.230590820312 282.775543212891 283.064514160156 282.904998779297 282.921875 282.535858154297 282.320037841797 282.3359375 282.414794921875 281.723693847656 281.659149169922 282.002380371094 282.025817871094 281.688812255859 281.404937744141 280.516845703125 279.794708251953 280.572479248047 280.854339599609 280.540954589844 279.986602783203 280.230895996094 279.103729248047 276.818817138672 276.928680419922 279.82421875 279.462097167969 279.221099853516 279.358612060547
285.340576171875 285.678070068359 285.991607666016 285.617156982422 285.386322021484 285.159454345703 284.874633789062 284.523681640625 283.813262939453 283.546844482422 284.176025390625 284.487854003906 284.6328125 284.610656738281 284.115447998047 283.809783935547 283.778686523438 283.705078125 283.492858886719 283.601531982422 283.596618652344 283.47265625 283.240844726562 282.796081542969 282.654541015625 282.332977294922 282.01171875 281.691925048828 281.783935546875 281.908843994141 281.603179931641 281.459716796875 281.637969970703 281.194976806641 281.003448486328 280.334167480469 279.435028076172 279.377471923828 280.278350830078 280.223541259766 279.408905029297 278.627746582031 278.954193115234 278.526916503906 278.496063232422 279.342529296875 279.156127929688 278.642700195312 278.374969482422
285.505401611328 285.789886474609 285.483520507812 285.254516601562 284.946350097656 284.571533203125 284.54931640625 284.009979248047 283.466857910156 282.867492675781 282.809539794922 283.599426269531 283.742431640625 283.858276367188 283.847961425781 283.591156005859 283.154418945312 283.018280029297 282.883514404297 282.768402099609 282.722351074219 282.984558105469 283.075653076172 282.973602294922 282.992248535156 282.673645019531 282.183319091797 281.704437255859 281.336547851562 281.230224609375 281.336181640625 281.341613769531 281.004791259766 281.094207763672 281.164825439453 280.692749023438 279.806091308594 279.411956787109 280.067810058594 280.087982177734 279.491424560547 278.499145507812 278.151458740234 277.318267822266 276.770477294922 276.767944335938 278.589477539062 277.908111572266 277.548675537109
285.818267822266 285.828369140625 285.198883056641 284.633911132812 284.700134277344 284.404418945312 284.167755126953 283.948059082031 283.587860107422 283.415466308594 283.249328613281 283.377471923828 283.299133300781 283.132141113281 283.305206298828 283.405731201172 283.121826171875 282.835021972656 282.515197753906 282.403137207031 282.169799804688 282.52880859375 282.705810546875 282.960174560547 283.011322021484 282.734985351562 282.522613525391 281.947875976562 281.465393066406 281.044921875 281.324279785156 281.096313476562 280.588592529297 280.37451171875 280.512359619141 280.385650634766 279.825408935547 279.339996337891 279.848602294922 279.928588867188 279.582733154297 279.071075439453 278.116027832031 277.239471435547 276.926544189453 276.986877441406 278.428192138672 277.263427734375 276.355621337891
285.504089355469 285.186950683594 285.015014648438 284.884887695312 284.619415283203 284.333526611328 284.172729492188 284.054016113281 283.69482421875 283.6728515625 283.77783203125 283.589202880859 283.494964599609 282.923889160156 282.691070556641 283.00244140625 283.185607910156 283.006011962891 282.778442382812 282.805450439453 282.290008544922 282.144195556641 282.140472412109 282.406921386719 282.634124755859 282.158630371094 282.339874267578 282.210052490234 281.455383300781 280.986450195312 281.041015625 280.764068603516 280.289978027344 279.885620117188 279.580749511719 279.518035888672 279.362213134766 278.901916503906 279.371765136719 279.653442382812 279.51220703125 279.071685791016 278.377471923828 277.838592529297 277.941833496094 278.341583251953 278.516479492188 277.258178710938 276.280944824219
284.338134765625 284.444671630859 284.87109375 285.148956298828 284.704711914062 284.235900878906 284.256408691406 284.144958496094 283.802001953125 283.689605712891 284.029724121094 283.605194091797 283.307678222656 282.831176757812 282.219787597656 282.522277832031 282.999908447266 282.980285644531 282.509307861328 282.674499511719 281.998840332031 281.745727539062 281.363708496094 281.685089111328 282.007904052734 281.729553222656 282.042358398438 282.091918945312 281.162780761719 279.265502929688 280.622100830078 280.540557861328 280.182037353516 279.884338378906 279.330322265625 279.167388916016 279.037139892578 278.723999023438 279.177398681641 279.525177001953 279.306030273438 278.710144042969 278.564514160156 278.401611328125 277.190704345703 276.468658447266 278.562103271484 277.429443359375 276.716369628906
283.811767578125 284.230590820312 284.501922607422 284.811676025391 284.814971923828 284.835296630859 284.723449707031 284.108825683594 284.025512695312 283.756530761719 283.649383544922 283.3505859375 283.068389892578 282.785369873047 282.109527587891 282.034149169922 282.371063232422 282.305450439453 281.835540771484 282.004516601562 281.801727294922 281.419921875 280.861114501953 281.219116210938 281.629516601562 281.433868408203 281.701812744141 281.543060302734 280.94384765625 279.438842773438 280.228149414062 280.271209716797 280.363403320312 279.81103515625 279.456390380859 279.299530029297 278.854248046875 278.588348388672 279.027465820312 279.542022705078 279.042663574219 278.006103515625 278.335205078125 278.849578857422 277.699127197266 276.760803222656 278.144714355469 277.196350097656 276.277862548828
283.685516357422 284.125518798828 284.298065185547 284.406158447266 284.437042236328 284.438873291016 284.313781738281 284.124420166016 284.05908203125 283.680877685547 283.390441894531 283.374816894531 283.036254882812 282.336517333984 281.732971191406 281.85205078125 282.06494140625 281.458190917969 281.056274414062 281.754943847656 281.714416503906 281.200103759766 280.593994140625 280.92431640625 281.387054443359 281.143096923828 281.342224121094 280.931060791016 280.816345214844 280.150756835938 279.850280761719 279.77880859375 280.191833496094 279.907287597656 279.423522949219 279.477600097656 279.048706054688 278.50341796875 278.635223388672 278.958068847656 278.793395996094 277.70361328125 277.732940673828 278.063354492188 278.126434326172 277.558166503906 277.195251464844 277.079895019531 275.445129394531
283.648376464844 283.776519775391 283.762237548828 283.836456298828 283.82177734375 283.598602294922 283.309173583984 284.101715087891 283.784484863281 283.580139160156 283.767028808594 283.549896240234 283.213409423828 282.553436279297 282.031494140625 281.885406494141 281.840911865234 281.147796630859 280.564056396484 281.501708984375 281.678100585938 281.186187744141 280.493072509766 280.732421875 280.976867675781 280.629943847656 280.852783203125 280.321319580078 280.457397460938 280.234588623047 279.294982910156 279.397674560547 279.658111572266 279.887634277344 279.816650390625 279.366394042969 278.653839111328 278.224395751953 278.545654296875 278.497375488281 278.504730224609 277.564453125 277.262390136719 277.002319335938 277.454345703125 277.567413330078 277.150573730469 277.012939453125 275.778839111328
283.731292724609 283.414459228516 283.245727539062 283.484558105469 283.667266845703 283.538818359375 282.991790771484 283.671539306641 283.639556884766 283.242340087891 283.331329345703 283.293823242188 283.240661621094 282.772338867188 282.258941650391 281.897888183594 281.663299560547 281.227844238281 280.716247558594 280.984375 281.275482177734 280.877990722656 280.354064941406 280.47509765625 280.470306396484 280.126220703125 280.268035888672 280.321685791016 280.787841796875 280.516326904297 278.984069824219 278.820404052734 279.042327880859 279.617919921875 279.780731201172 279.295471191406 278.481719970703 278.090759277344 278.605773925781 278.344940185547 278.220703125 276.854583740234 276.514678955078 275.927490234375 276.519592285156 277.227966308594 276.87744140625 276.294586181641 274.777008056641
