rcp8.5models/CNRM-CM5/sc1gr9.12
NCOLS 261 
NROWS 433 
XLLCORNER 336357.134 
YLLCORNER 654653.479 
CELLSIZE 1000 
NODATA_value -3.4e+38 
[rows 330 to 351 of 433, columns 49 to 97 of 261]
921.969299316406 929.559509277344 940.693542480469 953.894653320312 964.918701171875 976.181091308594 989.69189453125 1009.95373535156 1022.0693359375 1031.34436035156 1038.92614746094 1050.66198730469 1059.60754394531 1070.78686523438 1086.31188964844 1100.91174316406 1116.81018066406 1133.689453125 1181.05639648438 1189.91198730469 1199.06726074219 1221.40698242188 1234.47839355469 1241.87426757812 -3.4e+38 -3.4e+38 1269.19299316406 -3.4e+38 1281.69055175781 1290.15087890625 1260.49572753906 1230.4072265625 1218.90832519531 1215.34777832031 1248.87231445312 1296.84204101562 1308.29248046875 1309.87658691406 1299.30859375 1273.61340332031 1291.75158691406 1312.85266113281 1305.09460449219 1267.1591796875 1216.88525390625 1206.25744628906 1152.40783691406 1138.0146484375 1196.84924316406
924.813598632812 930.001159667969 942.853088378906 955.019409179688 967.934692382812 982.464599609375 993.80224609375 1017.02478027344 1026.25769042969 1037.60217285156 1052.93078613281 1070.51184082031 1070.61450195312 1073.51208496094 1089.78686523438 1103.14196777344 1116.95092773438 1126.72888183594 1161.9970703125 1179.30554199219 1201.31298828125 1215.3388671875 1231.76452636719 1252.71545410156 -3.4e+38 1269.56945800781 1269.94421386719 -3.4e+38 1285.388671875 1272.12145996094 1237.62438964844 1219.7978515625 1210.6630859375 1208.48779296875 1220.03112792969 1247.89636230469 1280.84802246094 1283.46252441406 1254.33093261719 1235.03625488281 1271.98645019531 1304.05395507812 1291.83068847656 1283.25732421875 1233.47521972656 1231.82458496094 1212.11486816406 1189.45910644531 1254.65344238281
931.957336425781 938.40869140625 946.109436035156 957.147766113281 972.557861328125 982.900329589844 991.059692382812 1020.82611083984 1033.97229003906 1045.75378417969 1062.21337890625 1078.72216796875 1078.33984375 1077.26013183594 1089.22875976562 1103.42163085938 1118.48791503906 1127.11938476562 1152.45971679688 1168.69445800781 1188.38159179688 1199.28186035156 1221.68505859375 1248.974609375 -3.4e+38 1268.27124023438 1268.78942871094 1277.49047851562 1287.32543945312 1263.775390625 1243.55981445312 1235.71997070312 1214.78967285156 1214.84838867188 1216.55615234375 1220.56713867188 1245.58325195312 1249.53112792969 1222.74328613281 1232.34912109375 1280.82312011719 1302.2490234375 1282.44543457031 1281.18969726562 1252.92504882812 1246.25561523438 1255.26123046875 1238.49206542969 1258.19958496094
936.197265625 945.63330078125 949.360900878906 962.728576660156 980.137939453125 987.258605957031 997.177795410156 1024.77783203125 1043.6171875 1053.69934082031 1067.19421386719 1079.26428222656 1079.02429199219 1083.81713867188 1097.06994628906 1109.18737792969 1124.71301269531 1137.02563476562 1161.29919433594 1172.57788085938 1181.81701660156 1199.84289550781 1230.89013671875 1252.72094726562 -3.4e+38 1265.58337402344 1268.099609375 1276.23132324219 1275.97875976562 1283.6220703125 1270.1650390625 1247.447265625 1224.43566894531 1222.6572265625 1220.09643554688 1215.4765625 1222.74743652344 1225.68798828125 1212.25256347656 1216.89025878906 1267.52783203125 1300.67309570312 1284.65551757812 1270.76770019531 1272.6923828125 1275.34252929688 1273.17663574219 1232.95495605469 1193.63720703125
936.907409667969 948.003601074219 953.629516601562 966.922729492188 980.603515625 990.052185058594 1006.95196533203 1034.46069335938 1052.47241210938 1063.50866699219 1071.05224609375 1075.01806640625 1076.61120605469 1091.50939941406 1107.236328125 1115.93676757812 1145.84265136719 1160.42810058594 1168.12878417969 1173.0791015625 1180.12683105469 1212.8330078125 1249.51330566406 1260.62658691406 1265.61083984375 1269.47277832031 1274.1884765625 1280.02844238281 1238.57775878906 1296.43518066406 1281.31457519531 1269.23376464844 1270.78173828125 1240.64794921875 1218.3173828125 1227.42492675781 1224.58190917969 1220.13488769531 1232.17175292969 1224.484375 1225.28002929688 1304.12512207031 1295.38842773438 1276.42578125 1268.47155761719 1272.42553710938 1273.57556152344 1194.74536132812 1102.23645019531
938.765441894531 950.320373535156 957.991638183594 968.524230957031 980.544311523438 994.142272949219 1012.31988525391 1041.39685058594 1056.48071289062 1065.97424316406 1071.31335449219 1078.45239257812 1088.37609863281 1101.48937988281 1110.32592773438 1119.8759765625 1146.99963378906 1163.75744628906 1167.12487792969 1171.79858398438 1184.63037109375 1221.56262207031 1255.4208984375 1265.3720703125 1269.43054199219 1276.94519042969 1283.197265625 1281.30798339844 1245.35437011719 1299.40270996094 1285.93737792969 1289.09973144531 1307.41967773438 1262.15209960938 1217.97448730469 1218.77868652344 1216.20703125 1216.04736328125 1244.76818847656 1235.68432617188 1198.46923828125 1291.35900878906 1280.85021972656 1258.95275878906 1258.52783203125 1257.9326171875 1262.05419921875 1166.00451660156 909.162475585938
942.610046386719 953.9267578125 960.839965820312 975.739013671875 991.610229492188 1005.66253662109 1021.43200683594 1049.52880859375 1058.26049804688 1070.54345703125 1085.65490722656 1091.39221191406 1101.10620117188 1116.07751464844 1125.79028320312 1130.29711914062 1139.68078613281 1155.91723632812 1168.31408691406 1176.75634765625 1194.43664550781 1215.93933105469 1247.52380371094 1270.52795410156 1277.67590332031 1282.20971679688 1286.93151855469 1253.50744628906 1256.69482421875 1287.52624511719 1297.82348632812 1289.01623535156 1298.97741699219 1278.6650390625 1226.99768066406 1202.5126953125 1197.22229003906 1201.08117675781 1202.40063476562 1212.56420898438 1207.42919921875 1203.58386230469 1210.79052734375 1183.70874023438 1168.18359375 1195.57104492188 1253.46960449219 1227.24963378906 1100.42553710938
943.954162597656 954.797485351562 964.818298339844 982.170532226562 999.870666503906 1016.07397460938 1028.71850585938 1046.26684570312 1057.30456542969 1074.10327148438 1088.15649414062 1096.80126953125 1109.22717285156 1121.62316894531 1130.36279296875 1133.36413574219 1142.44384765625 1152.388671875 1168.00500488281 1180.23608398438 1195.59350585938 1209.7578125 1243.73010253906 1271.8193359375 1280.39489746094 1282.33020019531 1287.53930664062 1272.49877929688 1249.42858886719 1278.67822265625 1297.97412109375 1288.80908203125 1298.01318359375 1275.20361328125 1221.15209960938 1206.02783203125 1202.55212402344 1197.4296875 1193.11437988281 1191.47436523438 1103.78649902344 1173.71423339844 1176.27233886719 1170.04089355469 1159.21276855469 1180.66540527344 1239.62915039062 1247.65991210938 1185.90966796875
944.6240234375 955.488342285156 971.176452636719 988.621826171875 1003.75543212891 1017.84301757812 1028.33642578125 1047.72705078125 1064.13012695312 1077.87768554688 1089.16735839844 1103.58459472656 1116.765625 1123.01147460938 1130.73413085938 1134.87915039062 1140.36608886719 1148.58239746094 1172.23278808594 1186.24548339844 1203.37390136719 1212.42590332031 1241.55187988281 1265.84289550781 1275.28662109375 1283.07995605469 1288.18493652344 1273.85632324219 1234.45556640625 1266.75915527344 1295.82165527344 1290.51440429688 1292.76489257812 1287.23547363281 1233.57629394531 1204.72631835938 1202.8056640625 1198.65148925781 1197.43298339844 1188.29772949219 1116.83898925781 1177.20886230469 1168.05004882812 1163.10534667969 1156.30358886719 1157.89453125 1195.30065917969 1223.37365722656 1219.931640625
949.373474121094 963.032958984375 978.020446777344 987.998657226562 999.029174804688 1013.79626464844 1028.79541015625 1055.8134765625 1068.39416503906 1077.53161621094 1089.37805175781 1107.57360839844 1119.9833984375 1122.09838867188 1131.46765136719 1141.13720703125 1142.447265625 1152.72595214844 1189.97900390625 1199.76647949219 1210.43395996094 1223.62854003906 1226.44262695312 1242.54333496094 1262.57116699219 1278.16650390625 1286.33630371094 1261.11779785156 1224.95739746094 1285.62438964844 1280.10925292969 1281.92309570312 1301.53869628906 1299.95239257812 1251.88525390625 1207.18542480469 1199.59399414062 1197.62414550781 1195.22338867188 1189.26342773438 1099.99694824219 1092.61669921875 1172.80041503906 1161.41223144531 1153.21215820312 1150.3291015625 1166.87866210938 1201.14978027344 1237.99047851562
953.524291992188 967.373596191406 979.036865234375 986.741027832031 1002.5205078125 1019.17895507812 1034.08837890625 1057.64233398438 1065.20922851562 1078.26037597656 1094.00830078125 1111.26904296875 1122.8056640625 1128.07873535156 1132.76342773438 1143.30773925781 1149.84118652344 1163.09643554688 1200.50939941406 1212.95458984375 1226.36157226562 1221.42260742188 1207.04272460938 1237.02404785156 1266.05737304688 1279.49865722656 1290.18115234375 1261.44995117188 1228.8662109375 1300.36926269531 1294.15795898438 1291.97045898438 1283.52709960938 1283.96691894531 1258.30090332031 1211.91125488281 1203.88647460938 1194.10925292969 1189.99975585938 1109.90930175781 1037.1845703125 1110.26538085938 1171.89929199219 1159.01232910156 1156.32189941406 1153.18078613281 1158.58361816406 1188.23681640625 1235.05712890625
959.989990234375 973.515991210938 980.343872070312 988.358825683594 1010.89166259766 1029.2998046875 1042.60437011719 1063.18823242188 1067.03344726562 1080.25122070312 1098.82043457031 1113.91882324219 1124.85559082031 1132.20886230469 1139.02087402344 1143.93408203125 1152.39172363281 1167.74145507812 1196.06420898438 1222.49255371094 1240.42431640625 1222.06433105469 1204.44775390625 1221.04296875 1246.62048339844 1276.97717285156 1294.61376953125 1282.07019042969 1244.79382324219 1268.42224121094 1292.4541015625 1297.20935058594 1255.67749023438 1240.35473632812 1260.77197265625 1229.92333984375 1110.76416015625 1016.26287841797 1102.95581054688 1142.02661132812 1144.37451171875 1176.24291992188 1168.64489746094 1159.32458496094 1151.38073730469 1146.51574707031 1143.92712402344 1178.48962402344 1237.10400390625
963.904296875 979.581298828125 988.800048828125 996.853454589844 1013.53570556641 1033.31628417969 1046.06481933594 1064.81433105469 1069.16662597656 1079.52087402344 1103.46630859375 1119.51013183594 1123.15112304688 1133.57800292969 1144.39367675781 1148.65185546875 1155.47595214844 1167.81787109375 1185.47839355469 1199.4541015625 1218.92114257812 1215.2001953125 1203.0693359375 1207.24206542969 1218.54772949219 1236.63745117188 1265.29870605469 1282.86352539062 1259.21179199219 1225.17028808594 1240.52856445312 1247.1728515625 1226.48840332031 1208.70959472656 1241.65747070312 1231.68029785156 1124.30480957031 1057.05712890625 1127.64978027344 1205.40466308594 1118.73352050781 1091.62475585938 1174.06994628906 1161.17590332031 1146.18579101562 1140.29858398438 1137.32836914062 1175.02734375 1238.3115234375
963.578125 977.34716796875 990.364074707031 1004.54302978516 1015.41479492188 1030.43188476562 1045.90161132812 1062.31274414062 1068.5029296875 1080.39990234375 1111.40173339844 1124.44934082031 1122.46166992188 1130.69372558594 1138.61633300781 1148.42407226562 1156.44592285156 1168.25610351562 1185.07678222656 1186.59399414062 1195.45739746094 1225.00939941406 1219.90539550781 1213.55590820312 1217.48291015625 1211.78674316406 1225.1435546875 1238.87744140625 1235.05395507812 1210.12145996094 1211.78869628906 1212.44201660156 1206.79089355469 1204.16687011719 1220.82824707031 1218.00512695312 1105.63464355469 1110.7353515625 1197.40356445312 1189.03491210938 1113.701171875 1122.77746582031 1098.92346191406 1079.3505859375 1149.41015625 1063.94409179688 974.3583984375 994.941467285156 1138.98315429688
961.308166503906 972.437622070312 988.423522949219 1005.53784179688 1017.88610839844 1029.42980957031 1040.07250976562 1061.1904296875 1069.10656738281 1084.06201171875 1107.40832519531 1120.88354492188 1127.22595214844 1135.92456054688 1144.14587402344 1150.91223144531 1160.72229003906 1174.67858886719 1189.36279296875 1191.42578125 1192.60290527344 1213.25170898438 1215.57043457031 1209.55786132812 1212.72705078125 1212.86450195312 1220.05944824219 1244.3046875 1263.79797363281 1234.05932617188 1237.67395019531 1254.61572265625 1242.46801757812 1254.71801757812 1239.39025878906 1212.46740722656 1132.98986816406 1128.732421875 1192.92846679688 1184.89697265625 1179.00842285156 1116.17810058594 1132.59167480469 1099.318359375 1145.365234375 1076.21643066406 923.707702636719 844.809875488281 1054.07885742188
961.686157226562 970.6357421875 989.172180175781 1006.36328125 1014.9033203125 1025.77014160156 1039.58422851562 1058.48388671875 1079.07348632812 1095.27453613281 1106.26477050781 1121.76672363281 1135.51635742188 1143.03100585938 1152.50854492188 1163.5205078125 1168.60717773438 1181.43432617188 1192.97412109375 1193.24462890625 1197.36145019531 1219.12341308594 1238.666015625 1220.54040527344 1212.24011230469 1235.85791015625 1239.71337890625 1262.56896972656 1300.91809082031 1270.779296875 1243.80981445312 1276.15478515625 1281.18444824219 1290.73388671875 1259.76391601562 1208.18115234375 1215.7138671875 1208.71557617188 1193.0478515625 1187.18334960938 1178.40771484375 1111.23229980469 1200.43762207031 1179.60046386719 1142.09948730469 1137.92712402344 993.195739746094 936.218017578125 1147.59985351562
962.549743652344 970.244445800781 988.131469726562 1005.46868896484 1011.02893066406 1020.18359375 1037.21667480469 1060.8857421875 1080.12670898438 1108.19177246094 1119.65502929688 1128.43676757812 1137.09460449219 1143.67553710938 1157.58898925781 1167.9072265625 1170.58081054688 1180.13793945312 1191.5966796875 1202.61950683594 1208.39624023438 1219.52880859375 1235.3134765625 1225.45153808594 1241.51745605469 1272.06909179688 1275.04772949219 1285.69494628906 1304.65747070312 1294.00537109375 1260.71130371094 1282.13757324219 1303.77758789062 1301.72131347656 1281.75708007812 1230.72827148438 1227.93725585938 1221.33776855469 1200.58386230469 1210.48999023438 1118.38818359375 1076.96704101562 1088.63098144531 1080.39953613281 1139.63562011719 1134.91052246094 993.123779296875 918.304565429688 1104.81811523438
960.922729492188 970.864318847656 986.693115234375 999.546630859375 1008.0693359375 1019.35003662109 1032.45324707031 1070.9990234375 1083.19970703125 1109.82958984375 1127.07250976562 1132.15600585938 1133.48205566406 1142.48510742188 1159.25061035156 1166.88244628906 1174.76538085938 1183.18664550781 1195.15771484375 1216.15881347656 1217.75134277344 1209.84533691406 1214.99853515625 1240.94982910156 1262.96496582031 1279.88122558594 1300.48901367188 1307.10424804688 1309.63781738281 1309.36633300781 1294.29895019531 1298.23803710938 1305.17932128906 1303.92822265625 1307.68896484375 1263.00073242188 1252.81604003906 1272.80346679688 1250.65124511719 1223.99169921875 1164.39929199219 1015.65057373047 1003.84167480469 1079.99792480469 1140.67077636719 1135.60864257812 997.224853515625 840.429931640625 904.177917480469
960.096557617188 970.775939941406 982.560241699219 995.4462890625 1008.95861816406 1020.47473144531 1032.40270996094 1067.97705078125 1082.08312988281 1111.69299316406 1136.76623535156 1137.54711914062 1140.61352539062 1150.63684082031 1161.30688476562 1175.91821289062 1186.48425292969 1196.06091308594 1214.40173339844 1218.9169921875 1223.35876464844 1223.12268066406 1219.39611816406 1239.79516601562 1250.70983886719 1267.42407226562 1301.0078125 1315.70153808594 1318.09216308594 1319.24938964844 1321.41040039062 1321.89318847656 1278.80126953125 1272.732421875 1307.52209472656 1308.81091308594 1272.74658203125 1274.7587890625 1307.4306640625 1268.28747558594 1228.857421875 998.305603027344 860.922973632812 846.980102539062 860.728820800781 971.662780761719 1095.25915527344 1054.552734375 980.264831542969
960.182189941406 971.029663085938 981.953125 994.560485839844 1010.03082275391 1025.45715332031 1039.57556152344 1073.26245117188 1087.07165527344 1116.81103515625 1151.86950683594 1144.91040039062 1139.52197265625 1154.09521484375 1163.68786621094 1175.84631347656 1190.68127441406 1202.28540039062 1220.73095703125 1212.3798828125 1215.46398925781 1223.75537109375 1221.025390625 1226.8994140625 1261.61682128906 1278.04699707031 1291.54699707031 1306.24499511719 1312.38708496094 1318.51062011719 1324.29870605469 1324.07421875 1283.1318359375 1277.66015625 1310.76696777344 1319.89038085938 1290.14562988281 1276.79370117188 1292.20275878906 1286.17224121094 1242.25512695312 1153.56274414062 1049.63977050781 933.706298828125 849.146423339844 1015.31115722656 1090.03759765625 977.24267578125 957.552978515625
961.739562988281 969.969299316406 981.19677734375 997.608276367188 1018.57189941406 1031.53540039062 1040.76196289062 1071.76611328125 1081.80065917969 1105.72961425781 1133.30859375 1134.42443847656 1139.97509765625 1155.13049316406 1165.37744140625 1178.45166015625 1195.0322265625 1207.08825683594 1233.6494140625 1220.64086914062 1210.62512207031 1215.9443359375 1216.56188964844 1222.56860351562 1250.16723632812 1281.08044433594 1291.09399414062 1300.59680175781 1314.52233886719 1320.41772460938 1324.14404296875 1319.16015625 1249.69470214844 1239.52587890625 1302.29235839844 1313.32873535156 1310.76452636719 1277.87268066406 1271.73559570312 1274.50817871094 1257.16809082031 1026.61975097656 1017.60809326172 1004.4228515625 930.792297363281 988.752624511719 1008.69665527344 860.298583984375 923.397338867188
968.792907714844 971.860290527344 979.4833984375 994.82861328125 1012.77471923828 1028.84802246094 1040.07189941406 1066.82189941406 1079.84375 1094.88977050781 1115.99987792969 1124.20703125 1139.95678710938 1156.85266113281 1166.38598632812 1177.88916015625 1191.25280761719 1203.09362792969 1239.65380859375 1231.18713378906 1213.01708984375 1216.92529296875 1221.01428222656 1222.41259765625 1227.25988769531 1271.7490234375 1276.85119628906 1288.37634277344 1320.84057617188 1320.09143066406 1322.94262695312 1320.52551269531 1277.3857421875 1255.80590820312 1295.07775878906 1303.74047851562 1185.32958984375 1182.58654785156 1278.85961914062 1270.21179199219 1271.47473144531 993.526184082031 964.815490722656 1104.56115722656 1002.79766845703 914.007507324219 918.678100585938 949.150146484375 1024.92626953125
