rcp8.5models/CNRM-CM5/sc1gr10.19
NCOLS 261 
NROWS 433 
XLLCORNER 336357.134 
YLLCORNER 654653.479 
CELLSIZE 1000 
NODATA_value -3.4e+38 
[rows 0 to 21 of 433, columns 49 to 97 of 261]
-3.4e+38 -3.4e+38 -3.4e+38 -3.4e+38 -3.4e+38 -3.4e+38 -3.4e+38 -3.4e+38 -3.4e+38 -3.4e+38 -3.4e+38 -3.4e+38 -3.4e+38 -3.4e+38 -3.4e+38 -3.4e+38 -3.4e+38 -3.4e+38 -3.4e+38 -3.4e+38 -3.4e+38 -3.4e+38 -3.4e+38 -3.4e+38 -3.4e+38 -3.4e+38 -3.4e+38 -3.4e+38 -3.4e+38 -3.4e+38 -3.4e+38 -3.4e+38 -3.4e+38 -3.4e+38 -3.4e+38 -3.4e+38 -3.4e+38 -3.4e+38 -3.4e+38 -3.4e+38 -3.4e+38 -3.4e+38 -3.4e+38 -3.4e+38 -3.4e+38 -3.4e+38 -3.4e+38 -3.4e+38 -3.4e+38
-3.4e+38 -3.4e+38 -3.4e+38 -3.4e+38 -3.4e+38 -3.4e+38 -3.4e+38 -3.4e+38 -3.4e+38 -3.4e+38 -3.4e+38 -3.4e+38 -3.4e+38 -3.4e+38 -3.4e+38 -3.4e+38 -3.4e+38 -3.4e+38 -3.4e+38 -3.4e+38 -3.4e+38 769.705078125 772.829711914062 776.530029296875 781.194030761719 785.530822753906 789.229919433594 793.798645019531 798.093078613281 804.926818847656 809.279113769531 812.960205078125 -3.4e+38 -3.4e+38 -3.4e+38 -3.4e+38 -3.4e+38 -3.4e+38 -3.4e+38 -3.4e+38 -3.4e+38 -3.4e+38 -3.4e+38 -3.4e+38 -3.4e+38 -3.4e+38 -3.4e+38 -3.4e+38 -3.4e+38
-3.4e+38 -3.4e+38 -3.4e+38 -3.4e+38 -3.4e+38 -3.4e+38 -3.4e+38 -3.4e+38 -3.4e+38 -3.4e+38 -3.4e+38 -3.4e+38 -3.4e+38 -3.4e+38 -3.4e+38 -3.4e+38 -3.4e+38 -3.4e+38 -3.4e+38 -3.4e+38 764.311096191406 768.49267578125 773.12158203125 776.970764160156 781.156127929688 785.838684082031 789.675109863281 794.378356933594 797.717407226562 805.410095214844 809.728759765625 813.748657226562 818.388549804688 -3.4e+38 -3.4e+38 -3.4e+38 -3.4e+38 -3.4e+38 -3.4e+38 -3.4e+38 -3.4e+38 -3.4e+38 -3.4e+38 -3.4e+38 -3.4e+38 -3.4e+38 -3.4e+38 -3.4e+38 -3.4e+38
-3.4e+38 -3.4e+38 -3.4e+38 696.161682128906 697.703857421875 701.136535644531 704.058044433594 710.442932128906 714.514709472656 717.609252929688 720.807922363281 -3.4e+38 -3.4e+38 732.527954101562 735.731018066406 739.658935546875 743.752380371094 748.062194824219 756.255981445312 760.079956054688 764.593811035156 768.878479003906 773.663696289062 777.56640625 781.58154296875 786.395324707031 790.283020019531 794.502746582031 797.82421875 805.61328125 810.239685058594 814.512145996094 818.3974609375 -3.4e+38 -3.4e+38 -3.4e+38 -3.4e+38 -3.4e+38 -3.4e+38 -3.4e+38 -3.4e+38 -3.4e+38 -3.4e+38 -3.4e+38 -3.4e+38 -3.4e+38 -3.4e+38 -3.4e+38 -3.4e+38
686.997680664062 689.51806640625 692.091552734375 695.236267089844 698.118469238281 701.556518554688 704.472717285156 710.432556152344 714.068054199219 718.358703613281 721.518188476562 725.151000976562 729.354553222656 732.307006835938 735.973754882812 740.084533691406 744.180236816406 748.027099609375 756.795471191406 760.497436523438 765.126708984375 769.467224121094 773.779541015625 778.021057128906 782.183044433594 786.516845703125 791.08984375 794.019287109375 798.140380859375 806.068664550781 810.820922851562 815.140380859375 819.166198730469 822.357421875 -3.4e+38 -3.4e+38 -3.4e+38 -3.4e+38 -3.4e+38 -3.4e+38 -3.4e+38 -3.4e+38 -3.4e+38 -3.4e+38 -3.4e+38 -3.4e+38 -3.4e+38 -3.4e+38 -3.4e+38
686.028564453125 689.511474609375 692.124633789062 695.215087890625 697.984619140625 701.432006835938 704.059631347656 710.841125488281 714.35498046875 718.52734375 721.487915039062 725.506408691406 729.764526367188 733.259643554688 736.247314453125 740.468811035156 744.434631347656 748.329345703125 757.213195800781 -3.4e+38 765.23828125 -3.4e+38 774.201477050781 778.086486816406 782.649353027344 786.942504882812 791.775817871094 794.278869628906 798.167907714844 807.025939941406 811.521179199219 815.768615722656 819.938110351562 822.8623046875 -3.4e+38 -3.4e+38 -3.4e+38 -3.4e+38 -3.4e+38 -3.4e+38 -3.4e+38 -3.4e+38 -3.4e+38 -3.4e+38 -3.4e+38 -3.4e+38 -3.4e+38 -3.4e+38 -3.4e+38
686.459167480469 689.691162109375 692.544860839844 695.605346679688 698.331970214844 701.7841796875 704.325561523438 711.597961425781 714.638671875 718.741455078125 721.833129882812 725.243835449219 729.253540039062 733.701538085938 737.644592285156 740.853149414062 744.263916015625 748.696044921875 757.2666015625 -3.4e+38 -3.4e+38 -3.4e+38 -3.4e+38 778.5078125 -3.4e+38 786.291015625 790.643188476562 794.511596679688 798.591735839844 807.780334472656 811.677062988281 816.293029785156 820.570922851562 823.490478515625 827.575561523438 -3.4e+38 -3.4e+38 -3.4e+38 -3.4e+38 -3.4e+38 -3.4e+38 -3.4e+38 -3.4e+38 -3.4e+38 -3.4e+38 -3.4e+38 -3.4e+38 -3.4e+38 -3.4e+38
688.064697265625 690.74853515625 693.902648925781 696.55859375 699.705932617188 702.004577636719 705.369384765625 712.197143554688 714.802429199219 718.353637695312 722.206115722656 725.619079589844 729.475219726562 733.70556640625 738.012756347656 740.947204589844 744.507873535156 748.743713378906 757.36572265625 -3.4e+38 -3.4e+38 -3.4e+38 -3.4e+38 -3.4e+38 -3.4e+38 786.297180175781 790.592163085938 794.9794921875 799.205261230469 -3.4e+38 812.101806640625 816.881469726562 821.203674316406 825.518371582031 828.308837890625 -3.4e+38 -3.4e+38 -3.4e+38 -3.4e+38 -3.4e+38 -3.4e+38 -3.4e+38 -3.4e+38 -3.4e+38 -3.4e+38 -3.4e+38 -3.4e+38 -3.4e+38 -3.4e+38
688.855407714844 691.410339355469 694.208435058594 696.535766601562 699.521789550781 702.09130859375 704.731323242188 711.663940429688 714.477233886719 718.445007324219 722.69921875 725.725341796875 729.085205078125 733.518127441406 737.843017578125 741.670837402344 745.198913574219 749.153991699219 -3.4e+38 761.836853027344 766.627868652344 770.977966308594 775.312133789062 779.56494140625 782.379577636719 -3.4e+38 791.197265625 795.922729492188 799.896545410156 -3.4e+38 -3.4e+38 817.580810546875 821.83642578125 826.733459472656 829.045288085938 833.750854492188 -3.4e+38 -3.4e+38 -3.4e+38 -3.4e+38 -3.4e+38 -3.4e+38 -3.4e+38 -3.4e+38 -3.4e+38 -3.4e+38 -3.4e+38 -3.4e+38 -3.4e+38
689.968322753906 691.490966796875 694.111267089844 696.738098144531 699.794311523438 702.0791015625 704.833251953125 711.696350097656 714.486389160156 718.055480957031 722.182739257812 725.523376464844 729.222534179688 733.425537109375 738.046447753906 742.328796386719 745.347106933594 749.247436523438 -3.4e+38 762.414489746094 766.73681640625 -3.4e+38 -3.4e+38 780.112365722656 783.973937988281 -3.4e+38 -3.4e+38 796.17138671875 800.425231933594 -3.4e+38 813.830932617188 818.237731933594 822.468994140625 827.370727539062 830.026977539062 833.781127929688 838.614624023438 -3.4e+38 -3.4e+38 -3.4e+38 -3.4e+38 -3.4e+38 -3.4e+38 -3.4e+38 -3.4e+38 -3.4e+38 -3.4e+38 -3.4e+38 -3.4e+38
690.593994140625 693.194763183594 695.116638183594 697.472717285156 699.526916503906 701.585266113281 704.764343261719 710.947448730469 714.889892578125 717.991577148438 721.835205078125 726.150085449219 729.376708984375 733.277893066406 737.808898925781 742.211181640625 746.862121582031 749.872924804688 -3.4e+38 763.374633789062 767.731018066406 772.073913574219 -3.4e+38 780.701232910156 785.418395996094 789.348266601562 793.091247558594 797.199829101562 801.9453125 810.739196777344 815.080688476562 -3.4e+38 -3.4e+38 827.128234863281 831.180358886719 835.372375488281 839.781616210938 844.00341796875 -3.4e+38 -3.4e+38 -3.4e+38 -3.4e+38 -3.4e+38 -3.4e+38 -3.4e+38 -3.4e+38 -3.4e+38 -3.4e+38 -3.4e+38
692.099182128906 693.706176757812 695.298522949219 696.851013183594 699.33984375 701.595642089844 704.15869140625 710.868774414062 714.974670410156 717.873718261719 721.931274414062 726.339538574219 730.661254882812 733.885192871094 737.812866210938 742.457824707031 746.907165527344 751.247985839844 759.00390625 763.477172851562 768.174011230469 -3.4e+38 -3.4e+38 -3.4e+38 785.971618652344 -3.4e+38 794.813293457031 798.04150390625 802.690612792969 811.360290527344 815.704772949219 820.612426757812 -3.4e+38 827.818237304688 831.815368652344 836.519165039062 840.859191894531 844.701232910156 -3.4e+38 -3.4e+38 -3.4e+38 -3.4e+38 -3.4e+38 -3.4e+38 -3.4e+38 -3.4e+38 -3.4e+38 -3.4e+38 -3.4e+38
693.140869140625 694.35107421875 695.315124511719 697.394348144531 699.2314453125 700.963012695312 704.111755371094 710.215759277344 714.283081054688 717.6123046875 721.540100097656 726.147094726562 730.569152832031 734.2607421875 738.213928222656 742.96240234375 747.311462402344 752.087646484375 759.524597167969 763.884216308594 -3.4e+38 -3.4e+38 -3.4e+38 781.708801269531 786.569580078125 -3.4e+38 -3.4e+38 798.5029296875 -3.4e+38 812.049621582031 816.328247070312 821.2412109375 -3.4e+38 -3.4e+38 -3.4e+38 837.375671386719 841.688720703125 845.729431152344 850.277221679688 -3.4e+38 -3.4e+38 -3.4e+38 -3.4e+38 -3.4e+38 -3.4e+38 -3.4e+38 -3.4e+38 -3.4e+38 -3.4e+38
693.502258300781 694.242431640625 695.206787109375 697.43505859375 698.682189941406 700.412719726562 703.609436035156 710.626098632812 714.501892089844 717.508728027344 721.635437011719 726.048461914062 730.671325683594 733.945190429688 738.184387207031 742.633056640625 -3.4e+38 752.08349609375 759.912780761719 -3.4e+38 -3.4e+38 773.193542480469 -3.4e+38 -3.4e+38 -3.4e+38 791.534606933594 796.020874023438 800.291442871094 805.185791015625 812.695556640625 816.950988769531 821.869445800781 -3.4e+38 -3.4e+38 -3.4e+38 -3.4e+38 842.256469726562 847.04345703125 851.015441894531 855.17236328125 -3.4e+38 -3.4e+38 -3.4e+38 -3.4e+38 -3.4e+38 -3.4e+38 -3.4e+38 -3.4e+38 -3.4e+38
693.946228027344 694.57421875 695.140502929688 695.964904785156 698.204406738281 699.972045898438 702.805908203125 709.958801269531 713.978393554688 718.236877441406 721.899353027344 726.27734375 730.703979492188 734.077453613281 738.082641601562 -3.4e+38 -3.4e+38 -3.4e+38 760.989685058594 -3.4e+38 769.212463378906 773.608337402344 777.860107421875 782.723693847656 787.277770996094 792.020385742188 797.023620605469 801.3935546875 805.244506835938 813.865661621094 817.637634277344 822.496948242188 826.842712402344 -3.4e+38 -3.4e+38 -3.4e+38 -3.4e+38 847.913452148438 852.057189941406 855.869689941406 859.311950683594 -3.4e+38 -3.4e+38 -3.4e+38 -3.4e+38 -3.4e+38 -3.4e+38 -3.4e+38 -3.4e+38
-3.4e+38 694.943542480469 695.521423339844 695.973327636719 697.778381347656 699.655883789062 702.897277832031 709.937561035156 714.192138671875 718.870483398438 722.052124023438 726.340942382812 730.989379882812 734.564208984375 -3.4e+38 -3.4e+38 747.754333496094 -3.4e+38 -3.4e+38 766.67578125 771.070434570312 775.800476074219 779.8095703125 783.564392089844 787.688232421875 792.576538085938 797.626708984375 802.000183105469 806.494140625 814.702819824219 818.633361816406 823.185302734375 827.47265625 832.411254882812 836.749877929688 -3.4e+38 -3.4e+38 -3.4e+38 852.8671875 857.421936035156 861.015991210938 -3.4e+38 -3.4e+38 -3.4e+38 -3.4e+38 -3.4e+38 -3.4e+38 -3.4e+38 -3.4e+38
-3.4e+38 -3.4e+38 -3.4e+38 -3.4e+38 -3.4e+38 699.988586425781 703.375793457031 710.322204589844 714.541931152344 718.94580078125 722.315490722656 726.285705566406 731.33447265625 -3.4e+38 -3.4e+38 744.771850585938 748.452270507812 752.948425292969 762.189208984375 767.6044921875 772.105346679688 776.967529296875 781.228088378906 784.6572265625 788.694458007812 793.25 798.228210449219 802.605346679688 807.5234375 816.39208984375 819.590637207031 824.187744140625 828.160339355469 833.045959472656 837.387756347656 840.750610351562 -3.4e+38 -3.4e+38 -3.4e+38 858.4697265625 862.596801757812 -3.4e+38 -3.4e+38 -3.4e+38 -3.4e+38 -3.4e+38 -3.4e+38 -3.4e+38 -3.4e+38
-3.4e+38 -3.4e+38 -3.4e+38 -3.4e+38 -3.4e+38 699.930725097656 703.257873535156 710.809631347656 714.560119628906 719.16552734375 722.331420898438 726.511962890625 -3.4e+38 -3.4e+38 -3.4e+38 745.957397460938 749.098754882812 -3.4e+38 763.033935546875 768.263427734375 772.678100585938 777.546936035156 780.899597167969 786.188598632812 790.725891113281 794.445495605469 799.242492675781 803.279541015625 808.13330078125 817.446899414062 820.285766601562 824.958740234375 829.167236328125 833.7353515625 838.025085449219 842.500122070312 846.759643554688 -3.4e+38 -3.4e+38 -3.4e+38 863.419921875 870.358337402344 -3.4e+38 -3.4e+38 -3.4e+38 -3.4e+38 -3.4e+38 -3.4e+38 -3.4e+38
-3.4e+38 -3.4e+38 -3.4e+38 -3.4e+38 -3.4e+38 701.048217773438 703.708312988281 711.146301269531 714.942138671875 719.638549804688 722.708923339844 726.990356445312 -3.4e+38 736.709228515625 -3.4e+38 746.140014648438 749.500549316406 754.055114746094 763.712341308594 768.861450195312 773.248352050781 778.1240234375 782.130432128906 787.319641113281 791.80322265625 795.255065917969 800.001525878906 804.252319335938 809.155578613281 818.065368652344 821.991394042969 825.765075683594 829.943969726562 834.748901367188 839.074279785156 843.673400878906 846.834289550781 -3.4e+38 -3.4e+38 -3.4e+38 -3.4e+38 871.454956054688 875.860717773438 880.280944824219 -3.4e+38 -3.4e+38 -3.4e+38 -3.4e+38 -3.4e+38
-3.4e+38 -3.4e+38 -3.4e+38 -3.4e+38 -3.4e+38 -3.4e+38 704.138488769531 711.603332519531 715.456115722656 720.158874511719 724.192443847656 727.845031738281 -3.4e+38 737.196411132812 742.159362792969 -3.4e+38 749.994201660156 754.604064941406 -3.4e+38 769.42529296875 773.81591796875 778.698425292969 783.093200683594 787.995971679688 792.392395019531 796.904907226562 800.817993164062 804.988098144531 809.927124023438 819.095764160156 823.120300292969 826.460144042969 830.570678710938 835.533630371094 839.887451171875 844.698364257812 848.15673828125 851.87646484375 -3.4e+38 -3.4e+38 -3.4e+38 -3.4e+38 876.535827636719 880.749572753906 885.908569335938 -3.4e+38 -3.4e+38 -3.4e+38 -3.4e+38
-3.4e+38 -3.4e+38 -3.4e+38 -3.4e+38 -3.4e+38 -3.4e+38 -3.4e+38 713.063598632812 716.313354492188 720.675476074219 725.01171875 728.782043457031 732.907043457031 -3.4e+38 742.69482421875 747.065307617188 751.540771484375 755.76123046875 764.949279785156 769.511169433594 774.261901855469 779.270202636719 783.668884277344 -3.4e+38 -3.4e+38 798.009033203125 801.494140625 805.586303710938 810.532104492188 819.880065917969 824.117370605469 827.13525390625 831.196166992188 836.165222167969 840.522827148438 845.497131347656 850.186401367188 853.82470703125 857.345581054688 861.734802246094 -3.4e+38 -3.4e+38 -3.4e+38 881.442138671875 886.377258300781 890.822326660156 -3.4e+38 -3.4e+38 -3.4e+38
-3.4e+38 -3.4e+38 -3.4e+38 -3.4e+38 -3.4e+38 -3.4e+38 -3.4e+38 -3.4e+38 -3.4e+38 -3.4e+38 -3.4e+38 -3.4e+38 734.912780761719 738.953247070312 -3.4e+38 -3.4e+38 753.5244140625 758.548522949219 766.318603515625 770.927185058594 775.459167480469 780.405029296875 -3.4e+38 790.151123046875 -3.4e+38 -3.4e+38 -3.4e+38 806.841979980469 811.735900878906 821.106140136719 825.993591308594 830.555541992188 833.764892578125 837.929931640625 842.922668457031 846.916259765625 851.857360839844 856.201904296875 861.023986816406 863.273498535156 868.045959472656 -3.4e+38 -3.4e+38 -3.4e+38 888.187255859375 892.756225585938 896.384643554688 -3.4e+38 -3.4e+38
