rcp8.5models/CNRM-CM5/sc1gr9.5
NCOLS 261 
NROWS 433 
XLLCORNER 336357.134 
YLLCORNER 654653.479 
CELLSIZE 1000 
NODATA_value -9999 
[rows 308 to 329 of 433, columns 200 to 249 of 261]
71.2176164144784 64.9924721998014 60.0225941577941 61.8334493068719 60.2786283969577 59.9288624562212 61.0001948529122 61.092496400518 63.4659552485085 67.1486360229151 70.9105863760551 70.8891617787884 70.6284610906033 70.7374176109061 64.4199115093844 63.335257273157 63.8001263256313 64.7592857093344 63.9304916480994 63.027565337893 62.8919195420088 64.8456650262911 67.7121366849782 66.8686269139419 64.1354575293263 64.3543857500028 64.603283432322 64.3229209210402 64.386042593799 64.4482327204661 64.0427428091049 63.4973077406491 63.5540838839815 63.6519915826613 63.2864674382701 62.7003677133921 62.549015237632 63.2194696258721 62.6564041915721 62.0159238841843 61.8520183075134 61.3855259988093 61.1065327646465 60.8339110065129 60.7085053058819 60.4807720587302 60.4082007682796 60.1621837690998 59.3239449097739 58.9856576566187
79.1352374052738 97.42076842977 65.2509711681735 60.2599081433495 59.454800294613 59.9406998616444 60.4544966943453 61.8504601502198 65.6450868343691 67.5515616636202 70.0028821495453 69.4481676513742 69.2193381412227 70.026045627233 65.4154924432543 62.5486228913335 62.6525459418209 63.4251924923774 62.5859795871294 62.3508117072519 63.2432705131951 65.0493023583015 65.6366580265553 66.3238458521895 65.4744904669767 63.603902230218 63.5931757103693 63.4284814528471 63.5505798339381 63.3513379990978 62.6095619723093 62.4814105644258 63.2568834991832 62.9706445965614 62.4711979634751 61.9094151807731 61.6029393670947 62.1804454835463 61.7760335537798 61.5695798589431 61.4988478646188 61.1453600632966 60.7124095486334 60.6452384471356 60.4449609861251 59.7191834985762 59.7451681273992 59.3261585000198 -9999 58.7546500992797
78.4172235544145 95.580769084652 69.2373324413679 61.8707492418934 60.4325427434827 59.2268478262995 60.6418847032375 64.064751038447 67.5700647471455 68.4885673145042 69.4745483878863 68.978166466837 68.0807067426016 68.1713657074625 65.7859269817874 62.3463218823682 61.6831630717966 61.8689579452068 61.6841397004703 61.8210807116937 63.1987067959641 64.1074266716623 63.8114847948779 64.8068291738041 66.7737136756136 64.8881867824189 62.3535458320333 62.3801747660896 62.5039017073432 62.3636762956904 61.8724712525524 61.7418004808633 62.3943666043032 62.1778113396427 61.7992312065379 61.5766693890062 60.7561526122327 61.3093871329369 60.9396282302974 60.7565208843836 60.7934625919359 60.5395891117815 60.3506593611091 60.2285496563211 60.0078308865815 59.4269433769136 59.4185178544445 58.8459688846439 58.7167326042933 58.6565525566372
68.6123841081796 66.4103642238232 66.3376867136111 62.4537033084262 59.728845117613 58.4470923575204 60.0530630785226 63.3443629828895 66.7915156260389 67.654672378009 68.0053594130441 68.2072939196055 67.5401484968069 67.1368227142486 63.0557376251784 61.6564241570116 61.4106795875649 61.3528555023076 61.0623660744211 61.5680686639285 62.3390361013266 62.5862032200328 62.6834400145174 63.3821561626963 66.4144930001115 65.4503189476426 61.5222493402054 61.4111005046166 -9999 -9999 61.1941742590253 60.9099310522622 61.1872216176691 61.4957563179239 60.9636994362478 60.8057753405593 60.3215728313858 60.5278972003348 60.2358063928646 60.2030364722871 60.0530961619049 59.8747797716061 59.9585051603635 59.7240583277545 59.6535946734169 59.6198973737238 59.4551157461624 58.9685749759157 58.2393579910614 58.0025521377524
79.4603523682381 101.632994174143 62.503028463771 59.5721841161662 57.86883863908 58.2644323479658 58.8039490560333 61.0381018504008 63.2559446674097 64.0020533099985 64.4545158539575 65.4869390784449 67.1156462843286 66.3888038437633 60.8504425830435 60.8714701411433 60.9488746815077 60.7731042292451 60.6070289782085 61.1294911756781 61.4310960716269 61.9205677566973 62.230392023463 62.1804684464754 64.7359012501403 64.6702522843621 61.3127058156928 61.150638680649 61.0453278293475 60.6297880947965 60.2417518924896 60.1714137495894 60.4298637602585 60.740395585597 60.412728287849 60.1501495227071 59.8750217899534 60.0368923688557 59.9678061654307 59.8582641885547 59.6453055994577 59.6175868491082 59.4697783803294 59.1041521981413 59.0265975136328 59.1048698498107 58.8226560856197 58.4811193161568 57.9236159670025 57.6671590759222
65.758274450728 62.8881839859837 59.0504155383077 56.9778307335087 57.5185975685845 58.9251207867949 58.672027485383 59.3351227640149 61.6039700774975 61.0614304986118 60.2631374682336 61.4690430250369 62.1167239870918 64.2597923431019 62.8585097556535 59.7467204236141 59.2822268548078 59.3446857726831 59.2916456477078 59.4313876030664 59.8529344375241 60.4940638628478 61.593720480908 60.2635842794677 60.5673917055749 61.3348941380106 60.5110624386842 60.4829747386148 59.9452457917811 59.7707751773242 59.131014809752 59.272815278291 59.3129203981802 59.5710270072819 59.3527553475934 59.0209036945889 58.7672000449622 58.6348704253679 58.5268472809821 58.3428925290472 58.3907902576564 58.208949393542 58.2909654302556 58.1025260389138 58.1824015893643 57.8981550258698 57.6383880422311 57.5619536389512 57.009606061424 56.8389775735029
66.3851525070916 64.5166661756526 57.6135124457831 56.8223088381865 57.8221249954916 58.997634394048 59.0963219488132 59.2878442497975 60.6050169204573 58.9241877622363 59.6190535101885 60.2413296491534 59.6005569987248 60.6471586797283 63.3874263615022 59.4192995065358 58.5840278158324 58.2398751328822 58.3631412202023 -9999 59.2008857937875 59.4451469187806 59.6409056526129 59.553163710143 59.2129457256574 59.4770391197879 59.162673336929 59.0669222109132 58.9823005130096 59.1266071768003 58.5637873371453 58.5136989208328 58.5330375569167 58.8957874286631 58.910733242692 58.6078387781509 58.701881688405 58.3416976947428 58.092174168245 57.8991190325705 57.7844243251957 57.5523743924173 57.4791973635976 57.4431511953812 57.3644741825955 57.2607735402407 56.9319436556418 57.0070508843245 56.5089339675713 56.5054945943498
65.7255361590545 64.1381698703357 57.1893558325246 57.4075673578501 58.0858034648694 58.3828847731583 58.335860588689 58.087598531293 58.5624625203794 58.2187209809066 58.8152686381885 58.9294991559193 58.787232846787 59.2178532983623 60.4800283394719 58.4734550447006 57.7915707188602 -9999 -9999 -9999 58.4637921999893 58.7463580653008 59.0665069395008 58.9136673843182 58.3851760716884 58.4998588119136 58.3893335437072 58.3595534388243 58.2181482810135 58.308407946558 58.3059163262757 58.2207164496983 58.1171017750984 58.314882257714 57.9356171468122 57.9672978660413 58.0963949623054 57.7870489719035 57.7307490301884 57.4937854384551 57.2294960470045 56.9616435357654 56.8097653197913 57.0430505860189 56.8493328267967 56.9273937290078 56.6802957784597 56.5182166761415 55.8420637060364 55.6921160841795
63.717783432876 62.9789009653683 57.3107472279476 57.3715863966607 57.7808647771542 57.8215622035699 57.6460125900495 57.2114865799893 57.2997422088344 57.3831030981674 57.7248077077133 57.6175581800418 57.6877871451974 58.1297564891638 57.8990003276935 57.4814863301098 57.1899960536766 -9999 -9999 -9999 57.6635689650135 57.9865976897256 58.4104273729517 58.2080361494554 57.9300665151159 57.7813163148164 57.434024734494 57.6845082528516 57.5190517839156 57.5195809948236 57.4724146343332 57.442997245321 57.5758761184538 57.4739491658877 57.2704053117435 57.450587164764 57.5721928698756 57.2562636369462 57.297411151965 57.0846056471861 57.0190227621353 56.7526847223887 56.5157327847564 56.3819457415475 56.138506293009 56.0547373155087 56.0242367450033 55.9264325235045 55.5125078776251 55.251954421466
62.2175585221791 62.8278815332993 58.0111745585472 56.6448332044518 57.4800866744152 58.141552213827 59.0429565685602 57.918347091986 56.9712759906193 56.4903755643348 56.7358525828223 56.8322230237994 56.9769082039358 57.4838210108583 57.4034137033612 57.3248943726841 56.9834128195602 56.6638187990692 -9999 56.6658307635121 56.9274212269648 57.4246883568526 57.8792861285893 57.7386236496891 57.62859909808 57.2951149274789 56.7168989860478 56.991256387905 57.0336058878648 57.1013371327217 56.9272377722133 56.9999584453261 57.1659913655328 56.7833805572916 56.8135982317408 57.1850490843092 57.4683605067568 56.605754232657 56.4615745093855 56.235350555373 56.2021165468337 56.2844831034631 56.0388067331517 55.8746340995355 55.5983259508084 55.3986747568068 55.5077568267006 55.419837188862 55.2082680477762 54.7816184388297
60.3831530880438 59.8434128839846 57.1495644516963 56.4402661075148 57.6335399107622 58.3217808225491 60.3774692974354 59.2731334642817 58.2402915334131 56.48379546758 56.1188747427474 55.9969413054865 56.2194989197051 56.86061522 56.6935505938904 56.7425564443785 56.5597122639295 56.3101048305485 56.4843649471841 56.300417167498 56.1247124441484 56.7102343514424 57.4895354779468 57.0409417687101 56.8732518757503 56.7362730225019 57.0112482300365 57.6621013981578 56.9454395549879 56.7642478149408 56.3236252664463 56.4693528438739 56.5298911699846 56.1464623263497 56.0194830438356 56.2993450440936 56.3951197955323 56.2043636045079 55.947705856205 55.7338576657414 55.7295894626117 55.7274840614007 55.5378762585246 55.6170571123816 55.3869692657614 55.2726779350675 54.8399796481958 54.7894347091623 54.5956407375934 54.4203867955125
59.3388697609797 56.3275218115405 55.1974451408545 55.9569495188791 57.3902107732795 57.6195535386071 58.823811419742 59.5475236043211 58.5267003151785 56.3296814088792 55.4117425298171 55.3260654057071 55.1572083237398 55.8861980857738 55.8058679572533 55.702607570784 55.8325321195045 55.6926562225588 55.8320420246687 55.6250762189675 55.3836249919839 55.9252140046517 56.5224566232652 56.298942617215 56.3759627476012 56.5031556257838 58.1479128142164 57.5977370152147 56.6134525687979 56.1826259760705 55.8008070423565 55.907716854968 55.860308133007 55.8155854925524 55.7535471596305 55.5176109341042 55.5429647902843 55.9456269904698 55.7251093082961 55.696806729801 55.7063910664007 55.1167410522352 54.8800100395816 54.8013908857511 54.7605829150109 54.622563036465 54.3251707835918 54.2318381508701 54.0459451546702 53.9480569279888
57.0311800060305 69.9505768462219 96.4345053869741 55.4776665699185 56.9287499891471 56.4735747345052 56.775848936453 58.2976658253333 57.6273281211233 55.9527936415358 54.9461166647575 54.596954541455 54.5806360691845 55.0993106402323 55.1868779176012 54.8698432716064 54.8689220872586 54.8366013933983 55.338870167814 55.2042914569478 54.7502859734444 55.124062152356 55.2954525120536 55.3190367595419 55.6201928733594 56.0521376667972 57.1773036397083 56.4105048845646 56.023349145269 55.7210034100585 55.7258704460455 55.8289501358975 55.6291067603938 55.4701917717688 55.0732156456988 54.9088585185956 55.0342657599944 55.0994541834721 54.9143052587985 54.9975123114345 54.8719379378572 54.5581194209568 54.3223826690045 54.2812778970304 54.3588697424613 54.1577320872087 54.2334724158266 54.0259215565973 53.3930702738413 53.1731914585245
54.30562395888 67.5825106590261 92.1006940028706 55.2111462465522 56.2256730644955 55.9119742676735 55.6728299423062 56.4818206536105 57.2779255544473 56.5054340688143 55.8980425089593 54.1722551975348 53.9219803524791 54.2144039675791 54.5607595608296 54.3282620285081 54.4047235196743 54.0318245741692 54.506761860337 54.4546168968808 54.269025761148 54.3365254158198 54.5224667183648 54.6016912037876 54.888360175666 55.2690308453237 55.7129282490097 55.5767876993425 55.1996093036845 55.4082700865267 55.0442575807426 55.0001140481741 54.9577986950366 54.8931846549873 54.6279693781967 54.5823654993258 54.6276032851013 54.346525980989 54.3174403833628 54.2516476532046 54.2635207740213 54.3454055026375 54.1470253133953 54.1516365767327 53.6944045965054 53.4906005489257 53.5641529757525 53.3538376502184 53.0897797792439 52.860801517942
53.6477626402429 53.2521613849064 53.2460436142683 55.5659032467929 58.0146471690567 55.2301017214701 54.6232293366469 54.9073925491986 55.8227962888681 55.9308517429988 55.9250699052827 53.6988390004513 53.3129656246359 53.3726476163023 53.8176894963868 53.7084134679976 54.2467576735874 53.555878707113 53.7209271067817 53.699118714806 54.0092869454889 54.0146150793411 53.8850921341506 53.9829576957562 54.3187173497949 54.3191351047764 54.8700629343276 54.8136467492104 54.60491284909 54.7112600373337 54.2976869232996 54.2819137463833 54.2387792386079 54.3766735262808 54.4712809095896 54.1910249956295 53.791814853001 53.5484871860709 53.6763122498485 53.643736558029 53.6414613621504 53.8736352955858 53.6375074036311 53.5048859751533 53.1840019999667 52.9811852002423 53.0562413228096 52.8039401569435 52.8564169824761 52.7297476611357
53.3626434976253 52.5282890973063 53.616876678884 59.2397201566345 61.7764388405712 57.160993139347 53.9930534955025 53.7551990204895 53.9244834475156 54.1917893422511 54.0070082496746 53.1259501440269 53.0955208046482 52.7777533396101 53.248217747383 53.159299883289 53.7815680482979 53.4073761354529 53.4006190032201 53.6982475171228 53.6200395023752 53.5679153906531 53.3178346704537 53.4006961544419 53.7164610585102 53.7834088694468 53.9708892556642 54.1601190969608 54.2764550291886 54.1266187963061 53.6475292476259 53.612488764483 53.6373113978095 53.7367908175199 53.6457048728771 53.4245522615252 53.3039670392915 53.2202283751398 53.1915104371685 53.2753125642049 53.1162169181875 53.3126283882417 53.0442464677225 52.8811739725389 53.1137038087 52.7977531357288 52.3712859015699 52.3348333311507 52.2203373373238 52.2415933162366
97.7461203759489 52.7117508871282 55.7717141856071 63.2920240082796 64.7511193643067 60.5344214063643 55.4113303190076 52.8225502149709 52.8585179161624 53.0034022821623 52.6430242613733 52.3578048429945 52.4037416286365 52.5019591691274 52.9975811230797 52.7289308156586 53.3815356763293 53.0077507394287 53.0235524304362 53.3088696279701 53.3608075769589 53.2046834159908 53.070926995312 53.0180533084599 52.9402208986736 53.1125407468071 53.2871358171666 53.3537768529482 53.6677024037427 53.5063579254229 53.0816865732448 53.0346649184661 53.0320270965966 53.1722233096897 53.1196847895718 52.9858340471325 53.1910180769272 53.1425262781221 53.0708410802702 53.0052741819322 52.9002024136378 52.5013895758276 52.4728076998076 52.4573287473488 52.4484962023087 52.1605577247987 51.865501090976 51.805414535524 51.6602975102232 51.7313153630088
51.1445312215225 51.1820592352047 54.3199127252553 61.2022496212972 64.8656897161908 65.5576273508583 64.258795338306 55.9246233167398 51.7715264302117 51.6288787841223 51.6829229941207 52.0459837468394 52.3092535343628 53.002313773782 51.7221400826451 52.4178875446653 52.9790477034888 52.4558155901457 52.2001884088589 52.1207292229646 52.1215075625132 52.0423001182247 52.0488936965723 52.0620473490178 52.0877777297773 52.0813970467079 51.8651260953779 51.9192566160847 52.2095802355563 52.2071301226501 52.1766840843552 52.1316731102976 51.907644514883 51.7350935517565 51.7498809414517 51.8443620608386 51.8205628438529 51.7777574234231 51.862999851817 51.6311383970923 51.5601847734381 51.7146935651918 51.8262772694629 51.7478988825393 51.7168950445228 51.6374755402765 51.3265964418646 -9999 50.6676838729676 50.7390767373103
66.0519960477305 111.463654608753 98.6490192804502 58.2476769109377 60.3640491138434 63.4647709597645 64.8439833254198 56.3060361695801 51.8533052402652 51.3968424884485 51.8009813268136 53.871250962557 52.5781343091446 54.1178185022883 51.6266092335518 52.1018536021854 52.4136612224815 51.7780461261522 51.4978872680044 51.6972675846016 51.7926374629103 51.9686970762281 51.8433477696282 51.5109518640782 51.7727341229379 51.6321001784426 51.2899971413455 51.1958293817008 51.4978787367628 51.6383574587935 51.6404149897794 51.7415176170921 51.5586768523625 51.5440569375301 51.5256940180523 51.6206378925505 51.525287722406 51.26568182797 51.2009560613285 51.1765842918167 51.1412915898076 51.0995985410104 51.1786433375386 50.9805232437351 51.1289489487032 51.1782361187504 50.8050491845039 50.7584500168836 50.407148158782 50.5091274069824
64.4791370705857 106.280975929621 93.1920746625073 56.3060859399251 58.8142750537409 62.8200816664577 64.6070329792152 56.9743537889634 51.8562599475229 51.3651643285727 53.8012711958619 54.5936059315676 51.7513700302801 52.7707073492484 51.318208071522 51.9947461399463 53.1587018927034 51.4506518187937 51.0983100054506 50.9053642517223 51.1344931961811 51.2768946210225 51.0490937405119 50.7522378435444 51.0361298545612 51.0908616028858 51.1958044666443 51.0740262337906 51.219201303877 51.1059514967878 50.7821487727464 50.9575498913138 51.0863407278174 51.0433743561608 51.0668980031925 51.1585308560785 50.9584050973778 50.8992212618498 50.679028419413 50.6442469168738 50.7584303252685 50.7202104992589 50.8005658873144 50.6034162920795 50.7522973014719 50.8301514336006 50.6231841801121 50.7389274487864 50.3423986566806 49.8748543283742
49.9970509796154 65.4310244410735 96.5610171128553 56.5308994402048 58.7043686993247 61.7939079486946 63.1046606785678 55.8124575740204 51.0321160731953 51.083067292713 53.5280185026307 52.2126279467206 50.6469750421045 50.936299236572 51.0670971044097 51.5480353980586 52.8075140788116 51.7010665117996 50.4918719535657 50.3280812906123 50.5121370810999 50.5371464888788 50.5354503476232 50.3708223733387 50.2515895449553 50.2795451158533 50.5658321624306 50.5705588265673 50.5489390211852 50.4938489266867 50.2439190623425 50.2714758502184 50.4841940346275 50.3303685410689 50.4994247752399 50.6246438426998 50.6047085867371 50.8567052126261 50.606247580441 50.424313993678 50.5321735591865 50.4587467481443 50.4713249534343 49.9704719757672 50.2322822343153 50.1471489022078 50.1010155301316 50.0390612307907 50.0259352488227 49.5219483489367
49.5234447167632 80.0320092823012 140.275538951581 54.6606493464171 56.7081198034278 58.3324250008932 59.0080652194429 54.0092283158496 50.5006432543311 50.5829538042018 51.1652903786453 50.2924739893414 50.1009258601369 50.4374358163658 50.8227330790804 50.5728273026592 50.9523420643306 50.880236914164 50.0061862075738 49.982943743115 49.8901965819636 49.9449731203746 50.0803019827182 49.8833567827622 49.6489439594696 49.7095824383689 49.8539986249578 50.0423299997234 50.1829040437306 50.193316286883 50.339637644032 50.3320737756659 50.2956914236439 50.3236418455251 50.4531513992929 50.4321277159314 50.5264806059563 50.1959829658817 50.133657908975 49.9505633242486 50.0330161105468 49.8422008869867 49.8709578696812 49.4436178618071 49.6380298810662 49.4325419158527 49.5082066842714 49.2957569944605 49.5099633143548 49.2880666771036
