rcp8.5models/CNRM-CM5/sc1gr6.13
NCOLS 261 
NROWS 433 
XLLCORNER 336357.134 
YLLCORNER 654653.479 
CELLSIZE 1000 
NODATA_value -3.4e+38 
[rows 154 to 175 of 433, columns 147 to 195 of 261]
1538.33020019531 1539.08911132812 1541.55114746094 1542.58947753906 1543.76416015625 1544.86706542969 1547.63903808594 1549.58605957031 1547.34533691406 1543.4658203125 1543.96325683594 1543.60571289062 1538.00756835938 1543.05981445312 1555.90673828125 1546.0400390625 1533.59265136719 1538.03088378906 1547.56555175781 1534.7734375 -3.4e+38 1554.87316894531 1548.40112304688 1551.12927246094 1552.7314453125 1553.48913574219 1552.84045410156 1553.40625 1554.91198730469 1555.10498046875 1557.5185546875 1558.93640136719 1558.78369140625 1556.21179199219 1552.74975585938 1551.01501464844 1550.3974609375 1548.294921875 1547.49365234375 1548.587890625 -3.4e+38 1545.25720214844 1544.74108886719 1543.396484375 1541.5146484375 1539.10144042969 1538.09899902344 1537.36157226562 1535.92712402344
1533.74963378906 1534.51672363281 1537.26013183594 1537.50854492188 1538.40319824219 1541.18347167969 1542.57580566406 1544.28173828125 -3.4e+38 1541.57263183594 1543.103515625 1537.09448242188 1527.42138671875 1532.46838378906 1543.77136230469 1528.52160644531 1524.76879882812 1528.59228515625 -3.4e+38 1535.20422363281 1547.94323730469 1545.4755859375 1542.45104980469 1544.47827148438 1545.99462890625 1547.16723632812 1547.60290527344 1549.56335449219 1551.1767578125 1552.48706054688 1556.06262207031 1556.39855957031 1555.33447265625 1552.4384765625 1549.82507324219 1547.98181152344 1547.83544921875 1547.49304199219 1547.12084960938 1546.69836425781 1545.40173339844 1543.19909667969 1542.41955566406 1541.87255859375 1540.26782226562 1538.39208984375 1537.34899902344 1537.52221679688 1537.70959472656
1529.73205566406 1530.47290039062 1533.40942382812 1534.10583496094 1535.40673828125 1537.38317871094 1540.53442382812 1539.14379882812 1538.31518554688 1540.18041992188 1541.35876464844 1530.46533203125 1522.73815917969 1525.08178710938 1531.36853027344 1521.09655761719 1520.00622558594 1525.25256347656 1525.63757324219 -3.4e+38 1551.78686523438 1532.39807128906 1538.31872558594 1539.37329101562 1540.34484863281 1542.67297363281 1543.71398925781 1545.8466796875 1546.7216796875 1548.55712890625 1552.06262207031 1552.48510742188 1553.08654785156 1548.56982421875 1545.17590332031 1545.74182128906 -3.4e+38 1546.58435058594 1545.470703125 1543.68481445312 1543.18041992188 1542.70251464844 1541.47131347656 1540.24658203125 1538.75903320312 1536.82739257812 1536.52478027344 1536.18041992188 1536.61608886719
1525.06091308594 1525.6005859375 1530.36315917969 1533.89428710938 1535.77209472656 1534.09655761719 1536.10607910156 1534.82263183594 1536.23486328125 1538.87268066406 1540.84558105469 1524.33764648438 1517.7060546875 1517.33642578125 1519.24658203125 1516.89453125 1519.75830078125 1520.271484375 1522.08093261719 1530.61560058594 1538.77258300781 1527.7294921875 1532.35546875 1534.07043457031 1535.53894042969 1537.40893554688 1538.78881835938 1541.24011230469 1543.78601074219 1547.39782714844 1549.314453125 1548.02893066406 1548.42590332031 1544.23303222656 1541.87268066406 1544.001953125 -3.4e+38 1543.71789550781 1542.89428710938 1542.72338867188 1541.9990234375 1541.47155761719 1539.72375488281 1537.62170410156 1534.97729492188 1533.93603515625 1534.59497070312 1533.08471679688 1532.86657714844
1519.82934570312 1521.06567382812 1525.84887695312 1531.59167480469 1534.70690917969 1532.67419433594 1531.76806640625 1531.76477050781 1534.91906738281 1540.19421386719 1543.74963378906 1523.61022949219 1514.95568847656 1510.46752929688 1511.65368652344 1513.53527832031 1516.54455566406 1514.27819824219 1528.33813476562 1542.29357910156 1522.38256835938 1522.98803710938 1527.03210449219 1529.63317871094 1531.41772460938 1533.00012207031 1535.34680175781 1537.87524414062 1540.42932128906 1544.740234375 1546.3515625 1546.0498046875 1544.02661132812 1539.47436523438 1539.79626464844 1540.94860839844 1541.24938964844 1541.30249023438 1540.51538085938 1540.15270996094 1539.33544921875 1539.04223632812 1537.97412109375 1536.43249511719 1534.46142578125 1533.43615722656 1533.07385253906 1531.06457519531 1529.84521484375
1515.61877441406 1517.62109375 1521.98388671875 1526.36901855469 1528.57373046875 1530.07836914062 1530.30676269531 1530.61596679688 1531.50500488281 1538.37646484375 1542.57629394531 1521.78479003906 1512.57824707031 1507.09460449219 1507.71252441406 1509.59130859375 1511.13110351562 -3.4e+38 1524.24560546875 1533.19665527344 1517.66076660156 1518.884765625 1523.32299804688 1525.88391113281 1528.46057128906 1530.80078125 1533.93151855469 1536.83813476562 1537.73046875 1539.37731933594 1539.75317382812 1540.71179199219 1539.31616210938 1539.50671386719 1539.16259765625 1539.37524414062 1540.17004394531 1540.47619628906 1539.671875 1537.76696777344 1537.53295898438 1537.25891113281 1535.64599609375 1534.64099121094 1533.16101074219 1532.23962402344 1532.84045410156 1531.81372070312 1530.08996582031
1513.41137695312 1514.59875488281 1517.69812011719 1521.05786132812 1521.91027832031 1525.65869140625 1531.5322265625 1531.2890625 1532.02209472656 1537.63623046875 1533.71215820312 1521.16259765625 1510.54223632812 1506.74670410156 -3.4e+38 -3.4e+38 1508.07983398438 -3.4e+38 1511.41027832031 1511.65222167969 1514.56665039062 1515.47009277344 1519.33227539062 1521.41223144531 1524.69470214844 1527.55725097656 1531.76977539062 1534.96948242188 1537.02770996094 1536.57641601562 1536.97229003906 1537.01672363281 1536.40649414062 1538.60583496094 1538.63012695312 1538.52404785156 1538.20434570312 1538.02197265625 1538.76611328125 1537.25927734375 1537.05603027344 1535.45678710938 1533.13793945312 1532.46740722656 1531.82983398438 1530.73608398438 1531.29797363281 1529.76354980469 1529.20861816406
1509.41052246094 1506.95947265625 1511.33312988281 1512.15356445312 1510.90319824219 1513.93920898438 1517.14318847656 1525.86645507812 1531.34729003906 1530.18994140625 1519.0341796875 1502.71447753906 1500.671875 1500.02770996094 -3.4e+38 -3.4e+38 1503.26281738281 1504.76904296875 1505.39379882812 1506.07153320312 1507.74353027344 1509.9443359375 1513.69067382812 1517.49450683594 1520.4091796875 1523.61865234375 1525.32470703125 1528.20593261719 1530.09130859375 1530.93786621094 1529.88269042969 1531.26904296875 1533.30114746094 1532.65979003906 1532.345703125 1532.67224121094 1533.81359863281 1532.8232421875 1533.47717285156 1533.59143066406 1531.75805664062 1532.13952636719 1531.8525390625 1531.82116699219 1532.6787109375 1530.07299804688 1529.99157714844 1529.77722167969 1528.86083984375
1507.22961425781 1504.31005859375 1507.48547363281 1504.62805175781 1503.5751953125 1504.40576171875 1510.83935546875 1517.17834472656 1517.11877441406 1516.05798339844 1513.17260742188 1498.8837890625 1497.36791992188 -3.4e+38 -3.4e+38 -3.4e+38 1501.36535644531 1502.88940429688 1501.92260742188 1503.13537597656 1505.6220703125 1507.75036621094 1511.5380859375 1514.93664550781 1518.46496582031 1521.12719726562 -3.4e+38 1524.99243164062 1526.22119140625 1527.98791503906 1527.34106445312 1529.67626953125 1531.48168945312 1529.01354980469 1530.02502441406 1531.7373046875 1532.30017089844 1530.99450683594 1532.31042480469 1531.94689941406 1529.22106933594 1529.7109375 1530.52722167969 1529.76806640625 1530.53747558594 1529.53234863281 1529.900390625 1528.18798828125 1526.91613769531
1503.90026855469 1502.24182128906 1503.25402832031 1500.72045898438 1500.18310546875 1499.25463867188 1501.24816894531 1504.24169921875 1502.42749023438 1501.14111328125 1502.24279785156 1495.21374511719 1493.45068359375 -3.4e+38 -3.4e+38 -3.4e+38 1496.47058105469 1498.69604492188 1501.01135253906 1501.63256835938 1503.8984375 1505.35144042969 1509.55249023438 1512.564453125 1517.12915039062 1518.98266601562 1521.72253417969 1522.90783691406 1524.37707519531 1524.99279785156 1526.59814453125 1528.81457519531 1529.60571289062 1525.96826171875 1528.08386230469 1529.9677734375 1530.52490234375 1530.80676269531 1531.46948242188 1531.17651367188 1530.04577636719 1529.60327148438 1529.7001953125 1529.10168457031 1529.67004394531 1529.06384277344 1528.77160644531 1527.15588378906 1526.69616699219
1502.93273925781 1500.20935058594 1500.42956542969 1496.06579589844 1497.68273925781 1497.36206054688 1496.18041992188 1494.88623046875 1493.62438964844 1494.59362792969 1492.9384765625 1490.70825195312 1491.26184082031 -3.4e+38 -3.4e+38 1493.47741699219 1493.65454101562 1494.75988769531 1497.99060058594 1500.93054199219 1501.60400390625 1503.14770507812 1508.64196777344 1510.95568847656 1514.91796875 1518.70739746094 1519.4140625 1521.45837402344 1523.90124511719 1524.06848144531 1524.76342773438 1525.74536132812 1525.37365722656 -3.4e+38 1526.08166503906 1527.33239746094 1527.59252929688 1528.47180175781 1529.00122070312 1530.68432617188 1530.39770507812 1529.64294433594 1529.306640625 1529.65869140625 1529.32409667969 1527.45288085938 1527.35412597656 1526.80322265625 1525.74108886719
1501.66528320312 1497.86389160156 1496.37683105469 1494.51672363281 1496.13696289062 1496.45361328125 1495.14379882812 1495.27368164062 1489.93969726562 1488.73815917969 1488.37609863281 1487.35375976562 1488.96533203125 1490.99475097656 1490.73864746094 1491.20910644531 1492.7314453125 1492.96362304688 1494.85302734375 1497.44421386719 1498.47985839844 1500.85656738281 1508.62243652344 1511.35986328125 1513.42346191406 1517.60229492188 1519.52612304688 1520.5068359375 1521.71716308594 1522.07592773438 1521.04870605469 1521.15466308594 1520.35534667969 1523.02160644531 1523.80932617188 1524.81665039062 1525.18640136719 1526.2783203125 1527.45727539062 1529.75708007812 1530.89453125 1530.21166992188 1529.92919921875 1529.81530761719 1529.14782714844 1526.82202148438 1525.46069335938 1525.31372070312 1524.92468261719
1497.634765625 1494.62890625 1492.52795410156 1493.29724121094 1495.93469238281 1494.28234863281 1494.97094726562 1497.95776367188 1489.88110351562 1485.81420898438 1487.68957519531 1486.74841308594 1487.10266113281 1489.5224609375 1489.53540039062 1490.81896972656 1491.08740234375 1492.04064941406 1493.35070800781 1494.08776855469 1497.43920898438 1500.16149902344 1505.96142578125 1508.11096191406 1510.71545410156 1512.62780761719 1515.47692871094 1517.85571289062 1519.82446289062 1518.58959960938 1519.59411621094 -3.4e+38 1518.97839355469 1520.80627441406 -3.4e+38 1524.09265136719 1524.40222167969 1524.98120117188 1526.98303222656 1527.69445800781 1528.87634277344 1528.46252441406 1529.1103515625 1528.84521484375 1529.07104492188 1527.73901367188 1525.4248046875 1525.13122558594 1525.91442871094
1491.48278808594 1488.34045410156 1489.08459472656 1493.31994628906 1494.65515136719 1495.97375488281 1501.79626464844 1496.19580078125 1488.51745605469 1484.92407226562 1486.70300292969 1485.6875 1485.77990722656 1488.22436523438 1487.94079589844 1488.66064453125 1489.52001953125 1491.77661132812 1492.66015625 1493.89111328125 1496.69970703125 1500.21728515625 1503.81518554688 1505.19714355469 1506.89733886719 1508.70983886719 1509.84020996094 1514.09594726562 1516.83032226562 1515.7021484375 -3.4e+38 1517.65344238281 1517.22900390625 1518.64074707031 1520.16979980469 -3.4e+38 1523.60717773438 1524.22717285156 1527.20581054688 1526.71374511719 1526.451171875 1527.12854003906 1528.46752929688 1529.1533203125 1530.00280761719 1527.32287597656 1526.34484863281 1526.85949707031 1527.80773925781
1485.76635742188 1482.97521972656 1486.61218261719 1497.39501953125 1498.8681640625 1506.60913085938 1508.396484375 1490.11181640625 1486.11865234375 1483.98315429688 1483.19689941406 1482.31945800781 1484.57934570312 1486.25183105469 1486.58081054688 1485.248046875 1487.109375 1489.38354492188 1492.49743652344 1493.7373046875 1495.74169921875 1499.498046875 1503.61352539062 1504.55053710938 1505.36743164062 1506.939453125 1506.59204101562 1510.41772460938 1512.90344238281 1513.58630371094 -3.4e+38 1516.22082519531 1517.55920410156 1517.92687988281 1519.20654296875 1521.24328613281 1523.18127441406 1524.04248046875 1525.67077636719 1526.00256347656 1526.40673828125 1526.67553710938 1528.5947265625 1529.2666015625 1528.767578125 1528.97985839844 1527.49926757812 1527.38854980469 1527.31518554688
1482.01293945312 1481.57568359375 1486.55297851562 1499.8330078125 1507.67321777344 1518.04943847656 1515.52197265625 1492.451171875 1485.93493652344 1483.00244140625 1478.5146484375 1482.17395019531 1484.5966796875 1482.9951171875 1484.17846679688 1485.26623535156 1484.82678222656 1485.87316894531 1489.26611328125 1491.65795898438 1494.29089355469 1497.85339355469 1502.39147949219 1503.77233886719 1504.66198730469 1505.97302246094 1506.14111328125 1507.99609375 1509.91125488281 1511.97265625 1512.27844238281 1514.54943847656 1517.79772949219 1517.8876953125 1519.59826660156 1521.18237304688 1523.7255859375 1524.51940917969 1525.38256835938 1525.24157714844 1525.89990234375 1525.75524902344 1526.80151367188 1527.65734863281 1527.64892578125 1529.84680175781 1528.90319824219 1527.72399902344 1526.51257324219
1480.09130859375 1481.96374511719 1483.3369140625 1493.50720214844 1508.92004394531 1528.79809570312 1527.78234863281 1495.68322753906 1483.05554199219 1479.56213378906 1476.53491210938 1483.82592773438 1483.38195800781 1481.04711914062 1482.15832519531 1484.54760742188 1485.19274902344 1484.92407226562 -3.4e+38 1488.50573730469 1490.95361328125 1493.87158203125 1499.18615722656 1501.86083984375 1504.22644042969 1506.9501953125 1508.30224609375 1507.50317382812 1509.60693359375 1510.7998046875 1512.05676269531 1515.49633789062 1517.34985351562 1516.224609375 1518.85290527344 1521.55065917969 1524.36584472656 1524.71801757812 1523.62963867188 1524.35278320312 1525.04309082031 1525.09155273438 1526.20251464844 1526.80432128906 1527.40295410156 1528.24108886719 1529.2275390625 1527.2080078125 1526.86926269531
1480.49853515625 1481.80444335938 1481.77758789062 1488.53540039062 1501.59948730469 1515.46496582031 1510.3564453125 1490.3623046875 1477.62072753906 1475.07946777344 1474.24047851562 1480.62121582031 1479.45227050781 1480.54064941406 1480.9541015625 1481.20837402344 1484.19372558594 1484.45056152344 1484.90283203125 1486.75671386719 -3.4e+38 1489.9267578125 1495.33666992188 1499.62719726562 -3.4e+38 1505.19519042969 1507.10961914062 1507.35083007812 1508.86682128906 1509.95910644531 1513.31457519531 1515.8779296875 1516.04443359375 -3.4e+38 1518.63146972656 1521.07983398438 1522.92797851562 1523.99096679688 1523.8173828125 1525.01330566406 1525.76647949219 1525.85522460938 1526.44494628906 1526.52514648438 1526.73388671875 1527.29638671875 1529.25390625 1528.91162109375 1528.50634765625
1479.43286132812 1479.62219238281 1481.02404785156 1483.74499511719 1494.85546875 1501.77722167969 1484.12585449219 1481.40026855469 1474.16979980469 1473.24670410156 1472.55139160156 1474.72241210938 1474.96362304688 1478.19311523438 1478.51245117188 1479.45935058594 1480.85620117188 1483.32189941406 1484.71740722656 1486.69189453125 1488.48901367188 -3.4e+38 1493.86352539062 1497.23327636719 1499.05187988281 1501.03735351562 1503.99279785156 1507.86743164062 1508.06530761719 1510.63012695312 1513.90222167969 1515.994140625 1515.15734863281 -3.4e+38 1517.68640136719 1519.43371582031 1521.29797363281 1523.28369140625 1525.98742675781 1526.62170410156 1527.54028320312 1528.51538085938 1527.80895996094 1527.55151367188 1528.75085449219 1527.65991210938 1528.66040039062 1529.62719726562 1530.27612304688
1468.66882324219 1469.23046875 1473.35180664062 1474.48266601562 1482.02514648438 1493.4677734375 1478.23852539062 1472.765625 1471.92846679688 1479.07739257812 1469.68359375 1471.82983398438 1469.42065429688 -3.4e+38 1472.48547363281 1473.94226074219 1477.36694335938 1478.98132324219 1482.06323242188 1483.91052246094 1486.58166503906 1488.30810546875 1495.45068359375 1496.72045898438 1497.30810546875 1498.14721679688 1500.51904296875 1503.60864257812 1505.69982910156 1508.3818359375 1509.93041992188 1511.85388183594 1512.35974121094 -3.4e+38 1518.37744140625 1521.32067871094 1520.84973144531 1522.49401855469 1523.97448730469 1525.58801269531 1527.64025878906 1528.38122558594 1529.64489746094 1530.93395996094 1530.53833007812 1528.91235351562 1529.18701171875 1529.78454589844 1529.51721191406
1463.18859863281 1463.11865234375 1469.85717773438 1474.25463867188 1471.38842773438 1477.12463378906 1475.41967773438 1467.9296875 1467.91748046875 1469.19384765625 1464.89807128906 1468.95239257812 1468.39245605469 1470.32482910156 1472.59521484375 1474.88464355469 1477.01806640625 1479.44995117188 1481.6953125 1483.93249511719 1486.37268066406 1488.27685546875 1494.64025878906 1496.70288085938 1497.20458984375 1498.84191894531 1500.46789550781 1502.32080078125 1506.11437988281 1508.54418945312 1507.88671875 1509.28735351562 -3.4e+38 -3.4e+38 1516.79187011719 1520.76916503906 1521.92602539062 1522.70275878906 1524.31860351562 1526.05078125 1527.45593261719 1528.67919921875 1530.9873046875 1532.88024902344 1532.263671875 1528.07995605469 1528.98461914062 1529.33459472656 1529.8818359375
1458.64770507812 1457.70104980469 1462.98083496094 1469.78356933594 1466.09362792969 1466.46740722656 1470.01928710938 1463.94641113281 1464.52758789062 1460.36059570312 1460.96081542969 1466.29736328125 1466.98388671875 1469.72912597656 1473.99816894531 1475.89367675781 1476.71923828125 1478.29992675781 1480.79125976562 1482.96423339844 1485.51037597656 1487.50073242188 1491.88098144531 1495.36987304688 1497.67443847656 1499.85083007812 1501.04870605469 1503.14599609375 1505.94555664062 1507.29565429688 1508.82885742188 1509.8837890625 1511.1396484375 -3.4e+38 -3.4e+38 1519.69860839844 1521.98693847656 1523.27746582031 1525.88952636719 1526.48278808594 1527.06640625 1529.59619140625 1531.55139160156 1532.47827148438 1531.35998535156 -3.4e+38 -3.4e+38 -3.4e+38 1530.73461914062
