rcp8.5models/CNRM-CM5/sc1gr4.5
NCOLS 261 
NROWS 433 
XLLCORNER 336357.134 
YLLCORNER 654653.479 
CELLSIZE 1000 
NODATA_value -9999 
[rows 264 to 285 of 433, columns 50 to 99 of 261]
282.514558800125 282.459095188878 282.570255276138 279.007167649148 271.970223523004 269.253553832703 269.119396037549 269.471047584966 269.591676523317 269.299747614201 270.916805181284 272.23066049226 269.314679719831 268.861346945462 268.413339188868 268.16836897309 268.313222482494 267.50747578563 267.51118741188 268.074898348012 268.286943547174 268.059376038656 267.682603912427 267.34355999143 266.850042979055 266.866366364417 268.049325819045 268.595534241588 268.268102244263 267.390347812717 266.6318591584 266.460016810947 266.790932892673 267.109369385723 267.017712154891 266.4316814358 266.027626088664 266.468183366019 266.55758682905 266.376456065963 265.915601144729 265.384149313491 264.281803831281 264.086981231351 266.136552962294 266.643816878074 266.970488229938 266.358882189685 260.661922373371 262.648790935761
282.416337023194 282.356555153951 278.609016437263 271.636561599887 269.155859975388 269.278374906423 268.764879132514 268.847879723314 269.460347746897 269.690609946897 269.27859780593 268.888983063197 268.921631009837 269.065243308876 268.809909023745 268.511083909822 268.584006535064 267.149228165867 267.308800973741 267.887224574659 268.11609189921 267.995182329865 267.504331707821 267.195896209086 266.898249646567 266.688147870727 267.795781889695 268.808952190515 268.293016456148 268.149973665389 267.526957945945 266.790464630222 266.694229138204 266.869619568387 266.889876041772 266.20692650277 265.960433007551 266.403300895277 266.378813263026 266.154697846623 266.157916536419 265.372183990953 264.401094821716 263.57580520732 264.375244047656 264.62798149202 264.803237747231 264.436725048795 257.979455240365 260.939923349299
276.796519073952 268.727352568518 268.65853656739 268.75806417934 268.934430196622 269.003604309925 268.530972408263 268.50958044233 268.386644980156 268.609622149764 269.129555996344 268.951519769095 269.085393851788 269.177089361444 269.323835528597 269.107910872941 268.581423050102 267.72238248565 267.746195313944 268.100321989395 268.031788349007 268.439183105433 268.447141036477 267.538473374284 266.979916788421 267.58105792921 268.006207548615 268.774375178126 268.4197555601 267.868293417526 267.172169360741 266.814476649495 266.26894113926 265.82017411434 265.785687959887 266.289479138733 266.062894888713 266.264952160459 266.238717897244 265.799754718075 266.042836650709 265.469494076629 264.144457016654 262.357752197211 262.205085216378 263.644196308989 264.165807272249 260.030274315284 251.453733994102 256.298698929451
271.317766205293 268.635607371417 268.653411420215 268.777708867616 269.011175443118 269.077904410356 268.258167305676 268.466820444578 268.371003921822 268.097551179378 268.512527687225 268.225811858418 268.420902721846 268.985552247038 269.339046439117 269.2514016026 268.735636291619 268.226143920007 268.395141829313 268.113304764625 267.738618688849 268.183573766123 268.649754902826 267.498319651775 266.925048204019 268.301888638829 268.702002085667 269.030141564736 268.740619905426 267.595500615491 266.353582512869 266.430326647018 266.487243641421 266.292191838471 266.190132715373 266.348384407527 266.202211712651 266.203717853958 266.206264631379 265.906880396691 266.058169613139 265.693622480475 264.80937767392 263.404198587009 263.091557040003 263.610366089192 263.785629018897 259.475754137555 251.851001905757 256.22621276487
269.1064249753 268.902288445999 268.602814766783 268.737278136766 269.277805916783 269.366671214842 268.068758503271 268.556976804412 268.739330176464 268.648049221508 268.53000032428 267.973196889866 267.756377662818 268.138362936251 268.907074010858 269.178252691635 268.999830588413 268.599022396877 268.372396427765 267.999843590077 267.969032114216 268.380826866408 268.654966244483 267.457788762974 267.026809638615 268.715799352264 269.119030785085 268.940244553902 268.462112470382 267.229866746344 264.998264585549 265.436525694991 267.10226058786 266.679461884131 267.07310874477 266.848618756184 266.677876776164 266.425953675298 266.105829642876 265.838167624776 265.472139367923 265.966193303512 265.691863295893 264.869524530785 263.574294302911 262.959082041392 263.598693990827 258.361781057964 253.204805533472 259.076878631146
269.256408267422 268.844489286666 268.728326976013 268.964377884383 269.431183766263 269.678068959819 268.234985021383 268.808490443107 268.919046222728 268.989325589873 268.837855647794 268.475064229095 268.146901087121 268.028838947748 268.199342985945 268.672715193301 269.017503354844 268.54980925603 268.209306753076 268.219082347459 268.250595124235 268.649277879717 268.75389133332 267.689629664764 267.522225525197 268.932397045879 268.818140756096 268.337282959254 268.173237290691 267.550503796663 265.326840146053 265.93242867541 267.536792949848 267.148065884523 267.423687348637 267.172846718594 267.067638099391 266.633910964516 265.932653375261 265.691717943406 264.307645393871 264.380261657513 264.692053314174 263.336173774528 261.961199512154 261.45556566636 263.367021649091 258.646184482581 255.81707487513 263.407072704317
269.332898001322 269.069378692387 269.083400209731 269.402501401399 269.437883850892 269.338142159649 268.494183612618 269.129665183056 269.192494321963 269.024597757448 269.152369760186 268.649600090987 268.302245154928 267.901840744456 267.498589189164 267.938389093809 268.754111559753 268.198080984764 268.012194142978 268.214221698828 268.424214832035 268.576917443561 269.006568046311 268.471155637265 268.176395925723 268.907250369073 268.717889578045 268.258426659612 268.753781185251 268.64209443125 267.165581026823 266.727784062451 267.47159012829 267.659032803973 267.732248354231 267.288432872708 266.861963792165 266.656196080507 266.377804641402 266.085014158153 263.133029669376 261.262897062654 261.509238591405 260.597585569375 260.519035666633 261.316246455437 262.528160740093 258.451862043708 254.806036751698 262.890868916506
270.021337852568 269.617041442669 269.406934463795 269.642493608744 269.674790475798 269.284144868843 268.951339375842 269.201525075131 269.030629423952 269.005987403286 269.02860831753 268.85329516718 268.465828814713 268.015546288938 267.298382263906 266.695873813737 267.552447409811 267.948320974431 267.829309990577 267.985909706835 268.3912292908 268.935266915606 269.078446749792 268.57246490336 268.498583572569 269.165473811278 268.961879752036 268.396964683739 268.894750898608 269.128480166965 267.390240500822 265.137198211049 265.972943671137 266.542801056487 266.986792377893 267.183387067489 266.955049732689 267.002767709324 267.256193170898 267.281595005811 262.836558756651 260.376744959394 260.585737796552 261.400889025294 262.737425761381 263.72037828402 263.505860315432 260.047794686297 256.629763497919 262.084380413117
270.468995465413 270.180144071427 269.928918413372 269.974833935691 269.953405881566 269.585970659402 269.416596324179 269.544032926399 269.130743322353 268.757590096103 268.585909724027 268.823937370167 268.88018449225 268.409245150085 267.568191593359 266.473522836587 266.597105050817 268.115941704378 268.428893215655 268.279692075085 268.176537247649 268.879239393786 269.219011129787 268.762115513718 268.853255956855 268.98090332479 268.525935552212 268.215483507149 268.306941463752 268.973770238945 266.797389643244 262.580840369404 262.312197110383 262.640994287269 263.493216475366 266.979373199154 267.167591024864 267.705478287145 268.007221237925 267.879081097178 262.48704321215 260.516006635058 261.185375566581 264.501529407902 265.875145997584 265.211456754386 263.837930059738 260.44315452017 259.211229710724 264.452395460897
270.226758880855 270.295933016148 270.142490527075 270.116806441306 270.066142661199 269.931843732546 269.576750126029 269.300332754699 269.131041452818 268.861370772157 268.868101915672 269.026613055862 268.992798057849 268.300380533456 267.675002192459 266.679255104931 265.717542688663 267.988928734796 268.837570619836 268.410290950975 268.509687803404 268.844654130184 269.568249582068 269.521363155495 269.315271744334 268.760096890044 267.615130250398 266.896208274798 267.806352470906 268.228172226386 267.066575715424 261.972546370052 260.071944677053 261.241139690839 261.707635085823 266.238736181324 267.35442922614 268.201360998997 268.274472724387 267.739538570903 264.930651534688 263.613724232782 264.101519506816 264.661705920798 264.473631522762 266.01451855076 264.33210805512 261.208279682027 261.344687469843 266.07212381796
269.775278375248 269.636554863367 269.720976709397 269.883509446984 269.765495162613 269.339599993976 269.261358337885 268.947193266277 268.822355101039 268.724020476382 268.935374593341 269.099589061257 268.871928222939 268.424448551494 267.731040786521 267.135478850547 267.165028354172 268.483299075546 268.869087965144 268.429926561063 268.627642539395 268.977780645995 269.410327910701 269.925614858393 269.519092498808 268.661812548317 267.209790795579 265.959007288521 267.521882440778 266.928734362545 267.178841686206 264.230946863528 260.644438919379 261.983371911459 263.132778615586 265.818329848063 267.189426300846 268.393587745961 268.354700626107 268.030210789237 266.057965463481 265.130983781431 265.821903924943 264.983923759455 264.759706286706 266.47153598873 265.616325221476 264.440236246344 264.434348451984 265.734861428264
269.708190554905 269.476082261918 269.461958352617 269.160688492031 268.544775136022 268.520474179606 269.074785596711 268.926252749426 268.747942683281 268.562397679507 268.636501669467 268.742745690248 268.705028847241 268.731108850448 268.506885417437 267.794935069323 267.281272186844 269.010851744089 268.598126859118 268.337861573083 268.770919352918 269.275395843723 269.667342339125 269.939948304517 269.571798772344 269.011386051719 268.198572649672 267.370944672072 268.062374620517 266.267829455924 265.978863759755 266.388488491113 263.674403707645 261.975030370021 262.276165288719 265.200983550788 266.906471246933 268.472774904063 268.41402565859 267.752509501954 263.55358076525 263.922671826709 264.335907234852 264.691045540134 266.564934819327 266.198441924983 266.11541883685 266.501902691306 265.663898241042 263.563891979336
269.789370342625 269.564360637135 269.509624796241 269.295671822825 268.950263084611 269.314276080908 269.043154731009 269.0427484878 269.145201060407 268.974342163098 268.518194177296 268.560243062902 268.761095513363 268.947569519026 268.605415047486 267.907835014899 267.765438252297 269.405935452272 268.660415901864 268.336528869119 268.660100148994 269.267021306749 269.611291223323 269.263932737374 269.181244388662 269.00516336306 268.88560298835 268.764477888004 267.708528130098 264.491186442033 264.238844492914 267.348735755192 266.595029087686 263.13899026431 259.25604642878 261.058066839723 265.531423494717 268.720577119919 268.440547301765 267.634511264484 264.456785355803 264.653283605047 265.231953357623 265.634997889124 267.23042742695 266.618730804535 266.679005756368 267.247716287247 266.385979201471 264.301090786669
269.89475914947 269.917654480468 269.940912701723 269.932965108407 269.736422430742 269.828410755701 269.616804818097 269.437658186278 269.404985301437 269.244165888506 268.56293045514 268.679209352845 268.871607328465 269.008475142554 269.033439774425 268.813934111686 268.97474095248 269.442501214702 268.505180520915 267.969411195822 268.54821968169 269.557143404796 269.632018800462 269.19079276482 268.861702159836 268.747401413411 268.308830503615 268.024312076123 267.253794641863 263.872417221254 263.878394257453 267.308878185977 267.94054018959 266.638887890138 264.087795123638 264.200740627104 266.721860280335 268.679548745571 268.666010377291 268.06272585134 265.590038527504 265.819915752188 266.875808831066 267.384225427323 267.665470586818 267.444663199662 267.095832240862 266.936239111717 266.041730697786 264.829716365368
269.434609503624 269.50768612739 269.706036787613 269.758651284184 269.76688478627 269.763799249978 269.508190831607 269.163405763537 269.158491644337 268.95504709506 268.599524445398 268.747852868608 268.968428453022 269.339317904174 269.514712634955 269.6177002838 269.616021338639 269.407325623504 269.629776737337 269.514097414475 269.331317708539 268.441861041656 267.490993639715 268.44421952344 268.953201394747 269.096802981297 268.675319114493 267.237314521697 266.780071051643 264.974036288395 264.790513459475 268.212396020048 268.643560591299 268.818249356375 268.737061300612 268.263708042555 268.330734928994 268.768569907431 268.458354829106 267.941292959015 265.696189509712 265.412745595289 267.794334068391 267.738181599702 267.409539982566 267.782606238266 267.277504534983 266.448297432223 264.348997432342 261.831831929855
269.419093040322 269.418814989113 269.643111069369 269.770257191785 269.450424081167 269.458951460382 269.49557439926 269.324674340126 269.480385499832 269.188896189912 268.847574926289 269.216019209388 269.336129399302 269.382181526335 269.305526579153 269.50551738219 269.433440451231 269.068993051392 269.391225866397 269.465097390675 269.323210594311 267.764749749856 266.517238511975 267.453118360322 268.658851452909 268.903087979723 268.442778746585 267.660900696142 267.661443550455 267.623902915694 267.087775467266 268.094751849407 267.492897164628 267.712910275332 267.776438687725 267.231064498701 267.409982426633 268.409067620687 268.315162907038 267.008976939657 261.935728475225 262.57577605101 266.039933174366 265.183377600454 265.590509415475 267.79024601485 267.332222994575 266.034972283034 263.549998911613 262.118789815912
269.403513630306 269.377736491318 269.502601334422 269.566806462146 269.264297464082 269.365650545481 269.670003230514 269.521998582087 269.520270006682 269.413917047975 269.343788097338 269.479116789995 269.511473418713 269.238396478137 268.465334700536 268.736563634581 269.140658914306 268.917574136548 269.243287227905 269.385312286458 269.133549740464 268.469460350556 267.287009212538 267.046352812754 268.138400263646 268.72272061602 268.24562080762 267.746238104397 268.357948343798 268.923221657406 268.453653387259 267.333883480241 265.845864784663 264.734006789778 264.571506540969 265.148205084389 266.011194966028 267.734798420959 267.580555536623 265.950463835212 261.033921747961 261.04548096352 263.601170637318 264.230486741331 264.976414106877 267.121242203577 267.117490586485 265.915474713826 264.524972053313 263.803336888726
269.618290309345 269.471158930124 269.470389104857 269.449988335791 269.220509570056 269.323950893989 269.471515789706 269.21985769655 269.417909838343 269.475828978229 269.481833498989 269.453517605361 269.333919061705 269.098131525829 268.438070200614 268.435336393646 268.989909887767 268.988569315207 269.064154473264 269.223525689987 269.062813067022 268.973774994038 268.339976518884 268.120174645026 267.811658392035 267.911574421471 268.258551369095 267.940930503879 268.473561828666 268.541906742736 267.543287913772 265.946726039599 265.111098774205 262.349890943226 262.118481798492 264.782520044862 266.21028531931 267.233080610254 267.638122504773 266.743423628967 261.045978126362 260.494222383948 262.593731948781 264.132020649602 264.588765587321 265.724495766382 266.5442749226 265.75411769749 265.706357946822 265.90432469942
269.498242743091 269.900201112972 269.568933930465 269.29165013868 269.198262277206 269.144819134792 269.159083499523 269.033632002144 269.130355735526 269.479287916006 269.463425544597 268.823219416965 267.760125029296 267.749119149041 268.44267359794 268.685689364218 268.815771095605 268.834903006755 269.163729126606 268.527479369777 268.411388633916 268.890050714756 268.98056224459 268.333878287515 267.256402785968 267.579350693851 268.276590374992 268.557532345756 266.513002005328 265.419053156107 267.444154910662 267.039830355749 266.412374355362 263.318233416303 262.698874488916 264.747222135517 265.664566984674 266.3287316352 267.199946888792 266.761203124492 259.156415100326 259.084534093301 261.648015592018 262.988791316493 264.012896465073 265.403591345335 266.515554323847 265.26207842282 264.406605920235 264.648440430771
269.23067714471 269.65219931128 269.454175735803 269.255964476493 269.115893193306 269.152435185462 268.86650510118 268.773311635435 268.745290525453 269.33476113496 269.657692307061 268.803009955786 267.624807948567 267.551253073852 268.379589584171 268.679138381867 268.854038024969 268.459688624302 267.95858466828 267.367308355732 267.634624451729 268.463200504905 269.064818286505 267.741425053036 266.851918916693 267.72213677311 268.298163987621 268.675960934398 265.377583066412 263.490529671348 267.334243423803 268.203641770966 267.535751643528 265.658867308941 263.987880898398 264.148032790938 264.631076395335 265.645220019519 265.505139089678 263.845332864778 258.767978071889 257.112266345739 258.491772371453 260.649798856902 264.167630609215 266.097424081144 265.940426561868 264.649586106299 263.438119143056 262.446066584528
269.382263283508 269.45481086732 269.42272309911 269.374888582594 269.282977752778 269.211432949507 268.979260319527 268.622944457556 268.547433213244 268.750814598719 269.307151798652 269.323268702681 268.608917900424 268.241374767422 268.421855276245 268.656809880899 268.949648977476 268.590153259395 267.371204194008 267.503436762408 268.405784664619 268.809452664852 268.596523749336 268.116492767973 267.951795740187 268.298386665959 268.652572150649 268.45668548515 266.008155231859 264.747522907431 267.310407548499 268.491536482085 267.969270084727 266.773459225741 265.770392180954 266.006291311724 264.484986766608 262.755914060017 262.908196318153 262.115369191786 257.703711146501 256.082801853532 256.260144665899 259.108961773058 265.000183150524 266.170535766055 264.678776856605 263.847840860951 262.804467589121 259.810822981183
269.085564266708 269.356086875186 269.379236647239 269.411473806887 269.481907962759 269.566701912048 269.023771101075 268.665002052931 268.266425378374 268.164375575396 268.71173991197 269.101854968586 267.630539089664 265.375151912449 266.555318232972 268.382898209079 268.514314696168 269.005629838831 267.70317309217 267.614910876352 268.732520790598 268.723299228326 268.365288661956 268.114704657208 268.07730768531 268.167283271685 268.205587602764 268.307883090711 266.392647289037 263.734375112879 265.346863224802 268.601347577457 267.875077048719 266.081376945524 264.618371473208 264.339695141123 264.886680698564 263.500003740016 261.987767229841 262.308222876652 258.675190366226 258.293701110877 258.59395342033 261.400683195979 265.548210342485 266.248014287237 264.605618144837 264.05239876193 263.933780379678 260.858643884394
