rcp8.5models/CNRM-CM5/sc1gr6.17
NCOLS 261 
NROWS 433 
XLLCORNER 336357.134 
YLLCORNER 654653.479 
CELLSIZE 1000 
NODATA_value -3.4e+38 
[rows 198 to 219 of 433, columns 49 to 97 of 261]
755.049011230469 754.53076171875 754.052368164062 753.944641113281 754.741516113281 754.064331054688 753.399108886719 755.244689941406 755.143127441406 754.893981933594 756.100891113281 756.98193359375 758.155822753906 758.299865722656 759.853698730469 760.376770019531 761.998474121094 763.681030273438 766.915832519531 769.081298828125 770.440612792969 772.654541015625 773.304504394531 773.911193847656 776.936279296875 778.701293945312 780.524169921875 784.113525390625 786.495178222656 792.158081054688 794.065490722656 797.227233886719 801.36279296875 801.73193359375 800.874877929688 803.801452636719 804.967651367188 805.6591796875 809.363342285156 814.235656738281 816.306518554688 820.039306640625 823.969055175781 827.138061523438 831.878112792969 837.202209472656 842.036071777344 844.0830078125 847.929321289062
754.67236328125 755.187805175781 755.816955566406 755.148254394531 754.475341796875 755.240478515625 754.337890625 754.685791015625 756.190734863281 757.731079101562 758.313110351562 758.586120605469 759.208435058594 758.846557617188 759.091979980469 760.005981445312 761.955505371094 763.279907226562 765.697204589844 767.923217773438 769.581237792969 771.195251464844 771.309936523438 772.855041503906 776.27880859375 779.082336425781 781.273864746094 783.416137695312 785.21044921875 789.911926269531 793.322509765625 796.733947753906 799.545166015625 801.308044433594 802.727783203125 804.36962890625 804.080078125 805.435424804688 809.44189453125 814.297790527344 817.239807128906 820.10400390625 823.697326660156 826.019348144531 830.995483398438 836.234313964844 842.01025390625 845.317687988281 847.758422851562
754.780822753906 755.317504882812 755.778747558594 756.602661132812 756.119262695312 756.447143554688 756.085998535156 755.00146484375 756.240051269531 757.480163574219 757.985229492188 758.320007324219 760.526062011719 760.820983886719 761.30712890625 761.254638671875 762.080322265625 763.43701171875 766.570922851562 767.130615234375 768.889404296875 770.34619140625 771.810729980469 774.669494628906 777.255065917969 779.569030761719 781.405151367188 781.733093261719 783.11279296875 789.5556640625 792.805908203125 795.076171875 797.350463867188 798.804382324219 801.340515136719 804.630615234375 804.85546875 806.190368652344 809.409729003906 813.191955566406 816.973449707031 820.677307128906 823.014038085938 824.896728515625 829.643798828125 835.310485839844 840.510864257812 845.598327636719 848.883422851562
757.20068359375 756.204162597656 756.343872070312 756.605773925781 757.024841308594 758.276123046875 759.388977050781 755.334106445312 756.197998046875 758.026733398438 758.845947265625 759.643981933594 761.422302246094 762.298645019531 762.078063964844 761.632385253906 762.180969238281 764.781616210938 767.517517089844 767.9599609375 768.618225097656 770.195190429688 772.862182617188 775.449890136719 776.752563476562 778.203125 779.793212890625 780.52587890625 783.60302734375 790.078369140625 791.271545410156 793.278503417969 795.770141601562 796.193481445312 798.414489746094 802.711364746094 804.502197265625 806.627319335938 810.58349609375 813.068664550781 815.82958984375 821.24560546875 822.930847167969 824.970581054688 828.761657714844 834.669494628906 839.676940917969 843.304321289062 847.356628417969
758.112609863281 757.987426757812 757.402282714844 756.636413574219 756.6416015625 757.645874023438 759.459411621094 757.497985839844 757.675720214844 758.402770996094 759.91455078125 761.8681640625 763.672485351562 764.518310546875 764.7197265625 763.708312988281 764.444641113281 765.80615234375 768.330627441406 768.877502441406 768.768432617188 770.635314941406 772.830261230469 774.380615234375 775.327026367188 776.954650878906 778.468200683594 780.462524414062 783.786437988281 788.843566894531 789.584838867188 790.36669921875 793.145751953125 794.479187011719 796.93115234375 800.793823242188 803.253845214844 806.446594238281 810.443908691406 813.1875 817.004699707031 821.517883300781 823.376525878906 825.439392089844 828.351806640625 832.6376953125 838.000854492188 842.729125976562 846.613037109375
757.676025390625 758.073547363281 758.320007324219 757.18701171875 757.319946289062 757.799133300781 759.7490234375 759.470703125 759.179565429688 759.084289550781 760.480895996094 762.387756347656 764.541320800781 766.065673828125 767.53857421875 767.254821777344 766.649047851562 767.740478515625 769.287170410156 770.799499511719 769.497863769531 770.208435058594 771.594177246094 773.794738769531 -3.4e+38 777.787414550781 779.323913574219 782.121643066406 783.649963378906 786.460327148438 788.492370605469 789.003601074219 790.959045410156 793.238037109375 795.135131835938 797.966552734375 -3.4e+38 804.32275390625 808.533081054688 811.625305175781 816.377624511719 821.010192871094 822.117431640625 824.775756835938 828.879577636719 831.599792480469 836.025085449219 841.630432128906 846.530151367188
757.958312988281 757.573913574219 758.172973632812 757.014221191406 758.091918945312 759.560363769531 760.915344238281 759.139038085938 760.202331542969 761.272338867188 762.067504882812 762.962707519531 764.179443359375 765.888000488281 767.384521484375 767.227233886719 766.791809082031 768.313354492188 770.894958496094 772.555297851562 772.061157226562 772.282287597656 773.418640136719 775.558288574219 777.790222167969 779.412353515625 781.1142578125 782.484436035156 783.135803222656 783.927368164062 786.707275390625 788.666320800781 789.185546875 790.583923339844 792.485656738281 795.470886230469 800.200744628906 802.315490722656 805.970092773438 810.580261230469 816.51318359375 821.460815429688 822.207946777344 824.712646484375 829.831115722656 832.742736816406 835.454467773438 839.688903808594 845.932556152344
756.936828613281 757.309143066406 757.506408691406 757.929077148438 757.557312011719 757.771545410156 757.856262207031 758.919311523438 759.548278808594 761.746704101562 762.751708984375 763.349975585938 763.609497070312 765.52978515625 766.180603027344 766.717224121094 766.382507324219 768.3603515625 770.936889648438 772.665832519531 773.273315429688 774.788879394531 776.089172363281 778.011962890625 779.313659667969 781.087341308594 781.8525390625 781.386657714844 782.316162109375 782.551574707031 784.889953613281 786.953491210938 788.228088378906 789.801452636719 792.853454589844 797.456481933594 800.959655761719 804.022888183594 805.209350585938 810.742126464844 816.715637207031 821.137878417969 822.530822753906 826.296630859375 830.735229492188 833.633911132812 835.617797851562 839.259704589844 843.821472167969
-3.4e+38 756.888122558594 757.064086914062 757.010803222656 756.753601074219 756.779357910156 756.505554199219 758.119873046875 759.355224609375 761.460327148438 761.351196289062 761.911254882812 763.3203125 765.27587890625 765.7353515625 767.050842285156 766.797607421875 768.559509277344 769.756958007812 771.65283203125 773.370483398438 775.513305664062 776.736938476562 778.138122558594 779.470397949219 780.336669921875 780.181396484375 780.514953613281 780.993835449219 782.445373535156 784.505310058594 786.549926757812 788.024230957031 789.3193359375 793.177551269531 799.248291015625 802.189270019531 804.737365722656 806.639404296875 810.408325195312 815.178649902344 822.1083984375 822.789245605469 826.199890136719 830.310424804688 834.963745117188 837.905334472656 839.9052734375 842.214050292969
756.040222167969 756.82568359375 756.3310546875 755.408569335938 756.13427734375 756.245910644531 756.41259765625 758.058471679688 759.512756347656 760.8603515625 760.669067382812 761.5478515625 763.565551757812 764.758178710938 765.177490234375 765.757873535156 766.299682617188 768.825866699219 769.630493164062 771.614135742188 773.904846191406 775.200744628906 776.792358398438 777.31787109375 778.691589355469 778.705383300781 778.599914550781 779.286254882812 780.023803710938 782.536254882812 785.490478515625 788.815734863281 789.252807617188 788.619995117188 791.925354003906 797.609802246094 802.093627929688 804.043823242188 805.655517578125 808.5458984375 813.595092773438 822.871337890625 824.432495117188 825.905578613281 -3.4e+38 837.219604492188 844.295043945312 841.697570800781 843.796325683594
758.699645996094 758.216125488281 758.323852539062 759.320617675781 757.784118652344 758.590148925781 760.057922363281 763.169799804688 762.401000976562 762.797546386719 765.041870117188 765.346740722656 765.929748535156 766.868530273438 769.1875 770.010498046875 769.166015625 768.946166992188 772.673156738281 -3.4e+38 -3.4e+38 774.424072265625 776.094177246094 776.148803710938 776.311828613281 777.442077636719 779.54931640625 780.945373535156 782.40185546875 785.371520996094 787.249206542969 788.1298828125 787.184997558594 789.050476074219 790.9970703125 794.544372558594 798.264099121094 799.856811523438 803.231872558594 808.154479980469 813.03125 818.878356933594 823.400268554688 828.430053710938 832.288452148438 837.444580078125 852.210998535156 869.693176269531 846.002624511719
759.279846191406 759.654418945312 761.6357421875 761.296569824219 760.50830078125 761.0869140625 761.938598632812 765.523742675781 766.40771484375 766.297485351562 766.806457519531 767.720458984375 768.407958984375 769.521728515625 770.584594726562 772.000671386719 772.34130859375 771.947326660156 773.270935058594 -3.4e+38 774.44775390625 -3.4e+38 776.261474609375 -3.4e+38 777.374694824219 779.006530761719 780.720581054688 781.923950195312 782.78076171875 786.187561035156 788.029357910156 789.642028808594 788.088745117188 789.358337402344 791.305541992188 793.671203613281 -3.4e+38 799.313720703125 804.072814941406 809.157043457031 811.937744140625 817.844665527344 823.553283691406 828.490051269531 833.327026367188 866.813598632812 -3.4e+38 855.656005859375 847.998474121094
759.790710449219 760.854431152344 761.896118164062 762.896545410156 763.578552246094 764.331237792969 -3.4e+38 766.487609863281 769.403503417969 770.56201171875 770.24755859375 771.421691894531 772.628784179688 774.235473632812 772.7666015625 772.592224121094 774.086547851562 774.87548828125 775.8681640625 -3.4e+38 -3.4e+38 -3.4e+38 -3.4e+38 777.509582519531 778.84521484375 779.729614257812 780.653686523438 781.923950195312 782.440185546875 786.717956542969 788.136596679688 790.206909179688 789.829223632812 789.428771972656 791.449829101562 793.425476074219 796.564086914062 800.634216308594 804.097473144531 807.853332519531 811.369323730469 817.796813964844 822.428833007812 827.830200195312 832.213623046875 886.874328613281 969.222900390625 845.791748046875 848.115478515625
760.407348632812 761.440124511719 763.993713378906 764.661560058594 766.567443847656 768.0693359375 768.549682617188 769.462219238281 770.855285644531 773.304870605469 774.05859375 775.540954589844 776.718566894531 777.491943359375 775.335754394531 -3.4e+38 776.614013671875 778.164672851562 779.12890625 779.561279296875 779.800720214844 779.552490234375 779.617370605469 779.372314453125 781.435607910156 782.740417480469 783.231628417969 783.848815917969 783.329772949219 785.759216308594 787.190063476562 788.621948242188 789.286560058594 790.183044433594 791.599670410156 794.17236328125 797.315063476562 800.276489257812 802.6767578125 806.854309082031 811.629760742188 819.272644042969 822.329711914062 826.279602050781 832.194519042969 -3.4e+38 929.300415039062 844.368347167969 846.776000976562
763.686462402344 764.832824707031 766.918640136719 767.777221679688 771.103271484375 771.965270996094 773.511779785156 772.182067871094 772.867309570312 775.707946777344 776.528686523438 778.487609863281 780.272277832031 780.09326171875 778.054016113281 777.670959472656 778.896667480469 781.125915527344 781.902221679688 782.958679199219 783.90234375 783.099243164062 782.666381835938 781.588928222656 783.668212890625 785.820739746094 785.92138671875 786.621459960938 785.727722167969 786.331115722656 787.765625 789.346740722656 789.803283691406 790.306884765625 791.134216308594 794.065124511719 -3.4e+38 -3.4e+38 802.858154296875 806.914001464844 812.261596679688 820.985107421875 824.282653808594 827.938781738281 833.456970214844 850.824768066406 870.887268066406 843.4951171875 847.660217285156
768.53125 769.486083984375 771.705078125 773.292236328125 776.785339355469 778.116149902344 779.389282226562 778.203430175781 777.311462402344 779.088500976562 779.761657714844 782.059753417969 783.744079589844 783.065185546875 781.506408691406 781.223571777344 780.798950195312 782.807739257812 785.135192871094 786.957214355469 788.140808105469 786.696655273438 786.351196289062 785.248840332031 785.356628417969 787.263305664062 787.473205566406 788.563171386719 788.338073730469 788.412292480469 788.887817382812 791.218627929688 792.030883789062 790.900329589844 792.688354492188 794.1728515625 797.032043457031 800.009826660156 804.75732421875 808.767639160156 813.581481933594 822.301879882812 825.872192382812 831.037658691406 834.636047363281 839.764404296875 844.085266113281 843.227478027344 848.533447265625
774.914306640625 776.981689453125 781.590454101562 784.273498535156 784.473022460938 785.354553222656 786.417419433594 782.754943847656 781.786926269531 783.223754882812 785.050048828125 785.62255859375 787.461791992188 786.780395507812 786.369384765625 785.586791992188 784.614501953125 785.020812988281 788.779663085938 792.509033203125 793.235168457031 791.003540039062 790.467956542969 788.516662597656 786.726135253906 787.610961914062 788.590087890625 789.865173339844 791.486511230469 791.125671386719 789.825744628906 791.432983398438 792.739501953125 792.712219238281 793.892883300781 795.11767578125 -3.4e+38 800.55078125 804.536682128906 808.496398925781 812.4130859375 820.837280273438 825.743530273438 831.921020507812 835.248901367188 837.111877441406 840.351806640625 845.341186523438 850.368225097656
782.651245117188 786.922729492188 789.846130371094 789.96923828125 788.821594238281 790.502685546875 789.110961914062 786.675109863281 786.540893554688 787.939086914062 790.783325195312 792.8525390625 792.417236328125 791.082214355469 789.748168945312 788.421447753906 787.964050292969 787.822143554688 791.217346191406 793.912353515625 794.325073242188 794.653686523438 794.093872070312 792.04345703125 790.374145507812 790.5341796875 790.867370605469 792.018615722656 794.150268554688 794.425415039062 792.001281738281 791.692687988281 793.979248046875 794.772338867188 793.301086425781 795.287658691406 797.916931152344 800.524353027344 804.752868652344 808.404052734375 813.180969238281 820.795776367188 826.160949707031 830.844055175781 834.554260253906 -3.4e+38 842.105224609375 848.014221191406 851.368591308594
788.466979980469 789.982177734375 790.712585449219 791.388977050781 790.943542480469 793.453430175781 793.663635253906 793.192260742188 792.460083007812 792.59765625 795.25537109375 797.338623046875 796.498718261719 794.423583984375 792.298583984375 792.450317382812 791.567138671875 790.822021484375 793.106811523438 794.747680664062 796.475280761719 798.96533203125 797.483764648438 796.573059082031 794.758178710938 794.299865722656 793.2158203125 794.301208496094 796.04638671875 797.665893554688 794.852661132812 793.60205078125 796.273315429688 796.587097167969 796.063232421875 798.508056640625 -3.4e+38 804.797485351562 808.498352050781 810.955200195312 816.125793457031 822.538391113281 826.62353515625 830.496032714844 834.794311523438 838.99609375 843.855834960938 848.380554199219 853.198547363281
797.261413574219 797.028991699219 795.937133789062 796.673156738281 795.78125 798.234802246094 800.033203125 800.261962890625 800.014526367188 799.634521484375 799.89306640625 801.93505859375 800.3896484375 799.066040039062 796.90087890625 797.565124511719 797.076477050781 795.686218261719 796.358764648438 797.394348144531 799.078186035156 799.381042480469 799.139831542969 800.494201660156 800.107299804688 798.044067382812 796.644348144531 797.955444335938 800.611083984375 799.880676269531 797.122924804688 797.099426269531 800.622497558594 802.020812988281 803.309997558594 806.692260742188 804.91552734375 808.094482421875 811.322265625 814.785705566406 820.805053710938 827.10595703125 829.78271484375 833.643005371094 838.037414550781 840.567749023438 845.309936523438 849.536865234375 855.080993652344
803.864013671875 804.401245117188 802.248107910156 803.822143554688 804.503051757812 804.307312011719 805.275329589844 805.711608886719 806.237609863281 805.128295898438 804.489379882812 803.877136230469 803.180725097656 802.57470703125 801.106506347656 801.901000976562 801.563781738281 799.470886230469 799.01416015625 799.245727539062 800.7216796875 801.743408203125 803.783569335938 805.211975097656 805.322326660156 802.924865722656 802.199951171875 801.503845214844 803.801513671875 802.49169921875 801.26220703125 800.45263671875 803.064819335938 805.37548828125 806.607788085938 810.742248535156 809.89990234375 812.241149902344 815.279479980469 818.619995117188 822.777587890625 832.142272949219 835.919616699219 838.6005859375 842.445068359375 843.258117675781 847.358520507812 852.330017089844 858.279052734375
809.141296386719 809.884155273438 807.7978515625 808.734252929688 808.126159667969 808.433776855469 808.871459960938 810.035278320312 810.020751953125 809.283569335938 807.580871582031 805.742309570312 805.709045410156 805.930480957031 806.08984375 805.992919921875 805.509948730469 803.96142578125 803.277648925781 803.479125976562 804.030334472656 804.077697753906 -3.4e+38 807.688171386719 808.400146484375 808.164794921875 807.89990234375 805.461059570312 806.557739257812 807.546447753906 805.277954101562 804.289978027344 805.467895507812 808.263122558594 810.173095703125 812.8408203125 815.920288085938 818.932312011719 821.45361328125 824.020385742188 828.021362304688 833.597839355469 838.677856445312 842.713439941406 845.266357421875 846.712951660156 850.377563476562 854.548278808594 860.181518554688
