rcp8.5models/CNRM-CM5/sc1gr10.34
NCOLS 261 
NROWS 433 
XLLCORNER 336357.134 
YLLCORNER 654653.479 
CELLSIZE 1000 
NODATA_value -9999 
[rows 230 to 252 of 433, columns 200 to 249 of 261]
1146.9365234375 1139.67504882812 1142.08532714844 1163.10485839844 1163.05590820312 1152.13122558594 1158.15795898438 1148.83178710938 1139.78955078125 1137.59411621094 1134.44506835938 1133.19982910156 1132.23327636719 1130.95263671875 1128.57202148438 1127.64636230469 1126.44262695312 1125.64270019531 1125.0849609375 1124.55358886719 1123.79443359375 1122.30517578125 1120.76965332031 1119.71337890625 1119.20227050781 1118.85852050781 1117.27124023438 1115.23400878906 -9999 -9999 -9999 -9999 -9999 1106.38122558594 1105.3876953125 1103.67102050781 1101.88464355469 1098.96862792969 1099.97253417969 -9999 -9999 -9999 -9999 -9999 -9999 -9999 -9999 -9999 -9999 -9999
1169.97424316406 1160.47595214844 1160.66198730469 1156.95446777344 1153.08679199219 1149.26684570312 1146.85986328125 1149.88500976562 1145.06079101562 1142.02075195312 1146.53930664062 1140.59643554688 1134.93896484375 1135.72644042969 1134.23986816406 1133.18347167969 1133.16784667969 1133.43139648438 1132.41943359375 1131.99890136719 1131.05187988281 1129.56079101562 1128.63415527344 1128.34069824219 1126.73815917969 1124.64233398438 1121.61657714844 -9999 -9999 -9999 -9999 -9999 -9999 -9999 -9999 -9999 1106.27978515625 1104.95288085938 1101.79943847656 1100.08862304688 -9999 -9999 -9999 -9999 -9999 -9999 -9999 -9999 -9999 -9999
1182.09033203125 1166.58605957031 1166.16442871094 1160.82360839844 1153.18286132812 1151.20166015625 1145.27502441406 1144.89916992188 1144.67102050781 1142.88623046875 1147.01977539062 1143.09008789062 1138.14733886719 1138.36499023438 1137.779296875 1136.82629394531 1136.91516113281 1137.40844726562 1137.09252929688 1136.15356445312 1134.62683105469 1133.09118652344 1132.22314453125 1132.21960449219 1130.47314453125 1127.12097167969 1124.37622070312 1123.40051269531 -9999 -9999 -9999 -9999 -9999 -9999 -9999 -9999 -9999 1107.19140625 1104.89587402344 1103.50402832031 1100.9619140625 1099.43835449219 -9999 -9999 -9999 -9999 -9999 -9999 -9999 -9999
1171.46520996094 1167.23657226562 1166.11413574219 1169.00573730469 1154.52282714844 1155.76257324219 1153.27648925781 -9999 1145.86120605469 1146.060546875 1146.380859375 1143.93835449219 1141.89562988281 1141.6982421875 1141.69030761719 1141.66748046875 1141.56408691406 1141.25720214844 1141.22790527344 1139.732421875 1138.19873046875 1137.05078125 1136.54650878906 1135.30249023438 1132.767578125 1130.05920410156 1127.29943847656 -9999 -9999 -9999 -9999 -9999 1119.75207519531 -9999 -9999 -9999 -9999 1109.22058105469 -9999 1104.7412109375 1103.56640625 -9999 -9999 -9999 -9999 -9999 -9999 -9999 -9999 -9999
1166.30078125 1167.0947265625 1166.39221191406 1168.60925292969 1159.67687988281 1157.091796875 1164.13159179688 1166.09802246094 1147.61669921875 1148.68041992188 1147.56420898438 1146.6123046875 1146.15832519531 1145.712890625 1145.73181152344 1146.49035644531 1145.53869628906 1144.85852050781 1144.78039550781 1143.28039550781 1141.75634765625 1140.46337890625 1139.42932128906 1137.50512695312 1135.20275878906 1133.49560546875 1130.75085449219 1130.43322753906 1128.62670898438 1126.31579589844 -9999 1123.24865722656 1123.69128417969 1119.98620605469 1118.11694335938 -9999 -9999 1111.630859375 1109.16101074219 -9999 1106.015625 -9999 1102.67358398438 -9999 -9999 -9999 -9999 -9999 -9999 -9999
1167.95532226562 1165.96264648438 1166.6162109375 1168.76611328125 1167.42150878906 1160.28955078125 1163.86633300781 1168.38696289062 1153.6533203125 1151.50573730469 1152.02099609375 1152.77514648438 1150.80639648438 1149.44616699219 1149.42272949219 1150.43078613281 1149.10095214844 -9999 1147.54724121094 1146.81323242188 1145.24768066406 1143.62915039062 1142.03930664062 1140.40905761719 1138.73156738281 1136.98071289062 1134.24157714844 1133.87231445312 1131.99987792969 1129.70532226562 1126.978515625 1126.24169921875 1126.22204589844 1122.9306640625 -9999 -9999 -9999 1113.3232421875 1111.23999023438 1108.759765625 1107.23474121094 -9999 1104.93811035156 1102.47009277344 -9999 -9999 -9999 -9999 -9999 -9999
1170.49096679688 1166.23205566406 1167.7802734375 1171.57250976562 1170.97351074219 1167.06689453125 1161.99780273438 1159.841796875 1158.06274414062 1155.54296875 1156.29162597656 1157.80847167969 1154.048828125 1152.9013671875 1152.86450195312 1153.89013671875 1152.94873046875 1152.33239746094 1151.88928222656 1151.67004394531 -9999 1148.20983886719 1148.39526367188 1145.27612304688 1142.24377441406 1140.5302734375 1137.69738769531 1136.93725585938 1134.25952148438 1132.36169433594 1130.30322265625 1129.10375976562 1128.28796386719 1125.31994628906 -9999 1122.42932128906 -9999 -9999 1113.48413085938 -9999 -9999 -9999 1107.28161621094 1104.92529296875 -9999 -9999 -9999 -9999 -9999 -9999
1173.75915527344 1170.79736328125 1170.97485351562 1172.63598632812 1171.70788574219 1169.85241699219 1167.41857910156 -9999 1161.39050292969 1159.97045898438 1161.40893554688 1160.48693847656 1157.95922851562 1157.04431152344 1156.82165527344 1157.34582519531 1156.98364257812 1157.25329589844 1155.78686523438 -9999 1153.05981445312 1153.75903320312 1155.80676269531 1150.603515625 1145.71313476562 1143.97302246094 1140.73266601562 1139.26123046875 1136.86181640625 1135.21337890625 1133.71325683594 1132.48913574219 1131.38537597656 1128.12756347656 1126.45458984375 1124.64770507812 1121.76489257812 -9999 -9999 -9999 -9999 -9999 -9999 1107.72424316406 1105.55395507812 -9999 -9999 -9999 -9999 -9999
1172.05810546875 1171.63403320312 1173.48937988281 1175.03723144531 1176.53833007812 1169.63232421875 1169.65673828125 1167.06811523438 1165.05505371094 1164.63110351562 1164.109375 1162.31323242188 1161.44079589844 1161.02526855469 1160.68542480469 1160.75329589844 1160.630859375 1161.82580566406 1160.34692382812 1159.00256347656 1159.78002929688 1159.63842773438 1158.82922363281 1153.85412597656 1149.11206054688 1147.34460449219 1144.63989257812 1141.98291015625 1140.20568847656 1138.78503417969 1137.92150878906 1136.33129882812 1134.46838378906 1131.47290039062 1129.51965332031 1127.12841796875 1124.18444824219 -9999 -9999 -9999 -9999 -9999 -9999 1110.45617675781 1108.71997070312 1106.42016601562 -9999 -9999 -9999 -9999
1173.033203125 1171.38061523438 1174.89270019531 1177.19860839844 1179.51794433594 1173.39782714844 1169.57849121094 1169.68395996094 1167.90087890625 1167.52526855469 1165.79504394531 1164.65283203125 1164.4365234375 1165.18725585938 1164.05310058594 1164.15466308594 1164.43542480469 1167.62854003906 1168.2685546875 1165.25659179688 1164.87048339844 1165.74584960938 1161.93029785156 1155.88171386719 1153.19775390625 1152.16369628906 1149.19897460938 1145.33081054688 1143.50366210938 1142.37182617188 1142.33117675781 1140.81774902344 1137.9111328125 1135.35314941406 1132.8427734375 1130.61901855469 1127.67077636719 -9999 1120.11340332031 1117.52978515625 -9999 -9999 -9999 -9999 1111.23547363281 1108.63256835938 -9999 -9999 -9999 -9999
1176.78894042969 1174.72534179688 1175.57727050781 1175.85925292969 1176.71350097656 1175.3935546875 1171.92321777344 1171.7666015625 1172.04516601562 1170.13806152344 1170.45678710938 1171.92102050781 1170.09191894531 1169.10034179688 1167.02990722656 1167.38842773438 -9999 1172.08911132812 1173.38159179688 1169.73071289062 1166.09887695312 1167.04248046875 1163.91821289062 1158.88659667969 1157.59643554688 1157.21533203125 1150.42395019531 1147.89672851562 1146.83618164062 1146.32458496094 1147.55908203125 1145.68029785156 1142.22216796875 1139.02819824219 1136.09814453125 1133.69970703125 1130.26879882812 1124.91247558594 1123.00598144531 1121.5185546875 -9999 -9999 -9999 -9999 1112.11242675781 1110.798828125 1108.59545898438 -9999 -9999 -9999
1178.64538574219 1178.05065917969 1176.7021484375 1178.46838378906 1178.34375 1177.13903808594 1177.85668945312 1176.17565917969 1175.4638671875 1175.5791015625 1177.79248046875 1178.02453613281 1173.89624023438 -9999 1170.04968261719 1170.23083496094 -9999 1172.49304199219 1173.95568847656 1173.47546386719 1169.05297851562 1166.72351074219 1165.23608398438 1163.69360351562 1161.83850097656 1159.49255371094 1151.8955078125 1150.2763671875 1148.99084472656 1148.93725585938 1151.24987792969 1149.30444335938 1144.87573242188 1141.75866699219 1139.93310546875 1136.73852539062 1133.22863769531 1126.9609375 1125.05834960938 -9999 -9999 -9999 -9999 1115.13757324219 1113.48999023438 1112.26440429688 1110.52941894531 -9999 -9999 -9999
1182.548828125 1180.90661621094 1179.88562011719 1185.16345214844 1186.7109375 1184.41906738281 1184.10095214844 1180.46337890625 1179.32678222656 1180.29431152344 1181.36645507812 1180.16809082031 1176.21850585938 1174.23608398438 1173.61352539062 -9999 -9999 1174.36376953125 1177.01159667969 1176.95959472656 1171.98645019531 1168.6123046875 1170.16162109375 1171.06762695312 1166.76879882812 1163.43591308594 1155.70971679688 1153.27575683594 1151.46154785156 1151.81286621094 1154.40454101562 1151.138671875 1146.53002929688 1144.24694824219 1142.01538085938 1138.00280761719 1135.43811035156 1129.91455078125 1127.06506347656 1124.38989257812 -9999 -9999 -9999 -9999 1116.21276855469 1114.5205078125 1112.73779296875 1110.85827636719 -9999 -9999
1193.025390625 1193.37268066406 1193.14501953125 1194.79602050781 1192.16247558594 1189.17639160156 1186.86694335938 1186.19958496094 1184.76245117188 1182.91882324219 1183.34753417969 1183.43408203125 1181.45300292969 1181.25537109375 1181.16320800781 -9999 -9999 1179.23327636719 1182.6826171875 1182.79821777344 1179.63537597656 1177.21215820312 1177.06323242188 1177.35095214844 1171.97619628906 1167.02514648438 1161.87902832031 1160.14208984375 1159.55908203125 1159.60119628906 1157.54858398438 1154.60656738281 1150.80383300781 1147.85498046875 1144.89245605469 1142.025390625 1138.91003417969 1135.08923339844 1132.87023925781 1129.74365234375 -9999 -9999 1123.48156738281 -9999 -9999 -9999 -9999 1114.48547363281 1110.892578125 -9999
1196.51110839844 1196.62377929688 1196.82080078125 1193.41784667969 1191.15368652344 1189.13208007812 1187.23156738281 1185.89990234375 1186.07189941406 1186.46557617188 1186.21032714844 1185.20629882812 1184.19165039062 1183.34533691406 1186.439453125 1184.20397949219 -9999 -9999 1182.05895996094 1185.17456054688 1184.767578125 1181.83532714844 1178.72424316406 1176.93432617188 1173.87780761719 1168.52038574219 1164.21936035156 1163.60302734375 1164.86486816406 1162.97094726562 1159.31958007812 1156.61694335938 1153.56994628906 1149.93579101562 1147.36633300781 1145.23620605469 1142.26354980469 1139.07775878906 1136.32495117188 1132.08654785156 -9999 1127.58923339844 1125.50805664062 1122.87854003906 -9999 -9999 -9999 1116.65356445312 1112.42456054688 -9999
1193.83374023438 1194.47827148438 1196.91418457031 1191.42028808594 1191.55639648438 1189.55700683594 1189.46008300781 1188.74670410156 1188.59387207031 1188.39074707031 1188.03491210938 1187.10949707031 1186.73425292969 1187.41088867188 1191.64685058594 1189.05944824219 1183.2822265625 1182.97778320312 1183.50524902344 1185.8876953125 1187.46716308594 1184.41564941406 -9999 -9999 1175.05090332031 1171.03503417969 1169.02795410156 1167.83813476562 1168.25451660156 1163.66052246094 1160.70556640625 1158.7265625 1155.63122558594 1151.28161621094 1149.27233886719 1147.32897949219 1144.94445800781 1142.38549804688 1138.87939453125 1134.36181640625 -9999 1128.64245605469 1126.8984375 1124.80529785156 1122.78527832031 1121.7021484375 -9999 1118.52307128906 1114.15942382812 1112.39733886719
1192.97961425781 1193.04577636719 1194.76806640625 1192.73510742188 1192.12194824219 1191.35095214844 1191.53430175781 1191.85070800781 1191.87084960938 1191.01123046875 1190.70947265625 1190.49475097656 1189.98522949219 1193.46960449219 1197.25549316406 1193.83508300781 1188.59497070312 1185.91381835938 1185.779296875 1186.76232910156 1187.96411132812 1185.60217285156 -9999 -9999 1177.59594726562 1176.23388671875 1175.26513671875 1171.49035644531 1169.19396972656 1165.05151367188 1161.73937988281 1159.73620605469 1157.3271484375 1154.31750488281 1152.72521972656 1150.67553710938 1146.82946777344 1142.802734375 1139.25268554688 1135.79370117188 1131.52917480469 1129.70239257812 1127.94616699219 1126.37927246094 1125.37707519531 1123.43176269531 -9999 1120.05725097656 1116.27258300781 1113.939453125
1193.93103027344 1193.59448242188 1193.833984375 1195.12524414062 1194.30920410156 1193.84777832031 1193.62561035156 1194.47644042969 1195.48278808594 1195.56286621094 -9999 1194.78344726562 1192.90380859375 1195.8583984375 1202.37194824219 1198.33129882812 1193.67395019531 1189.3857421875 1188.6796875 1189.63842773438 1190.46215820312 1188.22595214844 -9999 -9999 1182.43212890625 1183.6201171875 1179.34936523438 1173.82299804688 1171.87548828125 1169.91748046875 1164.40856933594 1161.91540527344 1159.56555175781 1157.11303710938 1156.26684570312 1153.89697265625 1149.79809570312 1143.39697265625 1140.49694824219 1137.36193847656 1134.56726074219 1132.38684082031 1129.73120117188 1128.13623046875 1126.76843261719 1124.79235839844 1122.42004394531 -9999 1117.00366210938 1114.822265625
1194.77734375 1195.20690917969 1195.57446289062 1197.45141601562 1197.52209472656 1196.66625976562 1196.73815917969 1198.98779296875 1201.14343261719 1199.80249023438 1198.70043945312 1200.35388183594 1197.66857910156 1196.69372558594 1203.72277832031 1198.83666992188 1195.06994628906 1192.44616699219 1192.41906738281 1194.34680175781 1192.91320800781 1188.65258789062 1185.6142578125 -9999 1185.05310058594 1188.37426757812 1181.060546875 1178.28649902344 1176.27709960938 1172.77978515625 1168.07141113281 1165.75085449219 1162.83874511719 1159.78100585938 1159.19909667969 1155.23669433594 1152.27746582031 1145.966796875 1142.36926269531 1139.56018066406 1136.87670898438 1134.81884765625 1132.44616699219 1130.32885742188 1127.77624511719 1126.03625488281 -9999 -9999 1117.31787109375 1115.99743652344
1198.58984375 1197.0419921875 1198.36865234375 1200.3671875 1199.14147949219 1198.90576171875 1201.30786132812 1206.16247558594 1206.74426269531 1202.18872070312 1203.35815429688 1205.095703125 1200.83142089844 1201.3134765625 1201.79516601562 1199.2119140625 1198.33654785156 1196.62170410156 1196.32299804688 1195.2509765625 1192.55517578125 1189.5107421875 1189.69982910156 1187.08984375 1187.45764160156 1190.83166503906 1184.12805175781 -9999 1180.74304199219 1175.60131835938 1172.53369140625 1170.38696289062 1165.62902832031 1163.51672363281 1161.97277832031 1156.54052734375 1153.87390136719 1147.79663085938 1143.55627441406 1141.39392089844 1138.63562011719 1136.0078125 1134.14868164062 1132.14782714844 1129.86303710938 1128.12805175781 1126.03405761719 1123.24169921875 -9999 -9999
1201.39440917969 1199.98852539062 1202.5693359375 1202.28869628906 1201.0634765625 1202.67053222656 1208.50256347656 1212.02880859375 1207.70861816406 1205.73449707031 1207.35717773438 1207.60412597656 1203.83068847656 1205.77709960938 1204.38305664062 1204.60668945312 1204.86413574219 1203.64685058594 1199.93762207031 1196.14721679688 1194.25146484375 1194.25341796875 1193.15319824219 1191.09191894531 1190.56848144531 1191.33569335938 1188.556640625 1186.21423339844 1182.45129394531 1178.681640625 1176.87854003906 1173.59985351562 1168.77307128906 1166.52502441406 1163.50061035156 1157.6640625 1155.01782226562 1148.95129394531 1145.26721191406 1143.40124511719 1141.36181640625 1139.00561523438 1137.14636230469 1134.67175292969 1131.48913574219 1129.45275878906 1126.61547851562 1124.384765625 -9999 1117.88073730469
1202.81628417969 1204.09753417969 1206.3994140625 1203.44958496094 1204.69702148438 1208.29223632812 1213.1689453125 1214.1650390625 1209.33422851562 1210.26550292969 1211.70239257812 1212.20483398438 1209.76184082031 1209.02661132812 -9999 1210.65563964844 1211.92956542969 1209.763671875 1204.50146484375 1198.77514648438 1195.59851074219 1197.52709960938 1197.81884765625 1196.84619140625 1194.00280761719 1191.80895996094 1194.17956542969 1190.17504882812 1184.39367675781 1184.36315917969 1180.97961425781 1176.63134765625 1171.38464355469 1166.66455078125 1164.06335449219 1159.50622558594 1154.96813964844 1150.32348632812 1147.88793945312 1146.07958984375 1144.283203125 1142.46496582031 1140.20849609375 1136.4833984375 1132.34973144531 1129.99560546875 1126.88684082031 -9999 -9999 1118.9326171875
1206.97241210938 1210.18017578125 1208.2802734375 1206.01538085938 1209.94836425781 1213.35363769531 1214.39904785156 1216.03356933594 1214.21228027344 1216.03356933594 1216.94592285156 1217.94470214844 1217.18334960938 1212.74658203125 1211.63391113281 1214.49145507812 1214.95434570312 1210.04992675781 1204.97717285156 1200.58264160156 1197.37341308594 1199.14794921875 1201.95544433594 1202.30017089844 1198.03442382812 1195.17370605469 1196.35559082031 1190.57421875 1186.29467773438 1186.87719726562 1183.22155761719 1178.6064453125 1173.10913085938 1167.96789550781 1164.20495605469 1160.70776367188 1157.10607910156 1151.93591308594 1151.57531738281 1149.73754882812 1148.24816894531 1145.978515625 1140.69274902344 1137.51232910156 1133.75769042969 1131.16906738281 1128.58520507812 -9999 -9999 1120.94323730469
