rcp8.5models/CNRM-CM5/sc1gr5.34
NCOLS 261 
NROWS 433 
XLLCORNER 336357.134 
YLLCORNER 654653.479 
CELLSIZE 1000 
NODATA_value -9999 
[rows 110 to 131 of 433, columns 150 to 199 of 261]
301.518768310547 301.511779785156 301.679595947266 302.064880371094 301.990631103516 301.983520507812 301.976379394531 301.96923828125 302.042633056641 302.049163818359 302.106994628906 302.122741699219 302.303283691406 302.694488525391 302.753265380859 302.300109863281 302.071166992188 302.224090576172 302.405364990234 302.755889892578 -9999 -9999 302.776153564453 303.081573486328 -9999 -9999 -9999 -9999 -9999 -9999 -9999 -9999 -9999 -9999 -9999 -9999 -9999 -9999 -9999 -9999 -9999 -9999 -9999 -9999 -9999 -9999 -9999 -9999 -9999 -9999
301.419311523438 -9999 301.966491699219 302.139373779297 302.082153320312 302.075012207031 302.038726806641 301.965362548828 301.999938964844 302.026702880859 302.167877197266 302.095825195312 302.251251220703 302.628112792969 302.503814697266 302.010772705078 301.948547363281 302.221557617188 302.413635253906 302.821624755859 -9999 302.634429931641 302.826538085938 -9999 -9999 -9999 -9999 -9999 -9999 -9999 -9999 -9999 -9999 -9999 -9999 -9999 -9999 -9999 -9999 -9999 -9999 -9999 -9999 -9999 -9999 -9999 -9999 -9999 -9999 -9999
301.412261962891 301.468811035156 301.753875732422 301.821319580078 302.092346191406 302.009490966797 302.113433837891 302.027282714844 302.042205810547 302.110443115234 -9999 302.217742919922 302.282745361328 302.291809082031 302.21337890625 302.0068359375 301.912536621094 302.057708740234 302.189331054688 303.025329589844 302.825561523438 302.504943847656 302.684539794922 302.918243408203 302.988800048828 -9999 -9999 -9999 -9999 -9999 -9999 -9999 -9999 -9999 -9999 -9999 -9999 -9999 -9999 -9999 -9999 -9999 -9999 -9999 -9999 -9999 -9999 -9999 -9999 -9999
301.378204345703 301.656219482422 301.920745849609 301.78857421875 301.807342529297 301.972442626953 302.131286621094 302.10205078125 302.109710693359 302.125152587891 302.227600097656 302.280700683594 302.113006591797 302.104461669922 302.129486083984 301.971099853516 301.821380615234 302.030548095703 302.346160888672 302.835205078125 302.963684082031 302.669738769531 302.503631591797 -9999 302.983154296875 -9999 -9999 -9999 -9999 -9999 -9999 -9999 -9999 -9999 -9999 -9999 -9999 -9999 -9999 -9999 -9999 -9999 -9999 -9999 -9999 -9999 -9999 -9999 -9999 -9999
301.532531738281 302.031951904297 302.093597412109 301.682556152344 301.539184570312 301.703796386719 301.746612548828 301.739562988281 -9999 302.033508300781 302.136993408203 302.157775878906 301.904510498047 301.650207519531 301.696899414062 301.911590576172 301.864929199219 302.065307617188 302.344635009766 302.49267578125 302.472290039062 302.568267822266 302.730895996094 302.891998291016 302.918914794922 302.975006103516 -9999 -9999 -9999 -9999 -9999 -9999 -9999 -9999 -9999 -9999 -9999 -9999 -9999 -9999 -9999 -9999 -9999 -9999 -9999 -9999 -9999 -9999 -9999 -9999
301.427032470703 301.487731933594 301.480712890625 301.523345947266 301.554534912109 301.422149658203 301.489196777344 301.320831298828 301.365692138672 -9999 301.287170410156 301.531616210938 301.781402587891 301.750518798828 301.758544921875 301.903533935547 301.943908691406 301.968719482422 301.991516113281 302.055816650391 302.226501464844 302.762512207031 302.986541748047 302.97900390625 302.911224365234 -9999 -9999 -9999 -9999 -9999 -9999 -9999 -9999 -9999 -9999 -9999 -9999 -9999 -9999 -9999 -9999 -9999 -9999 -9999 -9999 -9999 -9999 -9999 -9999 -9999
301.412200927734 301.416229248047 301.420318603516 301.300628662109 301.30078125 301.121704101562 300.935089111328 300.960418701172 301.068145751953 300.985137939453 301.314544677734 301.49755859375 301.777374267578 301.993133544922 301.86865234375 301.590942382812 301.805084228516 301.884948730469 301.900360107422 302.066833496094 302.314392089844 302.928405761719 302.948547363281 302.879730224609 302.880676269531 302.853607177734 -9999 -9999 -9999 -9999 -9999 -9999 -9999 -9999 -9999 -9999 -9999 -9999 -9999 -9999 -9999 -9999 -9999 -9999 -9999 -9999 -9999 -9999 -9999 -9999
301.315063476562 301.199096679688 301.334869384766 301.085113525391 300.744812011719 300.621826171875 300.312805175781 300.378509521484 300.164184570312 300.552001953125 301.021087646484 301.369995117188 301.399566650391 301.625091552734 301.484252929688 301.244964599609 301.595489501953 301.761535644531 301.656768798828 302.109436035156 302.284912109375 302.810791015625 302.796417236328 302.667755126953 302.579193115234 302.868927001953 -9999 -9999 -9999 -9999 -9999 -9999 -9999 -9999 -9999 -9999 -9999 -9999 -9999 -9999 -9999 -9999 -9999 -9999 -9999 -9999 -9999 -9999 -9999 -9999
301.107818603516 300.776123046875 301.150024414062 300.817138671875 300.358947753906 300.156860351562 299.776092529297 300.087280273438 299.683837890625 300.410919189453 300.663208007812 301.306030273438 301.591827392578 301.636291503906 301.263977050781 301.113250732422 301.345031738281 301.495849609375 301.511932373047 301.981353759766 302.114501953125 302.314880371094 302.286254882812 302.222106933594 302.270874023438 302.784576416016 -9999 -9999 -9999 -9999 -9999 -9999 -9999 -9999 -9999 -9999 -9999 -9999 -9999 -9999 -9999 -9999 -9999 -9999 -9999 -9999 -9999 -9999 -9999 -9999
300.952545166016 300.520782470703 300.964721679688 300.640472412109 300.168395996094 299.678619384766 299.407623291016 300.053680419922 300.053405761719 300.617279052734 301.154602050781 301.405242919922 -9999 301.570709228516 301.259704589844 301.116546630859 301.434967041016 301.694641113281 301.698364257812 301.945159912109 301.984588623047 301.977081298828 301.969573974609 301.962005615234 302.092071533203 302.553039550781 -9999 -9999 -9999 302.749908447266 -9999 -9999 -9999 -9999 -9999 -9999 -9999 -9999 -9999 -9999 -9999 -9999 -9999 -9999 -9999 -9999 -9999 -9999 -9999 -9999
301.035522460938 300.858764648438 300.892120361328 300.322875976562 299.869659423828 299.440002441406 298.908843994141 299.706817626953 300.165588378906 300.562316894531 301.050567626953 301.372344970703 301.411224365234 301.250122070312 300.969390869141 301.325408935547 301.44775390625 301.767486572266 301.993072509766 302.049621582031 301.980255126953 301.972717285156 301.729614257812 301.530975341797 302.010131835938 302.204833984375 302.547058105469 302.882141113281 302.82275390625 302.685913085938 302.898010253906 -9999 -9999 -9999 -9999 -9999 -9999 -9999 -9999 -9999 -9999 -9999 -9999 -9999 -9999 -9999 -9999 -9999 -9999 -9999
301.135406494141 301.128448486328 -9999 300.290374755859 299.461242675781 299.306610107422 298.953521728516 299.531372070312 300.162445068359 300.543823242188 301.107696533203 301.117584228516 301.080505371094 -9999 300.780090332031 301.275817871094 301.441955566406 301.841217041016 302.170379638672 302.063201904297 302.070587158203 301.862976074219 301.308441162109 301.359191894531 302.032257080078 301.98388671875 302.087677001953 302.527648925781 302.696868896484 -9999 302.769622802734 302.719329833984 -9999 -9999 -9999 -9999 -9999 -9999 -9999 -9999 -9999 -9999 -9999 -9999 -9999 -9999 -9999 -9999 -9999 -9999
301.035980224609 301.057006835938 300.926574707031 300.111877441406 299.298217773438 299.190856933594 298.929351806641 299.320434570312 300.412872314453 300.797088623047 300.840942382812 300.926940917969 301.033843994141 300.988616943359 300.642028808594 301.190338134766 301.541931152344 301.970428466797 302.026489257812 301.971099853516 302.014892578125 301.911987304688 301.401214599609 301.499633789062 301.9873046875 301.933685302734 301.926147460938 302.259643554688 302.751098632812 302.646881103516 -9999 302.713165283203 302.707275390625 -9999 -9999 -9999 -9999 -9999 -9999 -9999 -9999 -9999 -9999 -9999 -9999 -9999 -9999 -9999 -9999 -9999
301.093933105469 300.890045166016 300.548675537109 300.025909423828 299.797637939453 299.281005859375 298.519378662109 299.182495117188 300.365905761719 300.547393798828 300.439453125 300.685974121094 300.725738525391 300.674255371094 300.516662597656 301.23388671875 301.4345703125 301.722351074219 301.941864013672 301.887634277344 301.978210449219 301.875762939453 301.497680664062 301.759216308594 301.800598144531 301.721588134766 302.085662841797 302.426513671875 302.785003662109 -9999 302.761535644531 302.709411621094 302.704803466797 -9999 -9999 -9999 -9999 -9999 -9999 -9999 -9999 -9999 -9999 -9999 -9999 -9999 -9999 -9999 -9999 -9999
301.056701660156 300.856475830078 300.615905761719 300.453643798828 300.093536376953 299.389099121094 298.482086181641 299.351623535156 299.971160888672 300.111755371094 300.359191894531 300.230438232422 300.069000244141 300.931671142578 300.985656738281 301.355285644531 301.521942138672 301.612335205078 301.8603515625 301.922760009766 302.020568847656 301.903076171875 301.519561767578 301.527435302734 301.355377197266 301.464691162109 302.041381835938 302.177703857422 302.471069335938 302.716705322266 302.593994140625 302.704864501953 -9999 302.690643310547 -9999 -9999 -9999 -9999 -9999 -9999 -9999 -9999 -9999 -9999 -9999 -9999 -9999 -9999 -9999 -9999
301.045135498047 300.9609375 300.706665039062 300.300628662109 299.660308837891 299.259063720703 298.927764892578 299.584747314453 299.459686279297 299.728271484375 300.168395996094 299.613220214844 299.368865966797 301.048461914062 301.343231201172 301.446990966797 301.725219726562 301.71533203125 301.57177734375 301.7509765625 302.011596679688 301.777648925781 301.382476806641 301.148315429688 301.128326416016 301.380004882812 301.792053222656 301.904968261719 302.056396484375 302.275604248047 302.713653564453 302.79541015625 302.751556396484 302.684356689453 302.678466796875 -9999 -9999 -9999 -9999 -9999 -9999 -9999 -9999 -9999 -9999 -9999 -9999 -9999 -9999 -9999
300.311065673828 300.297943115234 300.71728515625 300.421844482422 300.067474365234 300.254730224609 300.232238769531 300.15771484375 299.280303955078 299.287384033203 299.560485839844 298.739868164062 299.01513671875 300.638702392578 301.287536621094 301.408477783203 301.415313720703 301.279876708984 301.153198242188 301.651519775391 301.807098388672 301.645874023438 301.2080078125 300.999755859375 300.917510986328 301.077545166016 301.372741699219 301.895721435547 301.923034667969 301.940216064453 302.641448974609 302.794708251953 -9999 302.896026611328 302.66748046875 -9999 -9999 -9999 -9999 -9999 -9999 -9999 -9999 -9999 -9999 -9999 -9999 -9999 -9999 -9999
300.2138671875 300.447418212891 300.377532958984 300.355682373047 300.342498779297 300.407958984375 300.357940673828 300.220367431641 299.641357421875 299.350982666016 299.312896728516 298.796722412109 299.331420898438 300.546936035156 301.193725585938 301.273590087891 301.282836914062 301.22021484375 301.138336181641 301.428466796875 301.87158203125 301.721862792969 301.225463867188 300.854034423828 301.021606445312 301.303741455078 301.634704589844 301.830993652344 301.979614257812 302.251007080078 302.860656738281 302.790069580078 -9999 -9999 302.66357421875 302.659027099609 -9999 -9999 -9999 -9999 -9999 -9999 -9999 -9999 -9999 -9999 -9999 -9999 -9999 -9999
300.115936279297 300.294006347656 300.084014892578 300.127288818359 300.230010986328 300.258758544922 300.293579101562 300.062622070312 299.593872070312 299.251770019531 299.236114501953 299.240600585938 299.717437744141 300.683258056641 301.181762695312 301.254333496094 301.285400390625 301.254364013672 301.213439941406 301.332672119141 301.56201171875 301.503692626953 301.248962402344 301.037872314453 301.195983886719 301.440948486328 301.807495117188 301.840545654297 301.931671142578 302.331848144531 302.855926513672 302.785430908203 302.746185302734 302.783874511719 -9999 302.650482177734 -9999 -9999 -9999 -9999 -9999 -9999 -9999 -9999 -9999 -9999 -9999 -9999 -9999 -9999
299.919647216797 299.953186035156 300.079071044922 300.122436523438 300.123748779297 299.978485107422 300.166290283203 299.910888671875 299.183319091797 298.857421875 298.990356445312 299.28271484375 299.789184570312 300.573059082031 300.93359375 300.981536865234 301.242401123047 301.265716552734 301.171264648438 301.304321289062 301.173492431641 301.198974609375 301.252685546875 301.245147705078 301.237609863281 301.444030761719 301.877349853516 301.97607421875 301.968536376953 302.085784912109 302.815704345703 302.721649169922 302.723754882812 -9999 -9999 302.646484375 302.641998291016 -9999 -9999 -9999 -9999 -9999 -9999 -9999 -9999 -9999 -9999 -9999 -9999 -9999
299.738922119141 299.90283203125 300.206298828125 300.032104492188 299.877990722656 299.844360351562 300.067138671875 299.789184570312 298.84033203125 298.444396972656 298.115325927734 298.801971435547 299.742004394531 300.471221923828 300.601928710938 300.807434082031 301.032775878906 301.142272949219 300.960418701172 300.727905273438 300.756317138672 301.085845947266 301.314331054688 301.361999511719 301.300201416016 301.551940917969 301.884460449219 302.009002685547 301.976013183594 302.036560058594 302.819458007812 302.731201171875 302.664520263672 302.656890869141 302.649322509766 302.641723632812 302.633331298828 -9999 -9999 -9999 -9999 -9999 -9999 -9999 -9999 -9999 -9999 -9999 -9999 -9999
299.887359619141 300.073516845703 300.302520751953 299.961456298828 299.607116699219 299.556182861328 299.960540771484 299.529510498047 298.111450195312 297.443389892578 298.113952636719 299.029998779297 299.857330322266 300.351654052734 300.506408691406 300.896606445312 300.906433105469 300.940338134766 300.833648681641 300.074005126953 300.244049072266 301.033843994141 301.294097900391 301.328979492188 301.279632568359 301.526702880859 301.859527587891 301.917846679688 301.925415039062 302.084899902344 302.841552734375 302.806884765625 302.754486083984 -9999 302.739440917969 302.585327148438 302.454620361328 302.620910644531 -9999 -9999 -9999 -9999 -9999 -9999 -9999 -9999 -9999 -9999 -9999 -9999
