rcp8.5models/CNRM-CM5/sc1gr7.12
NCOLS 261 
NROWS 433 
XLLCORNER 336357.134 
YLLCORNER 654653.479 
CELLSIZE 1000 
NODATA_value -3.4e+38 
[rows 132 to 153 of 433, columns 49 to 97 of 261]
100.515937805176 100.259643554688 100.247146606445 100.107269287109 99.8321838378906 99.6509475708008 99.4810180664062 99.1764907836914 99.0788803100586 99.1113967895508 98.9933166503906 98.815673828125 98.8210678100586 98.9011917114258 98.5112686157227 98.5840606689453 98.491584777832 98.5262298583984 98.3658065795898 98.3937377929688 98.3103713989258 98.3925628662109 98.3397445678711 98.2952041625977 98.2362823486328 98.1222610473633 98.1276092529297 98.3289794921875 98.1805648803711 98.3617248535156 98.3208618164062 98.3431854248047 98.367073059082 98.2547073364258 98.3456497192383 98.4050445556641 98.4274444580078 98.2786254882812 98.600212097168 98.5866851806641 98.4839859008789 98.4634704589844 98.6606597900391 98.6596603393555 98.5708160400391 98.7267913818359 98.8146057128906 98.7585296630859 98.724494934082
100.439056396484 100.287162780762 100.285614013672 99.8986129760742 99.8868865966797 99.6797103881836 99.5072555541992 99.2341537475586 99.1470108032227 98.9659042358398 98.8879776000977 98.7181015014648 98.7388610839844 98.5901794433594 98.6443099975586 98.6141815185547 98.4016799926758 98.4545974731445 98.4343795776367 98.4373550415039 98.3022689819336 98.2775497436523 98.3060607910156 98.4087142944336 98.3105773925781 98.1894912719727 98.1123504638672 98.3214263916016 98.2151031494141 98.3309707641602 98.3854141235352 98.4497985839844 98.4146118164062 98.2893600463867 98.3777084350586 98.3879852294922 98.4597244262695 98.3736572265625 98.5389022827148 98.5729217529297 98.5529098510742 98.5057983398438 98.6489639282227 98.6943130493164 98.6616592407227 98.7578430175781 98.804328918457 98.8504257202148 98.8006286621094
100.442070007324 100.11417388916 100.188613891602 99.859260559082 99.8782501220703 99.6174697875977 99.5205612182617 99.2661209106445 99.0266647338867 98.9452362060547 98.9126892089844 98.7747192382812 98.7290802001953 98.4982223510742 98.6899642944336 98.6561889648438 98.3880233764648 98.3944473266602 98.4472045898438 98.4727020263672 98.3633193969727 98.2761993408203 98.354606628418 98.3264694213867 98.2092819213867 98.1808090209961 98.1763229370117 98.2090759277344 98.2431488037109 98.3320007324219 98.450798034668 98.4937057495117 98.5125503540039 98.3545379638672 98.4851150512695 98.4985733032227 98.5061721801758 98.4242172241211 98.5017013549805 98.5865783691406 98.657844543457 98.5909118652344 98.6592712402344 98.794921875 98.8573837280273 98.8565673828125 98.8607559204102 98.9268188476562 99.0065002441406
100.524894714355 100.228897094727 100.1396484375 99.9897842407227 99.794792175293 99.6432342529297 99.5738754272461 99.3536834716797 98.9821472167969 99.0126419067383 98.8759231567383 98.8371505737305 98.7013931274414 98.4932098388672 98.6167297363281 98.7456665039062 98.4620590209961 98.4442749023438 98.5308151245117 98.4674530029297 98.3516845703125 98.3217697143555 98.3379135131836 98.2843704223633 98.1603012084961 98.1936492919922 98.1843643188477 98.1716156005859 98.2343826293945 98.3865203857422 98.3817977905273 98.4733200073242 98.4402694702148 98.3956756591797 98.5104598999023 98.5306396484375 98.518669128418 98.3964233398438 98.5553283691406 98.6484985351562 98.7373352050781 98.7001266479492 98.7929840087891 98.8858947753906 99.0065078735352 98.9098052978516 98.9351043701172 99.0071640014648 99.0965118408203
100.506423950195 100.290817260742 100.10523223877 99.9209899902344 99.7666931152344 99.6218795776367 99.5485305786133 99.3081436157227 98.9489288330078 98.9517135620117 98.8439025878906 98.6555557250977 98.6684112548828 98.5848617553711 98.5597763061523 98.5885467529297 98.5074920654297 98.5127182006836 98.4922485351562 98.3759155273438 98.2702484130859 98.3426742553711 98.2138900756836 98.3303985595703 98.20166015625 98.1955337524414 98.1697769165039 98.2133102416992 98.2738342285156 98.4580078125 98.3700714111328 98.3737640380859 98.4387512207031 98.5010147094727 98.5351028442383 98.5009613037109 98.519401550293 98.5601196289062 98.6183776855469 98.6280517578125 98.702507019043 98.8307571411133 98.8972854614258 99.0655288696289 99.1100692749023 98.9900970458984 99.1305999755859 99.0873336791992 99.1552810668945
100.495620727539 100.252258300781 100.128135681152 99.8309936523438 99.8132629394531 99.6573791503906 99.4532165527344 99.1932373046875 99.1054229736328 98.9177780151367 98.8756942749023 98.6815414428711 98.6439514160156 98.5856857299805 98.6042251586914 98.4471435546875 98.5687637329102 98.3195877075195 98.3923110961914 98.3773498535156 98.3202056884766 98.224006652832 98.2379302978516 98.2629089355469 98.2179107666016 98.2472381591797 98.1226501464844 98.2216415405273 98.2364654541016 98.3918914794922 98.3895874023438 98.3991088867188 98.5091934204102 98.5382537841797 98.528076171875 98.5677795410156 98.5933685302734 98.6742553710938 98.6482467651367 98.6021881103516 98.6847381591797 98.9157028198242 99.0790176391602 99.0973281860352 99.0724868774414 99.0423049926758 99.2688751220703 99.2852249145508 99.3523712158203
100.544631958008 100.193710327148 100.11547088623 99.838623046875 99.8351287841797 99.5673599243164 99.3293838500977 99.3437042236328 99.0175323486328 98.9733734130859 98.6893463134766 98.6992111206055 98.6472244262695 98.5597229003906 98.5289001464844 98.463493347168 98.442985534668 98.2940521240234 98.2413101196289 98.2609024047852 98.3543319702148 98.3204498291016 98.3106079101562 98.3173904418945 98.2848281860352 98.3061141967773 98.2629776000977 98.3426361083984 98.2843170166016 98.4696197509766 98.4524459838867 98.4903411865234 98.438346862793 98.4629974365234 98.5599365234375 98.6477203369141 98.6652145385742 98.6080551147461 98.6686401367188 98.8680877685547 98.8049011230469 98.9721298217773 99.0635528564453 99.1189193725586 99.2672958374023 99.2556838989258 99.3515930175781 99.4621887207031 99.5324859619141
100.632621765137 100.413383483887 100.026580810547 99.8862457275391 99.6660842895508 99.5305786132812 99.4075698852539 99.1255722045898 98.9597320556641 98.9197158813477 98.7270202636719 98.5952377319336 98.5823593139648 98.5187759399414 98.6506652832031 98.5738525390625 98.5386810302734 98.3886489868164 98.3525924682617 98.3467636108398 98.232780456543 98.2346420288086 98.3274765014648 98.2637023925781 98.266975402832 98.2008056640625 98.2438507080078 98.32373046875 98.2314224243164 98.3431243896484 98.4129028320312 98.4370498657227 98.4139251708984 98.4496231079102 98.5668411254883 98.7038345336914 98.6488876342773 98.6598968505859 98.694580078125 98.8736953735352 98.8371963500977 99.080207824707 99.1148529052734 99.1253967285156 99.2271728515625 99.3617553710938 99.4541168212891 99.5960235595703 99.7341232299805
100.667984008789 100.400177001953 -3.4e+38 99.963493347168 99.856071472168 99.6035919189453 99.2181243896484 99.0790023803711 98.9481353759766 98.8471450805664 98.7711944580078 98.5677108764648 98.5925674438477 98.7133026123047 98.6365814208984 98.5544204711914 98.4961776733398 98.3230514526367 98.3945083618164 98.264518737793 98.212532043457 98.2469329833984 98.2879409790039 98.2723541259766 98.2454071044922 98.3088912963867 98.2803039550781 98.2610015869141 98.2557067871094 98.2888412475586 98.3625030517578 98.3418197631836 98.5228576660156 98.4920883178711 -3.4e+38 98.6480178833008 98.7382278442383 98.7770462036133 98.8203353881836 98.9547882080078 98.9931640625 99.1480178833008 99.1881484985352 99.2985382080078 99.3287200927734 99.4253082275391 99.4938583374023 99.6719284057617 99.8483352661133
100.600112915039 100.412017822266 -3.4e+38 100.000061035156 99.9005432128906 99.6824493408203 99.2874221801758 99.0281372070312 98.9681091308594 98.9113540649414 98.8975601196289 98.8139495849609 98.6327972412109 98.7622985839844 98.6734085083008 98.5912704467773 98.5083618164062 98.3403625488281 98.4226455688477 98.2621688842773 98.3699493408203 98.3683929443359 98.3240051269531 98.3219146728516 98.3186187744141 98.3530883789062 98.2277450561523 98.2882995605469 98.3013076782227 98.3891754150391 98.3909225463867 98.3253555297852 98.5763244628906 98.4537734985352 98.56982421875 98.7618637084961 98.8875350952148 98.8597640991211 98.8935165405273 99.0974502563477 99.1054077148438 99.2688293457031 99.2978210449219 99.3867874145508 99.5194931030273 99.5784225463867 99.6375274658203 99.7527694702148 99.8776092529297
100.343704223633 100.419616699219 100.205917358398 100.10717010498 99.798454284668 99.6800765991211 99.4273223876953 98.9347305297852 98.8767166137695 99.0328521728516 98.8548583984375 98.8648300170898 98.7504501342773 98.6873931884766 98.6818695068359 98.5564804077148 98.3935089111328 98.4348449707031 98.3481674194336 98.2621612548828 98.4013290405273 98.3854522705078 98.4060821533203 98.3441543579102 98.3619689941406 98.316162109375 98.2584838867188 98.3308792114258 98.2333755493164 98.3844375610352 98.4185562133789 98.4437408447266 98.5026168823242 98.4859771728516 98.6949234008789 98.9042434692383 98.9330825805664 98.8330230712891 98.9397888183594 99.0786895751953 99.1542510986328 99.2552490234375 99.2850570678711 99.4275512695312 99.6253356933594 99.6903762817383 99.7525253295898 99.833610534668 100.005485534668
100.320587158203 100.302528381348 99.9888229370117 99.9751205444336 99.7085647583008 99.5639114379883 99.4381866455078 99.1929702758789 99.0987167358398 99.0695037841797 98.9361038208008 98.9437866210938 98.7074584960938 98.692497253418 98.7025833129883 98.5639877319336 98.3514404296875 98.2791519165039 98.4365005493164 98.3336486816406 98.2983474731445 98.3462371826172 98.3103942871094 98.2360000610352 98.2401123046875 98.3579635620117 98.2959136962891 98.3123550415039 98.309700012207 98.4846801757812 98.5067977905273 98.5265808105469 98.5483627319336 98.6393585205078 98.7327346801758 98.8633575439453 98.9532623291016 98.8940277099609 99.0512542724609 99.0930404663086 99.1512298583984 99.2688598632812 99.520133972168 99.5783233642578 99.7235565185547 99.7881393432617 99.8341522216797 99.9102630615234 100.173728942871
100.359107971191 100.237289428711 99.886604309082 99.7492294311523 99.6107406616211 99.5170364379883 99.3435821533203 99.2505035400391 99.1720581054688 99.0985412597656 98.9229431152344 98.9749221801758 98.763069152832 98.5888442993164 98.5735778808594 98.4007339477539 98.3480834960938 98.2015533447266 98.4535522460938 98.4162750244141 98.3615646362305 98.2710647583008 98.2511596679688 98.2489852905273 98.2890167236328 98.2796249389648 98.2336959838867 98.3479919433594 98.2528991699219 98.4651489257812 98.4648590087891 98.5738372802734 98.6683654785156 98.6972045898438 98.6087493896484 98.8083724975586 98.8837890625 98.9445114135742 99.0795135498047 99.1064071655273 99.1626510620117 99.3965225219727 -3.4e+38 99.5860137939453 99.7362060546875 99.8244552612305 99.9866943359375 100.053092956543 100.364463806152
100.233520507812 99.924186706543 99.7301864624023 99.454216003418 99.5341491699219 99.4916229248047 99.1615600585938 99.0636138916016 99.0930023193359 98.8627853393555 98.8428573608398 98.703727722168 98.6966094970703 98.5148162841797 98.4821929931641 98.4289321899414 98.4016189575195 98.2888641357422 98.4678039550781 98.3636016845703 98.2709426879883 98.1862945556641 98.2501831054688 98.2953872680664 98.2735748291016 98.2689590454102 98.2969055175781 98.3779754638672 98.2383728027344 98.4608764648438 98.4969863891602 98.6006546020508 98.7443466186523 98.6005325317383 98.5623016357422 98.8240432739258 98.8652267456055 99.0033264160156 99.0206298828125 99.1196136474609 99.210090637207 99.4538803100586 99.5874557495117 99.6041488647461 99.8170547485352 99.9672622680664 100.152534484863 100.23917388916 100.491722106934
100.041625976562 99.9155578613281 99.7284622192383 99.4786758422852 99.4296798706055 99.1775665283203 99.0800399780273 98.9264831542969 98.833869934082 98.7734146118164 98.7455139160156 98.6039199829102 98.6461868286133 98.4449615478516 98.4465408325195 98.3768463134766 98.331184387207 98.3487548828125 98.3614807128906 98.2609405517578 98.2138214111328 98.3527145385742 98.1835708618164 98.2245635986328 98.2302932739258 98.2711410522461 -3.4e+38 98.2543182373047 98.2876968383789 98.3792114257812 98.6175384521484 98.63525390625 98.6968994140625 98.5533065795898 98.5611038208008 98.755012512207 98.8456878662109 98.9497146606445 99.0653533935547 99.2297897338867 99.2700805664062 99.483772277832 99.6414260864258 99.7678680419922 99.8284454345703 100.044746398926 100.261444091797 100.352966308594 100.504844665527
99.8473434448242 99.7913284301758 99.5368499755859 99.3576965332031 99.3525695800781 98.9676132202148 98.9623336791992 98.5895004272461 98.6084365844727 98.6775054931641 98.5230865478516 98.4152984619141 98.5122375488281 98.5227661132812 98.5245590209961 98.2975158691406 98.3407135009766 98.3562698364258 98.20947265625 98.1616058349609 98.3117294311523 98.4326477050781 98.2892150878906 98.2657775878906 98.2785949707031 98.2168273925781 98.2444915771484 98.22900390625 98.3925857543945 98.3534164428711 98.5179290771484 98.5886459350586 98.6249160766602 98.6047744750977 98.592658996582 98.6995391845703 98.874397277832 98.9565505981445 99.170768737793 99.2183456420898 99.3364028930664 99.6454925537109 99.6893539428711 99.7770080566406 99.907112121582 100.112548828125 100.256065368652 100.470977783203 100.589363098145
99.8543395996094 99.7112731933594 99.3435745239258 99.2687225341797 99.0713500976562 98.9788284301758 98.7787017822266 98.5831604003906 98.4340209960938 98.5738830566406 98.5025177001953 98.3851547241211 98.5272598266602 98.4821701049805 98.4703063964844 98.4150924682617 98.4011993408203 98.2762680053711 98.2223358154297 98.10302734375 98.1831436157227 98.3691024780273 98.3343658447266 98.348030090332 98.3283843994141 98.2532958984375 98.2666931152344 98.2854995727539 98.338737487793 98.3580017089844 98.3432922363281 98.461181640625 98.7306900024414 98.6634750366211 98.7254333496094 98.7672424316406 98.9107818603516 98.9305801391602 99.1403884887695 99.2860870361328 99.3255615234375 99.7378692626953 99.7454223632812 99.8755111694336 100.013603210449 100.168174743652 100.291343688965 100.473701477051 100.643936157227
99.6775894165039 99.4783782958984 99.2098922729492 99.0876998901367 98.8696517944336 98.9717483520508 98.7309799194336 98.4461288452148 98.3023071289062 98.2977523803711 98.3657379150391 98.3949661254883 98.50146484375 98.3499374389648 98.2955703735352 98.2964859008789 98.3386001586914 98.2686462402344 98.1688766479492 98.1861343383789 98.1749038696289 98.2034301757812 98.2593994140625 98.1601867675781 98.261116027832 98.2870330810547 98.3644104003906 98.3041458129883 98.2916259765625 98.3511352539062 98.3811798095703 98.4483642578125 98.6948471069336 98.7330474853516 98.8445129394531 98.81689453125 98.8840026855469 98.9903793334961 99.2266845703125 99.3863067626953 99.3919677734375 99.6882247924805 99.8109970092773 99.8882522583008 100.006484985352 100.242485046387 100.384468078613 100.44913482666 100.695190429688
99.2766647338867 99.2585983276367 99.0105438232422 99.0364379882812 98.7926483154297 98.6189575195312 98.3674392700195 98.3438262939453 97.870964050293 98.1673278808594 98.1727294921875 98.1465225219727 98.1918334960938 98.2045364379883 98.1498336791992 98.2434539794922 98.0483474731445 98.0408172607422 98.1363754272461 98.0932083129883 98.1627807617188 98.1112518310547 97.9912109375 98.0779495239258 98.1615905761719 98.1698760986328 98.1664047241211 98.207763671875 98.3445205688477 98.3565444946289 98.4959869384766 98.5105133056641 98.6291580200195 98.6155853271484 98.7841796875 98.8923645019531 98.9311141967773 99.0093765258789 99.3059768676758 99.3524627685547 99.535758972168 99.7544860839844 99.7927780151367 100.095741271973 100.285980224609 100.452331542969 100.570533752441 100.721229553223 100.894233703613
99.0181350708008 99.1024475097656 99.0215148925781 98.8612060546875 98.6906509399414 98.4926452636719 98.3745193481445 98.2817459106445 97.8988418579102 98.2235870361328 98.125373840332 98.1639099121094 98.2343673706055 98.2115478515625 98.1185302734375 98.0774459838867 98.0162734985352 97.9729309082031 97.9446029663086 97.9498748779297 98.1072235107422 97.9313354492188 97.8825378417969 97.9130783081055 97.9717330932617 -3.4e+38 -3.4e+38 98.1202163696289 98.1935424804688 98.2707977294922 98.4724960327148 98.5207824707031 98.6025848388672 98.6811065673828 98.7772903442383 98.8495941162109 98.9139709472656 99.057746887207 99.3499526977539 99.4027481079102 99.4472351074219 99.7699203491211 99.8906478881836 100.136238098145 100.235534667969 100.443740844727 100.660621643066 100.804298400879 101.022300720215
99.0842361450195 98.943603515625 98.8655395507812 98.6659698486328 98.4989395141602 98.3418426513672 98.274543762207 98.0295028686523 97.9146423339844 98.0561752319336 97.9987030029297 98.1446990966797 98.0841674804688 98.0016326904297 98.0162582397461 98.0139770507812 97.9986572265625 97.8534545898438 97.8651504516602 97.877067565918 97.9447326660156 97.9552536010742 97.9343185424805 97.9091644287109 97.8318557739258 97.9759216308594 -3.4e+38 -3.4e+38 98.1629180908203 98.2113571166992 98.4359283447266 98.4218826293945 98.5778579711914 98.6980743408203 98.7220077514648 98.8085250854492 98.9474105834961 99.0915222167969 99.3431015014648 99.3788299560547 99.440185546875 99.815315246582 99.9806747436523 100.18334197998 100.221504211426 100.525772094727 100.750007629395 100.855911254883 101.106719970703
98.9541625976562 98.6062088012695 98.5787506103516 98.5144348144531 98.2203369140625 98.3040771484375 98.1489868164062 97.9660568237305 97.8285827636719 97.8010330200195 97.8825607299805 97.9683303833008 97.9759216308594 97.8157577514648 97.8757171630859 97.8322982788086 97.7952270507812 97.8909530639648 97.8889541625977 97.744873046875 97.8064651489258 97.8765335083008 97.8759765625 97.8840484619141 97.8974609375 98.0248947143555 98.0708999633789 98.1321487426758 98.1817474365234 98.2135543823242 98.3335266113281 98.4315719604492 98.5213394165039 98.624755859375 98.7153167724609 98.8693313598633 99.0061264038086 99.0596008300781 99.3096542358398 99.4157791137695 99.5081024169922 99.8771514892578 100.014389038086 100.253982543945 100.420440673828 100.646697998047 100.837295532227 101.014862060547 101.187553405762
