rcp8.5models/CNRM-CM5/sc1gr1.18
NCOLS 261 
NROWS 433 
XLLCORNER 336357.134 
YLLCORNER 654653.479 
CELLSIZE 1000 
NODATA_value -3.4e+38 
[rows 352 to 373 of 433, columns 98 to 146 of 261]
71.0285415649414 70.9880676269531 70.9381790161133 71.1460876464844 71.531379699707 71.3747253417969 71.0925216674805 71.5766983032227 72.1428833007812 72.1150054931641 72.2857513427734 72.1102981567383 72.1369781494141 72.6595916748047 72.3847427368164 72.1053848266602 72.2839050292969 72.5065155029297 72.0818557739258 71.959098815918 71.5284118652344 -3.4e+38 69.750373840332 68.4527587890625 67.671745300293 66.632698059082 68.458625793457 70.1659088134766 71.6182708740234 72.7564010620117 73.4130859375 73.8107452392578 74.1864700317383 74.4979858398438 74.7569580078125 74.7443008422852 74.6398086547852 74.9344177246094 74.9457626342773 75.0736083984375 75.3165512084961 75.5392990112305 75.5147247314453 -3.4e+38 -3.4e+38 75.9676361083984 75.9002914428711 75.8945007324219 76.339973449707
71.0350189208984 71.1541519165039 71.220458984375 70.8097457885742 71.2502593994141 71.2189331054688 70.7062911987305 70.6577758789062 71.2154769897461 71.7839965820312 72.2112045288086 72.1292419433594 72.2557373046875 72.6422958374023 72.6789169311523 72.424201965332 72.3235015869141 72.3608551025391 71.8569564819336 71.9437561035156 72.3294219970703 72.8099975585938 72.7394180297852 71.7903594970703 70.663459777832 69.349494934082 70.290901184082 70.72607421875 71.8421478271484 72.973030090332 73.5840606689453 74.0932998657227 74.0461120605469 74.2111663818359 74.4966888427734 74.521110534668 74.7155838012695 75.0347137451172 74.8909912109375 75.1836166381836 75.4711761474609 75.4309234619141 -3.4e+38 -3.4e+38 -3.4e+38 76.0878067016602 75.9293518066406 75.6492309570312 76.2239685058594
70.9772262573242 71.2797012329102 71.3700942993164 71.1627349853516 71.3117828369141 71.4100341796875 71.2938842773438 70.9438323974609 70.8411636352539 71.4214172363281 71.9725646972656 72.1023559570312 72.3193664550781 72.4921188354492 72.6779708862305 72.3330535888672 72.5141754150391 72.6247253417969 72.0288238525391 71.9951477050781 72.4575347900391 72.8943481445312 73.3906326293945 73.2767791748047 72.6905364990234 72.2238082885742 73.0315628051758 72.9662551879883 73.5655517578125 73.8355865478516 73.8867568969727 74.2729797363281 74.1059265136719 74.1873321533203 74.237434387207 74.3346633911133 74.8419876098633 74.7105026245117 74.9990081787109 74.9673385620117 75.1526031494141 75.2950668334961 -3.4e+38 75.7033462524414 75.6531982421875 75.6373138427734 75.6463012695312 75.6317291259766 75.8843765258789
70.7342910766602 70.9665069580078 71.0655975341797 71.3928298950195 71.4636688232422 71.5923233032227 71.7650909423828 71.5364151000977 71.2455978393555 71.3272094726562 71.2437438964844 71.5764694213867 72.0345153808594 72.156379699707 72.5200958251953 72.2735443115234 72.6453628540039 73.1774520874023 72.8114547729492 72.6348190307617 72.7957458496094 72.7164306640625 72.9863433837891 73.4282836914062 73.5251846313477 73.5522613525391 73.59033203125 73.6493453979492 73.7418823242188 73.3297805786133 73.2103958129883 73.798454284668 73.8271636962891 74.0003128051758 74.1820526123047 74.4385223388672 74.9319381713867 74.4921188354492 74.816276550293 74.5789184570312 74.5929183959961 75.0751342773438 75.3137664794922 75.5082931518555 75.4442596435547 75.2364044189453 75.3841857910156 75.7479019165039 75.6258239746094
70.9079666137695 70.7632827758789 70.847053527832 71.2449569702148 71.3194808959961 71.5399017333984 71.4890441894531 71.5887451171875 71.906867980957 71.8916091918945 70.8899993896484 70.4388885498047 70.8968887329102 71.6014709472656 72.5807723999023 72.2361221313477 72.3905944824219 73.004753112793 72.8184967041016 72.633056640625 72.5644607543945 72.634651184082 72.95703125 73.5469055175781 73.6101455688477 73.583625793457 73.8224868774414 73.474494934082 72.9636077880859 72.5194702148438 72.0847625732422 72.2635879516602 73.046745300293 73.5509414672852 74.0152130126953 73.9363784790039 74.4382629394531 74.8122253417969 74.7726364135742 74.7587127685547 74.8691558837891 75.021728515625 75.0179901123047 75.0689315795898 75.3045120239258 75.3116455078125 75.4187774658203 75.8735580444336 75.4029922485352
70.8592987060547 70.8462524414062 70.7915115356445 71.2632827758789 71.3461151123047 71.5207366943359 71.6373672485352 71.6896896362305 71.8651504516602 71.9759216308594 71.5892562866211 70.9185791015625 70.7445678710938 71.5283737182617 72.653076171875 72.5596618652344 72.5855255126953 72.6392669677734 72.6245269775391 72.7889022827148 72.7354888916016 72.8665924072266 73.0613555908203 73.304931640625 73.3503723144531 73.3523941040039 73.9810485839844 73.8875503540039 73.2388687133789 72.9594421386719 72.523681640625 71.9432907104492 72.2187347412109 72.8533248901367 73.6692352294922 73.6965255737305 74.1669082641602 74.6587982177734 74.8139190673828 75.0367584228516 75.0783309936523 74.9932632446289 74.8039398193359 74.8660583496094 75.2054290771484 75.2508087158203 75.3559722900391 75.6310043334961 75.5666809082031
70.7375411987305 70.6408920288086 70.5585708618164 71.006217956543 71.127815246582 71.3869552612305 71.8154525756836 71.7217559814453 71.6550979614258 71.6490478515625 71.8081817626953 71.7997894287109 71.5771408081055 71.7796249389648 72.4150772094727 72.6389999389648 72.5658645629883 72.4999847412109 72.9023895263672 73.0494079589844 73.212158203125 73.0964508056641 72.8740158081055 73.0205383300781 72.9602661132812 73.1520385742188 73.8633575439453 74.1028747558594 73.8724212646484 73.7614974975586 73.6636047363281 73.2847213745117 73.1617126464844 73.4828109741211 73.7334289550781 73.9843826293945 74.3099746704102 74.4721984863281 74.8237533569336 74.8317565917969 74.9833297729492 75.1031646728516 75.1601257324219 75.0110321044922 75.1726837158203 75.3947601318359 75.3433456420898 75.1963806152344 76.0869827270508
70.7497787475586 70.7331695556641 70.681999206543 70.7837142944336 71.0655670166016 71.3348541259766 71.5560607910156 71.5642623901367 71.5941619873047 71.6428833007812 71.616081237793 71.7542877197266 71.902961730957 71.8784027099609 72.4003601074219 72.4808197021484 72.5002517700195 72.4348220825195 72.7965927124023 73.0381469726562 73.0927963256836 72.9997024536133 72.7773666381836 72.8757247924805 72.9159469604492 73.3224029541016 73.671989440918 73.8008193969727 73.6645584106445 73.5429611206055 73.6887741088867 73.8696823120117 74.0387344360352 74.2444839477539 74.1264877319336 74.042854309082 74.1194839477539 74.6125411987305 74.8290786743164 74.5106201171875 74.7685012817383 75.1278762817383 75.3063354492188 75.1033477783203 75.3371047973633 75.4908752441406 75.1804428100586 75.0450897216797 75.6549453735352
70.5820083618164 70.8148956298828 70.9330139160156 71.1928329467773 71.2260513305664 71.0724868774414 70.9761581420898 71.0996475219727 71.3862991333008 71.7513275146484 71.6762161254883 71.6219863891602 72.0042495727539 72.0259170532227 72.030403137207 72.0264358520508 72.2465515136719 72.4413375854492 72.4889373779297 72.6409606933594 72.6833419799805 72.7753143310547 72.8630676269531 72.8705444335938 73.0682601928711 73.4911270141602 73.6232147216797 73.2397308349609 73.4217529296875 73.6306762695312 73.4756393432617 73.5240097045898 73.8751754760742 73.7254104614258 74.0671844482422 74.4273071289062 74.2469940185547 74.3838043212891 74.4125671386719 74.275032043457 74.3102264404297 74.5713806152344 74.4987030029297 74.4509048461914 74.64501953125 74.5288314819336 74.6139984130859 74.7221374511719 74.6103210449219
70.2916717529297 70.5771865844727 70.6742935180664 71.2205963134766 71.1704788208008 71.1032257080078 71.2348937988281 71.162956237793 71.2488784790039 71.5254440307617 71.6718978881836 71.8004760742188 71.8102111816406 72.0458145141602 71.8282470703125 72.0169448852539 72.1895980834961 72.4814300537109 72.6866226196289 72.6510772705078 72.5078277587891 72.6297760009766 72.8299026489258 72.9128952026367 73.1446914672852 73.4700317382812 73.2737350463867 73.1946868896484 73.4135665893555 73.5254745483398 73.5835800170898 73.6124954223633 73.5762939453125 73.7087783813477 74.0829849243164 74.3757476806641 74.4476547241211 74.0962753295898 74.3603744506836 74.3422470092773 74.5464324951172 74.3408126831055 74.2771606445312 74.5805892944336 74.4823837280273 74.4300231933594 74.4963531494141 74.6205291748047 74.3867111206055
70.2498931884766 70.2775497436523 70.3986511230469 70.8139266967773 70.8959045410156 70.9942016601562 71.3040084838867 71.3553848266602 71.4355545043945 71.5481719970703 71.7469863891602 71.8786773681641 71.6203536987305 72.0414352416992 71.8182830810547 71.6742630004883 71.5942687988281 72.2329711914062 72.7255706787109 72.4389114379883 72.4287719726562 72.6416854858398 72.6369400024414 72.5776901245117 72.7551498413086 72.8527297973633 72.9436187744141 73.1783981323242 73.6463394165039 73.5773315429688 73.5543823242188 73.7613983154297 73.4915618896484 73.4829330444336 73.942741394043 74.3726425170898 74.4578170776367 74.0127029418945 74.3643493652344 74.501708984375 74.2825393676758 74.3586883544922 74.2216262817383 74.3566055297852 74.5524368286133 74.3523941040039 74.243278503418 74.512077331543 74.4097137451172
70.4062194824219 70.3309860229492 69.9743804931641 70.4912796020508 70.7184829711914 70.9135818481445 70.6862411499023 70.6521224975586 71.1293334960938 71.4557037353516 71.6500701904297 71.6898574829102 71.5723037719727 71.8437347412109 71.7241668701172 71.4615859985352 71.3323440551758 71.8862762451172 72.572265625 72.4502716064453 72.643310546875 72.8095855712891 72.7063980102539 72.710807800293 72.6232833862305 72.4863128662109 73.2931365966797 73.3781661987305 73.5269927978516 73.5287399291992 73.4969863891602 73.5321807861328 73.5113220214844 73.4479751586914 73.7854385375977 74.2949676513672 74.2518157958984 74.0510482788086 74.1851501464844 74.5614013671875 74.2754669189453 74.4064483642578 74.3084716796875 74.2298202514648 74.4958267211914 74.3579330444336 74.3643493652344 74.6813278198242 74.2118453979492
70.0891799926758 70.3298568725586 70.1663970947266 70.2170715332031 70.5049819946289 70.9184036254883 70.6443023681641 70.2536163330078 70.6886138916016 71.318489074707 71.4991226196289 71.4793853759766 71.7610549926758 71.8069076538086 71.621467590332 71.4140701293945 71.311637878418 71.8422698974609 72.4745101928711 72.571891784668 72.7445220947266 72.7907257080078 72.9267044067383 73.1013031005859 72.902587890625 72.9287872314453 73.2900695800781 73.1634674072266 73.1709289550781 73.3872222900391 73.5686645507812 73.4368591308594 73.1941986083984 73.0148391723633 73.2358474731445 73.8009338378906 74.1286697387695 73.935188293457 74.2244491577148 74.144401550293 74.0759963989258 74.1625366210938 74.1604995727539 74.1876525878906 74.3574752807617 74.4210052490234 74.3010635375977 74.4672470092773 73.9363098144531
69.9766845703125 70.3268966674805 70.5293579101562 70.2068252563477 70.5139846801758 70.8106307983398 70.7153625488281 70.7452239990234 70.6548614501953 70.5939178466797 71.0137252807617 71.1813507080078 71.488395690918 71.7631225585938 71.6577682495117 71.447868347168 71.6131591796875 72.0919418334961 72.2384872436523 72.3069229125977 72.7207641601562 72.7104644775391 72.7144393920898 72.8439712524414 72.8608703613281 73.0471649169922 73.1718521118164 73.2019348144531 73.0289306640625 73.1608810424805 73.2768173217773 73.1488800048828 73.1462554931641 72.8873062133789 72.8716125488281 73.2346496582031 73.6078414916992 73.9637680053711 74.1921768188477 73.7240600585938 73.8857650756836 74.0235061645508 74.0955963134766 74.3378601074219 74.2651062011719 74.1814651489258 74.1437149047852 74.115234375 74.0932006835938
70.1066360473633 70.2609252929688 70.2695617675781 70.2809219360352 70.6639938354492 70.7996444702148 70.7273864746094 71.0535583496094 70.6814727783203 70.2389907836914 70.837287902832 71.0725402832031 71.1801376342773 71.5704116821289 71.5987167358398 71.7288970947266 71.9706573486328 72.1054458618164 72.1241683959961 72.0447692871094 72.3235092163086 72.5055465698242 72.6479797363281 72.9721298217773 73.0432281494141 73.0848922729492 73.1453475952148 73.4000015258789 73.1671447753906 73.0228424072266 72.9592590332031 72.8314361572266 73.2344818115234 73.0692520141602 72.8796691894531 72.9297409057617 73.1291427612305 74.0794677734375 73.8867416381836 73.5197143554688 73.9164733886719 74.237190246582 74.2839813232422 74.2880401611328 73.9197387695312 73.8833694458008 73.9901428222656 74.0779266357422 74.0756225585938
69.9950714111328 69.885383605957 69.9505081176758 69.6964645385742 70.4049682617188 70.5712585449219 70.3823623657227 70.7032928466797 70.8951110839844 71.0062484741211 71.4040145874023 71.4459762573242 71.1734390258789 71.0839004516602 71.5130310058594 71.8093185424805 71.8327255249023 71.9980316162109 72.2229385375977 72.0259552001953 72.1299591064453 72.6593551635742 72.6448745727539 72.8175277709961 73.01953125 72.9803314208984 72.782844543457 73.1833267211914 73.1564559936523 72.9933547973633 72.8708648681641 73.1062927246094 73.3373565673828 73.2683486938477 73.1282958984375 72.899055480957 73.2020568847656 73.4848175048828 73.4292984008789 73.3928070068359 73.637939453125 73.751350402832 73.8408737182617 73.8742294311523 73.6591186523438 73.8746566772461 73.7750244140625 73.8369979858398 73.9355392456055
69.9873886108398 69.7377777099609 70.1395263671875 69.6883087158203 70.0257110595703 69.8116455078125 69.4021072387695 69.5988464355469 70.1820983886719 70.7825317382812 70.8994216918945 70.8978271484375 70.8975143432617 70.9121322631836 71.6100234985352 71.6363372802734 71.741096496582 72.1064147949219 72.2227630615234 72.2069778442383 72.1458435058594 72.4848861694336 72.4554824829102 72.3218688964844 72.370246887207 72.6985855102539 72.6495971679688 72.9571990966797 72.9926528930664 72.8956832885742 72.8427963256836 73.1154479980469 73.1327896118164 73.1137237548828 73.1201019287109 73.043212890625 73.3423004150391 72.9682998657227 73.0048217773438 73.1675872802734 73.2383880615234 73.3785629272461 73.4586334228516 73.7097320556641 73.8058776855469 73.931770324707 73.8775024414062 73.5485992431641 73.6469650268555
70.0969009399414 69.9491195678711 70.0203094482422 69.8857421875 70.082160949707 69.7852249145508 69.2257080078125 68.8974990844727 68.8453674316406 69.3557281494141 69.4613189697266 69.638298034668 70.253547668457 70.5152053833008 71.3037109375 71.408576965332 71.5782775878906 71.8919525146484 72.0033950805664 72.2873382568359 71.9799499511719 71.6768112182617 71.8808975219727 71.9383697509766 72.2088775634766 72.8241806030273 72.6093139648438 72.5572357177734 72.617919921875 72.6220169067383 72.6948547363281 72.8350372314453 72.8791275024414 72.9988250732422 73.1056823730469 73.1041870117188 73.2156600952148 73.0948715209961 73.1606140136719 72.8639602661133 72.9285507202148 73.1847152709961 73.3288421630859 73.4443359375 73.7403717041016 73.7317199707031 -3.4e+38 73.2783126831055 73.3507766723633
70.0474090576172 69.534797668457 69.3563690185547 69.6242828369141 69.8996505737305 69.8622207641602 69.5849304199219 69.3536758422852 68.7520141601562 68.5864639282227 68.7880935668945 68.8725509643555 69.1247940063477 69.3822326660156 70.661003112793 70.9518966674805 70.947639465332 71.2531890869141 71.6345367431641 71.9281845092773 71.8273086547852 71.4961700439453 71.6790618896484 71.9793319702148 72.3612289428711 72.6871185302734 72.4849700927734 72.5146331787109 72.4787673950195 72.6177444458008 73.028190612793 72.9538345336914 72.9624404907227 73.1806793212891 73.29345703125 73.2490997314453 73.2907867431641 73.1353302001953 73.3325729370117 72.9705963134766 72.8291168212891 72.9692916870117 73.3329925537109 73.2643585205078 73.3620529174805 73.3190689086914 -3.4e+38 73.1339492797852 73.2390747070312
69.7567367553711 69.7220306396484 69.332893371582 68.8783874511719 68.7278060913086 69.4511260986328 70.1041412353516 70.199577331543 70.4112701416016 70.2631301879883 70.0681228637695 70.3251495361328 70.4614028930664 70.0583038330078 69.1609268188477 68.8499221801758 69.1134490966797 69.760383605957 70.076416015625 69.840461730957 70.5679168701172 71.3678665161133 71.5637664794922 71.8505020141602 72.1182098388672 72.3455657958984 72.49853515625 72.7791137695312 72.536865234375 72.5750885009766 72.7492446899414 72.8914413452148 72.5807113647461 72.4780807495117 72.7554321289062 72.8645095825195 72.6960067749023 73.0290145874023 73.2694396972656 73.2789001464844 73.2102966308594 73.2712554931641 73.312370300293 73.3156204223633 73.0985717773438 72.7405395507812 72.7305679321289 -3.4e+38 73.2904586791992
69.6987609863281 69.9895324707031 69.6285018920898 69.2377777099609 68.9886016845703 69.4183044433594 69.5203857421875 69.7070465087891 70.1980285644531 70.0604553222656 70.1088638305664 70.4235076904297 70.5054473876953 70.5131301879883 70.3572845458984 69.6707611083984 69.1049118041992 69.1189651489258 69.2214431762695 68.9877471923828 69.8649826049805 70.7408447265625 71.0477142333984 71.362190246582 71.5163955688477 71.4626541137695 71.8315658569336 72.1043395996094 72.2246398925781 72.3423690795898 72.2972869873047 72.5271453857422 72.5371627807617 72.6139068603516 72.8266830444336 73.0958786010742 72.8347778320312 73.2661056518555 73.2973785400391 73.4730911254883 73.2138748168945 73.0126266479492 73.2306442260742 73.1166076660156 72.9257431030273 72.7105407714844 -3.4e+38 -3.4e+38 -3.4e+38
69.3335418701172 69.6220855712891 69.6806716918945 69.6790924072266 69.4486236572266 69.5488586425781 69.2418594360352 69.6298065185547 69.8976745605469 69.6713104248047 70.05615234375 70.4577026367188 70.4277114868164 70.4238739013672 70.3652572631836 70.2209854125977 69.796875 69.5296020507812 69.0895156860352 68.9169616699219 69.4723510742188 69.5857467651367 69.9136047363281 69.839973449707 69.9517288208008 70.2228622436523 70.3568267822266 70.8576049804688 71.2553405761719 71.7656402587891 71.7610855102539 72.1192245483398 72.5259780883789 72.6577529907227 72.8679580688477 72.7914123535156 72.3931579589844 72.8454360961914 72.9920196533203 73.3294525146484 73.2143707275391 72.6500701904297 72.6986694335938 72.3674240112305 72.4924392700195 72.8797836303711 72.9892654418945 -3.4e+38 -3.4e+38
