rcp8.5models/CNRM-CM5/sc1gr4.22
NCOLS 261 
NROWS 433 
XLLCORNER 336357.134 
YLLCORNER 654653.479 
CELLSIZE 1000 
NODATA_value -3.4e+38 
[rows 374 to 395 of 433, columns 98 to 146 of 261]
257.968688964844 258.276275634766 258.597900390625 261.350830078125 259.459808349609 256.108337402344 248.185958862305 242.039199829102 243.488876342773 250.1455078125 254.341659545898 255.838256835938 257.065643310547 253.33235168457 242.040283203125 239.722991943359 237.366348266602 233.53776550293 227.278411865234 223.584548950195 222.469024658203 219.98046875 221.301498413086 225.476684570312 231.062622070312 235.429946899414 239.953399658203 240.677764892578 240.183731079102 241.828872680664 245.225158691406 248.581405639648 253.022705078125 254.193222045898 255.75080871582 262.266021728516 270.273712158203 271.962860107422 265.811340332031 266.436065673828 274.513092041016 278.442016601562 279.092254638672 279.683166503906 279.862182617188 -3.4e+38 -3.4e+38 -3.4e+38 -3.4e+38
256.517944335938 258.329010009766 257.044494628906 257.198974609375 261.188049316406 261.252227783203 253.988662719727 247.231628417969 246.612457275391 248.031234741211 249.991088867188 253.754043579102 257.126068115234 254.6552734375 240.180877685547 231.259414672852 226.672073364258 219.915237426758 214.086669921875 213.136199951172 213.873168945312 212.656753540039 213.302230834961 218.992202758789 227.098831176758 235.159637451172 247.747741699219 249.080871582031 249.745193481445 248.937774658203 246.968353271484 246.662139892578 249.570709228516 251.8623046875 254.709381103516 257.407775878906 260.112579345703 275.905975341797 273.939727783203 272.35693359375 276.427886962891 278.676330566406 279.327362060547 279.701171875 279.744842529297 280.260711669922 280.693115234375 -3.4e+38 -3.4e+38
253.847579956055 253.651672363281 254.211776733398 254.341110229492 258.354125976562 261.473388671875 260.214996337891 258.100616455078 255.202087402344 253.111831665039 253.129043579102 255.366989135742 256.7412109375 256.566619873047 247.675277709961 237.221282958984 230.334243774414 223.219146728516 219.925384521484 220.411682128906 218.641815185547 217.193634033203 217.158782958984 221.311325073242 229.975158691406 237.946334838867 248.454299926758 251.730880737305 253.547317504883 252.203308105469 253.212219238281 256.276977539062 254.124786376953 250.604202270508 254.48063659668 260.115325927734 260.890350341797 274.546234130859 277.998718261719 278.473388671875 278.791168212891 278.779602050781 279.297546386719 279.750549316406 279.899017333984 -3.4e+38 -3.4e+38 -3.4e+38 -3.4e+38
251.263854980469 249.64143371582 248.790405273438 254.171417236328 255.841354370117 257.900939941406 258.931671142578 256.516723632812 254.471069335938 252.965042114258 250.708145141602 254.061859130859 256.568786621094 256.454956054688 254.450958251953 250.225082397461 244.718948364258 240.0625 236.000991821289 233.087509155273 229.425689697266 226.681655883789 224.706176757812 227.294372558594 235.772354125977 242.624267578125 252.701858520508 254.860397338867 257.796020507812 256.355529785156 254.765289306641 259.126037597656 261.622772216797 258.843811035156 259.397186279297 264.638793945312 265.266662597656 271.77685546875 277.217926025391 278.660552978516 278.978820800781 278.882202148438 279.050140380859 279.798950195312 280.073425292969 279.995697021484 280.560180664062 281.115814208984 281.209442138672
252.612258911133 249.973876953125 247.563552856445 247.273422241211 250.4228515625 252.679946899414 254.438232421875 251.394332885742 248.563812255859 245.566665649414 242.31494140625 243.842910766602 247.30989074707 250.459106445312 252.597534179688 250.756713867188 245.635726928711 241.742004394531 238.331604003906 234.615905761719 230.545379638672 226.311904907227 223.009719848633 224.772384643555 231.521179199219 239.542892456055 254.383422851562 256.127655029297 259.833068847656 262.033935546875 259.069610595703 259.598022460938 263.282867431641 265.952575683594 267.3046875 269.850372314453 269.870941162109 265.407989501953 273.014892578125 277.741973876953 278.967956542969 279.203918457031 279.487426757812 279.885833740234 280.258728027344 280.232269287109 280.516815185547 281.031951904297 281.593353271484
250.58171081543 250.691955566406 250.045440673828 243.684631347656 244.844802856445 247.979461669922 249.298843383789 248.638961791992 245.298980712891 240.814514160156 237.815292358398 233.114486694336 232.353118896484 235.502288818359 239.091293334961 239.978988647461 234.340072631836 229.241027832031 228.237579345703 227.30256652832 225.304641723633 223.233016967773 222.093933105469 222.620986938477 225.297897338867 231.695190429688 245.115310668945 245.932525634766 253.10710144043 260.196563720703 263.803405761719 264.029510498047 263.928955078125 265.607971191406 269.072479248047 273.316436767578 274.013610839844 264.341613769531 269.037200927734 276.294128417969 278.725463867188 279.409576416016 280.026702880859 280.209350585938 280.342071533203 280.635467529297 280.888153076172 281.068237304688 281.638427734375
251.624481201172 250.841278076172 250.08740234375 246.981369018555 245.952178955078 246.164505004883 246.324569702148 245.886169433594 242.791732788086 239.173721313477 237.138870239258 233.355255126953 230.607315063477 228.6513671875 228.830368041992 230.505798339844 226.179214477539 221.955169677734 222.091186523438 223.051727294922 223.757675170898 223.889617919922 223.242416381836 222.672698974609 223.190612792969 225.959197998047 233.377685546875 236.948226928711 247.804107666016 256.237182617188 261.852569580078 264.537445068359 265.327972412109 265.839477539062 267.173614501953 271.700744628906 275.025726318359 272.371734619141 271.788909912109 274.877319335938 278.035369873047 278.952484130859 279.684722900391 279.902984619141 280.096862792969 280.770477294922 281.356750488281 281.580413818359 281.555938720703
258.188751220703 251.723876953125 248.079391479492 249.140960693359 248.220275878906 247.367401123047 247.062835693359 246.504592895508 246.578887939453 245.353897094727 242.312530517578 237.898696899414 234.841217041016 232.632720947266 234.701248168945 233.691131591797 230.006683349609 225.853057861328 223.312194824219 223.983963012695 225.581420898438 224.998947143555 224.066131591797 222.394515991211 220.419128417969 221.544784545898 222.485153198242 230.360763549805 242.730239868164 249.012329101562 253.705764770508 259.534027099609 263.175415039062 265.516998291016 265.781646728516 267.611572265625 270.1376953125 273.557739257812 272.338104248047 268.325775146484 271.665313720703 277.961059570312 279.090881347656 279.223052978516 279.551483154297 280.312652587891 281.109802246094 281.523559570312 281.819732666016
264.013671875 260.316680908203 255.474090576172 251.741561889648 252.707382202148 248.80744934082 246.977172851562 248.527252197266 251.502685546875 249.373382568359 245.164398193359 241.142303466797 237.795913696289 237.143905639648 243.641326904297 242.328720092773 238.341354370117 234.681304931641 229.412094116211 229.277084350586 233.795059204102 232.657592773438 230.916473388672 229.55126953125 226.432067871094 224.560836791992 218.98486328125 224.05940246582 232.606918334961 237.776184082031 244.6923828125 253.34846496582 260.366180419922 265.330657958984 265.877716064453 265.92333984375 266.099426269531 267.458343505859 268.036224365234 264.549743652344 267.245971679688 276.624267578125 278.334167480469 278.913543701172 279.129821777344 279.581878662109 280.596282958984 281.081085205078 281.976531982422
272.980041503906 267.671264648438 259.261779785156 257.208190917969 258.389221191406 261.411041259766 260.201995849609 260.299438476562 260.134460449219 254.908432006836 254.355072021484 254.828323364258 254.229644775391 255.780746459961 254.541320800781 256.504119873047 254.689590454102 252.961135864258 252.234466552734 251.010284423828 250.572616577148 249.721069335938 249.007293701172 250.041488647461 249.584121704102 246.287109375 238.902008056641 238.88508605957 241.550872802734 246.921768188477 256.996032714844 265.378814697266 266.683471679688 266.008087158203 265.813659667969 266.7626953125 268.077301025391 270.914184570312 270.6943359375 269.006072998047 271.092651367188 275.061309814453 276.204620361328 277.150390625 278.292724609375 278.871765136719 279.270202636719 279.795989990234 281.401702880859
273.243072509766 270.530731201172 261.942932128906 250.58088684082 249.443084716797 252.548904418945 255.789932250977 258.593994140625 261.020202636719 259.414581298828 260.083557128906 260.275451660156 258.993225097656 257.654418945312 255.920959472656 254.972412109375 253.018463134766 253.764938354492 256.179962158203 256.218170166016 255.220504760742 254.207015991211 253.634841918945 252.651321411133 251.256118774414 248.010391235352 240.39338684082 241.561538696289 243.835601806641 249.201324462891 259.445648193359 265.415161132812 266.984741210938 267.227752685547 266.498229980469 268.31396484375 271.399017333984 273.563323974609 274.290924072266 273.079498291016 271.942199707031 274.678405761719 274.648956298828 275.388702392578 277.854248046875 278.378265380859 278.874298095703 279.264373779297 280.763977050781
272.723419189453 272.211669921875 266.456146240234 254.348007202148 252.126663208008 250.328643798828 252.935821533203 256.771484375 260.538482666016 262.392944335938 262.024322509766 258.793609619141 254.986434936523 253.191986083984 255.501129150391 256.374176025391 255.663101196289 255.539047241211 256.555847167969 257.247039794922 255.883331298828 254.541625976562 251.378494262695 248.001968383789 248.956939697266 247.332824707031 247.549392700195 246.310729980469 245.029876708984 248.879150390625 257.500579833984 263.787536621094 268.034851074219 270.013824462891 269.70166015625 269.744445800781 272.828643798828 275.198150634766 274.910430908203 274.858276367188 275.366424560547 275.399291992188 274.137084960938 275.259002685547 277.327819824219 278.337097167969 278.946502685547 279.306243896484 280.634490966797
267.055145263672 271.174224853516 269.697967529297 262.24853515625 258.554809570312 253.462127685547 251.999038696289 252.665390014648 257.021331787109 261.036956787109 260.694976806641 258.646118164062 255.661544799805 255.169906616211 256.333221435547 256.310668945312 257.291931152344 256.798858642578 254.534561157227 251.87841796875 248.378723144531 248.532073974609 249.134155273438 248.973068237305 252.307998657227 253.563995361328 257.156921386719 256.039428710938 254.968185424805 255.714721679688 257.238128662109 259.26611328125 261.912994384766 265.119049072266 270.444732666016 270.964904785156 272.335510253906 275.888488769531 275.666381835938 275.539703369141 276.097320556641 276.22802734375 275.925842285156 276.180847167969 276.521484375 278.281005859375 278.978546142578 279.463104248047 280.779113769531
258.576812744141 264.963226318359 271.632568359375 268.90478515625 264.750549316406 257.693664550781 250.972579956055 247.162292480469 249.213180541992 255.107604980469 258.188110351562 258.462921142578 258.361602783203 258.527404785156 253.002365112305 253.39875793457 257.377319335938 258.658721923828 254.702972412109 250.161911010742 248.052154541016 250.955505371094 256.329406738281 258.744750976562 259.389007568359 259.834228515625 258.945983886719 259.848999023438 260.774566650391 260.203277587891 258.486236572266 257.353271484375 257.064758300781 259.385894775391 266.820678710938 271.630981445312 272.629608154297 275.635314941406 276.198425292969 276.455230712891 276.689605712891 277.051696777344 277.350616455078 277.172821044922 276.840484619141 278.176483154297 278.854370117188 279.452789306641 280.418701171875
258.359008789062 261.814910888672 269.476989746094 271.936889648438 270.171508789062 263.460052490234 250.783203125 243.238327026367 244.052703857422 249.671096801758 255.108154296875 256.710754394531 258.07763671875 256.51220703125 253.927642822266 260.725982666016 264.135925292969 262.671051025391 257.161651611328 253.883056640625 255.747894287109 260.628448486328 262.674438476562 262.606842041016 261.661224365234 260.811309814453 260.345916748047 260.68994140625 259.831756591797 258.703002929688 258.570404052734 256.708099365234 256.399383544922 259.886810302734 264.680511474609 270.470581054688 273.128143310547 275.547271728516 275.963592529297 276.258911132812 276.580688476562 277.051818847656 277.513549804688 277.908813476562 277.881896972656 278.406677246094 278.848846435547 279.390258789062 280.254058837891
265.140960693359 265.158599853516 266.980102539062 267.651092529297 264.326934814453 261.178070068359 255.128372192383 247.051010131836 244.158187866211 247.756011962891 252.723114013672 255.935119628906 258.518463134766 256.050323486328 261.367889404297 269.782562255859 269.524078369141 265.163360595703 260.088439941406 258.4736328125 260.199401855469 262.916748046875 263.056213378906 262.358978271484 261.651550292969 261.113983154297 260.613372802734 260.590454101562 259.587799072266 258.797332763672 258.314056396484 256.153533935547 256.697662353516 261.992614746094 266.942504882812 271.207397460938 273.412322998047 272.519348144531 274.451751708984 275.482696533203 275.027862548828 276.003387451172 277.431945800781 277.592254638672 277.914459228516 278.622985839844 279.108703613281 279.485717773438 280.640899658203
268.912780761719 268.742462158203 267.376770019531 261.887176513672 259.658538818359 259.894989013672 259.514709472656 254.025512695312 250.545288085938 251.794036865234 253.305435180664 255.57958984375 258.181091308594 255.30339050293 264.934295654297 271.007659912109 268.329772949219 264.263031005859 261.734313964844 261.504730224609 261.960540771484 262.682891845703 263.147216796875 261.047912597656 260.012908935547 261.191223144531 259.188537597656 256.730194091797 255.666656494141 256.459014892578 258.399200439453 258.827850341797 258.960784912109 264.645172119141 269.500915527344 271.427459716797 271.938446044922 267.091766357422 270.986450195312 274.842712402344 274.8330078125 275.186614990234 276.223876953125 277.255645751953 277.894775390625 278.781524658203 279.558868408203 279.899169921875 280.593566894531
270.055603027344 270.675445556641 269.1943359375 261.088775634766 260.348022460938 264.836212158203 265.909851074219 261.615386962891 255.953414916992 254.643936157227 255.658996582031 256.353485107422 255.611389160156 252.553085327148 267.239471435547 271.605560302734 269.410064697266 266.199371337891 263.889801025391 262.560180664062 262.791412353516 264.290100097656 263.443481445312 259.832153320312 258.990783691406 260.752380371094 260.151000976562 259.193939208984 258.817779541016 258.416534423828 261.3251953125 264.514953613281 264.362915039062 267.5634765625 269.664031982422 270.093963623047 270.4052734375 267.762115478516 271.038482666016 274.245727539062 275.264373779297 275.481048583984 276.011260986328 277.386566162109 278.011871337891 278.834106445312 279.466705322266 279.537445068359 280.210968017578
270.35595703125 271.514282226562 270.383666992188 265.354644775391 263.045501708984 266.568450927734 270.081909179688 269.161193847656 262.455322265625 257.406158447266 255.625457763672 253.347793579102 250.854797363281 252.505844116211 267.774566650391 272.166717529297 271.895202636719 270.626647949219 267.5185546875 264.862976074219 264.779937744141 265.415191650391 263.367523193359 260.11865234375 259.753112792969 260.78955078125 260.219512939453 263.511260986328 264.22900390625 265.667602539062 269.566589355469 271.908752441406 271.554870605469 269.906341552734 269.288604736328 270.403289794922 271.765533447266 271.77734375 273.082305908203 274.246276855469 275.327667236328 275.937805175781 276.716400146484 277.225860595703 277.682098388672 278.619293212891 278.867248535156 278.849517822266 279.853332519531
270.633056640625 271.509857177734 272.201782226562 269.494812011719 268.633209228516 268.838623046875 268.473663330078 269.858734130859 269.999938964844 265.559448242188 260.946197509766 253.194610595703 251.234741210938 258.925842285156 269.080749511719 272.381286621094 272.393951416016 271.805053710938 269.054016113281 265.925262451172 265.643096923828 265.604644775391 263.051788330078 260.88623046875 260.960693359375 260.513458251953 254.658905029297 258.649871826172 261.454559326172 267.612121582031 272.853454589844 274.293182373047 273.606536865234 271.454193115234 270.902526855469 272.139801025391 273.758209228516 273.045379638672 273.726013183594 274.943298339844 275.718048095703 276.309173583984 276.682250976562 276.642395019531 277.081237792969 278.158142089844 278.363464355469 278.64111328125 279.630035400391
272.640563964844 271.735656738281 272.215911865234 269.935913085938 269.720733642578 270.508117675781 270.019866943359 270.132202148438 271.095764160156 271.073608398438 270.351593017578 264.261688232422 262.208709716797 267.813995361328 271.414123535156 271.597991943359 271.829559326172 270.444152832031 267.35302734375 266.125 266.686401367188 265.625091552734 263.0732421875 261.56982421875 262.025756835938 261.694671630859 254.026443481445 259.872650146484 266.435180664062 271.334991455078 273.241119384766 274.488830566406 274.528869628906 273.786682128906 273.634307861328 273.870635986328 274.215576171875 273.414093017578 273.832000732422 274.736694335938 275.273590087891 275.837860107422 276.287109375 276.228210449219 276.7822265625 277.539947509766 278.090850830078 278.821441650391 279.686279296875
271.649505615234 272.729309082031 271.084045410156 265.236145019531 265.021911621094 268.296905517578 270.682769775391 270.742889404297 272.162322998047 272.913665771484 272.431701660156 272.111419677734 270.409759521484 265.895874023438 261.558990478516 264.498596191406 264.677276611328 263.179473876953 263.663421630859 266.726898193359 268.382263183594 267.003021240234 266.054656982422 264.614868164062 261.655670166016 253.919784545898 261.497863769531 270.060913085938 273.285522460938 273.76171875 274.162322998047 274.432861328125 273.951385498047 273.856628417969 274.406372070312 275.042724609375 274.21337890625 273.963439941406 274.166717529297 274.292541503906 273.668518066406 273.716827392578 275.050537109375 275.931335449219 276.455474853516 277.261993408203 277.802185058594 278.282806396484 278.998748779297
