rcp8.5models/CNRM-CM5/sc1gr1.24
NCOLS 261 
NROWS 433 
XLLCORNER 336357.134 
YLLCORNER 654653.479 
CELLSIZE 1000 
NODATA_value -3.4e+38 
[rows 264 to 285 of 433, columns 147 to 195 of 261]
70.4543762207031 70.3113784790039 70.5247802734375 71.2225189208984 71.8821716308594 71.5811462402344 71.6270599365234 72.0142593383789 71.6790390014648 72.1922912597656 72.5910034179688 72.5646057128906 72.1936340332031 71.7515640258789 71.7372360229492 72.282958984375 71.7098541259766 71.3969573974609 71.3699645996094 71.2280807495117 71.1299133300781 70.9009017944336 70.8556976318359 -3.4e+38 -3.4e+38 -3.4e+38 70.274169921875 69.9505462646484 70.4030685424805 70.6098327636719 69.9687576293945 69.5908050537109 68.9501190185547 69.0317993164062 68.9056243896484 68.8002777099609 68.6924667358398 68.7485427856445 68.7988204956055 68.4024429321289 67.8811874389648 67.9925384521484 67.8282852172852 67.542350769043 67.5635604858398 66.9373931884766 67.0246276855469 67.0988159179688 66.7134246826172
69.9614791870117 70.491813659668 71.3039169311523 72.1605224609375 72.6268463134766 72.1794509887695 71.8474731445312 71.9449310302734 71.6707534790039 71.9998626708984 72.6294708251953 72.4923324584961 72.2509613037109 71.8412475585938 71.7582778930664 72.2432632446289 72.0274353027344 71.6322402954102 71.5724716186523 71.3272705078125 71.2518310546875 71.2377700805664 70.9704818725586 70.5596389770508 -3.4e+38 70.7406692504883 70.5337982177734 70.6775894165039 70.8449630737305 70.3542098999023 70.1141815185547 69.6571960449219 69.1351699829102 69.1669158935547 69.0256805419922 68.8719253540039 68.6390151977539 68.6311645507812 69.1906967163086 69.3526382446289 68.3903350830078 67.8628540039062 67.9677810668945 67.5085601806641 67.4298629760742 66.9540481567383 67.2345504760742 67.106330871582 66.9210357666016
70.3042068481445 71.6124877929688 72.6139068603516 73.2413024902344 73.3887176513672 72.981689453125 72.7241897583008 72.1333923339844 71.6451034545898 71.7210998535156 72.3217926025391 72.4151229858398 72.7003784179688 72.4239501953125 72.3845901489258 72.4961471557617 72.6954803466797 72.1765975952148 71.201416015625 71.1679534912109 71.3933792114258 71.3096237182617 71.1320724487305 70.7929534912109 -3.4e+38 70.8012466430664 70.744140625 70.3938064575195 70.2456130981445 70.2778244018555 69.9176559448242 69.9495162963867 69.7419967651367 69.5202941894531 69.1566162109375 68.7627487182617 68.7884521484375 68.3861465454102 68.7035217285156 69.7054061889648 69.4087753295898 68.5211181640625 67.8945999145508 68.0123519897461 67.4377288818359 67.5235366821289 67.2747039794922 67.2438659667969 67.1017684936523
71.0352401733398 71.909797668457 72.8295364379883 73.4082717895508 73.3653564453125 73.3944091796875 73.2667770385742 72.5339050292969 72.0138244628906 71.9426651000977 72.5816650390625 72.7441177368164 72.6884078979492 72.4640808105469 72.3851852416992 72.5187225341797 72.674919128418 72.0471343994141 71.2810745239258 71.2508087158203 71.3541412353516 71.4892425537109 71.5127716064453 71.0028991699219 70.7869873046875 -3.4e+38 70.7537536621094 70.5030136108398 70.6122207641602 70.7229461669922 70.3654022216797 70.1930618286133 69.7910766601562 69.6230392456055 69.2874069213867 68.8307037353516 68.9075317382812 68.7978897094727 69.0273132324219 70.0114212036133 69.7671585083008 68.659049987793 68.1348876953125 68.2040176391602 67.6532974243164 67.4886703491211 67.4099273681641 67.3738784790039 67.0289611816406
71.9297790527344 72.5615768432617 73.1328353881836 73.5234832763672 73.5091400146484 74.010612487793 73.9396133422852 73.2349319458008 72.8329010009766 72.4068984985352 72.8177642822266 72.3909683227539 72.2818222045898 -3.4e+38 72.4120178222656 72.3738555908203 72.3242340087891 71.9946365356445 71.549446105957 71.6323013305664 71.3374328613281 71.5206985473633 71.3760070800781 71.0666809082031 70.7282943725586 -3.4e+38 70.8935165405273 70.5843276977539 70.1336441040039 70.3991241455078 70.5957260131836 70.1946029663086 69.9421463012695 69.3921813964844 69.4243240356445 68.9772033691406 69.0375289916992 68.8535308837891 68.8924789428711 69.3490600585938 69.218017578125 68.9156875610352 68.5681838989258 67.9981002807617 67.7521896362305 67.4401321411133 67.5222702026367 67.3749084472656 67.0763549804688
72.8111190795898 73.1788558959961 73.202751159668 73.3699417114258 73.7837677001953 74.1658477783203 74.1471710205078 73.9387435913086 73.3495407104492 72.8479995727539 72.9782485961914 72.5099639892578 72.5131454467773 72.6370697021484 72.2067184448242 72.1968154907227 72.1917953491211 72.0213394165039 71.9486770629883 71.9859924316406 71.5998687744141 71.6016616821289 71.2671661376953 71.0147552490234 70.6841583251953 70.6861801147461 70.9314956665039 70.6525573730469 70.3175048828125 70.3492965698242 70.4998397827148 70.22265625 70.0629653930664 69.3512802124023 69.7277374267578 69.0864791870117 69.0665283203125 68.8350601196289 68.7368850708008 68.8937301635742 68.5347595214844 68.7513656616211 68.8490982055664 68.0761566162109 67.8260345458984 67.6455001831055 67.8766250610352 67.4586563110352 67.0520095825195
72.7543334960938 72.3499221801758 72.5283203125 73.2233123779297 73.5342559814453 73.6540069580078 73.6280670166016 73.9966812133789 73.5828857421875 73.0686950683594 72.6369476318359 72.5152359008789 72.571891784668 72.6109008789062 71.987678527832 72.1210250854492 72.2997817993164 72.1022720336914 72.3138198852539 72.1240158081055 71.7439575195312 71.5072402954102 71.5159301757812 71.2438583374023 70.8179550170898 70.5606002807617 70.8751678466797 70.7603454589844 70.7192840576172 70.5932388305664 70.5608825683594 70.1871719360352 70.2719879150391 69.5104370117188 69.5041961669922 69.4076538085938 69.4112319946289 69.0248718261719 68.8584518432617 68.9976272583008 68.6539688110352 68.4457626342773 68.6690216064453 68.2106552124023 67.987434387207 67.722526550293 67.8800354003906 67.7043380737305 67.1993942260742
72.3566741943359 72.3257904052734 72.8087005615234 73.4995956420898 73.3345718383789 72.9506454467773 72.9193267822266 73.298469543457 73.0033187866211 72.9098663330078 72.2549819946289 72.3659210205078 72.3691787719727 72.3987426757812 -3.4e+38 72.2823867797852 72.3995132446289 72.2939910888672 71.9757690429688 71.8664474487305 71.5850448608398 71.3431091308594 71.4551696777344 71.2714233398438 70.8451156616211 71.130241394043 70.9503402709961 70.8502426147461 70.3855895996094 70.3463516235352 70.5383453369141 70.2794036865234 70.4897994995117 69.7739486694336 69.5305023193359 69.5100250244141 69.459098815918 69.3592376708984 69.1844177246094 68.9210662841797 68.8364715576172 68.4233322143555 68.2722396850586 68.0985641479492 68.095947265625 67.8816070556641 67.9140396118164 67.5463638305664 67.2394409179688
72.6813583374023 73.0398025512695 73.1340560913086 73.1645355224609 73.1203918457031 72.3998031616211 72.4400634765625 72.4973678588867 72.4007873535156 72.3162689208984 72.377082824707 72.7198181152344 72.5636978149414 72.233642578125 72.2917175292969 72.1671524047852 72.3008041381836 72.4841918945312 71.9100723266602 71.809455871582 71.4389572143555 71.3374328613281 71.4054260253906 71.3707885742188 71.0431594848633 71.001091003418 70.6464614868164 70.7124176025391 70.3233032226562 70.2993087768555 70.3265686035156 70.1707458496094 70.3422927856445 69.7478866577148 69.5814208984375 69.2769241333008 69.1701354980469 69.3327713012695 69.0813751220703 68.6630477905273 68.7170867919922 68.6001129150391 68.2303466796875 68.2191772460938 68.2136306762695 67.7235641479492 67.8273391723633 67.5889434814453 67.247428894043
72.7713317871094 72.9119491577148 72.7071762084961 72.2660369873047 72.5609588623047 72.4423980712891 72.3382186889648 72.5072479248047 72.4623031616211 72.0602569580078 72.2643280029297 72.8174667358398 72.56005859375 72.2305603027344 72.3270645141602 72.0763092041016 72.0020065307617 -3.4e+38 -3.4e+38 -3.4e+38 -3.4e+38 71.6083297729492 71.6344604492188 71.5497589111328 71.1268920898438 70.6190567016602 70.3614120483398 70.5630798339844 70.5339508056641 70.4763336181641 70.2836608886719 70.0403823852539 70.1255569458008 69.5688705444336 69.6366958618164 69.4577407836914 69.1391448974609 69.2340774536133 69.2546463012695 68.6857452392578 68.7705154418945 68.9279632568359 68.8521575927734 68.6965866088867 68.2615509033203 67.8046112060547 67.8856887817383 67.8357620239258 67.3405914306641
72.867317199707 72.8059310913086 72.6119232177734 72.1022415161133 72.4023132324219 72.9589157104492 73.0807189941406 73.0298614501953 72.5733184814453 72.2316970825195 72.0489044189453 72.8561935424805 72.623176574707 72.5101089477539 72.6184158325195 72.4114608764648 72.1515808105469 72.0949859619141 72.1775970458984 71.8732604980469 71.9931716918945 71.965202331543 71.6654663085938 71.429573059082 71.3186798095703 70.9933547973633 70.4255294799805 70.5883178710938 70.8373260498047 70.6155853271484 70.1587066650391 69.9880752563477 70.09521484375 69.6698150634766 69.8555603027344 69.7186431884766 69.517578125 69.5420684814453 69.5764465332031 68.8234939575195 68.8775482177734 68.8618545532227 68.9481582641602 68.9134979248047 68.282600402832 68.0031967163086 68.0023345947266 67.8583068847656 67.5655136108398
72.977294921875 73.1597061157227 73.0202941894531 72.7894668579102 72.8406600952148 73.3512420654297 73.776969909668 73.2809524536133 72.4947662353516 72.1929244995117 72.0784759521484 72.9865341186523 72.9154205322266 72.9509506225586 72.8159484863281 72.7211151123047 72.4038772583008 72.087516784668 72.4142379760742 72.2669448852539 71.97509765625 72.0507431030273 71.6175842285156 71.4873580932617 71.3664016723633 71.1881790161133 70.8034515380859 70.609260559082 70.7279434204102 70.3710632324219 70.0697631835938 70.0514297485352 70.3173217773438 69.8059768676758 69.8100051879883 69.6856155395508 69.7057342529297 69.4500503540039 69.1752624511719 69.0472717285156 69.1021270751953 68.7705612182617 68.6660003662109 68.7111511230469 68.3969421386719 68.0209121704102 67.9990921020508 67.86083984375 67.6701812744141
73.0085372924805 73.5964584350586 73.5404281616211 73.3069076538086 73.3556289672852 73.7687301635742 74.1614532470703 73.503791809082 72.5609817504883 72.2812194824219 72.2339096069336 73.0180740356445 73.1480407714844 72.9686660766602 72.9367980957031 72.7053070068359 72.2431793212891 72.0709915161133 72.3722763061523 72.3778533935547 72.2616577148438 72.0739212036133 71.4004745483398 71.4846420288086 71.2913665771484 71.3026809692383 71.2674255371094 71.0395584106445 70.6440048217773 70.6091079711914 70.492073059082 70.3256759643555 70.6658554077148 69.8109512329102 69.9187316894531 69.9253692626953 69.5065002441406 69.3562469482422 68.9415283203125 69.0406341552734 69.1420135498047 68.8733139038086 68.7741622924805 68.7148666381836 68.2649154663086 67.9422454833984 67.9583206176758 67.9433822631836 67.8774642944336
72.5089416503906 73.4142227172852 73.792594909668 73.5556869506836 74.0032119750977 74.3757858276367 74.4690856933594 74.1933135986328 73.5280838012695 73.0901565551758 72.8437423706055 73.0656051635742 73.3533782958984 72.9026107788086 72.9960479736328 72.7160263061523 72.3061447143555 72.0388793945312 72.1106109619141 -3.4e+38 72.3338165283203 71.9034881591797 71.3874588012695 71.4210662841797 71.3976135253906 71.4212417602539 71.4061737060547 71.2277755737305 71.0246505737305 71.0070953369141 70.6018676757812 70.2813339233398 70.6998748779297 69.8098373413086 70.0171508789062 69.8484802246094 69.5061111450195 69.7858276367188 69.0855102539062 69.0146636962891 68.9782943725586 68.6780090332031 68.8687133789062 68.8985443115234 68.4408111572266 67.9394989013672 67.7421646118164 67.5840377807617 67.7344589233398
72.2582855224609 73.3629531860352 73.7670822143555 74.027473449707 74.2556533813477 74.5764465332031 74.8197021484375 74.9236831665039 74.7859344482422 74.7786407470703 74.9404220581055 74.0366592407227 73.5409088134766 73.3100051879883 73.064208984375 72.9649963378906 72.6437225341797 72.2611312866211 72.4620819091797 72.274787902832 72.3473052978516 72.0871658325195 72.1378402709961 71.642448425293 71.3968353271484 71.1324768066406 71.0962677001953 70.8480529785156 70.8429336547852 71.1321563720703 70.6168060302734 70.4218215942383 70.3510055541992 70.4114990234375 70.0399322509766 69.6919860839844 69.3776168823242 69.365608215332 69.6123046875 69.0214462280273 68.7862091064453 68.8246917724609 68.7534103393555 68.6066513061523 68.9828262329102 69.7551727294922 69.0168533325195 68.0448913574219 67.6994171142578
72.7859649658203 73.1344223022461 73.5382843017578 73.8938064575195 74.2274551391602 74.7250213623047 74.9308013916016 75.1495971679688 74.9788131713867 75.1133422851562 75.3224105834961 74.2292556762695 73.4344482421875 73.0515899658203 72.9179534912109 73.0465393066406 72.7782821655273 72.2870178222656 72.1160125732422 72.4012832641602 -3.4e+38 72.0312271118164 71.8582916259766 71.9299850463867 71.4358749389648 71.4178085327148 71.4455337524414 71.0013961791992 71.0586395263672 71.09619140625 70.6965942382812 70.6603393554688 70.8000640869141 70.4774856567383 70.1528472900391 69.9516983032227 69.8783874511719 69.7739181518555 69.7079467773438 69.5576477050781 69.2171096801758 69.177131652832 68.9821929931641 68.7727890014648 69.1264114379883 70.171272277832 69.1771621704102 68.0740203857422 67.9955749511719
73.495849609375 73.0968170166016 73.1012802124023 73.4251174926758 74.0008773803711 74.5056838989258 74.8387985229492 75.0229797363281 75.3081588745117 75.4644165039062 75.5461807250977 74.3408050537109 73.2512817382812 72.9331207275391 72.8389053344727 73.1065826416016 72.9017181396484 72.4997940063477 72.1431732177734 72.4275360107422 -3.4e+38 72.2505340576172 71.5139770507812 71.9619522094727 71.4912414550781 71.6072158813477 71.520133972168 71.2199020385742 71.099494934082 70.9930572509766 70.9741058349609 70.8450927734375 70.5310897827148 70.4810943603516 69.8965835571289 69.9048004150391 70.3130493164062 70.2388763427734 69.9805603027344 69.6312026977539 69.2711029052734 69.4133682250977 69.2109756469727 69.0513763427734 69.2134780883789 69.9225463867188 69.13427734375 68.0831756591797 68.2427444458008
73.3665771484375 72.7058868408203 72.5138320922852 72.9778060913086 73.7997665405273 74.2475051879883 74.5998001098633 74.6035919189453 74.9607238769531 75.5628662109375 75.7939071655273 74.6149368286133 73.4192581176758 73.2219085693359 73.1434631347656 73.0941467285156 72.7853546142578 72.3351974487305 72.1772994995117 72.4357070922852 72.5637817382812 72.3545684814453 71.5436325073242 71.6298675537109 71.3394470214844 71.519401550293 71.564079284668 71.4573822021484 70.9890060424805 71.0061187744141 71.0709381103516 70.9406433105469 70.3557739257812 70.1692962646484 69.8198165893555 69.8769912719727 70.1333160400391 69.8941192626953 69.9959487915039 69.5146865844727 69.2189636230469 69.231559753418 69.3589859008789 69.1775512695312 68.8618392944336 69.1552886962891 69.2634506225586 68.1927719116211 67.8460540771484
73.093864440918 72.332649230957 72.2478485107422 72.9189147949219 73.8043899536133 74.3605194091797 74.5841598510742 74.3070297241211 74.8574752807617 75.4994049072266 75.4699783325195 74.5810394287109 73.7461853027344 73.5401611328125 73.4003143310547 72.9024047851562 72.7270202636719 72.3538436889648 72.1584625244141 72.218994140625 72.1275482177734 72.2056198120117 71.5662536621094 71.7907562255859 71.5940475463867 71.2973556518555 71.4094390869141 71.2379837036133 70.9315338134766 71.0948181152344 71.2411346435547 71.0301895141602 70.4005813598633 69.9378051757812 69.9574127197266 69.9980850219727 69.8657531738281 69.7718276977539 69.7455673217773 69.6549758911133 69.4208297729492 69.4400177001953 69.3330993652344 69.0783920288086 69.0893402099609 69.0438232421875 68.944206237793 68.3614959716797 67.7553100585938
73.4269256591797 72.3460998535156 72.0212478637695 73.1401672363281 74.3360137939453 74.6749420166016 74.5596542358398 74.5169982910156 75.4197387695312 75.5200500488281 75.3949737548828 74.6904144287109 73.9296722412109 73.6472778320312 73.2245941162109 72.7770156860352 72.8357772827148 72.5714569091797 72.2732849121094 72.4097213745117 -3.4e+38 -3.4e+38 71.7429122924805 71.768424987793 71.7466125488281 71.5764617919922 71.5766296386719 70.9700775146484 70.9274139404297 71.0519256591797 71.5687942504883 71.0136871337891 70.130500793457 70.2666397094727 70.0642013549805 70.0817260742188 70.0998992919922 70.0518188476562 69.8381958007812 69.5766830444336 69.4244689941406 69.493537902832 69.1115112304688 69.2035980224609 69.2104263305664 69.1133880615234 68.7155532836914 68.5897445678711 67.9140548706055
73.4114456176758 72.2737426757812 71.9996643066406 73.6243209838867 74.691291809082 74.4563751220703 73.8748397827148 74.3001098632812 75.6983795166016 75.6453857421875 75.6773910522461 74.8432998657227 74.3685913085938 73.8120346069336 73.210075378418 72.97998046875 72.8854293823242 72.5263366699219 72.381103515625 72.7181777954102 72.2046737670898 72.1343307495117 71.7867736816406 71.6599960327148 71.8725891113281 71.8189849853516 71.5794372558594 -3.4e+38 70.9626846313477 71.2066497802734 71.5464172363281 71.3473815917969 70.6866149902344 70.6921081542969 70.4133377075195 70.3548278808594 70.2200622558594 69.8869094848633 70.1927719116211 69.6933746337891 69.368049621582 69.3851318359375 69.4096374511719 69.3578109741211 69.1123352050781 68.8014221191406 68.9666290283203 68.8755950927734 68.2741851806641
72.6537246704102 71.9023284912109 72.6122512817383 73.8967819213867 74.6716842651367 74.6224365234375 73.5737609863281 74.0127716064453 75.5845260620117 75.3256454467773 75.4023208618164 74.8921432495117 74.5427398681641 74.2358245849609 73.6557159423828 73.0679550170898 72.8553466796875 72.6561050415039 72.6158218383789 72.7110290527344 72.0526809692383 72.1185302734375 -3.4e+38 72.0034484863281 72.0815811157227 71.8026428222656 71.3750228881836 71.0570678710938 -3.4e+38 71.5444641113281 71.4459915161133 71.4013900756836 70.9009094238281 70.6928253173828 70.5741806030273 70.2648086547852 70.0349807739258 69.9163208007812 69.9694137573242 69.7017059326172 69.5717620849609 69.4537811279297 69.6623077392578 69.3583297729492 69.0738830566406 68.7424545288086 69.0657424926758 68.8373870849609 68.475456237793
