rcp8.5models/CNRM-CM5/sc1gr0.34
NCOLS 261 
NROWS 433 
XLLCORNER 336357.134 
YLLCORNER 654653.479 
CELLSIZE 1000 
NODATA_value -9999 
[rows 253 to 275 of 433, columns 50 to 99 of 261]
80.8867797851562 80.9820251464844 81.1809005737305 81.2232513427734 81.191780090332 81.3669128417969 81.6016235351562 81.7646713256836 81.9020462036133 82.0182189941406 82.1451187133789 82.2902526855469 82.5179443359375 82.639762878418 82.7140274047852 82.8638153076172 83.0243301391602 83.2077560424805 83.4526901245117 83.5630035400391 83.7651824951172 83.8468704223633 83.9978332519531 83.9893493652344 84.0479965209961 84.219841003418 84.2610931396484 84.392219543457 84.6840209960938 84.6860427856445 84.9391784667969 85.1186141967773 85.1188507080078 85.2215042114258 85.4632720947266 85.5498809814453 85.6050415039062 85.4376907348633 85.5803298950195 85.7260284423828 85.7725677490234 85.9505920410156 86.1134719848633 85.9244842529297 85.9602813720703 85.9463577270508 85.9290924072266 86.0169143676758 85.9609756469727 85.8320922851562
80.8739318847656 81.0349578857422 81.0940246582031 81.1087341308594 81.2351608276367 81.3877410888672 81.5428085327148 81.7699508666992 81.9417266845703 81.9836044311523 82.0784683227539 82.1752014160156 82.3425674438477 82.4452743530273 82.6014633178711 82.8329010009766 82.889274597168 83.1226272583008 83.2575378417969 83.5108261108398 83.7465133666992 83.8209915161133 83.8907241821289 83.9733734130859 84.1072540283203 84.2118072509766 84.2416534423828 84.3399276733398 84.612663269043 84.6901779174805 84.8612060546875 84.9460983276367 85.0401153564453 85.2169952392578 85.494758605957 85.69384765625 85.5722045898438 85.5037460327148 85.6724166870117 85.877555847168 85.9023132324219 85.9956588745117 86.1757354736328 86.1050033569336 86.0418930053711 86.0140533447266 86.018440246582 86.0223999023438 85.9946746826172 85.9171981811523
80.6443099975586 80.7690353393555 80.9418716430664 80.9976196289062 81.1283874511719 81.3687896728516 81.588996887207 81.8756561279297 82.0721969604492 81.9806823730469 82.0072326660156 82.1537551879883 82.2558135986328 82.3705520629883 82.5996551513672 82.7691345214844 82.8007202148438 83.1373062133789 83.1426696777344 83.2167358398438 83.4322891235352 83.5323944091797 83.6529159545898 83.8428268432617 84.0529403686523 84.2400131225586 84.409294128418 84.3572463989258 84.5547790527344 84.8223724365234 84.9020843505859 84.9137344360352 85.1613082885742 85.2820892333984 85.4628448486328 85.7950286865234 85.7610626220703 85.5749740600586 85.8369979858398 85.9817657470703 86.2107009887695 86.1787948608398 86.2903442382812 86.3169555664062 86.2085494995117 86.2346267700195 86.3131713867188 86.2895965576172 86.2136077880859 86.1360321044922
80.56640625 80.7163925170898 80.8641662597656 81.0183792114258 81.1466217041016 81.3015060424805 81.5975112915039 81.8865585327148 82.0667572021484 82.1921157836914 82.0854110717773 82.1245574951172 82.258918762207 82.4150924682617 82.5405883789062 82.8452987670898 82.9880599975586 83.1905288696289 83.2371444702148 83.2950820922852 83.3732757568359 83.3580627441406 83.5287551879883 83.7935256958008 83.9550933837891 84.1206893920898 84.3877563476562 84.5131225585938 84.6242065429688 84.8032302856445 84.8324356079102 85.0750198364258 85.3236923217773 85.3320388793945 85.5304336547852 85.7339782714844 85.737060546875 85.4820556640625 85.7062225341797 85.9219360351562 86.2861709594727 86.3366546630859 86.4610214233398 86.4591979980469 86.4209671020508 86.378303527832 86.4509201049805 86.3928756713867 86.3286285400391 86.2841186523438
80.4358062744141 80.5380020141602 80.791862487793 81.0238571166992 81.1355895996094 81.2280502319336 81.6175003051758 81.8127746582031 81.8915557861328 82.0063247680664 82.0762252807617 82.0913009643555 82.2184219360352 82.4019317626953 82.3872146606445 82.6228561401367 82.9349746704102 83.1940841674805 83.2575836181641 83.2755355834961 83.3408279418945 83.4271087646484 83.5243759155273 83.6909484863281 83.9135208129883 84.1129837036133 84.2902297973633 84.4307250976562 84.6649017333984 84.7313690185547 84.8814926147461 85.1811904907227 85.2526016235352 85.2765579223633 85.4049301147461 85.5189361572266 85.7646026611328 85.736686706543 85.7001800537109 85.9521026611328 86.2095184326172 86.3457489013672 86.5079345703125 86.5616989135742 86.452033996582 86.4247360229492 86.5821304321289 86.5700302124023 86.4816207885742 86.2657928466797
80.4717407226562 80.3965606689453 80.6300277709961 80.9599838256836 80.9975357055664 81.0648040771484 81.4704513549805 81.7343673706055 81.7727966308594 81.8791961669922 82.0212707519531 82.0637664794922 82.1943893432617 82.4508819580078 82.4899444580078 82.5224838256836 82.7742919921875 83.0475463867188 83.1330108642578 83.2805023193359 83.4450302124023 83.610725402832 83.6350708007812 83.828369140625 84.0749130249023 84.1192855834961 84.2767715454102 84.4888153076172 84.6699981689453 84.7525100708008 84.9277648925781 85.1460494995117 85.2713394165039 85.3801193237305 85.4077606201172 85.4908294677734 85.7585678100586 85.8850860595703 85.8039855957031 86.0339584350586 86.16015625 86.3470306396484 86.5100250244141 86.6147766113281 86.5152053833008 86.4976806640625 86.6721572875977 86.7008819580078 86.5659255981445 86.2906112670898
80.3979797363281 80.4195404052734 80.5435028076172 80.7884140014648 80.91796875 81.0301818847656 81.2609481811523 81.5631484985352 81.7234191894531 81.6917495727539 81.7990417480469 82.0745010375977 82.1996078491211 82.4656677246094 82.4423828125 82.4625625610352 82.7166595458984 82.978401184082 83.0924606323242 83.3217468261719 83.4540634155273 83.705451965332 83.7648010253906 83.8636322021484 84.1159973144531 84.0461883544922 84.164665222168 84.4753723144531 84.9380645751953 84.8360366821289 84.857292175293 85.0962066650391 85.3027420043945 85.5289840698242 85.5132293701172 85.574577331543 85.7728652954102 85.8944396972656 85.9352722167969 86.0458755493164 86.2386779785156 86.3539733886719 86.4923858642578 86.6746978759766 86.7031326293945 86.585563659668 86.6766128540039 86.6752090454102 86.5908737182617 86.4889907836914
80.3932876586914 80.4250640869141 80.507438659668 80.615837097168 80.7866668701172 80.8732757568359 81.1498794555664 81.3951721191406 81.6397399902344 81.7289047241211 81.8023986816406 81.9792327880859 82.1367034912109 82.4302444458008 82.4780426025391 82.5224838256836 82.6914672851562 83.0472640991211 83.114143371582 83.3017044067383 83.5111694335938 83.783317565918 83.8040466308594 83.8098983764648 84.0484771728516 84.0962677001953 84.1982269287109 84.4587249755859 84.8264236450195 84.8315887451172 84.8517074584961 85.0007171630859 85.2785263061523 85.4981536865234 85.6784362792969 85.7099990844727 85.8384323120117 85.9224700927734 85.9735565185547 86.0993881225586 86.3841094970703 86.4551315307617 86.4476165771484 86.5992584228516 86.716552734375 86.5947875976562 86.6630935668945 86.7044067382812 86.6147766113281 86.6232833862305
80.3764190673828 80.4921417236328 80.5457992553711 80.6646957397461 80.7468719482422 80.8243560791016 81.0625915527344 81.252311706543 81.4437789916992 81.5531387329102 81.6709060668945 81.8436279296875 82.0800476074219 82.4131546020508 82.5439224243164 82.6009292602539 82.821907043457 83.2113876342773 83.098518371582 83.1365814208984 83.4768753051758 83.7682800292969 83.6785736083984 83.7397689819336 83.9090194702148 84.0194549560547 84.235237121582 84.3974685668945 84.7627258300781 84.8676300048828 84.9249420166016 85.0280838012695 85.1567230224609 85.2771301269531 85.5804443359375 85.7911071777344 85.8867645263672 86.0029602050781 86.0035934448242 86.1027526855469 86.5106735229492 86.5996551513672 86.563117980957 86.6862487792969 86.7726669311523 86.7078857421875 86.7323760986328 86.8145751953125 86.6454315185547 86.6280288696289
80.2549285888672 80.3544769287109 80.5521087646484 80.7054443359375 80.8016204833984 80.9140701293945 80.9635162353516 81.1669235229492 81.3997344970703 81.4217987060547 81.5321655273438 81.7475891113281 81.9962615966797 82.2273330688477 82.4369964599609 82.5924682617188 82.8557052612305 83.193115234375 83.0343322753906 83.0193023681641 83.2932891845703 83.6413345336914 83.5643692016602 83.6575393676758 84.0091247558594 84.0118713378906 84.2614898681641 84.3895263671875 84.6348419189453 84.9756011962891 84.9339904785156 85.0476455688477 85.0603866577148 85.089729309082 85.4066467285156 85.7223358154297 85.9232788085938 85.9203491210938 86.0324325561523 86.1901626586914 86.527229309082 86.6450805664062 86.7460708618164 86.7879486083984 86.786018371582 86.7805404663086 86.7585525512695 86.717155456543 86.6556091308594 86.6761245727539
80.07177734375 80.1660766601562 80.398063659668 80.4694366455078 80.605842590332 80.8833999633789 80.9827575683594 81.2044677734375 81.4231414794922 81.5135040283203 81.527214050293 81.6106796264648 81.9129791259766 82.0612335205078 82.2811050415039 82.5060653686523 82.7033233642578 83.0720062255859 83.0645599365234 83.1038513183594 83.2980728149414 83.5012893676758 83.5555191040039 83.7640151977539 84.1458587646484 84.2337875366211 84.3661346435547 84.3188171386719 84.4069519042969 84.9668502807617 85.0758438110352 85.1100006103516 85.1233444213867 85.1925811767578 85.3822860717773 85.6746978759766 85.8834533691406 85.8718795776367 86.0619125366211 86.2204513549805 86.5735244750977 86.7313537597656 86.7459869384766 86.6485443115234 86.6473541259766 86.7147674560547 86.7663497924805 86.7609024047852 86.7434234619141 86.7801666259766
80.1058502197266 80.2591400146484 80.291374206543 80.3836898803711 80.5900497436523 80.7513122558594 81.0231399536133 81.1808853149414 81.251335144043 81.4002838134766 81.5009460449219 81.6151733398438 81.8899383544922 81.9719467163086 82.2166061401367 82.4211578369141 82.5478515625 83.044075012207 83.1736297607422 83.1912460327148 83.1951751708984 83.4189071655273 83.6667785644531 83.9102172851562 84.1501846313477 84.3009033203125 84.1976318359375 84.1977996826172 84.397102355957 84.7946014404297 84.9701614379883 85.1721954345703 85.2384414672852 85.2596893310547 85.3664474487305 85.6151962280273 85.8889389038086 85.8603057861328 85.9874038696289 86.1281127929688 86.5280838012695 86.6993179321289 86.7689361572266 86.6753234863281 86.7122573852539 86.7805099487305 86.8176727294922 86.8227233886719 86.8597106933594 86.8129730224609
80.0557479858398 80.1564331054688 80.2968978881836 80.3675384521484 80.4670867919922 80.656494140625 81.0185623168945 81.1084289550781 81.1139450073242 81.2473678588867 81.3866653442383 81.5989990234375 81.9008483886719 81.9525299072266 82.1800842285156 82.2817001342773 82.4351654052734 83.0612564086914 83.1667633056641 83.223030090332 83.3076095581055 83.4524307250977 83.6703186035156 83.8792495727539 84.0631408691406 84.2475204467773 84.1038970947266 84.0618667602539 84.3044128417969 84.5533294677734 84.7007598876953 85.0071334838867 85.2386322021484 85.2908782958984 85.3735656738281 85.625602722168 85.8601760864258 85.7970275878906 85.9402618408203 86.1050033569336 86.442138671875 86.5893249511719 86.7090148925781 86.6634750366211 86.6800842285156 86.7089996337891 86.7350540161133 86.8146591186523 86.9356002807617 86.8631744384766
79.8377838134766 80.0204849243164 80.0330505371094 80.1984329223633 80.4311828613281 80.6403198242188 80.8354415893555 81.034309387207 81.136344909668 81.3358154296875 81.3398971557617 81.5639495849609 81.6101608276367 81.72119140625 81.8993530273438 82.0540390014648 82.3311233520508 82.7353744506836 82.839973449707 82.9004211425781 83.1305770874023 83.2092590332031 83.3350982666016 83.6958999633789 83.9475479125977 83.902458190918 84.0010757446289 83.8745956420898 84.2800369262695 84.4830017089844 84.7145309448242 84.9522094726562 85.2046585083008 85.3350982666016 85.4320449829102 85.5711059570312 85.7684631347656 85.8372268676758 85.9422988891602 86.1070709228516 86.2029190063477 86.3743667602539 86.6223526000977 86.7756271362305 86.8277816772461 86.807373046875 86.7863235473633 87.01171875 87.1871185302734 87.0575180053711
79.8639373779297 80.0035018920898 80.0813369750977 80.192497253418 80.2782516479492 80.5469665527344 80.9048004150391 80.9435119628906 81.0289306640625 81.3456878662109 81.376823425293 81.5569229125977 81.6663436889648 81.7762069702148 81.8207015991211 81.9857940673828 82.2852783203125 82.5942535400391 82.6788482666016 82.8895111083984 83.3336563110352 83.3170547485352 83.3239822387695 83.7182464599609 83.9571685791016 83.7640228271484 83.7916564941406 83.6977157592773 84.1322784423828 84.5586166381836 84.9448547363281 85.1202163696289 85.1968994140625 85.2819366455078 85.3958053588867 85.5219802856445 85.755973815918 85.7937164306641 85.8856048583984 86.0556030273438 86.1539535522461 86.3118743896484 86.3977813720703 86.5105895996094 86.6549530029297 86.621208190918 86.683235168457 87.0067291259766 87.1240158081055 87.031623840332
79.6330108642578 79.8753204345703 80.0093612670898 80.0595321655273 80.1946258544922 80.4213562011719 80.9218292236328 80.7250061035156 80.8496398925781 81.0718383789062 81.2107086181641 81.5569915771484 81.8218154907227 81.9061889648438 81.8169631958008 81.8864288330078 82.1235656738281 82.5488967895508 82.6331634521484 82.9041061401367 83.1985931396484 83.2239303588867 83.2368927001953 83.599609375 83.7641677856445 83.5393524169922 83.5611343383789 83.7244720458984 84.132080078125 84.568733215332 85.1749572753906 85.2249526977539 84.9864883422852 85.0609664916992 85.0850830078125 85.3760375976562 85.6053848266602 85.6502456665039 85.7592620849609 85.9587478637695 86.154899597168 86.2645950317383 86.2147369384766 86.2966690063477 86.5023574829102 86.4975357055664 86.6248321533203 87.0397720336914 87.2458267211914 87.0122985839844
79.5283355712891 79.7778244018555 79.899787902832 79.9763717651367 80.0299301147461 80.2044906616211 80.6650085449219 80.5274658203125 80.7173843383789 80.9292678833008 81.0371780395508 81.2857131958008 81.6051406860352 81.8400344848633 81.9445037841797 81.8588790893555 81.96435546875 82.4445343017578 82.672477722168 82.7504348754883 82.8968887329102 82.8858642578125 83.0315322875977 83.485466003418 83.6234130859375 83.3845748901367 83.5056915283203 83.7778472900391 84.1956939697266 84.4278869628906 84.9994583129883 85.0104751586914 84.8018264770508 84.8584518432617 84.9140167236328 85.1637802124023 85.3610305786133 85.5679397583008 85.7765502929688 85.8829040527344 86.2494735717773 86.2898330688477 86.2379455566406 86.4106292724609 86.5575485229492 86.6255493164062 86.6135101318359 86.7770538330078 87.0342788696289 86.7565765380859
79.3223114013672 79.6070098876953 79.784912109375 79.7538070678711 79.8634643554688 80.041015625 80.5532150268555 80.47509765625 80.6292037963867 80.8561096191406 81.0004959106445 81.2047424316406 81.4795074462891 81.6961288452148 81.9938278198242 82.0101547241211 81.9120788574219 82.5033416748047 82.6829299926758 82.6041488647461 82.7480545043945 82.7691879272461 82.8637084960938 83.2815856933594 83.4515609741211 83.3326263427734 83.4397430419922 83.7263870239258 83.9269180297852 84.0390014648438 84.5407180786133 84.7907028198242 84.7078018188477 84.7339248657227 84.8678436279297 85.0084915161133 85.2527847290039 85.5415649414062 85.7277679443359 85.8122482299805 86.2659454345703 86.4907989501953 86.443244934082 86.5578536987305 86.6151351928711 86.5780639648438 86.5329208374023 86.698616027832 86.9856262207031 86.5473098754883
79.1322174072266 79.4134902954102 79.5957641601562 79.61474609375 79.7998199462891 80.0029602050781 80.4077529907227 80.3631591796875 80.595085144043 80.8347091674805 81.0029220581055 81.2180557250977 81.3869400024414 81.6267623901367 81.9944534301758 82.2139053344727 82.1459274291992 82.447021484375 82.5274276733398 82.6037292480469 82.7025299072266 82.727653503418 82.8066711425781 83.1217269897461 83.2834396362305 83.2291793823242 83.4222717285156 83.721061706543 83.7872314453125 83.8684158325195 84.3387069702148 84.946533203125 84.8670501708984 84.9084243774414 85.0177917480469 85.0127639770508 85.183219909668 85.3983764648438 85.4319534301758 85.4848556518555 86.1446304321289 86.4661712646484 86.5264434814453 86.4662704467773 86.3075561523438 86.3238372802734 86.3746719360352 86.6564178466797 86.9637832641602 86.5437622070312
79.0180053710938 79.3114318847656 79.5024948120117 79.5689315795898 79.6957244873047 79.9298324584961 80.1878128051758 80.2846908569336 80.5181427001953 80.7100067138672 80.9397888183594 81.1531219482422 81.2721252441406 81.4032363891602 81.6974563598633 82.1100311279297 82.3999176025391 82.3270263671875 82.2443695068359 82.491081237793 82.6902847290039 82.7101135253906 82.7873229980469 83.0188903808594 83.127197265625 83.2221527099609 83.4874649047852 83.7152786254883 83.8754043579102 83.9264450073242 84.4315643310547 85.2033386230469 85.4254455566406 85.5158538818359 85.3961715698242 84.960205078125 85.0885391235352 85.0394973754883 85.0780487060547 85.2628555297852 86.0998764038086 86.3245239257812 86.3625335693359 86.1265258789062 85.9257049560547 86.1230239868164 86.3401336669922 86.647346496582 86.6572341918945 86.3139190673828
78.9280242919922 79.0571746826172 79.2989654541016 79.428955078125 79.468505859375 79.6157684326172 79.9990158081055 80.239501953125 80.4229125976562 80.6222991943359 80.8388214111328 80.984733581543 81.0398559570312 81.1888275146484 81.6254272460938 82.1103363037109 82.4384155273438 82.2889404296875 82.0833892822266 82.3058395385742 82.5804061889648 82.7124252319336 82.6728668212891 82.8013076782227 82.9765396118164 83.327880859375 83.6625137329102 83.8542556762695 83.9267730712891 83.9682464599609 84.3466186523438 85.2826614379883 85.7364807128906 85.6810760498047 85.584716796875 85.0875778198242 85.0413055419922 84.8286437988281 84.8929214477539 85.1992568969727 85.7023468017578 85.9543380737305 85.969482421875 86.0475845336914 86.0845260620117 85.9034118652344 86.1497802734375 86.4669189453125 86.3601150512695 86.0476760864258
78.9593963623047 78.9873199462891 79.1314392089844 79.2897567749023 79.354606628418 79.6398849487305 79.8714294433594 80.1467971801758 80.351806640625 80.5735092163086 80.7374801635742 80.8981323242188 81.0615310668945 81.1735687255859 81.5427932739258 81.9826965332031 82.0615692138672 82.0793762207031 82.1115875244141 82.3549194335938 82.4569320678711 82.5351715087891 82.5976333618164 82.6512756347656 82.8651885986328 83.2853317260742 83.7265930175781 83.9751281738281 83.8460845947266 84.2023162841797 84.3075485229492 84.8438873291016 85.6160354614258 85.5849533081055 85.4734649658203 85.152702331543 84.9589614868164 84.7575378417969 84.8630599975586 85.0724411010742 85.5760040283203 85.8498611450195 85.772331237793 85.8999938964844 85.9634323120117 85.7929077148438 85.9787292480469 86.1292495727539 86.1046142578125 85.9130935668945
78.8188781738281 78.8680801391602 79.0603713989258 79.2689437866211 79.5407257080078 79.7993392944336 79.8693084716797 80.0566253662109 80.2158737182617 80.5154190063477 80.6275177001953 80.8305969238281 81.0470275878906 81.1006698608398 81.2536163330078 81.6243896484375 81.9256286621094 81.7850112915039 82.0916061401367 82.2821044921875 82.3634033203125 82.3637924194336 82.4098587036133 82.5764541625977 82.7959136962891 83.0550918579102 83.3150405883789 83.549690246582 83.618408203125 84.2047653198242 84.4274749755859 84.361213684082 85.0366363525391 85.4464950561523 85.4905166625977 85.2047882080078 84.8961868286133 84.6600189208984 84.8560180664062 85.0622177124023 85.8914947509766 85.9884414672852 85.9794235229492 85.9241104125977 85.6801147460938 85.8275909423828 85.8072891235352 85.6147308349609 85.7760543823242 86.130485534668
