rcp8.5models/CNRM-CM5/sc1gr9.10
NCOLS 261 
NROWS 433 
XLLCORNER 336357.134 
YLLCORNER 654653.479 
CELLSIZE 1000 
NODATA_value -3.4e+38 
[rows 374 to 395 of 433, columns 196 to 244 of 261]
102.608383178711 102.487922668457 102.153274536133 102.501998901367 101.930786132812 102.433570861816 102.226402282715 102.379623413086 102.053718566895 102.256072998047 102.323150634766 102.182189941406 102.776016235352 102.812225341797 102.385787963867 102.500175476074 102.958312988281 102.709014892578 102.723075866699 102.684593200684 102.553176879883 102.067153930664 102.483894348145 102.374328613281 102.282493591309 102.170745849609 101.908058166504 101.11376953125 100.689743041992 100.028327941895 99.4843902587891 99.7934722900391 99.9281387329102 99.1836547851562 99.3865203857422 98.9560470581055 98.0273361206055 97.724723815918 97.9927062988281 98.1785125732422 -3.4e+38 -3.4e+38 -3.4e+38 -3.4e+38 -3.4e+38 -3.4e+38 -3.4e+38 -3.4e+38 -3.4e+38
103.703086853027 103.368827819824 103.507026672363 103.689842224121 103.126724243164 103.480628967285 102.879043579102 103.149185180664 103.347106933594 103.706428527832 102.926292419434 103.106582641602 103.3623046875 103.841110229492 103.518775939941 103.663414001465 103.989654541016 103.164543151855 103.280479431152 103.777610778809 103.682144165039 103.07527923584 102.811714172363 102.328598022461 102.697723388672 102.674812316895 102.894020080566 102.069343566895 101.202011108398 100.981132507324 100.442779541016 100.202743530273 100.338356018066 99.5873641967773 99.8737335205078 100.074104309082 99.6510925292969 98.8558654785156 -3.4e+38 -3.4e+38 -3.4e+38 -3.4e+38 -3.4e+38 -3.4e+38 -3.4e+38 -3.4e+38 -3.4e+38 -3.4e+38 -3.4e+38
104.898109436035 104.470672607422 104.240394592285 104.576667785645 104.523567199707 104.83277130127 103.91690826416 104.203773498535 104.499351501465 104.862327575684 104.204139709473 104.55672454834 103.836540222168 104.312408447266 104.106819152832 104.775382995605 105.10570526123 104.180168151855 103.712043762207 104.301170349121 104.670799255371 104.145690917969 104.032012939453 103.840515136719 103.104011535645 103.080612182617 103.302337646484 102.584487915039 102.409896850586 102.479782104492 101.421691894531 101.161422729492 100.829627990723 100.550231933594 100.270179748535 100.551467895508 -3.4e+38 -3.4e+38 -3.4e+38 -3.4e+38 -3.4e+38 -3.4e+38 -3.4e+38 -3.4e+38 -3.4e+38 -3.4e+38 -3.4e+38 -3.4e+38 -3.4e+38
105.685409545898 106.032043457031 105.480560302734 105.832450866699 105.24836730957 105.70378112793 105.26016998291 105.641044616699 104.98616027832 105.481521606445 105.338188171387 105.694206237793 104.992492675781 105.333137512207 104.560989379883 105.225975036621 105.673294067383 105.276992797852 104.710716247559 104.71940612793 105.08519744873 104.660522460938 105.173408508301 105.364433288574 104.097518920898 103.477882385254 103.701957702637 103.07804107666 103.446411132812 103.530128479004 102.519371032715 102.047035217285 101.300987243652 101.407684326172 -3.4e+38 -3.4e+38 -3.4e+38 -3.4e+38 -3.4e+38 -3.4e+38 -3.4e+38 -3.4e+38 -3.4e+38 -3.4e+38 -3.4e+38 -3.4e+38 -3.4e+38 -3.4e+38 -3.4e+38
106.584297180176 106.813934326172 107.046768188477 107.00675201416 106.428634643555 106.898628234863 106.534271240234 106.793098449707 106.009468078613 105.958892822266 105.807762145996 106.29109954834 106.106414794922 106.560195922852 106.032608032227 105.668174743652 106.111381530762 105.823806762695 106.276466369629 105.708908081055 105.491569519043 105.058303833008 105.569137573242 105.864395141602 105.187469482422 104.820022583008 104.696014404297 103.465789794922 103.836296081543 104.01570892334 103.557022094727 103.152130126953 102.256118774414 102.008575439453 102.295677185059 101.465240478516 -3.4e+38 -3.4e+38 -3.4e+38 -3.4e+38 -3.4e+38 -3.4e+38 -3.4e+38 -3.4e+38 -3.4e+38 -3.4e+38 -3.4e+38 -3.4e+38 -3.4e+38
108.150108337402 107.958808898926 107.939270019531 107.771469116211 107.993438720703 108.169937133789 108.01065826416 107.59935760498 107.14714050293 107.114372253418 106.819442749023 106.861457824707 107.01294708252 107.237007141113 107.574920654297 106.795257568359 107.108604431152 106.244033813477 107.257972717285 106.769134521484 106.592041015625 106.035041809082 105.95768737793 106.252349853516 105.713516235352 106.06494140625 105.732292175293 104.452171325684 104.218421936035 104.493553161621 104.028007507324 104.163055419922 103.223899841309 103.035972595215 -3.4e+38 -3.4e+38 -3.4e+38 -3.4e+38 -3.4e+38 -3.4e+38 -3.4e+38 -3.4e+38 -3.4e+38 -3.4e+38 -3.4e+38 -3.4e+38 -3.4e+38 -3.4e+38 -3.4e+38
109.714225769043 109.131195068359 109.118431091309 108.907981872559 109.145286560059 109.743469238281 109.277137756348 108.419845581055 108.426322937012 108.543212890625 108.38565826416 108.106536865234 108.448951721191 107.676666259766 108.13402557373 107.875152587891 108.299308776855 107.713973999023 107.662078857422 107.275451660156 107.734916687012 107.589805603027 106.929244995117 106.633522033691 106.08918762207 106.48656463623 106.454368591309 105.4765625 105.203346252441 104.952926635742 104.403221130371 104.63835144043 104.314491271973 -3.4e+38 -3.4e+38 -3.4e+38 -3.4e+38 -3.4e+38 -3.4e+38 -3.4e+38 -3.4e+38 -3.4e+38 -3.4e+38 -3.4e+38 -3.4e+38 -3.4e+38 -3.4e+38 -3.4e+38 -3.4e+38
110.332191467285 110.176986694336 110.396873474121 111.099899291992 113.162460327148 113.118141174316 110.431037902832 109.729537963867 110.088157653809 109.345840454102 109.595138549805 109.20874786377 109.553298950195 108.667671203613 108.671653747559 108.772018432617 108.808174133301 108.651062011719 108.059120178223 107.66340637207 108.214729309082 108.550773620605 107.960464477539 107.701675415039 106.991310119629 106.89697265625 107.093551635742 106.189483642578 106.221870422363 106.038131713867 104.771545410156 -3.4e+38 -3.4e+38 -3.4e+38 -3.4e+38 -3.4e+38 -3.4e+38 -3.4e+38 -3.4e+38 -3.4e+38 -3.4e+38 -3.4e+38 -3.4e+38 -3.4e+38 -3.4e+38 -3.4e+38 -3.4e+38 -3.4e+38 -3.4e+38
111.593757629395 111.578575134277 111.488693237305 112.608283996582 114.821159362793 113.676467895508 111.319290161133 111.212608337402 111.029457092285 110.839553833008 110.395195007324 110.355972290039 110.429679870605 110.224540710449 109.757972717285 109.747138977051 109.817329406738 109.804786682129 109.131912231445 108.553421020508 108.593040466309 108.926856994629 108.433906555176 108.816146850586 108.440315246582 107.260566711426 107.498603820801 106.820655822754 106.931579589844 106.947387695312 -3.4e+38 -3.4e+38 -3.4e+38 -3.4e+38 -3.4e+38 -3.4e+38 -3.4e+38 -3.4e+38 -3.4e+38 -3.4e+38 -3.4e+38 -3.4e+38 -3.4e+38 -3.4e+38 -3.4e+38 -3.4e+38 -3.4e+38 -3.4e+38 -3.4e+38
114.433540344238 114.383529663086 114.086822509766 114.046081542969 113.319244384766 113.525459289551 113.717063903809 113.394309997559 113.348075866699 112.960182189941 112.772438049316 113.231903076172 112.70336151123 112.257270812988 112.297142028809 111.89013671875 111.882698059082 111.789604187012 111.268905639648 111.218292236328 111.02970123291 110.464019775391 110.275611877441 109.636878967285 109.913345336914 109.321243286133 109.744049072266 109.879135131836 108.561218261719 108.215530395508 -3.4e+38 -3.4e+38 -3.4e+38 -3.4e+38 -3.4e+38 -3.4e+38 -3.4e+38 -3.4e+38 -3.4e+38 -3.4e+38 -3.4e+38 -3.4e+38 -3.4e+38 -3.4e+38 -3.4e+38 -3.4e+38 -3.4e+38 -3.4e+38 -3.4e+38
115.77025604248 115.546936035156 115.244621276855 115.193511962891 114.46533203125 114.659370422363 114.712104797363 114.51099395752 114.477165222168 114.059295654297 113.661521911621 113.891639709473 114.234855651855 113.406997680664 113.528717041016 112.671371459961 113.04842376709 112.369033813477 112.118446350098 111.69556427002 112.044769287109 111.564147949219 111.775299072266 110.58292388916 110.26481628418 -3.4e+38 -3.4e+38 -3.4e+38 -3.4e+38 -3.4e+38 -3.4e+38 -3.4e+38 -3.4e+38 -3.4e+38 -3.4e+38 -3.4e+38 -3.4e+38 -3.4e+38 -3.4e+38 -3.4e+38 -3.4e+38 -3.4e+38 -3.4e+38 -3.4e+38 -3.4e+38 -3.4e+38 -3.4e+38 -3.4e+38 -3.4e+38
117.039009094238 116.523475646973 116.507972717285 116.255249023438 116.013969421387 115.367340087891 115.838096618652 115.090774536133 115.579391479492 115.265625 115.21452331543 114.86555480957 114.775466918945 114.517150878906 114.84260559082 113.88117980957 113.692665100098 113.085304260254 112.673034667969 112.640449523926 112.405502319336 111.917640686035 112.229629516602 111.58472442627 -3.4e+38 -3.4e+38 -3.4e+38 -3.4e+38 -3.4e+38 -3.4e+38 -3.4e+38 -3.4e+38 -3.4e+38 -3.4e+38 -3.4e+38 -3.4e+38 -3.4e+38 -3.4e+38 -3.4e+38 -3.4e+38 -3.4e+38 -3.4e+38 -3.4e+38 -3.4e+38 -3.4e+38 -3.4e+38 -3.4e+38 -3.4e+38 -3.4e+38
118.126678466797 117.53385925293 117.883766174316 117.210922241211 117.49870300293 117.169303894043 117.268844604492 116.209831237793 116.560035705566 115.822860717773 116.29711151123 115.943939208984 115.853103637695 115.398796081543 115.468391418457 115.423049926758 114.812728881836 114.290260314941 113.438026428223 113.657112121582 113.459312438965 112.854782104492 112.577011108398 -3.4e+38 -3.4e+38 -3.4e+38 -3.4e+38 -3.4e+38 -3.4e+38 -3.4e+38 -3.4e+38 -3.4e+38 -3.4e+38 -3.4e+38 -3.4e+38 -3.4e+38 -3.4e+38 -3.4e+38 -3.4e+38 -3.4e+38 -3.4e+38 -3.4e+38 -3.4e+38 -3.4e+38 -3.4e+38 -3.4e+38 -3.4e+38 -3.4e+38 -3.4e+38
119.837142944336 119.607116699219 119.02140045166 118.397956848145 118.979835510254 118.945693969727 118.622268676758 117.554840087891 117.856727600098 116.925895690918 117.265594482422 116.478096008301 117.026893615723 116.817108154297 115.963050842285 116.393363952637 115.952743530273 115.871040344238 114.574905395508 114.397750854492 114.697219848633 113.85587310791 113.484970092773 -3.4e+38 -3.4e+38 -3.4e+38 -3.4e+38 -3.4e+38 -3.4e+38 -3.4e+38 -3.4e+38 -3.4e+38 -3.4e+38 -3.4e+38 -3.4e+38 -3.4e+38 -3.4e+38 -3.4e+38 -3.4e+38 -3.4e+38 -3.4e+38 -3.4e+38 -3.4e+38 -3.4e+38 -3.4e+38 -3.4e+38 -3.4e+38 -3.4e+38 -3.4e+38
121.096290588379 121.153617858887 120.422492980957 120.473136901855 120.101638793945 120.072158813477 119.789421081543 118.906372070312 119.205337524414 118.207389831543 118.454200744629 117.908996582031 117.548873901367 117.875213623047 117.036468505859 117.341865539551 116.426803588867 116.829162597656 116.154144287109 115.591987609863 115.311492919922 -3.4e+38 -3.4e+38 -3.4e+38 -3.4e+38 -3.4e+38 -3.4e+38 -3.4e+38 -3.4e+38 -3.4e+38 -3.4e+38 -3.4e+38 -3.4e+38 -3.4e+38 -3.4e+38 -3.4e+38 -3.4e+38 -3.4e+38 -3.4e+38 -3.4e+38 -3.4e+38 -3.4e+38 -3.4e+38 -3.4e+38 -3.4e+38 -3.4e+38 -3.4e+38 -3.4e+38 -3.4e+38
122.183219909668 122.677742004395 122.431060791016 122.256156921387 121.415077209473 121.182434082031 120.894004821777 119.994453430176 120.341445922852 119.416679382324 119.353675842285 119.641906738281 118.500022888184 118.385238647461 117.96549987793 117.882362365723 117.484680175781 117.766876220703 117.159736633301 116.5966796875 116.394386291504 -3.4e+38 -3.4e+38 -3.4e+38 -3.4e+38 -3.4e+38 -3.4e+38 -3.4e+38 -3.4e+38 -3.4e+38 -3.4e+38 -3.4e+38 -3.4e+38 -3.4e+38 -3.4e+38 -3.4e+38 -3.4e+38 -3.4e+38 -3.4e+38 -3.4e+38 -3.4e+38 -3.4e+38 -3.4e+38 -3.4e+38 -3.4e+38 -3.4e+38 -3.4e+38 -3.4e+38 -3.4e+38
124.074508666992 124.045623779297 123.793716430664 123.62020111084 122.769462585449 122.35213470459 121.463165283203 121.093002319336 121.547721862793 121.00479888916 120.576133728027 120.495040893555 119.816551208496 119.672782897949 119.033004760742 118.959732055664 118.503273010254 118.78784942627 118.088439941406 -3.4e+38 -3.4e+38 -3.4e+38 -3.4e+38 -3.4e+38 -3.4e+38 -3.4e+38 -3.4e+38 -3.4e+38 -3.4e+38 -3.4e+38 -3.4e+38 -3.4e+38 -3.4e+38 -3.4e+38 -3.4e+38 -3.4e+38 -3.4e+38 -3.4e+38 -3.4e+38 -3.4e+38 -3.4e+38 -3.4e+38 -3.4e+38 -3.4e+38 -3.4e+38 -3.4e+38 -3.4e+38 -3.4e+38 -3.4e+38
125.392807006836 125.176933288574 124.917991638184 124.73819732666 123.93489074707 123.817031860352 123.262420654297 122.171325683594 122.62183380127 122.072174072266 121.527458190918 121.137275695801 121.135345458984 120.969635009766 120.434341430664 120.689483642578 119.432373046875 -3.4e+38 -3.4e+38 -3.4e+38 -3.4e+38 -3.4e+38 -3.4e+38 -3.4e+38 -3.4e+38 -3.4e+38 -3.4e+38 -3.4e+38 -3.4e+38 -3.4e+38 -3.4e+38 -3.4e+38 -3.4e+38 -3.4e+38 -3.4e+38 -3.4e+38 -3.4e+38 -3.4e+38 -3.4e+38 -3.4e+38 -3.4e+38 -3.4e+38 -3.4e+38 -3.4e+38 -3.4e+38 -3.4e+38 -3.4e+38 -3.4e+38 -3.4e+38
126.910461425781 127.066612243652 126.22583770752 125.854621887207 125.040092468262 125.088668823242 125.038681030273 123.788703918457 123.047431945801 122.681625366211 122.585174560547 122.12767791748 122.180633544922 122.077919006348 121.624580383301 -3.4e+38 -3.4e+38 -3.4e+38 -3.4e+38 -3.4e+38 -3.4e+38 -3.4e+38 -3.4e+38 -3.4e+38 -3.4e+38 -3.4e+38 -3.4e+38 -3.4e+38 -3.4e+38 -3.4e+38 -3.4e+38 -3.4e+38 -3.4e+38 -3.4e+38 -3.4e+38 -3.4e+38 -3.4e+38 -3.4e+38 -3.4e+38 -3.4e+38 -3.4e+38 -3.4e+38 -3.4e+38 -3.4e+38 -3.4e+38 -3.4e+38 -3.4e+38 -3.4e+38 -3.4e+38
129.029571533203 128.429611206055 127.584419250488 127.275291442871 126.583694458008 126.185363769531 126.116989135742 125.566162109375 124.367408752441 123.884979248047 123.747734069824 123.659294128418 123.236251831055 123.10912322998 122.651824951172 -3.4e+38 -3.4e+38 -3.4e+38 -3.4e+38 -3.4e+38 -3.4e+38 -3.4e+38 -3.4e+38 -3.4e+38 -3.4e+38 -3.4e+38 -3.4e+38 -3.4e+38 -3.4e+38 -3.4e+38 -3.4e+38 -3.4e+38 -3.4e+38 -3.4e+38 -3.4e+38 -3.4e+38 -3.4e+38 -3.4e+38 -3.4e+38 -3.4e+38 -3.4e+38 -3.4e+38 -3.4e+38 -3.4e+38 -3.4e+38 -3.4e+38 -3.4e+38 -3.4e+38 -3.4e+38
130.572860717773 -3.4e+38 -3.4e+38 128.745834350586 128.315002441406 127.281944274902 127.20287322998 126.698440551758 125.79541015625 125.672813415527 125.073356628418 124.917182922363 124.27262878418 124.03889465332 -3.4e+38 -3.4e+38 -3.4e+38 -3.4e+38 -3.4e+38 -3.4e+38 -3.4e+38 -3.4e+38 -3.4e+38 -3.4e+38 -3.4e+38 -3.4e+38 -3.4e+38 -3.4e+38 -3.4e+38 -3.4e+38 -3.4e+38 -3.4e+38 -3.4e+38 -3.4e+38 -3.4e+38 -3.4e+38 -3.4e+38 -3.4e+38 -3.4e+38 -3.4e+38 -3.4e+38 -3.4e+38 -3.4e+38 -3.4e+38 -3.4e+38 -3.4e+38 -3.4e+38 -3.4e+38 -3.4e+38
133.249740600586 132.260009765625 132.138885498047 131.300308227539 130.280853271484 129.961624145508 129.713684082031 128.841873168945 127.922836303711 127.839828491211 127.431838989258 127.197212219238 126.289474487305 -3.4e+38 -3.4e+38 -3.4e+38 -3.4e+38 -3.4e+38 -3.4e+38 -3.4e+38 -3.4e+38 -3.4e+38 -3.4e+38 -3.4e+38 -3.4e+38 -3.4e+38 -3.4e+38 -3.4e+38 -3.4e+38 -3.4e+38 -3.4e+38 -3.4e+38 -3.4e+38 -3.4e+38 -3.4e+38 -3.4e+38 -3.4e+38 -3.4e+38 -3.4e+38 -3.4e+38 -3.4e+38 -3.4e+38 -3.4e+38 -3.4e+38 -3.4e+38 -3.4e+38 -3.4e+38 -3.4e+38 -3.4e+38
