rcp8.5models/CNRM-CM5/sc1gr8.36
NCOLS 261 
NROWS 433 
XLLCORNER 336357.134 
YLLCORNER 654653.479 
CELLSIZE 1000 
NODATA_value -3.4e+38 
[rows 286 to 307 of 433, columns 196 to 244 of 261]
125.482444763184 127.301170349121 128.902099609375 130.885345458984 133.368011474609 136.009384155273 137.758560180664 140.462417602539 141.43017578125 140.084243774414 142.584991455078 141.374847412109 143.837600708008 150.183486938477 155.691986083984 157.209487915039 158.678604125977 159.975280761719 -3.4e+38 165.915710449219 167.944473266602 168.081008911133 169.064804077148 169.849105834961 170.450744628906 171.653945922852 173.1591796875 174.56884765625 175.344787597656 174.33837890625 172.266357421875 172.325286865234 169.543106079102 168.77734375 167.089538574219 166.687484741211 165.581314086914 163.318618774414 163.480438232422 162.37092590332 159.745544433594 156.545516967773 153.877593994141 151.811462402344 150.516998291016 149.019119262695 147.514526367188 145.142395019531 -3.4e+38
124.828544616699 126.55753326416 127.939933776855 129.996231079102 132.49186706543 134.916427612305 137.004730224609 140.467575073242 140.754272460938 138.498260498047 139.924896240234 139.881546020508 142.774826049805 149.396713256836 154.973678588867 156.518264770508 157.973297119141 159.286026000977 -3.4e+38 164.583145141602 166.670272827148 168.028839111328 168.906295776367 169.422134399414 170.071670532227 171.206832885742 172.502975463867 173.56022644043 174.767379760742 174.609451293945 -3.4e+38 170.724655151367 169.116958618164 168.511795043945 166.507934570312 166.294281005859 165.273010253906 163.225921630859 163.158935546875 162.284484863281 160.364349365234 156.805557250977 154.720367431641 152.010498046875 151.46858215332 150.264312744141 148.615264892578 -3.4e+38 -3.4e+38
123.906921386719 125.498138427734 126.79345703125 128.880218505859 130.997451782227 133.776779174805 136.060333251953 140.041198730469 140.202529907227 137.815612792969 138.343246459961 139.291564941406 141.473114013672 146.705505371094 154.447830200195 155.860717773438 157.421142578125 158.768737792969 -3.4e+38 163.440948486328 165.459747314453 168.152709960938 168.319442749023 169.044952392578 170.082992553711 171.182723999023 172.120452880859 172.6923828125 172.986465454102 173.696411132812 170.984603881836 169.126495361328 168.806045532227 168.171310424805 166.327606201172 165.970626831055 165.381805419922 164.419952392578 163.068496704102 161.987838745117 160.004608154297 156.989944458008 155.46028137207 152.47477722168 151.985015869141 151.162811279297 149.398406982422 146.393264770508 144.299865722656
122.486587524414 124.439544677734 126.155250549316 127.977073669434 129.736709594727 133.003616333008 135.132308959961 139.318557739258 140.291427612305 140.690719604492 140.673934936523 139.4970703125 140.513961791992 143.892837524414 153.847702026367 155.237152099609 156.782485961914 158.389419555664 161.114074707031 163.606292724609 166.408706665039 167.554946899414 -3.4e+38 -3.4e+38 170.103881835938 -3.4e+38 -3.4e+38 172.140075683594 171.666213989258 172.122085571289 170.05224609375 168.837249755859 168.495956420898 166.959976196289 166.012664794922 165.878005981445 165.364944458008 165.048934936523 162.922256469727 161.527603149414 159.722427368164 157.394393920898 155.916687011719 153.880340576172 152.892700195312 151.409378051758 149.951843261719 147.684753417969 145.696228027344
120.582496643066 122.734130859375 124.81640625 126.108375549316 126.593170166016 129.672286987305 133.203170776367 137.583099365234 139.526123046875 141.746047973633 142.523651123047 142.853103637695 141.702209472656 141.008255004883 148.924667358398 153.734085083008 155.183807373047 156.663848876953 -3.4e+38 161.500686645508 162.841094970703 -3.4e+38 -3.4e+38 -3.4e+38 -3.4e+38 -3.4e+38 -3.4e+38 172.572494506836 173.399383544922 173.2587890625 169.459289550781 168.419647216797 167.873458862305 166.194366455078 166.520172119141 166.535736083984 166.357666015625 166.382385253906 163.492584228516 161.264602661133 160.842666625977 157.376327514648 156.083419799805 155.565521240234 154.847213745117 153.603866577148 150.239959716797 148.704696655273 147.409149169922
118.907539367676 121.15111541748 123.467170715332 125.560852050781 126.687522888184 128.858093261719 132.32112121582 136.692947387695 138.651168823242 141.228561401367 143.474182128906 145.018142700195 144.57536315918 144.534317016602 148.098114013672 152.839859008789 154.491119384766 155.866790771484 -3.4e+38 -3.4e+38 -3.4e+38 -3.4e+38 -3.4e+38 -3.4e+38 -3.4e+38 -3.4e+38 -3.4e+38 172.8759765625 173.977783203125 174.402160644531 169.364151000977 168.314605712891 168.373245239258 166.599395751953 166.783309936523 166.919448852539 166.34846496582 166.114837646484 163.531097412109 161.148559570312 160.852035522461 158.798065185547 157.6103515625 -3.4e+38 154.621368408203 153.076599121094 150.787231445312 148.723983764648 147.511917114258
117.029945373535 119.258140563965 121.483909606934 124.037117004395 126.907173156738 128.631195068359 131.406784057617 135.719833374023 138.229248046875 140.621810913086 142.803771972656 144.951461791992 146.758529663086 148.583908081055 150.275421142578 152.110824584961 153.891036987305 155.510330200195 158.774932861328 160.342880249023 161.712020874023 -3.4e+38 -3.4e+38 166.461959838867 -3.4e+38 -3.4e+38 -3.4e+38 172.032821655273 173.022583007812 173.381561279297 168.968673706055 168.192184448242 168.458511352539 167.893936157227 167.320434570312 167.755706787109 166.092788696289 164.581787109375 161.643447875977 -3.4e+38 160.673233032227 159.324478149414 157.262908935547 -3.4e+38 154.262222290039 153.105926513672 151.521087646484 148.793426513672 147.901748657227
115.810745239258 117.924118041992 119.833267211914 122.401237487793 125.967796325684 128.243240356445 130.586410522461 134.952255249023 137.622085571289 140.007904052734 142.154800415039 144.231018066406 145.970443725586 148.005844116211 150.000305175781 151.626525878906 153.364593505859 155.053146362305 158.035003662109 159.552062988281 -3.4e+38 -3.4e+38 -3.4e+38 -3.4e+38 -3.4e+38 -3.4e+38 170.15559387207 171.794570922852 172.508499145508 172.90544128418 167.649612426758 166.711288452148 167.675765991211 169.275665283203 168.835144042969 169.37922668457 164.733779907227 162.500106811523 160.88037109375 160.554321289062 160.463653564453 158.988143920898 156.811218261719 155.192504882812 154.454254150391 153.253311157227 152.057495117188 149.668243408203 147.970458984375
114.882049560547 116.800247192383 118.928894042969 121.409027099609 124.891494750977 127.514251708984 129.567962646484 133.306167602539 135.291366577148 138.978179931641 141.442321777344 143.378662109375 145.225891113281 147.252990722656 149.24235534668 150.813980102539 152.50830078125 154.284683227539 157.337982177734 158.727401733398 -3.4e+38 -3.4e+38 -3.4e+38 -3.4e+38 -3.4e+38 -3.4e+38 169.925750732422 171.289566040039 171.357269287109 170.746032714844 166.406799316406 166.839630126953 166.809783935547 168.576538085938 168.972839355469 -3.4e+38 163.585464477539 161.765396118164 161.334136962891 160.825347900391 160.321487426758 159.101257324219 157.161849975586 154.813842773438 153.816741943359 152.721206665039 151.830917358398 150.552047729492 148.735870361328
114.629028320312 116.533653259277 118.263175964355 120.446327209473 124.015174865723 126.594291687012 128.440887451172 132.241973876953 134.263427734375 137.591857910156 140.146865844727 142.306900024414 144.304107666016 146.352584838867 148.179397583008 149.898834228516 151.740631103516 153.51838684082 156.689483642578 158.132308959961 -3.4e+38 -3.4e+38 -3.4e+38 -3.4e+38 -3.4e+38 167.88703918457 169.607955932617 170.539611816406 170.310363769531 168.125762939453 167.065032958984 167.353286743164 168.058242797852 167.944763183594 166.409912109375 -3.4e+38 163.639099121094 161.444839477539 161.358123779297 160.823455810547 159.927627563477 158.31396484375 155.764984130859 -3.4e+38 -3.4e+38 152.330520629883 151.410629272461 150.204879760742 149.13410949707
114.524612426758 116.526138305664 117.660270690918 120.396347045898 123.413009643555 125.528831481934 127.044692993164 131.947265625 134.410247802734 136.678344726562 138.919235229492 140.816940307617 143.197601318359 145.134735107422 147.241317749023 149.272689819336 151.074340820312 152.625885009766 155.668472290039 -3.4e+38 159.28483581543 160.963500976562 -3.4e+38 -3.4e+38 -3.4e+38 166.945449829102 168.784896850586 169.510284423828 168.949081420898 166.882202148438 166.965682983398 168.025405883789 169.205215454102 167.103378295898 -3.4e+38 -3.4e+38 164.044036865234 162.6748046875 161.146469116211 160.817932128906 159.372131347656 156.963684082031 -3.4e+38 153.92057800293 -3.4e+38 151.800216674805 150.912124633789 149.818557739258 149.014587402344
114.261772155762 116.369606018066 117.695129394531 120.070823669434 122.680992126465 124.375190734863 125.864402770996 130.756896972656 133.334762573242 136.033554077148 137.923416137695 139.155853271484 142.259506225586 143.991943359375 145.911437988281 148.233062744141 150.282440185547 151.826995849609 154.777572631836 156.773864746094 158.862350463867 160.199844360352 -3.4e+38 163.035079956055 164.702377319336 166.347763061523 168.418029785156 169.426651000977 168.295059204102 165.815368652344 165.960998535156 167.413940429688 167.119522094727 166.224456787109 167.739273071289 165.507217407227 164.108612060547 162.299194335938 160.725799560547 160.410781860352 159.111557006836 156.886627197266 154.51416015625 -3.4e+38 -3.4e+38 151.548065185547 150.828536987305 150.319717407227 149.517791748047
113.237915039062 115.192970275879 117.240196228027 119.201858520508 121.829971313477 123.532363891602 124.989356994629 129.725234985352 132.506896972656 134.68830871582 135.852752685547 138.627685546875 141.546691894531 142.889389038086 144.413864135742 147.235046386719 149.396224975586 150.956466674805 154.238220214844 156.208831787109 158.107650756836 159.398696899414 -3.4e+38 162.967788696289 164.689010620117 165.700805664062 167.592651367188 168.898193359375 168.105697631836 165.2333984375 165.825714111328 166.267776489258 165.706359863281 166.449752807617 167.727615356445 165.542007446289 164.247329711914 161.55012512207 160.816207885742 160.115783691406 158.955551147461 157.134841918945 154.33268737793 -3.4e+38 -3.4e+38 152.03157043457 151.002548217773 150.701446533203 149.382507324219
111.429290771484 113.611175537109 116.373588562012 118.783462524414 120.925338745117 122.634086608887 124.039909362793 129.176544189453 131.772476196289 132.648376464844 131.935974121094 136.500839233398 140.623153686523 141.974182128906 143.799850463867 146.407821655273 148.380081176758 149.952941894531 153.645065307617 155.732299804688 157.411499023438 158.854583740234 160.50114440918 162.023818969727 162.35498046875 164.768157958984 166.051773071289 167.257125854492 -3.4e+38 165.082092285156 167.362075805664 166.002395629883 165.851577758789 166.015029907227 165.654922485352 165.791641235352 166.317413330078 164.039093017578 160.716674804688 159.723785400391 158.830154418945 155.792144775391 153.846588134766 153.728713989258 153.011260986328 152.307464599609 150.895034790039 150.190795898438 148.612823486328
111.145858764648 112.907447814941 116.03636932373 118.01146697998 119.752990722656 121.66357421875 123.002021789551 128.223922729492 129.648330688477 129.684478759766 129.022613525391 133.700500488281 138.869232177734 141.63117980957 143.628692626953 145.604217529297 147.383056640625 148.996566772461 152.180374145508 152.826675415039 155.802978515625 157.950500488281 159.102996826172 159.316848754883 159.746795654297 164.011367797852 -3.4e+38 -3.4e+38 -3.4e+38 165.072952270508 167.175170898438 167.036361694336 168.54377746582 165.380905151367 165.639389038086 166.344696044922 168.008056640625 168.588973999023 163.415817260742 159.542602539062 158.913208007812 154.844116210938 153.500762939453 153.318878173828 152.882919311523 151.891983032227 150.686538696289 149.401702880859 148.418319702148
110.402130126953 112.029243469238 113.934211730957 115.605079650879 116.902473449707 118.598236083984 120.852043151855 126.336456298828 128.738052368164 130.123733520508 132.5009765625 135.388656616211 138.247055053711 140.237380981445 142.009918212891 143.827545166016 145.488098144531 147.351669311523 150.126449584961 148.315139770508 149.203262329102 156.123260498047 155.313720703125 148.915466308594 149.970672607422 158.743530273438 -3.4e+38 -3.4e+38 165.031646728516 166.298049926758 166.560028076172 165.763748168945 165.149490356445 164.876007080078 164.009658813477 163.700225830078 162.905181884766 163.76969909668 163.705749511719 157.000671386719 155.750534057617 153.749053955078 152.946136474609 152.223266601562 151.799163818359 151.101623535156 149.940551757812 150.340942382812 149.270309448242
110.009887695312 110.544532775879 112.42601776123 114.162651062012 115.487640380859 117.207618713379 119.480667114258 125.568778991699 129.484970092773 131.102203369141 132.491577148438 135.143020629883 137.401260375977 139.401382446289 141.110473632812 142.828964233398 144.687606811523 146.474945068359 149.476058959961 148.72705078125 148.199310302734 153.636505126953 154.492370605469 150.200973510742 147.284439086914 155.056869506836 -3.4e+38 162.990585327148 164.915786743164 165.960235595703 166.781646728516 166.476058959961 166.149337768555 165.057159423828 162.229644775391 161.188720703125 160.310241699219 160.874252319336 161.099166870117 155.484878540039 154.654571533203 153.452209472656 152.712692260742 152.128753662109 151.298721313477 150.560836791992 150.51025390625 150.162994384766 149.19905090332
108.932167053223 109.665504455566 111.543556213379 113.292579650879 114.770935058594 116.47550201416 118.671180725098 124.594444274902 128.719650268555 130.582733154297 132.114669799805 134.526412963867 136.716995239258 138.53108215332 140.110656738281 141.833053588867 143.819793701172 145.364456176758 148.846923828125 150.497329711914 150.808349609375 149.963912963867 152.462677001953 149.197250366211 148.38362121582 157.511962890625 160.96842956543 161.803985595703 163.289443969727 163.746673583984 165.01025390625 165.351150512695 164.851043701172 164.471984863281 164.466094970703 160.956604003906 -3.4e+38 158.271835327148 158.388580322266 154.684143066406 153.971527099609 153.063903808594 152.099914550781 150.70426940918 149.879455566406 149.287628173828 149.354354858398 147.927230834961 147.628616333008
108.481719970703 109.550430297852 111.594383239746 112.681632995605 114.010757446289 115.843612670898 118.431129455566 125.188957214355 128.13493347168 130.133346557617 131.906860351562 133.873947143555 135.860626220703 137.504043579102 139.191467285156 140.955535888672 142.751708984375 144.366226196289 147.985931396484 149.66291809082 149.641632080078 146.945419311523 151.037475585938 151.998825073242 153.364440917969 158.874649047852 160.146606445312 161.29736328125 162.204116821289 161.891372680664 162.803451538086 162.619338989258 162.309341430664 163.061920166016 164.837280273438 159.450561523438 158.35530090332 -3.4e+38 -3.4e+38 154.917114257812 152.670043945312 152.14729309082 151.223983764648 150.194351196289 149.977294921875 148.53515625 148.140701293945 146.697814941406 146.218078613281
108.043319702148 109.204002380371 111.124176025391 112.161468505859 113.587326049805 115.709777832031 118.356452941895 125.291625976562 127.008522033691 129.198913574219 131.233322143555 132.920776367188 134.607299804688 135.865829467773 138.097305297852 139.776962280273 141.757659912109 143.490905761719 146.921844482422 148.568756103516 148.276397705078 145.197555541992 151.208877563477 155.127960205078 156.519500732422 157.85612487793 159.662384033203 160.807464599609 161.844863891602 161.708709716797 161.574615478516 159.954574584961 159.626708984375 159.870910644531 159.903015136719 156.897872924805 -3.4e+38 -3.4e+38 155.624923706055 155.912307739258 151.904327392578 151.291458129883 150.569274902344 150.355361938477 150.359375 148.411010742188 147.346984863281 146.354400634766 146.112274169922
107.620567321777 108.792755126953 110.474220275879 111.472686767578 113.222434997559 115.876358032227 118.617309570312 124.282341003418 125.780334472656 128.227752685547 130.362121582031 131.89289855957 133.377380371094 133.737350463867 134.78857421875 136.393539428711 139.870483398438 141.693771362305 145.960311889648 147.731506347656 148.026214599609 146.89436340332 151.607070922852 154.092681884766 155.468276977539 157.124420166016 158.822540283203 159.672561645508 161.296340942383 161.772552490234 160.363967895508 159.17170715332 158.440582275391 157.753295898438 156.410598754883 155.507766723633 156.256011962891 155.092437744141 154.265563964844 154.261566162109 151.929748535156 151.494430541992 150.648406982422 149.770843505859 149.323577880859 148.259094238281 146.864608764648 146.545593261719 146.096755981445
107.41561126709 108.505752563477 109.593223571777 110.731117248535 112.367012023926 115.345024108887 119.301582336426 122.924392700195 125.272880554199 127.486213684082 129.156311035156 131.054000854492 132.437866210938 131.837112426758 130.502883911133 131.953994750977 135.327285766602 137.416961669922 145.007781982422 146.74658203125 148.126480102539 149.165802001953 151.437423706055 153.177230834961 154.46647644043 156.032516479492 156.696090698242 158.173370361328 159.741928100586 160.264694213867 159.382888793945 159.181457519531 158.464767456055 157.967010498047 156.765213012695 154.652648925781 155.043319702148 153.843826293945 152.724822998047 152.203430175781 151.534591674805 151.986236572266 150.737457275391 148.351196289062 147.900451660156 146.837936401367 145.786056518555 145.275360107422 144.877548217773
