rcp8.5models/CNRM-CM5/sc1gr0.3
NCOLS 261 
NROWS 433 
XLLCORNER 336357.134 
YLLCORNER 654653.479 
CELLSIZE 1000 
NODATA_value -9999 
[rows 308 to 329 of 433, columns 100 to 149 of 261]
85.8504545744543 86.2187508946115 86.2995000732826 86.4208707035752 86.5285024265449 86.6397258667959 86.6368813410459 86.8340435186448 86.9844613798569 86.9404481260865 86.8566313615762 86.8445430981945 87.0997246928482 87.3231816052502 87.5157846618155 87.7657803965644 87.8260982162927 87.9619978247555 88.1199447972111 88.0515255215651 88.1392666648762 88.2506609222222 88.5549157280945 88.7183826761863 88.9015048708383 89.0685246257859 89.1961212372769 89.2232718026272 89.1630166249853 89.1680613099584 88.9220504785312 88.2513788208782 87.6833064699239 87.1940778328982 86.7942126512534 87.172476202475 88.1648262404796 88.8273317329365 89.2866217481389 89.0771351495363 88.1389424084958 87.682405713772 87.5974688800293 87.4242114554712 87.4569116612242 87.4891404872228 87.2683955258034 87.6492603340373 87.7082833889563 88.3688980365673
85.7429912782095 86.0643868404483 86.3849651387326 86.3288354473212 86.4221474462229 86.6390913178158 86.717569731207 86.8025115261139 86.7780726669183 86.6277817700702 86.5634312096366 86.6745361607271 87.1018854131954 87.3660616588302 87.6292775818229 87.7991901103349 87.8727834394754 87.8764081583682 87.960189788697 87.91026245144 87.9173554892124 87.9144587641988 88.131131529475 88.3430756272366 88.8556547319192 88.9513962876713 88.7626819127758 88.3002059951689 87.9833988485892 88.2725674303838 88.5219274750915 87.9942021202061 87.40342252615 87.0014947881642 86.7658977754513 86.9208399245663 87.5861637302843 87.9880339516455 88.6788960153289 88.9099728759662 88.0084892815454 87.3212210141361 87.0466544108038 87.1263608707442 87.3211734198691 87.2874738165272 86.9513572508064 87.3909543879463 87.8692714005731 88.4676293606604
85.3363562566725 85.773941497354 86.2818079425408 86.2359845517646 86.2970925600335 86.5497969137234 86.6687769113818 86.7568925212289 86.5551422162936 86.4941760602005 86.631372285225 86.8045488901625 87.2047585248066 87.4114957618495 87.6036811801387 87.8755464592105 87.9702973472376 87.9533052342682 87.8877384420943 87.6861031606257 87.42999766735 87.2457816521473 87.5489206835219 87.9421340937336 88.8773414729028 88.8023371640169 88.2557572983642 87.5320007797493 87.0719142187913 87.2404277164651 87.6781084243792 87.561206970062 87.1950696464261 86.6764064115942 86.2766305234461 86.8172158137023 87.0337862497037 87.1855761179063 87.8639396086831 88.6196253215462 88.0977709439252 87.1096636943514 86.634815119724 86.9025201625617 87.1067838648703 87.0244778040296 87.2400118947446 87.6171661876599 88.161591000621 88.4425493785577
84.1999091206775 85.2273553177524 85.8864047973522 86.1388023390828 86.1778367853001 86.4142306594874 86.5436003654202 86.5747045627046 86.3763891695342 86.3555868631996 86.6085175495631 86.8865834975374 87.2728620610766 87.4438967371429 87.5664901742973 87.7756470645961 87.8982214037055 87.9326259518036 87.8852771801476 87.5687419178031 87.1300349330613 86.9013670445337 87.5141717683353 88.2597550135242 88.8767858221338 88.8243058953758 88.436406256259 87.7548595902409 87.1320691016865 86.8332498416197 86.9312109197173 87.2144259738592 87.2436968263517 86.8997672908177 86.1899909933427 85.4942751349139 85.7929952260438 86.4108752950699 87.3141243485908 87.8671142915119 87.6806722992506 86.7379886333235 86.0911432138526 86.5344544252634 86.857210676049 86.9700576949607 87.4792919460666 87.8326131088145 88.2346297976197 88.4171753972854
83.5117609814796 84.8748486241546 85.7326729566265 86.0999957262029 86.0335314564635 86.1636483895754 86.2637722222276 86.363170472977 86.4231688351971 86.4217442770314 86.578579333116 86.8485692411415 87.1345557345024 87.4378604869926 87.5906087823667 87.6061293318562 87.6983175894836 87.7280884949312 87.810712399275 87.5712964241127 87.1880144405906 87.2651941819847 87.9261230934735 88.5469595181796 88.4517385282983 88.5198968141616 88.497074279896 88.1953431736524 87.6327228866349 87.2224421329327 87.0251892986282 87.0420152817142 87.0453094840309 87.011524839901 86.6171401392948 84.2711860284991 84.4057947815795 85.5477687993927 86.5873278249819 86.378162955265 86.1031199657371 85.7018482886022 85.5967632360062 86.1313196284093 86.6771548370754 87.1813617749095 87.5764492724002 87.8772626648011 88.1757695196799 88.3516270503472
83.119685871086 84.5520593367354 84.7657729778498 85.3340901475282 85.4917802704545 85.382504740584 85.7922099383178 86.2040665725023 86.4425688834852 86.6721358567934 86.9012713320979 86.949509276726 87.0960752723675 87.309385592873 87.3162112667695 87.2867816512529 87.2034152786955 87.0826215842296 87.1717488857586 87.159374220188 87.0602166353164 87.3156019784406 88.1358091173467 88.4310284599832 87.8411107791274 87.3440134734103 87.5102526741918 87.3537429330956 87.4619452731025 87.5214151909151 87.1990816549853 86.9746085465358 86.7390669924777 86.5208399684104 86.4670038018417 85.0141633759795 84.0200409219385 83.1917387585338 82.8005956333369 82.9669634147132 84.0046680781696 85.3598742800741 86.0480919633015 86.3703439408033 86.3754702210495 86.5766273605328 87.4713233080024 87.6009366591228 87.8594249957031 87.9472276638924
82.473857341396 83.5478384167403 83.840032020571 84.3633793649576 84.7361600388147 84.7691284582289 85.2144055060425 86.0498883610501 86.4652494380203 86.6633543195392 86.8273417793858 87.0293441246423 87.0509517654922 87.136177924293 87.0519519364151 87.0614842189329 86.7511474547856 86.5146305673744 86.7361192473149 86.8452870763077 86.7959541252509 86.9470571327593 87.7244908365067 88.2276896450718 87.6611343821711 87.1991447619941 86.8391226155923 86.7257147102356 86.9617555341131 87.0058183023977 86.8154024848939 86.8384983380391 86.7590780633402 86.6557508409292 86.1950183116108 85.084968421495 85.0302619995185 84.2753177497534 83.669425382995 83.3316358528956 84.2163151848355 85.5423924778534 86.2083994134349 86.27595678484 85.9485047948982 85.9683708856905 86.9764498322607 87.1567766341472 87.5910451117342 87.7792130997488
82.54431181414 83.7009215014934 83.3158536315627 83.6474097824743 84.4236189421609 84.3815010655944 84.6722923414042 85.6713913437334 86.4008175792437 86.6265207605517 86.7460589693046 86.8583230401445 87.0774398577691 87.047819332087 86.9756432276415 86.7610575697895 86.2267158497088 86.1052216471028 86.4300692102993 86.7991636451509 86.8852121938572 86.9937995922755 87.6605815481686 88.0646204800805 87.5387647097454 87.0615477932848 86.2912015570404 86.1876263692783 86.5089113566487 86.3437430102519 86.1775537985011 86.4101473366492 86.2613783371406 86.2113304975778 85.5389238366423 85.1957668729766 85.8054483722502 85.597956055782 84.8361353864995 84.2832388463933 84.6558012226436 85.6777250730613 86.2723197923885 86.0027896904988 85.7150763722592 85.7876232840828 86.8420979211382 86.9786364198929 87.4846459390942 87.8538493506281
83.4070918342592 84.7013489585463 83.9138146416214 83.5944904398443 84.5426062553991 84.6215393531219 84.3723580071861 85.2549187325832 86.1715194698431 86.5117303065065 86.6446154946287 86.6827423694273 86.8291454558694 86.8347769864236 86.796933913358 86.3842902681391 85.904550373268 85.9519031686365 86.2587165703219 86.6639395633387 86.9700835290295 87.2752754511741 87.8102814449383 87.9614975332689 87.2040353414072 87.0089687754719 86.4551318839937 86.0682313576541 86.0575408202828 85.7099823645782 85.5336205432434 85.7413746920302 85.5811866596402 85.4528603821683 85.0426712948468 85.2357889043641 85.7290225157736 86.2987148089169 85.937884292862 85.7737859746545 85.8909345265828 86.2653689009893 86.2249119459819 85.6136555880051 85.6732717803632 86.2578280729531 87.2288480253784 87.3051734833481 87.7251749113391 88.0545839862128
83.8945271617476 84.8998914608736 84.6433835487186 83.8299513000679 84.3438502532251 85.0947430468887 84.8387570912934 84.9261580415201 85.6291036895675 86.3697360116889 86.6510182038022 86.6183380770078 86.5480711907725 86.5884701503483 86.4861179486747 86.1907324153836 85.8836565613151 85.8687162781878 86.1371342261614 86.5263141208978 86.8007918237712 87.1510324086736 87.6667090975107 87.8250787898828 87.1737731125568 87.1727074839267 86.9111176719587 86.5773991128483 86.3081418555461 85.6775364973407 85.2520368887195 85.5561095541393 85.3158041901325 84.7552793775379 84.8798174441319 85.4960662585234 85.5697090611679 86.3651264623719 86.5233224065294 86.5419679629047 86.6299901461532 86.7338635825728 86.4792209007957 85.9637069230202 85.9333290686752 86.6234075131278 87.7914421127483 88.0800324845316 88.3311451855211 88.5343059478816
83.9580992779604 84.5483404882059 84.4517527655455 83.8153165817473 84.1004632010197 85.1518419962984 85.4368661406447 85.0810315291406 85.33148307818 86.1107692572022 86.4807979625668 86.4918778605001 86.4002237562432 86.4929640547151 86.4303884122038 86.2118081819279 86.0432918267141 86.0748679330044 86.14978880144 86.462341055585 86.7806723109237 87.0257737107727 87.3016800984259 87.5586223561548 87.3173971922291 87.240882490671 87.1454929387205 87.0757032112306 86.8962541634288 86.399783698291 85.9233837682678 86.0443155013083 85.8190930603207 85.3675221340436 85.5401528903364 86.2460004914874 86.0135454343241 86.1659616184517 86.4611269502535 86.313706083636 86.3711905018251 86.5287918712911 86.597414961691 86.555144095085 86.6582214408206 87.0553931566074 88.2256811374549 88.86078145541 89.0578770153827 89.2479172690432
83.9713677614454 84.2677158240237 84.5388108834686 84.2089892601314 84.1484383644625 84.9929905942828 85.7082078533576 85.6307541694522 85.5860627238972 86.0312404616876 86.2496313829602 86.3285825977812 86.4559192159242 86.4941828912684 86.4462469050174 86.2248576802724 86.1489267870115 86.2783200244675 86.3786853911188 86.4815053461198 86.7252731582061 86.9209206419359 87.100153474403 87.2244063681495 87.2244770567548 87.247979244467 87.2391474042331 87.2511026152075 87.1621350728638 87.0827661942363 86.851866728025 86.6810650315526 86.5209191172792 86.495188906786 86.472838703144 86.6951257574933 86.3992384848955 86.2223245399449 86.3938681927485 86.3211666516734 86.3144842302892 86.4196921835828 86.4224780563385 86.5122042198093 86.9416012647421 87.5309302458812 88.4761904364039 89.0236880782821 89.4484580954358 89.6360838525107
83.8506318105964 84.2060946004317 84.7350384314941 84.7545070155259 84.295521343471 84.6120360728833 85.5175516041248 85.8589036692703 85.8312808860682 85.9587106692272 86.1061810544577 86.2221408292186 86.4334716081587 86.4879040109711 86.3416943155621 86.1757129083329 86.1773195347173 86.3063907485015 86.5007039379122 86.6419551482374 86.6159500330662 86.7660528666792 87.0692790033019 87.0770364556763 87.0311696962791 87.2165701001769 87.2792651595497 87.2380840868113 87.1790903986297 87.2415861684243 87.1836542671433 87.0426975452951 86.9371803783358 86.9557951797125 86.7962187998913 86.6133944761443 86.1973204506275 85.9920714347726 86.2349889015401 86.3144625478994 86.4188787885759 86.5434642525735 86.4441051437524 86.4123913824425 86.7173331526645 87.3847264032615 88.700172221534 88.7821101033409 89.213655352266 89.3493231909969
83.6093258582272 84.0131424839439 84.7006945948555 85.0816071414661 84.5897274539243 84.2630951407599 84.9750824937037 85.6270047750999 85.8625874243614 85.8766994158301 85.953071570258 86.1116267500608 86.1679315779914 86.2655317927867 86.1860765402911 86.081128420718 86.1667492612892 86.2454561937395 86.4614258994557 86.5811607077758 86.5863674502952 86.7355490328491 86.795169009265 86.7593546347704 86.9303901659882 87.1824383256402 87.2304748779803 87.1764078730002 87.1211077296769 87.1057751087884 87.0212155219249 86.9501848078502 87.0631091393386 87.2033872337914 86.9826546256882 86.3381017289466 85.8874671810582 85.6244169374108 86.1186200560681 86.2034808809269 86.379503281121 86.4682660195578 86.4190568635469 86.4455840337793 86.7450327571789 87.2649468286754 88.6579930384463 88.8275514117252 88.9791141501946 89.21437055317
83.3678248576006 83.8682961564116 84.6740826814616 85.1705069300005 84.8926255742433 84.3512229485477 84.5662352005205 85.20691047326 85.7380034167733 85.9556598046507 86.061632475493 86.1253733190951 85.9850002833967 86.0355960028392 86.1738863731463 86.210174160161 86.1686154031867 86.149768907516 86.3429993778626 86.4855705401173 86.5660806516209 86.7123506129328 86.5568448537253 86.2941098762304 86.7108235436571 86.9863401327237 86.9637392422463 86.9581823180291 86.979962567453 86.9360995261789 86.8611208362157 86.9021930264943 87.0100508734422 87.1471583213078 86.9702167296085 86.4032333900954 85.9717544466651 85.6919882530805 86.0060489789861 86.03713960994 86.1602563579656 86.1860550615799 85.9724187950212 86.0888277783605 86.7771019935935 87.3510950375735 88.4461201017174 88.9842274695647 89.1418239536576 89.4215173004164
83.2085497457209 83.8301803204195 84.4617734065378 84.9835627268026 85.0305179392906 84.8380583765824 84.7623416444523 85.0590744446505 85.5434214948113 85.8788904363105 86.0998988824109 86.1632116558758 85.85974634779 85.9370836352852 86.1743281271059 86.3500767042126 86.2881276961939 86.0782956050085 86.1641246071534 86.4222692431139 86.4890505358728 86.5756505720643 86.4931694440395 86.2684267965662 86.366548371714 86.6426926545474 86.6542166003233 86.7520043033338 86.8654090883159 86.879243682724 86.9136796063015 86.9856067735126 86.9629224824685 87.0542726687044 86.9957670420294 86.6263659397077 86.2510596116816 85.8318693174799 85.7385148781658 85.8538553942799 86.0011458882459 86.0395828114829 85.6997430135698 85.5871310545156 86.5790935843672 87.2367772205227 88.3669347397467 88.8430197136479 89.1162893865358 89.3382250675033
83.1436840498081 83.8182547599474 84.1757440697747 84.7670903129201 85.0347152748356 85.1051350963028 85.1529248415914 85.2114766809959 85.4932871046696 85.6954721112625 85.8694965636357 86.1385992281811 85.7932306029618 85.7532478990428 85.9024282813722 86.061550858248 86.1872115938329 86.1798243670149 86.1729791456546 86.3099536797475 86.349576683694 86.3511964957276 86.257655262447 86.1796481704186 86.1838647668118 86.4682982027451 86.6252745589752 86.7590779376721 86.946869169113 87.0033231105654 86.9374486661208 86.9355308028931 86.8647262475775 86.924143804074 87.001193748823 86.5647891200173 86.4155361689748 86.0974838090058 85.8584431705184 85.8750108286736 85.9606081270457 86.0057050846283 85.9180622690148 85.9153680627948 86.6286506816876 87.0950555523767 88.0529531842412 88.3504256864408 88.7490627812901 89.0011748175849
82.7301608627946 83.5205246836974 83.9351513701479 84.511919192466 85.0554148661405 85.2097868855303 85.1613481813517 85.010886802724 85.1169240611785 85.4956892200618 85.5415574967586 85.4521355418154 85.7094522301193 85.7554675250656 85.7521385733822 85.7581831839692 85.7744239257082 85.7962233684996 85.9137423467769 86.0670076895726 86.064153185377 85.8645638336518 85.8769199054492 85.9214132428896 85.7572824596311 86.0109957673443 86.1310339087792 86.1612999735218 86.4249509248613 86.657453727275 86.711280411014 86.7353322475573 86.8408303297389 86.8523573948193 86.7938641599107 86.445161697314 86.3188251475696 86.2020599754478 86.171270368986 86.1280165247754 86.1103063117787 86.0799938550146 86.0542999213878 86.1910684077899 86.5252614584863 86.9340614937322 87.547847567396 87.8842205547433 88.4602023824722 88.6303019416874
82.8806211858923 83.3798652702747 83.7609172280258 84.3360005056226 84.8003105538127 84.9330842285771 84.9824148273839 84.8806286767705 84.9998746252231 85.350374930498 85.5041524208311 85.4317959045509 85.4262674235632 85.5787731948799 85.8125595162406 85.7211818946728 85.5417492567947 85.6620555625887 85.865836646002 85.957712021404 86.0108972931771 85.9802051698087 86.0321231326808 85.9605323795542 85.5241164223732 85.7773013828641 85.9646641772089 86.0267025804787 86.382972402666 86.5764939165532 86.5762807583506 86.4820799814378 86.4890338544506 86.4239610231423 86.4244410287965 86.0592375381972 86.0379760381072 86.1021521345582 86.1351255691912 86.1382007296644 86.0356364144788 86.0165453564176 85.9968094991933 86.1206761685212 86.3472279974796 86.8281631373804 87.9849494918118 88.197819975852 88.470811949738 88.6630643678793
82.9189157632844 83.4936567091239 83.9826589386191 84.5107857538362 84.6456023172406 84.7470183414899 84.7936722093094 84.7056411552159 84.7658926946669 85.0116512042345 85.2717159008717 85.3581742575396 85.306535961758 85.3313242771205 85.6606165082149 85.6877863478581 85.5537862877021 85.6982368029454 85.8099762249399 85.8872341497651 86.0124013625379 86.0224087507239 86.0273412943451 85.9647035633544 85.6344063009574 85.6897542332177 85.9258805036395 86.1272551416351 86.4023930720623 86.4736136558981 86.4799483872275 86.4625485769142 86.395547302902 86.3380691222615 86.2412997726005 85.9780589838235 85.7632696225941 85.6363268981132 85.6647552062789 85.8425864026477 85.7660783333866 85.8957153901655 85.9020521300492 85.967899250052 86.1079466640211 86.5878280844054 87.8580521454792 88.0170104101825 88.3083532485858 88.4418793103195
83.0271853387499 83.6250314946738 84.0882781317662 84.5987696228261 84.5929079030289 84.5659192519204 84.5631547932869 84.496603516504 84.5373021381976 84.6701842963211 84.8884738449849 85.2476009728646 85.3624076544319 85.1717350000718 85.3469624674117 85.6270615691906 -9999 85.8551365159979 85.8926044311052 85.8665438549373 85.9245032247206 85.9419148181369 85.9451438426509 85.9750962058713 85.6207197136507 85.6944737040346 86.0086105035186 86.1388134130194 86.2165243937807 86.307716264324 86.3745682467681 86.3740519225821 86.373674567463 86.4756469746098 86.3228458743378 86.1648179488543 85.9933705178102 85.7071999558863 85.5320994925306 85.6635258969931 85.4121071617287 85.6049286804801 85.739944570446 85.766443390733 85.8700777738349 86.3025249840966 87.3281016186441 87.5669484156724 87.8617756908922 88.0866477098116
83.4290934871855 83.8861522221247 84.1439794127215 84.431870201502 84.4654947290969 84.2614703917262 84.1672506826944 84.2424619583437 84.4555163915874 84.586529620536 84.6230491074545 85.0300648143622 85.3652891140532 85.1774169652135 85.0971724925089 85.3116986656382 85.672037112302 -9999 -9999 85.9883609212479 85.8682263856494 85.7223612568001 85.742180763244 85.8536916755636 85.5769604398181 85.4771500972787 85.7531684176286 85.9848109189469 86.0251675281878 86.0529863771787 86.0474758762803 86.0390038406834 86.128182727091 86.3324540937933 86.3132402133315 86.341087101301 86.414676155471 86.1663566579018 85.8807384385332 85.7141713417932 85.1092787950296 84.9913523744332 85.4344513798199 85.6465302674645 85.6214036611009 85.7847317676165 86.8870540849398 87.3867655478657 87.7136682250103 87.8387278056642
