rcp8.5models/CNRM-CM5/sc1gr5.19
NCOLS 261 
NROWS 433 
XLLCORNER 336357.134 
YLLCORNER 654653.479 
CELLSIZE 1000 
NODATA_value -3.4e+38 
[rows 132 to 153 of 433, columns 147 to 195 of 261]
300.737243652344 301.285339355469 301.280517578125 -3.4e+38 301.832550048828 301.741821289062 301.762084960938 301.365234375 300.946136474609 301.360565185547 301.037445068359 298.932922363281 299.750885009766 301.086486816406 302.062225341797 302.316497802734 302.576263427734 302.84765625 303.248779296875 303.308837890625 302.937957763672 302.454681396484 301.98583984375 302.757293701172 303.322784423828 303.574737548828 303.685241699219 303.762268066406 303.908569335938 304.156616210938 304.404998779297 304.766479492188 304.765258789062 305.183288574219 305.407958984375 305.540618896484 305.261688232422 305.27734375 305.099761962891 304.973754882812 305.400787353516 -3.4e+38 -3.4e+38 -3.4e+38 -3.4e+38 -3.4e+38 -3.4e+38 -3.4e+38 -3.4e+38
300.883850097656 301.343353271484 301.289367675781 301.471710205078 301.844970703125 301.693511962891 301.639129638672 301.62890625 300.987030029297 300.567230224609 300.474670410156 299.597412109375 300.717926025391 301.467407226562 302.210205078125 302.265747070312 302.542816162109 302.953369140625 303.073059082031 303.003784179688 302.366760253906 301.772979736328 301.882568359375 302.563018798828 303.024566650391 303.235870361328 303.258148193359 303.165954589844 303.358093261719 303.967559814453 304.408874511719 304.649597167969 304.741424560547 304.817535400391 304.864624023438 304.969879150391 304.798278808594 304.837249755859 305.014007568359 305.381378173828 305.361419677734 -3.4e+38 -3.4e+38 -3.4e+38 -3.4e+38 -3.4e+38 -3.4e+38 -3.4e+38 -3.4e+38
300.863922119141 300.872497558594 300.8671875 301.344329833984 301.510925292969 301.459197998047 301.279144287109 301.261566162109 301.155609130859 300.497650146484 300.333312988281 300.784454345703 301.122222900391 301.708343505859 302.180358886719 302.108245849609 302.194000244141 302.5400390625 302.643157958984 302.222869873047 301.610473632812 301.466003417969 301.825592041016 302.275848388672 302.383239746094 302.391326904297 302.844085693359 302.908538818359 303.397308349609 303.930572509766 304.289093017578 304.629516601562 304.828857421875 304.796630859375 304.827301025391 304.594085693359 304.440338134766 305.043792724609 305.533355712891 -3.4e+38 305.720001220703 -3.4e+38 -3.4e+38 -3.4e+38 -3.4e+38 -3.4e+38 -3.4e+38 -3.4e+38 -3.4e+38
300.469390869141 300.636535644531 301.047485351562 301.301116943359 301.258331298828 301.168243408203 301.210205078125 301.175506591797 301.121795654297 300.709045410156 -3.4e+38 -3.4e+38 301.750183105469 302.047943115234 302.187683105469 302.153625488281 302.13818359375 302.107879638672 302.109741210938 301.5986328125 300.938659667969 301.097900390625 301.683898925781 302.206726074219 301.370391845703 300.837249755859 302.017486572266 302.710144042969 302.379425048828 302.033386230469 303.632507324219 304.565368652344 304.896697998047 304.711029052734 304.572082519531 304.339874267578 304.5009765625 305.167053222656 305.802368164062 -3.4e+38 -3.4e+38 -3.4e+38 -3.4e+38 -3.4e+38 -3.4e+38 -3.4e+38 -3.4e+38 -3.4e+38 -3.4e+38
300.39697265625 300.694946289062 301.183654785156 301.278900146484 301.192901611328 300.938171386719 300.836578369141 300.834442138672 300.753082275391 300.181396484375 300.391845703125 -3.4e+38 301.944488525391 301.978973388672 302.021667480469 302.165985107422 302.0927734375 301.944213867188 301.471923828125 301.047760009766 300.479675292969 300.962677001953 301.169891357422 301.285247802734 300.791259765625 299.983520507812 301.572906494141 302.304229736328 301.778991699219 301.951843261719 303.476959228516 304.253173828125 304.547760009766 304.247863769531 303.992309570312 304.177215576172 304.808624267578 305.228851318359 305.80615234375 305.631103515625 305.534851074219 -3.4e+38 -3.4e+38 -3.4e+38 -3.4e+38 -3.4e+38 -3.4e+38 -3.4e+38 -3.4e+38
300.389526367188 300.370635986328 301.078979492188 301.393890380859 301.363983154297 301.005340576172 300.177307128906 299.994476318359 300.546936035156 300.084136962891 299.9873046875 -3.4e+38 301.25244140625 301.401885986328 301.471832275391 301.554870605469 301.706329345703 301.778930664062 -3.4e+38 300.858520507812 300.30908203125 300.74267578125 300.734893798828 301.288909912109 301.641784667969 301.522827148438 302.337005615234 302.303527832031 302.303405761719 302.933288574219 303.457763671875 303.852996826172 304.016845703125 302.846038818359 303.329711914062 303.840270996094 304.83935546875 305.240692138672 305.534057617188 305.091888427734 305.230194091797 -3.4e+38 -3.4e+38 -3.4e+38 -3.4e+38 -3.4e+38 -3.4e+38 -3.4e+38 -3.4e+38
300.654632568359 301.510650634766 301.524261474609 301.537994384766 301.380157470703 300.741394042969 300.107299804688 299.899078369141 299.812316894531 300.089233398438 -3.4e+38 -3.4e+38 299.772369384766 301.096557617188 301.251739501953 300.811187744141 300.644104003906 -3.4e+38 300.995910644531 300.779998779297 300.875823974609 299.831878662109 300.780883789062 301.318237304688 302.640777587891 303.457275390625 303.518218994141 303.336791992188 302.929870605469 302.891174316406 303.1005859375 303.441986083984 303.758209228516 301.406860351562 303.606384277344 304.321746826172 304.780548095703 304.578308105469 304.742401123047 304.834503173828 305.264862060547 -3.4e+38 -3.4e+38 -3.4e+38 -3.4e+38 -3.4e+38 -3.4e+38 -3.4e+38 -3.4e+38
300.602569580078 301.227905273438 301.325103759766 301.313690185547 -3.4e+38 300.898712158203 300.413543701172 299.991394042969 299.769409179688 300.095520019531 299.989715576172 -3.4e+38 299.558929443359 299.795288085938 300.218414306641 300.940643310547 300.668762207031 -3.4e+38 -3.4e+38 301.103942871094 300.470367431641 298.543518066406 300.475128173828 301.720886230469 302.872406005859 303.490753173828 303.833862304688 303.918395996094 303.501678466797 303.277648925781 303.216430664062 303.743377685547 304.337738037109 303.137176513672 304.183044433594 304.1796875 304.301910400391 304.523834228516 -3.4e+38 305.187957763672 -3.4e+38 305.872283935547 -3.4e+38 -3.4e+38 -3.4e+38 -3.4e+38 -3.4e+38 -3.4e+38 -3.4e+38
300.504272460938 300.677490234375 300.948669433594 300.612457275391 300.158081054688 300.159942626953 300.404724121094 300.013000488281 299.511596679688 299.724792480469 299.904937744141 299.992340087891 298.835510253906 299.410858154297 300.129486083984 300.858825683594 300.357452392578 299.856658935547 300.525512695312 300.847015380859 299.459655761719 298.084014892578 301.333282470703 302.50927734375 303.136016845703 303.489196777344 304.004699707031 304.06494140625 304.021759033203 303.920318603516 303.763854980469 304.309448242188 304.797882080078 304.631469726562 303.921508789062 303.329467773438 304.306060791016 304.911682128906 -3.4e+38 -3.4e+38 -3.4e+38 -3.4e+38 305.891876220703 -3.4e+38 -3.4e+38 -3.4e+38 -3.4e+38 -3.4e+38 -3.4e+38
300.264373779297 300.309875488281 300.511352539062 300.259155273438 299.935119628906 299.074462890625 299.669799804688 299.421081542969 298.722381591797 299.4228515625 299.687652587891 299.589050292969 299.282257080078 300.004699707031 299.868316650391 299.039001464844 299.011535644531 299.351989746094 300.502166748047 300.721405029297 299.351989746094 299.399291992188 302.005981445312 302.064971923828 303.021759033203 303.308441162109 303.555480957031 304.152313232422 304.256408691406 304.276153564453 304.198699951172 304.397186279297 304.814025878906 304.244934082031 303.750610351562 303.358947753906 304.226623535156 304.611145019531 -3.4e+38 -3.4e+38 -3.4e+38 -3.4e+38 304.854248046875 -3.4e+38 -3.4e+38 -3.4e+38 -3.4e+38 -3.4e+38 -3.4e+38
300.293579101562 300.196014404297 300.239837646484 300.106231689453 299.574584960938 298.912048339844 298.981018066406 298.69140625 298.778869628906 299.515441894531 299.8701171875 299.383850097656 299.334411621094 299.422729492188 298.409637451172 297.658416748047 298.108825683594 299.673675537109 300.628143310547 300.765960693359 300.210662841797 -3.4e+38 301.176513671875 301.369201660156 302.573913574219 302.235229492188 302.006713867188 304.120147705078 304.272644042969 304.256103515625 304.268005371094 304.305633544922 304.651580810547 304.535675048828 304.467437744141 304.264282226562 304.351043701172 304.979064941406 -3.4e+38 -3.4e+38 -3.4e+38 -3.4e+38 304.225738525391 305.046173095703 -3.4e+38 -3.4e+38 -3.4e+38 -3.4e+38 -3.4e+38
300.450653076172 300.361541748047 300.319854736328 300.149230957031 299.797454833984 299.251708984375 299.126068115234 298.761627197266 298.808746337891 299.363098144531 299.764129638672 299.291168212891 298.766662597656 298.251007080078 297.409454345703 297.504089355469 298.680450439453 299.825042724609 300.260620117188 300.433044433594 300.465301513672 300.717620849609 300.442993164062 301.324584960938 300.805786132812 300.551483154297 302.343048095703 304.108551025391 304.442962646484 304.534576416016 304.485137939453 304.443420410156 304.681396484375 -3.4e+38 -3.4e+38 304.956115722656 305.129669189453 305.239135742188 304.9970703125 -3.4e+38 -3.4e+38 -3.4e+38 304.942718505859 -3.4e+38 -3.4e+38 -3.4e+38 -3.4e+38 -3.4e+38 -3.4e+38
300.492553710938 300.312896728516 299.793762207031 299.683776855469 299.787872314453 299.6298828125 299.125091552734 298.277069091797 297.512603759766 298.340515136719 299.404388427734 298.769897460938 297.513549804688 296.789093017578 297.534088134766 298.154724121094 299.280364990234 299.624298095703 299.988555908203 300.252655029297 300.287292480469 300.059783935547 300.386871337891 300.082794189453 298.641540527344 299.475036621094 303.227905273438 303.916748046875 304.415649414062 304.829376220703 304.794830322266 304.711883544922 304.845397949219 -3.4e+38 -3.4e+38 -3.4e+38 305.478515625 305.291351318359 304.836975097656 -3.4e+38 -3.4e+38 -3.4e+38 -3.4e+38 -3.4e+38 -3.4e+38 -3.4e+38 -3.4e+38 -3.4e+38 -3.4e+38
300.491851806641 300.161193847656 299.359893798828 299.1923828125 299.028137207031 299.522247314453 298.760650634766 297.603942871094 297.085998535156 297.942687988281 299.300170898438 298.45361328125 297.343841552734 296.937866210938 296.978454589844 298.268707275391 299.118835449219 299.56982421875 299.908020019531 300.116851806641 300.013031005859 299.395477294922 299.537963867188 298.274078369141 297.630432128906 299.574615478516 303.239501953125 303.813232421875 304.397491455078 304.832275390625 304.850311279297 -3.4e+38 -3.4e+38 -3.4e+38 -3.4e+38 -3.4e+38 -3.4e+38 305.156646728516 304.823272705078 305.009002685547 -3.4e+38 -3.4e+38 -3.4e+38 -3.4e+38 -3.4e+38 -3.4e+38 -3.4e+38 -3.4e+38 -3.4e+38
300.491149902344 300.187927246094 299.468658447266 299.156463623047 298.308776855469 298.268188476562 297.878387451172 297.426849365234 297.495239257812 298.401763916016 299.283843994141 298.548767089844 298.157989501953 298.01416015625 297.133117675781 297.889739990234 298.846923828125 299.546844482422 299.725189208984 299.567169189453 299.480255126953 299.598388671875 298.686187744141 297.490020751953 297.548126220703 300.775756835938 303.173126220703 303.955383300781 304.500518798828 -3.4e+38 -3.4e+38 -3.4e+38 -3.4e+38 -3.4e+38 -3.4e+38 -3.4e+38 -3.4e+38 304.903839111328 304.681060791016 304.319305419922 -3.4e+38 -3.4e+38 -3.4e+38 -3.4e+38 -3.4e+38 -3.4e+38 -3.4e+38 -3.4e+38 -3.4e+38
300.292205810547 300.347320556641 299.847717285156 299.161895751953 298.248870849609 297.539733886719 296.441558837891 297.053558349609 297.586700439453 298.545928955078 299.120971679688 298.972747802734 298.538696289062 298.31689453125 298.24267578125 298.403625488281 298.877258300781 299.206481933594 299.243621826172 298.753967285156 299.247772216797 299.968597412109 298.280395507812 297.874298095703 299.234741210938 -3.4e+38 303.326599121094 304.059936523438 304.501861572266 -3.4e+38 -3.4e+38 -3.4e+38 -3.4e+38 -3.4e+38 305.166168212891 305.122314453125 304.989013671875 304.893188476562 -3.4e+38 -3.4e+38 -3.4e+38 -3.4e+38 -3.4e+38 -3.4e+38 -3.4e+38 -3.4e+38 -3.4e+38 -3.4e+38 -3.4e+38
299.944122314453 299.827941894531 299.682281494141 -3.4e+38 298.065307617188 296.784027099609 295.977935791016 297.208984375 297.751068115234 298.290893554688 298.5087890625 298.947174072266 298.638732910156 298.259124755859 298.171844482422 298.631072998047 298.608581542969 298.441162109375 298.591979980469 298.271423339844 299.116790771484 299.243041992188 300.241088867188 299.625030517578 300.659271240234 302.795257568359 303.822570800781 304.088500976562 304.499938964844 -3.4e+38 -3.4e+38 -3.4e+38 -3.4e+38 305.025512695312 304.916809082031 304.848754882812 304.84814453125 304.908996582031 -3.4e+38 -3.4e+38 -3.4e+38 -3.4e+38 -3.4e+38 -3.4e+38 -3.4e+38 -3.4e+38 -3.4e+38 -3.4e+38 305.316436767578
299.501159667969 299.29931640625 299.445526123047 299.0751953125 297.815826416016 296.674560546875 296.293334960938 297.259613037109 298.195373535156 298.283203125 298.235015869141 298.394805908203 298.447204589844 298.307495117188 298.015625 298.309356689453 297.943298339844 297.617858886719 297.541717529297 297.890502929688 299.086456298828 299.266967773438 -3.4e+38 301.204803466797 301.832366943359 303.386871337891 303.975158691406 304.151641845703 304.469696044922 304.784088134766 -3.4e+38 -3.4e+38 -3.4e+38 304.936614990234 304.928192138672 304.900482177734 304.883941650391 304.836303710938 -3.4e+38 -3.4e+38 -3.4e+38 -3.4e+38 -3.4e+38 -3.4e+38 -3.4e+38 -3.4e+38 -3.4e+38 -3.4e+38 305.167602539062
299.304901123047 299.503021240234 299.146575927734 298.28125 297.830017089844 296.597473144531 296.421997070312 297.316772460938 297.429962158203 297.409088134766 297.562194824219 298.145172119141 298.3564453125 298.027954101562 297.17919921875 296.019866943359 296.221313476562 296.985046386719 297.993591308594 298.324890136719 298.811584472656 300.604217529297 301.998413085938 -3.4e+38 303.456085205078 303.916961669922 304.244140625 304.420989990234 304.331634521484 304.468872070312 304.761993408203 -3.4e+38 -3.4e+38 -3.4e+38 -3.4e+38 304.980987548828 304.937683105469 -3.4e+38 -3.4e+38 -3.4e+38 -3.4e+38 -3.4e+38 -3.4e+38 -3.4e+38 -3.4e+38 -3.4e+38 -3.4e+38 -3.4e+38 -3.4e+38
299.1318359375 299.288116455078 298.916015625 298.05126953125 297.376007080078 296.598510742188 296.783905029297 296.826019287109 297.249389648438 297.055816650391 296.899444580078 298.021545410156 297.937957763672 297.33154296875 296.107666015625 295.361755371094 296.305206298828 297.389739990234 297.932189941406 298.390960693359 299.321197509766 300.156066894531 302.926849365234 303.031951904297 303.345520019531 303.868835449219 304.246887207031 304.423980712891 304.334686279297 304.405700683594 304.545379638672 304.67822265625 304.542327880859 304.500335693359 304.682800292969 -3.4e+38 304.882690429688 -3.4e+38 -3.4e+38 -3.4e+38 -3.4e+38 -3.4e+38 -3.4e+38 -3.4e+38 -3.4e+38 -3.4e+38 -3.4e+38 -3.4e+38 305.097686767578
298.877380371094 298.998016357422 298.614776611328 297.918792724609 297.292999267578 296.890258789062 296.659088134766 296.4638671875 296.698120117188 296.693878173828 296.980224609375 297.626373291016 297.303192138672 296.555145263672 295.22900390625 295.139770507812 296.442535400391 297.521331787109 298.058654785156 299.159790039062 300.214599609375 300.783905029297 302.665985107422 303.066955566406 303.2841796875 303.679290771484 304.184722900391 304.273529052734 304.277496337891 304.323638916016 304.282409667969 304.320495605469 304.207641601562 304.22509765625 304.513153076172 304.868225097656 304.840728759766 304.859344482422 -3.4e+38 -3.4e+38 -3.4e+38 -3.4e+38 -3.4e+38 -3.4e+38 -3.4e+38 -3.4e+38 -3.4e+38 -3.4e+38 305.074493408203
298.351226806641 -3.4e+38 298.338165283203 297.947509765625 297.331207275391 297.055480957031 296.593444824219 296.378234863281 296.453247070312 296.968811035156 297.308380126953 297.46533203125 297.280731201172 296.533935546875 295.150512695312 295.4482421875 297.368133544922 297.515777587891 297.673553466797 299.994049072266 300.522705078125 300.625091552734 302.70556640625 303.0400390625 303.370788574219 303.681945800781 304.103729248047 304.062164306641 304.139923095703 304.240692138672 304.179046630859 304.044952392578 303.870635986328 304.284118652344 304.667785644531 304.825927734375 304.844696044922 304.863433837891 304.882049560547 304.900604248047 304.919067382812 304.937408447266 304.955657958984 -3.4e+38 -3.4e+38 305.028198242188 -3.4e+38 -3.4e+38 305.078460693359
