rcp8.5models/CNRM-CM5/sc1gr15.FIL
ncols         261
nrows         433
xllcorner     336357.134
yllcorner     654653.479
cellsize      1000
NODATA_value  -9999
[rows 324 to 359 of 433, columns 162 to 242 of 261]
5385.165 5099.02 5000 4472.136 4123.105 3605.551 3162.278 3000 3162.278 3605.551 4242.641 4242.641 3605.551 3162.278 3000 3162.278 3605.551 4242.641 5000 5830.952 6708.204 7000 7071.068 7280.11 7615.773 8062.258 8602.325 9219.545 9848.857 9486.833 9219.545 9055.385 8602.325 8062.258 7615.773 7280.11 7071.068 7000 7000 7000 7071.068 7280.11 7615.773 7280.11 6324.555 5385.165 4472.136 3605.551 2828.427 2236.068 2000 2000 2236.068 2828.427 3605.551 4472.136 5385.165 6324.555 7280.11 8246.211 9219.545 8485.281 7810.25 7071.068 6403.124 5656.854 5000 4472.136 3605.551 2828.427 2236.068 2000 2000 2000 2000 1000 0 0 0 0 0
4472.136 4123.105 4000 3605.551 3162.278 2828.427 2236.068 2000 2236.068 2828.427 3605.551 4472.136 4472.136 4123.105 4000 4123.105 4472.136 5000 5656.854 6403.124 7211.103 8000 8062.258 8246.211 8544.004 8944.271 9433.981 10000 10630.15 9899.495 9219.545 8485.281 7810.25 7211.103 6708.204 6324.555 6082.763 6000 6000 6000 6082.763 6324.555 6708.204 7071.068 6082.763 5099.02 4123.105 3162.278 2236.068 1414.214 1000 1000 1414.214 2236.068 3162.278 4123.105 5099.02 6082.763 7071.068 8062.258 8602.325 7810.25 7071.068 6403.124 5656.854 5000 4242.641 3605.551 3162.278 2828.427 2236.068 1414.214 1000 1000 1414.214 1000 0 0 0 0 0
3605.551 3162.278 3000 2828.427 2236.068 2000 1414.214 1000 1414.214 2236.068 3162.278 4123.105 5099.02 5099.02 5000 5099.02 5385.165 5830.952 6403.124 7071.068 7810.25 8602.325 9055.385 9219.545 9486.833 9848.857 10295.63 10198.04 10000 9219.545 8485.281 7810.25 7071.068 6403.124 5830.952 5385.165 5099.02 5000 5000 5000 5099.02 5385.165 5830.952 6403.124 6000 5000 4000 3000 2000 1000 0 0 1000 2000 3000 4000 5000 6000 7000 8000 8062.258 7211.103 6403.124 5656.854 5000 4242.641 3605.551 2828.427 2236.068 2000 1414.214 1000 0 0 1000 1000 0 0 0 0 0
2828.427 2236.068 2000 2000 1414.214 1000 1000 0 1000 2000 3000 4000 5000 6000 6000 6082.763 6324.555 6708.204 7211.103 7810.25 8485.281 9219.545 10000 10198.04 10295.63 9848.857 9486.833 9219.545 9055.385 8602.325 7810.25 7071.068 6403.124 5656.854 5000 4472.136 4123.105 4000 4000 4000 4123.105 4472.136 5000 5656.854 6000 5000 4000 3000 2000 1000 0 0 1000 2000 3000 4000 5000 5830.952 6708.204 7615.773 7615.773 6708.204 5830.952 5000 4242.641 3605.551 2828.427 2236.068 1414.214 1000 1000 0 0 0 0 0 0 0 0 1000 1000
2236.068 1414.214 1000 1000 1000 0 1000 1000 1414.214 2236.068 3162.278 4123.105 5099.02 6082.763 6708.204 7071.068 7280.11 7615.773 8062.258 8602.325 9219.545 9899.495 10630.15 10000 9433.981 8944.271 8544.004 8246.211 8062.258 8000 7211.103 6403.124 5656.854 5000 4242.641 3605.551 3162.278 3000 3000 3000 3162.278 3605.551 4242.641 5000 5830.952 5099.02 4123.105 3162.278 2236.068 1414.214 1000 1000 1414.214 2236.068 2828.427 3605.551 4472.136 5385.165 6324.555 7280.11 7280.11 6324.555 5385.165 4472.136 3605.551 2828.427 2236.068 1414.214 1000 0 1000 0 0 0 0 0 0 0 0 0 1000
2000 1000 0 0 1000 0 1000 1414.214 2236.068 2828.427 3605.551 4472.136 5099.02 5385.165 5830.952 6403.124 7071.068 7810.25 8544.004 8944.271 9433.981 10000 9899.495 9219.545 8602.325 8062.258 7615.773 7280.11 7071.068 7000 6708.204 5830.952 5000 4242.641 3605.551 2828.427 2236.068 2000 2000 2000 2236.068 2828.427 3605.551 4472.136 5385.165 5385.165 4472.136 3605.551 2828.427 2236.068 2000 1414.214 1000 1414.214 2236.068 3162.278 4123.105 5099.02 6082.763 7071.068 7071.068 6082.763 5099.02 4123.105 3162.278 2236.068 1414.214 1000 0 0 0 0 0 0 0 0 0 0 0 0 1000
2000 1000 0 1000 1000 0 0 1000 2000 3000 4000 4000 4123.105 4472.136 5000 5656.854 6403.124 7211.103 7615.773 8062.258 8602.325 9219.545 9219.545 8485.281 7810.25 7211.103 6708.204 6324.555 6082.763 6000 6000 5385.165 4472.136 3605.551 2828.427 2236.068 1414.214 1000 1000 1000 1414.214 2236.068 3162.278 4123.105 5099.02 5830.952 5000 4242.641 3605.551 3000 2000 1000 0 1000 2000 3000 4000 5000 6000 7000 7000 6000 5000 4000 3000 2000 1000 0 0 0 0 0 0 0 0 0 0 0 0 0 0
2236.068 1414.214 1000 1414.214 1414.214 1000 1000 1414.214 2236.068 3162.278 3162.278 3000 3162.278 3605.551 4242.641 5000 5830.952 6324.555 6708.204 7211.103 7810.25 8485.281 8485.281 7810.25 7071.068 6403.124 5830.952 5385.165 5099.02 5000 5000 5000 4123.105 3162.278 2236.068 1414.214 1000 0 0 0 1000 2000 3000 4000 5000 6000 5656.854 5000 4123.105 3162.278 2236.068 1414.214 1000 1414.214 2236.068 3162.278 4123.105 5099.02 6082.763 7071.068 7071.068 6082.763 5099.02 4123.105 3162.278 2236.068 1414.214 1000 0 0 0 0 0 0 0 0 0 0 0 0 0
2828.427 2236.068 2000 2236.068 2236.068 2000 2000 2236.068 2828.427 2828.427 2236.068 2000 2236.068 2828.427 3605.551 4472.136 5099.02 5385.165 5830.952 6403.124 7071.068 7810.25 7810.25 7071.068 6403.124 5656.854 5000 4472.136 4123.105 4000 4000 4000 4000 3000 2000 1000 0 0 0 0 1000 2000 3000 4000 5000 6000 6324.555 5385.165 4472.136 3605.551 2828.427 -9999 2000 2236.068 2828.427 3605.551 4472.136 5385.165 6324.555 7280.11 7000 6000 5000 4000 3000 2000 1000 0 0 0 0 0 0 0 0 0 0 0 0 0 0
3605.551 3162.278 3000 3162.278 3162.278 3000 3000 3162.278 3162.278 2236.068 1414.214 1000 1414.214 2236.068 3162.278 4000 4123.105 4472.136 5000 5656.854 6403.124 7211.103 7211.103 6403.124 5656.854 5000 4242.641 3605.551 3162.278 3000 3000 3000 3162.278 3162.278 2236.068 1414.214 1000 1000 1000 1000 1414.214 2236.068 3162.278 4123.105 5099.02 6082.763 6708.204 5830.952 5000 4242.641 3605.551 -9999 3000 3162.278 3605.551 4242.641 5000 5830.952 6708.204 7615.773 7000 6000 5000 4000 3000 2000 1000 0 0 0 0 0 0 0 0 0 0 0 0 0 0
4472.136 4123.105 4000 4123.105 4123.105 4000 3605.551 3162.278 3000 2000 1000 0 1000 2000 3000 3000 3162.278 3605.551 4242.641 5000 5830.952 6403.124 6708.204 5830.952 5000 4242.641 3605.551 2828.427 2236.068 2000 2000 2000 2236.068 2236.068 2000 2236.068 2000 2000 1414.214 1000 1414.214 2236.068 3162.278 4123.105 5099.02 6082.763 7071.068 6403.124 5656.854 5000 4472.136 4123.105 4000 4123.105 4472.136 5000 5656.854 6403.124 7211.103 7810.25 7071.068 6082.763 5099.02 4123.105 3162.278 2236.068 1414.214 1000 1000 0 0 0 0 0 0 0 0 0 0 0 0
5000 5099.02 5000 5099.02 4472.136 3605.551 2828.427 2236.068 2000 2236.068 1414.214 1000 1414.214 2236.068 2236.068 2000 2236.068 2828.427 3605.551 4472.136 5000 5656.854 6324.555 5385.165 4472.136 3605.551 2828.427 2236.068 1414.214 1000 1000 1000 1414.214 1414.214 1000 1414.214 2236.068 1414.214 1000 0 1000 2000 3000 4000 5000 6000 7000 7071.068 6403.124 5830.952 5385.165 5099.02 5000 5099.02 5385.165 5830.952 6403.124 7071.068 7810.25 7071.068 6403.124 5830.952 5385.165 4472.136 -9999 2828.427 2236.068 2000 1000 0 0 0 0 0 0 0 0 0 0 0 0
5656.854 6082.763 6000 5099.02 4123.105 3162.278 2236.068 1414.214 1000 1414.214 1000 1414.214 2236.068 2236.068 1414.214 1000 1414.214 2236.068 3162.278 3605.551 4242.641 5000 5830.952 5099.02 4123.105 3162.278 2236.068 1414.214 1000 0 0 0 1000 1000 0 1000 1414.214 1000 0 1000 1414.214 2236.068 3162.278 4123.105 5099.02 6082.763 7071.068 7071.068 7000 6708.204 6324.555 6082.763 6000 6082.763 6324.555 6708.204 7211.103 7810.25 7211.103 6403.124 5656.854 5000 4472.136 4123.105 3605.551 2828.427 2236.068 1414.214 1000 0 0 0 0 0 0 0 0 0 0 0 0
5000 5099.02 5385.165 5000 4000 3000 2000 1000 0 1000 0 1000 2000 2000 1000 0 1000 2000 2236.068 2828.427 3605.551 4472.136 5385.165 5000 4000 3000 2000 1000 0 0 0 0 1000 1414.214 1000 0 1000 0 0 0 1000 2000 3000 4000 5000 6000 6324.555 6082.763 6000 5830.952 5385.165 5099.02 5000 5099.02 5385.165 5830.952 6403.124 7071.068 6708.204 5830.952 5000 4242.641 3605.551 3162.278 3000 2236.068 1414.214 1000 0 0 0 0 0 0 0 0 0 0 0 0 0
4000 4123.105 4472.136 5000 4123.105 3162.278 2236.068 1414.214 1000 1000 0 1000 2000 1414.214 1000 0 1000 1000 1414.214 2236.068 3162.278 4123.105 5099.02 5000 4000 3000 2000 1000 0 1000 0 1000 1414.214 2000 1000 0 0 1000 0 0 1000 2000 3000 4000 5000 5830.952 5385.165 5099.02 5000 5000 4472.136 4123.105 4000 4123.105 4472.136 5000 5656.854 6403.124 6324.555 5385.165 4472.136 3605.551 2828.427 2236.068 2000 2000 1000 0 0 0 0 0 0 0 0 0 0 0 0 0 0
3000 3162.278 3605.551 4123.105 4472.136 3605.551 2828.427 2236.068 2000 1414.214 1000 1414.214 2000 1000 0 0 0 0 1000 2000 3000 4000 4472.136 5000 4000 3000 2000 1000 0 1000 1000 1000 1414.214 2236.068 1414.214 1000 0 1000 1000 0 1000 2000 3000 4000 4472.136 5000 4472.136 4123.105 4000 4000 3605.551 3162.278 3000 3162.278 3605.551 4242.641 5000 5656.854 5656.854 5000 4123.105 3162.278 2236.068 1414.214 1000 1000 1414.214 1000 0 0 0 0 0 0 0 0 0 0 0 0 0
2000 2236.068 2828.427 3162.278 3605.551 4242.641 3605.551 3162.278 2828.427 2236.068 2000 2236.068 2236.068 1414.214 1000 1000 1000 1000 1414.214 2236.068 3000 3162.278 3605.551 4242.641 4123.105 3162.278 2236.068 1414.214 1000 1414.214 1000 0 1000 2000 2236.068 1414.214 1000 1414.214 1414.214 1000 1414.214 2236.068 3000 3162.278 3605.551 4123.105 3605.551 3162.278 3000 3000 2828.427 2236.068 2000 2236.068 2828.427 3605.551 4242.641 5000 5000 4242.641 3605.551 3000 2000 1000 0 0 1000 0 0 0 0 0 0 0 0 0 0 0 0 0 0
1000 1414.214 2000 2236.068 2828.427 3605.551 2828.427 2236.068 2000 2000 2236.068 2828.427 2000 1000 0 0 1000 2000 2000 2000 2000 2236.068 2828.427 3605.551 4472.136 3605.551 2828.427 2236.068 2000 1000 0 0 1000 2000 2828.427 2236.068 2000 2236.068 2236.068 2000 2236.068 2236.068 2000 2236.068 2828.427 3162.278 2828.427 2236.068 2000 2000 2236.068 1414.214 1000 1414.214 2236.068 2828.427 3605.551 4472.136 4472.136 3605.551 2828.427 2236.068 2000 1000 0 0 0 0 0 0 0 0 0 0 0 0 0 0 0 0 0
0 1000 1000 1414.214 2236.068 3162.278 2236.068 1414.214 1000 1000 1414.214 2236.068 2236.068 1414.214 1000 0 1000 1414.214 1000 1000 1000 1414.214 2236.068 3162.278 4123.105 4242.641 3605.551 3000 2000 1000 0 0 1000 2000 2828.427 3162.278 3000 3162.278 3162.278 3000 2236.068 1414.214 1000 1414.214 2000 2236.068 2236.068 1414.214 1000 1000 1414.214 1000 0 1000 1414.214 2236.068 3162.278 3605.551 4123.105 3162.278 2236.068 1414.214 1000 1000 0 0 0 0 0 0 0 0 0 0 0 0 0 0 0 0 0
1000 0 0 1000 2000 2236.068 2000 1000 0 0 1000 1414.214 2236.068 2236.068 1414.214 1000 1414.214 1000 0 0 0 1000 2000 3000 4000 5000 4000 3000 2000 1000 0 0 1000 1414.214 2236.068 3162.278 4000 4123.105 4000 3000 2000 1000 0 1000 1000 1414.214 1414.214 1000 0 0 1000 0 0 0 1000 2000 2236.068 2828.427 3162.278 3000 2000 1000 0 0 0 0 0 0 0 0 0 0 0 0 0 0 0 0 0 0 0
1000 0 0 1000 1000 1414.214 1414.214 1000 1000 0 0 1000 2000 2236.068 1414.214 1000 1000 1000 0 0 0 1000 2000 3000 4000 5000 4000 3000 2000 1000 0 0 0 1000 2000 3000 4000 3605.551 3162.278 3000 2236.068 1414.214 1000 0 0 1000 1000 0 0 0 0 0 0 0 1000 1000 1414.214 2000 2236.068 2828.427 2000 1000 0 0 0 0 0 0 0 0 0 0 0 0 0 0 0 0 0 0 0
0 0 0 0 0 1000 1000 0 1000 0 0 1000 2000 2000 1000 0 0 1000 0 0 1000 1414.214 2236.068 3162.278 4123.105 5000 4000 3000 2000 1000 0 0 0 1000 2000 3000 3605.551 2828.427 2236.068 2000 2000 1000 0 0 0 0 0 0 0 0 0 0 0 0 1000 0 1000 1000 1414.214 2236.068 1414.214 1000 0 0 0 0 0 0 0 0 0 0 0 0 0 0 0 0 0 0 0
0 0 0 0 0 1000 0 0 0 1000 1000 1414.214 2236.068 2000 1000 0 0 1000 0 0 1000 2000 2236.068 2828.427 3605.551 4472.136 4123.105 3162.278 2236.068 1414.214 1000 0 1000 1414.214 2236.068 3162.278 3000 2236.068 1414.214 1000 1000 1000 1000 0 0 0 1000 0 0 0 0 0 0 0 0 0 0 0 1000 1414.214 1000 0 0 0 0 0 0 0 0 0 0 0 0 0 0 0 0 0 0 0 0
0 0 0 0 0 0 0 0 0 1000 2000 2236.068 2828.427 2000 1000 0 0 1000 1000 0 1000 1000 1414.214 2236.068 3162.278 4123.105 4472.136 3605.551 2828.427 2000 1000 0 1000 1414.214 2236.068 2236.068 2000 2000 1000 0 0 0 1000 1000 1000 1000 1000 0 0 0 0 0 0 0 0 0 0 0 0 1000 0 0 0 0 0 0 0 0 0 0 0 0 0 0 0 0 0 0 0 0 1000
0 0 0 0 0 0 0 0 1000 1414.214 2236.068 3162.278 3000 2000 1000 0 0 1000 1000 0 1000 0 1000 2000 3000 4000 5000 4000 3000 2000 1000 0 0 1000 1414.214 1414.214 1000 1000 1000 0 0 0 0 0 0 1000 1000 0 0 0 0 0 0 0 0 0 0 0 0 0 0 0 0 0 0 0 0 0 0 0 0 0 0 0 0 0 0 0 0 0 1000
0 0 0 0 0 0 0 0 1000 2000 2828.427 3605.551 3162.278 2236.068 1414.214 1000 1000 1000 0 0 0 0 1000 2000 3000 4000 5000 4000 3000 2000 1000 0 0 0 1000 1000 0 0 0 0 0 0 0 0 0 0 0 0 0 0 0 0 0 0 0 0 0 0 0 0 0 0 0 0 0 0 0 0 0 0 0 0 0 0 0 0 0 0 0 0 0
0 0 0 0 0 0 0 0 1000 2000 3000 4000 3605.551 2828.427 2236.068 2000 2000 1414.214 1000 0 0 0 1000 2000 3000 4000 5000 4123.105 3162.278 2236.068 1414.214 1000 0 0 0 0 0 0 0 0 0 0 0 0 0 0 0 0 0 0 0 0 0 0 0 0 0 0 0 0 0 0 0 0 0 0 0 0 0 0 0 0 0 0 0 0 0 1000 0 0 0
0 0 0 0 0 0 0 0 1000 2000 3000 4000 4242.641 3605.551 3162.278 3000 2828.427 2236.068 -9999 1000 1000 1000 -9999 2236.068 3162.278 4123.105 5099.02 4472.136 3605.551 2828.427 2236.068 1414.214 1000 0 0 0 0 0 0 0 0 0 0 0 0 0 0 0 0 0 0 0 0 0 0 0 0 0 0 0 0 0 0 0 0 0 0 0 0 0 0 0 0 0 0 0 0 0 0 -9999 -9999
0 0 0 0 0 0 0 0 1000 2000 2828.427 3605.551 4242.641 4472.136 4123.105 4000 3605.551 2828.427 2236.068 2000 2000 2000 2236.068 2828.427 3605.551 4472.136 5099.02 4123.105 3162.278 2236.068 1414.214 1000 0 0 0 0 0 0 0 0 0 0 0 0 0 0 0 0 0 0 0 0 0 0 0 0 0 0 0 0 0 0 0 0 0 0 0 0 0 0 0 0 0 0 1000 0 0 -9999 -9999 -9999 -9999
0 0 0 0 0 0 0 0 1000 1414.214 2236.068 2828.427 3605.551 4242.641 5000 5000 4242.641 3605.551 3162.278 3000 3000 3000 3162.278 3605.551 4242.641 5000 5000 4000 3000 2000 1000 0 0 0 0 0 0 0 0 0 0 0 0 0 0 0 0 0 0 0 0 0 1000 0 0 0 0 0 0 0 0 0 0 0 0 0 0 0 0 0 0 0 1000 0 -9999 -9999 -9999 -9999 -9999 -9999 -9999
0 0 0 0 0 0 0 0 0 1000 1414.214 2236.068 2828.427 3605.551 4472.136 5385.165 5000 4472.136 4123.105 4000 4000 4000 4123.105 4472.136 5000 5656.854 5000 4000 3000 2000 1000 0 0 0 0 0 0 0 0 0 0 0 0 0 0 0 0 0 0 0 0 0 0 0 0 0 0 0 0 0 0 0 0 0 0 0 0 0 0 0 1000 0 0 -9999 -9999 -9999 -9999 -9999 -9999 -9999 -9999
0 0 0 0 0 0 0 0 0 0 1000 1414.214 2236.068 3162.278 4123.105 5000 5656.854 5385.165 5099.02 5000 5000 5000 5099.02 5385.165 5830.952 6082.763 5099.02 4123.105 3162.278 2236.068 1414.214 1000 0 0 0 0 0 0 0 0 0 0 0 0 0 0 0 0 0 0 0 0 0 0 0 0 0 0 0 0 0 0 0 0 0 0 0 0 0 0 0 0 -9999 -9999 -9999 -9999 -9999 -9999 -9999 -9999 -9999
1000 0 0 0 0 0 0 0 0 0 0 1000 2000 3000 3605.551 4242.641 5000 5830.952 6082.763 6000 6000 6000 6082.763 6324.555 6708.204 6324.555 5385.165 4472.136 3605.551 2828.427 2000 1000 0 0 0 0 0 0 0 0 0 0 0 0 0 0 0 0 0 0 0 0 0 0 0 0 0 0 0 0 0 0 0 0 0 0 0 0 0 0 -9999 -9999 -9999 -9999 -9999 -9999 -9999 -9999 -9999 -9999 -9999
1414.214 1000 1000 1000 1000 0 0 0 0 1000 1000 1414.214 2000 2236.068 2828.427 3605.551 4472.136 5385.165 6324.555 7000 7000 7000 7071.068 7280.11 7071.068 6082.763 5099.02 4123.105 3162.278 2236.068 1414.214 1000 0 0 0 0 0 0 0 0 0 0 0 0 0 0 0 0 0 0 0 0 0 0 0 0 0 0 0 0 0 0 0 0 0 0 0 0 0 0 -9999 -9999 -9999 -9999 -9999 -9999 -9999 -9999 -9999 -9999 -9999
2236.068 2000 2000 2000 1000 0 0 0 1000 1000 1000 1000 1000 1414.214 2236.068 3162.278 4123.105 5099.02 6082.763 7071.068 8000 8000 8000 8000 7000 6000 5000 4000 3000 2000 1000 0 0 0 0 0 0 0 0 0 0 0 0 0 0 0 0 0 0 0 0 0 0 0 0 0 0 0 0 0 0 0 0 0 0 0 0 0 0 -9999 -9999 -9999 -9999 -9999 -9999 -9999 -9999 -9999 -9999 -9999 -9999
3162.278 3000 3000 2236.068 1414.214 1000 0 0 1000 0 0 0 0 1000 2000 3000 4000 5000 6000 7000 7071.068 7000 7000 7000 7000 6000 5000 4000 3000 2000 1000 0 0 0 0 0 0 0 0 0 0 0 0 0 0 0 0 0 0 0 0 0 0 0 0 0 0 0 0 0 0 0 0 0 0 0 0 0 0 0 -9999 -9999 -9999 -9999 -9999 -9999 -9999 -9999 -9999 -9999 -9999
