rcp8.5models/CNRM-CM5/sc1gr3.8
NCOLS 261 
NROWS 433 
XLLCORNER 336357.134 
YLLCORNER 654653.479 
CELLSIZE 1000 
NODATA_value -3.4e+38 
[rows 374 to 395 of 433, columns 49 to 97 of 261]
-3.4e+38 -3.4e+38 -3.4e+38 275.823638916016 275.844360351562 275.763732910156 275.780242919922 275.852508544922 275.689453125 275.7392578125 275.871765136719 275.769714355469 275.909332275391 276.175262451172 275.757690429688 275.725555419922 274.837890625 274.158630371094 274.576385498047 271.330535888672 270.29833984375 272.405242919922 273.727264404297 272.617431640625 273.292358398438 274.976806640625 275.671295166016 275.860687255859 272.1572265625 263.149017333984 261.91796875 267.69384765625 273.540832519531 274.727508544922 274.476776123047 273.18310546875 271.298736572266 270.016235351562 270.421997070312 270.908264160156 268.81298828125 261.276214599609 261.244537353516 258.827301025391 246.237930297852 239.622802734375 238.171432495117 235.929702758789 239.635498046875
-3.4e+38 -3.4e+38 -3.4e+38 275.798980712891 275.840637207031 275.717193603516 275.68798828125 275.954467773438 275.911102294922 276.154876708984 276.037536621094 275.782165527344 276.253601074219 276.390594482422 275.749755859375 275.699920654297 275.573852539062 274.071014404297 275.190673828125 272.472442626953 272.319061279297 273.940246582031 272.001647949219 270.113647460938 272.611450195312 274.740753173828 275.426910400391 275.630676269531 275.069946289062 262.099792480469 263.855651855469 267.706390380859 271.496337890625 273.924255371094 274.643310546875 273.500335693359 271.912872314453 268.559661865234 268.430877685547 270.034362792969 268.457000732422 260.647491455078 254.961502075195 251.013931274414 242.540222167969 235.739852905273 238.188919067383 238.458908081055 239.00813293457
-3.4e+38 -3.4e+38 -3.4e+38 275.846618652344 275.837127685547 275.780029296875 275.676818847656 275.897644042969 275.925079345703 276.145355224609 276.073944091797 276.155700683594 276.471221923828 276.256805419922 275.361877441406 274.410797119141 274.063171386719 273.139801025391 271.395111083984 272.944763183594 272.184143066406 272.315490722656 270.327331542969 268.771606445312 272.6884765625 274.591674804688 274.985046386719 275.625396728516 275.531646728516 266.110687255859 266.354949951172 267.661071777344 270.906860351562 274.164886474609 273.756439208984 272.569519042969 272.342529296875 269.906890869141 268.930358886719 269.788635253906 269.16845703125 261.313629150391 248.029006958008 242.155700683594 241.778060913086 236.007064819336 235.49479675293 239.093109130859 240.235214233398
-3.4e+38 -3.4e+38 -3.4e+38 -3.4e+38 275.699859619141 275.750457763672 275.762268066406 275.779571533203 275.954040527344 276.080352783203 275.8740234375 276.156280517578 276.412384033203 276.125244140625 275.488098144531 273.570648193359 273.030883789062 272.582244873047 271.308258056641 271.397155761719 270.345184326172 271.182098388672 270.205871582031 268.082794189453 270.864135742188 274.058654785156 274.993133544922 275.649047851562 275.508697509766 273.097534179688 271.678649902344 271.023193359375 272.475555419922 273.964813232422 272.849792480469 272.889099121094 272.768371582031 271.412628173828 269.583099365234 269.744201660156 270.326049804688 265.679534912109 257.232116699219 248.559906005859 242.968612670898 238.782501220703 233.601638793945 234.556137084961 237.524169921875
-3.4e+38 -3.4e+38 -3.4e+38 -3.4e+38 275.779296875 275.739715576172 275.767791748047 -3.4e+38 276.045532226562 -3.4e+38 -3.4e+38 276.153350830078 276.051513671875 275.897857666016 275.800231933594 274.939819335938 273.945587158203 273.644897460938 274.035827636719 269.970062255859 267.778717041016 270.799713134766 272.540344238281 269.866577148438 270.889099121094 274.147674560547 275.144134521484 275.637786865234 275.685791015625 275.427368164062 275.535949707031 272.528656005859 272.387725830078 273.803955078125 273.326629638672 272.966766357422 272.902160644531 271.919677734375 269.735137939453 268.202697753906 269.321014404297 269.193939208984 261.260803222656 254.630416870117 245.121704101562 239.400146484375 237.420745849609 232.524429321289 235.530975341797
-3.4e+38 -3.4e+38 -3.4e+38 -3.4e+38 275.894561767578 275.792572021484 -3.4e+38 276.000091552734 276.089721679688 275.945892333984 275.818328857422 275.974029541016 275.85107421875 275.674865722656 275.719787597656 275.961975097656 275.462768554688 274.553314208984 274.6865234375 270.837799072266 268.636657714844 269.636749267578 272.504272460938 273.286102294922 272.870391845703 274.123565673828 275.094970703125 275.658843994141 275.91162109375 275.364318847656 274.979400634766 271.547180175781 268.360321044922 270.436767578125 272.322540283203 272.630798339844 273.255981445312 272.728515625 271.010314941406 268.745697021484 269.10693359375 268.7734375 256.229553222656 249.570068359375 252.2236328125 251.685317993164 247.87141418457 239.835845947266 234.999938964844
-3.4e+38 -3.4e+38 -3.4e+38 -3.4e+38 -3.4e+38 275.744567871094 275.893646240234 -3.4e+38 275.822296142578 275.686889648438 275.690063476562 275.754089355469 275.763854980469 275.725250244141 275.658630371094 275.957763671875 276.137481689453 275.374359130859 273.558258056641 272.188323974609 269.865386962891 267.428894042969 268.899169921875 272.896209716797 274.382995605469 274.944183349609 275.28955078125 275.556488037109 275.654998779297 275.335815429688 274.054046630859 272.071502685547 267.025177001953 266.679229736328 270.293273925781 270.861999511719 271.8291015625 272.759185791016 272.202789306641 270.936920166016 269.768890380859 270.464935302734 262.142364501953 251.565078735352 258.993438720703 267.206420898438 260.710479736328 251.055374145508 241.529388427734
-3.4e+38 -3.4e+38 -3.4e+38 -3.4e+38 -3.4e+38 275.447387695312 275.671081542969 275.766479492188 275.773803710938 275.705291748047 275.699645996094 275.772735595703 275.7294921875 275.786468505859 275.681976318359 275.756652832031 275.782165527344 275.113006591797 272.063415527344 270.058715820312 268.073333740234 266.118377685547 267.378723144531 270.074676513672 273.884979248047 275.413787841797 275.202423095703 275.406188964844 275.552978515625 275.012298583984 273.714813232422 271.854675292969 269.969909667969 267.45556640625 270.092956542969 269.545623779297 270.723236083984 273.243286132812 273.376861572266 271.745300292969 269.294982910156 270.679168701172 269.499206542969 264.563812255859 266.858734130859 269.13525390625 265.068054199219 256.873504638672 249.673004150391
-3.4e+38 -3.4e+38 -3.4e+38 -3.4e+38 -3.4e+38 275.492889404297 275.357849121094 275.562316894531 275.760040283203 275.694274902344 275.622528076172 275.844604492188 275.787139892578 275.785552978516 275.66162109375 275.738525390625 275.662963867188 275.200958251953 271.866485595703 269.293060302734 267.38916015625 267.282562255859 269.045867919922 270.135803222656 273.132659912109 275.058837890625 275.242370605469 275.354339599609 275.392669677734 275.132537841797 272.909698486328 270.8056640625 270.756561279297 268.204040527344 270.420989990234 268.934051513672 270.12548828125 273.61181640625 274.065307617188 271.641632080078 269.024353027344 270.163024902344 272.329132080078 272.346008300781 269.587341308594 264.726867675781 262.252288818359 259.520660400391 255.306777954102
-3.4e+38 -3.4e+38 -3.4e+38 -3.4e+38 -3.4e+38 -3.4e+38 275.010559082031 275.126953125 275.259887695312 275.10400390625 275.280792236328 275.579833984375 275.705047607422 275.715698242188 275.676971435547 275.63037109375 275.580230712891 275.639068603516 275.793609619141 275.624328613281 275.580474853516 275.560485839844 273.647918701172 272.259948730469 273.274108886719 274.982391357422 275.546417236328 275.611297607422 275.634063720703 275.509948730469 271.347808837891 270.505035400391 271.322021484375 269.013885498047 269.372192382812 268.621795654297 268.16845703125 270.986236572266 273.853485107422 274.632141113281 272.960754394531 271.834075927734 272.383178710938 266.2099609375 259.856994628906 260.717956542969 261.568725585938 260.825927734375 260.947601318359
-3.4e+38 -3.4e+38 -3.4e+38 -3.4e+38 -3.4e+38 -3.4e+38 275.068939208984 274.916076660156 275.013824462891 274.867919921875 275.289031982422 275.409118652344 275.199127197266 275.053863525391 275.240203857422 275.061248779297 275.301239013672 275.338775634766 275.829895019531 275.547332763672 275.53759765625 275.341674804688 275.0107421875 274.729614257812 274.880065917969 275.217895507812 275.407531738281 275.578765869141 275.480194091797 275.724700927734 273.20654296875 272.201599121094 271.825958251953 267.293151855469 267.124633789062 268.856903076172 260.179809570312 263.630554199219 271.766540527344 273.597137451172 274.284240722656 271.083587646484 268.083557128906 264.509582519531 260.966461181641 260.403961181641 260.216247558594 259.908386230469 261.000122070312
-3.4e+38 -3.4e+38 -3.4e+38 -3.4e+38 -3.4e+38 -3.4e+38 -3.4e+38 275.259826660156 275.168365478516 274.845336914062 274.941192626953 274.955352783203 274.806365966797 274.637023925781 274.951232910156 274.970947265625 274.937255859375 275.145416259766 275.724975585938 275.432830810547 274.722900390625 274.229797363281 274.612762451172 275.142974853516 273.592071533203 272.798950195312 273.824829101562 275.013000488281 275.403717041016 275.527954101562 273.927215576172 270.468200683594 269.635437011719 266.732360839844 264.846923828125 266.705383300781 259.062316894531 262.951019287109 270.449737548828 271.963714599609 273.872711181641 272.618072509766 265.090057373047 259.741149902344 259.771026611328 259.882995605469 258.523101806641 258.448852539062 259.697021484375
-3.4e+38 -3.4e+38 -3.4e+38 -3.4e+38 -3.4e+38 -3.4e+38 -3.4e+38 275.193420410156 275.102478027344 275.239196777344 275.116027832031 274.806030273438 274.690734863281 274.632263183594 274.772888183594 274.794250488281 274.613250732422 274.995727539062 275.482299804688 275.145233154297 274.503265380859 273.925750732422 273.570007324219 274.577484130859 273.256561279297 272.990203857422 273.810272216797 274.609100341797 275.241333007812 275.275787353516 274.321014404297 270.719818115234 269.098236083984 269.37841796875 266.306732177734 263.222076416016 261.52685546875 265.611572265625 269.768371582031 271.446655273438 272.879821777344 270.921691894531 263.706390380859 258.680938720703 258.01416015625 258.745544433594 258.506622314453 256.800933837891 253.21076965332
-3.4e+38 -3.4e+38 -3.4e+38 -3.4e+38 -3.4e+38 -3.4e+38 -3.4e+38 275.123626708984 275.233856201172 275.41064453125 275.483581542969 274.976379394531 274.884460449219 275.099334716797 274.961944580078 274.800323486328 274.511444091797 274.538757324219 275.253784179688 275.055511474609 274.928375244141 274.512969970703 273.724670410156 273.685546875 274.116973876953 273.230377197266 271.934783935547 272.996551513672 274.821716308594 275.148284912109 275.151397705078 274.023223876953 271.701995849609 271.101806640625 266.988250732422 262.693450927734 260.635833740234 256.466033935547 263.769805908203 272.24365234375 272.350494384766 264.531219482422 262.180053710938 259.313934326172 257.304473876953 256.919830322266 257.582153320312 255.722946166992 249.230545043945
-3.4e+38 -3.4e+38 -3.4e+38 -3.4e+38 -3.4e+38 -3.4e+38 -3.4e+38 275.323608398438 275.313873291016 275.277526855469 275.485137939453 275.336761474609 275.317962646484 275.528289794922 275.270172119141 275.271484375 274.866821289062 274.457489013672 275.073272705078 275.172119140625 275.107879638672 274.925598144531 274.698486328125 272.288238525391 273.157653808594 272.720916748047 270.814117431641 272.792694091797 274.978179931641 274.221801757812 274.955169677734 274.661499023438 271.065490722656 269.058013916016 267.612030029297 265.212371826172 263.167999267578 257.68994140625 265.130767822266 273.638702392578 268.853271484375 260.065032958984 262.391357421875 259.436157226562 255.849151611328 254.657577514648 255.537033081055 254.882949829102 250.63444519043
-3.4e+38 -3.4e+38 -3.4e+38 -3.4e+38 -3.4e+38 -3.4e+38 -3.4e+38 -3.4e+38 275.047729492188 275.233581542969 275.27734375 -3.4e+38 275.332061767578 275.457061767578 275.433258056641 275.482849121094 275.066345214844 274.640930175781 275.032958984375 275.385375976562 275.267272949219 275.157836914062 275.026123046875 271.001037597656 270.646362304688 272.102325439453 271.87646484375 273.491180419922 274.998809814453 272.921539306641 275.035980224609 273.589538574219 268.929809570312 266.440460205078 267.338531494141 266.945037841797 266.131256103516 266.008544921875 270.895751953125 274.360229492188 266.008483886719 256.194549560547 260.128997802734 261.159698486328 256.645294189453 252.11083984375 252.945465087891 254.733856201172 253.960311889648
-3.4e+38 -3.4e+38 -3.4e+38 -3.4e+38 -3.4e+38 -3.4e+38 -3.4e+38 -3.4e+38 274.915802001953 275.135620117188 -3.4e+38 275.209777832031 274.902679443359 274.792449951172 275.074005126953 275.259765625 274.974456787109 274.687835693359 274.864837646484 274.963623046875 275.242706298828 275.302703857422 274.832092285156 272.335723876953 271.496795654297 272.054260253906 272.932647705078 274.087982177734 274.792022705078 273.811584472656 275.163543701172 273.281799316406 269.992889404297 267.174835205078 268.053497314453 267.834228515625 266.399261474609 266.80517578125 271.404266357422 271.0498046875 264.198577880859 256.151916503906 256.127471923828 260.480346679688 259.338958740234 253.55924987793 252.82438659668 255.689590454102 256.663116455078
-3.4e+38 -3.4e+38 -3.4e+38 -3.4e+38 -3.4e+38 -3.4e+38 -3.4e+38 -3.4e+38 274.680694580078 274.906097412109 275.100708007812 275.06494140625 274.892578125 274.441375732422 274.420684814453 274.613189697266 274.568756103516 274.462707519531 274.555206298828 274.478179931641 274.791564941406 274.907348632812 274.857299804688 274.536804199219 272.980712890625 271.869781494141 272.456665039062 273.177398681641 274.354370117188 274.49755859375 274.903472900391 273.962463378906 272.985382080078 269.993621826172 269.225006103516 268.960327148438 267.038696289062 266.657348632812 271.103973388672 267.834686279297 262.621673583984 257.789611816406 254.735885620117 256.747833251953 259.383758544922 257.415466308594 255.282562255859 256.332641601562 257.212921142578
-3.4e+38 -3.4e+38 -3.4e+38 -3.4e+38 -3.4e+38 -3.4e+38 -3.4e+38 -3.4e+38 274.822174072266 275.025756835938 275.1552734375 275.338897705078 274.966979980469 274.432189941406 274.205169677734 274.268341064453 274.565765380859 274.436126708984 274.408142089844 274.368957519531 274.428771972656 274.598266601562 274.717254638672 274.742858886719 273.635925292969 271.570251464844 271.415435791016 271.697906494141 273.494323730469 273.531433105469 273.957733154297 274.488494873047 274.791198730469 272.341064453125 269.395538330078 268.852172851562 267.195343017578 261.061737060547 263.307159423828 265.040252685547 262.248291015625 255.921020507812 254.712112426758 252.695465087891 253.953536987305 257.721038818359 259.127197265625 259.107208251953 258.679443359375
-3.4e+38 -3.4e+38 -3.4e+38 -3.4e+38 -3.4e+38 -3.4e+38 -3.4e+38 -3.4e+38 275.196990966797 275.247985839844 275.225128173828 275.152557373047 274.660919189453 274.376861572266 274.295227050781 274.495849609375 274.599273681641 274.3388671875 274.086059570312 274.292633056641 274.300811767578 274.103881835938 274.182189941406 274.649749755859 274.153076171875 272.688354492188 271.635559082031 270.907348632812 271.862976074219 273.456085205078 273.786407470703 274.3525390625 274.592926025391 273.708038330078 271.850158691406 270.360015869141 264.114593505859 256.466705322266 258.892333984375 263.146697998047 259.760040283203 254.451538085938 251.640350341797 247.737930297852 247.897232055664 253.139068603516 259.153869628906 261.095367431641 260.283752441406
-3.4e+38 -3.4e+38 -3.4e+38 -3.4e+38 -3.4e+38 -3.4e+38 -3.4e+38 -3.4e+38 275.276916503906 274.994049072266 274.833312988281 274.618041992188 274.479705810547 274.58349609375 274.635589599609 274.632232666016 274.488067626953 274.294616699219 274.01171875 274.175506591797 273.859069824219 272.480895996094 273.341033935547 274.498413085938 272.078674316406 270.256195068359 270.317901611328 269.998138427734 270.998138427734 274.009735107422 273.640686035156 273.806396484375 273.841674804688 273.928009033203 273.726806640625 273.083282470703 263.167907714844 254.220031738281 255.446884155273 260.436614990234 258.516540527344 250.697967529297 250.431304931641 247.503372192383 248.400466918945 250.882171630859 256.877502441406 260.997650146484 261.126037597656
-3.4e+38 -3.4e+38 -3.4e+38 -3.4e+38 -3.4e+38 -3.4e+38 -3.4e+38 -3.4e+38 274.698364257812 274.512542724609 274.420593261719 274.697296142578 274.972900390625 274.517883300781 274.34521484375 274.380615234375 274.681579589844 274.602081298828 274.266235351562 274.251190185547 274.025390625 273.107849121094 271.281890869141 271.415130615234 273.325927734375 272.916015625 270.746368408203 270.315856933594 271.074462890625 273.158569335938 273.825347900391 274.095489501953 274.314666748047 273.666351318359 273.2216796875 269.606475830078 264.701629638672 260.367126464844 253.688217163086 257.591156005859 262.340942382812 252.657653808594 252.724746704102 253.226089477539 252.864730834961 252.303451538086 253.294418334961 255.985137939453 257.1533203125
