rcp8.5models/CNRM-CM5/sc1gr10.27
NCOLS 261 
NROWS 433 
XLLCORNER 336357.134 
YLLCORNER 654653.479 
CELLSIZE 1000 
NODATA_value -3.4e+38 
[rows 44 to 65 of 433, columns 49 to 97 of 261]
-3.4e+38 -3.4e+38 -3.4e+38 -3.4e+38 -3.4e+38 -3.4e+38 -3.4e+38 -3.4e+38 -3.4e+38 -3.4e+38 -3.4e+38 -3.4e+38 -3.4e+38 -3.4e+38 -3.4e+38 -3.4e+38 -3.4e+38 -3.4e+38 -3.4e+38 -3.4e+38 -3.4e+38 478.4384765625 480.604736328125 -3.4e+38 -3.4e+38 489.665924072266 492.643585205078 494.691741943359 497.306884765625 501.326385498047 503.324279785156 505.953247070312 508.02294921875 -3.4e+38 -3.4e+38 516.8056640625 519.995361328125 521.587768554688 524.499938964844 525.579711914062 528.709289550781 533.430236816406 534.231811523438 539.593139648438 542.262145996094 545.464660644531 546.197509765625 549.374450683594 550.83251953125
-3.4e+38 -3.4e+38 -3.4e+38 -3.4e+38 -3.4e+38 -3.4e+38 -3.4e+38 -3.4e+38 -3.4e+38 -3.4e+38 -3.4e+38 -3.4e+38 -3.4e+38 -3.4e+38 -3.4e+38 -3.4e+38 -3.4e+38 -3.4e+38 -3.4e+38 475.32861328125 477.824462890625 479.825805664062 484.489135742188 486.346038818359 488.437927246094 491.509918212891 493.142669677734 495.694000244141 497.736022949219 502.399658203125 -3.4e+38 508.714538574219 -3.4e+38 514.399597167969 517.031982421875 518.40869140625 520.998168945312 523.068359375 525.701477050781 527.540771484375 531.875549316406 536.578369140625 539.536071777344 540.547912597656 543.71484375 545.201171875 548.382263183594 549.080139160156 552.261657714844
-3.4e+38 -3.4e+38 -3.4e+38 -3.4e+38 -3.4e+38 -3.4e+38 -3.4e+38 -3.4e+38 -3.4e+38 -3.4e+38 -3.4e+38 -3.4e+38 -3.4e+38 -3.4e+38 -3.4e+38 -3.4e+38 -3.4e+38 -3.4e+38 474.147308349609 475.780548095703 478.253173828125 481.915100097656 485.982391357422 487.727722167969 490.072143554688 492.256958007812 494.232513427734 496.192108154297 498.796905517578 505.595703125 508.779418945312 510.811065673828 512.814453125 514.326232910156 517.430908203125 518.321716308594 521.401123046875 522.969482421875 526.106811523438 529.861450195312 533.445861816406 537.600952148438 539.662292480469 542.03125 543.585021972656 546.182800292969 548.226135253906 550.557922363281 554.3447265625
-3.4e+38 -3.4e+38 -3.4e+38 -3.4e+38 -3.4e+38 -3.4e+38 -3.4e+38 -3.4e+38 -3.4e+38 -3.4e+38 -3.4e+38 -3.4e+38 -3.4e+38 -3.4e+38 -3.4e+38 -3.4e+38 468.390441894531 470.018646240234 474.452331542969 476.998107910156 480.907073974609 484.119537353516 486.171447753906 488.746704101562 490.758087158203 491.795043945312 495.008178710938 497.753509521484 501.468292236328 507.109954833984 508.796295166016 511.198150634766 512.738342285156 515.324584960938 -3.4e+38 519.7880859375 521.358459472656 526.156433105469 528.318237304688 531.998229980469 533.8671875 538.039489746094 540.6552734375 542.708435058594 544.570251464844 546.605224609375 551.455444335938 553.487182617188 555.340454101562
-3.4e+38 -3.4e+38 -3.4e+38 -3.4e+38 -3.4e+38 -3.4e+38 -3.4e+38 -3.4e+38 -3.4e+38 -3.4e+38 -3.4e+38 -3.4e+38 457.878112792969 462.280395507812 464.153137207031 466.586303710938 468.527618408203 471.0458984375 475.537017822266 479.609191894531 483.280487060547 485.207336425781 487.302886962891 489.245147705078 490.723693847656 493.066802978516 495.250885009766 500.478271484375 502.559936523438 507.182495117188 509.795166015625 -3.4e+38 513.765808105469 515.782287597656 518.403076171875 520.456970214844 -3.4e+38 528.248229980469 530.440673828125 532.479370117188 533.969055175781 539.039733886719 541.079528808594 542.547241210938 547.721801757812 549.197448730469 553.034729003906 554.475830078125 556.7841796875
-3.4e+38 -3.4e+38 -3.4e+38 -3.4e+38 -3.4e+38 -3.4e+38 -3.4e+38 -3.4e+38 -3.4e+38 -3.4e+38 -3.4e+38 455.293853759766 459.918029785156 462.635284423828 465.187896728516 467.114715576172 -3.4e+38 471.563446044922 478.459075927734 481.807861328125 483.898803710938 486.455261230469 488.264617919922 489.262451171875 491.729339599609 495.876525878906 496.089294433594 500.901550292969 503.605560302734 508.219818115234 510.255737304688 512.867614746094 514.699035644531 -3.4e+38 521.171630859375 -3.4e+38 -3.4e+38 528.409362792969 530.83935546875 532.343017578125 -3.4e+38 539.926391601562 543.171081542969 545.788330078125 548.968444824219 551.571166992188 553.34619140625 555.424438476562 557.450134277344
-3.4e+38 -3.4e+38 -3.4e+38 -3.4e+38 -3.4e+38 -3.4e+38 -3.4e+38 -3.4e+38 -3.4e+38 -3.4e+38 -3.4e+38 456.460968017578 460.807861328125 -3.4e+38 465.713775634766 468.207672119141 470.1357421875 472.646789550781 480.462280273438 482.424041748047 483.873168945312 486.805145263672 488.404693603516 490.286010742188 494.351013183594 496.94873046875 498.948333740234 500.882110595703 503.952056884766 508.586242675781 511.280639648438 515.502746582031 -3.4e+38 520.5498046875 522.128967285156 -3.4e+38 526.764465332031 529.382141113281 531.201599121094 533.326416015625 535.357849121094 542.262023925781 545.296020507812 547.341552734375 549.93701171875 551.968505859375 554.54833984375 556.334167480469 561.127563476562
-3.4e+38 -3.4e+38 -3.4e+38 -3.4e+38 -3.4e+38 -3.4e+38 -3.4e+38 -3.4e+38 -3.4e+38 -3.4e+38 -3.4e+38 459.260711669922 462.296051025391 464.325256347656 -3.4e+38 468.541839599609 470.129028320312 475.094329833984 480.805145263672 482.396911621094 484.880493164062 486.849792480469 489.405120849609 492.905700683594 496.526489257812 498.156707763672 500.044158935547 502.435180664062 503.970611572266 508.54345703125 511.641540527344 516.387512207031 519.178955078125 521.00146484375 523.599975585938 525.167724609375 527.7578125 529.801025390625 532.413696289062 533.743713378906 537.439514160156 543.248107910156 546.1865234375 548.79296875 550.8232421875 552.912658691406 -3.4e+38 559.779418945312 562.963317871094
-3.4e+38 -3.4e+38 -3.4e+38 -3.4e+38 -3.4e+38 -3.4e+38 -3.4e+38 -3.4e+38 -3.4e+38 -3.4e+38 -3.4e+38 460.187316894531 462.756988525391 464.331115722656 466.741851806641 468.648071289062 473.259552001953 476.298767089844 480.872894287109 483.403015136719 485.358795166016 487.903289794922 492.025329589844 493.970550537109 496.971740722656 498.549987792969 501.079650878906 503.0810546875 505.012420654297 508.440002441406 513.697448730469 517.516052246094 519.609985351562 522.217041015625 524.251586914062 525.038269042969 528.124389648438 529.647521972656 535.023742675781 536.366455078125 539.562438964844 544.239685058594 546.249450683594 -3.4e+38 -3.4e+38 553.294799804688 557.010437011719 561.323791503906 562.758972167969
-3.4e+38 -3.4e+38 -3.4e+38 -3.4e+38 -3.4e+38 -3.4e+38 -3.4e+38 -3.4e+38 -3.4e+38 -3.4e+38 -3.4e+38 -3.4e+38 463.132751464844 465.424163818359 467.243255615234 472.278442382812 474.934844970703 477.491119384766 481.936248779297 483.878173828125 488.5625 490.779296875 493.087890625 495.508728027344 497.466217041016 499.581359863281 501.527008056641 502.988586425781 505.357269287109 511.612884521484 514.764587402344 517.936584472656 519.482177734375 522.573669433594 524.109008789062 525.994567871094 527.994445800781 532.842895507812 536.0322265625 538.670471191406 539.986938476562 544.617248535156 547.192565917969 548.968017578125 551.799072265625 -3.4e+38 559.09521484375 561.112426757812 563.648681640625
-3.4e+38 -3.4e+38 -3.4e+38 -3.4e+38 -3.4e+38 -3.4e+38 -3.4e+38 -3.4e+38 -3.4e+38 -3.4e+38 -3.4e+38 -3.4e+38 464.650177001953 -3.4e+38 467.226654052734 473.117797851562 474.988952636719 477.817993164062 482.263519287109 483.826110839844 489.754577636719 491.683929443359 494.178497314453 496.145111083984 498.703552246094 500.041717529297 501.432769775391 503.962707519531 505.75830078125 513.17431640625 -3.4e+38 517.846740722656 520.4423828125 522.462524414062 525.061828613281 529.106384277344 531.311767578125 534.391540527344 537.028503417969 539.058349609375 541.41943359375 546.033935546875 549.851257324219 -3.4e+38 554.454223632812 557.936767578125 559.470092773438 562.496765136719 564.475830078125
-3.4e+38 -3.4e+38 -3.4e+38 -3.4e+38 -3.4e+38 -3.4e+38 -3.4e+38 -3.4e+38 -3.4e+38 -3.4e+38 -3.4e+38 -3.4e+38 464.546844482422 468.417877197266 470.768737792969 473.369049072266 475.972747802734 477.877502441406 482.300109863281 486.981475830078 490.0380859375 492.674224853516 494.627532958984 -3.4e+38 499.033721923828 499.944091796875 502.404815673828 506.590942382812 509.339599609375 513.149658203125 516.175415039062 517.707275390625 520.785278320312 522.307983398438 527.649780273438 530.313659667969 532.774963378906 534.250427246094 537.858581542969 538.876708984375 542.009948730469 548.948486328125 552.437194824219 553.383483886719 557.027160644531 558.538940429688 -3.4e+38 562.606750488281 564.021789550781
-3.4e+38 -3.4e+38 -3.4e+38 -3.4e+38 -3.4e+38 -3.4e+38 -3.4e+38 -3.4e+38 -3.4e+38 -3.4e+38 -3.4e+38 -3.4e+38 -3.4e+38 -3.4e+38 -3.4e+38 475.622894287109 476.488555908203 479.681671142578 -3.4e+38 488.435089111328 491.05419921875 492.986755371094 495.51904296875 497.465667724609 502.21630859375 504.181213378906 506.083892822266 508.646850585938 510.625183105469 515.215637207031 517.091918945312 -3.4e+38 523.87939453125 527.030578613281 529.664672851562 531.674621582031 534.263671875 536.047668457031 538.38330078125 540.156860351562 543.88232421875 551.377685546875 552.807312011719 555.373046875 556.637817382812 558.065246582031 561.203125 564.178039550781 568.444152832031
-3.4e+38 -3.4e+38 -3.4e+38 -3.4e+38 -3.4e+38 -3.4e+38 -3.4e+38 -3.4e+38 -3.4e+38 -3.4e+38 -3.4e+38 -3.4e+38 -3.4e+38 -3.4e+38 -3.4e+38 -3.4e+38 -3.4e+38 481.920562744141 487.114990234375 -3.4e+38 491.488128662109 492.892944335938 495.831695556641 499.566711425781 503.660858154297 505.269287109375 507.136535644531 509.051696777344 511.613220214844 516.159606933594 520.185913085938 522.867858886719 525.427856445312 528.035888671875 530.037292480469 532.620849609375 534.626342773438 536.068420410156 541.251037597656 542.268005371094 545.961547851562 551.136352539062 553.710876464844 557.998779296875 556.41162109375 561.228759765625 563.241882324219 566.677734375 568.200805664062
-3.4e+38 -3.4e+38 -3.4e+38 -3.4e+38 -3.4e+38 -3.4e+38 -3.4e+38 -3.4e+38 -3.4e+38 -3.4e+38 -3.4e+38 -3.4e+38 -3.4e+38 -3.4e+38 -3.4e+38 -3.4e+38 -3.4e+38 -3.4e+38 487.053894042969 489.877319335938 491.393310546875 493.861999511719 498.001892089844 501.657104492188 503.683563232422 506.227294921875 507.535949707031 510.038635253906 512.003784179688 518.726318359375 522.50341796875 524.544921875 525.7705078125 528.843566894531 531.466186523438 532.993530273438 538.315734863281 539.358581542969 542.437377929688 544.80126953125 546.321228027344 550.888305664062 554.044128417969 558.925170898438 558.452331542969 562.7431640625 564.16943359375 567.246765136719 568.406555175781
-3.4e+38 -3.4e+38 -3.4e+38 -3.4e+38 -3.4e+38 -3.4e+38 -3.4e+38 -3.4e+38 -3.4e+38 -3.4e+38 -3.4e+38 -3.4e+38 -3.4e+38 -3.4e+38 -3.4e+38 -3.4e+38 -3.4e+38 -3.4e+38 488.039886474609 489.857177734375 492.361541748047 496.491424560547 500.133605957031 502.147644042969 504.680786132812 -3.4e+38 507.844879150391 510.832366943359 514.126892089844 519.736572265625 -3.4e+38 524.363098144531 526.909790039062 532.315734863281 534.406982421875 536.753051757812 540.060668945312 540.824157714844 543.373901367188 545.372314453125 -3.4e+38 -3.4e+38 -3.4e+38 558.19921875 560.490234375 562.486938476562 565.001220703125 566.994201660156 569.460571289062
-3.4e+38 -3.4e+38 -3.4e+38 -3.4e+38 -3.4e+38 -3.4e+38 -3.4e+38 -3.4e+38 -3.4e+38 -3.4e+38 -3.4e+38 -3.4e+38 -3.4e+38 -3.4e+38 -3.4e+38 -3.4e+38 -3.4e+38 -3.4e+38 -3.4e+38 490.872711181641 494.992309570312 497.498657226562 500.520843505859 502.019195556641 504.982543945312 506.479125976562 508.981262207031 513.183776855469 516.213623046875 520.752136230469 523.182250976562 525.767395019531 529.564270019531 533.799987792969 535.308349609375 538.409118652344 539.868225097656 542.198364257812 544.185913085938 546.277587890625 -3.4e+38 -3.4e+38 555.827087402344 559.2939453125 560.811828613281 563.330200195312 565.321166992188 567.877136230469 572.090270996094
-3.4e+38 -3.4e+38 -3.4e+38 -3.4e+38 -3.4e+38 -3.4e+38 -3.4e+38 -3.4e+38 -3.4e+38 -3.4e+38 -3.4e+38 -3.4e+38 -3.4e+38 -3.4e+38 -3.4e+38 -3.4e+38 -3.4e+38 -3.4e+38 488.336364746094 493.390960693359 495.996826171875 498.544250488281 500.452026367188 502.968933105469 -3.4e+38 507.419128417969 511.612670898438 515.287109375 517.098937988281 521.111755371094 524.336608886719 528.623046875 531.657592773438 533.649841308594 535.0732421875 538.171325683594 540.7666015625 542.281066894531 547.63330078125 548.937927246094 -3.4e+38 -3.4e+38 556.734619140625 559.836547851562 560.535705566406 563.619812011719 565.095153808594 570.46630859375 574.132568359375
-3.4e+38 -3.4e+38 -3.4e+38 -3.4e+38 -3.4e+38 -3.4e+38 -3.4e+38 -3.4e+38 -3.4e+38 -3.4e+38 -3.4e+38 -3.4e+38 -3.4e+38 -3.4e+38 -3.4e+38 -3.4e+38 -3.4e+38 -3.4e+38 492.202880859375 494.946166992188 497.084381103516 498.936096191406 501.441589355469 -3.4e+38 508.125244140625 510.210845947266 513.713500976562 515.715515136719 517.120727539062 520.917602539062 524.172119140625 528.994445800781 531.980773925781 534.572814941406 536.00439453125 537.950622558594 541.066101074219 541.798156738281 549.08056640625 549.833312988281 -3.4e+38 555.047424316406 557.582885742188 559.565246582031 561.826293945312 563.393920898438 568.177490234375 571.369018554688 574.402954101562
-3.4e+38 -3.4e+38 -3.4e+38 -3.4e+38 -3.4e+38 -3.4e+38 -3.4e+38 -3.4e+38 -3.4e+38 -3.4e+38 -3.4e+38 -3.4e+38 -3.4e+38 -3.4e+38 -3.4e+38 -3.4e+38 -3.4e+38 -3.4e+38 493.748229980469 496.22998046875 497.488250732422 499.925537109375 501.818878173828 -3.4e+38 -3.4e+38 511.082489013672 514.067810058594 516.670471191406 518.102355957031 524.600891113281 526.649963378906 529.790893554688 531.774291992188 534.86669921875 536.308898925781 537.23681640625 540.327819824219 543.852844238281 548.367858886719 549.555908203125 552.104431152344 555.900756835938 557.881225585938 560.391540527344 561.924621582031 565.395080566406 569.63916015625 571.055358886719 574.080200195312
-3.4e+38 -3.4e+38 -3.4e+38 -3.4e+38 -3.4e+38 -3.4e+38 -3.4e+38 -3.4e+38 -3.4e+38 -3.4e+38 -3.4e+38 -3.4e+38 -3.4e+38 -3.4e+38 -3.4e+38 -3.4e+38 -3.4e+38 -3.4e+38 -3.4e+38 496.614349365234 497.788513183594 500.685302734375 503.96533203125 507.998352050781 509.529663085938 512.011108398438 513.927978515625 516.953125 520.701477050781 526.298461914062 528.886901855469 530.625427246094 533.1640625 534.65771484375 535.582336425781 537.884826660156 539.844421386719 -3.4e+38 547.876647949219 550.424865722656 552.39501953125 556.180847167969 557.618957519531 562.986328125 563.696533203125 567.375549316406 569.352905273438 571.819519042969 573.791137695312
-3.4e+38 -3.4e+38 -3.4e+38 -3.4e+38 -3.4e+38 -3.4e+38 -3.4e+38 -3.4e+38 -3.4e+38 -3.4e+38 -3.4e+38 -3.4e+38 -3.4e+38 -3.4e+38 -3.4e+38 -3.4e+38 -3.4e+38 -3.4e+38 495.169921875 496.472686767578 498.909484863281 503.053985595703 506.484222412109 507.985107421875 510.904815673828 512.388610839844 515.325561523438 519.564819335938 523.229248046875 527.268798828125 528.751037597656 531.734619140625 533.698791503906 536.741027832031 536.286010742188 540.517395019531 -3.4e+38 -3.4e+38 547.594299316406 550.710144042969 551.628723144531 558.228454589844 560.754699707031 563.879211425781 564.583862304688 567.633666992188 569.045043945312 572.066833496094 573.568359375
