rcp8.5models/CNRM-CM5/sc1gr4.3
NCOLS 261 
NROWS 433 
XLLCORNER 336357.134 
YLLCORNER 654653.479 
CELLSIZE 1000 
NODATA_value -9999 
[rows 242 to 263 of 433, columns 100 to 149 of 261]
277.980488451113 276.886612137284 276.562324675328 276.45100541127 276.083856178235 -9999 274.763965513311 275.276972439081 275.271292237249 274.743941372403 273.914208895514 273.696300647309 272.920961894431 271.564972885314 265.999152152198 258.793274792132 257.771674535832 257.099017972702 256.791494907112 257.3975354669 258.993386500597 258.980041764757 258.441212046951 258.184478367032 265.999524875576 -9999 265.792832180113 266.000573831176 270.960008309511 270.255877791302 268.668054010273 269.782702151484 269.562152073156 268.328231938806 270.929945774143 267.204122804745 272.738027091301 274.280749595089 272.384861409839 266.526681474123 264.680395195652 273.020792849855 274.525738557421 275.701814472968 276.457930626755 277.089996125617 277.329202623931 276.021646117425 272.21247840468 266.640381558091
269.101925389813 276.726865999689 276.431191858194 275.936442020391 275.222718102213 274.763554763373 275.121044003953 275.041316880237 274.198577660416 273.81908961668 273.408252990853 272.518152608978 268.595205023946 266.784193898693 266.175570780412 257.393639007678 256.157788543477 255.483635121303 256.228672707685 257.338878927698 258.824630435089 258.414539211748 257.855936143056 260.063264247602 262.439317694077 265.714189019738 265.586055727959 263.45731627629 263.871699978144 257.936347505809 252.68235286633 253.566685797013 260.239625121249 268.119613308097 269.012906692997 261.322765186146 261.596338616838 272.438541766643 271.978180840858 264.752471753477 258.464820361746 266.608489387649 271.103968136755 275.146708467935 276.234339724474 276.420552767777 276.588261780819 275.277490745404 271.660200666954 267.779700396019
263.849925155343 271.770048490425 274.86261446058 275.848876977512 275.02221612235 274.496637897231 274.827206410735 274.777674297328 273.700723203703 273.09570497334 272.203268905708 271.60231692834 265.725204322468 263.450490745782 263.920201527783 252.179071497473 249.285838346944 249.218097386635 255.777955842307 257.58129748418 258.50908322883 257.891889366582 258.230696216455 261.138693488745 264.769723667096 266.737932181739 265.255097944259 261.512497353534 259.797385513306 257.441175618828 251.382371607792 245.678234668981 252.626557362739 265.283882443718 265.214006484004 259.138654429319 258.88791890132 272.005582494394 270.619141059582 263.57036726674 256.22563772443 262.527255871807 268.194717208129 273.925867045597 275.968023614135 276.57087241645 276.112601559955 274.625305704889 270.494378918855 267.067192758926
265.487824456929 266.817521289264 270.556645115674 271.089144978567 274.123218567562 273.820466097178 274.181788587572 274.199017024682 273.428067451667 273.001870303778 271.761420832791 270.937800562796 261.668166499626 262.371332718791 261.995853989872 244.646017415192 234.774244527229 237.422797086522 254.277162312472 257.53359126084 258.045395797233 256.636533836713 256.849904001796 260.968916591164 265.403901880104 265.87685197852 265.148060639544 261.845482634293 257.706147415479 253.036237320168 247.944493826122 242.680446553239 245.474546414056 255.48428516696 256.727380555678 256.705816727639 258.107830582387 267.703217932527 267.766572775489 262.595460193609 255.290725945458 258.824509624561 266.765510201746 272.115332840459 275.538948678786 276.32719325851 275.124932492957 273.511340686308 268.481852812607 264.951655447802
265.463819706358 265.059117354389 265.624887075895 265.327143090468 269.718837793923 273.347803687239 273.895035704939 274.18830789586 273.819592578444 273.23901967894 272.381181404245 271.114220502314 257.124742307328 260.186825337759 263.77664829571 246.466829629456 224.854587940296 228.044991233588 250.771393614441 255.850367101544 256.950267009702 254.79995411302 255.088091943648 260.19249664568 262.593973118601 263.437993131349 263.161718920009 258.617026991172 253.840449443605 244.044391119558 235.954020245613 233.649195800037 231.069631855416 234.289527138379 239.33461752312 252.353597349642 254.053430851175 261.025368215716 265.683011206841 262.940714883292 255.291382104245 257.141622719093 267.23912275462 273.176714467383 275.362705306323 275.935221865399 274.301717937153 273.184822639717 268.365121814923 263.125864197951
265.212227758567 264.922876697234 263.902111217893 263.540048699852 266.74724075531 273.139235269022 273.754695772159 274.155168723108 274.345685216405 273.641161944225 272.261649264471 270.817047153931 258.350339199977 260.815460264346 264.381932437089 247.469049121251 227.154989796848 235.900521018558 252.491044496086 255.214629318908 255.670561017758 254.635529109836 256.136654746155 259.052336377241 259.763192441873 261.773532205023 262.17461181265 257.214594731626 251.060918329843 240.813625307163 233.153578350082 226.164179105074 217.657211930638 222.660769635045 230.777276815693 250.552423735413 253.939129164522 261.099418260232 265.055291921403 264.491435304421 256.617531459159 254.125287986445 264.954492571555 274.056801344999 275.163978482782 275.890289728372 274.506053246289 273.657391794898 269.814990748606 265.70191317502
265.526860560059 265.510629487042 264.808404101695 264.032060237014 265.082841649167 267.742873676828 269.834420514488 273.894886775337 274.319175878505 273.492191872373 272.086228136129 271.10177838629 266.44826991405 266.89296143692 266.782302227165 251.887679832729 233.929473621399 244.311765745432 254.521265002609 256.284580809211 256.144850204875 255.752454402155 257.553832657301 258.044095035162 260.598387425138 262.790440547385 263.443672195872 259.583204983169 249.507802376206 235.725318852485 229.42173097888 220.844809549698 216.692465099364 227.842459034995 235.878019363522 254.70290872944 258.795836543558 261.846965406442 262.261711608905 262.754986025722 257.538093348782 252.223432943259 262.45511594041 272.530317003318 274.283177409229 275.515938212932 274.857998703808 273.87866126706 271.346107934492 269.920273961392
265.715370425694 262.403406296906 265.176140863306 264.93886105847 264.295558713744 263.789902749268 264.686915928141 270.228652253785 274.159022167054 273.330146047481 272.870536336183 272.459241841306 270.426087817772 270.935082890625 269.749305386184 259.008886589498 240.37397760636 242.623083794299 252.804812239146 255.966428447744 256.13727497572 255.512022110636 256.981604273794 257.791857248865 261.704210540334 263.563917925253 263.523010984758 258.615584316076 246.603541495143 233.459773327255 228.305744484324 222.82483714254 222.947037694879 237.130622838893 246.844020532747 256.988379800801 256.726888006904 257.665678134617 256.459042291447 256.397356222638 255.581783749927 252.04583934662 261.361602287541 271.107897171863 274.19361710392 275.033651500599 274.269353973426 273.437214263653 270.587009673134 267.454143494609
264.658754577033 258.404449356098 265.133762672158 265.400379455366 264.297484275572 263.27080211332 263.073010049575 265.510963262794 270.492473620976 273.602490645606 273.049572773119 272.390455061661 270.141703561801 269.375663679082 267.718863043733 260.093466967198 248.250574545442 248.942232059705 254.282108717612 255.279748459635 254.587637409442 255.646136139234 258.334453268127 259.587950602518 262.619236863226 262.061584366745 259.184016941349 255.705780351694 247.207796060262 238.80642784098 235.159501770556 229.190964360941 227.342279636102 241.857292001907 249.643685732479 254.021192688678 251.377728047839 253.879142575234 252.868357523057 251.688017204837 252.575971268726 249.874721392442 260.225930763032 270.576688322166 272.788995057406 274.091779411572 273.263268427838 272.473227500957 269.960802409739 264.551879849654
265.239660133116 260.000256027674 264.769840947149 265.439880432442 264.037575362652 263.168714717605 263.963228258884 264.319469630022 265.658607851095 269.876125532344 271.96506031117 270.337763458055 271.326390046605 269.74303275365 267.08446364328 259.533447513529 253.392041189848 255.055547699807 255.840513727343 254.85950741114 252.67290614959 254.886854187159 257.853179768975 259.200584491111 261.831682592241 260.297757220978 253.334656105029 251.997091447357 248.058494376396 240.412694122543 232.946875120852 226.893004543745 228.98756318119 239.031229962185 241.054082494713 247.44766269494 245.774982943542 252.319125464043 251.689973616264 250.115605286225 251.141302127719 248.138525481381 258.885378113067 268.502994582395 269.239721081647 272.066012667002 272.345773342811 272.212304529066 271.718296352921 266.835461011378
266.381658103867 263.639977753413 264.656762546147 265.593289548715 264.180199762736 263.422129327248 264.647906643871 264.489908538845 264.233354666848 265.319471939216 268.187349748548 268.988937726177 271.42059727565 270.349610168852 266.203304938591 258.716643297229 252.040876453346 254.12172743384 255.271531227693 253.951905023329 251.348923788455 253.301852866127 256.476913411733 257.459721365075 261.32214383983 259.328638293897 251.254365179982 248.109768929263 246.719380685132 239.578933637209 227.810214590552 220.890308316678 225.567494316921 229.58135121196 228.897547177411 240.335013405982 239.843176198628 248.014852815761 249.528604103641 250.34344108929 250.415425814288 248.592309915813 257.113372657129 265.751304083203 265.674867058541 269.613966645696 270.891724637349 272.233126847345 271.332097875038 266.808054444455
266.687898906536 265.653298029276 265.4325685592 265.809349231489 264.900735816807 264.281595420282 264.898615152654 264.59061965372 264.227007412061 263.829267223395 264.273040122124 266.028478677602 269.951951509728 268.190404668103 261.49125321421 255.711426127016 251.0577733528 253.67535880416 255.189264616604 252.627089208204 248.8040318451 252.448645433659 256.363244614439 257.66752270487 259.787191615107 259.824103356788 255.168310241429 248.994577372771 247.03552197527 238.420736436563 229.23663372249 218.815882334476 218.883365929531 217.309747833195 216.87315402946 233.407549008284 235.728223850996 242.923655376159 248.523408308831 249.879255505594 249.633040656541 251.239787164431 257.100955522587 267.247277171929 268.357797046345 270.467764801091 270.793156790947 270.844347197286 270.675229660183 265.653531960446
266.975902196388 266.24016073477 265.834234461566 -9999 265.433126173921 265.063167022012 264.972777870102 264.22276994354 263.538901409153 263.731785987968 263.327516589225 263.240698841233 268.71870581703 266.598844003763 259.243382824475 251.268124108578 251.75517690273 253.568579279579 255.525219153016 249.719418935362 241.9253393634 250.836779753958 256.896552624319 258.427151342345 259.261873040339 260.010749108846 258.369880643865 251.272701254147 248.925970582506 240.79763912704 237.199493110552 228.505498287921 222.699772497708 217.442892971715 214.575104711211 232.353908680745 237.338205644122 245.372513192904 248.626877274517 247.337086020264 249.623499673836 257.57659594259 262.358559575928 269.2154027055 270.086617813388 271.144784455532 271.689388744961 270.672537286971 271.55354284088 268.338339457631
267.22836172304 266.984407124271 266.505188255151 -9999 266.10055287601 265.859105879677 265.077119950573 263.510579805822 262.730627291537 263.131469937588 262.971946447441 263.008412224253 261.932830638709 264.150478766124 262.839210703968 254.046671312086 244.543376075744 248.633199476025 253.492525287706 251.40485080473 246.395172389779 252.03200793992 257.170718545452 257.863962042451 258.491464994258 256.746066393893 258.412643136518 257.83193441984 254.291953144289 249.136751019295 245.266165380389 237.926777473285 231.556248151629 220.818313459039 211.831871759184 229.322773742995 241.28111505271 240.090935631249 231.95782400559 240.76409641621 256.879095515434 264.222831043969 262.977659910219 253.563443005003 252.661807714374 261.587103359067 266.032782442701 265.389170213678 266.929998270145 264.981655595686
267.133970763985 266.931969626526 266.399729908103 266.335327686697 266.048536651724 264.112010876584 262.340291557214 263.65075180259 262.238786479272 263.481158363797 263.234024339166 263.103048622725 260.327203581708 260.219988928758 263.264809930799 256.548108357299 245.248466060425 249.215184329749 253.74425203503 251.09166967503 246.08820799672 251.169751697026 256.757237887007 257.767679619624 257.157392489478 254.009199956015 256.366624904308 255.801563152653 252.159068526278 252.5536801593 245.942312291141 238.306811633468 231.538871225782 224.687505771697 215.418114095085 229.454471860435 238.959735186031 236.290606677128 236.040126011013 249.562443604071 262.003368589826 263.220587470109 258.075202008376 250.685565624738 250.520397717323 258.250496334152 264.773346543427 262.811315929884 266.118782511336 263.424226820629
267.132148467822 267.068804339665 266.699137617933 266.539590779274 266.189134190236 262.423209044201 258.972637048189 261.369239626473 257.790714425239 261.427135426005 263.335974793973 262.600578787561 261.232403349073 259.101789214055 259.803608904832 255.267622838341 244.45708540814 248.046314777645 252.669662452475 250.193842490404 245.065481104348 250.673750661663 257.148762453988 258.437823912193 257.134015831678 253.667939577911 255.606654921603 255.907061992004 251.800183014778 250.024575198438 246.306624376529 240.679929021156 233.157393096181 227.061069177208 218.21395200064 227.784914777378 235.167622673832 233.45889899034 243.423357699618 259.038668281183 262.299311638489 253.934590743913 249.298727685588 245.423936863826 248.819026363248 257.267887246381 262.607100441882 260.276456251114 262.800926079181 263.27781050529
266.967378390008 267.268340689728 266.873691237516 266.341127415265 266.204423605135 261.766900928756 254.241348817228 252.838345949594 251.259024918783 257.051414738514 262.985437434773 262.079910241391 259.915157158956 260.179072218438 257.072492505767 252.191440817037 238.318223669624 236.254067478954 245.129456827513 242.354491117059 235.091112039241 247.268448601174 257.568509260472 258.126969493082 255.798308344265 253.93692382806 255.907759525123 256.226414319158 250.10953071765 243.566343535712 242.724828132584 236.429232444275 225.307965558801 218.074281962965 213.137760195953 226.487887292582 231.772899553512 231.548950366595 242.3386348189 255.785288955067 254.50454097777 240.404701336817 236.667024052121 240.982996193445 248.338246685217 254.051479364553 257.15242296515 257.504732151999 260.870234074601 263.317083060294
266.471325724553 267.025677801446 266.827219317179 266.106863111446 265.802299402657 263.436669602493 253.867651385249 242.318620901423 243.143920560469 254.491646725542 262.926993068783 262.322943551349 255.798511947316 256.191692758579 252.183549996089 249.381742336224 232.27000166964 217.663642504625 228.279856783488 230.343526627056 222.077594032232 242.653547100961 257.00817244086 257.840202840858 254.922209573182 253.812081633633 255.313604191506 253.884744259962 246.285304161993 239.352750517865 239.485875006628 232.966012627013 219.193279207998 206.309170116272 202.037778877879 222.361695502215 225.250362483709 233.445817303693 243.189835084214 251.806538699187 248.321411471259 234.121549567324 229.665433509679 236.71196668574 240.015970362592 244.715480736618 250.611820016793 253.786706313388 258.57974222509 260.728846073714
266.147091769913 266.867056996819 266.859883307448 266.329462093826 265.789102654912 264.318818888736 254.751190277976 239.349997860474 241.84394245308 255.701125700591 262.998524459263 262.997661297284 255.784880651456 253.130683285423 247.259703457971 245.816903976142 233.574436585794 216.993050098109 224.647108502934 227.936702452812 223.478824071182 244.385883172948 256.019581918484 256.671771118249 255.274357698533 252.868464872077 251.935846296284 251.256447480006 245.280103722374 234.92811823922 232.238195946367 228.521879908181 219.850716588078 203.698906131 197.704100969478 215.405797636653 218.322543276565 229.917511810926 241.262708552949 250.658231512153 244.647931357864 232.047012499219 225.227012457379 227.027151700703 229.718672618467 236.584652338721 243.347672303186 247.049852122604 253.100435846674 257.287970301296
265.477504100262 266.869823064761 266.489295372127 266.253815564108 265.854695965483 263.849909586919 254.29994227583 241.956476980915 248.089639497296 259.778205767705 263.175371902163 263.273351367966 256.117163331081 251.214384837973 246.509623007978 241.890267276112 234.516594408449 226.991356243916 233.537333223789 235.811459342783 236.905333713513 251.689776956811 256.598913953697 256.659781833907 254.321166844036 250.095879455852 248.1123414626 248.014629856905 243.512014553037 229.222234054839 219.906256184833 220.934907439428 214.367226633515 201.585579444413 197.222271258826 204.912262359441 212.313398432496 227.526233164896 238.2985846443 245.943883013639 240.993959571683 226.237952020807 215.445828840734 213.295064465011 222.506107139395 234.746324966517 237.682032401956 241.620325463443 249.469046297623 259.776219129251
264.945661927348 266.641970257682 266.208057274014 266.162365218822 265.815601056668 264.63648929794 258.265272664515 247.583650112477 250.719855025294 260.647441335137 261.912771683051 262.280728441888 252.271854994562 249.861452661479 246.907586209435 241.481834038194 236.221732430877 235.541432692619 241.874221948003 245.76492701557 246.221838805098 254.062815407863 257.570950309356 257.281467731399 253.065068443157 247.271365474588 246.134913192859 245.632755622654 240.950859934047 228.698518930993 213.702728554151 214.217239712276 209.733709478292 200.755995484041 194.800775803932 194.990988136277 210.885116844987 228.347675945699 230.717465674879 235.102257006607 237.770265627773 224.92591731065 212.212145662841 205.902447744236 214.215427428945 227.857668577187 237.011952309274 246.512275325374 254.648100954581 265.437623997463
265.269433942245 266.333272899415 266.035091980488 265.804988338165 265.714966208771 265.03641071087 262.883841943785 253.743597695429 247.569900176566 256.775606275024 261.967028201306 261.765359498868 244.128925985215 243.460335941128 241.413378020721 238.565835012595 239.927863902411 240.280379846728 244.03133867364 249.04655635306 249.176033111015 251.803659235426 255.006708176083 256.35113593343 254.312934396606 246.532804268403 242.476193898375 241.350649396868 237.338037111823 230.580905422308 218.22932629928 213.463943034261 213.800584474036 207.672745574222 197.644389021393 185.546252663869 204.266770687401 218.122240729639 217.841060002777 224.725542323229 230.063970676102 222.384107239799 215.249378077426 210.631454448675 217.126274923317 227.757563051911 241.545069586891 252.062375770913 261.665408673396 266.121958278979
