rcp8.5models/CNRM-CM5/sc1gr8.3
NCOLS 261 
NROWS 433 
XLLCORNER 336357.134 
YLLCORNER 654653.479 
CELLSIZE 1000 
NODATA_value -9999 
[rows 44 to 65 of 433, columns 50 to 99 of 261]
-9999 -9999 -9999 -9999 -9999 -9999 -9999 -9999 -9999 -9999 -9999 -9999 -9999 -9999 -9999 -9999 -9999 -9999 -9999 -9999 40.689811706543 40.7715363003066 -9999 -9999 42.1453248664515 42.0209088669129 41.8892545963579 41.758633150818 42.3460057302328 42.4566315882181 42.3439373552772 42.218035171021 -9999 -9999 42.197018788927 42.6963398209751 42.6152167595608 42.4983612306139 42.3831173051032 42.2695294475475 43.1128389187339 43.0233642503979 42.9159368897706 42.8104024953305 42.779808548233 43.6059411266543 43.5150199051476 43.4176142170643 43.3236516665133 43.557130904031
-9999 -9999 -9999 -9999 -9999 -9999 -9999 -9999 -9999 -9999 -9999 -9999 -9999 -9999 -9999 -9999 -9999 -9999 41.0433151490605 41.05781076882 40.9875917378153 40.8641174749799 40.7323057040223 40.6013221748524 41.2995371682832 41.2706728772627 41.3000723715394 41.1889351555267 41.0089031764829 -9999 41.6905726258313 -9999 41.4467747177559 41.4790863659618 41.3693471346436 41.5308187077616 42.1053236757241 42.0254105000402 41.911505104874 41.7991680710378 42.1163412841026 42.6303857339909 42.5400069170414 42.4368404169465 42.3355026769982 43.1586184354272 43.68088229004 43.5820201429797 43.4845683449005 43.3931668284466
-9999 -9999 -9999 -9999 -9999 -9999 -9999 -9999 -9999 -9999 -9999 -9999 -9999 -9999 -9999 -9999 -9999 40.4234395002276 41.1551085571523 41.1524328356947 41.0188802051083 40.8860826522428 40.7540727682993 40.7825847232036 41.5015264096556 41.4687308320418 41.4055213138829 41.2840555846387 41.0298657183916 41.1664315790865 41.8181427252339 41.7544414489749 41.6313813448774 41.5794958050428 41.4636926623952 41.344667294868 42.1158940186435 42.0449237168371 41.9306306447857 41.8178958927587 41.7494308326171 42.5560383922324 42.4691782139878 42.3640616536992 42.2607892233075 42.4714423328855 43.310659733196 43.2136891084825 43.1230257313041 43.4764282625592
-9999 -9999 -9999 -9999 -9999 -9999 -9999 -9999 -9999 -9999 -9999 -9999 -9999 -9999 -9999 40.6647532473612 40.6933027924023 40.5196034878782 40.6087340530753 41.0936164158535 41.0432142465356 41.0717239908729 40.9592307868033 40.8916852173741 41.0115378746433 41.5017880352288 41.4366542767161 41.3077838239019 41.2233188873501 41.0960481406629 41.3054124243715 41.8083102036694 41.7287219625197 -9999 41.4859248136309 41.3665310534652 41.6858444330852 42.1978410898061 42.1081565571517 41.9937057054625 41.8447541533092 42.6532796599018 42.5642483108381 42.4587002042623 42.354992934775 42.2531676496728 42.4748133639039 42.993402080596 42.9003710568087 43.0427649250738
-9999 -9999 -9999 -9999 -9999 -9999 -9999 -9999 -9999 -9999 -9999 39.464135984298 39.330509414209 39.3806821651215 40.2380702163359 40.2721756923434 40.7237898429815 40.5459432368938 40.410283116788 41.2533201004517 41.254314303542 41.1843571369517 41.0588948580511 40.9258612925947 40.7936634720563 41.6627147777309 41.6378549647868 41.5071984516288 41.3233667778944 41.1959210312966 -9999 41.8161284784708 41.7539168026802 41.7853748034925 41.672253179112 -9999 41.5031985052663 42.2864865568096 42.2071336125818 42.0923016809492 41.8675038777289 42.0637590061131 42.5784064857409 42.6283450500211 42.5243415537061 42.420901024092 42.3234044187946 43.1585446750288 43.0612750243789 42.9659951001577
-9999 -9999 -9999 -9999 -9999 -9999 -9999 -9999 -9999 -9999 39.5961423924696 39.4849228257602 39.3512185548508 39.386552033103 40.1345906896265 -9999 40.2095805774 40.1438870860591 40.0365322101754 40.7870673037605 41.289043199808 41.2216239470527 41.0876152418007 40.954394068204 40.9825754288862 41.1837326275277 41.6821425331919 41.6100526703219 41.3514870915865 41.2237582114807 41.2533364622383 42.0121826664682 -9999 41.893150310212 -9999 -9999 41.5330337751074 42.3150481488224 42.2334383436156 -9999 42.0454478580448 41.93390101914 42.7511305050244 42.7293022187089 42.6240499849827 42.5201558461298 42.4238558284597 43.2574480936649 43.1597290836822 43.0640091084554
-9999 -9999 -9999 -9999 -9999 -9999 -9999 -9999 -9999 -9999 39.6261891843824 39.5146708808178 -9999 39.5070546913283 39.5956594363492 40.0834152345262 40.0448628850869 40.0345132176706 39.9114005266825 40.0111442940456 40.707469070529 40.8426913893843 40.732416864193 40.6028288515107 40.5410223705544 40.4203240919557 40.5472238530058 41.0455331847864 41.500157878048 41.4232909441812 41.3650904893901 -9999 42.0517114669369 41.9273064194308 -9999 41.8361711278289 41.7215563223668 41.893723482285 42.3993735848284 42.3021526553869 42.1489475502078 42.036967309229 42.8560617351624 42.7569575990279 42.6506961617399 42.5463414349311 42.4523626302194 43.4283466024995 43.3290825765986 43.2318532561775
-9999 -9999 -9999 -9999 -9999 -9999 -9999 -9999 -9999 -9999 39.6583834658763 39.717587258198 39.6738035840371 -9999 39.4155935475522 40.2520562531102 40.2709448451676 40.0767954308313 39.9444357873233 39.977660930277 40.6941587979497 40.7316023194479 40.6088376884268 40.4789130021927 40.3497654849385 40.2214222978734 40.0939165093262 40.9849305364881 41.108237335192 41.0061031783767 40.8824962270762 41.0343755666635 41.6946374545837 41.6177636984738 41.4975530659305 41.4512344881069 41.3368404602097 41.6918843315412 42.4990514629337 42.4091632911104 42.1792421889986 42.0667938485328 43.0377470993325 42.9364300039049 42.8285247629758 -9999 42.6282061248739 43.533129891073 43.433406071794 43.3357325181864
-9999 -9999 -9999 -9999 -9999 -9999 -9999 -9999 -9999 -9999 39.8863284954234 39.8432388826769 39.7188313634058 39.5841482103062 39.6195168683098 39.7918340125838 40.2912075468302 40.1121618672876 40.1459678606055 40.0999811584396 40.2128470780605 40.7066819472373 40.6450492421822 40.5150551763313 40.5481317025022 40.4345744945547 40.3054432796832 40.5059432945482 40.9334670214101 40.8084970971415 40.8425232687729 40.7286158084825 40.956099075407 41.46445726541 41.3751687402547 41.2559260641093 41.1379602295444 41.2484752373068 41.4387608120348 42.1034362105811 42.3591120920752 42.2518177686453 -9999 -9999 42.9368855523295 42.8304270303934 42.7365434051069 43.564343689528 43.4641586974788 43.3660360207862
-9999 -9999 -9999 -9999 -9999 -9999 -9999 -9999 -9999 -9999 -9999 39.3440192735871 39.6641127035852 39.7915882432758 39.7459976274463 39.620757998507 40.2982683004118 40.3399746440252 40.2710720448181 40.146363433148 40.0138417391429 40.7195853773881 40.847861796711 40.7340856247599 40.6714228355826 40.548247159847 40.4191853679499 40.2909660312258 41.1323199180049 41.0174587153971 40.9633173570378 40.8434484900802 40.7201200485036 41.4911582174255 41.4141512518603 41.2946416213758 41.3315523491737 41.2188028937275 41.1019577167046 41.9806993192433 42.0078038554803 41.9002831334897 41.7914475794952 42.62467426002 -9999 43.0130595026186 42.919224672632 43.7443552802792 43.6426180823833 43.5429824963003
-9999 -9999 -9999 -9999 -9999 -9999 -9999 -9999 -9999 -9999 -9999 39.0678941296246 -9999 39.2955189753004 39.1760148124888 39.5807048535307 39.918348872634 40.4537829643368 40.3199863255714 40.1868106822262 40.2203997586693 40.3488950825601 40.9116135915928 40.8502569710879 40.7195374368108 40.5895858603923 40.4604320839721 40.4938173184822 41.2141968890029 -9999 41.0096316436503 40.8850382881375 40.7615027122858 41.6924122408448 41.6192968273214 41.4982111176889 41.4527821509785 41.3368044156877 41.2197174419187 42.0254930429526 41.9703669533874 41.8600410474328 -9999 42.58202247047 42.4774047191269 42.6860622475323 43.0347812785248 43.8583389422834 43.7561310809312 43.6560385504333
-9999 -9999 -9999 -9999 -9999 -9999 -9999 -9999 -9999 -9999 -9999 39.2757184684264 39.2397146910084 39.1191597447556 38.9890775379426 39.2302921735879 39.2183737520499 39.9016834131214 40.297968211722 40.3971075006477 40.3497807037341 40.2241197467134 -9999 40.894224490535 40.9276884034002 40.8113993094889 40.6806827694446 40.6212649258316 41.2470326452707 41.1797637639993 41.2139802151435 41.0972107554962 40.9721196562144 41.2074115804839 41.7163822988306 41.619565747221 41.4995492288006 41.5368241054897 41.4223106717346 42.2289383103556 42.092594464954 41.9809728185068 41.8703034897477 42.7028601676726 42.5959424600417 -9999 42.6255042596399 42.857895966572 43.3621450395554 -9999
-9999 -9999 -9999 -9999 -9999 -9999 -9999 -9999 -9999 -9999 -9999 -9999 -9999 -9999 39.2803448297906 39.2138071128658 39.0877982066123 -9999 39.8909083301082 39.7698898915847 39.6416469471842 39.6815526770537 40.4921726101508 40.4539793246609 40.3274187099524 40.4180106605506 40.3108626663992 40.3503990815267 40.4576003446388 40.9696460041925 -9999 41.2715710053603 41.3065190850878 41.1880622226465 41.9712278017942 41.9557654363606 41.8363840585844 41.7159080263184 41.5967391321465 41.4789365594509 42.3457514589301 42.2315423962725 42.1189699192175 42.0157364843651 42.9204535267787 42.8134900386707 42.7084139518617 42.6052941656823 42.5309828799923 43.3493651960579
-9999 -9999 -9999 -9999 -9999 -9999 -9999 -9999 -9999 -9999 -9999 -9999 -9999 -9999 -9999 -9999 39.3045370217916 40.0070860145986 -9999 39.820410346538 39.8611762320031 39.8185287953735 39.9479346207016 40.4523936508497 40.3797659445177 40.4197478767053 40.3064409989902 40.2525414149936 40.0088485556 40.7750497565525 41.0878941995251 40.9852419847993 40.9383276651387 40.82102995382 42.0886445123548 42.0116551272354 41.8896713622697 41.9272308870074 41.8097442599165 41.6904147534338 42.4772536576211 42.3627421350925 42.24984863531 42.1474068417078 42.9727189520849 42.8653519601522 42.7631236620299 42.805380978695 42.7312696788628 43.5472106513969
-9999 -9999 -9999 -9999 -9999 -9999 -9999 -9999 -9999 -9999 -9999 -9999 -9999 -9999 -9999 -9999 -9999 40.0341844181712 40.1729372206724 40.0618096326525 40.001001358184 39.8792944779694 39.7512634422874 40.6545796007056 40.6155147434852 40.5596845478189 40.438944933094 40.3134593253796 40.2289470469429 41.0059937488666 41.0044765546479 40.8858731417698 40.7645582498491 40.8055034504938 41.8300940309042 41.7459792224413 41.6275575296539 41.5876277865693 41.9381801787976 41.8251116971754 42.5325408644395 42.4189049619175 42.4601968749143 42.3510559971112 42.5695276899285 43.0717923037408 42.9667044384355 42.9393831761824 42.8665415060988 43.6810890384508
-9999 -9999 -9999 -9999 -9999 -9999 -9999 -9999 -9999 -9999 -9999 -9999 -9999 -9999 -9999 -9999 -9999 40.2599762509837 40.3157994683774 40.1934640373807 40.064352397624 40.105607290522 39.9920763818048 40.799880296183 -9999 40.6236087340709 40.6641805396285 40.548957145058 40.3714247738902 -9999 41.0683135835918 41.1092872632085 40.9935219122798 41.5673947200206 41.763124792575 41.6524033375242 41.534254624674 41.4172407203561 41.6905570445707 -9999 -9999 -9999 42.5987264205941 42.4856881944706 42.3904846769181 43.2098928898286 43.1025884122469 42.997264492123 42.9256500854484 43.7387691466186
-9999 -9999 -9999 -9999 -9999 -9999 -9999 -9999 -9999 -9999 -9999 -9999 -9999 -9999 -9999 -9999 -9999 -9999 40.3183194825598 40.2522929908143 40.2945507238414 40.251223251645 40.1285967979014 40.2578931544553 40.9337559801544 40.8649239355685 40.8102852096956 40.6886405242978 40.4378411364968 41.3761049808258 41.3032676096462 41.255441740673 41.1359477942098 41.3073058737264 41.8194948615946 41.8786677883223 41.7628343959522 41.6444783207924 41.6061930350515 -9999 -9999 42.3265866177874 42.2161049358177 42.1136167457706 42.4565809296642 43.4245634745588 43.3158004292607 43.2090409467557 43.1376367039872 43.9483245167827
-9999 -9999 -9999 -9999 -9999 -9999 -9999 -9999 -9999 -9999 -9999 -9999 -9999 -9999 -9999 -9999 -9999 39.5568689587325 40.5297876577987 40.5031929359919 40.4430647064698 40.3201519821889 40.191354573083 -9999 41.0654327844145 41.0071061520591 40.8800121172451 40.75360954105 40.6780729618294 41.5278562050679 41.448666854022 41.3252897186566 41.2027777444331 41.2450186433117 42.0482446834162 42.0283542102665 41.9105085452841 41.7921580064644 41.6749492719292 -9999 -9999 42.321875502223 42.2104890094598 42.1044164706009 42.2421662304231 43.1515261945202 43.4616847701682 43.3545770085954 43.2844452122247 44.0937504402991
-9999 -9999 -9999 -9999 -9999 -9999 -9999 -9999 -9999 -9999 -9999 -9999 -9999 -9999 -9999 -9999 -9999 39.2561140347524 40.094885216305 40.0620958017671 39.938622385936 40.5129481709616 -9999 40.385034056766 41.1402318485098 41.0746376909099 41.1169128183831 40.9997275888543 40.8256252788513 41.6030356379161 41.5184132881231 41.5608998781785 41.4429848803936 41.39790936316 41.5767784869065 42.0899080984855 41.9817808578842 42.0260002469718 41.9091181101846 -9999 41.884151895252 42.4744088170017 42.3628753282166 42.2528738266361 42.1656643452406 42.9904799277628 43.1195949514496 43.4280405938066 43.4815008296026 43.7249658744561
-9999 -9999 -9999 -9999 -9999 -9999 -9999 -9999 -9999 -9999 -9999 -9999 -9999 -9999 -9999 -9999 -9999 39.1960654664981 39.935223580469 39.8933924138702 39.9437558211061 40.1247911786665 -9999 -9999 40.8328129860484 41.2938180079929 41.2727958363174 41.149938345083 41.0658914485804 41.8525132346916 41.7646683415048 41.7175123240546 41.5965101107801 41.4738144195224 41.352023781719 41.6987948263279 42.214709347521 42.1827744714025 42.0649266474625 41.947600723276 41.7243700014601 42.5496076315003 42.4403810341672 42.4847105134611 42.3828957175733 42.6126927007308 43.1155687767603 43.2329278003623 43.2093628836856 43.1236906558871
-9999 -9999 -9999 -9999 -9999 -9999 -9999 -9999 -9999 -9999 -9999 -9999 -9999 -9999 -9999 -9999 -9999 -9999 40.1826473791534 40.1538357548132 40.100977724227 39.9833554802807 40.0336825512427 39.9227511122696 40.7572780638903 40.9209993198912 40.8131088669798 41.3683572153815 41.2255293835535 42.0107585931809 41.9212003068244 41.7968967186795 41.6733991346315 41.7173664686633 41.5980942477156 41.555958611441 -9999 42.2619612300217 42.1433795826926 42.0262621405941 41.9652153367023 42.7879988594191 42.6763982475277 42.6455407928849 42.535677671155 42.455856352803 43.2692168659321 43.1649163426522 43.0625977158474 42.9623615548806
-9999 -9999 -9999 -9999 -9999 -9999 -9999 -9999 -9999 -9999 -9999 -9999 -9999 -9999 -9999 -9999 -9999 40.1594010339394 40.4001622980005 40.3044601326965 40.18061262721 40.2322406579477 40.1947857426269 40.0767895650031 40.8408817531653 40.9473139534507 40.8349311720314 41.0146577108069 40.7878959012824 40.9542713760836 42.1336833983737 42.0502948768266 41.9256315686939 41.8813801450126 41.7601868500416 -9999 -9999 42.3437379300578 42.3901875177888 42.2718251291955 42.1313468580279 42.9528993139821 42.8397286317157 42.728038023435 42.6179205358573 42.5444541400255 43.5070301146872 43.4014522168266 43.2978715245666 43.1963937556779
