rcp8.5models/CNRM-CM5/sc1gr10.15
NCOLS 261 
NROWS 433 
XLLCORNER 336357.134 
YLLCORNER 654653.479 
CELLSIZE 1000 
NODATA_value -3.4e+38 
[rows 286 to 307 of 433, columns 49 to 97 of 261]
150.859680175781 151.9169921875 152.865600585938 154.066772460938 155.106079101562 156.213714599609 157.417556762695 160.059967041016 161.864105224609 164.253173828125 166.278732299805 167.640243530273 168.825653076172 173.473709106445 178.077987670898 177.623916625977 178.22770690918 180.025146484375 183.736923217773 187.253173828125 189.704711914062 190.304626464844 192.222640991211 194.383590698242 195.695419311523 197.590621948242 199.362838745117 200.917083740234 201.924865722656 203.768280029297 204.420379638672 206.544296264648 208.986801147461 209.271957397461 207.327072143555 206.373611450195 206.642211914062 209.411544799805 211.245620727539 209.551452636719 210.321685791016 211.789154052734 214.898956298828 217.980224609375 221.681732177734 225.989517211914 229.284896850586 231.059722900391 234.32698059082
152.088729858398 153.431488037109 154.450180053711 155.738677978516 157.043350219727 158.349105834961 159.490814208984 162.108627319336 163.715057373047 166.00537109375 167.857482910156 169.546997070312 170.690307617188 173.522323608398 176.27360534668 177.489791870117 179.587142944336 181.472686767578 186.060958862305 189.941986083984 192.654983520508 192.722854614258 194.642608642578 197.233154296875 198.876754760742 200.636428833008 201.819030761719 203.303375244141 204.192672729492 206.301467895508 207.284103393555 208.452926635742 210.515029907227 210.329498291016 208.003509521484 209.361251831055 211.404861450195 212.205215454102 212.269393920898 211.732269287109 213.404327392578 215.295837402344 216.595489501953 219.116653442383 221.992889404297 225.212280273438 229.232131958008 232.658508300781 235.13508605957
153.49739074707 154.399276733398 155.60139465332 157.145629882812 158.782318115234 160.13752746582 161.204406738281 164.610321044922 165.752166748047 167.754318237305 169.881301879883 171.869445800781 173.553741455078 175.238006591797 177.765991210938 180.140823364258 181.543426513672 183.164184570312 188.933700561523 191.920852661133 194.269805908203 195.078353881836 197.625152587891 201.012649536133 202.388549804688 202.891571044922 203.759506225586 205.357620239258 206.809295654297 208.481918334961 209.453994750977 210.129058837891 212.213256835938 213.092651367188 212.318283081055 212.973068237305 213.092300415039 213.505737304688 212.800918579102 212.874465942383 216.499130249023 218.962921142578 218.152572631836 220.964736938477 223.352157592773 227.286361694336 233.007080078125 236.834411621094 238.384048461914
154.701675415039 155.935729980469 157.08283996582 158.693405151367 160.553253173828 161.704803466797 162.896224975586 166.974212646484 168.528472900391 169.895660400391 171.811401367188 174.129257202148 176.003860473633 177.486587524414 179.773635864258 182.131744384766 183.609420776367 185.358413696289 192.824676513672 194.751403808594 196.454208374023 197.500885009766 199.713500976562 203.412139892578 204.86344909668 204.485366821289 205.769027709961 207.53825378418 209.092376708984 210.537643432617 211.30908203125 211.751968383789 214.28727722168 216.826782226562 215.781127929688 214.315292358398 213.762390136719 215.248977661133 214.966827392578 215.930816650391 219.815567016602 221.854721069336 221.043228149414 223.481063842773 225.920364379883 229.025527954102 232.916015625 235.799865722656 238.308639526367
158.018493652344 159.789825439453 161.649368286133 162.856628417969 164.054702758789 165.778244018555 167.572952270508 171.393417358398 173.133255004883 174.782196044922 176.573348999023 178.251724243164 179.958938598633 181.743927001953 183.396896362305 185.357406616211 187.6904296875 191.707962036133 197.902084350586 199.407241821289 200.672821044922 202.51953125 204.523483276367 206.216735839844 208.798751831055 210.394500732422 211.543838500977 212.854049682617 214.400451660156 215.62385559082 216.847717285156 219.106185913086 221.996978759766 224.300643920898 224.668243408203 223.691940307617 221.563003540039 221.045013427734 221.53271484375 222.547348022461 225.110244750977 227.398574829102 227.854415893555 229.283126831055 232.19221496582 234.479904174805 236.833618164062 241.432968139648 244.682907104492
160.647857666016 162.11018371582 163.640853881836 164.870391845703 166.376968383789 168.238632202148 169.713729858398 173.316055297852 175.123672485352 177.266876220703 178.936706542969 180.222747802734 182.171752929688 184.140365600586 186.063888549805 188.788391113281 190.60774230957 193.324462890625 200.086776733398 201.804626464844 202.992538452148 205.404342651367 207.305191040039 209.699462890625 212.861480712891 213.968154907227 214.666915893555 216.075881958008 217.391891479492 218.672958374023 219.713745117188 221.85107421875 224.834457397461 226.958602905273 227.321701049805 228.663391113281 229.417556762695 230.830749511719 228.755340576172 227.865539550781 229.755569458008 232.434967041016 231.779205322266 232.614196777344 235.371673583984 237.762405395508 239.546051025391 248.045166015625 274.642944335938
162.420944213867 164.046417236328 165.480712890625 167.10026550293 168.819931030273 170.362930297852 171.94157409668 175.642074584961 177.710632324219 179.699951171875 181.438232421875 182.846221923828 184.541076660156 186.695861816406 188.848510742188 191.410842895508 193.593872070312 195.754165649414 201.313812255859 203.581634521484 205.800308227539 208.868103027344 210.908920288086 212.598556518555 215.440963745117 216.864440917969 217.650131225586 218.994857788086 220.732574462891 222.280609130859 223.879058837891 226.746505737305 229.166259765625 231.372543334961 232.301223754883 233.44303894043 235.379699707031 236.913345336914 235.709732055664 237.419494628906 236.892303466797 237.058578491211 236.31494140625 235.776550292969 237.883255004883 241.735321044922 244.627822875977 249.71794128418 280.146759033203
164.303298950195 165.930297851562 167.154830932617 169.112030029297 170.911437988281 172.071060180664 173.903228759766 177.638381958008 179.92822265625 182.082290649414 183.841812133789 185.502395629883 187.427856445312 189.631958007812 191.841369628906 194.056564331055 196.699035644531 199.007568359375 204.751205444336 206.823532104492 208.393508911133 211.606185913086 213.899887084961 215.270889282227 218.012405395508 220.23518371582 221.057525634766 222.018707275391 223.789886474609 226.628860473633 228.329071044922 229.776077270508 230.937896728516 232.429412841797 233.887451171875 234.021774291992 235.887268066406 236.800643920898 235.872497558594 238.221176147461 239.558517456055 238.656051635742 238.895034790039 240.34455871582 242.753677368164 244.366348266602 247.005920410156 247.901931762695 258.465637207031
166.083648681641 167.89582824707 169.530426025391 171.390640258789 172.895462036133 174.400695800781 176.223709106445 180.276000976562 182.529556274414 184.528350830078 186.276000976562 188.398147583008 190.215942382812 192.349166870117 194.645431518555 196.783706665039 199.746505737305 202.272277832031 207.32389831543 209.409439086914 211.263641357422 214.393051147461 217.303665161133 218.945068359375 220.886596679688 223.441223144531 224.708511352539 225.604064941406 226.741836547852 229.751190185547 231.078216552734 231.288543701172 232.792205810547 234.773254394531 235.682434082031 236.794784545898 239.685928344727 238.984191894531 236.411422729492 236.919342041016 240.908737182617 241.736770629883 243.137115478516 244.986389160156 249.035430908203 248.352081298828 249.026657104492 251.719467163086 254.365539550781
168.1220703125 169.976898193359 171.8056640625 173.60319519043 174.793975830078 176.634216308594 178.967422485352 183.53938293457 185.477569580078 187.230270385742 188.852722167969 190.656616210938 192.636428833008 195.169235229492 197.850387573242 200.02766418457 202.611953735352 205.015655517578 211.016174316406 213.512405395508 214.481811523438 217.861022949219 220.343658447266 221.509078979492 224.112258911133 226.591812133789 228.227661132812 229.535873413086 230.288528442383 232.76448059082 233.620834350586 234.530578613281 236.949813842773 239.21369934082 238.674331665039 240.299407958984 244.548950195312 242.159118652344 239.066284179688 240.785537719727 244.389038085938 244.971130371094 246.500335693359 247.399810791016 250.858932495117 250.684524536133 251.218719482422 253.791000366211 255.725387573242
169.907485961914 171.717712402344 173.22737121582 175.014053344727 176.944732666016 179.311279296875 181.674942016602 186.035873413086 188.094604492188 189.720474243164 191.231552124023 193.270065307617 195.594650268555 198.032516479492 200.509002685547 202.740676879883 205.339111328125 208.000473022461 214.175323486328 216.779067993164 218.00715637207 220.434707641602 222.436111450195 224.87336730957 228.075775146484 230.141204833984 231.600311279297 233.2490234375 234.461578369141 236.604476928711 236.835830688477 238.205001831055 240.367721557617 242.38720703125 242.898727416992 244.403030395508 247.865341186523 246.171844482422 242.213958740234 243.79345703125 245.942031860352 248.452041625977 249.543792724609 249.420059204102 250.893676757812 251.708923339844 252.872100830078 254.866424560547 256.518707275391
172.114288330078 174.487808227539 175.865264892578 177.482666015625 180.025482177734 182.39909362793 184.3251953125 188.287826538086 190.209747314453 191.914611816406 193.931182861328 196.617462158203 198.902862548828 201.126495361328 203.35383605957 205.855712890625 208.626586914062 211.495758056641 216.639862060547 218.905319213867 221.481033325195 224.085067749023 226.499114990234 229.536407470703 231.737930297852 233.266998291016 234.890869140625 236.761047363281 237.906219482422 239.532623291016 240.375152587891 242.176681518555 243.721969604492 245.476501464844 248.235916137695 250.761962890625 251.379241943359 248.893920898438 247.169235229492 247.903717041016 248.345581054688 251.370361328125 252.871444702148 253.308807373047 254.003860473633 254.886306762695 255.728240966797 257.35400390625 258.871002197266
175.389099121094 177.059585571289 178.877944946289 181.039916992188 183.249694824219 184.771209716797 186.652114868164 190.730209350586 192.509384155273 194.273147583008 196.909271240234 199.786056518555 202.109558105469 204.719451904297 206.984817504883 209.353118896484 212.095260620117 214.939849853516 219.691482543945 221.737091064453 224.274475097656 227.787292480469 231.643142700195 234.512390136719 236.0029296875 236.927658081055 238.6044921875 240.602645874023 241.749984741211 243.221054077148 244.329391479492 245.86116027832 248.18603515625 250.645935058594 253.191986083984 256.121643066406 254.963943481445 250.808944702148 250.627502441406 252.191040039062 255.195037841797 254.203018188477 255.30598449707 256.809265136719 258.074645996094 258.680999755859 259.309387207031 259.800964355469 261.43212890625
177.794708251953 179.10237121582 181.006286621094 183.460311889648 185.449295043945 186.726135253906 188.569641113281 192.94499206543 195.115936279297 197.276794433594 199.821624755859 202.676345825195 205.2685546875 207.83024597168 210.194625854492 212.690139770508 215.436050415039 218.288421630859 222.649841308594 224.999114990234 227.559539794922 231.703460693359 235.910842895508 238.311431884766 240.072967529297 241.238754272461 242.482391357422 244.146530151367 245.736877441406 247.963287353516 248.144454956055 250.121215820312 253.390365600586 254.921966552734 256.775054931641 259.956756591797 259.133453369141 256.060668945312 254.861358642578 254.654388427734 260.064910888672 259.182159423828 259.170654296875 259.155975341797 260.228149414062 261.148773193359 261.970550537109 263.432586669922 265.444580078125
179.816452026367 181.222885131836 183.047821044922 185.200607299805 187.358581542969 189.307647705078 191.09651184082 195.888214111328 198.288528442383 200.862365722656 203.552124023438 206.120498657227 208.535751342773 210.554016113281 213.203872680664 216.339370727539 218.780563354492 221.545379638672 225.658706665039 228.084976196289 230.785995483398 235.680740356445 239.396377563477 240.557189941406 242.180282592773 244.46028137207 246.500381469727 248.228363037109 249.543914794922 252.818328857422 252.41389465332 253.004211425781 255.991912841797 258.764709472656 260.917236328125 263.458557128906 263.664886474609 260.826568603516 258.518432617188 258.801727294922 263.844635009766 262.051116943359 261.919525146484 262.189514160156 262.428863525391 263.497161865234 266.397094726562 278.206512451172 281.122436523438
184.476272583008 186.531158447266 188.672149658203 190.412490844727 192.085510253906 194.360214233398 196.510360717773 201.126937866211 204.288696289062 206.71809387207 208.757995605469 211.385879516602 214.086044311523 216.668502807617 219.440338134766 222.61393737793 225.476425170898 227.914031982422 232.066879272461 234.567779541016 237.380264282227 240.51432800293 244.212951660156 247.222427368164 249.461227416992 252.288955688477 254.86848449707 256.319183349609 258.513793945312 261.838470458984 262.967010498047 262.598541259766 262.488433837891 265.013427734375 268.874755859375 271.023529052734 270.414581298828 267.071166992188 266.268280029297 268.907165527344 271.168792724609 274.006469726562 270.280334472656 271.992523193359 275.514526367188 274.388671875 269.954284667969 277.294708251953 299.578674316406
186.418884277344 188.453994750977 190.472518920898 192.525039672852 194.667984008789 197.487899780273 200.056030273438 203.842544555664 206.720199584961 209.442413330078 211.952224731445 214.833877563477 217.70100402832 220.419845581055 222.838668823242 225.894561767578 228.825531005859 230.807342529297 236.347854614258 238.871398925781 242.196823120117 246.292510986328 250.196502685547 252.98698425293 254.332931518555 256.15576171875 258.882110595703 260.818603515625 262.229919433594 264.883422851562 267.177337646484 268.194183349609 268.658966064453 271.2626953125 273.071624755859 274.569580078125 275.778289794922 272.261138916016 269.910522460938 275.910400390625 279.801116943359 282.297607421875 280.836486816406 280.712615966797 282.82666015625 283.917144775391 277.959228515625 275.118988037109 278.542510986328
188.363815307617 190.588333129883 192.854476928711 195.267440795898 197.728591918945 200.344161987305 202.847030639648 207.21842956543 209.994491577148 212.882873535156 215.599212646484 218.342010498047 220.820678710938 223.70378112793 226.366516113281 228.857772827148 231.758270263672 234.545120239258 240.298767089844 242.969879150391 246.280303955078 251.171890258789 255.714691162109 258.033050537109 259.189483642578 260.551544189453 262.254180908203 263.519897460938 265.556976318359 269.184967041016 271.044860839844 271.951110839844 273.664337158203 276.458648681641 277.274871826172 278.593444824219 279.984954833984 279.125457763672 279.016174316406 282.213714599609 283.117645263672 285.617736816406 284.215423583984 278.238189697266 283.540618896484 287.602661132812 278.372009277344 279.274017333984 282.698974609375
190.62272644043 192.959075927734 195.347137451172 197.431747436523 199.907485961914 202.661407470703 205.341781616211 210.792556762695 213.783111572266 216.376449584961 220.420104980469 223.137084960938 223.915924072266 227.077026367188 230.298919677734 232.65397644043 235.260360717773 238.352569580078 244.225387573242 247.708114624023 250.611434936523 255.067306518555 259.768890380859 262.067321777344 263.706970214844 264.965057373047 266.6708984375 268.404998779297 270.549835205078 273.534332275391 274.941680908203 276.627410888672 278.051116943359 279.570129394531 281.287536621094 282.969909667969 283.995056152344 285.166534423828 285.146575927734 282.802825927734 282.153472900391 282.121795654297 281.033538818359 279.606140136719 300.979339599609 307.234375 283.582824707031 289.964752197266 309.13818359375
193.721893310547 195.499145507812 198.239212036133 200.798828125 203.278747558594 205.349060058594 207.413208007812 213.91162109375 217.262710571289 220.282409667969 224.604385375977 227.475341796875 228.230987548828 231.150604248047 234.103652954102 236.532516479492 238.863815307617 242.051986694336 247.663421630859 251.882293701172 255.307113647461 257.726013183594 261.811920166016 265.5712890625 267.66455078125 269.536193847656 271.504577636719 273.441497802734 273.888214111328 277.977386474609 279.297454833984 280.830047607422 282.127624511719 282.844787597656 284.892395019531 286.538726806641 287.592803955078 289.000549316406 286.966094970703 282.350860595703 282.563171386719 280.558532714844 279.451538085938 280.841857910156 303.113616943359 308.960296630859 283.120880126953 286.664520263672 298.845001220703
196.749130249023 198.819671630859 201.785980224609 204.454895019531 206.945663452148 208.593109130859 210.631271362305 216.236801147461 219.771270751953 223.640319824219 226.964797973633 229.165985107422 231.460723876953 234.263885498047 237.242446899414 239.830429077148 242.202972412109 245.292663574219 251.119400024414 255.253692626953 258.874938964844 261.224090576172 264.960144042969 269.046142578125 271.367431640625 273.816009521484 275.688140869141 275.963287353516 275.294555664062 281.654846191406 283.650207519531 284.695373535156 286.166595458984 286.991577148438 288.596466064453 290.240905761719 291.681060791016 292.758483886719 290.543090820312 285.760864257812 287.669372558594 289.959350585938 288.498168945312 287.940612792969 290.864349365234 289.093597412109 279.781860351562 281.142028808594 284.074920654297
200.120162963867 202.226974487305 205.21484375 207.91731262207 209.71240234375 211.463439941406 214.306243896484 219.215774536133 221.498291015625 225.271560668945 228.578369140625 231.449737548828 234.649444580078 237.843200683594 240.856567382812 243.535888671875 245.845153808594 248.349853515625 254.549240112305 258.333709716797 261.5048828125 264.801147460938 268.541839599609 272.323791503906 275.057220458984 277.383972167969 278.602386474609 279.270812988281 280.892181396484 286.508331298828 287.865264892578 288.356567382812 290.288726806641 292.342071533203 293.552124023438 294.335845947266 295.754302978516 296.896179199219 296.000701904297 294.339904785156 296.08935546875 298.157196044922 299.279998779297 296.494323730469 288.523559570312 297.819671630859 317.543701171875 317.995971679688 320.179473876953
