rcp8.5models/CNRM-CM5/sc1gr8.6
NCOLS 261 
NROWS 433 
XLLCORNER 336357.134 
YLLCORNER 654653.479 
CELLSIZE 1000 
NODATA_value -9999 
[rows 352 to 373 of 433, columns 150 to 199 of 261]
106.883400187566 99.6746380323874 95.3916025544071 91.3103081452915 88.0987698216186 85.9478822346133 81.9290661951382 81.3907209459018 87.8085087838378 88.5710334786534 86.7212608458319 80.743722257141 71.4227201457221 68.8814187629099 69.9649607137986 67.6214484720019 63.2535558309385 61.2742654853637 57.718552713677 58.1007113394761 60.0746447170418 57.5800744557903 52.0199459995751 49.0671404014546 47.8450656199047 46.8324102342496 46.164926915214 45.7257200878061 45.1200759450932 44.7121818057389 43.7960331185465 43.7020534002486 43.7273244630527 43.1601495264679 43.051532346008 43.139481363678 42.7891444996088 42.2272027334221 42.1253343258868 42.2524671117067 42.2360427022594 42.2774216423536 42.2224377417485 42.5603646909381 42.8356647127565 42.8161791559865 43.0397305414828 43.1758740637633 43.3032893548832 43.5288474428716
103.703896920415 97.3637720440943 92.6928812709071 88.9450087457549 85.4416076025529 82.1212634977039 79.705362566305 78.0892610340816 77.7448912738391 78.3819877472743 76.9793225540228 72.3368936483133 64.7658997172332 62.7574643597989 67.2000889475931 71.8820885689217 65.2211681577051 55.3882802087056 53.4276073976893 54.868894775425 54.8876683211773 53.8735302052395 50.8289861504171 47.8965945791354 46.8659593736362 46.3792591194105 45.5687479427001 44.9145605039481 44.5023812082569 43.8748274481841 43.0534627090509 43.2901337217477 43.2887855970313 42.7707670732408 42.6573676000337 42.7451954492534 42.397533481022 41.8327149717051 41.7350800039414 41.838874730416 41.7790643047879 41.8773615048859 41.748397380246 42.0861074730053 42.4907726267405 42.7463837492468 42.6686790573153 42.8682699119932 42.8215366708857 43.0953874421961
99.6398938598426 94.9764473106222 90.9340554943031 86.7932050796768 83.2303104738429 79.8419821771579 76.9635463293034 74.724288579124 70.2791214392447 68.8488648653097 67.4650982551365 64.5697385340585 61.8908517771267 59.865751749533 59.9228010062489 63.1810188392186 60.2035340207166 54.8491386894411 51.7276201107328 50.0879440170438 49.559418573512 48.8296761264781 47.5191287132326 46.7805717009617 46.0009269787354 45.6159823346703 44.8226382108361 44.3439404050571 43.7378557081981 43.3232849143855 42.6084508655256 42.8428343924157 42.8403774490267 42.3194017946132 42.0869962723494 41.9754746187179 41.9380135153175 41.51254624589 41.663931323957 41.4470375252132 41.3924364356091 41.6690106657996 41.6215341349695 41.6841847414083 42.0651036721356 42.2788397497896 42.2787401340103 42.4803488198687 42.4076628450697 42.7373308620579
97.2890033382195 92.6375370502144 88.9036555566005 84.9894989469141 81.0663866443723 77.8415508176953 74.9009433165674 72.4859044169836 68.041623914021 67.5452412042203 67.9972528137453 66.8652089466752 65.3692896455268 57.9513046340811 55.6719316739197 54.0513079604738 54.2488254158525 54.8808501865356 50.4228980640977 49.9181391684252 49.6412594889911 48.1823767755639 46.4755731675798 45.6725368357229 45.014525805446 44.6711264727556 44.361842270398 43.9465546454588 43.2822268778874 42.8423132002594 42.1667458301615 42.4366762449322 42.4909591084874 41.8768932364072 41.6403024727114 41.5293960992153 41.4883162873688 41.0559667127678 41.2045532470111 41.1248687093904 41.421563304563 41.6086439981068 41.2297831162498 41.3010341242952 41.7043034396052 42.0723446810923 42.329745387197 42.5953573999415 42.5338216050082 42.2363712453418
95.384480356312 90.7933182760479 86.8749889377981 83.5781974638393 79.8120326221821 76.5036099734226 73.3867352872437 70.983643095835 66.4018252036943 66.7891543179387 70.1943696356076 68.4645953646771 63.6019477320373 56.8363525466575 55.1220050505928 53.1902696620335 52.124142500924 51.6792981458143 51.2223660857334 50.9646336424858 48.8268510400921 47.8046207192472 46.2658466280188 44.8872099403971 44.3980623106273 43.884465790686 43.825792169466 43.3628758762024 42.8505507075264 42.4093090260342 41.75182966956 42.06630100979 42.101180866385 41.4367712831596 41.3374677839488 41.4669600468991 41.1762095740159 40.8368343374687 40.8715462514109 41.0087592304132 41.0163339963055 41.1451068546937 41.1499298776898 41.3351487535356 41.6930833138487 42.0114531800524 41.9328949156416 42.2613497945381 42.4220716262865 42.1112185245555
93.31999648209 89.0064828298608 85.5792723745068 82.4955925228834 79.0492607343718 75.7477835072702 72.4551006788975 69.6663614329752 64.441047556527 63.8973993917701 65.5537719216872 62.2828641011068 56.9634846365095 56.1912778472302 54.5699817274125 52.3595256536816 50.1987714194311 49.0944479443323 51.3540206469006 51.5510751799882 46.9777952347041 46.1485654867625 45.6433624746257 45.0204961132001 43.8288782692673 42.9951487201118 43.0210578372158 42.6199517163661 42.1243887069226 41.9826580113535 41.3219709157782 41.6160203755898 41.6216728472723 41.004820141833 40.8996998339584 41.0461405204296 40.9884404681511 40.9511017210183 40.4965788079962 40.6124109532744 40.5867076022066 40.8635305697742 41.2784803172368 40.9277203636595 41.1974455004545 41.4946294891771 41.5775693989301 41.9505992622111 42.2091803384829 42.4313467479413
91.2726499403491 87.253712089084 84.0616027095842 80.6778851531725 77.5530889229054 74.3395006041176 71.2191812395585 68.2025784366663 62.4202274925802 60.1765856062961 58.5002650897963 56.7532341655075 55.4423427512562 54.6144033002026 53.2193708315419 51.3626110452556 49.4999038057265 48.3278005029558 48.728224297015 50.0762077227679 46.39044966256 44.9799162732969 44.618676054665 44.9719925820266 42.9671945111577 42.5767724950336 42.4772045368842 41.9039803716394 41.7237946798901 41.6695455982727 40.899868417253 41.1926036947443 41.2787209516769 40.8085346656626 40.521555751096 40.7507396961249 40.9372659446199 40.6482834059125 40.3074975361631 40.340225896605 40.5922840138997 40.8126212672383 40.9645372008504 40.7469527526038 40.826155172194 41.2302228038253 41.6417284678753 41.9913778910196 42.1759207569192 42.4841410871168
89.4402111077761 85.5094581616715 81.8278358040449 78.5064536721473 75.5432965253147 72.3472378141197 69.4188034254131 66.5749364857645 60.6559886437206 58.8378179704152 57.3442560488974 55.5862136988232 54.1778824912438 53.2153810596591 51.7555377187416 50.1188089471674 49.0202416522813 47.6478648054299 46.8576176373294 47.0436882982318 45.2019500318274 44.2165882199479 43.9215948970171 43.9193405175356 42.3681265175119 42.1668544817201 42.0666364817535 41.4925933761787 41.3112817363715 41.3172608199739 40.5486482501137 40.8210914152678 40.9191559158757 40.5470633369853 40.1137942759254 40.3723581384377 40.5240982879787 40.4679781058958 40.5476634986644 40.2943719614348 40.2230698568272 40.443739939291 40.74846579772 40.9949794837389 41.0836421223409 41.2976426652217 41.6860057339069 41.8539855452177 41.7096036501331 42.0651086306851
86.0566653881313 82.2197697047024 78.5758107594535 75.2191554760605 71.5611812634512 68.6244641584631 66.3554159946654 63.4512392777854 57.3806995329461 55.5372591818351 54.1130387697418 53.382865858572 52.5053333135356 51.1618733263937 49.6409757893178 -9999 47.0645015591527 46.1299544560657 -9999 43.8061057371364 43.2544334804508 42.6062491065468 42.3950049499358 42.2220384386264 41.5494468901586 41.3216805642745 41.3255560535598 40.838555763385 40.5231017740601 40.5707909415802 40.2858211019675 40.0194699565385 40.1633450031126 40.0280519217288 40.0808000617118 39.8599777979258 39.8648821147803 40.0204569527419 39.9643590228441 40.1053719654487 40.1189784414949 40.2725550940868 40.7594892840848 40.6910710875841 41.0289145162061 -9999 40.8266766522682 41.3420265996157 41.5097950947037 41.395777013948
84.8390111211118 81.307760812598 77.0825132083437 73.4408000650426 69.9154353852522 66.7062159935843 64.3990476159841 61.6662009734391 56.1221903432639 54.2972300431794 53.0737728465517 51.9423079363458 50.8709792324868 50.0164049683247 48.5380674010471 47.4163656180615 46.5739930998981 45.6294656327361 44.6499810924297 43.2819461426782 42.5531822926548 42.1577558919222 41.9615739009796 41.8125441038571 41.1354316963034 40.866121265721 40.7453115850753 40.5959868082199 40.127306306957 40.1728353891183 40.0600846020954 39.6868678227526 39.947153303442 39.9974193804326 39.8027376160694 39.6838064540598 39.5046342884633 39.7354303080932 40.0464649656066 40.2466521135023 40.3209933369524 40.0942562868652 40.3998361083446 40.3356386824231 40.7329087018568 41.0280965454028 41.0300235672556 41.1984482715889 41.3165945729147 40.9280941416219
83.3272221796884 79.5344242216863 75.5356985928115 71.6685317625586 68.2609564628509 65.2440743552905 62.4720892742811 59.6645077187713 54.9471429893239 53.1465000552861 51.9481773447164 50.7816847732145 49.7147836732008 48.9504889714504 47.74055006439 46.8778837105004 46.1796451359144 45.234406716047 44.2595191233456 42.6054709278602 42.0368752864252 41.4836344280569 41.5798376044057 41.3660275086837 40.6030545354171 40.48187939291 40.3577529432607 40.2267923617007 39.7865091030684 39.7818868280135 39.8639939250222 39.9367764995556 39.9026887914078 39.6131525549215 39.5316931524105 39.6677453168704 39.7017028237414 39.8008981541044 39.9594559768969 39.8997684223411 40.0332312379807 -9999 40.092194860492 40.4157185418337 40.7892250573724 41.0703679859065 41.2033959768038 41.0412341489656 40.6543981017774 40.4509722728462
81.5613530659046 77.6235759407458 73.9085748574688 70.2345598081755 66.5772503033571 63.8343357860006 60.9121083932489 57.8908878036133 53.70039219199 51.874700962323 50.4988478234693 49.8788178821986 49.2464808541338 48.4128326705117 47.3463215469312 46.7470337218429 46.3306241375498 44.8730196384229 43.9377758379936 42.4162382982028 42.0087798335344 41.1466820676963 41.0551861040032 40.7161264636826 40.3681108047976 40.08330276074 39.9340631696555 39.9070476760899 39.5704603774998 39.5833325038677 39.6055774347837 39.8126193265704 39.6642405642337 39.3506880945901 39.6262715583199 39.6854448957066 39.5367403312316 39.6111050359034 39.5626676429876 39.5853121277704 39.8674836631825 -9999 -9999 40.4857516554857 40.7899495545446 40.8916324882803 40.6903772431734 40.379909611467 40.0926246453519 40.1069977806646
79.9423042637811 76.2930471270562 72.3763859657585 69.1167651645524 65.7418247668531 62.7074531836627 59.7924293960462 56.7807628317842 -9999 -9999 49.9318501180081 49.4019698629127 48.5284903333057 47.6386488278793 46.6710887918401 46.321193685601 47.1363396368077 45.7550281723483 43.5647436147677 42.3971278992131 41.9138190164787 41.3132478712575 40.7299534619076 40.4694969934457 40.3498092519232 39.8556153956342 39.5775626698734 39.7600667004042 39.6992843111803 39.3738376940015 39.2909667730697 39.5370875856504 39.6275638463604 39.6093575996397 39.6105953649196 39.3600477396507 39.2702666015486 39.5094147933212 39.5126063607168 39.6779656593593 39.9574585877767 40.2219644721646 -9999 40.4977391330651 39.9197544065947 39.999523639044 39.7947644454396 39.6366820894961 39.8122855898049 39.84644583307
79.1520744587425 75.4367668062797 71.6802150116539 68.0675318087214 64.8641826301088 61.8688914602355 58.9588242457407 55.9523849833289 52.1622424409748 50.5116196612851 49.4893125103784 48.6387198169915 47.3227739966547 46.3785429335765 45.674768946267 45.2479756365539 46.4669986218455 46.5674529603156 43.5923280572386 42.0376153611925 41.6343663492168 41.1583376138103 40.555887813053 40.4606809879867 40.112003702297 39.8832369555962 39.6950716192363 39.4113106762932 39.4366196047173 39.2282215184955 39.3797157116833 39.6129180470964 39.7540818697491 39.5689186294781 39.4539983646912 39.1764224120794 39.4296939785356 39.6680552056132 39.8147428643606 39.9193860267909 40.1615980662647 40.2051021439235 40.191587367706 39.8918950291147 39.2843321148673 39.391259517504 39.3721539400514 39.5442064177195 39.6338610669677 39.4480263958266
78.4972484647421 74.3062848385544 70.6621874658733 67.2071576291657 63.9892729819207 61.043366854536 58.3148575902941 55.6941904634909 51.7988566199846 50.1459678177447 48.9727095658621 47.8366809094913 46.6666951147208 45.8692741390483 45.0233791056412 44.6023326899846 45.0240814089904 45.2688034436742 43.5454610606251 41.6838105348866 41.2630165015535 40.8216026322173 40.3639127188891 40.1701815952656 39.9611150367971 39.9903785100523 39.588153548354 39.2106262856891 39.2575438749549 39.4042730325651 39.1570072882485 39.2558029347391 39.4690497176629 39.3755598630442 39.4761785178378 39.4659046822869 39.5936707573036 39.7705104933197 39.9520630112019 40.072229726537 40.0429447016017 39.9749827414838 39.3719592073106 39.2668639143213 39.4318211518673 39.5422757890391 39.4702882430123 39.3667900944303 39.1798227371936 39.0847234320133
77.1503206186479 73.3482172074729 69.6878725128368 66.5491665963055 63.4700921613515 60.2317673048462 57.6653740196264 55.2702447692622 51.3474420540905 49.8494820408124 48.6046940557853 47.3901949554413 46.3702226539771 45.5557366002713 44.6691075855075 44.2361128404392 44.2229992411682 -9999 43.3987878212753 41.541357509126 40.9604509903185 40.5590760601672 40.2817059278898 40.1704033309932 40.0145549939125 39.7057541967269 39.4810597661282 39.5420916484211 39.4084846527698 39.1123882947381 39.0178051756102 39.0879695075556 39.206638126966 39.4333748146092 39.6480959246512 39.7742688621606 39.8046134542202 39.7652427713832 39.6305243935217 39.7332670347406 39.6043241466257 39.4648934596134 39.0147536910025 39.175192758949 39.3399652477486 39.5088738595739 39.5374383479335 39.1075780344903 38.819224325508 38.9963058159217
75.8363682330541 72.6968408558463 69.1725041798736 65.7395290818072 62.6648271027565 59.6121883505696 57.356115275622 54.9410628467252 51.2711091014089 49.7720698634916 48.4537271637932 47.1755682449613 46.2245720104282 45.3180350073008 44.4630850678393 43.7581280502529 43.426604342652 44.1515095575184 45.1137128627869 41.5976744762678 41.1314125223462 40.4766087682157 40.5498328813296 40.4558506876339 39.9288091237214 39.547931957625 39.6127275325626 39.5913251845364 39.2809018190143 38.9712249338798 39.2005085692213 39.4233447109674 39.5196052020413 39.6509903990729 39.6512599303438 39.505638004406 39.633598718028 39.6057450859728 39.447252492744 39.4491900353224 -9999 39.0800480598916 39.1613295168627 39.2650450259627 39.1624299414933 39.0586886083682 39.1463816784846 38.9945417285754 38.9254070301802 38.9087489829364
75.5143284016509 72.2274298189242 68.5339491832797 65.2347358375587 62.0316366441482 59.2980186977802 57.1622245863653 54.9544994773111 51.0743800581461 49.7085108918325 48.3952934006747 47.1132182587576 46.1597649179559 45.2540221403217 44.3975142003264 43.6300916652591 43.1608040025324 43.8993685476991 44.9488445416057 41.6851386388509 41.2201863360699 40.8713577355069 40.7325044182923 40.3001997342236 39.9848651180892 39.7700578384219 39.4846433469131 39.293756264548 39.1267909953221 39.3116497638532 39.3834976673768 39.5869539947679 39.6867298282172 39.5728902956827 39.5125214074234 39.2008122064153 39.346651270701 39.5113121786513 39.6452696261751 39.5320901857796 39.270880706443 38.989983415366 39.3046809910587 39.3241289956836 38.9000706598778 38.6186216735546 38.7895191910891 38.9641229559419 39.0850459197723 39.0761981586117
75.1846753845249 72.000250657398 68.3850223250586 64.9310342387866 61.7701470420205 58.9584545535617 56.6684854446821 54.4651055121945 51.042561150451 49.6996564458208 48.3397596649635 47.0634603406522 46.1123017053623 45.1401783882598 44.2165192559087 43.713306698985 43.5470918372626 43.3534372160937 42.7933046751271 41.8981773369165 41.1318907854262 41.0579894875399 40.6784741294043 40.3029837736966 40.074420877987 39.7120664787717 39.4189871932454 39.3441121854985 39.4101437470077 39.5079279700975 39.6659692661263 39.4344143540258 39.3424735832804 39.3166780404225 39.4551398751932 39.4314762723673 39.5027720742031 39.4741213037868 39.521842277336 39.3170743004556 39.1483220933638 39.1313974689211 39.2153481529343 39.2073219483889 38.7842461045978 38.7745075999915 38.8894507066098 38.8769942001493 39.0547165005684 39.1326955461777
73.5404213476828 70.4756475031134 67.6707863077476 64.6367144032009 61.209732958403 58.5305341486257 56.1829180595545 54.3300917868208 51.1921398145823 49.9847200237112 48.4675838837168 47.4320018885204 46.270036910555 45.0881378566122 44.5991993000712 43.9823714342243 43.3752602512883 43.0161301541132 42.5452720629119 41.7872747057063 41.2996397757792 40.8434413404567 40.9191016140615 40.7697186148504 40.3879993974882 40.0990243053784 40.0013968070191 39.9008110609203 39.9660217212303 40.0323704484884 39.5651122232691 39.4447420222508 39.5496369834573 39.6029331531883 39.5068088282358 39.4730609291931 39.6019229895742 39.6791894074556 39.4769332887254 39.0496804844473 39.0310307280603 39.1838255736983 39.3611075718854 39.0022079353282 38.8496721042808 38.8396662845661 38.9100106037025 38.6921343588688 38.502086901299 37.9324475590035
72.7555995822148 70.2751068717138 67.5796657075969 64.6686635382922 61.5288810507461 58.6723134936064 56.4542906732024 54.3099469099596 51.5126117157591 50.0696734613657 48.6356996807578 47.4176861093307 46.4702568852297 45.6306260672006 44.8424614790851 44.0520467173853 43.6420707483422 42.9105780283562 42.4454446706434 41.7110259504928 41.3923303882701 41.221582287259 41.1493425561603 40.6814129194736 40.4061431672855 40.3014679923712 40.2894778086968 40.2046007035556 40.1458964216582 39.8334147375394 39.8572034912987 39.5676262470937 39.6154323137178 39.57464955466 39.6349564471372 39.601725918358 39.6745152113674 39.5597892771848 39.3557337111068 39.1872607677807 39.1707145847473 39.267947801815 39.2464612212821 38.8858809528441 38.9993468206784 38.9368690048998 38.7233776480219 38.2295155340957 38.2447049889973 37.8245525975488
72.1398662106131 70.2049699256194 67.3693253914889 64.6971928310442 61.9792330241283 59.1133409979464 56.7426631428625 54.4614244494184 51.509039844529 50.0611510098693 48.6352716056752 47.4189274377143 46.6280615232906 46.0265675812484 45.1359760241462 44.3776939643609 43.6580315152475 43.053328524795 42.6627708602957 41.722265593062 41.6790140899819 41.4780585227291 41.1217940266509 40.7951759796751 40.8577089895665 40.7472832624234 40.6153786405291 40.220726117422 40.1002627215267 39.8976272207113 39.756925470397 39.693566853341 39.7417517118001 39.7007192834265 39.7629393528997 39.732360314154 39.8060518070519 39.5457409369177 39.0150101969273 39.1597392787619 39.3100072236408 39.4088534471823 39.3357161580268 38.8015678362541 38.9708213359119 39.0882948015475 38.8803424234498 38.3320097023857 38.1607220105418 37.7967914936578
