rcp8.5models/CNRM-CM5/sc1gr1.37
NCOLS 261 
NROWS 433 
XLLCORNER 336357.134 
YLLCORNER 654653.479 
CELLSIZE 1000 
NODATA_value -3.4e+38 
[rows 88 to 109 of 433, columns 49 to 97 of 261]
-3.4e+38 -3.4e+38 -3.4e+38 -3.4e+38 -3.4e+38 -3.4e+38 -3.4e+38 -3.4e+38 -3.4e+38 -3.4e+38 53.9648666381836 -3.4e+38 53.7552833557129 53.6057434082031 53.5192718505859 53.7988586425781 53.9281845092773 53.500919342041 53.7502632141113 53.7056465148926 54.179573059082 54.2770042419434 54.08740234375 54.4247360229492 54.3457870483398 54.6577491760254 54.347957611084 54.5366249084473 54.5363426208496 54.9516258239746 54.991756439209 55.1777610778809 -3.4e+38 54.8187255859375 55.0237922668457 55.1249046325684 55.2126579284668 55.1941261291504 55.3810501098633 55.524299621582 55.719898223877 55.9231986999512 56.3121452331543 56.6042518615723 55.8565444946289 56.1066398620605 55.7572822570801 56.019660949707 56.0724449157715
-3.4e+38 -3.4e+38 -3.4e+38 -3.4e+38 -3.4e+38 -3.4e+38 -3.4e+38 -3.4e+38 -3.4e+38 -3.4e+38 53.9972343444824 53.4828567504883 53.5228157043457 53.6789627075195 53.7819137573242 53.8932609558105 54.0156517028809 53.5441627502441 54.0654563903809 54.0325622558594 54.0823783874512 54.1792297363281 53.9603691101074 54.536018371582 54.6558685302734 54.5151214599609 54.4072875976562 54.7396469116211 54.8569793701172 55.0327491760254 55.1633758544922 55.389575958252 55.3084182739258 55.1933670043945 55.285343170166 55.395866394043 55.3944702148438 55.5337562561035 55.5528335571289 55.6060905456543 55.7834205627441 55.9857406616211 56.0631332397461 56.1727104187012 55.8700561523438 55.9044418334961 56.0019912719727 56.2692565917969 56.404426574707
-3.4e+38 -3.4e+38 -3.4e+38 -3.4e+38 -3.4e+38 -3.4e+38 -3.4e+38 -3.4e+38 -3.4e+38 -3.4e+38 53.7431945800781 53.4228248596191 53.5050659179688 53.8262214660645 53.9441795349121 53.7118453979492 53.8221855163574 53.6516151428223 54.2496528625488 54.4714469909668 54.2867813110352 54.1742782592773 54.0893020629883 54.4209518432617 54.7333374023438 54.4328193664551 54.9100723266602 54.9417839050293 55.127140045166 55.2484321594238 55.3576622009277 55.262020111084 55.4511909484863 55.4206619262695 55.4185028076172 55.3712005615234 55.4342041015625 55.7156295776367 55.6611557006836 55.7495803833008 55.7917060852051 56.0422286987305 55.9839706420898 55.862735748291 55.9352073669434 56.2548484802246 56.6455268859863 56.454273223877 56.7651176452637
-3.4e+38 -3.4e+38 -3.4e+38 -3.4e+38 -3.4e+38 -3.4e+38 -3.4e+38 -3.4e+38 -3.4e+38 53.1426048278809 53.384895324707 53.5990295410156 53.8515701293945 53.9339981079102 53.7928428649902 53.2574348449707 53.7874794006348 54.0536155700684 54.5537452697754 54.4170455932617 54.2856750488281 54.5229644775391 54.2667198181152 54.5036582946777 54.7628479003906 54.6269302368164 54.8365745544434 55.3871269226074 55.053840637207 55.1100234985352 55.3340339660645 55.5939636230469 55.6193618774414 55.535041809082 55.8710060119629 55.8371849060059 55.7765464782715 56.1984481811523 55.8585472106934 56.1841506958008 56.1642684936523 56.2010650634766 55.7756271362305 56.029052734375 56.6705627441406 56.6258773803711 56.9015655517578 56.9759330749512 56.5972671508789
-3.4e+38 -3.4e+38 -3.4e+38 -3.4e+38 -3.4e+38 -3.4e+38 -3.4e+38 -3.4e+38 52.9651756286621 53.2087860107422 53.5703659057617 53.7969398498535 54.0701599121094 54.0369873046875 53.375057220459 53.4204139709473 53.9109077453613 54.1632690429688 54.491268157959 54.5665054321289 54.4505233764648 54.6603622436523 54.7057991027832 54.7385902404785 54.9963760375977 54.8615341186523 55.3449630737305 55.4473762512207 55.2027893066406 54.9367141723633 55.575496673584 55.6628761291504 55.6730575561523 55.9879684448242 55.9530868530273 56.0376625061035 55.9049873352051 56.0377655029297 56.0487365722656 56.2299995422363 56.0816497802734 56.1127433776855 56.0090179443359 56.5814399719238 56.7332458496094 56.7843894958496 56.4666938781738 56.8609275817871 56.6074066162109
-3.4e+38 -3.4e+38 -3.4e+38 -3.4e+38 -3.4e+38 53.332878112793 53.7482223510742 53.3567581176758 -3.4e+38 53.4695777893066 53.6867866516113 53.8866271972656 54.2645988464355 54.1595802307129 53.3901062011719 53.5780754089355 54.3747062683105 -3.4e+38 -3.4e+38 54.7757568359375 54.5876083374023 54.8756980895996 54.836612701416 54.7212333679199 -3.4e+38 55.0189781188965 55.4439659118652 55.238151550293 55.4060478210449 55.176383972168 55.8707313537598 55.9124069213867 55.7003555297852 56.2561187744141 55.8558731079102 56.3008575439453 56.0952682495117 56.0074501037598 56.3696899414062 56.3489608764648 56.0354309082031 56.4506530761719 56.7098083496094 56.6259613037109 56.5390701293945 56.9824562072754 56.7151336669922 57.0511589050293 56.7374725341797
-3.4e+38 -3.4e+38 -3.4e+38 -3.4e+38 53.1731262207031 -3.4e+38 53.9972839355469 53.1164703369141 53.2208023071289 53.6555557250977 53.7917442321777 53.9352149963379 54.2732048034668 54.2766418457031 53.5276565551758 53.8512153625488 54.2706871032715 54.3165435791016 54.6277694702148 54.8641319274902 54.7524070739746 54.9854278564453 55.1701316833496 54.6104125976562 -3.4e+38 -3.4e+38 55.4531593322754 55.3907279968262 55.6550750732422 55.6256103515625 55.8064384460449 55.8443641662598 55.701343536377 56.0470123291016 55.9485130310059 56.2951774597168 56.2869682312012 56.1022682189941 56.3728332519531 56.2685852050781 56.2643089294434 56.5946235656738 56.8401336669922 56.9651985168457 56.528491973877 56.5880165100098 56.8551864624023 56.8144607543945 56.8723793029785
-3.4e+38 -3.4e+38 -3.4e+38 -3.4e+38 53.3975410461426 53.9275856018066 53.8717613220215 53.1981010437012 53.4691619873047 53.7843780517578 53.9145469665527 54.1958045959473 54.2947082519531 54.0562629699707 53.7909507751465 54.3721237182617 54.3389358520508 54.3153190612793 54.5881233215332 54.7780990600586 54.9395637512207 54.5283470153809 54.9580192565918 55.2747268676758 55.4763298034668 55.5549125671387 -3.4e+38 55.4695777893066 55.5034027099609 55.9900436401367 55.7529640197754 56.1460571289062 56.0072593688965 55.7721748352051 56.2699165344238 56.0307998657227 56.3224945068359 56.6157264709473 56.3990669250488 56.428165435791 56.5919799804688 56.8638458251953 56.5969848632812 56.9322891235352 56.5104713439941 56.4653587341309 56.837043762207 56.768627166748 57.270076751709
-3.4e+38 52.7681198120117 53.0352249145508 53.195972442627 53.7301940917969 54.140998840332 53.5460662841797 53.358283996582 53.687557220459 53.8584747314453 54.0357627868652 54.143238067627 54.1035308837891 53.8540382385254 54.0680885314941 54.736873626709 54.7082290649414 54.5875701904297 54.6269721984863 55.0169563293457 54.5247268676758 54.6453323364258 55.1890411376953 54.9761695861816 55.2852096557617 55.5151329040527 55.4527893066406 55.7218780517578 55.5545272827148 55.8723526000977 56.1007614135742 56.0696067810059 56.169490814209 55.9982299804688 56.2671394348145 55.9585075378418 56.5618896484375 56.5751609802246 56.2777900695801 56.6544456481934 56.5892143249512 56.8677062988281 56.4586181640625 56.5266189575195 56.848934173584 56.7477989196777 57.1669120788574 56.9256553649902 57.4614791870117
53.2708625793457 52.9438552856445 53.2450294494629 53.6227569580078 54.0975570678711 53.6513214111328 53.5681495666504 53.5367050170898 53.8336868286133 53.9624214172363 54.317512512207 54.0463829040527 53.7702102661133 53.9432792663574 54.3319778442383 54.9546508789062 54.6792755126953 54.6659889221191 54.9949760437012 54.8904991149902 54.8712348937988 55.3408279418945 55.5916213989258 54.967716217041 55.218074798584 55.4678077697754 55.4802627563477 55.6152496337891 55.755298614502 55.9607582092285 55.964656829834 56.392463684082 56.2461051940918 56.238338470459 56.3296279907227 56.3551483154297 56.3853225708008 56.3408660888672 56.4656181335449 56.787784576416 56.6761436462402 56.6690635681152 56.7136154174805 56.5920028686523 56.8983459472656 56.8724365234375 57.2489967346191 57.366813659668 57.2311592102051
53.0285568237305 52.8856353759766 53.2158393859863 53.6499862670898 53.6294403076172 53.4080009460449 53.2464828491211 53.7937088012695 53.9622497558594 54.2454643249512 54.6136054992676 54.1197738647461 53.7555465698242 54.5752372741699 54.7897338867188 54.9151840209961 55.0352935791016 54.5618209838867 54.8396797180176 55.0123977661133 55.244026184082 55.6163101196289 55.7725715637207 55.2589454650879 55.1333236694336 55.4384460449219 55.8969764709473 55.9820671081543 55.8898315429688 55.960578918457 56.1153106689453 55.9656791687012 56.1589622497559 56.5040092468262 56.2473373413086 56.2643394470215 56.5195045471191 56.6159133911133 56.7603607177734 56.903434753418 56.8548583984375 56.5531692504883 56.7196960449219 56.7737350463867 56.9319534301758 57.1758689880371 57.6752738952637 57.5808944702148 57.0409393310547
52.9158020019531 53.0469131469727 53.5563850402832 53.777660369873 53.4709243774414 53.5355949401855 53.367847442627 53.9639167785645 54.1408653259277 54.5918731689453 54.25390625 54.2810134887695 54.2648773193359 54.8505325317383 54.843563079834 55.0088806152344 54.6741218566895 54.8528251647949 55.2728958129883 55.2930641174316 55.5746192932129 55.3830909729004 55.5616989135742 55.2016677856445 55.5024261474609 55.4701690673828 55.9116706848145 56.0690689086914 56.0913314819336 56.112117767334 56.0962104797363 56.0455627441406 56.1170234680176 56.497501373291 56.4913940429688 56.3098526000977 56.659610748291 56.8413352966309 56.7912139892578 57.0570449829102 57.061450958252 56.9299011230469 56.7427597045898 56.8838996887207 57.0704193115234 57.0101509094238 57.5926513671875 57.1740760803223 56.8347930908203
53.1787147521973 53.3834419250488 53.6802253723145 53.5725135803223 53.5620269775391 53.4955062866211 53.6513061523438 54.1464576721191 54.4469375610352 54.1459732055664 54.2602195739746 54.3686065673828 54.4085998535156 54.480842590332 54.8823547363281 54.5795745849609 54.7316703796387 55.0772819519043 55.4130668640137 55.174015045166 55.4020652770996 55.3991355895996 55.4504890441895 55.2594566345215 55.4702529907227 55.6175727844238 55.5880279541016 55.9029998779297 55.9883689880371 56.0775909423828 56.1711349487305 56.2053565979004 56.2914123535156 56.6299438476562 56.6245613098145 56.7202568054199 56.6048431396484 56.8779144287109 56.950798034668 57.0840148925781 56.8202629089355 57.3175239562988 57.0363807678223 57.1328811645508 57.0894927978516 57.1023712158203 57.4304504394531 57.1174278259277 57.0828666687012
53.4258766174316 53.6285552978516 53.7211952209473 53.6258201599121 53.8479881286621 53.7213325500488 54.0870132446289 54.1569137573242 54.0983657836914 54.1689491271973 54.4211273193359 54.4422874450684 54.0644989013672 54.2762794494629 54.6345710754395 54.9474067687988 54.8841857910156 54.8632431030273 55.1718864440918 55.1204681396484 55.4963417053223 55.4517555236816 55.3120994567871 55.4856834411621 55.5251541137695 -3.4e+38 56.079174041748 55.7221717834473 56.0277824401855 56.1833915710449 56.5086479187012 56.540153503418 56.279541015625 56.6277732849121 56.4705467224121 56.761848449707 56.7720146179199 56.9623107910156 57.2819862365723 57.2021675109863 57.0888786315918 57.4091148376465 57.3176689147949 57.4070892333984 57.314811706543 57.5058250427246 57.4552345275879 57.3663177490234 57.4531860351562
53.6263732910156 53.7243461608887 53.7488021850586 53.9846115112305 54.2593650817871 53.9678344726562 54.2609214782715 53.8295822143555 54.1658401489258 54.4033966064453 54.5978775024414 54.2157783508301 54.0650100708008 54.2914276123047 54.6032257080078 54.9322052001953 55.0310554504395 54.8906707763672 55.0712814331055 55.3620376586914 55.7183876037598 55.2621459960938 55.3248062133789 55.5160331726074 56.187328338623 55.960521697998 56.1352195739746 55.8187484741211 56.0368843078613 56.4180564880371 56.4996948242188 56.6673851013184 56.2574043273926 56.565071105957 56.4679870605469 56.7415084838867 57.1025085449219 57.0041465759277 56.9531135559082 57.1222724914551 57.4949722290039 57.3085823059082 57.2318420410156 57.3896713256836 57.2357559204102 57.5002899169922 57.6131172180176 57.6813087463379 57.7846565246582
54.1087875366211 54.1569595336914 54.3858642578125 54.5511627197266 53.8458595275879 53.8876800537109 53.7892913818359 54.386890411377 54.6042137145996 54.8913421630859 54.7624549865723 55.0638999938965 54.6228103637695 55.0945930480957 55.3764343261719 55.3247756958008 55.1263465881348 54.9306526184082 54.9596366882324 55.676082611084 55.7603569030762 55.8170623779297 56.3282737731934 55.8761940002441 55.9426651000977 56.305061340332 56.0188064575195 56.131965637207 56.3608093261719 56.3773155212402 56.7661170959473 56.8725051879883 56.5692710876465 56.7616767883301 56.5792083740234 57.0869216918945 56.9161071777344 57.1717300415039 57.2794532775879 56.8972129821777 57.6242790222168 57.6549415588379 57.4829177856445 57.5607109069824 57.4445610046387 57.8186836242676 57.6947364807129 57.6874961853027 57.4473648071289
54.2275390625 54.3387184143066 54.553596496582 54.0285110473633 53.6405639648438 53.9783668518066 54.1228065490723 54.6079025268555 54.8545951843262 54.101245880127 54.9888763427734 54.6305809020996 54.6985855102539 55.4983825683594 55.4178352355957 55.1727752685547 55.2454795837402 55.0634803771973 55.1479339599609 55.6369552612305 55.5845069885254 55.7384605407715 56.5444831848145 55.6074600219727 55.9261283874512 56.2109489440918 56.3074798583984 56.3450660705566 56.2988166809082 56.3764381408691 56.9694061279297 56.7763938903809 56.837474822998 56.9650611877441 56.8530807495117 57.0244827270508 57.2605094909668 57.261661529541 57.4868240356445 57.083568572998 57.5093269348145 57.8681106567383 57.7124900817871 57.6977996826172 57.5453567504883 57.9880218505859 57.6796073913574 57.7393074035645 57.6799964904785
54.0480690002441 54.2272987365723 54.1821670532227 53.8283882141113 53.9552345275879 54.1518898010254 54.4713325500488 54.8607940673828 -3.4e+38 -3.4e+38 55.2919807434082 54.6737442016602 54.5442123413086 55.0355949401855 55.4382781982422 55.3037567138672 55.6580047607422 55.7402534484863 55.7031097412109 55.8922653198242 56.0037803649902 55.4594116210938 56.0299682617188 55.6418113708496 55.8924407958984 56.3075866699219 56.3220634460449 -3.4e+38 56.4839782714844 -3.4e+38 56.5921630859375 56.9035911560059 57.2533988952637 57.1208839416504 57.0191612243652 56.9692306518555 57.2364158630371 57.0401916503906 -3.4e+38 57.4959983825684 57.6322631835938 57.8830833435059 57.9673042297363 57.6981887817383 57.6145782470703 57.8476295471191 57.811164855957 57.8644332885742 58.1989898681641
54.2948188781738 54.1911239624023 53.890007019043 53.9662017822266 54.1763381958008 54.4574546813965 54.5853080749512 -3.4e+38 -3.4e+38 -3.4e+38 54.8435287475586 54.6194610595703 54.6713256835938 55.1022033691406 55.656436920166 55.2538871765137 55.5998573303223 55.7319946289062 55.4660949707031 55.9141159057617 56.0076026916504 55.6108551025391 56.0221214294434 55.8237380981445 56.0990676879883 56.462646484375 56.4663963317871 56.7492561340332 56.7240600585938 56.4812393188477 56.7802734375 56.9435882568359 57.185718536377 57.2067070007324 57.0291023254395 57.004768371582 57.1920051574707 57.3555603027344 57.6464958190918 57.8038711547852 57.5221710205078 57.714672088623 57.9901084899902 57.8708801269531 -3.4e+38 57.9012603759766 58.0086898803711 57.9063339233398 58.4341697692871
54.2444114685059 54.2833099365234 53.9823265075684 54.2160911560059 54.4639854431152 54.5904350280762 -3.4e+38 -3.4e+38 -3.4e+38 -3.4e+38 54.7649917602539 54.7472648620605 55.0847320556641 55.2513198852539 55.3521919250488 55.371452331543 55.4983711242676 55.628978729248 55.5025329589844 55.7996139526367 55.6660385131836 55.5330047607422 56.2223625183105 56.0529251098633 56.3523025512695 56.318473815918 56.4919738769531 56.5504379272461 56.5137634277344 56.8939514160156 57.1401901245117 57.1056365966797 57.1143264770508 57.1523666381836 57.0225296020508 57.3698883056641 57.5449256896973 57.3331108093262 58.0110054016113 57.626148223877 57.7268371582031 57.8423194885254 57.8651275634766 57.9218673706055 57.9648056030273 58.3454627990723 58.126537322998 57.9477844238281 58.4054336547852
53.9804611206055 54.1555824279785 54.3337326049805 54.5987319946289 54.8121376037598 54.9123077392578 -3.4e+38 -3.4e+38 -3.4e+38 -3.4e+38 54.6717300415039 54.8071937561035 55.3062324523926 55.3474197387695 55.2291221618652 55.532886505127 55.7707481384277 55.8563766479492 56.0904998779297 55.9357872009277 55.4721260070801 55.5651931762695 56.0362243652344 56.2509422302246 56.4335060119629 56.3996391296387 56.6196937561035 56.3861351013184 56.3328628540039 56.9413986206055 57.1014060974121 56.7652282714844 57.2485733032227 57.3128814697266 57.3358116149902 57.8826141357422 57.8566741943359 57.6488647460938 57.8824424743652 57.8492965698242 57.8238868713379 58.1178665161133 58.1128234863281 58.0323753356934 58.1824493408203 58.2997436523438 58.024227142334 58.1392631530762 58.0799865722656
54.2177581787109 54.4683113098145 54.5097198486328 54.6115646362305 54.8025054931641 54.9221801757812 55.114429473877 -3.4e+38 54.4895820617676 -3.4e+38 54.6996459960938 55.0364112854004 55.0932083129883 55.2853240966797 55.3296585083008 55.7954483032227 55.7940864562988 56.0248222351074 56.3903045654297 56.1812629699707 55.5182037353516 55.8796653747559 56.145809173584 56.3872375488281 56.4994239807129 56.3840789794922 56.6152763366699 56.6087684631348 56.446590423584 56.7539253234863 57.1941032409668 56.6048393249512 57.2306175231934 57.531364440918 57.5491638183594 57.778148651123 57.8532638549805 58.0212364196777 57.9812240600586 57.7951774597168 58.0454750061035 58.0453147888184 58.3978500366211 58.2650947570801 58.3881340026855 58.1452255249023 58.0723762512207 57.9554405212402 58.2555465698242
