rcp8.5models/CNRM-CM5/sc1gr6.35
NCOLS 261 
NROWS 433 
XLLCORNER 336357.134 
YLLCORNER 654653.479 
CELLSIZE 1000 
NODATA_value -9999 
[rows 352 to 373 of 433, columns 102 to 152 of 261]
3022.55737304688 3094.29711914062 3005.56689453125 2984.30639648438 2943.74731445312 2812.3125 2770.65844726562 2783.08935546875 2769.16772460938 2732.96606445312 2726.4091796875 2654.67138671875 2574.64184570312 2512.14624023438 2437.08178710938 2372.03076171875 2280.13891601562 -9999 2092.42407226562 1952.69555664062 1892.44311523438 1824.69409179688 1841.10571289062 1928.5048828125 1991.34790039062 1993.36376953125 1939.23352050781 1883.57409667969 1861.67102050781 1841.49951171875 1829.04602050781 1811.99328613281 1789.0205078125 1755.27551269531 1738.20092773438 1719.2236328125 1697.64758300781 1679.26745605469 1663.05822753906 -9999 -9999 1613.70336914062 1590.28894042969 1574.38366699219 1517.64208984375 1472.95178222656 1463.02124023438 1390.46313476562 1259.14343261719 1227.21899414062 1210.89782714844
2911.87036132812 3035.96459960938 2915.57958984375 2820.53930664062 2871.54223632812 2853.435546875 2771.55737304688 2699.03955078125 2686.3818359375 2685.556640625 2653.9580078125 2671.86376953125 2652.4091796875 2570.17919921875 2454.61181640625 2372.46166992188 2374.67236328125 2418.30053710938 2326.69360351562 2153.83959960938 2070.02124023438 1971.89428710938 1945.28991699219 1969.93676757812 1975.73706054688 1974.70593261719 1973.9599609375 1903.47253417969 1858.58984375 1843.82543945312 1814.78454589844 1799.5478515625 1781.31677246094 1749.72570800781 1734.974609375 1712.92822265625 1692.96057128906 1676.43115234375 -9999 -9999 -9999 1607.23889160156 1590.09399414062 1574.79931640625 1519.04553222656 1482.39489746094 1460.76965332031 1374.7294921875 1240.69519042969 1213.23217773438 1196.52709960938
2839.14306640625 2856.32543945312 2892.5712890625 2835.96313476562 2793.18579101562 2837.43627929688 2848.26684570312 2770.89770507812 2686.015625 2627.85546875 2568.95361328125 2578.22119140625 2607.521484375 2576.95849609375 2460.4970703125 2396.43139648438 2429.9365234375 2416.93139648438 2364.38647460938 2304.33349609375 2221.19995117188 2143.13891601562 2110.62182617188 2117.96875 2067.81494140625 2025.82067871094 2018.48266601562 1959.515625 1905.10229492188 1868.08825683594 1805.84509277344 1786.49011230469 1773.48657226562 1755.83959960938 1732.68017578125 1713.91552734375 1692.10571289062 1670.47045898438 -9999 1632.45959472656 1618.44262695312 1611.53564453125 1601.22607421875 1576.79064941406 1508.98791503906 1480.81201171875 1439.69641113281 1330.61010742188 1217.78100585938 1201.01940917969 1185.58764648438
2838.6640625 2737.27392578125 2827.03247070312 2910.27075195312 2884.6123046875 2785.19897460938 2733.09350585938 2755.109375 2755.32446289062 2700.04370117188 2542.36059570312 2506.6005859375 2492.59252929688 2524.38159179688 2520.8974609375 2468.72509765625 2420.60278320312 2344.4482421875 2332.86840820312 2330.85571289062 2263.8828125 2226.47924804688 2159.75537109375 2157.3369140625 2095.31079101562 2027.96850585938 2003.21728515625 1966.03393554688 1923.93603515625 1861.71630859375 1805.57043457031 1784.53295898438 1769.04565429688 1747.67919921875 1720.92541503906 1709.51794433594 1689.64819335938 1668.51953125 1649.732421875 1633.57556152344 1627.65979003906 1620.18090820312 1605.5810546875 1577.44287109375 1502.52868652344 1481.41979980469 1434.72033691406 1312.55395507812 1204.52185058594 1188.15270996094 1174.77258300781
2878.8271484375 2730.638671875 2706.19311523438 2770.56884765625 2868.10522460938 2824.95141601562 2663.490234375 2553.505859375 2613.75366210938 2721.78198242188 2577.3525390625 2503.10278320312 2446.44262695312 2451.65258789062 2469.03125 2433.86596679688 2361.50390625 2313.55004882812 2290.64672851562 2264.6708984375 2215.4580078125 2191.22045898438 2152.53662109375 2094.02783203125 2031.27087402344 1981.37658691406 1949.61560058594 1915.27966308594 1903.43969726562 1864.61450195312 1817.41723632812 1788.58630371094 1770.89233398438 1735.2255859375 1714.3876953125 1700.8671875 1681.58874511719 1665.5009765625 1649.56420898438 1639.04907226562 1628.25793457031 1605.80285644531 1584.544921875 1559.99572753906 1502.71484375 1485.24389648438 1402.50805664062 1260.37536621094 1193.11376953125 1176.61853027344 1163.41381835938
2873.52563476562 2788.4580078125 2802.3828125 2748.19140625 2714.90478515625 2791.595703125 2757.3876953125 2635.35620117188 2621.72192382812 2687.29833984375 2625.69384765625 2527.55737304688 2481.68627929688 2461.58813476562 2429.08447265625 2388.01806640625 2336.33837890625 2294.125 2249.80126953125 2209.45654296875 2169.36743164062 2137.96997070312 2131.3701171875 2083.30395507812 2046.27612304688 1990.734375 1928.31848144531 1904.80322265625 1892.12963867188 1876.24328613281 1840.26135253906 1801.78076171875 1772.65051269531 1745.79919433594 1712.89453125 1693.49011230469 1675.17663574219 1658.02038574219 1643.55029296875 1630.51684570312 1611.67077636719 1586.20886230469 1562.41381835938 1541.09265136719 1505.05297851562 1448.28527832031 1293.23901367188 1198.83728027344 1181.79699707031 1166.73779296875 1155.65258789062
2780.1201171875 2770.36157226562 2811.0517578125 2734.10717773438 2618.845703125 2667.73559570312 2703.08764648438 2739.67504882812 2766.27758789062 2705.50463867188 2622.7236328125 2538.14184570312 2488.45776367188 2456.60620117188 2429.12768554688 2405.7158203125 2370.15673828125 2300.6611328125 2218.09448242188 2195.7548828125 2182.19213867188 2160.50219726562 2155.07177734375 2126.64086914062 2092.40380859375 2006.53100585938 1920.68713378906 1916.99719238281 1908.26782226562 1872.06860351562 1840.57897949219 1801.181640625 1779.25317382812 1752.15551757812 1715.73608398438 1694.20764160156 1676.18127441406 1657.07470703125 1638.13037109375 1617.78491210938 1597.5751953125 1576.99169921875 1554.80712890625 1532.24853515625 1498.34106445312 1388.64123535156 1213.61987304688 1186.13098144531 1170.548828125 1158.267578125 1148.54553222656
2723.861328125 2684.61743164062 2708.61352539062 2727.32373046875 2655.27978515625 2616.62890625 2581.326171875 2626.01342773438 2715.115234375 2700.45971679688 2599.49951171875 2528.77978515625 2483.26416015625 2436.8896484375 2416.9130859375 2427.955078125 2391.11181640625 2294.14624023438 2211.58276367188 2197.28930664062 2188.64282226562 2193.49975585938 2159.939453125 2123.16796875 2078.189453125 1998.19885253906 1916.22631835938 1921.08032226562 1932.96752929688 1879.15014648438 1845.66125488281 1817.84875488281 1791.13171386719 1738.51489257812 1715.94763183594 1698.82983398438 1637.65734863281 1590.07458496094 1606.72741699219 1550.45617675781 1522.79077148438 1522.04284667969 1446.85412597656 1419.72143554688 1383.18579101562 1291.82690429688 1195.73034667969 1174.80346679688 1160.171875 1147.58325195312 1134.36730957031
2808.32299804688 2722.40844726562 2652.62084960938 2700.14526367188 2736.306640625 2684.07788085938 2651.71630859375 2628.89379882812 2597.55859375 2531.0400390625 2509.88818359375 2476.69946289062 2447.60717773438 2385.75512695312 2332.09375 2287.68017578125 2254.2470703125 2222.73852539062 2243.26635742188 2257.46875 2206.88842773438 2145.7373046875 2096.189453125 2081.21142578125 2059.11376953125 2015.72912597656 1947.19604492188 1929.27917480469 1929.85229492188 1900.06713867188 1868.48327636719 1827.26708984375 1782.58386230469 1722.53198242188 1639.38903808594 1561.60205078125 1516.97888183594 1457.93994140625 1414.48364257812 1380.19348144531 1351.55590820312 1321.923828125 1291.04272460938 1265.37158203125 1222.25622558594 1193.82678222656 1172.15466308594 1156.12292480469 1140.94848632812 1127.14050292969 1113.06591796875
2928.52709960938 2863.55444335938 2775.32836914062 2711.86767578125 2661.37841796875 2670.66552734375 2700.41650390625 2700.90893554688 2689.6455078125 2620.95288085938 2559.82495117188 2505.62670898438 2494.78466796875 2456.58471679688 2372.44506835938 2311.501953125 2282.6435546875 2248.69995117188 2240.32397460938 2237.00244140625 2229.38793945312 2189.21997070312 2109.01904296875 2075.99291992188 2046.07373046875 2011.15698242188 1963.23583984375 1902.39038085938 1880.31066894531 1885.80541992188 1853.33312988281 1828.34460449219 1793.00085449219 1738.10510253906 1679.46240234375 1610.63586425781 1552.09448242188 1467.79125976562 1418.40747070312 1387.79553222656 1362.58154296875 1323.0771484375 1286.52722167969 1255.68041992188 1204.84875488281 -9999 1161.10705566406 1145.47399902344 1131.67004394531 1119.58959960938 1103.34399414062
2915.98315429688 2926.85693359375 2882.1650390625 2811.76000976562 2747.62036132812 2745.65209960938 2760.642578125 2751.96997070312 2714.455078125 2680.84545898438 2615.24731445312 2539.95751953125 2499.26245117188 2494.208984375 2410.42553710938 2335.45922851562 2310.68237304688 2277.82666015625 2253.92895507812 2235.80224609375 2215.7265625 2179.2255859375 2123.83959960938 2082.845703125 2036.47583007812 1965.22619628906 1933.22204589844 1888.47338867188 1828.67797851562 1838.62036132812 1823.96215820312 1817.45922851562 1794.98364257812 1743.22302246094 1712.04699707031 1652.75305175781 1555.57458496094 1470.12878417969 1416.71362304688 1404.09216308594 1381.05029296875 1316.63330078125 1283.53942871094 1253.380859375 1196.40588378906 1170.4951171875 1149.01550292969 1132.64392089844 1120.63781738281 1106.80200195312 1090.11328125
2902.80322265625 2876.3984375 2818.91674804688 2819.1728515625 2821.62548828125 2785.63500976562 2741.56298828125 2732.3681640625 2709.09057617188 2677.5341796875 2603.4892578125 2527.4384765625 2479.42822265625 2488.34545898438 2432.10424804688 2348.53686523438 2303.01953125 2285.45874023438 2260.66088867188 2244.51586914062 2212.65258789062 2162.2626953125 2115.841796875 2076.77124023438 2008.30786132812 1915.44592285156 1865.22399902344 1835.669921875 1780.99328613281 1774.54602050781 1800.84387207031 1807.7412109375 1789.09887695312 1736.33129882812 1679.31030273438 1612.35961914062 1541.421875 1457.05810546875 1411.27087402344 1399.00305175781 1367.53625488281 1299.3935546875 1269.11669921875 1244.36669921875 1185.52551269531 1159.271484375 1139.23046875 1123.71716308594 1108.9951171875 1093.68774414062 1079.39953613281
2904.01538085938 2827.3671875 2787.22680664062 2782.62744140625 2768.84057617188 2765.13061523438 2744.177734375 2702.3056640625 2670.47192382812 2639.73071289062 2580.83203125 2545.00610351562 2512.00415039062 2490.015625 2446.41943359375 2372.31787109375 2301.73706054688 2265.21606445312 2241.2734375 2241.03051757812 2226.7880859375 2185.80322265625 2117.75830078125 2083.84301757812 2022.6826171875 1931.22265625 1847.13708496094 1793.37414550781 1734.70141601562 1716.16662597656 1726.53845214844 1755.36999511719 1783.28747558594 1738.16906738281 1638.92993164062 1527.63732910156 1505.3447265625 1449.29138183594 1403.2021484375 1373.09313964844 1330.68273925781 1285.5615234375 1251.50476074219 1224.67456054688 1170.1591796875 1147.56652832031 1130.56018066406 1115.80810546875 1099.95288085938 1085.01611328125 1069.43444824219
2905.06372070312 2829.52514648438 2790.44384765625 2792.759765625 2744.548828125 2674.45849609375 2689.48999023438 2703.53295898438 2662.90771484375 2617.76733398438 2544.62768554688 2530.18139648438 2521.47387695312 2488.21264648438 2447.451171875 2387.46850585938 2307.4296875 2256.01904296875 2243.57104492188 2228.09545898438 2210.35424804688 2186.509765625 2124.01977539062 2089.65625 2051.751953125 1963.28759765625 1864.24438476562 1810.986328125 1736.52294921875 1684.73303222656 1648.20056152344 1651.11657714844 1694.80456542969 1693.5390625 1580.17175292969 1457.80810546875 1453.30627441406 1438.02978515625 1381.53942871094 1349.04614257812 1305.22912597656 1270.33801269531 1234.14465332031 1205.32788085938 1154.69470214844 1136.06506347656 1121.01574707031 1107.03747558594 1093.75732421875 1079.08532714844 1061.15405273438
2912.42553710938 2853.20629882812 2777.134765625 2767.02905273438 2757.03979492188 2692.85595703125 2685.50122070312 2702.26684570312 2668.06225585938 2625.96533203125 2535.77661132812 2507.32861328125 2497.82885742188 2474.26489257812 2443.94946289062 2390.63110351562 2308.52294921875 2258.72875976562 2243.0087890625 2209.62622070312 2181.63110351562 2156.56787109375 2101.87573242188 2067.26098632812 2023.35668945312 1950.7958984375 1885.95751953125 1841.99072265625 1759.88134765625 1687.97570800781 1630.73303222656 1593.06799316406 1588.61083984375 1608.0771484375 1514.46301269531 1435.49731445312 1414.99536132812 1395.01586914062 1352.83618164062 1321.83471679688 1289.40063476562 1256.41748046875 1217.92150878906 1191.10803222656 1142.35986328125 1127.67529296875 1113.31994628906 1098.93762207031 1085.27514648438 1068.53588867188 1050.56604003906
2763.36547851562 2816.0380859375 2783.22534179688 2774.24365234375 2771.26318359375 2758.53515625 2730.81860351562 2692.79174804688 2646.8525390625 2619.27685546875 2542.56103515625 2493.35595703125 2465.92700195312 2451.91137695312 2437.58911132812 2393.66015625 2326.5537109375 2279.30883789062 2241.03100585938 2188.21655273438 2148.0009765625 2114.99926757812 2066.119140625 2029.76989746094 1978.65551757812 1931.3779296875 1883.89721679688 1840.57507324219 1769.89270019531 1710.11901855469 1649.517578125 1584.28955078125 1552.44970703125 1520.65600585938 1467.97424316406 1419.73413085938 1386.74267578125 1356.68273925781 1326.87719726562 1298.6171875 1270.30419921875 1238.654296875 1204.89477539062 1175.67407226562 1135.87451171875 1123.0556640625 1107.71081542969 1090.01245117188 1074.61291503906 1059.06286621094 1040.31762695312
2645.50634765625 2632.39331054688 2575.40161132812 2565.35229492188 2595.0537109375 2620.505859375 2644.00439453125 2668.81274414062 2652.43774414062 2619.009765625 2556.0185546875 2503.35229492188 2463.23315429688 2436.66162109375 2411.2587890625 2385.36401367188 2350.22192382812 2314.11279296875 2268.11279296875 2209.54907226562 2151.20629882812 2094.25366210938 2016.00061035156 1979.93688964844 1950.349609375 1918.64880371094 1876.04028320312 1831.79321289062 1764.04577636719 1727.22985839844 1670.0771484375 1585.95947265625 1544.79956054688 1466.2724609375 1434.5693359375 1402.76977539062 1371.50207519531 1339.66015625 1307.52673339844 1281.04577636719 1251.1787109375 1218.8828125 1189.76062011719 1161.58154296875 1131.64233398438 1116.4765625 1098.82348632812 1079.67565917969 1063.99291992188 1050.95544433594 1033.48669433594
2749.2509765625 2600.07250976562 2392.61889648438 2278.490234375 2278.76098632812 2329.66577148438 2365.22290039062 2397.400390625 2481.970703125 2526.353515625 2528.689453125 2517.60815429688 2484.87158203125 2445.1494140625 2402.04150390625 2374.93383789062 2346.91650390625 2317.91943359375 2285.76611328125 2240.92114257812 2181.712890625 2119.64697265625 1985.15014648438 1942.53210449219 1916.55249023438 1892.76953125 1860.97741699219 1816.85864257812 1756.57983398438 1729.37243652344 1674.44970703125 1595.94970703125 1570.88903808594 1471.56188964844 1428.5478515625 1392.42834472656 1359.23095703125 1328.31640625 1293.67614746094 1264.03063964844 1237.91259765625 1208.912109375 -9999 1151.19860839844 1127.23217773438 1106.48278808594 1086.51782226562 1070.60815429688 1057.63720703125 1044.34204101562 1026.63293457031
2805.75610351562 2755.1748046875 2596.38720703125 2404.19946289062 2214.96264648438 2164.42236328125 2158.99951171875 2139.60571289062 2193.54443359375 2231.34716796875 2376.66235351562 2428.12524414062 2436.09252929688 2428.97729492188 2414.14306640625 2385.88842773438 2349.60107421875 2309.82153320312 2275.73168945312 2246.98510742188 2197.24877929688 2137.25708007812 1995.36291503906 1956.05224609375 1918.70642089844 1873.13806152344 1825.65795898438 1783.47778320312 1736.47265625 1717.77307128906 1685.43017578125 1622.3203125 1600.16821289062 1480.62927246094 1428.478515625 1387.94616699219 1349.48254394531 1317 1282.72302246094 1249.79846191406 1223.50573730469 1198.833984375 -9999 1141.43139648438 1116.43811035156 1092.55590820312 1075.74169921875 1062.58666992188 1051.44897460938 1039.22888183594 1021.30053710938
2453.06689453125 2654.37084960938 2728.60327148438 2717.1650390625 2690.53002929688 2647.29565429688 2612.048828125 2582.873046875 2507.59057617188 2345.55395507812 2093.17700195312 1984.6474609375 2004.25500488281 2095.24169921875 2165.80810546875 2187.8330078125 2242.38598632812 2312.75219726562 2297.43994140625 2262.93359375 2223.6689453125 2181.783203125 2099.15087890625 2056.2587890625 2012.96520996094 1987.44067382812 1925.26196289062 1839.43322753906 1745.67150878906 1663.40283203125 1627.142578125 1587.51721191406 1548.97436523438 1514.97827148438 1493.44750976562 1406.57775878906 1342.37731933594 1302.68884277344 1265.37609863281 1239.748046875 1211.08557128906 1178.19995117188 1150.15197753906 -9999 1089.82385253906 1072.58923339844 1058.97973632812 1047.26403808594 1032.30126953125 1018.43933105469 1006.25604248047
2582.86157226562 2618.28393554688 2611.38720703125 2609.12158203125 2667.43212890625 2686.83374023438 2666.54248046875 2646.16577148438 2615.447265625 2555.30688476562 2345.01245117188 2139.36645507812 2028.41198730469 2001.20959472656 1999.81311035156 2005.37719726562 2105.27075195312 2256.61669921875 2256.29125976562 2193.12182617188 2168.43432617188 2163.31567382812 2066.76342773438 2066.31713867188 2062.09423828125 2044.43225097656 2000.68273925781 1934.58801269531 1840.99108886719 1753.07177734375 1679.41162109375 1578.02966308594 1515.76342773438 1561.35473632812 1581.74584960938 1472.51184082031 1343.80725097656 1291.37548828125 1258.78247070312 1232.82360839844 1201.23583984375 1169.63562011719 -9999 -9999 -9999 1065.19641113281 1051.19384765625 1036.09704589844 1021.69207763672 1010.34887695312 1000.59240722656
2733.64086914062 2639.49682617188 2548.64453125 2502.52856445312 2548.69946289062 2636.49291992188 2664.38891601562 2640.89819335938 2614.50732421875 2582.53662109375 2429.11474609375 2306.36743164062 2184.78295898438 2094.04077148438 2005.14392089844 1973.68310546875 1999.59228515625 2026.8330078125 2018.25695800781 1977.72827148438 2000.54943847656 2018.60681152344 1916.37670898438 1950.58911132812 1947.00451660156 1957.79809570312 1992.22607421875 1981.84802246094 1937.599609375 1887.3916015625 1808.73461914062 1635.21557617188 1479.76696777344 1621.80493164062 1676.21960449219 1553.61474609375 1369.57556152344 1284.48962402344 1247.77099609375 1218.85876464844 1186.58410644531 1156.93994140625 1135.41516113281 -9999 -9999 1054.63256835938 1038.55419921875 1023.72900390625 1013.00396728516 1004.95916748047 992.417785644531
