rcp8.5models/CNRM-CM5/sc1gr9.32
NCOLS 261 
NROWS 433 
XLLCORNER 336357.134 
YLLCORNER 654653.479 
CELLSIZE 1000 
NODATA_value -3.4e+38 
[rows 154 to 175 of 433, columns 49 to 97 of 261]
142.929748535156 144.184585571289 144.411071777344 145.623870849609 146.413711547852 146.986740112305 148.163665771484 150.436096191406 151.912582397461 152.066284179688 151.759170532227 152.435882568359 153.551254272461 154.429077148438 155.556365966797 155.551513671875 156.588027954102 157.856231689453 159.686752319336 160.351776123047 160.934509277344 161.820983886719 162.900634765625 164.1611328125 165.068954467773 166.884155273438 167.805252075195 168.129592895508 168.986267089844 170.433364868164 172.016693115234 172.622940063477 173.443359375 174.715606689453 175.379547119141 176.680938720703 177.598541259766 177.9228515625 178.723236083984 179.110870361328 179.13346862793 180.535934448242 180.388626098633 180.359741210938 181.240127563477 181.164642333984 181.314163208008 181.455902099609 181.589584350586
143.259567260742 144.782653808594 145.5009765625 146.008773803711 146.57600402832 147.760772705078 148.374771118164 150.633850097656 152.972961425781 152.025894165039 152.309326171875 153.435882568359 154.309387207031 154.763305664062 155.876770019531 156.080474853516 157.363998413086 158.269012451172 160.098999023438 160.578704833984 162.340698242188 162.369293212891 163.861068725586 165.325820922852 165.830825805664 167.711227416992 168.445861816406 169.276382446289 169.796600341797 171.518356323242 172.493698120117 173.109909057617 174.132400512695 175.052551269531 176.103317260742 177.050964355469 177.405136108398 177.851715087891 179.243896484375 179.796356201172 179.846145629883 181.195388793945 181.194290161133 181.330459594727 181.934112548828 181.892517089844 181.813430786133 181.956253051758 182.146881103516
144.115127563477 145.609069824219 145.933654785156 146.174118041992 147.391586303711 148.265899658203 149.14306640625 152.055053710938 153.237869262695 153.051818847656 153.869995117188 154.735015869141 155.168701171875 156.233245849609 156.668243408203 157.051330566406 158.551971435547 159.258331298828 161.107513427734 162.038955688477 163.202697753906 163.320541381836 164.947875976562 166.008178710938 167.125396728516 167.952407836914 169.185089111328 169.701263427734 -3.4e+38 171.892135620117 172.447631835938 173.724548339844 174.583587646484 175.37239074707 176.471374511719 176.880676269531 177.506500244141 178.596298217773 179.480133056641 180.661758422852 180.914505004883 182.389511108398 181.718521118164 181.888549804688 182.051559448242 182.172653198242 182.121856689453 182.036056518555 182.337677001953
146.37663269043 146.814178466797 147.028228759766 148.061462402344 148.668884277344 149.867630004883 150.674224853516 152.883255004883 154.2822265625 154.167755126953 154.7255859375 155.923538208008 156.447036743164 157.010543823242 157.280822753906 158.132202148438 159.169082641602 160.381439208984 162.281158447266 163.158920288086 164.106063842773 164.666625976562 165.324600219727 165.91130065918 167.421127319336 168.144424438477 169.6064453125 169.937240600586 170.843353271484 172.147613525391 173.25798034668 173.951614379883 174.508972167969 175.776733398438 176.548355102539 176.961883544922 178.384628295898 180.027008056641 180.93359375 181.867401123047 182.098129272461 183.309066772461 183.50227355957 183.669082641602 183.773468017578 183.698455810547 183.659790039062 182.997589111328 182.989898681641
147.885971069336 147.974670410156 148.118667602539 148.701309204102 149.783569335938 150.592742919922 151.009155273438 153.088073730469 154.808868408203 156.234359741211 155.947830200195 157.354187011719 157.098052978516 157.824996948242 158.093765258789 158.938629150391 159.929611206055 160.806198120117 162.82649230957 164.043716430664 164.55354309082 164.955581665039 165.543380737305 166.435470581055 167.523406982422 168.824417114258 169.965438842773 171.295394897461 171.2626953125 173.153625488281 173.815017700195 174.150207519531 175.056549072266 175.998687744141 176.660278320312 178.425643920898 179.494552612305 180.635284423828 181.723449707031 182.120391845703 182.675735473633 184.119445800781 184.621475219727 184.792922973633 184.922515869141 184.881332397461 184.710525512695 184.227966308594 183.398345947266
149.023498535156 148.400588989258 148.349166870117 149.645645141602 149.910140991211 150.999221801758 152.694519042969 154.519958496094 155.185302734375 156.387924194336 157.17497253418 157.806091308594 158.323043823242 158.933212280273 158.74267578125 160.580947875977 160.992568969727 161.059204101562 163.77897644043 165.213592529297 165.307510375977 165.013824462891 166.013687133789 167.080612182617 169.008941650391 170.049331665039 171.127670288086 172.221939086914 172.504287719727 174.206817626953 174.794677734375 175.617385864258 176.222854614258 176.996994018555 178.167785644531 179.270690917969 180.015930175781 181.023498535156 181.780197143555 182.190460205078 183.421264648438 184.575836181641 185.110092163086 185.806747436523 185.912200927734 185.749847412109 185.588516235352 185.761352539062 184.957077026367
150.108154296875 149.117767333984 149.757202148438 150.758987426758 151.688201904297 152.41389465332 153.048217773438 154.951690673828 155.552322387695 156.878158569336 158.304702758789 158.80126953125 159.244033813477 159.596389770508 160.192108154297 161.354766845703 161.663330078125 162.556610107422 -3.4e+38 165.832214355469 166.528610229492 166.525756835938 167.310638427734 167.966033935547 169.922607421875 171.194686889648 171.994110107422 172.549179077148 173.767669677734 174.960723876953 175.923980712891 176.50114440918 177.00016784668 177.627868652344 179.067932128906 179.434112548828 180.442718505859 181.287506103516 181.991012573242 182.881393432617 183.854965209961 185.285522460938 185.680877685547 186.232040405273 186.52995300293 186.285171508789 186.328353881836 186.516387939453 186.107406616211
151.330352783203 151.986740112305 150.240051269531 151.231918334961 152.095199584961 152.845352172852 154.088958740234 156.984313964844 157.692947387695 159.422836303711 159.187606811523 158.618347167969 158.708374023438 161.281799316406 160.373092651367 162.815841674805 160.611618041992 164.122436523438 165.369094848633 166.706771850586 167.189376831055 167.643112182617 169.073532104492 169.455505371094 170.557662963867 171.281661987305 172.151702880859 173.619110107422 174.212005615234 176.211456298828 176.582855224609 177.595169067383 178.361022949219 178.580505371094 179.073394775391 180.586227416992 181.295394897461 182.134170532227 182.876602172852 183.446258544922 183.89892578125 185.982223510742 186.939575195312 187.327606201172 187.778244018555 187.828842163086 187.993011474609 187.566360473633 187.105072021484
152.316528320312 151.936233520508 150.432815551758 151.336349487305 152.555389404297 154.47590637207 155.113357543945 157.454818725586 158.6767578125 159.491027832031 159.601409912109 159.576904296875 160.649291992188 162.57341003418 162.26530456543 163.770080566406 163.640716552734 165.055480957031 166.905151367188 167.564697265625 168.713073730469 169.06201171875 170.059661865234 170.950576782227 171.847198486328 172.264236450195 173.499954223633 174.315399169922 175.469009399414 177.710815429688 178.000183105469 178.605499267578 179.013977050781 178.559005737305 179.697296142578 180.800857543945 181.982070922852 182.497451782227 182.788116455078 183.536804199219 184.590301513672 186.168319702148 187.697189331055 188.512176513672 188.684341430664 188.028137207031 188.115753173828 187.998657226562 187.862838745117
152.594711303711 151.368667602539 152.006210327148 152.668823242188 153.261978149414 154.895126342773 155.515151977539 157.676834106445 159.041519165039 159.323944091797 159.579483032227 160.451782226562 161.732620239258 162.881072998047 163.520584106445 164.701705932617 165.155197143555 165.536483764648 167.519287109375 168.611968994141 169.286163330078 169.957641601562 171.162231445312 171.744506835938 172.474227905273 173.319366455078 174.134536743164 175.289947509766 176.27717590332 178.586791992188 178.869918823242 179.488342285156 180.208038330078 179.719482421875 180.236434936523 181.70866394043 183.11930847168 183.505859375 184.346160888672 184.192123413086 184.891647338867 187.497451782227 188.444152832031 189.069366455078 189.534072875977 189.320602416992 188.843566894531 188.644287109375 187.985198974609
151.686019897461 151.952850341797 152.711135864258 153.071975708008 154.12629699707 155.209777832031 157.181411743164 158.344329833984 158.904159545898 159.4384765625 160.175338745117 160.683334350586 161.591705322266 163.007217407227 164.204254150391 164.832763671875 165.404754638672 166.265106201172 167.580123901367 168.987915039062 169.394119262695 170.620864868164 171.305038452148 171.980590820312 173.182876586914 173.69091796875 174.179107666016 175.689208984375 176.503631591797 178.4453125 179.066162109375 180.019805908203 180.565765380859 180.838897705078 181.137313842773 182.140640258789 180.517562866211 181.736434936523 185.220275878906 185.288101196289 185.698272705078 188.279571533203 188.781784057617 189.720504760742 190.12353515625 190.582168579102 190.142913818359 189.299987792969 188.510147094727
151.657760620117 152.026306152344 152.681289672852 153.833770751953 155.443740844727 156.936264038086 157.90690612793 159.196228027344 159.745529174805 160.484802246094 160.418197631836 161.672439575195 162.852661132812 163.633224487305 165.057693481445 165.650039672852 166.60905456543 167.520843505859 168.995452880859 169.976867675781 170.857070922852 171.903335571289 172.937423706055 173.250946044922 173.440948486328 174.446548461914 174.821075439453 175.917694091797 177.146255493164 178.53205871582 179.724914550781 180.245010375977 180.500518798828 180.857116699219 181.359924316406 182.493896484375 181.778121948242 183.257720947266 184.686309814453 183.561172485352 186.300033569336 188.307510375977 188.789901733398 190.146530151367 190.342239379883 190.631362915039 190.424591064453 189.02848815918 188.167907714844
152.04948425293 152.940322875977 154.094467163086 155.040145874023 156.551422119141 157.820678710938 158.537567138672 159.238265991211 159.988967895508 161.141647338867 161.190826416016 162.426177978516 163.406387329102 164.516738891602 165.537963867188 166.709365844727 167.242813110352 168.083023071289 169.876983642578 171.066986083984 171.746536254883 173.024322509766 173.911560058594 174.239196777344 175.007888793945 175.648315429688 175.963027954102 -3.4e+38 178.253875732422 179.910614013672 180.479110717773 180.340423583984 180.562362670898 180.90559387207 181.800720214844 182.196212768555 181.294662475586 185.032470703125 184.984405517578 184.096206665039 184.627349853516 188.149261474609 188.794296264648 189.984268188477 190.359008789062 190.508514404297 190.297500610352 188.813217163086 187.75341796875
152.743759155273 154.028244018555 154.918899536133 156.078308105469 157.011703491211 158.236236572266 158.585571289062 159.364196777344 160.565521240234 161.309448242188 161.388885498047 162.680328369141 163.486297607422 164.866775512695 165.417053222656 166.84049987793 167.674072265625 169.634902954102 170.536743164062 171.204452514648 171.934753417969 173.365295410156 173.725891113281 174.213851928711 175.679626464844 176.277572631836 177.11457824707 177.819641113281 178.644882202148 180.684448242188 180.86555480957 181.065017700195 181.893295288086 181.585815429688 182.190322875977 182.459899902344 182.055572509766 184.882766723633 185.342010498047 185.597290039062 185.836853027344 188.018218994141 188.46549987793 189.337310791016 190.138290405273 189.933212280273 188.643951416016 188.145034790039 187.744995117188
153.665603637695 154.450561523438 155.107772827148 156.264282226562 157.6357421875 158.967224121094 159.257369995117 160.692306518555 160.63883972168 161.273620605469 162.076034545898 163.416442871094 163.320892333984 165.007400512695 167.009552001953 167.980346679688 169.104217529297 170.537582397461 170.645843505859 171.150970458984 171.756149291992 173.208206176758 173.802352905273 174.693740844727 175.725479125977 176.726165771484 177.514572143555 178.056838989258 179.201156616211 180.545379638672 181.13444519043 181.977874755859 182.547790527344 182.335815429688 182.405731201172 183.49267578125 183.809097290039 184.543029785156 185.158081054688 185.82063293457 187.021423339844 188.044158935547 188.246932983398 188.628448486328 188.945205688477 188.294052124023 187.549163818359 187.466094970703 187.404861450195
154.798812866211 155.214492797852 156.575225830078 157.10400390625 158.530166625977 159.299682617188 159.644302368164 161.193115234375 161.360214233398 161.837600708008 163.166625976562 164.122940063477 164.870300292969 165.742294311523 167.759887695312 169.187301635742 169.858383178711 171.022537231445 171.342849731445 171.858551025391 -3.4e+38 173.642211914062 174.426803588867 175.528503417969 176.374938964844 177.730209350586 178.318450927734 178.614120483398 179.590560913086 181.14811706543 181.814575195312 182.331985473633 182.555938720703 182.780899047852 183.307800292969 184.689880371094 184.745788574219 184.452590942383 185.040786743164 185.637725830078 186.896789550781 187.830474853516 188.05436706543 188.426559448242 188.476257324219 188.037002563477 187.294784545898 186.993377685547 186.665435791016
155.09114074707 156.124328613281 157.109039306641 158.134231567383 158.889801025391 159.177017211914 159.746856689453 161.243911743164 161.669784545898 162.743148803711 163.668762207031 164.609741210938 165.640045166016 166.951919555664 167.781463623047 169.263717651367 169.603424072266 170.594161987305 171.569839477539 172.244903564453 173.432678222656 174.056381225586 175.04670715332 176.000198364258 177.216445922852 177.944961547852 178.720718383789 179.74674987793 180.504028320312 182.143539428711 181.909225463867 182.193267822266 182.646942138672 183.027191162109 184.05143737793 184.980224609375 185.322540283203 185.208236694336 185.382781982422 185.299911499023 186.652374267578 187.447692871094 187.707214355469 188.211395263672 188.201583862305 187.577072143555 186.823593139648 186.199829101562 185.879638671875
156.686813354492 156.522003173828 157.350173950195 159.308334350586 159.815093994141 159.923004150391 160.144973754883 161.344940185547 163.037368774414 164.005447387695 165.180877685547 165.988006591797 166.960632324219 168.069213867188 169.115676879883 169.554840087891 169.467193603516 171.329071044922 171.634902954102 172.554077148438 -3.4e+38 173.967483520508 175.253479003906 175.884216308594 177.333190917969 178.019485473633 179.289627075195 180.205032348633 180.820098876953 182.455413818359 182.433364868164 182.097671508789 181.834426879883 180.497817993164 184.26838684082 184.871551513672 185.210571289062 185.411560058594 185.706283569336 186.441879272461 187.126678466797 187.067077636719 187.32568359375 187.826690673828 187.872650146484 187.251068115234 185.884765625 185.586380004883 185.359359741211
157.701797485352 158.054153442383 158.421295166016 159.481185913086 160.089004516602 160.761383056641 161.188613891602 162.647445678711 163.726516723633 164.239730834961 165.573196411133 166.083740234375 167.365875244141 168.1875 169.583160400391 169.978729248047 170.140716552734 171.627563476562 172.356048583984 172.539642333984 173.043884277344 173.664947509766 175.221130371094 176.356643676758 177.442108154297 178.651962280273 179.382476806641 180.167785644531 181.245651245117 182.448394775391 182.782211303711 183.026519775391 183.448776245117 182.794296264648 -3.4e+38 184.696365356445 185.122756958008 185.321166992188 185.689819335938 186.7060546875 187.486282348633 186.960159301758 187.157684326172 187.503143310547 187.798645019531 187.191909790039 185.446487426758 185.466186523438 185.178863525391
159.296310424805 160.001907348633 161.253051757812 161.423278808594 162.319580078125 163.162475585938 163.806381225586 164.317642211914 165.008209228516 164.825149536133 165.280532836914 165.952529907227 168.078125 169.265502929688 169.850402832031 169.949890136719 171.823104858398 171.702819824219 173.446624755859 173.508865356445 174.377471923828 175.923645019531 176.996475219727 177.836822509766 179.068695068359 179.847274780273 180.464691162109 181.667007446289 181.794158935547 182.197372436523 182.815612792969 184.089965820312 184.501617431641 184.369049072266 183.037185668945 184.781845092773 182.271438598633 185.068496704102 185.38948059082 -3.4e+38 186.377075195312 187.334884643555 186.763854980469 187.122406005859 187.264450073242 187.123474121094 186.138580322266 185.485916137695 184.846588134766
159.863235473633 160.685333251953 161.379760742188 161.550598144531 162.254943847656 163.394638061523 163.690811157227 165.094009399414 165.677459716797 165.572601318359 166.022872924805 167.158493041992 168.499740600586 169.842864990234 170.152969360352 170.575469970703 171.974487304688 172.119094848633 173.306793212891 173.609588623047 174.858535766602 175.933364868164 175.988143920898 173.230331420898 179.272872924805 179.697021484375 180.453094482422 180.663192749023 177.557281494141 182.720169067383 183.089065551758 183.926223754883 183.471099853516 181.291000366211 185.301971435547 184.190826416016 180.139221191406 185.470108032227 185.436218261719 185.974884033203 185.916473388672 185.837509155273 184.356399536133 187.162643432617 186.249862670898 186.289001464844 185.995422363281 185.668045043945 185.14697265625
161.08821105957 161.672149658203 161.923889160156 162.182235717773 162.187042236328 164.263000488281 164.18815612793 165.945495605469 165.587524414062 165.800109863281 166.473983764648 167.963516235352 169.165908813477 168.787185668945 164.987380981445 170.690017700195 171.731002807617 172.24787902832 173.766510009766 174.25895690918 175.643280029297 176.302429199219 177.262664794922 175.943222045898 178.569534301758 179.395294189453 180.279846191406 180.998428344727 179.358749389648 178.410232543945 183.954681396484 184.349945068359 184.217102050781 181.41455078125 181.316589355469 183.886367797852 180.035675048828 184.999618530273 182.020370483398 183.325790405273 185.742370605469 185.663726806641 184.156845092773 184.019668579102 186.514602661133 185.596008300781 185.676803588867 185.596954345703 185.351898193359
