rcp8.5models/CNRM-CM5/sc1gr3.31
NCOLS 261 
NROWS 433 
XLLCORNER 336357.134 
YLLCORNER 654653.479 
CELLSIZE 1000 
NODATA_value -3.4e+38 
[rows 44 to 65 of 433, columns 49 to 97 of 261]
-3.4e+38 -3.4e+38 -3.4e+38 -3.4e+38 -3.4e+38 -3.4e+38 -3.4e+38 -3.4e+38 -3.4e+38 -3.4e+38 -3.4e+38 -3.4e+38 -3.4e+38 -3.4e+38 -3.4e+38 -3.4e+38 -3.4e+38 -3.4e+38 -3.4e+38 -3.4e+38 -3.4e+38 273.251281738281 273.396942138672 -3.4e+38 -3.4e+38 272.960632324219 273.095947265625 273.391021728516 273.423095703125 273.424285888672 273.530792236328 273.587707519531 273.698577880859 -3.4e+38 -3.4e+38 273.478576660156 273.429229736328 273.426086425781 273.425994873047 273.318084716797 273.261077880859 273.478393554688 273.588043212891 273.590484619141 273.589874267578 273.589172363281 273.588409423828 273.697082519531 273.753295898438
-3.4e+38 -3.4e+38 -3.4e+38 -3.4e+38 -3.4e+38 -3.4e+38 -3.4e+38 -3.4e+38 -3.4e+38 -3.4e+38 -3.4e+38 -3.4e+38 -3.4e+38 -3.4e+38 -3.4e+38 -3.4e+38 -3.4e+38 -3.4e+38 -3.4e+38 273.708740234375 273.294738769531 272.963165283203 273.009216308594 273.06494140625 273.473907470703 273.315734863281 273.266448974609 273.264312744141 273.370971679688 273.585601806641 -3.4e+38 273.746032714844 -3.4e+38 273.535522460938 273.491088867188 273.438812255859 273.435852050781 273.435913085938 273.328063964844 273.271423339844 273.377288818359 273.597229003906 273.601470947266 273.601043701172 273.600494384766 273.599914550781 273.655364990234 273.265533447266 273.096893310547
-3.4e+38 -3.4e+38 -3.4e+38 -3.4e+38 -3.4e+38 -3.4e+38 -3.4e+38 -3.4e+38 -3.4e+38 -3.4e+38 -3.4e+38 -3.4e+38 -3.4e+38 -3.4e+38 -3.4e+38 -3.4e+38 -3.4e+38 -3.4e+38 273.498962402344 273.262969970703 273.111633300781 272.948974609375 272.929779052734 272.931030273438 273.061218261719 272.88671875 273.121368408203 273.045501708984 273.505279541016 273.600128173828 273.664642333984 273.764587402344 273.569732666016 273.554473876953 273.554504394531 273.446960449219 273.440673828125 273.332946777344 273.384552001953 273.386779785156 273.438842773438 273.496795654297 273.604278564453 273.606262207031 273.605773925781 273.605255126953 273.714324951172 273.160522460938 272.883453369141
-3.4e+38 -3.4e+38 -3.4e+38 -3.4e+38 -3.4e+38 -3.4e+38 -3.4e+38 -3.4e+38 -3.4e+38 -3.4e+38 -3.4e+38 -3.4e+38 -3.4e+38 -3.4e+38 -3.4e+38 -3.4e+38 273.402557373047 273.343658447266 273.104187011719 272.98779296875 273.082641601562 272.952453613281 272.933746337891 272.935028076172 272.936279296875 273.42236328125 273.035949707031 272.944183349609 273.122161865234 273.677673339844 273.772216796875 273.776763916016 273.621978759766 273.503845214844 -3.4e+38 273.448120117188 273.337677001953 273.389465332031 273.443542480469 273.44580078125 273.445739746094 273.120025634766 273.383850097656 273.608123779297 273.611053466797 273.391235351562 273.336486816406 273.108489990234 272.773742675781
-3.4e+38 -3.4e+38 -3.4e+38 -3.4e+38 -3.4e+38 -3.4e+38 -3.4e+38 -3.4e+38 -3.4e+38 -3.4e+38 -3.4e+38 -3.4e+38 273.725372314453 273.192504882812 273.275238037109 273.312835693359 273.125152587891 272.924682617188 273.048400878906 273.053375244141 272.990570068359 272.941833496094 272.937683105469 272.833435058594 272.822143554688 273.679077148438 273.023010253906 272.943725585938 273.157623291016 273.750671386719 273.780578613281 -3.4e+38 273.61865234375 273.566802978516 273.348449707031 273.336151123047 -3.4e+38 273.005554199219 273.216094970703 273.442810058594 273.233367919922 272.956634521484 272.950042724609 273.388977050781 272.956665039062 272.732055664062 272.675354003906 272.567108154297 272.778747558594
-3.4e+38 -3.4e+38 -3.4e+38 -3.4e+38 -3.4e+38 -3.4e+38 -3.4e+38 -3.4e+38 -3.4e+38 -3.4e+38 -3.4e+38 273.586029052734 273.728240966797 273.609436035156 273.061767578125 273.076538085938 -3.4e+38 272.932037353516 273.095977783203 273.103607177734 273.063903808594 272.953918457031 272.835968017578 272.781494140625 272.883697509766 273.161407470703 273.501617431641 273.319854736328 273.497009277344 273.201019287109 273.207550048828 273.162078857422 273.053192138672 -3.4e+38 272.837005615234 -3.4e+38 -3.4e+38 272.788421630859 272.892669677734 273.002410888672 -3.4e+38 272.845245361328 272.680236816406 272.952819824219 272.623870849609 272.564819335938 272.344299316406 272.507019042969 272.673858642578
-3.4e+38 -3.4e+38 -3.4e+38 -3.4e+38 -3.4e+38 -3.4e+38 -3.4e+38 -3.4e+38 -3.4e+38 -3.4e+38 -3.4e+38 273.589202880859 273.627746582031 -3.4e+38 273.660766601562 273.178894042969 272.928985595703 272.826110839844 273.105560302734 273.107330322266 273.003448486328 272.843627929688 272.784088134766 272.780303955078 272.931671142578 273.481506347656 273.761657714844 273.694641113281 273.518615722656 272.882598876953 272.840698242188 272.626892089844 -3.4e+38 272.742309570312 272.631561279297 -3.4e+38 272.412170410156 272.777740478516 272.793701171875 272.793884277344 273.118316650391 272.9033203125 272.631042480469 272.682342529297 272.626983642578 272.406219482422 271.744812011719 272.185424804688 271.970367431641
-3.4e+38 -3.4e+38 -3.4e+38 -3.4e+38 -3.4e+38 -3.4e+38 -3.4e+38 -3.4e+38 -3.4e+38 -3.4e+38 -3.4e+38 273.709777832031 273.717803955078 273.719696044922 -3.4e+38 273.218414306641 272.8154296875 272.772003173828 273.003723144531 273.096710205078 272.965301513672 272.799621582031 272.782745361328 272.890533447266 272.947631835938 273.176208496094 273.415863037109 273.546051025391 273.572631835938 272.853179931641 272.901336669922 272.705261230469 272.789276123047 272.688201904297 272.6328125 272.738983154297 272.64208984375 272.792083740234 272.798492431641 272.798736572266 272.905609130859 272.742126464844 272.633605957031 272.412445068359 271.861053466797 271.748016357422 -3.4e+38 271.744995117188 271.737915039062
-3.4e+38 -3.4e+38 -3.4e+38 -3.4e+38 -3.4e+38 -3.4e+38 -3.4e+38 -3.4e+38 -3.4e+38 -3.4e+38 -3.4e+38 273.762176513672 273.764343261719 273.766723632812 273.701995849609 273.185943603516 273.028564453125 272.806915283203 273.057495117188 273.003356933594 272.955169677734 272.9091796875 272.9052734375 273.056488037109 272.967651367188 272.957824707031 273.477294921875 273.573059082031 273.517181396484 273.277648925781 272.876586914062 272.694458007812 272.685394287109 272.636810302734 272.634704589844 272.794555664062 272.802490234375 272.802917480469 272.476440429688 272.467010498047 272.796051025391 272.632476806641 272.417694091797 -3.4e+38 -3.4e+38 272.020874023438 272.298400878906 271.636627197266 271.692932128906
-3.4e+38 -3.4e+38 -3.4e+38 -3.4e+38 -3.4e+38 -3.4e+38 -3.4e+38 -3.4e+38 -3.4e+38 -3.4e+38 -3.4e+38 -3.4e+38 273.767181396484 273.769958496094 273.734130859375 273.297576904297 273.337127685547 273.274749755859 272.884765625 272.943359375 272.953582763672 272.848999023438 272.838500976562 272.88427734375 272.953887939453 272.961822509766 273.787567138672 273.757354736328 273.702301025391 273.468170166016 273.276458740234 273.214141845703 272.777496337891 272.752685546875 272.753051757812 272.804351806641 272.807159423828 272.807647705078 272.650238037109 272.316955566406 272.688659667969 272.637359619141 272.311737060547 272.364807128906 272.306213378906 -3.4e+38 271.758972167969 271.634094238281 271.102081298828
-3.4e+38 -3.4e+38 -3.4e+38 -3.4e+38 -3.4e+38 -3.4e+38 -3.4e+38 -3.4e+38 -3.4e+38 -3.4e+38 -3.4e+38 -3.4e+38 273.746551513672 -3.4e+38 273.792358398438 273.766845703125 273.593688964844 273.781860351562 272.861846923828 272.830352783203 272.837951660156 272.797424316406 272.901000976562 272.9140625 272.959808349609 272.858642578125 273.767761230469 273.805969238281 273.803375244141 273.472442626953 -3.4e+38 273.582763671875 272.850250244141 272.809692382812 272.810485839844 272.593597412109 272.803649902344 272.703247070312 272.700439453125 272.650543212891 272.646881103516 272.092926025391 272.092376708984 -3.4e+38 272.369323730469 271.880920410156 272.348114013672 271.528076171875 270.931213378906
-3.4e+38 -3.4e+38 -3.4e+38 -3.4e+38 -3.4e+38 -3.4e+38 -3.4e+38 -3.4e+38 -3.4e+38 -3.4e+38 -3.4e+38 -3.4e+38 273.749664306641 273.814300537109 273.890563964844 273.836212158203 273.855682373047 273.835235595703 273.657104492188 272.884002685547 272.900939941406 272.9150390625 272.960021972656 -3.4e+38 272.923492431641 273.022033691406 273.635620117188 273.797241210938 273.591918945312 273.476684570312 273.261383056641 273.298614501953 272.946716308594 272.819458007812 272.814971923828 272.604125976562 272.699798583984 272.651947021484 272.213165283203 272.695190429688 272.762298583984 271.819763183594 271.764404296875 272.377075195312 271.547485351562 271.385528564453 -3.4e+38 271.483917236328 271.421661376953
-3.4e+38 -3.4e+38 -3.4e+38 -3.4e+38 -3.4e+38 -3.4e+38 -3.4e+38 -3.4e+38 -3.4e+38 -3.4e+38 -3.4e+38 -3.4e+38 -3.4e+38 -3.4e+38 -3.4e+38 273.785430908203 273.789978027344 273.6455078125 -3.4e+38 273.881622314453 273.701843261719 273.038848876953 272.864807128906 272.963714599609 273.128570556641 273.189880371094 273.457824707031 273.480834960938 273.265991210938 273.330871582031 273.369232177734 -3.4e+38 273.192199707031 272.839385986328 272.714752197266 272.550659179688 272.546051025391 272.603881835938 272.445709228516 272.656890869141 272.715606689453 271.219024658203 271.330230712891 270.949096679688 271.664428710938 271.496215820312 271.553558349609 271.604339599609 271.601135253906
-3.4e+38 -3.4e+38 -3.4e+38 -3.4e+38 -3.4e+38 -3.4e+38 -3.4e+38 -3.4e+38 -3.4e+38 -3.4e+38 -3.4e+38 -3.4e+38 -3.4e+38 -3.4e+38 -3.4e+38 -3.4e+38 -3.4e+38 273.648162841797 273.717803955078 -3.4e+38 273.971801757812 273.712646484375 273.210723876953 272.886169433594 272.907501220703 273.130035400391 273.242553710938 273.252258300781 273.376403808594 273.489227294922 273.332702636719 272.958374023438 273.040802001953 272.508697509766 272.436737060547 272.712921142578 272.612640380859 272.662841796875 272.774688720703 272.55712890625 272.774780273438 271.610412597656 271.608276367188 270.944091796875 271.500549316406 271.500549316406 271.497650146484 271.347106933594 271.665313720703
-3.4e+38 -3.4e+38 -3.4e+38 -3.4e+38 -3.4e+38 -3.4e+38 -3.4e+38 -3.4e+38 -3.4e+38 -3.4e+38 -3.4e+38 -3.4e+38 -3.4e+38 -3.4e+38 -3.4e+38 -3.4e+38 -3.4e+38 -3.4e+38 273.852142333984 273.963714599609 273.975372314453 273.9775390625 273.371246337891 272.856628417969 272.816833496094 273.018798828125 273.1455078125 273.155487060547 273.143768310547 273.051818847656 272.986450195312 272.777435302734 272.550720214844 272.011779785156 271.99267578125 272.260406494141 271.999084472656 272.763824462891 272.835113525391 271.957092285156 272.828796386719 271.839019775391 271.72705078125 271.394561767578 271.722686767578 271.507202148438 271.612518310547 271.497863769531 271.460601806641
-3.4e+38 -3.4e+38 -3.4e+38 -3.4e+38 -3.4e+38 -3.4e+38 -3.4e+38 -3.4e+38 -3.4e+38 -3.4e+38 -3.4e+38 -3.4e+38 -3.4e+38 -3.4e+38 -3.4e+38 -3.4e+38 -3.4e+38 -3.4e+38 273.832733154297 274.072692871094 273.990020751953 273.981109619141 273.697357177734 273.212158203125 272.847686767578 -3.4e+38 273.154235839844 273.05078125 272.997497558594 272.838958740234 -3.4e+38 272.565063476562 272.343688964844 271.744598388672 271.614166259766 271.774230957031 271.674957275391 272.376525878906 272.392852783203 271.793395996094 -3.4e+38 -3.4e+38 -3.4e+38 271.729339599609 271.624145507812 271.620910644531 271.661041259766 270.925811767578 271.337524414062
-3.4e+38 -3.4e+38 -3.4e+38 -3.4e+38 -3.4e+38 -3.4e+38 -3.4e+38 -3.4e+38 -3.4e+38 -3.4e+38 -3.4e+38 -3.4e+38 -3.4e+38 -3.4e+38 -3.4e+38 -3.4e+38 -3.4e+38 -3.4e+38 -3.4e+38 273.910705566406 273.976013183594 273.876586914062 273.824249267578 273.795013427734 273.113586425781 273.152618408203 273.052825927734 272.999816894531 272.889434814453 272.610748291016 272.279235839844 272.056671142578 271.999389648438 271.904113769531 271.739532470703 271.567413330078 271.784393310547 271.950378417969 271.403137207031 271.510162353516 -3.4e+38 -3.4e+38 272.013854980469 271.519500732422 271.625762939453 271.679992675781 271.561309814453 271.052642822266 270.797302246094
-3.4e+38 -3.4e+38 -3.4e+38 -3.4e+38 -3.4e+38 -3.4e+38 -3.4e+38 -3.4e+38 -3.4e+38 -3.4e+38 -3.4e+38 -3.4e+38 -3.4e+38 -3.4e+38 -3.4e+38 -3.4e+38 -3.4e+38 -3.4e+38 273.965087890625 273.832244873047 273.862976074219 273.825653076172 273.715393066406 273.536773681641 -3.4e+38 273.062622070312 273.001922607422 273.000549316406 272.845001220703 272.847229003906 271.934875488281 271.843994140625 271.84326171875 272.005859375 272.070343017578 271.747100830078 271.845733642578 271.738464355469 271.245849609375 271.349609375 -3.4e+38 -3.4e+38 271.521606445312 271.465850830078 271.686737060547 271.681274414062 271.401885986328 271.013000488281 270.518493652344
-3.4e+38 -3.4e+38 -3.4e+38 -3.4e+38 -3.4e+38 -3.4e+38 -3.4e+38 -3.4e+38 -3.4e+38 -3.4e+38 -3.4e+38 -3.4e+38 -3.4e+38 -3.4e+38 -3.4e+38 -3.4e+38 -3.4e+38 -3.4e+38 273.838104248047 273.716217041016 273.812530517578 273.825073242188 273.673706054688 -3.4e+38 273.222900390625 273.014770507812 273.002471923828 272.895172119141 272.84228515625 272.892425537109 272.546600341797 272.420867919922 271.976623535156 272.013824462891 271.958740234375 271.633026123047 271.627471923828 271.575286865234 271.356353759766 271.465759277344 -3.4e+38 271.854553222656 271.470458984375 271.743499755859 271.691528320312 271.686767578125 271.460144042969 271.164672851562 270.521636962891
-3.4e+38 -3.4e+38 -3.4e+38 -3.4e+38 -3.4e+38 -3.4e+38 -3.4e+38 -3.4e+38 -3.4e+38 -3.4e+38 -3.4e+38 -3.4e+38 -3.4e+38 -3.4e+38 -3.4e+38 -3.4e+38 -3.4e+38 -3.4e+38 273.801452636719 273.780059814453 273.822082519531 273.828552246094 273.676849365234 -3.4e+38 -3.4e+38 273.240570068359 272.5830078125 272.934387207031 272.958862304688 272.512756347656 272.175903320312 272.335052490234 272.358795166016 272.359619140625 271.866333007812 272.412078857422 271.979644775391 271.750946044922 271.583221435547 271.415466308594 271.471588134766 271.858917236328 271.528839111328 271.534118652344 271.586822509766 271.580780029297 271.313842773438 271.336822509766 270.528228759766
-3.4e+38 -3.4e+38 -3.4e+38 -3.4e+38 -3.4e+38 -3.4e+38 -3.4e+38 -3.4e+38 -3.4e+38 -3.4e+38 -3.4e+38 -3.4e+38 -3.4e+38 -3.4e+38 -3.4e+38 -3.4e+38 -3.4e+38 -3.4e+38 -3.4e+38 273.708068847656 273.602203369141 273.160034179688 273.628295898438 273.141510009766 272.886688232422 272.984497070312 272.380706787109 272.538024902344 272.552307128906 272.670593261719 271.994293212891 272.069976806641 272.178344726562 272.625366210938 272.538208007812 272.632781982422 272.532440185547 -3.4e+38 271.811553955078 271.5869140625 271.364776611328 271.646636962891 271.748107910156 271.370300292969 271.534393310547 271.528930664062 271.295928955078 270.815979003906 270.539367675781
-3.4e+38 -3.4e+38 -3.4e+38 -3.4e+38 -3.4e+38 -3.4e+38 -3.4e+38 -3.4e+38 -3.4e+38 -3.4e+38 -3.4e+38 -3.4e+38 -3.4e+38 -3.4e+38 -3.4e+38 -3.4e+38 -3.4e+38 -3.4e+38 273.239807128906 273.624328613281 273.294494628906 273.195129394531 273.309387207031 273.137390136719 272.813751220703 272.951446533203 272.380981445312 272.019775390625 272.005096435547 272.040283203125 272.575286865234 272.042816162109 271.916015625 272.12353515625 272.737579345703 272.534118652344 -3.4e+38 -3.4e+38 272.537139892578 272.146484375 271.700988769531 271.647735595703 271.647094726562 271.373077392578 271.432373046875 271.531829833984 271.244873046875 270.648498535156 270.650665283203
