rcp8.5models/CNRM-CM5/sc1gr2.32
NCOLS 261 
NROWS 433 
XLLCORNER 336357.134 
YLLCORNER 654653.479 
CELLSIZE 1000 
NODATA_value -3.4e+38 
[rows 176 to 197 of 433, columns 147 to 195 of 261]
343.580505371094 344.126647949219 343.805755615234 343.624542236328 343.234252929688 343.083770751953 342.905914306641 343.232086181641 343.633239746094 344.353820800781 344.460876464844 344.256591796875 344.870361328125 344.142883300781 344.814239501953 344.662322998047 344.354309082031 344.679321289062 345.344177246094 345.338684082031 345.332885742188 345.326812744141 345.764282226562 345.757171630859 345.749755859375 345.930114746094 346.095397949219 345.570770263672 345.648712158203 346.325592041016 346.598510742188 347.240631103516 347.073638916016 345.853668212891 346.396728515625 346.545593261719 346.178192138672 345.967559814453 345.599975585938 345.788330078125 346.130340576172 346.117553710938 346.104461669922 346.091033935547 346.077270507812 346.048736572266 346.033935546875 -3.4e+38 346.003326416016
343.585144042969 344.268676757812 344.258544921875 343.938171386719 343.409942626953 343.633941650391 343.278625488281 342.861572265625 342.617828369141 343.934997558594 344.199768066406 344.031494140625 344.153106689453 343.878356933594 344.166046142578 344.901306152344 344.716186523438 344.491607666016 344.970367431641 345.331726074219 345.325775146484 345.319549560547 345.669921875 345.299102783203 345.478759765625 345.987579345703 345.932983398438 345.646545410156 346.290222167969 345.992858886719 346.230041503906 346.845977783203 346.311828613281 345.359252929688 345.796142578125 346.110687255859 346.167907714844 345.996276855469 345.499176025391 345.493194580078 346.119262695312 345.903900146484 345.739593505859 346.079437255859 346.065490722656 346.03662109375 346.021636962891 346.00634765625 345.99072265625
343.420867919922 343.722015380859 343.712158203125 343.733703613281 343.933258056641 344.114227294922 -3.4e+38 342.956848144531 342.679138183594 343.459564208984 343.851593017578 343.845275878906 343.876037597656 344.015960693359 344.563049316406 344.797454833984 344.644165039062 344.335784912109 344.661468505859 345.324493408203 345.318389892578 345.31201171875 346.146057128906 345.840148925781 345.986083984375 346.275604248047 346.113037109375 345.929351806641 346.029144287109 345.791473388672 346.095001220703 346.164886474609 345.369171142578 345.191009521484 345.375854492188 345.880767822266 346.157257080078 346.145385742188 345.972991943359 345.836151123047 345.906829833984 345.377502441406 345.243011474609 345.714263916016 346.053375244141 346.024139404297 -3.4e+38 345.993560791016 345.977722167969
343.288055419922 343.108001708984 342.717102050781 343.189147949219 344.247283935547 344.237152099609 343.937774658203 343.469268798828 343.83154296875 343.679473876953 343.507293701172 344.050109863281 344.028747558594 343.997741699219 345.017608642578 344.338928222656 344.514038085938 344.876708984375 345.020721435547 345.316986083984 345.493713378906 345.852569580078 346.290222167969 346.282745361328 346.274993896484 346.266937255859 346.258575439453 346.095031738281 345.946105957031 346.231628417969 346.222045898438 346.055419921875 345.753021240234 345.537841796875 345.5234375 346.158081054688 345.949157714844 345.778747558594 346.121887207031 345.909423828125 345.380279541016 345.082885742188 345.069213867188 345.217163085938 345.687896728516 346.011352539062 345.996063232422 345.772308349609 345.612762451172
342.742095947266 342.593444824219 342.442993164062 343.263366699219 344.251983642578 344.241790771484 344.110504150391 343.958374023438 344.063568115234 343.617370605469 343.356475830078 343.977996826172 344.021789550781 343.634887695312 344.272033691406 344.331726074219 344.655181884766 345.321075439453 345.315277099609 345.309173583984 345.453582763672 345.748016357422 345.918426513672 346.088439941406 345.717559814453 345.896331787109 346.061462402344 345.691253662109 345.871337890625 346.221923828125 346.212158203125 346.202056884766 346.191680908203 345.817657470703 345.317047119141 345.594665527344 345.423065185547 345.480072021484 346.110260009766 345.737609863281 345.084167480469 345.070648193359 345.056823730469 345.24560546875 345.747314453125 345.998229980469 345.776123046875 345.243927001953 345.114349365234
342.848754882812 342.668029785156 342.758361816406 343.957092285156 344.085113525391 343.869903564453 344.236358642578 344.226165771484 344.118560791016 343.726287841797 343.349639892578 343.605773925781 344.161651611328 343.996520996094 344.393341064453 344.32421875 344.467590332031 344.946350097656 345.307342529297 345.301116943359 345.294555664062 345.287689208984 345.425445556641 345.564147949219 345.257110595703 345.589569091797 345.897857666016 345.230926513672 345.376861572266 345.662384033203 345.652099609375 345.833068847656 346.181060791016 346.001037597656 345.699066162109 345.492034912109 345.123474121094 345.467803955078 345.900146484375 345.371032714844 345.071807861328 345.05810546875 345.044067382812 345.191345214844 345.458312988281 345.426727294922 345.453704833984 345.305419921875 344.936767578125
343.684204101562 342.813629150391 342.354187011719 343.722991943359 343.57177734375 343.565765380859 344.241302490234 344.251892089844 344.308074951172 344.02685546875 343.342529296875 343.608856201172 344.305877685547 344.599304199219 345.173858642578 344.684478759766 344.490783691406 345.001800537109 345.299133300781 345.292755126953 345.286041259766 345.278991699219 345.264007568359 -3.4e+38 345.247741699219 345.393035888672 345.527374267578 345.220977783203 345.21142578125 345.201568603516 345.000885009766 345.170288085938 346.170135498047 346.147644042969 346.135925292969 345.769989013672 345.111541748047 345.25830078125 345.373077392578 345.072692871094 345.059112548828 345.045227050781 345.031005859375 345.016448974609 345.001617431641 345.323944091797 345.117736816406 345.216918945312 344.922424316406
344.170166015625 342.888397216797 -3.4e+38 343.277648925781 343.267211914062 343.571197509766 344.263763427734 344.290863037109 344.301239013672 -3.4e+38 343.510528564453 343.650177001953 344.323150634766 344.287933349609 344.398040771484 344.613006591797 344.451599121094 344.930267333984 345.109558105469 344.918762207031 345.277221679688 345.27001953125 344.891662597656 345.246520996094 345.238037109375 345.229248046875 345.220153808594 345.210723876953 345.200988769531 345.19091796875 345.0244140625 344.841552734375 345.442657470703 345.392059326172 345.410278320312 345.758392333984 345.099304199219 345.086486816406 345.073333740234 345.059844970703 345.046081542969 345.031982421875 345.017578125 345.002838134766 344.98779296875 345.237152099609 344.940734863281 344.924377441406 344.907684326172
344.314697265625 343.745361328125 342.910827636719 343.660461425781 343.272613525391 343.576782226562 344.438995361328 -3.4e+38 -3.4e+38 344.148162841797 344.019775390625 344.012756347656 344.315124511719 343.985229492188 343.810028076172 344.667572021484 344.294219970703 344.437683105469 344.585083007812 344.607238769531 345.268096923828 345.077819824219 344.760437011719 344.689392089844 344.8662109375 345.219055175781 345.022705078125 344.652038574219 344.830352783203 345.179962158203 345.169403076172 345.192718505859 345.560363769531 344.773284912109 344.815673828125 345.746429443359 345.282104492188 345.625732421875 345.415863037109 345.046661376953 345.032684326172 345.018402099609 345.003784179688 344.988861083984 344.9736328125 344.942199707031 344.721343994141 344.350982666016 344.539855957031
345.017028808594 344.315979003906 344.305297851562 344.153198242188 343.973754882812 344.273193359375 344.435638427734 -3.4e+38 -3.4e+38 344.244567871094 344.264709472656 344.443939208984 344.6484375 344.086212158203 344.267333984375 345.133605957031 344.463439941406 343.723876953125 343.897857666016 344.256256103516 344.400085449219 344.543273925781 344.408752441406 344.578247070312 344.207092285156 344.197723388672 344.188049316406 344.520141601562 345.167724609375 345.157073974609 345.146087646484 345.134796142578 345.314086914062 344.998748779297 345.478729248047 345.491363525391 346.060546875 345.888122558594 345.389007568359 345.178863525391 345.291961669922 344.990173339844 344.975158691406 344.959838867188 344.944213867188 344.709197998047 344.380065917969 344.598510742188 344.861297607422
345.192993164062 344.870574951172 344.859497070312 344.676818847656 344.289764404297 344.451599121094 344.785461425781 -3.4e+38 -3.4e+38 344.235900878906 344.225219726562 344.365570068359 344.725006103516 344.780700683594 344.938537597656 345.272979736328 344.788940429688 343.986145019531 344.314880371094 344.246398925781 344.238861083984 344.231018066406 344.913146972656 345.052307128906 344.742736816406 344.733367919922 344.723693847656 344.868499755859 345.155975341797 345.145111083984 345.323089599609 345.670806884766 345.816101074219 345.792999267578 346.073333740234 346.060272216797 346.046936035156 346.033233642578 345.860076904297 345.55712890625 345.345642089844 344.975494384766 344.960296630859 344.944763183594 344.928955078125 344.734893798828 344.394927978516 344.304901123047 344.49169921875
344.960906982422 345.328399658203 345.146362304688 344.617279052734 344.295776367188 344.427886962891 344.583618164062 -3.4e+38 -3.4e+38 344.241333007812 344.230499267578 344.221984863281 344.386535644531 344.877746582031 345.269317626953 345.263397216797 344.928466796875 344.400360107422 344.728118896484 344.781768798828 344.592468261719 344.220489501953 344.840942382812 345.194274902344 345.184875488281 345.175140380859 345.1650390625 345.154632568359 345.143890380859 345.321014404297 345.825164794922 346.109741210938 346.097717285156 346.07275390625 346.059783935547 346.046508789062 345.838989257812 345.468200683594 345.649017333984 345.794158935547 345.263549804688 344.960479736328 344.945037841797 344.929321289062 344.913269042969 344.880279541016 344.701812744141 344.403289794922 344.54833984375
344.486083984375 344.957733154297 -3.4e+38 344.860198974609 344.676696777344 344.290924072266 344.279876708984 -3.4e+38 -3.4e+38 344.253845214844 344.2587890625 344.411712646484 344.627380371094 344.566497802734 345.259552001953 345.253509521484 344.918426513672 344.240325927734 344.383605957031 344.680419921875 344.521148681641 344.209625244141 344.890502929688 345.182891845703 345.173278808594 345.163330078125 345.153045654297 345.329010009766 345.678375244141 345.634979248047 345.749786376953 346.0966796875 345.704437255859 346.059051513672 346.0458984375 346.032409667969 345.666656494141 345.004516601562 345.344146728516 345.620300292969 344.960388183594 344.945068359375 344.929443359375 344.913482666016 344.897247314453 344.863861083984 344.644470214844 344.475280761719 344.811401367188
344.182037353516 343.935028076172 344.578521728516 345.319305419922 344.993072509766 344.297088623047 344.285949707031 -3.4e+38 -3.4e+38 344.258331298828 344.265991210938 344.375152587891 344.728881835938 344.948425292969 345.249481201172 345.064758300781 344.542266845703 344.229827880859 344.222534179688 344.395690917969 344.751892089844 344.743591308594 345.180603027344 345.171142578125 345.161346435547 345.151184082031 345.140716552734 345.284637451172 345.759155273438 345.951721191406 -3.4e+38 345.535827636719 345.209838867188 345.330139160156 346.031616210938 346.017913818359 345.652404785156 345.183563232422 345.489837646484 345.249664306641 344.94482421875 345.126251220703 345.2685546875 344.897277832031 344.880828857422 344.646118164062 344.314300537109 344.529937744141 344.793975830078
344.218414306641 343.895477294922 344.33935546875 345.325836181641 345.171569824219 344.676696777344 344.292114257812 344.425537109375 344.578887939453 344.259857177734 344.257690429688 344.237823486328 344.378997802734 344.865264892578 345.239074707031 344.905120849609 344.22607421875 344.218994140625 344.211547851562 344.535430908203 345.195526123047 345.186950683594 345.168731689453 345.159088134766 345.149078369141 345.138732910156 345.128021240234 345.117004394531 345.447540283203 346.093933105469 345.737976074219 345.069549560547 345.056884765625 345.441528320312 345.634033203125 -3.4e+38 345.088287353516 344.582794189453 344.894195556641 344.944305419922 345.124694824219 345.428070068359 345.184722900391 344.880706787109 344.665161132812 344.114074707031 343.973114013672 344.440002441406 344.776123046875
343.818908691406 343.979095458984 344.657501220703 345.160552978516 344.947479248047 344.993133544922 344.125091552734 343.915435791016 344.275604248047 344.265502929688 344.082580566406 343.877166748047 344.411956787109 344.916870117188 345.228363037109 344.894256591797 344.215087890625 344.207855224609 344.200256347656 344.343353271484 344.820526123047 345.175140380859 345.156524658203 345.146667480469 345.136474609375 345.125915527344 345.115020751953 345.103759765625 345.247283935547 345.533996582031 345.365661621094 345.055480957031 345.042572021484 345.658355712891 345.304809570312 344.145599365234 344.266143798828 343.958648681641 344.102172851562 344.377563476562 344.715942382812 344.989318847656 344.524932861328 344.666046142578 344.133270263672 343.812133789062 343.9951171875 344.493225097656 344.555511474609
343.373352050781 343.675109863281 344.493133544922 344.650238037109 344.471343994141 344.626770019531 343.986907958984 343.612152099609 344.281707763672 344.095397949219 343.567504882812 343.931182861328 344.378631591797 344.677581787109 344.848480224609 345.061340332031 344.747802734375 344.561096191406 344.188629150391 344.360900878906 344.86767578125 345.162963867188 345.143981933594 345.133941650391 345.12353515625 345.112762451172 345.101654052734 345.090179443359 345.078399658203 345.066253662109 345.053802490234 345.041015625 345.027893066406 345.157775878906 344.933044433594 344.163787841797 344.314300537109 343.942596435547 343.927307128906 343.911712646484 344.249847412109 344.720367431641 344.378082275391 344.331268310547 344.184356689453 343.794097900391 343.936614990234 344.202026367188 344.021820068359
342.799530029297 344.057739257812 344.357727050781 344.34619140625 344.334625244141 344.322998046875 343.993194580078 343.444885253906 343.917633056641 344.130004882812 343.633575439453 344.2412109375 344.229614257812 344.218017578125 344.534149169922 344.842926025391 344.283477783203 344.490478515625 344.176666259766 344.319580078125 344.61572265625 344.787902832031 345.131103515625 345.120849609375 345.110229492188 345.099273681641 345.087921142578 345.076263427734 345.064239501953 345.051879882812 345.039215087891 345.026184082031 345.012847900391 344.985229492188 344.813659667969 344.662078857422 344.783569335938 344.282745361328 343.91064453125 344.088745117188 344.588134765625 344.666931152344 344.330596923828 344.343505859375 344.098571777344 343.775634765625 343.757415771484 343.738891601562 343.720062255859
342.326263427734 344.37646484375 344.364868164062 344.525360107422 344.714172363281 344.156768798828 343.454833984375 342.761596679688 343.244506835938 344.282409667969 343.948425292969 344.246887207031 344.235076904297 344.223327636719 344.533843994141 344.888275146484 344.417236328125 344.53857421875 344.347564697266 344.519989013672 344.148803710938 344.471740722656 345.117889404297 345.107421875 345.096588134766 345.085418701172 345.073883056641 345.061981201172 345.049743652344 345.037170410156 345.024261474609 345.011016845703 344.997436523438 344.969360351562 344.954833984375 344.940002441406 344.924835205078 344.559204101562 344.086486816406 344.585815429688 344.861206054688 344.685577392578 344.342498779297 343.902618408203 343.437286376953 343.756744384766 343.738311767578 343.719573974609 343.700531005859
343.460266113281 344.21240234375 343.998413085938 344.503967285156 344.659393310547 344.191955566406 343.377044677734 342.486572265625 343.136932373047 343.744812011719 343.585876464844 344.252624511719 344.240631103516 344.228668212891 344.533447265625 345.17529296875 345.167877197266 344.836730957031 344.319763183594 344.461547851562 344.146697998047 344.287353515625 344.748687744141 345.093658447266 345.082611083984 345.071197509766 345.059448242188 345.047332763672 345.034881591797 345.022064208984 345.008941650391 344.995483398438 344.981658935547 344.953125 344.938354492188 344.923278808594 344.907897949219 344.734313964844 344.390838623047 344.503601074219 344.843322753906 344.826416015625 344.259735107422 343.276733398438 343.485595703125 343.737457275391 343.718780517578 343.699798583984 -3.4e+38
344.098968505859 344.39892578125 344.386962890625 344.374908447266 -3.4e+38 343.806518554688 343.301940917969 342.586669921875 343.460235595703 343.932891845703 344.26123046875 344.264282226562 344.251922607422 344.239593505859 344.227294921875 344.522552490234 345.142272949219 345.134124755859 345.125518798828 344.78515625 344.106994628906 344.283233642578 344.268188476562 344.425872802734 344.053558349609 344.379150390625 345.029510498047 345.016967773438 345.004058837891 344.990783691406 344.977203369141 344.963256835938 344.949005126953 344.919494628906 344.904266357422 344.888702392578 344.872863769531 344.507904052734 343.682281494141 343.688537597656 -3.4e+38 344.045318603516 343.352844238281 342.948333740234 343.286651611328 343.500427246094 343.322723388672 343.658996582031 343.639251708984
344.247283935547 344.033325195312 344.39453125 -3.4e+38 -3.4e+38 -3.4e+38 343.227478027344 343.25537109375 343.863586425781 343.997955322266 344.147827148438 343.903686523438 344.257690429688 344.245147705078 344.232666015625 344.181945800781 344.433166503906 345.120635986328 345.111846923828 344.951049804688 344.635406494141 344.597076416016 344.575592041016 344.353851318359 344.038482666016 344.180450439453 344.654266357422 345.001220703125 344.988098144531 344.974609375 344.960784912109 344.946624755859 344.932098388672 344.902130126953 344.886657714844 -3.4e+38 344.664642333984 344.133148193359 -3.4e+38 343.804534912109 343.787200927734 -3.4e+38 342.913909912109 342.730682373047 343.714904785156 343.517761230469 343.370239257812 343.637939453125 343.617950439453
