rcp8.5models/CNRM-CM5/sc1gr7.26
NCOLS 261 
NROWS 433 
XLLCORNER 336357.134 
YLLCORNER 654653.479 
CELLSIZE 1000 
NODATA_value -3.4e+38 
[rows 44 to 65 of 433, columns 98 to 146 of 261]
223.37287902832 223.495758056641 223.506637573242 223.6572265625 223.707946777344 223.700393676758 223.773620605469 223.831314086914 223.797241210938 223.923065185547 223.777786254883 223.773742675781 223.725067138672 223.556625366211 223.288787841797 223.211883544922 223.091735839844 222.900299072266 222.73095703125 222.508377075195 222.324493408203 222.084579467773 221.950057983398 221.80419921875 -3.4e+38 -3.4e+38 -3.4e+38 -3.4e+38 -3.4e+38 -3.4e+38 -3.4e+38 -3.4e+38 -3.4e+38 -3.4e+38 -3.4e+38 -3.4e+38 -3.4e+38 -3.4e+38 -3.4e+38 -3.4e+38 -3.4e+38 -3.4e+38 -3.4e+38 -3.4e+38 -3.4e+38 -3.4e+38 -3.4e+38 -3.4e+38 -3.4e+38
222.179275512695 222.195541381836 222.259078979492 222.452209472656 222.491500854492 222.609497070312 222.502517700195 222.617126464844 222.593658447266 222.610733032227 222.547714233398 222.43913269043 222.392761230469 222.23908996582 222.003753662109 221.802474975586 221.574279785156 221.528945922852 221.320877075195 221.180053710938 220.860336303711 220.610961914062 220.60173034668 220.284851074219 220.044860839844 -3.4e+38 -3.4e+38 -3.4e+38 -3.4e+38 -3.4e+38 -3.4e+38 -3.4e+38 -3.4e+38 -3.4e+38 -3.4e+38 -3.4e+38 -3.4e+38 -3.4e+38 -3.4e+38 -3.4e+38 -3.4e+38 -3.4e+38 -3.4e+38 -3.4e+38 -3.4e+38 -3.4e+38 -3.4e+38 -3.4e+38 -3.4e+38
221.664337158203 221.537384033203 221.680206298828 221.812118530273 221.895431518555 222.008422851562 221.926849365234 221.982681274414 222.022750854492 221.9140625 221.927124023438 221.749694824219 221.679229736328 221.553863525391 221.350967407227 221.187896728516 221.086624145508 220.931304931641 220.758865356445 220.461822509766 220.157363891602 219.987503051758 219.836318969727 219.565078735352 219.36979675293 219.249771118164 218.828231811523 -3.4e+38 -3.4e+38 -3.4e+38 -3.4e+38 -3.4e+38 -3.4e+38 -3.4e+38 -3.4e+38 -3.4e+38 -3.4e+38 -3.4e+38 -3.4e+38 -3.4e+38 -3.4e+38 -3.4e+38 -3.4e+38 -3.4e+38 -3.4e+38 -3.4e+38 -3.4e+38 -3.4e+38 -3.4e+38
221.08512878418 221.076538085938 221.093994140625 221.137847900391 221.293640136719 221.44596862793 221.328018188477 221.28059387207 221.322372436523 221.225173950195 221.224075317383 221.176528930664 221.024841308594 220.947830200195 220.638717651367 220.620468139648 220.482421875 220.291534423828 220.022262573242 219.720550537109 219.584030151367 219.345108032227 219.132400512695 219.033721923828 218.881439208984 218.61555480957 218.179443359375 -3.4e+38 217.666931152344 -3.4e+38 -3.4e+38 -3.4e+38 -3.4e+38 -3.4e+38 -3.4e+38 -3.4e+38 -3.4e+38 -3.4e+38 -3.4e+38 -3.4e+38 -3.4e+38 -3.4e+38 -3.4e+38 -3.4e+38 -3.4e+38 -3.4e+38 -3.4e+38 -3.4e+38 -3.4e+38
220.206741333008 220.41389465332 220.480087280273 220.632705688477 220.634719848633 220.645294189453 220.679244995117 220.586791992188 220.69938659668 220.546432495117 220.57649230957 220.51838684082 220.408874511719 220.312072753906 220.091903686523 219.925170898438 219.788833618164 219.536422729492 219.292846679688 219.098083496094 218.965560913086 218.660675048828 218.49821472168 218.375640869141 218.191543579102 218.072204589844 217.494445800781 217.28971862793 -3.4e+38 -3.4e+38 -3.4e+38 -3.4e+38 -3.4e+38 -3.4e+38 -3.4e+38 -3.4e+38 -3.4e+38 -3.4e+38 -3.4e+38 -3.4e+38 -3.4e+38 -3.4e+38 -3.4e+38 -3.4e+38 -3.4e+38 -3.4e+38 -3.4e+38 -3.4e+38 -3.4e+38
219.506683349609 219.770614624023 219.680572509766 219.866744995117 219.890243530273 219.778259277344 219.936462402344 220.020141601562 219.968566894531 219.920669555664 219.922058105469 219.846328735352 219.751525878906 219.596740722656 219.325729370117 219.182281494141 219.03190612793 218.807601928711 218.740570068359 -3.4e+38 218.247451782227 218.103897094727 217.920059204102 217.58740234375 217.512512207031 217.342254638672 216.880416870117 216.598541259766 216.400177001953 216.208740234375 216.035507202148 -3.4e+38 -3.4e+38 -3.4e+38 -3.4e+38 -3.4e+38 -3.4e+38 -3.4e+38 -3.4e+38 -3.4e+38 -3.4e+38 -3.4e+38 -3.4e+38 -3.4e+38 -3.4e+38 -3.4e+38 -3.4e+38 -3.4e+38 -3.4e+38
218.734634399414 218.99284362793 218.99919128418 219.154098510742 219.125747680664 219.064910888672 219.179000854492 219.340133666992 219.173187255859 219.173919677734 219.201141357422 219.045806884766 218.908676147461 218.866500854492 218.6298828125 218.461181640625 218.235763549805 218.177047729492 218.039901733398 -3.4e+38 217.540237426758 217.368057250977 217.24543762207 216.968109130859 216.816680908203 216.5751953125 216.213958740234 215.957733154297 215.82958984375 215.67253112793 215.43440246582 215.221664428711 -3.4e+38 -3.4e+38 -3.4e+38 -3.4e+38 -3.4e+38 -3.4e+38 -3.4e+38 -3.4e+38 -3.4e+38 -3.4e+38 -3.4e+38 -3.4e+38 -3.4e+38 -3.4e+38 -3.4e+38 -3.4e+38 -3.4e+38
218.098556518555 218.176315307617 218.247100830078 218.529724121094 218.528015136719 218.425598144531 218.526809692383 218.42301940918 218.472671508789 218.274765014648 218.191970825195 218.034255981445 218.016616821289 218.028198242188 217.803756713867 217.547897338867 217.502578735352 217.59309387207 217.401931762695 216.999450683594 216.769577026367 216.627548217773 216.502319335938 216.346069335938 216.206893920898 215.896621704102 215.533050537109 215.379592895508 215.217437744141 215.037719726562 214.778533935547 214.51741027832 -3.4e+38 -3.4e+38 -3.4e+38 -3.4e+38 -3.4e+38 -3.4e+38 -3.4e+38 -3.4e+38 -3.4e+38 -3.4e+38 -3.4e+38 -3.4e+38 -3.4e+38 -3.4e+38 -3.4e+38 -3.4e+38 -3.4e+38
217.372650146484 217.580596923828 217.580718994141 217.913909912109 217.958999633789 217.854309082031 217.710723876953 217.614822387695 217.68310546875 217.595932006836 217.415328979492 217.285125732422 217.238647460938 217.30876159668 216.960647583008 216.864990234375 216.789749145508 216.791351318359 216.512878417969 216.283828735352 216.16716003418 215.9521484375 215.861099243164 215.757720947266 215.562759399414 215.308364868164 214.964630126953 214.73307800293 214.572906494141 214.205368041992 214.018905639648 213.77799987793 213.638381958008 -3.4e+38 -3.4e+38 -3.4e+38 -3.4e+38 -3.4e+38 -3.4e+38 -3.4e+38 -3.4e+38 -3.4e+38 -3.4e+38 -3.4e+38 -3.4e+38 -3.4e+38 -3.4e+38 -3.4e+38 -3.4e+38
216.623886108398 216.916488647461 216.989669799805 217.195465087891 217.270584106445 217.167190551758 216.942520141602 216.867294311523 216.985855102539 216.84423828125 216.779281616211 216.630645751953 216.553146362305 216.720443725586 216.187942504883 216.143417358398 216.049713134766 215.886764526367 215.648880004883 215.621017456055 215.442474365234 215.29638671875 215.208236694336 214.952453613281 214.754211425781 214.67463684082 214.259811401367 213.942428588867 213.777038574219 213.583557128906 213.331298828125 213.105529785156 212.967880249023 212.84294128418 -3.4e+38 -3.4e+38 211.85432434082 -3.4e+38 -3.4e+38 -3.4e+38 -3.4e+38 -3.4e+38 -3.4e+38 -3.4e+38 -3.4e+38 -3.4e+38 -3.4e+38 -3.4e+38 -3.4e+38
215.972091674805 216.166534423828 216.273544311523 216.267211914062 216.483825683594 216.445434570312 216.184494018555 216.149658203125 216.245727539062 216.035568237305 215.961227416992 215.773071289062 215.921096801758 215.818832397461 215.379302978516 -3.4e+38 215.22233581543 215.074798583984 214.998306274414 214.879302978516 214.634048461914 214.712890625 214.448791503906 -3.4e+38 214.117538452148 213.829833984375 213.373031616211 213.231155395508 212.962341308594 212.847915649414 212.620040893555 212.610366821289 212.326187133789 212.167449951172 211.972442626953 -3.4e+38 -3.4e+38 210.845169067383 -3.4e+38 -3.4e+38 -3.4e+38 -3.4e+38 -3.4e+38 -3.4e+38 -3.4e+38 -3.4e+38 -3.4e+38 -3.4e+38 -3.4e+38
215.471923828125 -3.4e+38 215.477523803711 215.34765625 215.7841796875 -3.4e+38 215.446212768555 215.31819152832 -3.4e+38 215.186935424805 215.041061401367 214.991409301758 -3.4e+38 215.06852722168 214.826461791992 -3.4e+38 214.366333007812 214.441116333008 214.245513916016 213.988510131836 214.04524230957 213.986221313477 213.578460693359 213.547027587891 213.378005981445 212.93342590332 212.681900024414 212.525863647461 212.234893798828 212.079177856445 211.889709472656 211.889541625977 211.646362304688 211.325546264648 211.062255859375 -3.4e+38 210.83447265625 -3.4e+38 209.89665222168 -3.4e+38 -3.4e+38 -3.4e+38 -3.4e+38 -3.4e+38 -3.4e+38 -3.4e+38 -3.4e+38 -3.4e+38 -3.4e+38
213.905303955078 214.087142944336 214.003463745117 214.066146850586 -3.4e+38 -3.4e+38 213.954696655273 213.687316894531 213.630859375 213.708801269531 213.517974853516 213.641159057617 -3.4e+38 213.742858886719 213.539291381836 213.066207885742 212.882461547852 212.740203857422 212.558059692383 212.518463134766 212.66716003418 212.339782714844 212.082595825195 212.122406005859 211.834121704102 211.614440917969 211.30632019043 210.941253662109 210.934326171875 210.706008911133 210.279205322266 210.112075805664 209.989868164062 209.824645996094 209.73127746582 209.531356811523 209.298828125 208.98356628418 -3.4e+38 -3.4e+38 -3.4e+38 -3.4e+38 -3.4e+38 -3.4e+38 -3.4e+38 -3.4e+38 -3.4e+38 -3.4e+38 -3.4e+38
213.283050537109 213.263809204102 213.170867919922 213.455444335938 -3.4e+38 -3.4e+38 213.281799316406 213.173934936523 213.109375 212.991851806641 212.90461730957 212.946685791016 213.06982421875 212.855758666992 212.630508422852 212.300506591797 212.169143676758 211.866363525391 211.738677978516 211.95263671875 -3.4e+38 211.392684936523 211.327713012695 211.342132568359 210.815155029297 210.68798828125 -3.4e+38 210.23893737793 209.951141357422 209.772171020508 209.585067749023 209.492660522461 209.326385498047 209.066665649414 208.965423583984 208.754455566406 -3.4e+38 -3.4e+38 -3.4e+38 -3.4e+38 -3.4e+38 -3.4e+38 -3.4e+38 -3.4e+38 -3.4e+38 -3.4e+38 -3.4e+38 -3.4e+38 -3.4e+38
212.583084106445 212.562637329102 212.345230102539 212.879440307617 -3.4e+38 212.699996948242 212.534957885742 212.577255249023 212.493255615234 212.232330322266 212.090637207031 212.303009033203 212.260131835938 212.024841308594 211.643661499023 211.640777587891 211.462890625 211.195846557617 211.201477050781 -3.4e+38 -3.4e+38 210.606323242188 210.595260620117 210.346221923828 209.900756835938 209.843124389648 209.518005371094 209.436294555664 209.22575378418 208.848739624023 208.76057434082 208.696823120117 208.443511962891 208.208435058594 208.152130126953 208.014129638672 -3.4e+38 -3.4e+38 -3.4e+38 -3.4e+38 -3.4e+38 206.641098022461 206.410217285156 -3.4e+38 -3.4e+38 -3.4e+38 -3.4e+38 -3.4e+38 -3.4e+38
211.816879272461 211.589248657227 211.580780029297 212.128051757812 212.15869140625 212.006195068359 211.800140380859 211.786087036133 211.864044189453 211.595489501953 211.411163330078 211.516326904297 211.419219970703 211.222946166992 210.996658325195 210.926208496094 210.66130065918 210.561004638672 210.534561157227 210.479705810547 210.210571289062 209.873748779297 209.71565246582 209.552459716797 209.193771362305 209.149536132812 208.535125732422 208.519592285156 208.365020751953 208.030502319336 207.888107299805 207.687789916992 207.550842285156 207.520690917969 207.458724975586 207.482513427734 -3.4e+38 -3.4e+38 -3.4e+38 -3.4e+38 -3.4e+38 -3.4e+38 205.796142578125 205.427124023438 -3.4e+38 -3.4e+38 -3.4e+38 -3.4e+38 -3.4e+38
210.934677124023 210.833023071289 210.852981567383 211.356460571289 211.354949951172 211.314392089844 211.15510559082 211.131011962891 210.950744628906 210.681182861328 210.729629516602 210.827697753906 210.57585144043 210.40771484375 210.316558837891 210.256103515625 209.990737915039 209.8193359375 209.77197265625 209.716400146484 209.353210449219 209.064819335938 208.991271972656 208.878112792969 208.554931640625 208.499450683594 207.699111938477 207.664642333984 207.497192382812 207.279449462891 207.072463989258 206.948043823242 206.860412597656 206.920150756836 206.941375732422 206.825714111328 -3.4e+38 -3.4e+38 -3.4e+38 -3.4e+38 -3.4e+38 -3.4e+38 205.155014038086 204.779983520508 -3.4e+38 -3.4e+38 -3.4e+38 -3.4e+38 -3.4e+38
210.026092529297 210.129013061523 210.226654052734 210.57926940918 210.671127319336 210.627807617188 210.520401000977 210.468078613281 210.227905273438 209.933990478516 210.113845825195 210.099945068359 209.844970703125 209.644485473633 209.592056274414 209.333938598633 209.188369750977 209.067764282227 208.995162963867 208.927612304688 208.713409423828 208.370193481445 208.1962890625 208.029998779297 207.776977539062 207.849044799805 206.954177856445 206.785064697266 206.724853515625 206.74641418457 206.348693847656 206.305740356445 206.220611572266 206.305419921875 206.408203125 206.159576416016 205.935684204102 -3.4e+38 -3.4e+38 -3.4e+38 -3.4e+38 -3.4e+38 -3.4e+38 204.220718383789 203.895751953125 -3.4e+38 -3.4e+38 -3.4e+38 -3.4e+38
209.371917724609 209.431304931641 209.510604858398 209.717254638672 209.897766113281 209.966613769531 209.688278198242 209.550537109375 209.331802368164 209.064926147461 209.26057434082 209.188598632812 209.150909423828 208.88151550293 208.625961303711 208.414108276367 208.274948120117 208.315704345703 208.178192138672 208.175140380859 208.050216674805 207.700271606445 207.357604980469 207.280883789062 206.999053955078 207.048950195312 206.324234008789 206.096237182617 206.142990112305 206.000305175781 205.581817626953 205.506896972656 205.630249023438 205.884918212891 205.733642578125 205.419799804688 205.146377563477 204.548965454102 204.290054321289 204.286285400391 -3.4e+38 -3.4e+38 -3.4e+38 -3.4e+38 203.329788208008 -3.4e+38 -3.4e+38 -3.4e+38 -3.4e+38
208.727096557617 208.859817504883 208.979858398438 208.938949584961 209.007766723633 209.159378051758 208.898666381836 208.736755371094 208.458435058594 208.449295043945 208.352752685547 208.406845092773 208.201995849609 208.074081420898 207.689666748047 207.719146728516 207.530044555664 207.455169677734 207.541763305664 207.412017822266 207.274963378906 206.937698364258 206.52555847168 206.353607177734 206.304534912109 206.190628051758 205.750518798828 205.649215698242 205.317001342773 205.05647277832 204.764709472656 204.731231689453 205.056671142578 205.239074707031 204.940658569336 204.648483276367 204.085739135742 203.460327148438 203.36506652832 203.405471801758 203.337219238281 -3.4e+38 -3.4e+38 -3.4e+38 202.627410888672 202.290100097656 -3.4e+38 -3.4e+38 -3.4e+38
208.113189697266 208.234405517578 208.313064575195 208.217468261719 208.274551391602 208.205078125 208.153686523438 207.968002319336 207.86311340332 207.786087036133 207.700134277344 207.649032592773 207.481002807617 207.277862548828 206.999206542969 206.877868652344 206.701965332031 206.729888916016 206.695877075195 206.463882446289 206.410232543945 206.152984619141 205.808624267578 205.519332885742 205.409851074219 205.130920410156 205.102294921875 204.725311279297 204.278198242188 204.121002197266 203.979400634766 204.112640380859 204.351943969727 204.370742797852 204.008911132812 203.534805297852 202.988723754883 202.805953979492 202.803100585938 202.654418945312 202.450729370117 202.369827270508 -3.4e+38 -3.4e+38 -3.4e+38 201.530944824219 -3.4e+38 -3.4e+38 -3.4e+38
207.211059570312 207.267288208008 207.396942138672 207.502532958984 207.420944213867 207.456756591797 207.412338256836 207.239364624023 207.100967407227 206.976531982422 206.899383544922 206.895812988281 206.733993530273 206.491165161133 206.249298095703 205.962341308594 205.889221191406 205.905883789062 205.763900756836 205.638381958008 205.481704711914 205.316101074219 205.000640869141 204.662414550781 204.580902099609 204.377471923828 204.165176391602 203.713333129883 203.453750610352 203.417297363281 203.493179321289 203.615798950195 203.585052490234 203.496490478516 203.294647216797 202.708923339844 201.963134765625 202.098907470703 201.999572753906 201.807434082031 201.645156860352 201.532379150391 -3.4e+38 -3.4e+38 -3.4e+38 200.89826965332 200.567901611328 -3.4e+38 -3.4e+38
