rcp8.5models/CNRM-CM5/sc1gr9.25
NCOLS 261 
NROWS 433 
XLLCORNER 336357.134 
YLLCORNER 654653.479 
CELLSIZE 1000 
NODATA_value -3.4e+38 
[rows 330 to 351 of 433, columns 49 to 97 of 261]
706.131042480469 711.588317871094 719.020812988281 728.056396484375 735.488952636719 743.091186523438 752.247375488281 765.8447265625 773.48193359375 779.2744140625 784.328491210938 792.166198730469 797.488342285156 804.326843261719 814.526062011719 824.119323730469 834.321960449219 845.429382324219 876.889892578125 882.142028808594 887.945190429688 903.250366210938 911.448974609375 915.894836425781 -3.4e+38 -3.4e+38 934.039489746094 -3.4e+38 940.898742675781 945.864135742188 920.644836425781 896.513427734375 886.828796386719 883.224670410156 907.920837402344 946.978454589844 959.669311523438 957.464477539062 942.762512207031 921.186706542969 938.114929199219 952.932434082031 950.116333007812 925.065795898438 889.257446289062 878.475219726562 837.571655273438 827.398071289062 867.922546386719
706.686218261719 710.439331054688 719.133056640625 727.352355957031 735.845336914062 745.61669921875 753.481140136719 768.893493652344 775.009948730469 782.275695800781 792.534606933594 804.207763671875 803.630554199219 805.115783691406 815.669738769531 824.341247558594 833.228515625 839.23193359375 862.204284667969 873.328491210938 887.828918457031 897.049743652344 908.67138671875 923.001403808594 -3.4e+38 935.686645507812 933.267639160156 -3.4e+38 943.308471679688 930.642883300781 902.144775390625 887.591857910156 879.810302734375 877.009765625 884.354248046875 905.598693847656 931.333618164062 930.702087402344 905.166015625 888.612426757812 919.147033691406 946.062805175781 940.482482910156 934.429748535156 898.324768066406 894.289306640625 878.042053222656 860.000549316406 902.713623046875
709.929870605469 714.546569824219 719.978210449219 727.32421875 737.613098144531 744.532531738281 750.2158203125 770.1708984375 778.966125488281 786.508544921875 797.571716308594 808.56591796875 807.532409667969 806.5517578125 814.243835449219 823.419982910156 833.252380371094 838.438720703125 854.363830566406 864.7646484375 877.554138183594 884.315673828125 901.545776367188 919.931030273438 -3.4e+38 933.555541992188 931.426940917969 936.124206542969 942.5927734375 922.395141601562 905.016967773438 898.064575195312 881.788208007812 880.682373046875 880.319396972656 881.821838378906 899.381774902344 901.121337890625 879.721069335938 885.689575195312 923.025634765625 944.754516601562 933.465698242188 928.777038574219 906.752075195312 901.221496582031 905.219177246094 892.794250488281 903.242797851562
711.203979492188 717.794311523438 720.534606933594 729.677368164062 741.322509765625 746.046508789062 753.025756835938 771.543090820312 784.049682617188 790.634521484375 799.395324707031 807.298950195312 806.608337402344 809.5146484375 818.432678222656 826.280395507812 836.094665527344 843.650573730469 859.23828125 866.315551757812 871.924194335938 883.299499511719 906.173461914062 921.681701660156 -3.4e+38 930.055908203125 931.325561523438 933.76318359375 933.988891601562 935.515563964844 923.544921875 905.631958007812 887.83349609375 885.245178222656 881.819580078125 877.036560058594 881.322326660156 882.185791015625 870.999145507812 873.267822265625 911.310424804688 940.499450683594 932.619567871094 915.904602050781 913.68701171875 916.103271484375 913.401733398438 888.06103515625 858.217224121094
710.289306640625 717.922668457031 721.803894042969 731.029174804688 740.169799804688 746.365051269531 758.119079589844 776.506591796875 788.677978515625 795.952758789062 800.546203613281 803.148986816406 803.913146972656 813.398071289062 823.904968261719 829.573913574219 848.787536621094 858.108703613281 862.663635253906 865.230346679688 869.331481933594 891.089538574219 916.948669433594 925.643127441406 927.326904296875 929.978576660156 933.314270019531 934.56591796875 906.657043457031 944.372741699219 930.609008789062 920.647155761719 921.209777832031 897.6123046875 879.652160644531 884.746154785156 881.419006347656 877.029235839844 884.669372558594 877.686340332031 877.516235351562 939.884033203125 935.870544433594 916.656677246094 905.104553222656 908.399841308594 910.950622558594 857.399353027344 790.08056640625
709.792846679688 717.919738769531 723.332397460938 730.736511230469 738.786071777344 747.946044921875 760.391235351562 779.810546875 789.925964355469 796.337341308594 799.695983886719 804.212890625 810.601623535156 818.926025390625 824.486633300781 830.736999511719 848.265380859375 859.358947753906 860.657592773438 863.065063476562 871.075378417969 895.614562988281 918.957336425781 926.7744140625 928.220764160156 932.225341796875 936.300964355469 933.329650878906 909.745727539062 944.858825683594 932.6279296875 934.335754394531 947.776245117188 912.691040039062 878.398376464844 877.58984375 874.30908203125 872.863708496094 892.869812011719 885.13427734375 856.125305175781 926.810668945312 918.421020507812 898.506469726562 894.714111328125 893.612060546875 900.483032226562 834.679260253906 725.020690917969
709.619995117188 717.397583007812 722.608337402344 732.881774902344 743.342102050781 752.933715820312 763.575866699219 782.628784179688 788.526306152344 796.724182128906 806.710388183594 810.160095214844 816.509765625 826.453002929688 832.625854492188 835.294311523438 841.275390625 851.861877441406 858.970153808594 863.954895019531 875.33056640625 889.461120605469 910.480285644531 926.27392578125 931.026184082031 932.863342285156 935.244812011719 910.754699707031 912.323059082031 932.623840332031 939.048828125 930.674560546875 938.207336425781 922.575134277344 882.617858886719 863.5341796875 858.6396484375 860.165832519531 859.628295898438 865.776245117188 860.750854492188 855.850463867188 859.672241210938 837.363830566406 824.14990234375 842.9287109375 888.874328613281 874.1875 781.135864257812
709.274780273438 716.807006835938 723.903503417969 735.798034667969 747.731628417969 758.722473144531 767.024353027344 779.503540039062 786.816040039062 797.950744628906 807.312561035156 812.690002441406 820.792053222656 828.754272460938 834.354919433594 836.284606933594 841.9765625 848.127380371094 857.7265625 865.234130859375 874.763244628906 883.958129882812 906.381042480469 925.048767089844 930.733276367188 931.377990722656 934.147033691406 922.602294921875 905.691345214844 924.4853515625 937.159790039062 929.195678710938 936.586486816406 919.336669921875 877.540832519531 865.212219238281 861.570434570312 856.677978515625 852.276245117188 849.598510742188 846.72119140625 832.312622070312 832.451049804688 826.286987304688 816.647399902344 830.768920898438 875.614013671875 885.23388671875 840.981201171875
708.342407226562 715.895751953125 726.475891113281 738.612670898438 749.20654296875 758.863891601562 765.598022460938 778.968566894531 790.001525878906 799.242492675781 806.461242675781 815.951477050781 824.702758789062 828.554443359375 833.630737304688 836.332763671875 839.742126464844 844.727355957031 859.212219238281 868.166381835938 878.937622070312 884.350463867188 903.266418457031 919.153015136719 925.316101074219 929.985046386719 932.691955566406 922.001892089844 893.870178222656 914.5771484375 934.126770019531 929.173583984375 931.624755859375 926.870178222656 885.66259765625 863.418823242188 860.777282714844 856.667663574219 854.502563476562 846.470336914062 842.151794433594 833.946228027344 825.650939941406 820.261901855469 813.73095703125 813.229309082031 839.513244628906 863.158203125 862.789123535156
710.448974609375 719.809387207031 730.040283203125 737.159912109375 744.65478515625 754.614013671875 764.771362304688 782.773071289062 791.498291015625 797.732177734375 805.4912109375 817.414306640625 825.738159179688 827.264953613281 833.413208007812 839.474304199219 840.013122558594 846.396301269531 869.892761230469 875.880126953125 882.671020507812 890.811340332031 891.944274902344 902.380004882812 915.427795410156 924.961975097656 929.759704589844 911.740295410156 885.812194824219 926.883239746094 922.703918457031 922.423034667969 935.525024414062 934.973388671875 898.879821777344 864.185363769531 857.355651855469 854.748168945312 851.635009765625 845.910217285156 842.186157226562 835.442138671875 828.368774414062 818.539245605469 811.052856445312 807.380615234375 817.14990234375 841.815734863281 870.1552734375
711.874572753906 721.292785644531 729.36865234375 734.898620605469 745.651428222656 756.966491699219 766.975646972656 782.909545898438 788.088745117188 797.087768554688 807.757141113281 818.925720214844 826.528442382812 830.024963378906 833.023193359375 839.694885253906 843.772644042969 852.150817871094 875.92724609375 883.6123046875 892.174011230469 888.405395507812 878.09521484375 897.463684082031 916.284545898438 924.484619140625 931.203247070312 910.882751464844 887.508850097656 936.351623535156 931.214904785156 928.1552734375 920.798156738281 921.418395996094 901.855041503906 866.563232421875 859.464111328125 851.208068847656 846.942504882812 852.764038085938 848.554565429688 834.360595703125 826.971130371094 816.241760253906 812.622497558594 808.598754882812 810.346435546875 829.515869140625 863.672302246094
714.60498046875 723.908752441406 728.79833984375 734.623840332031 749.909423828125 762.368286132812 771.152770996094 785.490661621094 788.075073242188 797.086181640625 809.472412109375 819.560852050781 826.7314453125 831.435302734375 835.960632324219 839.257873535156 844.596374511719 854.410278320312 872.145446777344 888.856140136719 900.090087890625 887.883728027344 875.677490234375 885.821716308594 902.041137695312 921.540771484375 932.919677734375 923.658264160156 897.318359375 912.457153320312 927.74609375 929.901062011719 899.810241699219 888.186889648438 901.255004882812 878.3623046875 856.423645019531 849.51904296875 846.645629882812 861.3876953125 861.737548828125 830.8212890625 823.888427734375 815.644714355469 808.364440917969 803.053344726562 799.28564453125 821.859985351562 863.726928710938
715.750610351562 726.698852539062 733.302673339844 739.151916503906 750.418273925781 763.622680664062 772.443054199219 785.276550292969 788.493835449219 795.47265625 811.220031738281 822.009887695312 824.617797851562 831.596557617188 838.790466308594 841.406555175781 845.616088867188 853.45166015625 864.155456542969 872.783874511719 884.949035644531 882.351013183594 873.913330078125 875.927978515625 882.517761230469 893.582092285156 912.084350585938 923.196411132812 906.120361328125 881.218688964844 890.578552246094 893.947814941406 878.46630859375 865.025329589844 886.931518554688 878.7265625 850.939208984375 849.736450195312 849.495666503906 855.025024414062 854.487854003906 831.979187011719 826.890502929688 815.979736328125 803.551574707031 797.65283203125 793.906982421875 818.303894042969 862.905090332031
714.3095703125 723.951354980469 733.371459960938 743.029602050781 750.544067382812 760.625366210938 771.145385742188 782.978576660156 787.3564453125 795.280090332031 815.3193359375 824.132751464844 823.175903320312 828.706298828125 834.024841308594 840.187072753906 845.251708984375 852.821655273438 862.947570800781 863.66015625 868.936462402344 887.430603027344 883.43115234375 879.032409667969 880.867797851562 875.965881347656 884.056518554688 892.547546386719 888.851989746094 869.896240234375 870.103637695312 869.094543457031 864.03759765625 861.096984863281 871.298034667969 868.020751953125 851.400146484375 851.260803222656 849.526611328125 842.34521484375 837.1552734375 840.540771484375 833.457885742188 819.255554199219 804.912109375 800.359680175781 793.558044433594 806.870910644531 852.954284667969
712.013854980469 719.686340332031 730.904418945312 742.38525390625 750.980895996094 759.034423828125 766.426025390625 781.207153320312 786.724365234375 796.603149414062 811.876647949219 820.981750488281 825.398803710938 831.310302734375 836.734619140625 841.179626464844 847.267578125 855.922729492188 864.91943359375 865.691955566406 866.046508789062 878.906188964844 879.670654296875 875.081665039062 876.565734863281 875.898010253906 879.683715820312 894.790771484375 906.698425292969 884.973327636719 886.583190917969 896.844421386719 887.433959960938 894.717407226562 882.80029296875 863.045654296875 855.441711425781 849.541076660156 845.642944335938 838.544921875 832.996643066406 846.419372558594 844.3427734375 820.853332519531 801.690124511719 798.241760253906 792.600463867188 796.345764160156 841.610290527344
711.32275390625 717.512329101562 730.193420410156 741.868408203125 747.89990234375 755.531494140625 765.146606445312 778.373840332031 791.915100097656 802.659729003906 810.148010253906 820.588745117188 829.840759277344 835.070068359375 841.391479492188 848.572875976562 851.713684082031 859.555419921875 866.688537597656 866.220153808594 868.342651367188 881.940185546875 893.851196289062 881.2451171875 875.424865722656 890.193908691406 891.655822753906 905.802551269531 930.161865234375 908.517150878906 889.735534667969 910.28466796875 912.724426269531 918.26171875 895.755920410156 859.462158203125 863.252685546875 856.980163574219 844.684020996094 839.164916992188 831.565246582031 829.936889648438 841.943115234375 826.005554199219 798.668701171875 793.887084960938 792.566772460938 802.518981933594 843.680297851562
710.907592773438 716.408935546875 728.507690429688 740.332275390625 744.450256347656 750.913696289062 762.56103515625 778.941833496094 791.841491699219 810.165283203125 817.82080078125 823.895446777344 829.888366699219 834.380859375 843.626525878906 850.247680664062 851.891357421875 858.145751953125 865.09130859375 871.728454589844 874.878356933594 881.638671875 891.085693359375 883.902954101562 893.572814941406 912.799377441406 913.808776855469 919.761962890625 931.408325195312 922.862670898438 899.974487304688 912.377807617188 926.062683105469 924.315185546875 909.674438476562 873.765380859375 870.588745117188 864.620910644531 848.81396484375 853.99169921875 852.504577636719 816.191101074219 821.603149414062 814.490478515625 795.970581054688 790.975646972656 793.069213867188 797.768432617188 820.240661621094
708.674438476562 715.778686523438 726.668701171875 735.5986328125 741.722900390625 749.361083984375 758.465759277344 784.353698730469 792.737548828125 810.237548828125 821.906372070312 825.60888671875 826.70947265625 832.909301757812 843.848327636719 848.60107421875 853.702209472656 859.235595703125 866.486450195312 879.503295898438 879.913269042969 874.491821289062 877.198852539062 892.937622070312 906.488891601562 916.695922851562 928.677612304688 932.167236328125 933.187255859375 930.506530761719 920.469360351562 921.446899414062 923.844421386719 923.046508789062 925.569396972656 894.150756835938 886.104187011719 898.260437011719 881.715393066406 862.209045410156 870.496948242188 820.176452636719 809.694274902344 802.698608398438 795.615600585938 790.367309570312 796.155212402344 788.2099609375 780.220642089844
706.203857421875 713.816955566406 722.043395996094 730.815856933594 739.97216796875 748.214782714844 756.533874511719 780.505065917969 790.08349609375 809.481750488281 825.837585449219 827.260192871094 830.060424804688 836.837829589844 844.027526855469 853.383361816406 860.104125976562 866.266174316406 877.27490234375 879.744750976562 881.900268554688 881.237670898438 878.364013671875 890.542785644531 896.941223144531 906.713745117188 926.11962890625 933.625732421875 934.633605957031 932.667297363281 933.811889648438 934.531005859375 900.789367675781 895.331298828125 921.514465332031 921.9287109375 896.900695800781 896.814453125 916.869995117188 889.618774414062 861.929565429688 858.040161132812 815.853576660156 800.465881347656 811.333374023438 765.795532226562 740.781127929688 773.2646484375 765.729370117188
705.10693359375 712.838012695312 720.742736816406 729.403869628906 739.939086914062 750.36376953125 760.041931152344 783.147216796875 792.647094726562 811.896240234375 833.861694335938 830.58251953125 828.554443359375 838.343139648438 844.770202636719 852.58447265625 862.188537597656 869.667419433594 880.286499023438 874.939880371094 876.084411621094 880.825134277344 878.598815917969 881.765014648438 902.030700683594 911.820556640625 919.794372558594 927.572204589844 930.463012695312 931.788269042969 934.419189453125 933.911926269531 901.5224609375 895.695007324219 921.031433105469 927.20751953125 906.577758789062 897.073547363281 904.067199707031 898.450012207031 869.327209472656 854.74169921875 828.179077148438 802.59814453125 799.102111816406 807.853637695312 811.146606445312 786.716491699219 766.462463378906
705.235534667969 711.314453125 719.174499511719 730.196411132812 744.520935058594 753.599731445312 760.044738769531 781.446411132812 788.596557617188 804.224609375 821.823181152344 823.264892578125 827.774963378906 838.152526855469 845.044311523438 853.64892578125 864.566040039062 872.043212890625 887.435546875 878.998840332031 872.289978027344 875.088073730469 874.783447265625 877.74267578125 893.922546386719 912.530212402344 918.584350585938 923.339599609375 930.404235839844 931.743774414062 932.652465820312 927.393615722656 873.383544921875 864.65625 912.119323730469 921.489624023438 918.410278320312 895.787841796875 889.23681640625 886.161865234375 874.791320800781 836.815063476562 827.082763671875 804.258911132812 797.225402832031 788.360656738281 802.277648925781 799.088623046875 779.885498046875
708.762756347656 711.796569824219 717.213439941406 727.330261230469 739.780578613281 750.966430664062 758.774475097656 777.167297363281 786.434936523438 796.579711914062 810.564697265625 816.199829101562 826.835083007812 838.34033203125 844.926818847656 852.614013671875 861.389953613281 868.631774902344 890.276000976562 884.545776367188 872.944702148438 874.865173339844 876.653259277344 876.670593261719 879.14111328125 905.757141113281 908.342102050781 912.910461425781 931.130981445312 929.796752929688 930.39208984375 927.458923339844 892.551635742188 874.857849121094 904.172180175781 913.437072753906 898.488647460938 889.650085449219 894.001831054688 882.98095703125 881.10107421875 849.516967773438 826.112487792969 813.775512695312 798.753112792969 791.902954101562 792.8720703125 801.464294433594 803.67236328125
