rcp8.5models/CNRM-CM5/sc1gr7.8
NCOLS 261 
NROWS 433 
XLLCORNER 336357.134 
YLLCORNER 654653.479 
CELLSIZE 1000 
NODATA_value -3.4e+38 
[rows 242 to 263 of 433, columns 49 to 97 of 261]
97.2314376831055 97.1719970703125 97.3463973999023 97.2153854370117 97.2097396850586 97.5806884765625 97.7966003417969 97.7137985229492 97.9389495849609 98.1686706542969 98.1704483032227 98.0329055786133 97.9121704101562 97.9817123413086 98.2905578613281 98.2730865478516 98.1261520385742 98.0988006591797 97.9708404541016 97.7453384399414 97.7254943847656 97.8051376342773 97.7674865722656 97.6312866210938 97.4815673828125 97.3763732910156 97.2484664916992 97.2069931030273 96.9790878295898 96.7194519042969 96.5127868652344 96.3934173583984 96.5868072509766 96.5898361206055 96.7411575317383 97.0427017211914 97.2368392944336 97.1201171875 97.1716156005859 97.3813705444336 97.3408737182617 96.787239074707 96.2971572875977 95.8581848144531 95.6935348510742 95.2919006347656 94.313606262207 92.5106964111328 91.0354080200195
97.1215896606445 97.1384201049805 97.0745620727539 97.1073226928711 97.3993453979492 97.590705871582 97.5187149047852 97.6415786743164 97.5334777832031 97.619758605957 97.9537658691406 97.9580154418945 97.715934753418 97.8181533813477 98.0487823486328 98.0139007568359 97.8320236206055 97.6658630371094 97.53125 97.5911712646484 97.5537338256836 97.3419494628906 97.1629104614258 96.9375762939453 96.8274917602539 96.6751098632812 96.5473327636719 96.4504470825195 96.2039413452148 95.9855651855469 96.0149841308594 95.9610061645508 95.8542251586914 95.8042984008789 95.9526901245117 96.3571853637695 96.5986404418945 96.9441986083984 96.6830139160156 96.6659545898438 96.9062728881836 96.5671844482422 95.9923324584961 95.5050354003906 94.9385147094727 94.6839218139648 94.1448593139648 93.2974548339844 91.8807144165039
97.1255874633789 97.206672668457 97.2914505004883 97.188591003418 97.4371871948242 97.5830307006836 97.332763671875 97.5623016357422 97.3490371704102 97.3827972412109 97.7157669067383 97.768180847168 97.7368316650391 97.715446472168 97.8958892822266 98.02978515625 97.7548522949219 97.5405502319336 97.6341705322266 97.6111221313477 97.3904647827148 97.1696166992188 97.1260452270508 96.8687286376953 96.6881637573242 96.4974975585938 96.2740249633789 96.1749572753906 96.0631103515625 95.7899627685547 95.8135833740234 95.5626373291016 95.5049819946289 95.511848449707 95.7150039672852 96.0317459106445 96.365104675293 96.5214233398438 95.4023132324219 94.3707275390625 95.9947662353516 96.1426239013672 95.5785293579102 95.2800903320312 94.8986434936523 94.4559555053711 93.9556350708008 93.1737213134766 91.5474395751953
97.1597518920898 97.2153396606445 97.243766784668 97.3412475585938 97.371940612793 97.4507064819336 97.3587112426758 97.4433364868164 97.223014831543 97.2874374389648 97.5440902709961 97.5503540039062 97.7334899902344 97.6951599121094 97.8042678833008 97.881462097168 97.6982345581055 97.4411315917969 97.6016159057617 97.5064849853516 97.2481079101562 97.1010665893555 97.0480194091797 96.7622299194336 96.6965408325195 96.6723098754883 96.3615493774414 96.0726852416992 95.9316635131836 95.6849822998047 95.4712448120117 95.2886047363281 95.217155456543 95.2443923950195 95.5929794311523 95.6947479248047 95.8914108276367 96.0217971801758 94.251579284668 92.6648483276367 95.3762664794922 95.523307800293 95.1738739013672 94.815071105957 94.3114471435547 93.8469848632812 93.3281707763672 92.8234786987305 91.5898742675781
97.2133941650391 97.1595230102539 97.1869735717773 97.148796081543 97.0952301025391 97.1151885986328 97.2168426513672 97.3965606689453 97.2182693481445 97.1884460449219 97.4055938720703 97.2541427612305 97.4161758422852 97.4856872558594 97.6559448242188 97.674690246582 97.5578689575195 97.4328460693359 97.6037902832031 97.3378143310547 97.1753158569336 97.0700759887695 96.9185409545898 96.7122802734375 96.7291793823242 96.6624145507812 96.2789077758789 95.9569702148438 95.8629150390625 95.5288696289062 95.3048477172852 95.1332550048828 95.0480880737305 95.1137924194336 95.2493743896484 95.3163223266602 95.4691848754883 95.6051635742188 94.3677215576172 93.4043655395508 95.0681991577148 94.9436264038086 94.7574462890625 94.3400802612305 93.6878204345703 93.1262512207031 92.6837463378906 92.2622909545898 91.7260131835938
97.1869735717773 96.9735641479492 97.1075668334961 97.0489959716797 96.9602737426758 96.8097534179688 96.9032287597656 97.158561706543 97.0959091186523 97.0318298339844 97.1021728515625 96.9582443237305 97.0958557128906 97.3042984008789 97.3671112060547 97.2835922241211 97.2039031982422 97.2853622436523 97.5011672973633 97.3183517456055 97.0775299072266 96.9174575805664 96.9041290283203 96.7703628540039 96.6458969116211 96.3758239746094 96.0268859863281 95.8799896240234 95.8797302246094 95.3603591918945 95.3515853881836 95.3199996948242 95.1052093505859 94.9892654418945 94.8318099975586 94.8718795776367 95.0993576049805 95.2657089233398 94.5951690673828 94.1298675537109 94.6462173461914 94.1761169433594 94.1615524291992 93.7145385742188 93.3737716674805 92.8401641845703 92.3599395751953 91.9057922363281 91.3811264038086
96.9840927124023 96.8684616088867 96.8402099609375 96.9303665161133 96.9846343994141 96.7479019165039 96.829345703125 96.9754791259766 96.9208984375 96.8938522338867 97.0685195922852 97.0366668701172 97.060432434082 97.1255493164062 97.1316604614258 96.9034118652344 96.8234786987305 97.0602951049805 97.0744934082031 97.0760345458984 97.1121444702148 97.0017318725586 96.8487243652344 96.7581634521484 96.5388870239258 96.1537628173828 95.8393096923828 95.7976913452148 95.8616409301758 95.5389175415039 95.3164443969727 95.1827697753906 94.9649200439453 94.7372589111328 94.5150604248047 94.4469223022461 94.6914672851562 94.8764266967773 94.3902130126953 92.3574066162109 90.9544830322266 93.5236892700195 93.4646682739258 93.0586242675781 92.8648452758789 92.4598999023438 92.0706634521484 91.6217422485352 90.9415893554688
96.6116561889648 96.5480346679688 96.6188278198242 96.7223129272461 96.7586059570312 96.6710968017578 96.8164672851562 96.9936828613281 96.9242630004883 96.9015197753906 97.1793594360352 97.1422805786133 97.0572357177734 97.1189346313477 97.0108184814453 96.7862167358398 96.7121047973633 96.8359985351562 96.6334609985352 96.8041076660156 96.93017578125 96.8514862060547 96.8295593261719 96.6510162353516 96.2613143920898 95.9651260375977 95.866828918457 95.9737319946289 95.8443222045898 95.4089279174805 95.13427734375 94.5926513671875 94.0093460083008 94.0407485961914 94.2692031860352 94.1043319702148 94.2845764160156 94.5350494384766 94.1036987304688 92.4072341918945 90.4173126220703 93.052131652832 92.8079833984375 92.289909362793 92.0991287231445 91.9028549194336 91.5795211791992 91.0948867797852 90.1834259033203
96.422607421875 96.2525405883789 96.3031158447266 96.4990158081055 96.7096252441406 96.6667098999023 96.5920715332031 96.8189315795898 96.9067764282227 96.8704223632812 96.9610900878906 96.9755859375 96.9096145629883 97.0704193115234 96.9601287841797 96.9262008666992 96.815673828125 96.6329040527344 95.9136352539062 96.6743545532227 96.6131439208984 96.5648574829102 96.5781402587891 96.408088684082 96.1100234985352 96.0711441040039 95.9871673583984 96.0390319824219 95.6520309448242 94.997802734375 94.8456573486328 94.4151458740234 93.8173675537109 93.8076400756836 92.9526977539062 91.9904556274414 93.7973861694336 94.0006332397461 93.8132019042969 93.1660919189453 92.3846588134766 90.335090637207 92.4151306152344 91.8793258666992 91.3715591430664 91.0635604858398 90.8747482299805 90.5564193725586 89.9441070556641
96.4312973022461 96.3709869384766 96.2905807495117 96.3979873657227 96.5993194580078 96.6625595092773 96.5017395019531 96.8155212402344 96.8797836303711 96.8585586547852 96.8411026000977 96.9679183959961 96.8781585693359 97.041259765625 96.9524459838867 96.8005218505859 96.7613983154297 96.538818359375 96.1005935668945 96.4507369995117 96.322639465332 96.2864761352539 96.1407012939453 96.1952285766602 96.2604675292969 96.0861587524414 95.9279327392578 95.8239212036133 95.4237213134766 94.6701354980469 94.6069793701172 94.32861328125 93.9797515869141 93.7420654296875 92.8741760253906 92.1733627319336 93.3410186767578 93.4516143798828 93.4846649169922 92.7086486816406 92.2978973388672 89.8051071166992 91.0013122558594 91.4516448974609 90.8519821166992 90.3405532836914 90.0987777709961 89.8076934814453 89.6715698242188
96.4011077880859 96.2872009277344 96.2356643676758 96.4741058349609 96.5730972290039 96.5926361083984 96.6457214355469 96.6480407714844 96.7831649780273 96.86376953125 96.8044204711914 96.9846343994141 96.9347686767578 97.062126159668 96.8389434814453 96.6315612792969 96.6755905151367 96.5096893310547 96.6110534667969 96.4225769042969 96.1976318359375 96.0857009887695 96.019645690918 95.9258575439453 96.002311706543 95.9647216796875 95.7929077148438 95.5927505493164 95.1473770141602 94.6093292236328 94.4711151123047 94.1282806396484 93.8691177368164 93.5677947998047 93.340950012207 93.0822906494141 92.9286193847656 92.9552688598633 92.8949890136719 92.3211212158203 91.9461898803711 90.9394607543945 90.5283660888672 90.8701019287109 90.4977188110352 89.8735656738281 89.3843841552734 89.1456451416016 89.0909576416016
96.2712860107422 96.2197875976562 96.2695007324219 96.5556030273438 96.5720672607422 96.5867691040039 96.6712875366211 96.7152099609375 96.7387847900391 96.7013244628906 96.7299957275391 96.7631683349609 96.7216339111328 96.8460083007812 96.6755828857422 96.5410232543945 96.5007629394531 96.4837417602539 96.5976181030273 96.3856658935547 96.0901641845703 95.9802780151367 96.1001892089844 95.739616394043 95.67578125 95.6664428710938 95.4422760009766 95.3412475585938 95.2508010864258 94.6629333496094 94.2077102661133 94.0708847045898 93.8727645874023 93.50048828125 93.4034042358398 92.8646011352539 92.6175842285156 92.5664901733398 92.4246139526367 92.1086273193359 91.8753051757812 90.8593444824219 89.8955001831055 89.3351669311523 89.9191131591797 89.4055480957031 88.861442565918 88.5831985473633 88.3493118286133
96.0788497924805 96.1496200561523 96.2821960449219 96.3610000610352 96.4966354370117 96.4805374145508 96.5682144165039 96.6279067993164 96.4537582397461 96.4345703125 96.7359313964844 96.7079849243164 96.6752548217773 96.7898788452148 96.7275314331055 96.6461944580078 96.5103530883789 96.5706939697266 96.5645141601562 96.4394836425781 96.3056640625 96.1072998046875 95.9687042236328 95.7409820556641 95.5554885864258 95.3713150024414 95.3444137573242 95.2517852783203 95.2879867553711 94.5939559936523 94.2369995117188 94.181755065918 93.9763336181641 93.5123977661133 93.1113815307617 92.5053405761719 92.0478668212891 92.2423782348633 92.1170501708984 91.6769104003906 91.1067733764648 90.5000305175781 89.4645385742188 87.7312240600586 87.6319122314453 88.990478515625 88.3417282104492 87.950813293457 87.6265106201172
95.9917068481445 96.0990142822266 96.2236099243164 96.1603622436523 96.1100463867188 96.0732269287109 96.2036437988281 96.1104888916016 96.0275192260742 96.0506286621094 96.275505065918 96.3128356933594 96.4519958496094 96.4990234375 96.3201675415039 96.3492584228516 96.3313140869141 96.3020706176758 96.0844039916992 96.2578277587891 96.1786041259766 95.9889526367188 95.8843078613281 95.7544937133789 95.63427734375 95.3954238891602 95.0565795898438 94.7855224609375 94.7217712402344 94.4470977783203 94.0780868530273 93.7914733886719 93.6002044677734 93.2010879516602 92.7643432617188 92.109245300293 91.4745788574219 91.105598449707 91.3964233398438 91.0058441162109 90.1752395629883 88.8619155883789 88.6328811645508 88.1140365600586 87.7719650268555 87.9572677612305 87.4289169311523 86.7831344604492 86.4089126586914
95.7932586669922 95.9067916870117 95.9187774658203 95.9748916625977 95.9609527587891 95.8970336914062 95.9721069335938 95.8344802856445 95.709114074707 95.6293106079102 95.656494140625 96.0565948486328 96.0985107421875 96.1386566162109 96.2793426513672 96.2344284057617 96.1280899047852 95.960807800293 96.0262908935547 95.974250793457 95.8602066040039 96.0483779907227 96.0289001464844 95.8031921386719 95.6619644165039 95.385383605957 94.9996337890625 94.6477661132812 94.3682708740234 94.0687408447266 93.8653945922852 93.5901870727539 93.2218017578125 92.9188461303711 92.5746383666992 91.9790878295898 91.3108520507812 90.8405151367188 91.0104141235352 90.5828170776367 89.9549179077148 88.4351654052734 87.923225402832 87.174201965332 86.6050262451172 86.2959671020508 86.8277587890625 86.1502914428711 85.7157516479492
95.8534393310547 95.7997970581055 95.6903457641602 95.6446151733398 95.771110534668 95.6457595825195 95.6758804321289 95.6165008544922 95.6131134033203 95.5707626342773 95.717887878418 95.9703979492188 95.9387512207031 95.9653625488281 96.0309677124023 96.0524444580078 96.0057144165039 95.8352584838867 95.8311538696289 95.767936706543 95.7584609985352 95.8739013671875 95.7904281616211 95.6520843505859 95.6369400024414 95.5110778808594 95.2198867797852 94.8173294067383 94.3842697143555 93.832763671875 93.7980575561523 93.3050079345703 92.7899017333984 92.3349304199219 92.0383148193359 91.6520690917969 91.0954666137695 90.5329055786133 90.4785842895508 90.1423950195312 89.7816696166992 88.4251861572266 87.6787338256836 86.8185806274414 86.2184906005859 85.8964385986328 86.3455047607422 85.5739364624023 84.9206008911133
95.5693588256836 95.4661254882812 95.5241470336914 95.4784240722656 95.441276550293 95.5237884521484 95.6348114013672 95.5671997070312 95.5863723754883 95.5543518066406 95.8681793212891 95.9581985473633 95.8820037841797 95.7704162597656 95.7012176513672 95.8569564819336 95.9147262573242 95.9217834472656 95.8179473876953 95.876838684082 95.697135925293 95.5712356567383 95.5153198242188 95.6001358032227 95.5583038330078 95.2772827148438 95.1848297119141 94.9271621704102 94.3382568359375 93.7094573974609 93.5579605102539 93.1958847045898 92.525016784668 91.9918746948242 91.3825225830078 91.0716934204102 90.8204650878906 90.1854095458984 90.023307800293 89.8552551269531 89.5077285766602 88.3004455566406 87.5647430419922 86.9650268554688 86.4843139648438 86.2296142578125 86.010871887207 85.2504730224609 84.7260971069336
95.2000198364258 95.3457489013672 95.4727020263672 95.5327758789062 95.4237976074219 95.4586791992188 95.5010833740234 95.5161972045898 95.6261367797852 95.657356262207 95.8846893310547 95.915901184082 95.7105560302734 95.5922164916992 95.5164566040039 95.5926513671875 95.8146667480469 95.9470596313477 95.8054275512695 95.8444366455078 95.5000534057617 95.3828582763672 95.2994232177734 95.3784561157227 95.3954849243164 94.9932098388672 94.9065704345703 94.7270050048828 94.1663665771484 92.6682281494141 93.320915222168 92.9398040771484 92.4390563964844 91.9148025512695 91.0535354614258 90.568603515625 90.3858642578125 89.9751663208008 89.7682495117188 89.6478271484375 89.1386871337891 87.960693359375 87.4078598022461 86.8706512451172 85.8213577270508 84.9319000244141 85.6194686889648 84.9328002929688 84.446907043457
94.8962020874023 95.0993576049805 95.3643951416016 95.4232635498047 95.403434753418 95.486328125 95.3951873779297 95.4191665649414 95.4903106689453 95.5150604248047 95.6207580566406 95.6171722412109 95.5126419067383 95.5756759643555 95.4272613525391 95.3845367431641 95.6545181274414 95.5939331054688 95.4765396118164 95.5884552001953 95.5313568115234 95.2864990234375 95.0955581665039 95.0583724975586 95.0799331665039 94.8406448364258 94.888298034668 94.545768737793 93.9826431274414 92.755973815918 93.0297622680664 92.6661605834961 92.4932174682617 91.7480392456055 91.0249481201172 90.5229415893555 89.9530334472656 89.4936218261719 89.3928451538086 89.3274765014648 88.6235580444336 87.3611831665039 87.0499038696289 86.6843109130859 85.7997665405273 84.9413986206055 85.1947174072266 84.5359344482422 83.8987045288086
94.8750686645508 94.9330902099609 95.0960388183594 95.1438980102539 95.0873489379883 95.2543716430664 95.326301574707 95.4180145263672 95.4118957519531 95.3310394287109 95.4070358276367 95.4746932983398 95.3861541748047 95.3156967163086 95.1497802734375 95.17333984375 95.4241256713867 95.12109375 95.0295257568359 95.3738174438477 95.48583984375 95.1712646484375 94.8396072387695 94.9130783081055 95.0458221435547 94.8100433349609 94.82568359375 94.3897399902344 93.8851776123047 93.1315231323242 92.6713409423828 92.2891616821289 92.2256088256836 91.6044769287109 90.9725112915039 90.6397476196289 89.908088684082 89.1052474975586 88.949577331543 88.8443069458008 88.326301574707 86.9940414428711 86.5392990112305 86.1129379272461 85.9826736450195 85.3232955932617 84.6106872558594 84.3353805541992 83.3548202514648
94.6259841918945 94.7108154296875 94.8199615478516 94.8683395385742 94.7826919555664 94.9256286621094 95.0033798217773 95.230094909668 95.2623062133789 95.319091796875 95.4017639160156 95.3808975219727 95.3054504394531 95.3041610717773 95.2768020629883 95.2493896484375 95.2839889526367 95.0221862792969 94.8138198852539 95.3071823120117 95.316291809082 95.1468658447266 94.8725204467773 94.9104461669922 94.9375076293945 94.6409378051758 94.5591430664062 94.1632614135742 93.8500213623047 93.1225891113281 92.1711502075195 91.9242706298828 91.8403167724609 91.5925598144531 91.0639572143555 90.4251403808594 89.6221618652344 88.8944320678711 88.7640609741211 88.4745635986328 87.9885406494141 86.7461547851562 86.0470581054688 85.3794479370117 85.3213424682617 84.9351119995117 84.4475173950195 84.1343002319336 83.2175979614258
94.4962921142578 94.5420455932617 94.6657409667969 94.6895751953125 94.7089691162109 94.9156494140625 94.8246994018555 94.9931411743164 95.137321472168 95.0752944946289 95.0899124145508 95.1331787109375 95.191162109375 95.2478866577148 95.2699203491211 95.2451782226562 95.1152267456055 95.0928421020508 94.8799514770508 95.0947036743164 95.2770690917969 95.1383209228516 94.8695983886719 94.764274597168 94.6487197875977 94.3487777709961 94.1938629150391 94.0016479492188 93.919792175293 93.1826400756836 92.0096054077148 91.5816345214844 91.4292602539062 91.3887710571289 91.0312118530273 90.1675338745117 89.2672958374023 88.684440612793 88.5578689575195 88.1962509155273 87.6731414794922 86.0605316162109 85.3247680664062 84.6817321777344 84.7667465209961 84.6895904541016 84.2004089355469 83.6289825439453 82.560661315918
