rcp8.5models/CNRM-CM5/sc1gr10.5
NCOLS 261 
NROWS 433 
XLLCORNER 336357.134 
YLLCORNER 654653.479 
CELLSIZE 1000 
NODATA_value -9999 
[rows 374 to 395 of 433, columns 50 to 99 of 261]
-9999 -9999 625.070481542576 629.192189064607 633.225881604817 637.643367679001 646.668011782689 652.43912497286 655.459058629153 658.811210369877 662.978432122356 665.363531787781 665.461911537967 673.308078404426 676.937024242704 686.274879552519 694.589139751381 696.851385032282 721.579684918404 730.816149878698 718.190385384357 710.037421766581 718.68084405567 714.6046141446 702.1958635116 696.53924832089 696.342428204735 714.253622435256 736.394875016916 734.915267482925 724.293344792563 707.670375783839 698.441115480966 698.264484072089 703.958066728358 711.390525911624 715.615203888081 710.758231980915 705.65241332148 709.950578890537 708.599994819377 705.553380649492 652.985946796418 570.014401738141 529.680125676873 532.468956994186 541.430108697856 536.232482722647 568.119375069906 565.020991055832
-9999 -9999 623.937412352044 627.783428285884 631.78483173313 636.149140474996 644.724523896607 649.363090056244 650.78053476671 654.564582555164 660.027585622127 661.278718837568 662.475274526609 670.130684163288 673.097686877072 676.863540854971 692.894606802924 689.776017374554 709.905801469559 714.785926898317 704.689341939646 715.853840392958 729.480447283622 714.642177882948 700.141480371809 694.091125077083 693.48560319759 698.769873976613 730.379876446404 730.81390274537 729.388917088549 715.307350270674 699.283604482331 693.375804284156 698.522692017446 705.535119535815 714.0145908869 712.278472154728 705.505760577102 707.098537577755 703.123560844608 694.091011462214 638.233767915043 564.829812529544 538.457262276473 533.551861050875 537.297186350306 537.419319481125 565.982857645552 558.434772391543
-9999 -9999 623.398394698705 626.328442731146 630.567496351391 634.755325676294 641.912561931977 646.147722614696 648.175144915639 652.493258061711 655.624021513628 657.416379235562 662.278187618605 670.799034517561 681.202986739329 688.01897900133 697.702776342408 714.798280725871 703.96308217229 710.833328127736 711.302091592622 723.515821311834 734.498929175518 709.615384500261 697.392815430915 694.110113798001 690.052528553373 691.300818146137 719.649197120048 729.74604074764 729.42881506197 713.638091341387 694.974792560616 695.680523469062 701.809055361056 700.973512868613 705.339413498854 707.851302178594 703.925737847957 702.375786859336 698.278790485074 642.750658174159 600.758477746758 561.574438112687 536.926507342987 541.260113470171 534.774904989913 533.089145555725 536.835047287728 539.594782789317
-9999 -9999 -9999 625.974807446026 630.132547796022 633.758473298189 639.750907395587 643.504974758001 645.996704737127 651.935939274714 653.985257818251 655.115740617086 661.249719844708 668.297800081954 686.503788570301 693.902936539937 699.670903602162 713.363313476169 711.979150009365 719.907459945975 716.477193298932 722.522636445645 732.854219910674 716.926093514753 698.939607912856 692.449945242379 687.761082809235 687.934615185106 700.598652814942 706.416473459195 708.948557044268 702.292250445081 693.868912842698 698.667021120241 696.634462329227 694.095574731827 698.687610821584 703.436947773945 700.291177901506 695.54318445867 694.130289192775 653.26369404857 650.96800247353 594.171382206785 529.324107661324 541.588984588681 541.868877288734 540.694395151479 545.759897061037 552.919057709489
-9999 -9999 -9999 624.994603461569 628.631905419673 631.829038028934 -9999 640.746443961446 -9999 -9999 651.111200663657 653.758537606227 658.853347528436 663.750407132981 673.725760823512 683.001615897448 687.540686487959 688.960129841797 715.407808018402 728.824067513914 714.238650192674 703.556332315737 718.48090519044 715.688454004217 695.99147377556 688.93319582047 685.084384864712 683.383796316702 683.600809313573 682.096006499005 697.744055410967 699.097195359775 691.611546987376 693.07784110752 692.760290204496 689.633124625556 692.727171935104 699.737544143753 700.722857325617 694.015793735202 687.648028495527 685.324371835261 683.127709951418 600.783435882094 569.583914569362 567.069491168804 543.302720513617 541.994306679892 540.033313313581 550.815636501369
-9999 -9999 -9999 622.490816321703 626.055788469764 -9999 636.185422808761 638.606498532727 642.888882638324 646.18765872386 648.502162354816 651.987984388372 655.597440300864 660.654775208915 662.693939348 668.437226507674 677.315952696166 680.531547823778 707.119014144028 722.089083305069 718.048810450427 701.554139528266 696.368029260219 701.543264948188 693.681887133889 685.624746830489 680.937616744373 678.613133648736 681.093825706914 683.028998947481 701.638709319147 707.878604211489 698.611849853056 694.208145565753 690.569615403683 684.830704389168 684.704076885911 690.600049541106 695.445683849553 691.303540305161 684.176464957418 682.243981739875 676.660947551189 640.305087865541 641.212072935545 631.940411390833 567.332904607287 539.692511071419 543.574004698578 547.360715644573
-9999 -9999 -9999 -9999 623.969662018162 626.9707567993 -9999 639.369904963405 643.148378388291 644.930194636215 646.765835225621 649.890369049668 652.592218276896 656.562898910227 658.322577645991 660.010686326524 668.638052119507 687.113252252408 697.853391807714 712.782383859697 722.854745181546 716.949133851457 695.887615730066 686.183537258731 682.256321124479 679.586783543589 676.729124347493 675.758185025247 678.63205599733 686.492986377927 697.876800736627 708.327818953687 708.849619143503 699.418500588993 694.416587857136 687.873071444084 681.66964546513 681.439847516848 684.615646624819 686.432932582693 673.605871064117 680.017843669214 676.952274571465 670.60188139888 662.142007253321 654.453709414203 624.356278954549 563.531036749908 537.354034119625 544.896339841601
-9999 -9999 -9999 -9999 624.481475648168 626.000973972932 632.760275840666 636.933364205579 640.990269599825 644.125531152391 646.155717421628 647.683611848698 650.975300717216 654.642030314 656.270451466803 657.906923710486 666.964340461062 694.74579668524 705.664907003277 716.77898971245 722.299116216097 719.159327366602 709.152175496194 684.48147573514 675.365739340605 677.239437922294 674.522002861186 673.531900025842 678.090002306025 685.222685805627 694.488266947459 698.172765518517 704.640139745098 694.395894859883 695.068489614942 687.33659309681 675.425282783329 671.943107220065 677.204910564688 684.95675598497 670.534069006836 670.666050935865 670.003454128759 661.98795107336 650.234158412286 640.859496120701 650.857832618056 623.503621475704 554.086361635774 537.454956001024
-9999 -9999 -9999 -9999 622.137515548073 626.834978544063 632.345411177101 634.441304743328 638.3317304685 643.179579183432 644.568540133634 646.715285534238 649.317874954135 653.021448967122 655.038269001643 657.047574131749 662.613057437096 690.079881848421 707.247763875536 715.617111059734 715.696273235351 709.055419589762 705.355282993811 687.083574290243 675.481476626246 673.766175093454 672.473038475066 671.30171148264 673.330342581344 685.001054909992 695.769631558632 694.937651766394 700.315652332577 688.776283590217 690.55428048874 683.796314886658 669.16133914927 663.844349975386 673.336696317736 682.883192191241 669.85736780052 659.584576366067 655.204125878077 649.780396008183 644.404617891351 641.423347067601 643.535858873322 649.25167223394 616.334676117099 591.577181510615
-9999 -9999 -9999 -9999 -9999 624.356071839464 630.507033663647 631.832763760668 636.167452647914 639.688298033538 640.469203838634 642.893127972572 645.39640572739 649.283075264563 651.057154501854 652.705708594967 653.949571801429 655.76190582339 658.9585047679 660.41398273345 661.137841446515 674.936867557673 685.180082492039 680.619711183063 669.652744469946 663.501165079374 663.613659855475 663.975043396171 663.270707687682 684.031893526331 689.544098220637 685.524213649677 691.972908306991 688.74726605234 688.250906257529 687.699488262155 675.371475817831 659.85955438809 652.901979041131 658.163725868972 658.778964044403 652.880905129669 649.817403654475 652.643251188918 645.965714597808 638.325944369867 636.733714860259 631.629164700469 628.228561012433 599.317894299491
-9999 -9999 -9999 -9999 -9999 622.545873230486 628.948287674554 630.688588776282 634.410135308395 636.042657698166 638.671268488072 642.218250435077 645.479265653046 647.907130753843 651.92707302194 652.15049630817 653.124357850862 652.544234350005 656.693829958754 658.443108780996 659.689361432729 662.982400631164 666.027526584019 665.753855743165 662.710715685583 660.180410303179 659.673563492596 661.279683861363 658.773418673787 671.049356014078 677.524695335586 680.046836661575 687.763324019542 687.280370422989 684.723511382561 675.253802957413 670.544398133537 666.888729992884 655.650937089888 649.457140890691 659.032219969002 655.15610434794 643.561287440771 645.301625085103 644.788564328284 641.206477359631 638.64351685272 630.690101930133 624.922218920163 628.385606780128
-9999 -9999 -9999 -9999 -9999 -9999 624.957120206749 628.215559311257 632.143155583346 634.837745199619 637.766696883133 640.728170309971 644.172461640612 645.293289518842 647.982698973223 650.697491609309 651.154678388067 649.502505420819 653.520205679704 659.894044069022 663.502064399277 661.856783689596 659.634805108621 669.315024609372 673.803345343274 667.029599191707 660.282866732937 658.620640818806 656.661054237856 665.038612210955 678.269966651176 682.935158538162 686.117986207927 687.150484565463 684.147195189234 673.649600351518 668.7045399752 669.793829574299 660.977784748195 648.593561771147 648.812472404371 652.455955768334 650.208333391097 647.600334643647 644.4093743351 644.545455446792 640.894727026242 632.352888548422 624.404418465913 620.97873249949
-9999 -9999 -9999 -9999 -9999 -9999 622.763211082729 626.268545893481 628.924863784632 631.763623726283 635.396749447194 638.054654998572 641.32340923907 643.243389694945 644.435695793921 647.197976338583 648.270432353076 647.251840090919 651.199785726051 657.102910721777 662.560245106666 665.011744431563 660.181357612313 668.543666946699 670.057389826999 664.420560704211 659.679223221837 655.26024827902 654.379244102886 659.111820818301 674.224710601727 681.263748518811 677.810167082258 680.37917376043 678.535423054322 674.215375593117 672.446039655917 668.617188365092 660.895716960526 651.553247135659 637.711854412552 644.23566575932 652.060147714479 651.202330054825 645.030310346825 641.897441077542 641.166102490335 635.547617063245 629.218725814757 621.714751265675
-9999 -9999 -9999 -9999 -9999 -9999 620.39288151963 622.68560057201 625.382913332184 627.753184087973 631.671063151667 634.242777569909 636.502070254812 639.369852570049 641.328084616752 644.211077956595 646.439060553356 645.093062573526 648.304686058444 651.080853643099 655.428079851028 660.901544463098 662.215128490686 659.402671807113 663.783112524268 670.187479581534 664.57943125881 653.976130977276 651.532713917357 650.376098718427 655.736960302478 667.292894222863 669.2206823823 674.327400434154 675.617805548438 669.665264779065 603.858102582573 616.061243304193 653.76401912926 651.182481410214 638.822917559291 638.605886672864 647.657672124406 649.641305896708 646.6593142327 641.665271761521 639.849140678126 633.902811239885 597.643121156652 598.023478796293
-9999 -9999 -9999 -9999 -9999 -9999 616.758735524527 619.66643893571 622.87226222553 624.482538122868 626.693809673023 629.381236836319 630.719545698528 634.295007633265 636.906233799393 640.378798081529 643.598907462452 643.391825525125 644.088837580885 646.254529890499 648.957984511446 651.523573255858 664.117904075445 660.264280378654 663.103309278443 672.670776246442 662.326664443652 650.861916716999 653.590948841618 648.210083366112 648.74758716088 663.139133643314 671.46129300952 671.803505882639 673.542289196443 670.74890185864 613.929597616956 615.801441071412 643.330762987865 646.863414760064 645.530954848258 635.119113965954 642.573117617881 648.372004689114 646.148410161399 642.081377198413 638.652021936412 633.289069307409 556.898142204412 517.974829494217
-9999 -9999 -9999 -9999 -9999 -9999 -9999 617.782390510671 619.81184096851 622.075800106338 -9999 625.966774321559 627.178912516284 629.967891155983 632.616454066001 636.444947022267 640.076708186526 641.634450311581 640.324225994897 641.830631523035 644.064165061879 645.599872203386 664.770544414118 667.941539531061 662.264799022149 664.329686751451 655.483394196816 647.296249895056 655.857756561371 645.202526572392 652.050771997854 667.04547690556 673.099142878584 670.403998027813 669.157181960733 668.396497506863 666.570855111635 649.020274642256 636.170702124529 643.583601824128 651.316848643783 638.283056623265 632.74596975165 640.256521502906 590.298572398359 596.223403351423 635.903858083759 631.663319311525 588.969083323513 502.792297511807
-9999 -9999 -9999 -9999 -9999 -9999 -9999 614.669030331307 616.672566986119 -9999 621.205425005452 624.338219335133 626.69099519893 627.724476610112 630.018145543789 633.201084212609 636.629085210646 638.813478311007 638.789128922557 638.34706303218 639.703227386223 642.064230844369 654.211942411247 659.82499818455 658.116607959759 654.61095339725 648.453705645007 644.289159369048 648.070592604501 640.990315275844 650.203879414326 661.900911031563 667.511957903789 664.206167089509 663.311500800964 664.566319625416 662.645253927229 644.611118080287 631.092931307947 637.744843320247 646.917048159921 646.074045570752 632.121673154523 632.222088470935 592.59166776436 599.071253781416 632.499653555162 628.154467067524 624.385802172617 578.11510479116
-9999 -9999 -9999 -9999 -9999 -9999 -9999 612.213812845795 614.589876659978 616.340322383889 618.599236942052 621.197979296823 624.785797504895 626.695316002882 629.278306295648 631.659546611655 634.079999908988 637.254194168924 638.629089706104 637.75942852671 637.562633615049 637.756300918633 640.25859581958 648.886861145833 654.858670758445 652.296626104423 649.066427726538 643.225457356904 641.815147993383 639.195701692812 643.375545215902 647.196447774318 656.123892284551 658.780767796999 657.69341910886 659.701529114672 659.143220842292 641.809286310805 628.654372534985 630.725968078313 642.546437378506 646.255706180219 639.250986278897 631.777577875999 632.597524664518 633.604316943363 629.768072022171 625.281380665224 620.130216493137 615.281154225798
-9999 -9999 -9999 -9999 -9999 -9999 -9999 609.639415799405 611.625366462665 613.154717648086 614.954372775426 618.001612611981 621.337604545041 624.522042397994 626.335981180874 627.647736071683 630.547305168296 634.940457324719 636.657568585039 635.876879857159 634.734597716115 634.690590300186 635.610432975518 640.800221734155 651.491129574932 653.125274237858 652.142786090324 642.929172250623 642.367288044321 639.951592903394 636.383626164946 634.945887631977 644.773845812868 654.617815258321 654.969686647039 655.347247252522 654.161573508682 640.848486345634 628.530274280107 628.716640706339 643.080377693716 642.538140910863 581.715984890781 587.451815102584 625.604687596357 621.48334163654 618.633126187076 618.490406552073 617.384352229655 610.581445227716
-9999 -9999 -9999 -9999 -9999 -9999 -9999 606.042830106126 607.793498382642 609.995886198193 613.432801936797 616.545320227155 618.709781931607 621.17043301774 622.055123155904 623.921875162681 626.983777899023 631.167369035036 632.279443650637 631.934592967753 634.360531636395 634.887895371977 633.038557314292 635.37754618961 643.359538586928 648.205294468441 650.798697474566 645.685757689312 638.136972395737 635.786392024273 632.57794719776 631.119403619915 635.611648772281 641.73943827812 645.583202757558 650.064269763178 649.604831424139 637.290829238596 625.372952168465 632.076026517897 640.328928683505 635.63915095295 578.095607758065 586.978179722149 624.207772427645 614.886110938097 610.42062825301 611.387690416977 613.729040387387 607.572097717614
-9999 -9999 -9999 -9999 -9999 -9999 -9999 602.881299758785 605.330599816696 608.340210084155 611.763948206089 613.561746684309 615.101122733448 616.6498364873 619.24341978395 622.153049710288 623.588469521753 627.515832760991 628.790339605972 630.375728854908 637.95512722806 635.083161428563 629.340041308787 638.656443254912 646.33869868245 647.166194636779 648.443376270894 645.508228816369 632.467386635307 633.230050130575 631.32525701557 631.011871076812 630.22479453333 630.314606449345 632.167121067168 641.160035266582 644.069560672416 637.740951718914 627.610621104485 633.20512080397 630.139321064649 632.11500651828 624.091197560948 622.979907166005 625.318579105058 617.24031898626 609.781323677805 606.441261206444 605.598340289145 605.251876886529
-9999 -9999 -9999 -9999 -9999 -9999 -9999 597.353698127981 600.558983369765 602.236448522159 603.188120429211 604.216705533945 607.365702089424 611.480854016588 613.341205417391 613.666589372795 615.109956091703 619.567351224699 621.370758096412 622.665363619913 625.429112926805 632.960850210385 634.148470285449 626.785499348292 628.853578710456 637.107222270801 639.12426434837 636.986840880853 628.800936817326 626.102375795779 623.750602325826 622.707958525115 623.562763296675 624.183870376759 624.019331015325 620.802642707544 623.272715471033 630.026629402177 622.465920266887 615.740563484646 625.89602760046 626.075560933037 626.385166094417 623.813588056052 620.321280361251 618.376490521032 615.220501301149 608.653606093413 601.794410201304 598.71155098573
