rcp8.5models/CNRM-CM5/sc1gr4.13
NCOLS 261 
NROWS 433 
XLLCORNER 336357.134 
YLLCORNER 654653.479 
CELLSIZE 1000 
NODATA_value -3.4e+38 
[rows 286 to 307 of 433, columns 147 to 195 of 261]
232.331130981445 240.018142700195 234.8271484375 233.202117919922 238.713821411133 233.759155273438 239.628326416016 246.923690795898 238.56477355957 235.926696777344 241.149658203125 259.662628173828 258.736450195312 256.787841796875 269.154296875 274.563537597656 275.926239013672 276.760528564453 276.181610107422 274.515808105469 274.287078857422 -3.4e+38 275.337188720703 274.415344238281 273.419708251953 272.763549804688 272.450714111328 273.017822265625 273.574188232422 273.402709960938 268.839141845703 262.509857177734 269.921417236328 271.080780029297 272.241516113281 272.898193359375 271.284576416016 270.789245605469 271.825378417969 269.812957763672 268.011993408203 271.593841552734 272.986206054688 273.561889648438 272.95849609375 267.887298583984 263.075347900391 267.147979736328 271.072387695312
232.736404418945 240.004409790039 234.951568603516 234.036315917969 240.037078857422 235.077224731445 237.535583496094 242.096603393555 241.047103881836 234.42561340332 239.363388061523 264.298675537109 262.066802978516 261.634613037109 271.825866699219 273.934600830078 275.408813476562 276.568206787109 276.837310791016 276.517913818359 275.756469726562 -3.4e+38 275.093109130859 273.81689453125 272.694763183594 270.136138916016 265.822692871094 267.389221191406 272.885009765625 273.293121337891 267.315948486328 257.737609863281 265.170562744141 270.280059814453 272.028930664062 272.729461669922 271.823699951172 270.012725830078 269.213989257812 268.860290527344 266.646636962891 270.761566162109 272.799255371094 273.487121582031 272.398651123047 268.028289794922 265.872985839844 268.773712158203 269.791931152344
239.085403442383 241.873565673828 236.870864868164 236.006149291992 238.244934082031 243.061706542969 250.755142211914 247.169555664062 236.2568359375 237.235488891602 249.193283081055 264.214660644531 263.560699462891 266.836486816406 272.088043212891 273.83154296875 274.727600097656 275.994201660156 276.839447021484 276.450286865234 275.6240234375 275.316314697266 274.813781738281 273.598175048828 271.472930908203 267.024230957031 262.079620361328 263.885498046875 271.501708984375 272.252105712891 269.407897949219 261.339050292969 257.705688476562 270.279144287109 271.826904296875 272.288543701172 271.833648681641 269.028564453125 265.984039306641 265.922943115234 266.100830078125 271.814514160156 272.646453857422 272.028900146484 271.886077880859 268.291778564453 268.566741943359 269.752349853516 270.465118408203
244.012954711914 242.065551757812 238.463470458984 238.591491699219 243.60725402832 -3.4e+38 263.661743164062 253.831359863281 235.173736572266 246.181549072266 260.122589111328 262.645690917969 266.179626464844 270.775756835938 272.894775390625 -3.4e+38 274.764923095703 -3.4e+38 276.606781005859 276.328369140625 275.081298828125 274.540710449219 274.332916259766 272.66064453125 268.730712890625 264.893249511719 263.380065917969 263.594970703125 267.913848876953 271.278869628906 270.552886962891 265.603546142578 258.982147216797 270.446228027344 271.521575927734 271.907745361328 271.804412841797 269.329193115234 264.230804443359 263.06689453125 267.555725097656 272.076629638672 271.420928955078 270.969055175781 271.507720947266 267.881378173828 269.611968994141 270.284484863281 270.518310546875
242.832321166992 238.18701171875 -3.4e+38 261.908569335938 258.248779296875 -3.4e+38 267.061553955078 262.058135986328 252.160827636719 257.152862548828 269.211791992188 270.034820556641 270.421722412109 270.545379638672 274.563232421875 274.947570800781 275.664581298828 275.107025146484 -3.4e+38 -3.4e+38 -3.4e+38 275.161682128906 -3.4e+38 271.923217773438 269.35986328125 267.442749023438 267.401519775391 263.440399169922 260.721862792969 266.034454345703 269.009216308594 269.534545898438 267.772705078125 267.298187255859 268.837585449219 268.925689697266 266.029296875 266.795593261719 267.767028808594 267.56298828125 268.045166015625 265.62939453125 266.854370117188 268.493865966797 268.740814208984 268.227447509766 268.937744140625 270.614776611328 271.270904541016
254.398468017578 252.832855224609 255.896087646484 266.629058837891 -3.4e+38 -3.4e+38 -3.4e+38 -3.4e+38 268.393463134766 -3.4e+38 -3.4e+38 272.710906982422 272.440338134766 272.049285888672 271.341888427734 272.553527832031 274.793151855469 274.103546142578 273.392913818359 -3.4e+38 -3.4e+38 -3.4e+38 274.212432861328 272.704132080078 271.008361816406 269.013549804688 267.914489746094 261.033996582031 259.268615722656 260.904235839844 266.025115966797 268.247985839844 269.038848876953 264.250274658203 267.499938964844 265.947113037109 258.027587890625 259.777221679688 265.745819091797 267.255157470703 267.808563232422 268.025756835938 267.729766845703 269.019744873047 269.053314208984 268.132781982422 268.432556152344 269.719512939453 270.422485351562
-3.4e+38 -3.4e+38 -3.4e+38 -3.4e+38 -3.4e+38 -3.4e+38 -3.4e+38 -3.4e+38 253.953506469727 260.258331298828 267.039703369141 269.209747314453 270.358459472656 269.121734619141 264.802581787109 266.855133056641 273.420227050781 273.805328369141 272.706176757812 272.646118164062 272.397064208984 273.137145996094 274.426177978516 273.341278076172 272.311004638672 270.714691162109 266.767272949219 255.889297485352 252.28288269043 255.744140625 259.772796630859 266.758544921875 269.380737304688 263.364990234375 266.770965576172 265.770782470703 259.993499755859 261.032501220703 263.813568115234 265.922637939453 268.253936767578 268.786346435547 269.143371582031 270.02392578125 269.800537109375 267.806335449219 268.350494384766 269.163513183594 268.765228271484
-3.4e+38 -3.4e+38 264.460815429688 -3.4e+38 -3.4e+38 -3.4e+38 -3.4e+38 254.950881958008 238.042419433594 248.907897949219 263.019439697266 264.383819580078 261.977935791016 261.640686035156 259.400024414062 264.568359375 273.009796142578 273.632690429688 272.766448974609 271.7138671875 269.433380126953 268.216613769531 274.424957275391 273.492309570312 272.595733642578 269.944488525391 263.799468994141 249.920059204102 238.68310546875 241.58576965332 253.698944091797 262.477233886719 266.424346923828 265.929351806641 266.373382568359 266.610809326172 266.19873046875 266.26123046875 265.400970458984 266.570526123047 268.222747802734 268.189331054688 268.866912841797 269.739105224609 270.31982421875 267.988159179688 268.986755371094 269.711395263672 268.463989257812
-3.4e+38 241.846786499023 258.140075683594 -3.4e+38 -3.4e+38 -3.4e+38 259.208587646484 245.913558959961 236.834686279297 239.141220092773 252.760437011719 266.201385498047 259.405639648438 252.859741210938 256.188659667969 265.303558349609 273.369079589844 273.349304199219 272.665557861328 270.705444335938 266.69482421875 262.198059082031 273.954711914062 273.59521484375 271.370361328125 265.707397460938 258.791687011719 246.968322753906 230.998321533203 228.328170776367 244.362670898438 254.861709594727 260.953948974609 267.536041259766 265.935089111328 266.414611816406 267.10791015625 267.534545898438 267.683410644531 267.459167480469 266.991729736328 267.500457763672 267.974487304688 269.177398681641 270.318328857422 269.256896972656 269.718505859375 270.327056884766 269.408569335938
228.965713500977 236.182678222656 250.472915649414 -3.4e+38 -3.4e+38 -3.4e+38 252.378997802734 235.741195678711 232.421737670898 229.705307006836 241.364013671875 265.1591796875 262.679412841797 252.82795715332 256.30517578125 267.822540283203 272.716796875 271.622894287109 270.80419921875 269.188873291016 263.158111572266 256.300872802734 273.429351806641 273.562896728516 270.428039550781 264.214233398438 258.492492675781 247.604522705078 233.997894287109 225.544281005859 230.883102416992 246.3564453125 255.721588134766 266.407836914062 265.701354980469 266.1552734375 266.818023681641 267.713806152344 268.130798339844 267.523376464844 266.616546630859 267.718688964844 268.375610351562 269.451843261719 270.160827636719 270.811065673828 270.397857666016 270.389221191406 270.428802490234
233.530548095703 237.738265991211 245.58430480957 255.580261230469 -3.4e+38 262.257629394531 250.250793457031 230.414779663086 227.511306762695 227.578323364258 238.369033813477 260.390411376953 263.300598144531 253.145919799805 253.681671142578 269.367279052734 271.665466308594 270.495758056641 269.305145263672 267.372863769531 254.282958984375 248.68017578125 272.883941650391 273.236480712891 270.306427001953 264.79296875 259.658538818359 249.282257080078 235.185821533203 220.461563110352 218.118774414062 236.152481079102 252.216278076172 264.346160888672 264.992156982422 265.727386474609 266.234130859375 266.876281738281 267.671905517578 268.096160888672 267.143218994141 267.970458984375 269.111572265625 269.973510742188 270.599060058594 271.73193359375 271.160522460938 270.2041015625 269.813934326172
236.893173217773 234.587799072266 235.079528808594 242.873931884766 249.755020141602 242.20085144043 240.156875610352 234.159561157227 228.740417480469 228.905120849609 238.480377197266 260.248962402344 262.931335449219 251.549026489258 249.691070556641 266.253814697266 270.042877197266 268.407623291016 267.422119140625 259.632415771484 245.268157958984 246.805374145508 271.128326416016 272.690643310547 270.884399414062 266.008239746094 259.034576416016 247.907501220703 233.267837524414 217.475158691406 212.051452636719 229.037063598633 245.976272583008 260.837249755859 264.106201171875 265.684448242188 266.388580322266 266.294006347656 267.087280273438 268.358032226562 268.098785400391 268.721557617188 270.059539794922 270.389465332031 270.484893798828 271.631469726562 271.628723144531 271.036285400391 270.578399658203
235.82861328125 231.127578735352 236.286575317383 245.975036621094 235.227249145508 229.01383972168 234.062545776367 238.421081542969 227.171844482422 229.53288269043 244.128784179688 261.727478027344 259.672943115234 251.847915649414 249.778854370117 264.958984375 268.468536376953 266.257354736328 266.626525878906 256.072875976562 244.517318725586 249.280319213867 268.766540527344 272.158630371094 272.086395263672 268.960876464844 261.076751708984 248.437957763672 232.469009399414 218.813583374023 212.865463256836 221.652465820312 233.11604309082 256.350463867188 262.082580566406 265.505767822266 266.010223388672 265.068908691406 266.027252197266 268.147918701172 268.566741943359 268.941436767578 269.923217773438 270.768341064453 270.596160888672 271.501129150391 271.811187744141 271.873168945312 271.930206298828
231.041168212891 231.12451171875 238.803268432617 242.775802612305 231.968154907227 225.684768676758 229.901977539062 234.314178466797 229.172286987305 232.298553466797 251.211761474609 261.681121826172 255.748992919922 248.903289794922 249.350372314453 265.134246826172 267.718780517578 266.132415771484 267.974182128906 261.151641845703 252.040756225586 252.406448364258 266.997100830078 271.325500488281 272.237457275391 269.949645996094 263.837860107422 253.898040771484 234.430221557617 220.330505371094 214.318801879883 216.307510375977 220.646301269531 250.193344116211 256.939849853516 263.449310302734 265.365203857422 263.683502197266 263.208221435547 266.670043945312 268.444091796875 269.112152099609 269.709564208984 270.900268554688 271.116546630859 271.491790771484 271.757202148438 271.549407958984 270.997314453125
230.072509765625 229.353622436523 235.493591308594 234.440383911133 232.202453613281 220.65087890625 222.293685913086 230.570159912109 234.806060791016 238.096267700195 250.951599121094 260.302825927734 256.716857910156 248.978698730469 251.258819580078 264.790466308594 266.904724121094 266.378173828125 267.179840087891 262.013763427734 259.194030761719 257.05712890625 264.767456054688 267.004577636719 269.667449951172 269.294036865234 264.473297119141 254.979995727539 239.236190795898 224.352981567383 217.142456054688 219.165466308594 214.305770874023 237.971893310547 246.620590209961 256.276519775391 263.246826171875 262.89892578125 261.720642089844 263.934417724609 268.255645751953 269.532196044922 269.461334228516 270.204833984375 270.937286376953 271.196746826172 271.28759765625 270.502532958984 267.395263671875
229.26904296875 232.278091430664 229.812103271484 234.150497436523 238.419647216797 227.274826049805 219.409591674805 220.994400024414 228.918655395508 236.321395874023 248.132217407227 259.971374511719 256.412628173828 257.483734130859 259.9599609375 262.354675292969 259.567199707031 263.564727783203 263.714233398438 251.6796875 246.933639526367 260.528076171875 254.869064331055 253.252944946289 251.124206542969 258.79638671875 265.690490722656 262.413879394531 249.453994750977 229.112411499023 221.067092895508 223.237991333008 216.276504516602 213.336334228516 228.441619873047 242.507308959961 241.771087646484 247.51774597168 253.989135742188 263.057891845703 263.535583496094 263.922790527344 268.276519775391 269.937377929688 270.513610839844 270.269744873047 270.6015625 270.509490966797 270.759796142578
227.203704833984 233.021392822266 234.747817993164 233.990020751953 233.757873535156 223.807174682617 215.491577148438 217.05924987793 229.768432617188 240.008407592773 248.656433105469 257.047210693359 251.886947631836 255.347549438477 259.575469970703 260.287322998047 260.910705566406 264.403350830078 263.884246826172 254.752563476562 245.701400756836 254.701614379883 257.446563720703 245.93635559082 235.879470825195 248.458236694336 263.262969970703 265.192138671875 248.522644042969 233.415588378906 230.227691650391 230.333221435547 222.863067626953 207.820190429688 215.616592407227 236.562789916992 236.761657714844 238.066375732422 246.505004882812 255.60530090332 256.137542724609 255.257736206055 263.382720947266 268.604583740234 269.844818115234 269.554565429688 270.596099853516 270.667083740234 271.250793457031
222.668365478516 229.848922729492 232.839645385742 232.243316650391 227.932891845703 218.523498535156 210.010375976562 215.445831298828 230.626358032227 243.720230102539 248.730453491211 256.269378662109 251.574783325195 254.601028442383 256.353393554688 255.429168701172 258.844482421875 259.983489990234 262.448944091797 257.505615234375 247.124206542969 252.060440063477 259.834014892578 246.132308959961 233.576614379883 241.274658203125 256.792144775391 264.153137207031 255.664886474609 245.477935791016 246.207229614258 243.720764160156 230.693649291992 210.290328979492 211.807830810547 227.379776000977 227.984939575195 227.395645141602 238.72282409668 246.893646240234 250.101608276367 249.534957885742 255.12419128418 266.041625976562 268.907592773438 269.158477783203 270.320953369141 270.686584472656 270.935668945312
209.106689453125 218.000274658203 223.55744934082 222.767883300781 221.200149536133 217.073394775391 215.265853881836 218.610565185547 230.4140625 245.574249267578 248.163482666016 255.91374206543 254.97883605957 255.988204956055 253.723022460938 250.000854492188 254.014022827148 253.700744628906 257.704986572266 255.639617919922 248.953201293945 252.511413574219 258.537689208984 245.708221435547 237.567016601562 236.339324951172 246.920288085938 261.070739746094 264.375518798828 256.989105224609 259.020202636719 254.248138427734 239.778305053711 222.250595092773 215.237701416016 218.377151489258 221.102249145508 221.104354858398 234.463287353516 243.723648071289 247.587554931641 247.282974243164 251.601501464844 264.673614501953 268.317687988281 269.310302734375 270.454864501953 270.861785888672 270.869720458984
197.55778503418 208.582809448242 214.917282104492 215.513290405273 219.72509765625 225.144165039062 229.459716796875 229.591003417969 235.051498413086 245.851821899414 244.236907958984 252.670440673828 254.523330688477 257.610076904297 252.654113769531 245.862365722656 248.161865234375 249.802963256836 252.454681396484 251.89762878418 247.224700927734 250.384124755859 257.705139160156 244.058364868164 237.258575439453 234.325286865234 237.610641479492 251.970901489258 261.506622314453 262.171478271484 260.604675292969 254.436462402344 245.077438354492 232.041305541992 220.641571044922 218.602920532227 224.908889770508 224.297470092773 234.710021972656 241.949325561523 243.603668212891 245.433059692383 252.775314331055 262.416687011719 268.031555175781 269.36376953125 270.183197021484 270.056457519531 270.664489746094
189.623474121094 197.88703918457 205.761199951172 211.984069824219 223.024322509766 233.939697265625 237.949066162109 240.57292175293 241.503524780273 243.727676391602 237.15153503418 249.792938232422 251.564529418945 254.357925415039 251.703628540039 242.544250488281 237.91242980957 242.337432861328 246.238906860352 247.131912231445 239.621856689453 243.38362121582 258.083312988281 251.564117431641 240.543792724609 234.304962158203 228.76969909668 238.7685546875 253.810409545898 262.41455078125 258.328186035156 247.582885742188 239.966674804688 230.184448242188 222.492797851562 220.260971069336 228.965957641602 230.110427856445 236.391403198242 238.545913696289 237.74284362793 241.53466796875 251.173446655273 255.854858398438 265.591705322266 269.152191162109 269.384002685547 269.317291259766 270.438690185547
186.361572265625 186.906616210938 197.089553833008 210.424453735352 223.76350402832 232.218933105469 234.976058959961 239.765090942383 244.399703979492 241.847778320312 234.601852416992 245.852233886719 251.723968505859 248.581878662109 245.934555053711 236.955902099609 228.731750488281 232.849349975586 236.08203125 236.879791259766 230.71125793457 232.406646728516 257.836242675781 255.939758300781 245.323638916016 237.989959716797 227.66813659668 231.160446166992 246.927001953125 254.15837097168 254.109008789062 237.566848754883 227.696029663086 220.49104309082 215.778427124023 216.355361938477 229.599411010742 233.930679321289 237.511123657227 237.889434814453 234.337844848633 238.888275146484 249.033767700195 251.14030456543 263.661193847656 268.659362792969 268.807250976562 269.008209228516 270.430419921875
