rcp8.5models/CNRM-CM5/sc1gr10.9
NCOLS 261 
NROWS 433 
XLLCORNER 336357.134 
YLLCORNER 654653.479 
CELLSIZE 1000 
NODATA_value -3.4e+38 
[rows 374 to 395 of 433, columns 196 to 244 of 261]
897.383605957031 900.381164550781 906.316284179688 911.996887207031 917.654602050781 922.78173828125 927.748596191406 935.957458496094 940.2763671875 943.06787109375 950.608337402344 953.295043945312 961.245849609375 966.379333496094 970.672058105469 972.443969726562 977.582336425781 983.455383300781 994.899108886719 999.572631835938 1004.77362060547 1012.07025146484 1016.19012451172 1020.42242431641 1024.10095214844 1028.30444335938 1032.32849121094 1035.79479980469 1039.81494140625 1043.67443847656 1051.22509765625 1057.73571777344 1063.97216796875 1067.29260253906 1070.66979980469 1074.21533203125 1077.17114257812 1080.6572265625 1083.65258789062 1087.810546875 -3.4e+38 -3.4e+38 -3.4e+38 -3.4e+38 -3.4e+38 -3.4e+38 -3.4e+38 -3.4e+38 -3.4e+38
890.403076171875 893.262268066406 898.423461914062 901.339660644531 907.183166503906 912.697570800781 918.1923828125 929.395385742188 933.832275390625 936.868286132812 944.42431640625 947.419860839844 954.816833496094 959.805908203125 964.63916015625 966.7431640625 971.276428222656 977.126647949219 988.463073730469 993.168823242188 997.883178710938 1002.69891357422 1006.5966796875 1010.89038085938 1014.70733642578 1019.3828125 1023.52947998047 1027.32006835938 1031.07421875 1035.49780273438 1045.986328125 1051.7548828125 1055.45397949219 1058.57189941406 1062.24462890625 1065.53857421875 1068.84106445312 1072.06494140625 -3.4e+38 -3.4e+38 -3.4e+38 -3.4e+38 -3.4e+38 -3.4e+38 -3.4e+38 -3.4e+38 -3.4e+38 -3.4e+38 -3.4e+38
880.895324707031 886.846862792969 891.888488769531 894.397033691406 899.773254394531 902.157958984375 907.840026855469 919.205505371094 924.343627929688 929.638854980469 935.206665039062 940.392883300781 944.800903320312 949.588012695312 955.228210449219 960.574890136719 964.970153808594 970.048400878906 979.387512207031 983.853088378906 988.548645019531 993.0517578125 997.008483886719 1001.36511230469 1005.23498535156 1010.01135253906 1014.62329101562 1018.44464111328 1022.80535888672 1030.13842773438 1039.93273925781 1043.19152832031 1046.87890625 1049.69250488281 1053.78930664062 1056.87243652344 -3.4e+38 -3.4e+38 -3.4e+38 -3.4e+38 -3.4e+38 -3.4e+38 -3.4e+38 -3.4e+38 -3.4e+38 -3.4e+38 -3.4e+38 -3.4e+38 -3.4e+38
870.455627441406 876.473876953125 882.359191894531 887.558349609375 892.924621582031 895.25927734375 901.239562988281 908.801635742188 913.825622558594 919.447448730469 925.011901855469 930.08984375 935.027099609375 940.001831054688 945.044616699219 950.502502441406 955.188354492188 960.030334472656 969.768249511719 974.013916015625 978.851684570312 983.817443847656 987.830993652344 992.309936523438 996.981506347656 1004.05151367188 1008.61566162109 1012.31353759766 1017.36169433594 1023.96832275391 1031.27880859375 1034.58996582031 1038.34045410156 1041.84838867188 -3.4e+38 -3.4e+38 -3.4e+38 -3.4e+38 -3.4e+38 -3.4e+38 -3.4e+38 -3.4e+38 -3.4e+38 -3.4e+38 -3.4e+38 -3.4e+38 -3.4e+38 -3.4e+38 -3.4e+38
863.989868164062 869.16259765625 872.046997070312 877.205261230469 883.217102050781 888.967224121094 894.8154296875 902.380737304688 907.77001953125 913.140747070312 917.89111328125 920.053649902344 925.218566894531 930.528686523438 935.497436523438 940.444702148438 945.549438476562 950.307556152344 963.477416992188 967.763549804688 972.637451171875 977.694763183594 982.071472167969 986.261474609375 991.301391601562 998.095642089844 1002.32476806641 1006.04650878906 1010.63104248047 1014.68365478516 1022.17376708984 1025.95153808594 1029.81323242188 1032.56127929688 1032.80407714844 1034.75268554688 -3.4e+38 -3.4e+38 -3.4e+38 -3.4e+38 -3.4e+38 -3.4e+38 -3.4e+38 -3.4e+38 -3.4e+38 -3.4e+38 -3.4e+38 -3.4e+38 -3.4e+38
857.447875976562 862.562377929688 865.278930664062 870.0087890625 873.031188964844 878.843688964844 884.764709472656 895.915100097656 901.603698730469 906.9541015625 911.568054199219 914.169372558594 919.326599121094 924.463684082031 929.750854492188 934.693054199219 939.611755371094 944.626647949219 957.412353515625 961.968139648438 966.489685058594 971.200500488281 975.580627441406 979.836059570312 984.394470214844 988.615417480469 993.312194824219 997.0263671875 1001.30395507812 1005.41796875 1013.01623535156 1016.86334228516 1021.19396972656 1024.39562988281 -3.4e+38 -3.4e+38 -3.4e+38 -3.4e+38 -3.4e+38 -3.4e+38 -3.4e+38 -3.4e+38 -3.4e+38 -3.4e+38 -3.4e+38 -3.4e+38 -3.4e+38 -3.4e+38 -3.4e+38
847.317993164062 853.017761230469 858.916137695312 864.0732421875 868.867248535156 878.219421386719 875.186279296875 885.919921875 891.473449707031 897.1552734375 902.496215820312 907.817565917969 913.281005859375 918.400207519531 923.497863769531 928.68359375 933.358215332031 938.470458984375 947.959289550781 952.797729492188 957.092651367188 961.851379394531 966.24560546875 970.599670410156 975.085998535156 979.067504882812 983.859680175781 988.037841796875 992.374816894531 996.5478515625 1004.26507568359 1008.14099121094 1012.06402587891 -3.4e+38 -3.4e+38 -3.4e+38 -3.4e+38 -3.4e+38 -3.4e+38 -3.4e+38 -3.4e+38 -3.4e+38 -3.4e+38 -3.4e+38 -3.4e+38 -3.4e+38 -3.4e+38 -3.4e+38 -3.4e+38
841.140258789062 845.734619140625 849.016723632812 862.453552246094 896.37255859375 898.819396972656 869.799133300781 879.775817871094 884.618957519531 887.343933105469 892.74169921875 898.072326660156 903.382446289062 908.839477539062 913.948852539062 919.060546875 924.482116699219 929.65283203125 938.723083496094 943.378479003906 947.977966308594 952.540832519531 957.226989746094 961.348083496094 965.894409179688 969.866027832031 974.344116210938 978.610717773438 983.413513183594 987.645324707031 995.120422363281 -3.4e+38 -3.4e+38 -3.4e+38 -3.4e+38 -3.4e+38 -3.4e+38 -3.4e+38 -3.4e+38 -3.4e+38 -3.4e+38 -3.4e+38 -3.4e+38 -3.4e+38 -3.4e+38 -3.4e+38 -3.4e+38 -3.4e+38 -3.4e+38
834.74365234375 840.035522460938 844.508666992188 863.106811523438 892.798400878906 883.016845703125 863.429931640625 873.763671875 879.532897949219 881.65234375 886.720458984375 892.087158203125 897.3876953125 902.666687011719 907.507507324219 910.087951660156 915.616271972656 921.092651367188 932.489807128906 934.403991699219 939.797729492188 946.672180175781 951.400329589844 955.560913085938 960.283569335938 964.893981933594 968.618408203125 972.551879882812 977.300598144531 981.357849121094 -3.4e+38 -3.4e+38 -3.4e+38 -3.4e+38 -3.4e+38 -3.4e+38 -3.4e+38 -3.4e+38 -3.4e+38 -3.4e+38 -3.4e+38 -3.4e+38 -3.4e+38 -3.4e+38 -3.4e+38 -3.4e+38 -3.4e+38 -3.4e+38 -3.4e+38
821.761962890625 824.961791992188 831.214294433594 833.751586914062 838.970825195312 844.656799316406 849.931945800781 858.213928222656 863.138671875 865.660034179688 870.794128417969 876.172058105469 881.569458007812 886.965515136719 892.580261230469 897.886352539062 903.506042480469 907.984191894531 918.486755371094 923.20703125 927.60888671875 932.053588867188 935.978881835938 940.728637695312 944.900024414062 949.514343261719 953.488342285156 957.722839355469 961.865234375 966.629760742188 -3.4e+38 -3.4e+38 -3.4e+38 -3.4e+38 -3.4e+38 -3.4e+38 -3.4e+38 -3.4e+38 -3.4e+38 -3.4e+38 -3.4e+38 -3.4e+38 -3.4e+38 -3.4e+38 -3.4e+38 -3.4e+38 -3.4e+38 -3.4e+38 -3.4e+38
810.843444824219 817.957397460938 824.420166015625 826.50048828125 831.692993164062 834.308898925781 840.1708984375 851.85205078125 856.845092773438 859.497863769531 864.6298828125 869.912109375 875.856079101562 880.61181640625 886.182739257812 891.478149414062 896.187683105469 897.849853515625 909.126037597656 913.676635742188 918.460266113281 922.943908691406 926.558227539062 931.366638183594 935.59375 -3.4e+38 -3.4e+38 -3.4e+38 -3.4e+38 -3.4e+38 -3.4e+38 -3.4e+38 -3.4e+38 -3.4e+38 -3.4e+38 -3.4e+38 -3.4e+38 -3.4e+38 -3.4e+38 -3.4e+38 -3.4e+38 -3.4e+38 -3.4e+38 -3.4e+38 -3.4e+38 -3.4e+38 -3.4e+38 -3.4e+38 -3.4e+38
803.773010253906 810.137512207031 813.851501464844 819.090393066406 824.697814941406 827.420532226562 833.323303222656 841.803161621094 847.581665039062 853.193786621094 858.343688964844 863.702209472656 869.739501953125 874.470947265625 880.140869140625 885.304748535156 889.878540039062 891.875671386719 902.61669921875 907.655212402344 912.638854980469 916.61181640625 920.924194335938 925.450256347656 -3.4e+38 -3.4e+38 -3.4e+38 -3.4e+38 -3.4e+38 -3.4e+38 -3.4e+38 -3.4e+38 -3.4e+38 -3.4e+38 -3.4e+38 -3.4e+38 -3.4e+38 -3.4e+38 -3.4e+38 -3.4e+38 -3.4e+38 -3.4e+38 -3.4e+38 -3.4e+38 -3.4e+38 -3.4e+38 -3.4e+38 -3.4e+38 -3.4e+38
797.215026855469 802.792236328125 806.158447265625 811.610229492188 814.881958007812 821.080078125 826.385131835938 835.02392578125 840.853515625 846.505859375 851.809631347656 856.871215820312 860.0810546875 865.2421875 870.90625 875.910034179688 881.343139648438 885.728088378906 895.804443359375 900.84619140625 905.865783691406 910.02099609375 914.972229003906 -3.4e+38 -3.4e+38 -3.4e+38 -3.4e+38 -3.4e+38 -3.4e+38 -3.4e+38 -3.4e+38 -3.4e+38 -3.4e+38 -3.4e+38 -3.4e+38 -3.4e+38 -3.4e+38 -3.4e+38 -3.4e+38 -3.4e+38 -3.4e+38 -3.4e+38 -3.4e+38 -3.4e+38 -3.4e+38 -3.4e+38 -3.4e+38 -3.4e+38 -3.4e+38
794.741760253906 793.182861328125 799.675415039062 804.619750976562 808.262634277344 814.609619140625 819.184814453125 828.152038574219 834.010375976562 839.794494628906 845.581481933594 851.000793457031 854.054382324219 859.550964355469 864.959777832031 870.303283691406 875.48046875 880.307739257812 889.030822753906 891.065246582031 895.8974609375 900.473876953125 906.242736816406 -3.4e+38 -3.4e+38 -3.4e+38 -3.4e+38 -3.4e+38 -3.4e+38 -3.4e+38 -3.4e+38 -3.4e+38 -3.4e+38 -3.4e+38 -3.4e+38 -3.4e+38 -3.4e+38 -3.4e+38 -3.4e+38 -3.4e+38 -3.4e+38 -3.4e+38 -3.4e+38 -3.4e+38 -3.4e+38 -3.4e+38 -3.4e+38 -3.4e+38 -3.4e+38
788.066162109375 786.663269042969 792.647705078125 797.8291015625 801.216613769531 807.696350097656 812.69091796875 821.799560546875 827.707275390625 832.809143066406 835.766967773438 842.18603515625 847.791625976562 853.1572265625 857.993957519531 863.674194335938 869.114624023438 874.565979003906 883.026672363281 885.200378417969 889.836242675781 -3.4e+38 -3.4e+38 -3.4e+38 -3.4e+38 -3.4e+38 -3.4e+38 -3.4e+38 -3.4e+38 -3.4e+38 -3.4e+38 -3.4e+38 -3.4e+38 -3.4e+38 -3.4e+38 -3.4e+38 -3.4e+38 -3.4e+38 -3.4e+38 -3.4e+38 -3.4e+38 -3.4e+38 -3.4e+38 -3.4e+38 -3.4e+38 -3.4e+38 -3.4e+38 -3.4e+38 -3.4e+38
776.49072265625 779.852294921875 785.613647460938 791.202392578125 794.567687988281 800.819763183594 806.218933105469 815.350219726562 821.376037597656 826.914001464844 829.900756835938 835.992004394531 841.562561035156 846.755126953125 851.798706054688 856.351867675781 859.495544433594 864.760803222656 874.577575683594 879.318298339844 884.225158691406 -3.4e+38 -3.4e+38 -3.4e+38 -3.4e+38 -3.4e+38 -3.4e+38 -3.4e+38 -3.4e+38 -3.4e+38 -3.4e+38 -3.4e+38 -3.4e+38 -3.4e+38 -3.4e+38 -3.4e+38 -3.4e+38 -3.4e+38 -3.4e+38 -3.4e+38 -3.4e+38 -3.4e+38 -3.4e+38 -3.4e+38 -3.4e+38 -3.4e+38 -3.4e+38 -3.4e+38 -3.4e+38
769.889526367188 772.77978515625 778.946838378906 784.578979492188 788.055358886719 794.710021972656 800.058410644531 808.883422851562 814.830200195312 821.036926269531 823.900451660156 829.581115722656 834.965209960938 840.479919433594 845.466918945312 849.86865234375 853.413879394531 858.407653808594 868.295837402344 -3.4e+38 -3.4e+38 -3.4e+38 -3.4e+38 -3.4e+38 -3.4e+38 -3.4e+38 -3.4e+38 -3.4e+38 -3.4e+38 -3.4e+38 -3.4e+38 -3.4e+38 -3.4e+38 -3.4e+38 -3.4e+38 -3.4e+38 -3.4e+38 -3.4e+38 -3.4e+38 -3.4e+38 -3.4e+38 -3.4e+38 -3.4e+38 -3.4e+38 -3.4e+38 -3.4e+38 -3.4e+38 -3.4e+38 -3.4e+38
763.940795898438 768.944274902344 772.25048828125 778.021240234375 782.002502441406 788.893798828125 794.0048828125 802.772216796875 808.218139648438 813.973876953125 817.543823242188 823.049133300781 828.766723632812 834.316345214844 838.817687988281 841.058898925781 846.3896484375 -3.4e+38 -3.4e+38 -3.4e+38 -3.4e+38 -3.4e+38 -3.4e+38 -3.4e+38 -3.4e+38 -3.4e+38 -3.4e+38 -3.4e+38 -3.4e+38 -3.4e+38 -3.4e+38 -3.4e+38 -3.4e+38 -3.4e+38 -3.4e+38 -3.4e+38 -3.4e+38 -3.4e+38 -3.4e+38 -3.4e+38 -3.4e+38 -3.4e+38 -3.4e+38 -3.4e+38 -3.4e+38 -3.4e+38 -3.4e+38 -3.4e+38 -3.4e+38
757.156982421875 762.374328613281 766.283325195312 771.899658203125 775.999145507812 782.357727050781 787.9091796875 796.859130859375 802.48291015625 807.552001953125 810.852416992188 816.67919921875 822.350952148438 827.784912109375 832.996826171875 -3.4e+38 -3.4e+38 -3.4e+38 -3.4e+38 -3.4e+38 -3.4e+38 -3.4e+38 -3.4e+38 -3.4e+38 -3.4e+38 -3.4e+38 -3.4e+38 -3.4e+38 -3.4e+38 -3.4e+38 -3.4e+38 -3.4e+38 -3.4e+38 -3.4e+38 -3.4e+38 -3.4e+38 -3.4e+38 -3.4e+38 -3.4e+38 -3.4e+38 -3.4e+38 -3.4e+38 -3.4e+38 -3.4e+38 -3.4e+38 -3.4e+38 -3.4e+38 -3.4e+38 -3.4e+38
750.721069335938 756.076904296875 760.095275878906 765.849670410156 769.470581054688 776.234985351562 782.640563964844 790.523498535156 796.809692382812 801.473876953125 804.531982421875 810.3232421875 815.813171386719 821.520812988281 827.074584960938 -3.4e+38 -3.4e+38 -3.4e+38 -3.4e+38 -3.4e+38 -3.4e+38 -3.4e+38 -3.4e+38 -3.4e+38 -3.4e+38 -3.4e+38 -3.4e+38 -3.4e+38 -3.4e+38 -3.4e+38 -3.4e+38 -3.4e+38 -3.4e+38 -3.4e+38 -3.4e+38 -3.4e+38 -3.4e+38 -3.4e+38 -3.4e+38 -3.4e+38 -3.4e+38 -3.4e+38 -3.4e+38 -3.4e+38 -3.4e+38 -3.4e+38 -3.4e+38 -3.4e+38 -3.4e+38
744.097290039062 -3.4e+38 -3.4e+38 760.051940917969 766.230346679688 770.055053710938 776.401062011719 784.50537109375 790.832641601562 796.134521484375 801.042785644531 803.925659179688 809.441772460938 815.10302734375 -3.4e+38 -3.4e+38 -3.4e+38 -3.4e+38 -3.4e+38 -3.4e+38 -3.4e+38 -3.4e+38 -3.4e+38 -3.4e+38 -3.4e+38 -3.4e+38 -3.4e+38 -3.4e+38 -3.4e+38 -3.4e+38 -3.4e+38 -3.4e+38 -3.4e+38 -3.4e+38 -3.4e+38 -3.4e+38 -3.4e+38 -3.4e+38 -3.4e+38 -3.4e+38 -3.4e+38 -3.4e+38 -3.4e+38 -3.4e+38 -3.4e+38 -3.4e+38 -3.4e+38 -3.4e+38 -3.4e+38
735.062194824219 741.125183105469 744.091613769531 747.79248046875 754.286499023438 760.489318847656 766.077697753906 774.647705078125 777.646911621094 783.75390625 789.705139160156 794.699035644531 797.568420410156 -3.4e+38 -3.4e+38 -3.4e+38 -3.4e+38 -3.4e+38 -3.4e+38 -3.4e+38 -3.4e+38 -3.4e+38 -3.4e+38 -3.4e+38 -3.4e+38 -3.4e+38 -3.4e+38 -3.4e+38 -3.4e+38 -3.4e+38 -3.4e+38 -3.4e+38 -3.4e+38 -3.4e+38 -3.4e+38 -3.4e+38 -3.4e+38 -3.4e+38 -3.4e+38 -3.4e+38 -3.4e+38 -3.4e+38 -3.4e+38 -3.4e+38 -3.4e+38 -3.4e+38 -3.4e+38 -3.4e+38 -3.4e+38
