rcp8.5models/CNRM-CM5/sc1gr4.18
NCOLS 261 
NROWS 433 
XLLCORNER 336357.134 
YLLCORNER 654653.479 
CELLSIZE 1000 
NODATA_value -3.4e+38 
[rows 176 to 197 of 433, columns 147 to 195 of 261]
289.96923828125 290.7919921875 290.7041015625 290.309539794922 290.836791992188 291.398773193359 291.325775146484 291.665191650391 291.985504150391 292.985321044922 293.511016845703 293.740631103516 294.111572265625 293.911560058594 294.294738769531 294.312103271484 294.602203369141 295.105285644531 295.459197998047 295.517059326172 295.594573974609 295.633392333984 296.156890869141 296.188537597656 296.385711669922 297.274291992188 298.054107666016 298.11962890625 298.443572998047 298.579803466797 298.719757080078 299.109954833984 299.088195800781 298.911865234375 299.067687988281 299.098205566406 299.042633056641 298.920074462891 298.731536865234 298.887817382812 299.029693603516 298.985809326172 299.022918701172 299.193176269531 299.512390136719 299.667022705078 299.669586181641 -3.4e+38 297.485260009766
290.023651123047 290.788177490234 291.008148193359 291.024536132812 291.067749023438 291.650482177734 291.715881347656 291.228088378906 291.116546630859 292.874816894531 293.322479248047 293.496002197266 293.640533447266 293.694000244141 294.150299072266 294.330963134766 294.5498046875 294.880920410156 295.211669921875 295.464233398438 295.447021484375 295.541656494141 296.071044921875 295.836151123047 295.99951171875 296.912475585938 298.024261474609 298.155242919922 298.596832275391 298.432159423828 298.487243652344 298.945343017578 298.779754638672 298.552764892578 298.765991210938 298.830352783203 298.997375488281 298.980560302734 298.768463134766 298.762420654297 298.978698730469 298.914520263672 298.894317626953 299.096008300781 299.204864501953 299.628784179688 299.607238769531 299.703186035156 298.680450439453
289.907409667969 290.368225097656 290.732269287109 290.816680908203 291.465789794922 291.836242675781 -3.4e+38 291.235321044922 291.176910400391 292.566833496094 292.910827636719 293.425201416016 293.490325927734 293.679809570312 294.196136474609 294.429046630859 294.486663818359 294.656158447266 295.007507324219 295.522155761719 295.560577392578 295.527984619141 296.299530029297 296.170043945312 296.426483154297 296.926849365234 297.610260009766 298.104888916016 298.275543212891 298.164306640625 298.204650878906 298.388061523438 298.290679931641 298.21533203125 298.5390625 298.812438964844 298.986938476562 299.038513183594 298.961975097656 298.876495361328 298.90771484375 298.738952636719 298.701812744141 298.927520751953 299.092681884766 299.573547363281 -3.4e+38 299.598388671875 297.790069580078
289.406188964844 289.765502929688 289.565368652344 289.857330322266 291.472747802734 292.154663085938 292.061828613281 291.727844238281 291.918243408203 292.178375244141 292.341064453125 293.360595703125 293.233917236328 293.687377929688 294.222686767578 294.487274169922 294.554168701172 294.917633056641 295.248870849609 295.569213867188 295.785308837891 295.901397705078 296.383666992188 296.412658691406 296.611236572266 296.704711914062 296.949798583984 297.553039550781 298.033996582031 298.056335449219 298.033050537109 298.071441650391 298.105865478516 298.056335449219 298.398681640625 298.952331542969 298.890502929688 298.841522216797 298.963684082031 298.900634765625 298.731994628906 298.573425292969 298.525939941406 298.727874755859 298.912231445312 299.270935058594 299.454742431641 299.413787841797 298.402374267578
288.893280029297 289.039520263672 289.085296630859 290.01171875 291.1103515625 292.172180175781 292.253936767578 292.205963134766 292.232543945312 292.279632568359 292.274810791016 293.033050537109 293.2177734375 293.554473876953 293.908416748047 294.350372314453 294.649932861328 295.215698242188 295.447235107422 295.566131591797 295.846954345703 296.005676269531 296.21923828125 296.2900390625 296.101593017578 296.374938964844 296.495758056641 296.387237548828 297.250061035156 297.934326171875 297.856170654297 297.973663330078 298.097747802734 298.047760009766 298.102386474609 298.428344726562 298.471008300781 298.622985839844 298.959442138672 298.843078613281 298.633087158203 298.515686035156 298.393768310547 298.651458740234 298.885406494141 299.011749267578 299.107818603516 299.053924560547 298.880004882812
289.277923583984 288.854217529297 288.927856445312 290.678680419922 291.018157958984 291.792053222656 292.305908203125 292.666809082031 292.648040771484 292.64990234375 292.398284912109 292.758514404297 293.423156738281 293.641754150391 294.056671142578 294.317718505859 294.526672363281 294.907623291016 295.321960449219 295.502319335938 295.611022949219 295.680084228516 295.737243652344 295.967834472656 295.722534179688 296.061859130859 296.218444824219 295.714080810547 296.348724365234 297.428527832031 297.4794921875 297.779724121094 298.033569335938 298.075714111328 298.031463623047 298.062072753906 298.238952636719 298.641082763672 298.888977050781 298.654235839844 298.377319335938 298.342254638672 298.514038085938 298.645233154297 298.789123535156 298.735534667969 298.838348388672 298.843048095703 298.762573242188
289.750640869141 288.833831787109 287.932586669922 290.222930908203 290.406585693359 291.185150146484 291.9365234375 292.524597167969 292.845825195312 292.748413085938 292.457885742188 292.547821044922 293.53515625 293.808746337891 294.163299560547 294.322875976562 294.605285644531 294.957061767578 295.309631347656 295.327453613281 295.335479736328 295.485046386719 295.512481689453 -3.4e+38 295.569549560547 295.974395751953 295.998779296875 295.805541992188 295.874938964844 296.520446777344 297.157409667969 297.488861083984 297.920471191406 298.037902832031 298.101623535156 298.138244628906 298.346557617188 298.6337890625 298.653656005859 298.567413330078 298.289184570312 298.20166015625 298.630828857422 298.633941650391 298.636962890625 298.679504394531 298.640686035156 298.740478515625 298.712036132812
289.8955078125 288.580474853516 -3.4e+38 289.744140625 289.842346191406 290.866271972656 292.218933105469 292.575256347656 292.783569335938 -3.4e+38 292.555511474609 292.574005126953 293.36279296875 293.570434570312 293.833160400391 294.335327148438 294.630523681641 294.993316650391 295.108764648438 295.040985107422 295.201232910156 295.375946044922 295.1689453125 295.210662841797 295.320373535156 295.792510986328 295.682403564453 295.475799560547 295.298095703125 295.590209960938 296.522766113281 297.183654785156 297.564147949219 297.736572265625 297.859008789062 298.224914550781 298.378112792969 298.345092773438 298.53173828125 298.52392578125 298.320922851562 298.196685791016 298.5927734375 298.570373535156 298.5986328125 298.645629882812 298.628356933594 298.702087402344 298.672912597656
290.233856201172 289.613800048828 288.979949951172 289.990875244141 289.905334472656 290.955352783203 292.216094970703 -3.4e+38 -3.4e+38 292.695587158203 292.699523925781 292.795562744141 292.977264404297 293.1748046875 293.728118896484 294.286010742188 294.466766357422 294.601623535156 294.635620117188 294.704071044922 295.08154296875 295.286407470703 294.833282470703 294.891143798828 295.093963623047 295.512878417969 295.409881591797 295.062194824219 295.051422119141 295.291168212891 296.125030517578 297.233337402344 297.641632080078 297.345977783203 297.541046142578 298.175445556641 298.218505859375 298.168212890625 298.364166259766 298.260345458984 298.249786376953 298.368865966797 298.594696044922 298.577362060547 298.600769042969 298.552612304688 298.365478515625 298.067840576172 298.322784423828
290.591583251953 290.630554199219 290.6572265625 290.875640869141 291.509979248047 291.725036621094 292.109649658203 -3.4e+38 -3.4e+38 292.657470703125 293.303558349609 293.148986816406 293.201538085938 293.372314453125 293.616760253906 293.856506347656 293.778472900391 293.796600341797 293.890350341797 294.242248535156 294.655456542969 294.617950439453 294.831817626953 294.843902587891 294.766906738281 294.798858642578 294.80810546875 294.997802734375 295.341430664062 295.719024658203 295.786163330078 296.038024902344 296.918243408203 297.461029052734 297.928070068359 297.892028808594 298.090118408203 298.126586914062 298.157043457031 298.127990722656 298.232727050781 298.397766113281 298.492492675781 298.474884033203 298.558776855469 298.183166503906 297.9033203125 298.172210693359 298.631378173828
290.746185302734 291.156463623047 291.040161132812 290.870819091797 291.505065917969 291.839172363281 292.352844238281 -3.4e+38 -3.4e+38 292.744262695312 293.4580078125 293.441772460938 293.544830322266 293.727966308594 293.786315917969 294.011322021484 294.154998779297 293.900390625 293.776916503906 293.986206054688 294.490356445312 294.462829589844 294.914978027344 295.159606933594 295.177795410156 295.185638427734 295.131225585938 295.106750488281 295.450073242188 295.801452636719 295.921173095703 296.169006347656 296.980377197266 297.736724853516 298.017272949219 298.080902099609 298.084899902344 298.147796630859 298.232696533203 298.188232421875 298.158935546875 298.255615234375 298.465698242188 298.317230224609 298.287841796875 298.010833740234 297.798095703125 297.867065429688 298.238800048828
290.600982666016 290.94580078125 290.986206054688 290.928558349609 291.500061035156 291.690490722656 291.93115234375 -3.4e+38 -3.4e+38 292.786346435547 293.413879394531 293.410766601562 293.581878662109 293.693328857422 293.761749267578 293.997375488281 294.279937744141 294.330780029297 294.096740722656 294.043579101562 294.314910888672 294.333160400391 294.809997558594 295.146575927734 295.385467529297 295.455017089844 295.531524658203 295.491119384766 295.649749755859 295.850311279297 296.057769775391 296.213562011719 296.961395263672 297.932403564453 297.990509033203 298.016082763672 298.014892578125 297.958740234375 298.102691650391 298.132843017578 298.083160400391 298.177795410156 298.304077148438 298.210998535156 298.107360839844 298.231201171875 298.008270263672 297.850341796875 298.137176513672
289.710540771484 290.465118408203 -3.4e+38 291.225616455078 291.466247558594 291.503875732422 291.533813476562 -3.4e+38 -3.4e+38 292.670227050781 293.002380371094 293.347595214844 293.405639648438 293.478515625 293.562896728516 294.004791259766 294.174224853516 294.381805419922 294.284545898438 294.181549072266 294.331207275391 294.571960449219 294.862365722656 295.208129882812 295.275451660156 295.336029052734 295.656860351562 295.813598632812 295.823486328125 295.997314453125 296.098724365234 296.079223632812 296.505340576172 297.921142578125 297.980072021484 298.021301269531 297.956726074219 297.803436279297 298.006561279297 298.118103027344 298.040832519531 298.092346191406 298.122314453125 298.245971679688 298.379089355469 298.202209472656 298.043121337891 298.062866210938 298.416412353516
289.108337402344 289.535278320312 290.469116210938 291.427368164062 291.437225341797 291.447052001953 291.456878662109 -3.4e+38 -3.4e+38 292.163757324219 292.656921386719 293.323516845703 293.301300048828 293.420593261719 293.726013183594 294.111114501953 294.292053222656 294.372802734375 294.325592041016 294.404479980469 294.610107421875 294.770233154297 295.251983642578 295.466369628906 295.305084228516 295.167175292969 295.498016357422 295.54638671875 295.944580078125 296.027984619141 -3.4e+38 295.953460693359 296.047271728516 297.623199462891 297.979309082031 297.972778320312 297.891784667969 297.830017089844 297.989227294922 297.944274902344 297.964782714844 298.119537353516 298.149200439453 298.17333984375 298.319305419922 297.96826171875 297.815093994141 298.067352294922 298.386291503906
288.936798095703 289.285125732422 290.4375 291.359405517578 291.431854248047 291.441802978516 291.451721191406 291.640106201172 291.911010742188 291.954345703125 292.601318359375 292.889373779297 293.021667480469 293.414794921875 293.8037109375 294.097076416016 294.238006591797 294.282806396484 294.355865478516 294.617828369141 294.667083740234 294.766387939453 295.418853759766 295.453247070312 295.503967285156 295.389404296875 295.457000732422 295.368316650391 295.878936767578 295.888366699219 295.942901611328 295.850952148438 295.858032226562 297.755523681641 297.932373046875 -3.4e+38 297.745819091797 297.694305419922 297.774536132812 297.740631103516 297.895172119141 298.166778564453 298.132202148438 298.087493896484 297.9580078125 297.585906982422 297.514312744141 297.924743652344 298.286529541016
288.230743408203 289.309997558594 290.337127685547 290.818115234375 291.052673339844 291.436431884766 291.244232177734 291.100189208984 291.679809570312 291.74951171875 292.051086425781 292.444061279297 292.785552978516 293.412048339844 293.66748046875 293.981994628906 294.136657714844 294.318420410156 294.402587890625 294.598754882812 294.647674560547 294.701812744141 295.23828125 295.277557373047 295.507659912109 295.635833740234 295.592102050781 295.608062744141 295.825286865234 295.832672119141 295.839935302734 295.847106933594 295.854187011719 297.266235351562 297.778503417969 297.304473876953 297.362915039062 297.441741943359 297.526123046875 297.459381103516 297.542236328125 297.663452148438 297.749420166016 297.890625 297.542877197266 297.312255859375 297.599090576172 297.954498291016 298.077972412109
287.94970703125 288.513122558594 289.870025634766 290.41064453125 290.679290771484 291.133850097656 290.640472412109 290.470062255859 291.327514648438 291.500335693359 291.591522216797 292.569396972656 292.903442382812 293.348388671875 293.397552490234 293.6826171875 294.097625732422 294.208679199219 294.277526855469 294.488128662109 294.663787841797 294.707427978516 295.168823242188 295.292541503906 295.341827392578 295.511596679688 295.639526367188 295.703857421875 295.8212890625 295.828674316406 295.835968017578 295.811798095703 295.790557861328 296.459869384766 297.396392822266 297.078369140625 297.232391357422 297.456970214844 297.505432128906 297.314910888672 297.172882080078 297.235626220703 297.410766601562 297.5791015625 297.233489990234 297.382751464844 297.667602539062 297.812133789062 297.767547607422
286.922943115234 288.813232421875 289.623016357422 290.189300537109 290.448791503906 290.632415771484 290.218780517578 289.967437744141 290.745697021484 291.461273193359 291.466033935547 292.532531738281 292.9423828125 293.112884521484 293.128479003906 293.476806640625 293.680694580078 293.868988037109 294.262786865234 294.367950439453 294.573547363281 294.753784179688 295.034088134766 295.299163818359 295.346618652344 295.407043457031 295.635375976562 295.668792724609 295.757293701172 295.824584960938 295.800689697266 295.690704345703 295.677307128906 296.070068359375 296.699249267578 297.157836914062 297.263549804688 297.365173339844 297.433227539062 297.411773681641 297.177520751953 297.164276123047 297.167327880859 297.266448974609 297.061096191406 297.530700683594 297.514526367188 297.432098388672 297.520477294922
286.19873046875 289.003295898438 289.459991455078 289.846160888672 290.357543945312 290.333221435547 289.718963623047 289.070556640625 290.158813476562 291.164306640625 291.176574707031 292.194763183594 292.555145263672 292.861358642578 293.19482421875 293.441955566406 293.673431396484 293.893859863281 294.183746337891 294.196868896484 294.427764892578 294.658813476562 294.817047119141 294.977233886719 295.182708740234 295.401458740234 295.511138916016 295.638793945312 295.672119140625 295.698425292969 295.619842529297 295.551208496094 295.623504638672 295.855865478516 296.325378417969 297.200469970703 297.204528808594 297.208465576172 297.265045166016 297.313232421875 297.219573974609 297.170043945312 297.064697265625 296.894317626953 296.748260498047 297.354309082031 297.310607910156 297.363403320312 297.346466064453
287.478118896484 288.514495849609 289.008728027344 289.536590576172 289.858520507812 289.796936035156 289.068054199219 288.487213134766 290.146697998047 290.683471679688 290.835083007812 292.162170410156 292.358947753906 292.960113525391 293.293914794922 293.291046142578 293.678924560547 294.043090820312 294.052124023438 294.146240234375 294.347412109375 294.457489013672 294.701385498047 294.769775390625 294.880218505859 295.063903808594 295.164916992188 295.514556884766 295.641967773438 295.623504638672 295.518707275391 295.437530517578 295.493774414062 295.851593017578 296.2880859375 297.102630615234 297.138488769531 297.169952392578 296.953857421875 296.853149414062 297.213043212891 297.216491699219 297.004150390625 296.534332275391 296.570922851562 297.179290771484 297.306335449219 297.404296875 -3.4e+38
288.231506347656 289.099395751953 289.393798828125 289.432495117188 -3.4e+38 289.228912353516 288.449005126953 288.347900390625 290.083679199219 290.540344238281 291.373626708984 292.069030761719 292.412780761719 292.736175537109 293.008239746094 293.181365966797 293.350524902344 293.800476074219 294.042633056641 294.051544189453 294.110961914062 294.135711669922 294.313812255859 294.242095947266 294.557098388672 294.776580810547 294.861541748047 295.05078125 295.035675048828 294.882965087891 294.807342529297 294.758850097656 295.089996337891 295.394866943359 295.4482421875 295.930755615234 297.017730712891 296.762908935547 296.283599853516 296.387084960938 -3.4e+38 296.610321044922 296.502075195312 296.231109619141 296.455535888672 296.861236572266 296.817626953125 297.143798828125 297.327545166016
288.484527587891 288.979278564453 289.363433837891 -3.4e+38 -3.4e+38 -3.4e+38 288.585632324219 289.126800537109 290.202392578125 290.502166748047 291.449096679688 291.759735107422 292.194030761719 292.653045654297 293.054382324219 293.17626953125 293.295379638672 293.574127197266 293.735870361328 293.865875244141 293.874664306641 293.892730712891 293.899719238281 293.974700927734 294.411376953125 294.562316894531 294.839599609375 294.813110351562 294.845092773438 294.802368164062 294.783782958984 294.709991455078 294.761444091797 295.1591796875 295.439208984375 -3.4e+38 296.852325439453 296.453308105469 -3.4e+38 296.173828125 296.041595458984 -3.4e+38 296.059814453125 295.851409912109 296.333160400391 296.897033691406 297.040618896484 297.162658691406 297.034851074219
