rcp8.5models/CNRM-CM5/sc1gr6.30
NCOLS 261 
NROWS 433 
XLLCORNER 336357.134 
YLLCORNER 654653.479 
CELLSIZE 1000 
NODATA_value -3.4e+38 
[rows 154 to 175 of 433, columns 98 to 146 of 261]
687.292053222656 689.943115234375 692.767517089844 695.562255859375 697.130920410156 698.824645996094 700.234436035156 700.747497558594 701.653747558594 701.69970703125 703.044860839844 704.401733398438 705.082458496094 707.586791992188 712.312622070312 715.133483886719 717.081909179688 718.643249511719 720.667114257812 722.209716796875 723.919982910156 726.090026855469 728.339050292969 730.718444824219 732.366455078125 734.789916992188 740.435363769531 743.021240234375 744.418090820312 747.087890625 748.675903320312 751.100158691406 753.407104492188 755.764465332031 757.839233398438 758.187438964844 759.039123535156 763.979858398438 765.474243164062 772.731872558594 782.945617675781 773.700622558594 775.131652832031 778.397827148438 781.326416015625 784.462646484375 787.670715332031 790.474975585938 792.424194335938
690.04052734375 690.768676757812 692.767822265625 695.973510742188 698.49755859375 700.559753417969 702.17919921875 702.727355957031 702.541687011719 702.496887207031 -3.4e+38 705.258544921875 705.591003417969 707.993835449219 712.567016601562 714.611999511719 716.90966796875 719.113220214844 721.139770507812 723.07470703125 724.500793457031 -3.4e+38 728.647521972656 731.164001464844 732.553344726562 734.767272949219 739.990478515625 741.87060546875 742.978881835938 745.530700683594 748.533142089844 751.359802246094 753.59716796875 756.120727539062 757.276977539062 757.567016601562 758.719116210938 762.621032714844 764.590515136719 769.75341796875 775.360412597656 772.75341796875 774.625732421875 777.076232910156 779.742980957031 782.782043457031 786.636047363281 790.421691894531 792.488525390625
690.986206054688 -3.4e+38 693.566589355469 696.747436523438 699.586975097656 701.628479003906 702.735961914062 703.716064453125 703.926208496094 704.120300292969 704.805419921875 706.36181640625 706.573669433594 708.484191894531 711.878784179688 713.8603515625 716.296813964844 719.195556640625 720.990539550781 723.157592773438 724.542541503906 725.767150878906 728.621154785156 730.724731445312 732.796569824219 734.9384765625 739.18505859375 740.560852050781 742.241027832031 745.328247070312 747.729309082031 751.127624511719 753.417297363281 755.135375976562 755.432861328125 756.495422363281 758.223022460938 761.773315429688 763.993896484375 766.009399414062 768.883056640625 771.784362792969 773.920349121094 775.977172851562 778.451416015625 781.537353515625 785.015869140625 788.425842285156 791.199035644531
690.314392089844 692.197387695312 694.466430664062 698.396789550781 700.396240234375 701.670776367188 703.126770019531 704.962951660156 705.583435058594 705.887390136719 706.085998535156 708.0439453125 708.63818359375 708.353942871094 711.770751953125 714.965515136719 717.263488769531 719.09912109375 719.779113769531 722.109313964844 724.214660644531 725.719177246094 727.724670410156 728.962463378906 731.505737304688 733.665405273438 737.535034179688 739.451599121094 742.063537597656 745.14892578125 747.387878417969 751.010314941406 753.784484863281 754.566833496094 755.037109375 755.340942382812 757.451354980469 761.459350585938 763.410766601562 765.241638183594 768.472717285156 771.003173828125 773.679382324219 775.533447265625 778.2060546875 780.523864746094 782.811706542969 786.050964355469 789.342529296875
691.283996582031 693.586608886719 695.030395507812 699.022277832031 700.650756835938 701.460571289062 703.330993652344 705.444396972656 707.175842285156 707.419189453125 706.847045898438 709.048400878906 708.942932128906 708.373291015625 711.797607421875 715.037902832031 717.522827148438 718.675170898438 718.471435546875 720.611450195312 722.888854980469 725.497314453125 726.758850097656 727.731201171875 729.699951171875 731.903442382812 737.798889160156 740.063537597656 742.464538574219 744.215759277344 747.1806640625 751.002868652344 754.463256835938 754.540161132812 754.650756835938 754.966430664062 756.47705078125 760.320556640625 761.882934570312 764.743957519531 767.837890625 770.93798828125 773.724914550781 775.15185546875 778.072082519531 780.04736328125 -3.4e+38 784.9375 788.574279785156
693.656677246094 694.991333007812 696.407287597656 699.613647460938 701.894958496094 702.530700683594 702.905395507812 705.449157714844 707.908508300781 708.280029296875 708.608520507812 710.046691894531 709.394714355469 709.715270996094 711.4189453125 -3.4e+38 -3.4e+38 717.359680175781 718.398803710938 720.115234375 721.569946289062 724.015441894531 726.062744140625 728.073425292969 729.885070800781 730.650329589844 737.494995117188 740.370239257812 742.431762695312 744.191040039062 746.745483398438 750.365417480469 754.77099609375 754.307189941406 753.556335449219 754.155395507812 756.116088867188 758.840515136719 760.421325683594 763.124145507812 766.209106445312 769.452392578125 772.974060058594 775.161560058594 777.974304199219 779.667114257812 781.747924804688 784.678833007812 788.040954589844
694.886108398438 696.007995605469 698.021911621094 701.761779785156 702.893310546875 704.3046875 704.315124511719 706.071838378906 708.572998046875 709.747253417969 709.771911621094 710.257080078125 710.059997558594 710.573364257812 -3.4e+38 -3.4e+38 715.883911132812 717.128051757812 718.725158691406 720.228698730469 721.857055664062 724.104187011719 725.984436035156 727.845520019531 730.134948730469 731.206726074219 735.379211425781 738.905334472656 741.078247070312 743.876831054688 746.578796386719 749.779907226562 753.524047851562 752.922058105469 753.011596679688 753.291870117188 755.468627929688 757.558654785156 759.891235351562 763.325561523438 765.629089355469 767.626281738281 771.240173339844 774.793212890625 777.102844238281 779.221862792969 781.67529296875 784.617126464844 788.523010253906
698.034484863281 698.93310546875 700.761779785156 702.608947753906 703.074890136719 705.418334960938 707.24609375 709.069458007812 710.987915039062 712.013061523438 711.533020019531 711.771728515625 712.587463378906 712.806579589844 713.683776855469 -3.4e+38 716.310852050781 718.585815429688 721.087158203125 722.851257324219 724.007202148438 724.273071289062 726.216918945312 728.560180664062 729.47998046875 732.174865722656 736.738220214844 738.681640625 740.171020507812 742.679260253906 744.381225585938 747.012084960938 747.77099609375 748.172180175781 750.075988769531 752.038696289062 752.728515625 756.171997070312 758.85107421875 761.949157714844 764.746398925781 767.351623535156 769.431823730469 772.720947265625 776.440979003906 779.307922363281 782.355712890625 788.031921386719 789.412902832031
701.054260253906 700.618225097656 702.494201660156 704.410278320312 704.087890625 705.706848144531 708.06201171875 710.481689453125 712.609680175781 713.054504394531 712.601013183594 713.220764160156 713.075927734375 712.589172363281 714.373291015625 -3.4e+38 716.939025878906 717.865112304688 719.851379394531 722.685485839844 724.833068847656 725.946716308594 727.403930664062 729.614379882812 730.562561035156 733.10400390625 736.465087890625 738.682556152344 740.624084472656 743.009826660156 744.931030273438 746.957763671875 747.023071289062 747.556762695312 748.788696289062 750.526672363281 751.707092285156 755.738220214844 758.661254882812 760.539611816406 763.757873535156 767.198303222656 768.525390625 771.89453125 775.536560058594 779.261596679688 783.260498046875 786.926635742188 789.743041992188
702.211059570312 701.634338378906 703.928161621094 705.992431640625 706.185546875 706.355834960938 708.010864257812 709.504699707031 711.564758300781 712.701843261719 713.918395996094 714.466125488281 715.718688964844 713.605224609375 714.214477539062 715.065612792969 717.914978027344 718.637023925781 719.337646484375 721.446960449219 724.05859375 725.996704101562 728.120910644531 730.582336425781 731.451354980469 732.353698730469 736.08349609375 738.747863769531 740.801940917969 743.157470703125 745.272583007812 746.913208007812 746.044494628906 748.266357421875 749.553527832031 750.241149902344 751.146240234375 755.7958984375 758.341369628906 759.899780273438 762.667175292969 766.65625 768.523559570312 770.807312011719 774.707153320312 780.204223632812 785.51708984375 787.136901855469 790.197998046875
702.135803222656 702.620971679688 704.335388183594 705.860290527344 707.1845703125 708.084411621094 708.680053710938 708.78271484375 710.311462402344 711.893188476562 713.711364746094 714.749328613281 716.533996582031 714.40478515625 714.93408203125 715.548095703125 718.150207519531 719.972778320312 720.433898925781 721.639892578125 724.118713378906 725.042297363281 727.725280761719 729.917907714844 731.829833984375 732.625183105469 736.158752441406 738.520141601562 740.863830566406 743.112121582031 745.946716308594 747.795532226562 745.743591308594 748.882263183594 750.016967773438 750.095458984375 750.768493652344 755.546752929688 758.712158203125 760.838806152344 762.049987792969 765.725463867188 768.891662597656 771.104553222656 775.482666015625 780.836181640625 786.097717285156 787.68408203125 790.572143554688
703.128356933594 703.946044921875 704.473205566406 705.60693359375 706.948913574219 707.759155273438 707.781188964844 708.010070800781 709.145874023438 711.250427246094 713.522766113281 714.222412109375 714.860778808594 714.026977539062 715.056335449219 715.991882324219 717.551086425781 719.313171386719 720.986389160156 722.666442871094 725.098937988281 726.11669921875 728.462890625 730.297241210938 732.175354003906 733.477294921875 737.37744140625 739.26611328125 741.860717773438 743.078430175781 746.150573730469 748.050109863281 746.501770019531 749.035583496094 749.385498046875 749.728454589844 750.398742675781 754.869018554688 758.463073730469 760.881408691406 761.734680175781 764.842102050781 768.85498046875 771.210571289062 776.151794433594 781.5673828125 785.247436523438 787.240600585938 790.900390625
704.424987792969 705.10888671875 704.747192382812 704.795837402344 706.293151855469 706.505004882812 706.782470703125 708.498596191406 709.175231933594 710.746520996094 712.8408203125 714.075439453125 717.564270019531 723.186340332031 715.482543945312 716.632995605469 717.732299804688 718.01611328125 720.768859863281 722.941223144531 724.981567382812 726.975341796875 728.369445800781 730.49560546875 732.398376464844 732.863403320312 738.361755371094 740.776428222656 743.281860351562 743.571044921875 745.356384277344 746.705749511719 746.695129394531 748.647338867188 749.649291992188 749.93701171875 750.085083007812 755.108154296875 757.822875976562 760.322204589844 761.1748046875 764.15234375 767.530639648438 769.993041992188 774.411987304688 780.024047851562 782.492065429688 785.386413574219 791.415954589844
703.621826171875 705.511901855469 704.821716308594 704.289672851562 705.317932128906 706.465148925781 707.621887207031 709.3388671875 709.060974121094 710.59326171875 712.506774902344 714.193115234375 717.328552246094 721.526062011719 716.3896484375 716.979675292969 718.053344726562 718.754516601562 721.263732910156 723.813354492188 725.047546386719 725.971862792969 727.41162109375 729.625549316406 731.498046875 733.397827148438 737.337829589844 740.207397460938 742.650146484375 744.183227539062 745.30029296875 745.0234375 745.911804199219 747.142211914062 748.335205078125 749.504211425781 749.594177246094 755.354431152344 757.692565917969 760.39794921875 761.70654296875 763.913879394531 766.237182617188 769.487548828125 -3.4e+38 776.677001953125 779.114074707031 783.076965332031 789.970336914062
703.149475097656 704.992553710938 705.211181640625 704.923156738281 705.13525390625 706.146240234375 708.126647949219 710.114868164062 710.195007324219 711.443481445312 713.19384765625 715.246459960938 715.849487304688 715.782897949219 717.416381835938 717.978820800781 718.306762695312 719.06787109375 721.310791015625 723.264953613281 724.717712402344 724.898864746094 726.744506835938 728.839599609375 730.479309082031 733.550048828125 736.261108398438 738.524169921875 740.935668945312 744.029907226562 745.65283203125 744.623962402344 745.210144042969 746.232421875 747.644714355469 749.259094238281 749.305236816406 754.168334960938 756.910827636719 759.74169921875 762.046081542969 765.171264648438 766.961364746094 769.245300292969 -3.4e+38 -3.4e+38 778.839721679688 782.179321289062 788.975341796875
702.997863769531 704.639221191406 706.113830566406 705.809509277344 705.676513671875 706.169250488281 707.638671875 709.596313476562 710.740295410156 711.759216308594 713.140380859375 715.305847167969 716.606872558594 716.59521484375 717.54296875 718.823791503906 718.454833984375 719.338928222656 720.949157714844 722.460632324219 724.171630859375 725.316772460938 727.541076660156 729.345092773438 730.036926269531 732.340515136719 736.080505371094 738.67529296875 740.984069824219 744.405395507812 747.149169921875 744.482543945312 744.488891601562 746.338989257812 747.580261230469 748.178405761719 749.308288574219 754.001403808594 756.505554199219 758.898742675781 761.839721679688 766.079895019531 768.003784179688 769.789245605469 773.484619140625 776.4140625 778.817565917969 782.427368164062 787.761047363281
701.931335449219 704.036682128906 705.980285644531 706.602722167969 706.952209472656 706.970581054688 707.430969238281 708.83203125 710.746459960938 711.317626953125 712.905395507812 715.101379394531 717.035766601562 717.659912109375 718.029724121094 719.183471679688 718.919799804688 721.001037597656 722.551696777344 723.815734863281 724.282348632812 726.309448242188 728.693542480469 730.237487792969 731.138244628906 732.556091308594 735.409240722656 738.399963378906 740.8037109375 744.228759765625 749.350524902344 750.659606933594 744.998168945312 746.525756835938 746.660949707031 747.656982421875 748.8564453125 754.643188476562 757.398132324219 758.856262207031 762.433166503906 767.78369140625 769.459411621094 770.691345214844 774.036193847656 776.838256835938 778.846557617188 783.606018066406 786.536987304688
700.014465332031 701.888732910156 704.130126953125 706.31396484375 707.243896484375 707.242065429688 708.251892089844 709.172241210938 710.945190429688 712.1484375 713.301635742188 715.099304199219 717.2265625 718.557922363281 720.147216796875 720.239501953125 720.079956054688 722.154113769531 723.525451660156 724.825256347656 724.755310058594 726.624816894531 728.987854003906 730.585693359375 731.922119140625 733.615234375 735.314208984375 737.629943847656 739.751770019531 742.980773925781 747.260131835938 750.533203125 745.362548828125 746.167846679688 746.884155273438 747.772033691406 749.047058105469 754.095581054688 757.150939941406 759.293029785156 763.571838378906 768.384338378906 770.348999023438 772.558654785156 775.277587890625 777.02490234375 779.168090820312 783.849365234375 788.361755371094
699.245178222656 700.04248046875 702.038513183594 705.876525878906 706.869201660156 707.158325195312 709.040283203125 710.312255859375 711.189208984375 712.499816894531 713.337158203125 715.237854003906 718.515014648438 719.407348632812 720.319763183594 720.857543945312 721.326049804688 722.134033203125 723.561279296875 724.834411621094 726.023376464844 728.354187011719 730.046081542969 731.377380371094 732.70068359375 733.935241699219 736.958862304688 738.573364257812 739.534729003906 741.832702636719 744.287536621094 746.419921875 746.379943847656 745.986389160156 747.417602539062 748.418701171875 749.252685546875 754.053405761719 757.373474121094 760.369689941406 -3.4e+38 766.847595214844 770.964233398438 774.852783203125 778.756652832031 778.330200195312 779.751831054688 782.880981445312 789.608276367188
699.957946777344 701.6416015625 702.382019042969 704.759948730469 705.189819335938 706.488220214844 707.294860839844 709.756225585938 -3.4e+38 711.479309082031 713.2041015625 714.680297851562 716.489440917969 717.984680175781 719.122253417969 720.626708984375 722.145263671875 723.528747558594 724.830932617188 726.100830078125 726.601196289062 728.248718261719 730.261596679688 731.858703613281 733.518859863281 734.766845703125 737.731994628906 740.300109863281 742.857849121094 743.828430175781 745.907287597656 747.662719726562 747.840698242188 747.826232910156 748.355651855469 749.161743164062 750.674743652344 756.553283691406 759.984802246094 763.064758300781 -3.4e+38 766.068054199219 771.490844726562 779.108215332031 782.698974609375 780.548034667969 782.759826660156 784.359008789062 788.583557128906
699.8671875 701.050842285156 703.5791015625 704.813720703125 705.657836914062 706.1103515625 707.533325195312 709.421447753906 -3.4e+38 711.409606933594 712.404174804688 713.750122070312 715.603515625 716.468505859375 718.575134277344 720.118896484375 720.91455078125 722.351684570312 724.90478515625 726.908813476562 726.82763671875 727.009582519531 729.725769042969 731.087463378906 732.37109375 734.421752929688 738.537841796875 740.115417480469 742.273071289062 744.14453125 746.715637207031 748.814270019531 748.229064941406 748.067687988281 748.582641601562 749.513854980469 750.310302734375 756.65966796875 760.024108886719 764.313659667969 765.659301757812 766.834777832031 773.868957519531 782.435852050781 782.648010253906 781.373413085938 783.781555175781 784.370971679688 786.811584472656
700.487487792969 700.732727050781 703.002075195312 705.405944824219 707.126037597656 707.396667480469 708.204650878906 -3.4e+38 -3.4e+38 -3.4e+38 711.599731445312 712.951110839844 714.360412597656 715.574157714844 717.902770996094 719.127075195312 720.504028320312 722.341064453125 724.995849609375 727.165588378906 726.990173339844 727.382141113281 728.392028808594 730.098510742188 732.227294921875 733.860534667969 738.211975097656 -3.4e+38 743.339599609375 745.219299316406 747.185424804688 747.953796386719 748.008239746094 748.616516113281 748.632873535156 749.636840820312 751.064880371094 757.380920410156 760.004699707031 764.403869628906 768.55078125 768.277404785156 774.289184570312 780.060424804688 779.366821289062 780.053771972656 782.36962890625 783.91259765625 785.785583496094
