rcp8.5models/CNRM-CM5/sc1gr2.7
NCOLS 261 
NROWS 433 
XLLCORNER 336357.134 
YLLCORNER 654653.479 
CELLSIZE 1000 
NODATA_value -9999 
[rows 396 to 417 of 433, columns 150 to 199 of 261]
311.793819785267 311.24142413713 311.317044126349 311.392764024544 311.468539718501 311.544340076127 311.800754525931 312.378159439415 312.336114771028 312.411411380211 312.32099365846 311.90848442029 311.488413064321 311.221660069683 311.455332017648 311.858563864286 311.939176073667 311.872201711946 311.450450437064 310.733497825093 310.500173846275 310.030366914271 310.603673655506 311.152145689138 -9999 -9999 312.173958237243 312.246715400187 -9999 -9999 312.717268130023 312.743226026938 312.768994871473 312.794592619893 312.692303064419 312.478184676509 312.998371957625 313.398153059681 313.4145007245 313.439470537951 313.585716999077 314.230637693745 -9999 315.064537238602 315.088037818966 315.111354697025 315.134521649323 315.329041027755 315.911640684484 315.656677039577
311.525724857759 311.28032702877 311.175638120128 311.118004694793 311.504754187788 311.579691601194 311.827769656243 312.397884263833 312.390218588926 312.464891181551 312.200817112398 311.606099037713 311.665093378712 311.577900686617 311.490488172598 311.908141389538 311.817319464449 311.225226018272 310.768016025163 311.096305957287 310.524091471283 309.751924750656 309.925176554471 311.106329240049 311.471234862389 -9999 -9999 312.504373305597 -9999 -9999 312.711779329635 312.737725812562 312.763493963593 312.789087458791 312.6832921346 312.462463213155 312.864814379799 313.015952649275 313.541876450526 313.938966738968 313.963327365538 314.107119585711 -9999 -9999 315.08258252914 315.216380652909 315.518813828663 315.367640024946 316.174899873809 315.988185890688
311.55376437299 311.319885455396 311.206667275288 310.964701971428 311.228558345138 311.615673879102 312.043822513819 312.763849381495 312.232035577218 311.985664700658 311.720737112446 311.468392144322 312.206167204604 311.949898684829 311.35208551201 311.424635693826 311.653275335827 311.740425636674 311.28964873717 311.474884926223 310.548507785619 309.69106275338 309.605318617237 310.717620106417 311.236376904434 311.744419226706 312.26799772921 312.344858730864 312.388047572426 312.413975754451 312.706320910695 312.732255879151 312.758024052085 312.783613163671 312.809009642576 312.960067795125 313.228248434512 312.884211837495 313.154880319353 313.933467715253 313.957839470147 -9999 314.260403564059 315.053608589492 -9999 315.321647438046 316.014306731294 315.753480120686 316.169504394866 316.087872630358
311.60739713062 311.360084315776 311.432934312082 311.320286938789 311.252279053344 311.652275833436 311.906583359051 312.481660657953 312.431818130704 311.863651326119 312.406211350199 312.148382354576 312.074180174236 311.491278395068 311.2113963927 311.783464199273 311.844640187204 312.433763347029 312.002100689265 311.162021880832 310.573427280239 309.865929907183 309.739159770067 310.049840716825 310.908287664444 311.392631280834 311.530788394634 311.825641549511 312.051004903863 312.478926023115 312.568120210113 312.366801820447 312.882455576173 313.270154766991 313.16889300364 313.083628743344 313.726227254871 313.372227742304 313.40034521717 313.553478013748 313.952366992576 -9999 314.118775521495 315.048161979377 315.071675440649 315.205849104926 315.728302634418 316.141266691938 316.164120950852 316.082710782203
311.329193245838 311.581942814635 311.782601725657 311.722765943675 311.929762715677 311.68948249615 311.934983646794 312.502395450483 312.289134477563 311.401233499838 312.312562239085 -9999 -9999 311.497801717687 311.391915244668 312.31641233244 312.204743074655 312.623522901679 312.380166654616 311.172038510106 310.598850221147 310.119604534371 310.29259574667 309.914379060555 310.276194302492 310.53696947103 311.017130283579 311.473860597116 312.05700346742 312.428694142689 312.373355961236 312.479528329353 313.243103333503 313.280912689219 313.175131026103 313.077798957471 313.848381329655 313.750814018484 313.401185432148 313.539062940755 313.946894528314 313.971098864812 314.110602750559 314.998045354888 315.023701793423 315.477678230818 315.329783388714 316.135859534293 316.158740733752 315.973890536957
311.371559819755 311.631365766838 311.83676101583 311.94831787999 312.295108565363 311.727268743254 311.980135923473 312.553630191458 312.003765867457 311.251839089044 311.81781583262 -9999 -9999 -9999 311.607719048721 312.023336213237 312.249753772619 312.651628949345 312.407733259973 311.133785229721 310.590412750178 310.493020353188 310.454507010146 310.076914329745 309.932493165416 310.63300613984 311.30193104601 311.622655241103 312.227620198376 312.270218775542 312.500289382635 312.856745913449 313.116421916883 312.808544118358 312.945532167022 313.048761747029 313.473911525503 313.74219188697 313.509953797287 313.917077758401 313.941440760527 313.965656388445 314.129032771663 314.495780107661 314.631213327123 315.476514002603 315.216072568878 315.688061631738 315.915798744403 315.826535018332
311.597207590993 311.792212921951 311.554348303728 311.98862326402 312.157910882876 311.451985221372 311.663186965539 311.770374483042 311.871763093017 311.782162512769 -9999 -9999 -9999 312.232361572291 311.799785917928 311.541125794449 311.774701564418 312.192482891513 312.100979493834 310.652284863751 310.572338208509 311.251194124259 310.587670221365 310.180293308035 310.095014060567 310.935008376308 311.296703421885 311.484506618669 311.968605226767 312.208625337339 312.692760734766 312.740457664672 312.764544339974 312.804524835029 312.982504437438 313.150863647869 313.457166602286 313.740452798103 313.514324147032 313.91163977538 -9999 314.338696620868 314.00815168653 314.031861601262 314.167260479791 314.690554301292 315.102027092565 315.181358970765 -9999 -9999
311.831696854832 311.97520524355 311.286852917065 311.851617425492 312.053341697066 311.614553002445 311.204734685878 311.295723769078 312.084063906049 311.987222117711 311.736341123644 311.969827598239 312.201248717018 311.94547207333 311.847662259808 311.729005563537 311.816180955175 311.221818901212 311.290320096723 311.244734835355 311.12091868143 311.450012697347 311.092815135398 310.770394243538 310.6703501895 310.592338672902 311.189113157661 311.051905361901 311.530608490589 311.852877387259 312.705068914259 312.81335567795 312.974109058239 312.948534618615 312.951095905538 313.047807375383 313.463037575388 313.631706479406 313.192144275613 313.906228379785 -9999 -9999 -9999 314.13792723242 -9999 -9999 -9999 -9999 -9999 -9999
311.9992228925 311.702145769376 311.314521626784 311.706520032234 311.960065871197 311.989383903394 311.227562891042 311.162073026233 311.632699683863 311.693255790308 311.745666808307 311.986805407823 312.225830927899 311.791946862137 311.533897227025 311.92545919812 312.03114632533 310.73898298824 310.959706358929 311.45446812655 311.365825126909 311.076126926997 311.142723657174 311.079445184114 310.81388907737 310.843409073772 310.821729453111 310.666129734168 311.122224305886 311.622049835515 312.534912838502 312.846261312709 313.170089806237 -9999 -9999 -9999 313.088748059378 -9999 313.068318121933 -9999 -9999 -9999 -9999 -9999 -9999 -9999 -9999 -9999 -9999 -9999
311.866687321618 311.613533215534 311.680763897215 311.74826133344 311.815981631435 311.88389279455 311.59700178576 311.02012997274 311.156715821915 311.400521947732 311.971372252871 312.198098443734 312.104800105027 312.168596251057 311.724837252242 312.286570369688 312.061964650491 310.923276609649 311.484268731862 311.308048770898 311.036884434309 311.137627498309 311.249729553793 310.950500928058 310.614868474697 311.237841134226 310.842100960001 310.537594718468 310.860558652046 311.620462353266 312.371385095477 312.397706684335 312.9514566057 -9999 -9999 -9999 313.072973598459 312.938509948328 312.891247216732 -9999 -9999 -9999 -9999 -9999 -9999 -9999 -9999 -9999 -9999 -9999
311.07977346956 310.395474750595 310.767578441251 311.198114023698 311.899139533064 311.965270406583 312.031588312138 312.098068440974 311.231340594365 311.298078080644 311.364831008417 311.431589085797 311.498317111144 311.734082156322 311.977504725268 311.698044677973 311.764395502855 311.830595450298 311.89662917908 311.721326062703 311.249237294228 311.551396329835 311.472987866501 311.843693548879 311.707878738352 311.104011766915 310.736109140203 311.39212812797 311.353021498238 311.528125415283 312.24557085116 312.091667000226 311.971459240556 -9999 -9999 -9999 -9999 -9999 -9999 -9999 -9999 -9999 -9999 -9999 -9999 -9999 -9999 -9999 -9999 -9999
311.116487730876 310.244114502699 310.324131090644 310.75409765838 311.454207306114 311.69425160072 311.899103460992 311.650937122115 311.269362085167 311.168723120922 311.079760663534 311.467261281855 311.533248501532 311.599180351064 311.665041638842 311.730828143469 311.796499125372 311.862038096623 311.927437084706 311.560895230051 311.122499360129 311.214827470751 311.350587402471 311.551092533592 311.603939340167 310.913360291296 311.061260128615 311.451686307316 311.472724386993 311.628856679682 311.768905059653 -9999 311.966588954127 -9999 -9999 -9999 -9999 -9999 -9999 -9999 -9999 -9999 -9999 -9999 -9999 -9999 -9999 -9999 -9999 -9999
311.537524458864 310.90851558815 310.343562006091 310.594503542089 311.160423373788 311.544782500355 311.616933088553 311.664456505075 311.307831310414 311.030538540384 310.777318843405 311.503380763796 311.568606944528 311.633817929025 311.69897388261 311.764054423274 311.829044432227 311.829808285809 311.743498690382 311.38461887063 311.299513727775 311.46515461865 311.094887908447 311.419255168387 311.270677444906 311.083894514391 311.587832996273 311.86413767653 311.739052628027 311.945247595839 311.264452288236 311.367993605629 -9999 -9999 -9999 -9999 -9999 -9999 -9999 -9999 -9999 -9999 -9999 -9999 -9999 -9999 -9999 -9999 -9999 -9999
311.593522266014 311.160603430358 311.080774793834 311.451030653472 311.699930805883 311.731905384608 311.337073942668 311.73202323229 311.346727767719 311.235060251088 310.970988783619 311.217180372514 311.442726574613 311.342967169725 311.733322957478 311.79770779873 311.807007694186 311.673806925052 311.538829363802 311.416494151842 311.676373160593 311.50034011125 311.089137166274 311.432688918848 311.579302209702 311.983936151179 312.123744127713 312.168071880798 311.846871168249 -9999 -9999 -9999 -9999 -9999 -9999 -9999 -9999 -9999 -9999 -9999 -9999 -9999 -9999 -9999 -9999 -9999 -9999 -9999 -9999 -9999
311.448238158208 310.88492465878 311.135808093775 311.521787086601 311.584264616539 311.462640252685 311.369280705321 311.745557599222 311.386041177566 311.449576574336 311.173942401154 310.749651048768 311.145378237956 311.359524428051 311.609670182008 311.502798890742 311.779161293642 311.56947807918 311.552017477778 311.792454462387 311.941515651541 311.395152693565 311.454294701458 311.427608013944 311.610846296766 312.037028373065 312.062715612108 -9999 -9999 -9999 -9999 -9999 -9999 -9999 -9999 -9999 -9999 -9999 -9999 -9999 -9999 -9999 -9999 -9999 -9999 -9999 -9999 -9999 -9999 -9999
311.982749590694 311.055883564189 310.685204704216 311.053385028729 311.114805086447 311.176523641391 311.594350489054 312.300738130697 311.425766447709 311.488510438563 311.376829440595 310.936724917035 311.009951032561 311.74025820349 311.477180456172 311.032300468661 311.382099903152 311.381587303825 311.497596577279 311.817185733076 311.635287103775 311.406312785789 311.424212911788 311.439830179294 -9999 -9999 -9999 -9999 -9999 -9999 -9999 -9999 -9999 -9999 -9999 -9999 -9999 -9999 -9999 -9999 -9999 -9999 -9999 -9999 -9999 -9999 -9999 -9999 -9999 -9999
312.239478009716 311.233480432055 310.407651500693 311.098589722697 311.15912694101 311.394593562095 311.950005769202 312.342488426952 311.465878175084 311.52782102002 311.589889834686 311.479118763589 311.370879955076 311.776553888913 311.512773464827 -9999 310.951950670517 311.111075528631 311.273520104712 -9999 -9999 -9999 -9999 -9999 -9999 -9999 -9999 -9999 -9999 -9999 -9999 -9999 -9999 -9999 -9999 -9999 -9999 -9999 -9999 -9999 -9999 -9999 -9999 -9999 -9999 -9999 -9999 -9999 -9999 -9999
311.784497219776 310.975296442529 310.274642298711 310.658023840831 310.894127872601 311.623208142899 312.324065911247 312.213325572075 -9999 311.733842852974 -9999 311.204975719061 311.427930185057 -9999 -9999 -9999 -9999 -9999 -9999 -9999 -9999 -9999 -9999 -9999 -9999 -9999 -9999 -9999 -9999 -9999 -9999 -9999 -9999 -9999 -9999 -9999 -9999 -9999 -9999 -9999 -9999 -9999 -9999 -9999 -9999 -9999 -9999 -9999 -9999 -9999
311.639826561411 310.8820735797 310.617761522982 310.675981002732 310.921206429564 311.492891232765 312.054824540795 -9999 311.547205444317 -9999 -9999 311.044467004481 -9999 -9999 -9999 -9999 -9999 -9999 -9999 -9999 -9999 -9999 -9999 -9999 -9999 -9999 -9999 -9999 -9999 -9999 -9999 -9999 -9999 -9999 -9999 -9999 -9999 -9999 -9999 -9999 -9999 -9999 -9999 -9999 -9999 -9999 -9999 -9999 -9999 -9999
311.871632657256 311.426361419619 311.178745480247 311.236257437445 -9999 311.352412971179 -9999 -9999 -9999 -9999 -9999 -9999 -9999 -9999 -9999 -9999 -9999 -9999 -9999 -9999 -9999 -9999 -9999 -9999 -9999 -9999 -9999 -9999 -9999 -9999 -9999 -9999 -9999 -9999 -9999 -9999 -9999 -9999 -9999 -9999 -9999 -9999 -9999 -9999 -9999 -9999 -9999 -9999 -9999 -9999
311.628149180268 311.492096693242 311.226129068484 311.282763535112 311.516091310644 -9999 -9999 -9999 -9999 -9999 -9999 -9999 -9999 -9999 -9999 -9999 -9999 -9999 -9999 -9999 -9999 -9999 -9999 -9999 -9999 -9999 -9999 -9999 -9999 -9999 -9999 -9999 -9999 -9999 -9999 -9999 -9999 -9999 -9999 -9999 -9999 -9999 -9999 -9999 -9999 -9999 -9999 -9999 -9999 -9999
311.163679601915 -9999 -9999 -9999 -9999 -9999 -9999 -9999 -9999 -9999 -9999 -9999 -9999 -9999 -9999 -9999 -9999 -9999 -9999 -9999 -9999 -9999 -9999 -9999 -9999 -9999 -9999 -9999 -9999 -9999 -9999 -9999 -9999 -9999 -9999 -9999 -9999 -9999 -9999 -9999 -9999 -9999 -9999 -9999 -9999 -9999 -9999 -9999 -9999 -9999
