rcp8.5models/CNRM-CM5/sc1gr7.25
NCOLS 261 
NROWS 433 
XLLCORNER 336357.134 
YLLCORNER 654653.479 
CELLSIZE 1000 
NODATA_value -3.4e+38 
[rows 286 to 307 of 433, columns 196 to 244 of 261]
137.184127807617 137.072280883789 135.879241943359 135.384063720703 136.504669189453 136.342102050781 136.005920410156 134.959457397461 134.352691650391 133.12190246582 133.364318847656 132.626205444336 132.62663269043 133.119537353516 133.549011230469 133.225555419922 133.019104003906 132.873580932617 -3.4e+38 131.417022705078 130.878387451172 131.172439575195 131.126449584961 131.087371826172 130.97868347168 130.6826171875 130.384506225586 130.159194946289 129.894134521484 129.871124267578 129.42008972168 129.113906860352 129.060104370117 128.876434326172 128.745880126953 128.476699829102 128.382415771484 128.130279541016 127.86238861084 127.788284301758 127.849411010742 128.009857177734 128.202880859375 128.45361328125 128.543975830078 128.549606323242 128.600936889648 128.856948852539 -3.4e+38
138.160461425781 137.998550415039 137.403137207031 137.285430908203 137.120132446289 136.833541870117 136.560638427734 135.633605957031 134.783233642578 133.279632568359 133.116729736328 132.683258056641 132.82014465332 133.452850341797 133.855255126953 133.658309936523 133.425018310547 133.288589477539 -3.4e+38 131.843307495117 131.168548583984 131.351776123047 131.268844604492 131.320770263672 131.150344848633 130.889236450195 130.704284667969 130.558288574219 130.19482421875 129.984481811523 -3.4e+38 129.424743652344 129.331695556641 129.097885131836 128.94580078125 128.682312011719 128.563095092773 128.308013916016 128.150039672852 128.030776977539 127.968444824219 128.204727172852 128.288787841797 128.473648071289 128.419281005859 128.581695556641 128.654098510742 -3.4e+38 -3.4e+38
139.083480834961 138.625183105469 138.058868408203 137.825134277344 137.49137878418 137.314651489258 137.069122314453 136.234268188477 135.30419921875 133.751495361328 133.340835571289 133.067276000977 133.182434082031 133.534561157227 134.213943481445 133.998672485352 133.793182373047 133.615188598633 -3.4e+38 132.247909545898 131.395080566406 131.478225708008 131.567626953125 131.550109863281 131.269012451172 131.040390014648 130.935516357422 130.871292114258 130.623916625977 130.229385375977 129.988876342773 129.793838500977 129.599731445312 129.272216796875 129.118057250977 128.9130859375 128.701385498047 128.474304199219 128.413558959961 128.214614868164 128.208206176758 128.305725097656 128.39778137207 128.555618286133 128.396575927734 128.519424438477 128.640762329102 128.901229858398 129.019821166992
139.646911621094 139.305450439453 138.833618164062 138.385437011719 137.907196044922 137.857040405273 137.510879516602 136.741653442383 136.096649169922 135.240982055664 134.562561035156 133.727066040039 133.56330871582 133.610855102539 134.713119506836 134.463119506836 134.178070068359 133.867721557617 133.311950683594 132.475357055664 131.506912231445 131.820343017578 -3.4e+38 -3.4e+38 131.451507568359 -3.4e+38 -3.4e+38 131.136184692383 130.964599609375 130.64826965332 130.238357543945 129.988510131836 129.748947143555 129.48469543457 129.369537353516 129.091827392578 128.863754272461 128.619323730469 128.513061523438 128.475173950195 128.435073852539 128.360046386719 128.532531738281 128.62451171875 128.413162231445 128.465286254883 128.601364135742 128.873519897461 128.900238037109
140.873458862305 140.448883056641 140.103713989258 139.056350708008 137.170959472656 137.628601074219 138.456878662109 137.708587646484 137.256774902344 136.831008911133 136.195007324219 135.574066162109 134.714202880859 134.001510620117 135.012741088867 135.26692199707 134.956787109375 134.688613891602 -3.4e+38 133.548233032227 132.971984863281 -3.4e+38 -3.4e+38 -3.4e+38 -3.4e+38 -3.4e+38 -3.4e+38 131.458801269531 131.188140869141 130.899002075195 130.643493652344 130.437057495117 130.182205200195 129.954498291016 129.651550292969 129.352783203125 129.213928222656 128.997283935547 129.035079956055 128.998657226562 128.800338745117 128.718490600586 128.665191650391 128.671035766602 128.610916137695 128.636688232422 128.785202026367 128.95085144043 129.008453369141
141.206039428711 140.841445922852 140.485427856445 139.893646240234 138.590072631836 138.224975585938 138.965972900391 138.276504516602 137.738983154297 137.364410400391 136.978790283203 136.390701293945 135.590362548828 134.963272094727 135.191665649414 135.787170410156 135.384307861328 135.124710083008 -3.4e+38 -3.4e+38 -3.4e+38 -3.4e+38 -3.4e+38 -3.4e+38 -3.4e+38 -3.4e+38 -3.4e+38 131.51139831543 131.269256591797 130.998489379883 130.855224609375 130.651611328125 130.376327514648 130.107345581055 129.824478149414 129.609878540039 129.377639770508 129.189437866211 129.150726318359 129.143493652344 128.93196105957 128.797943115234 128.693634033203 -3.4e+38 128.782608032227 128.896896362305 128.918350219727 128.93896484375 129.069229125977
141.327346801758 141.030914306641 140.555053710938 140.354873657227 140.21842956543 139.784530639648 139.464691162109 138.689804077148 138.28678894043 137.79736328125 137.476257324219 137.103179931641 136.734146118164 136.233001708984 135.879745483398 136.106567382812 135.693176269531 135.308578491211 134.671340942383 134.306396484375 134.006759643555 -3.4e+38 -3.4e+38 133.003952026367 -3.4e+38 -3.4e+38 -3.4e+38 131.836349487305 131.571548461914 131.380233764648 131.157638549805 130.863845825195 130.543441772461 130.276077270508 130.022933959961 129.857192993164 129.647308349609 129.532562255859 129.519348144531 -3.4e+38 129.207290649414 128.900543212891 128.913833618164 -3.4e+38 128.983337402344 129.047592163086 129.103378295898 129.072891235352 129.154327392578
141.780746459961 141.337509155273 140.86213684082 140.736572265625 140.681106567383 140.382781982422 139.960250854492 139.058410644531 138.780975341797 138.325622558594 138.025344848633 137.704696655273 137.434661865234 136.802581787109 136.27116394043 136.199279785156 135.888229370117 135.622146606445 134.95751953125 134.617309570312 -3.4e+38 -3.4e+38 -3.4e+38 -3.4e+38 -3.4e+38 -3.4e+38 132.404739379883 132.091552734375 131.902435302734 131.662017822266 131.500411987305 131.175659179688 130.79670715332 130.444976806641 130.22297668457 130.050567626953 129.943222045898 129.848876953125 129.85400390625 129.715118408203 129.530334472656 129.181228637695 129.18244934082 129.175445556641 129.122650146484 129.149856567383 129.185256958008 129.234725952148 129.208953857422
142.450119018555 141.616134643555 140.910934448242 141.182678222656 141.203094482422 140.937347412109 140.412933349609 139.261413574219 138.762298583984 138.722213745117 138.448822021484 138.09748840332 137.707626342773 137.138534545898 136.572128295898 136.510025024414 136.324447631836 135.997100830078 135.246948242188 135.075820922852 -3.4e+38 -3.4e+38 -3.4e+38 -3.4e+38 -3.4e+38 -3.4e+38 132.588836669922 132.374389648438 132.296478271484 132.027404785156 131.735855102539 131.405990600586 131.065231323242 130.661346435547 130.440612792969 -3.4e+38 130.314697265625 130.088775634766 129.957916259766 129.836349487305 129.699630737305 129.439880371094 129.39860534668 129.391799926758 129.361373901367 129.323150634766 129.269241333008 129.281845092773 129.27197265625
143.158233642578 141.864639282227 140.28840637207 141.486419677734 141.695755004883 141.327835083008 140.801345825195 139.757110595703 139.218414306641 139.099014282227 138.789367675781 138.428085327148 137.965972900391 137.528915405273 137.023788452148 136.945587158203 136.742294311523 136.338623046875 135.666931152344 135.452255249023 -3.4e+38 -3.4e+38 -3.4e+38 -3.4e+38 -3.4e+38 133.195220947266 132.818801879883 132.657043457031 132.60368347168 132.449279785156 131.942001342773 131.620391845703 131.233535766602 130.993759155273 130.90739440918 -3.4e+38 130.562026977539 130.402694702148 130.192855834961 130.02604675293 129.853698730469 129.669998168945 129.653732299805 -3.4e+38 -3.4e+38 129.508666992188 129.463119506836 129.485122680664 129.475524902344
143.873016357422 142.916961669922 141.531646728516 142.324005126953 142.227691650391 141.749954223633 141.190872192383 140.358169555664 139.88525390625 139.544311523438 139.132202148438 138.609252929688 138.226058959961 137.683654785156 137.306991577148 137.254745483398 136.982192993164 136.723754882812 136.217681884766 -3.4e+38 135.248519897461 134.934432983398 -3.4e+38 -3.4e+38 -3.4e+38 133.568618774414 133.138671875 133.001602172852 132.966918945312 132.85888671875 132.244827270508 131.878341674805 131.459411621094 131.322387695312 -3.4e+38 -3.4e+38 130.749328613281 130.552597045898 130.462554931641 130.236526489258 130.118118286133 130.030868530273 -3.4e+38 129.792984008789 -3.4e+38 129.680709838867 129.63264465332 129.612762451172 129.591094970703
144.353103637695 143.910995483398 143.328170776367 143.035766601562 142.641021728516 142.12353515625 141.596374511719 140.64143371582 140.210861206055 139.968948364258 139.497161865234 138.872314453125 138.650375366211 138.024230957031 137.509017944336 137.367416381836 137.197677612305 136.979537963867 136.595321655273 136.098434448242 135.463562011719 135.226959228516 -3.4e+38 134.642318725586 134.286682128906 133.880142211914 133.359710693359 133.091384887695 133.216873168945 133.180648803711 132.539489746094 132.181198120117 131.852752685547 131.659820556641 131.362197875977 131.160003662109 131.012771606445 130.803588867188 130.668533325195 130.400238037109 130.392883300781 130.207382202148 130.151153564453 -3.4e+38 -3.4e+38 129.865173339844 129.81965637207 129.619873046875 129.570083618164
144.651947021484 144.344650268555 143.94287109375 143.41325378418 143.008682250977 142.454528808594 141.891296386719 140.970703125 140.687149047852 140.271499633789 139.687713623047 139.378799438477 139.121734619141 138.456176757812 137.899383544922 137.776611328125 137.640853881836 137.412933349609 136.72119140625 136.247375488281 135.790969848633 135.534378051758 -3.4e+38 134.705551147461 134.241821289062 134.185989379883 133.800003051758 133.449310302734 133.453872680664 133.441680908203 132.806381225586 132.396362304688 132.221725463867 131.903060913086 131.59977722168 131.458877563477 131.226455688477 131.094146728516 130.951858520508 130.690902709961 130.633239746094 130.356231689453 130.332656860352 -3.4e+38 -3.4e+38 129.991928100586 129.935470581055 129.746673583984 129.725921630859
144.808898925781 144.638977050781 144.317810058594 143.8232421875 143.385543823242 142.86376953125 142.223861694336 141.523986816406 141.1845703125 140.273361206055 139.024230957031 139.564407348633 139.546264648438 138.868896484375 138.383361816406 138.342956542969 138.229461669922 137.963394165039 136.950439453125 136.379867553711 136.018417358398 135.723922729492 135.438507080078 134.789962768555 134.536468505859 134.512710571289 134.345962524414 134.040283203125 -3.4e+38 133.704666137695 132.951278686523 132.62744140625 132.461807250977 132.118545532227 131.916519165039 131.646347045898 131.426803588867 131.326293945312 131.196960449219 130.995254516602 130.901794433594 130.587036132812 130.540939331055 130.378433227539 130.248321533203 130.078903198242 130.031753540039 130.009170532227 129.981140136719
143.073104858398 144.880920410156 144.694000244141 144.23796081543 143.720077514648 143.212554931641 142.658889770508 141.969207763672 141.336349487305 140.020065307617 138.557006835938 139.613906860352 139.88232421875 139.589462280273 139.060165405273 138.907104492188 138.692092895508 138.236068725586 137.226150512695 136.53288269043 136.168731689453 136.085403442383 135.761032104492 135.098831176758 135.064544677734 134.857162475586 -3.4e+38 -3.4e+38 -3.4e+38 133.891067504883 133.179351806641 132.925704956055 132.660949707031 132.464630126953 132.140365600586 131.822311401367 131.785339355469 131.962219238281 131.446975708008 131.289428710938 131.117660522461 130.8955078125 130.751068115234 130.611877441406 130.405532836914 130.264633178711 130.192352294922 130.249114990234 130.130187988281
146.12321472168 145.612380981445 145.235443115234 144.632888793945 143.71875 143.155120849609 143.090682983398 142.676605224609 142.134887695312 141.528121948242 141.27864074707 140.996444702148 140.92431640625 140.571899414062 140.245315551758 139.791702270508 139.187026977539 138.660202026367 137.865936279297 137.113006591797 136.777084350586 136.645919799805 136.525833129883 136.329605102539 136.071792602539 135.623291015625 -3.4e+38 -3.4e+38 134.780014038086 134.380676269531 133.705383300781 133.490509033203 133.276611328125 132.985794067383 132.684173583984 132.472351074219 132.3525390625 132.11344909668 131.969192504883 131.8232421875 131.625595092773 131.349960327148 131.259628295898 131.038757324219 130.886505126953 130.710327148438 130.675689697266 130.498596191406 130.378662109375
146.401870727539 145.383529663086 144.346054077148 143.080749511719 143.040756225586 142.702880859375 143.245803833008 142.959289550781 142.925598144531 142.435470581055 141.873596191406 141.612640380859 141.430328369141 140.997116088867 140.575576782227 140.13801574707 139.572723388672 139.116683959961 138.228591918945 137.540756225586 137.192138671875 136.837554931641 136.645385742188 136.51725769043 136.435241699219 136.051086425781 -3.4e+38 135.537292480469 135.147567749023 134.659103393555 134.018035888672 133.746032714844 133.466659545898 133.321426391602 133.072509765625 132.865234375 132.692153930664 132.487655639648 132.229476928711 132.149047851562 132.039825439453 131.628601074219 131.487380981445 131.25651550293 131.130279541016 130.953521728516 130.814819335938 130.607528686523 130.511642456055
146.293273925781 144.649444580078 142.989379882812 142.393676757812 142.917541503906 142.75065612793 143.104614257812 143.305526733398 143.36328125 142.896392822266 142.34309387207 142.107955932617 141.809188842773 141.350158691406 140.863754272461 140.426239013672 139.970321655273 139.482467651367 138.804260253906 138.161727905273 137.728759765625 137.27473449707 136.970611572266 136.856430053711 136.801879882812 136.372802734375 136.171081542969 135.916763305664 135.502502441406 135.048812866211 134.368148803711 134.000610351562 133.784774780273 133.633590698242 133.363998413086 133.104827880859 -3.4e+38 132.82389831543 132.524948120117 132.48991394043 132.327087402344 131.79411315918 131.668273925781 131.499481201172 131.433685302734 131.317169189453 131.069931030273 130.880950927734 130.766662597656
146.05256652832 142.968704223633 141.25276184082 142.400726318359 143.148239135742 143.521865844727 143.354949951172 144.006332397461 143.758117675781 143.310638427734 142.813125610352 142.512496948242 142.095611572266 141.661178588867 141.261764526367 140.823028564453 140.316131591797 139.855102539062 139.273101806641 138.777313232422 138.193786621094 137.681564331055 137.361434936523 137.271362304688 137.126083374023 136.826232910156 136.551498413086 136.223648071289 135.7568359375 135.355651855469 134.698837280273 134.332092285156 134.146240234375 133.966552734375 133.687774658203 133.416458129883 133.222305297852 -3.4e+38 -3.4e+38 132.692810058594 132.476379394531 132.032775878906 131.835342407227 131.732452392578 131.61784362793 131.573425292969 131.330200195312 131.122604370117 131.085662841797
146.31477355957 143.442596435547 142.724044799805 142.049850463867 143.695831298828 144.666397094727 144.2529296875 144.499771118164 144.112884521484 143.696319580078 143.276702880859 142.919555664062 142.389785766602 141.818984985352 141.556762695312 141.116348266602 140.778549194336 140.264022827148 139.639450073242 139.193618774414 138.623123168945 137.992523193359 137.706192016602 137.646286010742 137.472137451172 137.219711303711 136.715209960938 136.449310302734 136.099136352539 135.680633544922 135.041152954102 134.805969238281 134.565963745117 134.26237487793 133.981018066406 133.835266113281 -3.4e+38 -3.4e+38 133.149215698242 132.863342285156 132.716201782227 132.365097045898 132.12580871582 131.991897583008 131.794555664062 131.77653503418 131.606307983398 131.40397644043 131.270767211914
147.155639648438 145.977279663086 145.276138305664 141.951782226562 143.691848754883 145.375793457031 145.107299804688 144.696929931641 144.33186340332 143.984268188477 143.639724731445 143.210174560547 142.671188354492 141.919326782227 141.446197509766 140.998184204102 140.924530029297 140.429992675781 139.915420532227 139.520385742188 139.008178710938 138.322372436523 138.154296875 138.091934204102 137.834594726562 137.439605712891 136.8544921875 136.732498168945 136.405502319336 136.045974731445 135.400650024414 135.146224975586 134.902328491211 134.605453491211 134.341781616211 134.114196777344 133.826309204102 133.581695556641 133.454467773438 133.219039916992 133.019607543945 132.593841552734 132.389358520508 132.166915893555 132.056518554688 131.913314819336 131.839080810547 131.61491394043 131.469665527344
147.804977416992 146.762741088867 144.135894775391 141.568130493164 142.632415771484 145.247772216797 145.804534912109 144.899047851562 144.678909301758 144.312774658203 143.912750244141 143.495742797852 142.952499389648 142.089614868164 141.016784667969 140.678268432617 140.623382568359 140.331192016602 140.09831237793 139.755950927734 139.385101318359 138.855865478516 138.604034423828 138.492263793945 138.143173217773 137.653900146484 137.174270629883 136.931869506836 136.655426025391 136.4140625 135.774230957031 135.438568115234 135.166625976562 134.867141723633 134.662322998047 134.417144775391 134.108047485352 133.847717285156 133.699829101562 133.481918334961 133.22248840332 132.787933349609 132.629165649414 132.450302124023 132.296478271484 132.124588012695 132.040481567383 131.824523925781 131.617126464844
