rcp8.5models/CNRM-CM5/sc1gr2.23
NCOLS 261 
NROWS 433 
XLLCORNER 336357.134 
YLLCORNER 654653.479 
CELLSIZE 1000 
NODATA_value -3.4e+38 
[rows 198 to 219 of 433, columns 49 to 97 of 261]
347.915802001953 347.736663818359 347.787811279297 347.514099121094 346.509246826172 346.6494140625 346.980499267578 346.390563964844 346.435729980469 346.479766845703 346.522644042969 346.403442382812 346.098541259766 346.563842773438 346.185607910156 345.720855712891 345.674102783203 345.533325195312 344.86083984375 344.893432617188 344.837951660156 344.601745605469 344.629516601562 344.496154785156 344.042572021484 344.069793701172 344.004516601562 343.595642089844 343.146575927734 342.822174072266 342.842864990234 342.702758789062 342.259368896484 342.537567138672 342.979461669922 342.205657958984 342.668548583984 342.969085693359 342.664428710938 341.676391601562 341.508087158203 342.435760498047 342.345184326172 341.906311035156 341.4775390625 341.222747802734 340.610687255859 340.809539794922 340.52587890625
348.020080566406 347.746917724609 346.741149902344 346.651550292969 346.229949951172 346.354125976562 346.644134521484 346.420227050781 346.302062988281 345.834289550781 345.87890625 345.842163085938 345.712890625 346.006103515625 345.963775634766 345.745910644531 345.781860351562 345.816772460938 345.535522460938 345.403778076172 344.946838378906 344.977020263672 345.006317138672 344.783050537109 344.062255859375 343.927612304688 343.479278564453 343.413055419922 343.164215087891 343.210510253906 343.071411132812 342.532684326172 342.274536132812 342.392974853516 342.49658203125 341.988403320312 342.442016601562 343.367980957031 342.8583984375 341.562164306641 342.025360107422 341.841217041016 341.856872558594 341.765502929688 341.487182617188 341.230499267578 340.350402832031 340.088500976562 340.534210205078
347.722991943359 346.903045654297 347.215209960938 346.376586914062 346.784515380859 346.475189208984 347.040954589844 346.449493408203 346.414703369141 346.045776367188 345.578063964844 345.618682861328 345.658233642578 345.696716308594 345.734161376953 345.770568847656 345.805938720703 345.677124023438 345.417755126953 345.686706542969 344.968200683594 344.997833251953 344.863891601562 344.322326660156 344.081481933594 343.852630615234 343.295471191406 343.790832519531 343.812683105469 343.226654052734 343.151153564453 342.892883300781 342.911224365234 342.928924560547 342.783905029297 342.245025634766 342.181182861328 342.605041503906 341.967803955078 341.678161621094 342.427795410156 341.456695556641 341.470367431641 341.483520507812 341.496185302734 341.237609863281 340.24853515625 339.803344726562 340.379669189453
347.077972412109 346.287414550781 346.659790039062 346.484985351562 346.884185791016 345.899017333984 346.539398193359 346.990264892578 346.521728515625 346.318054199219 345.605163574219 345.645233154297 345.849334716797 346.221130371094 345.758972167969 345.794799804688 345.665008544922 345.121643066406 345.016265869141 345.385589599609 345.471862792969 345.018249511719 344.791442871094 344.073791503906 344.100280761719 344.032562255859 343.879669189453 344.011291503906 343.567138671875 343.242340087891 343.263366699219 343.283721923828 343.303375244141 343.322387695312 342.913818359375 341.742126464844 341.760986328125 341.839233398438 342.019195556641 342.137298583984 342.438232421875 341.908020019531 341.479553222656 341.492309570312 341.504577636719 341.244110107422 340.417602539062 340.244598388672 340.274444580078
346.519287109375 346.867523193359 346.916412353516 347.039947509766 347.170532226562 346.481994628906 345.657470703125 347.427093505859 347.057434082031 346.343017578125 345.631866455078 345.504669189453 345.294006347656 345.832733154297 345.288238525391 345.652557373047 345.275238037109 345.375213623047 344.949829101562 345.069885253906 345.272796630859 345.038238525391 344.808837890625 344.092712402344 344.11865234375 344.143768310547 344.168060302734 344.095916748047 343.680328369141 343.257537841797 343.278076171875 343.297912597656 343.317077636719 343.171447753906 342.696716308594 342.438568115234 342.001525878906 342.119567871094 342.418823242188 342.106048583984 341.233123779297 341.763793945312 341.488159179688 341.50048828125 341.512359619141 341.413696289062 340.967468261719 340.545166015625 340.443054199219
347.301086425781 346.748016357422 347.256195068359 347.135955810547 346.667694091797 346.391235351562 345.446929931641 346.181030273438 346.146575927734 345.863800048828 345.658203125 345.613433837891 345.316864013672 345.023284912109 344.893402099609 345.096618652344 344.963317871094 345.165832519531 344.971038818359 345.000885009766 345.029815673828 345.057830810547 344.992156982422 344.584930419922 -3.4e+38 344.161163330078 344.184936523438 344.042175292969 343.502746582031 343.733245849609 343.292327880859 343.476928710938 343.785980224609 343.246704101562 342.920227050781 342.828735351562 -3.4e+38 342.696472167969 341.983459472656 342.231781005859 341.34228515625 341.483764648438 341.496154785156 341.343505859375 341.084899902344 341.530548095703 341.265106201172 340.551208496094 340.560852050781
346.653137207031 346.514190673828 347.287353515625 347.087371826172 346.212921142578 345.667816162109 345.475738525391 345.562530517578 345.604156494141 345.814605712891 346.183929443359 345.891967773438 346.000762939453 344.795928955078 344.831085205078 345.034027099609 345.385955810547 344.930541992188 344.991912841797 345.021179199219 345.049560546875 345.076995849609 344.93603515625 344.395385742188 344.154144287109 344.178161621094 344.201416015625 344.126556396484 343.875305175781 344.187133789062 343.930297851562 344.048187255859 344.241394042969 343.813140869141 343.274261474609 343.112640380859 343.409240722656 343.048065185547 341.989105224609 341.844360351562 341.644805908203 341.053619384766 341.503601074219 341.239593505859 340.636932373047 341.104766845703 341.269409179688 340.556610107422 340.565887451172
347.434936523438 346.864868164062 346.800903320312 347.288055419922 347.019989013672 346.653350830078 346.357177734375 346.770080566406 346.133026123047 345.754699707031 345.955932617188 345.832855224609 345.947204589844 345.482147216797 345.344207763672 345.146545410156 345.661407470703 344.952117919922 345.012390136719 345.041107177734 344.899871826172 344.452606201172 344.38623046875 344.14697265625 344.171295166016 344.194793701172 344.217468261719 344.239349365234 344.260467529297 344.300506591797 344.319458007812 344.337738037109 344.355316162109 344.101989746094 343.221557617188 342.956420898438 343.252624511719 342.716644287109 342.341400146484 341.736419677734 341.034637451172 340.774841308594 341.510498046875 341.244476318359 340.532165527344 340.654541015625 340.84375 340.561401367188 340.570281982422
-3.4e+38 347.046691894531 346.427032470703 346.708679199219 346.931945800781 347.233184814453 346.613800048828 346.857849121094 346.746276855469 346.865753173828 346.403564453125 346.266174316406 345.808197021484 345.843292236328 345.788787841797 345.657196044922 345.852294921875 345.455535888672 345.510833740234 345.060668945312 344.823822021484 344.1142578125 344.139709472656 344.164306640625 344.188049316406 344.380432128906 344.696716308594 344.254455566406 344.443969726562 344.313995361328 344.332397460938 344.181701660156 343.915649414062 344.111511230469 343.126739501953 342.519958496094 342.710418701172 342.443328857422 342.456817626953 342.086029052734 341.197204589844 341.218841552734 341.516845703125 341.415924072266 340.96875 340.54736328125 340.556671142578 340.565582275391 340.574066162109
347.685363769531 347.943634033203 347.757720947266 347.623809814453 347.2373046875 347.258972167969 346.559814453125 346.643218994141 346.768005371094 346.9658203125 346.759735107422 346.709228515625 346.495697021484 346.527984619141 346.386199951172 345.932373046875 345.963806152344 345.902618408203 345.787200927734 345.079864501953 345.011901855469 344.774719238281 344.797607421875 344.648681640625 344.375183105469 344.959533691406 345.149353027344 344.899719238281 345.018280029297 344.327056884766 344.175323486328 343.637542724609 343.651916503906 344.120635986328 343.304351806641 342.869689941406 342.438537597656 342.452117919922 342.465087890625 342.368713378906 341.926971435547 341.512084960938 341.522674560547 341.364868164062 -3.4e+38 340.384002685547 340.133636474609 340.569152832031 340.577239990234
347.569000244141 347.470916748047 347.667724609375 347.565490722656 347.5 346.57177734375 346.876739501953 346.020935058594 346.239501953125 346.771820068359 346.720306396484 346.509124755859 346.541320800781 346.486846923828 346.194458007812 345.975402832031 346.005706787109 346.035003662109 345.916351318359 -3.4e+38 -3.4e+38 345.167388916016 345.191162109375 345.214080810547 345.236145019531 345.257354736328 345.105163574219 344.667663574219 344.6884765625 344.180114746094 343.642211914062 343.556304931641 343.953186035156 343.691802978516 343.42919921875 343.335144042969 343.067504882812 343.016815185547 342.76220703125 342.321441650391 341.786560058594 341.353302001953 341.102294921875 341.258575439453 340.550689697266 340.444030761719 338.851867675781 336.833099365234 339.873718261719
346.679382324219 346.911010742188 347.466674804688 347.511993408203 347.2919921875 346.599060058594 346.905822753906 345.720825195312 345.846557617188 346.305480957031 346.654052734375 346.202484130859 346.238586425781 346.182373046875 345.965698242188 345.996429443359 346.026184082031 346.054931640625 346.013854980469 -3.4e+38 345.803649902344 -3.4e+38 345.672149658203 -3.4e+38 345.25146484375 345.272125244141 345.016754150391 344.311065673828 344.329406738281 344.086669921875 343.380065917969 343.501251220703 343.685729980469 343.424652099609 343.438293457031 343.451324462891 -3.4e+38 343.194488525391 342.487152099609 342.386932373047 342.113159179688 341.845581054688 341.250701904297 341.260833740234 340.554016113281 337.668182373047 -3.4e+38 338.413757324219 339.583282470703
347.095336914062 347.038879394531 346.8076171875 346.854766845703 346.816223144531 346.626037597656 -3.4e+38 346.238922119141 345.964080810547 346.398376464844 346.099395751953 345.890228271484 345.744537353516 345.474578857422 345.986999511719 346.017181396484 345.868560791016 345.600799560547 345.480987548828 -3.4e+38 -3.4e+38 -3.4e+38 -3.4e+38 345.245544433594 345.266448974609 345.286529541016 345.203552246094 344.778747558594 344.342102050781 344.096343994141 343.391021728516 343.405975341797 343.420257568359 343.433929443359 343.619934082031 343.899383544922 343.298797607422 342.762939453125 342.493621826172 342.503997802734 342.342010498047 341.817352294922 341.369445800781 340.835906982422 340.556823730469 335.506195068359 327.927276611328 339.999084472656 339.584197998047
347.247161865234 346.705810546875 346.52392578125 346.568023681641 346.427398681641 345.972595214844 346.015563964844 346.6826171875 346.386444091797 346.267181396484 346.256896972656 345.503234863281 345.344970703125 345.250396728516 346.007995605469 -3.4e+38 345.791931152344 345.189758300781 345.146148681641 345.268981933594 345.453369140625 345.217590332031 345.239624023438 345.260803222656 345.104614257812 344.668121337891 344.688781738281 344.604797363281 344.354461669922 344.280731201172 344.022857666016 344.035400390625 344.047332763672 344.058654785156 343.830841064453 343.132568359375 342.930816650391 342.924987792969 342.499694824219 342.509521484375 342.232788085938 341.536224365234 341.429016113281 341.149536132812 340.983276367188 -3.4e+38 331.57568359375 340.460327148438 340.003356933594
347.378570556641 346.886688232422 346.218994140625 346.595672607422 346.366638183594 345.863891601562 346.212188720703 346.252807617188 346.416137695312 345.958648681641 346.090454101562 345.545562744141 345.092956542969 345.398010253906 346.028747558594 346.057769775391 345.809356689453 345.112854003906 345.164001464844 345.009033203125 344.569305419922 344.772186279297 345.255157470703 345.275787353516 345.015319824219 344.314422607422 344.332550048828 344.349884033203 344.366485595703 344.3974609375 344.236083984375 343.806671142578 343.996948242188 344.451354980469 344.068176269531 342.911895751953 -3.4e+38 -3.4e+38 342.50537109375 342.5146484375 342.235717773438 341.539672851562 341.547180175781 341.554290771484 341.271026611328 339.333923339844 337.554321289062 340.579132080078 340.292602539062
346.697814941406 346.247528076172 345.929534912109 346.623016357422 346.409729003906 345.844665527344 346.170074462891 345.883941650391 346.209808349609 346.558715820312 346.308990478516 345.426818847656 345.066833496094 345.353637695312 345.508514404297 345.658172607422 345.826538085938 345.131591796875 345.000915527344 344.641967773438 344.689483642578 344.350799560547 344.812164306641 345.290435791016 345.206237792969 344.781158447266 344.345458984375 344.362213134766 344.378204345703 344.408020019531 344.136840820312 343.435089111328 343.733520507812 344.283447265625 343.746673583984 343.370086669922 343.038513183594 342.780456542969 342.510681152344 342.344604492188 341.809539794922 341.542724609375 341.375732421875 340.959320068359 340.84912109375 340.449737548828 340.285461425781 340.579040527344 340.463500976562
346.284027099609 345.745361328125 345.896453857422 345.966491699219 345.930847167969 345.755523681641 345.853790283203 345.844390869141 345.9716796875 346.171569824219 345.852844238281 345.519287109375 345.514099121094 345.131317138672 345.156188964844 345.298858642578 345.399291992188 345.150085449219 344.917083740234 344.140991210938 344.041229248047 344.26513671875 344.38818359375 344.849792480469 345.323394775391 345.056640625 344.358093261719 344.374237060547 344.210906982422 343.974517822266 344.322540283203 343.884796142578 343.56640625 343.74169921875 343.478149414062 343.488311767578 -3.4e+38 342.507019042969 342.515594482422 342.408813476562 342.13427734375 341.970092773438 341.434356689453 340.979797363281 340.737884521484 341.162353515625 340.991851806641 340.404663085938 339.993743896484
346.185516357422 345.892974853516 345.727600097656 345.727081298828 345.846923828125 345.772552490234 345.829772949219 345.868377685547 345.850616455078 345.577331542969 345.074035644531 344.895172119141 345.013488769531 345.246459960938 345.606109619141 345.25439453125 345.195190429688 345.168304443359 344.932037353516 344.136901855469 344.002990722656 344.098358154297 343.845001220703 344.423278808594 344.704010009766 344.617401123047 344.370422363281 344.205871582031 343.667755126953 343.537322998047 344.000091552734 344.163787841797 343.464233398438 343.474975585938 343.307312011719 342.8837890625 342.780792236328 342.51220703125 342.696960449219 343.131896972656 342.961029052734 342.254241943359 341.553497314453 341.440185546875 341.278198242188 -3.4e+38 340.861022949219 340.456329345703 340.170227050781
346.369812011719 346.116302490234 346.092315673828 346.409851074219 346.333587646484 345.915374755859 345.896728515625 345.833099365234 345.780303955078 345.681121826172 345.343383789062 344.557495117188 344.672485351562 345.234375 345.512786865234 345.208862304688 345.240783691406 345.197631835938 344.94677734375 344.254638671875 344.091918945312 343.553253173828 343.419097900391 343.880889892578 344.350219726562 344.366790771484 344.382537841797 344.289581298828 343.855712890625 343.437896728516 343.740478515625 344.170471191406 343.472106933594 343.482238769531 343.199768066406 342.67919921875 -3.4e+38 342.517059326172 342.640228271484 342.927520751953 342.641418457031 341.832275390625 341.554840087891 341.559753417969 341.564331054688 341.272064208984 340.572509765625 340.576141357422 340.404327392578
346.491882324219 346.1201171875 345.971099853516 346.258392333984 346.065948486328 345.988250732422 345.872680664062 345.216064453125 345.221588134766 345.447418212891 345.687042236328 344.798980712891 344.610931396484 344.860900878906 345.0595703125 344.812835693359 345.211212158203 345.210205078125 345.146911621094 344.727630615234 344.187072753906 343.948486328125 343.780914306641 343.452484130859 343.914459228516 344.379241943359 344.394378662109 344.226440429688 343.506469726562 343.447326660156 343.751129150391 344.176879882812 343.299346923828 342.875549316406 342.772216796875 342.621124267578 342.969696044922 343.128387451172 342.954925537109 342.534729003906 342.244750976562 341.972259521484 341.555847167969 341.383117675781 341.14697265625 341.446441650391 340.985961914062 340.574371337891 340.278106689453
346.402404785156 345.921936035156 346.121307373047 346.157287597656 346.058258056641 346.029754638672 345.889739990234 345.401885986328 344.935089111328 345.100250244141 345.398071289062 345.321533203125 344.817199707031 344.728637695312 345.072143554688 344.831665039062 344.820373535156 345.221649169922 345.265808105469 344.996002197266 344.306182861328 344.139373779297 343.601043701172 343.359924316406 343.483612060547 343.761627197266 343.961791992188 344.126831054688 343.322540283203 343.456512451172 343.579528808594 343.566192626953 342.939819335938 343.109191894531 342.935089111328 342.511962890625 342.455139160156 342.492767333984 342.630462646484 341.934631347656 341.822998046875 341.655914306641 340.959747314453 340.844085693359 340.862884521484 341.389465332031 340.856231689453 340.572265625 340.274017333984
346.510498046875 346.210083007812 346.205108642578 346.006317138672 346.137115478516 345.970397949219 346.017456054688 345.189453125 344.976257324219 345.175628662109 345.616241455078 345.674835205078 345.431213378906 345.127136230469 344.759460449219 344.64208984375 344.486938476562 344.654083251953 344.638580322266 344.555786132812 344.321197509766 344.233123779297 -3.4e+38 343.373168945312 343.388732910156 343.403472900391 343.527069091797 343.694519042969 343.442901611328 343.028717041016 343.475677490234 343.37158203125 343.223052978516 343.320434570312 342.783355712891 342.517211914062 342.406951904297 342.072662353516 341.993316650391 341.963226318359 341.545227050781 341.432861328125 340.974334716797 340.560028076172 340.685180664062 340.850738525391 340.567749023438 340.569793701172 340.269592285156
