rcp8.5models/CNRM-CM5/sc1gr4.30
NCOLS 261 
NROWS 433 
XLLCORNER 336357.134 
YLLCORNER 654653.479 
CELLSIZE 1000 
NODATA_value -3.4e+38 
[rows 352 to 373 of 433, columns 147 to 195 of 261]
266.460113525391 265.354339599609 269.094512939453 278.033905029297 279.256744384766 279.277252197266 279.243774414062 278.711669921875 277.992706298828 278.218078613281 276.735107421875 267.946441650391 262.433532714844 259.145843505859 265.680511474609 272.520324707031 272.970733642578 270.245758056641 270.130493164062 272.855010986328 273.503784179688 275.502868652344 272.415222167969 268.877014160156 270.530303955078 276.461730957031 278.882385253906 279.387329101562 280.082122802734 280.777740478516 280.941345214844 280.787780761719 280.9140625 282.062927246094 281.477996826172 281.476257324219 281.616119384766 281.837982177734 282.019500732422 281.895477294922 281.962066650391 282.668334960938 282.767303466797 282.797119140625 282.777374267578 283.045135498047 282.411712646484 281.966644287109 282.019622802734
264.317443847656 264.638549804688 269.819305419922 278.645111083984 279.522613525391 279.566802978516 279.391387939453 279.196472167969 279.0458984375 278.621063232422 277.6845703125 273.858306884766 270.201873779297 267.635925292969 271.407043457031 276.398956298828 276.459350585938 271.219024658203 265.104949951172 269.877319335938 277.985260009766 278.828826904297 275.348876953125 274.211151123047 274.036407470703 277.0576171875 279.586975097656 279.981414794922 280.127685546875 280.789855957031 281.086212158203 281.157592773438 281.473846435547 282.265716552734 281.707580566406 281.442047119141 281.5693359375 281.677490234375 281.380035400391 281.756500244141 282.155334472656 282.784057617188 282.936950683594 282.872955322266 283.141571044922 283.136444091797 282.592193603516 282.149566650391 282.034820556641
263.458770751953 265.933258056641 273.207397460938 279.572052001953 279.669189453125 279.582885742188 279.549713134766 279.428039550781 279.232330322266 278.850372314453 278.076934814453 277.667785644531 276.860656738281 276.633026123047 276.900756835938 277.390319824219 277.763702392578 276.458587646484 272.180389404297 273.477294921875 277.74365234375 279.652862548828 279.455352783203 279.273712158203 279.029571533203 280.107330322266 280.248138427734 280.443664550781 280.482055664062 280.953369140625 281.147216796875 281.516998291016 281.958679199219 282.539367675781 282.135955810547 281.630584716797 282.082061767578 282.107574462891 281.486297607422 282.060699462891 282.531433105469 282.854736328125 283.053802490234 283.068634033203 283.253479003906 283.379425048828 282.871063232422 282.509613037109 282.292724609375
262.448089599609 265.355865478516 273.837005615234 279.725158691406 279.762268066406 279.569305419922 279.536285400391 279.414794921875 279.248046875 278.891174316406 278.178833007812 278.102508544922 276.780792236328 275.288299560547 274.529693603516 274.291137695312 278.475280761719 278.909301757812 279.123413085938 277.684661865234 276.500030517578 280.029998779297 278.485717773438 278.312744140625 279.204620361328 280.511505126953 280.601348876953 280.756378173828 280.919342041016 281.150360107422 281.149597167969 281.778686523438 282.133972167969 282.586090087891 281.958129882812 281.336486816406 282.356140136719 281.995819091797 281.760711669922 282.260101318359 282.850860595703 283.111206054688 283.234344482422 283.448211669922 283.326568603516 283.698333740234 283.0673828125 282.177947998047 281.766235351562
260.949890136719 267.005889892578 276.454833984375 279.764739990234 279.748687744141 279.436767578125 279.160003662109 279.102111816406 279.238891601562 279.015045166016 278.219879150391 278.177429199219 276.673309326172 273.411804199219 272.816436767578 274.510681152344 278.216766357422 278.477447509766 279.243469238281 278.977142333984 278.436309814453 278.306701660156 276.645690917969 278.154693603516 278.849578857422 279.965209960938 280.972473144531 281.168212890625 281.131713867188 281.304595947266 281.352691650391 282.026611328125 282.18115234375 282.371429443359 281.935394287109 281.307067871094 281.839721679688 281.640502929688 281.784576416016 282.161560058594 282.752838134766 283.077453613281 283.388946533203 283.643768310547 283.539398193359 283.6220703125 283.07373046875 282.348999023438 282.135833740234
262.197174072266 274.408477783203 279.806549072266 279.804473876953 279.675262451172 279.167358398438 278.730041503906 278.701934814453 278.893005371094 278.843292236328 278.286895751953 278.359832763672 277.499664306641 275.356506347656 275.964691162109 278.101135253906 277.728088378906 278.266967773438 279.363311767578 280.168273925781 280.154937744141 277.416748046875 275.216247558594 278.872161865234 279.842102050781 279.626770019531 280.090728759766 281.331634521484 281.627502441406 281.600708007812 281.589935302734 282.239715576172 282.311187744141 282.503173828125 282.102264404297 281.457580566406 281.467437744141 281.719116210938 281.947937011719 281.922515869141 282.507476806641 282.805480957031 283.476348876953 283.657684326172 283.753021240234 283.593658447266 283.340667724609 283.038848876953 282.816345214844
266.850982666016 279.170257568359 279.906860351562 279.837036132812 279.435272216797 278.939697265625 278.656829833984 278.491760253906 278.512237548828 278.478179931641 278.385589599609 278.899597167969 278.974700927734 278.937133789062 278.735900878906 278.588165283203 278.240997314453 278.727905273438 279.4921875 280.126190185547 280.278472900391 279.189056396484 276.050689697266 279.177825927734 280.625 280.010070800781 279.262542724609 281.468536376953 282.040466308594 281.862854003906 281.788146972656 282.168090820312 282.467407226562 282.872192382812 281.987731933594 281.053283691406 281.560913085938 281.942199707031 282.214599609375 281.758087158203 282.227386474609 282.641815185547 283.215942382812 283.644439697266 283.716491699219 283.643157958984 283.508270263672 283.022735595703 282.708801269531
274.156311035156 279.631561279297 279.893615722656 279.733032226562 279.291748046875 279.068939208984 278.775451660156 278.454711914062 278.494537353516 278.385375976562 278.570922851562 279.330078125 279.076385498047 278.955535888672 278.751556396484 278.659118652344 278.646575927734 279.050750732422 279.564880371094 280.029571533203 280.209747314453 280.235534667969 278.761260986328 280.423950195312 280.754089355469 280.411499023438 280.187530517578 281.797698974609 282.144866943359 281.899871826172 281.868896484375 282.144989013672 282.693572998047 282.344177246094 281.616363525391 280.930206298828 281.867492675781 282.337493896484 282.369171142578 281.801391601562 282.055328369141 282.581970214844 282.897491455078 283.589111328125 283.582366943359 283.547821044922 283.480743408203 283.184448242188 282.882781982422
279.480895996094 279.776947021484 279.556823730469 279.411285400391 279.273406982422 279.151214599609 278.837921142578 278.76611328125 278.734008789062 278.163513183594 278.267181396484 279.252960205078 279.381958007812 279.288024902344 278.861236572266 278.270935058594 278.453979492188 279.161193847656 -3.4e+38 279.920043945312 280.180114746094 -3.4e+38 281.338500976562 281.410522460938 281.291015625 281.252563476562 281.665435791016 282.062255859375 282.529663085938 281.997528076172 282.235961914062 282.477294921875 282.805816650391 281.398529052734 281.393341064453 281.559783935547 282.210205078125 282.491516113281 282.546752929688 282.390960693359 282.214813232422 282.665679931641 283.223358154297 283.752227783203 283.828063964844 283.773956298828 283.746734619141 283.555145263672 -3.4e+38
-3.4e+38 279.847076416016 279.626373291016 279.329650878906 278.925842285156 278.892822265625 278.919342041016 279.051879882812 278.979431152344 278.644378662109 278.469482421875 279.403228759766 279.283905029297 279.279937744141 279.488464355469 278.950225830078 278.660217285156 279.124847412109 279.473999023438 279.771942138672 279.944793701172 280.516357421875 281.601867675781 281.860687255859 281.976928710938 281.646942138672 281.905944824219 282.609222412109 282.507720947266 282.175872802734 282.472717285156 282.460052490234 282.236206054688 281.647705078125 281.440002441406 281.476928710938 281.970092773438 282.380249023438 282.616912841797 282.550201416016 282.482360839844 282.546752929688 283.064392089844 283.612548828125 283.60791015625 283.93017578125 283.8603515625 283.600036621094 283.512359619141
279.591400146484 280.018615722656 279.930938720703 279.377685546875 279.079681396484 279.017395019531 279.108489990234 279.337829589844 279.255035400391 279.299652099609 279.123626708984 279.724243164062 279.489990234375 279.292449951172 279.699462890625 279.441955566406 279.013000488281 279.031829833984 279.04345703125 279.369049072266 279.677764892578 280.471282958984 281.590240478516 281.977722167969 282.382110595703 282.048706054688 282.207122802734 282.70458984375 282.711181640625 282.292266845703 282.099273681641 281.955993652344 281.704315185547 281.610778808594 281.366455078125 281.509582519531 282.123809814453 282.602325439453 283.044219970703 282.949432373047 282.660583496094 282.676239013672 282.907348632812 283.539245605469 -3.4e+38 284.082672119141 283.931274414062 283.443634033203 283.538055419922
279.704956054688 279.892486572266 279.813079833984 279.485534667969 279.309600830078 279.087432861328 279.209350585938 279.4921875 279.350952148438 279.346496582031 279.39453125 279.852203369141 279.868743896484 279.750061035156 279.548156738281 278.875427246094 278.611907958984 278.907287597656 278.680267333984 278.597625732422 279.581390380859 280.35107421875 281.182434082031 281.696258544922 282.076354980469 282.332305908203 282.678039550781 283.015991210938 283.246948242188 282.715637207031 281.945404052734 281.941558837891 282.046234130859 281.310729980469 281.232940673828 281.565216064453 282.314056396484 282.648559570312 283.141326904297 283.396423339844 283.252563476562 283.264862060547 283.117248535156 283.298248291016 -3.4e+38 -3.4e+38 283.813323974609 283.515747070312 283.610168457031
279.923431396484 279.704040527344 279.589080810547 279.413665771484 279.192352294922 279.135345458984 279.214782714844 279.260498046875 279.230773925781 279.4482421875 279.626922607422 -3.4e+38 -3.4e+38 279.682067871094 279.120483398438 279.049499511719 278.8720703125 278.974517822266 278.483184814453 277.288024902344 278.305938720703 280.060485839844 280.643524169922 280.972686767578 281.217834472656 281.946807861328 282.658508300781 283.220916748047 283.391387939453 282.638671875 282.349884033203 282.321685791016 282.246734619141 281.404052734375 281.362640380859 281.611633300781 282.300598144531 282.590240478516 283.007385253906 283.472198486328 283.527618408203 283.459777832031 283.371704101562 283.329711914062 283.719818115234 -3.4e+38 283.65478515625 283.690704345703 283.910095214844
279.985076904297 279.608612060547 279.432312011719 279.120178222656 278.905670166016 279.075744628906 279.190765380859 279.08984375 279.411743164062 279.715789794922 279.948577880859 279.769500732422 279.735137939453 279.361511230469 279.022033691406 279.761901855469 279.697479248047 279.406463623047 278.936340332031 277.291046142578 277.156036376953 279.742584228516 280.461975097656 280.788421630859 281.008148193359 281.733215332031 282.586547851562 282.881896972656 282.431640625 282.148254394531 282.169250488281 282.165161132812 282.173248291016 281.876556396484 281.829284667969 281.482604980469 281.984466552734 282.576416015625 282.858367919922 283.091125488281 283.492340087891 283.451934814453 283.63134765625 283.540649414062 283.643188476562 284.338134765625 283.789611816406 284.054077148438 284.357208251953
279.910797119141 279.46044921875 279.366851806641 279.107360839844 279.013458251953 279.394927978516 279.390991210938 279.284088134766 279.92431640625 279.973266601562 280.023345947266 279.729827880859 279.610107421875 279.461578369141 279.480377197266 279.861145019531 279.880889892578 279.646179199219 279.472900390625 278.447082519531 277.721923828125 279.247375488281 280.522186279297 281.244659423828 281.553070068359 282.116729736328 282.615173339844 282.341156005859 281.586364746094 282.158813476562 282.164947509766 282.176605224609 282.586273193359 282.257049560547 282.079986572266 281.413970947266 281.668182373047 282.495239257812 282.550811767578 282.617492675781 283.048645019531 283.503082275391 283.824035644531 283.634094238281 283.756927490234 284.471374511719 284.320861816406 284.456726074219 284.659057617188
279.545104980469 279.260437011719 279.393920898438 279.283874511719 279.145538330078 279.724517822266 279.967132568359 279.871551513672 280.333404541016 280.398376464844 280.004089355469 279.935302734375 279.706726074219 279.618316650391 279.912902832031 280.0419921875 279.839630126953 279.850708007812 279.985107421875 279.392211914062 -3.4e+38 278.918609619141 280.323547363281 280.974029541016 281.626739501953 281.966491699219 281.791625976562 281.43505859375 281.248229980469 281.817626953125 282.258850097656 282.448822021484 283.109039306641 282.162353515625 281.729339599609 281.575561523438 281.93408203125 282.443481445312 282.732696533203 282.994232177734 283.120941162109 283.595764160156 284.065063476562 284.16455078125 284.220428466797 284.645233154297 284.723602294922 284.568511962891 284.644744873047
279.166290283203 279.308868408203 279.486968994141 279.333709716797 279.149383544922 279.523834228516 280.083709716797 280.333251953125 280.621002197266 280.472015380859 280.131591796875 280.2587890625 279.9423828125 279.772369384766 280.261260986328 280.336151123047 279.9912109375 280.226745605469 280.5283203125 280.208679199219 278.971069335938 277.221069335938 280.458343505859 280.681091308594 281.005401611328 280.689697265625 280.494567871094 280.596710205078 281.256256103516 281.834014892578 282.234405517578 282.578308105469 283.131530761719 282.208587646484 281.853363037109 282.038360595703 282.177856445312 282.330841064453 282.913940429688 283.480163574219 283.5625 283.850219726562 284.219604492188 -3.4e+38 284.455474853516 284.651885986328 284.835174560547 284.768035888672 284.657836914062
279.330108642578 279.569366455078 279.489532470703 279.132934570312 278.994537353516 279.261077880859 279.820373535156 280.248992919922 280.712738037109 280.321136474609 280.268615722656 280.331176757812 280.264221191406 280.230010986328 280.499420166016 280.380035400391 280.366271972656 280.577178955078 280.601257324219 280.257537841797 279.031677246094 277.219329833984 280.744995117188 280.872650146484 280.316467285156 279.9287109375 279.878204345703 280.430725097656 281.449737548828 282.150817871094 282.281616210938 282.882354736328 283.08154296875 282.228485107422 282.266235351562 282.599670410156 282.45166015625 282.393676757812 282.755798339844 283.405364990234 283.549133300781 283.879821777344 284.352752685547 284.551666259766 284.422698974609 284.680297851562 285.282684326172 285.17724609375 284.699920654297
279.787414550781 279.819427490234 279.537841796875 279.164306640625 278.845458984375 279.165893554688 279.754913330078 280.236297607422 280.787994384766 280.614593505859 280.611999511719 280.457214355469 280.337951660156 280.306335449219 280.598083496094 280.613616943359 280.661804199219 280.489593505859 280.174438476562 279.907135009766 279.730529785156 279.429779052734 280.193176269531 280.301177978516 280.050689697266 279.971984863281 279.861968994141 280.416198730469 281.410797119141 282.053497314453 282.353881835938 283.202453613281 282.937866210938 282.284393310547 282.570861816406 283.131378173828 283.081787109375 282.895477294922 282.852600097656 283.024169921875 283.513793945312 283.826293945312 284.399993896484 284.602630615234 284.682312011719 284.686309814453 285.408905029297 285.518096923828 285.149261474609
280.037933349609 279.903472900391 279.670074462891 279.709625244141 279.654022216797 279.37451171875 279.225799560547 280.238250732422 280.888031005859 281.120300292969 281.086151123047 280.541168212891 280.23193359375 280.418762207031 281.045837402344 281.424957275391 281.220031738281 280.794921875 280.442657470703 280.406066894531 280.113616943359 279.740570068359 279.195709228516 279.526397705078 280.201080322266 279.903411865234 280.009338378906 280.362487792969 281.174743652344 281.570465087891 282.062591552734 283.138732910156 282.94482421875 282.220092773438 282.626495361328 283.188201904297 283.206359863281 283.224731445312 283.109008789062 282.891296386719 283.298492431641 283.355316162109 283.608428955078 284.513488769531 284.71630859375 285.395141601562 285.283599853516 285.4853515625 285.459381103516
279.881256103516 279.857360839844 279.957977294922 279.949859619141 279.803894042969 279.452880859375 279.226440429688 279.841705322266 280.719635009766 281.364471435547 281.374664306641 280.885833740234 280.656982421875 280.789886474609 281.117370605469 281.358032226562 281.184020996094 280.918273925781 281.043853759766 281.009490966797 280.456176757812 279.773651123047 279.821319580078 280.034790039062 280.475372314453 279.913452148438 280.051635742188 280.347503662109 281.185760498047 281.741577148438 282.320892333984 283.041290283203 283.037689208984 282.321594238281 282.867401123047 283.18994140625 283.623626708984 283.437713623047 283.350769042969 283.158538818359 282.995178222656 283.26123046875 283.526977539062 283.812316894531 284.160949707031 285.252838134766 285.416442871094 285.344848632812 285.428283691406
280.149047851562 280.240570068359 280.357604980469 280.06591796875 279.79931640625 279.756774902344 279.614562988281 279.760284423828 280.434783935547 281.188537597656 281.373352050781 281.327697753906 281.453643798828 281.388824462891 281.351898193359 281.125335693359 280.587524414062 280.877166748047 281.116821289062 280.889770507812 280.094970703125 279.970245361328 280.544647216797 280.827239990234 280.75537109375 280.427520751953 280.303466796875 280.275360107422 281.048889160156 281.455413818359 282.390045166016 283.037933349609 283.046661376953 282.461029052734 283.117919921875 283.395446777344 284.216369628906 283.889892578125 283.232635498047 283.022155761719 282.981414794922 283.226379394531 283.302856445312 283.364471435547 284.108062744141 285.011352539062 285.258331298828 285.249908447266 285.390258789062
