rcp8.5models/CNRM-CM5/sc1gr3.0
NCOLS 261 
NROWS 433 
XLLCORNER 336357.134 
YLLCORNER 654653.479 
CELLSIZE 1000 
NODATA_value -9999 
[rows 110 to 131 of 433, columns 100 to 149 of 261]
258.182203903581 258.279193578646 258.181641056458 257.958020432779 257.105694005588 257.133030011498 257.21536267804 256.973879428566 256.955005042961 256.656365223361 256.405981202621 256.37774677406 256.575244600251 255.921420516545 255.697454146218 255.731943187476 255.526591387355 255.708711877274 255.769501352251 255.755664402699 255.740820738965 256.046704166409 256.387780869275 256.652437427193 256.272931041142 256.696095198374 256.534089738484 257.299754048508 258.003327140228 258.130323463243 257.639266568798 257.901048714842 258.567016339792 258.810507194392 259.144179045273 259.770625187434 259.57253552994 259.455567022405 258.730484011022 258.703576568896 258.745186813877 258.737524899378 258.488202253622 258.737903510509 258.929334871601 259.47606827557 259.941319370009 259.949825779842 259.789933794131 260.021878764852
257.744762862229 258.164403837801 258.01803874531 257.900559226332 257.475054443986 257.380815869441 257.311404491307 257.221263519165 256.98538504178 256.837456191871 256.414976270769 256.277993843563 256.484379332843 256.444620011643 256.418795500981 256.04051272019 255.553942023375 255.504452451629 255.366942993448 255.74826560589 255.530391812379 255.652380451812 255.846700261465 256.101844149827 256.513697612836 256.601643180224 256.585197125152 257.725763696806 258.04509316975 257.662789710471 257.50377387958 258.124456630408 258.729181266936 258.692506944152 258.8213641026 259.702954777771 259.479223826508 259.059886157173 258.641894170389 258.626637986813 258.342384649006 258.210443329617 258.508998178612 258.729292480519 258.7845344827 259.029645838486 259.95742242296 260.09041359873 260.154606056171 260.405592123256
257.259810180603 257.831000041578 257.931876112131 257.751823775381 257.724435720525 257.801015327494 257.523098809174 257.492723718245 257.280747310617 257.111539233417 256.813372741106 256.768146483408 256.48380630567 -9999 256.825141085784 256.473883244083 255.795864512868 255.519461831265 255.412375704005 255.642092678179 255.622122595879 255.427232034426 255.507349990333 255.761712902452 256.645285728407 256.90433314134 257.39724103984 257.850698651767 257.730306384887 257.375427930704 257.569642156751 258.252907383534 258.494095529579 258.210103972602 258.77746073166 259.526078039611 258.992976191387 258.713797232137 258.618599746841 258.544836722096 258.125857261036 258.348814728161 258.784243028476 258.890813460626 259.300544864805 259.223315595274 259.858160863192 260.084416002597 260.380871457211 260.552625165143
257.017168850087 257.71135887476 257.645417943435 257.631124006576 257.671295053162 257.839012134125 257.649019351428 257.612880922446 257.387991348189 257.326542881861 257.124269479946 257.181448644089 256.69054069437 256.553215384653 256.668502255686 256.650769601941 256.418304986015 255.890320365843 255.962762242592 255.578437581342 255.592965390231 255.430259986645 255.568837019274 255.875989856079 256.531011061599 256.849638060781 257.669484493861 257.782388359553 257.311572576995 256.877665942282 257.003827713292 257.783723014225 257.86158354163 257.962438044081 258.741618536582 -9999 -9999 -9999 -9999 258.4020520041 258.042598376319 258.720485666625 258.979217438148 259.192836165743 259.68282450542 259.62329268347 259.863354287998 260.256241362086 260.2867189149 260.00102437272
256.870877670311 257.306805320903 257.55329878221 257.495270297012 257.397417238319 257.781549946611 257.614490772074 257.443850216075 257.420552345887 257.374453407155 257.214651735276 256.938018863322 256.861572361781 256.390685939056 256.268003328006 256.499511894339 256.697392016432 256.374760764335 256.291654786383 255.482097659635 255.554746129344 255.519740125717 255.607225530039 255.735589126692 256.430629556525 256.538834069029 257.100883553384 257.606238962734 256.857036338902 256.141306761196 256.714801460763 257.471233643973 257.645310012588 258.309348016926 -9999 -9999 -9999 -9999 -9999 258.432688853687 258.235396069797 258.474033073798 258.749924990098 259.15308719136 259.577139237574 259.748827407787 259.839288884102 260.11919022315 260.071253938067 260.03004338709
257.203286285412 256.929625719261 256.853169820163 256.901954238891 256.991453360133 257.198655862924 257.419406559415 257.458770694223 257.261677332599 256.782451502894 256.872625542814 257.305496156677 256.712262167331 256.536458650086 256.350057281428 255.822347601957 255.714071990892 255.995016691126 255.914888590578 256.279415217489 255.528051945941 255.373011231135 255.372473743641 255.857385175854 256.322124054651 256.484113198894 256.762567758252 257.227961180804 256.591144644693 256.619103490171 256.586663456594 256.592731708391 256.993607950775 257.246016780328 258.44749269054 258.375804566531 258.347136490009 258.327153629193 258.728621681356 258.638975189145 258.538995684835 258.64064922417 258.801394571384 259.112172144963 259.735602964968 259.686999539449 259.504755185718 259.411644589032 259.906735099205 260.539315174234
257.130579357132 257.020675417076 256.878066915034 256.835113951054 256.80156968166 257.113565478538 257.368760630238 257.374788350407 257.243459147553 256.55953861097 256.644831467966 256.837381857313 256.5775275583 256.571513828842 256.339209908307 255.516310954176 255.587253109638 255.964791859472 255.458070557347 255.74322717715 255.504578314454 255.338083840709 255.543199811442 255.768206469772 256.532747342648 256.52662279175 256.485097678619 256.988033209807 256.426624280507 256.77923140544 257.061465423609 257.327898244046 257.538939771775 257.498814324018 258.414218536717 258.294364428055 258.034261092646 257.97101929746 258.672304318689 258.635062681312 258.466939725502 258.39955103401 258.712795453722 259.212420876367 259.621414971746 259.42686459854 259.897897337186 260.156617358722 260.41013898627 260.738911846176
256.957758289133 256.801969145901 256.832221948688 256.758344111715 256.636927788057 256.794701002086 257.215507996393 257.306840102751 257.157261543779 256.39476571096 256.444045278761 256.378097995609 256.389564441032 256.221980583838 255.763834890616 255.487879274009 255.395550391912 255.615277499645 255.39539877614 255.49424452747 -9999 255.195746470817 255.467083592016 255.47300826697 255.994290838001 256.113704639196 256.521600646316 256.459127139366 256.38521292047 256.936706518332 257.526528609052 257.757555993837 257.888451658976 257.773101034657 258.40420627822 258.289822691007 257.618064568327 257.699213877185 258.692962924474 258.727169026294 258.497139453228 258.298241329589 258.70201059158 259.0102743869 259.172641244368 259.197401417231 259.834151691993 260.32780934134 260.678549693245 260.735052937181
256.885761442058 256.730628267455 256.862354222134 256.755108370055 256.593717965826 256.500104292662 256.734183524824 256.879109589169 257.192879000103 256.584366531616 256.421864685935 256.398119149662 255.970412671119 255.560021867963 255.117756281014 255.302628117914 254.872138923904 255.251652254572 255.387269660424 255.089061069766 255.252779763264 255.220871984524 255.161059640345 255.380400177194 255.44647631516 255.772831272512 256.164177656873 256.382780182955 256.413155277815 256.815075983551 257.613467782527 257.596441284169 257.511423809516 257.570776443952 258.020366924534 258.23325724493 257.427233621246 257.610271434544 258.707110270385 258.793729033468 258.570244439268 258.358495215798 258.661089277259 258.833424721605 258.788469859497 259.061839715324 259.714649924897 260.283350909763 260.657585647482 260.676310823448
257.095420967957 256.672940172605 256.707653764998 256.578643421764 256.590391498333 256.455784476565 256.461461382339 256.504309985078 256.681837640938 256.604370882703 256.532397804702 256.276733601642 255.989752205174 255.266428147699 255.039559669028 255.293105939115 254.771146098138 255.38260175684 255.172194617557 254.675927709056 255.190184390412 254.615639093143 254.839946574684 255.382882956257 255.644255268154 256.084152633163 256.275057865169 256.403795961533 256.564217130879 257.154729744441 257.474164958164 257.062503621295 257.255761923479 257.712994112447 258.12219988313 257.914860572054 257.441126444853 257.777506561817 258.392814123929 258.7185306125 258.484196042237 258.106176744097 258.528620905733 258.523396226764 258.53754159377 259.139268606531 259.909980044188 260.188321926286 260.385071126618 260.427957378053
257.49249800896 256.699684722837 256.679305065795 256.48944215446 256.22699445833 256.367132256747 256.441429109795 256.368406675492 256.380782570875 256.319187450938 256.494244643069 256.235859120114 256.039146001721 -9999 255.084493526089 255.2176965622 254.607889968986 255.3436370732 254.536520262798 254.427247551837 254.904319474885 254.386801770165 254.770279885123 255.527480742326 255.910745769573 256.546031246466 256.486950299278 256.217264703118 256.566752443963 257.127693313045 257.382005356457 257.322725553489 257.547121698528 258.083827153007 258.384567316784 257.657377081924 257.533295861827 257.76541826549 258.279119113284 258.566176240496 258.385051882063 258.009407638504 258.448763665304 258.523068912889 258.625665216013 259.258437623654 259.605455343469 259.710367997387 260.285615573162 260.216387027961
257.339950473062 256.823438083778 257.118476872962 256.736387925077 256.3732519306 256.513844544423 256.59678020999 256.304845146742 256.342401583034 256.279872368453 256.46568557812 256.368957745531 255.581072363658 255.470749060651 255.173617935631 254.974456262092 254.72720677897 254.781192103219 254.194662384713 254.321689508001 254.831234010384 254.93907392463 255.086118369487 255.664676139663 256.237253871076 256.648569814307 256.695610027379 256.775884742444 256.844476954903 257.005135498912 257.333617460015 257.870785254146 257.886621769445 257.906003736775 257.348217664999 257.226076891026 257.792296424977 258.050398185317 258.361963054435 258.516255090377 258.486486913463 258.256967257071 258.57762774757 258.992744600422 259.054442585436 259.096895350088 259.123741032102 259.502065528911 260.169606149454 260.103372830007
256.856567676373 256.789402237734 257.501633169519 257.258195964793 256.844554747119 257.047730907248 257.090570845116 256.594718317633 256.634608929574 256.747150316859 256.455838532389 256.336767115354 255.731620708315 255.291822914562 255.097238305442 254.914682284787 254.696711742679 254.194206398264 254.211336457936 254.786123929818 255.172407742965 255.228291970341 255.361370187384 255.695044874431 256.36653061877 256.931902601225 256.951291248449 257.284652725464 257.130835868662 257.263481128121 257.321804171497 257.742815019313 257.499891419875 256.597505266899 256.075017306317 257.211954689798 257.954409130034 258.356204785196 258.286753918848 258.505644231856 258.45075618432 258.261073324323 258.778520700271 259.342739015198 -9999 -9999 258.898723311466 -9999 260.04281812749 259.99336601103
257.321944508716 257.161083714355 257.490127346037 257.454294778027 257.247690597037 257.28667945517 257.302442790915 257.108437083673 257.184620776541 256.995621259297 256.357633779952 256.27874315671 255.997702818802 255.30041195775 255.216492597838 255.120980552344 254.3247204857 254.212795996979 254.716134862524 255.152460432677 255.374779245824 255.746597631726 255.628820268763 255.964841299324 256.599869940777 257.168697778195 257.318810448475 257.378167709017 257.330841511634 257.5244573188 257.515091881765 257.244112008077 256.287100963634 255.08897474556 256.031672966699 257.563387019202 257.871053367975 258.125409669077 258.276506219667 258.337164407254 258.145378919825 258.146341905 258.698926703855 258.572973802824 257.810883002528 -9999 -9999 259.555130098293 260.038653669745 259.975098950309
257.626666538485 257.400959516094 257.320152060255 257.342521965218 257.422886592231 257.339967263604 257.19364443688 257.294641922082 257.278134905651 256.795482254761 256.217355884084 256.274822103888 255.924598762232 255.687800861821 255.141130244707 255.096047670071 254.58940524759 254.324474371519 254.636234616047 255.089852749765 255.201346423159 255.711598825089 256.106346941618 256.186748478594 256.361763028619 256.718449181812 257.528961782985 257.361111576632 257.233070960753 257.308868312078 257.135757795356 256.204672726575 255.461022197582 255.233236838072 256.370066164692 257.640644910824 257.723568299759 257.904550013248 258.260300249163 258.270290284801 257.913966068297 258.174399816132 258.801927161015 258.65448743432 -9999 259.43817996864 -9999 259.909714047508 260.007141264848 259.924248731067
257.672777199787 257.608912281616 257.510039116782 257.285356920518 257.396023832837 257.210052947065 257.066462975743 256.892343117126 256.929362196227 256.60637674737 256.223726898812 256.151925088576 255.418962374163 255.363085577749 255.009551046184 255.075518608162 254.907841493286 254.584427571632 254.821055305994 255.017829942437 255.078927437652 255.457881927158 256.100849638337 256.206755598516 256.235638146255 256.727915487076 257.307786926643 257.010901498174 256.798040819967 257.130680298361 256.694767532005 255.683620728885 255.559938994757 256.036904292703 256.703124398654 257.426447102579 257.523662295118 257.882263569069 258.172274603612 258.183391933192 258.028969533976 258.488193553276 258.95953697019 259.245751481694 259.150597566051 259.008656007469 259.407655036837 259.905478773711 259.982174237228 259.841464506401
-9999 -9999 257.609235207276 257.26156348289 257.344508232087 257.402321728013 257.105785491015 257.093931175197 257.045156948833 256.971319092539 256.548001258244 256.208636148199 255.811403159901 255.124008685048 255.055704005271 255.100296966297 255.031621307505 254.524430580995 254.612451472291 255.218608133849 255.98149244217 255.953347903633 256.248294607912 256.08533374273 256.400171765338 256.579934458584 256.17593599835 256.230993134489 256.567383767693 255.321963652098 255.00021302446 255.875710533287 256.466583549722 256.527851799805 256.883142755534 257.330724196974 257.877372408061 257.874481557826 257.663284051505 257.672234339366 257.736352161524 258.322465685925 258.944735007792 259.258452241175 259.074667301812 258.604163114312 259.380136459395 259.713775779207 259.718037949923 259.517957065506
-9999 257.42901352361 257.385877267603 257.162256588315 257.291989038796 257.495797720573 257.472290221151 257.148626117777 256.905297779212 256.800973916942 256.29185735712 256.177054941891 255.422927652284 255.284171313154 255.409631539219 255.110347863959 254.856089691102 254.401253527626 254.27806919944 254.85789560041 255.481816251354 255.743965383906 255.920578960117 256.103509645058 256.182426057849 256.295498198036 256.109240890015 256.066660718064 255.79616614314 255.131030427462 255.581873294201 256.461386892727 256.805066389931 256.749570044737 256.98810726203 257.38939586356 257.891479368462 257.906555575579 257.745089749699 257.747372954048 258.124122453193 258.311008555144 258.641909589572 258.959844698362 258.919514672888 258.671161220368 259.332616942626 259.390179433443 259.407511579397 259.161597272445
258.180949610699 257.198872252056 256.954243165815 256.664649801033 257.158029813155 257.228941757871 257.265481535451 257.146106549107 256.980227769167 256.506475010689 256.19526000934 256.024147191289 255.480692366195 255.719944427103 255.733733808461 255.376139809141 255.033031821163 254.541369783081 253.977115676338 254.528886749994 255.205388088922 255.828822373414 255.586461842913 256.131040906861 256.12505046952 256.123553533755 255.889053497145 255.806266844522 255.225532990397 255.817008022131 256.457021746499 256.746457600888 256.917931051251 256.977785183274 257.13747957027 257.679828817423 257.868493947471 257.901874638101 257.74041240652 257.698535481659 258.015937199584 258.300970846669 258.442642776486 258.812202856554 258.640084015672 258.308309074376 259.23332738586 258.977577483386 259.062387347799 259.261074862362
258.007684081266 257.105018443477 256.448657749854 256.382398904183 257.060258452789 256.999659516908 257.088428156161 257.105597365718 257.104380274251 256.789961436955 256.50794457981 256.132354765383 255.851042252593 255.931181125401 255.709810806346 255.296797134346 255.006863251907 254.375585585552 253.699113481145 254.393864018338 255.111211066622 255.500225085722 255.498057018009 255.644242929532 256.044981999689 255.945111013891 255.431867315975 255.37088450342 255.234360015773 256.216101419843 256.746054698079 256.875423431628 257.116773201207 257.151441327205 257.144319364125 257.428493607194 257.669310819692 257.822420994624 257.474351909957 257.402384643914 257.542253671651 258.131688077085 258.369102956957 258.833718099711 258.60433509268 258.085061731239 258.957427466699 258.747472414588 258.873495421385 259.072113162693
257.952887749349 257.1428378101 256.757943962237 256.884819327667 256.97343864524 256.518691785656 256.560542529032 256.52105021219 256.729347850158 256.893164830947 256.796441797565 256.387719040987 256.054141946419 256.006266698682 255.644187452417 254.822464811033 254.012978133625 253.881659050284 253.17639442749 254.062517296671 254.879437323304 255.242196632671 255.471517162113 255.266380535961 255.595040765052 254.574435375184 254.708350812979 254.392968691974 255.652816776166 256.142536515252 256.528449095201 256.924991142194 257.045667143013 256.502839274368 256.738788108479 257.080997972741 257.439217987826 257.595636474231 257.129070019043 256.97547251268 257.203625874616 258.02919729916 258.381779956002 258.770319417735 258.471761715812 258.15628238865 258.723876338557 258.550237680706 258.79687375986 258.936682726229
257.702093862088 257.21017995879 257.172714712481 257.202305962335 257.01227129652 256.657398656204 256.216627156486 256.128153326817 256.329177457088 256.468017965164 256.832491375625 256.33546902659 256.196655309609 256.055314924963 255.665367924345 254.964344572621 254.188619596402 253.977012008825 253.388693069004 254.142173343682 254.942745527619 255.250005146924 255.173511879429 255.090642163789 255.445800508805 254.03270806319 254.796858962483 254.571546982562 255.891956846608 256.037438290075 256.431144599928 256.877365477225 256.971219758597 256.490497455767 256.643134705488 256.90984138887 257.249671298192 257.37137015533 256.94512174218 256.826406138492 257.15735706216 257.758741761086 258.144362557455 258.395213928383 258.110329517197 258.193156040676 258.042483281711 258.35494158387 258.816880080465 259.220709367982
