rcp8.5models/CNRM-CM5/sc1gr1.6
NCOLS 261 
NROWS 433 
XLLCORNER 336357.134 
YLLCORNER 654653.479 
CELLSIZE 1000 
NODATA_value -9999 
[rows 220 to 241 of 433, columns 200 to 249 of 261]
59.5871324704587 59.9748679604864 59.6798425084172 59.6439774706034 59.1916167070622 59.103832587075 59.0943400565497 58.7595211586752 58.5163125327172 58.5725819265323 58.482824854625 58.4297804734352 58.446108945638 58.2949665931048 58.414131828236 58.2285534723719 58.1198831191255 58.2900899976197 58.028385105449 57.8054197005915 57.7866773069441 57.7099098463463 57.4733148274798 -9999 56.8398580655346 56.6319312425908 56.5854523599564 56.4744667542792 -9999 -9999 -9999 -9999 -9999 -9999 -9999 -9999 -9999 -9999 -9999 -9999 -9999 -9999 -9999 -9999 -9999 -9999 -9999 -9999 -9999 -9999
59.7288612375798 59.9674106835155 59.9474597496625 59.6744437334023 59.2979077488674 59.2393735682603 59.2539641121644 59.1178593918776 58.7829874805791 58.511515214396 58.5681112258706 58.6974599634901 58.730592955516 58.3374140424547 58.3774628065832 58.1188488817959 58.111596593397 58.1801508226163 57.6766923935261 57.6024668929674 57.8361230648805 57.7745574946258 57.6608882142159 -9999 57.1730050916093 56.8006436451608 56.6162636349937 56.6272832643896 -9999 -9999 -9999 -9999 -9999 -9999 -9999 -9999 -9999 -9999 -9999 -9999 -9999 -9999 -9999 -9999 -9999 -9999 -9999 -9999 -9999 -9999
59.9746118073967 59.6572656592057 59.6189402492794 59.721454416374 59.6991427241312 59.5004246686991 59.2522425225205 59.2377970953697 59.0531934290351 58.6697413180782 58.7114102139277 58.8740295470857 58.6064801786506 58.465252969412 58.3628443973769 58.1120239922237 57.9084570027251 58.0355431233512 57.7742158416042 57.665986561737 -9999 -9999 -9999 -9999 57.2267699018409 56.9837773237746 56.6323091718482 56.709363132752 56.8473855253599 -9999 -9999 -9999 -9999 -9999 -9999 -9999 -9999 -9999 -9999 -9999 -9999 -9999 -9999 -9999 -9999 -9999 -9999 -9999 -9999 -9999
60.0881105019564 59.8958367589518 59.7787948234036 59.5408383699354 59.6319119226852 59.6065783516876 59.3657557699197 59.5243767097117 59.2240114380779 58.7468711233011 58.7088467494759 58.8501720600906 58.5334061984158 58.4425241556803 58.2813516458346 58.3050155926929 58.1264851504328 58.1297713355239 58.0033252747244 57.7556806096451 -9999 -9999 -9999 -9999 57.3538755273086 57.1641355892445 56.8561607060552 56.8796262822708 56.8751335955091 56.8303509878871 56.7003829224579 -9999 -9999 -9999 -9999 -9999 -9999 -9999 -9999 -9999 -9999 -9999 -9999 -9999 -9999 -9999 -9999 -9999 -9999 -9999
60.0438184899435 60.0021706669189 59.925279716526 59.5146171092297 59.3487747257178 59.5428313569852 59.5529040445624 59.7409289076279 59.3932018139702 59.0045800374 58.721580293858 58.7951702838161 58.4638606185499 58.2998232065326 58.2182347035431 58.2832802890208 58.2660399254131 58.0540403569489 58.1097982386692 -9999 -9999 58.1126730473064 57.9662010044247 57.7179305392384 57.54761018043 57.3957198117088 57.1152963702379 56.9983706701161 56.9243822197116 56.8282297159359 56.7056323331255 56.5910932480638 56.497623867799 -9999 -9999 -9999 -9999 -9999 -9999 -9999 -9999 -9999 -9999 -9999 -9999 -9999 -9999 -9999 -9999 -9999
60.0547618944085 -9999 -9999 59.8127554861284 59.6401660119886 59.6222301414158 59.5626050587009 59.5966816318494 59.3205021114448 59.2769861858864 58.7409904886822 58.6653792986214 58.5538472627868 58.4072489601104 58.124834454459 58.2862659795674 58.4567193115237 58.2586215278221 58.2222218678208 58.0351882349194 58.0178912862228 58.0139010012405 57.8695628674714 57.8664332784821 57.699909221231 57.5929602423146 57.2053476892809 56.8171497638244 56.7360760531402 56.7718028861159 56.6690348083553 56.5587069103166 56.4843567789305 56.6571834093074 -9999 -9999 -9999 -9999 -9999 -9999 -9999 -9999 -9999 -9999 -9999 -9999 -9999 -9999 -9999 -9999
60.2718200485422 59.9607997993246 59.9755658128466 59.7547590828553 59.7269388663658 59.5931790809852 59.6927231812057 59.6669709495222 59.4269935158304 59.4195831893018 59.055298422937 58.7471840772817 58.546264541182 58.3625351173336 58.2185033622316 58.7243799914032 58.784490398317 58.5826193429975 58.5298194650875 58.1683946795889 58.0694801047834 57.8935553249118 57.7287841723723 57.7189943213286 57.578612663199 57.536628501444 57.6161198401659 57.2072240788581 56.8560274921553 56.876508940737 56.9683789014597 56.7944966447672 56.5056395699754 56.5153077679845 -9999 -9999 -9999 -9999 -9999 -9999 -9999 -9999 -9999 -9999 -9999 -9999 -9999 -9999 -9999 -9999
60.1673787011339 60.1023897610179 60.1628268530606 59.8486261153131 59.7435080426746 59.6125279525815 59.6605244258845 59.8023300947275 59.488554579917 59.505135012774 59.4097306378948 59.0229886956334 58.4615151220422 58.2625754064182 58.5927869596606 59.1578300019644 58.6956694988946 58.3187375321629 58.4893047460833 58.2867400260471 58.0688385587394 57.9068781952945 57.7099789667273 57.6003631411082 57.437257684245 57.471849853996 57.8117397986673 57.6816846042597 57.2294130496064 57.0161469921864 57.0661079672583 56.96891478359 56.8167328266977 56.6140461132231 56.2966072634542 -9999 -9999 -9999 -9999 -9999 -9999 -9999 -9999 -9999 -9999 -9999 -9999 -9999 -9999 -9999
60.500198726595 60.311547883667 60.4963618728794 60.0329259037104 59.8781742844918 59.5852749640182 59.4451780524616 59.7121057096483 59.6041017506388 59.5486102661645 59.4904900522247 59.2669376940766 58.8682733762741 58.5522886941931 58.7303957982956 58.9121634134861 58.3451114889193 58.052014978191 58.2867289541781 58.6290530469901 58.3003491642599 57.8342075167212 57.6508223039558 57.5722698165527 57.5525109654142 57.8036354479059 57.8719283665626 57.6511066526953 57.508115648096 57.3042149477321 57.1559841282412 56.956026129877 56.9487666278137 56.8715445461383 56.6405245083694 56.6197662710543 -9999 -9999 -9999 -9999 -9999 -9999 -9999 -9999 -9999 -9999 -9999 -9999 -9999 -9999
60.8033263712408 60.5385893623331 60.4952869898992 60.6045361602856 60.2507460855172 59.7754122698034 59.8157004167366 59.9775121250536 59.8647023168514 59.6397318551212 59.3621820946644 59.2881836383964 59.0142401920522 58.9458233649192 58.4178842903895 58.3346580080269 58.0608059212432 58.0443004165923 58.2034843236634 58.5481302058129 58.2458875143694 57.8033741396044 57.6572407765002 57.5795582978041 57.6584133619282 57.8359441149986 57.5688140237987 57.6212455786489 -9999 -9999 -9999 -9999 57.0081269471225 56.9587388478075 56.8814676531976 56.7792049739938 56.6544991171337 56.1788558959961 -9999 -9999 -9999 -9999 -9999 -9999 -9999 -9999 -9999 -9999 -9999 -9999
60.5741073355402 60.6402769946731 60.5038982592717 61.0302841271903 60.7166393215414 60.0438623605463 60.2437978551325 60.1008830157269 59.7643639222261 59.8853536310605 59.4079181105363 59.204273715354 59.102526746216 59.0197580532656 58.5127273129767 58.330544402197 58.2092889482462 58.2711362891425 58.3583668924796 58.3548574624145 58.1217107591384 57.9030579408027 57.7634703929972 57.6443928905412 57.5870930207125 57.6891101090255 57.4338154857312 57.4099560202451 -9999 -9999 -9999 -9999 -9999 56.9657883714677 56.8885652237397 56.816064677713 56.7037352498412 56.5392859283859 56.7405967712402 -9999 -9999 -9999 -9999 -9999 -9999 -9999 -9999 -9999 -9999 -9999
61.6004886286399 60.8376547512813 60.6277765742998 60.2903713442819 60.3450204580887 60.2148000095225 60.019029811894 60.1932049189603 60.1462551588329 60.1556863620797 60.0283255231052 59.5031404111123 59.0979169282527 58.9494817245516 58.5828461438896 58.6353222107356 58.4991180200666 58.3640262877103 58.2697316802454 58.3325546807073 58.3628319902009 58.188792511151 58.1006746756916 57.9437809249506 57.7359464756082 57.6760599511121 57.9843423205883 -9999 -9999 -9999 -9999 -9999 -9999 -9999 -9999 -9999 56.8077892525754 56.6634391400809 56.511261446279 56.7046360234596 -9999 -9999 -9999 -9999 -9999 -9999 -9999 -9999 -9999 -9999
61.7206725610645 60.9497136611876 60.8545450611212 60.6059483106997 60.3033580262836 60.3295368541811 59.9442523330709 59.8631438516115 59.8291260594789 59.7627984351587 59.7565615598452 59.6017660046531 59.0765909984754 58.8204559899458 58.5910162900865 58.6944816741284 58.581948149582 58.4933364410868 58.4496954284118 58.3421274033461 58.4833750376865 58.3230314759574 58.2453693517736 58.1198253133317 58.0462714156744 57.974880546287 57.9307597540697 57.9473034703288 -9999 -9999 -9999 -9999 -9999 -9999 -9999 -9999 -9999 56.5472853260028 56.4342610229912 56.6529038012818 56.6702561309501 56.6333193413292 -9999 -9999 -9999 -9999 -9999 -9999 -9999 -9999
61.2324398619069 60.9123323469135 60.7855210177088 60.788363311293 60.2785755224373 60.2738490908921 60.2044192585291 -9999 59.6504282010149 59.5116979273142 59.4422440150284 59.5129390040861 59.4010406565877 59.2058769253121 58.8822222748282 58.8495266303476 58.6399593757912 58.5530296035476 58.5718799891024 58.678365246302 58.8718968260352 58.6798536219174 58.3938382017332 58.2264885586141 58.2312782629393 58.156910403171 57.8604292865725 -9999 -9999 -9999 -9999 -9999 57.4888206124904 -9999 -9999 -9999 -9999 56.4980590201185 -9999 56.7598092976561 56.6882636436066 -9999 -9999 -9999 -9999 -9999 -9999 -9999 -9999 -9999
60.9757795583547 60.8631843190594 60.7912235275187 60.5256235177715 60.253304560621 60.3859107864705 60.3839088121253 60.3498218272833 59.8555033169106 59.6271549749893 59.4038577561393 59.3856422984939 59.5378340986678 59.4989647779798 59.2868007518679 59.1061582219204 58.8399899831214 58.6906503102598 58.5738372506422 58.7540357765387 59.0659631663519 58.702115866848 58.3979756667182 58.2819562391245 58.3185356611665 58.237419467496 57.863436198554 57.4529606990054 57.7410892397772 58.0904102739611 -9999 57.5943828468173 57.5506704377554 57.1320962872291 57.2058249717564 -9999 -9999 56.6044596584634 56.5813744567593 -9999 56.6558734261299 -9999 56.6927974822003 -9999 -9999 -9999 -9999 -9999 -9999 -9999
61.0932453473138 61.0859462423395 60.9483047981145 60.5680171096305 60.3938383925819 60.6621558508136 60.411788270114 60.2760461785911 59.9757726784891 59.805712678647 59.5482966988974 59.5063549897375 59.6492616825106 59.5620570572611 59.3675066414627 59.2447875927999 59.0398504736356 -9999 58.7373869850864 58.8642263172891 58.8247291249274 58.316253854931 58.2678775398654 58.3101984456585 58.2402414291842 58.1369031724761 57.96602010081 57.6446140596605 57.8993189280874 57.8983962556108 57.8177961432075 57.8190752882769 57.6938741354915 57.3537552028578 -9999 -9999 -9999 56.6818654771328 56.5816156770218 56.4683681193724 56.4653446218961 -9999 56.7258653150273 56.5057866893774 -9999 -9999 -9999 -9999 -9999 -9999
61.3558034256061 61.0669253857661 61.0709713390898 60.6984653800608 60.6789578705706 60.2876473441233 60.079846203097 60.2279319290865 60.3561447819293 60.0863497537317 59.6927112592441 59.5600422707092 59.5673461984357 59.5938034973975 59.4153685976307 59.3134724465061 59.1269146862897 58.8919028536051 58.9021954191026 58.9997434658564 -9999 58.398598540703 58.3669630293347 58.7211659755032 58.4386720916521 58.0424662569915 58.0507817506096 57.5756541712033 57.6677517822363 57.6495336056166 57.5424536258509 57.8250732361752 57.6775986488887 57.4761115346802 -9999 57.4405343324368 -9999 -9999 56.6538937649055 -9999 -9999 -9999 56.7337308923685 56.4493341839004 -9999 -9999 -9999 -9999 -9999 -9999
61.5707397529785 61.2068404559567 61.1117132561058 60.7219663375003 60.6875488793293 60.4703300536238 60.3711797384797 -9999 60.4661219084647 60.2894518205783 59.9287552878839 59.8433237158642 59.7423565632448 59.6789671797024 59.4553404003818 59.272372949876 59.115045404813 59.0314633135194 59.0635586127867 -9999 59.0832186661133 58.963966724129 58.7323139941755 58.9593302215004 58.6942713054482 58.0926255997604 58.012871575929 57.6369595659628 57.5257638078811 57.4520349549314 57.3697801862158 57.7150533500095 57.7530359420801 57.6103038001667 57.6356373377845 57.5329671446508 57.3290971565388 -9999 -9999 -9999 -9999 -9999 -9999 56.6114171470974 56.8452343950849 -9999 -9999 -9999 -9999 -9999
61.5627499491761 61.3161122942723 61.1172862425878 60.6701711955893 60.8274735272879 60.8746056198387 60.6929063817373 60.5392873326345 60.3730308033481 60.3081292273529 60.1440872432718 59.909186204767 59.7685522011248 59.5624719161944 59.4101977302221 59.2308918675518 59.2256924154654 59.3397555973022 59.2223312063346 59.0949795777972 59.0614475101582 58.8969786434513 58.7097260219915 58.8715866615875 58.8457773705847 58.5492389922327 58.1615816175945 57.7994327145068 57.6871427508674 57.7291737500137 57.6877755812495 57.8325856225441 57.9662790802364 57.8366448266564 57.696364925856 57.5864617517505 57.4759446018594 -9999 -9999 -9999 -9999 -9999 -9999 56.7717883274696 56.7982211951144 56.6611963229175 -9999 -9999 -9999 -9999
61.3154585576346 61.261526977027 61.2094063992982 60.7856991785414 60.9025883482877 60.7024307700877 60.4700378591426 60.5979555327223 60.4298098022818 60.3692733626909 60.4124444260215 60.0194707825484 59.8827785911451 59.9368590931928 59.523435283564 59.3437219715199 59.3368003084124 59.5705144949507 59.4888796443447 59.0661005079366 58.9013214867391 59.0666515870145 58.9478673471847 59.0185691292444 58.944815685689 58.8690478159156 58.4567333314965 58.0499309567273 57.7518986507445 57.864660306864 57.9623053053185 57.9684918816606 58.1711570456628 58.0513845597232 57.8428970838032 57.6928949604668 57.5766805585356 -9999 57.1997190797163 57.0787776410304 -9999 -9999 -9999 -9999 56.8683470025336 56.8693429266986 -9999 -9999 -9999 -9999
61.4740414379348 61.3336279987657 61.0605140395715 60.8494687178468 60.841719036475 60.7098376775022 60.3111141851689 60.457925312773 60.4704330337965 60.4405308637194 60.576131289343 60.178161048695 60.0991023647913 60.3086850666519 59.7008407526554 59.5454839887617 -9999 59.6396512887074 59.7004701210311 59.0729977913597 58.9799268329299 59.0417830063794 58.9842687069785 59.2104919257757 59.0231650088175 58.9331304782622 58.632889292159 58.3792309132273 58.0568041738707 57.9330073610726 57.8216149168663 57.8348675685679 58.1060897412674 58.0324743265107 57.9562686509993 57.8341904239932 57.7390324153693 57.4431574923971 57.3495212811019 57.1656860231172 -9999 -9999 -9999 -9999 56.8253088017149 56.9082888075219 56.7028389291119 -9999 -9999 -9999
61.7197467227533 61.4735123533096 61.1811382711443 60.9649278071529 60.8592333544888 60.7231871634225 60.4872213729392 60.610796785076 60.5187073712414 60.4465122838036 60.5119288405312 60.2301375523107 60.1812308943368 -9999 60.1085649303936 59.9645737891622 -9999 59.8009147246524 59.6785550582642 59.3861418275564 59.1927192433028 59.1582024309153 58.7389269230817 58.8564358061527 58.7883421952774 58.910198562307 58.7938526638669 58.6777366367048 58.4381165102326 58.0967181294096 57.8221650186687 57.9418592960653 58.0151428674508 58.148953703093 58.1829939728858 58.0823591868688 57.9503915894716 57.514207383177 57.4178603216618 -9999 -9999 -9999 -9999 57.0456574457193 56.830901677427 56.8390786149011 56.8378644577975 -9999 -9999 -9999
