rcp8.5models/CNRM-CM5/sc1gr0.38
NCOLS 261 
NROWS 433 
XLLCORNER 336357.134 
YLLCORNER 654653.479 
CELLSIZE 1000 
NODATA_value -3.4e+38 
[rows 330 to 351 of 433, columns 98 to 146 of 261]
83.7386093139648 84.2479705810547 84.4688568115234 84.7206115722656 84.8652038574219 84.9713592529297 84.91162109375 84.5860137939453 84.3458709716797 84.4192810058594 84.6075286865234 84.667839050293 84.5680618286133 84.6868209838867 -3.4e+38 -3.4e+38 85.1519927978516 85.0843963623047 85.2974548339844 85.5509414672852 -3.4e+38 -3.4e+38 85.554328918457 85.3070602416992 85.2429428100586 85.2336120605469 84.8857116699219 84.4710159301758 84.4242553710938 84.8269195556641 84.9530029296875 84.8612060546875 84.7115631103516 84.6426162719727 84.8116912841797 84.8776931762695 84.7812423706055 84.941291809082 85.0743179321289 84.9111480712891 84.6697769165039 84.3377914428711 83.613410949707 82.9867477416992 83.0179290771484 83.5865249633789 83.7424621582031 83.6607894897461 84.5183258056641
83.2824630737305 83.8351898193359 84.3213577270508 84.664436340332 84.6365814208984 84.7412872314453 84.7867202758789 84.5860443115234 84.3694915771484 84.1993789672852 84.1508560180664 84.2176742553711 84.2819213867188 84.3682327270508 85.0042114257812 -3.4e+38 85.2642135620117 85.1586685180664 85.1797637939453 85.213737487793 85.2052307128906 85.3892440795898 85.4878540039062 85.4639663696289 85.3500366210938 85.2073593139648 84.8689880371094 84.4781188964844 84.1549072265625 83.9588775634766 84.1485290527344 84.4675521850586 84.3844985961914 84.4708709716797 84.6436767578125 84.6639099121094 84.5705337524414 84.6415176391602 84.6747055053711 84.7018585205078 84.6632232666016 84.3235092163086 83.7863922119141 82.9726333618164 82.1341934204102 82.5702438354492 83.2233734130859 83.2214050292969 84.5539474487305
82.9570465087891 83.2326965332031 83.7971496582031 84.4787673950195 84.5084075927734 84.5177612304688 84.6272354125977 84.5989990234375 84.4117050170898 84.0027008056641 83.8332977294922 84.0399780273438 84.3109588623047 84.5389862060547 84.9593887329102 85.2322387695312 -3.4e+38 -3.4e+38 85.1671295166016 85.0611572265625 84.8803558349609 84.9697341918945 85.2682952880859 85.4547500610352 85.3891906738281 85.2042846679688 84.9379043579102 84.7209854125977 84.343879699707 83.6680450439453 83.5186538696289 84.0968551635742 84.2523651123047 84.4081192016602 84.4928741455078 84.5835494995117 84.5723190307617 84.4306488037109 84.2705535888672 84.143440246582 84.2141571044922 83.9165496826172 83.4025421142578 82.5355377197266 81.6380996704102 81.6758728027344 82.3869552612305 82.9083862304688 84.1661529541016
82.9178695678711 82.9359283447266 83.3899383544922 84.3714370727539 84.5057754516602 84.4629821777344 84.5259170532227 84.5170211791992 84.2630081176758 83.9487533569336 84.0482711791992 84.3313140869141 84.5402526855469 84.6659088134766 -3.4e+38 -3.4e+38 -3.4e+38 -3.4e+38 84.9972381591797 84.9217758178711 84.7656478881836 84.713996887207 84.8772125244141 85.1144638061523 85.301513671875 85.2162322998047 84.9418563842773 84.8390502929688 84.6063003540039 84.1596832275391 83.814094543457 84.0288696289062 84.2751998901367 84.401985168457 84.3837127685547 84.3473205566406 84.3780975341797 84.2703323364258 83.9924697875977 83.6345672607422 83.3328857421875 83.0908508300781 82.7799224853516 82.1650085449219 81.6921691894531 81.5579452514648 82.0603713989258 83.0541610717773 83.7480239868164
83.0088424682617 83.0353469848633 83.308219909668 84.2879257202148 84.3876800537109 84.3490219116211 84.4496917724609 84.3734512329102 84.0424041748047 83.7262344360352 83.8196487426758 84.1255722045898 84.3282623291016 84.4983749389648 84.6805267333984 84.9275207519531 -3.4e+38 -3.4e+38 84.8998489379883 84.8593597412109 84.8031463623047 84.7230834960938 84.6356811523438 84.7248611450195 84.9346008300781 84.9641418457031 84.8656005859375 84.8410415649414 84.8084259033203 84.5828857421875 84.2902526855469 84.1632080078125 84.2274169921875 84.3345489501953 84.3241348266602 84.1663513183594 84.1816024780273 84.0001373291016 83.5163192749023 83.0648040771484 82.4094467163086 81.9899520874023 82.2055969238281 82.1081085205078 81.8263092041016 81.6745376586914 81.826286315918 82.3761749267578 83.6772689819336
83.3674392700195 83.3404998779297 83.2863540649414 83.8131256103516 84.1161804199219 84.2316284179688 84.3171310424805 84.1767196655273 83.7969207763672 83.5221405029297 83.4773864746094 83.6782913208008 83.7870407104492 84.0395812988281 84.4685363769531 84.7774505615234 84.7354125976562 84.6273193359375 84.6919937133789 84.701057434082 84.7159042358398 84.7154922485352 84.6163787841797 84.5702362060547 84.5704116821289 84.5914611816406 84.6752777099609 84.7012939453125 84.8077850341797 84.786994934082 84.5807800292969 84.3048095703125 84.1774673461914 84.1254119873047 84.2193069458008 84.1414413452148 84.0344848632812 83.7040710449219 83.0098190307617 82.1703491210938 81.7934265136719 81.5829925537109 81.8155746459961 81.9384231567383 81.8300628662109 81.7041778564453 81.6147308349609 81.6758499145508 82.980224609375
82.977897644043 82.8527908325195 82.676628112793 82.7951812744141 83.1315536499023 83.2568893432617 83.7033004760742 84.137092590332 83.9240570068359 83.5616989135742 83.551872253418 83.6301803588867 83.7525253295898 83.9257125854492 84.031623840332 84.0652770996094 84.0319061279297 83.6175994873047 83.5160980224609 83.8489837646484 84.1239929199219 84.3516082763672 84.433967590332 84.2994384765625 84.286506652832 84.1510543823242 83.9941558837891 84.1184463500977 84.2961502075195 84.5228271484375 84.589111328125 84.4103317260742 84.2953262329102 84.0113525390625 83.7332458496094 83.5917816162109 83.2963256835938 82.4772720336914 81.9980621337891 81.3779525756836 81.2921905517578 81.5773468017578 81.7928924560547 81.867546081543 81.8111190795898 81.8413543701172 82.2360992431641 82.5634078979492 83.7482604980469
82.4697189331055 82.4085311889648 82.3953628540039 82.5542984008789 82.6035537719727 82.7722473144531 83.3486328125 83.8725433349609 83.8387603759766 83.5141372680664 83.4226531982422 83.4645156860352 83.6053161621094 83.6983032226562 83.5167465209961 83.4514846801758 83.5493621826172 83.2956848144531 83.1892852783203 83.5768661499023 84.0108261108398 84.185302734375 84.2263641357422 84.1795425415039 84.2324371337891 84.0188293457031 83.666748046875 83.7826461791992 83.9212951660156 84.1372604370117 84.2356414794922 84.2332229614258 84.229736328125 84.0732727050781 83.9870452880859 83.9040145874023 83.5025253295898 82.3444595336914 82.1575393676758 81.9237747192383 81.7560729980469 81.7816848754883 82.1076126098633 82.624626159668 82.6484680175781 82.5561904907227 83.4660491943359 84.0145874023438 84.6292495727539
82.1804580688477 82.2595443725586 82.3545150756836 82.4504852294922 82.3132629394531 82.5035629272461 82.9408416748047 83.4660263061523 83.7942428588867 83.7686996459961 83.6775970458984 83.4645309448242 83.5258941650391 83.6367721557617 83.3107223510742 83.1406478881836 83.1432418823242 83.0599517822266 83.0953521728516 83.4017486572266 83.8466033935547 83.8924865722656 83.9842376708984 83.9924545288086 84.0381622314453 83.9498977661133 83.343635559082 83.2069396972656 83.4785537719727 83.8396987915039 83.9242553710938 83.9667434692383 83.9919662475586 83.9067077636719 83.8760604858398 83.820198059082 83.4948501586914 82.5613098144531 81.9680328369141 81.7881393432617 81.9849853515625 82.0975570678711 82.7765426635742 83.663330078125 83.4718627929688 83.4580917358398 84.4526290893555 84.8738403320312 85.565185546875
82.0610122680664 82.2570190429688 82.2948913574219 82.2291564941406 82.3066253662109 82.3274230957031 82.4591522216797 82.874885559082 83.4409255981445 83.7841720581055 83.8385162353516 83.6288833618164 83.588508605957 83.7721633911133 83.7305679321289 83.4311294555664 83.2118606567383 83.1931381225586 83.1981964111328 83.1826629638672 83.3308563232422 83.4324722290039 83.6603393554688 83.8058471679688 83.8129806518555 83.7846450805664 83.2489318847656 82.8245086669922 82.9690170288086 83.3742980957031 83.6806411743164 83.7769012451172 83.7300262451172 83.7249755859375 83.6713638305664 83.4246292114258 83.2816772460938 82.983757019043 82.7050247192383 82.6248092651367 82.541877746582 82.9486923217773 83.7748718261719 84.1484451293945 83.494758605957 83.4451675415039 84.4094161987305 84.9546585083008 86.0300903320312
81.9426116943359 82.2259826660156 82.2126846313477 81.9979400634766 82.2393341064453 82.1419525146484 82.1664581298828 82.3760833740234 82.773063659668 83.1250839233398 83.3679656982422 83.6022033691406 83.6559524536133 83.7904586791992 83.9989929199219 83.8437957763672 83.6795806884766 83.6723022460938 83.6385879516602 83.5292129516602 83.3552932739258 83.4588775634766 83.6740570068359 83.7561111450195 83.580192565918 83.5056762695312 83.2041397094727 82.8488922119141 82.807373046875 83.1156692504883 83.6222229003906 83.711051940918 83.6227951049805 83.6705780029297 83.6166763305664 83.4920425415039 83.507698059082 83.6392288208008 83.9069442749023 83.8125 83.2128601074219 83.6893157958984 84.4347229003906 84.040397644043 83.2489700317383 83.4119720458984 84.2926483154297 84.8007431030273 85.9658889770508
81.7312698364258 81.9614639282227 82.0274047851562 81.8869552612305 82.1309432983398 81.9769058227539 81.9362106323242 82.1130676269531 82.3513717651367 82.4956130981445 82.7606430053711 83.2372512817383 83.4675750732422 83.5638275146484 83.8113021850586 83.8752059936523 83.8617401123047 83.9386138916016 83.9825439453125 83.9434051513672 83.8324508666992 83.8530578613281 83.9333343505859 83.8724746704102 83.5626602172852 83.3614196777344 83.171028137207 83.3141326904297 83.3730697631836 83.3203887939453 83.6515579223633 83.9272537231445 83.9593048095703 83.918083190918 83.9499969482422 84.0558242797852 84.1876678466797 84.513671875 84.5453796386719 84.1728820800781 83.8503189086914 84.3046875 84.5842971801758 83.8156509399414 83.5511474609375 84.2552337646484 84.8199005126953 85.2896499633789 85.7500152587891
81.526611328125 81.7180480957031 81.9728698730469 81.7777328491211 82.1123886108398 81.8982620239258 81.7892379760742 81.9220886230469 82.0612182617188 82.2042083740234 82.3993530273438 82.7751998901367 83.1286849975586 83.2688674926758 83.6646957397461 83.752685546875 83.6959075927734 83.8543701171875 83.9984130859375 84.0039749145508 83.9923934936523 83.9558792114258 83.9738311767578 83.9753570556641 83.7758483886719 83.5795364379883 83.5482711791992 83.9748458862305 83.994026184082 83.8161163330078 83.9634323120117 84.2849502563477 84.3843765258789 84.2412719726562 84.2867660522461 84.4424667358398 84.6306381225586 84.9279403686523 84.9432678222656 84.61328125 84.5915756225586 84.9120788574219 84.6729736328125 84.2981185913086 84.5306930541992 84.9164810180664 85.1619033813477 85.4172973632812 84.8102951049805
81.3142395019531 81.3894500732422 81.7216873168945 81.6967391967773 81.9644088745117 81.8276138305664 81.7047805786133 81.8012466430664 81.9611663818359 82.1432113647461 82.2262725830078 82.4022369384766 82.7564315795898 83.0167541503906 83.4403533935547 83.5937652587891 83.5907516479492 83.6925430297852 83.7437286376953 83.8172607421875 83.8319702148438 83.7300186157227 83.7676696777344 83.8617095947266 83.9662933349609 83.9575958251953 84.0149154663086 84.193489074707 84.2264862060547 84.2325973510742 84.3598098754883 84.4477615356445 84.4849624633789 84.3736267089844 84.2953720092773 84.2984390258789 84.3862609863281 84.8438873291016 84.9622192382812 84.8548583984375 84.8770446777344 84.9896240234375 84.8791275024414 84.9108276367188 85.1121444702148 85.0834350585938 85.0733795166016 84.881233215332 83.8056640625
81.1949920654297 81.1655044555664 81.3168182373047 81.6289443969727 81.6431655883789 81.668830871582 81.59619140625 81.6634368896484 81.82080078125 82.0022201538086 82.0336990356445 82.0330123901367 82.2924041748047 82.5410614013672 82.9098358154297 83.1914749145508 83.4086303710938 83.5121459960938 83.5511245727539 83.6816864013672 83.6854629516602 83.6564102172852 83.6049728393555 83.5627136230469 83.754264831543 83.8608169555664 84.1738510131836 84.2134399414062 84.2282867431641 84.1767044067383 84.1845092773438 84.1906661987305 84.2184219360352 84.2474212646484 84.4175186157227 84.3254699707031 84.22265625 84.3089599609375 84.5823974609375 84.5512924194336 84.5222244262695 84.6393737792969 84.6854782104492 84.656494140625 84.6944961547852 84.6927490234375 84.4830856323242 83.9225234985352 83.1939697265625
81.1042633056641 81.0476226806641 81.157844543457 81.5849761962891 81.4271087646484 81.3796691894531 81.4041900634766 81.429931640625 81.5517501831055 81.6015243530273 81.5997314453125 81.6349868774414 81.7723922729492 81.8606338500977 82.2122421264648 82.6933898925781 83.0337753295898 83.1756439208984 83.3357238769531 83.4026336669922 83.5472030639648 83.6796188354492 83.5761413574219 83.4896697998047 83.4084091186523 83.300651550293 83.5991134643555 83.6032562255859 83.6599731445312 83.7188110351562 83.5674667358398 83.3764724731445 83.4927520751953 83.6938400268555 84.1159133911133 84.3707580566406 84.3406143188477 84.2173690795898 84.3399124145508 84.0568389892578 83.898307800293 84.138069152832 84.0372924804688 83.8555450439453 83.8947677612305 83.8294982910156 83.5778427124023 83.0160369873047 82.1690139770508
81.0961380004883 80.9275360107422 81.0697784423828 81.5354385375977 81.4549407958984 81.3408966064453 81.2807998657227 81.2890853881836 81.3008193969727 81.1947784423828 81.0963745117188 81.1686553955078 81.2986297607422 81.3026962280273 81.4416427612305 81.8796157836914 82.1865081787109 82.3150787353516 82.6021194458008 82.8264999389648 83.0576934814453 83.3184280395508 83.5142288208008 83.4591827392578 83.1290130615234 82.899055480957 82.8994598388672 82.9136962890625 82.9769744873047 83.0608901977539 82.9578247070312 82.9271469116211 83.2175674438477 83.2415771484375 83.1493530273438 83.5120391845703 83.6128158569336 83.890380859375 83.7826232910156 83.3174362182617 -3.4e+38 83.5846481323242 83.5347671508789 83.4483947753906 83.4170761108398 83.0066833496094 82.520149230957 82.1975631713867 82.1691360473633
81.1502227783203 81.0178833007812 81.099494934082 81.3150024414062 81.3168411254883 81.3435745239258 81.2352905273438 81.1803588867188 81.1380920410156 81.0317840576172 80.9255599975586 80.9519424438477 80.9944000244141 81.0479354858398 80.9501876831055 81.0952529907227 81.3955841064453 81.6559829711914 82.0018920898438 82.3331909179688 82.5818786621094 82.9602355957031 83.2538528442383 83.2324295043945 82.9059677124023 82.6126480102539 82.4502868652344 82.5971221923828 82.5893478393555 82.5220031738281 82.597526550293 82.8496322631836 83.2730712890625 83.3049087524414 82.9517669677734 82.9315338134766 82.8712158203125 82.8565292358398 82.7090454101562 82.6250610351562 82.9398956298828 83.0752182006836 83.0060958862305 83.0521850585938 83.2841262817383 82.7679977416992 82.2277603149414 82.379264831543 82.7073822021484
80.8798294067383 80.9750366210938 80.7291717529297 80.393928527832 80.4925155639648 80.7036819458008 80.7627716064453 80.6223983764648 80.6341018676758 80.6202545166016 80.5061111450195 80.6359558105469 80.9935989379883 81.2390747070312 80.972053527832 80.8609771728516 81.0507278442383 81.0659103393555 81.0441131591797 81.4435348510742 82.1813583374023 82.5801620483398 82.9161148071289 82.9581832885742 82.9605102539062 82.9093322753906 82.7992782592773 82.594970703125 82.4682769775391 82.3138122558594 82.1772003173828 82.2513427734375 82.3316802978516 82.4225921630859 82.5642471313477 82.689582824707 82.6787338256836 82.3363952636719 82.3512496948242 82.1052169799805 -3.4e+38 -3.4e+38 81.9365234375 81.8748245239258 82.0823364257812 82.3453216552734 82.2187347412109 81.9144058227539 82.5224227905273
80.60791015625 80.5808410644531 80.5143508911133 80.2688064575195 80.46337890625 80.6029510498047 80.4931793212891 80.3591537475586 80.4310989379883 80.3950653076172 80.2166748046875 80.3404922485352 80.7879333496094 81.0390167236328 80.99853515625 81.0628356933594 81.1849899291992 81.2463912963867 81.4069976806641 81.6903533935547 82.0978012084961 82.3101348876953 82.57958984375 82.8007583618164 82.8721084594727 82.9103393554688 83.0886764526367 82.9185791015625 82.5326538085938 82.23583984375 82.0880126953125 81.9035415649414 81.9038391113281 82.0345611572266 82.2173309326172 82.3027954101562 82.5454788208008 82.2103042602539 82.3547897338867 82.4520797729492 82.1462936401367 -3.4e+38 81.5506439208984 81.4432907104492 81.478515625 81.5558471679688 81.4092407226562 80.8322906494141 81.4288177490234
80.3876190185547 80.1750259399414 80.1185989379883 80.3879241943359 80.4219818115234 80.3911437988281 80.21142578125 80.2023315429688 80.2164764404297 80.1926193237305 80.0987319946289 80.0738830566406 80.2888031005859 80.542236328125 81.3083877563477 81.478515625 81.3772888183594 81.6332626342773 82.0523300170898 82.2881546020508 82.3406524658203 82.3899078369141 82.5304794311523 82.7520370483398 82.8042297363281 82.7097396850586 82.8785858154297 82.906494140625 82.6041412353516 82.0569686889648 81.8449783325195 81.6296920776367 81.5871047973633 81.775634765625 82.0130767822266 82.0675506591797 82.3096389770508 82.1560897827148 82.3329772949219 82.4112548828125 82.1362075805664 81.7423553466797 -3.4e+38 81.2752227783203 81.4863967895508 81.7207641601562 81.5575256347656 80.7661819458008 79.7572326660156
80.2620315551758 80.1490859985352 80.1015167236328 80.1814041137695 80.1821899414062 80.0072555541992 79.9152221679688 79.9910278320312 79.9528579711914 79.8905334472656 79.8948669433594 79.8293914794922 79.8465805053711 79.9340133666992 80.8790969848633 81.2954864501953 81.3744125366211 81.5927581787109 81.8255844116211 81.9823837280273 82.2528839111328 82.3847579956055 82.4496307373047 82.5677795410156 82.5546722412109 82.4560546875 82.7406997680664 82.7292098999023 82.4837036132812 81.9132232666016 81.6125869750977 81.6836318969727 81.65625 81.6350784301758 81.7297821044922 81.8117065429688 81.9427337646484 81.9167633056641 82.2571182250977 82.1552581787109 81.963996887207 81.8800582885742 -3.4e+38 -3.4e+38 -3.4e+38 82.1762771606445 81.835563659668 81.0579605102539 79.6860427856445
