rcp8.5models/CNRM-CM5/sc1gr8.25
NCOLS 261 
NROWS 433 
XLLCORNER 336357.134 
YLLCORNER 654653.479 
CELLSIZE 1000 
NODATA_value -3.4e+38 
[rows 352 to 373 of 433, columns 147 to 195 of 261]
83.539924621582 84.6154861450195 82.9199676513672 78.4095687866211 78.3151321411133 78.5616226196289 78.8992767333984 79.6654586791992 80.3615036010742 80.6656875610352 82.1410293579102 89.4085311889648 94.1886444091797 97.1037750244141 93.6093826293945 88.8502502441406 89.1694946289062 92.6972274780273 90.9073638916016 84.9225540161133 81.4784469604492 76.3165817260742 77.5677108764648 80.7263336181641 76.6315231323242 67.2977752685547 62.7607841491699 60.8100624084473 59.0337066650391 57.3664855957031 56.2577934265137 55.3950271606445 54.2476997375488 51.9777641296387 51.7533569335938 51.2104301452637 50.3843803405762 49.3797798156738 48.8638114929199 47.904354095459 46.578441619873 46.3964958190918 45.9023475646973 45.4683418273926 45.2265892028809 43.885684967041 44.0074462890625 44.0872039794922 43.9438323974609
84.6109161376953 85.0419311523438 82.4736557006836 77.761589050293 77.724235534668 77.9309234619141 78.3395385742188 78.900505065918 79.3311157226562 79.923713684082 80.9686508178711 84.5741577148438 88.0066757202148 90.6405181884766 88.5522994995117 84.0040664672852 82.9571533203125 89.1511001586914 97.4186477661133 88.210578918457 72.1087112426758 69.2479019165039 71.9827423095703 72.216552734375 70.3969192504883 64.9977340698242 60.6325607299805 59.2060432434082 57.744327545166 56.0237464904785 54.8429832458496 54.0527191162109 52.5906944274902 51.115608215332 51.0198554992676 50.3239288330078 49.2512893676758 48.6469650268555 47.9762229919434 46.7705841064453 45.6972236633301 45.2562637329102 45.166690826416 44.5901260375977 44.0782051086426 43.1583213806152 43.2800064086914 43.4059562683105 43.3478317260742
85.1260757446289 84.3295745849609 80.3868637084961 76.9186401367188 77.1097259521484 77.4214477539062 77.8388977050781 78.2068405151367 78.6173553466797 79.2699203491211 79.9469299316406 81.5047912597656 82.6173782348633 83.4804840087891 83.3069229125977 81.4096298217773 78.4266204833984 78.5051727294922 84.0668640136719 79.9520568847656 71.2313385009766 66.4958190917969 64.3021240234375 63.2955207824707 62.0139656066895 59.8997230529785 58.5875358581543 57.7107963562012 56.2141952514648 54.7786407470703 53.8998146057129 52.641487121582 51.3895263671875 49.8327903747559 49.8943099975586 49.4390449523926 48.1195945739746 47.7126579284668 46.7136688232422 46.0432662963867 45.0151100158691 44.5148811340332 44.0258560180664 43.8584060668945 43.4878540039062 42.5528221130371 42.53173828125 42.655933380127 42.6031875610352
85.9434814453125 84.5769500732422 79.650634765625 76.3812789916992 76.6156845092773 77.0156097412109 77.3658752441406 77.6192779541016 78.0154418945312 78.6190490722656 79.1377716064453 80.6231384277344 82.0920715332031 83.7958068847656 85.0060195922852 83.528076171875 75.2470932006836 72.0493850708008 69.7800216674805 70.3913345336914 71.6762771606445 64.4313049316406 63.8880424499512 63.2618560791016 61.0573997497559 58.3523406982422 56.7662544250488 55.7776718139648 54.6158332824707 53.6645278930664 53.0127067565918 51.5248832702637 50.6658782958984 48.9500350952148 48.7718200683594 48.7156372070312 47.2412414550781 46.5856781005859 45.9910659790039 45.3167343139648 44.2869071960449 43.7841339111328 43.353385925293 43.4634895324707 43.3851661682129 41.8258781433105 41.8086395263672 41.9327392578125 41.9220390319824
87.0422210693359 83.5416030883789 77.7245407104492 76.0001373291016 76.2238845825195 76.556884765625 76.8182907104492 77.1603775024414 77.5682678222656 77.9851531982422 78.528190612793 79.8706893920898 81.8041763305664 84.9668731689453 85.2003631591797 80.6138000488281 73.6230010986328 71.0414886474609 68.1485977172852 67.1452255249023 66.7752380371094 65.9071426391602 65.4067611694336 61.9526634216309 60.2053756713867 57.5295333862305 55.1934547424316 54.0586242675781 53.212215423584 52.3076858520508 51.7048187255859 50.8037300109863 49.7852058410645 48.2287750244141 48.0519065856934 47.9921836853027 46.5159568786621 45.914924621582 45.3996162414551 44.6781425476074 43.7875595092773 43.259464263916 43.1678161621094 42.729419708252 42.6545372009277 41.9457168579102 41.6747283935547 41.3807182312012 41.3262557983398
85.9448852539062 78.6872177124023 75.4494705200195 75.622428894043 75.8141860961914 76.0631256103516 76.3415145874023 76.8400955200195 77.2044219970703 77.5820465087891 78.0841598510742 78.9489822387695 79.9600982666016 80.8382263183594 78.5325164794922 73.7536849975586 72.7022399902344 70.0408630371094 66.5201034545898 64.0422058105469 62.2358169555664 65.7761383056641 66.5931701660156 59.0238189697266 57.3857803344727 56.4173622131348 55.1783294677734 53.1189193725586 51.9232368469238 51.215690612793 50.3462791442871 49.7955169677734 48.6755065917969 47.1144866943359 47.1760559082031 46.7217330932617 45.3970909118652 45.191837310791 44.8308715820312 44.4935455322266 43.5734558105469 42.9369239807129 42.4413719177246 42.0129737854004 41.9834518432617 41.5943450927734 40.9384422302246 40.6556053161621 40.7360153198242
83.027702331543 75.1971054077148 75.0290374755859 75.1285858154297 75.3350601196289 75.601692199707 75.9750823974609 76.3572692871094 76.6782073974609 77.036376953125 77.5177459716797 77.5759811401367 76.4995956420898 74.395637512207 72.5392990112305 71.1694717407227 70.1627807617188 67.715934753418 64.8269577026367 62.4783897399902 60.528018951416 61.0240211486816 64.1079788208008 57.9105758666992 55.2371597290039 54.7942848205566 55.0323829650879 51.9164009094238 50.8214836120605 50.4477005004883 49.338996887207 48.6903305053711 48.0448837280273 46.4001235961914 46.4621238708496 46.0912132263184 44.8964424133301 44.4757843017578 44.1617965698242 44.0562629699707 43.3402137756348 42.4482536315918 41.9182739257812 41.8826866149902 41.3977394104004 40.9630737304688 40.6142196655273 40.340747833252 40.1854209899902
78.1452255249023 74.5923843383789 74.5146636962891 74.6371307373047 74.8583145141602 75.107177734375 75.5144271850586 75.745231628418 75.9636840820312 76.2873306274414 76.7761154174805 76.4555587768555 74.7472686767578 72.6135330200195 70.5790176391602 68.7445983886719 67.5495758056641 65.3271255493164 63.1020736694336 61.2036056518555 59.1056022644043 57.9614448547363 58.6004753112793 55.5034255981445 53.8409309387207 53.2195739746094 52.9792518615723 50.4576988220215 49.5596961975098 49.3492584228516 48.6263809204102 47.9778022766113 47.4170227050781 45.6861877441406 45.7476692199707 45.4599647521973 44.3960914611816 43.7580871582031 43.4472808837891 43.3413467407227 42.7572898864746 42.2940254211426 41.7391319274902 41.1591682434082 40.8223152160645 40.3705520629883 40.4115867614746 40.0653419494629 39.6540679931641
74.0586547851562 73.9053802490234 73.9333572387695 74.0379638671875 74.181022644043 74.2781753540039 74.3923110961914 74.5010833740234 74.7061233520508 75.2012329101562 75.5582504272461 72.5383834838867 70.0623092651367 67.9490203857422 66.8221817016602 65.9817810058594 64.1597366333008 61.9754333496094 -3.4e+38 58.0448722839355 56.8247451782227 -3.4e+38 52.8896484375 51.920108795166 50.7479438781738 50.2085113525391 49.7952041625977 48.6596145629883 48.147388458252 47.8590621948242 46.8644409179688 46.1751327514648 45.8472938537598 44.6136016845703 44.3294677734375 44.1951560974121 43.5942840576172 42.9653015136719 42.1604270935059 41.9674949645996 41.614631652832 41.4376029968262 41.0631713867188 40.7096061706543 40.0312423706055 39.8188133239746 39.7990303039551 39.7066917419434 -3.4e+38
-3.4e+38 73.6855850219727 73.7214508056641 73.740592956543 73.8152770996094 73.8641738891602 73.8769760131836 73.9879150390625 74.1926116943359 74.4768295288086 74.6760406494141 70.0939331054688 67.673828125 65.9128265380859 64.3327789306641 63.5177459716797 62.402156829834 60.2236175537109 58.5145606994629 57.2380065917969 55.7447090148926 54.2127494812012 51.9571228027344 50.709529876709 50.0448379516602 49.5026435852051 48.9243202209473 47.406909942627 46.8438835144043 46.727424621582 46.3670997619629 45.3129768371582 44.7569389343262 44.1214752197266 43.624324798584 43.5423393249512 43.0242385864258 42.3452072143555 41.6785736083984 41.2594795227051 40.9597434997559 41.0623512268066 41.0281715393066 40.4638710021973 39.7087821960449 39.5085258483887 39.0800628662109 39.0758056640625 38.7180595397949
73.3937149047852 73.2957077026367 73.2510681152344 73.32080078125 73.3714828491211 73.3991012573242 73.4066162109375 73.552490234375 73.7838745117188 73.8801498413086 73.488655090332 67.7542266845703 65.5278396606445 64.1423110961914 62.5685234069824 61.757194519043 60.7453575134277 58.913501739502 57.6030082702637 56.5304756164551 55.0322380065918 53.505615234375 50.747730255127 49.7788887023926 48.8360748291016 48.8064956665039 48.259105682373 46.7793807983398 46.1433753967285 45.8672027587891 45.284366607666 44.6136474609375 44.0576477050781 43.9503631591797 43.3262214660645 42.9747123718262 42.3220634460449 41.7281761169434 41.3396377563477 41.1210250854492 40.8403472900391 40.4921798706055 40.3180847167969 39.9836044311523 -3.4e+38 38.8433303833008 38.56494140625 38.6927528381348 38.824634552002
73.1325607299805 73.0013656616211 72.9683685302734 72.9334564208984 72.9785690307617 73.1190872192383 73.1035690307617 73.1580429077148 73.2463531494141 73.1614227294922 72.171760559082 65.95166015625 64.0494079589844 62.2423477172852 61.1537590026855 60.9405212402344 59.8271446228027 58.2026481628418 57.2298469543457 56.5195732116699 54.3327026367188 52.8053398132324 50.1063842773438 49.2135238647461 48.1340751647949 47.8842582702637 47.1391754150391 46.2855644226074 45.4505271911621 45.1735877990723 44.6735763549805 44.124813079834 43.4161224365234 43.3386039733887 42.929817199707 42.4960479736328 41.6745529174805 41.365104675293 41.2575492858887 40.7336730957031 40.372013092041 39.7897720336914 39.757266998291 39.7294082641602 -3.4e+38 -3.4e+38 38.5871925354004 38.7144546508789 38.7132682800293
72.9310684204102 72.8686141967773 72.8522262573242 72.7431488037109 72.7538604736328 72.8298187255859 72.7588424682617 72.7001647949219 72.6648101806641 72.2983093261719 70.6564254760742 -3.4e+38 -3.4e+38 60.9576416015625 60.1610832214355 59.4264373779297 58.5320777893066 57.0580520629883 56.5409164428711 57.8215484619141 55.5902938842773 52.105094909668 50.0843353271484 49.2073249816895 48.1495895385742 47.1926155090332 46.502799987793 45.815601348877 44.9606895446777 44.4800224304199 44.1257133483887 43.8631820678711 43.0895195007324 42.7960014343262 42.7112503051758 42.1604995727539 41.540412902832 41.1986923217773 40.5596008300781 40.1232757568359 40.1394081115723 39.9209594726562 39.6437950134277 39.2159690856934 38.9344215393066 -3.4e+38 38.6950950622559 37.9952163696289 37.995777130127
72.6773071289062 72.6434936523438 72.57568359375 72.5932159423828 72.5871887207031 72.5019073486328 72.3752059936523 72.2801818847656 72.2723236083984 71.6284103393555 69.1966781616211 63.8298797607422 61.63671875 60.1478881835938 58.9006729125977 57.5188903808594 56.485466003418 55.4115867614746 54.772029876709 56.6079406738281 56.5573501586914 52.0041961669922 49.5671768188477 48.9888572692871 47.6641998291016 46.5581932067871 45.9484405517578 45.3764381408691 45.0044555664062 44.1339683532715 43.4350280761719 43.4162178039551 43.085880279541 42.2943000793457 42.2090339660645 41.8404693603516 41.6977996826172 41.1263008117676 40.0615463256836 40.1567420959473 40.2581176757812 40.1380805969238 39.4691619873047 39.0994834899902 38.9141845703125 38.8801040649414 38.3368148803711 37.658031463623 37.7022743225098
72.4671859741211 72.446891784668 72.3480987548828 72.3064270019531 72.3329086303711 72.1702270507812 72.1568298339844 72.1441421508789 72.0381240844727 70.9575729370117 68.0605087280273 62.7673950195312 60.9345054626465 59.1975402832031 57.6384696960449 56.5091438293457 55.1761016845703 54.2125968933105 53.5546569824219 53.9928970336914 54.3595962524414 51.9826240539551 48.7060699462891 47.9265441894531 47.0663986206055 46.0780563354492 45.4239044189453 45.1282081604004 44.5439376831055 43.9038925170898 43.3434219360352 42.7876663208008 42.6775970458984 41.8238067626953 41.6687240600586 41.6891822814941 41.4848747253418 40.9496269226074 40.3317680358887 40.191219329834 40.1502418518066 39.7206573486328 39.387508392334 39.2747268676758 39.0075073242188 38.177848815918 37.9067993164062 38.0402603149414 38.0904121398926
72.4815902709961 72.4521789550781 72.3194198608398 72.2258148193359 72.2053833007812 71.9655685424805 71.9807891845703 72.0507583618164 71.8263778686523 70.3896102905273 67.248649597168 62.1511154174805 60.239429473877 58.5367240905762 56.83544921875 55.4479827880859 54.4776344299316 53.5164642333984 52.8704032897949 52.7375030517578 -3.4e+38 51.5028991699219 48.5955619812012 47.2412528991699 46.4775581359863 45.8527297973633 45.3831787109375 44.5820465087891 44.0206985473633 43.7485809326172 43.1546669006348 42.4526176452637 42.1470909118652 41.9841766357422 41.5937538146973 41.0552825927734 40.9880447387695 40.6847114562988 40.5480270385742 39.9305229187012 39.5985412597656 39.1676559448242 39.229564666748 39.0665016174316 38.7006874084473 37.8083381652832 37.9367523193359 38.0695152282715 38.2064666748047
72.4370880126953 72.2924041748047 72.1872177124023 72.0896453857422 72.0394821166992 71.8747329711914 71.7097244262695 71.698112487793 71.396484375 69.7049179077148 66.5614318847656 61.790168762207 59.8679466247559 58.0612258911133 56.2519454956055 55.1436576843262 54.2548294067383 53.0356330871582 51.9417572021484 51.3185043334961 52.3602180480957 53.7467346191406 48.4445190429688 47.2710304260254 46.0190811157227 45.9964370727539 45.5133323669434 44.2710456848145 43.7780075073242 43.2636909484863 42.856029510498 42.6159706115723 42.0684127807617 41.5832595825195 41.4154586791992 40.8768730163574 40.8716468811035 40.5297584533691 39.9488143920898 39.5693664550781 39.3822326660156 39.2607536315918 39.1225624084473 -3.4e+38 38.2918853759766 38.1987266540527 38.2413024902344 37.9689445495605 37.6966018676758
72.2681732177734 71.9701309204102 71.9851913452148 71.9783325195312 72.0213470458984 71.8468399047852 71.5735015869141 71.3753967285156 70.9405822753906 69.1357650756836 66.326042175293 61.2178688049316 59.5114822387695 57.6945190429688 56.0638999938965 55.1394081115723 53.7089958190918 52.3006706237793 51.4706649780273 50.6343383789062 51.6984214782715 53.3869247436523 47.9955101013184 47.1268768310547 46.3736801147461 46.0407257080078 45.0955810546875 44.4918518066406 43.9162750244141 42.9584197998047 42.7176704406738 42.4666557312012 41.8936767578125 41.0942611694336 41.1636734008789 41.1877326965332 41.04443359375 40.4718627929688 39.4077224731445 39.5068321228027 39.6122360229492 39.635871887207 39.3647994995117 38.8626251220703 38.3292198181152 38.5861968994141 38.5026588439941 37.7453422546387 37.2002334594727
71.9600372314453 71.815315246582 71.9465408325195 71.9737930297852 72.0085067749023 71.8863220214844 71.6513366699219 71.3304672241211 70.7184982299805 68.5995635986328 65.7892913818359 61.2242126464844 59.3395080566406 57.8801345825195 56.0702857971191 54.7826538085938 53.2417869567871 51.7251434326172 51.3406372070312 51.0023193359375 50.5632514953613 49.7055854797363 48.0347328186035 46.6080017089844 46.1478157043457 45.6765022277832 44.8511505126953 44.425178527832 43.7125091552734 43.1278190612793 42.7877807617188 42.2079238891602 41.6535339355469 41.4059906005859 41.2496376037598 40.8974723815918 40.4555053710938 40.3137550354004 39.7819404602051 39.7949600219727 39.654899597168 39.6276016235352 39.2131423950195 38.8527069091797 38.7208824157715 38.622631072998 38.4984703063965 37.7456283569336 37.6101493835449
71.8030700683594 71.7475891113281 71.693000793457 71.6395721435547 71.6229553222656 71.6581954956055 71.5647125244141 71.3205261230469 70.0417098999023 67.2356948852539 65.2045669555664 60.9944534301758 59.5116767883301 57.4501113891602 56.1298980712891 54.4789237976074 52.7556571960449 52.3030548095703 51.6775093078613 50.5661582946777 49.6466369628906 48.8978500366211 47.5042114257812 46.8372039794922 45.7147941589355 45.6012382507324 45.1618309020996 44.4402008056641 43.8460960388184 43.4048538208008 42.6888732910156 42.3496208190918 42.2546234130859 41.5814781188965 40.8957672119141 40.5902671813965 40.5888557434082 40.3542289733887 40.2096405029297 40.3130073547363 40.3337364196777 39.9232292175293 39.166862487793 39.0288238525391 39.1552085876465 39.2041625976562 38.5416679382324 38.1948928833008 38.0521430969238
71.7301712036133 71.6802062988281 71.4719772338867 71.4287033081055 71.5662689208984 71.7927551269531 71.6708145141602 71.4363555908203 70.2409286499023 67.4091567993164 64.8855743408203 61.1686630249023 59.4888343811035 57.6956939697266 55.7975044250488 54.5068817138672 53.374439239502 52.4629325866699 51.4046974182129 50.5300712585449 49.5665664672852 48.3977661132812 47.1618499755859 46.7168121337891 46.0979232788086 45.7640571594238 44.8142700195312 44.2108039855957 43.8515396118164 43.2553634643555 42.6868362426758 42.5828094482422 42.2139358520508 41.8139801025391 40.8923606872559 40.8847465515137 40.735279083252 40.7401313781738 40.5967483520508 40.6126976013184 40.3346748352051 39.9229393005371 39.5627708435059 39.4286880493164 39.467830657959 39.2073516845703 38.5507888793945 38.6069717407227 38.380973815918
71.6342010498047 71.4264221191406 71.307991027832 71.359016418457 71.5673904418945 71.6096420288086 71.6021499633789 71.5807342529297 70.4891586303711 67.7875823974609 65.0038223266602 61.2046432495117 59.167423248291 57.5643463134766 55.8334999084473 54.5994567871094 54.1839218139648 52.7767143249512 51.3816795349121 50.7313423156738 49.8276329040527 48.7287635803223 46.8790550231934 46.7351493835449 46.2639541625977 45.4255332946777 44.6879425048828 44.5972518920898 44.0772857666016 43.205436706543 42.8787002563477 42.7734184265137 42.4563789367676 41.589298248291 41.2812232971191 41.2744674682617 41.1249504089355 41.1315040588379 40.9881134033203 41.0059967041016 40.5025787353516 39.582202911377 39.7029113769531 39.8295021057129 39.8719596862793 39.5299263000488 38.5947685241699 38.739330291748 38.7987174987793
