rcp8.5models/CNRM-CM5/sc1gr2.39
NCOLS 261 
NROWS 433 
XLLCORNER 336357.134 
YLLCORNER 654653.479 
CELLSIZE 1000 
NODATA_value -3.4e+38 
[rows 308 to 329 of 433, columns 147 to 195 of 261]
268.548309326172 269.448425292969 275.221130371094 282.385406494141 288.995178222656 293.343078613281 295.909454345703 301.134704589844 307.463714599609 302.657592773438 298.1728515625 307.559326171875 313.877319335938 309.348083496094 305.888305664062 296.953216552734 289.788543701172 289.684631347656 289.348663330078 288.972473144531 288.910675048828 292.751647949219 318.007690429688 318.279846191406 313.433868408203 306.373870849609 295.335784912109 293.847442626953 305.803497314453 314.679901123047 315.317932128906 302.337677001953 290.779815673828 279.617034912109 277.447875976562 279.529632568359 290.204071044922 298.811828613281 301.496124267578 302.045227050781 296.278594970703 304.173889160156 312.719055175781 312.219421386719 317.642486572266 324.799865722656 325.385772705078 325.259185791016 325.741119384766
266.308410644531 271.406951904297 276.503204345703 279.983459472656 285.983673095703 294.33544921875 297.468841552734 301.086151123047 302.560333251953 295.537994384766 294.543395996094 305.676239013672 310.630157470703 301.887878417969 301.277069091797 296.751922607422 288.488128662109 282.448547363281 280.440002441406 284.006744384766 289.709838867188 295.509155273438 316.931945800781 318.321655273438 313.929779052734 309.614105224609 300.6904296875 292.042602539062 297.782928466797 312.388824462891 316.521148681641 310.338958740234 297.432220458984 277.309967041016 275.956970214844 278.053466796875 286.356079101562 296.150939941406 301.238067626953 301.40869140625 299.515350341797 310.156524658203 314.519836425781 311.463073730469 310.659454345703 324.115814208984 325.563659667969 325.246002197266 323.741790771484
269.182403564453 273.961273193359 276.428131103516 278.198608398438 284.828430175781 294.391723632812 299.282806396484 301.036560058594 296.996520996094 290.169311523438 294.056976318359 305.904876708984 308.681518554688 297.766052246094 297.318115234375 294.67626953125 285.987487792969 279.224945068359 278.905670166016 285.836639404297 295.060363769531 304.288421630859 316.753631591797 316.121398925781 313.061859130859 311.1083984375 306.827697753906 295.612060546875 292.385009765625 301.987426757812 312.908843994141 314.433471679688 303.574676513672 278.593505859375 276.177947998047 276.513580322266 281.892944335938 292.233551025391 301.453338623047 302.090393066406 301.001251220703 312.712310791016 316.692749023438 313.511047363281 311.082641601562 324.225921630859 325.629180908203 325.197235107422 322.962799072266
271.940124511719 274.130920410156 276.318206787109 278.555847167969 281.674743652344 286.938873291016 296.282775878906 299.392669677734 293.752655029297 289.949523925781 296.136535644531 309.331420898438 308.02392578125 298.976226806641 295.510864257812 289.937133789062 286.045135498047 283.097015380859 284.578125 291.460205078125 301.01953125 311.321960449219 314.674468994141 313.147857666016 308.113311767578 301.692199707031 301.025756835938 294.30517578125 289.338928222656 291.693054199219 303.009613037109 314.988159179688 310.838317871094 280.712524414062 275.155731201172 275.246459960938 278.931945800781 289.009246826172 302.860534667969 301.893310546875 300.483093261719 312.727935791016 317.802154541016 315.503509521484 313.916473388672 324.697021484375 324.807495117188 324.989349365234 323.371185302734
273.397033691406 274.275573730469 275.971618652344 278.358459472656 280.917327880859 285.431732177734 292.790466308594 291.936401367188 287.743286132812 291.262969970703 297.912780761719 305.698913574219 307.1796875 303.512420654297 295.70068359375 292.164093017578 293.524963378906 290.053894042969 289.2646484375 293.084228515625 301.146026611328 309.256774902344 308.084289550781 308.283447265625 300.14208984375 289.066314697266 290.8212890625 287.589508056641 286.177978515625 287.567901611328 296.056945800781 313.254364013672 313.117156982422 281.947052001953 276.207214355469 277.333190917969 280.145629882812 288.414916992188 302.697296142578 302.52685546875 303.80029296875 315.239868164062 317.67724609375 315.764831542969 315.570373535156 323.764038085938 324.051177978516 324.525970458984 323.280395507812
271.393707275391 272.895355224609 273.250823974609 276.127319335938 281.912902832031 282.539031982422 280.546997070312 277.098571777344 277.562774658203 282.874969482422 286.510101318359 290.602966308594 299.456878662109 306.988189697266 310.306732177734 307.305450439453 300.339141845703 295.229705810547 292.199523925781 288.627716064453 290.621124267578 294.284454345703 310.724243164062 307.8486328125 297.717071533203 294.229522705078 290.791198730469 287.821929931641 287.488739013672 285.278350830078 285.912841796875 297.706604003906 309.086822509766 288.556884765625 279.538879394531 277.507385253906 281.022064208984 290.877502441406 301.596252441406 303.890533447266 304.602416992188 313.274749755859 316.32177734375 315.085876464844 320.209167480469 323.372711181641 322.758880615234 323.93505859375 322.227844238281
266.597473144531 269.967864990234 272.407684326172 276.669616699219 280.15234375 278.712982177734 277.041015625 274.315612792969 275.404479980469 278.050903320312 280.153900146484 290.133056640625 297.435821533203 303.685272216797 307.583831787109 308.485382080078 299.239654541016 293.943267822266 293.725708007812 290.023345947266 290.422332763672 296.162384033203 312.40966796875 310.607940673828 306.725036621094 301.305023193359 292.49169921875 289.610626220703 287.023529052734 284.990997314453 282.979339599609 289.831298828125 304.298797607422 298.383361816406 284.746856689453 279.824768066406 279.705291748047 286.412689208984 301.358367919922 305.069061279297 304.836334228516 313.473114013672 316.192962646484 313.823211669922 320.302551269531 322.603302001953 322.341186523438 323.598022460938 322.675506591797
263.701416015625 269.236419677734 274.062713623047 275.966888427734 275.167419433594 274.553466796875 274.667602539062 276.244415283203 277.289489746094 278.981475830078 281.358856201172 293.883911132812 297.728820800781 301.382019042969 306.846313476562 304.40966796875 296.587524414062 293.030456542969 296.312957763672 293.902069091797 289.518859863281 295.723083496094 312.572509765625 311.697662353516 308.306488037109 303.429626464844 299.744842529297 295.478576660156 288.289978027344 285.007781982422 282.046997070312 285.166259765625 296.698272705078 306.105560302734 291.080688476562 283.535003662109 281.99853515625 286.388214111328 299.017700195312 302.912780761719 307.384460449219 315.520782470703 318.747314453125 316.513061523438 320.320831298828 322.728088378906 323.219024658203 323.958312988281 323.497680664062
267.443298339844 272.490844726562 276.198883056641 275.736022949219 275.296752929688 275.174682617188 277.630554199219 281.926910400391 283.492980957031 284.474670410156 283.66796875 292.222839355469 295.430847167969 300.951629638672 308.146453857422 299.208099365234 292.707061767578 292.723236083984 297.009399414062 298.159362792969 293.884582519531 298.137145996094 307.025482177734 310.123260498047 301.463989257812 296.409149169922 301.800506591797 299.769134521484 293.442840576172 287.591003417969 282.593627929688 281.567840576172 291.398651123047 308.277099609375 296.360015869141 285.865356445312 283.355499267578 290.066467285156 301.481506347656 303.055633544922 311.6923828125 317.963592529297 320.739776611328 319.811767578125 320.857025146484 323.714965820312 323.791381835938 324.05419921875 324.106414794922
276.408905029297 278.427276611328 280.208160400391 280.466888427734 280.770660400391 279.495971679688 281.598175048828 286.081848144531 287.952362060547 288.959350585938 287.709320068359 294.82763671875 300.531433105469 302.089599609375 303.809783935547 294.930816650391 288.535614013672 289.40283203125 293.434234619141 299.647094726562 300.443328857422 300.78955078125 300.907592773438 307.187744140625 300.695617675781 291.804718017578 295.643341064453 296.253631591797 293.904510498047 287.466491699219 283.718048095703 284.142791748047 292.728393554688 306.072875976562 300.619964599609 288.325317382812 284.242767333984 294.296661376953 306.792572021484 309.174377441406 314.265655517578 319.875671386719 321.227203369141 320.548309326172 322.005981445312 324.107940673828 323.159912109375 324.050567626953 325.279968261719
282.983093261719 283.900238037109 284.9052734375 285.104034423828 285.295593261719 284.685241699219 285.276885986328 287.7294921875 288.602752685547 289.788421630859 290.156188964844 297.294219970703 302.070831298828 297.860015869141 296.075164794922 289.549926757812 284.9189453125 285.107330322266 289.932952880859 300.196838378906 302.248840332031 299.369720458984 301.540130615234 304.992340087891 303.601989746094 295.422393798828 287.343139648438 285.333465576172 285.612091064453 282.537017822266 284.120574951172 289.944152832031 296.900543212891 301.93994140625 296.959136962891 287.301727294922 283.396575927734 291.921447753906 303.707702636719 308.893768310547 314.576446533203 319.117065429688 321.112060546875 320.374664306641 322.799133300781 324.471832275391 322.824493408203 323.561737060547 325.643157958984
284.167022705078 286.351013183594 287.35888671875 287.232177734375 287.114624023438 287.651306152344 287.845886230469 287.553680419922 287.937286376953 288.284606933594 288.342315673828 295.308685302734 295.840606689453 290.455017089844 289.162475585938 286.735961914062 284.117980957031 284.648864746094 289.697021484375 296.970733642578 300.406311035156 297.387268066406 297.603118896484 302.298278808594 302.015747070312 295.962158203125 284.945861816406 278.471862792969 273.914947509766 274.200469970703 283.7021484375 289.964782714844 295.636535644531 298.759857177734 288.622650146484 284.026092529297 285.971496582031 292.718933105469 298.164489746094 303.607757568359 311.172393798828 317.302001953125 319.998657226562 320.461791992188 323.002227783203 325.437133789062 323.987579345703 323.945159912109 325.736083984375
282.658782958984 285.019165039062 286.535064697266 286.540802001953 286.470336914062 287.495819091797 287.000793457031 286.408630371094 287.282867431641 287.134185791016 287.041931152344 293.11669921875 291.989685058594 287.170562744141 284.694702148438 284.068481445312 283.452362060547 286.301025390625 290.593811035156 290.159973144531 297.477630615234 298.367218017578 290.084594726562 295.878509521484 300.731506347656 295.554412841797 287.572387695312 278.671142578125 268.677398681641 267.174346923828 280.227478027344 287.182067871094 291.85888671875 297.46875 291.675872802734 291.028930664062 295.345092773438 301.464233398438 298.636688232422 304.119262695312 312.501800537109 317.216033935547 318.9794921875 320.825500488281 322.916381835938 325.370391845703 325.246704101562 325.455535888672 326.816497802734
283.696228027344 284.890747070312 286.060272216797 286.077453613281 285.98876953125 286.815002441406 285.840911865234 284.917572021484 285.951599121094 286.663269042969 287.048919677734 293.362854003906 289.300994873047 286.015747070312 283.237060546875 282.778869628906 282.806945800781 285.305358886719 287.399108886719 286.020141601562 293.834045410156 299.799560546875 286.724792480469 289.828063964844 296.343658447266 294.320770263672 288.392791748047 280.487854003906 270.112518310547 264.036499023438 273.104400634766 282.809783935547 289.581756591797 293.155822753906 297.804504394531 303.328948974609 303.876617431641 308.640014648438 303.948608398438 307.134948730469 315.815826416016 317.725921630859 319.522369384766 321.144866943359 322.923828125 325.141082763672 325.419403076172 325.540069580078 326.670379638672
285.332611083984 286.355773925781 286.75244140625 287.086486816406 286.481170654297 286.522613525391 285.868041992188 284.780639648438 285.667297363281 286.854766845703 287.391754150391 294.350006103516 289.336273193359 284.360198974609 282.570617675781 283.120208740234 283.669708251953 283.868347167969 283.230438232422 283.068572998047 288.15283203125 296.209106445312 290.707000732422 288.600463867188 289.214416503906 288.283905029297 284.881378173828 280.212982177734 273.745819091797 267.423797607422 269.310516357422 277.84423828125 286.383544921875 287.842712402344 296.679779052734 306.241546630859 310.566345214844 312.825622558594 309.811248779297 311.532440185547 316.740844726562 317.640960693359 320.157684326172 321.177947998047 323.390563964844 324.894805908203 324.047332763672 323.655517578125 325.989074707031
284.704681396484 286.345794677734 286.563293457031 287.108947753906 287.491027832031 287.710754394531 287.209686279297 286.138549804688 287.509704589844 288.205841064453 288.587554931641 292.618469238281 288.981994628906 283.55859375 282.102203369141 283.132171630859 284.175750732422 283.21142578125 281.930419921875 280.779113769531 283.4091796875 288.318328857422 293.247985839844 290.736083984375 286.875946044922 284.306274414062 278.844268798828 274.049285888672 273.106475830078 272.502563476562 274.422241210938 280.588745117188 284.782684326172 288.295928955078 297.197875976562 303.674987792969 312.170440673828 314.843536376953 314.285583496094 314.534790039062 316.371063232422 317.231689453125 318.924987792969 320.789031982422 322.886566162109 323.513153076172 322.866943359375 323.355346679688 326.425354003906
282.356903076172 284.699981689453 285.578643798828 286.297485351562 286.798126220703 287.040130615234 287.725402832031 287.652648925781 288.489868164062 288.189971923828 288.053771972656 289.806945800781 287.852844238281 283.231903076172 282.108825683594 282.812774658203 283.187408447266 282.232330322266 280.777313232422 279.617492675781 280.986785888672 282.500396728516 289.944274902344 293.637512207031 289.814727783203 284.373992919922 277.467956542969 271.219116210938 270.729888916016 275.081024169922 280.241546630859 285.863800048828 289.746246337891 289.508148193359 300.183349609375 305.276733398438 310.796752929688 315.547241210938 316.336700439453 314.976715087891 315.818511962891 317.320922851562 318.455535888672 320.902221679688 321.793304443359 323.119110107422 323.263488769531 325.320281982422 327.253875732422
279.327270507812 283.242797851562 284.295959472656 285.332824707031 286.013153076172 286.052154541016 285.733184814453 285.644378662109 285.825042724609 283.721740722656 283.107757568359 287.671783447266 286.060974121094 284.773071289062 282.81689453125 281.506011962891 281.874633789062 283.2431640625 285.619750976562 287.213806152344 286.404418945312 287.443115234375 290.836791992188 290.115692138672 286.99853515625 287.331146240234 284.810821533203 281.717712402344 274.444000244141 274.326171875 281.200256347656 286.072052001953 290.775543212891 304.4384765625 303.182647705078 305.101287841797 312.438323974609 316.086700439453 316.923553466797 316.559143066406 316.700042724609 318.511047363281 317.675262451172 319.462219238281 320.749725341797 323.224609375 324.648406982422 325.704254150391 326.232299804688
282.2734375 284.073699951172 284.781158447266 285.111083984375 285.037841796875 285.717437744141 284.414794921875 283.670288085938 284.685241699219 284.054626464844 283.307373046875 286.355621337891 285.234344482422 284.613037109375 282.657318115234 279.693634033203 279.052673339844 280.397216796875 283.938568115234 285.810394287109 287.496856689453 290.279571533203 288.834167480469 288.315368652344 285.525909423828 287.247253417969 287.686889648438 283.328430175781 274.573944091797 274.628936767578 277.827270507812 280.012603759766 283.874725341797 307.282348632812 309.155120849609 308.883911132812 313.059539794922 316.747497558594 317.0537109375 317.212371826172 317.734100341797 319.657806396484 318.933044433594 320.116607666016 321.488891601562 322.969329833984 323.701599121094 325.072021484375 326.339172363281
282.176239013672 283.233306884766 283.75537109375 282.756774902344 282.749267578125 284.358703613281 282.753082275391 282.507629394531 283.208740234375 283.422821044922 284.144073486328 285.88037109375 284.593139648438 283.628875732422 282.009857177734 279.561401367188 277.939483642578 277.935272216797 280.986267089844 283.172180175781 286.572204589844 287.409515380859 287.708648681641 286.773498535156 285.58056640625 286.413024902344 286.837646484375 283.189453125 277.161804199219 276.307952880859 278.829956054688 279.217376708984 284.932189941406 306.479187011719 310.673858642578 314.013214111328 314.322509765625 316.665557861328 318.143951416016 318.290344238281 319.680969238281 320.616394042969 320.785125732422 321.351470947266 322.123565673828 322.598876953125 322.374847412109 323.944580078125 325.075378417969
279.200347900391 280.781372070312 281.896087646484 280.813171386719 281.425598144531 282.379089355469 281.312530517578 281.854461669922 282.218017578125 282.957946777344 284.487274169922 286.069885253906 285.610961914062 283.655609130859 282.365814208984 280.741088867188 279.457336425781 278.317169189453 280.8056640625 286.054351806641 286.628540039062 284.939239501953 293.495239257812 289.289154052734 290.886535644531 288.670715332031 284.044189453125 281.64697265625 277.308807373047 276.700653076172 282.380462646484 285.657073974609 291.646820068359 306.450103759766 310.534240722656 314.213775634766 316.156555175781 317.725372314453 318.236297607422 318.777984619141 320.016326904297 320.603424072266 321.031555175781 322.166534423828 322.490142822266 321.268615722656 321.322692871094 321.992645263672 322.466827392578
277.432678222656 279.589874267578 280.311798095703 281.015411376953 281.228149414062 281.421020507812 281.319854736328 281.339691162109 280.903900146484 282.308197021484 284.151672363281 285.074157714844 285.108032226562 284.335021972656 283.5498046875 282.095153808594 280.633087158203 279.8349609375 282.821075439453 287.424163818359 284.960876464844 283.779693603516 296.449920654297 301.857635498047 300.781127929688 293.243743896484 286.269409179688 283.593719482422 277.116394042969 275.325592041016 283.572479248047 290.335815429688 297.137481689453 304.329376220703 310.894500732422 314.971038818359 315.78662109375 317.059020996094 316.347595214844 317.767364501953 319.058441162109 319.831420898438 320.780487060547 322.666595458984 322.737121582031 319.608337402344 320.043823242188 320.016052246094 321.30126953125
