rcp8.5models/CNRM-CM5/sc1gr9.18
NCOLS 261 
NROWS 433 
XLLCORNER 336357.134 
YLLCORNER 654653.479 
CELLSIZE 1000 
NODATA_value -3.4e+38 
[rows 132 to 153 of 433, columns 49 to 97 of 261]
54.809326171875 54.9545478820801 55.6146049499512 56.239673614502 56.9007263183594 57.9070281982422 58.4992218017578 59.2462272644043 60.8865776062012 68.1733779907227 60.8531723022461 62.1946449279785 62.0703926086426 62.0740356445312 63.5818862915039 63.5363235473633 64.4451522827148 66.2264251708984 67.7408447265625 91.8844680786133 66.3324737548828 67.5040054321289 80.6360092163086 102.302848815918 91.4391708374023 73.394775390625 111.090797424316 112.754035949707 114.650444030762 89.6751937866211 105.937126159668 124.060302734375 126.564361572266 129.824310302734 127.429779052734 101.408866882324 138.373870849609 142.329498291016 143.134704589844 146.538223266602 149.619934082031 156.982971191406 160.337738037109 164.349792480469 167.012237548828 169.853698730469 172.377593994141 176.553314208984 181.098648071289
54.8222274780273 55.2179260253906 55.4023017883301 56.8814010620117 57.0096244812012 57.6519966125488 58.4940910339355 59.4193916320801 67.0774765014648 63.5497398376465 60.8369522094727 62.1867561340332 62.3289184570312 63.234935760498 63.4539489746094 63.579761505127 64.3320922851562 65.4541091918945 82.2943725585938 74.2974472045898 68.4575424194336 85.6828231811523 70.7403335571289 103.52840423584 104.714584350586 96.6492080688477 111.13663482666 112.535865783691 114.737228393555 104.30696105957 120.931648254395 124.16374206543 126.673393249512 125.224746704102 97.0683059692383 117.77596282959 138.907257080078 141.296203613281 137.325424194336 109.176345825195 149.340255737305 156.438262939453 160.065780639648 163.844085693359 166.552856445312 169.688064575195 172.495315551758 176.440628051758 181.403015136719
54.8297119140625 55.4123954772949 56.0677146911621 57.1247367858887 57.0845603942871 57.6474227905273 58.4879531860352 64.6967086791992 63.0074920654297 60.2556571960449 60.8194465637207 62.1699028015137 62.4288368225098 63.7356910705566 63.5255241394043 63.522087097168 64.0220794677734 66.2340316772461 72.7627334594727 67.856330871582 85.3926620483398 76.2176132202148 68.3639450073242 82.056022644043 103.096374511719 85.2120361328125 111.220901489258 112.624626159668 111.48770904541 118.557945251465 121.035537719727 124.188117980957 126.116729736328 126.783912658691 114.0673828125 135.603057861328 138.098556518555 140.778579711914 139.999771118164 125.460823059082 149.433212280273 155.924057006836 151.890975952148 119.960868835449 166.388412475586 169.865966796875 172.679733276367 176.482864379883 180.637725830078
54.8283538818359 55.3988418579102 55.8304595947266 56.4890174865723 57.0801391601562 57.641788482666 58.8089370727539 67.2470245361328 66.8412933349609 60.2380332946777 60.7685966491699 61.7494430541992 62.3521614074707 63.0998268127441 63.5738563537598 63.486686706543 63.9837799072266 66.9275512695312 81.4634552001953 69.1278686523438 92.965576171875 67.233268737793 69.8970108032227 92.4811019897461 104.509696960449 96.7645721435547 111.308113098145 112.716354370117 113.16145324707 118.659362792969 121.060447692871 123.666145324707 125.871002197266 129.136428833008 131.692718505859 134.989639282227 137.58479309082 140.913696289062 143.548217773438 146.909576416016 149.486862182617 155.592483520508 154.077545166016 128.821868896484 122.292350769043 169.480087280273 172.86767578125 176.444091796875 179.560760498047
54.8374671936035 55.630126953125 56.332103729248 56.8724899291992 57.0745811462402 57.6350059509277 58.6087493896484 61.4201354980469 63.0259666442871 60.6358299255371 60.9723320007324 62.1386833190918 63.2584533691406 73.5882263183594 63.5742721557617 63.8295745849609 65.3294067382812 79.420166015625 72.7686309814453 69.3264541625977 92.9755401611328 67.3931045532227 71.44482421875 102.763198852539 105.294242858887 107.682685852051 110.803833007812 112.811050415039 115.010437011719 118.681854248047 120.538787841797 123.464813232422 125.988471984863 129.256790161133 131.818878173828 135.118865966797 137.719955444336 135.121002197266 107.339660644531 147.05744934082 149.583038330078 155.126220703125 158.281234741211 148.674163818359 95.9436721801758 168.544281005859 171.929641723633 176.57844543457 179.221374511719
54.838623046875 55.6778259277344 55.941047668457 57.107292175293 57.067798614502 57.6269912719727 58.4626388549805 59.3445281982422 60.3389434814453 61.0325202941895 61.6713638305664 62.3614082336426 62.7567253112793 68.1158599853516 64.7667770385742 76.4909820556641 64.5875091552734 71.4819946289062 83.2377166748047 84.0295486450195 75.1902389526367 67.7861328125 71.5606155395508 102.811172485352 105.046829223633 107.437545776367 110.596626281738 112.82967376709 114.599952697754 118.744033813477 120.339767456055 123.579696655273 126.109077453613 129.380294799805 131.772003173828 134.035629272461 137.282150268555 137.803970336914 123.215950012207 147.208633422852 149.738372802734 154.959182739258 158.390502929688 156.382797241211 139.054016113281 168.260437011719 171.220687866211 175.427795410156 178.161392211914
55.1117897033691 55.6457023620605 55.6852607727051 57.1195487976074 57.5222206115723 58.3893814086914 59.3546371459961 59.9913673400879 66.3497314453125 62.0261039733887 72.6487121582031 66.90380859375 72.2659149169922 64.6353454589844 81.9705581665039 82.9433059692383 85.7609710693359 88.3577880859375 74.467887878418 75.7052917480469 78.5464630126953 99.1229782104492 100.913505554199 102.095115661621 105.229454040527 107.551666259766 110.123321533203 112.400077819824 114.549789428711 118.070602416992 120.573303222656 123.818794250488 126.359703063965 129.545059204102 131.264785766602 132.964111328125 136.523345947266 140.437103271484 143.092636108398 146.464385986328 149.160095214844 155.301498413086 158.633651733398 160.84326171875 164.425384521484 167.808395385742 171.315277099609 174.174530029297 177.665084838867
55.1032943725586 55.6648330688477 56.0998001098633 57.1215209960938 57.617733001709 57.6406288146973 59.1900367736816 60.3945503234863 68.7584991455078 61.39599609375 65.4518432617188 62.7217674255371 66.8656158447266 64.2562866210938 80.7485809326172 82.3634033203125 84.884651184082 86.1713562011719 67.6583480834961 84.6564254760742 88.0416641235352 99.3869857788086 100.26163482666 103.357231140137 105.325126647949 107.610450744629 109.883293151855 112.282600402832 115.224243164062 118.852584838867 121.339202880859 124.523109436035 126.398040771484 129.04850769043 131.028411865234 132.731307983398 136.348724365234 140.587478637695 143.249145507812 146.624359130859 149.119598388672 154.344299316406 158.856307983398 161.300933837891 164.619567871094 166.655426025391 170.279296875 173.591018676758 176.501739501953
55.0928726196289 55.6336326599121 -3.4e+38 56.5151481628418 58.1667785644531 57.8721504211426 62.2780456542969 59.9868087768555 63.3507537841797 61.7204132080078 69.7179870605469 71.1114501953125 72.5363235473633 73.2694320678711 80.2648315429688 82.3337326049805 82.5009307861328 71.6267623901367 81.940315246582 77.6153793334961 95.8155899047852 98.2441482543945 99.9843368530273 102.865524291992 105.343002319336 107.122375488281 109.988761901855 112.434906005859 115.630882263184 119.325401306152 121.809585571289 124.870498657227 125.901710510254 128.86701965332 -3.4e+38 133.894897460938 135.637344360352 138.859817504883 141.969818115234 144.909652709961 147.931533813477 153.643203735352 157.756011962891 160.545028686523 163.889709472656 166.035461425781 169.613418579102 172.752624511719 175.949951171875
55.0803489685059 55.6067390441895 -3.4e+38 55.860954284668 57.9212112426758 59.0699691772461 60.5372200012207 60.2164611816406 65.8971786499023 61.8682403564453 71.5405578613281 72.8261947631836 67.9446563720703 77.2680740356445 79.6629257202148 81.7607421875 83.112678527832 80.5202941894531 89.6116256713867 85.7588653564453 94.9447631835938 97.7534790039062 99.9231109619141 101.711380004883 104.811386108398 106.929138183594 110.097229003906 112.3798828125 114.514976501465 119.538314819336 122.517547607422 124.948043823242 125.722312927246 129.005340576172 131.313278198242 132.920257568359 135.300811767578 137.947357177734 141.305282592773 143.991958618164 147.383438110352 153.595687866211 156.615753173828 159.825500488281 162.773223876953 165.455749511719 168.672927856445 172.501937866211 175.369384765625
55.4879035949707 55.4853134155273 54.2717819213867 56.0518112182617 57.729808807373 59.6114921569824 60.1813621520996 64.4379577636719 63.5620880126953 66.8255767822266 71.0145950317383 72.7437133789062 71.7953720092773 77.2370452880859 78.819938659668 81.625358581543 84.3730926513672 86.4152450561523 90.2616424560547 92.6996002197266 94.670768737793 97.1890487670898 99.3857879638672 101.477035522461 104.617660522461 106.953216552734 109.536727905273 111.820877075195 113.990524291992 119.531059265137 121.710174560547 124.501586914062 125.860748291016 129.049713134766 130.722747802734 132.12532043457 135.548843383789 138.642440795898 141.467315673828 144.160186767578 147.448226928711 153.044387817383 155.818359375 159.168167114258 161.350952148438 164.505706787109 167.430145263672 171.297607421875 174.022476196289
55.6270866394043 55.5631942749023 55.4459075927734 55.8950080871582 57.6855239868164 58.7298927307129 59.0017852783203 61.520637512207 61.1193656921387 68.99658203125 71.0095367431641 72.5498275756836 75.2577743530273 77.273063659668 78.6176452636719 80.2587509155273 72.4061050415039 86.5328979492188 89.7127685546875 92.5015869140625 94.64599609375 96.3688354492188 99.1913070678711 101.581214904785 104.724143981934 106.936225891113 108.740310668945 111.634757995605 114.113136291504 118.981704711914 121.078460693359 123.747817993164 125.905265808105 128.565734863281 130.549697875977 132.277755737305 135.663787841797 138.573364257812 141.632553100586 144.224853515625 146.994155883789 152.718505859375 154.93132019043 158.325622558594 160.802490234375 164.296783447266 167.152679443359 170.681533813477 173.578720092773
55.6399230957031 55.9264755249023 55.2039566040039 57.0846366882324 57.8126182556152 58.3380737304688 58.6151008605957 63.3173027038574 64.5663909912109 69.0579833984375 71.0420989990234 72.3483734130859 75.256477355957 76.7321243286133 78.7653350830078 81.6490020751953 78.5553665161133 86.9690856933594 89.5177154541016 92.5134353637695 94.1856842041016 96.7536315917969 99.2929534912109 101.603019714355 104.16047668457 106.419258117676 108.567115783691 111.664253234863 113.566864013672 118.713539123535 120.611503601074 123.476867675781 125.421485900879 128.39599609375 130.6982421875 132.330871582031 135.199737548828 138.432861328125 141.801010131836 144.335571289062 146.841567993164 152.837509155273 -3.4e+38 158.183685302734 160.888061523438 163.82682800293 166.688598632812 170.099456787109 172.33219909668
53.6792869567871 56.2855949401855 55.5855522155762 58.3013153076172 58.5533981323242 59.9331321716309 59.7280731201172 65.5840759277344 66.8525161743164 69.7296981811523 71.1658477783203 72.9527893066406 74.7549362182617 77.2061004638672 79.40380859375 82.0537948608398 84.0488052368164 87.0130233764648 89.5300903320312 92.0544967651367 94.5422668457031 96.5629730224609 99.3119583129883 101.081016540527 103.931037902832 106.145706176758 108.014854431152 111.157363891602 113.341529846191 118.701377868652 119.78133392334 122.990356445312 125.253768920898 128.5458984375 130.747512817383 131.861465454102 134.935470581055 137.928482055664 141.401123046875 144.477020263672 147.021865844727 153.025695800781 154.915328979492 158.26628112793 160.462692260742 163.502471923828 165.697204589844 168.754028320312 171.638305664062
52.8646125793457 55.2489013671875 56.5396385192871 58.5940132141113 58.7256965637207 61.2259101867676 59.8896522521973 62.520191192627 67.8188552856445 70.0548248291016 71.2605361938477 73.327278137207 75.1929626464844 77.5101089477539 79.1165008544922 81.8592147827148 84.0578689575195 86.4648666381836 89.6620483398438 92.4945983886719 94.8038558959961 95.7097930908203 98.7871246337891 100.898048400879 103.955879211426 105.63298034668 -3.4e+38 110.979553222656 113.286781311035 118.207855224609 119.559226989746 122.821762084961 125.403732299805 128.698974609375 131.045272827148 132.807998657227 135.039855957031 137.713745117188 141.144561767578 144.107498168945 147.205368041992 153.217102050781 155.113739013672 158.396224975586 160.331161499023 163.638488769531 165.425216674805 168.313049316406 171.738189697266
53.5598068237305 55.5404739379883 57.4489707946777 58.5212478637695 59.1368942260742 62.4135856628418 62.798412322998 66.5331573486328 68.8236236572266 70.7983169555664 72.0796508789062 74.637939453125 75.5371322631836 77.5532379150391 78.9250946044922 81.8654327392578 83.4315032958984 85.688232421875 89.7974472045898 92.7108535766602 93.6857757568359 95.483642578125 98.6035842895508 100.836067199707 102.876800537109 105.453857421875 107.821487426758 110.434677124023 112.833976745605 118.134880065918 120.275894165039 122.968849182129 125.556838989258 128.751449584961 130.751129150391 133.594360351562 135.207138061523 137.887237548828 141.151763916016 143.420822143555 147.278915405273 152.175811767578 154.639831542969 158.04231262207 160.541702270508 163.850799560547 165.642593383789 168.536865234375 171.885971069336
56.063404083252 55.8591651916504 57.8186874389648 59.4118309020996 60.4536628723145 62.8896903991699 64.2906188964844 68.9247589111328 69.8596038818359 71.8368453979492 72.1876525878906 67.9094467163086 75.5394897460938 77.0287170410156 79.0112152099609 81.9144897460938 83.2057876586914 85.4244537353516 89.7300491333008 91.645378112793 93.7991027832031 95.5047760009766 98.0409545898438 100.276878356934 102.412208557129 105.482849121094 107.320625305176 110.212425231934 112.713958740234 118.426094055176 121.381454467773 123.587074279785 125.040344238281 128.283233642578 130.597259521484 133.759857177734 135.377593994141 137.953521728516 140.703720092773 143.167282104492 146.725326538086 151.636032104492 154.437622070312 157.912490844727 160.755416870117 164.06623840332 165.738830566406 168.085021972656 171.434921264648
55.5897369384766 57.9908638000488 58.4970932006836 59.6568260192871 62.1940689086914 62.9777793884277 64.9854125976562 69.7757110595703 70.8268280029297 67.2883453369141 74.2379913330078 72.1599884033203 76.259391784668 77.5140533447266 79.6127777099609 81.4042510986328 83.2981414794922 85.4806594848633 89.7481994628906 91.2258758544922 94.2806396484375 96.2432632446289 98.4893264770508 100.679237365723 102.441383361816 104.979110717773 107.150352478027 110.345497131348 112.852905273438 118.524078369141 121.211601257324 123.528518676758 125.395500183105 128.128372192383 130.764877319336 133.928833007812 135.442352294922 137.505523681641 140.559967041016 143.174911499023 145.956680297852 151.836410522461 154.644378662109 158.122970581055 160.849197387695 163.604553222656 165.330474853516 167.891036987305 171.2392578125
56.4411163330078 58.8184394836426 59.487419128418 59.9456481933594 62.9498519897461 64.4037017822266 66.9083786010742 71.142578125 74.6599273681641 74.231330871582 74.7171936035156 75.6626052856445 77.4051666259766 78.7081527709961 81.0087280273438 82.3015899658203 84.4786376953125 86.6587142944336 90.453254699707 92.7935028076172 93.964469909668 96.8986129760742 99.6439361572266 101.306427001953 103.349174499512 105.959892272949 108.293785095215 110.519538879395 112.412002563477 117.737983703613 120.206237792969 123.022735595703 126.094764709473 128.669723510742 130.373428344727 133.3935546875 135.953079223633 138.639846801758 140.933868408203 143.373092651367 145.270874023438 150.646118164062 153.602310180664 155.541198730469 159.03662109375 161.911254882812 165.313369750977 167.593048095703 170.808319091797
58.8534660339355 58.8836288452148 59.8643569946289 60.7086219787598 63.673656463623 64.8638458251953 67.1941223144531 71.5181884765625 74.9978637695312 74.3590621948242 75.136100769043 75.787353515625 77.8806610107422 79.7473831176758 81.7776718139648 83.0744934082031 85.2541580200195 87.3489227294922 90.3245620727539 93.2356338500977 94.3738861083984 97.0660934448242 100.057518005371 101.575866699219 104.34366607666 -3.4e+38 -3.4e+38 110.708038330078 112.92854309082 118.355140686035 119.73917388916 122.766593933105 125.637069702148 128.572250366211 130.795516967773 133.572906494141 136.264862060547 139.457504272461 141.008819580078 143.059555053711 145.699188232422 150.939270019531 153.256423950195 155.758987426758 159.258117675781 161.883422851562 164.358444213867 167.352630615234 170.367385864258
58.4566040039062 59.6360740661621 60.5198631286621 60.691535949707 64.7821655273438 66.5674438476562 68.5380020141602 72.2088623046875 75.1604995727539 75.1582412719727 76.1614685058594 76.4712066650391 78.0893249511719 80.6562576293945 81.5913009643555 83.4018402099609 85.0854187011719 87.8233413696289 91.1136474609375 93.975944519043 94.7804794311523 97.0953140258789 99.604377746582 101.756927490234 104.87190246582 106.652015686035 -3.4e+38 -3.4e+38 113.334625244141 118.19278717041 119.590789794922 122.872093200684 125.494102478027 128.808898925781 131.293014526367 133.755462646484 136.338180541992 138.972366333008 140.576049804688 143.001663208008 146.231842041016 151.510345458984 153.565704345703 155.301849365234 158.676010131836 160.847381591797 163.774612426758 166.838714599609 169.543411254883
58.8325881958008 61.3477897644043 62.4099464416504 63.703727722168 65.7760314941406 67.2150421142578 69.1589202880859 72.6365585327148 76.042839050293 76.7344589233398 76.6336441040039 77.4198760986328 78.223762512207 81.0694885253906 82.0946884155273 84.2273330688477 86.0833740234375 87.8855209350586 92.1346206665039 94.4724884033203 95.4808731079102 97.1732406616211 99.4419937133789 101.892738342285 104.960372924805 106.616485595703 108.520629882812 111.521018981934 112.862236022949 118.151077270508 120.32202911377 123.040321350098 125.556663513184 128.311874389648 130.799865722656 133.266143798828 135.90315246582 138.891525268555 141.006698608398 143.205001831055 146.436538696289 151.800109863281 154.042724609375 155.110580444336 158.404266357422 160.394378662109 163.928253173828 166.524215698242 168.699188232422
