rcp8.5models/CNRM-CM5/sc1gr9.15
NCOLS 261 
NROWS 433 
XLLCORNER 336357.134 
YLLCORNER 654653.479 
CELLSIZE 1000 
NODATA_value -3.4e+38 
[rows 242 to 263 of 433, columns 196 to 244 of 261]
200.874603271484 200.440505981445 198.724899291992 197.127395629883 196.254486083984 194.951354980469 193.840698242188 193.023941040039 192.534942626953 191.426940917969 190.152847290039 188.324661254883 186.778686523438 185.738403320312 185.008453369141 183.095672607422 180.671447753906 179.646514892578 177.22492980957 -3.4e+38 -3.4e+38 173.353759765625 172.887512207031 171.975006103516 169.011428833008 167.078338623047 166.824798583984 165.73193359375 163.386749267578 161.556167602539 156.815231323242 155.838073730469 154.254455566406 153.023071289062 152.178009033203 149.820770263672 148.074951171875 146.459732055664 145.022644042969 142.53547668457 140.847366333008 137.927322387695 136.561477661133 134.411987304688 -3.4e+38 -3.4e+38 -3.4e+38 -3.4e+38 128.559188842773
201.467514038086 200.573928833008 200.528213500977 199.220092773438 198.741134643555 198.240798950195 196.891448974609 196.140060424805 194.209503173828 192.069641113281 190.730911254883 188.855453491211 187.629913330078 186.290512084961 184.935455322266 184.064102172852 182.476043701172 181.430633544922 178.36003112793 -3.4e+38 -3.4e+38 174.103973388672 173.826736450195 172.951232910156 170.47314453125 168.271286010742 167.237503051758 165.51399230957 163.556640625 161.22331237793 157.487365722656 155.68376159668 154.499847412109 153.742645263672 152.181121826172 150.000427246094 147.456848144531 146.099517822266 144.665069580078 142.880004882812 140.275985717773 136.928726196289 135.78434753418 134.596435546875 -3.4e+38 -3.4e+38 129.923492431641 -3.4e+38 -3.4e+38
202.140670776367 201.271438598633 201.164154052734 200.134490966797 199.945983886719 199.174728393555 198.182540893555 195.708068847656 194.193176269531 192.253707885742 190.913879394531 189.205078125 187.862854003906 187.119064331055 185.466949462891 184.061096191406 182.596969604492 181.603057861328 179.548217773438 177.531173706055 -3.4e+38 -3.4e+38 172.796157836914 172.628982543945 171.23503112793 169.17041015625 167.775909423828 165.326293945312 163.486862182617 160.982894897461 158.165786743164 156.042358398438 154.798934936523 153.818588256836 151.795867919922 150.09635925293 147.556213378906 145.869567871094 144.248672485352 142.97346496582 140.805740356445 136.994583129883 135.81706237793 134.040618896484 -3.4e+38 130.898513793945 129.196548461914 128.336288452148 -3.4e+38
202.491287231445 201.468124389648 200.819427490234 199.977569580078 198.713623046875 198.130142211914 198.37890625 194.859817504883 194.063781738281 192.068252563477 190.85302734375 190.026153564453 188.864120483398 187.905059814453 186.301574707031 184.991256713867 183.539932250977 182.355239868164 180.212493896484 178.081298828125 175.908828735352 174.526107788086 172.910873413086 172.27360534668 171.493408203125 169.428146362305 -3.4e+38 -3.4e+38 163.413146972656 160.90998840332 158.510650634766 156.582794189453 155.278335571289 153.173721313477 151.458953857422 149.621627807617 147.87321472168 145.832641601562 143.952178955078 142.516616821289 140.908279418945 137.419387817383 135.004409790039 133.414413452148 -3.4e+38 130.649230957031 129.087738037109 127.293998718262 126.074935913086
202.170181274414 201.333724975586 200.065673828125 199.606475830078 198.841705322266 198.077911376953 198.127578735352 195.478576660156 194.492752075195 193.134140014648 191.515029907227 190.271057128906 189.063583374023 188.111312866211 186.805480957031 185.997863769531 184.404113769531 183.690612792969 181.527465820312 179.427749633789 177.10578918457 175.30322265625 173.633453369141 172.512435913086 171.234878540039 169.419525146484 -3.4e+38 -3.4e+38 163.701766967773 161.770980834961 159.111099243164 156.947845458984 155.458297729492 153.021102905273 151.116882324219 148.963684082031 147.809143066406 145.782608032227 143.719055175781 142.094833374023 140.824432373047 137.142547607422 134.368728637695 133.190200805664 131.557022094727 130.524826049805 128.903900146484 126.915016174316 124.996200561523
201.499557495117 200.882339477539 200.462615966797 199.602447509766 199.572540283203 198.503601074219 197.787475585938 196.151489257812 194.72770690918 193.925201416016 192.625213623047 191.360733032227 189.938858032227 189.002197265625 -3.4e+38 186.236068725586 184.446243286133 183.687225341797 182.701644897461 180.836303710938 178.512084960938 175.505187988281 173.848434448242 173.109725952148 171.52799987793 169.871307373047 -3.4e+38 -3.4e+38 164.475784301758 163.733581542969 159.865676879883 156.909042358398 155.281814575195 153.63801574707 151.205123901367 149.118774414062 147.556076049805 145.721206665039 143.917572021484 142.326477050781 140.359100341797 136.595962524414 134.616806030273 132.624710083008 131.261672973633 129.811614990234 128.449340820312 126.580863952637 124.497520446777
201.623870849609 200.888534545898 201.064437866211 199.982299804688 199.492126464844 198.671920776367 198.005615234375 196.950653076172 195.355590820312 194.14729309082 193.08918762207 192.804641723633 191.810745239258 190.108322143555 188.664108276367 187.66960144043 185.500747680664 183.455917358398 182.79541015625 180.583709716797 178.535705566406 176.23698425293 174.28938293457 173.650833129883 171.476959228516 169.582946777344 167.214065551758 -3.4e+38 164.827377319336 164.431167602539 160.52360534668 157.938049316406 155.967712402344 153.791687011719 151.475891113281 149.725402832031 147.347381591797 145.65153503418 144.031158447266 142.467620849609 139.931732177734 136.343078613281 134.76496887207 132.20866394043 131.035263061523 129.400329589844 128.22575378418 126.425155639648 124.769065856934
202.347320556641 201.886474609375 202.510131835938 201.831436157227 200.498687744141 199.40461730957 198.835220336914 197.855438232422 196.156265258789 195.195907592773 194.156631469727 194.558471679688 193.324417114258 190.42936706543 189.536254882812 188.865447998047 186.204391479492 184.465103149414 181.793167114258 180.094787597656 178.402679443359 177.245727539062 174.928634643555 172.997955322266 171.106994628906 169.185989379883 168.120559692383 165.678161621094 164.735214233398 164.310516357422 160.21614074707 -3.4e+38 156.980361938477 153.844375610352 152.009536743164 150.331176757812 147.183395385742 145.533447265625 144.04524230957 142.13005065918 140.02165222168 136.042419433594 134.434585571289 132.45866394043 130.463180541992 128.95783996582 127.321678161621 126.29517364502 124.432678222656
203.723022460938 203.641632080078 203.377166748047 202.666549682617 201.440048217773 200.415969848633 200.416946411133 198.031036376953 196.513229370117 196.328521728516 196.326904296875 195.997787475586 193.685745239258 191.685165405273 190.624206542969 189.538757324219 186.702926635742 185.345916748047 182.123611450195 181.527069091797 180.429412841797 178.361862182617 175.785232543945 173.05046081543 171.502731323242 170.283874511719 168.561004638672 166.613372802734 165.076187133789 163.744216918945 160.197326660156 159.11198425293 156.55534362793 153.501510620117 152.560287475586 150.841934204102 147.875961303711 145.418884277344 144.029739379883 141.64306640625 139.5693359375 135.314056396484 133.959533691406 132.353485107422 130.594253540039 128.776382446289 127.013465881348 125.924537658691 123.934555053711
204.844055175781 204.902938842773 204.236724853516 203.721954345703 202.272644042969 201.590728759766 201.516586303711 198.916549682617 197.659088134766 197.809448242188 197.954345703125 196.317779541016 193.759872436523 192.720733642578 191.614944458008 190.560913085938 188.400360107422 186.661605834961 -3.4e+38 182.970489501953 182.371459960938 179.705612182617 176.475769042969 173.537948608398 171.406723022461 170.368026733398 168.999542236328 167.451095581055 165.970794677734 164.004501342773 161.868850708008 159.389709472656 156.652389526367 154.997741699219 152.991607666016 150.523147583008 148.62174987793 145.494644165039 143.12646484375 141.257431030273 139.044799804688 134.880401611328 133.722702026367 132.09049987793 130.912628173828 128.851409912109 126.795700073242 124.916275024414 123.43180847168
205.361038208008 205.055969238281 205.36701965332 205.073654174805 203.76969909668 203.589340209961 201.685745239258 199.658660888672 198.786041259766 198.943344116211 198.428466796875 196.638397216797 194.677978515625 193.994750976562 192.700576782227 191.540496826172 190.193862915039 188.121170043945 183.667327880859 183.468185424805 182.619537353516 179.735458374023 176.008728027344 173.556655883789 171.653854370117 170.744522094727 170.281967163086 169.095947265625 166.805435180664 164.807113647461 161.99772644043 158.715606689453 156.726867675781 155.459930419922 153.11262512207 149.847076416016 148.197189331055 145.523513793945 142.233367919922 140.570037841797 138.673919677734 134.574615478516 133.137771606445 131.786224365234 130.346878051758 128.451812744141 125.641784667969 124.061569213867 122.614067077637
205.956970214844 205.674224853516 205.402130126953 204.579071044922 204.722534179688 205.261215209961 202.797241210938 199.336029052734 198.927230834961 199.109466552734 198.751235961914 197.474884033203 196.113555908203 195.51383972168 194.302810668945 192.736358642578 191.192169189453 188.755233764648 184.543685913086 183.344650268555 182.023590087891 179.941253662109 176.748718261719 174.005920410156 171.611968994141 170.88346862793 170.132553100586 169.625457763672 169.144180297852 168.065811157227 161.917449951172 159.092498779297 157.113418579102 154.852981567383 152.515167236328 149.449356079102 147.205291748047 145.159164428711 142.510162353516 140.119171142578 138.425704956055 134.874053955078 132.698623657227 131.54655456543 129.772201538086 127.791320800781 124.990509033203 123.831764221191 122.051567077637
204.705230712891 205.732482910156 205.726348876953 204.680679321289 205.586090087891 206.016784667969 204.000350952148 200.402587890625 199.821090698242 200.144287109375 199.479751586914 198.342895507812 196.957870483398 195.827941894531 195.320404052734 193.877746582031 191.017135620117 188.833023071289 185.249404907227 183.483825683594 181.599044799805 180.416702270508 177.871963500977 174.850997924805 171.586898803711 170.662338256836 169.491928100586 169.46174621582 169.453002929688 167.286483764648 162.127563476562 160.318832397461 157.938125610352 154.366760253906 151.73974609375 149.266799926758 146.713531494141 144.86083984375 142.788970947266 139.942962646484 138.152038574219 134.893859863281 132.935974121094 130.815002441406 129.040145874023 127.212554931641 125.10758972168 122.768600463867 121.321578979492
202.779449462891 203.946380615234 206.421478271484 207.354400634766 207.4052734375 206.781860351562 205.254287719727 200.555633544922 199.74577331543 198.985778808594 198.196212768555 196.75146484375 195.264343261719 195.408828735352 195.572448730469 194.391448974609 193.181488037109 191.303665161133 185.328994750977 183.749206542969 181.742141723633 178.249786376953 175.831802368164 173.856231689453 174.008316040039 172.3095703125 169.416885375977 168.451629638672 167.696029663086 166.004364013672 159.656875610352 158.51513671875 157.094985961914 153.992523193359 151.827758789062 149.77294921875 148.528701782227 145.503173828125 142.803955078125 140.085693359375 137.305160522461 133.354370117188 131.197448730469 129.079544067383 127.973152160645 126.348350524902 124.126327514648 122.000946044922 119.256385803223
202.26481628418 204.129653930664 206.219223022461 206.961242675781 207.535278320312 206.957809448242 205.401977539062 201.848449707031 199.513687133789 197.780258178711 197.027114868164 196.440979003906 195.776321411133 195.388031005859 195.969451904297 194.652801513672 192.132049560547 190.517822265625 184.413665771484 181.892623901367 179.474517822266 177.063232421875 175.598510742188 176.321838378906 178.136627197266 174.375961303711 170.470230102539 168.826599121094 167.88801574707 166.495956420898 159.232681274414 157.567749023438 156.918243408203 154.478210449219 151.970336914062 150.312637329102 148.886749267578 146.298553466797 142.498321533203 139.775756835938 137.616516113281 132.74787902832 131.017471313477 128.516387939453 126.8515625 125.321548461914 123.612823486328 121.358215332031 118.702880859375
202.164901733398 203.872421264648 204.949691772461 205.587829589844 206.375762939453 206.648803710938 204.825332641602 202.053512573242 199.797607421875 197.27799987793 196.169006347656 196.487945556641 196.428573608398 195.933776855469 195.63493347168 193.345901489258 190.718887329102 188.983139038086 183.584030151367 181.281936645508 179.229431152344 177.707290649414 176.950668334961 181.499542236328 180.845443725586 174.480911254883 170.852432250977 168.366546630859 167.224731445312 165.611557006836 158.996887207031 156.887191772461 156.052536010742 154.694702148438 153.21452331543 153.140884399414 152.689559936523 146.540390014648 143.458419799805 139.449600219727 137.188613891602 131.943023681641 130.096542358398 128.00927734375 125.314796447754 124.312217712402 123.277656555176 120.489044189453 117.967170715332
201.391220092773 202.804977416992 203.907836914062 204.077102661133 204.434051513672 205.101745605469 203.35693359375 200.504180908203 199.535293579102 197.062026977539 195.954025268555 196.397003173828 196.425216674805 195.442779541016 195.236099243164 194.059661865234 192.040939331055 188.045455932617 183.018997192383 182.195129394531 180.099548339844 177.053237915039 -3.4e+38 182.867599487305 178.364273071289 173.465576171875 170.302154541016 166.97981262207 166.175689697266 164.819412231445 158.646728515625 155.957153320312 155.096466064453 154.894622802734 155.830001831055 157.748992919922 158.184341430664 149.10319519043 143.311080932617 139.179611206055 136.569488525391 131.589385986328 129.401931762695 127.889289855957 124.88582611084 123.135284423828 122.000343322754 119.277359008789 116.897819519043
199.972244262695 201.402145385742 202.380783081055 202.525817871094 202.780624389648 202.345321655273 200.792587280273 198.382843017578 197.812866210938 196.214904785156 194.818084716797 194.744003295898 196.597396850586 195.556732177734 193.713226318359 193.496734619141 192.289016723633 187.809555053711 186.594512939453 182.836654663086 179.756759643555 176.76953125 177.309417724609 178.202545166016 175.465896606445 172.583312988281 169.872650146484 167.079650878906 165.19841003418 164.48747253418 158.341537475586 154.996627807617 154.748733520508 157.062469482422 157.464721679688 160.874099731445 159.13493347168 147.150100708008 141.900268554688 139.05451965332 136.431991577148 132.014266967773 129.081207275391 127.564994812012 125.349494934082 122.446937561035 121.091621398926 118.737312316895 116.998016357422
198.504653930664 199.580581665039 200.036987304688 200.047439575195 200.868759155273 200.175018310547 199.495330810547 196.610656738281 195.888168334961 195.311889648438 194.104034423828 193.460418701172 197.024322509766 195.383636474609 191.508560180664 191.821807861328 192.314270019531 189.779647827148 188.814453125 181.35417175293 178.698303222656 177.132629394531 176.645431518555 175.503814697266 174.318542480469 172.145111083984 169.35612487793 166.584396362305 163.684921264648 163.560089111328 158.524551391602 155.402496337891 153.413330078125 154.931625366211 156.023986816406 158.941711425781 152.585510253906 143.813766479492 140.517242431641 138.102981567383 136.267425537109 131.776275634766 128.687072753906 126.525115966797 124.633499145508 121.999801635742 120.145248413086 118.581504821777 116.639389038086
196.811309814453 197.787124633789 198.057586669922 197.881713867188 198.59716796875 198.60107421875 198.226486206055 194.685928344727 194.566482543945 193.776901245117 192.593002319336 192.195053100586 195.754409790039 193.960678100586 191.514251708984 193.090942382812 192.698867797852 190.625839233398 188.139343261719 181.425048828125 178.77587890625 177.074783325195 176.386047363281 176.781433105469 177.397430419922 175.158309936523 169.008514404297 166.089645385742 163.264953613281 162.298431396484 159.948348999023 157.596038818359 152.096069335938 152.461578369141 155.183868408203 151.969299316406 146.530456542969 142.32373046875 139.489028930664 137.25048828125 135.087066650391 130.768142700195 127.969902038574 125.940620422363 124.023971557617 121.878303527832 119.456382751465 118.201797485352 115.895790100098
194.822937011719 195.768096923828 195.871551513672 196.34147644043 196.74870300293 196.249389648438 195.166915893555 193.081939697266 193.204162597656 192.554733276367 191.094146728516 190.024520874023 192.2890625 193.661209106445 193.076995849609 194.014617919922 192.751602172852 190.661865234375 184.790802001953 180.938613891602 178.294296264648 176.692321777344 176.380218505859 176.641845703125 177.437652587891 174.801300048828 168.817337036133 166.159820556641 163.292114257812 161.606719970703 160.911865234375 159.392852783203 152.596588134766 -3.4e+38 -3.4e+38 -3.4e+38 144.251068115234 141.431716918945 138.841552734375 136.73551940918 134.727325439453 130.351852416992 127.704978942871 125.817176818848 123.764671325684 121.411178588867 119.010467529297 117.157493591309 115.669204711914
193.465209960938 194.219680786133 193.932403564453 194.443954467773 194.739440917969 194.414443969727 192.771133422852 191.99153137207 191.297592163086 191.422637939453 190.588165283203 188.686080932617 188.378326416016 191.295318603516 193.838241577148 193.338745117188 192.545150756836 190.761627197266 180.969375610352 178.663513183594 176.978073120117 175.946228027344 177.26171875 179.418869018555 175.069305419922 171.365112304688 169.324661254883 167.796463012695 163.122497558594 -3.4e+38 166.656616210938 163.070999145508 153.046310424805 -3.4e+38 -3.4e+38 145.461151123047 143.164840698242 140.462432861328 138.549880981445 136.381164550781 135.262771606445 130.735885620117 128.399566650391 126.437423706055 123.171493530273 121.026985168457 118.89054107666 116.46492767334 115.308464050293
