rcp8.5models/CNRM-CM5/sc1gr7.20
NCOLS 261 
NROWS 433 
XLLCORNER 336357.134 
YLLCORNER 654653.479 
CELLSIZE 1000 
NODATA_value -3.4e+38 
[rows 0 to 21 of 433, columns 49 to 97 of 261]
-3.4e+38 -3.4e+38 -3.4e+38 -3.4e+38 -3.4e+38 -3.4e+38 -3.4e+38 -3.4e+38 -3.4e+38 -3.4e+38 -3.4e+38 -3.4e+38 -3.4e+38 -3.4e+38 -3.4e+38 -3.4e+38 -3.4e+38 -3.4e+38 -3.4e+38 -3.4e+38 -3.4e+38 -3.4e+38 -3.4e+38 -3.4e+38 -3.4e+38 -3.4e+38 -3.4e+38 -3.4e+38 -3.4e+38 -3.4e+38 -3.4e+38 -3.4e+38 -3.4e+38 -3.4e+38 -3.4e+38 -3.4e+38 -3.4e+38 -3.4e+38 -3.4e+38 -3.4e+38 -3.4e+38 -3.4e+38 -3.4e+38 -3.4e+38 -3.4e+38 -3.4e+38 -3.4e+38 -3.4e+38 -3.4e+38
-3.4e+38 -3.4e+38 -3.4e+38 -3.4e+38 -3.4e+38 -3.4e+38 -3.4e+38 -3.4e+38 -3.4e+38 -3.4e+38 -3.4e+38 -3.4e+38 -3.4e+38 -3.4e+38 -3.4e+38 -3.4e+38 -3.4e+38 -3.4e+38 -3.4e+38 -3.4e+38 -3.4e+38 128.295440673828 128.558090209961 128.529983520508 128.565093994141 128.871963500977 129.102844238281 129.320999145508 129.56184387207 129.898895263672 130.180297851562 130.330337524414 -3.4e+38 -3.4e+38 -3.4e+38 -3.4e+38 -3.4e+38 -3.4e+38 -3.4e+38 -3.4e+38 -3.4e+38 -3.4e+38 -3.4e+38 -3.4e+38 -3.4e+38 -3.4e+38 -3.4e+38 -3.4e+38 -3.4e+38
-3.4e+38 -3.4e+38 -3.4e+38 -3.4e+38 -3.4e+38 -3.4e+38 -3.4e+38 -3.4e+38 -3.4e+38 -3.4e+38 -3.4e+38 -3.4e+38 -3.4e+38 -3.4e+38 -3.4e+38 -3.4e+38 -3.4e+38 -3.4e+38 -3.4e+38 -3.4e+38 127.705947875977 128.018646240234 128.223724365234 128.32096862793 128.404846191406 128.648590087891 128.843124389648 129.07048034668 129.423034667969 129.575775146484 129.886825561523 130.234786987305 130.392379760742 -3.4e+38 -3.4e+38 -3.4e+38 -3.4e+38 -3.4e+38 -3.4e+38 -3.4e+38 -3.4e+38 -3.4e+38 -3.4e+38 -3.4e+38 -3.4e+38 -3.4e+38 -3.4e+38 -3.4e+38 -3.4e+38
-3.4e+38 -3.4e+38 -3.4e+38 122.907409667969 123.213798522949 123.54345703125 123.80118560791 124.977005004883 125.367073059082 125.740203857422 125.918510437012 -3.4e+38 -3.4e+38 126.845970153809 126.67830657959 126.659217834473 127.022720336914 127.148513793945 127.565803527832 127.523139953613 127.607543945312 127.816444396973 127.941116333008 127.993011474609 128.219177246094 128.480499267578 128.588638305664 128.885833740234 129.140808105469 129.519195556641 129.63899230957 129.91178894043 130.140609741211 -3.4e+38 -3.4e+38 -3.4e+38 -3.4e+38 -3.4e+38 -3.4e+38 -3.4e+38 -3.4e+38 -3.4e+38 -3.4e+38 -3.4e+38 -3.4e+38 -3.4e+38 -3.4e+38 -3.4e+38 -3.4e+38
121.793510437012 121.823379516602 122.03897857666 122.63818359375 123.135719299316 123.496963500977 123.787887573242 124.490623474121 124.983139038086 125.367362976074 125.557273864746 125.817863464355 126.144142150879 126.464485168457 126.454498291016 126.522827148438 126.730880737305 126.923614501953 127.26496887207 127.3759765625 127.454040527344 127.601837158203 127.765045166016 127.827728271484 128.033569335938 128.251663208008 128.450805664062 128.619293212891 128.77116394043 129.147476196289 129.426727294922 129.701538085938 129.807723999023 129.879135131836 -3.4e+38 -3.4e+38 -3.4e+38 -3.4e+38 -3.4e+38 -3.4e+38 -3.4e+38 -3.4e+38 -3.4e+38 -3.4e+38 -3.4e+38 -3.4e+38 -3.4e+38 -3.4e+38 -3.4e+38
121.510551452637 121.910232543945 122.262649536133 122.708984375 122.958969116211 123.300498962402 123.543167114258 124.306091308594 124.708450317383 125.075080871582 125.427085876465 125.670181274414 125.930587768555 125.934928894043 126.057952880859 126.153358459473 126.324928283691 126.742797851562 127.016410827637 -3.4e+38 127.297454833984 -3.4e+38 127.61018371582 127.616157531738 127.793388366699 128.105926513672 128.186218261719 128.352569580078 128.488967895508 128.816757202148 129.016937255859 129.358978271484 129.6728515625 129.603149414062 -3.4e+38 -3.4e+38 -3.4e+38 -3.4e+38 -3.4e+38 -3.4e+38 -3.4e+38 -3.4e+38 -3.4e+38 -3.4e+38 -3.4e+38 -3.4e+38 -3.4e+38 -3.4e+38 -3.4e+38
121.448715209961 121.755577087402 122.046409606934 122.390777587891 122.874870300293 123.293975830078 123.536552429199 124.087669372559 124.471580505371 124.81526184082 125.112434387207 125.344009399414 125.583282470703 125.697357177734 125.909729003906 125.983177185059 126.005676269531 126.215286254883 127.009063720703 -3.4e+38 -3.4e+38 -3.4e+38 -3.4e+38 127.595970153809 -3.4e+38 127.831939697266 128.093734741211 127.904357910156 128.085021972656 128.546127319336 128.581848144531 128.850799560547 129.254913330078 129.268844604492 129.416488647461 -3.4e+38 -3.4e+38 -3.4e+38 -3.4e+38 -3.4e+38 -3.4e+38 -3.4e+38 -3.4e+38 -3.4e+38 -3.4e+38 -3.4e+38 -3.4e+38 -3.4e+38 -3.4e+38
121.176818847656 121.511260986328 121.878448486328 122.157485961914 122.642135620117 123.04906463623 123.219856262207 123.84935760498 124.04280090332 124.483489990234 124.819953918457 125.088829040527 125.276885986328 125.484733581543 125.57820892334 125.75244140625 125.872436523438 125.98983001709 126.590301513672 -3.4e+38 -3.4e+38 -3.4e+38 -3.4e+38 -3.4e+38 -3.4e+38 127.429466247559 127.695915222168 127.622665405273 127.882270812988 -3.4e+38 128.341064453125 128.431228637695 128.787979125977 129.046493530273 129.225036621094 -3.4e+38 -3.4e+38 -3.4e+38 -3.4e+38 -3.4e+38 -3.4e+38 -3.4e+38 -3.4e+38 -3.4e+38 -3.4e+38 -3.4e+38 -3.4e+38 -3.4e+38 -3.4e+38
121.1669921875 121.446929931641 121.744575500488 122.064498901367 122.468528747559 122.845321655273 123.16145324707 123.645980834961 123.856727600098 124.316864013672 124.652267456055 124.916954040527 125.126914978027 125.211883544922 125.360382080078 125.535835266113 125.624244689941 125.812873840332 -3.4e+38 126.462715148926 126.618186950684 126.736618041992 126.888206481934 126.896202087402 127.140739440918 -3.4e+38 127.246368408203 127.380813598633 127.595176696777 -3.4e+38 -3.4e+38 128.251861572266 128.424545288086 128.716384887695 128.958023071289 129.207427978516 -3.4e+38 -3.4e+38 -3.4e+38 -3.4e+38 -3.4e+38 -3.4e+38 -3.4e+38 -3.4e+38 -3.4e+38 -3.4e+38 -3.4e+38 -3.4e+38 -3.4e+38
120.830108642578 121.275543212891 121.493858337402 121.793724060059 122.011245727539 122.555854797363 123.008979797363 123.513023376465 123.620635986328 124.011535644531 124.393119812012 124.562652587891 124.760200500488 125.031837463379 125.23217010498 125.354049682617 125.466819763184 125.462684631348 -3.4e+38 126.028450012207 126.237747192383 -3.4e+38 -3.4e+38 126.505783081055 126.597045898438 -3.4e+38 -3.4e+38 127.159271240234 127.254058837891 -3.4e+38 127.930282592773 127.944511413574 128.204833984375 128.40771484375 128.698532104492 128.968994140625 128.963760375977 -3.4e+38 -3.4e+38 -3.4e+38 -3.4e+38 -3.4e+38 -3.4e+38 -3.4e+38 -3.4e+38 -3.4e+38 -3.4e+38 -3.4e+38 -3.4e+38
120.47331237793 120.73282623291 121.153259277344 121.321281433105 121.560760498047 122.148780822754 122.440467834473 123.108787536621 123.119606018066 123.48503112793 123.785202026367 124.013900756836 124.315483093262 124.39949798584 124.485359191895 124.651039123535 124.799682617188 124.934623718262 -3.4e+38 125.294563293457 125.516746520996 125.724662780762 -3.4e+38 125.892997741699 126.073143005371 126.247901916504 126.403907775879 126.670722961426 126.75048828125 126.935440063477 127.223243713379 -3.4e+38 -3.4e+38 127.509094238281 127.773193359375 127.990425109863 128.211990356445 128.618453979492 -3.4e+38 -3.4e+38 -3.4e+38 -3.4e+38 -3.4e+38 -3.4e+38 -3.4e+38 -3.4e+38 -3.4e+38 -3.4e+38 -3.4e+38
120.271774291992 120.701217651367 121.114692687988 121.382057189941 121.49787902832 121.928527832031 122.19654083252 122.760330200195 122.860946655273 123.228378295898 123.562644958496 123.866096496582 123.91674041748 124.038200378418 124.217864990234 124.38306427002 124.590171813965 124.669540405273 124.936218261719 125.132179260254 125.203575134277 -3.4e+38 -3.4e+38 -3.4e+38 125.781089782715 -3.4e+38 126.121528625488 126.345146179199 126.569732666016 126.473304748535 126.693237304688 126.922760009766 -3.4e+38 127.142578125 127.397003173828 127.650688171387 127.821769714355 128.12272644043 -3.4e+38 -3.4e+38 -3.4e+38 -3.4e+38 -3.4e+38 -3.4e+38 -3.4e+38 -3.4e+38 -3.4e+38 -3.4e+38 -3.4e+38
120.2685546875 120.478813171387 120.98543548584 121.17756652832 121.307426452637 121.757942199707 122.059577941895 122.525688171387 122.669471740723 122.756011962891 123.028778076172 123.316848754883 123.484443664551 123.807792663574 124.093902587891 124.226829528809 124.34253692627 124.450828552246 124.606666564941 124.714889526367 -3.4e+38 -3.4e+38 -3.4e+38 125.161003112793 125.307235717773 -3.4e+38 -3.4e+38 126.017227172852 -3.4e+38 126.105735778809 126.27645111084 126.532485961914 -3.4e+38 -3.4e+38 -3.4e+38 127.315147399902 127.513870239258 127.789031982422 127.995712280273 -3.4e+38 -3.4e+38 -3.4e+38 -3.4e+38 -3.4e+38 -3.4e+38 -3.4e+38 -3.4e+38 -3.4e+38 -3.4e+38
120.187911987305 120.393051147461 120.68546295166 121.003707885742 121.15892791748 121.664047241211 121.918296813965 122.30818939209 122.506614685059 122.587226867676 122.868537902832 122.990020751953 123.170761108398 123.448120117188 123.657073974609 123.849533081055 -3.4e+38 124.152366638184 124.404029846191 -3.4e+38 -3.4e+38 124.664497375488 -3.4e+38 -3.4e+38 -3.4e+38 125.075996398926 125.218780517578 125.424545288086 125.615608215332 125.75463104248 125.89185333252 126.160163879395 -3.4e+38 -3.4e+38 -3.4e+38 -3.4e+38 127.256324768066 127.43815612793 127.560691833496 127.956420898438 -3.4e+38 -3.4e+38 -3.4e+38 -3.4e+38 -3.4e+38 -3.4e+38 -3.4e+38 -3.4e+38 -3.4e+38
119.992797851562 120.322074890137 120.682350158691 121.001289367676 121.14722442627 121.65266418457 121.793670654297 121.926986694336 122.105293273926 122.231475830078 122.69327545166 122.923698425293 123.184288024902 123.222320556641 123.378631591797 -3.4e+38 -3.4e+38 -3.4e+38 124.024291992188 -3.4e+38 124.416046142578 124.332893371582 124.513145446777 124.545768737793 124.678634643555 124.666427612305 124.711502075195 124.906379699707 125.160415649414 125.395477294922 125.643753051758 125.800743103027 126.051002502441 -3.4e+38 -3.4e+38 -3.4e+38 -3.4e+38 127.115226745605 127.234802246094 127.431434631348 127.616485595703 -3.4e+38 -3.4e+38 -3.4e+38 -3.4e+38 -3.4e+38 -3.4e+38 -3.4e+38 -3.4e+38
-3.4e+38 120.337936401367 120.613754272461 120.992904663086 121.165008544922 121.396408081055 121.572242736816 121.732940673828 121.928359985352 122.040512084961 122.383102416992 122.595741271973 122.907035827637 123.137428283691 -3.4e+38 -3.4e+38 123.477111816406 -3.4e+38 -3.4e+38 123.963417053223 124.042175292969 124.114990234375 124.153587341309 124.246002197266 124.417915344238 124.373603820801 124.382553100586 124.554756164551 124.775260925293 125.050567626953 125.348709106445 125.360084533691 125.766128540039 125.980651855469 126.323974609375 -3.4e+38 -3.4e+38 -3.4e+38 126.857986450195 126.932098388672 127.184074401855 -3.4e+38 -3.4e+38 -3.4e+38 -3.4e+38 -3.4e+38 -3.4e+38 -3.4e+38 -3.4e+38
-3.4e+38 -3.4e+38 -3.4e+38 -3.4e+38 -3.4e+38 121.159934997559 121.256378173828 121.514678955078 121.766166687012 121.996643066406 122.109764099121 122.419799804688 122.668388366699 -3.4e+38 -3.4e+38 122.965476989746 123.111267089844 123.347663879395 123.657157897949 123.644683837891 123.779800415039 123.791893005371 123.756172180176 124.043251037598 124.258277893066 124.118598937988 124.08130645752 124.302864074707 124.438041687012 124.772621154785 125.073341369629 125.240692138672 125.311813354492 125.262878417969 125.743362426758 126.037414550781 -3.4e+38 -3.4e+38 -3.4e+38 126.588813781738 126.844429016113 -3.4e+38 -3.4e+38 -3.4e+38 -3.4e+38 -3.4e+38 -3.4e+38 -3.4e+38 -3.4e+38
-3.4e+38 -3.4e+38 -3.4e+38 -3.4e+38 -3.4e+38 121.129463195801 121.201919555664 121.403541564941 121.645309448242 121.838043212891 122.019844055176 122.267532348633 -3.4e+38 -3.4e+38 -3.4e+38 122.841384887695 122.883094787598 -3.4e+38 123.416236877441 123.279151916504 123.353607177734 123.446144104004 123.543594360352 123.659034729004 123.88060760498 123.906265258789 124.004043579102 123.970123291016 124.013069152832 124.535430908203 124.667289733887 124.731056213379 124.90119934082 124.730911254883 125.083137512207 125.401420593262 125.615524291992 -3.4e+38 -3.4e+38 -3.4e+38 126.48560333252 127.018898010254 -3.4e+38 -3.4e+38 -3.4e+38 -3.4e+38 -3.4e+38 -3.4e+38 -3.4e+38
-3.4e+38 -3.4e+38 -3.4e+38 -3.4e+38 -3.4e+38 120.97900390625 121.038795471191 121.183967590332 121.427947998047 121.637435913086 121.842681884766 121.983810424805 -3.4e+38 122.510383605957 -3.4e+38 122.730529785156 122.885696411133 122.83699798584 123.087303161621 123.073890686035 123.041107177734 123.146873474121 123.372367858887 123.432693481445 123.550498962402 123.700736999512 123.793037414551 123.946166992188 123.958770751953 124.052062988281 124.164123535156 124.246574401855 124.56282043457 124.493858337402 124.70059967041 124.853500366211 125.164947509766 -3.4e+38 -3.4e+38 -3.4e+38 -3.4e+38 126.768363952637 126.65714263916 126.729049682617 -3.4e+38 -3.4e+38 -3.4e+38 -3.4e+38 -3.4e+38
-3.4e+38 -3.4e+38 -3.4e+38 -3.4e+38 -3.4e+38 -3.4e+38 121.03441619873 120.96167755127 121.155914306641 121.406639099121 121.616897583008 121.751640319824 -3.4e+38 122.152328491211 122.382377624512 -3.4e+38 122.624954223633 122.682929992676 -3.4e+38 122.91349029541 122.997047424316 122.9365234375 123.121627807617 123.183990478516 123.35831451416 123.453025817871 123.558280944824 123.72135925293 123.674613952637 123.792793273926 123.915809631348 124.004150390625 124.225326538086 124.374252319336 124.549362182617 124.572456359863 124.782608032227 125.04190826416 -3.4e+38 -3.4e+38 -3.4e+38 -3.4e+38 126.13631439209 126.403442382812 126.639022827148 -3.4e+38 -3.4e+38 -3.4e+38 -3.4e+38
-3.4e+38 -3.4e+38 -3.4e+38 -3.4e+38 -3.4e+38 -3.4e+38 -3.4e+38 121.020027160645 121.039726257324 121.138450622559 121.327163696289 121.615524291992 121.814384460449 -3.4e+38 121.759742736816 122.098068237305 122.193504333496 122.457679748535 122.625778198242 122.765098571777 122.905151367188 122.890205383301 122.909034729004 -3.4e+38 -3.4e+38 123.116416931152 123.114631652832 123.221778869629 123.417419433594 123.541725158691 123.745613098145 123.82625579834 123.892799377441 124.093681335449 124.388999938965 124.292320251465 124.400375366211 124.612991333008 124.734573364258 124.979904174805 -3.4e+38 -3.4e+38 -3.4e+38 125.789939880371 126.044273376465 126.478286743164 -3.4e+38 -3.4e+38 -3.4e+38
-3.4e+38 -3.4e+38 -3.4e+38 -3.4e+38 -3.4e+38 -3.4e+38 -3.4e+38 -3.4e+38 -3.4e+38 -3.4e+38 -3.4e+38 -3.4e+38 121.423568725586 121.514236450195 -3.4e+38 -3.4e+38 121.699394226074 121.747756958008 122.244682312012 122.191795349121 122.32152557373 122.45524597168 -3.4e+38 122.683197021484 -3.4e+38 -3.4e+38 -3.4e+38 122.736808776855 122.788475036621 123.033164978027 123.020652770996 123.243804931641 123.382804870605 123.379829406738 123.534530639648 123.612335205078 123.570457458496 123.769416809082 123.895835876465 124.036575317383 124.218452453613 -3.4e+38 -3.4e+38 -3.4e+38 125.288391113281 125.370933532715 125.733757019043 -3.4e+38 -3.4e+38
