rcp8.5models/CNRM-CM5/sc1gr0.13
NCOLS 261 
NROWS 433 
XLLCORNER 336357.134 
YLLCORNER 654653.479 
CELLSIZE 1000 
NODATA_value -3.4e+38 
[rows 176 to 197 of 433, columns 147 to 195 of 261]
72.5115432739258 72.2412567138672 71.9615707397461 71.7844085693359 71.5012893676758 71.3045501708984 71.173713684082 70.8110504150391 70.3533325195312 69.8942031860352 69.6411361694336 69.2153015136719 68.9167022705078 68.7617492675781 68.4741439819336 68.2767486572266 67.9781951904297 67.6490859985352 67.4031143188477 67.0578079223633 66.8560638427734 66.7357711791992 66.1152572631836 65.8772125244141 65.6585845947266 65.3744506835938 65.0553741455078 64.8156051635742 64.4790878295898 64.2846755981445 64.0870361328125 63.9807472229004 63.8170509338379 63.1457977294922 62.9246597290039 62.8165397644043 62.619327545166 62.4591064453125 62.2890968322754 62.1244888305664 61.93359375 61.7461090087891 61.4615821838379 61.213134765625 61.0988349914551 60.6533279418945 60.4437065124512 -3.4e+38 60.238883972168
72.5215072631836 72.2585296630859 71.9038696289062 71.7313079833984 71.3900680541992 71.2116012573242 71.0625381469727 71.0006942749023 70.612663269043 70.0043258666992 69.7977905273438 69.4292984008789 69.1344985961914 68.9345169067383 68.4420318603516 68.3762512207031 68.0803070068359 67.6906433105469 67.5430068969727 67.2995376586914 66.9740600585938 66.7668838500977 66.1943206787109 66.1135864257812 65.8087615966797 65.3822784423828 65.0777130126953 64.8550567626953 64.5919036865234 64.3634338378906 64.1455764770508 64.0432281494141 63.8490905761719 63.3995399475098 63.1101608276367 62.9419631958008 62.6744232177734 62.4374198913574 62.309024810791 62.2446365356445 62.0895500183105 61.8195610046387 61.5624542236328 61.3172149658203 61.1600227355957 60.8191413879395 60.6866760253906 60.500904083252 60.3504753112793
72.6403732299805 72.3367156982422 72.090446472168 71.7456436157227 71.3601531982422 71.1906967163086 -3.4e+38 70.9906463623047 70.5878524780273 70.0879364013672 69.9363098144531 69.4820327758789 69.2933502197266 69.0078887939453 68.5933837890625 68.4014663696289 68.0221252441406 67.7988662719727 67.564453125 67.2765731811523 66.9772033691406 66.6271209716797 66.1085891723633 65.9894790649414 65.7224502563477 65.438606262207 65.272102355957 65.0165863037109 64.7379379272461 64.5194549560547 64.2951583862305 64.0627136230469 63.8357353210449 63.5171432495117 63.2719192504883 63.0106735229492 62.7761268615723 62.5181007385254 62.4176292419434 62.3446464538574 62.2102012634277 61.9266738891602 61.7487373352051 61.4538192749023 61.1771926879883 60.9419326782227 -3.4e+38 60.7232818603516 60.487247467041
72.8314743041992 72.5058212280273 72.3993682861328 71.9826431274414 71.4604110717773 71.2852249145508 71.0559234619141 70.7761840820312 70.4374389648438 70.263557434082 70.1875610351562 69.4626388549805 69.322135925293 69.0613632202148 68.6500701904297 68.3777236938477 68.0335464477539 67.8607025146484 67.4981231689453 67.1677322387695 67.05322265625 66.7996063232422 66.1056442260742 65.8500061035156 65.8036880493164 65.6739349365234 65.4144058227539 65.1671981811523 64.8911361694336 64.7119293212891 64.5489807128906 64.2282257080078 63.9523849487305 63.6443328857422 63.3528594970703 63.1132888793945 63.0324249267578 62.7545204162598 62.521900177002 62.3550109863281 62.2245826721191 62.0437202453613 61.8986778259277 61.5987548828125 61.3608322143555 61.0581092834473 60.9188041687012 60.811695098877 60.6069107055664
72.8648147583008 72.6293792724609 72.4284591674805 72.077262878418 71.548942565918 71.2819290161133 71.0542831420898 70.7618865966797 70.586669921875 70.4101409912109 70.231689453125 69.615119934082 69.3685073852539 69.0939331054688 68.6159515380859 68.4711837768555 68.2261199951172 67.8521575927734 67.5528335571289 67.306282043457 67.1856307983398 67.0475692749023 66.2556228637695 65.9687881469727 65.9943466186523 65.7924118041992 65.4322738647461 65.2842712402344 65.0958557128906 64.9163970947266 64.7556457519531 64.4812240600586 64.2213439941406 63.7142295837402 63.4481430053711 63.3075141906738 63.1934013366699 62.9159774780273 62.6280097961426 62.4239730834961 62.2801399230957 62.1472358703613 62.0420722961426 61.7522239685059 61.5048866271973 61.168529510498 61.0228576660156 60.8979797363281 60.6981315612793
72.8041687011719 72.601432800293 72.5161209106445 72.1076354980469 71.7081909179688 71.3814926147461 71.0654296875 70.7511749267578 70.6107559204102 70.3961563110352 70.1150436401367 69.748649597168 69.3503341674805 69.089599609375 68.7854766845703 68.5028686523438 68.2181549072266 67.9596939086914 67.6932525634766 67.347526550293 67.1084060668945 67.0442504882812 66.3721237182617 66.1997451782227 66.1227493286133 65.8969268798828 65.4500961303711 65.3827514648438 65.2566146850586 65.0440902709961 64.8220520019531 64.644660949707 64.3778762817383 63.7418746948242 63.6120147705078 63.5526275634766 63.3126525878906 63.0321846008301 62.7385139465332 62.5841445922852 62.5158767700195 62.2890510559082 62.1104507446289 61.8821296691895 61.6219329833984 61.376895904541 61.1186408996582 60.9764938354492 60.8322410583496
72.8721466064453 72.6837463378906 72.7542266845703 72.1165313720703 71.8577346801758 71.5809326171875 71.1016387939453 70.7955627441406 70.5710067749023 70.2925415039062 70.2446136474609 69.7919692993164 69.3490905761719 69.0026016235352 68.8667831420898 68.5156860351562 68.1663131713867 68.0212631225586 67.7298583984375 67.422737121582 67.2804412841797 67.0535736083984 66.4698486328125 -3.4e+38 66.234619140625 65.9782791137695 65.6495208740234 65.5154876708984 65.345100402832 65.1367263793945 64.8729019165039 64.7309799194336 64.4992141723633 63.9794273376465 63.7950286865234 63.6384048461914 63.3177947998047 63.1490325927734 62.9171524047852 62.6772956848145 62.5953826904297 62.3772239685059 62.1501197814941 62.0095252990723 61.8057975769043 61.5079956054688 61.3403472900391 61.0762405395508 60.9427146911621
72.8278884887695 72.7864685058594 -3.4e+38 72.1810073852539 71.8864517211914 71.6578750610352 71.1390151977539 70.856315612793 70.5860824584961 -3.4e+38 70.3448104858398 69.8046340942383 69.4648818969727 69.1109085083008 68.8158493041992 68.6306228637695 68.266227722168 68.0736999511719 67.8118667602539 67.6615905761719 67.4223098754883 67.0345611572266 66.7699432373047 66.5568313598633 66.3332366943359 65.9975738525391 65.8157119750977 65.6245346069336 65.5521774291992 65.3386001586914 64.9695053100586 64.6839981079102 64.5772933959961 64.1324691772461 63.9300384521484 63.6585464477539 63.3351669311523 63.2216567993164 63.0789184570312 62.8266716003418 62.643138885498 62.4769630432129 62.3121070861816 62.0797080993652 61.9206161499023 61.6258964538574 61.4926147460938 61.2600936889648 61.0580520629883
72.5226440429688 72.5409317016602 72.7699508666992 72.3123016357422 71.9341354370117 71.5829620361328 71.1412811279297 -3.4e+38 -3.4e+38 70.4374694824219 70.2752838134766 69.8238067626953 69.5118560791016 69.3276901245117 69.0491333007812 68.7420349121094 68.4273910522461 68.1555480957031 67.949348449707 67.7942199707031 67.436882019043 67.1229629516602 67.0309295654297 66.7822265625 66.5099487304688 66.2122955322266 66.0307846069336 65.8521499633789 65.7233581542969 65.4109268188477 65.0542755126953 64.7646865844727 64.68798828125 64.2134857177734 63.9844627380371 63.7532234191895 63.5243797302246 63.3735847473145 63.230525970459 63.0040588378906 62.7973136901855 62.6329574584961 62.4438781738281 62.1861381530762 61.9932823181152 61.7411613464355 61.660400390625 61.5018043518066 61.2163772583008
72.6654357910156 72.508674621582 72.3336029052734 72.0610885620117 71.8230819702148 71.4948272705078 71.1054840087891 -3.4e+38 -3.4e+38 70.4939880371094 70.1675491333008 69.8605117797852 69.6041412353516 69.3847808837891 68.986572265625 68.8843231201172 68.7155380249023 68.4357147216797 68.2354736328125 67.9511032104492 67.7327575683594 67.4991836547852 67.220832824707 66.8534164428711 66.6336288452148 66.4946136474609 66.2650299072266 66.1239624023438 65.8325576782227 65.4356155395508 65.207275390625 65.0633087158203 64.8174819946289 64.4297485351562 64.1765441894531 63.9556427001953 63.7160606384277 63.5113258361816 63.3847846984863 63.2044944763184 63.010929107666 62.8266105651855 62.702220916748 62.5044784545898 62.2565727233887 62.0342254638672 61.8257064819336 61.5819206237793 61.4281349182129
72.7685623168945 72.5732345581055 72.3438262939453 72.0601501464844 71.8080444335938 71.5567626953125 71.1573104858398 -3.4e+38 -3.4e+38 70.6321640014648 70.2348480224609 69.9523544311523 69.7395401000977 69.3957595825195 69.1679229736328 68.9686965942383 68.7800827026367 68.4717788696289 68.3453063964844 68.0587463378906 67.7720947265625 67.533561706543 67.1341171264648 66.8706665039062 66.6933135986328 66.5524215698242 66.3417739868164 66.1585159301758 65.8767700195312 65.5151290893555 65.3501052856445 65.1703643798828 64.9312973022461 64.521858215332 64.2628021240234 64.069221496582 63.8351936340332 63.6304779052734 63.4877548217773 63.2614860534668 63.0680847167969 62.9442329406738 62.7851142883301 62.5574569702148 62.377498626709 62.1111640930176 61.9457244873047 61.7878761291504 61.6209983825684
72.72119140625 72.5895156860352 72.3829574584961 72.0214614868164 71.7335357666016 71.5911102294922 71.3103790283203 -3.4e+38 -3.4e+38 70.7334442138672 70.3145065307617 69.9652557373047 69.8005905151367 69.4900360107422 69.2775268554688 69.0560836791992 68.7819290161133 68.4148101806641 68.3716125488281 68.1812362670898 67.9277114868164 67.6640090942383 67.1032028198242 66.8423843383789 66.7510681152344 66.6113128662109 66.3010177612305 66.0909423828125 65.738395690918 65.4926223754883 65.3994674682617 65.150764465332 64.8761825561523 64.5843200683594 64.3221893310547 64.1852951049805 63.9620552062988 63.7383422851562 63.4770469665527 63.2163772583008 63.0879135131836 62.9910545349121 62.81103515625 62.6144561767578 62.4383239746094 62.1024589538574 61.9817428588867 61.8259887695312 61.6238174438477
72.8429794311523 72.5712738037109 -3.4e+38 71.9773254394531 71.7651443481445 71.5459213256836 71.3773956298828 -3.4e+38 -3.4e+38 70.7668075561523 70.3601455688477 69.9412460327148 69.6824188232422 69.5673370361328 69.3483352661133 69.1865234375 68.8338165283203 68.4438323974609 68.4057846069336 68.1777877807617 67.9492416381836 67.8522720336914 67.1956939697266 66.94287109375 66.8561172485352 66.7149200439453 66.4310607910156 66.1312103271484 65.8203048706055 65.6162338256836 65.4826889038086 65.2422485351562 65.0000076293945 64.716667175293 64.4732666015625 64.2989044189453 64.0781936645508 63.8256416320801 63.5246200561523 63.2635383605957 63.1209030151367 63.0349769592285 62.9011306762695 62.7374992370605 62.5440483093262 62.1256790161133 62.0261383056641 61.8560676574707 61.692756652832
73.0135116577148 72.7322616577148 72.4421081542969 72.0422668457031 71.8588562011719 71.5862350463867 71.3420486450195 -3.4e+38 -3.4e+38 70.8034973144531 70.5548095703125 69.9476470947266 69.6257858276367 69.4944000244141 69.3738784790039 69.2217178344727 68.7763442993164 68.4604415893555 68.4170303344727 68.2322387695312 67.9708099365234 67.8765563964844 67.2279586791992 67.0301895141602 66.8902969360352 66.691162109375 66.4696960449219 66.3507308959961 66.0543212890625 65.7827453613281 -3.4e+38 65.3727264404297 65.1948699951172 64.8449935913086 64.6494598388672 64.3852615356445 64.2079849243164 64.0039215087891 63.740478515625 63.5096588134766 63.299560546875 63.0845108032227 62.9880294799805 62.8451690673828 62.622386932373 62.2362747192383 62.1784515380859 61.9600524902344 61.7949409484863
73.1275177001953 72.8558654785156 72.4798278808594 72.1215667724609 71.9155960083008 71.6972427368164 71.4199905395508 71.1969528198242 70.9912338256836 70.8186340332031 70.590950012207 70.1125259399414 69.7461471557617 69.5234069824219 69.3622817993164 69.2299499511719 68.8178558349609 68.4619979858398 68.3628768920898 68.2360153198242 68.0457305908203 67.8225784301758 67.3031768798828 67.1576766967773 66.929931640625 66.6771774291992 66.4301147460938 66.4329376220703 66.1013031005859 65.8309631347656 65.6282958984375 65.4559020996094 65.3030624389648 64.8854598999023 64.7333145141602 -3.4e+38 64.3075866699219 64.1361083984375 63.8429145812988 63.6222076416016 63.4102058410645 63.1580352783203 63.0451698303223 62.8594665527344 62.6593437194824 62.5017471313477 62.4326095581055 62.1126327514648 61.8649978637695
73.3262329101562 73.0044631958008 72.5205154418945 72.2286529541016 71.9862670898438 71.7655487060547 71.5434112548828 71.4327850341797 71.1474380493164 70.8506164550781 70.6071090698242 70.2277526855469 69.8519973754883 69.6791839599609 69.4117584228516 69.2111282348633 68.8063888549805 68.4959869384766 68.386848449707 68.2497634887695 68.0522384643555 67.8013610839844 67.3427886962891 67.2279052734375 67.0121536254883 66.7479248046875 66.4856109619141 66.3400115966797 66.142448425293 65.9802474975586 65.796257019043 65.545654296875 65.3643798828125 64.8891296386719 64.7355728149414 64.6018524169922 64.4105453491211 64.2124252319336 63.9409027099609 63.753002166748 63.6222152709961 63.4747352600098 63.2239608764648 62.9618797302246 62.8739547729492 62.6637649536133 62.5015449523926 62.2286109924316 61.9920310974121
73.4210357666016 73.2500534057617 72.6744384765625 72.3029327392578 72.0736312866211 71.8075942993164 71.682014465332 71.661979675293 71.3014144897461 71.0151672363281 70.7446060180664 70.2598571777344 69.9861602783203 69.7897567749023 69.4355392456055 69.2967224121094 69.0333786010742 68.7198715209961 68.4714050292969 68.3321762084961 68.0664215087891 67.8029174804688 67.4223098754883 67.2549438476562 67.0718383789062 66.8082427978516 66.56005859375 66.3522796630859 66.1955184936523 66.0857772827148 65.8912811279297 65.629150390625 65.4514312744141 65.0134048461914 64.8489456176758 64.7041931152344 64.5379638671875 64.2829513549805 64.0353469848633 63.9145851135254 63.8151779174805 63.6867141723633 63.4757347106934 63.23681640625 63.0534439086914 62.6813774108887 62.5181884765625 62.3152275085449 62.1696891784668
73.6193008422852 73.1054306030273 72.7559280395508 72.3646850585938 72.172477722168 71.9098358154297 71.8217239379883 71.8020782470703 71.4868240356445 71.1885681152344 70.9215316772461 70.2835083007812 70.1518630981445 69.8916931152344 69.531867980957 69.4290924072266 69.2443389892578 68.9495239257812 68.5134353637695 68.3611145019531 68.1912384033203 67.897575378418 67.5326080322266 67.3372650146484 67.1295547485352 66.9261856079102 66.6601257324219 66.4225311279297 66.2603149414062 66.1025466918945 65.8914184570312 65.7216033935547 65.6115264892578 65.1941299438477 64.9819107055664 64.8203048706055 64.651741027832 64.4210739135742 64.1735382080078 63.9718971252441 63.8325996398926 63.6958160400391 63.5698890686035 63.3845748901367 63.0844078063965 62.7777061462402 62.6351890563965 62.4096450805664 62.261173248291
73.8057479858398 73.0981674194336 72.8382186889648 72.5854949951172 72.2405776977539 72.0306091308594 72.0689926147461 72.0327682495117 71.6520156860352 71.302848815918 71.0376052856445 70.4542694091797 70.1889495849609 69.9564361572266 69.7281112670898 69.5335311889648 69.3432922363281 69.0767822265625 68.6508712768555 68.4380798339844 68.278923034668 67.9902420043945 67.5748138427734 67.4121551513672 67.2044296264648 67.0373153686523 66.7895812988281 66.4530868530273 66.3270416259766 66.1051712036133 65.9912185668945 65.894416809082 65.7172698974609 65.3035202026367 65.0119171142578 64.8585891723633 64.7382354736328 64.5423965454102 64.2904205322266 64.0161056518555 63.8360977172852 63.7103424072266 63.5439834594727 63.4600944519043 63.3120765686035 62.9184341430664 62.7496795654297 62.5167388916016 62.3446044921875
73.7176055908203 73.2978439331055 72.9950714111328 72.6973190307617 72.356575012207 72.2353973388672 72.2512130737305 72.1470031738281 71.6419982910156 71.3669738769531 71.1898880004883 70.5805358886719 70.2541275024414 70.0487594604492 69.7595367431641 69.6278228759766 69.4613418579102 69.1588439941406 68.7985534667969 68.6263275146484 68.3757781982422 68.0974807739258 67.5917434692383 67.4821014404297 67.2744979858398 67.1250610351562 66.961784362793 66.649658203125 66.3450241088867 66.2163543701172 66.1577453613281 66.0132751464844 65.7513580322266 65.2698440551758 64.9696502685547 64.8827056884766 64.7956771850586 64.5729827880859 64.3877029418945 64.1977844238281 63.931583404541 63.7628364562988 63.7106475830078 63.7564163208008 63.500602722168 63.0294570922852 62.7909774780273 62.6150894165039 -3.4e+38
73.4864654541016 73.1264266967773 72.9369583129883 72.7035751342773 -3.4e+38 72.4158706665039 72.3802032470703 72.2336044311523 71.759407043457 71.6003646850586 71.2802124023438 70.5638427734375 70.3922348022461 70.1820831298828 69.8483505249023 69.6318969726562 69.5091094970703 69.2635803222656 69.0537414550781 68.8591690063477 68.6389770507812 68.4235305786133 67.9118347167969 67.7905960083008 67.5456619262695 67.2700805664062 67.0995635986328 66.8676834106445 66.7608337402344 66.5849304199219 66.3582763671875 66.1904373168945 65.9701385498047 65.5536499023438 65.3642272949219 65.0844955444336 64.9303131103516 64.8438034057617 64.6581039428711 64.5030670166016 -3.4e+38 64.1335525512695 64.0749664306641 63.9685859680176 63.6437835693359 63.0679893493652 62.901725769043 62.8546943664551 62.7510948181152
73.4927291870117 73.1584777832031 72.895263671875 -3.4e+38 -3.4e+38 -3.4e+38 72.3646850585938 72.0876083374023 71.7730178833008 71.5321960449219 71.168830871582 70.6254577636719 70.4658966064453 70.2505187988281 69.8890228271484 69.6310729980469 69.4774475097656 69.300407409668 69.1257019042969 68.9335479736328 68.7111053466797 68.4989013671875 68.1697463989258 67.9791793823242 67.6905136108398 67.4750061035156 67.1776580810547 67.0002517700195 66.8722991943359 66.7612457275391 66.4705429077148 66.2465591430664 66.0836944580078 65.6124725341797 65.4545593261719 -3.4e+38 65.0389251708984 64.9726333618164 -3.4e+38 64.6110229492188 64.551139831543 -3.4e+38 64.2077102661133 64.123161315918 63.7805938720703 63.1718635559082 63.0093193054199 62.8597526550293 62.7961616516113
