rcp8.5models/CNRM-CM5/sc1gr7.32
NCOLS 261 
NROWS 433 
XLLCORNER 336357.134 
YLLCORNER 654653.479 
CELLSIZE 1000 
NODATA_value -3.4e+38 
[rows 220 to 241 of 433, columns 98 to 146 of 261]
94.8067092895508 95.0654907226562 95.43115234375 96.240104675293 96.6248474121094 97.2035751342773 97.7547225952148 98.2916412353516 98.9087448120117 99.5377578735352 100.21785736084 100.800369262695 101.127853393555 101.575981140137 102.731307983398 103.222770690918 103.904716491699 104.805976867676 105.697372436523 106.221801757812 106.704208374023 107.289505004883 107.876487731934 108.439605712891 109.057266235352 109.73876953125 111.333450317383 111.879196166992 112.579696655273 113.961921691895 115.223030090332 115.334892272949 115.130470275879 115.591819763184 116.449974060059 117.615852355957 118.227882385254 119.254470825195 119.940605163574 120.86848449707 121.591247558594 121.702102661133 121.850166320801 123.346771240234 122.813896179199 120.775436401367 121.079978942871 121.078338623047 119.705825805664
94.3457489013672 94.6130447387695 94.9568328857422 95.8120040893555 96.1432342529297 96.6791152954102 97.1734085083008 97.749382019043 98.3690414428711 99.0443572998047 99.8043746948242 100.415588378906 100.662460327148 101.165489196777 102.339027404785 102.908683776855 103.637428283691 104.450790405273 105.414115905762 106.232299804688 106.453315734863 106.931671142578 107.621688842773 108.17463684082 108.774742126465 109.575927734375 111.014404296875 111.864959716797 112.563873291016 113.773834228516 114.515686035156 114.769218444824 114.976409912109 115.534187316895 116.263946533203 117.316787719727 118.492095947266 119.277496337891 120.014129638672 120.848823547363 121.291717529297 121.19841003418 121.183143615723 123.160911560059 122.575294494629 120.363265991211 120.483589172363 120.437973022461 119.788551330566
93.8017654418945 94.1002960205078 94.4449844360352 95.3160247802734 95.6950531005859 96.3170623779297 96.8128433227539 97.2627563476562 97.8359069824219 98.5005798339844 99.4256973266602 99.9009857177734 100.097770690918 100.623085021973 101.914009094238 102.537895202637 103.27840423584 104.187278747559 105.178825378418 105.920570373535 106.208465576172 106.723045349121 107.323822021484 107.876518249512 108.522918701172 109.418769836426 110.818099975586 111.645835876465 112.497039794922 113.478866577148 114.15071105957 114.506629943848 114.751831054688 115.390937805176 116.100746154785 116.956298828125 117.994209289551 119.215934753418 119.997627258301 120.692840576172 120.605415344238 119.747131347656 120.263481140137 121.989692687988 122.554801940918 120.757064819336 119.949821472168 119.985382080078 119.603706359863
93.1550827026367 93.4848403930664 93.8261108398438 94.7079010009766 95.2040328979492 95.8550338745117 96.365966796875 96.7615051269531 97.3304748535156 97.9990615844727 98.8788909912109 99.2222442626953 99.6064605712891 100.273994445801 101.573829650879 102.222747802734 103.053176879883 103.866348266602 104.817405700684 105.572036743164 106.187927246094 106.709251403809 107.078285217285 107.654594421387 108.291282653809 109.154327392578 110.478057861328 111.264228820801 112.517158508301 113.713623046875 114.059501647949 114.224761962891 114.568580627441 115.093734741211 115.858283996582 116.699272155762 117.761711120605 119.227638244629 119.569946289062 119.28825378418 119.225318908691 118.67643737793 119.636611938477 120.450744628906 121.765190124512 121.13264465332 119.339324951172 119.425796508789 119.299285888672
92.6608047485352 92.9535751342773 93.2436065673828 94.1763305664062 94.7594146728516 95.29296875 95.7235107421875 96.1437072753906 96.7753982543945 97.5002212524414 98.3419647216797 98.7003936767578 99.213981628418 99.9406967163086 101.225090026855 -3.4e+38 102.711181640625 103.426177978516 104.396781921387 -3.4e+38 106.17431640625 106.24292755127 106.730506896973 107.497535705566 108.221801757812 109.041198730469 110.324813842773 111.061660766602 112.112915039062 113.305450439453 113.67797088623 114.116584777832 114.87873840332 115.10863494873 115.952690124512 117.127815246582 117.964782714844 119.103065490723 118.937446594238 117.693878173828 118.036445617676 118.331275939941 119.000968933105 119.385597229004 119.892562866211 119.868072509766 118.863700866699 118.958641052246 119.294441223145
92.0721282958984 92.3748779296875 92.7301330566406 93.6771087646484 94.2884368896484 94.7628326416016 95.0739974975586 95.5046539306641 96.1409606933594 96.9584426879883 97.9307327270508 98.1493606567383 98.7104415893555 99.4587707519531 100.749397277832 -3.4e+38 102.056709289551 102.884162902832 103.878349304199 105.041717529297 105.546829223633 105.709754943848 106.392501831055 107.227104187012 108.149085998535 109.039756774902 110.248100280762 110.964820861816 111.476844787598 112.317184448242 113.098251342773 114.091873168945 115.096351623535 115.234924316406 115.954879760742 116.953071594238 117.818969726562 118.903991699219 118.56388092041 117.740913391113 118.909973144531 118.493957519531 118.620063781738 119.532752990723 118.490234375 118.678260803223 118.613647460938 118.678924560547 119.160514831543
91.45068359375 91.8228454589844 92.2038726806641 93.0108184814453 93.6000442504883 94.1155166625977 94.3724975585938 94.8912582397461 95.5892028808594 96.4529495239258 97.5467300415039 97.7548446655273 98.3388137817383 99.1137619018555 100.426727294922 101.010101318359 101.657638549805 102.48161315918 103.484718322754 104.138275146484 104.766067504883 -3.4e+38 106.077430725098 106.869140625 107.939392089844 109.021308898926 110.104919433594 110.755729675293 111.113265991211 111.965301513672 112.866806030273 113.935356140137 114.90412902832 115.25936126709 115.781295776367 116.412269592285 117.210334777832 117.638450622559 117.762336730957 118.464126586914 119.869178771973 118.963203430176 118.421821594238 118.882278442383 118.052253723145 118.415710449219 118.505767822266 118.504936218262 119.005577087402
90.9018630981445 91.2526397705078 91.575553894043 92.3707122802734 92.8316650390625 93.3315048217773 93.7278442382812 94.240837097168 94.9732055664062 95.7912216186523 96.8891220092773 97.3125686645508 97.9106750488281 98.7491760253906 100.073348999023 100.71346282959 101.463722229004 102.093856811523 103.067680358887 103.691215515137 104.39754486084 105.119064331055 105.847938537598 106.621063232422 107.519157409668 108.580581665039 109.894592285156 110.447486877441 110.868232727051 111.840393066406 112.865516662598 113.894500732422 114.344902038574 114.890937805176 115.557945251465 116.194007873535 116.913619995117 116.686958312988 117.734008789062 119.147651672363 119.925933837891 119.757667541504 118.760856628418 117.552375793457 117.851387023926 118.257148742676 118.49324798584 118.466102600098 119.059989929199
90.3179244995117 90.6110534667969 90.9510726928711 91.7251205444336 92.1411972045898 -3.4e+38 -3.4e+38 93.6581268310547 94.4331207275391 95.1426391601562 96.024658203125 96.612190246582 97.3105316162109 98.3440475463867 99.5461654663086 100.290771484375 101.105529785156 101.672264099121 102.538467407227 103.365417480469 104.206237792969 104.975074768066 105.600563049316 106.345252990723 107.228691101074 108.132446289062 109.704780578613 110.214553833008 110.727210998535 111.545890808105 112.576377868652 113.560882568359 114.046272277832 114.566497802734 115.327262878418 116.095657348633 116.661109924316 116.861633300781 117.971000671387 119.104209899902 119.169845581055 119.440879821777 119.344566345215 118.205902099609 117.756210327148 118.001625061035 118.257148742676 118.462013244629 119.141181945801
89.70703125 89.95068359375 90.361686706543 91.0559692382812 91.5484390258789 92.0821685791016 92.4490356445312 93.0924530029297 93.8539505004883 94.5991287231445 95.3369064331055 96.0417327880859 96.8103332519531 98.1088256835938 99.1262054443359 99.9389724731445 100.743713378906 101.232734680176 102.04753112793 103.050758361816 104.103179931641 104.893829345703 105.326866149902 106.090431213379 107.084747314453 108.213966369629 109.824600219727 110.265396118164 110.532188415527 111.23983001709 112.23021697998 113.214805603027 113.853988647461 114.345985412598 114.865570068359 115.610260009766 116.122673034668 116.808959960938 116.955192565918 117.290451049805 117.34797668457 117.79613494873 118.19482421875 118.116546630859 117.741333007812 118.02173614502 118.145835876465 118.538040161133 119.227386474609
89.0974044799805 89.3483505249023 89.7456436157227 90.4791870117188 91.0571670532227 91.6139984130859 91.9265899658203 92.4425659179688 93.1867980957031 93.9325408935547 94.5605010986328 95.3830947875977 96.3580169677734 97.7669296264648 98.7784423828125 99.5810394287109 100.464889526367 100.880668640137 101.742301940918 102.737457275391 103.924095153809 104.762825012207 105.185272216797 106.075149536133 -3.4e+38 107.790023803711 109.312545776367 109.9755859375 110.403053283691 111.089729309082 112.184425354004 112.936256408691 113.326232910156 114.125755310059 114.636878967285 114.990280151367 115.57202911377 116.576446533203 115.79020690918 115.793533325195 116.22331237793 116.896217346191 116.937759399414 117.07608795166 117.753479003906 118.089752197266 118.074737548828 118.609748840332 119.372901916504
87.9618072509766 88.1974868774414 88.4755706787109 89.1872787475586 89.7702331542969 90.415901184082 90.7563247680664 91.3866806030273 91.9981689453125 92.661506652832 93.2385711669922 94.0655899047852 95.3584442138672 96.5200347900391 97.7985229492188 98.6532135009766 99.6656112670898 100.409675598145 101.296081542969 102.415008544922 103.335289001465 104.152442932129 105.087364196777 105.965179443359 106.309425354004 107.002975463867 108.405220031738 109.696365356445 110.302574157715 110.98991394043 111.697906494141 112.080131530762 112.498405456543 113.315338134766 114.042335510254 114.062294006348 114.721565246582 116.542930603027 115.770881652832 115.19873046875 115.44889831543 115.829154968262 116.157470703125 116.453384399414 117.054580688477 117.516899108887 118.03133392334 118.463233947754 119.636772155762
87.3154602050781 87.5455856323242 87.8228378295898 88.587760925293 89.0847244262695 89.5844879150391 89.9546127319336 90.6626892089844 91.4322891235352 92.1010894775391 92.6138381958008 93.5590972900391 94.5854110717773 95.6722793579102 97.4080047607422 98.2265625 99.2291641235352 100.052436828613 100.879974365234 101.917678833008 102.687515258789 103.887550354004 104.881256103516 105.591667175293 105.719169616699 106.183349609375 108.45809173584 109.641876220703 110.150238037109 110.92049407959 111.631057739258 111.971633911133 112.11873626709 112.902412414551 113.381645202637 113.635894775391 114.526428222656 115.70938873291 115.773651123047 115.393814086914 115.27685546875 115.676986694336 116.173713684082 116.481063842773 117.332725524902 117.851226806641 118.021881103516 118.473838806152 119.762435913086
86.6811981201172 86.95849609375 87.2452850341797 87.9265670776367 88.3827056884766 88.8291854858398 89.3308715820312 89.8868408203125 90.6072158813477 91.3362731933594 91.7431869506836 92.6590728759766 93.6745376586914 94.8371505737305 97.0073928833008 97.7502212524414 98.7574157714844 99.5815200805664 100.183349609375 101.138847351074 101.898773193359 103.060997009277 104.164710998535 104.822265625 105.060768127441 105.744071960449 108.295806884766 109.280479431152 109.953201293945 110.608505249023 111.351821899414 111.607810974121 111.79012298584 112.716598510742 112.749908447266 113.223999023438 114.16121673584 115.730934143066 -3.4e+38 115.384742736816 115.291046142578 115.757339477539 116.243759155273 116.575492858887 117.421371459961 118.066459655762 118.061706542969 118.451606750488 119.827919006348
86.0819931030273 86.3482818603516 86.6263656616211 87.1988830566406 87.5758514404297 88.0823211669922 88.6063766479492 89.1201705932617 89.7876358032227 90.5652694702148 91.0708084106445 92.108642578125 93.4980392456055 94.5603332519531 96.3841247558594 97.295166015625 98.1415328979492 98.8459777832031 99.528564453125 100.410026550293 101.218704223633 102.070899963379 103.136672973633 103.971481323242 104.406135559082 105.242240905762 107.914833068848 108.755599975586 109.327339172363 110.089599609375 110.89868927002 111.148872375488 111.377265930176 112.507827758789 112.422203063965 112.684852600098 113.771759033203 115.818733215332 -3.4e+38 115.110641479492 115.092414855957 115.550582885742 116.02547454834 116.571701049805 117.304641723633 117.818786621094 118.132164001465 118.638236999512 119.885643005371
85.4774475097656 85.6672973632812 85.9248504638672 86.6004180908203 86.9194564819336 87.3489074707031 87.7960662841797 88.3664703369141 89.1425704956055 89.9420471191406 90.6097412109375 91.5186538696289 93.0557556152344 94.1342315673828 95.8668365478516 96.9206848144531 97.6817321777344 98.1749572753906 98.9758453369141 99.8176498413086 100.623947143555 101.398643493652 102.36009979248 103.419738769531 104.010459899902 104.599815368652 107.47289276123 108.358909606934 108.923835754395 109.806526184082 110.505348205566 110.668304443359 110.981170654297 112.152351379395 111.941375732422 112.217849731445 113.364875793457 115.451629638672 115.675331115723 114.953323364258 114.68482208252 115.25074005127 115.862525939941 116.512977600098 117.331260681152 117.801498413086 118.173965454102 118.719276428223 119.956954956055
84.8529052734375 85.0661392211914 85.2819442749023 86.0183563232422 86.3375244140625 86.7293701171875 87.1573715209961 87.6805419921875 88.4297027587891 89.3259353637695 90.1638031005859 90.9371948242188 92.4594497680664 93.447395324707 95.2447204589844 96.3247909545898 97.0322570800781 97.6714248657227 98.4861068725586 99.3234100341797 100.10018157959 100.901893615723 101.835441589355 102.685806274414 103.379035949707 103.984169006348 106.957664489746 107.905158996582 108.424102783203 108.908248901367 110.093994140625 110.498550415039 110.931648254395 111.525459289551 111.325569152832 111.747688293457 112.691734313965 114.21166229248 114.205955505371 114.396514892578 114.888603210449 115.871215820312 116.193420410156 116.636047363281 117.379409790039 117.952423095703 118.278305053711 118.712936401367 120.064796447754
84.2736587524414 84.4912185668945 84.6692428588867 85.2889099121094 85.6169281005859 86.1247100830078 86.656852722168 87.1067276000977 87.6731567382812 88.5592727661133 89.5302352905273 90.190559387207 91.2998428344727 92.2357635498047 94.2664184570312 95.464225769043 96.3126754760742 97.1809387207031 97.9327774047852 98.7937545776367 99.6086120605469 100.393211364746 101.436882019043 102.138473510742 102.745445251465 103.540054321289 106.603187561035 107.60733795166 107.868858337402 107.885772705078 109.569938659668 110.180999755859 110.78946685791 111.077766418457 110.839935302734 111.172569274902 111.812423706055 112.955474853516 112.858901977539 -3.4e+38 -3.4e+38 116.543182373047 116.78443145752 117.118804931641 117.558036804199 117.854591369629 118.326843261719 118.851448059082 120.18620300293
83.6987609863281 83.8499298095703 84.0729675292969 84.608642578125 84.9562301635742 85.4353256225586 85.9017715454102 86.4074630737305 86.9549026489258 87.7828369140625 88.6002960205078 89.1394348144531 89.9515533447266 90.8360824584961 93.2338714599609 94.5325012207031 95.6136245727539 96.6645889282227 97.3973999023438 98.1372299194336 99.0186233520508 99.8912963867188 100.951507568359 101.743621826172 102.458587646484 103.59642791748 106.557243347168 107.406295776367 107.528839111328 107.175956726074 108.659896850586 109.550598144531 109.937545776367 110.456085205078 110.652397155762 111.298797607422 111.172927856445 112.462882995605 112.763885498047 -3.4e+38 115.612480163574 116.42244720459 116.910385131836 117.241737365723 117.599418640137 117.647361755371 118.141014099121 118.813491821289 120.238571166992
83.1122436523438 83.2407455444336 83.4401092529297 83.9449844360352 84.2727432250977 84.6600494384766 85.2455749511719 85.942741394043 86.2384567260742 86.9973602294922 87.7583312988281 88.3742218017578 89.177604675293 90.0658111572266 92.7496643066406 93.6061706542969 94.8238525390625 96.2764358520508 97.0340423583984 97.50048828125 98.4093551635742 99.3483123779297 100.190277099609 101.079795837402 102.043869018555 103.639190673828 -3.4e+38 -3.4e+38 -3.4e+38 106.936767578125 107.863616943359 109.078796386719 109.181350708008 109.423126220703 110.23176574707 111.491760253906 111.188247680664 112.002052307129 112.556015014648 -3.4e+38 114.997459411621 116.008232116699 116.497817993164 116.715919494629 117.165946960449 117.51155090332 118.094749450684 118.803916931152 120.106170654297
82.5274047851562 82.6778182983398 82.8533935546875 83.3641891479492 83.6306915283203 83.9963912963867 84.726448059082 85.5133285522461 85.6288986206055 86.2317962646484 86.9354019165039 87.6288909912109 88.4556655883789 89.395263671875 91.9551620483398 92.6070709228516 93.9267425537109 95.2686233520508 96.3261871337891 96.8557815551758 97.7966995239258 98.6890716552734 99.3873825073242 100.322639465332 101.392967224121 102.814079284668 105.83757019043 106.421646118164 -3.4e+38 106.893653869629 107.227806091309 108.317489624023 108.748443603516 108.889801025391 109.874862670898 111.072227478027 111.025260925293 112.045265197754 112.483352661133 113.081802368164 114.38956451416 115.57738494873 116.003700256348 116.478981018066 -3.4e+38 117.389175415039 118.040336608887 118.712753295898 120.120147705078
82.0075531005859 82.098014831543 82.2492294311523 82.7353210449219 83.0350875854492 83.3835525512695 83.8937530517578 84.5931243896484 85.0324096679688 85.48095703125 86.0589447021484 86.7052307128906 87.5323791503906 88.360725402832 90.5071792602539 91.6856155395508 93.1892929077148 94.3522491455078 95.4144287109375 96.1197357177734 96.9830169677734 97.8536682128906 98.7826385498047 99.6726379394531 100.593284606934 101.738655090332 105.064636230469 -3.4e+38 106.384643554688 106.535278320312 106.520004272461 107.298553466797 108.118026733398 108.703437805176 109.575798034668 110.614891052246 110.745376586914 112.206169128418 112.444145202637 112.828926086426 113.918609619141 115.143493652344 115.552841186523 116.196090698242 116.631614685059 117.206336975098 117.826446533203 118.547302246094 120.204917907715
