rcp8.5models/CNRM-CM5/sc1gr7.1
NCOLS 261 
NROWS 433 
XLLCORNER 336357.134 
YLLCORNER 654653.479 
CELLSIZE 1000 
NODATA_value -9999 
[rows 198 to 219 of 433, columns 150 to 199 of 261]
-9999 -9999 -9999 77.5370994529459 77.6012822479357 77.6102922130092 77.4614387052978 77.3398263246432 77.2560844314509 77.101195245956 76.9352708229016 76.8544362142839 76.7546482556484 76.6521351119533 76.5623759821128 76.4662899523956 76.4938716869259 76.4712094148614 76.4505531962246 76.2913097132159 76.3434246016511 76.3295058469488 76.3666656945085 76.3611405077275 76.2557448487511 76.2392001667257 76.3341523771473 76.4259164079319 76.4653944850156 76.4510031155041 76.6295248274777 76.6605421406506 76.7496147379216 76.7795958689479 76.9191581122252 77.0541336824617 77.2135358619427 77.3142017198225 77.262131599766 77.3966368218204 77.624806392868 77.7394624821057 78.0491134939485 78.112802619931 78.2069921168922 78.3691150661623 78.5517702007607 78.7394373058779 78.8993542458949 78.9800324593089
-9999 -9999 77.1058016552363 77.1777502667416 77.1996798638507 77.1851626696257 77.0169678466155 76.9886139553959 76.8988852864764 76.6839957606468 76.5448357538019 76.4953108542595 76.4338626168474 76.3390562547167 76.2456772960617 76.1581688469463 76.1619867839227 76.0940202741174 76.0980999726283 75.9054491056977 75.9065475052818 75.8733727626277 75.9665867934355 76.0589526880627 75.9305876687922 75.9080575246777 76.0390855165527 76.1922663335523 76.1744740910464 76.1380028297423 76.3147691378731 76.4088055533 76.469777882394 76.4870503052132 76.7018683700903 76.830411934392 76.9781479827043 77.0851910759906 77.0677257903522 77.2430766940163 77.4198607321502 77.5945526892075 77.8788436531835 77.9350212511225 78.0634909243269 78.2443753459358 78.3673888961054 78.5389115195747 78.739037655051 78.8725643638837
-9999 -9999 76.5668583833346 76.7355565793052 76.6571130909546 76.5082839611125 76.492393259319 76.4823507748084 76.3839135924627 76.2196276814024 76.082299069077 76.0189018589827 75.9829375984774 75.9763692597951 75.945558683486 75.7805773173542 75.6939556731539 75.6563098640305 75.6809593174507 75.5582737999817 75.5021168416743 75.5542308049263 75.6323525252668 75.6944498169239 75.5951786219775 75.6657945556867 75.7822104590204 75.8675239806481 75.8074418723129 75.8439701970837 76.0477528798839 76.1820142114138 76.2536178577889 76.3421937565407 76.4751733749562 76.5927297178961 76.7212056342454 76.8625716342531 76.8893410017592 77.0161254195995 77.182032919034 77.4386160867089 77.6386875406851 77.7371627797919 77.9314131743233 78.1189869699277 78.2588218792004 78.4504785138629 -9999 78.7153679252458
-9999 75.5234292200163 75.5510886158827 76.0822986446125 76.0206192206415 75.6807832951376 76.0423441267865 76.0485540423636 75.9053339020028 75.7756266390661 75.6689700003074 75.5798323637992 75.5537335851621 75.5985212241847 75.5297026603324 75.3541551430247 75.314364147614 75.2626645208172 75.2826862881348 75.2186337575346 75.1768728325999 75.2609009695057 75.2570937421727 75.2648223378699 75.2701910478674 75.3294176719156 75.4342375475107 75.517232089888 75.5074375188243 75.6345300045708 75.7894338949199 75.8458719267365 75.9274182150792 76.0988824571536 76.2692304819718 76.3429243434926 76.4356450097586 76.5567843728597 76.6868962704838 76.8215717106376 -9999 77.1882052622372 77.4504393666314 77.6003841630998 77.7312984294053 77.9868369994482 78.1818187622586 78.3381782465702 78.4516671684566 78.5453320943265
-9999 74.8064105599801 74.9238432740147 75.3699010001994 75.4264433313783 75.1990340534221 75.6209297831097 75.5812393786493 75.4104901627467 75.2526579937034 75.2103310977244 75.1519638211433 75.1740818538645 75.0802387744241 75.0151887817551 74.981823968453 74.9644268989353 74.8962359749272 74.8483516480452 74.8306290965806 74.8235009808841 74.8838190905653 74.841984520468 74.7850836576378 74.9256197922012 75.060711897085 75.0978309690778 75.1399061127613 75.1597642338628 75.3337941653686 -9999 75.5348511186908 75.6514528320727 75.8073179514258 75.9683897212998 76.111806335162 76.2723398964575 76.3642539605818 76.5078230847755 76.6729075167679 76.8494753114204 77.0157115833768 77.2544910716266 77.4270442049571 77.6279095233943 77.8217496258678 78.016483487396 78.1584576401069 78.2477382498615 78.4701024944884
-9999 74.0919467269838 74.2959945824756 -9999 -9999 74.8054330755874 75.0318562644281 74.9826867058668 74.8856345781331 74.7259361676209 74.7460667443199 74.7622102001713 74.7691347290252 74.5829254820871 74.5549302611611 74.5663846003248 74.4741062401431 74.4735670086162 74.4133240155953 74.4344747662079 74.4731280986355 74.4543402473813 74.4716813438638 74.4211656108573 74.5853730410016 74.7108892400158 74.7668703508293 74.8053976186081 -9999 75.0098793113736 75.2203365363808 75.3054125066937 75.4150140166021 75.5308974931439 75.7022393829211 75.9105473259815 76.0780526717526 76.2002485281447 76.2931471370204 76.4342641024586 76.6419741437895 76.8490462898335 77.0994160376748 77.2244438143526 77.5028638885652 77.697360623326 77.8403729683627 77.9989229062844 78.109948928034 78.3985927433024
-9999 73.3160445034297 73.3765678724456 73.6767729169825 -9999 74.173442980185 74.383218599637 74.3393113230052 74.3011256927921 74.3220876860701 74.3488614285033 74.3436079139889 74.2763673640484 74.1801838405151 74.1456251099999 74.1215480970259 74.0409016789914 74.036510824363 73.999898282183 74.04151851559 74.0327948576718 74.0826127123118 74.1152566519382 74.0847338886951 74.189118280807 74.3083287777878 74.4751704095035 74.4467880067034 74.5640302887751 74.705997787356 74.97361466575 75.0559653087997 75.1633806178268 75.321261444267 75.5069049244046 75.7180868967021 75.8017066170037 75.9202363354303 76.0962575938324 76.2817218038626 76.4704955679107 76.6223035212886 76.8958966476882 77.1019224169271 77.3807370211834 77.5632898444166 77.6866438714 77.8380110784036 78.0151149657772 78.2352772952403
72.2829112280182 72.4764712916966 72.5813621909551 -9999 73.1673019429149 73.4034252137664 73.7187698613535 73.671629977822 73.6768790877105 73.84470027042 73.8290348694102 73.8260995807773 73.7310980811459 73.6714380241782 73.6621049183073 73.6574584692967 73.6024873959379 73.5646716340771 73.4783512063834 73.579219026951 73.6560825931946 73.7591133116642 73.7204031863197 73.6749641705204 73.8295355483459 74.004107005091 74.1505279966 74.1329433494432 -9999 74.4190172654272 74.7131904413276 74.7828230356475 74.917692915987 75.0892746009194 75.2323378152709 75.4438855636615 75.5734303010553 75.7683880119473 75.9323626028978 76.1612072165728 76.3060289961431 76.3547231444195 76.6902781540839 76.9447771763321 77.2273456193782 77.3534695234473 77.4843519700118 77.7121532209619 77.9232263857763 78.0698482227038
71.4373798420214 71.5435206166048 71.7073677296772 71.8799284618614 71.972473392791 72.3657493373726 72.8426829116534 72.9139052439562 73.1141121093251 73.2037747850849 73.2640044285502 73.3010167405698 73.1991695510415 73.113705468708 73.1423055452992 73.1711294128965 73.1422310281311 73.0657818484391 72.971593150929 73.1235314043015 73.2340853581766 73.29008873766 73.3349365030707 73.4249356251397 73.593393963212 73.6426731446728 73.7091584238847 73.8617243373716 73.9994849714434 74.1139419836913 74.3457677619953 74.5243371084549 74.6965147529103 74.8436382243501 74.9927411787282 75.2021972160694 75.3834124178954 75.5611422025938 75.6848809349053 75.9573875234706 76.0578162769116 76.1354299414403 76.6463031160545 76.7897010443194 76.9964281936923 77.1888095296834 77.3082725440223 77.6379073303171 77.8185793809493 78.0164506490311
70.594101341124 70.6784313025844 70.9338130814545 71.1048344090223 71.1019700068502 71.4904770758742 71.9456081935379 72.1646332055081 72.5522784470787 72.5514953100177 72.5718455300317 72.5615916100646 72.5143506897602 72.4674065841824 72.5043549331664 72.590233224328 72.5562463502286 72.552528405757 72.5638929545094 72.7618040849577 72.8038876397312 72.8423770906283 72.9551231289735 73.1025761786331 73.2203879221521 73.3079491927445 73.4094827233247 73.5991859138906 73.7150563339141 73.8287497966335 74.0410394863285 74.2623559480158 74.4703889047028 74.6493689454593 74.7446576588019 74.8954007116622 75.1113532159321 75.3548859074571 75.5052878631444 75.7097178107091 75.7961998716169 76.0148614531773 76.5439950785996 76.7137844016517 76.8583561463025 77.1020136580439 77.2328843165951 77.4814832940986 77.6681055008402 77.9376687404423
68.8766389261903 69.05587940413 69.2575102757538 69.3588330692987 69.4246754300706 69.8078474379882 70.3128096650062 70.7168320757988 71.2275390265593 71.3488872761339 71.3001138446669 71.4395061852837 71.3852245720212 71.3115608166687 71.3705756916707 71.4854647231914 71.5382612935982 71.5205874249223 71.5919340687974 71.8504190009567 71.8738562774652 71.9812009891368 72.1234694235266 72.2847621964053 72.4306103368981 72.5633205744059 72.6952909804966 72.8839780790044 73.0370129143809 73.2296478817603 73.5076899683769 73.6456402733434 73.9193563272559 74.1749967842355 74.3217424687422 74.5565949204082 74.7173883357541 74.8928353979327 75.0266675550429 75.2145703274303 75.435471315194 75.7501860666395 76.2101387599588 76.3536481800977 76.6060299508238 76.7732270471118 76.9314229653056 77.1772124368974 77.4521674640108 77.7513059416411
68.0788640116713 68.2152536299053 68.3730440887493 68.5429994456363 68.8239997560824 69.1412021207242 69.5413385682265 69.9139766090255 70.4054997888342 70.5048424393344 70.6160691185495 -9999 70.7785623198032 70.766340480656 70.8166190889613 70.8857447414276 71.0179639952373 71.0974866064072 71.1715331286167 71.4457710949979 71.459442957182 71.5642025215284 71.7459753489673 71.892383411668 72.0259016251415 72.196480792088 72.3229938938348 72.6037523906271 72.774697629818 -9999 73.2836489145838 73.4453235122684 73.6652817128894 73.8522874248304 74.0535231584856 74.3170678866286 74.5303490271015 74.7704267374731 74.8914000128108 75.0366375363724 75.246667872656 75.5901264521916 75.9982639758344 76.1776634711396 76.4417197606251 76.6635023644513 76.8379207972683 77.0970601901091 77.304933540372 77.5947568212751
67.2412264746152 67.332511381191 67.4998801362573 67.6965498834882 68.02825172066 68.3845389011013 68.7716838445967 69.2365198040932 69.6812426774215 69.7369968820873 69.8551404020655 69.9819356609296 -9999 70.1398563431062 70.290484894844 70.3289024487428 70.448075384635 70.6074493584571 70.6946994470818 70.9580006463634 71.0206987461925 71.2106165004676 71.442631464964 71.553111581703 71.6873967259048 71.8459346614728 72.0670906803875 72.263642631206 -9999 -9999 73.0347456713299 73.2042059818511 73.3983657103714 73.5567233028154 73.82039934783 74.1016646677841 74.3003012079191 74.5739965142943 74.7024249133828 74.955083428049 75.1422172936484 75.3638994658337 75.8605784693422 76.0226753858378 76.2363254456854 76.5212211897791 76.747562193907 77.0067193545389 77.2260468907838 77.3944554797528
66.2625281614047 66.4459654276535 66.6287356280989 66.7829744198042 67.1100513674719 67.5891213098489 67.9670850561977 68.4578272186806 69.0311712265773 69.1199617128507 69.2503219154906 69.360252728141 -9999 69.4763125898668 69.7470959294712 69.8005006051635 69.8903937273107 70.0566310986655 70.1581359213449 70.5264259948421 70.6499016834219 70.8443932367757 71.1041734453793 71.2236323728629 -9999 71.5318696395827 71.8188506789764 71.9459375987083 -9999 72.2579815676745 72.8408240403581 73.0009761489684 73.1933263558813 73.4166133389884 73.6448750978075 73.880546442817 74.0555773722867 74.2918885938184 74.517202614326 74.8175088253116 75.0243017540054 75.242465821864 75.7271756284529 75.9395422655358 76.1443669212955 76.4372998942577 76.6510968201339 76.8605661948009 77.1092581585591 77.3299789354043
65.32206879413 65.5479095366387 65.7277011365669 65.9026945516752 66.2311062976688 66.6967933639496 67.1631982996617 67.5703574039272 68.3009313630344 -9999 -9999 -9999 -9999 68.8688158675828 69.0973442013476 69.2330045178351 69.4173223440884 69.5446402842555 69.629469915305 70.0691038714225 70.3179511903952 70.5002452503992 70.6428940215919 -9999 70.9845626813207 71.2143823384241 -9999 71.5797321538865 71.8193709903859 72.068866464137 72.5428843381768 72.7566766283744 72.9286568100373 73.1799515234897 73.4496877704423 73.6961460793593 73.8663044760959 74.116455187588 74.3710440465617 74.6282073992901 74.9260680023417 -9999 -9999 75.8579599818198 76.0670916943442 76.2846842122246 76.4786879273958 76.7162326498347 76.9750832595504 77.244786690259
64.4359951870049 64.6204748488768 64.8002517784476 65.020369748328 65.3226890816191 65.7526576499839 66.28648604628 66.7001111879342 67.316018821123 -9999 -9999 -9999 -9999 68.2658711888165 68.4596000906968 68.6713452676791 68.843714586585 68.9952989359465 69.1634896756575 69.6158967125425 69.8918916516838 70.091410021326 70.2062320428993 -9999 70.647475918575 70.8632896091805 71.0847852292712 71.3261884461995 71.6064215562229 71.7923977947544 72.2556825001231 72.5011159724805 72.6873823498057 72.9554467055582 73.2722026511254 73.4959620332865 73.6648247553789 73.9233064797583 74.1650346876144 74.4200761408851 74.772886530594 -9999 75.4483356759506 75.7132993721691 75.8818597071402 76.0949190174273 76.3104570585469 76.5914246466922 76.8832767402287 77.1826842350566
63.5909590859554 63.622295789929 63.8083737541916 64.1062502934076 64.4078764519872 64.7720268322884 65.1776530798337 65.6301138370784 -9999 -9999 -9999 -9999 -9999 67.6918479149791 67.904073131922 68.0767016010464 68.2562122740574 68.4875010022606 68.7199972516153 69.2088190245673 69.414968297756 69.6738735159275 69.8369162252623 70.0729220374423 70.3507019123585 70.5237117654843 70.7569188206718 71.1020677695827 71.3213933201685 71.4908402976095 72.0073226245459 72.2911660745953 72.5306840487294 72.8044431183739 73.0500790440607 73.2247733355822 73.4998274466431 73.7679085910142 74.0512420462374 74.2426766546964 74.5151716103799 -9999 75.2783475609959 75.5530495953391 75.768021946914 75.9462144154457 76.1564027292197 76.4529077732823 76.7825785003419 77.1054779690033
62.6644833727593 62.6460443062986 62.9326723228863 63.3462077855692 63.4178393849978 63.7672547204555 64.2048203810495 64.6342093692811 65.6103722203733 65.8709689528767 -9999 -9999 66.8967725500669 67.130605785941 67.3248803426469 67.5021839069977 67.7809864455687 68.0598601551594 68.2964922422356 68.7863240012998 69.0215438050843 69.3218125446117 69.5039562292707 69.7888920766422 70.0571789078487 70.2638795057896 70.5099111053443 70.787090819103 71.0365931360092 71.3268556293734 71.7560184153402 72.0536710107249 72.3334851744082 72.5959070690655 72.8079600640184 73.0765951989332 73.3415898751334 73.6373559296583 73.9417119761368 74.1210676186836 74.3501914544644 -9999 75.1943153302089 75.4110575022194 75.6445382874161 75.8542636261062 76.1173455288842 76.3777731368299 76.6734511122805 76.9733627385342
61.7926600328647 61.7610845376569 62.2817410042117 62.9798434086216 62.4133699440694 62.8284075819068 63.3816663156963 63.8764775395644 -9999 -9999 -9999 65.9992737499416 66.3187952735908 66.5868546998832 66.8135715821383 67.061220007477 67.3230579754759 67.6415720966039 67.9030699774466 68.3920235476089 68.6928454057289 69.0194992342637 69.2377559270012 69.4536577460477 69.7039957978823 70.0264250892998 70.3131654970234 70.5680100994676 70.7737136688633 71.0385949532416 71.5805672252341 71.8485984841205 72.0982835405642 72.3739555919607 72.6263665186852 72.9073755288629 73.1964882393753 73.4857952675933 73.7206208858557 73.9377695555144 74.2070326269111 74.5499604326606 75.0113119345429 75.2301598977237 75.5254388102867 75.7473406104232 76.0816131891303 76.3936226065596 76.5806445074951 76.8048400249726
61.1442819619041 60.9702802704252 61.297132652911 61.8595466168323 61.5645217802593 62.0661529474202 62.5857646744929 -9999 64.2097449619717 64.5563011502297 64.8925937916796 65.3797913536271 65.7509451367272 66.0816303054469 66.3656898817537 66.645314553879 66.8845051393444 67.1838073440645 67.4672297034921 68.0516618150781 -9999 68.6789557356784 68.940577446309 69.089665327157 69.3913986758368 69.7665258417323 70.0511639065079 70.3271369614377 70.4827206414762 70.7479114490753 71.4127632838118 71.6145413730425 71.8535529309809 72.204559110004 72.4908852611831 72.7129907504722 73.042464036711 73.3312254310585 73.6107868891262 73.8750495334342 74.1142819705273 74.4012717577231 74.8499288836903 75.0912075348249 75.3919707593302 75.6983115597456 75.9701791775952 76.2912380727247 76.4256918989011 76.6902780813652
60.4228441858831 60.2808206617422 60.3475515231674 60.7106820374225 60.8809355615782 61.4137218790779 61.9715081507324 62.5292730637861 63.5587962276987 63.9391763052092 64.3810523525448 64.7950814754308 65.1819801192058 65.5398911654808 65.8551207775862 66.138792187566 66.4490948554573 -9999 67.0895121870863 67.7106169871296 67.9595645629196 68.2902013969164 68.6357075932958 -9999 69.1820102646979 69.4861159626375 69.7718682294802 70.0506282632661 70.4465247276796 70.8262144813186 71.2346228800866 71.4110061886386 71.6667311594302 72.0314669693468 72.3831406051493 72.638605450116 72.9251614782558 73.2029181944874 73.4848127070319 73.7986478025024 74.0409028719014 74.2717568976134 74.8011012264078 75.0575767054777 75.3108801469925 75.5893798629199 75.8470763325385 76.1351950216511 76.3409805217883 76.630109574127
59.7032636916211 59.5532027848746 59.5483177590693 59.9131434210344 60.2506661230909 60.8121102298511 61.4647919157514 61.9831136965823 63.0173272496411 63.4397908362721 63.8721724767234 64.2714829309268 64.6874946600537 65.0617304971516 65.3941740855248 65.7025326666164 66.0474601632931 66.408758975611 66.752335198554 67.3807737935204 67.6304175657764 67.9704083511096 68.3366871738419 68.6833829442831 68.974497581137 69.2770678788938 69.5459236278034 69.8240314263111 70.2861958880048 70.6379547468795 71.0478425682732 71.3030210063702 71.5767717828641 71.9028202473488 72.2388424991814 72.5094923396652 72.7851018903898 73.0904223890281 73.3693505308974 73.6307965459931 73.8980504548473 74.1831018016233 74.6906410556972 75.030251559741 75.2391184250112 75.4187234247674 75.7344191730506 76.0062208803542 76.2967743717047 76.6353576159259
