rcp8.5models/CNRM-CM5/sc1gr3.9
NCOLS 261 
NROWS 433 
XLLCORNER 336357.134 
YLLCORNER 654653.479 
CELLSIZE 1000 
NODATA_value -3.4e+38 
[rows 308 to 329 of 433, columns 98 to 146 of 261]
209.922439575195 212.902877807617 225.022338867188 222.464172363281 219.724960327148 217.588562011719 217.635223388672 215.434722900391 212.49528503418 217.957992553711 226.783309936523 233.862182617188 236.639083862305 240.274856567383 235.412658691406 231.382705688477 230.153503417969 224.586639404297 214.931686401367 212.518783569336 213.418487548828 214.423675537109 214.971420288086 217.116195678711 218.984008789062 220.590087890625 219.898178100586 224.143829345703 223.9609375 217.867904663086 213.434341430664 210.76318359375 204.602828979492 193.292404174805 183.794692993164 175.306045532227 167.425033569336 173.461090087891 186.694183349609 194.044128417969 198.89909362793 196.021240234375 183.434951782227 176.326721191406 175.124496459961 172.061340332031 171.560546875 171.336044311523 168.118026733398
216.281829833984 218.133377075195 230.224685668945 227.834991455078 214.139312744141 211.223388671875 216.064071655273 221.517654418945 221.06608581543 222.774154663086 234.134536743164 245.038177490234 245.82746887207 246.028854370117 233.448745727539 227.661163330078 225.456558227539 222.004257202148 211.006607055664 208.023056030273 207.12060546875 204.070892333984 202.156341552734 200.469680786133 202.033081054688 206.351974487305 219.106231689453 220.06494140625 210.305068969727 199.315139770508 191.327270507812 196.407470703125 199.020950317383 189.426818847656 179.531311035156 172.923950195312 167.862579345703 169.26171875 178.705673217773 184.53694152832 192.571105957031 193.961639404297 181.674957275391 172.20182800293 167.967987060547 168.397750854492 169.964019775391 169.753829956055 163.936248779297
241.180648803711 239.514465332031 242.578369140625 237.743667602539 218.716857910156 209.054946899414 208.651260375977 221.112716674805 223.664825439453 223.71305847168 236.701889038086 245.507797241211 243.127944946289 240.110427856445 230.745559692383 222.87092590332 218.408432006836 219.847961425781 216.573013305664 213.889099121094 207.944213867188 199.407867431641 194.681335449219 191.438552856445 192.978149414062 198.961151123047 219.956024169922 215.323196411133 199.948928833008 187.133224487305 179.124328613281 182.466735839844 187.052124023438 183.914413452148 176.861770629883 168.785018920898 163.595367431641 165.864334106445 169.273483276367 173.527496337891 182.463333129883 191.46940612793 183.952026367188 170.524200439453 163.569244384766 166.484375 168.680877685547 167.214080810547 168.309173583984
264.592712402344 266.048004150391 263.330505371094 248.30305480957 229.362915039062 209.958831787109 207.431854248047 221.38053894043 228.419052124023 231.365875244141 241.799011230469 245.450531005859 240.502487182617 233.677047729492 230.739410400391 224.178649902344 216.030822753906 214.620315551758 217.039566040039 216.252288818359 209.67399597168 199.104919433594 189.601593017578 187.114501953125 197.011138916016 209.156219482422 217.219848632812 214.181015014648 203.535430908203 191.001907348633 181.493988037109 177.611267089844 177.225051879883 178.157470703125 177.375061035156 171.251663208008 163.083465576172 156.046035766602 158.916870117188 164.869232177734 175.150833129883 181.89778137207 176.961349487305 165.225646972656 159.491256713867 162.515731811523 165.549499511719 166.473434448242 173.906219482422
275.425506591797 279.156494140625 274.310974121094 254.508819580078 234.03694152832 214.108673095703 217.187301635742 225.949310302734 234.309768676758 241.082717895508 244.182662963867 241.603485107422 234.917465209961 229.83219909668 229.002883911133 223.146774291992 215.019546508789 209.64306640625 210.65852355957 210.880844116211 209.394332885742 201.8779296875 191.836166381836 191.076095581055 203.916976928711 216.393753051758 209.142822265625 208.837158203125 206.328094482422 199.139083862305 189.571075439453 182.96418762207 179.08171081543 176.659545898438 175.051208496094 172.980880737305 167.637817382812 149.011611938477 149.931991577148 158.547515869141 167.556549072266 165.200317382812 161.100769042969 156.362030029297 155.833374023438 158.689025878906 163.191223144531 169.1552734375 177.072860717773
281.769805908203 281.006317138672 276.463012695312 257.660125732422 253.871673583984 240.291870117188 242.228302001953 246.791152954102 239.908905029297 236.505035400391 231.319900512695 223.575958251953 221.611923217773 225.055755615234 221.199279785156 211.655914306641 207.31999206543 204.367431640625 201.31428527832 198.171508789062 197.995468139648 198.048706054688 192.86735534668 195.284744262695 207.936126708984 213.69270324707 200.698745727539 190.28857421875 191.242477416992 189.632369995117 189.838592529297 188.498779296875 183.819854736328 178.979934692383 172.919372558594 168.726898193359 165.656768798828 154.689025878906 147.791229248047 142.305236816406 139.711135864258 139.860824584961 146.738952636719 155.42610168457 158.602096557617 159.932022094727 161.363525390625 162.691955566406 174.104873657227
282.341033935547 282.344299316406 279.629516601562 271.525115966797 270.368774414062 263.698272705078 261.788818359375 262.623626708984 253.885192871094 239.233093261719 230.200942993164 219.415756225586 217.100112915039 222.276733398438 220.832275390625 209.448394775391 204.502426147461 200.830123901367 192.941650390625 187.879943847656 189.773406982422 192.650253295898 190.208221435547 191.109008789062 202.432052612305 210.850036621094 197.99821472168 188.800506591797 181.688095092773 177.702850341797 180.231842041016 180.196090698242 176.867065429688 175.94206237793 172.990417480469 168.847290039062 162.54557800293 155.81120300293 154.519973754883 149.12419128418 144.946014404297 142.867004394531 148.309234619141 156.520523071289 159.998016357422 160.087890625 159.344909667969 158.683319091797 168.357650756836
274.670562744141 275.137084960938 279.034454345703 268.034454345703 276.041442871094 272.212921142578 263.931243896484 266.922119140625 263.975036621094 245.574142456055 230.516967773438 221.504440307617 218.913848876953 219.443634033203 217.921310424805 209.67610168457 203.740188598633 196.305923461914 184.282363891602 180.621673583984 185.278167724609 190.28889465332 191.910232543945 193.797332763672 203.110824584961 208.992584228516 197.243255615234 188.42887878418 174.22673034668 168.324645996094 171.545608520508 169.604904174805 166.712387084961 167.968124389648 165.712982177734 164.618057250977 158.855178833008 156.137191772461 159.470474243164 158.134368896484 152.691253662109 149.138916015625 151.845321655273 157.260925292969 160.842514038086 159.838272094727 157.976577758789 158.434219360352 164.894546508789
263.022888183594 261.981872558594 269.724029541016 251.323028564453 265.566711425781 273.204071044922 259.833099365234 260.062744140625 268.766754150391 252.129104614258 232.387878417969 222.805450439453 221.698760986328 220.014907836914 218.167556762695 211.906097412109 201.308151245117 190.927780151367 179.651290893555 177.531509399414 180.301818847656 186.521041870117 193.581634521484 200.54264831543 207.457565307617 205.936447143555 192.16423034668 188.663024902344 178.523010253906 168.580825805664 166.083190917969 161.944046020508 160.290939331055 161.345947265625 159.439926147461 158.969284057617 155.826644897461 156.691619873047 159.199142456055 162.333206176758 159.769012451172 158.248977661133 159.559722900391 161.289489746094 161.324920654297 158.356262207031 158.065155029297 162.680709838867 171.799728393555
258.192962646484 257.329071044922 259.997314453125 246.030044555664 252.154479980469 269.562072753906 263.601654052734 252.323379516602 259.684753417969 258.234100341797 244.762924194336 227.753570556641 218.284729003906 218.964797973633 209.785568237305 207.811126708984 198.943893432617 189.634796142578 180.945602416992 177.188766479492 178.963012695312 186.176986694336 192.854370117188 199.601135253906 205.548141479492 204.871124267578 191.851287841797 190.631149291992 186.564514160156 179.864013671875 172.792129516602 163.734008789062 158.610778808594 160.245376586914 158.364379882812 155.035049438477 155.067337036133 158.401824951172 158.662475585938 162.825439453125 163.696380615234 163.738708496094 163.70100402832 164.448638916016 163.65739440918 160.079330444336 159.876495361328 166.833694458008 182.336212158203
257.195373535156 255.378662109375 255.943252563477 250.450942993164 255.180908203125 269.390411376953 265.469696044922 248.798492431641 246.252944946289 253.278869628906 250.785659790039 233.077346801758 217.226669311523 219.424682617188 205.184432983398 201.732147216797 198.939682006836 191.111846923828 184.607955932617 182.488784790039 183.134979248047 189.445098876953 194.818008422852 197.777603149414 200.629425048828 204.262542724609 196.299667358398 193.52375793457 191.140823364258 189.307189941406 184.374969482422 175.690124511719 168.399444580078 168.166519165039 164.757400512695 160.258544921875 159.676239013672 163.022613525391 161.651977539062 162.364791870117 163.963790893555 163.667465209961 163.23698425293 164.018524169922 164.858703613281 165.222030639648 166.635726928711 171.96012878418 187.415756225586
256.797607421875 253.793258666992 254.290298461914 253.402786254883 252.364334106445 261.115844726562 261.70849609375 249.573333740234 238.124526977539 241.009460449219 246.904403686523 233.574401855469 220.745880126953 220.204391479492 216.379089355469 208.162811279297 198.992874145508 192.389938354492 187.807510375977 187.865417480469 188.365676879883 190.437561035156 194.022674560547 195.808837890625 196.835403442383 199.223236083984 197.600234985352 196.148941040039 194.133499145508 192.736541748047 190.642196655273 187.169204711914 183.496826171875 179.781829833984 175.206649780273 171.664459228516 169.278305053711 169.646179199219 166.269317626953 164.00373840332 164.44450378418 163.704284667969 163.42057800293 163.280395507812 163.244827270508 165.623413085938 171.776351928711 180.14387512207 190.170608520508
259.026611328125 257.739807128906 255.930877685547 253.969177246094 243.028030395508 243.997055053711 257.83642578125 256.379608154297 237.18717956543 228.312606811523 233.74169921875 228.331207275391 219.334609985352 217.527481079102 221.472732543945 213.584915161133 198.812149047852 193.720764160156 190.387710571289 190.623870849609 192.473648071289 192.891479492188 193.061828613281 193.806335449219 195.468658447266 194.842376708984 194.708343505859 196.096740722656 195.820007324219 192.983779907227 190.782608032227 189.627655029297 189.687927246094 188.064971923828 184.091094970703 180.236923217773 177.499984741211 172.063201904297 165.566436767578 162.737197875977 163.875747680664 164.11083984375 164.801452636719 165.157791137695 164.130447387695 163.843383789062 168.858734130859 179.440765380859 194.33772277832
267.966552734375 264.949981689453 259.105163574219 255.172836303711 240.908981323242 230.789657592773 246.153350830078 259.692321777344 246.469192504883 230.858520507812 226.20133972168 222.33854675293 212.064804077148 211.798095703125 214.618881225586 209.537109375 203.896255493164 194.060104370117 191.827560424805 191.802017211914 194.042587280273 195.266555786133 194.775756835938 194.814895629883 194.133224487305 191.726715087891 191.871963500977 193.814559936523 194.484222412109 192.494827270508 191.330368041992 190.039016723633 187.513397216797 187.532241821289 187.808746337891 185.928634643555 181.653778076172 169.267471313477 162.640335083008 159.970443725586 162.64306640625 163.402847290039 164.824325561523 166.526062011719 166.995101928711 166.293746948242 168.94303894043 176.725402832031 195.637420654297
268.671691894531 268.023101806641 259.279998779297 254.633087158203 240.640014648438 225.605834960938 235.516891479492 255.451629638672 253.500595092773 243.59147644043 231.014678955078 221.040161132812 216.030212402344 215.151382446289 203.3740234375 202.644119262695 208.361892700195 203.148651123047 194.184204101562 191.601303100586 193.74609375 195.526672363281 195.393859863281 195.474472045898 192.038711547852 187.528671264648 189.688888549805 190.496658325195 190.450912475586 190.472259521484 191.793258666992 190.925506591797 186.657302856445 185.612564086914 187.023345947266 187.315856933594 183.544616699219 170.682601928711 165.099533081055 161.434127807617 162.564926147461 162.426315307617 163.087875366211 164.324188232422 163.882614135742 164.058990478516 170.490875244141 178.939559936523 193.320327758789
255.952377319336 259.978363037109 258.398223876953 254.170883178711 244.188873291016 233.57633972168 235.088775634766 244.567108154297 250.230880737305 247.375869750977 234.122253417969 219.842071533203 220.151092529297 220.016586303711 197.439437866211 197.770294189453 202.066329956055 208.683364868164 203.038208007812 193.421661376953 192.899749755859 194.142471313477 194.309677124023 193.445571899414 191.623641967773 187.390106201172 186.070556640625 187.837677001953 188.277557373047 189.107528686523 190.315414428711 189.762359619141 187.613357543945 187.099243164062 186.077163696289 185.869064331055 184.512283325195 175.607833862305 169.127380371094 163.515487670898 161.151580810547 161.822937011719 163.049667358398 163.292678833008 160.517196655273 159.098007202148 168.803466796875 179.498794555664 192.14338684082
253.702911376953 256.018249511719 258.379486083984 253.183898925781 248.513442993164 237.548843383789 229.407592773438 229.113052368164 233.819778442383 236.257659912109 228.989669799805 218.638412475586 217.978851318359 221.766540527344 203.172149658203 195.931732177734 194.803680419922 199.156509399414 201.760284423828 196.273223876953 193.685440063477 192.821914672852 193.121109008789 191.423095703125 189.275573730469 186.191513061523 186.451599121094 188.07844543457 189.274383544922 190.360885620117 191.115798950195 190.722793579102 188.796203613281 187.895065307617 186.070602416992 185.868438720703 185.555480957031 176.832061767578 172.47868347168 167.187271118164 162.591842651367 162.689697265625 163.407836914062 163.333923339844 162.955810546875 163.229675292969 169.962097167969 177.975814819336 190.359466552734
263.691650390625 267.222229003906 267.575347900391 256.652221679688 247.807907104492 236.253173828125 228.093109130859 223.175765991211 220.602630615234 211.018936157227 211.539962768555 220.218887329102 217.144058227539 208.05207824707 206.703826904297 208.413711547852 200.593353271484 192.793548583984 193.337875366211 193.902114868164 194.179489135742 194.401977539062 191.768905639648 186.367950439453 185.781387329102 184.937301635742 176.521484375 181.345809936523 182.724975585938 183.408828735352 186.360366821289 187.512435913086 188.082916259766 187.959686279297 188.144592285156 186.669204711914 185.212432861328 177.667785644531 174.96907043457 173.016738891602 169.579284667969 166.164932250977 165.20622253418 164.707153320312 164.727172851562 166.445358276367 172.478393554688 179.705108642578 185.48844909668
258.873565673828 261.097503662109 261.447448730469 255.777954101562 249.848495483398 239.196884155273 226.721115112305 220.817230224609 218.501388549805 204.68603515625 203.640686035156 218.899185180664 217.627944946289 212.82373046875 198.899856567383 209.649078369141 212.347579956055 200.491058349609 192.272888183594 192.442001342773 193.562103271484 194.891586303711 194.533248901367 191.857559204102 190.521560668945 187.15266418457 173.537689208984 176.972549438477 179.353851318359 181.448364257812 186.631546020508 187.506317138672 187.782363891602 186.433944702148 184.988357543945 182.786773681641 180.05989074707 171.241622924805 171.325927734375 171.0185546875 168.375595092773 166.408187866211 166.182159423828 165.537780761719 165.104690551758 165.896118164062 169.989074707031 178.62548828125 192.53239440918
255.863540649414 262.259948730469 260.936737060547 249.828811645508 240.743362426758 226.214599609375 218.881164550781 215.562973022461 209.866897583008 198.504211425781 194.992080688477 205.849838256836 214.799255371094 217.837020874023 197.381744384766 195.563629150391 209.443252563477 211.669708251953 200.668167114258 197.215393066406 201.267150878906 199.775146484375 196.220199584961 194.467224121094 192.27099609375 189.179656982422 178.633148193359 178.729827880859 181.739959716797 183.834762573242 188.033248901367 188.327346801758 187.861297607422 186.392288208008 184.704742431641 182.134948730469 177.606216430664 169.701614379883 166.076522827148 164.513137817383 163.427658081055 164.659408569336 164.957504272461 165.639373779297 165.616592407227 165.229187011719 166.858291625977 175.13020324707 192.787887573242
252.426788330078 254.760269165039 255.918701171875 245.33283996582 235.35676574707 223.075454711914 213.322280883789 200.081130981445 199.879043579102 197.406616210938 189.259048461914 192.955764770508 207.871978759766 220.143096923828 207.957427978516 195.193099975586 198.636825561523 209.057281494141 -3.4e+38 211.471588134766 209.958557128906 204.017654418945 202.448379516602 201.125 196.964004516602 190.419464111328 180.195648193359 180.360473632812 183.969940185547 185.718978881836 187.329345703125 187.940765380859 187.831512451172 186.679962158203 185.900772094727 184.536712646484 180.925552368164 175.273895263672 171.606887817383 168.069274902344 164.037780761719 163.732070922852 162.347198486328 163.802139282227 165.225158691406 164.433517456055 164.411422729492 170.654113769531 185.981353759766
245.894104003906 237.013610839844 236.113952636719 231.289520263672 227.325531005859 222.882369995117 208.219848632812 188.068283081055 187.690719604492 191.380676269531 187.83283996582 188.943267822266 198.812850952148 213.867874145508 213.241424560547 205.310485839844 195.736602783203 194.112686157227 204.783065795898 -3.4e+38 -3.4e+38 207.854675292969 205.452575683594 203.156356811523 195.593505859375 190.259353637695 180.741134643555 174.61750793457 178.030838012695 184.125396728516 185.119430541992 184.504486083984 183.630844116211 183.235717773438 183.030776977539 184.068328857422 183.293991088867 181.851684570312 181.159576416016 176.975173950195 170.383636474609 165.560470581055 160.196105957031 159.097213745117 162.284713745117 164.13298034668 163.477523803711 165.150299072266 179.994033813477
