rcp8.5models/CNRM-CM5/sc1gr7.0
NCOLS 261 
NROWS 433 
XLLCORNER 336357.134 
YLLCORNER 654653.479 
CELLSIZE 1000 
NODATA_value -9999 
[rows 110 to 131 of 433, columns 100 to 149 of 261]
83.3260828906562 82.8873563779667 82.6487255387892 82.4325486405779 82.1600000726426 82.1026565764876 81.6820512512039 81.5345350885004 81.3952735467436 81.3212985104224 81.1525325068705 80.9449430149583 80.9038397050768 80.7609621809808 80.4033354932674 80.5191724883725 80.4550082407227 80.3048293125441 80.2396014016874 80.3848274857058 80.1315114535027 80.1471891573922 80.2335009424099 80.2492395276036 80.0638783622577 79.9471147019348 79.8114805284135 79.7768964008749 79.9556553940736 79.8629726168584 79.691781474579 79.6801348519668 79.7153220576816 79.7176016458535 79.6735164213206 79.6097975505867 79.5751800052117 79.5133794814057 79.3961762173762 79.4340197793161 79.5089218968498 79.525034065499 79.5161860794036 79.5976665331573 79.7770316239757 79.8530048093129 79.9475904064307 80.0614833724536 80.1936773519034 80.2789095698013
82.4731922595723 82.2207440812113 82.0789205238504 81.8949192759787 81.6755877073909 81.553437790055 81.1025047373842 81.0545095418519 80.8539009662059 80.7214744249773 80.3629489945281 80.2314276935903 80.236722070178 80.0489387960074 79.9721332176122 80.052980166813 79.9128413877611 79.6012468194672 79.6525281343187 79.773641013072 79.5454139741693 79.5697244445414 79.6065102452745 79.5326807452771 79.4567371338176 79.5260695939682 79.483265734017 79.3857950665545 79.5415655349466 79.2168759367018 79.2124115833345 79.164373206882 79.2798223329744 79.1196330817941 79.193648885482 79.1976158354601 79.0642118973107 79.0002653037659 79.0356829245073 79.0056716153311 78.9315583862665 79.023510565944 79.0977902669247 79.1347253645211 79.2809205589228 79.4129716843771 79.6632802219586 79.7760688059048 79.8919714199805 80.0032459641467
81.6096294612084 81.4589129361698 81.4260398423069 81.2607784284155 81.0363029104821 80.7610742285772 80.5493163586635 80.4442800014257 80.2320016396019 80.0521511335357 79.7297372139583 79.7817681281735 79.7024937907716 -9999 79.5378272884784 79.4912441005026 79.3084625637552 79.0994165363735 79.1488973290776 79.0941508132241 79.0910148182623 78.9648924191394 78.9765847304503 78.9897942254991 78.9940360683929 79.1728511898591 79.2229730334247 79.0604611242421 79.075986947435 78.7401820498283 78.8163858695862 78.8352171075489 78.8251515580775 78.6235629197985 78.7395702783931 78.6599460238034 78.5743497154572 78.6148572525293 78.5467257399164 78.5776835688677 78.4969039784639 78.6352279977663 78.7652663080037 78.8690184436196 78.960058952398 79.0445241003052 79.3496117340441 79.4505505402921 79.5514351225882 79.679642642961
80.9568204916797 80.9889575483495 80.7679486316037 80.5626438412827 80.1943594037337 80.0120644880426 79.9666313687541 79.9013156101755 79.6691312889864 79.5777587413242 79.1868294255493 79.2925002489541 79.1962334772954 78.8869227598735 78.9659146481874 78.9245793173963 78.7273410796832 78.7012415798317 78.7290285054518 78.510628629089 78.5293969500673 78.5063818257517 78.438724706026 78.4687576976975 78.5374805742696 78.6321438834541 78.6456785623934 78.6172751174662 78.6041295058465 78.2643296032005 78.3119231822643 78.3481810592953 78.313699272386 78.1908414879249 78.2316842542076 -9999 -9999 -9999 -9999 78.1544728181714 78.1697793586497 78.2996563704554 78.4117756327118 78.5578539712616 78.704310562246 78.8248090228487 79.0733618786054 79.1918369995345 79.2562368277699 79.3600241595623
80.4093914591229 80.3894195593804 80.1605169567294 79.952716414052 79.4386065836689 79.3879114058681 79.3540089502225 79.2226552507807 79.112091715893 78.921630003877 78.6419715041227 78.6796748977975 78.5645907205388 78.2124726945177 78.3570138368819 78.3965111585617 78.1638977262104 78.2448999880144 78.2222828263753 77.9818776009851 78.053146627498 78.0758483112249 77.920111557083 77.9824852749586 78.0495916144739 78.0950271046999 78.0706041724282 78.071796558772 77.9493718958496 77.7488497278059 77.8948919856386 77.9088211737105 77.9317714031512 77.8563297317872 -9999 -9999 -9999 -9999 -9999 77.8100164307986 77.8583993966531 77.9743941303093 78.0594884502748 78.1913492220402 78.426446201226 78.5774325472404 78.7350612157841 78.8680910854864 78.9529410706351 79.1054797273862
79.5798286391486 79.0311649977226 78.6109146052155 78.3727478811485 78.195747370137 78.009240079401 77.959788328845 77.7908688279893 77.507902757369 77.3632516278084 77.3368659601994 77.4558748162436 77.1087759001079 77.1489372843451 77.2231409054955 76.9524489833675 77.0898603636553 77.2116612924053 77.0504339878448 77.1565934250591 77.1321849160042 76.9743757615573 77.0162682319266 77.1285450342664 77.1582236739709 77.2402864119572 77.0938182020551 77.1296952624383 76.948587614503 76.9940968909624 77.1064855343994 77.0029949480468 77.0114946906349 76.9898439020236 77.0587410659001 77.0707610218428 77.0287516376971 77.0794759994164 77.122829489003 77.2250393529967 77.2684148559047 77.3174561220503 77.4994937072528 77.681977573928 77.7592302010817 77.8005824548362 78.1362702226009 78.1499102360934 78.3070051008806 78.5349946762222
79.067545477877 78.5314942638895 77.9497796293978 77.7281094831068 77.547167208253 77.3279583802318 77.3647031959059 77.1694678744482 76.6458258565438 76.5925670577163 76.7061971874163 76.7733544137344 76.5847025713132 76.5778095177885 76.6724722170818 76.4845778115221 76.6231116226585 76.6610967636847 76.4759187657841 76.7167700614452 76.7375810135758 76.4714204733295 76.6243582109651 76.7476030485148 76.6432842125693 76.8279774481013 76.6292168031799 76.8010116086491 76.5825852800015 76.6942069944544 76.856616505056 76.6706738472525 76.7486843619928 76.6593439371364 76.8353087045712 76.7350099779988 76.6557855018349 76.6937817532409 76.8736632477735 76.9451084588355 76.8806884371737 77.0126635440891 77.1928698449923 77.3122794560104 77.4131971364934 77.5156192162419 77.8685606736413 77.9326330568694 78.0648139594025 78.2889656391042
78.4467568876717 77.7780109992934 77.51678798286 77.1884083915631 76.9484234141601 76.74490232278 76.7063859675478 76.4175891141577 76.1109140393301 76.0241783241689 76.0977295937846 76.0898090902167 76.0173282248448 76.1099380765734 75.9708289325814 76.0146370557032 76.1250797848238 76.1795445741822 76.0787228028604 76.2372215821323 -9999 76.1289612160936 76.2279147009703 76.2519556223179 76.2347966483489 76.3765490073409 76.2128094758922 76.3844389389052 76.1920979247287 76.3823996835639 76.5057213807886 76.3944409120418 76.4991244515395 76.3912424605078 76.5556878937995 76.421303984914 76.4272370409793 76.5063792158126 76.5533217104837 76.6876055524932 76.7049282291928 76.7931246740582 76.8268494719129 76.964140649042 77.0958675215284 77.1720981868864 77.585683339045 77.6925866309375 77.8485168730402 78.0615611373528
78.0472850593042 77.111706550407 76.940424782993 76.6846789024897 76.3869791156327 76.2278782925166 76.0776312184892 75.6710709891738 75.5727969944453 75.4996767354464 75.5184023154736 75.3277298043697 75.5078169861707 75.619511298646 75.4315846669733 75.512977551377 75.6300546577579 75.7622191315932 75.6347886264679 75.7593924569277 75.8162881709496 75.7360609617431 75.7734533853716 75.7896684032942 75.8900203750486 75.9716950020819 75.8673329864957 75.9398393135655 75.8617721804827 76.0292467163619 76.1151579369527 76.0415591458532 76.0473698557723 75.9824212388456 76.1952368731909 76.0831089771912 76.1452920516786 76.2636546490582 76.2090542499665 76.3703058814662 76.4918409655657 76.573394915545 76.5759017659863 76.6512003931772 76.7468830211243 76.8276677978366 77.2793153015527 77.4933085381122 77.6495428674639 77.7587362941106
77.7290846768364 76.7262728478244 76.4735959218126 76.195259221418 75.9030939475071 75.7355614784274 75.3139250718427 74.9834386817495 74.9006506425257 74.9089730843925 74.9534947638371 74.7859654976255 75.0705567732779 75.113987343749 75.0101741054649 75.0880907226261 75.246179412798 75.3481709551768 75.2219738262453 75.3688784295366 75.4175527778553 75.2967362761819 75.3093908733027 75.4662080754563 75.5412269841868 75.6231495538341 75.5485210824205 75.6556513543547 75.6839490812235 75.7618545017132 75.7925037319289 75.6624653599801 75.7206262738883 75.7880954744314 75.9171933919206 75.7797067853288 75.8478278935146 75.9554780041798 75.946617475358 76.0277284163338 76.1779374843837 76.2781138767217 76.3521612653771 76.4625995643989 76.5501329329496 76.6262061086348 76.9636057937591 77.1979711391746 77.3601822977434 77.4521813245156
77.3827043479477 76.3489373907097 76.1391876134994 75.8618407908422 75.5502918965996 75.329622277246 74.7318666213757 74.4573758191822 74.3730649249648 74.3879455139243 74.4663392422167 74.3603233060263 74.6311675488501 -9999 74.591033460638 74.7242399819325 74.8390458816185 74.8209522852286 74.8750743695024 74.9722307827724 75.1080295828807 74.9427101119298 74.986288534933 75.1319245779342 75.2009486302861 75.3325219814938 75.2203113534292 75.3662190887775 75.4355786743073 75.3875933481301 75.47825854161 75.4001683764419 75.4816108853571 75.6188589792076 75.5127297148159 75.5097539241922 75.4932011265471 75.6422536203172 75.7340675860782 75.8142547134822 75.8861162268708 75.9553269526911 76.0413008228878 76.2701679482869 76.4181076649979 76.5431261885102 76.6221836061557 76.8424402375751 77.0894156439473 77.1909721624803
76.9397174053117 76.0276626506716 75.8909194074262 75.6386093908095 75.1807804544896 74.9506779498888 74.4588377574835 74.2306255373099 74.0692201457955 73.970300566504 73.9422059882207 73.9415003640083 74.2619209666156 74.3731172980978 74.2446720976445 74.4164566351264 74.4824110049836 74.433574156725 74.5308343310562 74.6086543893967 74.7812819253347 74.608691922578 74.6522572567298 74.7997837631925 74.8950720863678 75.0225780173626 74.9097871691967 74.9875876611053 75.0724605456156 75.0119967397868 75.1852700088877 75.2815280293744 75.1985478673302 75.2511163308667 75.1691353379002 75.2754299121401 75.2958359782488 75.3482396447202 75.4679823203124 75.6529815018125 75.741869352115 75.7135625232668 75.8409837646683 76.0238727954213 76.1610799852619 76.3540750888869 76.2963054710442 76.5785257707586 76.7722949602718 76.9210777889298
76.3924669539514 75.6777286953225 75.572823642596 75.3756098871992 74.9554996348483 74.5364788666283 74.266480690189 74.0521845056108 73.9336537669171 73.8660269464623 73.6307188163466 73.7153153972628 73.8959954884424 73.8787357374095 73.9099149848769 74.0755534244138 74.149087580257 74.1577512833071 74.2428624818654 74.2856053469182 74.3979097261367 74.2628854325555 74.3689222831338 74.5585624870893 74.5644047775202 74.733116694876 74.7620057510282 74.7226591489704 74.7625610220229 74.6967072381958 74.8935262159095 75.0063784747868 74.8128205732657 74.7996463260958 74.824004357481 75.0493919365619 75.1206855440957 75.1180813487933 75.2017922501602 75.3727013183343 75.5374945898949 75.5640236749774 75.6243111024974 75.7658072174763 -9999 -9999 76.1281811378746 -9999 76.5435698132819 76.6582819964237
75.9330151927163 75.4044737809478 75.3252258308304 75.1397515819766 74.816472041773 74.3242764195912 74.1838420080379 74.0085686204479 73.8457787956376 73.7940157857602 73.4441661071583 73.581629001867 73.667425487761 73.4950128285142 73.5885851106303 73.7645802755101 73.852946448694 73.8153711393169 73.8739027256383 73.9865648974695 74.0409127491269 73.9999111223717 74.1247995939663 74.3052510071924 74.2982679035913 74.475647387169 74.5618797597611 74.4492675901855 74.5331087423658 74.5460840846048 74.5557419792388 74.6486111126247 74.5756498065387 74.5472088017772 74.5663038262212 74.7334833839087 74.8947222266126 74.9765547124503 74.887230670384 75.0498557085342 75.2047032817696 75.3421378123177 75.3807506151865 75.4582466230586 75.6610861384127 -9999 -9999 76.1956784001904 76.3935867940223 76.4590491864209
75.6671386545936 75.2941683905095 75.1313641992145 74.92940061359 74.7115021856539 74.2262395479561 74.0543930167009 73.8659083283274 73.7135534241985 73.5585886619171 73.2578493340634 73.3161422042718 73.4364909090025 73.2657730434043 73.3465669892512 73.4898398711832 73.605485659625 73.48236511874 73.5283683450207 73.7260337606385 73.8022835308518 73.7718700996539 73.8205223751474 73.9617300357444 73.9714765718212 74.1421437181193 74.2026843385298 74.1708594349585 74.2509319926992 74.3482370727721 74.2478768995442 74.2665527212387 74.3518192689031 74.3375725866875 74.3415525404551 74.4448757338611 74.6333197332026 74.8089331538115 74.742722234902 74.7965467556681 74.9103498415757 75.0763285400942 75.2578277229004 75.3377445498608 -9999 75.5455966671361 -9999 76.0604530289777 76.2233312005986 76.28731122842
75.5310996412291 75.1410545257357 74.9156731172273 74.6537201485252 74.4024639718598 74.0017722532621 73.8052340511935 73.6344659469842 73.535552800966 73.3808644579464 73.134432278925 73.1278308730461 73.1723772207755 72.9975160576299 73.1404863217694 73.2233277646761 73.3611977150677 73.1757660702298 73.3270749285402 73.484314975444 73.549711125741 73.4004779846549 73.5173033177575 73.6828908553264 73.6525460383751 73.8960909501182 73.9234954957756 73.8378523140475 73.9252935485553 74.0383916562989 74.0400968404179 73.9302295717259 74.0911454033756 74.1667341507276 74.1380222796919 74.2754435267021 74.3101340361952 74.5698359284482 74.5583133609242 74.5979153167452 74.6456587118047 74.834468126899 75.0372690743463 75.1903810924135 75.263582383334 75.3706661984595 75.5489237844941 75.7992914383976 75.9477119560618 76.0342007048916
-9999 -9999 74.4659736819874 74.2501466008963 74.0083942101219 73.5738576622817 73.3905131000728 73.2485077187538 73.3154509193433 73.1498840651719 72.7453846128147 72.7587208842283 72.6904517712528 72.6502325163767 72.6493478962865 72.8167467960753 72.7671149217761 72.6638799407918 72.8119568349174 72.9247916570523 73.0233169842678 73.0604441310817 72.9971328184151 73.1760306675925 73.2473079863097 73.2192693365629 73.3320804945826 73.3408287564755 73.3211255668717 73.4047194000044 73.4257028802838 73.4981232850608 73.5618334426155 73.7280556555649 73.8045488891856 73.9020821924709 74.0029097704617 74.063444948263 74.0070960529003 74.2239363754716 74.3968066110848 74.4739968946177 74.6034504160947 74.6687694352116 74.8178716788693 74.9253706660777 75.2081586881934 75.286462533112 75.4769256825867 75.5361099702754
-9999 74.4772214642731 74.2413664566377 74.0326312339067 73.7229957895131 73.4578906931831 73.2856884661934 73.129758865916 73.0109903127379 72.7662668115264 72.5631678747361 72.5943833313684 72.5561570399675 72.4174249794238 72.4749139570648 72.6128718146032 72.5334628011113 72.4618014607291 72.617267980035 72.7008918619928 72.7341655102798 72.8749742484344 72.7572821083149 72.9385088153333 73.0963470877253 72.9540263440547 73.0959340704698 73.1164238567923 73.212524156144 73.1195537265606 73.2096486341028 73.3612417377115 73.3563306431379 73.5217965433587 73.5591176558753 73.6485436251791 73.7792653408057 73.9154474501695 73.8987110465258 73.9426962080665 74.1702798014402 74.2752630786549 74.4869481868793 74.5902946625102 74.5672490650702 74.6714157707837 75.0738472069816 75.1114963199805 75.1741367009841 75.3028665192881
74.5475721702525 74.1578235016208 73.9251360047365 73.5617000846963 73.391621633639 73.2289307212858 73.1256581474946 73.0214991383259 72.8314927071294 72.6437568739422 72.4481193545133 72.4315972619034 72.4039262679894 72.1826017262426 72.3021346806892 72.4095940478165 72.4050423398208 72.3821302231598 72.4341981381553 72.4319640027629 72.5386581648243 72.6232936868817 72.5050400590785 72.6455238202636 72.8237553342766 72.7367740761846 72.8731528525156 72.9000442207025 73.0050883592884 72.9373873660786 73.059828192944 73.198928808058 73.2567618807043 73.2776206691427 73.3686029235814 73.5105052299266 73.5574413429253 73.6789407795759 73.786941790405 73.7838809376478 73.903035210665 73.9891685524299 74.2736067466605 74.4986139728952 74.4359504408454 74.4430795030389 74.866884951934 74.9442102998664 75.021193435852 75.1198759221732
74.3178780003269 73.8958218343916 73.6043669278373 73.1869371642208 73.1972391621522 73.053978337394 73.0371109381202 72.8949485749865 72.7780881085994 72.6943494775525 72.3553755493901 72.2508944793618 72.2641157477167 72.2344908643702 72.1184755566989 72.2148439174186 72.1865648963283 72.3036622503312 72.2003657951947 72.2268382573057 72.3267824189775 72.4663409940522 72.4120378789914 72.3757551118939 72.6197158094587 72.5997437958269 72.5907452708713 72.6758158260865 72.7432727338017 72.7706322957559 72.8841406014788 72.9610291991208 73.1057016283069 73.1584852353069 73.1319641397096 73.306564766721 73.4655305999204 73.4587763511346 73.6126433534733 73.6581814755063 73.7500122883106 73.7820011092653 74.0548805916069 74.2916110268062 74.3613104536912 74.3304282646019 74.6284651442911 74.7194354792439 74.9241391857947 74.9948808535958
74.2259604850768 73.662247689734 73.4095792737037 73.1018823221777 72.9614659533412 72.8188700572449 72.7961725193296 72.6602393670469 72.5994774311285 72.380683864221 72.1583061196499 72.0980934222795 72.1948495569577 72.2398537238305 71.9793197020801 72.1027658026333 72.1213670857696 72.122309332673 72.0342491317964 72.0172511478992 72.1293515789965 72.3138118163261 72.3651281988385 72.1790520101082 72.4494084316743 72.5026971839062 72.3742203989111 72.4951035802631 72.5689457965152 72.624270929108 72.6092956022118 72.673855186535 72.9125238127389 73.0026419841176 72.991034311165 73.1267432821717 73.3164627157075 73.3248517277422 73.3833297402997 73.4869003853676 73.644947250315 73.737861097071 73.953751736762 74.0099588487802 74.1542353775104 74.2254503274501 74.3763850748041 74.5600784474659 74.7570464770289 74.8645916172575
74.0417905794794 73.5871481088669 73.3681976621947 72.9749736185251 72.7640027020189 72.7175978146604 72.5601593286201 72.4657744131999 72.3822185744233 72.106507442856 72.0399698587782 72.0278420034526 72.0560027027981 72.0028086772664 71.7537497908071 71.8670242817663 71.9054010298589 71.88638377926 71.8325694188806 71.8534882222089 71.936127733875 72.0843597996446 72.1050040784865 72.0046282174985 72.2162030557924 72.3614771596449 72.2704824366448 72.2521873450277 72.3899411722543 72.4890634818098 72.5147665546776 72.4749707555402 72.717212470278 72.7966375508898 72.9390903980258 72.9781699739483 73.0920741455646 73.2591642172126 73.2678525883566 73.3446477021574 73.4481500751953 73.5991742577491 73.8530183660539 73.8445091340144 73.9090915758574 74.0719424038759 74.2717213363042 74.4740314888879 74.5673319681239 74.7533515297575
