rcp8.5models/CNRM-CM5/sc1gr10.1
NCOLS 261 
NROWS 433 
XLLCORNER 336357.134 
YLLCORNER 654653.479 
CELLSIZE 1000 
NODATA_value -9999 
[rows 66 to 87 of 433, columns 50 to 99 of 261]
-9999 -9999 -9999 -9999 -9999 -9999 -9999 -9999 -9999 -9999 -9999 -9999 -9999 -9999 -9999 -9999 -9999 484.730338242166 484.450806901538 -9999 485.831302096506 486.18971519549 486.345185700234 487.112504198159 487.338793222026 488.619629474226 489.519566094421 490.030733146583 489.871876841984 489.876014433126 490.289724159951 490.747488933872 491.810932395436 491.825192516494 491.639515393033 492.511324708237 493.242103910234 494.163509236887 494.929318581289 -9999 497.036288317803 497.880061354683 498.547960095367 -9999 -9999 500.244308498445 501.204231266549 502.764138664126 503.985761786337 505.052826744588
-9999 -9999 -9999 -9999 -9999 -9999 -9999 -9999 -9999 -9999 -9999 -9999 -9999 -9999 -9999 -9999 -9999 485.941659932062 485.961220054435 486.591729256782 -9999 487.461472489633 487.840212775469 488.875203037991 489.334386837783 489.832975799256 490.647195201133 490.083194766427 490.877188490034 492.096409944307 490.903958808006 491.784185752858 493.000246323735 493.524129084125 493.029213081751 -9999 -9999 495.40815319279 496.015452040275 496.089067038764 498.319338208676 499.009455625985 500.03156599335 500.449664878669 500.651842031099 501.591565995334 502.838252245293 504.355702613715 505.140492804606 505.596712853499
-9999 -9999 -9999 -9999 -9999 -9999 -9999 -9999 -9999 -9999 -9999 -9999 -9999 -9999 -9999 -9999 -9999 487.779074919125 488.366318185202 488.54985558831 489.059433903191 489.874810314906 490.478556779654 491.093953920251 491.734853576342 492.211522217549 492.892828881501 493.876456606405 494.003953599364 494.455579100106 493.550556938852 494.50453114387 495.024432888261 496.057650436144 496.615330860178 496.14765761093 497.373049883823 497.988718328952 499.357035762898 499.556504188255 500.517096269968 501.732583699595 502.918088947026 503.951247698315 503.810819573733 504.911633037449 505.872422065912 506.701195356076 507.940487779946 507.539113606327
-9999 -9999 -9999 -9999 -9999 -9999 -9999 -9999 -9999 -9999 -9999 -9999 -9999 -9999 -9999 -9999 -9999 488.954551481584 489.241529747294 489.740671106846 490.534892972196 491.309861968357 491.725625534925 492.337871776707 492.796874266278 493.462136212025 494.429018569527 495.368632577102 494.958357875157 495.746720592314 494.8536405723 495.482655609969 496.345366221216 497.054870979316 498.424697825085 497.792316568595 498.62756376386 499.592572341765 500.408814411307 501.407388777456 -9999 -9999 504.587869813599 505.464305244452 504.931541149318 506.206505641876 507.021080903204 508.159820304674 509.177909946094 510.29313481522
-9999 -9999 -9999 -9999 -9999 -9999 -9999 -9999 -9999 -9999 -9999 -9999 -9999 -9999 -9999 -9999 -9999 489.91184985326 490.415390991958 491.187652605424 491.941472578853 492.3373270093 492.931135418662 493.37160741382 493.684025482598 494.954824661288 495.555940003503 496.43741489468 495.884454569551 496.840949467415 495.956543107535 496.779179802871 497.478141706723 498.498768252755 499.808662888115 499.016043770618 499.974502895578 500.782733900181 501.775710397762 502.625806138923 503.622168047368 -9999 505.841181308339 506.59838260211 507.209986867314 507.318239991531 508.173375547901 509.925532643936 510.759709591635 511.485107467574
-9999 -9999 -9999 -9999 -9999 -9999 -9999 -9999 -9999 -9999 -9999 -9999 -9999 -9999 -9999 -9999 490.045597654394 490.739420304255 491.809979303788 492.230355199152 492.91968392739 493.179461188338 493.91811760103 494.230769391719 495.335340737743 496.061014318318 496.781345227246 497.34024074742 497.163100866167 497.76868464777 496.881134722475 -9999 498.893942201238 500.027804332605 499.844891141345 499.998282918715 501.134726742918 501.794294169567 503.425416415519 504.105678812216 504.912859668866 505.984269989931 506.91133548023 507.703272275657 508.945385108845 508.894474068221 510.050617911828 511.314724719576 512.412252708084 512.164660611713
-9999 -9999 -9999 -9999 -9999 -9999 -9999 -9999 -9999 -9999 -9999 -9999 -9999 -9999 -9999 -9999 491.16608235046 492.312851659506 492.837461755036 493.374621846736 493.745733869879 494.329251941618 494.759270851824 495.852823505532 496.559421829806 497.263897853857 497.806631955841 498.217799104369 498.681184229808 499.481780042681 498.600956437055 -9999 500.054319843338 501.139068996092 500.339506726 501.302306200781 502.11858365601 503.581147757868 504.666978851401 505.691536304118 505.951640503391 507.198578126494 507.979588040795 509.108716513173 510.489823347902 510.553274173713 511.556946778027 512.431941786161 513.697435937892 513.234172466809
-9999 -9999 -9999 -9999 -9999 -9999 -9999 -9999 -9999 -9999 -9999 -9999 -9999 -9999 -9999 492.215576171875 492.084722753514 493.446739219908 493.962287514813 494.311463619046 494.874735765726 495.28441038475 496.358904374342 497.045569798821 497.396650549295 498.246884397352 498.654972025831 499.409352576245 500.092573016792 499.796012768521 499.861075168285 500.40271874339 501.31165240307 502.068893070166 501.616200102642 502.4211368197 503.54620280587 504.952866677081 -9999 505.945325737303 507.295322194004 508.244693930957 509.491595733456 510.750729103725 510.940453356676 511.796056006986 512.640767334468 513.47878189954 513.968300864117 514.387918374103
-9999 -9999 -9999 -9999 -9999 -9999 -9999 -9999 -9999 -9999 -9999 -9999 -9999 -9999 -9999 492.714199621202 493.575215299194 494.542566224573 494.868874500136 495.075313810324 495.78141831842 496.517883733629 497.504494297401 497.853260266476 498.536421365368 499.072460129262 498.51541425054 500.831882694896 501.099415747267 500.213794577939 500.730087377069 501.62873351312 502.375939791998 502.030431682574 502.704541352805 503.820654877417 505.054965238777 505.915938624821 506.947632670361 507.356438296341 508.482242629874 509.727808748329 511.049378090025 511.140289498018 511.530177266492 512.855583795849 513.728935903422 514.866648413387 515.057185668234 515.987893994815
-9999 -9999 -9999 -9999 -9999 -9999 -9999 -9999 -9999 -9999 -9999 -9999 -9999 -9999 -9999 493.879877421946 494.622334968651 495.397258182867 495.60285165938 496.145758566185 496.995219291266 497.486457936591 498.276654955635 497.652308338713 498.463188539884 498.871379668099 498.854789117837 500.884544608841 500.958558715647 501.043460442631 -9999 502.660506476465 503.257894117847 502.800998656967 -9999 504.967486483693 506.150005769018 506.861415879576 508.058622123349 507.900595886406 509.92672207969 510.970866569023 512.247172408147 512.581986219269 512.878828190272 513.941726789001 515.56512242013 516.549757049278 516.40670528775 517.633483357176
-9999 -9999 -9999 -9999 -9999 -9999 -9999 -9999 -9999 -9999 -9999 -9999 -9999 -9999 496.393249511719 496.208884355386 495.407080130205 496.113857740218 496.642831143445 497.469643167549 497.939026766038 498.563904383815 498.05369676158 498.274983779256 498.791731422593 499.19680716135 499.96245325777 500.279283362859 501.319808211984 501.863669319613 502.764061939614 502.552274250353 503.16391054174 504.302996067715 505.187678458981 506.188459726661 506.122530224084 506.852803749487 508.085754801006 508.848352316135 511.145107977523 512.276530348627 513.227801221805 513.19592726828 514.090389281187 515.43237944914 516.978383859526 517.001259987684 517.480099829738 518.874654956339
-9999 -9999 -9999 -9999 -9999 -9999 -9999 -9999 -9999 -9999 -9999 -9999 -9999 -9999 -9999 497.398802707418 496.432522953803 496.795191466406 497.916520247401 498.381145557505 498.985336162809 499.433461595798 499.670507179214 499.181023033508 499.535412856549 500.742320428809 501.354286299382 500.61819973327 502.118693671586 502.670291588584 502.779483234847 502.918910510541 504.009763239455 505.376915402831 505.108119883719 506.294345789704 506.550168763856 507.624054420079 509.006217461291 510.334953431993 511.223455533395 513.379229694107 513.316905916918 513.749599487403 515.54464828044 516.638523716552 517.131977539487 517.596441897648 518.832094302817 519.932778665851
-9999 -9999 -9999 -9999 -9999 -9999 -9999 -9999 -9999 -9999 -9999 -9999 -9999 498.111267089844 497.983211340232 498.372160026021 498.224189376417 498.258618797833 498.806228439242 499.395965504369 499.822193123427 500.127818303081 499.955873854182 500.329214648612 501.060922038676 501.849299849644 502.310559289463 502.682866066525 502.894764357725 502.825742535611 503.114806510002 504.194098782257 505.389636714826 505.259357787546 505.488253999731 506.691544662632 507.428592524418 508.684189304154 510.142759411288 511.387870695149 511.667713053392 513.433486796396 513.85457394429 515.489285979585 516.723292120046 516.761295283463 517.680303416972 518.631380487319 520.065633505669 521.371026691503
-9999 -9999 -9999 -9999 -9999 -9999 -9999 -9999 -9999 -9999 -9999 -9999 498.686004638672 498.541894217026 498.904801156615 499.132745812929 498.690212879269 499.238976625949 499.459512786603 500.184687535483 500.484247362906 501.131446242979 500.666756543404 501.215827472717 502.116766399879 502.565296250796 503.36825746893 504.021704468741 504.450097217697 503.756631240909 504.355858127545 505.542496521925 505.395933138721 505.614208377727 506.648696620882 507.534027536702 508.296363393285 509.980773473419 510.092460565225 511.367387506717 512.57340280137 513.925307044093 515.218883045355 515.942211068844 516.811823911902 517.283092137884 518.677166907724 519.641092214621 521.042602764458 521.817509132567
-9999 -9999 -9999 -9999 -9999 -9999 -9999 -9999 -9999 -9999 -9999 -9999 499.61103104647 500.424069025219 500.660507407713 501.273827178119 501.564146441981 500.768210863573 501.156902198899 501.429062858793 501.091508185833 501.74616958244 502.463354867883 503.021054384705 503.455007638137 504.253657151403 503.914779985642 504.434817099689 505.296023793892 505.438680194333 506.405967648676 506.259499762316 506.944436270031 507.506098650586 507.456748351975 508.207824407474 509.537706677276 510.495996297301 511.324946018016 512.60622632884 513.291217289623 514.785130517893 515.937702776407 517.274069871841 517.36297491711 518.743550421009 519.274575193519 520.971441154103 522.125608448341 523.379860387927
-9999 -9999 -9999 -9999 -9999 -9999 -9999 -9999 -9999 -9999 -9999 -9999 -9999 501.228010832056 501.718884517517 501.971003844443 501.093155570534 501.480601561396 502.183896564192 501.807938128727 502.007521149886 502.689938785825 503.226921669018 503.64208788966 504.422797531895 505.513947893734 504.580944783204 505.65103802804 505.519153196952 506.14181973866 507.278025779339 506.518234301574 507.23026776479 508.891633656314 509.152592400427 509.220979109045 510.473075963447 510.364383136406 511.213722258768 512.528162448317 514.773154593988 515.85485064321 515.91611825013 517.290985065945 517.791015991888 519.21250189725 520.253295769766 522.352824598687 523.268886680694 523.538651942526
-9999 -9999 -9999 -9999 -9999 -9999 -9999 -9999 -9999 -9999 -9999 -9999 -9999 502.15571245708 502.371561192373 502.485763855575 501.528927803306 502.473675026692 503.273468032087 502.283978296068 502.564866393516 503.408817939645 503.813213412457 504.574824178719 505.646627888669 505.353485359015 505.749498221676 506.453741331583 506.185848600854 507.154674664681 507.004456457386 507.689548084819 508.739848365788 509.844244160809 509.661726794897 510.308687577078 511.23507042871 510.673051317443 511.536942820949 512.86281616963 515.81064081433 -9999 -9999 517.715336275471 518.642307196573 519.309662396935 521.52700502126 522.095554546008 523.354412616901 523.971445182471
-9999 -9999 -9999 -9999 -9999 -9999 -9999 -9999 -9999 -9999 -9999 -9999 502.581687676579 502.766597398692 502.852892672785 503.305885597355 502.622180847054 503.527694222082 503.953329098851 502.811017982839 503.439554885613 503.965525921387 505.168902348502 505.769782217225 505.443882788653 505.48412995383 506.507359998758 507.073511026238 507.164938974752 506.994961816219 507.668559647237 508.601396132634 509.823436936433 510.547085038676 509.927165563299 511.187878397848 511.069608416435 511.456092005386 512.622959594318 513.19097618864 515.732434828307 -9999 517.469683853272 518.5359585176 518.670127055819 520.123955312202 521.783972587749 522.352471004957 523.82630612926 524.812122099199
-9999 -9999 -9999 -9999 -9999 -9999 -9999 -9999 -9999 -9999 -9999 -9999 503.256994679355 503.2143551571 503.639342619262 504.369747480334 503.294851053273 504.171951326275 504.450938317495 503.647059827041 504.107024761507 504.950401335033 506.065257526893 506.526616792444 505.550019846118 506.387943840474 507.092268641798 508.132032228489 506.960199976738 507.622584676268 508.524219198902 508.291018916348 509.531583522885 510.294784234768 510.635172088973 511.893977944336 511.352626824078 512.635612698298 513.074212309973 513.730492748245 516.07521792023 517.0717405876 518.930740544366 519.814230371482 519.511669999178 521.207454247738 522.147859818405 522.357901733675 523.847026109973 524.916952732011
-9999 -9999 -9999 -9999 -9999 -9999 -9999 -9999 -9999 -9999 -9999 505.085028634525 503.652886969544 504.420467381483 504.690211367527 505.012155464554 504.075846703609 504.634276146549 504.233883172773 504.24689507374 505.055793675903 505.998015716696 505.572595194382 506.025444259274 506.070068456436 506.082904735843 506.64557199336 507.455972029003 507.550900662421 508.440739072373 508.175003183772 508.456358412764 509.687947787036 509.53050518029 510.360128618898 511.680244898129 512.516476533125 513.581643434353 513.576314735753 514.491386118983 516.819378492216 -9999 519.073748066985 520.033652294985 520.597034196146 522.07435187303 522.990683052926 522.743778529561 524.27961637231 525.801544836987
-9999 -9999 -9999 -9999 -9999 -9999 -9999 -9999 -9999 -9999 -9999 -9999 504.839567407 505.162642271974 505.62145976815 505.778248784858 504.636932206158 504.375546894003 504.363059575313 505.147604544238 504.706106504373 505.588400677502 505.593186519956 505.050806606814 505.556116283948 506.13777280715 505.708161766725 506.322539643192 507.349555460238 508.047029631314 508.298106865669 508.423880870948 509.357464048629 509.669845276292 509.591702634786 511.37911578003 512.480626758433 513.378774496182 514.300675126024 515.248168893698 518.016910917404 517.684147457073 519.376705025725 520.382434820678 521.432943031727 522.858865325771 523.008219997424 523.656441528693 525.603558463466 526.863058934881
-9999 -9999 -9999 -9999 -9999 -9999 -9999 -9999 -9999 -9999 -9999 506.80092566527 505.529813191263 505.878200273656 506.14213989387 505.257846008691 504.987012696283 504.49774521472 505.226900685798 504.754091880944 505.019129255714 505.58663364885 505.026121427588 505.054559028612 505.916839144657 505.620331432879 505.750923878349 506.833797286833 507.425461993573 508.127108871745 507.904888474941 508.697514966589 509.471390681557 509.350263247098 510.195380014756 511.770074133021 512.625629612584 512.645595445405 514.057101487454 515.057232821593 518.126396099189 518.682450418538 520.102797212887 520.258456860682 521.361055507269 523.250966972082 523.761236736696 524.039586923719 525.802611090737 526.878174261
