rcp8.5models/CNRM-CM5/sc1gr0.11
NCOLS 261 
NROWS 433 
XLLCORNER 336357.134 
YLLCORNER 654653.479 
CELLSIZE 1000 
NODATA_value -3.4e+38 
[rows 330 to 351 of 433, columns 147 to 195 of 261]
88.1057357788086 88.495735168457 88.6099548339844 88.7045974731445 88.6899490356445 88.7231063842773 88.8745956420898 88.9043045043945 88.9335174560547 89.0904693603516 89.3885498046875 89.5695114135742 89.6128845214844 89.6084823608398 89.440299987793 89.4416275024414 89.1344528198242 89.3233337402344 89.7794876098633 89.8162155151367 89.7073211669922 89.5094680786133 90.6296157836914 90.322639465332 90.2976608276367 90.7966384887695 90.9020156860352 90.6221466064453 89.6422729492188 88.9178237915039 89.971061706543 90.7344665527344 90.7863006591797 89.5355072021484 88.8855285644531 87.3657455444336 87.7434310913086 87.077766418457 87.1558303833008 86.1256484985352 85.132453918457 83.9926452636719 83.0482482910156 82.3127975463867 82.2185134887695 83.842155456543 84.4186172485352 84.1710510253906 81.9146194458008
87.958625793457 88.2214584350586 88.4407501220703 88.595947265625 88.6298904418945 88.5703506469727 88.7748718261719 88.8870620727539 88.9377517700195 88.9131011962891 89.1520843505859 89.0358428955078 89.3686065673828 89.3968048095703 89.1740875244141 89.1990814208984 89.2402114868164 89.4313201904297 89.4867248535156 89.342903137207 89.4362487792969 89.3947601318359 90.7866744995117 90.2151412963867 89.3889083862305 88.9395217895508 90.7454223632812 90.5585708618164 90.638069152832 90.0427856445312 90.5642852783203 90.8183441162109 90.0483474731445 87.1652755737305 87.358154296875 86.8764343261719 87.5323715209961 87.4179458618164 86.9741744995117 85.8113784790039 84.7178192138672 83.1957931518555 81.7748489379883 81.2626953125 81.2569274902344 84.3860397338867 84.9966888427734 83.3366241455078 81.3304595947266
87.7371368408203 87.9723205566406 88.2286758422852 88.5597610473633 88.6501846313477 88.6166305541992 88.7838134765625 88.8207778930664 88.726936340332 88.7997817993164 89.0514068603516 88.688362121582 88.9358978271484 89.1980972290039 89.2128067016602 89.0301055908203 89.1101989746094 89.0667343139648 88.9229888916016 89.0032577514648 89.1544494628906 89.4258651733398 90.4369583129883 90.9658813476562 90.0952377319336 87.8524017333984 88.4279632568359 88.9881134033203 90.3132247924805 90.4436187744141 90.6680068969727 90.5521774291992 89.3779678344727 85.0453186035156 84.893310546875 85.3974914550781 86.1183624267578 87.0442810058594 86.4223709106445 84.852409362793 83.5359039306641 82.4537048339844 80.9496154785156 80.6739730834961 80.4552993774414 83.5357894897461 83.3612899780273 81.4231262207031 80.7218246459961
87.1722717285156 87.2528686523438 87.5632705688477 88.1809310913086 88.441780090332 88.5703735351562 88.7362976074219 88.7897186279297 88.6791229248047 88.8268508911133 89.1517562866211 88.7220077514648 88.7515869140625 89.1404571533203 89.2771682739258 88.9423522949219 88.7174072265625 88.6329498291016 88.5225296020508 88.4429626464844 88.8401260375977 89.377326965332 89.9925308227539 90.6637344360352 90.8003463745117 89.0504684448242 86.80908203125 87.0537109375 88.6294708251953 88.6814575195312 89.6463470458984 89.3036727905273 88.6421432495117 84.4815826416016 83.2511367797852 84.8521423339844 84.8269424438477 86.423713684082 85.1009826660156 82.7050170898438 81.9877471923828 81.5279998779297 80.6482391357422 80.545539855957 80.2358932495117 82.6225433349609 81.0877151489258 80.8118209838867 80.4743118286133
87.0869674682617 87.1271286010742 87.3261642456055 87.8851165771484 88.2473220825195 88.5345458984375 88.6622085571289 88.8877639770508 88.9647216796875 88.8760147094727 89.0615463256836 88.7047805786133 88.8468704223633 89.1618499755859 88.9651412963867 88.646354675293 88.3254928588867 88.1835174560547 88.0014114379883 87.9515762329102 88.5706024169922 89.2401428222656 89.3218994140625 90.0340270996094 90.7322158813477 89.1904525756836 86.2714538574219 84.9203643798828 86.3098526000977 86.5324172973633 87.1424407958984 86.4548645019531 86.0911178588867 84.0225982666016 82.5372848510742 83.8630599975586 84.5621109008789 86.1445770263672 83.8577728271484 81.1092529296875 81.1155700683594 80.7610702514648 80.25732421875 80.2749862670898 80.1110916137695 83.239013671875 80.866325378418 80.2867965698242 79.6452865600586
86.7236480712891 87.1356582641602 87.451301574707 87.895751953125 88.2113571166992 88.4209976196289 88.6277923583984 88.812126159668 88.9415435791016 88.8247451782227 88.8778915405273 88.5464019775391 88.6704559326172 88.6822814941406 88.4196472167969 88.2249755859375 87.8913421630859 87.3902969360352 87.0768585205078 87.5160064697266 88.3546524047852 88.9803848266602 88.4406661987305 89.5535202026367 90.3420562744141 88.4582214355469 86.0539321899414 84.4449844360352 84.2809143066406 84.4779510498047 84.8032760620117 84.1692123413086 83.6538009643555 83.3608932495117 82.2132263183594 82.4404525756836 84.7460708618164 85.4365539550781 82.5458602905273 80.8312301635742 80.812370300293 80.5051345825195 79.9013748168945 79.9642105102539 79.7709045410156 83.5315017700195 80.805534362793 79.3431625366211 78.5314025878906
86.4466705322266 86.1311416625977 86.4639053344727 86.8120956420898 87.3325271606445 87.9846038818359 88.3771896362305 88.3933181762695 88.3073043823242 88.2043685913086 88.4560928344727 88.1448364257812 87.7180099487305 87.5224304199219 87.2453460693359 87.0665893554688 86.9424819946289 86.471305847168 86.1288375854492 86.4276809692383 87.0289154052734 87.7297592163086 89.0558242797852 90.2586135864258 89.1962432861328 86.6609497070312 84.4009780883789 83.0691757202148 82.9138793945312 82.4636611938477 83.1890869140625 83.1845169067383 83.2702789306641 81.7862701416016 81.2565155029297 80.7979888916016 80.8356552124023 80.4406661987305 80.2432861328125 80.0619125366211 80.3623886108398 80.618766784668 79.620979309082 79.4296875 79.5302276611328 83.7729034423828 78.9086380004883 78.3800964355469 78.1500930786133
87.54296875 87.0830535888672 86.8474273681641 86.4742889404297 87.0694427490234 87.6335754394531 87.7227554321289 87.9285583496094 87.9303131103516 88.0054779052734 88.2985992431641 87.9619140625 87.4744338989258 87.0187454223633 87.2291870117188 87.6041564941406 87.5928649902344 86.9265060424805 86.3640747070312 86.5531845092773 87.1439590454102 87.7711410522461 89.2068099975586 89.9634780883789 89.2922821044922 86.5518188476562 83.9683837890625 82.6182327270508 83.1149520874023 82.1048812866211 82.9385223388672 83.3212966918945 83.1297378540039 81.7902145385742 81.1008834838867 80.6535339355469 80.421257019043 80.2536773681641 80.0955352783203 79.8298492431641 80.0250930786133 80.2377090454102 79.4234924316406 79.2725143432617 79.3832778930664 81.9434432983398 78.7000503540039 78.2545852661133 77.8992691040039
88.7102432250977 88.3925857543945 87.7841339111328 87.2658538818359 87.6591567993164 87.9195709228516 87.6728057861328 87.5061111450195 87.3663635253906 87.3886795043945 87.7775192260742 87.8452377319336 87.2762756347656 86.9347457885742 87.5305252075195 88.1958389282227 88.3272857666016 87.351203918457 87.0018768310547 87.2510681152344 87.9958114624023 88.0330810546875 88.7277908325195 89.5178833007812 88.8541564941406 86.2184295654297 83.5252838134766 82.3937225341797 83.288330078125 81.9188461303711 83.4401016235352 83.9462051391602 82.5935211181641 81.4728775024414 80.6804733276367 80.5021743774414 80.1865921020508 79.9597473144531 79.8340301513672 79.6147155761719 79.4763565063477 79.3633575439453 79.1938629150391 79.1166076660156 79.060302734375 80.4760131835938 80.0771102905273 78.0832061767578 77.6564102172852
89.069580078125 88.9113159179688 88.6721038818359 88.56494140625 88.5738296508789 88.7096710205078 88.5091323852539 88.0730590820312 87.8127059936523 87.592399597168 87.4963455200195 87.8560333251953 87.4269256591797 87.277458190918 87.9575500488281 88.9286270141602 89.0742263793945 88.0832748413086 88.0232162475586 88.327262878418 88.4399032592773 88.3196182250977 88.2616729736328 89.1769943237305 88.0698394775391 85.1774826049805 82.8019866943359 81.6504898071289 82.2438430786133 81.7762145996094 83.3409271240234 83.273681640625 81.6209945678711 80.6872482299805 80.3141479492188 80.177848815918 79.9056625366211 79.6618423461914 79.464485168457 79.3868713378906 79.2862854003906 79.1124877929688 78.9548263549805 78.9397354125977 78.9416275024414 80.0652160644531 80.0590362548828 77.9816818237305 77.4395904541016
89.0607147216797 88.9806671142578 89.0076599121094 89.1099090576172 89.0671463012695 89.2025451660156 89.1774291992188 89.1384963989258 89.0715713500977 88.8459854125977 88.4510955810547 88.5346298217773 88.2598266601562 88.3180313110352 88.7601699829102 89.3393936157227 89.5380325317383 89.0096282958984 89.0580444335938 89.2057800292969 88.7919540405273 88.8113098144531 88.3344268798828 88.7615051269531 87.2214126586914 84.4946594238281 81.8417892456055 81.0113754272461 81.0015182495117 81.2225952148438 82.0564956665039 81.5551300048828 80.7994155883789 80.7291412353516 79.9267196655273 79.8200531005859 79.6962814331055 79.4763641357422 79.2924346923828 79.1276473999023 79.129280090332 78.9299163818359 78.6521148681641 78.6960754394531 78.6487579345703 79.6011428833008 78.6084213256836 77.6702041625977 77.3469772338867
88.8614959716797 88.8814010620117 88.9817504882812 88.991081237793 88.9299163818359 89.0000686645508 89.0165634155273 89.1054306030273 89.1412506103516 88.9829940795898 89.153564453125 89.1683502197266 89.1993408203125 89.3373336791992 89.1838760375977 88.974250793457 89.1673965454102 89.3488388061523 89.4587554931641 89.3944091796875 89.1890029907227 89.3089065551758 88.826301574707 88.5262298583984 86.3981704711914 84.5200729370117 81.8058700561523 80.7822113037109 80.5660247802734 80.7967071533203 81.6572036743164 81.4188537597656 80.4329833984375 80.5257110595703 79.8730773925781 79.5266036987305 79.4134216308594 79.2587051391602 79.1300582885742 78.8535232543945 78.8620147705078 78.8114471435547 78.4113616943359 78.3828201293945 78.4123077392578 78.8836669921875 78.3434524536133 77.4225769042969 77.2405624389648
87.9505920410156 87.9226303100586 88.2636489868164 88.290412902832 88.2277603149414 88.2295837402344 88.1012115478516 88.0179595947266 88.0479049682617 87.7117691040039 87.9244003295898 88.5231704711914 88.6908416748047 88.5915756225586 88.1630249023438 88.0962677001953 87.938362121582 88.5628967285156 88.899169921875 89.0049896240234 89.3125076293945 89.3827133178711 89.0014343261719 87.8742828369141 85.3467102050781 84.3326034545898 81.9678421020508 80.54638671875 80.2984771728516 80.4599990844727 81.3586196899414 81.6762161254883 80.139274597168 79.9822311401367 79.7911834716797 79.2995376586914 79.0847778320312 79.0262832641602 78.8713912963867 78.7096786499023 78.746223449707 78.6116180419922 78.2072601318359 78.1138534545898 78.1541519165039 79.7834777832031 78.8431777954102 77.265739440918 77.1043395996094
86.683708190918 87.1545715332031 87.4460144042969 87.5778884887695 87.5890808105469 87.6669540405273 87.3876953125 87.0923614501953 86.8630981445312 86.2552719116211 86.0913619995117 87.0465774536133 86.9331970214844 86.4485778808594 86.4656600952148 86.8561859130859 87.0033111572266 88.1057968139648 88.1095123291016 87.9166412353516 88.4138641357422 88.8044052124023 88.5791397094727 86.748420715332 84.5628433227539 83.4394607543945 81.5513534545898 80.444938659668 80.242073059082 80.1630630493164 80.4421768188477 80.7715759277344 79.9347305297852 79.7535247802734 79.4985656738281 79.2032470703125 78.9357681274414 78.7919311523438 78.6486740112305 78.6664733886719 78.6426544189453 78.3840713500977 78.0761413574219 78.004753112793 77.8642501831055 79.7806625366211 79.3896026611328 77.1715850830078 76.9339294433594
85.8069305419922 86.5336837768555 87.0889587402344 87.1594543457031 87.1319198608398 86.636474609375 85.9011535644531 85.8277816772461 85.5019683837891 84.878288269043 84.1832885742188 85.2802810668945 85.4032821655273 85.004264831543 85.0599212646484 85.753662109375 86.7091217041016 87.5048217773438 87.0808944702148 86.5397186279297 86.9933776855469 87.5071792602539 86.7563171386719 85.3060073852539 83.9580001831055 82.1987991333008 80.6899795532227 80.2167205810547 80.0470275878906 79.8724517822266 79.85498046875 79.9232711791992 79.6642990112305 79.5079116821289 79.4092712402344 79.1779022216797 78.8144454956055 78.594970703125 78.4684524536133 78.4191284179688 78.3306579589844 78.211799621582 78.0816650390625 77.8739471435547 77.6668014526367 78.4625091552734 78.5154800415039 77.3282928466797 76.8101348876953
84.9703369140625 85.072639465332 85.423225402832 85.8827285766602 86.2312240600586 84.9017715454102 83.6853790283203 83.980354309082 83.9206161499023 83.5558929443359 82.9344863891602 85.0782623291016 86.0052947998047 85.7782745361328 84.892448425293 85.4873352050781 86.2787475585938 86.6117706298828 86.5784454345703 85.9232482910156 85.6885833740234 86.0979461669922 85.069694519043 84.1660232543945 83.4349822998047 82.036262512207 80.8188552856445 80.202392578125 79.7242431640625 79.5794830322266 80.0853652954102 80.9096374511719 79.4729766845703 79.2029037475586 79.2323532104492 78.9296340942383 78.6648025512695 78.4307174682617 78.3801193237305 78.1774597167969 78.0301208496094 78.0244827270508 77.9425048828125 77.6953201293945 77.4354553222656 78.3310470581055 78.2837066650391 77.360969543457 76.8431777954102
84.8318405151367 84.3037338256836 83.7114181518555 83.7266845703125 84.307014465332 83.6379776000977 82.8317565917969 83.0393295288086 82.8334274291992 82.8258209228516 84.2026443481445 86.2539138793945 87.0235366821289 86.6203002929688 85.9444046020508 86.1239852905273 86.5702514648438 86.7325286865234 87.0698013305664 86.4474105834961 85.1421661376953 85.0122985839844 84.6044616699219 84.0576095581055 82.8654556274414 82.012580871582 81.1206741333008 80.0473556518555 79.5392761230469 79.5776214599609 80.8680953979492 82.4430694580078 79.8196258544922 78.8975067138672 78.8740692138672 78.5954132080078 78.5140838623047 78.2327499389648 78.209587097168 78.0074920654297 77.8518829345703 77.7913818359375 77.6483917236328 77.4563446044922 77.3076019287109 78.369758605957 79.7468185424805 77.4606781005859 76.8071670532227
85.093391418457 84.7660446166992 84.3515319824219 83.9202423095703 83.2544860839844 82.4143142700195 82.3987121582031 82.239013671875 81.9973983764648 82.4472961425781 84.3246994018555 85.1305770874023 85.8714370727539 86.8853607177734 86.8426742553711 85.6762924194336 85.7392044067383 86.7567367553711 87.1473236083984 86.9089202880859 85.7894439697266 84.7626190185547 83.9115982055664 83.2978897094727 82.422966003418 81.7968826293945 80.6398162841797 79.5221252441406 79.2445068359375 79.331657409668 80.9222717285156 83.298454284668 80.981201171875 78.6813430786133 78.634635925293 78.5475387573242 78.3461151123047 78.0053939819336 77.8561172485352 77.7491226196289 77.6592788696289 77.5515441894531 77.4180374145508 77.186279296875 77.0953140258789 77.9264373779297 79.3174057006836 77.35595703125 76.8827209472656
85.3756408691406 84.7268829345703 84.7081756591797 84.4109115600586 83.6377105712891 83.2609939575195 82.5713729858398 81.1584930419922 80.8370056152344 81.7779388427734 82.4863510131836 83.1884536743164 82.9875640869141 83.5448226928711 83.9468460083008 83.4903564453125 83.4577407836914 84.2930221557617 84.8430862426758 85.4874801635742 85.011100769043 83.5933990478516 82.6820755004883 81.5523452758789 80.3655853271484 79.8934173583984 79.5980682373047 79.0473403930664 78.7784805297852 78.8041839599609 78.7585372924805 78.8537979125977 78.9340209960938 78.0768890380859 78.3329086303711 78.4752655029297 78.4953079223633 77.7126388549805 77.4230728149414 77.4498596191406 77.2496185302734 77.1944808959961 77.1673278808594 77.0027770996094 76.7383804321289 76.6738815307617 77.3274002075195 77.5799026489258 76.7608642578125
84.3194732666016 83.0448532104492 82.6764068603516 82.6222763061523 82.8620071411133 82.7928466796875 81.2978210449219 80.4111404418945 80.5310897827148 81.6023788452148 82.1345672607422 83.0338516235352 82.9273681640625 83.1936111450195 83.3045959472656 82.6542282104492 82.3473129272461 82.6646423339844 83.2042770385742 83.7860565185547 83.7387237548828 82.7921600341797 81.8596954345703 81.0579071044922 80.3128967285156 79.3757705688477 79.2388534545898 78.9074096679688 78.6221542358398 78.6396636962891 78.4818496704102 78.3361282348633 78.1583251953125 77.7945022583008 78.0812911987305 78.1764526367188 78.1314239501953 77.561653137207 77.352668762207 77.1753158569336 76.9280166625977 76.9139862060547 76.9149398803711 76.7509918212891 76.4970474243164 76.4895629882812 77.0370712280273 77.1491317749023 76.4638214111328
82.9049682617188 82.2172546386719 81.5599899291992 80.6365432739258 81.0985488891602 81.1685562133789 79.7220077514648 79.5102081298828 80.1476593017578 80.9021224975586 81.3265380859375 82.9658660888672 83.2004165649414 82.9799118041992 82.6906661987305 82.221809387207 81.33349609375 80.9995040893555 81.5110092163086 82.7204818725586 82.6785278320312 82.1441268920898 81.2912750244141 81.4771270751953 80.722038269043 79.033935546875 78.7841339111328 78.7058258056641 78.4742431640625 78.3208999633789 78.1663970947266 78.1800918579102 78.0082168579102 77.5134506225586 77.8053741455078 77.7224502563477 77.5454330444336 77.3688735961914 77.0873641967773 76.8820571899414 76.655891418457 76.6466522216797 76.5403442382812 76.5109786987305 76.3105316162109 76.0693359375 76.3664932250977 76.5766143798828 76.2381286621094
82.1235046386719 82.1109924316406 81.3648452758789 79.4875030517578 79.3314666748047 79.2637710571289 79.1306304931641 79.434455871582 80.1127700805664 80.0886764526367 80.4383010864258 83.1887283325195 83.9071655273438 83.7806854248047 82.9233627319336 82.0100936889648 81.3434448242188 80.8213653564453 80.3918228149414 81.3571701049805 82.0712432861328 81.2518310546875 80.811393737793 82.063591003418 80.969841003418 78.8944091796875 78.5902328491211 78.4915313720703 78.2971572875977 78.0524978637695 77.9441604614258 77.9520492553711 77.8631134033203 -3.4e+38 77.4345397949219 77.3699569702148 77.4150924682617 -3.4e+38 76.8725433349609 76.7456588745117 76.4557571411133 76.3317947387695 76.164436340332 76.2212982177734 76.2236633300781 75.8414077758789 76.177131652832 76.3535385131836 76.0981140136719
