rcp8.5models/CNRM-CM5/sc1gr0.16
NCOLS 261 
NROWS 433 
XLLCORNER 336357.134 
YLLCORNER 654653.479 
CELLSIZE 1000 
NODATA_value -3.4e+38 
[rows 396 to 417 of 433, columns 98 to 146 of 261]
66.3286285400391 65.3703536987305 66.036979675293 67.5900650024414 68.0580368041992 67.694465637207 67.2073669433594 67.5349731445312 67.4933471679688 67.0856704711914 67.2646942138672 67.9426498413086 68.7867813110352 69.9555435180664 71.4754943847656 71.2170944213867 71.3744277954102 71.3036880493164 70.4261474609375 69.849967956543 70.0728988647461 70.4020156860352 70.7035140991211 71.3512878417969 73.2996978759766 75.9412841796875 72.0585327148438 69.901741027832 69.6543655395508 69.7010345458984 69.6990203857422 69.6886901855469 69.8822326660156 69.9459686279297 69.9444274902344 69.9734725952148 70.1099319458008 70.1755447387695 70.3007659912109 70.3200912475586 70.5645980834961 70.7315673828125 70.5439910888672 70.3736114501953 70.3209533691406 70.3086853027344 70.3349380493164 70.2413711547852 70.0671081542969
66.8265151977539 65.5940704345703 65.405387878418 66.3646621704102 67.2820053100586 67.5657119750977 67.2423858642578 67.4615478515625 67.3917999267578 66.7092132568359 66.8935394287109 67.8155517578125 68.609992980957 69.2648162841797 70.8559265136719 71.1184844970703 70.5158004760742 69.8873596191406 69.2967224121094 69.2116012573242 69.9718017578125 70.3492660522461 70.5115966796875 71.8611145019531 74.2704238891602 75.0359725952148 70.1646728515625 69.4130554199219 69.4769287109375 69.4751815795898 69.4320220947266 69.347282409668 69.3680038452148 69.5145721435547 69.6143493652344 69.6061477661133 69.8284072875977 70.0603256225586 70.1959457397461 70.07275390625 69.9457244873047 70.0511245727539 70.1051940917969 70.1423187255859 70.0547485351562 69.9838409423828 70.177864074707 70.1515502929688 69.9372711181641
66.7014923095703 65.4634170532227 64.78466796875 65.4658432006836 66.7440872192383 67.2876586914062 67.0330047607422 66.5294876098633 66.0659637451172 65.8592147827148 66.3152389526367 67.5722198486328 68.4966125488281 68.6814270019531 69.6695938110352 69.4528121948242 68.7555084228516 68.6481170654297 68.6493682861328 68.8794860839844 69.8265609741211 70.1594924926758 70.5121536254883 72.2224426269531 73.8506011962891 72.7808227539062 68.9117813110352 69.1098556518555 69.2426147460938 69.2552795410156 69.3319854736328 69.2096252441406 69.0309906005859 69.3119201660156 69.4817504882812 69.1722183227539 69.3694381713867 69.778923034668 69.9724197387695 69.8954620361328 69.6452484130859 69.5792541503906 69.7021102905273 69.8380279541016 69.7505264282227 69.645378112793 69.7417068481445 69.6744537353516 69.4096069335938
66.6223983764648 65.9548797607422 65.3544464111328 64.9788436889648 65.8487701416016 66.4498138427734 66.4009170532227 65.5953903198242 65.1193313598633 65.2023315429688 65.5123596191406 66.7045135498047 67.9584274291992 68.2654495239258 68.032844543457 67.9944458007812 67.9906539916992 67.9736785888672 68.0783157348633 69.1110458374023 70.2029800415039 70.0930633544922 70.7360534667969 72.2263259887695 72.201545715332 70.1034774780273 68.5991363525391 68.9396820068359 68.9523239135742 69.0611190795898 69.4219512939453 69.2194671630859 68.7454223632812 -3.4e+38 69.0173034667969 68.8118209838867 68.8084487915039 69.093864440918 69.4052352905273 69.5459365844727 69.4480361938477 69.2369384765625 69.2392120361328 69.3658905029297 69.5334243774414 69.6674423217773 69.1847839355469 69.0376968383789 68.8696975708008
66.7289886474609 66.6360931396484 66.3303527832031 64.5047760009766 64.755241394043 65.2456130981445 65.4826049804688 64.9586563110352 64.8420867919922 65.3652038574219 65.4231948852539 65.7999420166016 66.9731750488281 67.4848022460938 66.9767227172852 67.1097793579102 67.041259765625 67.2470169067383 68.3484039306641 69.8544158935547 70.4518432617188 70.696533203125 72.2483520507812 73.1569366455078 71.2526168823242 68.6772308349609 67.9214859008789 68.2550582885742 68.3808746337891 68.8568878173828 69.3504486083984 69.0222091674805 68.3442306518555 68.2973556518555 -3.4e+38 68.3096694946289 68.4256210327148 68.7583694458008 69.0372314453125 69.1047668457031 69.1387100219727 68.9744110107422 68.873405456543 68.8353805541992 69.2995071411133 69.6454238891602 68.7528076171875 68.6542510986328 68.4020919799805
65.8484649658203 66.2569732666016 66.6252288818359 64.601432800293 64.2628021240234 64.3793258666992 64.5508651733398 64.2661819458008 64.2811813354492 65.1617889404297 65.453987121582 65.3531265258789 66.0932540893555 66.9690322875977 66.6771621704102 66.9049072265625 67.3437118530273 68.3309097290039 69.5806655883789 69.9692306518555 69.8919982910156 71.0791549682617 73.2154159545898 73.0472030639648 70.0158462524414 67.9236679077148 67.7645874023438 67.8025588989258 67.7731628417969 68.3011093139648 68.6238784790039 68.177116394043 67.9181213378906 68.1533126831055 68.2402038574219 68.0106048583984 67.9499053955078 68.3710021972656 68.4945983886719 68.5102310180664 68.5787734985352 68.5491638183594 68.468376159668 68.3637008666992 68.6213531494141 68.7850799560547 68.4116744995117 68.3557968139648 68.0572891235352
64.9996490478516 66.0388870239258 66.2848052978516 64.5743713378906 63.9107704162598 63.8741989135742 63.9635200500488 63.9574127197266 64.2174682617188 64.6931076049805 64.8024063110352 64.9860305786133 65.4966278076172 66.287956237793 67.3801422119141 68.1205673217773 68.2819900512695 68.8828964233398 69.4645385742188 69.305534362793 69.4302825927734 70.789665222168 71.9135665893555 70.766845703125 68.2500457763672 67.1253967285156 67.6495132446289 67.6546249389648 67.5850677490234 67.6067962646484 67.6441955566406 67.4429626464844 67.6140670776367 67.9690933227539 68.0763778686523 67.7712707519531 67.6604843139648 67.7823028564453 67.9077835083008 67.9802169799805 68.024040222168 68.0288772583008 67.9631500244141 67.9107971191406 67.9614868164062 67.9307479858398 68.0652389526367 68.0096282958984 67.8273239135742
64.4893646240234 65.5040893554688 65.4068908691406 63.8901138305664 63.3370132446289 63.2894744873047 63.4387130737305 63.739501953125 64.5234451293945 65.1309280395508 64.8498687744141 65.1141738891602 65.930793762207 66.7556610107422 68.4193344116211 68.5558471679688 68.0943374633789 67.9802780151367 68.3997116088867 68.9859237670898 69.511360168457 70.1092758178711 69.8925399780273 68.3044586181641 66.7959442138672 66.8431625366211 67.3410415649414 67.4479217529297 67.3444671630859 67.169792175293 67.1111907958984 67.1666717529297 67.2411880493164 67.4308242797852 67.5349349975586 67.4343948364258 67.4417495727539 67.3836669921875 67.5708160400391 67.5590591430664 67.5541076660156 67.5583724975586 67.5253524780273 67.488037109375 67.5231628417969 67.5076141357422 67.5615615844727 67.5839920043945 67.5968856811523
63.8015975952148 64.0390090942383 64.4798965454102 63.831958770752 63.1634178161621 62.8589706420898 62.9521713256836 63.2816276550293 64.2475433349609 65.6181259155273 66.0682067871094 66.0080947875977 66.5529022216797 67.53271484375 68.5229263305664 68.2287750244141 68.373405456543 68.5831680297852 68.0852508544922 68.2190704345703 68.9649658203125 68.9355697631836 68.3650207519531 67.2316284179688 66.2816925048828 66.6702117919922 67.3153610229492 67.6197891235352 67.2471160888672 66.8947677612305 66.8885192871094 66.8862686157227 66.830940246582 66.9046249389648 66.9577789306641 67.0937423706055 67.0299835205078 66.9528961181641 67.0378112792969 67.0664749145508 67.1183090209961 67.1196212768555 67.0989837646484 67.1663665771484 67.2247619628906 67.1855697631836 67.1033172607422 67.1859130859375 67.2894058227539
62.9489555358887 62.6799278259277 63.1980819702148 63.4866981506348 62.8058967590332 62.493839263916 62.6253852844238 62.8376731872559 63.4269142150879 64.6388473510742 65.5564346313477 66.1519775390625 67.1763534545898 68.0989685058594 68.7523345947266 68.8471298217773 69.0176315307617 69.1466064453125 68.1559524536133 67.066780090332 67.4136276245117 67.417121887207 66.6511459350586 66.1667327880859 66.0829315185547 66.4665985107422 67.083137512207 67.4793701171875 67.1081466674805 66.6537780761719 66.5463562011719 66.4123611450195 66.4670639038086 66.5638198852539 66.5070266723633 66.5561447143555 66.5779342651367 66.6258392333984 66.5838012695312 66.6714477539062 66.8071365356445 66.7878646850586 66.7198028564453 66.8291244506836 66.8243026733398 66.8070983886719 66.7816467285156 66.8056411743164 66.8783187866211
62.4528732299805 62.1133003234863 61.7170143127441 62.8278427124023 62.8114395141602 62.761589050293 62.4835548400879 62.3181571960449 62.418384552002 62.7019996643066 63.1938858032227 63.8230094909668 64.0940628051758 64.1465759277344 64.6793746948242 65.0836563110352 65.1396408081055 65.0799789428711 64.9291687011719 64.3803863525391 64.3262786865234 64.4239730834961 64.57666015625 64.9616241455078 65.2699356079102 65.5655975341797 66.1872634887695 66.6624374389648 66.4750900268555 65.9186477661133 65.7233276367188 65.6772155761719 65.9057693481445 66.0831604003906 65.9816131591797 65.822883605957 65.8902893066406 65.9706802368164 65.9863739013672 65.9741439819336 66.0200500488281 66.0767669677734 66.1020660400391 66.1701507568359 66.1953964233398 66.1053848266602 66.0397109985352 66.03173828125 66.2583618164062
61.368350982666 61.3213539123535 61.8637313842773 62.6041374206543 63.816764831543 63.5990562438965 62.2733421325684 61.8929328918457 61.9382781982422 62.2887725830078 62.5811996459961 62.9516296386719 63.3517036437988 63.6651229858398 63.4690818786621 63.4778137207031 63.6975936889648 64.0790710449219 64.0334625244141 63.9618949890137 64.1607818603516 64.1367340087891 64.2374877929688 64.7677536010742 65.0619964599609 65.2708053588867 65.8168640136719 66.042594909668 66.0068893432617 65.7877197265625 65.5162963867188 65.3796081542969 65.7020492553711 65.9764709472656 65.7937545776367 65.7071914672852 65.8344116210938 65.791374206543 65.8266067504883 65.731330871582 65.6492614746094 65.8348770141602 65.9729309082031 65.9748764038086 65.9246597290039 65.7914352416992 65.7070922851562 65.6632766723633 65.9463500976562
60.7858695983887 60.4176940917969 61.1827697753906 61.7229385375977 62.6986312866211 62.5000991821289 61.5973930358887 61.558837890625 61.5403137207031 61.7950782775879 62.1728057861328 62.3012161254883 62.520378112793 63.074348449707 63.006534576416 62.9368438720703 63.1150588989258 63.356086730957 63.5335731506348 63.7097816467285 63.9902954101562 63.9888038635254 63.9703216552734 64.2908935546875 64.4952011108398 64.8245468139648 65.2297058105469 65.4739227294922 65.5937423706055 65.5518112182617 65.3587036132812 65.1204681396484 65.1448669433594 65.3778762817383 65.4705657958984 65.6545715332031 65.8475646972656 65.7301940917969 65.7269744873047 65.6615753173828 65.587646484375 65.7360382080078 65.7883758544922 65.8200149536133 65.7930755615234 65.6842651367188 65.560302734375 65.5170364379883 65.6967391967773
61.324390411377 60.336555480957 60.4832534790039 60.884105682373 61.107177734375 61.1629867553711 61.1558876037598 61.2812118530273 61.2270202636719 61.3546867370605 61.6938667297363 61.8658065795898 62.0100517272949 62.4635963439941 62.6972007751465 62.6321449279785 62.8700218200684 63.023063659668 63.2207374572754 63.460277557373 63.6581649780273 63.8554801940918 63.9337921142578 63.8992729187012 64.3305358886719 64.8559722900391 64.8702774047852 65.1747741699219 65.2815780639648 65.0573806762695 64.8993759155273 64.8274841308594 64.7656326293945 64.9328079223633 65.0957641601562 65.3423156738281 65.4649429321289 65.4188766479492 65.4585342407227 65.3915481567383 65.4492340087891 65.6264038085938 65.5660781860352 65.5297927856445 65.5943069458008 65.4603805541992 65.3570098876953 65.3480606079102 65.5982360839844
61.7616844177246 60.2986793518066 60.0337295532227 60.595458984375 60.6606330871582 60.6727294921875 60.6282196044922 60.816478729248 60.9887733459473 61.1071853637695 61.4626808166504 61.886360168457 62.0735511779785 62.2476692199707 62.5107078552246 62.5913505554199 62.7632141113281 62.7532043457031 62.9497680664062 63.1677665710449 63.3227653503418 63.9083709716797 64.3511047363281 64.1356658935547 64.4088134765625 64.9373397827148 64.8689804077148 64.9159545898438 64.7195281982422 64.4651107788086 64.3511047363281 64.4295349121094 64.5702285766602 64.7412261962891 64.8064727783203 65.0321426391602 65.2633056640625 65.2041854858398 65.1263580322266 65.0503158569336 65.1594390869141 65.3115386962891 65.279541015625 65.1747131347656 65.3044891357422 65.2424697875977 65.151496887207 65.0615768432617 65.3152084350586
60.5229110717773 59.6708984375 59.6723327636719 60.599552154541 60.4260139465332 60.2568855285645 60.152473449707 60.5024185180664 60.8690032958984 60.9577903747559 61.3593864440918 61.9228439331055 62.0446357727051 61.9536476135254 62.158561706543 62.2966079711914 62.4289894104004 62.5242042541504 62.595085144043 62.7280235290527 63.0929069519043 64.2717056274414 65.1845321655273 64.7014617919922 64.4035491943359 64.636589050293 64.3960189819336 64.3260269165039 64.2873458862305 64.2614288330078 64.1472473144531 64.1086959838867 64.1980895996094 64.2962112426758 64.4203948974609 64.6377182006836 64.875 65.0194778442383 64.8849868774414 64.8499221801758 64.8279418945312 64.8128814697266 64.8696594238281 64.8419799804688 65.1117248535156 65.1997146606445 65.0310211181641 64.7956314086914 64.923210144043
59.3515548706055 59.5053520202637 59.9807968139648 60.9618263244629 60.4164695739746 60.1150550842285 60.1217498779297 60.3562698364258 60.5223045349121 60.5176162719727 60.8538475036621 61.2681694030762 61.5278739929199 61.6632804870605 61.9994010925293 62.0700073242188 62.0335006713867 62.296459197998 62.4314155578613 62.5627059936523 63.340259552002 64.2383575439453 64.8144989013672 64.6337127685547 64.3185653686523 64.2110748291016 63.8001518249512 64.0747528076172 64.4544906616211 64.5920333862305 64.2800750732422 64.1899032592773 64.1942977905273 63.9208183288574 64.0457305908203 64.2504730224609 64.3215255737305 64.7292404174805 64.7187118530273 64.6510620117188 64.5507736206055 64.59423828125 64.6219482421875 64.5509567260742 64.711296081543 64.842529296875 64.8207778930664 64.6735610961914 64.6201705932617
59.1426963806152 59.4916648864746 60.1623344421387 61.4297752380371 61.01416015625 60.4841194152832 60.2666511535645 60.1796035766602 60.1716918945312 60.1327171325684 60.4881019592285 60.8872985839844 61.0988502502441 61.2710494995117 61.809741973877 61.8783264160156 61.7640266418457 61.9617118835449 62.176628112793 62.4350433349609 63.1679153442383 63.4364547729492 63.7226867675781 64.1628952026367 64.0894775390625 63.7573928833008 63.4389839172363 64.1491851806641 64.8153610229492 64.8344573974609 64.6790390014648 64.7061996459961 64.4643630981445 63.8022537231445 63.7521743774414 63.9647102355957 64.0508728027344 64.3484268188477 64.4446029663086 64.5154571533203 64.4510650634766 64.4952850341797 64.5314407348633 64.4281234741211 64.3126678466797 64.3869323730469 64.5084609985352 64.489143371582 64.5010833740234
58.995002746582 59.277400970459 59.793514251709 61.687858581543 61.839282989502 61.0044860839844 60.1787376403809 59.8982200622559 59.9106597900391 60.1015739440918 60.5134773254395 60.7499198913574 60.8249778747559 61.0719261169434 61.4977149963379 61.4404563903809 61.4089469909668 61.5019683837891 61.6986961364746 62.1437149047852 62.5899085998535 62.9300422668457 63.3131942749023 63.734432220459 63.8612670898438 63.4800643920898 62.9813194274902 63.5662040710449 64.0555038452148 64.2425231933594 64.5269775390625 64.4915390014648 64.1798400878906 63.6843528747559 63.590503692627 63.7014312744141 63.8515548706055 63.8619117736816 63.9532318115234 64.1756210327148 64.2067794799805 64.1511993408203 64.2084045410156 64.1792144775391 64.0835113525391 64.0499267578125 64.1558151245117 64.233757019043 64.3952102661133
59.6661071777344 59.4247207641602 59.8166923522949 61.6548156738281 62.0060081481934 60.7252235412598 59.6182403564453 59.4802055358887 59.5869445800781 59.8681755065918 60.161792755127 60.1801261901855 60.4904174804688 61.030818939209 61.1405715942383 61.0670509338379 61.0362129211426 61.1703186035156 61.4492034912109 61.8511543273926 62.1921653747559 62.5308151245117 62.8334922790527 63.1081581115723 63.1712493896484 62.867847442627 62.7297668457031 62.8607521057129 62.9385757446289 63.2331275939941 63.5642738342285 63.5456237792969 63.4822158813477 63.3932151794434 63.4418182373047 63.4542846679688 63.5315933227539 63.542407989502 63.556022644043 63.688117980957 63.7854995727539 63.746955871582 63.6402626037598 63.7570114135742 63.9048461914062 63.8354873657227 63.8909072875977 63.9566612243652 64.0641784667969
59.8992347717285 59.5770416259766 59.7841186523438 61.5088424682617 61.799991607666 60.2258567810059 59.146125793457 59.2514915466309 59.3760452270508 59.4469413757324 59.6066741943359 59.7361831665039 60.067497253418 60.4354362487793 60.7509574890137 60.8620758056641 60.9122047424316 61.0246353149414 61.2397689819336 61.4337844848633 61.7319602966309 62.0124092102051 62.2051429748535 62.645866394043 62.8135299682617 62.6898956298828 62.9026336669922 62.6766052246094 62.5995597839355 62.6435089111328 62.7574882507324 62.8485908508301 62.9014472961426 62.9281005859375 62.9783248901367 62.9728012084961 63.0413970947266 63.1963157653809 63.2377853393555 63.3277053833008 63.4162521362305 63.4685516357422 63.3861351013184 63.4939498901367 63.7851066589355 63.6914176940918 63.6242256164551 63.6113510131836 63.7763671875
58.7806015014648 58.8664360046387 58.8409767150879 60.3399963378906 60.6474380493164 59.8276290893555 59.0505905151367 59.107479095459 59.2496719360352 59.2173614501953 59.3622016906738 59.5969543457031 59.7276306152344 59.9739074707031 60.4852104187012 60.6504287719727 60.7247734069824 60.8981857299805 60.9885177612305 61.1841087341309 61.5860443115234 61.8038902282715 61.7891807556152 62.2432441711426 62.5803146362305 62.6585121154785 62.91552734375 62.7386627197266 62.612548828125 62.6958465576172 62.6785354614258 62.6463584899902 62.6550750732422 62.5084838867188 62.5840492248535 62.686222076416 62.7268295288086 62.9753875732422 62.9659423828125 62.9848670959473 63.0921516418457 63.2061424255371 63.1918640136719 63.2360305786133 63.4223861694336 63.3667182922363 63.3020515441895 63.314525604248 63.5149765014648
