rcp8.5models/CNRM-CM5/sc1gr0.31
NCOLS 261 
NROWS 433 
XLLCORNER 336357.134 
YLLCORNER 654653.479 
CELLSIZE 1000 
NODATA_value -3.4e+38 
[rows 396 to 417 of 433, columns 147 to 195 of 261]
70.1029510498047 69.8384323120117 69.7419738769531 69.6697769165039 69.8551940917969 69.8160018920898 69.6815643310547 69.6365356445312 69.5649719238281 69.4784622192383 69.394416809082 69.4000625610352 69.4651870727539 69.485595703125 69.4092636108398 69.4839553833008 69.6574478149414 69.6406097412109 69.4103240966797 69.2719879150391 69.288818359375 69.3210830688477 69.4646987915039 69.5549392700195 69.47021484375 69.3375473022461 69.1613540649414 -3.4e+38 -3.4e+38 68.9881744384766 68.9520492553711 -3.4e+38 -3.4e+38 68.7656021118164 68.913703918457 68.9999694824219 69.0356979370117 69.1425857543945 69.0741348266602 68.9515838623047 68.9221954345703 68.9964294433594 68.8713684082031 68.9021682739258 68.864501953125 -3.4e+38 68.6321182250977 68.5975952148438 68.5804824829102
70.0419158935547 69.7122192382812 69.5366363525391 69.3309326171875 69.40380859375 69.4694061279297 69.4191513061523 69.3263778686523 69.2922286987305 69.1497802734375 69.0396728515625 69.1390075683594 69.1226654052734 69.2124786376953 69.2458343505859 69.2287445068359 69.3193359375 69.2961502075195 69.1045532226562 69.0134735107422 68.9735565185547 69.0219573974609 69.0040512084961 69.1620025634766 69.2779846191406 69.3042526245117 68.9122695922852 68.903450012207 -3.4e+38 -3.4e+38 68.7021636962891 -3.4e+38 -3.4e+38 68.4867553710938 68.6865539550781 68.752197265625 68.7995834350586 68.8425369262695 68.7492523193359 68.6080169677734 68.6817245483398 68.7161712646484 68.6538925170898 68.6966552734375 68.6703872680664 -3.4e+38 -3.4e+38 68.3294372558594 68.2990798950195
69.5654983520508 69.4993438720703 69.2873077392578 69.1287307739258 69.0992584228516 69.1017379760742 69.1700134277344 69.1707992553711 69.0045394897461 68.7932205200195 68.7002410888672 68.9482040405273 68.8468856811523 68.8594436645508 68.935302734375 68.8969879150391 68.9852294921875 68.9402313232422 68.7927780151367 68.6852569580078 68.669677734375 68.7454681396484 68.7005615234375 68.9686279296875 69.1817398071289 69.2882843017578 68.8089599609375 68.7342300415039 68.6904907226562 68.534065246582 68.4967803955078 68.2580108642578 68.265495300293 68.2225112915039 68.3235855102539 68.4177398681641 68.3504104614258 68.419303894043 68.5208740234375 68.2873382568359 68.4965362548828 68.4145736694336 68.4473190307617 68.3452072143555 -3.4e+38 68.3785018920898 68.1887283325195 -3.4e+38 68.1420135498047
68.9641876220703 68.9975433349609 68.8969879150391 68.8201904296875 68.8131332397461 68.7170028686523 68.7824783325195 68.9202880859375 68.746208190918 68.5911483764648 68.5316772460938 68.6388854980469 68.5893707275391 68.5402755737305 68.5486526489258 68.584846496582 68.6886291503906 68.6777496337891 68.4341735839844 68.3262252807617 68.3447036743164 68.3896560668945 68.5225372314453 68.7227020263672 68.9277267456055 69.0545806884766 68.7916793823242 68.5500793457031 68.4486312866211 68.3915328979492 68.2488632202148 68.0324172973633 68.0518646240234 68.1159286499023 68.1523208618164 68.1350173950195 68.0067596435547 68.0430221557617 68.0765686035156 67.8925018310547 68.1134338378906 68.1447372436523 68.1979370117188 68.1819915771484 -3.4e+38 68.2136306762695 68.0544815063477 67.9882278442383 68.0093078613281
68.6455459594727 68.6871871948242 68.4948043823242 68.5375366210938 68.494514465332 68.3530883789062 68.4464492797852 68.511116027832 68.5360565185547 68.541633605957 68.4406204223633 68.3207092285156 68.2760848999023 68.297981262207 -3.4e+38 -3.4e+38 68.2603378295898 68.3411407470703 68.1066055297852 67.9987869262695 67.9585723876953 68.0410308837891 68.3539123535156 68.4245300292969 68.5190658569336 68.6547393798828 68.5607986450195 68.3856353759766 68.2882995605469 68.1647338867188 68.0236282348633 67.8918991088867 67.8704681396484 67.8877029418945 67.818244934082 67.8630752563477 67.6147155761719 67.6995391845703 67.6907806396484 67.7026748657227 67.7996063232422 67.9068908691406 67.8770523071289 67.8314437866211 67.6272811889648 67.9294052124023 67.9446105957031 67.8139038085938 67.8432464599609
68.3608245849609 68.3821334838867 68.2679595947266 68.3329238891602 68.2829971313477 68.2035675048828 68.2435073852539 68.2400512695312 68.2979125976562 68.3247146606445 68.1480255126953 68.1059036254883 68.0432434082031 68.023811340332 -3.4e+38 -3.4e+38 -3.4e+38 67.9512100219727 67.8297119140625 67.7912063598633 67.7405319213867 67.8059387207031 68.0916290283203 68.1395492553711 68.0751190185547 68.0632171630859 68.2230453491211 68.204460144043 68.1246032714844 67.8556518554688 67.8062591552734 67.6464233398438 67.4856796264648 67.4385452270508 67.3600845336914 67.6048278808594 67.4317245483398 67.4183578491211 67.4738693237305 67.5093765258789 67.6043701171875 67.5751571655273 67.6202774047852 67.3605041503906 67.3048782348633 67.6387405395508 67.705436706543 67.629150390625 67.6548919677734
68.0317153930664 68.0948486328125 68.0771865844727 68.0236511230469 68.023796081543 68.030158996582 67.9876251220703 67.9527816772461 68.0171737670898 68.0878372192383 67.820442199707 67.8614730834961 67.8146743774414 -3.4e+38 -3.4e+38 -3.4e+38 67.6740570068359 67.7483291625977 67.6678771972656 67.6717910766602 67.6603469848633 67.6988143920898 67.7411499023438 67.7946090698242 67.7752227783203 67.7004318237305 67.9473571777344 67.9513168334961 67.8076629638672 67.5852355957031 67.5407104492188 67.5187301635742 67.3816833496094 67.1306610107422 67.1995315551758 67.3296127319336 67.3216705322266 67.2214202880859 67.2147521972656 67.278678894043 67.4077301025391 67.220832824707 67.3822937011719 -3.4e+38 67.0455780029297 67.3200454711914 67.360481262207 67.3952560424805 67.3551864624023
67.7518997192383 67.8109664916992 67.7551422119141 67.7228622436523 67.6792068481445 67.6693572998047 67.701301574707 67.6441802978516 67.7310180664062 67.8550338745117 67.6521224975586 67.5505447387695 67.5158920288086 67.5048065185547 67.3603744506836 67.2704925537109 67.4127960205078 67.5168991088867 67.4662094116211 67.453987121582 67.4899978637695 67.3838348388672 67.4994888305664 67.5760192871094 67.4650268554688 67.3241348266602 67.5071182250977 67.568717956543 67.434700012207 67.2895126342773 67.3853454589844 67.3777084350586 67.1733627319336 66.9465255737305 67.0850372314453 67.1395721435547 67.1123886108398 67.0449829101562 67.0273971557617 67.0539321899414 67.1914443969727 67.0859909057617 67.1432571411133 -3.4e+38 -3.4e+38 -3.4e+38 67.0917129516602 -3.4e+38 -3.4e+38
67.5318908691406 67.4971694946289 67.4783706665039 67.5675277709961 67.469612121582 67.4041976928711 67.4775848388672 67.3223648071289 67.4123611450195 67.4805679321289 67.4930648803711 67.3310775756836 67.323974609375 67.2119979858398 67.1048049926758 67.080078125 67.1712188720703 67.2450714111328 67.2490310668945 67.2358627319336 67.2321701049805 67.0198440551758 67.268180847168 67.2008666992188 67.140495300293 67.0550308227539 67.0492401123047 67.1420822143555 67.1045913696289 67.1928939819336 67.2369003295898 67.0822143554688 66.9480056762695 66.8084182739258 66.8283843994141 66.8959197998047 -3.4e+38 -3.4e+38 -3.4e+38 66.8744888305664 -3.4e+38 66.8622589111328 -3.4e+38 -3.4e+38 -3.4e+38 -3.4e+38 -3.4e+38 -3.4e+38 -3.4e+38
67.283561706543 67.1524200439453 67.1689605712891 67.247932434082 67.1919631958008 67.1066284179688 67.1468276977539 67.0656890869141 67.1686401367188 67.2193984985352 67.2266235351562 67.1770172119141 67.1764221191406 66.9067230224609 66.9128036499023 66.920524597168 66.9114990234375 66.9307327270508 67.0314178466797 67.0364990234375 66.9836502075195 66.9324951171875 66.8264312744141 66.7761001586914 66.8792266845703 66.8717651367188 66.8288650512695 66.885124206543 66.8096313476562 66.9767456054688 66.861572265625 66.6924438476562 66.7763595581055 66.6233520507812 66.5318756103516 66.4089202880859 -3.4e+38 -3.4e+38 -3.4e+38 66.7646942138672 66.7147064208984 66.6006927490234 -3.4e+38 -3.4e+38 -3.4e+38 -3.4e+38 -3.4e+38 -3.4e+38 -3.4e+38
66.8348388671875 67.0901565551758 67.1426849365234 67.0528564453125 66.8539810180664 66.80517578125 66.6496124267578 66.5200576782227 66.5207366943359 66.5658950805664 66.5217056274414 66.7864685058594 66.7891235351562 66.6299057006836 66.4558334350586 66.3212203979492 66.4239120483398 66.5569610595703 66.4196929931641 66.4610290527344 66.5254821777344 66.3933486938477 66.2688751220703 66.3963088989258 66.181526184082 66.1209411621094 66.2159423828125 66.2435836791992 66.153923034668 66.2646179199219 66.1774597167969 66.1856307983398 66.1992340087891 65.9848175048828 66.1269378662109 66.2086868286133 -3.4e+38 -3.4e+38 -3.4e+38 -3.4e+38 -3.4e+38 -3.4e+38 -3.4e+38 -3.4e+38 -3.4e+38 -3.4e+38 -3.4e+38 -3.4e+38 -3.4e+38
66.3930511474609 66.5529022216797 66.6201705932617 66.6952590942383 66.7108917236328 66.600715637207 66.4505996704102 66.4145202636719 66.3446197509766 66.2804107666016 66.1853637695312 66.4481430053711 66.4951400756836 66.3867111206055 66.1990203857422 66.1210250854492 66.0989532470703 66.1333541870117 66.1447219848633 66.275260925293 66.1976547241211 66.0591583251953 66.0567398071289 66.1730651855469 66.0983047485352 65.9479064941406 65.9945068359375 65.9878921508789 66.0419006347656 65.9618988037109 65.7482986450195 65.7457809448242 65.766471862793 65.8462371826172 -3.4e+38 66.0312957763672 -3.4e+38 -3.4e+38 -3.4e+38 -3.4e+38 -3.4e+38 -3.4e+38 -3.4e+38 -3.4e+38 -3.4e+38 -3.4e+38 -3.4e+38 -3.4e+38 -3.4e+38
66.0508041381836 66.0775527954102 66.1635971069336 66.1733016967773 66.3911972045898 66.3988800048828 66.4198913574219 66.3938293457031 66.20751953125 66.0266265869141 66.0052261352539 66.2005004882812 66.1935882568359 66.1306533813477 66.0231170654297 65.944938659668 65.8796691894531 65.8689041137695 65.9165954589844 65.9769287109375 65.9932022094727 65.8837203979492 65.7332153320312 65.8424301147461 65.9171829223633 65.8278198242188 65.7797317504883 65.7110443115234 65.7830657958984 65.6233596801758 65.5305099487305 65.5269241333008 65.5337219238281 65.8958053588867 66.0351104736328 -3.4e+38 -3.4e+38 -3.4e+38 -3.4e+38 -3.4e+38 -3.4e+38 -3.4e+38 -3.4e+38 -3.4e+38 -3.4e+38 -3.4e+38 -3.4e+38 -3.4e+38 -3.4e+38
65.8987655639648 65.8605041503906 65.9345550537109 65.8494338989258 66.0922775268555 66.1326904296875 66.1812362670898 66.1342010498047 65.9380569458008 65.7081146240234 65.8285293579102 65.9488983154297 65.9394454956055 65.9428176879883 65.9326705932617 65.8005828857422 65.7766265869141 65.7525634765625 65.7567367553711 65.687873840332 65.7898483276367 65.7784957885742 65.4716415405273 65.5558166503906 65.6308822631836 65.6462478637695 65.5664825439453 65.4232788085938 65.3274612426758 65.2492828369141 65.2628631591797 65.3110198974609 -3.4e+38 -3.4e+38 -3.4e+38 -3.4e+38 -3.4e+38 -3.4e+38 -3.4e+38 -3.4e+38 -3.4e+38 -3.4e+38 -3.4e+38 -3.4e+38 -3.4e+38 -3.4e+38 -3.4e+38 -3.4e+38 -3.4e+38
65.6501159667969 65.5419158935547 65.6532897949219 65.7082366943359 65.7998733520508 65.7935638427734 65.7598648071289 65.7246246337891 65.6296081542969 65.4860992431641 65.4834823608398 65.5807876586914 65.6277389526367 65.7178268432617 65.7753372192383 65.6264495849609 65.5362014770508 65.5243148803711 65.5434341430664 65.476806640625 65.4492111206055 65.5770034790039 65.3110046386719 65.4099349975586 65.3993453979492 65.291374206543 65.1965026855469 65.1054382324219 65.077033996582 65.0596313476562 -3.4e+38 -3.4e+38 -3.4e+38 -3.4e+38 -3.4e+38 -3.4e+38 -3.4e+38 -3.4e+38 -3.4e+38 -3.4e+38 -3.4e+38 -3.4e+38 -3.4e+38 -3.4e+38 -3.4e+38 -3.4e+38 -3.4e+38 -3.4e+38 -3.4e+38
65.3341064453125 65.3147048950195 65.4335784912109 65.5105285644531 65.5266647338867 65.4937286376953 65.4903945922852 65.5097198486328 65.4315872192383 65.2754898071289 65.1891250610352 65.2969589233398 65.3570404052734 65.4187774658203 65.5608673095703 65.5080718994141 65.3037109375 65.3220138549805 65.3100662231445 65.2489624023438 65.0934219360352 65.2336502075195 65.1673812866211 65.204833984375 65.275260925293 65.0607528686523 64.959716796875 -3.4e+38 -3.4e+38 -3.4e+38 -3.4e+38 -3.4e+38 -3.4e+38 -3.4e+38 -3.4e+38 -3.4e+38 -3.4e+38 -3.4e+38 -3.4e+38 -3.4e+38 -3.4e+38 -3.4e+38 -3.4e+38 -3.4e+38 -3.4e+38 -3.4e+38 -3.4e+38 -3.4e+38 -3.4e+38
65.1207427978516 65.1787033081055 65.1585159301758 65.2093353271484 65.3728561401367 65.3495330810547 65.2616500854492 65.2067337036133 65.1345062255859 64.9376068115234 64.9015045166016 65.1627197265625 65.1948471069336 65.1894683837891 65.2790756225586 65.25634765625 65.1730041503906 65.1485137939453 -3.4e+38 65.1189498901367 64.8759918212891 64.9765090942383 -3.4e+38 -3.4e+38 -3.4e+38 -3.4e+38 -3.4e+38 -3.4e+38 -3.4e+38 -3.4e+38 -3.4e+38 -3.4e+38 -3.4e+38 -3.4e+38 -3.4e+38 -3.4e+38 -3.4e+38 -3.4e+38 -3.4e+38 -3.4e+38 -3.4e+38 -3.4e+38 -3.4e+38 -3.4e+38 -3.4e+38 -3.4e+38 -3.4e+38 -3.4e+38 -3.4e+38
64.9440155029297 64.8847732543945 64.7993087768555 64.875114440918 65.085319519043 65.1690979003906 65.1266174316406 65.0090637207031 64.8355865478516 64.6857376098633 64.7153701782227 -3.4e+38 65.0256729125977 -3.4e+38 64.9792861938477 64.9951248168945 -3.4e+38 -3.4e+38 -3.4e+38 -3.4e+38 -3.4e+38 -3.4e+38 -3.4e+38 -3.4e+38 -3.4e+38 -3.4e+38 -3.4e+38 -3.4e+38 -3.4e+38 -3.4e+38 -3.4e+38 -3.4e+38 -3.4e+38 -3.4e+38 -3.4e+38 -3.4e+38 -3.4e+38 -3.4e+38 -3.4e+38 -3.4e+38 -3.4e+38 -3.4e+38 -3.4e+38 -3.4e+38 -3.4e+38 -3.4e+38 -3.4e+38 -3.4e+38 -3.4e+38
64.8012619018555 64.7212600708008 64.6163177490234 64.602424621582 64.7878189086914 64.876091003418 64.8714447021484 64.8493194580078 64.7299957275391 64.5380630493164 -3.4e+38 64.7797546386719 -3.4e+38 -3.4e+38 64.8603897094727 -3.4e+38 -3.4e+38 -3.4e+38 -3.4e+38 -3.4e+38 -3.4e+38 -3.4e+38 -3.4e+38 -3.4e+38 -3.4e+38 -3.4e+38 -3.4e+38 -3.4e+38 -3.4e+38 -3.4e+38 -3.4e+38 -3.4e+38 -3.4e+38 -3.4e+38 -3.4e+38 -3.4e+38 -3.4e+38 -3.4e+38 -3.4e+38 -3.4e+38 -3.4e+38 -3.4e+38 -3.4e+38 -3.4e+38 -3.4e+38 -3.4e+38 -3.4e+38 -3.4e+38 -3.4e+38
64.5581130981445 64.5943145751953 64.5204544067383 64.3985443115234 64.4853210449219 64.589241027832 64.5264358520508 -3.4e+38 64.5961532592773 -3.4e+38 -3.4e+38 -3.4e+38 -3.4e+38 -3.4e+38 -3.4e+38 -3.4e+38 -3.4e+38 -3.4e+38 -3.4e+38 -3.4e+38 -3.4e+38 -3.4e+38 -3.4e+38 -3.4e+38 -3.4e+38 -3.4e+38 -3.4e+38 -3.4e+38 -3.4e+38 -3.4e+38 -3.4e+38 -3.4e+38 -3.4e+38 -3.4e+38 -3.4e+38 -3.4e+38 -3.4e+38 -3.4e+38 -3.4e+38 -3.4e+38 -3.4e+38 -3.4e+38 -3.4e+38 -3.4e+38 -3.4e+38 -3.4e+38 -3.4e+38 -3.4e+38 -3.4e+38
64.2571487426758 64.2599792480469 64.2968063354492 64.1951141357422 64.2279357910156 64.3975524902344 64.4255142211914 64.379768371582 -3.4e+38 -3.4e+38 -3.4e+38 -3.4e+38 -3.4e+38 -3.4e+38 -3.4e+38 -3.4e+38 -3.4e+38 -3.4e+38 -3.4e+38 -3.4e+38 -3.4e+38 -3.4e+38 -3.4e+38 -3.4e+38 -3.4e+38 -3.4e+38 -3.4e+38 -3.4e+38 -3.4e+38 -3.4e+38 -3.4e+38 -3.4e+38 -3.4e+38 -3.4e+38 -3.4e+38 -3.4e+38 -3.4e+38 -3.4e+38 -3.4e+38 -3.4e+38 -3.4e+38 -3.4e+38 -3.4e+38 -3.4e+38 -3.4e+38 -3.4e+38 -3.4e+38 -3.4e+38 -3.4e+38
63.9774475097656 64.1171264648438 64.11376953125 64.002311706543 -3.4e+38 -3.4e+38 -3.4e+38 -3.4e+38 -3.4e+38 -3.4e+38 -3.4e+38 -3.4e+38 -3.4e+38 -3.4e+38 -3.4e+38 -3.4e+38 -3.4e+38 -3.4e+38 -3.4e+38 -3.4e+38 -3.4e+38 -3.4e+38 -3.4e+38 -3.4e+38 -3.4e+38 -3.4e+38 -3.4e+38 -3.4e+38 -3.4e+38 -3.4e+38 -3.4e+38 -3.4e+38 -3.4e+38 -3.4e+38 -3.4e+38 -3.4e+38 -3.4e+38 -3.4e+38 -3.4e+38 -3.4e+38 -3.4e+38 -3.4e+38 -3.4e+38 -3.4e+38 -3.4e+38 -3.4e+38 -3.4e+38 -3.4e+38 -3.4e+38
