rcp8.5models/CNRM-CM5/sc1gr5.21
NCOLS 261 
NROWS 433 
XLLCORNER 336357.134 
YLLCORNER 654653.479 
CELLSIZE 1000 
NODATA_value -3.4e+38 
[rows 352 to 373 of 433, columns 98 to 146 of 261]
278.447509765625 278.832855224609 280.816009521484 281.057403564453 274.584686279297 265.164001464844 261.287170410156 266.041809082031 272.646636962891 277.074066162109 277.185699462891 275.585021972656 275.077026367188 275.277038574219 267.457153320312 259.240081787109 254.50959777832 252.874908447266 250.173095703125 247.949600219727 242.584106445312 -3.4e+38 231.587890625 219.953689575195 216.592376708984 211.498870849609 218.496185302734 228.058670043945 236.217788696289 244.070281982422 251.075775146484 253.637573242188 253.680145263672 254.063552856445 254.826187133789 255.07145690918 254.914123535156 254.517669677734 252.763641357422 252.887802124023 253.864562988281 254.434692382812 256.497009277344 -3.4e+38 -3.4e+38 253.76513671875 256.296569824219 256.061859130859 260.549530029297
277.436798095703 277.270874023438 277.853607177734 281.999877929688 277.34033203125 266.508209228516 255.022659301758 252.742218017578 260.379577636719 270.167144775391 276.410186767578 277.834899902344 277.190521240234 276.088317871094 274.085998535156 268.862640380859 262.939636230469 258.497589111328 252.646301269531 249.18212890625 251.891647338867 258.812103271484 254.634216308594 241.698287963867 234.977615356445 226.282653808594 231.360794067383 234.499664306641 240.488845825195 247.806869506836 253.803787231445 255.046615600586 254.112777709961 254.819229125977 254.104721069336 254.414840698242 253.643661499023 255.320465087891 255.949600219727 255.750457763672 255.648818969727 256.117980957031 -3.4e+38 -3.4e+38 -3.4e+38 254.653472900391 254.912872314453 254.005889892578 259.606872558594
277.714996337891 276.325592041016 274.204681396484 278.878936767578 279.16357421875 276.200775146484 264.382965087891 253.422622680664 251.861587524414 258.580047607422 269.308319091797 274.558715820312 276.432098388672 277.1884765625 276.607696533203 274.696594238281 271.091003417969 264.194854736328 254.06982421875 251.80126953125 261.451995849609 269.550537109375 266.299438476562 260.274230957031 253.37971496582 246.843658447266 253.196350097656 254.00764465332 256.135803222656 259.531616210938 260.531555175781 258.329040527344 257.190795898438 256.630615234375 253.955856323242 253.514663696289 253.078720092773 252.506011962891 254.733428955078 254.225616455078 254.585540771484 256.377838134766 -3.4e+38 256.036865234375 254.698455810547 252.424987792969 250.625961303711 252.880187988281 260.945526123047
279.338256835938 277.583740234375 274.039428710938 276.328216552734 278.759460449219 280.691741943359 275.742523193359 267.57666015625 261.413177490234 255.66650390625 255.065155029297 261.288330078125 267.452026367188 272.713592529297 276.868438720703 276.996551513672 275.972045898438 271.618988037109 264.065277099609 263.446716308594 270.753387451172 274.222808837891 272.636444091797 270.205810546875 267.399444580078 263.849365234375 263.670318603516 265.112274169922 261.178161621094 255.728332519531 254.786422729492 253.217071533203 253.920166015625 254.287109375 253.805450439453 253.849899291992 253.050918579102 252.379837036133 252.285690307617 251.319686889648 252.010345458984 253.282623291016 254.037734985352 253.871124267578 251.470367431641 249.501281738281 248.967651367188 251.737838745117 261.146026611328
279.553436279297 280.004302978516 278.257354736328 275.053955078125 276.765350341797 280.448852539062 280.473510742188 277.470336914062 272.867248535156 264.659301757812 252.178161621094 246.319076538086 251.415710449219 262.493682861328 274.938568115234 276.508880615234 277.185607910156 275.402069091797 272.695037841797 272.49267578125 274.485473632812 274.775146484375 274.049346923828 273.314971923828 273.697509765625 272.465026855469 266.583557128906 260.641784667969 254.234359741211 247.893173217773 243.951019287109 240.309448242188 243.753616333008 248.350067138672 251.754318237305 252.766906738281 252.061996459961 253.422027587891 253.777694702148 253.78337097168 253.60368347168 253.377700805664 252.82991027832 251.48600769043 250.440475463867 251.937042236328 253.391662597656 255.1171875 260.100311279297
277.9052734375 279.438720703125 280.032257080078 275.192077636719 276.507446289062 278.378662109375 276.465118408203 277.171600341797 277.745635986328 273.823120117188 265.372680664062 254.695693969727 251.893463134766 257.093505859375 271.377990722656 274.804504394531 275.100219726562 274.374542236328 274.198150634766 274.279907226562 274.784973144531 274.873687744141 275.101196289062 275.130218505859 275.121948242188 274.916931152344 267.360260009766 260.334991455078 255.537414550781 252.238464355469 244.690338134766 236.597305297852 237.416839599609 243.294509887695 249.215957641602 250.646621704102 251.469482421875 250.781677246094 253.704193115234 255.440841674805 255.6591796875 255.818557739258 255.510284423828 254.040191650391 253.747680664062 255.827514648438 257.929046630859 258.66748046875 258.703826904297
275.839630126953 278.407958984375 280.087677001953 278.925628662109 279.175628662109 278.570831298828 275.866180419922 277.135986328125 280.043579101562 277.790283203125 275.595977783203 270.93505859375 265.182495117188 264.389129638672 271.044769287109 273.795440673828 274.173156738281 273.828857421875 273.296478271484 272.655609130859 272.388610839844 273.732116699219 275.842529296875 275.200622558594 273.917358398438 272.933288574219 266.281921386719 264.170135498047 262.190765380859 258.736968994141 251.800689697266 247.85334777832 248.301971435547 249.557205200195 252.405258178711 252.298950195312 250.876358032227 250.701995849609 254.849700927734 256.180694580078 256.823669433594 257.417053222656 258.154968261719 257.716247558594 257.530548095703 258.124908447266 258.981994628906 259.841613769531 258.771942138672
275.709014892578 276.904876708984 278.547332763672 280.550964355469 280.381805419922 280.601226806641 278.792816162109 277.444213867188 278.740905761719 279.054748535156 279.01611328125 276.118682861328 271.65869140625 270.821197509766 272.022735595703 273.528747558594 273.786041259766 274.148681640625 273.042999267578 270.592559814453 270.499938964844 273.355651855469 275.538696289062 274.568237304688 272.849975585938 270.165008544922 264.760986328125 262.877899169922 261.2783203125 258.152130126953 254.535949707031 257.331268310547 260.400787353516 257.896606445312 257.826934814453 257.852142333984 254.656661987305 252.909729003906 256.746490478516 257.704376220703 260.829711914062 265.379577636719 262.971588134766 264.99951171875 265.277893066406 264.245941162109 267.821563720703 268.246307373047 267.580688476562
266.873504638672 272.654144287109 273.472045898438 274.066955566406 276.379211425781 278.446441650391 279.742919921875 277.10205078125 274.906219482422 275.643493652344 275.772857666016 275.2373046875 274.996368408203 276.294677734375 274.287231445312 274.137725830078 273.699188232422 274.823516845703 275.580078125 275.760070800781 275.455200195312 275.063323974609 272.39990234375 269.837982177734 270.327941894531 271.359375 269.841857910156 268.245758056641 266.248168945312 264.596862792969 267.490386962891 266.274719238281 260.666198730469 261.783416748047 262.928558349609 262.696472167969 261.476043701172 266.299835205078 270.220581054688 273.206756591797 274.062194824219 275.701354980469 276.492706298828 277.027099609375 277.066009521484 277.333770751953 277.806335449219 278.05712890625 278.142272949219
258.172607421875 264.631103515625 272.21484375 271.919189453125 269.899139404297 270.678161621094 274.350250244141 276.210052490234 277.071990966797 275.362823486328 272.767944335938 271.130798339844 269.880249023438 271.141632080078 268.305847167969 266.678802490234 265.672332763672 268.68017578125 272.91455078125 274.007781982422 273.568267822266 273.413452148438 271.935516357422 269.897216796875 267.799591064453 267.458282470703 268.084808349609 267.777618408203 266.430511474609 261.940216064453 261.853851318359 267.343383789062 265.644805908203 264.454010009766 264.556915283203 261.525360107422 258.858367919922 262.927490234375 265.654113769531 269.170166015625 271.356658935547 274.434173583984 275.392944335938 275.747131347656 275.775054931641 276.479156494141 277.378845214844 278.022247314453 278.547271728516
260.346984863281 258.348266601562 262.939086914062 272.04248046875 267.914215087891 262.482940673828 265.507110595703 270.383728027344 272.224334716797 271.520812988281 268.273620605469 264.634796142578 262.964752197266 263.516754150391 262.133361816406 256.609069824219 256.296875 262.670349121094 269.801666259766 272.258880615234 271.691192626953 271.469390869141 270.623168945312 269.237274169922 267.931671142578 267.493988037109 263.625335693359 263.604736328125 266.893798828125 267.126708984375 265.556396484375 268.933898925781 271.064086914062 268.463439941406 266.898498535156 264.218658447266 262.550598144531 261.226318359375 262.266448974609 265.391052246094 270.605255126953 273.633636474609 274.869018554688 274.272308349609 274.092163085938 276.205017089844 276.675933837891 277.178344726562 278.273864746094
265.548126220703 260.900268554688 257.231903076172 268.237762451172 269.148010253906 260.679260253906 257.066131591797 260.328002929688 263.743591308594 267.727111816406 268.64208984375 264.77783203125 262.025726318359 262.509674072266 263.597564697266 256.851043701172 254.820587158203 261.446716308594 267.644775390625 270.847290039062 271.225463867188 270.158111572266 269.626800537109 267.466278076172 266.763580322266 268.308044433594 263.110687255859 262.885437011719 268.080902099609 271.766387939453 272.482360839844 272.046081542969 273.280303955078 271.866790771484 268.025177001953 264.843475341797 262.892547607422 261.679656982422 264.763885498047 267.722076416016 270.721038818359 273.741943359375 274.555603027344 273.904266357422 274.194061279297 276.557403564453 276.838592529297 277.062866210938 278.271820068359
267.556701660156 265.472015380859 262.208129882812 262.107116699219 268.784210205078 267.367095947266 259.662475585938 255.72200012207 256.930358886719 260.922149658203 266.334259033203 268.356140136719 267.868591308594 267.583679199219 264.041320800781 258.914855957031 258.814025878906 262.092132568359 265.716064453125 268.637573242188 270.562652587891 270.438140869141 269.803497314453 266.751586914062 264.059661865234 264.131164550781 263.554840087891 262.863616943359 264.776336669922 268.782409667969 272.618957519531 273.690093994141 275.129791259766 274.298370361328 271.598205566406 267.3359375 263.196655273438 260.469116210938 266.435913085938 272.464263916016 272.127532958984 273.774688720703 274.615509033203 274.762603759766 275.632293701172 276.634582519531 277.465667724609 277.809936523438 278.609130859375
267.993682861328 266.082275390625 264.754089355469 262.332092285156 266.940521240234 270.916717529297 269.271423339844 262.489318847656 256.296173095703 253.414169311523 257.603271484375 263.951110839844 266.693634033203 268.422332763672 266.467987060547 263.671295166016 263.274963378906 262.974853515625 264.287048339844 266.573913574219 269.557983398438 270.346649169922 268.895080566406 267.38916015625 265.030944824219 263.238464355469 261.488647460938 260.920684814453 261.288482666016 266.015197753906 271.282196044922 272.406555175781 274.487762451172 275.139739990234 275.141479492188 273.003601074219 268.611236572266 264.043762207031 269.402313232422 275.521148681641 274.323333740234 273.6748046875 275.184692382812 275.411895751953 276.292327880859 277.053283691406 277.954528808594 278.247436523438 278.904296875
267.089752197266 265.633575439453 261.180816650391 261.897430419922 264.476318359375 267.911071777344 271.946716308594 269.902221679688 263.844543457031 257.782135009766 256.387054443359 258.603179931641 259.326263427734 261.424468994141 268.711517333984 267.967895507812 265.540679931641 263.921112060547 263.045501708984 264.794464111328 268.918853759766 269.614379882812 268.005798339844 267.717926025391 267.008819580078 266.137145996094 263.695922851562 263.377777099609 264.298980712891 267.301788330078 269.442932128906 270.133422851562 272.640991210938 274.277404785156 275.325317382812 275.776062011719 274.437042236328 270.108673095703 273.476165771484 276.022857666016 275.390319824219 274.857604980469 275.784515380859 276.323516845703 276.768310546875 277.453155517578 278.368957519531 278.321655273438 279.057037353516
266.968414306641 266.103576660156 261.204833984375 251.058868408203 255.628784179688 260.166931152344 263.389984130859 265.155975341797 264.464141845703 263.612121582031 262.349853515625 261.456085205078 258.480560302734 256.544891357422 267.206512451172 268.208801269531 267.454498291016 265.130889892578 262.279724121094 263.208557128906 266.688171386719 267.276428222656 267.262939453125 268.434417724609 268.678405761719 268.353179931641 267.002166748047 266.689483642578 267.724517822266 268.365295410156 269.052886962891 269.578918457031 271.561370849609 272.746307373047 273.979217529297 275.666839599609 275.640686035156 274.058837890625 275.227813720703 276.230041503906 276.374816894531 276.400177001953 276.755676269531 277.182037353516 277.341400146484 277.751098632812 278.503845214844 278.705841064453 278.732513427734
264.139099121094 260.450866699219 260.269622802734 250.304595947266 248.89338684082 249.030059814453 248.355239868164 249.358856201172 251.301666259766 253.999801635742 256.705291748047 259.956878662109 259.747131347656 257.041931152344 263.820831298828 266.090057373047 266.756256103516 265.689453125 264.371429443359 263.536895751953 263.507904052734 262.725067138672 263.430816650391 265.799743652344 267.828582763672 269.130096435547 269.397918701172 269.066253662109 268.738189697266 268.698455810547 269.225982666016 269.564514160156 271.257965087891 271.358184814453 272.50244140625 274.890838623047 275.219024658203 276.179595947266 276.375152587891 276.586486816406 276.829559326172 277.005493164062 277.362182617188 277.612274169922 277.703338623047 278.196044921875 278.672515869141 279.035064697266 278.248413085938
263.412292480469 254.129058837891 251.792999267578 255.845657348633 253.788436889648 248.230117797852 241.145797729492 237.497344970703 237.601104736328 239.800506591797 241.671371459961 244.460205078125 249.567474365234 251.903854370117 256.408538818359 259.539703369141 260.856170654297 262.9775390625 264.798858642578 263.931396484375 263.090209960938 261.869232177734 261.309844970703 262.606597900391 264.947937011719 266.684661865234 270.441070556641 270.740386962891 270.034973144531 269.566925048828 269.556396484375 269.836273193359 271.019897460938 270.670104980469 271.790466308594 274.014373779297 273.621154785156 275.400939941406 276.133148193359 276.560211181641 276.887359619141 277.047027587891 277.532409667969 278.038177490234 277.848083496094 278.152557373047 -3.4e+38 279.027038574219 278.014465332031
265.002502441406 254.642883300781 246.448394775391 252.656784057617 257.483520507812 256.160308837891 249.728576660156 242.550765991211 235.253875732422 233.760650634766 233.888000488281 233.37272644043 235.858261108398 237.705017089844 246.279388427734 250.244110107422 252.342361450195 255.512924194336 258.752227783203 259.865783691406 260.970245361328 262.456207275391 262.298706054688 260.954956054688 262.294616699219 264.920593261719 269.18115234375 269.479278564453 269.603485107422 270.153594970703 270.657287597656 270.971099853516 271.547973632812 270.907592773438 270.875396728516 272.355194091797 271.89697265625 274.515838623047 275.560089111328 276.320465087891 276.89599609375 276.905426025391 277.325622558594 277.841461181641 277.779113769531 277.902404785156 -3.4e+38 279.021118164062 278.181762695312
261.428955078125 262.250946044922 258.965606689453 245.157928466797 243.167053222656 250.992080688477 254.748184204102 255.326446533203 255.08366394043 253.618438720703 252.692108154297 252.699798583984 250.087982177734 242.918548583984 232.685760498047 228.123550415039 229.398010253906 235.026138305664 239.551849365234 242.152069091797 246.983444213867 254.326370239258 257.298706054688 257.683929443359 256.034088134766 254.624084472656 258.813049316406 261.661956787109 262.074371337891 260.887939453125 262.969818115234 266.804046630859 270.163696289062 272.629547119141 272.689910888672 273.020965576172 273.179260253906 271.981140136719 271.793762207031 274.503875732422 275.86669921875 276.490112304688 277.068145751953 277.076812744141 277.393981933594 278.043090820312 278.594299316406 -3.4e+38 278.676940917969
260.095855712891 262.13818359375 263.690063476562 252.315353393555 248.147933959961 249.301788330078 249.525955200195 250.406890869141 254.302703857422 256.759460449219 257.012176513672 257.619689941406 256.5078125 253.330474853516 244.695678710938 235.533645629883 230.655319213867 230.767044067383 231.552642822266 232.777130126953 238.963592529297 248.41943359375 251.272918701172 250.298568725586 248.826568603516 248.180786132812 247.537139892578 252.165023803711 253.8017578125 253.203079223633 255.437225341797 260.212738037109 264.206085205078 267.409851074219 269.586791992188 272.952026367188 274.212249755859 269.1103515625 266.791778564453 270.796295166016 275.393676757812 276.609252929688 276.803161621094 277.028778076172 277.652679443359 278.144622802734 -3.4e+38 -3.4e+38 -3.4e+38
260.677429199219 259.188507080078 262.204864501953 259.595306396484 254.694351196289 250.441848754883 247.23274230957 246.016555786133 248.573211669922 254.477035522461 257.822509765625 257.977447509766 256.928833007812 254.986892700195 248.019058227539 243.813446044922 239.542770385742 236.058471679688 232.158798217773 231.400207519531 233.362915039062 234.816940307617 235.17626953125 234.309951782227 237.053298950195 239.203903198242 235.189895629883 238.903533935547 240.60791015625 243.415283203125 249.336074829102 254.597396850586 256.819366455078 257.614593505859 261.064483642578 269.359954833984 275.470855712891 265.880432128906 261.441467285156 266.319274902344 273.943511962891 276.772003173828 277.146301269531 277.723815917969 278.189697265625 278.339294433594 278.219024658203 -3.4e+38 -3.4e+38
