rcp8.5models/CNRM-CM5/sc1gr10.28
NCOLS 261 
NROWS 433 
XLLCORNER 336357.134 
YLLCORNER 654653.479 
CELLSIZE 1000 
NODATA_value -3.4e+38 
[rows 66 to 87 of 433, columns 49 to 97 of 261]
-3.4e+38 -3.4e+38 -3.4e+38 -3.4e+38 -3.4e+38 -3.4e+38 -3.4e+38 -3.4e+38 -3.4e+38 -3.4e+38 -3.4e+38 -3.4e+38 -3.4e+38 -3.4e+38 -3.4e+38 -3.4e+38 -3.4e+38 -3.4e+38 103.518562316895 103.790504455566 -3.4e+38 104.961601257324 105.430541992188 105.990844726562 106.515922546387 107.082832336426 107.699081420898 108.371704101562 108.854553222656 109.752029418945 110.052536010742 110.742835998535 111.108055114746 111.809448242188 112.205093383789 112.467872619629 113.120460510254 113.633964538574 114.297378540039 114.818656921387 -3.4e+38 116.612030029297 117.151657104492 117.551704406738 -3.4e+38 -3.4e+38 119.285011291504 119.864234924316 120.649154663086
-3.4e+38 -3.4e+38 -3.4e+38 -3.4e+38 -3.4e+38 -3.4e+38 -3.4e+38 -3.4e+38 -3.4e+38 -3.4e+38 -3.4e+38 -3.4e+38 -3.4e+38 -3.4e+38 -3.4e+38 -3.4e+38 -3.4e+38 -3.4e+38 103.564437866211 103.899345397949 104.534202575684 -3.4e+38 105.617500305176 106.085662841797 106.790557861328 107.268333435059 107.648941040039 108.396492004395 108.619102478027 109.660621643066 110.382591247559 110.587799072266 111.02172088623 111.842506408691 112.211929321289 112.65291595459 -3.4e+38 -3.4e+38 114.337615966797 114.715812683105 115.256477355957 116.653518676758 117.053276062012 117.734832763672 118.215751647949 118.768943786621 119.33203125 119.84831237793 120.736602783203
-3.4e+38 -3.4e+38 -3.4e+38 -3.4e+38 -3.4e+38 -3.4e+38 -3.4e+38 -3.4e+38 -3.4e+38 -3.4e+38 -3.4e+38 -3.4e+38 -3.4e+38 -3.4e+38 -3.4e+38 -3.4e+38 -3.4e+38 -3.4e+38 103.414054870605 104.129531860352 104.485694885254 105.092292785645 105.640991210938 106.265159606934 106.77067565918 107.396011352539 107.870674133301 108.498657226562 109.062393188477 110.012878417969 110.366790771484 110.512298583984 111.282974243164 111.648063659668 112.434257507324 112.802604675293 113.247253417969 113.84375 114.218971252441 115.069862365723 115.385162353516 116.457191467285 117.281120300293 117.768112182617 118.449424743652 118.847602844238 119.542510986328 120.108711242676 120.553428649902
-3.4e+38 -3.4e+38 -3.4e+38 -3.4e+38 -3.4e+38 -3.4e+38 -3.4e+38 -3.4e+38 -3.4e+38 -3.4e+38 -3.4e+38 -3.4e+38 -3.4e+38 -3.4e+38 -3.4e+38 -3.4e+38 -3.4e+38 -3.4e+38 103.597038269043 104.055709838867 104.669258117676 105.215301513672 105.873168945312 106.342430114746 106.963790893555 107.435668945312 108.0615234375 108.622009277344 109.293586730957 109.91869354248 110.553123474121 110.704933166504 111.188987731934 111.835899353027 112.337715148926 113.074996948242 113.373474121094 113.785133361816 114.448211669922 114.972221374512 115.641319274902 -3.4e+38 -3.4e+38 117.99333190918 118.536491394043 118.752883911133 119.589111328125 120.020835876465 120.724822998047
-3.4e+38 -3.4e+38 -3.4e+38 -3.4e+38 -3.4e+38 -3.4e+38 -3.4e+38 -3.4e+38 -3.4e+38 -3.4e+38 -3.4e+38 -3.4e+38 -3.4e+38 -3.4e+38 -3.4e+38 -3.4e+38 -3.4e+38 -3.4e+38 103.615882873535 104.249549865723 104.793014526367 105.448944091797 105.915710449219 106.535232543945 107.004409790039 107.344924926758 108.173263549805 108.570152282715 109.325729370117 109.820281982422 110.588134765625 110.743057250977 111.380523681641 111.87858581543 112.323257446289 113.158065795898 113.315093994141 113.975151062012 114.494270324707 115.160057067871 115.68717956543 116.767120361328 -3.4e+38 118.039306640625 118.450714111328 119.063606262207 119.48949432373 119.932556152344 120.853309631348
-3.4e+38 -3.4e+38 -3.4e+38 -3.4e+38 -3.4e+38 -3.4e+38 -3.4e+38 -3.4e+38 -3.4e+38 -3.4e+38 -3.4e+38 -3.4e+38 -3.4e+38 -3.4e+38 -3.4e+38 -3.4e+38 -3.4e+38 102.51481628418 103.544471740723 104.354362487793 104.746887207031 105.475105285645 105.82795715332 106.561744689941 106.915306091309 107.615936279297 108.129905700684 108.759834289551 109.239074707031 110.020324707031 110.497650146484 110.645233154297 -3.4e+38 111.865394592285 112.555450439453 112.919586181641 113.217468261719 114.019683837891 114.398330688477 115.287452697754 115.672180175781 116.716644287109 117.395164489746 117.94019317627 118.360160827637 119.186393737793 119.483436584473 120.184326171875 120.812942504883
-3.4e+38 -3.4e+38 -3.4e+38 -3.4e+38 -3.4e+38 -3.4e+38 -3.4e+38 -3.4e+38 -3.4e+38 -3.4e+38 -3.4e+38 -3.4e+38 -3.4e+38 -3.4e+38 -3.4e+38 -3.4e+38 -3.4e+38 102.717834472656 103.82430267334 104.321449279785 104.937828063965 105.399353027344 106.017158508301 106.483177185059 107.187637329102 107.698471069336 108.326301574707 108.80249786377 109.1474609375 110.14347076416 110.776229858398 110.925109863281 -3.4e+38 111.808944702148 112.599243164062 112.753288269043 113.409851074219 113.925155639648 114.6689453125 115.235366821289 115.902168273926 116.623001098633 117.442733764648 117.851890563965 118.541061401367 119.178428649902 119.708358764648 120.275115966797 120.723670959473
-3.4e+38 -3.4e+38 -3.4e+38 -3.4e+38 -3.4e+38 -3.4e+38 -3.4e+38 -3.4e+38 -3.4e+38 -3.4e+38 -3.4e+38 -3.4e+38 -3.4e+38 -3.4e+38 -3.4e+38 -3.4e+38 102.408561706543 102.727081298828 103.906890869141 104.521842956543 104.980979919434 105.597160339355 106.060623168945 106.763000488281 107.270767211914 107.611419677734 108.359565734863 108.712509155273 109.339546203613 110.372901916504 110.720161437988 111.004791259766 111.357070922852 112.00325012207 112.504257202148 112.947975158691 113.456642150879 113.912200927734 114.756217956543 -3.4e+38 115.810607910156 116.805793762207 117.348251342773 117.840637207031 118.663131713867 118.995483398438 119.758193969727 120.177917480469 120.619598388672
-3.4e+38 -3.4e+38 -3.4e+38 -3.4e+38 -3.4e+38 -3.4e+38 -3.4e+38 -3.4e+38 -3.4e+38 -3.4e+38 -3.4e+38 -3.4e+38 -3.4e+38 -3.4e+38 -3.4e+38 -3.4e+38 102.345886230469 103.003265380859 104.10905456543 104.565895080566 104.897315979004 105.62629699707 106.057678222656 106.833740234375 107.185371398926 107.804443359375 108.277198791504 108.480522155762 109.455528259277 110.412269592285 110.562278747559 110.90941619873 111.552406311035 112.049575805664 112.268623352051 112.99535369873 113.445182800293 114.143760681152 114.664703369141 115.327583312988 115.779518127441 116.857406616211 117.340530395508 118.057411193848 118.470657348633 118.828117370605 119.661911010742 120.096694946289 120.792343139648
-3.4e+38 -3.4e+38 -3.4e+38 -3.4e+38 -3.4e+38 -3.4e+38 -3.4e+38 -3.4e+38 -3.4e+38 -3.4e+38 -3.4e+38 -3.4e+38 -3.4e+38 -3.4e+38 -3.4e+38 -3.4e+38 102.343719482422 103.066825866699 104.136085510254 104.483818054199 105.091567993164 105.6337890625 106.006202697754 106.745376586914 106.956062316895 107.696708679199 108.046836853027 108.32186126709 109.261085510254 110.178298950195 110.466972351074 -3.4e+38 111.598182678223 111.956115722656 112.39754486084 -3.4e+38 113.392700195312 114.191879272461 114.572807312012 115.374824523926 115.627174377441 116.8408203125 117.291404724121 118.110015869141 118.449211120605 119.005516052246 119.585029602051 120.357666015625 120.920356750488
-3.4e+38 -3.4e+38 -3.4e+38 -3.4e+38 -3.4e+38 -3.4e+38 -3.4e+38 -3.4e+38 -3.4e+38 -3.4e+38 -3.4e+38 -3.4e+38 -3.4e+38 -3.4e+38 -3.4e+38 102.154426574707 102.70002746582 103.011695861816 104.066452026367 104.679710388184 105.219276428223 105.589599609375 106.203704833984 106.530281066895 107.086784362793 107.553680419922 107.892555236816 108.51741027832 108.974380493164 110.021469116211 110.374053955078 111.01424407959 111.366859436035 111.723251342773 112.527397155762 112.931579589844 113.584579467773 113.958312988281 114.340042114258 115.14453125 115.546463012695 116.796371459961 117.473350524902 118.012466430664 118.300247192383 119.0615234375 119.57536315918 120.445167541504 120.735618591309
-3.4e+38 -3.4e+38 -3.4e+38 -3.4e+38 -3.4e+38 -3.4e+38 -3.4e+38 -3.4e+38 -3.4e+38 -3.4e+38 -3.4e+38 -3.4e+38 -3.4e+38 -3.4e+38 -3.4e+38 -3.4e+38 102.801528930664 103.219802856445 103.986755371094 104.792709350586 105.176338195801 105.78874206543 106.250495910645 106.811073303223 107.136749267578 107.468780517578 108.172492980957 108.648406982422 108.824714660645 109.934944152832 110.28296661377 110.921760559082 111.20809173584 111.64559173584 112.473831176758 112.701309204102 113.495414733887 113.800750732422 114.461929321289 115.067962646484 115.773559570312 116.574890136719 117.519645690918 117.782745361328 118.140060424805 119.04402923584 119.514793395996 120.216346740723 120.587478637695
-3.4e+38 -3.4e+38 -3.4e+38 -3.4e+38 -3.4e+38 -3.4e+38 -3.4e+38 -3.4e+38 -3.4e+38 -3.4e+38 -3.4e+38 -3.4e+38 -3.4e+38 -3.4e+38 102.090217590332 102.406066894531 103.00789642334 103.403114318848 104.271606445312 104.76025390625 105.377128601074 105.836364746094 106.168281555176 106.770881652832 107.13151550293 107.752220153809 108.259460449219 108.599975585938 109.164627075195 109.84676361084 110.344367980957 110.76586151123 111.19913482666 111.883773803711 112.243156433105 112.541809082031 113.335441589355 113.71265411377 114.514709472656 115.019836425781 115.821067810059 116.408157348633 117.291038513184 117.635948181152 118.395919799805 118.983673095703 119.287590026855 120.051933288574 120.505043029785
-3.4e+38 -3.4e+38 -3.4e+38 -3.4e+38 -3.4e+38 -3.4e+38 -3.4e+38 -3.4e+38 -3.4e+38 -3.4e+38 -3.4e+38 -3.4e+38 -3.4e+38 101.693206787109 102.00707244873 102.607879638672 103.055892944336 103.32544708252 104.355018615723 104.682662963867 105.412780761719 105.755699157715 106.369476318359 106.715255737305 107.080772399902 107.830947875977 108.17569732666 108.801750183105 109.278015136719 110.129997253418 110.409439086914 110.757690429688 111.439659118652 111.795043945312 112.088363647461 112.738555908203 113.2451171875 113.624633789062 114.497482299805 114.790596008301 115.593048095703 116.314651489258 117.132598876953 117.62117767334 118.35181427002 118.756759643555 119.125061035156 119.9599609375 120.413780212402
-3.4e+38 -3.4e+38 -3.4e+38 -3.4e+38 -3.4e+38 -3.4e+38 -3.4e+38 -3.4e+38 -3.4e+38 -3.4e+38 -3.4e+38 -3.4e+38 -3.4e+38 101.553207397461 102.210632324219 102.661109924316 103.301879882812 103.752502441406 104.481285095215 104.935165405273 105.262954711914 105.758712768555 106.248947143555 106.870620727539 107.335304260254 107.669853210449 108.293846130371 108.627487182617 108.981430053711 109.993179321289 110.272392272949 110.912467956543 111.264518737793 111.621612548828 112.198928833008 112.564430236816 112.944618225098 113.637306213379 114.151634216309 114.541473388672 115.339019775391 116.203338623047 116.81657409668 117.27571105957 118.088851928711 118.392715454102 119.217430114746 119.588912963867 120.360252380371
-3.4e+38 -3.4e+38 -3.4e+38 -3.4e+38 -3.4e+38 -3.4e+38 -3.4e+38 -3.4e+38 -3.4e+38 -3.4e+38 -3.4e+38 -3.4e+38 -3.4e+38 -3.4e+38 102.277404785156 102.907119750977 103.353828430176 103.540702819824 104.532096862793 104.938117980957 105.414283752441 105.842010498047 106.460067749023 106.921989440918 107.254447937012 107.876274108887 108.425415039062 108.561149597168 109.225227355957 109.840919494629 110.187126159668 110.964775085449 111.110481262207 111.471092224121 112.332321166992 112.622680664062 112.899436950684 113.688194274902 113.925468444824 114.316078186035 115.115188598633 116.334671020508 116.759750366211 117.050010681152 117.865798950195 118.229537963867 119.057670593262 119.513679504395 120.460189819336
-3.4e+38 -3.4e+38 -3.4e+38 -3.4e+38 -3.4e+38 -3.4e+38 -3.4e+38 -3.4e+38 -3.4e+38 -3.4e+38 -3.4e+38 -3.4e+38 -3.4e+38 -3.4e+38 102.511810302734 102.957855224609 103.28018951416 103.692100524902 104.536277770996 105.182189941406 105.442329406738 105.763252258301 106.504325866699 106.842643737793 107.462409973145 108.008262634277 108.241806030273 108.804443359375 109.278442382812 109.75634765625 110.393257141113 110.741638183594 111.106742858887 111.750335693359 112.283081054688 112.512733459473 113.09546661377 113.598838806152 113.767784118652 114.158477783203 114.956481933594 116.278854370117 -3.4e+38 -3.4e+38 117.707534790039 118.133735656738 118.846549987793 119.467102050781 119.971206665039
-3.4e+38 -3.4e+38 -3.4e+38 -3.4e+38 -3.4e+38 -3.4e+38 -3.4e+38 -3.4e+38 -3.4e+38 -3.4e+38 -3.4e+38 -3.4e+38 -3.4e+38 102.153114318848 102.564506530762 102.885650634766 103.488952636719 103.823196411133 104.781631469727 105.235572814941 105.365379333496 105.972480773926 106.431190490723 107.131195068359 107.596183776855 107.825981140137 108.094299316406 108.855506896973 109.195594787598 109.965072631836 110.3095703125 110.66869354248 111.062309265137 111.843292236328 112.19563293457 112.363548278809 113.147804260254 113.379028320312 113.691772460938 114.347702026367 114.809906005859 116.057647705078 -3.4e+38 117.072364807129 117.612190246582 117.919021606445 118.752540588379 119.274757385254 119.660453796387
-3.4e+38 -3.4e+38 -3.4e+38 -3.4e+38 -3.4e+38 -3.4e+38 -3.4e+38 -3.4e+38 -3.4e+38 -3.4e+38 -3.4e+38 -3.4e+38 -3.4e+38 102.19019317627 102.493698120117 103.096076965332 103.620727539062 103.785804748535 104.835716247559 105.16032409668 105.575714111328 106.026084899902 106.432754516602 107.215942382812 107.552871704102 107.681854248047 108.304656982422 108.775512695312 109.191543579102 109.8818359375 110.238136291504 110.620346069336 110.840476989746 111.620643615723 111.975646972656 112.279541015625 113.060485839844 113.228645324707 113.683326721191 114.345489501953 114.693458557129 115.902374267578 116.322402954102 117.206153869629 117.595321655273 117.83544921875 118.699256896973 119.10758972168 119.43822479248
-3.4e+38 -3.4e+38 -3.4e+38 -3.4e+38 -3.4e+38 -3.4e+38 -3.4e+38 -3.4e+38 -3.4e+38 -3.4e+38 -3.4e+38 -3.4e+38 102.010360717773 102.114852905273 102.784736633301 103.232086181641 103.584671020508 103.998649597168 104.761909484863 105.23486328125 105.625816345215 106.028823852539 106.68115234375 107.003684997559 107.331909179688 107.599349975586 108.219085693359 108.555244445801 108.928718566895 109.811904907227 110.190879821777 110.399642944336 110.690559387207 111.466194152832 111.68726348877 112.058937072754 112.845512390137 113.218948364258 113.635375976562 114.230209350586 114.608421325684 115.809967041016 -3.4e+38 117.024429321289 117.421966552734 117.788444519043 118.613380432129 119.015853881836 119.276794433594
-3.4e+38 -3.4e+38 -3.4e+38 -3.4e+38 -3.4e+38 -3.4e+38 -3.4e+38 -3.4e+38 -3.4e+38 -3.4e+38 -3.4e+38 -3.4e+38 -3.4e+38 102.42219543457 102.873466491699 103.48420715332 103.811683654785 104.052200317383 104.838150024414 105.22713470459 105.628120422363 105.848098754883 106.590965270996 106.863059997559 107.050987243652 107.379104614258 108.075782775879 108.271377563477 108.608032226562 109.628608703613 109.971336364746 110.25415802002 110.756813049316 111.247428894043 111.532348632812 111.772880554199 112.632293701172 113.035629272461 113.420532226562 114.14624786377 114.53791809082 115.795333862305 116.01676940918 116.865745544434 117.267318725586 117.7041015625 118.51863861084 118.804954528809 119.198341369629
-3.4e+38 -3.4e+38 -3.4e+38 -3.4e+38 -3.4e+38 -3.4e+38 -3.4e+38 -3.4e+38 -3.4e+38 -3.4e+38 -3.4e+38 -3.4e+38 102.348709106445 102.500938415527 103.095626831055 103.538475036621 103.721374511719 103.975769042969 104.83544921875 105.230529785156 105.448463439941 106.001182556152 106.456817626953 106.645523071289 106.908912658691 107.531524658203 107.858856201172 108.128036499023 108.54118347168 109.482147216797 109.822731018066 110.039520263672 110.747917175293 111.096008300781 111.317359924316 111.696823120117 112.517242431641 112.877265930176 113.13404083252 113.926811218262 114.330078125 115.622215270996 115.971054077148 116.773132324219 117.04753112793 117.490142822266 118.375640869141 118.712623596191 119.049324035645
