rcp8.5models/CNRM-CM5/sc1gr9.7
NCOLS 261 
NROWS 433 
XLLCORNER 336357.134 
YLLCORNER 654653.479 
CELLSIZE 1000 
NODATA_value -9999 
[rows 264 to 285 of 433, columns 150 to 199 of 261]
417.46097419773 423.189455830936 376.372692637554 284.554657818666 241.367823150651 230.279410667629 263.924511142183 359.151602745669 236.17443625332 337.607770387819 332.938741094219 329.873823209313 330.47634629574 331.410767912759 329.264569141602 329.152033521298 331.410717384657 332.379231153407 325.834392766165 329.963753815064 -9999 -9999 -9999 328.656148451796 331.383856603992 334.04618109836 339.548108572652 344.685650623622 344.923794822999 339.869822009847 334.34734750505 336.640337623704 335.418986446668 329.860161099827 326.942513608263 343.070698233143 359.164593496639 332.112383132411 331.369472900521 330.006724852583 328.158487249766 325.644259150042 327.645749973906 332.154589711954 333.968287420234 335.749842041208 337.87087641202 336.47468786118 333.841761926268 334.59741306469
436.303827884742 433.555950549342 428.953018819626 366.677954507656 278.955705474116 236.238447955874 274.004098739205 338.527934276664 235.141303409321 336.591056164102 331.623114388014 328.965273802557 330.029527019186 329.239856331975 325.904676101713 327.648269156157 331.289714573038 328.204921041708 325.359272375029 325.459535837471 323.810170978924 -9999 324.926956331982 325.223343170834 330.19512856482 334.370926700116 339.305914872331 345.060720515279 343.113859984452 339.846876327724 335.022573652094 335.142507672346 332.002280341 326.488425453786 337.373681650938 387.506069638125 407.545556259079 345.040298524207 328.278254968385 326.73429823965 324.846436202639 324.215461900263 324.726267371595 328.861734746732 332.407474331924 333.556729852761 333.025053187725 334.04462831195 336.502676511635 332.949984019524
465.072689086245 499.065694422552 427.675887418023 423.819788393048 355.806126462261 253.3603282684 251.037364001104 326.100170149862 280.59145246188 331.156879992276 327.216712136631 325.367242281783 323.882623610637 318.853231222651 318.436715004762 317.420068075753 317.117460206223 319.470336190582 322.680246875567 323.03277421641 323.513144304286 -9999 321.315704097482 328.309166315869 332.083178469629 336.228340978612 336.438004092251 337.114813953813 341.302142865042 339.37569074706 327.104070510025 324.862572264603 324.261467738946 327.041075620365 325.132653578144 355.117706210472 429.113261546735 412.564188996347 342.75898148833 328.530802838361 331.160266478666 325.62395699536 322.63820349616 326.269773018711 329.319232991602 327.984110592656 324.063815804504 323.146775398866 324.422587094224 323.292755404705
400.602686165073 368.136557853928 455.304354826005 517.474120315386 414.537006796497 331.566693337814 254.5832840872 248.690713161034 227.143903882505 329.367768750286 325.1527310182 321.381256958042 318.72323034383 316.544903469872 317.063963814675 314.911095048756 315.979500595107 316.292641048656 320.900971594835 322.195764584537 323.259154148114 316.267395456667 -9999 326.013162678024 327.631324529255 330.263747812151 330.573707484912 336.022235179103 338.701714176941 336.225376263507 328.035883075468 325.097123841836 323.69240295789 326.924909415317 324.124917798939 352.850183710809 434.245014622501 436.608210645784 357.870213859337 329.803217055445 330.597089345382 323.569420895002 323.069819392001 326.945048909084 332.839564974477 329.022159492489 323.281847026739 319.609912432301 319.986676396068 318.808612727782
491.522600867673 355.117100777301 440.402908096357 488.728886403913 427.980883509211 413.876998177291 334.670831277811 267.057080112245 226.208328045956 327.473126748149 -9999 317.710019009312 316.168169698608 300.404558799036 284.77171487959 315.007166273403 316.051548302107 319.107547108463 324.2040588336 321.100913656225 322.005519136115 316.429947083245 -9999 318.990100023047 319.969006864458 324.29621122472 325.861265875915 331.992153074588 334.787750029334 333.253055405747 327.571830199972 323.328972218992 322.387480633024 325.952670767499 322.642090718461 335.061484645296 376.634511668721 383.400336994511 345.160982478881 328.029691183657 323.251117291165 322.272752821151 322.337895047243 325.330446728642 330.533993030513 326.968406694216 321.511022466537 319.027979935999 320.360844208071 318.506651186349
593.952736940174 398.823490369175 404.970397506006 445.009848502446 549.384202364078 522.275531934664 393.937741610179 285.737950661041 226.015432473346 326.014723198034 318.61564898135 315.611242758227 319.76221474681 317.947286691117 298.14866890985 285.908349587469 261.473402807083 326.771660468672 325.099735200146 319.465881200658 318.391783443406 313.80637868393 311.075614698624 314.110617019626 325.346363429176 337.521797282702 326.209409830071 325.745891955973 331.197126685304 331.777663032821 325.367710131909 324.873692637017 323.065497365704 325.279352861262 324.229756020311 323.103769373494 326.55098303446 330.08999252141 330.241774675061 326.655973985509 323.584462133281 324.082508351499 321.447599320733 324.741991581347 325.931177194487 323.857682488937 321.903880787896 322.472468088683 323.1394627363 318.778869610844
509.429847208426 427.502391519644 435.823776061028 478.366688548443 545.662825954832 505.419405943684 415.42176014387 293.716687590209 282.75704853001 326.186439234121 316.973630948862 313.004484384818 315.541003813151 329.267245759695 327.881654653547 287.276568432037 264.980243687838 323.837461012872 320.02733761048 314.049224453895 312.619068725185 312.207607982175 310.487587614867 312.045294640682 326.354428088779 339.698513855783 330.12623770893 324.018489659721 331.171488418018 329.531141596838 327.721501162137 328.432316782775 325.621806095405 325.181311193718 323.784240912909 321.988380488565 321.181529588424 329.101535095992 334.282827080066 330.715002389236 326.820517290729 323.881214666585 322.567986158328 326.967899309613 325.689678112417 321.11432874209 321.2464730712 322.753739820187 321.546809079539 316.759387094912
430.451379973347 439.192800941807 471.756026812125 482.670768896355 463.914815779431 451.474655491556 405.335606341428 296.821592418769 248.852126379557 268.396447154799 315.133846120144 -9999 306.430410425803 326.031613997343 348.472789677194 310.111760991044 310.04194924051 312.627373613187 310.982765998448 306.712058251451 306.906086177771 310.159048047945 307.959498033095 309.056969944933 312.112468128218 318.384545349155 326.972863656911 325.579011887433 329.02395060267 326.294653203306 328.193522806947 330.264015581431 325.840270386952 321.959962204942 319.64941480993 319.272114138487 321.026696581902 329.924255766772 334.150182114584 328.905219262153 324.66038859163 321.995778094065 323.121649376599 325.433605534077 323.042758654018 318.186841244522 320.024392284023 320.96101197745 319.994610528409 315.677438030913
451.350999028844 463.008991834181 497.649847482223 507.845127282701 492.422174585954 443.5432392448 327.86027784544 273.414245200022 259.237731031818 267.735256800896 311.617398834114 305.993874585775 302.372827829163 296.944559858195 293.138158037283 303.796146722273 302.656596917686 302.557424912262 299.743603077506 299.349998408492 301.361422178343 304.601097158238 305.813980014447 306.435981552121 304.625320398374 307.446117544428 314.799453509288 319.037808191835 321.433920673009 321.220437769543 325.123438018775 331.279622099697 324.780382532248 320.338495465055 317.237742753455 316.617524043471 321.04284635774 328.174284954157 331.723173490681 330.446070498669 326.820861738476 324.29360562418 323.805461107848 322.769512536452 318.79922093248 319.233043515216 320.872930534567 321.608543018257 324.203913113085 314.599124446835
488.965929228337 496.304702015771 512.38498563669 519.334899905231 485.251665389506 377.689769619382 247.980166260957 250.920737649801 329.559617302972 314.361737620462 307.580477083436 301.729258194668 298.625057650696 279.208846746326 -9999 -9999 -9999 -9999 293.048939691616 295.362036567982 297.986339217853 303.228587580265 308.274944678135 306.805163560237 307.792752655686 307.219817431213 308.735755359211 309.055549790324 312.057340524498 314.57425364232 325.157284726842 332.72240950108 328.851242024495 325.77257336661 322.021991576892 316.907795895136 319.733574286189 327.271378751155 339.076037758427 360.560231678585 363.077560046518 333.691936659991 327.128887288101 322.255223091416 317.636752557583 321.9540616708 321.336648211017 318.727556615307 317.340403926068 312.901588979943
520.380436079126 517.691066307125 506.995192546931 506.004884463994 466.836253884786 319.956946005134 237.470740628307 263.950706416842 318.424219166634 310.580988995007 304.05551253131 298.696907530985 295.553099252118 295.799728103572 298.466450992968 296.939684855599 268.245734636057 244.463327195172 294.112784930136 293.5426922727 296.058106730711 302.234982061685 309.012052464466 307.867461485845 310.326746613592 312.879025627834 314.24121240473 308.528677736305 305.963877663902 310.253674902268 327.918455868141 339.5995814148 334.253663943437 330.033554581443 324.690811662382 317.332857437831 318.441221519037 326.028455285489 343.149195220753 375.53074783874 371.942831285036 340.668761888702 326.290133485167 319.504461468235 319.746257443432 323.743473669428 317.570377360501 313.61658498575 309.821547311825 316.600155870101
517.712023293701 528.249575667561 495.001208764925 473.597396853392 458.658078717186 317.164040329267 236.727036775352 235.401696536317 292.558095489797 255.011077046618 300.986801709295 294.81017882917 291.690434420492 291.707749800662 297.481239349206 303.706773169557 298.582087823723 297.319447457769 299.802823325174 293.201511884775 294.024673991918 299.122331930067 307.264178397844 308.594098891555 308.086674523074 312.832548420571 315.590571577446 314.143901640615 307.201006669935 307.877322190713 325.23321420489 338.315868311745 332.111642472528 324.967354799087 319.741598964046 317.574418810626 319.075077746851 321.037952811751 335.858933745174 359.270567891963 351.860817594993 334.033478976623 319.929820998262 317.500330783984 319.920003445891 320.833811378416 313.248350832053 309.537354791826 309.008764592682 315.693890185001
490.911795599698 505.293669482203 461.023973744166 445.186473191477 480.0731540551 412.767955201073 282.273577172419 256.051833470318 279.192147504871 303.8789377641 303.287108227209 291.479435358463 289.321376370404 288.842998867618 294.559054402605 303.609724646332 299.603190449336 297.815218986999 300.646369220727 296.781700381617 293.85252079145 296.69884170824 304.356756926451 307.928942306943 307.253595543187 310.576550164336 315.301843761388 320.893538085441 310.939619894885 305.931884003857 320.806890626904 341.153958268362 355.579650071008 326.347464439552 316.699466340709 321.577052446538 321.53824722397 318.404463144653 324.967254140188 342.337784199826 349.941698499299 328.525267216708 318.30562207363 319.684813545435 317.332284188635 315.085497834739 310.757480149388 307.518966779478 308.540539935818 309.951429465264
475.876139826333 520.075922907795 598.396243273118 536.13972222606 471.806681760325 497.739846193027 434.132053549737 393.445265157125 281.11397131698 345.122415838656 254.880848776857 290.590723900898 287.219676543647 285.161048598626 287.236708956247 292.663758810115 -9999 291.989438639687 295.709769384788 295.416663561863 293.332466126835 294.499456126685 301.956082852754 308.598787107658 310.37924734234 311.89769793006 313.592460268185 315.104781910214 309.47587253203 305.986244464374 320.567243337059 337.686090740806 348.671808626187 327.555362058195 329.722462895778 327.035986709376 324.703457412879 318.626975077179 318.794887552 329.45468022798 344.538621193191 341.292244417551 321.713198391674 321.948704214269 316.175792498254 309.215890981666 307.661957235052 308.036841525154 310.074196725611 308.581533471475
553.97249061563 705.133411870768 627.454523962575 733.74778668734 683.069010240525 628.209268129471 666.947541317214 547.089579795222 413.267507036989 265.78028606559 179.67349702398 241.157195763733 284.434121886113 284.094090012566 283.668350477268 282.232953081186 282.684810140379 282.926713536069 284.610707223416 290.110391308577 290.761567821655 291.826184884284 295.572666013144 303.470640712516 311.244130697738 312.942286627787 312.692325483744 311.111042692557 312.940338384915 312.716695647974 315.916409470163 331.860729141308 319.740286371392 326.79539216655 343.487266017092 332.864557728306 324.989754109753 317.498675779891 316.657545785806 319.872295746391 330.050316444208 373.19503069168 442.745871358121 407.234516366004 325.040341724352 311.761954023875 309.093623998874 313.222027086192 312.522202348233 313.731061642933
523.400157472977 561.022446635306 485.411370955872 631.426630536984 747.773329427646 688.565693263685 569.089337959122 595.600202313105 430.884053091957 208.574444285783 203.256435897506 293.640841066798 285.28696413901 283.025003299895 281.866516621917 280.175114924219 280.893416863887 -9999 282.987531771157 285.115308649016 287.908200907159 293.037971443875 299.114094174746 302.388126899857 308.21473346653 313.719795329042 318.276637662764 321.137675525055 326.720252424557 326.747737141751 310.719488419239 327.86836493013 323.507954272057 323.382438862559 334.413037413791 348.535414516831 340.577588379978 318.46984387776 318.229528562842 322.149040673379 329.698391189292 364.977349902054 442.958742328166 411.753921320929 320.897258701268 311.239108212899 316.375412804882 328.367524661573 311.413432821181 318.615827345759
523.453678417868 475.03911226802 499.264278120838 589.73186196043 638.354610189766 686.402147459018 582.877253784782 630.288255392171 420.782323728931 193.214112677968 177.383819115802 214.103868905124 232.795633115811 281.353909866021 280.130093285852 282.541785534766 282.407781555414 -9999 283.351937768671 286.29552037783 289.847582965429 292.94045132574 296.279198363388 300.348894385165 305.833224471167 315.308149938917 321.618078441292 329.125628296753 333.766540780772 329.159382417941 305.30563436783 321.223026752712 334.689058900125 331.545056546508 337.39383354783 344.880800631736 338.869496304108 316.343695016012 317.244178576471 323.743100173885 329.142244129239 349.666194441395 443.421936532662 411.26407167245 321.468120210298 310.116522864728 316.903497943816 328.143889105865 312.661686882494 317.6769906644
574.534394291142 503.19061360898 563.548280452837 660.27325476634 555.040218643689 716.372165107406 713.731779502925 686.088818772461 449.38287923394 269.213013300357 226.020931357544 166.476693011873 212.705328659245 229.265831337742 279.750815846977 281.251651333459 280.998744329406 280.956540923275 282.615924924197 287.187408766524 287.17980461136 286.599175298327 287.730872434768 296.961282075307 307.440737925121 315.999698853849 320.153020801187 327.269411334192 327.950961863286 322.076797559855 304.154451199617 315.420023615516 332.529393306234 331.725022180789 330.293807690807 322.57821654225 320.057203974862 314.691807520467 315.311346630908 322.417195536068 330.409120083266 350.807914425739 428.973882324147 411.56574000048 324.251580879691 310.825889379568 317.188648161682 318.328678949788 329.081842095677 348.127802304979
597.119809048963 575.953874450828 682.879495639114 702.616788198103 601.080711509727 721.761705184374 717.076569205837 708.863902021991 465.304012615355 308.46014599511 287.373356433425 253.646849571 268.399527942837 234.460326047584 279.492343873498 277.482994504161 277.668885512977 277.620361492911 279.16166223828 282.017200241878 293.111024902859 311.684310589493 291.657022423324 290.28286080034 308.218555724217 320.417635359568 311.537254299038 319.656216937901 325.476841064482 318.28088195119 305.568467999832 307.893582880951 320.615350054992 328.43395779373 327.675388137977 318.86535202154 321.206188913148 319.341512500419 316.01914298584 319.921053313123 349.865267870997 410.157311991704 407.214765677606 369.404167748151 317.632744863778 311.329138963322 320.708722070837 340.98126676211 378.251808624832 387.532164650088
602.811207512364 598.234539484011 728.401160766443 642.178686065623 668.439499084234 750.89239417281 669.057982580969 565.381189152298 582.697590418046 327.704371597225 328.173941594396 321.235042062333 295.59912211682 284.414250306898 279.706418470071 276.232933385673 277.081638868036 -9999 -9999 278.441078284088 292.498495039684 312.3719199874 293.25213482628 287.746308306494 296.778516940636 308.690949233781 308.316601269182 321.40515016439 323.62085023603 316.924818221488 308.209794305264 308.107307474018 325.648245103545 344.899663734347 324.445726350258 320.168296775136 324.924240887781 325.187495607723 319.294702052457 318.593194076316 366.432078051598 453.737001139437 374.865303603229 351.97045411552 328.418929244413 311.297449426901 329.302400602813 374.521290179349 397.10660480459 393.255724602661
573.37631257417 514.757347965073 580.565310888327 597.056575318702 721.689739668318 763.410337472544 612.698247001016 509.588960324973 690.840691905805 409.944506548529 348.200203018894 271.351856420537 297.542701030736 284.515481534535 280.147882964183 260.695043639322 251.19404231941 294.278137911345 274.338714190298 274.734431782439 278.254733372233 282.614207649547 286.546411200922 289.207645150482 -9999 293.795531954757 306.830473202295 321.007417727939 324.509407869268 319.733643712194 313.407002101477 309.192108777236 332.148625390172 369.131142531334 330.420846447284 323.238662512243 328.913939090948 330.154705587777 321.202361111252 317.231824820841 352.327364520353 408.89994271014 359.907850711717 390.902796060286 369.723520399253 316.938119632334 344.059886037854 391.164083319429 397.971899963558 398.154346424027
542.111485041187 453.872133197433 516.798402912298 644.040535917021 603.34070413354 641.840798607722 629.117526677628 538.965227983176 606.086629109595 459.393801053225 387.478221906823 253.627283203638 301.19690383653 287.202088063366 280.202249521788 268.949350856211 273.702354998993 308.190679116278 280.613732172746 -9999 276.902599493958 281.049602593344 288.482150010059 291.26270633474 289.065599141036 -9999 301.296641234711 318.900082842196 341.799847210763 326.402218218652 323.594398483177 312.15216642862 321.35196052808 355.99722108584 341.689017827279 326.015265084395 339.40954354867 345.383085342729 325.032192218189 319.305756322044 331.938125891726 349.06011805307 365.272004382772 412.17293293011 388.325579063906 327.243701505073 358.820206878394 381.3670079344 400.789516026523 400.121739544612
