rcp8.5models/CNRM-CM5/sc1gr6.39
NCOLS 261 
NROWS 433 
XLLCORNER 336357.134 
YLLCORNER 654653.479 
CELLSIZE 1000 
NODATA_value -3.4e+38 
[rows 132 to 153 of 433, columns 49 to 97 of 261]
1000.13134765625 1005.04705810547 1010.16369628906 1015.1279296875 1022.19464111328 1028.61279296875 1037.46447753906 1048.62707519531 1054.40380859375 1057.87890625 1064.16918945312 1072.37939453125 1078.14685058594 1079.40148925781 1091.2255859375 1095.52941894531 1102.06396484375 1106.24572753906 1116.41979980469 1122.90576171875 1131.63366699219 1137.11376953125 1144.82409667969 1151.14135742188 1159.65026855469 1169.18432617188 1174.16076660156 1176.13696289062 1182.08312988281 1194.09143066406 1198.39123535156 1206.99536132812 1214.3466796875 1223.36157226562 1228.79309082031 1236.8095703125 1244.45654296875 1254.53930664062 1257.78552246094 1265.76293945312 1274.92834472656 1293.48522949219 1300.580078125 1308.64318847656 1318.95532226562 1324.41174316406 1330.54650878906 1340.28723144531 1348.03918457031
998.818786621094 1002.82885742188 1006.25848388672 1014.18212890625 1019.28167724609 1026.11157226562 1031.60510253906 1044.51245117188 1049.90258789062 1055.35046386719 1061.3310546875 1068.95495605469 1077.37255859375 1082.26684570312 1084.44409179688 1091.59240722656 1099.16943359375 1103.86499023438 1113.47277832031 1120.22729492188 1129.04138183594 1134.03674316406 1141.43444824219 1147.52697753906 1156.52026367188 1165.59375 1170.84606933594 1174.54443359375 1179.884765625 1190.0634765625 1195.07849121094 1202.41528320312 1212.15026855469 1220.955078125 1227.03173828125 1237.55871582031 1243.31469726562 1250.73669433594 1255.83630371094 1263.81799316406 1272.88903808594 1288.9072265625 1298.33117675781 1305.59851074219 1314.19470214844 1321.53100585938 1329.55578613281 1339.86145019531 1347.74377441406
996.22509765625 1001.46801757812 1005.99627685547 1013.00732421875 1016.72741699219 1022.26867675781 1027.34423828125 1041.97607421875 1047.33129882812 1052.33227539062 1057.07250976562 1064.54016113281 1071.93310546875 1080.908203125 1080.06103515625 1088.19885253906 1094.66345214844 1102.2822265625 1111.65026855469 1118 1126.09240722656 1130.90100097656 1136.86181640625 1144.79919433594 1153.81823730469 1160.33764648438 1167.22595214844 1171.63635253906 1177.11901855469 1187.30285644531 1192.318359375 1199.38134765625 1206.46887207031 1215.49084472656 1223.63293457031 1232.50268554688 1239.84851074219 1248.12744140625 1254.15161132812 1261.28649902344 1269.14636230469 1285.51342773438 1294.88452148438 1301.69006347656 1308.70776367188 1317.97644042969 1326.2734375 1336.05383300781 1344.95837402344
990.543151855469 997.733337402344 1003.84246826172 1007.44683837891 1013.12518310547 1018.45086669922 1024.48498535156 1037.46936035156 1044.71032714844 1048.90942382812 1055.34204101562 1061.05261230469 1068.76037597656 1074.58264160156 1077.857421875 1083.53967285156 1090.52600097656 1098.29260253906 1107.56469726562 1115.14453125 1120.99963378906 1127.66455078125 1134.21716308594 1141.46057128906 1149.29760742188 1157.03015136719 1165.37426757812 1169.02905273438 1174.2685546875 1183.66491699219 1189.32946777344 1195.44909667969 1202.51147460938 1211.38305664062 1218.1376953125 1225.65844726562 1233.7021484375 1244.95104980469 1251.67810058594 1258.29699707031 1265.61303710938 1281.35180664062 1289.26672363281 1297.16650390625 1305.63842773438 1316.31030273438 1322.759765625 1330.87365722656 1341.66662597656
988.6728515625 994.474731445312 1001.75866699219 1004.33673095703 1010.51922607422 1016.63494873047 1022.29217529297 1031.91418457031 1043.27844238281 1047.11145019531 1053.31921386719 1059.63159179688 1064.80590820312 1069.28955078125 1076.17053222656 1080.16345214844 1088.06872558594 1094.4970703125 1103.33996582031 1111.41381835938 1119.08215332031 1124.81872558594 1131.81689453125 1138.31262207031 1145.02258300781 1152.75561523438 1160.63525390625 1164.97155761719 1171.3037109375 1180.1552734375 1185.939453125 1193.63061523438 1199.50476074219 1206.88037109375 1214.21533203125 1222.2197265625 1229.92504882812 1241.53735351562 1249.10534667969 1256.49951171875 1263.99560546875 1277.09448242188 1285.21875 1294.11950683594 1302.86779785156 1313.94348144531 1320.59411621094 1329.20861816406 1338.84436035156
986.563659667969 992.862060546875 999.18798828125 1003.32403564453 1007.38897705078 1013.65441894531 1018.896484375 1029.55737304688 1037.67761230469 1045.31225585938 1051.20263671875 1058.93811035156 1062.41662597656 1067.9736328125 1073.24243164062 1077.83959960938 1084.01843261719 1094.25073242188 1102.35412597656 1108.10095214844 1115.47045898438 1121.57800292969 1127.177734375 1135.4267578125 1141.85217285156 1147.94506835938 1157.52270507812 1162.12353515625 1167.15161132812 1177.40478515625 1182.89013671875 1190.46997070312 1196.56555175781 1204.50524902344 1214.23901367188 1218.84619140625 1226.94262695312 1238.47534179688 1245.84545898438 1255.17553710938 1262.52380371094 1274.48693847656 1282.08947753906 1290.4501953125 1301.525390625 1311.58056640625 1318.421875 1325.93090820312 1334.08605957031
979.595886230469 985.8818359375 991.347534179688 998.826110839844 1002.22113037109 1007.27508544922 1014.69451904297 1021.19708251953 1030.02331542969 1036.14453125 1046.06713867188 1050.73803710938 1056.60461425781 1060.34069824219 1067.1337890625 1071.71704101562 1077.54357910156 1086.24914550781 1096.94128417969 1104.95495605469 1109.78271484375 1117.23681640625 1122.85571289062 1127.81628417969 1136.873046875 1142.30053710938 1148.23034667969 1156.11315917969 1161.22839355469 1172.95776367188 1178.23559570312 1185.17492675781 1192.65795898438 1200.18994140625 1208.53503417969 1212.13354492188 1220.06005859375 1229.8115234375 1238.1142578125 1246.31457519531 1255.71838378906 1270.76416015625 1278.17907714844 1285.37329101562 1293.97131347656 1302.759765625 1312.52307128906 1318.82690429688 1326.52111816406
974.460632324219 979.258056640625 988.382873535156 995.664184570312 999.418701171875 1005.31726074219 1010.82171630859 1020.72637939453 1028.341796875 1034.25402832031 1042.74768066406 1047.69140625 1053.47204589844 1056.76379394531 1061.99731445312 1067.10656738281 1072.29309082031 1080.2099609375 1091.60876464844 1100.09753417969 1106.48510742188 1113.82592773438 1118.65185546875 1126.11706542969 1131.89904785156 1139.4189453125 1145.55200195312 1152.07958984375 1159.39672851562 1171.67761230469 1177.88073730469 1185.2373046875 1190.7568359375 1195.94482421875 1201.55639648438 1206.92163085938 1217.376953125 1227.28845214844 1235.90100097656 1243.84753417969 1251.68518066406 1266.84985351562 1277.15734863281 1284.421875 1292.14477539062 1298.54113769531 1308.11157226562 1317.28845214844 1323.8583984375
971.382690429688 975.411926269531 -3.4e+38 986.821899414062 993.01513671875 1001.59649658203 1009.23968505859 1018.76196289062 1025.7734375 1029.9677734375 1035.57507324219 1041.703125 1046.26306152344 1049.72583007812 1055.92224121094 1062.70056152344 1068.39575195312 1076.79821777344 1088.73315429688 1096.98266601562 1102.44946289062 1109.08422851562 1114.27819824219 1120.94995117188 1128.21447753906 1134.28149414062 1142.9833984375 1149.47265625 1156.99560546875 1171.00073242188 1176.38427734375 1183.37658691406 1186.95043945312 1191.94714355469 -3.4e+38 1204.40417480469 1212.93139648438 1221.35498046875 1229.423828125 1237.37268066406 1245.1171875 1264.22302246094 1272.91052246094 1280.60900878906 1288.72766113281 1295.12817382812 1304.14184570312 1314.04016113281 1320.02758789062
967.944763183594 972.656433105469 -3.4e+38 981.462524414062 987.293518066406 996.041442871094 1003.90368652344 1014.54504394531 1020.81872558594 1025.44323730469 1028.43334960938 1034.69860839844 1040.09509277344 1043.96569824219 1050.28161621094 1057.85815429688 1065.498046875 1073.32763671875 1082.89111328125 1092.11975097656 1096.51147460938 1104.28283691406 1110.05737304688 1114.69665527344 1124.3359375 1130.95642089844 1139.69543457031 1146.86962890625 1151.96508789062 1167.43090820312 1175.35327148438 1180.88256835938 1184.34606933594 1190.2099609375 1195.56518554688 1200.42126464844 1207.03955078125 1216.27612304688 1224.357421875 1231.42749023438 1240.53381347656 1258.7705078125 1267.00671386719 1274.72497558594 1283.00708007812 1290.71740722656 1298.74536132812 1309.77734375 1316.12646484375
967.045715332031 969.981811523438 973.436889648438 977.090209960938 982.898986816406 990.495300292969 997.061218261719 1012.29968261719 1016.48907470703 1019.84368896484 1024.37243652344 1029.61218261719 1035.13159179688 1039.25646972656 1044.37731933594 1053.72216796875 1061.25915527344 1067.98254394531 1077.80871582031 1086.71899414062 1090.75671386719 1097.37365722656 1103.62658691406 1111.43383789062 1118.68994140625 1126.33764648438 1134.71765136719 1140.88818359375 1147.17541503906 1162.08483886719 1168.76989746094 1176.7978515625 1181.02893066406 1187.45007324219 1191.51318359375 1196.60314941406 1204.05676269531 1214.2626953125 1220.96166992188 1228.05102539062 1237.86730957031 1253.09155273438 1262.04772949219 1270.71887207031 1276.96142578125 1285.43627929688 1293.91516113281 1303.90942382812 1311.44189453125
964.166931152344 967.996032714844 972.55859375 975.09326171875 982.120544433594 987.839233398438 991.347534179688 1003.65393066406 1009.04132080078 1013.71472167969 1019.02374267578 1024.92065429688 1031.12573242188 1035.78381347656 1040.56677246094 1050.51489257812 1057.2265625 1062.78820800781 1073.67431640625 1081.41247558594 1086.36938476562 1091.291015625 1099.35314941406 1107.17626953125 1115.20178222656 1122.19006347656 1127.76354980469 1135.14624023438 1141.85205078125 1157.07641601562 1162.09545898438 1169.58764648438 1175.71899414062 1183.46520996094 1188.82653808594 1193.14868164062 1201.24975585938 1211.36071777344 1219.04357910156 1226.81091308594 1235.69018554688 1249.60314941406 1256.67346191406 1266.69140625 1272.466796875 1281.85949707031 1290.30725097656 1299.02270507812 1306.900390625
961.996337890625 965.95703125 971.384704589844 976.708862304688 980.397399902344 984.556823730469 988.312316894531 996.928894042969 1003.13037109375 1009.50140380859 1014.00354003906 1018.74493408203 1025.78747558594 1032.71838378906 1038.24719238281 1046.83349609375 1052.69274902344 1060.154296875 1067.94372558594 1074.40014648438 1081.70544433594 1090.22302246094 1097.11596679688 1102.77062988281 1110.61157226562 1118.31701660156 1122.48559570312 1130.25622558594 1137.60424804688 1152.6982421875 1157.28662109375 1165.14135742188 1171.24877929688 1180.2470703125 1185.818359375 1189.86413574219 1198.32141113281 1208.64135742188 1217.44409179688 1225.46740722656 1233.57531738281 1248.00415039062 -3.4e+38 1264.39025878906 1269.52099609375 1277.78564453125 1285.94201660156 1294.66662597656 1301.60217285156
958.32666015625 964.617431640625 969.873229980469 975.818115234375 977.880554199219 982.068359375 988.42822265625 995.426574707031 1000.47589111328 1006.57836914062 1010.49896240234 1015.24621582031 1022.38208007812 1028.65600585938 1035.55773925781 1042.52001953125 1049.35546875 1056.70056152344 1062.896484375 1069.26403808594 1079.56323242188 1086.94689941406 1092.59838867188 1097.49426269531 1105.70068359375 1111.84289550781 1118.05102539062 1125.01489257812 1133.89831542969 1146.33984375 1153.15185546875 1160.74255371094 1167.27478027344 1175.67529296875 1183.35400390625 1187.349609375 1195.33483886719 1203.908203125 1214.23937988281 1223.39245605469 1230.57531738281 1245.78991699219 1251.81323242188 1261.7734375 1266.18872070312 1274.48291015625 1281.78918457031 1289.02844238281 1296.95959472656
955.756103515625 960.376281738281 966.012145996094 970.552551269531 976.328491210938 981.144348144531 986.249328613281 995.179565429688 999.172180175781 1003.90252685547 1008.52569580078 1013.32720947266 1019.01507568359 1024.00830078125 1029.60290527344 1038.42687988281 1045.52526855469 1051.00817871094 1059.14392089844 1067.11853027344 1074.39562988281 1078.91857910156 1087.32080078125 1093.32263183594 1100.44372558594 1105.59436035156 -3.4e+38 1120.26098632812 1127.50366210938 1141.63208007812 1148.37438964844 1156.96508789062 1165.49157714844 1172.34020996094 1181.56689453125 1186.38354492188 1192.79931640625 1199.81604003906 1210.06616210938 1218.83569335938 1226.85009765625 1243.16040039062 1249.50598144531 1259.20666503906 1264.10266113281 1271.63671875 1277.32202148438 1286.93835449219 1294.19970703125
954.264892578125 957.607849121094 963.697326660156 968.483459472656 973.170959472656 981.690246582031 985.317138671875 996.758422851562 999.014892578125 1002.74584960938 1007.02325439453 1012.82366943359 1015.32434082031 1019.37176513672 1024.13903808594 1033.55541992188 1038.306640625 1043.59521484375 1055.47338867188 1063.81457519531 1067.47534179688 1072.19201660156 1080.36413574219 1088.54248046875 1094.91967773438 1100.52722167969 1107.19152832031 1114.54052734375 1121.29064941406 1138.07592773438 1144.61352539062 1155.08923339844 1162.34350585938 1169.26672363281 1177.97412109375 1184.84289550781 1189.83911132812 1196.38745117188 1205.08325195312 1213.74926757812 1222.74951171875 1238.95812988281 1245.88903808594 1255.64562988281 1262.87951660156 1270.04846191406 1274.76379394531 1284.62182617188 1292.87316894531
950.692565917969 956.565185546875 963.26220703125 967.517639160156 971.436767578125 977.63818359375 985.467041015625 996.049194335938 997.972961425781 1003.51519775391 1006.00842285156 1010.38470458984 1011.40704345703 1015.46264648438 1021.05395507812 1028.38208007812 1033.19165039062 1038.59020996094 1051.09973144531 1057.82727050781 1063.29040527344 1067.36840820312 1074.73974609375 1081.45617675781 1088.37841796875 1096.33508300781 1103.06323242188 1109.97912597656 1117.92834472656 1135.66162109375 1143.48376464844 1151.1376953125 1157.33605957031 1165.88500976562 1172.40002441406 1180.69946289062 1187.42492675781 1193.79064941406 1200.11633300781 1207.72631835938 1218.74609375 1235.046875 1242.78845214844 1252.13012695312 1260.35180664062 1269.27734375 1275.24182128906 1282.83630371094 1291.06457519531
951.178894042969 957.229553222656 961.675842285156 964.95556640625 970.473388671875 973.688049316406 980.576965332031 994.03173828125 999.205017089844 1005.95532226562 1007.02593994141 1005.72003173828 1008.72308349609 1014.10388183594 1020.31304931641 1024.98291015625 1029.47473144531 1034.916015625 1047.07238769531 1051.65014648438 1059.53442382812 1065.74011230469 1071.53271484375 1076.70666503906 1083.1416015625 1091.29016113281 1099.11279296875 1107.28918457031 1115.17834472656 1133.52917480469 1140.6279296875 1147.599609375 1155.0390625 1162.44555664062 1167.85327148438 1177.48767089844 1184.68640136719 1190.68493652344 1197.33728027344 1203.62243652344 1214.34130859375 1230.67980957031 1239.29931640625 1248.58178710938 1258.05419921875 1266.12463378906 1272.099609375 1280.60571289062 1288.45373535156
947.598693847656 951.16259765625 955.351501464844 958.773132324219 965.298583984375 971.549194335938 978.015441894531 988.734680175781 1001.40814208984 997.306518554688 998.5830078125 1000.27386474609 1004.02392578125 1008.52703857422 1013.20678710938 1017.46343994141 1024.98291015625 1030.48474121094 1039.84826660156 1045.41223144531 1049.97546386719 1058.30737304688 1068.13330078125 1073.62426757812 1078.48559570312 1084.66442871094 1091.51110839844 1099.18041992188 1106.24572753906 1120.95947265625 1129.03088378906 1138.46569824219 1145.65222167969 1154.73376464844 1162.96984863281 1171.24426269531 1177.62719726562 1185.99926757812 1192.08825683594 1197.69177246094 1206.02612304688 1222.087890625 1230.673828125 1239.19995117188 1248.43933105469 1257.47387695312 1263.89855957031 1272.583984375 1282.43664550781
946.303283691406 947.299438476562 951.007019042969 955.99658203125 964.938659667969 969.3544921875 974.514709472656 987.229431152344 996.406433105469 991.782287597656 994.536071777344 996.599304199219 1000.94262695312 1006.00726318359 1009.89880371094 1014.17114257812 1020.46752929688 1027.61450195312 1038.44677734375 1043.98779296875 1047.671875 1053.54345703125 1062.49389648438 1069.24841308594 1076.17114257812 -3.4e+38 -3.4e+38 1094.46618652344 1100.857421875 1118.005859375 1124.34362792969 1134.44812011719 1141.630859375 1150.91162109375 1161.61401367188 1169.44592285156 1176.16467285156 1185.10205078125 1189.556640625 1195.90234375 1204.42175292969 1219.48974609375 1226.73596191406 1235.89721679688 1244.00415039062 1251.91931152344 1261.1015625 1269.84777832031 1278.8046875
942.366516113281 947.505065917969 949.921630859375 954.00732421875 961.5673828125 968.572509765625 974.622619628906 985.588745117188 991.400573730469 991.297973632812 993.504028320312 993.5654296875 997.231750488281 1004.71948242188 1006.80694580078 1011.56774902344 1016.74005126953 1023.34991455078 1035.67175292969 1041.73083496094 1044.5556640625 1049.54113769531 1058.32055664062 1064.78491210938 1074.43115234375 1079.16357421875 -3.4e+38 -3.4e+38 1096.81237792969 1113.8505859375 1120.90502929688 1130.63562011719 1138.75671386719 1148.45153808594 1157.36560058594 1165.40148925781 1173.20324707031 1180.78247070312 1187.38928222656 1194.2939453125 1202.19555664062 1217.28576660156 1224.81030273438 1232.01525878906 1240.07592773438 1246.892578125 1257.30285644531 1265.03149414062 1273.66870117188
938.922424316406 949.046997070312 951.427734375 955.260498046875 961.034118652344 966.361389160156 972.615295410156 982.46484375 989.087036132812 993.901672363281 990.653503417969 992.905944824219 995.492248535156 1001.49340820312 1004.73968505859 1008.92639160156 1014.75714111328 1018.99243164062 1032.53454589844 1038.91772460938 1043.55627441406 1047.19677734375 1054.19323730469 1060.54223632812 1070.14660644531 1075.33935546875 1080.84423828125 1087.3876953125 1091.99682617188 1110.04052734375 1117.21325683594 1126.02795410156 1133.84423828125 1144.01904296875 1150.359375 1161.22473144531 1168.96264648438 1177.22680664062 1185.5556640625 1191.54748535156 1199.24255371094 1216.13317871094 1222.85266113281 1227.94787597656 1236.236328125 1242.83349609375 1253.61779785156 1260.08068847656 1268.40124511719
