rcp8.5models/CNRM-CM5/sc1gr1.28
NCOLS 261 
NROWS 433 
XLLCORNER 336357.134 
YLLCORNER 654653.479 
CELLSIZE 1000 
NODATA_value -3.4e+38 
[rows 220 to 241 of 433, columns 98 to 146 of 261]
55.3633613586426 55.4313812255859 55.5617141723633 55.8262481689453 56.074275970459 56.1375732421875 56.2661323547363 56.3739051818848 56.3462905883789 56.3930473327637 56.4260902404785 56.4656677246094 56.6178283691406 56.8269805908203 57.3111190795898 57.0927543640137 57.2588844299316 57.3636741638184 57.4098014831543 57.6445274353027 57.7720947265625 57.8986129760742 57.9589347839355 57.9578857421875 58.0676727294922 58.4132881164551 58.4954872131348 58.559139251709 58.5876693725586 58.9786758422852 59.1705360412598 59.0771827697754 59.0370330810547 59.176815032959 59.5375633239746 59.591983795166 59.7024459838867 60.0304985046387 60.3514404296875 60.6918601989746 60.7961883544922 60.9741668701172 60.8512916564941 61.3354415893555 61.2495193481445 60.9627571105957 61.1404647827148 61.2489738464355 61.4756851196289
55.2928428649902 55.461067199707 55.6042976379395 55.7385368347168 55.8137054443359 55.9629936218262 56.2075042724609 56.2716827392578 56.2661209106445 56.3361053466797 56.4225578308105 56.5229797363281 56.5286521911621 56.6149520874023 57.0985488891602 57.1314125061035 57.1219673156738 57.1927947998047 57.3018684387207 57.4655380249023 57.5974311828613 57.8130760192871 57.9811820983887 57.9340476989746 57.995174407959 58.3135643005371 58.3197975158691 58.501579284668 58.5972061157227 58.932689666748 59.2670364379883 59.0070457458496 58.9557418823242 59.1613845825195 59.486011505127 59.6686668395996 59.7316017150879 60.0750846862793 60.5183448791504 60.7110252380371 60.6371879577637 60.6715087890625 60.6761856079102 61.0825843811035 61.1226768493652 60.8382835388184 61.0520362854004 61.1992454528809 61.5285186767578
55.2781677246094 55.4467391967773 55.6245384216309 55.6040496826172 55.7290115356445 55.8935317993164 56.0209350585938 55.9948463439941 56.1343193054199 56.2294120788574 56.4440498352051 56.5571975708008 56.4366416931152 56.5024604797363 56.9836044311523 57.3161010742188 57.1462898254395 57.0687217712402 57.2480964660645 57.4714736938477 57.4345741271973 57.5517768859863 57.8439102172852 57.9738616943359 57.9728317260742 58.0659217834473 58.219123840332 58.5354614257812 58.7040824890137 59.0387306213379 59.2822875976562 58.9887084960938 59.0810508728027 59.2357177734375 59.4264259338379 59.5907783508301 59.5845603942871 60.0141143798828 60.3122596740723 60.4760551452637 60.2825965881348 60.3336524963379 60.4949378967285 60.7523994445801 60.8921203613281 60.8481101989746 60.9665908813477 61.1865081787109 61.5194892883301
55.3582954406738 55.3249015808105 55.4377326965332 55.5500183105469 55.7831687927246 56.0929718017578 56.0037727355957 55.8810386657715 56.031364440918 56.2352867126465 56.3932685852051 56.3545227050781 56.458423614502 56.5876808166504 56.8693771362305 57.1521263122559 57.2272529602051 57.2167663574219 57.4346771240234 57.599250793457 57.6736793518066 57.5552291870117 57.7964935302734 57.8628692626953 58.016357421875 57.9616661071777 58.0786743164062 58.5108489990234 58.8312034606934 59.2147827148438 59.1354827880859 59.0452919006348 59.0820121765137 59.1071434020996 59.2936325073242 59.5397300720215 59.6747131347656 59.9797286987305 60.1949043273926 60.2078552246094 60.1185531616211 60.3112335205078 60.5029144287109 60.7250595092773 60.7875556945801 60.9400672912598 60.9316749572754 61.2288398742676 61.2762489318848
55.4465370178223 55.2967224121094 55.385986328125 55.5531959533691 55.8797264099121 56.062614440918 55.9205474853516 55.9010314941406 56.1144027709961 56.3420143127441 56.3575592041016 56.3351783752441 56.5615463256836 56.573371887207 56.7359733581543 -3.4e+38 57.1144180297852 57.1725463867188 57.3867988586426 -3.4e+38 57.7037315368652 57.5307579040527 57.7741470336914 57.9411430358887 58.0558204650879 58.0480842590332 58.300178527832 58.4278564453125 58.5077819824219 58.9929695129395 58.8734130859375 58.8714714050293 59.0146255493164 58.9860649108887 59.1402740478516 59.5391807556152 59.7516784667969 60.1178436279297 60.2226333618164 60.2699394226074 60.3020401000977 60.3316993713379 60.5654983520508 60.8337020874023 60.7743301391602 61.0465698242188 60.8748626708984 61.0321807861328 61.3902549743652
55.414192199707 55.3690414428711 55.4164810180664 55.5593566894531 55.6921577453613 55.7960929870605 55.7770538330078 55.8520088195801 56.0869331359863 56.4379806518555 56.4635429382324 56.3889694213867 56.5384254455566 56.511661529541 56.9259643554688 -3.4e+38 57.140453338623 57.2862014770508 57.3534927368164 57.4189491271973 57.4993629455566 57.3961334228516 57.5559501647949 57.8448600769043 58.1139678955078 58.1604843139648 58.4883346557617 58.5121765136719 58.3554000854492 58.4872627258301 58.8496284484863 58.8491973876953 59.016487121582 59.0505714416504 59.182445526123 59.4728355407715 59.6098709106445 60.1748390197754 60.0617065429688 60.2140502929688 60.4635276794434 60.4796028137207 60.4518089294434 60.8018569946289 60.6995391845703 60.9046287536621 60.845100402832 60.8274383544922 61.2753982543945
55.2223052978516 55.2874794006348 55.3803520202637 55.5370178222656 55.6146278381348 55.703742980957 55.7598991394043 55.8592185974121 55.9277534484863 56.3167991638184 56.5454063415527 56.3910026550293 56.5056762695312 56.626537322998 56.9827880859375 56.9934844970703 57.022705078125 57.4356536865234 57.4606895446777 57.3540191650391 57.367073059082 -3.4e+38 57.4130058288574 57.5870895385742 57.9989738464355 58.1735000610352 58.4451065063477 58.4573860168457 58.4490814208984 58.3922843933105 58.6528053283691 59.0053672790527 59.1866188049316 59.3800735473633 59.4886054992676 59.7607460021973 59.6466903686523 59.8617134094238 59.8982810974121 60.0221176147461 60.1333503723145 60.193302154541 60.3991928100586 60.6656875610352 60.7273788452148 60.7619323730469 60.7046394348145 60.7159996032715 61.0489273071289
55.1475677490234 55.2507133483887 55.4035034179688 55.4480361938477 55.5176200866699 55.6784515380859 55.7286376953125 55.8085823059082 55.8187866210938 56.0047302246094 56.272029876709 56.3178977966309 56.54638671875 56.7166557312012 56.811164855957 56.6691474914551 56.7001533508301 56.990550994873 57.2244491577148 57.4589996337891 57.3677444458008 57.4036254882812 57.4502410888672 57.6202621459961 57.7962036132812 58.0231437683105 58.4445686340332 58.3175582885742 58.2341194152832 58.3990707397461 58.4255409240723 58.9351921081543 59.4267234802246 59.8713226318359 60.0574607849121 59.9120407104492 59.5988960266113 59.7838745117188 59.9853515625 60.1349487304688 60.0547180175781 60.1499519348145 60.3412628173828 60.456787109375 60.5672798156738 60.6520385742188 60.6885643005371 60.7721672058105 61.2165641784668
55.2193984985352 55.2155227661133 55.2981491088867 55.4647979736328 55.4037132263184 -3.4e+38 -3.4e+38 55.7478218078613 55.9167900085449 56.1785659790039 56.1911010742188 56.2171592712402 56.5447883605957 56.5967216491699 56.5922470092773 56.5191192626953 56.7286796569824 56.7358169555664 56.9841270446777 57.3853416442871 57.355281829834 57.4877777099609 57.5155944824219 57.6462554931641 57.5805397033691 57.7627258300781 58.4257469177246 58.3965225219727 58.2436218261719 58.3517112731934 58.4816932678223 58.8238105773926 59.6600875854492 60.3545341491699 59.9840507507324 59.5028381347656 59.4629096984863 59.8880081176758 60.1210632324219 60.2869644165039 60.1271438598633 60.2367210388184 60.497875213623 60.417610168457 60.4789772033691 60.6896286010742 60.6590270996094 60.8238525390625 61.2064361572266
55.1240577697754 55.2079048156738 55.1542778015137 55.3479881286621 55.4988098144531 55.5461082458496 55.5950813293457 55.8591194152832 55.7944564819336 56.1994171142578 56.3629379272461 56.2554092407227 56.2930908203125 56.3935928344727 56.5885696411133 56.7002944946289 56.7526359558105 56.780590057373 56.9345054626465 57.2186088562012 57.2056198120117 57.5163078308105 57.4546127319336 57.5022163391113 57.5854568481445 57.9450263977051 58.2023315429688 58.6146507263184 58.4110221862793 58.406852722168 58.5874671936035 58.8235397338867 59.6255950927734 60.3665084838867 59.7583389282227 59.4143371582031 59.4994697570801 59.5639305114746 59.8585510253906 59.7905044555664 59.8415718078613 59.9105262756348 60.3609848022461 60.2958526611328 60.5059700012207 60.7009086608887 60.4988250732422 60.8867149353027 61.1589508056641
54.8864669799805 55.2874603271484 55.273796081543 55.4054908752441 55.5232315063477 55.5308036804199 55.6128959655762 55.7753791809082 55.5594100952148 55.849609375 56.0220527648926 56.0168571472168 56.2231216430664 56.5737152099609 56.6481399536133 56.6374893188477 56.6432037353516 56.8018455505371 56.8597259521484 56.9934043884277 57.1783828735352 57.6346778869629 57.4543380737305 57.4735260009766 -3.4e+38 58.001895904541 58.2044982910156 58.516242980957 58.3312377929688 58.3232116699219 58.6422424316406 58.9066619873047 59.6041717529297 59.9850959777832 59.5271453857422 59.2643432617188 59.3527030944824 59.4457855224609 59.5171890258789 59.6068420410156 59.6788673400879 59.9221801757812 60.1323890686035 60.2201843261719 60.5376586914062 60.6045455932617 60.6818389892578 60.994499206543 61.0994415283203
54.8675155639648 55.0632667541504 55.0704612731934 55.2964019775391 55.2711448669434 55.5577163696289 55.6317329406738 55.6427040100098 55.7915420532227 55.8867988586426 55.7457695007324 55.8135261535645 56.2420043945312 56.6495780944824 56.8622970581055 56.6291847229004 56.8443717956543 56.8302536010742 56.9614486694336 57.0818557739258 57.0478096008301 57.1742744445801 57.4813804626465 57.6920471191406 57.8010101318359 58.3575592041016 58.7825012207031 58.0350189208984 57.874195098877 58.511890411377 58.7291069030762 59.27392578125 59.7797698974609 59.4751129150391 59.0070610046387 59.2324905395508 59.3701133728027 59.5625381469727 59.634651184082 59.5091667175293 59.858470916748 59.9986915588379 60.1094627380371 60.1762504577637 60.2407608032227 60.232349395752 60.4967002868652 60.5879745483398 61.1353225708008
54.7038269042969 54.9036293029785 55.0503616333008 55.4310722351074 55.4101142883301 55.6251945495605 55.5766487121582 55.5783920288086 55.7537040710449 55.9361534118652 55.8071975708008 55.751636505127 56.1028289794922 56.3831062316895 56.7755889892578 56.5396614074707 56.8977317810059 56.8101005554199 57.0987243652344 57.1687126159668 57.239372253418 57.358341217041 57.4335556030273 57.6872711181641 58.054069519043 58.2396850585938 58.2890472412109 57.8789100646973 58.0588111877441 58.5892105102539 58.6139373779297 59.0439949035645 59.3719100952148 59.0828895568848 58.9357719421387 59.12548828125 59.1686859130859 59.4639739990234 59.5969657897949 59.7229270935059 59.6951446533203 59.8282699584961 59.9825019836426 60.0756492614746 60.1449356079102 60.1666526794434 60.3541946411133 60.4792404174805 61.2304992675781
54.6875457763672 54.8392906188965 55.0854339599609 55.2957649230957 55.2519302368164 55.4491729736328 55.4949417114258 55.5742301940918 55.7659187316895 55.9324722290039 55.8810157775879 55.6399269104004 55.7804183959961 56.0763053894043 56.43505859375 56.3751106262207 56.7267837524414 56.9253082275391 57.0980644226074 57.2718124389648 57.4428443908691 57.6056137084961 57.6979103088379 57.7093162536621 57.9157981872559 58.3161735534668 58.0942993164062 58.0591354370117 58.3399238586426 58.6068496704102 58.5424652099609 58.9843940734863 59.1476440429688 58.937427520752 58.8991622924805 59.1453475952148 59.2285766601562 59.4651641845703 -3.4e+38 59.7350463867188 59.5300979614258 59.6712646484375 59.8317718505859 59.9046173095703 60.0129203796387 60.1355323791504 60.3235054016113 60.6357498168945 61.2226257324219
54.8127937316895 54.8654975891113 55.0321083068848 55.0808372497559 55.0517501831055 55.2160186767578 55.3120002746582 55.452091217041 55.8061904907227 55.851146697998 55.8860855102539 55.8941802978516 56.177806854248 56.328369140625 56.3915405273438 56.3677024841309 56.6559600830078 57.2806930541992 57.3610687255859 57.4855651855469 57.5164451599121 57.5692710876465 57.6537971496582 57.7092590332031 58.0182762145996 58.6193809509277 57.9292335510254 58.2449264526367 58.4655151367188 58.5597229003906 58.4213600158691 58.7125816345215 59.0748519897461 58.9685173034668 58.8722839355469 59.0871086120605 59.2700424194336 59.5952987670898 -3.4e+38 59.619514465332 59.5297698974609 59.7099685668945 59.7927780151367 59.8549690246582 60.0734977722168 60.0717658996582 60.2459449768066 60.6128540039062 60.9654541015625
54.7007789611816 54.7397918701172 54.8349266052246 54.9814147949219 55.0665397644043 55.1741981506348 55.3064842224121 55.2450942993164 55.5587310791016 55.6467666625977 55.6938018798828 55.9404678344727 56.4560012817383 56.7336730957031 56.4374198913574 56.5268516540527 56.6957206726074 57.2184944152832 57.4190444946289 57.5332260131836 57.5240097045898 57.5486526489258 57.4951972961426 57.6867523193359 58.2427597045898 58.6176490783691 57.9141998291016 58.2371215820312 58.4353294372559 58.2837715148926 58.2242393493652 58.6774635314941 59.0895881652832 58.833854675293 58.6590843200684 58.9957618713379 59.1083908081055 59.514591217041 59.6097412109375 59.5872001647949 59.6523780822754 59.8935203552246 59.8020324707031 59.8927040100098 60.2321357727051 60.2036170959473 60.2350616455078 60.5516548156738 61.0016784667969
54.5561027526855 54.6879806518555 54.8846397399902 54.9626998901367 54.9865264892578 55.0252799987793 55.1617851257324 55.1852149963379 55.5040245056152 55.669303894043 55.6594429016113 55.8727836608887 56.3587417602539 56.521598815918 56.3957214355469 56.5452690124512 56.7525062561035 57.036434173584 57.2554588317871 57.4952545166016 57.5486335754395 57.5922508239746 57.5224914550781 57.6005325317383 58.0414772033691 58.5347900390625 58.0135269165039 58.1911506652832 58.3873672485352 58.3431205749512 58.1749534606934 58.5191917419434 58.790885925293 58.8520622253418 58.6639709472656 58.7374954223633 59.0084075927734 59.3288688659668 59.4159622192383 59.4947319030762 59.7570533752441 59.9993019104004 59.8427581787109 59.819637298584 60.2955741882324 60.3740615844727 60.4393882751465 60.547737121582 60.9693183898926
54.5632476806641 54.7143669128418 54.9586601257324 54.9724235534668 54.9762649536133 55.1174278259277 55.1891441345215 55.3136711120605 55.5247497558594 55.8520011901855 55.7989120483398 55.7143707275391 56.0100250244141 56.2065238952637 56.3218002319336 56.4007377624512 56.5453147888184 56.8060913085938 57.0959358215332 57.3418579101562 57.4872589111328 57.5555381774902 57.4791297912598 57.4613914489746 57.7488212585449 58.1020812988281 57.9872550964355 58.180965423584 58.3972969055176 58.3493957519531 58.0404510498047 58.3370246887207 58.7421913146973 58.9520568847656 58.8851509094238 58.7803688049316 58.9323921203613 59.1556625366211 59.2079734802246 -3.4e+38 -3.4e+38 59.8544311523438 59.9514503479004 59.9788703918457 60.3125152587891 60.1726989746094 60.4959716796875 60.7205810546875 60.860481262207
54.4306755065918 54.5446243286133 54.6370086669922 55.0117492675781 55.0252571105957 55.1408042907715 55.1650276184082 55.3011741638184 55.4834823608398 55.7013092041016 55.6454467773438 55.6584892272949 55.8923759460449 55.9835891723633 56.2087593078613 56.2210807800293 56.4391593933105 56.850212097168 57.0110282897949 57.2274475097656 57.4538497924805 57.4545211791992 57.4247131347656 57.5168418884277 57.6646308898926 57.6270332336426 58.0559997558594 58.2807464599609 58.453556060791 58.4493560791016 58.2578163146973 58.3332633972168 58.557674407959 58.6837844848633 58.8736267089844 58.8680763244629 59.0440139770508 59.1409797668457 59.1355857849121 -3.4e+38 59.642017364502 59.6234550476074 59.8900718688965 60.044319152832 60.2002754211426 60.0956802368164 60.5592880249023 60.7228469848633 60.7733459472656
54.3531150817871 54.5893974304199 54.5424690246582 54.9253692626953 55.0206146240234 55.0935401916504 55.1617774963379 55.3350563049316 55.4680557250977 55.4716262817383 55.5522689819336 55.6562423706055 55.9643440246582 55.9728012084961 56.129524230957 56.1158905029297 56.4356803894043 56.8261871337891 56.7374305725098 57.065071105957 57.3374366760254 57.4155311584473 57.4326934814453 57.5727844238281 57.6191520690918 57.6024131774902 -3.4e+38 -3.4e+38 -3.4e+38 58.4051971435547 58.571605682373 58.3790473937988 58.3313903808594 58.403491973877 58.820499420166 58.7570495605469 58.846363067627 59.1499557495117 59.1567230224609 -3.4e+38 59.6849174499512 59.7469024658203 60.0345611572266 60.1101684570312 60.2262344360352 60.2852363586426 60.6567611694336 60.7750396728516 60.6583023071289
54.251636505127 54.5207176208496 54.7373924255371 54.826904296875 55.029899597168 55.0088729858398 55.061637878418 55.3927879333496 55.3229331970215 55.3757514953613 55.6078910827637 55.5556869506836 55.7900047302246 56.0699310302734 56.0849151611328 56.0941352844238 56.2349090576172 56.5121040344238 56.749080657959 56.9403076171875 57.2437553405762 57.479606628418 57.4209480285645 57.4942893981934 57.5576858520508 57.6420364379883 57.7069358825684 57.987060546875 -3.4e+38 58.1121292114258 58.4380111694336 58.3404541015625 58.4531555175781 58.4330749511719 58.6561737060547 58.7089653015137 58.5828323364258 59.1833915710449 59.2123680114746 59.3564567565918 59.7289352416992 60.0994033813477 60.2882423400879 60.2360649108887 -3.4e+38 60.1559562683105 60.4933776855469 60.8324394226074 60.7706069946289
54.2995643615723 54.4096374511719 54.6148300170898 54.797248840332 54.9006614685059 54.9698715209961 54.9865112304688 55.2263526916504 55.2215118408203 55.4613037109375 55.5780639648438 55.5382461547852 55.6582641601562 55.9934234619141 55.9590034484863 56.0165367126465 56.1413497924805 56.4150428771973 56.8100547790527 56.9754905700684 57.3308982849121 57.4126586914062 57.451530456543 57.5315780639648 57.5212440490723 57.6043128967285 57.4026298522949 -3.4e+38 57.9930572509766 58.1237373352051 58.3500595092773 58.2925643920898 58.4285316467285 58.5009765625 58.6188583374023 58.7918243408203 58.5982551574707 59.2764205932617 59.2519493103027 59.5383987426758 59.7835502624512 60.1531295776367 60.0355224609375 60.0740051269531 60.0349731445312 60.0103225708008 60.2279930114746 60.7922973632812 60.7588729858398
