rcp8.5models/CNRM-CM5/sc1gr6.7
NCOLS 261 
NROWS 433 
XLLCORNER 336357.134 
YLLCORNER 654653.479 
CELLSIZE 1000 
NODATA_value -9999 
[rows 374 to 395 of 433, columns 50 to 99 of 261]
-9999 -9999 3043.19026756546 3068.46962278416 3093.93036812843 3123.18731431629 3190.12619403182 3232.78329497301 3256.9153122857 3282.71192428222 3315.5470217786 3334.97249212981 3340.92221402511 3401.79531329667 3432.10137300979 3504.17135366181 3572.12261652356 3596.97810127582 3798.07152581508 3873.82177394032 3771.68456513356 3708.82161332296 3779.81279905917 3754.39123873656 3664.40217414506 3629.03357589193 3634.24942721428 3781.38145815469 3991.72153583717 3992.50044018736 3892.7165227045 3752.87315094374 3691.54132587401 3695.72792704633 3744.20984547027 3809.27211186629 3848.3293547629 3820.00388422403 3789.73985950414 3832.35927883935 3861.93254971532 3846.37922808765 3804.49569638462 3654.84028945428 3619.74775341453 3563.43282500497 3497.49212152306 3568.83837167267 3629.45030556895 3628.69720316621
-9999 -9999 3042.49553085996 3068.66713215683 3093.83331472783 3122.54134399193 3182.52680335387 3215.98633713122 3230.43422498198 3259.9787614537 3300.94853538591 3312.84163252314 3326.03910295869 3384.76440975905 3409.90685999743 3441.44465341554 3564.6084364414 3546.20646146968 3710.43774016896 3748.26719935529 3671.47118770461 3767.97097767308 3876.39372245278 3763.81985315313 3654.16246220227 3616.15590318619 3617.88315271495 3661.74580407504 3960.72487389408 3954.7231254032 3928.41063027759 3816.00243770704 3701.03310510973 3665.4904434442 3710.65897564214 3770.40730803692 3847.23422408153 3840.28644526143 3793.75640227349 3817.09680162432 3832.71458450781 3791.59630636284 3762.10049865467 3617.27619371611 3488.91026969383 3548.93062604699 3555.8495525144 3545.46329346891 3598.3029062951 3610.11085479783
-9999 -9999 3046.92546221615 3066.89141596832 3096.08673859829 3122.97447623048 3170.24927366706 3200.27536255239 3217.88807449997 3250.757403959 3274.54045084409 3292.04113691208 3329.38066760304 3396.36080396881 3479.37875820299 3533.97268248797 3608.84458209379 3754.20695756055 3670.19295805108 3726.71988358853 3731.48489097126 3836.058541701 3925.92937682142 3733.40690102268 3639.53301075995 3623.10511381853 3598.31274134229 3610.68671617342 3867.96364322874 3934.87314267568 3928.57155799459 3809.08855136351 3675.0046679486 3688.03554720119 3739.5840143238 3740.778466334 3784.8669528264 3810.84888403926 3787.16560442096 3786.61643654511 3800.66445712661 3687.05483244833 3665.79886724921 3655.72176955144 3492.08759136429 3463.19777265235 3548.72920814869 3560.14698892124 3536.39109101987 3497.73025200602
-9999 -9999 -9999 3069.12404138785 3098.95545969766 3123.87167627722 3164.01701017942 3189.49033147347 3209.37134548884 3253.00882309418 3270.52124996323 3282.82540529091 3328.132825986 3383.278352322 3524.87216425402 3582.53935382939 3630.7552722032 3747.09019916 3741.40731511951 3807.60768547172 3777.93504474391 3832.33042769732 3924.50827461263 3798.47467022775 3658.08228582544 3614.03005766909 3586.05761438039 3593.65190596567 3703.15786897711 3753.31515380498 3775.86642384179 3729.07329847087 3670.96819120389 3714.11163619848 3707.98288174037 3696.98469182442 3736.04518726077 3781.27843735571 3767.3317416192 3740.05596728682 3755.31781190985 3697.27685625139 3673.62219452765 3663.13890284754 3560.70479569878 3387.97898637449 3392.44005494382 3485.01463238571 3455.10473927381 3383.63515298581
-9999 -9999 -9999 3070.73796117808 3095.03140860067 3116.46992961806 -9999 3179.33862443664 -9999 -9999 3256.3202284138 3279.38266664061 3320.33170530044 3357.10250991389 3434.16108161173 3504.85689579342 3540.52863251557 3560.77481095453 3780.47897602994 3895.14099868521 3773.35356335265 3690.60209618918 3814.63207794999 3790.73088220423 3641.71555692328 3592.44558620759 3571.67868718397 3567.53991667434 3579.09616223392 3572.49481844132 3696.32059831902 3710.64054624356 3657.90036823039 3676.80519389884 3683.90605084734 3668.7899089409 3697.64321238147 3759.5495540845 3777.85943492663 3734.44872598957 3703.07079466898 3712.34282524627 3717.67283392877 3597.0013303527 3541.99565003418 3464.94824457604 3313.99756962367 3399.39583916546 3471.44937732868 3377.47424343643
-9999 -9999 -9999 3062.12171452319 3085.849837697 -9999 3153.28898521095 3172.09524098602 3201.90112790607 3224.92753615151 3242.99749478774 3271.89475292877 3305.11498640004 3341.8658322973 3356.51670458032 3401.17657156176 3470.14148580156 3500.72118582504 3719.49047174731 3844.59411102027 3814.10171971927 3682.86292371821 3643.42706085221 3682.49261677505 3630.23274552774 3576.41919597582 3545.97363482368 3537.19163744353 3564.23117354996 3584.1578990264 3729.37264886182 3790.43358039403 3723.02096910087 3690.28843520848 3671.46736302153 3636.85316872842 3644.38375308903 3696.71842724845 3744.16408207922 3720.7651644002 3684.03179611654 3700.11992947395 3685.79230741449 3591.23084415005 3575.26465958908 3611.28130750877 3472.58383478427 3365.75202786473 3385.51603626034 3384.12593992272
-9999 -9999 -9999 -9999 3076.53390237032 3097.57612999627 -9999 3183.73251179538 3209.72230210345 3224.17169864791 3240.2907015562 3265.17902632384 3289.12226748533 3316.8721409838 3331.42682362964 3346.67304603023 3413.93160012185 3556.81878038733 3646.00736122573 3770.89509601891 3865.01290054945 3816.49020397223 3646.42254706055 3574.60678674879 3553.46920231134 3537.18313307245 3519.76885189772 3520.64346663265 3552.19521454884 3615.48726696126 3703.27214468138 3802.63972943233 3812.23736441676 3737.08337543252 3707.29417531414 3664.50960582895 3625.4627040817 3632.72130162258 3665.55465938468 3687.75255892948 3609.68861728138 3674.52047917031 3679.20694188516 3629.70263059822 3558.63384224793 3516.52700281811 3538.61086195864 3471.85375607607 3393.82944984847 3378.08244507867
-9999 -9999 -9999 -9999 3087.73425024687 3097.03671771255 3145.89987231179 3174.67748715959 3204.24152841709 3226.20922643708 3242.88865252698 3258.16894543621 3283.73218956266 3310.17407637923 3324.50355914764 3338.05218893582 3407.59754882177 3624.92851358308 3720.23277457921 3815.86099302646 3871.38420566884 3841.74248766618 3757.05219854051 3572.52142951932 3507.89123007795 3525.03046143638 3510.06365426156 3508.78759662718 3553.10249786534 3610.06234871723 3683.17113061497 3723.72966964595 3782.77108565787 3707.54477734965 3719.05474414611 3668.21492512155 3583.8444177561 3566.09912621907 3613.44736888641 3679.10201124439 3588.81715921532 3598.88897185454 3606.9475705825 3555.50120280151 3475.61278760545 3416.58718819514 3500.77787762496 3560.5222627395 3506.93221812064 3372.51733293254
-9999 -9999 -9999 -9999 3079.49096689292 3111.65656790583 3150.46257826858 3163.20796263096 3194.24705138029 3227.78265573262 3238.46312169539 3256.45210371703 3277.21034423508 3305.69393381486 3323.63360090813 3338.90438953227 3382.77257773868 3598.47427242664 3738.36644665301 3816.08312674336 3819.10616069088 3761.12407494305 3731.17656410186 3594.74339008389 3513.40621935515 3507.45572837898 3501.1463431158 3497.54027277787 3523.11045923837 3615.16867014714 3700.58077018324 3700.72295120886 3750.07280598064 3667.99127192404 3692.00582507808 3649.00105865055 3542.6508491506 3511.86909013203 3590.63425627124 3666.98047894106 3587.16402302713 3520.2110037485 3496.19067510653 3464.05568106263 3434.33713203311 3421.52044360994 3447.72618274904 3499.36897605068 3512.67167263725 3420.14946776886
-9999 -9999 -9999 -9999 -9999 3108.90705521163 3151.8866652359 3161.85636120705 3193.06709348343 3217.26295160568 3222.13744744505 3240.8102541374 3262.27242416327 3292.7048181453 3307.08825664223 3320.98307069759 3334.04133446308 3351.4069331466 3377.15639264148 3392.04320757285 3403.81432674112 3508.72593808004 3587.69552613991 3556.16535410898 3479.65420855551 3441.97883030371 3445.64773227116 3453.74928159744 3459.53070403318 3617.49153660422 3662.29841868943 3637.88330063619 3695.40025496223 3677.45952842491 3680.75872954252 3684.75827529639 3598.25659385483 3489.33970247653 3446.36348666865 3491.21144899785 3511.92922187356 3477.50187510923 3463.30136199144 3492.90651847122 3452.31533193715 3404.52313699403 3401.92026839054 3373.68568751156 3357.42436527891 3401.96013713626
-9999 -9999 -9999 -9999 -9999 3104.89779684343 3148.2999076508 3161.04396662589 3188.12960790113 3199.8859478177 3216.89145196256 3242.82969737017 3270.15302219189 3290.26837504043 3321.6221770337 3322.94988825652 3332.79166129987 3335.15132096978 3368.2483040021 3383.30667321952 3398.70670611018 3426.84038532061 3450.21761391057 3452.13517349487 3435.36594479522 3422.05615117306 3423.97849888055 3439.90823471138 3430.86574373972 3526.03444984098 3578.44814195623 3601.37058189248 3674.40028506184 3677.0911937098 3658.54691586482 3627.04166372121 3590.15590457858 3544.94796755918 3470.14970606902 3431.10231244142 3517.84074181656 3496.87422487585 3419.53259495356 3442.65865458161 3445.86346945616 3426.75463539256 3417.12378728847 3368.01199073662 3335.06429515948 3368.3380383842
-9999 -9999 -9999 -9999 -9999 -9999 3128.01159182342 3151.82597216635 3179.56193995908 3197.6753286537 3219.62370279868 3240.89966334871 3269.02441039057 3277.90788697021 3300.1254109532 3320.55247988793 3323.98001721187 3319.92177850281 3352.93959014421 3401.69610045444 3432.23606379139 3423.93567139262 3408.73895597447 3484.72276961335 3522.7971589329 3476.72113853283 3431.99917764821 3423.95080597242 3418.96543086506 3485.16443958934 3592.07078402013 3631.13937379389 3664.50380941676 3682.97674543079 3662.96564234187 3620.20786214398 3580.81777718711 3570.03699428081 3511.63749554154 3429.32265392491 3445.95987516361 3479.95910697066 3472.78077204451 3461.87972798175 3446.27390270823 3453.91561596046 3434.24379973569 3382.92068290826 3333.68203299978 3315.64388111816
-9999 -9999 -9999 -9999 -9999 -9999 3120.21092752413 3143.86831171238 3161.27481160682 3181.77647616017 3208.75065699701 3229.65946686948 3254.65015135688 3268.32711804148 3278.99957133581 3302.82816020352 3311.48686347306 3308.17168855158 3341.50518889974 3387.82891954345 3428.68622820111 3450.68840417114 3419.97619956549 3485.92037045331 3500.51698825289 3462.41985935073 3430.12916867415 3404.1022857445 3405.97727792408 3444.40902870211 3563.83181965108 3621.84457945419 3599.62437592565 3630.31940955178 3638.52761839023 3619.78739075966 3597.13841381273 3564.78812106357 3514.81283411636 3454.08090950165 3364.90385666257 3421.25941735038 3488.85113391063 3489.16805839295 3452.89930651244 3437.2986317942 3438.66194074352 3416.45145378443 3376.5736098505 3323.33734577505
-9999 -9999 -9999 -9999 -9999 -9999 3112.27701176469 3125.19421760751 3143.48501573909 3159.71482129962 3188.82725825932 3209.60086191715 3227.72970404255 3248.85496646766 3263.9523479272 3288.01803518234 3307.07254429058 3297.17361995749 3324.57940793109 3348.1777464159 3381.52986517136 3427.72195030293 3441.52707194186 3424.40514891915 3459.14179894454 3509.15206057103 3472.29970986963 3399.54632363809 3389.64652760889 3386.23272631185 3432.02377515586 3519.61685938149 3535.9213398899 3586.54474669871 3617.33827582176 3590.96884166203 3549.07260239886 3516.48164491942 3464.46192981455 3452.79371734877 3376.10554526832 3382.06590610745 3456.99598649813 3479.09254425836 3465.06509080536 3436.94850038553 3431.86188677392 3410.81411650922 3352.92896373065 3326.73610130956
-9999 -9999 -9999 -9999 -9999 -9999 3093.14139338055 3111.42941959086 3133.25142559966 3143.5266408854 3160.20721669023 3181.10244198923 3194.57907665522 3222.00640531821 3239.60837708404 3266.58229148889 3291.75708661972 3294.19025072351 3300.87012568382 3319.94563794585 3342.17558913904 3363.25236285688 3459.74655198807 3435.92560764906 3459.36998403759 3532.50989419866 3461.17594218212 3379.62773790867 3407.05217919166 3374.46198522208 3383.37016867091 3492.69766705681 3557.83363761344 3569.77380019931 3591.5124710568 3583.94045443328 3544.30261408626 3460.21282940266 3388.7234696234 3422.26323932363 3428.38343076358 3359.61796500944 3421.61847358437 3471.88819425891 3462.70328975276 3440.16643631069 3423.43482428095 3399.10372964336 3342.0482967135 3326.70693838753
-9999 -9999 -9999 -9999 -9999 -9999 -9999 3103.24826128466 3116.74488467228 3131.78552157403 -9999 3163.70724297322 3175.18708546816 3196.26499747439 3215.80709016308 3243.69472777358 3270.84239571964 3288.04963933326 3280.75224238696 3295.79718126775 3315.11988972045 3326.28575023414 3468.20866547675 3495.40189224791 3456.13021182943 3471.97630598179 3413.24726786009 3358.51588861871 3429.27813075745 3356.47448196323 3407.43741679998 3523.9585358628 3575.88358095088 3559.18173310867 3555.88477898857 3558.00375782676 3551.65938427911 3427.44862583277 3339.90196146379 3401.81261164293 3472.88990929122 3385.81158806878 3353.45800694543 3415.27459354006 3441.4948422131 3422.53441834326 3405.51429826557 3383.19901843894 3357.60016329944 3337.94168763411
-9999 -9999 -9999 -9999 -9999 -9999 -9999 3089.04514878739 3101.76758276316 -9999 3134.71272366615 3158.61690655846 3177.16273472661 3186.78410716233 3201.92356791506 3226.49201343903 3253.70090827966 3274.09029610806 3275.90078992778 3275.9048545685 3288.11466012652 3307.29103269774 3395.74639852677 3440.01303783041 3429.45431165802 3404.29056835182 3365.72979399346 3340.99133127793 3378.56927919718 3331.28239933778 3397.86409496015 3487.41316126793 3535.46923810156 3515.56045401119 3515.06331679431 3529.37234965119 3520.65490705911 3397.07958921846 3308.27905648551 3361.88057461778 3442.70692786328 3443.94666374739 3350.72185272479 3358.73582189486 3408.9732771413 3403.51115882184 3381.9088705986 3358.58576427453 3339.42101087762 3316.62351246725
-9999 -9999 -9999 -9999 -9999 -9999 -9999 3077.65205787618 3092.55272030413 3105.08927017704 3123.0508979828 3142.76414123221 3169.44290301018 3184.57649259529 3201.81146376406 3222.2458757177 3241.94557923965 3268.46388004301 3280.97738704526 3277.24659353403 3276.15641025057 3281.52790526755 3300.2683678196 3364.70299255956 3410.4004115963 3393.19915189006 3374.80263309254 3337.79706589109 3336.33213472913 3320.93507062294 3352.21813895698 3383.03676795774 3453.02813979355 3476.00971260771 3473.28929060757 3492.53967383147 3493.52152811687 3377.81101366411 3291.77816450836 3311.23497676388 3408.95807189269 3443.47387826529 3400.58216249709 3355.32119125791 3368.62726241134 3382.0308527649 3360.52998673425 3338.13477805451 3312.72470863273 3287.01273020344
-9999 -9999 -9999 -9999 -9999 -9999 -9999 3062.90780638506 3077.54507012272 3089.99508601505 3103.62715444344 3125.43760987381 3151.2212522496 3174.30590557265 3190.27079257024 3201.61245414949 3221.2669893779 3255.94073562866 3270.65125551977 3268.63228727173 3262.718886077 3265.73441344545 3273.6957631638 3311.99780915727 3389.40117002886 3403.92305389415 3400.15986280699 3339.62164774693 3341.29858658585 3327.23898237578 3306.75206394581 3300.02555189357 3373.03343417428 3446.14565164806 3451.92626625746 3461.47881795584 3463.46443585933 3373.50988739957 3289.74791515156 3296.8380790437 3413.81145311094 3416.59876723293 3400.885503329 3363.06068611459 3318.58074235979 3295.95733845701 3282.86942333205 3291.75773527198 3293.17706000748 3252.96419407429
-9999 -9999 -9999 -9999 -9999 -9999 -9999 3045.42927278274 3058.70870145755 3073.75990608492 3097.90384806423 3120.63200906888 3137.72717139891 3155.53851788862 3165.41405623931 3179.30901030231 3200.20525121156 3236.34148232887 3244.48325445004 3243.69322586675 3263.83346699859 3269.07017961168 3260.25752913963 3277.51364673472 3334.27901204463 3372.08359917574 3390.91286278579 3357.84005179592 3312.64219081954 3301.02482235121 3282.7185224921 3275.83449716819 3309.86416383873 3355.07385058094 3386.14073257355 3425.56440610696 3431.65808284541 3348.68779347128 3268.72380996575 3320.43494431625 3394.7277947944 3375.4531022528 3340.17230025392 3330.05486326781 3308.70659821356 3248.70519126012 3228.2900653518 3244.0244799564 3266.2759138532 3230.36710731589
-9999 -9999 -9999 -9999 -9999 -9999 -9999 3028.98021451599 3047.10447245132 3066.32537127928 3090.90804915419 3106.11098737256 3117.46254697614 3130.60031714583 3149.43949028042 3170.21404242681 3184.22500589038 3216.42670617193 3223.92140060809 3235.26253847482 3288.33018315213 3271.59551662206 3238.0398768764 3302.77595409224 3356.62155579834 3365.8811971224 3375.41729770275 3357.29115074727 3273.87178628302 3283.75466428112 3274.65665692684 3274.60360788147 3273.4306793259 3277.2669298982 3293.08124377473 3361.37129881478 3394.89777270058 3356.8851705785 3286.44382682265 3328.45649460776 3340.8464299681 3349.00898344839 3311.85709269371 3305.57045831455 3315.51244277372 3265.25607309896 3224.29635299136 3209.93684758131 3209.58101674984 3215.21944585578
-9999 -9999 -9999 -9999 -9999 -9999 -9999 3001.18912611299 3022.87490958258 3036.91943822921 3044.91060245959 3052.44022208122 3075.44832509705 3104.38072059465 3118.30942244127 3125.40184329679 3137.66871625454 3171.85182487097 3182.87920385012 3192.665380394 3214.06598874869 3266.37956957233 3273.42732870823 3226.41674789237 3242.27548578049 3295.38167621743 3309.82967636893 3299.33874490691 3247.8262863291 3235.27667062788 3223.41748694357 3218.87131668738 3228.84484294033 3234.21165924769 3233.71261858661 3218.18127374794 3242.34146210956 3300.84435516059 3252.08752097505 3205.23646416439 3297.69124487899 3301.81925110988 3302.54719042285 3291.08542498458 3275.29141709371 3267.71798613442 3254.98220806472 3216.43344239643 3178.79877812804 3168.42103269956
