rcp8.5models/CNRM-CM5/sc1gr6.20
NCOLS 261 
NROWS 433 
XLLCORNER 336357.134 
YLLCORNER 654653.479 
CELLSIZE 1000 
NODATA_value -3.4e+38 
[rows 88 to 109 of 433, columns 49 to 97 of 261]
-3.4e+38 -3.4e+38 -3.4e+38 -3.4e+38 -3.4e+38 -3.4e+38 -3.4e+38 -3.4e+38 -3.4e+38 -3.4e+38 1085.47595214844 -3.4e+38 1091.462890625 1096.32653808594 1100.52062988281 1103.96020507812 1105.978515625 1111.33251953125 1118.94665527344 1126.51635742188 1129.52697753906 1133.59875488281 1136.99853515625 1140.07141113281 1145.74157714844 1151.94213867188 1154.40148925781 1159.32763671875 1162.15502929688 1170.96459960938 1175.61657714844 1180.06188964844 -3.4e+38 1191.13708496094 1195.16577148438 1200.65979003906 1205.54614257812 1209.82568359375 1215.52978515625 1222.13830566406 1227.45251464844 1240.52209472656 1246.876953125 1252.36254882812 1257.97485351562 1261.99047851562 1268.23083496094 1272.69396972656 1276.67797851562
-3.4e+38 -3.4e+38 -3.4e+38 -3.4e+38 -3.4e+38 -3.4e+38 -3.4e+38 -3.4e+38 -3.4e+38 -3.4e+38 1085.70031738281 1089.05810546875 1093.36437988281 1096.39819335938 1100.19458007812 1102.54284667969 1108.03112792969 1112.71899414062 1121.09313964844 1128.03747558594 1130.57641601562 1134.71459960938 1136.77758789062 1141.95166015625 1148.07763671875 1151.63842773438 1155.44470214844 1159.23352050781 1164.15966796875 1174.11730957031 1178.47143554688 1182.13940429688 1188.83361816406 1193.56811523438 1197.45971679688 1201.38366699219 1206.42053222656 1212.24291992188 1216.64758300781 1222.90930175781 1228.67553710938 1242.03540039062 1248.24621582031 1252.94189453125 1260.18273925781 1263.81652832031 1269.34606933594 1274.81774902344 1280.65283203125
-3.4e+38 -3.4e+38 -3.4e+38 -3.4e+38 -3.4e+38 -3.4e+38 -3.4e+38 -3.4e+38 -3.4e+38 -3.4e+38 1086.10119628906 1089.94812011719 1093.16735839844 1096.58715820312 1100.48620605469 1103.75463867188 1110.28210449219 1114.08483886719 1122.26684570312 1128.19055175781 1130.05480957031 1134.47668457031 1137.70666503906 1144.14184570312 1148.32800292969 1152.29260253906 1156.35180664062 1160.10571289062 1165.35717773438 1174.85229492188 1180.51879882812 1185.20959472656 1190.27722167969 1194.36511230469 1197.37866210938 1202.54833984375 1208.43334960938 1212.53991699219 1217.86865234375 1223.89916992188 1229.54028320312 1240.55737304688 1247.55090332031 1252.08093261719 1259.33129882812 1264.03698730469 1270.7412109375 1275.4609375 1283.2548828125
-3.4e+38 -3.4e+38 -3.4e+38 -3.4e+38 -3.4e+38 -3.4e+38 -3.4e+38 -3.4e+38 -3.4e+38 1084.54455566406 1087.12219238281 1091.10986328125 1095.84362792969 1099.31848144531 1102.14489746094 1107.7470703125 1110.0849609375 1114.56896972656 1122.38879394531 1126.90173339844 1130.06433105469 1134.64880371094 1138.95983886719 1144.55187988281 1146.74230957031 1151.19116210938 1154.62548828125 1159.92553710938 1165.78210449219 1175.96911621094 1180.2900390625 1187.19055175781 1192.21337890625 1197.74096679688 1200.4990234375 1207.62268066406 1210.96020507812 1215.21301269531 1218.34216308594 1222.37939453125 1228.505859375 1241.40881347656 1245.82983398438 1252.19226074219 1257.75598144531 1266.7998046875 1272.78186035156 1279.17407226562 1286.37365722656
-3.4e+38 -3.4e+38 -3.4e+38 -3.4e+38 -3.4e+38 -3.4e+38 -3.4e+38 -3.4e+38 1081.01342773438 1083.92053222656 1089.45166015625 1092.69360351562 1095.92346191406 1098.80590820312 1102.75915527344 1106.06262207031 1110.15124511719 1113.47192382812 1122.00415039062 1126.8642578125 1129.91198730469 1134.14245605469 1137.59008789062 1143.49438476562 1146.69458007812 1150.52966308594 1155.22668457031 1159.89123535156 1166.45227050781 1176.31909179688 1179.48046875 1187.20910644531 1192.93493652344 1196.85607910156 1201.08923339844 1208.115234375 1211.28564453125 1214.62817382812 1218.115234375 1223.10498046875 1228.78735351562 1240.06701660156 1246.44470214844 1253.05285644531 1258.44714355469 1265.72717285156 1272.35778808594 1279.3359375 1285.85900878906
-3.4e+38 -3.4e+38 -3.4e+38 -3.4e+38 -3.4e+38 1069.76086425781 1073.90051269531 1078.95434570312 -3.4e+38 1085.73547363281 1089.46997070312 1092.46032714844 1094.55615234375 1097.763671875 1102.05859375 1105.55603027344 1110.5556640625 -3.4e+38 -3.4e+38 1124.86450195312 1129.67199707031 1132.57934570312 1136.9853515625 1142.7392578125 -3.4e+38 1150.62561035156 1155.16662597656 1160.37158203125 1165.84704589844 1175.54113769531 1180.10461425781 1184.79870605469 1190.3662109375 1196.72058105469 1201.9990234375 1207.2734375 1211.86413574219 1214.49536132812 1220.31115722656 1222.90637207031 1228.46350097656 1238.49243164062 1244.828125 1251.99584960938 1258.29187011719 1265.20153808594 1272.6533203125 1279.02099609375 1284.58740234375
-3.4e+38 -3.4e+38 -3.4e+38 -3.4e+38 1068.06567382812 -3.4e+38 1074.16967773438 1079.59545898438 1082.11730957031 1086.18981933594 1088.7958984375 1090.60339355469 1094.45056152344 1096.84057617188 1102.02685546875 1105.65710449219 1110.46911621094 1113.68371582031 1120.39367675781 1124.05334472656 1127.91455078125 1132.35668945312 1136.08569335938 1141.9580078125 -3.4e+38 -3.4e+38 1153.53759765625 1159.4306640625 1164.28698730469 1176.33801269531 1180.65112304688 1182.97570800781 1191.37023925781 1195.63220214844 1201.302734375 1206.91845703125 1211.08898925781 1215.45166015625 1222.92211914062 1224.27172851562 1228.05859375 1239.42651367188 1245.61083984375 1252.29565429688 1258.37548828125 1264.42663574219 1272.498046875 1277.01794433594 1282.60437011719
-3.4e+38 -3.4e+38 -3.4e+38 -3.4e+38 1066.37976074219 1070.3818359375 1073.68664550781 1078.2919921875 1081.71057128906 1084.43811035156 1086.58923339844 1091.16491699219 1094.08898925781 1097.45910644531 1101.51733398438 1105.31530761719 1108.93933105469 1113.10766601562 1120.75524902344 1124.17736816406 1128.43603515625 1131.84289550781 1136.80712890625 1140.2724609375 1144.64208984375 1148.46264648438 -3.4e+38 1156.91870117188 1162.26635742188 1174.97619628906 1178.7490234375 1183.64111328125 1190.2958984375 1194.84057617188 1201.23999023438 1206.70471191406 1211.89367675781 1217.26501464844 1220.63623046875 1224.02685546875 1228.18884277344 1239.07360839844 1245.73901367188 1251.16333007812 1257.12805175781 1264.33020019531 1269.70458984375 1274.69409179688 1280.990234375
-3.4e+38 1041.54138183594 1049.59899902344 1058.34533691406 1064.38854980469 1068.42907714844 1071.63146972656 1075.97192382812 1079.24291992188 1083.53393554688 1086.47631835938 1089.98413085938 1091.98681640625 1096.50268554688 1099.54931640625 1103.87854003906 1108.15234375 1112.38366699219 1119.7587890625 1123.41174316406 1127.32507324219 1131.07336425781 1137.11279296875 1140.57104492188 1145.28234863281 1149.67224121094 1153.39855957031 1157.05102539062 1160.2607421875 1171.9482421875 1178.95874023438 1185.31567382812 1188.57409667969 1194.61181640625 1201.11157226562 1205.47717285156 1211.54333496094 1216.4443359375 1220.37963867188 1223.27526855469 1228.95056152344 1237.82275390625 1244.25427246094 1250.23889160156 1257.30932617188 1263.81848144531 1267.18505859375 1272.08996582031 1280.68859863281
1025.98559570312 1036.85278320312 1045.72021484375 1053.17895507812 1058.73413085938 1064.17785644531 1067.125 1073.98852539062 1077.61328125 1080.89184570312 1084.83349609375 1087.47131347656 1090.908203125 1095.74645996094 1098.48864746094 1102.85278320312 1107.04846191406 1110.80310058594 1117.9658203125 1123.74255371094 1127.25537109375 1130.76110839844 1135.32006835938 1140.68811035156 1145.14819335938 1148.35144042969 1152.99169921875 1155.271484375 1158.42260742188 1171.14025878906 1177.76489257812 1183.59851074219 1186.92590332031 1192.70910644531 1199.00708007812 1203.47082519531 1208.72314453125 1214.70812988281 1218.86083984375 1223.61267089844 1228.83996582031 1237.27819824219 1242.23352050781 1248.31042480469 1255.65844726562 1261.10803222656 1265.07666015625 1270.52075195312 1278.47180175781
1020.80822753906 1031.99621582031 1040.36584472656 1047.66418457031 1054.46728515625 1059.30456542969 1064.21691894531 1071.10852050781 1074.93920898438 1077.50622558594 1081.4697265625 1084.50512695312 1090.46057128906 1093.29211425781 1097.54699707031 1101.26672363281 1104.36010742188 1107.35266113281 1118.05432128906 1122.04846191406 1125.568359375 1129.32080078125 1133.60913085938 1138.65991210938 1143.11096191406 1147.66284179688 1152.08056640625 1154.37524414062 1158.38989257812 1168.79931640625 1174.50500488281 1179.7724609375 1184.07177734375 1190.12536621094 1196.2529296875 1200.48669433594 1205.28210449219 1213.65405273438 1218.22985839844 1222.94494628906 1226.79150390625 1236.05383300781 1240.85607910156 1246.68103027344 1252.72497558594 1258.00549316406 1264.109375 1270.42236328125 1277.80285644531
1017.66296386719 1027.57141113281 1035.55895996094 1043.30908203125 1050.13659667969 1054.87121582031 1060.7626953125 1068.20129394531 1071.5771484375 1074.88061523438 1079.10705566406 1081.95288085938 1087.99267578125 1091.99279785156 1094.81481933594 1098.81323242188 1103.06530761719 1106.69750976562 1116.8701171875 1119.341796875 1122.87585449219 1128.9345703125 1132.8095703125 1136.92639160156 1142.3642578125 1146.28271484375 1150.23120117188 1153.87170410156 1157.115234375 1166.19470214844 1171.03210449219 1176.51110839844 1181.4658203125 1188.44006347656 1193.90991210938 1197.95617675781 1203.33129882812 1211.638671875 1216.94323730469 1220.99243164062 1226.12097167969 1235.38403320312 1239.90979003906 1245.71118164062 1251.71276855469 1257.15710449219 1262.91125488281 1267.99035644531 1275.927734375
1013.99829101562 1023.31164550781 1031.90002441406 1038.87585449219 1043.94592285156 1050.00695800781 1055.09655761719 1064.63537597656 1069.69677734375 1072.17126464844 1076.18359375 1078.40319824219 1084.96728515625 1091.86413574219 1093.44689941406 1096.96459960938 1100.8408203125 1105.99548339844 1115.25366210938 1119.03295898438 1122.24938964844 1127.47265625 1131.65710449219 1134.97534179688 1138.97863769531 1143.67980957031 1147.20983886719 1151.49572753906 1155.00354003906 1165.59167480469 1169.91333007812 1175.10681152344 1181.85205078125 1186.86645507812 1192.21801757812 1198.42272949219 1202.19860839844 1209.20581054688 1215.57434082031 1220.79650878906 1225.23449707031 1233.49548339844 1240.07312011719 1244.15734863281 1250.84558105469 1255.89184570312 1260.91271972656 1265.99584960938 1272.21411132812
1010.39611816406 1018.25378417969 1027.46826171875 1034.14501953125 1041.17224121094 1045.25012207031 1051.43115234375 1061.50061035156 1064.93090820312 1069.26525878906 1073.12353515625 1076.81469726562 1083.33435058594 1089.7607421875 1091.15625 1094.98095703125 1099.12915039062 1104.08630371094 1112.88781738281 1117.71276855469 1120.75866699219 1124.70471191406 1128.72253417969 1134.2470703125 1136.8642578125 -3.4e+38 1146.921875 1151.46020507812 1153.70874023438 1163.45910644531 1168.30603027344 1173.58215332031 1177.84497070312 1185.94201660156 1192.10498046875 1197.95263671875 1201.10656738281 1206.7451171875 1212.86181640625 1220.04150390625 1225.06506347656 1233.24035644531 1238.83081054688 1243.52160644531 1249.1298828125 1254.41247558594 1260.94934082031 1265.39038085938 1271.37292480469
1007.58203125 1014.37823486328 1022.62524414062 1029.87170410156 1035.30773925781 1041.423828125 1047.17407226562 1056.19860839844 1062.19702148438 1066.0087890625 1069.50231933594 1073.95324707031 1080.33154296875 1085.9384765625 1089.38952636719 1092.85437011719 1096.65991210938 1101.45849609375 1109.97094726562 1114.55493164062 1118.58813476562 1123.77001953125 1126.99926757812 1131.20617675781 1135.82556152344 1139.43591308594 1145.15441894531 1150.0537109375 1152.7333984375 1161.3017578125 1167.62060546875 1171.75134277344 1175.17834472656 1182.40087890625 1188.40771484375 1195.69836425781 1200.17053222656 1205.42053222656 1210.35388183594 1215.92114257812 1224.12902832031 1232.25 1236.44506835938 1241.57556152344 1246.66259765625 1251.75866699219 1260.72802734375 1263.49462890625 1269.5224609375
1000.09234619141 1007.33813476562 1014.55249023438 1020.23956298828 1027.51794433594 1033.48681640625 1038.48278808594 1050.08972167969 1053.34826660156 1057.19921875 1063.86437988281 1067.84008789062 1075.21081542969 1079.85388183594 1082.53955078125 1087.51086425781 1090.26916503906 1095.29089355469 1103.67260742188 1109.25891113281 1112.38000488281 1118.52941894531 1124.08142089844 1126.98620605469 1132.51477050781 1139.232421875 1141.30065917969 1143.37512207031 1147.40502929688 1157.35192871094 1162.55126953125 1166.80798339844 1174.86389160156 1180.83325195312 1183.89587402344 1188.97399902344 1192.84362792969 1199.78186035156 1205.05590820312 1212.75915527344 1219.7119140625 1232.50610351562 1234.54833984375 1237.27954101562 1244.83874511719 1248.45373535156 1253.55346679688 1262.62280273438 1265.98986816406
997.141540527344 1003.15698242188 1010.17095947266 1016.33575439453 1022.7861328125 1028.46801757812 1033.205078125 1044.68273925781 1049.88989257812 1053.83874511719 1061.00720214844 1064.88269042969 1070.09106445312 1076.18041992188 1079.86608886719 1084.7861328125 1087.49633789062 1091.77197265625 1099.14965820312 1104.94445800781 1111.33422851562 1115.26733398438 1121.1591796875 1124.51513671875 1129.69006347656 1136.97729492188 1139.25561523438 1140.013671875 1145.10388183594 1155.56457519531 1160.85314941406 1167.13244628906 1174.51843261719 1178.33984375 1181.87963867188 1186.55651855469 1192.98010253906 1195.79711914062 1202.04235839844 1210.16870117188 1216.73876953125 1230.61755371094 1233.15197753906 1235.88671875 1242.65075683594 1246.36669921875 1250.72778320312 1259.04760742188 1263.89318847656
993.25830078125 998.433654785156 1005.26165771484 1012.03466796875 1019.12054443359 1024.49084472656 1029.46655273438 1040.69616699219 -3.4e+38 -3.4e+38 1056.76599121094 1062.73474121094 1066.5029296875 1072.06921386719 1076.40625 1080.99987792969 1084.74353027344 1089.53137207031 1097.14001464844 1101.72045898438 1108.16223144531 1111.9560546875 1116.6630859375 1121.30346679688 1127.50134277344 1132.92443847656 1136.26794433594 -3.4e+38 1143.62927246094 -3.4e+38 1157.4853515625 1163.24328613281 1173.10717773438 1178.56640625 1181.36706542969 1186.12219238281 1190.98132324219 1195.5673828125 -3.4e+38 1206.58361816406 1212.33642578125 1225.73669433594 1231.55078125 1235.60961914062 1239.416015625 1242.91784667969 1248.02758789062 1256.13525390625 1261.654296875
990.174926757812 995.710632324219 1002.33129882812 1007.90002441406 1014.11212158203 1020.29431152344 1025.97229003906 -3.4e+38 -3.4e+38 -3.4e+38 1052.03198242188 1056.51892089844 1063.04504394531 1067.9228515625 1073.61950683594 1077.19299316406 1081.796875 1087.53430175781 1094.83142089844 1098.19580078125 1103.90649414062 1109.59509277344 1115.16564941406 1118.3603515625 1123.99291992188 1128.158203125 1132.32946777344 1134.46838378906 1142.72448730469 1150.23815917969 1155.13269042969 1161.97387695312 1169.20300292969 1177.27197265625 1181.19702148438 1185.27209472656 1188.54602050781 1195.8427734375 1200.67077636719 1203.50134277344 1209.67126464844 1222.5380859375 1228.51904296875 1232.00415039062 -3.4e+38 1241.08532714844 1245.47961425781 1253.25830078125 1258.81994628906
984.660705566406 991.91796875 999.051452636719 1004.54553222656 1009.30072021484 1015.32733154297 -3.4e+38 -3.4e+38 -3.4e+38 -3.4e+38 1047.24523925781 1052.4150390625 1059.56640625 1063.70178222656 1069.09387207031 1073.24450683594 1078.03576660156 1083.19946289062 1093.09448242188 1095.58703613281 1101.33435058594 1105.65344238281 1110.99267578125 1116.50622558594 1121.20239257812 1125.12890625 1129.50378417969 1132.04748535156 1139.13598632812 1147.15161132812 1152.212890625 1161.23059082031 1166.69982910156 1174.14050292969 1179.275390625 1182.56713867188 1187.15270996094 1193.41015625 1197.47155761719 1200.8642578125 1208.2109375 1221.076171875 1225.46667480469 1230.15881347656 1234.33056640625 1240.28125 1242.94543457031 1249.38317871094 1255.82861328125
981.209106445312 986.994323730469 994.8349609375 1001.48345947266 1005.85943603516 1011.79046630859 -3.4e+38 -3.4e+38 -3.4e+38 -3.4e+38 1042.80859375 1048.04040527344 1054.3759765625 1059.4736328125 1063.8486328125 1070.34899902344 1075.41333007812 1079.76586914062 1088.61633300781 1092.47473144531 1097.20837402344 1101.32043457031 1107.13391113281 1113.1806640625 1116.73364257812 1122.36437988281 1126.7138671875 1129.392578125 1135.44152832031 1144.95947265625 1150.18273925781 1156.51721191406 1164.58874511719 1171.37475585938 1175.85717773438 1181.1474609375 1186.10607910156 1190.42883300781 1194.93444824219 1198.67663574219 1204.56396484375 1217.89770507812 1224.15502929688 1227.47985839844 1231.54541015625 1236.22424316406 1240.27490234375 1245.716796875 1252.46057128906
977.893493652344 984.92041015625 990.325988769531 996.488525390625 1002.25622558594 1007.98486328125 1012.82135009766 -3.4e+38 1029.06726074219 -3.4e+38 1038.10607910156 1043.76525878906 1048.68139648438 1054.93920898438 1060.86730957031 1065.43347167969 1071.55920410156 1075.07202148438 1083.30651855469 1089.07751464844 1095.02746582031 1098.46044921875 1103.63708496094 1109.77026367188 1112.98376464844 1119.00561523438 1124.14147949219 1127.75134277344 1132.69641113281 1143.18859863281 1148.05871582031 1151.70581054688 1161.82763671875 1167.70629882812 1172.41577148438 1179.0166015625 1183.88439941406 1188.25390625 1191.20520019531 1195.98291015625 1201.05187988281 1213.84106445312 1220.79357910156 1225.12927246094 1229.07275390625 1233.57727050781 1237.50341796875 1243.396484375 1248.85949707031
