rcp8.5models/CNRM-CM5/sc1gr4.34
NCOLS 261 
NROWS 433 
XLLCORNER 336357.134 
YLLCORNER 654653.479 
CELLSIZE 1000 
NODATA_value -9999 
[rows 154 to 175 of 433, columns 150 to 199 of 261]
291.058746337891 290.591247558594 290.151336669922 289.565521240234 289.275421142578 289.601867675781 290.349548339844 290.175903320312 289.533020019531 290.106323242188 289.587615966797 288.410552978516 289.410675048828 290.861053466797 290.493530273438 290.344604492188 292.726318359375 -9999 291.484466552734 294.860748291016 294.723236083984 294.946350097656 295.564300537109 296.007690429688 295.807281494141 295.755706787109 295.798645019531 295.708343505859 295.455932617188 295.332061767578 295.857543945312 296.261566162109 295.984130859375 295.873992919922 295.869323730469 295.864624023438 295.895080566406 -9999 296.107696533203 296.012664794922 295.980346679688 295.958801269531 295.754333496094 295.670532226562 295.667449951172 295.669830322266 -9999 295.862426757812 295.658386230469 295.487213134766
290.905090332031 290.594421386719 290.154479980469 289.551055908203 289.257110595703 -9999 289.751647949219 289.532928466797 289.851867675781 290.875701904297 290.389007568359 289.123931884766 290.655487060547 291.211120605469 291.018859863281 -9999 292.289733886719 290.872985839844 292.212524414062 294.738311767578 294.900299072266 295.058715820312 295.350128173828 295.544982910156 295.566131591797 295.586456298828 295.4501953125 295.212005615234 295.167205810547 295.214294433594 295.691955566406 295.935272216797 295.929168701172 295.878143310547 295.838806152344 295.879669189453 296.0087890625 295.967559814453 296.021484375 296.016845703125 296.01220703125 296.007598876953 295.775909423828 295.637512207031 295.376495361328 295.18505859375 295.441955566406 295.680084228516 295.615570068359 295.485534667969
290.209930419922 290.153472900391 289.857788085938 289.186920166016 289.368499755859 289.37255859375 289.032562255859 289.031646728516 290.032196044922 290.883575439453 290.712127685547 289.779602050781 291.035247802734 291.409545898438 291.050567626953 291.686248779297 -9999 289.914581298828 293.760681152344 294.621307373047 294.939880371094 294.986968994141 295.104064941406 295.092956542969 295.192657470703 295.339294433594 295.109832763672 294.973937988281 295.076751708984 295.191833496094 295.562866210938 295.611694335938 295.734344482422 -9999 295.757019042969 295.787719726562 295.866027832031 295.761993408203 295.885559082031 296.079376220703 295.980560302734 295.917572021484 295.690185546875 295.470611572266 295.279479980469 294.959106445312 295.115509033203 295.473266601562 295.496490478516 295.417877197266
289.301208496094 289.296081542969 289.493927001953 288.952606201172 289.438171386719 289.040191650391 288.555938720703 288.598815917969 290.241790771484 291.21142578125 291.252716064453 290.918212890625 291.360992431641 291.328094482422 291.659149169922 291.827484130859 291.551177978516 291.6240234375 294.137634277344 294.564086914062 294.956665039062 294.95166015625 294.986785888672 295.045532226562 294.984039306641 295.056213378906 294.852081298828 294.738189697266 295.080841064453 295.129028320312 295.566986083984 295.562347412109 295.618682861328 -9999 295.715087890625 295.710418701172 295.705780029297 295.638671875 295.639434814453 295.9306640625 296.051239013672 295.907470703125 295.655944824219 295.450225830078 295.462646484375 295.226440429688 -9999 295.506439208984 295.439239501953 295.354919433594
289.019927978516 288.668731689453 288.880645751953 288.812713623047 289.053161621094 288.722961425781 287.894165039062 287.857086181641 290.158996582031 291.046783447266 291.881744384766 292.019805908203 291.752380371094 291.451080322266 292.451904296875 291.214935302734 289.887268066406 293.584259033203 294.245788574219 294.641174316406 295.011291503906 295.033569335938 294.890502929688 294.928649902344 294.903961181641 294.832427978516 294.685150146484 294.671691894531 295.084899902344 295.180297851562 295.571075439453 295.566467285156 295.588653564453 295.664764404297 295.719207763672 295.714569091797 295.709930419922 295.677947998047 295.662963867188 295.826995849609 296.047119140625 296.014801025391 295.810363769531 295.628692626953 295.539154052734 295.367553710938 295.449096679688 295.5166015625 295.329803466797 295.244079589844
289.052886962891 288.6767578125 288.574371337891 288.580291748047 288.616424560547 288.627960205078 287.885284423828 287.608184814453 290.072662353516 291.040344238281 291.957916259766 292.448364257812 292.089752197266 292.149291992188 -9999 291.430206298828 291.088195800781 293.847961425781 294.471099853516 294.5576171875 294.861755371094 295.0341796875 295.016326904297 294.860412597656 294.765991210938 294.928802490234 294.876434326172 294.917663574219 295.029144287109 295.163543701172 295.422668457031 295.51123046875 295.599975585938 295.681518554688 295.654541015625 295.600952148438 295.714050292969 295.709411621094 295.696960449219 295.679168701172 295.800567626953 296.019134521484 295.836669921875 295.466857910156 295.522277832031 295.420654296875 295.402282714844 295.397705078125 295.158599853516 295.095092773438
288.869079589844 288.884460449219 288.585601806641 287.866912841797 287.916198730469 287.945129394531 287.514984130859 287.962890625 289.627655029297 291.085266113281 291.795501708984 -9999 -9999 292.303680419922 -9999 293.020751953125 293.970184326172 294.041412353516 294.413665771484 294.474212646484 294.679443359375 294.861724853516 295.059356689453 294.819610595703 294.394775390625 294.578063964844 294.583618164062 294.792999267578 294.866058349609 295.088470458984 295.179504394531 295.316040039062 295.537628173828 295.673004150391 295.570526123047 295.350250244141 295.507141113281 295.654876708984 295.646484375 295.537658691406 295.588073730469 295.800384521484 295.758728027344 295.389373779297 295.452239990234 295.404235839844 295.313690185547 295.387756347656 295.063385009766 294.796020507812
288.930145263672 289.464141845703 288.907073974609 288.516082763672 287.319458007812 286.900329589844 287.139617919922 288.892822265625 291.081756591797 291.7392578125 292.295867919922 -9999 -9999 292.307495117188 292.45263671875 293.334045410156 293.744110107422 294.301666259766 294.433349609375 294.474151611328 294.444488525391 294.391326904297 294.239990234375 294.078826904297 294.239654541016 294.270263671875 294.567565917969 294.744781494141 294.954650878906 294.877685546875 295.299926757812 295.369232177734 295.343963623047 295.288757324219 295.456298828125 295.544494628906 295.527465820312 295.549194335938 295.596374511719 295.483428955078 295.194122314453 295.017333984375 295.027587890625 295.142517089844 295.274139404297 295.290252685547 295.479187011719 295.459259033203 295.102508544922 294.588195800781
289.258575439453 289.937622070312 289.997375488281 288.889007568359 287.907287597656 288.352172851562 288.746826171875 289.602172851562 291.374542236328 291.790679931641 -9999 -9999 -9999 292.687133789062 292.609985351562 293.295196533203 293.557281494141 294.011169433594 294.364044189453 294.478057861328 294.442230224609 294.345367431641 294.171569824219 -9999 294.2197265625 294.183410644531 294.390533447266 294.717468261719 294.736389160156 294.388305664062 295.305999755859 295.386749267578 295.235443115234 295.199401855469 295.406524658203 295.333282470703 295.264831542969 295.429168701172 295.554718017578 295.417541503906 295.066009521484 294.908325195312 294.915344238281 295.018920898438 295.073272705078 295.268524169922 295.368835449219 295.263885498047 294.93896484375 294.553100585938
289.334136962891 289.816833496094 290.5322265625 289.995452880859 289.487548828125 290.012237548828 290.462982177734 290.549438476562 291.895080566406 292.139770507812 -9999 -9999 -9999 293.103790283203 293.08447265625 293.378326416016 293.418121337891 293.687377929688 294.361450195312 294.450561523438 294.296936035156 294.033203125 293.769348144531 293.780914306641 294.094879150391 294.114379882812 294.181884765625 294.151885986328 294.229248046875 294.3076171875 295.148742675781 295.245574951172 295.226470947266 295.262512207031 295.274383544922 295.116271972656 295.254699707031 295.297149658203 295.302337646484 295.063018798828 294.807525634766 294.782501220703 294.981628417969 295.025848388672 294.988098144531 295.116302490234 294.99560546875 294.990905761719 294.836975097656 294.590423583984
289.200073242188 289.390319824219 290.169708251953 290.166595458984 290.255645751953 290.565399169922 290.924957275391 291.298461914062 291.975860595703 292.359527587891 -9999 -9999 292.806182861328 293.088684082031 293.19482421875 293.444702148438 293.446716308594 293.604797363281 294.162170410156 294.058441162109 293.710571289062 293.588836669922 293.46435546875 293.558624267578 294.012817382812 294.018249511719 294.096221923828 294.011047363281 294.17626953125 294.768463134766 -9999 295.114227294922 295.079528808594 295.178039550781 294.934967041016 294.851470947266 295.032653808594 295.000549316406 294.964477539062 294.992919921875 294.966247558594 294.958312988281 294.879852294922 294.864685058594 294.861785888672 294.948944091797 294.855377197266 294.777587890625 294.665985107422 294.647369384766
288.900360107422 289.153839111328 289.755889892578 289.672698974609 289.646575927734 290.477844238281 291.114593505859 291.594512939453 291.777709960938 292.095489501953 292.127899169922 292.318725585938 292.747161865234 293.078369140625 293.277801513672 293.429656982422 293.389068603516 293.558624267578 293.848846435547 293.458892822266 293.350311279297 293.400756835938 293.359130859375 293.377014160156 293.538726806641 293.749420166016 294.066253662109 294.291229248047 294.782165527344 295.053680419922 295.22314453125 295.186187744141 295.120147705078 295.176513671875 294.929504394531 294.884185791016 294.978637695312 294.738494873047 294.822998046875 294.996459960938 295.080261230469 295.111877441406 294.710968017578 294.706420898438 294.801574707031 294.922119140625 294.859558105469 294.799224853516 294.697814941406 294.679626464844
288.640869140625 288.5390625 289.256713867188 289.086761474609 288.828704833984 290.211578369141 290.885803222656 291.232604980469 291.634979248047 291.834381103516 291.845977783203 292.126159667969 292.462829589844 292.885070800781 293.282653808594 293.488983154297 293.435211181641 293.500305175781 293.533081054688 293.277709960938 293.348175048828 293.367523193359 293.377807617188 293.405029296875 293.225128173828 293.441619873047 293.962036132812 294.477905273438 -9999 295.090698242188 295.274658203125 -9999 295.265594482422 295.261016845703 295.040344238281 294.800659179688 294.933288574219 294.74267578125 294.834442138672 294.958770751953 295.020141601562 295.126586914062 294.961120605469 294.86279296875 294.855529785156 294.985107421875 294.979797363281 294.895751953125 294.84814453125 294.536346435547
288.112609863281 288.0166015625 288.286773681641 287.741271972656 288.733215332031 289.980438232422 290.594421386719 290.981811523438 291.540588378906 291.581634521484 291.573791503906 292.092498779297 292.346313476562 292.660491943359 292.910369873047 293.241424560547 293.329498291016 293.453826904297 293.153228759766 293.209136962891 293.452270507812 293.754180908203 293.890869140625 293.840667724609 293.524841308594 293.463439941406 293.977752685547 -9999 295.000457763672 295.001739501953 295.278778076172 295.274261474609 -9999 295.197875976562 294.899749755859 294.616271972656 294.692504882812 294.746856689453 294.796569824219 294.891723632812 294.919494628906 294.857940673828 295.156372070312 295.0205078125 294.970947265625 294.9140625 294.877227783203 295.022125244141 294.881561279297 294.460327148438
286.984466552734 287.129943847656 286.478393554688 286.522399902344 289.35986328125 289.936859130859 290.466674804688 290.951751708984 291.484344482422 291.435821533203 291.416839599609 292.020599365234 292.444763183594 292.639373779297 292.782897949219 292.959747314453 293.122619628906 293.273681640625 292.884460449219 293.175262451172 293.432281494141 293.801849365234 294.207397460938 294.309967041016 294.153717041016 293.962432861328 294.030059814453 -9999 294.833526611328 294.638488769531 295.097778320312 295.159637451172 295.273864746094 295.115081787109 294.784912109375 294.686492919922 294.674865722656 294.692169189453 294.746429443359 294.803680419922 294.876617431641 294.693878173828 295.020904541016 295.146148681641 295.141754150391 295.018371582031 294.724243164062 294.663116455078 294.679351806641 294.546020507812
285.907836914062 285.476135253906 284.547668457031 285.071105957031 288.486633300781 289.698089599609 290.311309814453 291.149749755859 291.230438232422 291.003326416016 291.371978759766 291.863586425781 292.270202636719 292.580261230469 292.892364501953 292.974975585938 293.045989990234 293.128479003906 293.096740722656 293.167663574219 293.365844726562 293.493041992188 293.764739990234 294.123504638672 294.268218994141 294.125823974609 294.098571777344 294.414581298828 294.422485351562 294.457061767578 294.861206054688 294.909759521484 294.966705322266 294.822357177734 294.642425537109 294.612457275391 294.673889160156 294.708679199219 294.750640869141 294.807800292969 294.908142089844 294.821533203125 294.868591308594 294.941833496094 295.008209228516 295.092468261719 294.79638671875 294.304595947266 294.192901611328 294.420318603516
286.217132568359 284.958465576172 282.907684326172 283.245361328125 287.441558837891 289.776123046875 290.461242675781 291.178405761719 290.812927246094 290.806579589844 291.348297119141 291.572814941406 292.085205078125 292.5966796875 292.797668457031 -9999 293.116729736328 293.224395751953 293.349731445312 293.243682861328 293.363861083984 293.414947509766 293.473480224609 293.612731933594 293.79638671875 294.048278808594 294.177917480469 294.146636962891 294.078063964844 294.291137695312 294.883666992188 294.746704101562 294.477752685547 294.459106445312 294.554168701172 294.647796630859 294.649291992188 294.607543945312 294.696044921875 294.811920166016 294.912353515625 294.907775878906 294.730499267578 294.516937255859 294.790832519531 294.801666259766 294.377288818359 294.171142578125 293.935791015625 294.254821777344
286.655639648438 285.379699707031 283.886810302734 284.848297119141 287.717254638672 289.999420166016 290.643280029297 290.876434326172 290.758178710938 291.246520996094 291.359375 291.498046875 292.130615234375 292.589996337891 292.610198974609 292.873077392578 293.103485107422 -9999 293.414703369141 293.346405029297 293.342376708984 -9999 293.440460205078 293.470977783203 293.616729736328 294.040100097656 294.081024169922 293.882751464844 293.822143554688 294.012664794922 -9999 294.719085693359 294.286376953125 294.275146484375 294.379241943359 294.587188720703 294.528625488281 294.389190673828 294.408752441406 294.664123535156 294.85791015625 294.912017822266 294.582702636719 294.391296386719 294.232452392578 294.147033691406 293.940124511719 293.969909667969 293.903686523438 294.172729492188
286.91015625 285.737884521484 285.162322998047 287.707214355469 288.658752441406 289.944763183594 290.497375488281 290.879821777344 291.039276123047 291.411590576172 291.354888916016 291.662750244141 292.240509033203 292.60498046875 292.539794921875 292.610626220703 292.848754882812 293.103729248047 -9999 293.350311279297 293.315093994141 293.313140869141 293.455749511719 293.500732421875 293.605804443359 293.712341308594 293.559722900391 293.569183349609 293.655181884766 293.981323242188 -9999 294.604736328125 294.290588378906 294.192687988281 294.142730712891 294.350921630859 294.413940429688 294.439514160156 294.336761474609 294.479644775391 294.525970458984 294.484405517578 294.391448974609 294.481170654297 293.870574951172 293.848327636719 293.960540771484 294.036956787109 293.938323974609 293.986907958984
287.118225097656 286.566040039062 285.744110107422 287.876129150391 288.783203125 289.244354248047 288.896392822266 290.579376220703 290.927001953125 291.405670166016 -9999 292.331146240234 292.294128417969 292.445556640625 292.375030517578 292.421051025391 292.539978027344 292.667144775391 292.83740234375 293.074157714844 293.049560546875 293.203765869141 293.399566650391 293.639099121094 293.581359863281 293.558959960938 293.633483886719 293.599822998047 293.796264648438 294.074371337891 -9999 294.032897949219 293.906341552734 294.014465332031 294.111541748047 294.179138183594 294.280944824219 294.330261230469 294.358337402344 294.0712890625 293.762725830078 293.950622558594 294.239990234375 294.376129150391 294.160247802734 293.902099609375 293.925170898438 293.938201904297 293.944030761719 294.228851318359
286.836517333984 287.635528564453 287.398071289062 287.888549804688 289.146820068359 289.496063232422 289.715637207031 290.763641357422 291.316284179688 291.489471435547 291.493103027344 291.795837402344 291.824981689453 292.071685791016 292.113952636719 292.325042724609 292.360534667969 292.412536621094 292.530944824219 293.119354248047 292.986450195312 293.134582519531 293.381652832031 293.540924072266 293.598266601562 293.409729003906 293.616638183594 293.839080810547 294.114807128906 -9999 -9999 293.947875976562 293.922149658203 293.965423583984 294.020935058594 294.116394042969 294.167114257812 294.280670166016 294.079406738281 293.679016113281 293.615173339844 293.881317138672 294.281982421875 294.388092041016 294.212799072266 294.000122070312 293.995758056641 293.955780029297 293.857208251953 293.905059814453
287.329467773438 288.02783203125 288.389587402344 288.139465332031 289.473754882812 289.75244140625 290.448303222656 290.983428955078 291.325653076172 291.487579345703 291.369079589844 291.459716796875 291.443878173828 291.601776123047 291.880828857422 292.206787109375 292.275177001953 292.449432373047 292.607147216797 293.199401855469 293.138946533203 293.138519287109 293.379913330078 293.456695556641 293.423706054688 293.256103515625 293.398956298828 293.772064208984 294.074493408203 294.215576171875 -9999 -9999 293.974151611328 293.969696044922 293.991882324219 294.008056640625 294.043395996094 294.091094970703 293.740509033203 293.442535400391 293.670257568359 294.112670898438 -9999 -9999 -9999 294.077392578125 294.072906494141 294.00537109375 293.869750976562 293.820434570312
