rcp8.5models/CNRM-CM5/sc1gr3.39
NCOLS 261 
NROWS 433 
XLLCORNER 336357.134 
YLLCORNER 654653.479 
CELLSIZE 1000 
NODATA_value -3.4e+38 
[rows 330 to 351 of 433, columns 196 to 244 of 261]
261.40966796875 260.778717041016 260.879302978516 260.833892822266 262.304779052734 263.083679199219 263.445526123047 257.815826416016 254.580474853516 251.108657836914 248.908599853516 259.022644042969 261.857482910156 261.797821044922 261.980133056641 263.014953613281 263.523834228516 263.858459472656 263.663604736328 264.467895507812 264.949523925781 265.602752685547 266.062225341797 266.070434570312 266.749542236328 266.731964111328 267.108612060547 267.660339355469 267.902862548828 267.838134765625 268.278015136719 267.753631591797 267.127899169922 267.204406738281 266.143371582031 266.448211669922 266.801086425781 266.756439208984 266.440673828125 266.489715576172 266.555114746094 266.972869873047 267.552978515625 267.644653320312 267.622772216797 267.911163330078 268.480133056641 268.766418457031 269.304412841797
262.058868408203 262.091766357422 261.696594238281 260.597991943359 261.27392578125 263.247589111328 263.532897949219 261.712890625 261.082946777344 260.012237548828 258.632934570312 262.519836425781 261.729339599609 261.530364990234 262.007293701172 263.328277587891 263.482025146484 264.423095703125 264.296630859375 264.986419677734 264.769805908203 264.780395507812 265.611267089844 265.679870605469 265.995880126953 266.507171630859 266.812438964844 267.406890869141 267.369781494141 267.299407958984 267.834381103516 267.726531982422 267.151336669922 266.484375 265.768035888672 266.201385498047 266.270355224609 266.082550048828 266.004547119141 265.854309082031 266.020874023438 266.418884277344 267.24755859375 267.453887939453 267.643859863281 267.907135009766 268.427124023438 268.498992919922 268.889923095703
262.719604492188 262.728607177734 261.593109130859 259.883911132812 259.908233642578 263.200653076172 263.679443359375 263.426574707031 262.850738525391 263.371887207031 263.31201171875 262.773956298828 261.735137939453 261.780181884766 261.524047851562 263.201904296875 263.929656982422 -3.4e+38 264.977111816406 265.555480957031 264.821166992188 264.963684082031 265.808807373047 265.956085205078 266.294525146484 266.509063720703 266.628936767578 266.652496337891 266.852233886719 266.845550537109 267.332153320312 267.389434814453 267.280334472656 265.992706298828 266.270416259766 266.367645263672 266.203643798828 265.735534667969 265.595977783203 265.088317871094 265.556182861328 266.670196533203 266.677337646484 267.428771972656 267.670104980469 268.271789550781 268.330718994141 268.427001953125 268.546569824219
263.051147460938 262.822296142578 262.052307128906 260.802185058594 261.396392822266 263.493072509766 264.024169921875 264.455535888672 264.079437255859 263.962310791016 263.757019042969 263.263244628906 262.691070556641 262.356414794922 261.365386962891 263.467834472656 264.595764160156 -3.4e+38 265.391510009766 265.968444824219 265.754364013672 266.106597900391 266.516174316406 266.779022216797 266.739074707031 266.896728515625 266.558349609375 266.422973632812 266.84033203125 267.029632568359 267.308990478516 267.305633544922 267.629791259766 266.568878173828 266.471740722656 266.638000488281 266.549835205078 266.148742675781 265.970672607422 265.230163574219 265.999420166016 267.110961914062 267.021575927734 267.308227539062 267.460754394531 267.797058105469 267.685302734375 267.836853027344 267.908630371094
263.404876708984 263.114227294922 262.221252441406 261.86279296875 262.017456054688 261.216156005859 263.633331298828 264.597076416016 264.631561279297 263.824554443359 263.663635253906 263.760711669922 263.690643310547 262.969879150391 262.094665527344 263.74267578125 264.449371337891 264.618377685547 265.136352539062 265.722778320312 266.207946777344 266.281219482422 266.694702148438 267.166839599609 267.044006347656 267.376251220703 267.068572998047 266.896026611328 267.417846679688 267.814514160156 267.595153808594 267.492340087891 268.088348388672 267.654205322266 266.978546142578 266.618621826172 266.755157470703 266.363128662109 266.251495361328 265.559478759766 266.144622802734 267.083038330078 267.398651123047 267.213836669922 267.323059082031 267.626312255859 267.869842529297 267.376983642578 267.46826171875
263.611358642578 262.951812744141 261.792572021484 261.443206787109 260.669891357422 257.397308349609 257.072692871094 264.677185058594 264.627105712891 263.950012207031 264.113006591797 263.966400146484 263.987945556641 262.795135498047 261.346801757812 263.731719970703 264.172332763672 263.57861328125 264.682373046875 265.193603515625 265.553405761719 265.724822998047 266.622863769531 266.968383789062 267.335327148438 267.432922363281 267.522064208984 267.421112060547 267.952117919922 267.924530029297 -3.4e+38 267.984924316406 267.938385009766 268.181976318359 267.683471679688 266.724273681641 267.162902832031 266.557434082031 266.267822265625 265.992462158203 266.185455322266 266.681518554688 267.273284912109 267.386596679688 267.580322265625 268.202728271484 268.288818359375 267.519134521484 267.531402587891
262.314453125 260.317749023438 261.549438476562 260.810424804688 258.110717773438 246.969985961914 245.237579345703 264.296997070312 265.554565429688 265.19140625 264.425506591797 264.451568603516 264.258728027344 263.681793212891 263.108459472656 263.025390625 263.691345214844 262.960296630859 263.522033691406 263.157806396484 262.645172119141 263.526733398438 266.041351318359 266.072662353516 266.875366210938 267.230987548828 267.496490478516 267.946594238281 268.058532714844 267.956909179688 268.286895751953 268.342376708984 268.365661621094 268.773559570312 268.766662597656 267.422637939453 267.602569580078 267.473449707031 267.492340087891 266.930541992188 267.289245605469 267.264007568359 267.607727050781 267.243682861328 267.5234375 268.325653076172 268.249176025391 268.263000488281 268.441772460938
263.114471435547 259.971832275391 259.112243652344 261.818695068359 261.234405517578 252.543975830078 243.348922729492 264.810333251953 266.077117919922 265.5517578125 264.544281005859 264.92724609375 264.756744384766 264.256469726562 264.65234375 264.429595947266 264.583374023438 263.856048583984 262.585296630859 260.192474365234 260.591766357422 263.733642578125 266.432220458984 266.841735839844 267.080047607422 267.119934082031 267.572174072266 267.773132324219 267.823486328125 267.776062011719 268.225036621094 268.23291015625 268.268676757812 268.454406738281 268.591583251953 268.023712158203 267.728454589844 267.525970458984 267.398834228516 267.279327392578 267.345489501953 267.584533691406 268.164001464844 267.768646240234 267.786956787109 268.312103271484 268.462860107422 268.407073974609 269.058837890625
264.373168945312 262.477142333984 259.605377197266 263.047332763672 263.437835693359 258.485015869141 248.67561340332 265.111572265625 265.622741699219 265.290588378906 264.8515625 265.015319824219 264.956146240234 264.648284912109 265.022369384766 265.036682128906 264.851623535156 263.853912353516 262.785430908203 261.079162597656 262.536102294922 265.682678222656 266.469665527344 266.596038818359 266.836853027344 266.796661376953 267.3154296875 266.953948974609 267.185882568359 267.380554199219 267.969146728516 267.643127441406 267.848663330078 268.079132080078 268.111236572266 268.141571044922 267.813140869141 268.065277099609 267.841156005859 267.967834472656 267.884582519531 267.959381103516 268.271728515625 268.3583984375 268.300415039062 268.323028564453 268.422241210938 268.544555664062 269.457244873047
264.414001464844 263.541473388672 262.841918945312 263.245819091797 263.638641357422 261.662506103516 258.616607666016 265.098815917969 265.6171875 265.358825683594 265.309051513672 265.233367919922 264.785247802734 264.30517578125 265.069305419922 265.5556640625 265.225524902344 263.814392089844 263.418975830078 263.781951904297 264.708740234375 265.998596191406 266.143981933594 266.060211181641 266.301513671875 265.924255371094 266.7998046875 266.530242919922 266.730072021484 267.215454101562 267.467041015625 266.705627441406 267.421997070312 268.061126708984 268.039215087891 267.960052490234 268.169799804688 268.066253662109 268.262023925781 268.363922119141 268.256439208984 268.239196777344 268.219604492188 268.439208984375 268.506652832031 268.491760253906 268.84326171875 268.98779296875 269.439208984375
264.436401367188 263.531921386719 263.025573730469 263.354858398438 264.414306640625 264.370880126953 264.463043212891 265.330230712891 265.865661621094 265.757415771484 265.613128662109 264.968566894531 264.248565673828 263.826385498047 265.668426513672 265.832092285156 265.369567871094 264.442840576172 263.9970703125 264.711242675781 265.642517089844 266.031219482422 265.869445800781 265.935119628906 265.462524414062 265.179779052734 265.878784179688 266.356506347656 266.351928710938 267.095184326172 267.056518554688 266.654235839844 267.216918945312 268.043060302734 268.021514892578 268.009643554688 268.480926513672 268.134399414062 268.369750976562 268.220764160156 268.224639892578 268.324981689453 268.310760498047 268.288696289062 268.628967285156 268.496124267578 268.994262695312 269.195770263672 269.421081542969
264.456787109375 263.589447021484 263.666534423828 264.207122802734 264.922241210938 265.063903808594 265.380401611328 265.734802246094 266.151123046875 266.248565673828 265.573699951172 265.073760986328 264.084564208984 263.794677734375 266.065368652344 265.637786865234 265.026306152344 265.034790039062 264.414398193359 264.843017578125 265.422027587891 265.591003417969 265.217895507812 265.426818847656 265.056854248047 265.56494140625 265.619567871094 265.852111816406 266.110290527344 267.108367919922 266.999145507812 266.958160400391 266.990753173828 268.099639892578 268.052032470703 268.21728515625 268.597106933594 268.751739501953 268.320983886719 268.201019287109 268.22021484375 268.334869384766 268.153717041016 268.428863525391 268.405700683594 268.255950927734 268.59130859375 268.857360839844 268.822570800781
264.373626708984 263.705474853516 263.914794921875 263.733276367188 264.726470947266 264.946258544922 265.375152587891 265.4970703125 266.241729736328 266.796478271484 266.257141113281 265.999633789062 264.854675292969 264.421020507812 265.964599609375 265.871734619141 265.225158691406 265.12158203125 261.3154296875 264.617309570312 264.524108886719 265.12109375 264.863220214844 264.928161621094 264.380187988281 264.747833251953 266.15625 265.85498046875 265.554351806641 266.575500488281 266.980529785156 266.997314453125 267.227996826172 268.052795410156 267.950408935547 268.158905029297 268.582733154297 268.663635253906 267.885589599609 268.258209228516 268.167388916016 267.777618408203 268.186065673828 268.401306152344 268.286956787109 268.236694335938 268.305328369141 268.427551269531 268.522979736328
264.827606201172 263.882202148438 262.454437255859 261.438507080078 264.136810302734 264.815063476562 264.826232910156 265.016967773438 265.448852539062 265.94580078125 266.459045410156 266.704376220703 266.125640869141 265.579193115234 266.159545898438 265.282806396484 264.859954833984 265.073486328125 262.400726318359 264.852111816406 264.515655517578 264.518615722656 265.083862304688 265.366790771484 264.459411621094 264.752014160156 266.843414306641 266.512054443359 265.523071289062 266.169494628906 266.937591552734 267.349060058594 267.867034912109 267.975067138672 267.905487060547 267.890472412109 268.162933349609 268.168090820312 267.891845703125 268.392852783203 268.174468994141 267.03466796875 267.789093017578 267.833892822266 268.0341796875 268.317169189453 268.098602294922 268.136169433594 268.478271484375
265.190216064453 264.657958984375 262.564575195312 261.507629394531 262.418121337891 263.556274414062 264.420654296875 264.809753417969 264.805084228516 264.868743896484 265.48046875 266.400421142578 266.754028320312 266.348907470703 265.948699951172 264.109832763672 263.424560546875 265.034088134766 265.8173828125 265.359771728516 264.743469238281 264.535675048828 264.953674316406 265.544982910156 266.156158447266 266.287933349609 266.203247070312 266.992248535156 266.208953857422 265.878051757812 267.037017822266 267.868804931641 268.114440917969 267.949554443359 267.482299804688 267.760467529297 267.963897705078 268.156616210938 267.996032714844 267.8798828125 267.618469238281 266.984893798828 266.792541503906 267.003692626953 267.429443359375 267.659301757812 267.523712158203 267.536193847656 268.170471191406
264.581390380859 265.298095703125 264.312286376953 263.391876220703 261.075042724609 260.896942138672 263.404907226562 265.410217285156 265.161346435547 265.176239013672 265.320373535156 265.840850830078 266.263702392578 266.656433105469 265.373687744141 263.434753417969 263.54443359375 265.622680664062 265.841705322266 265.557342529297 264.513031005859 264.287933349609 265.336944580078 265.469329833984 266.661193847656 266.809753417969 266.171020507812 267.068542480469 266.736663818359 266.352935791016 267.020935058594 267.451324462891 267.448394775391 267.678558349609 267.173309326172 266.614685058594 267.500122070312 267.896820068359 268.046051025391 267.643615722656 266.674438476562 267.0615234375 265.773132324219 266.030975341797 266.735076904297 267.057434082031 267.050628662109 267.066558837891 267.612121582031
264.046905517578 264.327880859375 265.378875732422 264.881134033203 263.3583984375 262.415283203125 264.786499023438 266.464080810547 266.008361816406 266.155853271484 266.070556640625 265.747741699219 265.972778320312 266.482421875 265.278503417969 263.346221923828 263.501495361328 266.121398925781 265.756622314453 264.284820556641 264.952087402344 263.738586425781 264.940155029297 265.765655517578 266.046203613281 267.092071533203 267.405975341797 267.398040771484 267.000793457031 266.650482177734 266.274353027344 266.380920410156 266.933013916016 267.371276855469 267.164001464844 265.718719482422 267.058135986328 267.270965576172 268.14306640625 267.911987304688 266.654144287109 266.589935302734 265.784851074219 265.663543701172 266.884124755859 267.139801025391 267.613128662109 267.561126708984 267.769287109375
262.684387207031 261.179260253906 263.992218017578 265.738403320312 265.853332519531 265.805358886719 266.574432373047 266.760528564453 266.565521240234 266.703399658203 266.588806152344 266.200561523438 266.449829101562 266.64990234375 265.716949462891 264.498077392578 263.698852539062 266.339569091797 265.425964355469 262.654083251953 265.904357910156 264.348968505859 264.514434814453 266.029235839844 266.414825439453 267.108825683594 267.7255859375 267.834014892578 266.973114013672 266.773620605469 266.350830078125 266.392211914062 266.632873535156 267.079742431641 266.966491699219 266.135925292969 266.428985595703 266.391448974609 267.251831054688 267.531433105469 267.501159667969 266.419158935547 266.239166259766 266.167205810547 266.611297607422 266.707122802734 267.690277099609 267.96435546875 268.069000244141
262.762420654297 262.771179199219 263.627471923828 264.284790039062 265.463348388672 265.371215820312 265.292999267578 264.951934814453 265.793395996094 266.352294921875 266.541625976562 266.926574707031 267.766815185547 267.394866943359 266.104278564453 265.475463867188 265.477233886719 266.790954589844 263.324493408203 258.568878173828 266.771057128906 266.312438964844 266.496673583984 266.725402832031 266.853790283203 267.013977050781 267.708984375 267.904907226562 267.895751953125 267.861907958984 267.497436523438 267.664093017578 267.364349365234 267.067596435547 266.576019287109 266.283172607422 267.185607910156 266.676452636719 266.046905517578 267.206237792969 267.215850830078 267.225952148438 267.713104248047 267.252471923828 266.960815429688 267.211059570312 267.970855712891 267.438049316406 267.729705810547
262.969604492188 262.835296630859 264.194396972656 264.654724121094 265.076721191406 264.463958740234 264.929443359375 265.675964355469 265.645568847656 265.830505371094 266.307067871094 266.727905273438 267.339477539062 267.492065429688 266.670562744141 266.228118896484 266.365692138672 267.044525146484 265.083923339844 263.400756835938 266.789245605469 266.818145751953 266.745300292969 266.048736572266 265.797454833984 266.062622070312 266.964111328125 267.379821777344 267.360198974609 267.795867919922 268.167114257812 267.962280273438 267.751098632812 267.635223388672 267.106567382812 266.634155273438 267.103454589844 267.336395263672 266.434234619141 267.361297607422 268.070007324219 267.52294921875 268.143005371094 267.690399169922 267.193634033203 267.002380371094 266.641235351562 266.500213623047 267.174835205078
263.116760253906 263.087646484375 264.047729492188 264.616180419922 264.622222900391 263.784820556641 264.189666748047 265.224639892578 265.251922607422 265.493347167969 265.548278808594 266.350524902344 266.880462646484 267.115234375 267.292083740234 267.289001464844 267.341796875 267.688171386719 266.570465087891 266.30078125 266.690704345703 266.735137939453 266.743774414062 265.956695556641 265.090698242188 265.699859619141 266.556854248047 266.915222167969 266.976531982422 267.864135742188 268.739807128906 268.291198730469 268.020904541016 267.926483154297 267.511688232422 267.317413330078 266.977416992188 267.786804199219 266.927062988281 267.20166015625 268.096405029297 268.071136474609 268.200836181641 268.209838867188 267.655548095703 266.904510498047 266.138854980469 266.562316894531 266.960845947266
263.580993652344 263.406799316406 263.429931640625 264.046264648438 263.900299072266 263.507537841797 262.983001708984 264.000823974609 265.124084472656 265.483734130859 265.570343017578 266.310028076172 266.595916748047 266.623474121094 267.272277832031 267.763427734375 267.81103515625 267.865173339844 266.786590576172 266.76416015625 267.111511230469 266.682739257812 266.535705566406 267.137542724609 266.165344238281 266.818023681641 266.967163085938 266.893127441406 266.995208740234 267.687530517578 268.857940673828 268.728485107422 268.347259521484 268.401763916016 267.736358642578 267.617797851562 267.531585693359 267.638793945312 267.029022216797 267.602233886719 268.20263671875 268.225860595703 268.178192138672 268.262359619141 268.190856933594 -3.4e+38 -3.4e+38 267.515808105469 267.447052001953
