rcp8.5models/CNRM-CM5/sc1gr5.9
NCOLS 261 
NROWS 433 
XLLCORNER 336357.134 
YLLCORNER 654653.479 
CELLSIZE 1000 
NODATA_value -3.4e+38 
[rows 242 to 263 of 433, columns 147 to 195 of 261]
284.973724365234 281.532073974609 276.283935546875 277.161804199219 283.211944580078 285.943542480469 286.868560791016 287.519744873047 288.466888427734 289.206420898438 289.464813232422 289.7548828125 289.521881103516 289.729797363281 289.952911376953 290.202758789062 290.302978515625 290.261016845703 290.0009765625 289.535522460938 289.716857910156 289.646026611328 289.691986083984 289.807830810547 289.608306884766 289.394073486328 289.285186767578 288.937103271484 288.367279052734 288.165557861328 288.216430664062 288.551147460938 288.684112548828 289.624786376953 290.011871337891 289.582092285156 288.859527587891 288.497467041016 -3.4e+38 -3.4e+38 289.766235351562 290.419616699219 290.055419921875 290.459533691406 290.120147705078 289.545623779297 289.554840087891 289.695037841797 289.162445068359
284.589782714844 281.348327636719 277.477478027344 280.077056884766 284.306518554688 286.079772949219 287.001892089844 287.665069580078 288.110198974609 288.451080322266 289.055541992188 289.650817871094 290.011688232422 289.979339599609 290.109100341797 290.126892089844 290.028656005859 289.870635986328 289.735504150391 289.016143798828 288.713226318359 288.788909912109 289.314697265625 289.300384521484 289.362243652344 289.355102539062 289.150817871094 288.674682617188 288.168609619141 287.623809814453 287.659973144531 287.935791015625 288.114227294922 288.872436523438 288.947326660156 288.528778076172 288.524627685547 288.891265869141 288.928680419922 -3.4e+38 -3.4e+38 289.221923828125 289.541290283203 289.522033691406 289.013458251953 285.465484619141 285.642883300781 287.587799072266 288.180725097656
283.997802734375 280.163940429688 276.813781738281 280.827484130859 284.458587646484 286.28857421875 287.035064697266 287.954406738281 288.292083740234 288.446136474609 288.988525390625 289.489288330078 289.895568847656 289.968719482422 -3.4e+38 290.029602050781 289.679809570312 289.444396972656 289.554290771484 288.979644775391 288.667633056641 288.770202636719 288.723663330078 288.656036376953 288.702301025391 288.985382080078 288.543334960938 287.584442138672 286.114288330078 286.239196777344 287.2001953125 287.576354980469 287.780853271484 288.671569824219 288.542236328125 288.081024169922 288.639068603516 -3.4e+38 -3.4e+38 -3.4e+38 -3.4e+38 289.195831298828 289.480194091797 289.367340087891 288.733184814453 288.042877197266 287.813598632812 288.096252441406 288.735473632812
283.080413818359 278.354217529297 274.850524902344 280.729766845703 284.5087890625 286.065704345703 286.617889404297 287.958068847656 288.744354248047 288.961700439453 289.221130371094 289.649261474609 289.884918212891 289.958190917969 -3.4e+38 290.028472900391 289.694519042969 289.427093505859 289.526794433594 289.206207275391 289.172332763672 289.130645751953 288.597900390625 288.091888427734 288.031463623047 288.440551757812 287.965911865234 285.645568847656 281.756439208984 283.035400390625 285.65380859375 287.310607910156 287.581207275391 288.086059570312 287.855834960938 287.908813476562 288.727844238281 -3.4e+38 -3.4e+38 -3.4e+38 288.825439453125 288.651916503906 288.400756835938 288.514923095703 288.119384765625 288.328125 288.736419677734 288.699768066406 288.8271484375
283.229034423828 278.551055908203 273.286773681641 278.056396484375 284.49365234375 285.873413085938 286.412017822266 287.339263916016 288.477752685547 289.040161132812 289.1748046875 289.597045898438 289.815368652344 289.94775390625 290.077789306641 290.095916748047 289.952392578125 289.66357421875 289.653167724609 289.543914794922 289.472625732422 289.174346923828 289.022491455078 288.322418212891 288.261596679688 288.41064453125 287.658996582031 285.220947265625 281.752838134766 281.753326416016 284.682830810547 287.173767089844 287.638153076172 287.96337890625 287.653228759766 288.056304931641 288.431335449219 -3.4e+38 -3.4e+38 -3.4e+38 -3.4e+38 288.515411376953 286.011566162109 283.738830566406 287.665008544922 288.412109375 289.296569824219 289.375640869141 289.080841064453
283.683990478516 280.046173095703 275.810241699219 280.462066650391 285.269836425781 286.361968994141 286.770477294922 287.385833740234 288.247436523438 -3.4e+38 288.967498779297 289.368011474609 289.575378417969 289.937377929688 290.009643554688 289.881011962891 289.817169189453 289.762329101562 289.637420654297 289.471557617188 289.385314941406 289.219360351562 289.146362304688 288.690002441406 288.557708740234 287.988708496094 287.139038085938 285.887390136719 285.053924560547 284.488922119141 286.061309814453 287.075347900391 287.491180419922 288.416564941406 288.214752197266 288.413757324219 288.395843505859 288.507904052734 -3.4e+38 -3.4e+38 -3.4e+38 -3.4e+38 286.617858886719 284.46044921875 288.547454833984 288.592254638672 289.245056152344 289.890350341797 290.079559326172
283.656616210938 281.364196777344 279.688995361328 283.652404785156 286.243927001953 286.567230224609 286.964996337891 287.642486572266 287.987213134766 288.149353027344 288.644989013672 288.92626953125 289.348693847656 289.664489746094 289.710815429688 289.776428222656 289.474060058594 289.484680175781 289.430206298828 289.058929443359 289.047332763672 289.117462158203 289.249145507812 288.933898925781 288.507720947266 287.699798583984 286.934143066406 286.025756835938 285.97509765625 285.999786376953 286.005615234375 286.307281494141 287.163635253906 287.970092773438 288.21484375 -3.4e+38 288.574279785156 -3.4e+38 -3.4e+38 -3.4e+38 288.498229980469 288.433135986328 288.265045166016 288.114929199219 289.095367431641 289.132720947266 289.072937011719 289.804412841797 290.675048828125
283.479553222656 280.767944335938 277.587677001953 280.41943359375 286.046630859375 286.323211669922 286.751953125 287.360168457031 287.781188964844 288.169250488281 288.510559082031 288.834625244141 289.228485107422 289.416778564453 289.608245849609 289.581695556641 289.190887451172 289.093475341797 289.259948730469 288.796234130859 288.581878662109 288.708221435547 288.906555175781 288.735107421875 288.454040527344 -3.4e+38 -3.4e+38 286.912689208984 286.234527587891 285.478637695312 284.951782226562 285.987457275391 286.727386474609 287.319610595703 287.717102050781 288.219024658203 -3.4e+38 -3.4e+38 -3.4e+38 288.626342773438 288.249572753906 288.051086425781 287.7734375 287.870147705078 288.742095947266 289.500213623047 288.932952880859 289.403991699219 290.396697998047
282.678192138672 280.154663085938 275.060760498047 275.595642089844 285.740264892578 286.061218261719 286.349426269531 286.860229492188 287.344909667969 288.009582519531 288.641693115234 289.182098388672 289.253997802734 -3.4e+38 -3.4e+38 288.925384521484 288.636291503906 288.743408203125 289.164154052734 288.805816650391 288.346313476562 288.232299804688 288.382202148438 288.14794921875 287.662902832031 287.891296386719 -3.4e+38 -3.4e+38 286.524871826172 285.46435546875 285.219696044922 285.678771972656 285.327606201172 287.49609375 288.087005615234 288.252166748047 -3.4e+38 -3.4e+38 -3.4e+38 288.220977783203 287.544189453125 286.987945556641 286.616363525391 286.984893798828 288.711120605469 289.716766357422 289.297882080078 289.040740966797 289.182586669922
282.187927246094 281.731628417969 277.200347900391 274.765350341797 285.507720947266 286.094360351562 286.246307373047 286.482238769531 286.922882080078 287.631927490234 288.356994628906 289.039489746094 289.263977050781 -3.4e+38 289.107208251953 288.458068847656 288.494110107422 288.699645996094 289.100433349609 289.040496826172 288.651641845703 288.101409912109 288.212463378906 287.906982421875 287.198181152344 287.251129150391 286.649383544922 285.87158203125 286.182434082031 285.808441162109 285.677307128906 285.432098388672 285.493957519531 287.688293457031 288.428741455078 288.561584472656 288.571228027344 -3.4e+38 -3.4e+38 288.137634277344 287.140411376953 286.778350830078 286.519989013672 286.769561767578 288.226531982422 289.431579589844 289.8544921875 289.490356445312 288.632385253906
282.126525878906 281.534576416016 277.289733886719 275.133728027344 282.504150390625 285.689697265625 286.025299072266 286.763916015625 287.342864990234 287.622955322266 288.030120849609 288.909423828125 289.172119140625 -3.4e+38 289.053009033203 288.659301757812 288.956665039062 288.79150390625 288.944427490234 288.992370605469 288.792907714844 288.322143554688 287.710266113281 287.367034912109 286.622497558594 286.045471191406 283.511016845703 281.361114501953 285.212036132812 285.33935546875 285.451599121094 285.993988037109 286.646820068359 287.813781738281 287.904174804688 288.194091796875 288.512725830078 288.437591552734 288.556610107422 -3.4e+38 287.821624755859 287.194396972656 286.417663574219 286.395843505859 287.501403808594 288.579650878906 289.567932128906 290.014801025391 289.099273681641
281.167572021484 281.004577636719 276.285980224609 272.810699462891 280.275817871094 284.486724853516 285.057403564453 287.074493408203 287.561187744141 287.087615966797 287.316070556641 288.858734130859 289.106323242188 -3.4e+38 289.090423583984 288.887023925781 288.689910888672 288.497314453125 288.538726806641 288.819305419922 288.671844482422 288.35302734375 287.572662353516 287.210021972656 286.192535400391 285.112243652344 281.724700927734 279.030029296875 284.975341796875 284.872772216797 284.908843994141 285.9501953125 286.502777099609 287.500671386719 287.173095703125 287.696594238281 288.173370361328 288.464477539062 288.470458984375 -3.4e+38 288.192077636719 287.431182861328 286.074462890625 285.699432373047 287.233154296875 288.102905273438 289.104553222656 290.227996826172 289.753936767578
281.091003417969 281.872467041016 278.729339599609 275.659423828125 281.982666015625 285.225738525391 285.806091308594 287.152191162109 287.617736816406 287.27587890625 287.318389892578 288.541687011719 288.923400878906 -3.4e+38 288.587127685547 288.240203857422 287.934417724609 288.247894287109 288.349945068359 288.728240966797 288.466003417969 287.974853515625 287.302368164062 286.872894287109 285.902038574219 284.899475097656 283.535552978516 282.53076171875 285.028533935547 284.244598388672 283.789916992188 284.795959472656 286.251373291016 286.958618164062 286.726104736328 287.735900878906 288.121063232422 288.092712402344 288.285522460938 -3.4e+38 287.873443603516 287.291473388672 286.897186279297 286.638061523438 287.358856201172 288.393890380859 289.300750732422 289.712097167969 290.094207763672
276.530364990234 277.711303710938 275.769287109375 274.73974609375 282.954223632812 286.421234130859 286.825500488281 287.0927734375 287.682342529297 287.673156738281 288.014312744141 288.639404296875 288.712768554688 288.652435302734 288.672607421875 288.527954101562 288.403442382812 288.058258056641 287.694427490234 288.204528808594 288.169219970703 287.992034912109 286.744262695312 286.831420898438 286.311737060547 285.559692382812 286.299713134766 285.851837158203 285.002166748047 284.517364501953 283.855285644531 284.656097412109 286.180908203125 286.691986083984 286.410736083984 286.860748291016 287.093444824219 287.275512695312 287.80517578125 287.991333007812 287.528472900391 287.461578369141 288.120971679688 288.207611083984 287.66796875 288.945983886719 289.043487548828 289.497467041016 290.08740234375
274.117218017578 276.916381835938 274.421905517578 271.921234130859 280.661163330078 286.214782714844 286.400360107422 286.444732666016 286.77880859375 287.264495849609 287.634948730469 288.577362060547 288.597198486328 -3.4e+38 288.549743652344 288.398529052734 288.371002197266 287.837097167969 287.262451171875 287.974273681641 288.168701171875 287.999847412109 287.076110839844 -3.4e+38 -3.4e+38 286.514739990234 -3.4e+38 286.272857666016 285.208831787109 284.056365966797 282.424621582031 284.01611328125 286.124816894531 286.366760253906 286.076141357422 286.147796630859 286.834716796875 287.326446533203 287.910247802734 288.058380126953 287.357879638672 287.304443359375 288.201416015625 288.707458496094 287.974578857422 288.744995117188 289.530151367188 290.250579833984 290.233276367188
271.823455810547 273.828308105469 274.261810302734 273.4365234375 280.589630126953 285.614562988281 285.024841308594 285.492431640625 286.646545410156 287.462158203125 287.536346435547 288.392272949219 288.587707519531 -3.4e+38 288.404418945312 288.081207275391 288.271697998047 287.915740966797 287.375 287.563812255859 287.976806640625 287.971405029297 287.520202636719 -3.4e+38 -3.4e+38 -3.4e+38 286.120758056641 -3.4e+38 284.648132324219 282.397583007812 280.344268798828 284.188537597656 286.088684082031 286.1171875 285.973449707031 286.065521240234 286.867797851562 287.405334472656 287.864807128906 287.889221191406 287.092315673828 287.080657958984 287.971160888672 288.671142578125 288.779632568359 289.296569824219 289.950012207031 290.037872314453 290.042419433594
269.296447753906 272.125610351562 274.153594970703 273.863372802734 278.950378417969 281.954895019531 279.439056396484 282.042816162109 286.859436035156 287.401123046875 287.538818359375 288.165954589844 288.461303710938 288.511566162109 288.023162841797 287.563079833984 288.010284423828 287.952270507812 287.417846679688 287.146453857422 287.759002685547 287.861602783203 287.338958740234 -3.4e+38 286.194427490234 285.580871582031 284.835052490234 284.195861816406 283.929534912109 280.694793701172 277.480895996094 285.105529785156 285.610229492188 285.848754882812 285.946746826172 286.384887695312 286.700561523438 287.11328125 287.765533447266 287.293670654297 286.835083007812 286.996368408203 287.448913574219 288.413757324219 289.217712402344 289.582275390625 289.69287109375 289.386932373047 289.701110839844
265.703125 270.179565429688 271.975402832031 271.372589111328 275.206024169922 278.445190429688 277.520294189453 280.117279052734 287.067504882812 287.591003417969 287.717590332031 288.104064941406 288.288116455078 288.277923583984 287.838073730469 287.5009765625 287.664306640625 287.888885498047 287.560363769531 287.121459960938 287.571411132812 287.790557861328 286.995269775391 286.358581542969 285.928833007812 284.901947021484 282.366302490234 277.208312988281 273.306762695312 276.323669433594 280.118591308594 284.769683837891 285.121032714844 285.56689453125 286.004913330078 286.546905517578 286.850311279297 287.095031738281 287.408752441406 286.709686279297 286.376312255859 287.320007324219 287.966033935547 288.737518310547 289.264495849609 289.111022949219 288.988922119141 289.249206542969 289.369445800781
258.581359863281 265.01123046875 269.148773193359 271.601318359375 275.328399658203 278.605834960938 280.690063476562 281.099731445312 287.262878417969 287.744750976562 287.823852539062 288.153167724609 288.2841796875 288.253204345703 287.961669921875 287.647644042969 287.148010253906 287.705657958984 287.444519042969 286.991790771484 287.143402099609 287.530792236328 -3.4e+38 -3.4e+38 -3.4e+38 283.34375 276.968170166016 269.657836914062 269.209106445312 278.599365234375 283.688323974609 284.069091796875 284.770599365234 285.362060546875 285.830413818359 286.671112060547 286.998199462891 287.020568847656 287.404663085938 286.776397705078 285.803771972656 286.820678710938 288.302581787109 288.690795898438 289.201141357422 288.489990234375 288.44384765625 288.746917724609 288.367279052734
252.803268432617 261.168853759766 271.4072265625 277.832275390625 280.319000244141 281.594909667969 282.213714599609 282.110717773438 287.130004882812 287.191009521484 287.103332519531 288.021942138672 288.183227539062 -3.4e+38 287.835021972656 287.182525634766 286.527648925781 287.160491943359 287.0517578125 287.030120849609 287.186187744141 287.391418457031 -3.4e+38 -3.4e+38 -3.4e+38 283.339294433594 277.653472900391 276.236846923828 279.834136962891 284.263916015625 283.746337890625 283.615203857422 284.63916015625 285.277404785156 285.829467773438 286.340972900391 286.612609863281 286.849670410156 287.306823730469 286.836151123047 286.276458740234 286.604919433594 287.534729003906 287.943542480469 288.819274902344 287.918212890625 287.556060791016 288.064056396484 287.774993896484
258.036529541016 266.095031738281 276.398681640625 279.549957275391 279.443511962891 281.589874267578 283.836395263672 283.103668212891 284.169311523438 284.666198730469 286.620513916016 287.680114746094 287.692657470703 -3.4e+38 287.752624511719 287.031982421875 286.375244140625 286.719696044922 286.676422119141 286.650634765625 287.00830078125 287.295776367188 -3.4e+38 -3.4e+38 -3.4e+38 -3.4e+38 283.701690673828 284.704132080078 285.1953125 284.705780029297 284.035583496094 283.661376953125 284.507568359375 285.492706298828 286.041046142578 285.8505859375 285.928558349609 286.492736816406 286.876892089844 286.650390625 287.076843261719 286.576049804688 286.06591796875 287.303131103516 288.518920898438 287.021697998047 286.063537597656 287.264282226562 287.665588378906
263.923919677734 273.166778564453 277.110229492188 273.500732421875 271.697814941406 277.140716552734 284.731414794922 283.495147705078 282.503479003906 284.549865722656 286.724243164062 287.744750976562 287.772399902344 287.920135498047 287.854644775391 287.323211669922 286.791748046875 286.691497802734 286.429321289062 286.232421875 286.392364501953 287.149566650391 -3.4e+38 -3.4e+38 -3.4e+38 286.188934326172 285.751434326172 285.285339355469 285.089324951172 284.639007568359 284.025756835938 283.541168212891 284.200317382812 285.510650634766 285.450408935547 285.4736328125 285.817291259766 286.339752197266 286.68505859375 285.968353271484 286.419830322266 286.234130859375 285.636749267578 286.997161865234 288.358520507812 286.809661865234 286.185668945312 286.524169921875 286.951843261719
