rcp8.5models/CNRM-CM5/sc1gr4.24
NCOLS 261 
NROWS 433 
XLLCORNER 336357.134 
YLLCORNER 654653.479 
CELLSIZE 1000 
NODATA_value -3.4e+38 
[rows 352 to 373 of 433, columns 98 to 146 of 261]
279.771484375 280.085754394531 281.9921875 281.955200195312 274.669952392578 263.980285644531 259.374969482422 264.611114501953 272.185943603516 277.198059082031 277.227783203125 275.257568359375 274.579223632812 274.763549804688 265.880218505859 256.439636230469 250.845336914062 248.852478027344 245.657699584961 243.184768676758 236.992156982422 -3.4e+38 224.798904418945 212.031875610352 208.310699462891 203.108016967773 209.442581176758 219.591049194336 228.512359619141 237.3525390625 245.498138427734 248.287384033203 248.145263671875 248.348602294922 249.415924072266 249.653671264648 249.084243774414 248.428039550781 246.3740234375 246.473403930664 247.313201904297 248.040771484375 250.197387695312 -3.4e+38 -3.4e+38 248.172058105469 251.019180297852 251.133209228516 256.322326660156
278.508483886719 278.134216308594 278.637786865234 283.070678710938 277.870788574219 265.585815429688 252.318618774414 249.643081665039 258.329071044922 269.562530517578 276.57275390625 277.837036132812 277.082885742188 275.745452880859 273.524078369141 267.267120361328 260.350799560547 255.28059387207 248.547134399414 244.579696655273 247.637603759766 255.4287109375 250.607818603516 235.787933349609 228.027755737305 218.344360351562 223.837478637695 226.717620849609 233.271820068359 241.784561157227 248.571685791016 250.076599121094 248.743881225586 249.181762695312 248.471618652344 248.813110351562 247.795364379883 249.609405517578 250.100372314453 249.772644042969 249.447402954102 249.985107421875 -3.4e+38 -3.4e+38 -3.4e+38 249.891708374023 249.938125610352 249.796051025391 255.507598876953
278.916961669922 277.168640136719 274.781585693359 279.715942382812 280.071807861328 276.696136474609 263.197082519531 250.681747436523 248.76188659668 256.498352050781 268.577758789062 274.2392578125 276.4716796875 277.149688720703 276.193634033203 273.771301269531 269.676635742188 261.930114746094 250.310317993164 247.635528564453 258.474761962891 267.534851074219 263.892913818359 256.875091552734 248.973846435547 241.431228637695 248.241287231445 248.884994506836 251.285827636719 255.221038818359 256.203552246094 253.854385375977 252.375183105469 251.557479858398 248.444183349609 247.842758178711 247.408111572266 246.324859619141 248.902954101562 248.01904296875 248.191055297852 250.237411499023 -3.4e+38 251.294235229492 250.601837158203 248.132415771484 246.497177124023 248.727874755859 257.038757324219
280.715881347656 278.645111083984 274.606750488281 276.997161865234 279.750457763672 281.960571289062 276.235626220703 266.827423095703 259.712341308594 253.296936035156 252.422149658203 259.32373046875 266.359619140625 272.032287597656 276.473999023438 276.264923095703 275.303588867188 270.637145996094 261.773895263672 260.900909423828 269.096496582031 272.855651855469 270.897644042969 268.027862548828 264.892303466797 260.867431640625 260.3779296875 261.872619628906 257.426361083984 251.00959777832 249.61750793457 247.874877929688 248.550643920898 249.061981201172 248.453079223633 248.335327148438 247.3037109375 246.100341796875 246.189819335938 244.677352905273 245.714126586914 248.077697753906 249.20182800293 249.659774780273 247.307876586914 245.432769775391 245.115371704102 247.830673217773 257.160522460938
280.963043212891 281.404418945312 279.352691650391 275.630737304688 277.617095947266 281.723693847656 281.465972900391 278.128631591797 272.958465576172 263.646301269531 249.17121887207 242.357482910156 248.224945068359 260.575164794922 274.715057373047 275.969116210938 276.644714355469 274.796173095703 271.36279296875 270.975341796875 273.28564453125 273.506866455078 272.581481933594 271.758575439453 272.118560791016 270.518432617188 263.794921875 256.876220703125 249.415634155273 241.848342895508 237.043258666992 232.979461669922 236.807678222656 242.228698730469 246.135635375977 247.041320800781 246.044372558594 247.460159301758 248.059844970703 247.675216674805 247.95442199707 248.997589111328 248.512985229492 247.301513671875 246.368881225586 247.933120727539 249.364364624023 251.109268188477 256.162994384766
279.193786621094 280.903625488281 281.339538574219 275.978851318359 277.314086914062 279.306549072266 277.104400634766 277.984497070312 278.620666503906 274.055419921875 264.159851074219 251.89225769043 248.761947631836 254.645950317383 270.8203125 274.388702392578 274.508117675781 273.639465332031 273.136840820312 273.119232177734 273.637969970703 273.649078369141 273.768157958984 273.813720703125 273.922882080078 273.380432128906 264.909942626953 256.872222900391 251.067810058594 247.024658203125 238.151153564453 228.83674621582 229.616104125977 236.312149047852 243.111251831055 244.457870483398 245.533737182617 244.385208129883 247.991760253906 250.521408081055 250.964447021484 251.451797485352 251.115951538086 249.911697387695 249.751159667969 251.753768920898 253.711242675781 254.583053588867 254.873458862305
277.09765625 279.714721679688 281.285400390625 280.109527587891 280.251495361328 279.457214355469 276.562377929688 277.942169189453 281.015502929688 278.465026855469 275.827209472656 270.385101318359 263.661834716797 262.729705810547 270.281890869141 273.243927001953 273.565643310547 273.050231933594 272.372161865234 271.516998291016 271.131469726562 272.542022705078 274.696319580078 273.949066162109 272.57080078125 271.258178710938 263.769958496094 261.365295410156 258.968780517578 254.945434570312 246.857192993164 242.176422119141 242.492721557617 243.787017822266 246.878982543945 246.471405029297 244.962280273438 244.405578613281 249.272567749023 251.628036499023 252.712799072266 253.18896484375 253.856628417969 253.497543334961 253.36067199707 253.98518371582 254.923934936523 255.833648681641 254.9794921875
276.787750244141 278.089447021484 279.791778564453 281.729248046875 281.490661621094 281.678344726562 279.847991943359 278.208099365234 279.383880615234 279.632293701172 279.645538330078 276.432952880859 271.138916015625 270.061248779297 271.315460205078 272.904052734375 273.027313232422 273.234283447266 272.127624511719 269.384613037109 269.12548828125 272.161773681641 274.4853515625 273.293029785156 271.398986816406 268.41748046875 262.129241943359 259.912292480469 257.915130615234 254.162582397461 250.177719116211 253.338638305664 256.651580810547 253.887878417969 253.490585327148 253.0634765625 249.279144287109 247.931167602539 252.040405273438 253.059539794922 256.879211425781 261.541656494141 258.968536376953 260.817657470703 260.933044433594 259.746429443359 263.422485351562 263.964508056641 263.551635742188
266.851684570312 273.646789550781 274.462738037109 274.725860595703 277.184539794922 279.369903564453 280.815948486328 277.93408203125 275.565826416016 276.288055419922 276.252349853516 275.601928710938 275.227416992188 276.537078857422 273.950134277344 273.719909667969 273.322784423828 274.450714111328 275.211669921875 275.324890136719 274.854431152344 274.302978515625 271.254089355469 268.042846679688 268.453308105469 269.9091796875 268.000122070312 265.885681152344 263.493896484375 261.580444335938 264.570953369141 263.143341064453 257.060699462891 258.070587158203 259.450805664062 259.173278808594 257.527618408203 262.796661376953 266.788848876953 270.014129638672 270.857788085938 271.882629394531 271.652160644531 272.301727294922 272.469024658203 272.968078613281 273.450744628906 273.603668212891 273.645263671875
257.291015625 264.721771240234 273.013946533203 272.297302246094 269.963623046875 271.027740478516 275.187316894531 276.964721679688 277.792633056641 275.811004638672 272.858734130859 271.090545654297 269.420074462891 270.835998535156 267.441833496094 265.517974853516 264.42041015625 267.769470214844 272.412780761719 273.420135498047 272.676330566406 272.331909179688 270.763305664062 268.382507324219 265.876647949219 265.753784179688 266.001068115234 265.499786376953 263.961730957031 258.983703613281 258.657348632812 264.547515869141 262.624877929688 261.127471923828 261.227508544922 257.823913574219 254.778442382812 258.927032470703 261.801727294922 265.684661865234 267.768981933594 270.239929199219 270.984100341797 271.304595947266 271.340545654297 272.327667236328 273.205749511719 273.700469970703 274.389617919922
259.741760253906 257.589080810547 262.565582275391 272.399353027344 267.903961181641 261.979675292969 265.285522460938 270.559997558594 272.674468994141 271.767761230469 268.026611328125 263.884338378906 261.675720214844 262.405731201172 260.529113769531 254.126403808594 253.626983642578 260.998413085938 268.973907470703 271.351013183594 270.594116210938 270.289001464844 269.202545166016 267.530578613281 265.940246582031 265.462249755859 261.072174072266 260.995086669922 264.646392822266 264.674682617188 262.786499023438 266.565856933594 268.654083251953 265.608001708984 263.866821289062 260.791931152344 259.049957275391 257.037109375 258.145812988281 261.529815673828 266.439666748047 268.837799072266 270.273345947266 269.672912597656 269.641296386719 271.998229980469 272.677490234375 273.174591064453 274.361877441406
265.664123535156 260.4111328125 256.059997558594 268.214599609375 269.329193115234 259.883605957031 255.612823486328 259.156219482422 263.137969970703 267.525421142578 268.407775878906 263.993255615234 260.745727539062 261.377227783203 262.104248046875 254.361297607422 252.072006225586 259.586120605469 266.501281738281 269.757202148438 270.379058837891 269.252166748047 268.171661376953 265.682189941406 264.760528564453 266.185974121094 260.701721191406 260.460906982422 265.987030029297 269.723907470703 270.528259277344 270.082214355469 271.080902099609 269.387573242188 265.231414794922 261.687713623047 259.378295898438 257.787078857422 261.068786621094 264.327392578125 266.724487304688 268.877716064453 269.907684326172 269.384979248047 269.841064453125 272.397796630859 272.918426513672 273.157745361328 274.230590820312
267.736480712891 265.4365234375 261.644378662109 261.541259765625 268.962615966797 267.541046142578 258.738800048828 253.998626708984 255.391677856445 259.971099853516 265.950775146484 268.013946533203 267.370025634766 266.966186523438 262.760589599609 256.906158447266 256.725646972656 260.427703857422 264.471160888672 267.537963867188 269.926940917969 269.703796386719 268.545654296875 265.18115234375 262.041259765625 261.994293212891 261.232421875 260.290008544922 262.263671875 266.597625732422 270.992065429688 271.931182861328 272.932159423828 271.869201660156 269.029571533203 264.616271972656 259.835174560547 256.479797363281 262.458129882812 268.478942871094 267.818695068359 268.940734863281 269.942504882812 270.176910400391 271.1337890625 272.463653564453 273.175079345703 273.534576416016 274.370178222656
268.369049072266 266.377685546875 264.846343994141 261.945190429688 267.029632568359 271.505767822266 269.375885009766 261.681060791016 254.727966308594 251.500640869141 256.304656982422 263.203002929688 266.034851074219 267.883422851562 265.615814208984 262.379699707031 261.996551513672 261.643371582031 262.835418701172 265.2568359375 268.838043212891 269.576782226562 267.528381347656 265.807739257812 263.197601318359 261.236145019531 259.129516601562 258.168975830078 258.382751464844 263.642456054688 269.579406738281 270.455200195312 272.378570556641 272.918151855469 272.909484863281 270.770599365234 265.94775390625 260.614990234375 265.451171875 270.589447021484 269.587585449219 269.053680419922 270.627960205078 270.919219970703 271.864318847656 272.626434326172 273.618621826172 274.025939941406 274.863525390625
267.642181396484 265.816986083984 260.781951904297 261.497619628906 264.317504882812 268.062438964844 272.252990722656 270.024291992188 263.227813720703 256.170471191406 254.821105957031 257.342163085938 257.976928710938 260.351165771484 268.102416992188 267.260498046875 264.620086669922 262.851531982422 261.628997802734 263.331329345703 267.880554199219 268.611785888672 266.806610107422 266.553070068359 265.764801025391 264.664916992188 261.602722167969 261.172271728516 261.871368408203 265.09423828125 267.548675537109 268.07861328125 270.699371337891 272.269866943359 273.344146728516 273.808532714844 272.190338134766 267.019500732422 269.313446044922 271.252044677734 271.117218017578 270.796295166016 271.676055908203 271.841583251953 272.268737792969 272.968536376953 274.172882080078 274.425598144531 275.274536132812
267.305084228516 266.049682617188 260.689514160156 249.267364501953 254.455932617188 259.488433837891 262.801635742188 264.801025390625 264.157562255859 263.010192871094 261.690704345703 260.643493652344 257.177612304688 255.007171630859 266.430328369141 267.537414550781 266.635681152344 264.262420654297 261.157196044922 261.764831542969 265.4931640625 266.317962646484 266.233459472656 267.386627197266 267.663391113281 267.213653564453 265.038482666016 264.862854003906 265.854583740234 266.283142089844 266.996063232422 267.706268310547 269.718292236328 270.825408935547 272.062042236328 273.734252929688 273.563903808594 270.030120849609 270.537170410156 271.535522460938 272.007873535156 272.297149658203 272.508728027344 272.476226806641 272.913299560547 273.579559326172 274.3544921875 274.784912109375 275.143646240234
264.134765625 259.950439453125 259.946166992188 248.547943115234 247.052764892578 246.945236206055 245.804046630859 246.926559448242 249.300415039062 252.445190429688 255.441299438477 258.874450683594 258.459899902344 255.552871704102 262.927490234375 265.329803466797 266.050506591797 264.913024902344 263.406219482422 262.212951660156 262.139526367188 261.497161865234 261.888488769531 264.241485595703 266.441589355469 267.805023193359 267.557067871094 267.562438964844 267.220550537109 266.829254150391 267.278472900391 267.689788818359 269.427795410156 269.400695800781 270.481323242188 272.896453857422 273.343048095703 271.521148681641 271.858428955078 271.783630371094 271.940704345703 272.411224365234 272.824432373047 272.825164794922 273.442199707031 274.088195800781 274.536285400391 275.018524169922 274.741577148438
263.381500244141 253.21696472168 250.701202392578 254.796524047852 252.567321777344 246.139434814453 237.852813720703 233.668960571289 233.587112426758 236.105270385742 238.364700317383 241.373443603516 247.014923095703 249.591445922852 254.667694091797 258.142791748047 259.665435791016 261.949737548828 263.725067138672 262.689758300781 261.508178710938 260.155090332031 259.480743408203 260.788177490234 263.298034667969 265.327484130859 268.931243896484 269.316925048828 268.612182617188 267.854553222656 267.801452636719 267.942474365234 269.071533203125 268.526275634766 269.660095214844 271.98046875 271.597381591797 270.803741455078 271.608764648438 271.933441162109 272.090637207031 272.462524414062 272.920501708984 273.159576416016 273.448852539062 273.866760253906 -3.4e+38 274.977996826172 274.443298339844
265.39892578125 253.807876586914 244.729522705078 251.240737915039 256.528686523438 255.050155639648 247.775054931641 239.677398681641 231.178512573242 229.282119750977 229.507110595703 228.702758789062 231.460388183594 233.551406860352 243.302810668945 247.613800048828 249.784164428711 253.308959960938 256.868225097656 258.177032470703 259.263122558594 260.750152587891 260.5732421875 259.013214111328 260.486083984375 263.5322265625 268.060455322266 268.138946533203 268.009246826172 268.462310791016 269.224365234375 269.330108642578 269.672637939453 268.982086181641 269.032958984375 270.462951660156 269.179931640625 269.943084716797 271.159881591797 271.715423583984 272.206268310547 272.646667480469 273.06787109375 273.591918945312 273.802185058594 273.919677734375 -3.4e+38 275.063842773438 274.447326660156
261.424499511719 262.200317382812 258.506622314453 242.771881103516 240.479644775391 249.363525390625 253.728591918945 254.292083740234 253.977661132812 252.133895874023 250.874221801758 251.030014038086 248.131072998047 239.75700378418 227.863632202148 222.503463745117 223.955001831055 230.220611572266 235.322402954102 237.856246948242 243.354400634766 251.795059204102 255.170883178711 255.67610168457 253.710266113281 251.805892944336 256.314514160156 259.67822265625 259.882965087891 258.358459472656 260.728759765625 264.798095703125 268.319915771484 270.949554443359 270.944183349609 270.556915283203 269.575378417969 267.496673583984 267.168640136719 270.020935058594 271.940032958984 272.544860839844 273.203552246094 273.410308837891 273.811767578125 274.387725830078 274.727325439453 -3.4e+38 274.945434570312
260.145751953125 262.3623046875 263.881530761719 250.97346496582 246.16291809082 247.678146362305 247.756271362305 248.642593383789 253.229400634766 255.763137817383 255.78498840332 256.558776855469 255.427490234375 251.557189941406 241.371307373047 231.063385009766 225.724639892578 225.398086547852 226.195251464844 227.369476318359 234.153549194336 244.810592651367 248.097030639648 247.067260742188 245.435440063477 244.375930786133 243.413848876953 248.810089111328 250.618606567383 249.73747253418 252.118499755859 257.361114501953 261.7021484375 265.356842041016 267.680023193359 269.893920898438 269.606109619141 264.981414794922 262.757934570312 266.634338378906 271.423156738281 272.42919921875 272.970001220703 273.292114257812 273.729217529297 274.138885498047 -3.4e+38 -3.4e+38 -3.4e+38
260.784362792969 259.084014892578 262.276947021484 259.3349609375 253.635986328125 248.96728515625 245.192367553711 243.688827514648 246.606369018555 252.991333007812 256.748474121094 257.053161621094 255.890930175781 253.511383056641 245.372451782227 240.428070068359 235.539169311523 231.240783691406 226.780990600586 225.889572143555 228.078277587891 229.744171142578 230.006210327148 228.814559936523 231.808288574219 234.236328125 229.372802734375 233.518280029297 235.3720703125 238.723358154297 245.405090332031 250.739440917969 253.010879516602 254.418167114258 258.080444335938 265.535888671875 270.933715820312 261.826934814453 257.559234619141 262.216552734375 269.743316650391 272.246429443359 272.852966308594 273.341644287109 273.880523681641 274.224822998047 274.489074707031 -3.4e+38 -3.4e+38
