rcp8.5models/CNRM-CM5/sc1gr10.30
NCOLS 261 
NROWS 433 
XLLCORNER 336357.134 
YLLCORNER 654653.479 
CELLSIZE 1000 
NODATA_value -3.4e+38 
[rows 242 to 263 of 433, columns 98 to 146 of 261]
92.0440063476562 91.1458358764648 92.1342010498047 94.7480697631836 95.9863967895508 97.003044128418 98.4332809448242 -3.4e+38 101.842552185059 102.773544311523 104.282829284668 106.051132202148 108.200561523438 109.973411560059 114.023994445801 117.121147155762 125.800666809082 137.628479003906 141.571151733398 144.670806884766 147.401321411133 148.048416137695 146.559661865234 148.215530395508 151.97819519043 155.374114990234 148.456176757812 -3.4e+38 153.30143737793 155.137145996094 151.570251464844 154.582153320312 158.825225830078 159.912307739258 162.824783325195 166.905471801758 166.355285644531 176.867141723633 172.644302368164 173.768859863281 178.868041992188 189.620300292969 195.793090820312 187.18928527832 188.990356445312 190.953506469727 193.376327514648 196.234268188477 202.677978515625
93.5369110107422 96.5526275634766 92.4818725585938 93.4116668701172 94.5803451538086 96.0888900756836 97.6307830810547 98.9157867431641 99.8996963500977 101.201194763184 103.077621459961 104.801094055176 106.441635131836 108.826034545898 115.833038330078 119.430526733398 122.961296081543 136.033874511719 140.531036376953 144.397094726562 144.232299804688 144.124572753906 143.092102050781 145.705352783203 148.918975830078 147.361785888672 148.34130859375 147.775329589844 150.339630126953 154.850448608398 157.27001953125 170.40495300293 190.604827880859 197.078872680664 178.249801635742 164.460098266602 165.824722290039 182.916931152344 188.076568603516 173.591537475586 176.921890258789 191.577178955078 205.709930419922 192.513793945312 190.464065551758 189.513870239258 191.791732788086 194.820770263672 201.540466308594
95.08349609375 98.7520523071289 92.0437316894531 93.2471237182617 94.9492797851562 95.447998046875 97.034538269043 98.375617980957 99.3064193725586 100.560485839844 102.479110717773 104.377182006836 106.199996948242 108.629486083984 117.500175476074 121.629547119141 125.974555969238 148.909896850586 163.560516357422 165.254425048828 143.379547119141 141.30696105957 141.653350830078 145.115768432617 146.642944335938 143.639495849609 144.434524536133 145.068740844727 148.801803588867 155.277084350586 160.431121826172 168.858779907227 192.260604858398 218.938018798828 201.168884277344 166.052139282227 168.62629699707 186.789962768555 195.069427490234 172.873062133789 177.079727172852 191.762191772461 208.056625366211 197.581588745117 192.453140258789 189.625381469727 190.88005065918 193.801467895508 201.270446777344
101.82836151123 113.156394958496 90.4230346679688 93.6037979125977 95.3515548706055 94.9521331787109 96.7767181396484 97.935676574707 98.9099884033203 100.246788024902 101.90454864502 103.479751586914 105.706428527832 108.053405761719 120.887802124023 122.005058288574 130.37451171875 170.45751953125 197.084518432617 185.964935302734 145.49430847168 139.289627075195 140.822708129883 146.080917358398 147.96337890625 141.797866821289 142.050201416016 144.014617919922 146.810928344727 152.797058105469 163.755310058594 183.50830078125 208.550155639648 232.514236450195 225.11930847168 185.637512207031 184.093124389648 188.749923706055 191.825149536133 176.12678527832 178.756805419922 190.403793334961 207.060424804688 203.368103027344 192.79133605957 190.381042480469 190.260284423828 192.879699707031 201.063232421875
98.2874526977539 108.66658782959 89.7892608642578 92.764518737793 94.0907287597656 94.4555816650391 96.1795120239258 97.447868347168 98.4342651367188 99.4053039550781 100.833892822266 102.356315612793 104.493011474609 106.76456451416 126.007164001465 124.535034179688 124.161972045898 164.085021972656 208.585388183594 193.58024597168 156.164398193359 141.341537475586 141.022201538086 148.761657714844 150.891235351562 141.058898925781 142.722610473633 144.361221313477 147.785064697266 157.276138305664 174.354904174805 210.241775512695 240.604370117188 248.78515625 242.845016479492 227.675201416016 223.413696289062 199.173294067383 198.451675415039 184.384735107422 179.569793701172 187.731338500977 205.425216674805 206.12336730957 190.877517700195 188.342529296875 189.641845703125 192.405075073242 200.716979980469
89.7886276245117 93.1251678466797 89.2443466186523 91.4714813232422 92.8333969116211 93.855110168457 95.1867218017578 96.6442413330078 97.5520629882812 98.3919906616211 99.5881500244141 101.234931945801 103.480628967285 105.980079650879 122.277687072754 121.551849365234 118.928405761719 154.476928710938 204.946395874023 185.368194580078 148.300872802734 140.746963500977 141.283615112305 146.593856811523 146.216812133789 140.99885559082 144.074325561523 144.105361938477 146.547882080078 157.270309448242 181.693557739258 224.795989990234 247.679763793945 248.814208984375 248.825805664062 250.16455078125 247.327362060547 203.707504272461 196.990142822266 182.276092529297 178.613510131836 183.141952514648 201.70654296875 212.59326171875 193.38313293457 186.142791748047 188.710922241211 191.520980834961 199.495254516602
86.783935546875 87.8846893310547 88.6600189208984 90.4332427978516 91.7860946655273 93.0391159057617 94.1873397827148 95.3310699462891 96.5734329223633 97.6717224121094 98.707878112793 100.226577758789 102.289184570312 104.55623626709 111.69255065918 112.659339904785 115.0625 149.369873046875 200.143173217773 175.78662109375 137.871520996094 135.549392700195 138.056777954102 140.937896728516 139.463424682617 140.408447265625 141.225387573242 141.12809753418 142.704147338867 150.535675048828 184.375885009766 236.355606079102 243.390991210938 245.342849731445 248.564041137695 250.357147216797 244.479675292969 188.316421508789 181.030548095703 177.647842407227 180.452239990234 183.373291015625 198.787216186523 215.306411743164 195.526168823242 186.345336914062 188.374694824219 190.665863037109 198.342056274414
86.6952590942383 87.4152526855469 87.9145431518555 91.5956420898438 90.8525772094727 91.8693542480469 93.1017837524414 94.4236907958984 95.8827667236328 96.6428527832031 97.821174621582 99.1876220703125 100.667259216309 102.54029083252 106.679092407227 107.848487854004 110.176124572754 134.148727416992 183.26481628418 178.579132080078 140.118194580078 133.451049804688 135.420715332031 138.841278076172 138.179611206055 138.739151000977 137.616943359375 138.303482055664 140.748565673828 151.84162902832 193.742385864258 243.310638427734 241.170516967773 242.040405273438 246.014419555664 238.69970703125 207.832809448242 178.64111328125 183.025619506836 183.345886230469 190.375823974609 194.74006652832 201.151641845703 213.877334594727 195.270431518555 186.387832641602 187.392013549805 190.115447998047 197.703308105469
86.0981140136719 87.4607620239258 87.6105499267578 93.8964691162109 90.1235122680664 91.01611328125 92.4556121826172 93.8878936767578 95.1515197753906 95.6326370239258 96.7624816894531 98.1734085083008 99.7253875732422 101.346824645996 105.583122253418 107.495361328125 109.958724975586 123.801055908203 151.1533203125 152.260726928711 133.536239624023 132.68391418457 136.495819091797 136.493515014648 134.020629882812 134.225433349609 134.748580932617 138.314895629883 144.487426757812 154.741302490234 189.120819091797 231.54313659668 242.570159912109 243.0107421875 240.447662353516 230.397552490234 196.303909301758 184.718811035156 195.64045715332 190.582901000977 197.787292480469 205.485717773438 207.285186767578 220.794479370117 196.432388305664 185.561065673828 187.360122680664 189.782592773438 197.463729858398
103.630386352539 120.94953918457 86.8041610717773 91.7348709106445 89.5447998046875 90.2646255493164 111.299545288086 129.573806762695 93.8958892822266 94.7909927368164 95.9014205932617 97.3133010864258 99.3074798583984 101.278221130371 103.641792297363 106.007453918457 109.086715698242 119.115966796875 130.436676025391 127.358177185059 126.984909057617 132.075241088867 139.529403686523 135.733901977539 132.211349487305 132.149185180664 133.734298706055 139.999130249023 154.70751953125 162.499588012695 182.164886474609 218.278671264648 238.84440612793 238.606491088867 237.647186279297 238.994567871094 224.28547668457 208.505126953125 218.151184082031 193.512084960938 199.203582763672 208.412689208984 209.721862792969 225.005523681641 197.638824462891 185.869689941406 188.842300415039 190.038055419922 197.152053833008
151.723495483398 145.474792480469 85.6288757324219 88.4876403808594 88.8718795776367 89.4843139648438 106.038726806641 120.341102600098 92.8054885864258 93.8610153198242 95.1214141845703 96.347282409668 98.2497253417969 100.833129882812 102.299423217773 104.320198059082 108.070297241211 119.080131530762 132.05207824707 127.250221252441 126.104042053223 131.895446777344 140.876647949219 137.664993286133 131.630966186523 132.04817199707 132.147064208984 138.737365722656 158.957885742188 174.546432495117 184.989852905273 213.53173828125 234.657928466797 232.567474365234 236.271591186523 241.651519775391 239.862594604492 237.362091064453 239.547515869141 209.755355834961 204.325561523438 204.474853515625 208.772338867188 219.235137939453 198.999252319336 186.730926513672 190.391952514648 190.531723022461 196.942199707031
176.984527587891 164.031478881836 119.898666381836 87.005126953125 87.8916320800781 88.6332015991211 90.0013198852539 91.1195220947266 91.919807434082 93.0190124511719 94.2494506835938 95.5175323486328 97.0227355957031 99.4740600585938 101.823860168457 104.260360717773 110.106605529785 121.570663452148 132.207702636719 126.156875610352 124.162178039551 134.436401367188 148.644668579102 137.675979614258 129.182403564453 129.397827148438 131.645217895508 134.234039306641 149.165893554688 167.746887207031 183.527206420898 226.301620483398 234.998123168945 230.371704101562 234.119766235352 237.941024780273 241.592407226562 246.610748291016 247.345352172852 229.129180908203 205.190628051758 203.574615478516 208.907012939453 205.706039428711 197.00032043457 184.234603881836 187.082061767578 188.728485107422 195.892913818359
176.663818359375 177.98503112793 164.999572753906 86.091926574707 86.9835968017578 -3.4e+38 88.9851531982422 90.0812377929688 91.1136016845703 92.4218902587891 93.6679458618164 94.6195068359375 96.0662689208984 97.8474426269531 101.149940490723 103.541290283203 113.32982635498 127.566146850586 127.366386413574 124.082473754883 121.165458679199 143.472198486328 172.00260925293 141.322204589844 126.070159912109 125.998977661133 129.910873413086 131.321685791016 139.992874145508 155.380142211914 172.431060791016 214.809478759766 220.06999206543 227.263610839844 232.888412475586 235.526397705078 238.741790771484 246.02555847168 239.356628417969 214.278259277344 202.615509033203 211.836990356445 209.274658203125 187.718063354492 186.081588745117 181.213851928711 184.144393920898 187.114395141602 194.220474243164
176.311172485352 177.54345703125 179.035568237305 181.796234130859 168.398941040039 -3.4e+38 151.326293945312 88.2198028564453 89.4308242797852 90.8605270385742 91.9909591674805 93.0560531616211 94.1784133911133 95.3090286254883 99.0768661499023 101.22306060791 103.530136108398 122.98934173584 149.315231323242 135.070297241211 121.312103271484 132.109848022461 150.068374633789 131.448318481445 120.92781829834 122.301597595215 126.533546447754 131.070526123047 130.903732299805 134.291519165039 145.911437988281 164.841598510742 185.340835571289 217.869598388672 225.15217590332 230.901290893555 237.285888671875 234.31999206543 226.406814575195 221.664611816406 244.41064453125 226.036270141602 181.540725708008 174.601257324219 180.828964233398 198.800811767578 206.08479309082 192.62809753418 194.99543762207
175.961883544922 177.240112304688 178.724395751953 181.563690185547 183.281021118164 184.798416137695 150.749206542969 87.9065551757812 89.2969360351562 89.9722671508789 91.2090682983398 92.1009750366211 93.2438430786133 94.3353958129883 97.7518081665039 99.9968872070312 101.300193786621 117.853393554688 143.138595581055 130.444900512695 117.923034667969 129.89714050293 148.779235839844 132.598251342773 119.000640869141 119.986511230469 126.606239318848 134.304397583008 131.967849731445 138.147994995117 149.373580932617 149.436004638672 177.735900878906 212.636459350586 227.575332641602 227.929809570312 232.366897583008 231.801361083984 231.313461303711 232.799453735352 228.551803588867 196.814208984375 172.762741088867 173.286529541016 184.867034912109 204.328674316406 209.71174621582 196.466690063477 194.786361694336
176.198974609375 177.097503662109 178.399932861328 181.377914428711 182.938812255859 184.531753540039 150.17497253418 87.6560592651367 89.4442367553711 89.720458984375 91.5813064575195 91.4591598510742 92.1505661010742 93.4377899169922 96.2030181884766 98.1335296630859 100.110549926758 117.10466003418 143.474349975586 131.634902954102 118.325653076172 130.374069213867 149.720291137695 131.422058105469 116.331268310547 116.894577026367 124.434547424316 132.185134887695 130.597503662109 135.115737915039 149.050109863281 155.861129760742 172.877685546875 202.320205688477 226.205657958984 224.593048095703 227.204055786133 230.458450317383 235.638778686523 238.15251159668 215.594528198242 170.217132568359 172.778579711914 191.474838256836 207.258407592773 221.946517944336 214.143646240234 195.053512573242 194.897277832031
176.035583496094 176.836380004883 178.130187988281 181.112091064453 182.63720703125 184.220779418945 149.581497192383 87.3295211791992 91.6946182250977 98.8384628295898 101.906005859375 92.4695281982422 91.1578063964844 92.473014831543 95.3560256958008 96.4071655273438 99.0765228271484 120.045509338379 157.67350769043 159.805358886719 144.138977050781 146.001770019531 167.645736694336 144.892684936523 113.348052978516 115.095291137695 123.469619750977 128.84001159668 127.475616455078 130.540191650391 152.536819458008 180.932098388672 189.183044433594 208.631195068359 220.697906494141 223.730926513672 227.286422729492 228.529357910156 233.872833251953 234.790115356445 215.302795410156 173.018783569336 186.515914916992 225.074142456055 236.166641235352 235.124771118164 212.57991027832 198.48486328125 200.229827880859
175.652755737305 176.750274658203 157.822418212891 180.870910644531 182.397171020508 183.994537353516 149.080642700195 86.0279769897461 93.9850769042969 114.237800598145 117.692008972168 93.1689834594727 90.1578063964844 91.4320373535156 94.7055053710938 96.8231201171875 100.452819824219 117.665512084961 159.81916809082 177.367431640625 171.793869018555 171.383270263672 184.672302246094 159.881576538086 111.727844238281 113.197860717773 121.914520263672 126.381004333496 125.861045837402 132.53059387207 163.219696044922 199.829071044922 201.847076416016 212.429260253906 216.286743164062 220.220108032227 219.541717529297 225.448822021484 231.241088867188 229.474914550781 208.852264404297 178.380142211914 197.394180297852 239.082717895508 244.476440429688 241.125534057617 230.300155639648 222.097045898438 213.039077758789
175.726928710938 176.944564819336 162.742233276367 180.592559814453 182.101470947266 183.666610717773 169.268005371094 121.45036315918 94.2315521240234 117.704551696777 116.916664123535 90.854248046875 89.3093338012695 90.4441680908203 93.1865997314453 99.8896408081055 113.794425964355 125.959564208984 152.523986816406 176.285400390625 177.421020507812 179.120315551758 177.498428344727 149.228042602539 110.623397827148 112.202293395996 118.897315979004 126.376045227051 132.080764770508 136.244735717773 163.210983276367 206.009231567383 205.521041870117 210.53645324707 213.769775390625 214.52490234375 211.849502563477 225.948226928711 228.916412353516 226.216461181641 207.453491210938 179.298828125 203.497543334961 237.929870605469 241.964385986328 245.640884399414 248.044128417969 242.014556884766 233.952682495117
120.324325561523 141.773345947266 178.265106201172 180.408142089844 181.877288818359 183.318450927734 184.912826538086 149.366806030273 92.9887084960938 108.87313079834 102.062629699707 87.8947296142578 88.3914413452148 89.4394760131836 92.1990203857422 98.3828735351562 116.830200195312 141.513656616211 158.800384521484 173.630859375 169.741958618164 164.911209106445 157.040420532227 121.392082214355 107.886497497559 110.138580322266 118.770149230957 131.639495849609 141.0791015625 143.816925048828 165.710311889648 204.350341796875 202.774368286133 206.167175292969 212.440521240234 211.091934204102 209.755096435547 222.893417358398 225.115783691406 224.261901855469 216.344284057617 195.618392944336 208.337905883789 238.607330322266 244.795745849609 248.515731811523 249.221435546875 245.084732055664 247.385864257812
113.341331481934 114.868392944336 178.15983581543 180.262084960938 181.856201171875 183.233779907227 184.707656860352 148.621765136719 87.4376983642578 96.3728179931641 94.7168350219727 86.378288269043 87.4202575683594 88.4280853271484 92.9277725219727 97.2394790649414 113.277565002441 139.483184814453 158.22314453125 158.393966674805 143.887756347656 132.756652832031 130.044372558594 104.056297302246 104.954513549805 107.542549133301 119.725067138672 138.0234375 145.35676574707 150.432571411133 175.372940063477 196.28759765625 199.945434570312 205.872344970703 210.737777709961 210.135879516602 205.314071655273 210.952163696289 223.324996948242 221.909225463867 221.873474121094 217.170120239258 217.597366333008 235.997985839844 243.982040405273 250.420364379883 249.247253417969 245.829971313477 241.74006652832
103.855964660645 114.343139648438 177.588607788086 179.922027587891 181.47200012207 182.876205444336 163.172012329102 111.078994750977 83.1463851928711 90.3036956787109 96.2938003540039 86.8941192626953 86.4514083862305 87.4138641357422 106.965827941895 114.14412689209 124.310455322266 140.130920410156 145.631637573242 146.332641601562 133.691101074219 112.791465759277 107.573150634766 101.217964172363 103.219543457031 106.232543945312 115.927093505859 139.229934692383 159.560455322266 167.653991699219 187.105255126953 194.747253417969 199.292282104492 203.242858886719 205.058181762695 210.057830810547 205.098968505859 191.410339355469 216.528564453125 224.636108398438 225.486740112305 223.974746704102 225.733612060547 232.143524169922 238.620529174805 245.419799804688 243.363464355469 241.335754394531 226.969955444336
