rcp8.5models/CNRM-CM5/sc1gr8.FIL
NCOLS 261 
NROWS 433 
XLLCORNER 336357.134 
YLLCORNER 654653.479 
CELLSIZE 1000 
NODATA_value -3.4e+38 
[rows 286 to 307 of 433, columns 196 to 244 of 261]
203.057403564453 203.312301635742 213.416000366211 216.622573852539 204.169677734375 200.575317382812 198.087158203125 198.905227661133 196.742080688477 205.166259765625 196.956237792969 196.718368530273 190.695388793945 175.18586730957 152.776245117188 148.950424194336 145.1806640625 140.424255371094 -3.4e+38 138.525695800781 140.53271484375 127.916259765625 123.157188415527 118.556945800781 114.231918334961 111.135635375977 108.322441101074 106.2607421875 103.741409301758 99.5960235595703 94.4272842407227 92.4950256347656 89.2024002075195 87.070182800293 84.5730285644531 82.6656951904297 80.5537338256836 77.9033050537109 76.5388946533203 74.7231826782227 72.0059356689453 68.5553817749023 66.1865921020508 64.5358123779297 63.5737838745117 63.4206390380859 63.2129516601562 62.6370849609375 -3.4e+38
195.169891357422 195.469329833984 200.546112060547 200.576309204102 199.53108215332 198.97038269043 196.245162963867 193.059829711914 194.238677978516 205.381454467773 198.931015014648 195.43522644043 188.817260742188 174.731414794922 152.446563720703 146.876693725586 142.82926940918 138.495269775391 -3.4e+38 135.925079345703 140.742630004883 128.209823608398 123.144844055176 117.950164794922 113.730194091797 110.478851318359 107.453338623047 104.507171630859 102.558609008789 99.6150207519531 -3.4e+38 91.4832611083984 88.9217529296875 86.7888565063477 84.0035400390625 82.3656463623047 80.4057388305664 77.7919235229492 76.2770309448242 74.60986328125 72.3460922241211 68.7183837890625 66.7138595581055 64.5473251342773 63.7104568481445 63.9693870544434 63.7473678588867 -3.4e+38 -3.4e+38
187.32177734375 190.787231445312 195.989212036133 196.901397705078 198.353103637695 196.806915283203 194.100219726562 188.587631225586 191.927871704102 203.902053833008 199.8681640625 194.147033691406 187.702255249023 174.747329711914 152.0986328125 147.258834838867 142.093246459961 137.420547485352 -3.4e+38 134.896255493164 143.091873168945 128.855529785156 121.980239868164 117.259414672852 114.072799682617 110.601753234863 107.371513366699 103.415145874023 100.595397949219 98.8488922119141 93.4167938232422 90.4910507202148 88.6087646484375 86.5641784667969 83.8265151977539 82.0706176757812 80.3394165039062 78.3235626220703 76.177978515625 74.3829498291016 72.1743545532227 68.836067199707 67.1073989868164 64.5723724365234 63.7230033874512 63.9648208618164 63.9132194519043 63.1708869934082 62.8051795959473
183.796112060547 186.084915161133 190.043807983398 192.870635986328 196.53271484375 192.924224853516 192.199523925781 186.555221557617 188.07389831543 191.059631347656 191.689193725586 192.525421142578 187.264282226562 174.184799194336 150.095733642578 145.660507202148 141.547271728516 137.523468017578 130.734909057617 135.020385742188 142.323318481445 127.858512878418 -3.4e+38 -3.4e+38 114.324638366699 -3.4e+38 -3.4e+38 103.17896270752 99.5475234985352 97.7279281616211 92.7295837402344 90.2156448364258 88.2206649780273 85.7400894165039 83.63232421875 81.9340591430664 80.2059860229492 78.5219650268555 76.1072692871094 74.30517578125 72.2148666381836 68.8065567016602 67.1000595092773 65.2900924682617 64.2669525146484 63.9602546691895 64.0294189453125 63.7191543579102 63.346866607666
175.982421875 178.119750976562 179.574508666992 189.196533203125 207.566009521484 200.076110839844 188.194595336914 182.689025878906 180.803359985352 176.493698120117 178.228210449219 179.307830810547 181.314880371094 175.643218994141 158.174438476562 142.048141479492 137.898193359375 134.895965576172 -3.4e+38 128.345550537109 129.810974121094 -3.4e+38 -3.4e+38 -3.4e+38 -3.4e+38 -3.4e+38 -3.4e+38 103.635795593262 100.767974853516 98.3841781616211 91.9414215087891 89.7092437744141 87.6731796264648 84.9887619018555 83.4630889892578 81.8413543701172 80.2784271240234 78.6370086669922 76.1502456665039 73.9348220825195 72.4718170166016 68.4472045898438 67.0906143188477 65.8529586791992 64.9727783203125 64.8096694946289 63.8053741455078 63.8295593261719 64.0080947875977
175.766860961914 176.789688110352 177.668395996094 182.048294067383 194.154891967773 195.055679321289 184.343719482422 180.327926635742 178.189712524414 171.935028076172 168.413192749023 168.006561279297 171.161926269531 169.727584838867 161.422607421875 139.199111938477 135.944122314453 132.761215209961 -3.4e+38 -3.4e+38 -3.4e+38 -3.4e+38 -3.4e+38 -3.4e+38 -3.4e+38 -3.4e+38 -3.4e+38 104.379486083984 101.55924987793 99.1049194335938 91.7313537597656 89.4461288452148 87.6556777954102 84.9926910400391 83.3421020507812 81.7439727783203 80.0486526489258 78.3646087646484 76.0338363647461 73.8859405517578 72.4536819458008 69.1567077636719 67.6694183349609 -3.4e+38 64.9892730712891 64.9225082397461 64.1858215332031 63.8258094787598 64.0047760009766
177.531707763672 178.168548583984 180.228713989258 179.874557495117 178.420959472656 181.652496337891 181.087661743164 179.046585083008 173.475601196289 168.849105834961 164.922760009766 161.314651489258 156.832412719727 155.421417236328 153.206405639648 139.350509643555 135.807601928711 133.408981323242 127.000442504883 124.292633056641 121.103385925293 -3.4e+38 -3.4e+38 113.676498413086 -3.4e+38 -3.4e+38 -3.4e+38 103.229888916016 100.32640838623 97.9025344848633 91.407096862793 89.2433929443359 87.5328140258789 85.4510116577148 83.4951934814453 82.1384048461914 79.802604675293 77.7559204101562 75.1781311035156 -3.4e+38 72.1946716308594 69.3246459960938 67.5372085571289 -3.4e+38 64.7298431396484 64.8204345703125 64.571907043457 63.8221206665039 64.0015106201172
174.94123840332 177.832778930664 180.560363769531 178.965576171875 175.354385375977 176.663391113281 178.29052734375 177.87907409668 171.438842773438 166.895385742188 161.874923706055 157.122924804688 150.858642578125 150.341064453125 150.080810546875 142.921417236328 137.185424804688 133.249908447266 126.238731384277 123.410202026367 -3.4e+38 -3.4e+38 -3.4e+38 -3.4e+38 -3.4e+38 -3.4e+38 105.138320922852 103.058570861816 99.3572616577148 97.0851745605469 90.559944152832 88.2288055419922 86.9521102905273 85.9506149291992 84.0289154052734 82.6201553344727 79.3122253417969 76.8930892944336 74.8476486206055 73.3844680786133 71.9899826049805 69.1499099731445 67.4012908935547 65.5953369140625 64.5522079467773 64.6596221923828 64.7294692993164 64.3636779785156 63.9983177185059
170.060516357422 177.078964233398 181.500213623047 176.699905395508 172.125 172.249542236328 175.809295654297 180.399459838867 177.811874389648 166.882019042969 159.629501342773 155.268493652344 151.639099121094 151.081405639648 149.725479125977 141.907424926758 136.217071533203 132.60693359375 126.232719421387 121.826934814453 -3.4e+38 -3.4e+38 -3.4e+38 -3.4e+38 -3.4e+38 -3.4e+38 105.375862121582 102.864768981934 98.4921951293945 95.6917724609375 89.6784820556641 88.0550765991211 86.2190704345703 85.4189682006836 83.9958953857422 -3.4e+38 78.7309417724609 76.300537109375 74.8996200561523 73.4078140258789 71.9624557495117 69.2301788330078 67.6103591918945 65.4650344848633 64.5691986083984 64.655029296875 64.8405151367188 64.9107131958008 64.5443496704102
164.338104248047 174.70491027832 187.909698486328 175.222686767578 168.529754638672 169.620208740234 173.190704345703 178.147354125977 176.291427612305 167.175308227539 160.278121948242 155.560134887695 154.115356445312 151.03466796875 148.892791748047 139.622528076172 135.953872680664 132.415481567383 125.614906311035 120.64241027832 -3.4e+38 -3.4e+38 -3.4e+38 -3.4e+38 -3.4e+38 107.214004516602 105.402244567871 102.214492797852 97.8708343505859 94.0645065307617 89.769157409668 88.1218185424805 86.6753005981445 84.9653015136719 82.7251815795898 -3.4e+38 78.5653839111328 76.040901184082 74.6839370727539 73.1894607543945 71.7401885986328 69.0411376953125 67.0732040405273 -3.4e+38 -3.4e+38 64.6505584716797 64.8364562988281 65.0206832885742 65.0912933349609
158.837661743164 165.380401611328 176.752044677734 166.878616333008 164.447357177734 167.400100708008 171.653274536133 172.683502197266 169.943817138672 165.007354736328 160.563125610352 159.344253540039 155.929962158203 154.121795654297 149.649078369141 140.916748046875 136.653182983398 131.10188293457 122.791770935059 -3.4e+38 119.441429138184 116.694267272949 -3.4e+38 -3.4e+38 -3.4e+38 105.440361022949 104.162948608398 100.70044708252 96.6142120361328 93.2003555297852 89.4892730712891 88.2571029663086 87.0993728637695 84.3870849609375 -3.4e+38 -3.4e+38 78.5805435180664 76.5662612915039 74.4711303710938 73.0222549438477 71.4925079345703 68.6046676635742 -3.4e+38 65.4992828369141 -3.4e+38 64.6462326049805 64.8325271606445 65.0171585083008 65.2001724243164
154.485656738281 156.516128540039 160.148986816406 160.563827514648 161.494171142578 165.055297851562 169.659957885742 172.346237182617 169.711624145508 162.674179077148 159.852645874023 161.689147949219 153.429428100586 153.405181884766 152.118240356445 143.926071166992 135.6064453125 130.629333496094 121.19945526123 119.654815673828 119.78995513916 115.762969970703 -3.4e+38 109.837760925293 107.627243041992 105.080856323242 105.273590087891 103.267333984375 95.754753112793 92.3662033081055 88.7746887207031 87.7218856811523 85.8799209594727 83.7543563842773 82.7732620239258 80.3590087890625 78.3908843994141 76.1988754272461 74.2272491455078 72.9433670043945 71.4232482910156 68.4399871826172 66.3073196411133 -3.4e+38 -3.4e+38 64.3615951538086 64.6084823608398 65.0137634277344 65.1971740722656
152.550201416016 154.311401367188 156.255661010742 158.926422119141 158.952453613281 162.596725463867 167.116638183594 170.894439697266 167.818099975586 163.384765625 164.177398681641 157.404190063477 149.578475952148 151.934936523438 152.27458190918 141.915023803711 132.957611083984 129.082107543945 122.419525146484 119.989395141602 118.719566345215 115.140625 -3.4e+38 111.919967651367 111.117820739746 105.112731933594 104.049385070801 102.526573181152 95.7188873291016 91.8172149658203 88.4774475097656 86.9539642333984 85.0124816894531 83.6220779418945 82.5247116088867 80.1543045043945 78.1550674438477 75.6143493652344 74.0720901489258 72.6884460449219 71.1881942749023 68.4879989624023 66.2860641479492 -3.4e+38 -3.4e+38 64.1530380249023 64.3818435668945 64.724365234375 64.9052886962891
154.042221069336 154.310974121094 153.786758422852 155.617050170898 157.164581298828 160.564727783203 165.11149597168 166.36930847168 164.596054077148 166.472183227539 174.057861328125 159.518585205078 148.395141601562 151.604034423828 148.349227905273 137.079711914062 129.704681396484 125.848670959473 123.355583190918 122.655014038086 119.062217712402 115.837707519531 112.255432128906 115.463905334473 113.863990783691 104.253509521484 100.609962463379 98.2454986572266 -3.4e+38 91.5291366577148 89.0634460449219 86.6304473876953 84.8771286010742 83.348388671875 81.6027755737305 80.0004577636719 78.4038848876953 76.1515197753906 73.8632278442383 72.4697647094727 71.0151138305664 67.7123641967773 66.0967636108398 65.1584701538086 64.2407455444336 64.1490097045898 64.3327789306641 64.5149230957031 64.6954879760742
169.162078857422 152.837890625 150.580337524414 152.863998413086 156.208312988281 158.429443359375 162.203750610352 162.921829223633 166.448196411133 172.961059570312 178.459609985352 165.110992431641 149.932037353516 142.936172485352 140.465850830078 132.848373413086 127.244842529297 125.294563293457 124.093971252441 128.909942626953 122.972984313965 115.054557800293 112.790237426758 118.39737701416 114.060234069824 103.642761230469 -3.4e+38 -3.4e+38 -3.4e+38 91.30908203125 88.7396850585938 86.8471755981445 85.7715301513672 82.9330368041992 81.3904342651367 79.9541168212891 78.6104431152344 76.9322814941406 74.2865905761719 72.2410354614258 70.8779449462891 67.1456832885742 65.9171142578125 64.9290466308594 64.0697479248047 64.1451797485352 64.3292999267578 64.5117874145508 64.6927032470703
144.763793945312 147.542022705078 148.355712890625 152.710144042969 159.408599853516 162.924926757812 161.080154418945 157.8955078125 158.976104736328 161.730575561523 156.938888549805 149.81298828125 139.478057861328 134.480224609375 130.093597412109 128.079513549805 129.088760375977 127.730857849121 124.62712097168 130.361404418945 124.72972869873 115.713356018066 112.543144226074 117.239852905273 112.846122741699 105.521949768066 -3.4e+38 -3.4e+38 92.8434524536133 91.5825653076172 88.0206680297852 85.9557952880859 84.0597915649414 82.3318328857422 80.2517776489258 78.6512985229492 76.7375259399414 75.4897003173828 73.766242980957 71.1201477050781 69.3616027832031 66.8918685913086 65.7470016479492 64.80712890625 63.883544921875 63.6522598266602 63.8168296813965 63.9507484436035 64.2348480224609
143.110443115234 151.415298461914 157.507568359375 166.502227783203 166.569869995117 167.59928894043 161.235000610352 155.422546386719 148.890335083008 151.069946289062 151.536911010742 143.78694152832 136.677886962891 132.482055664062 129.066421508789 127.782928466797 127.654067993164 125.433059692383 121.784545898438 126.097015380859 124.202919006348 119.206275939941 115.468452453613 115.696868896484 112.151634216309 106.832580566406 -3.4e+38 93.3777694702148 92.5537948608398 91.2023620605469 87.9048919677734 86.0247421264648 84.195442199707 82.0850143432617 79.3067779541016 77.5302276611328 75.7144546508789 74.5160598754883 72.9154739379883 70.4043197631836 69.0785217285156 66.7362823486328 65.5866012573242 64.6070709228516 63.7174835205078 63.380256652832 62.5835914611816 63.0689735412598 64.1883010864258
145.19612121582 158.283111572266 169.538803100586 172.509811401367 167.409591674805 167.470291137695 162.276992797852 153.510635375977 145.453628540039 146.644073486328 146.832000732422 139.595138549805 134.100875854492 131.388458251953 128.929504394531 126.881744384766 125.108535766602 124.47566986084 116.536476135254 118.006484985352 118.860168457031 120.257400512695 116.715072631836 114.402687072754 109.643142700195 101.629608154297 94.7866363525391 92.4024963378906 91.3475723266602 89.7680511474609 86.7956390380859 85.1908798217773 83.3107376098633 81.5314636230469 79.9549026489258 77.261589050293 -3.4e+38 73.4673919677734 72.137580871582 70.1478805541992 68.845458984375 66.5197296142578 65.2413558959961 63.7827339172363 62.8618354797363 62.4762649536133 61.9690971374512 62.5167770385742 63.4839286804199
147.065383911133 170.849868774414 180.837982177734 172.494537353516 165.894485473633 161.975616455078 159.700378417969 144.560562133789 141.537475585938 142.181091308594 141.278503417969 137.582748413086 134.310104370117 131.799743652344 128.561508178711 125.840965270996 124.439384460449 123.738876342773 114.139259338379 112.930366516113 115.798965454102 119.611961364746 114.639717102051 108.746940612793 103.101745605469 96.5613174438477 93.6229782104492 91.9225616455078 90.5598754882812 88.6075744628906 85.5755386352539 83.8924026489258 82.1460037231445 80.7727355957031 79.7145004272461 76.3747482299805 74.469108581543 -3.4e+38 -3.4e+38 69.9625778198242 68.1464462280273 65.7397155761719 64.475700378418 63.095645904541 62.0663909912109 61.5383529663086 62.1295471191406 62.3476448059082 62.6862106323242
145.251159667969 167.674530029297 169.342025756836 174.534515380859 161.662536621094 151.864501953125 151.543594360352 138.261505126953 139.94075012207 140.05387878418 138.481903076172 136.410705566406 135.288986206055 134.685302734375 129.309616088867 127.434341430664 123.140510559082 122.09090423584 113.480644226074 111.400848388672 114.459510803223 118.746635437012 111.799613952637 102.814399719238 98.1795196533203 95.5068359375 94.4046173095703 91.7488327026367 90.1892852783203 88.3375015258789 84.8740539550781 82.4825134277344 80.8040084838867 79.3998565673828 77.7971115112305 75.3475799560547 -3.4e+38 -3.4e+38 71.1082000732422 69.7728881835938 67.4819107055664 65.0563735961914 63.9128913879395 62.9313888549805 61.7032432556152 61.2116851806641 61.8439445495605 62.0159912109375 62.2460060119629
139.085220336914 147.824310302734 151.174926757812 174.338088989258 160.791549682617 144.969207763672 142.824630737305 137.585037231445 139.687606811523 138.438858032227 136.473617553711 135.946731567383 135.590377807617 138.634216308594 136.683975219727 134.814468383789 126.627784729004 124.971694946289 113.185432434082 110.333137512207 111.647430419922 115.721305847168 108.647872924805 100.220069885254 96.3865051269531 95.3427810668945 95.2058486938477 91.0193176269531 89.9044418334961 88.2006454467773 84.0233764648438 81.8583450317383 80.039421081543 78.3672561645508 76.4501800537109 74.7000122070312 73.722785949707 71.7868804931641 70.2904663085938 69.0114593505859 67.3349456787109 64.9717254638672 63.802188873291 62.7516670227051 61.6109466552734 61.2406272888184 61.6340370178223 61.8055267333984 62.0183143615723
134.145492553711 141.185974121094 160.071701049805 176.406280517578 167.802185058594 145.826690673828 134.535385131836 137.894439697266 136.316101074219 135.549118041992 135.941146850586 134.842239379883 134.745071411133 140.353424072266 144.352081298828 141.139450073242 134.538391113281 130.331130981445 113.991073608398 110.226264953613 108.865921020508 109.171089172363 104.843063354492 98.7110443115234 95.1453323364258 95.2902145385742 96.861083984375 92.2817306518555 88.9099273681641 87.2311630249023 83.3576202392578 81.7165451049805 79.9114761352539 78.3199310302734 76.3818893432617 74.0293350219727 72.9174118041992 71.0882797241211 69.6964950561523 68.3843612670898 67.1449203491211 64.8648910522461 63.5387687683105 61.994457244873 60.9565620422363 60.3463020324707 60.7128829956055 61.1065940856934 61.2738876342773
