rcp8.5models/CNRM-CM5/sc1gr6.22
NCOLS 261 
NROWS 433 
XLLCORNER 336357.134 
YLLCORNER 654653.479 
CELLSIZE 1000 
NODATA_value -3.4e+38 
[rows 396 to 417 of 433, columns 49 to 97 of 261]
-3.4e+38 -3.4e+38 -3.4e+38 -3.4e+38 -3.4e+38 -3.4e+38 -3.4e+38 -3.4e+38 -3.4e+38 2144.40869140625 2154.54248046875 2159.70629882812 2177.45703125 2196.7158203125 2219.986328125 2234.93408203125 2248.41162109375 2258.69360351562 2288.90356445312 2296.42553710938 2307.796875 2327.49584960938 2361.03466796875 2383.66162109375 2358.01977539062 2355.32568359375 2387.36474609375 2402.86547851562 2394.00146484375 2403.84741210938 2405.45434570312 2399.3203125 2405.7041015625 2410.35668945312 2417.30712890625 2436.671875 2437.083984375 2420.70458984375 2499.4365234375 2492.13916015625 2435.07568359375 2556.55322265625 2577.31909179688 2582.84326171875 2582.833984375 2586.13696289062 2586.84912109375 2585.37866210938 2584.84106445312
-3.4e+38 -3.4e+38 -3.4e+38 -3.4e+38 -3.4e+38 -3.4e+38 -3.4e+38 -3.4e+38 -3.4e+38 2137.28100585938 2145.396484375 2154.4716796875 2176.80639648438 2188.34716796875 2210.03149414062 2225.72583007812 2241.34252929688 2254.81811523438 2283.912109375 2291.63427734375 2298.8896484375 2308.21215820312 2325.443359375 2351.130859375 2346.40576171875 2349.69360351562 2361.59204101562 2361.0205078125 2366.30908203125 2391.82958984375 2399.7578125 2392.46752929688 2392.55224609375 2396.60107421875 2400.09106445312 2407.95703125 2406.70385742188 2401.65625 2462.80737304688 2463.42114257812 2442.86767578125 2540.26196289062 2559.79541015625 2567.47998046875 2567.61303710938 2571.4541015625 2573.89501953125 2572.13403320312 2570.19409179688
-3.4e+38 -3.4e+38 -3.4e+38 -3.4e+38 -3.4e+38 -3.4e+38 -3.4e+38 -3.4e+38 -3.4e+38 -3.4e+38 2141.27490234375 2151.10424804688 2168.60009765625 2177.0625 2197.87548828125 2217.47119140625 2231.67822265625 2247.966796875 2272.82641601562 2281.5244140625 2283.97021484375 2292.76831054688 2305.81982421875 2326.35400390625 2331.37841796875 2332.44555664062 2350.54663085938 2375.076171875 2364.66772460938 2369.64990234375 2392.22241210938 2379.82446289062 2372.66845703125 2376.79809570312 2379.03759765625 2379.08203125 2381.54809570312 2389.3232421875 2411.22802734375 2413.91552734375 2422.98999023438 2508.1689453125 2545.93701171875 2550.517578125 2553.99731445312 2554.65942382812 2557.38647460938 2559.79150390625 2557.40600585938
-3.4e+38 -3.4e+38 -3.4e+38 -3.4e+38 -3.4e+38 -3.4e+38 -3.4e+38 -3.4e+38 -3.4e+38 -3.4e+38 2140.32299804688 2147.720703125 2159.15063476562 2169.14306640625 2185.67944335938 2207.24462890625 2222.67553710938 2237.90454101562 2264.33471679688 2271.59326171875 2273.74072265625 2281.18676757812 2297.171875 2316.0546875 2314.47216796875 2316.37255859375 2331.66918945312 2350.89233398438 2339.10522460938 2351.53393554688 2363.20092773438 2357.67651367188 2359.82495117188 2369.30908203125 2367.39819335938 2365.369140625 2377.544921875 2382.60278320312 2383.408203125 2402.78881835938 2403.62377929688 2488.70483398438 2530.9716796875 2534.86767578125 2540.55249023438 2541.357421875 2542.38989257812 2544.73266601562 2543.43896484375
-3.4e+38 -3.4e+38 -3.4e+38 -3.4e+38 -3.4e+38 -3.4e+38 -3.4e+38 -3.4e+38 -3.4e+38 -3.4e+38 -3.4e+38 2144.35400390625 2152.06469726562 2162.0244140625 2175.10205078125 2195.33422851562 2213.85400390625 2230.15356445312 2257.97412109375 2265.6533203125 2272.39111328125 2276.33227539062 2282.67236328125 2298.28637695312 2303.07763671875 2314.51904296875 2311.23779296875 2310.26904296875 2314.11206054688 2328.6650390625 2341.70751953125 2343.96166992188 2350.15966796875 2362.84643554688 2357.28588867188 2361.23217773438 2368.1513671875 2367.248046875 2371.80224609375 2388.28466796875 2384.43505859375 2442.34130859375 2489.04150390625 2515.4658203125 2525.39794921875 2527.88793945312 2530.62963867188 2532.15747070312 2528.17700195312
-3.4e+38 -3.4e+38 -3.4e+38 -3.4e+38 -3.4e+38 -3.4e+38 -3.4e+38 -3.4e+38 -3.4e+38 -3.4e+38 -3.4e+38 2135.69677734375 2147.7197265625 2161.38256835938 2170.8095703125 2183.83935546875 2203.40087890625 2224.388671875 2247.39086914062 2256.90063476562 2264.41162109375 2269.4482421875 2273.24755859375 2287.6640625 2292.30932617188 2308.65795898438 2323.0654296875 2308.28662109375 2300.62426757812 2312.35498046875 2328.87280273438 2331.99243164062 2340.91186523438 2362.45239257812 2349.81079101562 2352.89501953125 2352.37524414062 2348.7509765625 2357.99755859375 2378.3740234375 2383.01635742188 2383.39135742188 2449.33349609375 2498.34375 2508.53100585938 2510.83984375 2513.24487304688 2516.388671875 2512.216796875
-3.4e+38 -3.4e+38 -3.4e+38 -3.4e+38 -3.4e+38 -3.4e+38 -3.4e+38 -3.4e+38 -3.4e+38 -3.4e+38 -3.4e+38 2121.97583007812 2139.59887695312 2157.04125976562 2166.20581054688 2179.1142578125 2196.6162109375 2215.74145507812 2238.37670898438 2249.71215820312 2258.892578125 2261.169921875 2265.24633789062 2274.21142578125 2275.8505859375 2284.00805664062 2300.97802734375 2291.3935546875 2301.40478515625 2298.0107421875 2303.31665039062 2310.955078125 2324.14868164062 2338.44580078125 2328.361328125 2327.099609375 2333.82592773438 2348.43115234375 2353.73608398438 2364.8095703125 2377.57373046875 2405.90649414062 2421.96850585938 2461.9580078125 2491.43139648438 2493.71557617188 2495.23046875 2496.79760742188 2493.4287109375
-3.4e+38 -3.4e+38 -3.4e+38 -3.4e+38 -3.4e+38 -3.4e+38 -3.4e+38 -3.4e+38 -3.4e+38 -3.4e+38 -3.4e+38 -3.4e+38 2132.52270507812 2150.27978515625 2160.79638671875 2174.82153320312 2189.64990234375 2204.23413085938 2230.9443359375 2243.20361328125 2252.18212890625 2254.18139648438 2258.2763671875 2261.46240234375 2267.47631835938 2273.2412109375 2271.232421875 2271.17456054688 2287.92431640625 2280.85229492188 2299.81494140625 2300.64916992188 2298.35717773438 2302.89184570312 2305.8330078125 2319.0185546875 2343.57836914062 2355.24487304688 2359.5 2363.7646484375 2380.11889648438 2440.84692382812 2431.26196289062 2415.173828125 2442.9892578125 2468.76049804688 2475.96362304688 2477.62890625 2476.7353515625
-3.4e+38 -3.4e+38 -3.4e+38 -3.4e+38 -3.4e+38 -3.4e+38 -3.4e+38 -3.4e+38 -3.4e+38 -3.4e+38 -3.4e+38 -3.4e+38 -3.4e+38 2138.40356445312 2151.60180664062 2167.55151367188 2179.69091796875 2194.17260742188 2218.0048828125 2232.42749023438 2241.84692382812 2247.47680664062 2250.65698242188 2253.07836914062 2257.86938476562 2261.32250976562 2256.23291015625 2260.9052734375 2264.83422851562 2266.94799804688 2283.62866210938 2282.82934570312 2277.626953125 2293.8603515625 2310.6298828125 2322.60888671875 2330.03271484375 2336.47045898438 2359.66845703125 2376.87451171875 2387.97314453125 2429.68334960938 2438.40234375 2417.9404296875 2398.95922851562 2428.96044921875 2454.66796875 2457.50415039062 2460.53833007812
-3.4e+38 -3.4e+38 -3.4e+38 -3.4e+38 -3.4e+38 -3.4e+38 -3.4e+38 -3.4e+38 -3.4e+38 -3.4e+38 -3.4e+38 -3.4e+38 -3.4e+38 -3.4e+38 2138.64013671875 2155.99194335938 2167.28515625 2183.85400390625 2208.61474609375 2222.75927734375 2233.56787109375 2238.6943359375 2239.39282226562 2239.69555664062 2239.18115234375 2239.73217773438 2239.01391601562 2242.07446289062 2250.62426757812 2252.03881835938 2259.74096679688 2272.02221679688 2266.63671875 2287.78735351562 2305.64697265625 2298.47290039062 2303.52856445312 2314.2666015625 2337.15356445312 2358.95825195312 2363.24951171875 2402.17578125 2411.08325195312 2420.30224609375 2404.36474609375 2400.8828125 2424.74462890625 2434.72119140625 2436.65942382812
-3.4e+38 -3.4e+38 -3.4e+38 -3.4e+38 -3.4e+38 -3.4e+38 -3.4e+38 -3.4e+38 -3.4e+38 -3.4e+38 -3.4e+38 -3.4e+38 -3.4e+38 -3.4e+38 2122.29248046875 2132.17163085938 2143.4697265625 2153.82397460938 2190.48095703125 2205.78564453125 2215.03198242188 2214.2451171875 2211.3828125 2208.18334960938 2206.94677734375 2206.94921875 2207.798828125 2208.34619140625 2208.93627929688 2216.74267578125 2215.71875 2217.20043945312 2227.66381835938 2235.69506835938 2238.68530273438 2247.80786132812 2270.3798828125 2286.25903320312 2298.05639648438 2299.66333007812 2306.32690429688 2343.25244140625 2353.51538085938 2351.20751953125 2370.08959960938 2374.41235351562 2347.07543945312 2342.27758789062 2357.14379882812
-3.4e+38 -3.4e+38 -3.4e+38 -3.4e+38 -3.4e+38 -3.4e+38 -3.4e+38 -3.4e+38 -3.4e+38 -3.4e+38 -3.4e+38 -3.4e+38 -3.4e+38 -3.4e+38 -3.4e+38 2116.05322265625 2130.22265625 2141.92700195312 2168.44506835938 2189.22900390625 2199.4345703125 2198.48950195312 2194.69213867188 2190.99951171875 2189.02001953125 2186.44970703125 2187.64794921875 2188.05224609375 2191.90478515625 2195.92529296875 2199.890625 2200.95190429688 2205.14208984375 2214.97973632812 2226.20190429688 2228.509765625 2247.71533203125 2269.5029296875 2293.36547851562 2297.8955078125 2284.615234375 2312.96142578125 2325.47802734375 2336.40673828125 2355.7021484375 2361.22485351562 2351.82006835938 2343.36499023438 2339.19604492188
-3.4e+38 -3.4e+38 -3.4e+38 -3.4e+38 -3.4e+38 -3.4e+38 -3.4e+38 -3.4e+38 -3.4e+38 -3.4e+38 -3.4e+38 -3.4e+38 -3.4e+38 -3.4e+38 -3.4e+38 2102.64135742188 2116.02099609375 2126.10375976562 2149.49731445312 2166.43872070312 2176.18896484375 2177.33276367188 2173.4736328125 2169.93701171875 2168.93627929688 2166.82153320312 2165.87255859375 2169.18383789062 2173.26831054688 2175.99584960938 2175.8515625 2177.03833007812 2182.08203125 2191.48217773438 2203.92260742188 2206.71875 2218.216796875 2242.65600585938 2263.8759765625 2281.55322265625 2279.68090820312 2283.27197265625 2294.4287109375 2323.90209960938 2339.34326171875 2334.91552734375 2341.07250976562 2346.54443359375 2343.17993164062
-3.4e+38 -3.4e+38 -3.4e+38 -3.4e+38 -3.4e+38 -3.4e+38 -3.4e+38 -3.4e+38 -3.4e+38 -3.4e+38 -3.4e+38 -3.4e+38 -3.4e+38 -3.4e+38 -3.4e+38 2089.6962890625 2098.25170898438 2109.78100585938 2132.54638671875 2142.05590820312 2148.71118164062 2150.19384765625 2149.083984375 2146.8310546875 2144.35131835938 2143.01196289062 2143.55981445312 2147.74072265625 2148.67431640625 2154.76684570312 2153.59814453125 2152.30029296875 2159.17163085938 2165.6767578125 2174.43017578125 2181.23095703125 2190.09008789062 2204.06372070312 2219.68603515625 2230.7587890625 2245.18774414062 2249.85229492188 2263.42846679688 2286.42041015625 2305.08959960938 2295.88134765625 2308.31713867188 2338.4892578125 2335.16259765625
-3.4e+38 -3.4e+38 -3.4e+38 -3.4e+38 -3.4e+38 -3.4e+38 -3.4e+38 -3.4e+38 -3.4e+38 -3.4e+38 -3.4e+38 -3.4e+38 -3.4e+38 -3.4e+38 -3.4e+38 -3.4e+38 2081.419921875 2090.80493164062 2107.30395507812 2114.87841796875 2120.07348632812 2122.02197265625 2122.62866210938 2121.69482421875 2119.37353515625 2120.12622070312 2121.35522460938 2122.70336914062 2123.57983398438 2126.91967773438 2130.59716796875 2132.59765625 2135.298828125 2137.60864257812 2145.921875 2153.84301757812 2168.64428710938 2184.56420898438 2189.44140625 2192.05029296875 2195.76416015625 2207.24780273438 2220.84033203125 2237.8818359375 2259.158203125 2267.23779296875 2272.40478515625 2302.65112304688 2315.13671875
-3.4e+38 -3.4e+38 -3.4e+38 -3.4e+38 -3.4e+38 -3.4e+38 -3.4e+38 -3.4e+38 -3.4e+38 -3.4e+38 -3.4e+38 -3.4e+38 -3.4e+38 -3.4e+38 -3.4e+38 -3.4e+38 -3.4e+38 -3.4e+38 2081.34326171875 2087.88647460938 2092.24047851562 2095.54541015625 2096.19580078125 2095.91528320312 2095.59912109375 2095.64672851562 2097.06518554688 2097.16333007812 2097.20239257812 2098.9638671875 2102.34106445312 2107.69848632812 2112.98706054688 2117.31030273438 2122.18872070312 2128.037109375 2141.18725585938 2159.45166015625 2160.14819335938 2159.54028320312 2166.13159179688 2171.9697265625 2180.83764648438 2216.5068359375 2245.18115234375 2256.14965820312 2241.88500976562 2253.04809570312 2271.98950195312
-3.4e+38 -3.4e+38 -3.4e+38 -3.4e+38 -3.4e+38 -3.4e+38 -3.4e+38 -3.4e+38 -3.4e+38 -3.4e+38 -3.4e+38 -3.4e+38 -3.4e+38 -3.4e+38 -3.4e+38 -3.4e+38 -3.4e+38 -3.4e+38 2057.4716796875 2062.73779296875 2065.00634765625 2067.369140625 2069.69067382812 2070.33251953125 2070.24755859375 2069.65405273438 2071.08325195312 2071.42138671875 2070.96337890625 2072.82373046875 2075.29516601562 2080.16870117188 2085.99267578125 2093.10180664062 2102.09692382812 2110.12670898438 2118.12475585938 2127.9931640625 2132.564453125 2131.07934570312 2142.53930664062 2145.0107421875 2148.77709960938 2199.50073242188 2238.12182617188 2223.248046875 2205.23413085938 2201.79809570312 2201.39697265625
-3.4e+38 -3.4e+38 -3.4e+38 -3.4e+38 -3.4e+38 -3.4e+38 -3.4e+38 -3.4e+38 -3.4e+38 -3.4e+38 -3.4e+38 -3.4e+38 -3.4e+38 -3.4e+38 -3.4e+38 -3.4e+38 -3.4e+38 -3.4e+38 -3.4e+38 2036.02490234375 2036.87670898438 2039.85498046875 2043.74426269531 2045.50939941406 2045.31042480469 2045.97985839844 2046.24279785156 2047.28881835938 2047.95593261719 2048.83764648438 2049.97802734375 2053.51000976562 2057.44360351562 2064.32055664062 2075.36279296875 2087.31616210938 2098.0791015625 2105.7578125 2111.02807617188 2122.25756835938 2137.79614257812 2144.66723632812 2130.990234375 2147.90283203125 2171.9072265625 2159.46435546875 2161.25854492188 2159.73950195312 2157.67529296875
-3.4e+38 -3.4e+38 -3.4e+38 -3.4e+38 -3.4e+38 -3.4e+38 -3.4e+38 -3.4e+38 -3.4e+38 -3.4e+38 -3.4e+38 -3.4e+38 -3.4e+38 -3.4e+38 -3.4e+38 -3.4e+38 -3.4e+38 -3.4e+38 -3.4e+38 -3.4e+38 2010.17150878906 2013.49865722656 2017.13854980469 2021.1591796875 2022.49853515625 2021.14904785156 2022.23059082031 2022.58666992188 2022.43884277344 2024.32641601562 2025.84521484375 2028.484375 2030.24169921875 2034.82482910156 2044.78381347656 2056.14794921875 2065.71142578125 2076.49365234375 2099.53491210938 2122.552734375 2121.0048828125 2127.04174804688 2113.630859375 2105.12280273438 2111.240234375 2121.35693359375 2137.02368164062 2146.8046875 2151.26684570312
-3.4e+38 -3.4e+38 -3.4e+38 -3.4e+38 -3.4e+38 -3.4e+38 -3.4e+38 -3.4e+38 -3.4e+38 -3.4e+38 -3.4e+38 -3.4e+38 -3.4e+38 -3.4e+38 -3.4e+38 -3.4e+38 -3.4e+38 -3.4e+38 -3.4e+38 -3.4e+38 -3.4e+38 1989.85876464844 1992.88354492188 1995.7255859375 1996.92468261719 1992.73217773438 1991.11022949219 1993.5341796875 1995.65539550781 1999.47631835938 2001.50622558594 2004.39294433594 2004.66540527344 2006.55114746094 2014.68139648438 2026.61181640625 2034.65954589844 2048.23706054688 2070.697265625 2093.92260742188 2102.60986328125 2103.41748046875 2098.24536132812 2094.79443359375 2089.8388671875 2102.21069335938 2130.75170898438 2145.23828125 2157.2666015625
-3.4e+38 -3.4e+38 -3.4e+38 -3.4e+38 -3.4e+38 -3.4e+38 -3.4e+38 -3.4e+38 -3.4e+38 -3.4e+38 -3.4e+38 -3.4e+38 -3.4e+38 -3.4e+38 -3.4e+38 -3.4e+38 -3.4e+38 -3.4e+38 -3.4e+38 -3.4e+38 -3.4e+38 -3.4e+38 1971.02062988281 1971.779296875 1973.56079101562 1969.65637207031 1962.51647949219 1964.24328613281 1969.65588378906 1973.94152832031 1976.34106445312 1979.5341796875 1981.6787109375 1980.3916015625 1985.84338378906 1997.51232910156 2006.86083984375 2020.17028808594 2031.97216796875 2057.34375 2090.84619140625 2103.93310546875 2102.22583007812 2087.06665039062 2071.01220703125 2075.41479492188 2113.4189453125 2121.18774414062 2140.2001953125
-3.4e+38 -3.4e+38 -3.4e+38 -3.4e+38 -3.4e+38 -3.4e+38 -3.4e+38 -3.4e+38 -3.4e+38 -3.4e+38 -3.4e+38 -3.4e+38 -3.4e+38 -3.4e+38 -3.4e+38 -3.4e+38 -3.4e+38 -3.4e+38 -3.4e+38 -3.4e+38 -3.4e+38 -3.4e+38 -3.4e+38 1953.08972167969 1952.68029785156 1948.74780273438 1942.84777832031 1944.87194824219 1947.07434082031 1945.15539550781 1949.42456054688 1954.48596191406 1955.1611328125 1954.85119628906 1960.72155761719 1968.92492675781 1986.42309570312 1995.90515136719 2016.63696289062 2046.87341308594 2071.46313476562 2090.77490234375 2099.76904296875 2075.89111328125 2056.8828125 2058.97778320312 2071.94921875 2069.19018554688 2093.7197265625
