rcp8.5models/CNRM-CM5/sc1gr8.2
NCOLS 261 
NROWS 433 
XLLCORNER 336357.134 
YLLCORNER 654653.479 
CELLSIZE 1000 
NODATA_value -9999 
[rows 132 to 153 of 433, columns 150 to 199 of 261]
-9999 83.4182685120851 83.7622792221634 83.8368489418558 84.5247250835445 84.9574254107297 84.9295776004184 85.3347125178313 86.953911310152 86.8509640989036 86.3662416419571 86.2092167987226 86.2369514520517 86.2073875210466 86.565712947308 86.6987958173226 86.8508746478777 87.18008966169 87.7103844033604 88.5734004256344 88.2969820258243 88.2688141460985 88.2715926447527 88.598497429857 88.7096580139839 88.8038233805016 89.0931418964465 89.2879103519374 89.2715801784822 89.1629285276668 89.4282315700002 89.6360829410522 89.8924097855364 90.1835509392171 90.5265676381808 90.7455710354663 90.9594215412281 91.1183004220858 -9999 -9999 -9999 -9999 -9999 -9999 -9999 -9999 -9999 -9999 -9999 -9999
83.4687911341324 83.6398614857404 84.0500455149781 84.250856603602 84.3195830140043 84.8427951805855 85.4175501609151 85.9460780063819 86.7674584103089 86.339856404561 86.1993021095653 86.2523474007304 86.3186843355551 86.369410925219 86.4085741548591 86.6799411420197 87.0648168232069 87.6305969797497 88.2759482023736 88.6852002181264 88.5466037443201 88.5961326214405 88.6072914142999 88.9493857437224 89.2542433605663 89.239057506104 89.1374562451123 89.1802628837881 89.3564431473782 89.3826702091057 89.6482712568078 89.8544500072887 89.9510234459807 90.4168119147961 90.7729634038779 90.6698458806655 90.7914832614698 91.0107388678421 -9999 -9999 -9999 -9999 -9999 -9999 -9999 -9999 -9999 -9999 -9999 -9999
83.9194412392837 83.9028221212325 84.2003045502657 84.590246227709 84.6253522651245 84.9572020277081 85.6346248524903 86.0887123177313 86.0884909773127 86.1551663033766 86.129690240085 86.0202910884523 86.2948221614682 86.5586561808544 86.6323817921576 86.9381776675644 87.3768761230785 88.1016452316307 88.6040980685084 88.8954458452258 88.7541885050814 88.9454639906856 89.1130939671693 89.3543106723952 89.5570486562273 89.4339028689606 89.316989239639 89.1479037426392 89.2351806630999 89.4441025956932 89.9335452901458 90.1603245853175 90.329252867873 90.6703796218226 90.5532059868648 90.4588487618338 -9999 90.9036255221173 -9999 -9999 -9999 -9999 -9999 -9999 -9999 -9999 -9999 -9999 -9999 -9999
84.0635497827633 84.2403280715861 84.3214587582193 84.5496031698034 84.8945563621937 85.072954622142 85.5213909754735 -9999 -9999 85.9480824494136 86.1135650160579 86.1356439053039 86.4468476718722 86.5449363402617 86.8965941186186 87.3008923179286 87.8907120361632 88.5818228456843 88.7763110644372 89.0848376715747 89.0333411740214 89.7248311328624 90.3189487449929 89.9425151501497 89.7126698474789 90.096678966298 90.5086276932145 89.6838314418514 89.429990682582 89.5473799651203 89.8916938278956 90.2453813767011 90.5611005384437 90.7108438311795 90.3758450641511 90.3202748588694 -9999 -9999 -9999 -9999 -9999 -9999 -9999 -9999 -9999 -9999 -9999 -9999 -9999 -9999
83.9603436450264 84.3735691611828 84.6004074818076 84.7318914908406 85.1956577998517 85.4917171575567 85.904288928793 85.9818330718773 -9999 85.919469420757 86.089871301761 86.3249378406828 86.5849199266201 86.832871117885 87.2281905754629 87.7056850761359 88.2649340515845 88.9058508429545 89.0495980738158 89.3370773042715 89.7361821859549 90.0758244916277 90.8512052772682 90.0836577615784 89.843385798258 90.5141860118512 90.6082181226901 90.0160509290946 89.6987328105643 89.6724273350189 90.1308479629018 90.5407485025186 90.6202715704882 90.5755648402809 90.495499631604 90.5216892126431 90.8679103802654 91.2578103564377 -9999 -9999 -9999 -9999 -9999 -9999 -9999 -9999 -9999 -9999 -9999 -9999
84.1767932945547 84.5860712259807 85.0514704294366 85.3789408234873 85.6970044297311 85.6069464702525 86.0021126793541 86.3101832679039 -9999 86.1762548949973 86.4073346259306 86.6872834589919 86.9728911932309 87.2194476753628 87.3116724553137 -9999 88.4623392123016 89.1308873029419 89.2372489650629 89.7206264911547 89.8194555380005 89.5437061332394 90.0025041415685 89.7829638480508 89.9956078915758 90.273824241028 90.0380314072963 90.0303904671727 89.9843172240466 90.1343381943925 91.102992332116 91.1281334131996 90.7710288835661 90.3937981071079 90.5294198376406 90.6831832872283 91.0004537132995 91.1876806415521 -9999 -9999 -9999 -9999 -9999 -9999 -9999 -9999 -9999 -9999 -9999 -9999
84.6944737733104 84.8663986658465 85.060322683573 85.3886824384486 85.6675679202711 85.948442981489 86.0924075737109 -9999 -9999 87.1476568565971 86.8481878415288 86.9446265198696 87.5109515007487 87.8044880791139 -9999 88.0982398419638 88.6374651341667 88.9055068891097 89.7450848315164 89.8803174526624 89.8023993112007 89.2370392171014 88.8330939570105 89.1204650561242 89.4379501789087 89.8701168607852 90.1165619318111 90.0915217733381 90.1490099470037 90.3133283490198 92.1890504154677 90.9061583982877 90.6191052068279 90.6730615462001 90.8553413862121 91.0339419122037 91.1851231978918 91.2871788797838 -9999 -9999 -9999 -9999 -9999 -9999 -9999 -9999 -9999 -9999 -9999 -9999
84.8543986252726 -9999 85.0747937358593 85.4229706214068 85.7566237685873 85.968030478258 86.0291924474144 86.2071998144824 -9999 87.0858188685955 87.4325037561702 87.5714225907557 87.4724668670068 87.7541410741251 -9999 -9999 88.3478506839395 89.0299038414544 90.3264667094615 90.0903485773423 89.4716101130537 89.0354519880716 88.8645082834559 88.8283321168155 89.0780346752275 89.4770608249637 89.8292925440144 90.0806874600398 89.9967065048942 89.7469240882149 91.1118813471284 90.6364507275811 90.825305772727 91.0098953637646 90.8952784258925 -9999 90.9655165392549 -9999 91.4599455440391 -9999 -9999 -9999 -9999 -9999 -9999 -9999 -9999 -9999 -9999 -9999
84.9813857239893 85.2601969764915 85.5555278209397 85.4745057908054 85.7855964298055 86.0616362763677 86.2015852330936 86.2792173222455 86.4632740305959 87.4688192151964 87.5319941731734 87.4448576497962 87.1490487099021 87.8258151773741 88.4361536981325 88.2101104865047 88.4961273583658 89.472240062877 90.6769596323287 89.6563645458833 89.0687734178125 88.8166369615879 88.9330018426142 88.9075277758598 89.0796924609044 89.1145377914132 89.3642725524469 89.7348644122709 89.7517573544188 89.4485342845013 90.1054093485243 90.6830389573016 91.1693358322484 90.8909630749042 90.7006475811602 -9999 -9999 -9999 -9999 91.821859338432 -9999 -9999 -9999 -9999 -9999 -9999 -9999 -9999 -9999 -9999
85.1571638062921 85.6193795622747 86.1447820250863 85.7748550476799 86.0239444092022 86.3440563915845 86.2560444255943 86.3370166011659 86.8569789678859 87.2460616350102 87.0017421807269 87.3849138395943 87.9927698690965 88.3731174298113 88.4323275694555 88.1105703592134 88.4500589339596 89.3386004186662 90.0342392039112 89.1395812478845 89.3644129778483 88.9952588992901 89.1010775861723 89.3604649850911 89.0710809995673 89.0028150541114 88.9740696609739 89.3720070936918 89.6166812502924 89.5954628615315 90.2986617567341 90.811572020996 91.2206475901552 91.0049292207074 91.0287331618071 -9999 -9999 -9999 -9999 92.601751982516 -9999 -9999 -9999 -9999 -9999 -9999 -9999 -9999 -9999 -9999
85.3331273888224 85.8717651109281 86.3046676259621 86.1717114123834 86.2688506688619 86.4596699457335 86.119339073426 86.0354652511658 86.767869633334 86.999500222747 87.1776781950956 87.873172426425 88.5485924621921 88.5247340302527 88.1560956742935 88.1191600950691 88.447794409823 88.9723748068159 -9999 89.5113597290633 89.6397181147933 89.3182553860915 89.7037919966223 90.0089751509104 88.8784001948155 88.9946977628692 89.0216185040143 89.3807051212678 89.5007712096623 89.5250395883875 90.1488856405323 90.5348202772529 90.8484691844024 91.0037938581483 91.0405953657382 -9999 -9999 -9999 -9999 92.7641799421165 92.7612233263787 -9999 -9999 -9999 -9999 -9999 -9999 -9999 -9999 -9999
85.3383604681089 85.6504952980315 85.9677561363555 86.0308292177835 86.0463188211991 86.4517622439616 86.1072681508104 86.0261634220226 86.689120040875 86.9651878660828 87.7125283504321 88.3545429195242 88.5867039711711 88.1045089349565 87.8471895635474 88.001841449921 88.4107867019904 88.808157810819 89.0184957872977 89.8206833887138 89.6091488912101 90.0047722559311 90.4590157329581 89.5089650727398 88.5982914260005 88.8028076146396 88.9791886728548 89.2941046886451 89.4301268707932 89.401403205381 -9999 -9999 90.3656326134155 90.4637041582148 90.7699869174472 91.0390707373073 -9999 -9999 -9999 92.256136312399 -9999 -9999 -9999 -9999 -9999 -9999 -9999 -9999 -9999 -9999
85.5043482740194 85.5513685410766 85.5805958682221 85.8315489331 86.2719936320114 87.0262317971313 86.4393920798279 86.1452503449251 86.7407031025768 87.464890486794 88.3763672869338 88.1017550944912 87.9687876881329 87.7902436821677 87.875655195559 87.9270320549425 88.1267703554798 88.6483412726143 89.1375282090681 89.7227237438432 90.0237678183088 90.794347303033 90.8048648752964 88.8318968837718 88.6339971400568 88.7267817956414 88.6648420900727 88.9516862270445 89.2401585271969 89.3590782713891 -9999 -9999 -9999 90.3923400547616 90.7468498940569 91.1401361231067 -9999 -9999 -9999 -9999 -9999 -9999 -9999 -9999 -9999 -9999 -9999 -9999 -9999 -9999
85.5775707531734 85.6769362126542 85.5897219564015 85.9817107515615 86.5900836532756 87.1868751571715 86.6890706659889 85.7848467954555 86.6474583140426 87.534514690067 88.1252290202878 88.1123825757251 87.5307823177909 87.5344617314064 87.7348822644816 87.9114283145252 88.1153997907257 88.6290102676327 89.1698267638399 89.9592777610941 90.6639599058588 91.2746765129273 90.6934298501393 88.8422359040448 88.5571135439666 88.6388736557679 88.7021620815894 88.8753870168617 -9999 -9999 -9999 -9999 -9999 -9999 90.8075086099897 91.2581330101239 91.1480075124579 -9999 -9999 -9999 -9999 -9999 -9999 -9999 -9999 -9999 -9999 -9999 -9999 -9999
85.6106263838883 85.9036010454742 86.0178316395481 86.1393224460743 86.4556971391113 86.6327998396346 86.2177807233263 85.6906278337542 86.577320747574 87.0750707183946 87.3094858703908 87.7700540888878 87.7347077577663 87.2765492317029 87.2882080726214 87.7082718004294 88.1262991893305 88.595318989586 88.8770740815082 90.0373473790814 90.8554313820589 91.3065067364076 89.9070563142121 88.7214852781891 88.2430136064843 88.385089214284 -9999 -9999 -9999 -9999 -9999 -9999 -9999 -9999 90.7821043479225 91.3029591576087 91.7085919264023 -9999 -9999 -9999 -9999 -9999 -9999 -9999 -9999 -9999 -9999 -9999 -9999 -9999
85.5481226019846 85.906171844402 86.401872183597 86.8596693267168 86.5540721717854 86.2859296674707 85.8954359462911 85.678346145498 86.1526016301897 86.5379897421959 86.8758502519286 87.0225646020471 87.140563922703 87.0663467930882 87.2517609025239 87.8145704857358 88.2851040353864 88.3905262171162 88.4489390527741 90.0825636650371 90.5563681858758 90.1900255315451 -9999 88.3732571258662 88.1135717397762 88.0078170339354 -9999 -9999 -9999 -9999 -9999 89.910547000382 90.2050389242274 90.600795753071 90.8390128659567 -9999 -9999 -9999 -9999 -9999 -9999 -9999 -9999 -9999 -9999 -9999 -9999 -9999 -9999 96.665850451515
-9999 85.6500513308426 86.5880607774015 87.0556308862298 86.3953250316017 86.0562380014415 85.7844783639121 85.7240877082731 85.647694564503 86.0343134021635 86.5289070845349 86.8358883172709 86.6574456435581 86.976706007504 87.5287978493214 87.684799135675 88.1967573783073 88.2197640357439 88.4834091242449 88.7884409089358 89.5119855204853 89.2328242782865 88.3517864813184 87.9408591644585 88.1167280782315 88.0115282981602 -9999 -9999 -9999 -9999 89.6197735092243 89.9725267252521 90.4122593311828 90.7523580447333 90.8827835770191 -9999 -9999 -9999 -9999 -9999 -9999 -9999 -9999 -9999 -9999 95.0138595310384 95.4668808439758 96.0456004662677 96.481662342245 96.8211441639889
85.1079629953308 85.567623681944 86.3650857357593 86.7001338691638 86.3572349032144 85.8494511334461 85.7158611041294 85.6746084545833 85.5683957530879 85.7505105802737 86.1966680876234 86.5062148890239 86.6739039449771 87.1172495325003 87.7200511711953 87.9345041889148 88.1242123985896 87.8283102710329 88.1322178395004 -9999 88.2737269730333 88.2464712264883 87.8992776093706 87.6921600551221 87.7371074139837 87.9708697737377 88.3197395075962 -9999 -9999 -9999 89.660034563092 89.940378986529 90.2109211360534 90.5117978869327 90.707846933431 -9999 -9999 -9999 -9999 -9999 -9999 -9999 -9999 -9999 -9999 95.0516325790916 95.4799658479097 95.9762262031018 96.5089250159434 96.7384454527247
84.9960110392563 85.4170812347098 86.0192460658443 86.2974624837311 85.7596487559242 85.7026925071969 85.8539212631848 85.7183445939919 85.6324612043272 85.4998176184755 85.806050888572 86.6189116058101 87.7050763648114 87.8049175145683 87.5830512404444 86.9872621862983 87.2979548941795 87.4361829725814 86.8062171145864 86.9318497298027 -9999 86.9036893177213 87.1092750565541 87.4566382918768 87.6373997270283 87.7575681804993 87.979347560071 88.4419434646316 -9999 -9999 -9999 -9999 90.2235960690136 90.6265791830209 -9999 -9999 -9999 -9999 -9999 -9999 -9999 -9999 -9999 -9999 -9999 -9999 95.8953812358428 96.5795513228667 96.9401522915217 97.231539775688
84.862808114958 85.3605121713156 85.7800372728475 85.8556135200993 85.7658690840093 85.6501543004767 85.8978094937445 85.7994132961936 85.4920765120232 85.4741747566977 86.2038466850065 87.4825122654593 88.2179838288383 87.7045856194855 87.0692661545222 86.8020548983997 86.9500717906978 86.8229813805607 86.5293893769655 86.3175213845466 86.6176099538343 86.8528465862498 87.0118849509374 87.3145293173146 87.4589164230431 87.6956393463434 88.0469279454569 88.411578681105 88.7095361318142 89.0165030572009 89.7052739136688 90.1423709492321 -9999 90.5512689131711 -9999 -9999 -9999 -9999 -9999 -9999 -9999 -9999 -9999 -9999 -9999 95.3758061790999 95.8380381063533 96.4186353866808 96.9802029316652 97.3521177235581
84.5021190550435 84.9801019128747 85.2679512942756 85.5899456280061 85.792448316164 85.5657627506025 85.6327763462685 85.5273317211345 85.5401524469819 85.5688612013142 86.5918416537266 88.0861313477098 88.1150452052315 87.198503946377 86.5564458674116 86.5448070163675 86.2142356724782 86.1054137193754 86.0467289636643 86.2416019304033 86.2843431162992 86.5595135920844 86.9383697401014 87.2276011935553 87.5254050898626 87.708827604535 87.8634615962081 88.2079271628493 88.5622560144859 89.0609596088352 89.846879987236 90.1470444722334 90.4699500764807 90.7641723161319 90.9453156880705 -9999 -9999 -9999 -9999 -9999 -9999 -9999 -9999 -9999 -9999 95.6081955753405 -9999 96.4065973002231 97.1526693045071 97.5843231807898
84.3306120441357 84.6211933799284 84.7436009280638 85.370300011922 85.7832073462889 85.3564374409384 85.0925065821807 85.1500023024909 85.6023672219107 85.5748148123957 86.3479042733418 87.9425061225557 87.8856016814137 86.1504945018342 86.2345812600826 86.6816531047141 85.4906525577594 85.8092376255982 86.0782388222963 86.1307768224937 86.3136143641446 86.4798512758906 86.6583682976265 87.0343815751217 87.4939235797052 87.6908304633795 87.9127450861792 88.3980569110231 88.8032817359862 89.2532106784345 89.9047878050031 89.8705603353908 90.2717700899723 90.7476839390323 91.0193679703001 91.3719486879367 91.8542488703641 92.1813955730345 92.5653625128688 92.9580693260733 -9999 -9999 94.6354933015897 -9999 -9999 95.7149661053308 -9999 96.7442252607529 97.3734889625959 97.8672696784371
