rcp8.5models/CNRM-CM5/sc1gr8.15
NCOLS 261 
NROWS 433 
XLLCORNER 336357.134 
YLLCORNER 654653.479 
CELLSIZE 1000 
NODATA_value -3.4e+38 
[rows 154 to 175 of 433, columns 147 to 195 of 261]
128.846862792969 129.673461914062 130.596343994141 131.408355712891 131.648193359375 132.662155151367 133.260879516602 134.276779174805 135.394378662109 135.718841552734 136.105651855469 137.491058349609 137.891510009766 139.29768371582 140.220611572266 140.331130981445 140.438735961914 141.122650146484 142.471954345703 143.139572143555 -3.4e+38 145.202285766602 146.599639892578 146.806884765625 147.181777954102 147.15983581543 147.438323974609 147.48176574707 147.835052490234 147.401824951172 147.104400634766 147.115814208984 147.234375 146.098373413086 145.137268066406 143.855484008789 142.227523803711 140.485198974609 138.956832885742 137.240173339844 -3.4e+38 134.089462280273 132.502563476562 131.282165527344 129.893508911133 127.241088867188 125.879249572754 124.744697570801 124.021270751953
128.338775634766 128.645629882812 129.761871337891 130.300735473633 131.435104370117 132.14875793457 132.280426025391 133.452438354492 -3.4e+38 134.741897583008 135.253616333008 136.732833862305 136.645660400391 137.922882080078 138.765090942383 138.996459960938 139.109985351562 139.880157470703 -3.4e+38 142.304244995117 143.20881652832 143.688232421875 145.047149658203 145.831115722656 145.823913574219 145.922607421875 146.195053100586 146.341445922852 146.603775024414 146.642395019531 146.977172851562 146.53352355957 146.227554321289 145.342025756836 144.897674560547 143.811172485352 142.230743408203 140.445999145508 139.004364013672 137.169448852539 135.484344482422 134.024337768555 132.39533996582 131.221069335938 129.791625976562 127.143028259277 125.824859619141 124.876739501953 124.43872833252
128.087127685547 128.372512817383 129.107864379883 129.309097290039 130.671646118164 131.309005737305 132.234329223633 132.924011230469 133.044586181641 134.061187744141 134.563781738281 135.935012817383 136.280487060547 136.629028320312 137.201385498047 137.61946105957 138.132888793945 138.822219848633 139.753341674805 -3.4e+38 142.346923828125 142.361022949219 143.845840454102 144.419845581055 144.869110107422 145.036270141602 145.010711669922 145.095962524414 145.352462768555 145.49201965332 145.608703613281 145.404266357422 145.853561401367 145.007308959961 144.337615966797 143.898025512695 -3.4e+38 140.754547119141 139.090805053711 137.131042480469 135.496810913086 134.128219604492 132.633499145508 131.204040527344 129.822875976562 127.182022094727 125.963768005371 125.136489868164 124.374031066895
127.860534667969 128.096694946289 128.925140380859 129.201568603516 129.983963012695 130.265716552734 131.55615234375 132.301391601562 132.6943359375 133.188217163086 134.032241821289 134.614013671875 135.090896606445 135.825973510742 136.621932983398 136.78239440918 137.897048950195 138.234313964844 139.181060791016 140.122009277344 140.99755859375 141.279159545898 142.801696777344 143.174728393555 143.536483764648 143.617294311523 144.050506591797 144.207122802734 144.48127746582 144.938934326172 144.593734741211 144.321716308594 144.525482177734 143.664474487305 143.011978149414 143.060104370117 -3.4e+38 140.698501586914 138.943862915039 137.446701049805 135.776000976562 134.562240600586 133.097961425781 131.553161621094 129.839599609375 127.512687683105 126.311454772949 125.133270263672 124.075790405273
126.666534423828 127.407608032227 128.029708862305 129.014602661133 129.94660949707 129.991714477539 130.831481933594 131.390365600586 132.479782104492 132.690612792969 133.734008789062 133.867309570312 134.029052734375 135.042114257812 135.772750854492 136.372467041016 136.95378112793 137.60595703125 138.007888793945 139.15690612793 140.08447265625 140.184753417969 141.556915283203 142.310272216797 142.608825683594 142.364929199219 143.139068603516 143.58512878418 143.324523925781 143.789108276367 143.996719360352 144.050445556641 143.693984985352 142.797073364258 142.260848999023 142.223190307617 141.927459716797 140.541000366211 138.827056884766 137.289138793945 135.825836181641 134.838043212891 133.42707824707 131.550796508789 129.769714355469 127.398948669434 126.672027587891 125.335548400879 124.066383361816
125.692344665527 126.761093139648 127.269889831543 128.486419677734 129.09880065918 129.726715087891 130.053314208984 130.595596313477 131.341506958008 132.108612060547 132.781356811523 133.157516479492 133.489181518555 133.820510864258 134.580169677734 135.409622192383 136.186218261719 -3.4e+38 137.240371704102 138.568832397461 139.282073974609 139.830978393555 140.221710205078 141.160720825195 141.768478393555 142.095062255859 142.234970092773 142.694046020508 142.766525268555 142.620147705078 142.614868164062 142.76335144043 142.540267944336 142.772720336914 142.235809326172 142.082992553711 141.665267944336 140.701675415039 139.252014160156 137.254180908203 135.717483520508 134.720596313477 132.975021362305 131.021118164062 129.799301147461 127.367454528809 126.855766296387 125.827445983887 124.44157409668
125.653053283691 126.457695007324 126.842498779297 127.92903137207 128.134750366211 129.297897338867 129.552658081055 130.226470947266 130.431289672852 131.54948425293 131.723846435547 132.647323608398 133.24560546875 133.228927612305 -3.4e+38 -3.4e+38 135.659591674805 -3.4e+38 136.901977539062 137.550842285156 138.138458251953 138.984237670898 139.31330871582 139.904205322266 140.441070556641 141.130767822266 141.616943359375 141.670059204102 141.841842651367 141.816482543945 141.873428344727 141.732879638672 141.481170654297 141.59716796875 141.293701171875 141.494812011719 141.506958007812 140.515090942383 139.406173706055 137.484466552734 135.87939453125 134.346633911133 132.521728515625 131.000778198242 129.844635009766 127.254440307617 126.481254577637 125.258827209473 124.299171447754
124.944229125977 125.559127807617 126.270736694336 126.703239440918 127.007637023926 127.60107421875 128.355422973633 129.264846801758 130.091369628906 130.142593383789 130.563430786133 131.342651367188 131.621368408203 132.459289550781 -3.4e+38 -3.4e+38 133.898574829102 134.884658813477 135.177749633789 136.154373168945 136.47607421875 137.312362670898 137.893508911133 138.626007080078 139.044555664062 139.756256103516 139.685211181641 139.960327148438 140.518020629883 140.360992431641 139.836654663086 140.080673217773 140.737426757812 140.405029296875 139.864532470703 139.707214355469 139.326583862305 138.898147583008 138.699264526367 137.243743896484 135.222198486328 134.20849609375 133.05842590332 131.557067871094 130.420166015625 127.643440246582 126.61644744873 125.68807220459 124.53328704834
124.394622802734 124.594818115234 125.769317626953 126.022979736328 126.714912414551 126.917297363281 127.980941772461 127.856376647949 128.567749023438 129.120300292969 129.617736816406 130.420303344727 131.013595581055 -3.4e+38 -3.4e+38 -3.4e+38 133.571334838867 134.154525756836 134.588165283203 135.230773925781 135.813339233398 136.455368041992 136.973327636719 137.470275878906 137.920852661133 138.780639648438 -3.4e+38 139.141265869141 139.482727050781 139.453094482422 139.506637573242 139.468032836914 139.551773071289 139.802261352539 139.827011108398 139.669006347656 139.288314819336 138.741836547852 138.43977355957 137.181533813477 135.14274597168 134.058166503906 132.898971557617 131.360565185547 130.438446044922 127.955535888672 126.897354125977 125.901153564453 124.64729309082
123.982086181641 124.303749084473 125.240493774414 125.251899719238 125.877738952637 126.539337158203 127.02254486084 127.255592346191 127.481781005859 128.195434570312 128.54296875 129.81364440918 130.582061767578 -3.4e+38 -3.4e+38 -3.4e+38 132.987091064453 133.414916992188 134.3115234375 134.616195678711 135.270294189453 135.335601806641 136.688262939453 136.950942993164 137.538238525391 137.674942016602 138.235885620117 138.496215820312 138.491271972656 138.634750366211 138.889068603516 139.203796386719 138.745300292969 138.609146118164 138.515823364258 138.817031860352 139.247421264648 138.700607299805 138.459442138672 137.308547973633 135.336807250977 134.181228637695 132.779937744141 131.291107177734 130.296798706055 127.977890014648 126.749954223633 125.89705657959 124.977836608887
123.737602233887 124.039543151855 124.958274841309 124.538955688477 124.902534484863 125.949935913086 126.054679870605 126.984603881836 127.264022827148 128.109802246094 128.184127807617 129.499435424805 130.360198974609 -3.4e+38 -3.4e+38 131.478729248047 131.977432250977 132.588623046875 133.448989868164 134.275344848633 134.623168945312 134.960021972656 136.31298828125 136.378051757812 136.901779174805 137.383605957031 137.309387207031 137.581634521484 138.135101318359 137.976745605469 137.831985473633 138.492126464844 138.531478881836 -3.4e+38 137.463272094727 137.668029785156 138.245910644531 138.250137329102 138.171920776367 137.412780761719 135.561706542969 134.375045776367 133.155639648438 131.722518920898 130.435852050781 128.084457397461 126.657218933105 125.809066772461 124.789657592773
123.68383026123 123.501922607422 124.096740722656 124.473487854004 124.570556640625 125.510025024414 125.808662414551 126.615417480469 126.591178894043 127.458923339844 127.794738769531 128.940383911133 129.443466186523 130.04719543457 130.101837158203 131.031005859375 131.357391357422 132.049957275391 132.635696411133 133.667617797852 133.567260742188 134.312088012695 135.39714050293 135.788391113281 135.723251342773 136.518966674805 137.014572143555 136.752838134766 137.403884887695 137.639007568359 137.213409423828 137.298889160156 137.357223510742 137.96076965332 137.417053222656 137.255294799805 137.12353515625 137.011978149414 137.277847290039 137.518005371094 136.166259765625 134.599502563477 133.449859619141 132.13752746582 130.653793334961 128.045272827148 126.490791320801 125.932723999023 124.874099731445
123.702995300293 123.211448669434 123.312377929688 124.266983032227 124.499496459961 125.33918762207 125.442153930664 125.730812072754 126.092964172363 126.635765075684 127.33943939209 128.677947998047 128.828842163086 129.773788452148 129.80451965332 130.791290283203 131.02001953125 131.394790649414 132.09944152832 132.538772583008 132.992553710938 133.447540283203 134.55696105957 135.049285888672 135.149185180664 135.266555786133 135.811508178711 136.222686767578 136.45964050293 136.796661376953 137.059906005859 -3.4e+38 136.270370483398 137.098770141602 -3.4e+38 137.206130981445 136.823593139648 136.273986816406 136.356185913086 136.742340087891 136.065628051758 134.342559814453 133.24137878418 132.059906005859 130.902130126953 128.379241943359 126.558364868164 125.7724609375 125.239646911621
122.467674255371 122.729537963867 123.051902770996 124.101119995117 124.211776733398 124.687431335449 125.20198059082 125.201843261719 125.910148620605 126.1708984375 127.065757751465 128.655471801758 128.400924682617 128.901107788086 129.389282226562 129.861373901367 130.423355102539 130.642639160156 131.831619262695 132.039321899414 132.859512329102 132.827850341797 134.037933349609 134.516677856445 135.100524902344 134.778686523438 134.828964233398 135.860534667969 135.704895019531 135.558578491211 -3.4e+38 136.648849487305 136.110763549805 135.943344116211 136.361785888672 -3.4e+38 136.893524169922 136.435531616211 136.053985595703 136.015335083008 135.576904296875 134.190368652344 133.073364257812 132.033584594727 130.868789672852 128.67121887207 127.007598876953 126.118362426758 125.532592773438
121.478897094727 122.34326171875 122.911933898926 124.125305175781 124.074043273926 124.47087097168 125.410575866699 125.193321228027 125.818397521973 125.685249328613 126.330307006836 127.480796813965 127.841407775879 128.185958862305 129.110504150391 129.235214233398 130.12956237793 130.324371337891 131.448257446289 131.433898925781 132.20295715332 132.531204223633 133.692535400391 133.815780639648 134.227249145508 134.727020263672 134.466461181641 135.120147705078 135.360580444336 134.934722900391 -3.4e+38 136.020874023438 136.057052612305 135.526626586914 135.231140136719 135.941146850586 136.532638549805 136.292144775391 135.999938964844 135.829879760742 135.351089477539 134.341354370117 133.274703979492 131.902328491211 130.452865600586 128.629241943359 127.153823852539 126.293174743652 125.778114318848
121.491165161133 122.258224487305 122.324905395508 123.184196472168 123.953720092773 124.717811584473 125.575492858887 124.887367248535 125.15966796875 125.328117370605 125.577217102051 126.520553588867 127.545776367188 127.846397399902 128.866516113281 128.894271850586 129.467300415039 129.89143371582 130.44059753418 130.682022094727 131.441421508789 132.481323242188 132.945083618164 133.235656738281 133.079544067383 133.851760864258 134.161346435547 134.280563354492 134.721435546875 134.774856567383 134.730895996094 135.243225097656 135.968887329102 135.588439941406 135.136535644531 135.322250366211 136.154525756836 135.880218505859 135.530136108398 135.509063720703 135.31298828125 134.369750976562 133.42448425293 132.164932250977 130.456359863281 128.690017700195 127.552917480469 126.094871520996 125.137832641602
121.287483215332 122.189529418945 121.845268249512 122.4111328125 123.791412353516 124.807632446289 125.687225341797 124.34342956543 124.327537536621 125.026733398438 125.381362915039 126.491287231445 127.432838439941 127.260551452637 127.93115234375 128.397857666016 128.918869018555 129.598876953125 -3.4e+38 130.544387817383 130.79753112793 131.490829467773 132.401916503906 133.179916381836 132.676406860352 133.119293212891 133.962219238281 133.738967895508 134.191772460938 134.716506958008 134.566467285156 134.66389465332 135.177551269531 135.374542236328 135.247833251953 134.949920654297 135.538955688477 135.702178955078 135.142807006836 135.085998535156 135.018737792969 134.20002746582 133.138687133789 132.262054443359 130.626007080078 128.469329833984 127.663513183594 126.118057250977 125.100891113281
120.83487701416 121.533409118652 121.846885681152 122.314140319824 123.388076782227 123.793159484863 124.286796569824 124.09107208252 124.070526123047 124.747024536133 125.058685302734 126.160514831543 126.766807556152 126.977737426758 127.297882080078 128.081176757812 128.557800292969 129.338577270508 129.538543701172 129.880966186523 -3.4e+38 130.672500610352 131.814590454102 132.524291992188 -3.4e+38 132.7431640625 133.198303222656 133.364700317383 133.698883056641 134.287673950195 134.505355834961 134.351654052734 134.236114501953 -3.4e+38 134.934371948242 134.638916015625 134.720764160156 135.208511352539 135.293518066406 134.902191162109 134.719863891602 134.04020690918 132.661148071289 131.767028808594 130.825607299805 128.482299804688 127.511085510254 126.367111206055 125.261924743652
120.327079772949 120.807601928711 121.752182006836 121.728515625 122.500564575195 123.115676879883 122.969955444336 123.76326751709 123.837333679199 124.646003723145 124.491004943848 125.579956054688 126.009414672852 126.938133239746 127.255279541016 127.952033996582 128.25260925293 129.009216308594 129.024276733398 129.328689575195 130.35026550293 -3.4e+38 131.207992553711 131.634750366211 132.329452514648 132.431167602539 132.657760620117 133.200592041016 133.158660888672 133.559036254883 134.201293945312 134.287948608398 133.922088623047 -3.4e+38 134.525924682617 134.175979614258 134.149978637695 134.799331665039 135.399047851562 134.838714599609 134.658218383789 134.263900756836 133.06413269043 131.827377319336 131.276428222656 128.659042358398 127.738945007324 126.698532104492 125.784774780273
119.937065124512 120.014450073242 120.942520141602 120.693115234375 121.272514343262 122.757217407227 122.565643310547 123.177185058594 122.877807617188 123.428337097168 124.007202148438 125.076629638672 125.197135925293 -3.4e+38 126.168556213379 127.023178100586 127.601440429688 127.695770263672 128.543685913086 128.623611450195 129.725524902344 129.720825195312 130.988525390625 130.921661376953 131.204956054688 131.762573242188 131.986770629883 132.483703613281 132.922515869141 132.568664550781 132.591461181641 133.579971313477 133.407073974609 -3.4e+38 134.48908996582 134.102737426758 133.545257568359 133.486343383789 133.671325683594 134.104232788086 134.504730224609 134.090942382812 133.40544128418 132.546432495117 131.370346069336 128.555053710938 127.841583251953 127.216094970703 126.127532958984
119.725570678711 119.935745239258 120.764602661133 120.605712890625 120.841598510742 122.121078491211 122.211463928223 122.703758239746 122.495018005371 122.890068054199 123.770248413086 125.036933898926 124.85474395752 125.434928894043 125.619049072266 126.187019348145 127.335586547852 127.640342712402 128.485931396484 128.260360717773 128.965362548828 129.365005493164 130.69841003418 130.605392456055 130.652938842773 131.595230102539 131.355361938477 131.578430175781 132.615661621094 132.499038696289 132.213226318359 132.828552246094 -3.4e+38 -3.4e+38 133.857528686523 134.150054931641 133.686187744141 133.29704284668 133.117370605469 133.399948120117 134.186614990234 134.145614624023 133.680114746094 132.85627746582 131.227676391602 128.333892822266 127.344253540039 126.52613067627 126.151626586914
119.460243225098 119.428756713867 120.099319458008 120.593612670898 120.65397644043 121.624176025391 121.604682922363 121.861656188965 122.309417724609 122.442802429199 123.472015380859 124.789245605469 124.564865112305 124.874038696289 125.568908691406 126.049057006836 127.00089263916 127.262191772461 128.210433959961 127.950462341309 128.40412902832 129.207809448242 130.330871582031 130.310302734375 130.583618164062 131.524810791016 131.184127807617 131.213607788086 132.223342895508 132.29963684082 132.101715087891 132.291198730469 133.162567138672 -3.4e+38 -3.4e+38 134.172241210938 133.783828735352 133.225296020508 133.045562744141 132.895721435547 133.200149536133 133.83723449707 133.709426879883 132.691833496094 130.985717773438 -3.4e+38 -3.4e+38 -3.4e+38 125.630279541016
