rcp8.5models/CNRM-CM5/sc1gr5.14
NCOLS 261 
NROWS 433 
XLLCORNER 336357.134 
YLLCORNER 654653.479 
CELLSIZE 1000 
NODATA_value -3.4e+38 
[rows 374 to 395 of 433, columns 196 to 244 of 261]
283.679534912109 283.32373046875 283.340972900391 283.663024902344 283.766540527344 283.886444091797 283.548797607422 283.446380615234 283.725463867188 284.099945068359 284.134216308594 284.405487060547 284.746917724609 284.841094970703 284.753143310547 284.594879150391 283.950439453125 283.853576660156 284.318878173828 284.389007568359 284.602264404297 283.990600585938 284.166778564453 284.433776855469 284.746063232422 284.88525390625 284.575897216797 284.649780273438 284.731262207031 285.2734375 286.046630859375 286.037933349609 286.502777099609 286.213195800781 286.127716064453 286.2529296875 286.244262695312 286.269256591797 286.336639404297 285.271575927734 -3.4e+38 -3.4e+38 -3.4e+38 -3.4e+38 -3.4e+38 -3.4e+38 -3.4e+38 -3.4e+38 -3.4e+38
283.942993164062 283.711486816406 283.841186523438 283.906890869141 283.953918457031 283.918884277344 283.76611328125 283.753570556641 283.903900146484 284.015106201172 284.131927490234 284.678344726562 284.793029785156 284.758422851562 284.592712402344 284.235900878906 284.165252685547 283.830139160156 284.7060546875 284.690673828125 284.982482910156 284.327606201172 284.529388427734 284.893341064453 285.032318115234 284.948059082031 284.178894042969 284.156463623047 284.223022460938 284.757843017578 285.81005859375 286.065124511719 286.621124267578 286.545989990234 286.105285644531 286.108764648438 286.201629638672 286.368286132812 -3.4e+38 -3.4e+38 -3.4e+38 -3.4e+38 -3.4e+38 -3.4e+38 -3.4e+38 -3.4e+38 -3.4e+38 -3.4e+38 -3.4e+38
284.053527832031 284.166839599609 284.150848388672 284.096923828125 283.968048095703 284.035491943359 284.048767089844 283.918029785156 284.082427978516 284.197296142578 283.974060058594 284.282318115234 284.583984375 284.771362304688 284.659118652344 284.323364257812 284.53662109375 284.091094970703 284.770965576172 284.724426269531 285.026519775391 284.592346191406 284.910614013672 285.124145507812 285.162994384766 284.918182373047 284.399658203125 284.246612548828 284.188995361328 284.422088623047 285.371917724609 285.892395019531 286.145202636719 286.502777099609 286.348175048828 286.217651367188 -3.4e+38 -3.4e+38 -3.4e+38 -3.4e+38 -3.4e+38 -3.4e+38 -3.4e+38 -3.4e+38 -3.4e+38 -3.4e+38 -3.4e+38 -3.4e+38 -3.4e+38
283.963531494141 284.074645996094 284.058319091797 284.061401367188 284.113067626953 284.112609863281 284.142272949219 284.096618652344 284.296173095703 284.323394775391 284.232238769531 284.178039550781 284.368041992188 284.715850830078 284.8037109375 284.665130615234 284.719085693359 284.750274658203 285.150390625 284.868103027344 285.307495117188 285.005828857422 285.226928710938 285.344848632812 285.233551025391 285.056823730469 284.850891113281 284.792938232422 284.522064208984 284.662780761719 285.164398193359 285.394348144531 285.692962646484 286.232177734375 -3.4e+38 -3.4e+38 -3.4e+38 -3.4e+38 -3.4e+38 -3.4e+38 -3.4e+38 -3.4e+38 -3.4e+38 -3.4e+38 -3.4e+38 -3.4e+38 -3.4e+38 -3.4e+38 -3.4e+38
283.578857421875 283.802398681641 283.740539550781 283.882110595703 284.170928955078 284.090148925781 284.055328369141 284.175323486328 284.318420410156 284.272521972656 284.619781494141 284.452453613281 284.434020996094 284.71533203125 284.812408447266 284.744018554688 284.845550537109 285.053466796875 285.309417724609 285.130065917969 285.519378662109 285.447570800781 285.497985839844 285.751525878906 285.612945556641 285.593811035156 285.460418701172 285.121246337891 284.924377441406 284.992065429688 285.281311035156 285.153472900391 285.368041992188 285.355834960938 284.708984375 286.591064453125 -3.4e+38 -3.4e+38 -3.4e+38 -3.4e+38 -3.4e+38 -3.4e+38 -3.4e+38 -3.4e+38 -3.4e+38 -3.4e+38 -3.4e+38 -3.4e+38 -3.4e+38
283.150512695312 283.686645507812 283.839416503906 283.952209472656 283.914764404297 283.886993408203 284.033325195312 284.201751708984 284.219360351562 284.386688232422 284.599060058594 284.720672607422 284.718048095703 284.762084960938 284.759826660156 284.841796875 284.976043701172 285.038543701172 285.139862060547 285.287994384766 285.702362060547 285.682769775391 285.643951416016 285.865783691406 286.019805908203 286.061492919922 285.799621582031 285.140502929688 285.060363769531 285.095550537109 285.401092529297 284.970092773438 284.554504394531 284.524566650391 -3.4e+38 -3.4e+38 -3.4e+38 -3.4e+38 -3.4e+38 -3.4e+38 -3.4e+38 -3.4e+38 -3.4e+38 -3.4e+38 -3.4e+38 -3.4e+38 -3.4e+38 -3.4e+38 -3.4e+38
282.591247558594 283.533569335938 283.728179931641 283.739685058594 282.767456054688 280.601440429688 283.539916992188 283.960876464844 284.113555908203 284.496459960938 284.544555664062 284.824310302734 284.927734375 284.844177246094 284.841278076172 284.904510498047 284.956909179688 284.948760986328 285.175567626953 285.496337890625 285.685150146484 285.666259765625 285.636199951172 285.874633789062 286.028594970703 286.150848388672 285.991424560547 285.463684082031 285.239654541016 285.237823486328 285.552856445312 284.997680664062 284.780639648438 -3.4e+38 -3.4e+38 -3.4e+38 -3.4e+38 -3.4e+38 -3.4e+38 -3.4e+38 -3.4e+38 -3.4e+38 -3.4e+38 -3.4e+38 -3.4e+38 -3.4e+38 -3.4e+38 -3.4e+38 -3.4e+38
282.486358642578 283.322845458984 283.316101074219 281.583435058594 275.374359130859 274.570495605469 282.407043457031 283.963928222656 284.027252197266 284.101928710938 284.286651611328 284.587493896484 284.802062988281 284.873291015625 284.647155761719 284.582641601562 284.254058837891 283.771240234375 284.943817138672 285.333404541016 285.311004638672 285.547515869141 285.548889160156 285.715789794922 285.656616210938 286.146118164062 286.055145263672 285.952941894531 285.713531494141 285.551055908203 285.856964111328 -3.4e+38 -3.4e+38 -3.4e+38 -3.4e+38 -3.4e+38 -3.4e+38 -3.4e+38 -3.4e+38 -3.4e+38 -3.4e+38 -3.4e+38 -3.4e+38 -3.4e+38 -3.4e+38 -3.4e+38 -3.4e+38 -3.4e+38 -3.4e+38
282.429260253906 282.128479003906 282.117523193359 278.441284179688 273.298400878906 277.090637207031 282.236755371094 283.638488769531 282.684997558594 283.568756103516 283.967864990234 284.348907470703 284.633941650391 284.636993408203 284.127899169922 283.902191162109 283.091339111328 282.366760253906 284.712066650391 284.53271484375 284.831512451172 285.613525390625 285.548095703125 285.750335693359 285.677581787109 285.672821044922 285.907409667969 285.982330322266 286.034515380859 285.850952148438 -3.4e+38 -3.4e+38 -3.4e+38 -3.4e+38 -3.4e+38 -3.4e+38 -3.4e+38 -3.4e+38 -3.4e+38 -3.4e+38 -3.4e+38 -3.4e+38 -3.4e+38 -3.4e+38 -3.4e+38 -3.4e+38 -3.4e+38 -3.4e+38 -3.4e+38
281.463958740234 281.443908691406 280.65380859375 281.274780273438 281.977996826172 282.242889404297 282.420562744141 282.875061035156 282.713287353516 283.029907226562 283.596069335938 283.826049804688 284.021514892578 284.023864746094 283.808441162109 283.690704345703 283.25341796875 283.506286621094 283.868408203125 284.065826416016 284.548797607422 284.807586669922 285.179779052734 285.641479492188 285.919860839844 285.956634521484 285.809143066406 285.828430175781 285.947723388672 285.790954589844 -3.4e+38 -3.4e+38 -3.4e+38 -3.4e+38 -3.4e+38 -3.4e+38 -3.4e+38 -3.4e+38 -3.4e+38 -3.4e+38 -3.4e+38 -3.4e+38 -3.4e+38 -3.4e+38 -3.4e+38 -3.4e+38 -3.4e+38 -3.4e+38 -3.4e+38
282.407196044922 281.882263183594 281.043884277344 281.951263427734 281.936737060547 282.751251220703 283.074462890625 282.808746337891 282.724853515625 283.073181152344 283.487518310547 283.588195800781 283.566528320312 283.873077392578 284.032104492188 283.949676513672 284.315551757812 284.3271484375 283.697875976562 283.839752197266 284.21044921875 284.739562988281 285.198852539062 285.665740966797 285.970092773438 -3.4e+38 -3.4e+38 -3.4e+38 -3.4e+38 -3.4e+38 -3.4e+38 -3.4e+38 -3.4e+38 -3.4e+38 -3.4e+38 -3.4e+38 -3.4e+38 -3.4e+38 -3.4e+38 -3.4e+38 -3.4e+38 -3.4e+38 -3.4e+38 -3.4e+38 -3.4e+38 -3.4e+38 -3.4e+38 -3.4e+38 -3.4e+38
282.919403076172 282.591918945312 282.190582275391 282.938232421875 282.633819580078 283.520050048828 283.650939941406 283.138092041016 283.024291992188 283.221984863281 283.557312011719 283.55859375 283.447967529297 283.948089599609 284.147155761719 284.220520019531 284.356811523438 284.732757568359 284.233978271484 284.056915283203 283.873382568359 284.841491699219 285.603759765625 285.843475341797 -3.4e+38 -3.4e+38 -3.4e+38 -3.4e+38 -3.4e+38 -3.4e+38 -3.4e+38 -3.4e+38 -3.4e+38 -3.4e+38 -3.4e+38 -3.4e+38 -3.4e+38 -3.4e+38 -3.4e+38 -3.4e+38 -3.4e+38 -3.4e+38 -3.4e+38 -3.4e+38 -3.4e+38 -3.4e+38 -3.4e+38 -3.4e+38 -3.4e+38
283.173248291016 283.390930175781 283.561859130859 283.669769287109 283.4130859375 283.583435058594 283.995391845703 283.584075927734 283.602203369141 283.770385742188 283.919067382812 283.718353271484 283.546630859375 283.712493896484 283.638092041016 283.695251464844 283.940673828125 284.743713378906 285.089385986328 285.014495849609 284.419769287109 285.282165527344 285.662445068359 -3.4e+38 -3.4e+38 -3.4e+38 -3.4e+38 -3.4e+38 -3.4e+38 -3.4e+38 -3.4e+38 -3.4e+38 -3.4e+38 -3.4e+38 -3.4e+38 -3.4e+38 -3.4e+38 -3.4e+38 -3.4e+38 -3.4e+38 -3.4e+38 -3.4e+38 -3.4e+38 -3.4e+38 -3.4e+38 -3.4e+38 -3.4e+38 -3.4e+38 -3.4e+38
281.873291015625 283.949249267578 284.036010742188 284.116455078125 283.899688720703 283.781433105469 284.306549072266 284.028442382812 284.180541992188 284.31298828125 284.268218994141 283.798278808594 283.59375 283.646820068359 283.619750976562 283.599761962891 283.883697509766 284.146270751953 285.140289306641 285.546936035156 285.492156982422 285.817810058594 285.780487060547 -3.4e+38 -3.4e+38 -3.4e+38 -3.4e+38 -3.4e+38 -3.4e+38 -3.4e+38 -3.4e+38 -3.4e+38 -3.4e+38 -3.4e+38 -3.4e+38 -3.4e+38 -3.4e+38 -3.4e+38 -3.4e+38 -3.4e+38 -3.4e+38 -3.4e+38 -3.4e+38 -3.4e+38 -3.4e+38 -3.4e+38 -3.4e+38 -3.4e+38 -3.4e+38
282.186737060547 284.210266113281 284.363433837891 284.443267822266 284.245788574219 284.120941162109 284.433898925781 284.473754882812 284.724822998047 284.642852783203 284.289031982422 283.912872314453 283.503601074219 283.67724609375 284.258758544922 284.355987548828 283.8212890625 283.491027832031 284.865509033203 285.273529052734 285.926940917969 -3.4e+38 -3.4e+38 -3.4e+38 -3.4e+38 -3.4e+38 -3.4e+38 -3.4e+38 -3.4e+38 -3.4e+38 -3.4e+38 -3.4e+38 -3.4e+38 -3.4e+38 -3.4e+38 -3.4e+38 -3.4e+38 -3.4e+38 -3.4e+38 -3.4e+38 -3.4e+38 -3.4e+38 -3.4e+38 -3.4e+38 -3.4e+38 -3.4e+38 -3.4e+38 -3.4e+38 -3.4e+38
284.153686523438 284.407836914062 284.671722412109 284.741271972656 284.722351074219 284.462707519531 284.530548095703 284.748870849609 285.051849365234 284.584228515625 284.117462158203 284.076263427734 283.656890869141 283.776000976562 284.471435546875 284.838470458984 284.287536621094 284.093078613281 284.878234863281 285.175231933594 285.383483886719 -3.4e+38 -3.4e+38 -3.4e+38 -3.4e+38 -3.4e+38 -3.4e+38 -3.4e+38 -3.4e+38 -3.4e+38 -3.4e+38 -3.4e+38 -3.4e+38 -3.4e+38 -3.4e+38 -3.4e+38 -3.4e+38 -3.4e+38 -3.4e+38 -3.4e+38 -3.4e+38 -3.4e+38 -3.4e+38 -3.4e+38 -3.4e+38 -3.4e+38 -3.4e+38 -3.4e+38 -3.4e+38
284.683837890625 285.013092041016 285.046356201172 284.984375 284.947235107422 284.586212158203 284.573944091797 284.995147705078 285.181762695312 284.361785888672 284.349670410156 284.348693847656 284.359710693359 284.227508544922 284.726104736328 285.108001708984 284.8076171875 285.087280273438 285.310455322266 -3.4e+38 -3.4e+38 -3.4e+38 -3.4e+38 -3.4e+38 -3.4e+38 -3.4e+38 -3.4e+38 -3.4e+38 -3.4e+38 -3.4e+38 -3.4e+38 -3.4e+38 -3.4e+38 -3.4e+38 -3.4e+38 -3.4e+38 -3.4e+38 -3.4e+38 -3.4e+38 -3.4e+38 -3.4e+38 -3.4e+38 -3.4e+38 -3.4e+38 -3.4e+38 -3.4e+38 -3.4e+38 -3.4e+38 -3.4e+38
285.260223388672 285.570922851562 285.521575927734 285.288635253906 284.840148925781 284.379058837891 284.371154785156 285.287963867188 285.443664550781 284.951446533203 284.623809814453 284.809356689453 284.939208984375 284.481597900391 284.986236572266 285.207702636719 285.380584716797 -3.4e+38 -3.4e+38 -3.4e+38 -3.4e+38 -3.4e+38 -3.4e+38 -3.4e+38 -3.4e+38 -3.4e+38 -3.4e+38 -3.4e+38 -3.4e+38 -3.4e+38 -3.4e+38 -3.4e+38 -3.4e+38 -3.4e+38 -3.4e+38 -3.4e+38 -3.4e+38 -3.4e+38 -3.4e+38 -3.4e+38 -3.4e+38 -3.4e+38 -3.4e+38 -3.4e+38 -3.4e+38 -3.4e+38 -3.4e+38 -3.4e+38 -3.4e+38
285.929016113281 285.926177978516 285.71728515625 285.561737060547 284.901336669922 284.339782714844 284.078247070312 284.791076660156 285.513641357422 285.625213623047 285.007476806641 285.063995361328 285.315795898438 284.995086669922 285.169586181641 -3.4e+38 -3.4e+38 -3.4e+38 -3.4e+38 -3.4e+38 -3.4e+38 -3.4e+38 -3.4e+38 -3.4e+38 -3.4e+38 -3.4e+38 -3.4e+38 -3.4e+38 -3.4e+38 -3.4e+38 -3.4e+38 -3.4e+38 -3.4e+38 -3.4e+38 -3.4e+38 -3.4e+38 -3.4e+38 -3.4e+38 -3.4e+38 -3.4e+38 -3.4e+38 -3.4e+38 -3.4e+38 -3.4e+38 -3.4e+38 -3.4e+38 -3.4e+38 -3.4e+38 -3.4e+38
286.0703125 286.039001464844 285.871307373047 285.406036376953 284.792755126953 284.16552734375 283.753265380859 284.444183349609 284.850799560547 285.558959960938 285.658081054688 285.313690185547 285.649749755859 285.688659667969 285.634552001953 -3.4e+38 -3.4e+38 -3.4e+38 -3.4e+38 -3.4e+38 -3.4e+38 -3.4e+38 -3.4e+38 -3.4e+38 -3.4e+38 -3.4e+38 -3.4e+38 -3.4e+38 -3.4e+38 -3.4e+38 -3.4e+38 -3.4e+38 -3.4e+38 -3.4e+38 -3.4e+38 -3.4e+38 -3.4e+38 -3.4e+38 -3.4e+38 -3.4e+38 -3.4e+38 -3.4e+38 -3.4e+38 -3.4e+38 -3.4e+38 -3.4e+38 -3.4e+38 -3.4e+38 -3.4e+38
285.813415527344 -3.4e+38 -3.4e+38 285.413848876953 284.590454101562 284.162261962891 283.800354003906 284.705657958984 284.486511230469 285.147155761719 285.707214355469 285.637725830078 285.949462890625 285.892272949219 -3.4e+38 -3.4e+38 -3.4e+38 -3.4e+38 -3.4e+38 -3.4e+38 -3.4e+38 -3.4e+38 -3.4e+38 -3.4e+38 -3.4e+38 -3.4e+38 -3.4e+38 -3.4e+38 -3.4e+38 -3.4e+38 -3.4e+38 -3.4e+38 -3.4e+38 -3.4e+38 -3.4e+38 -3.4e+38 -3.4e+38 -3.4e+38 -3.4e+38 -3.4e+38 -3.4e+38 -3.4e+38 -3.4e+38 -3.4e+38 -3.4e+38 -3.4e+38 -3.4e+38 -3.4e+38 -3.4e+38
286.012756347656 285.834045410156 285.583862304688 285.08935546875 284.783599853516 285.004119873047 285.269989013672 285.092803955078 285.634246826172 285.498474121094 285.709136962891 285.310607910156 285.795227050781 -3.4e+38 -3.4e+38 -3.4e+38 -3.4e+38 -3.4e+38 -3.4e+38 -3.4e+38 -3.4e+38 -3.4e+38 -3.4e+38 -3.4e+38 -3.4e+38 -3.4e+38 -3.4e+38 -3.4e+38 -3.4e+38 -3.4e+38 -3.4e+38 -3.4e+38 -3.4e+38 -3.4e+38 -3.4e+38 -3.4e+38 -3.4e+38 -3.4e+38 -3.4e+38 -3.4e+38 -3.4e+38 -3.4e+38 -3.4e+38 -3.4e+38 -3.4e+38 -3.4e+38 -3.4e+38 -3.4e+38 -3.4e+38
