rcp8.5models/CNRM-CM5/sc1gr6.29
NCOLS 261 
NROWS 433 
XLLCORNER 336357.134 
YLLCORNER 654653.479 
CELLSIZE 1000 
NODATA_value -3.4e+38 
[rows 396 to 417 of 433, columns 147 to 195 of 261]
1134.39172363281 1098.25793457031 1072.25207519531 1052.6640625 1042.17468261719 1029.07666015625 1011.69128417969 995.094360351562 981.402282714844 967.277587890625 955.341003417969 938.580871582031 932.135375976562 926.193176269531 922.243041992188 920.667419433594 917.534484863281 909.379638671875 900.400268554688 895.041564941406 889.978942871094 890.132019042969 884.984924316406 885.7451171875 885.757568359375 880.120239257812 873.752319335938 -3.4e+38 -3.4e+38 864.277770996094 861.88037109375 -3.4e+38 -3.4e+38 860.4091796875 862.012329101562 863.718811035156 865.608215332031 867.775390625 869.640075683594 869.191467285156 869.279174804688 871.061462402344 873.042602539062 873.123229980469 874.289978027344 -3.4e+38 878.455871582031 879.673889160156 882.682678222656
1139.53393554688 1102.14660644531 1073.39819335938 1045.97119140625 1029.36218261719 1020.18176269531 1007.33135986328 988.371398925781 974.086364746094 962.288208007812 951.641296386719 934.639709472656 928.310241699219 922.984985351562 920.857238769531 917.696044921875 913.306945800781 904.6328125 895.794372558594 891.024169921875 886.057434082031 886.955871582031 878.826843261719 880.641967773438 883.884826660156 883.470092773438 871.245239257812 867.987243652344 -3.4e+38 -3.4e+38 860.891418457031 -3.4e+38 -3.4e+38 859.226379394531 860.170715332031 860.47412109375 864.516723632812 865.538146972656 865.1298828125 866.366149902344 867.32177734375 868.174682617188 870.838806152344 870.908813476562 872.135620117188 -3.4e+38 -3.4e+38 879.305603027344 881.6396484375
1121.32092285156 1095.00061035156 1067.41149902344 1041.12573242188 1021.67810058594 1010.98291015625 1004.39251708984 989.845886230469 971.832214355469 957.152526855469 946.711120605469 932.195434570312 926.177795410156 918.831787109375 914.201293945312 907.434814453125 904.849975585938 899.680236816406 891.132446289062 887.209899902344 883.012268066406 882.449340820312 876.353149414062 877.212524414062 881.960388183594 884.174926757812 870.683532714844 866.275329589844 864.452026367188 862.47509765625 861.083312988281 859.047973632812 858.228637695312 858.403991699219 858.876342773438 858.991088867188 860.514282226562 862.37744140625 862.090942382812 862.736206054688 865.589294433594 865.651000976562 867.012084960938 868.202575683594 -3.4e+38 874.644714355469 874.48681640625 -3.4e+38 879.411682128906
1102.14538574219 1079.7802734375 1057.04699707031 1033.39184570312 1014.05712890625 1002.30676269531 994.576416015625 985.861145019531 971.031860351562 956.674926757812 943.231811523438 928.174011230469 921.906677246094 912.939270019531 907.091979980469 900.598693847656 899.865539550781 897.284423828125 888.620483398438 885.084838867188 880.731506347656 879.099792480469 876.5673828125 878.125610351562 879.843139648438 880.098510742188 873.602478027344 866.973754882812 863.154663085938 861.08984375 859.373413085938 857.650939941406 856.000244140625 856.558044433594 858.736022949219 856.663635253906 856.719543457031 860.420349121094 860.101257324219 859.622924804688 863.633972167969 863.363220214844 864.519958496094 866.408874511719 -3.4e+38 872.778991699219 874.934692382812 875.502197265625 876.764892578125
1092.88500976562 1069.13854980469 1048.2548828125 1028.99401855469 1008.94213867188 994.263427734375 982.843811035156 974.824096679688 967.314514160156 955.199096679688 940.121643066406 925.033081054688 917.779602050781 909.057067871094 -3.4e+38 -3.4e+38 896.747924804688 894.64990234375 885.060729980469 880.599365234375 876.896362304688 874.742736816406 874.535400390625 877.195495605469 876.239379882812 875.09521484375 873.630676269531 869.438598632812 865.538818359375 860.220275878906 856.636962890625 855.377014160156 854.472229003906 853.31982421875 855.210876464844 855.363220214844 854.420776367188 856.752685546875 858.069396972656 857.340759277344 860.298828125 862.944763183594 863.327819824219 865.288818359375 864.437133789062 871.260498046875 874.356262207031 873.417114257812 875.855346679688
1082.48693847656 1057.49084472656 1037.70776367188 1021.64703369141 1005.05255126953 990.143737792969 976.03125 966.401000976562 962.255737304688 950.467346191406 934.811340332031 920.4814453125 914.449829101562 907.257080078125 -3.4e+38 -3.4e+38 -3.4e+38 888.816101074219 881.443725585938 876.195373535156 874.019226074219 872.755981445312 871.574340820312 872.494873046875 870.513427734375 869.432373046875 871.266235351562 870.16162109375 865.312744140625 859.193725585938 855.272277832031 853.257751464844 854.150939941406 851.226684570312 851.008728027344 854.80224609375 853.693420410156 853.657409667969 856.59765625 856.387451171875 857.545227050781 861.295715332031 861.340026855469 863.970886230469 863.744995117188 869.179870605469 872.622741699219 871.605224609375 875.473266601562
1074.14929199219 1052.45666503906 1030.39099121094 1010.60406494141 997.818359375 987.845947265625 971.134826660156 959.190368652344 955.697692871094 946.616638183594 931.359741210938 916.553161621094 910.451293945312 -3.4e+38 -3.4e+38 -3.4e+38 887.527709960938 884.523254394531 880.339477539062 876.305908203125 874.708129882812 873.619262695312 871.718811035156 868.500610351562 864.651916503906 865.160034179688 869.482177734375 868.670288085938 864.465759277344 859.555908203125 855.5732421875 853.412902832031 852.941528320312 850.833618164062 850.482666015625 852.831237792969 853.865051269531 853.2138671875 855.330078125 855.561767578125 856.711730957031 859.728088378906 860.41162109375 -3.4e+38 862.789428710938 867.953186035156 870.572570800781 871.1123046875 875.162963867188
1069.49450683594 1046.88647460938 1025.43908691406 1005.13934326172 990.751892089844 981.560974121094 965.870300292969 953.34033203125 949.400268554688 943.088684082031 930.765625 913.202758789062 907.02587890625 902.155334472656 897.015808105469 891.788818359375 886.577331542969 882.881713867188 879.972290039062 877.320556640625 875.778930664062 873.389282226562 870.656921386719 867.387817382812 863.346252441406 862.192138671875 864.206359863281 863.862670898438 863.677917480469 859.657287597656 857.867492675781 854.601806640625 852.636596679688 850.981628417969 849.987426757812 850.510559082031 853.12109375 852.192016601562 853.692626953125 855.128112792969 855.412353515625 858.74169921875 858.796447753906 -3.4e+38 -3.4e+38 -3.4e+38 867.968383789062 -3.4e+38 -3.4e+38
1062.92712402344 1038.43041992188 1015.71655273438 999.3466796875 983.319519042969 971.997192382812 960.464477539062 947.258605957031 941.952575683594 937.878540039062 929.928344726562 911.943725585938 907.37646484375 901.495056152344 895.733215332031 889.015747070312 884.9267578125 880.519226074219 877.694396972656 875.469787597656 873.855590820312 869.892333984375 867.968017578125 866.088012695312 862.819274902344 860.587280273438 859.396118164062 860.0224609375 859.891479492188 860.149841308594 858.810119628906 855.207885742188 852.8857421875 852.224182128906 849.410461425781 850.031311035156 -3.4e+38 -3.4e+38 -3.4e+38 855.516784667969 -3.4e+38 856.565551757812 -3.4e+38 -3.4e+38 -3.4e+38 -3.4e+38 -3.4e+38 -3.4e+38 -3.4e+38
1055.35131835938 1033.24780273438 1009.7470703125 989.728637695312 974.438049316406 963.217346191406 952.87890625 941.705871582031 933.985168457031 930.221130371094 926.299072265625 913.159545898438 908.163452148438 898.516845703125 892.395385742188 886.547241210938 882.68896484375 878.265258789062 875.825744628906 873.222290039062 870.968566894531 866.310485839844 864.756225585938 865.262573242188 861.683227539062 859.879333496094 859.200805664062 859.439697265625 855.541564941406 857.867492675781 858.413146972656 856.122314453125 852.106384277344 852.691223144531 849.615417480469 849.433837890625 -3.4e+38 -3.4e+38 -3.4e+38 854.789245605469 854.758605957031 855.557434082031 -3.4e+38 -3.4e+38 -3.4e+38 -3.4e+38 -3.4e+38 -3.4e+38 -3.4e+38
1041.42700195312 1031.26391601562 1013.5673828125 996.350891113281 979.957763671875 965.570129394531 950.155578613281 937.621520996094 928.703063964844 921.536254882812 915.468017578125 910.310852050781 903.796447753906 897.288330078125 891.419555664062 886.171875 882.621215820312 879.938293457031 875.410278320312 871.447326660156 869.180541992188 865.718505859375 861.91552734375 860.583374023438 858.374633789062 857.547729492188 855.818115234375 854.942687988281 855.38037109375 855.984924316406 854.160522460938 852.892578125 851.459594726562 849.472839355469 850.843688964844 850.053894042969 -3.4e+38 -3.4e+38 -3.4e+38 -3.4e+38 -3.4e+38 -3.4e+38 -3.4e+38 -3.4e+38 -3.4e+38 -3.4e+38 -3.4e+38 -3.4e+38 -3.4e+38
1034.42761230469 1020.98266601562 1003.47973632812 989.981567382812 981.969787597656 969.407653808594 952.835693359375 939.965698242188 930.401977539062 920.220031738281 914.629211425781 907.962524414062 904.017517089844 896.675170898438 889.195251464844 883.847595214844 880.521789550781 879.165100097656 875.583618164062 872.135314941406 868.316955566406 865.404602050781 861.536499023438 861.429626464844 859.083740234375 855.367370605469 854.006408691406 854.471069335938 855.664794921875 853.768798828125 851.273742675781 852.111511230469 850.482971191406 848.841979980469 -3.4e+38 850.102294921875 -3.4e+38 -3.4e+38 -3.4e+38 -3.4e+38 -3.4e+38 -3.4e+38 -3.4e+38 -3.4e+38 -3.4e+38 -3.4e+38 -3.4e+38 -3.4e+38 -3.4e+38
1032.40026855469 1015.30364990234 997.743469238281 981.111938476562 975.392150878906 970.45068359375 956.358947753906 942.50439453125 930.700134277344 920.890258789062 914.821350097656 907.418151855469 902.873291015625 896.960632324219 888.686889648438 882.5205078125 879.046691894531 877.617126464844 875.221557617188 872.663330078125 868.538146972656 866.378601074219 861.595947265625 861.013671875 858.60498046875 855.562744140625 853.05712890625 854.579772949219 854.469116210938 851.851806640625 850.812866210938 852.29296875 850.023193359375 850.032958984375 852.166625976562 -3.4e+38 -3.4e+38 -3.4e+38 -3.4e+38 -3.4e+38 -3.4e+38 -3.4e+38 -3.4e+38 -3.4e+38 -3.4e+38 -3.4e+38 -3.4e+38 -3.4e+38 -3.4e+38
1035.18518066406 1015.27801513672 995.381896972656 979.329223632812 972.217651367188 964.827880859375 951.563720703125 939.747802734375 928.599853515625 919.800537109375 912.816955566406 904.283996582031 900.521789550781 895.719909667969 889.841369628906 885.09716796875 881.319152832031 877.201843261719 873.478637695312 871.935485839844 868.891296386719 867.761474609375 862.4052734375 860.727600097656 858.199645996094 857.172546386719 854.221618652344 854.664428710938 852.058288574219 850.418518066406 850.122314453125 850.724304199219 -3.4e+38 -3.4e+38 -3.4e+38 -3.4e+38 -3.4e+38 -3.4e+38 -3.4e+38 -3.4e+38 -3.4e+38 -3.4e+38 -3.4e+38 -3.4e+38 -3.4e+38 -3.4e+38 -3.4e+38 -3.4e+38 -3.4e+38
1036.94311523438 1014.68878173828 993.969848632812 982.069702148438 972.820129394531 959.119079589844 945.300476074219 937.342590332031 928.864868164062 919.926818847656 911.21435546875 901.330200195312 897.985473632812 895.684814453125 892.040222167969 886.819641113281 882.138732910156 877.632263183594 873.507873535156 871.104064941406 868.361877441406 868.549926757812 863.945861816406 861.798400878906 859.269775390625 857.463806152344 855.130249023438 856.075744628906 853.127685546875 851.162902832031 -3.4e+38 -3.4e+38 -3.4e+38 -3.4e+38 -3.4e+38 -3.4e+38 -3.4e+38 -3.4e+38 -3.4e+38 -3.4e+38 -3.4e+38 -3.4e+38 -3.4e+38 -3.4e+38 -3.4e+38 -3.4e+38 -3.4e+38 -3.4e+38 -3.4e+38
1034.26586914062 1014.64508056641 996.450988769531 983.811889648438 973.185546875 958.693115234375 944.807312011719 937.514404296875 929.072387695312 920.210021972656 912.583618164062 902.429138183594 899.51513671875 896.628662109375 893.286071777344 888.319946289062 881.8759765625 877.758056640625 874.908264160156 871.597595214844 868.120544433594 867.835266113281 865.353515625 862.925903320312 860.099182128906 857.435974121094 855.376220703125 -3.4e+38 -3.4e+38 -3.4e+38 -3.4e+38 -3.4e+38 -3.4e+38 -3.4e+38 -3.4e+38 -3.4e+38 -3.4e+38 -3.4e+38 -3.4e+38 -3.4e+38 -3.4e+38 -3.4e+38 -3.4e+38 -3.4e+38 -3.4e+38 -3.4e+38 -3.4e+38 -3.4e+38 -3.4e+38
1031.31982421875 1013.85296630859 996.760131835938 982.005187988281 973.684204101562 962.271179199219 947.138122558594 939.225036621094 930.399353027344 920.335021972656 914.5400390625 904.768737792969 901.42431640625 896.627807617188 892.740417480469 889.020446777344 883.3857421875 879.694702148438 -3.4e+38 871.946716308594 869.674011230469 869.1904296875 -3.4e+38 -3.4e+38 -3.4e+38 -3.4e+38 -3.4e+38 -3.4e+38 -3.4e+38 -3.4e+38 -3.4e+38 -3.4e+38 -3.4e+38 -3.4e+38 -3.4e+38 -3.4e+38 -3.4e+38 -3.4e+38 -3.4e+38 -3.4e+38 -3.4e+38 -3.4e+38 -3.4e+38 -3.4e+38 -3.4e+38 -3.4e+38 -3.4e+38 -3.4e+38 -3.4e+38
1035.97009277344 1016.71301269531 999.119995117188 984.022277832031 975.726684570312 966.624816894531 954.18212890625 943.572814941406 932.845947265625 922.505065917969 916.587951660156 -3.4e+38 901.96533203125 -3.4e+38 893.799133300781 890.249206542969 -3.4e+38 -3.4e+38 -3.4e+38 -3.4e+38 -3.4e+38 -3.4e+38 -3.4e+38 -3.4e+38 -3.4e+38 -3.4e+38 -3.4e+38 -3.4e+38 -3.4e+38 -3.4e+38 -3.4e+38 -3.4e+38 -3.4e+38 -3.4e+38 -3.4e+38 -3.4e+38 -3.4e+38 -3.4e+38 -3.4e+38 -3.4e+38 -3.4e+38 -3.4e+38 -3.4e+38 -3.4e+38 -3.4e+38 -3.4e+38 -3.4e+38 -3.4e+38 -3.4e+38
1042.96789550781 1021.51141357422 1002.10516357422 987.912292480469 978.745239257812 967.622131347656 957.209716796875 946.310668945312 936.093017578125 926.201538085938 -3.4e+38 909.497192382812 -3.4e+38 -3.4e+38 896.065246582031 -3.4e+38 -3.4e+38 -3.4e+38 -3.4e+38 -3.4e+38 -3.4e+38 -3.4e+38 -3.4e+38 -3.4e+38 -3.4e+38 -3.4e+38 -3.4e+38 -3.4e+38 -3.4e+38 -3.4e+38 -3.4e+38 -3.4e+38 -3.4e+38 -3.4e+38 -3.4e+38 -3.4e+38 -3.4e+38 -3.4e+38 -3.4e+38 -3.4e+38 -3.4e+38 -3.4e+38 -3.4e+38 -3.4e+38 -3.4e+38 -3.4e+38 -3.4e+38 -3.4e+38 -3.4e+38
1046.08740234375 1024.4638671875 1004.22039794922 990.8427734375 979.788269042969 967.300598144531 956.688232421875 -3.4e+38 939.556335449219 -3.4e+38 -3.4e+38 -3.4e+38 -3.4e+38 -3.4e+38 -3.4e+38 -3.4e+38 -3.4e+38 -3.4e+38 -3.4e+38 -3.4e+38 -3.4e+38 -3.4e+38 -3.4e+38 -3.4e+38 -3.4e+38 -3.4e+38 -3.4e+38 -3.4e+38 -3.4e+38 -3.4e+38 -3.4e+38 -3.4e+38 -3.4e+38 -3.4e+38 -3.4e+38 -3.4e+38 -3.4e+38 -3.4e+38 -3.4e+38 -3.4e+38 -3.4e+38 -3.4e+38 -3.4e+38 -3.4e+38 -3.4e+38 -3.4e+38 -3.4e+38 -3.4e+38 -3.4e+38
1046.53259277344 1026.95556640625 1007.75402832031 994.844421386719 982.070007324219 971.191711425781 961.215942382812 949.709655761719 -3.4e+38 -3.4e+38 -3.4e+38 -3.4e+38 -3.4e+38 -3.4e+38 -3.4e+38 -3.4e+38 -3.4e+38 -3.4e+38 -3.4e+38 -3.4e+38 -3.4e+38 -3.4e+38 -3.4e+38 -3.4e+38 -3.4e+38 -3.4e+38 -3.4e+38 -3.4e+38 -3.4e+38 -3.4e+38 -3.4e+38 -3.4e+38 -3.4e+38 -3.4e+38 -3.4e+38 -3.4e+38 -3.4e+38 -3.4e+38 -3.4e+38 -3.4e+38 -3.4e+38 -3.4e+38 -3.4e+38 -3.4e+38 -3.4e+38 -3.4e+38 -3.4e+38 -3.4e+38 -3.4e+38
1046.20690917969 1031.30773925781 1013.81909179688 999.752197265625 -3.4e+38 -3.4e+38 -3.4e+38 -3.4e+38 -3.4e+38 -3.4e+38 -3.4e+38 -3.4e+38 -3.4e+38 -3.4e+38 -3.4e+38 -3.4e+38 -3.4e+38 -3.4e+38 -3.4e+38 -3.4e+38 -3.4e+38 -3.4e+38 -3.4e+38 -3.4e+38 -3.4e+38 -3.4e+38 -3.4e+38 -3.4e+38 -3.4e+38 -3.4e+38 -3.4e+38 -3.4e+38 -3.4e+38 -3.4e+38 -3.4e+38 -3.4e+38 -3.4e+38 -3.4e+38 -3.4e+38 -3.4e+38 -3.4e+38 -3.4e+38 -3.4e+38 -3.4e+38 -3.4e+38 -3.4e+38 -3.4e+38 -3.4e+38 -3.4e+38
