rcp8.5models/CNRM-CM5/sc1gr10.38
NCOLS 261 
NROWS 433 
XLLCORNER 336357.134 
YLLCORNER 654653.479 
CELLSIZE 1000 
NODATA_value -3.4e+38 
[rows 374 to 395 of 433, columns 49 to 97 of 261]
-3.4e+38 -3.4e+38 -3.4e+38 1143.04248046875 1146.78063964844 1149.74536132812 1153.57934570312 1161.50427246094 1167.42211914062 1169.97497558594 1172.71887207031 1176.30310058594 1177.88037109375 1176.45031738281 1186.43054199219 1190.15649414062 1202.4140625 1214.82592773438 1215.79174804688 1257.06127929688 1272.29187011719 1248.67236328125 1233.90454101562 1248.85681152344 1242.23791503906 1221.66943359375 1213.65014648438 1214.24853515625 1252.63061523438 1327.45886230469 1251.1103515625 1229.83154296875 1243.64379882812 1228.81884765625 1230.75109863281 1244.64123535156 1263.486328125 1276.9677734375 1271.09924316406 1264.90832519531 1284.17724609375 1098.14111328125 1082.47497558594 1010.62341308594 930.612365722656 948.146240234375 950.213745117188 782.46435546875 867.755187988281
-3.4e+38 -3.4e+38 -3.4e+38 1142.57446289062 1146.8125 1150.07336425781 1153.37829589844 1160.21044921875 1164.82641601562 1165.62915039062 1169.17895507812 1174.42517089844 1173.50659179688 1174.49340820312 1184.7353515625 1186.68225097656 1190.74255371094 1214.61926269531 1206.60888671875 1240.01086425781 1246.90454101562 1229.06774902344 1136.05212402344 1083.99389648438 1170.40112304688 1221.45837402344 1212.60852050781 1212.54699707031 1221.94958496094 1328.65832519531 1319.50231933594 1297.43383789062 1262.40002441406 1233.134765625 1225.07690429688 1136.09399414062 1176.30590820312 1184.26806640625 1204.08996582031 1270.60412597656 1282.97302246094 1167.1611328125 1084.24877929688 1019.431640625 949.594543457031 867.150756835938 949.721374511719 957.455749511719 960.837036132812
-3.4e+38 -3.4e+38 -3.4e+38 1143.27319335938 1146.1279296875 1150.09594726562 1153.32958984375 1157.98559570312 1161.81091308594 1163.03857421875 1168.01416015625 1170.29919433594 1170.541015625 1176.17565917969 1187.84155273438 1202.03137207031 1211.55773925781 1225.25708007812 1252.72497558594 1232.80969238281 1244.61010742188 1244.42590332031 1182.87951660156 1146.68884277344 1076.35949707031 1146.30419921875 1215.6806640625 1209.69665527344 1212.64086914062 1296.45422363281 1305.13806152344 1298.78576660156 1265.40173339844 1228.84204101562 1232.859375 1165.291015625 1185.86987304688 1186.34692382812 1212.49035644531 1272.15124511719 1275.68420410156 1147.11901855469 924.1904296875 943.340942382812 1034.34460449219 959.077209472656 970.640319824219 1041.48303222656 936.673950195312
-3.4e+38 -3.4e+38 -3.4e+38 -3.4e+38 1146.71069335938 1150.98815917969 1153.78149414062 1156.80310058594 1159.84790039062 1161.68310546875 1169.01867675781 1169.78698730469 1169.044921875 1176.56286621094 1185.91027832031 1213.36926269531 1223.62182617188 1231.88342285156 1253.2939453125 1251.16015625 1264.39477539062 1256.09802246094 1268.24938964844 1179.24108886719 1104.01818847656 1170.42565917969 1107.17333984375 1133.7802734375 1209.7685546875 1238.31213378906 1253.30578613281 1259.99963378906 1246.19409179688 1230.42211914062 1242.30517578125 1241.86279296875 1240.94030761719 1253.88256835938 1271.85974121094 1270.03967285156 1263.55725097656 1114.94506835938 906.958312988281 835.121948242188 943.035278320312 940.337951660156 854.356384277344 853.415283203125 769.091613769531
-3.4e+38 -3.4e+38 -3.4e+38 -3.4e+38 1146.18017578125 1150.45080566406 1152.55590820312 -3.4e+38 1158.34167480469 -3.4e+38 -3.4e+38 1167.46276855469 1169.48828125 1175.55578613281 1181.05993652344 1195.76062011719 1208.78015136719 1214.58642578125 1214.54028320312 1262.94604492188 1288.98266601562 1258.73364257812 1238.07946777344 1183.93017578125 1204.6826171875 1224.03723144531 1129.97131347656 1150.08825683594 1205.14526367188 1207.96435546875 1206.66125488281 1240.26318359375 1243.81982421875 1127.89318847656 1057.80688476562 1161.52905273438 1235.75146484375 1246.11791992188 1268.69604492188 1279.8046875 1267.47290039062 1088.85388183594 972.800109863281 914.013244628906 849.224548339844 759.989624023438 783.335510253906 777.784545898438 688.970092773438
-3.4e+38 -3.4e+38 -3.4e+38 -3.4e+38 1143.71203613281 1147.88146972656 -3.4e+38 1155.68420410156 1156.83557128906 1160.59375 1163.19897460938 1165.17028808594 1169.17578125 1173.03247070312 1178.50244140625 1180.15576171875 1187.61889648438 1200.44958496094 1203.29296875 1250.59436035156 1278.37097167969 1271.12463378906 1238.93896484375 1228.58898925781 1236.25512695312 1222.77783203125 1209.9248046875 1096.86535644531 1022.77172851562 1132.57421875 1211.20532226562 1250.94482421875 1277.87438964844 1175.37683105469 1098.73950195312 1076.48864746094 1153.74304199219 1233.42907714844 1153.23291015625 1194.0244140625 1266.46704101562 1107.88146972656 1067.07238769531 908.55615234375 824.511474609375 823.594482421875 924.730041503906 941.835388183594 776.031188964844
-3.4e+38 -3.4e+38 -3.4e+38 -3.4e+38 -3.4e+38 1145.6845703125 1148.23205566406 -3.4e+38 1159.94738769531 1163.591796875 1164.01977539062 1164.8388671875 1168.00915527344 1170.32397460938 1174.3642578125 1175.32861328125 1176.61938476562 1188.96252441406 1217.56726074219 1235.03625488281 1263.34509277344 1288.91760253906 1275.32409667969 1231.50915527344 1212.96423339844 1207.0947265625 1202.50854492188 1011.53656005859 989.163818359375 1044.93969726562 1148.56372070312 1244.62927246094 1286.8388671875 1289.63684082031 1258.94934082031 1172.26916503906 1180.48193359375 1230.63146972656 1056.91149902344 1107.59008789062 1257.99487304688 1179.17224121094 1114.18615722656 912.942504882812 894.800231933594 927.309509277344 931.166198730469 977.119689941406 934.618530273438
-3.4e+38 -3.4e+38 -3.4e+38 -3.4e+38 -3.4e+38 1148.50439453125 1149.064453125 1154.73620605469 1158.51489257812 1162.48425292969 1165.12646484375 1166.10266113281 1166.69213867188 1170.19873046875 1174.12744140625 1174.45190429688 1175.74670410156 1188.88317871094 1234.24230957031 1256.234375 1279.07934570312 1296.57702636719 1173.48425292969 1189.125 1215.23010253906 1198.4423828125 1095.62377929688 1045.52331542969 1141.18835449219 1023.16833496094 989.263366699219 1065.1455078125 1183.95861816406 1281.03137207031 1256.5419921875 1262.28137207031 1248.1416015625 1221.90686035156 1138.49011230469 1172.77844238281 1259.92846679688 1161.86389160156 1075.88549804688 949.743408203125 932.546875 905.900024414062 893.524353027344 937.926513671875 988.019104003906
-3.4e+38 -3.4e+38 -3.4e+38 -3.4e+38 -3.4e+38 1146.40124511719 1152.77746582031 1155.94580078125 1156.45031738281 1160.57116699219 1166.05151367188 1165.82055664062 1166.98852539062 1169.36804199219 1174.1748046875 1175.69702148438 1177.11413574219 1184.22692871094 1230.26916503906 1262.42883300781 1282.72790527344 1171.59631347656 1111.22973632812 1202.81384277344 1222.45141601562 1201.04626464844 1117.62731933594 1142.71081542969 1195.81420898438 1120.34851074219 1088.16857910156 1110.14758300781 1192.123046875 1272.87145996094 1249.15087890625 1261.57116699219 1248.13049316406 1212.56555175781 1110.93359375 1158.89392089844 1259.39892578125 1009.35382080078 974.931640625 908.03759765625 992.543884277344 973.505798339844 898.168518066406 917.03369140625 948.108703613281
-3.4e+38 -3.4e+38 -3.4e+38 -3.4e+38 -3.4e+38 -3.4e+38 1152.3681640625 1157.57263183594 1157.04833984375 1162.35668945312 1165.65307617188 1164.04284667969 1165.74206542969 1167.8759765625 1172.58728027344 1173.35241699219 1174.51489257812 1174.84497070312 1175.77685546875 1179.80480957031 1181.21154785156 1182.86340332031 1207.80554199219 1225.84252929688 1216.52697753906 1091.04663085938 1013.40435791016 1118.25329589844 1188.25366210938 1189.59265136719 1235.15258789062 1246.37414550781 1157.73852539062 1120.76770019531 1196.54467773438 1180.01318359375 1106.07836914062 1162.71899414062 1204.6630859375 1194.14721679688 1210.22351074219 914.609436035156 908.058715820312 907.835388183594 920.757019042969 911.623046875 900.825012207031 904.719543457031 901.370361328125
-3.4e+38 -3.4e+38 -3.4e+38 -3.4e+38 -3.4e+38 -3.4e+38 1151.29931640625 1157.17993164062 1157.6611328125 1162.03430175781 1161.81665039062 1163.52307128906 1166.74560546875 1170.15795898438 1172.96252441406 1178.22619628906 1176.25915527344 1176.263671875 1172.73706054688 1178.80187988281 1180.76525878906 1183.35095214844 1081.029296875 1126.21508789062 1192.34252929688 1106.40747070312 945.98681640625 1061.40832519531 1083.24853515625 1083.17443847656 1142.3505859375 1224.51403808594 1231.32409667969 1168.54797363281 1196.84045410156 1256.23571777344 1107.81408691406 1131.72888183594 1224.70983886719 1203.97619628906 1193.1298828125 920.439086914062 917.439880371094 986.533325195312 1071.25842285156 987.793212890625 912.842163085938 914.366394042969 988.406860351562
-3.4e+38 -3.4e+38 -3.4e+38 -3.4e+38 -3.4e+38 -3.4e+38 -3.4e+38 1152.54455566406 1155.78100585938 1160.7744140625 1162.26928710938 1164.81823730469 1167.18933105469 1171.00085449219 1171.25659179688 1174.53491210938 1177.39416503906 1176.14282226562 1170.56115722656 1176.47009277344 1187.07495117188 1193.20959472656 1108.95751953125 1135.06982421875 1204.48254394531 1106.08923339844 1050.87536621094 1030.89306640625 1035.70495605469 1103.31787109375 1045.03308105469 1165.75573730469 1247.4091796875 1188.82849121094 1224.51391601562 1269.27685546875 1118.39404296875 1138.48022460938 1235.22863769531 1218.84204101562 1103.45031738281 903.788818359375 918.063049316406 997.384033203125 1059.63732910156 981.487426757812 927.655944824219 926.770202636719 988.055480957031
-3.4e+38 -3.4e+38 -3.4e+38 -3.4e+38 -3.4e+38 -3.4e+38 -3.4e+38 1151.52026367188 1154.94165039062 1156.68103027344 1159.17517089844 1163.54284667969 1165.84497070312 1168.62805175781 1169.81140136719 1170.76550292969 1174.26623535156 1174.08471679688 1169.43591308594 1175.345703125 1185.22302246094 1194.18249511719 1198.73876953125 1189.91003417969 1206.37377929688 1127.17468261719 1144.83227539062 1107.92077636719 1128.08227539062 1181.0693359375 1111.08850097656 1074.23742675781 1179.10278320312 1243.66455078125 1266.23913574219 1287.03649902344 1217.24548339844 1209.96154785156 1143.98156738281 1150.49548339844 1035.38830566406 884.970825195312 994.163146972656 1003.07281494141 935.2333984375 926.485778808594 926.638366699219 937.961608886719 959.092651367188
-3.4e+38 -3.4e+38 -3.4e+38 -3.4e+38 -3.4e+38 -3.4e+38 -3.4e+38 1150.32482910156 1151.29455566406 1153.318359375 1154.94750976562 1159.67395019531 1161.66271972656 1163.22326660156 1166.52722167969 1168.00109863281 1171.60705566406 1173.79992675781 1168.0869140625 1173.0146484375 1177.26879882812 1184.49890136719 1194.36376953125 1197.28979492188 1192.01281738281 1201.10803222656 1214.63208007812 1202.81469726562 1181.88403320312 1178.68444824219 1177.85144042969 1110.60681152344 1162.0439453125 1223.31872558594 1158.81018066406 1121.37158203125 1133.31726074219 1134.53247070312 1104.52819824219 1148.9501953125 1037.05310058594 893.893798828125 972.873168945312 985.420654296875 939.364501953125 940.053466796875 933.048828125 944.387817382812 876.45068359375
-3.4e+38 -3.4e+38 -3.4e+38 -3.4e+38 -3.4e+38 -3.4e+38 -3.4e+38 1146.10339355469 1148.43981933594 1151.90844726562 1152.10778808594 1153.13244628906 1155.35827636719 1156.19665527344 1161.10571289062 1163.02941894531 1167.71069335938 1171.69836425781 1168.6494140625 1168.26623535156 1171.45288085938 1068.66784667969 1115.67639160156 1205.92053222656 1197.73400878906 1203.11950683594 1223.80749511719 1202.11730957031 1178.65600585938 1185.87951660156 1176.23791503906 1178.95764160156 1118.04809570312 1170.12377929688 1073.52502441406 1063.34118652344 1049.58032226562 992.321166992188 1110.13720703125 1096.0791015625 962.833435058594 915.354248046875 894.027221679688 919.730651855469 948.7626953125 955.142395019531 946.531311035156 948.903625488281 878.533508300781
-3.4e+38 -3.4e+38 -3.4e+38 -3.4e+38 -3.4e+38 -3.4e+38 -3.4e+38 -3.4e+38 1147.20068359375 1148.46838378906 1149.86083984375 -3.4e+38 1151.94128417969 1151.90466308594 1155.015625 1158.00402832031 1163.06799316406 1167.873046875 1168.94091796875 1164.4677734375 1166.56311035156 1089.88745117188 1123.76013183594 1213.47778320312 1113.4072265625 1140.02990722656 1209.11743164062 1190.83764648438 1174.81506347656 1195.77709960938 1172.86401367188 1090.02612304688 1086.34191894531 1202.21154785156 1171.2060546875 1195.82751464844 1084.00012207031 1052.89331054688 1151.16870117188 1007.51959228516 903.209167480469 945.5224609375 999.691162109375 970.524658203125 937.526794433594 968.881042480469 960.993591308594 948.970947265625 951.595153808594
-3.4e+38 -3.4e+38 -3.4e+38 -3.4e+38 -3.4e+38 -3.4e+38 -3.4e+38 -3.4e+38 1144.4951171875 1145.1337890625 -3.4e+38 1148.09643554688 1151.34790039062 1153.83349609375 1153.61254882812 1155.5546875 1159.99206542969 1165.0029296875 1166.50427246094 1164.44799804688 1163.01196289062 1165.23315429688 1168.71960449219 1089.05554199219 1060.857421875 1046.56604003906 1025.62536621094 1115.52307128906 1172.083984375 1183.69946289062 1168.23291015625 1011.35168457031 1003.42181396484 1179.38781738281 1142.60498046875 1171.69189453125 1172.57104492188 1097.42785644531 1131.06457519531 1090.94372558594 962.420471191406 942.548583984375 1018.19250488281 1050.97644042969 982.982055664062 956.009216308594 960.654113769531 942.08349609375 933.125427246094
-3.4e+38 -3.4e+38 -3.4e+38 -3.4e+38 -3.4e+38 -3.4e+38 -3.4e+38 -3.4e+38 1142.73547363281 1143.85949707031 1144.99572753906 1146.2744140625 1148.88305664062 1153.61511230469 1154.84838867188 1157.14880371094 1160.44030761719 1163.48071289062 1166.90368652344 1167.98608398438 1165.17846679688 1163.86608886719 1163.80688476562 1087.20373535156 1032.57421875 1054.64343261719 1063.33117675781 1136.24560546875 1173.67333984375 1172.65100097656 1167.68383789062 1098.72985839844 1055.84936523438 1066.16967773438 1079.76440429688 1170.61950683594 1146.685546875 1005.10290527344 981.71923828125 1007.87261962891 940.004455566406 928.676513671875 952.445617675781 1010.41052246094 973.652770996094 928.107238769531 943.885620117188 935.335632324219 927.782897949219
-3.4e+38 -3.4e+38 -3.4e+38 -3.4e+38 -3.4e+38 -3.4e+38 -3.4e+38 -3.4e+38 1139.6025390625 1140.88952636719 1027.37609863281 1086.11364746094 1145.822265625 1150.03552246094 1154.00256347656 1155.61401367188 1046.24792480469 1100.94348144531 1057.16320800781 999.807189941406 1104.16723632812 1056.13928222656 1099.66149902344 1161.60668945312 989.340454101562 1085.52014160156 1199.82873535156 1198.28759765625 1078.07629394531 1113.59313964844 1075.38623046875 1101.48913574219 1163.99792480469 1111.7216796875 1069.42199707031 1062.32666015625 996.716796875 958.839111328125 1009.11053466797 1034.57019042969 949.138305664062 941.106811523438 949.874328613281 961.792602539062 949.6796875 919.368530273438 907.114135742188 905.974670410156 912.803344726562
-3.4e+38 -3.4e+38 -3.4e+38 -3.4e+38 -3.4e+38 -3.4e+38 -3.4e+38 -3.4e+38 1135.48071289062 1021.52526855469 889.20263671875 1046.96337890625 1145.87524414062 1148.0029296875 1150.54553222656 1150.30590820312 1072.15234375 1113.392578125 914.622192382812 978.282531738281 1009.35900878906 919.177673339844 1057.5458984375 1057.15844726562 1024.44750976562 1032.26843261719 1131.81115722656 1200.88647460938 1009.77093505859 960.622253417969 929.693054199219 950.322937011719 1000.31634521484 1106.18908691406 1016.58056640625 911.852478027344 1028.4208984375 1017.17694091797 1078.48645019531 1161.1923828125 1023.59704589844 949.20361328125 965.542724609375 987.266052246094 985.937072753906 947.688903808594 899.939453125 886.244873046875 896.341857910156
-3.4e+38 -3.4e+38 -3.4e+38 -3.4e+38 -3.4e+38 -3.4e+38 -3.4e+38 -3.4e+38 1132.31481933594 1055.6611328125 1020.60656738281 1102.89270019531 1143.14440917969 1143.86560058594 1145.40063476562 1148.19873046875 1151.85693359375 1153.43774414062 927.732177734375 1055.57751464844 1081.82727050781 1052.45629882812 1123.63952636719 974.933471679688 968.608337402344 1058.80358886719 1050.83410644531 1038.93286132812 952.066162109375 1034.03344726562 940.358459472656 875.074951171875 970.463806152344 1016.35845947266 1022.49810791016 947.2646484375 991.233093261719 1002.64215087891 1011.50610351562 1024.39074707031 966.985534667969 969.40966796875 971.558959960938 985.77685546875 981.451110839844 965.096618652344 918.500549316406 888.159851074219 886.881286621094
-3.4e+38 -3.4e+38 -3.4e+38 -3.4e+38 -3.4e+38 -3.4e+38 -3.4e+38 -3.4e+38 1127.43115234375 1131.79357910156 1132.57946777344 1131.64855957031 1019.51623535156 1080.66247558594 1031.38671875 977.312377929688 1006.79608154297 1101.96447753906 1071.00366210938 1002.82348632812 989.805358886719 1100.40612792969 1177.90600585938 1179.15734863281 1159.01794433594 1084.55737304688 1036.56750488281 1051.09606933594 1057.20935058594 1034.69580078125 1106.31372070312 1075.00170898438 1099.60400390625 984.035400390625 873.579223632812 874.847229003906 960.252746582031 951.591003417969 942.394287109375 984.694152832031 925.212280273438 949.727355957031 950.533630371094 947.109680175781 948.8583984375 951.008239746094 943.859069824219 925.118591308594 912.651733398438
