rcp8.5models/CNRM-CM5/sc1gr8.32
NCOLS 261 
NROWS 433 
XLLCORNER 336357.134 
YLLCORNER 654653.479 
CELLSIZE 1000 
NODATA_value -3.4e+38 
[rows 198 to 219 of 433, columns 147 to 195 of 261]
38.6763305664062 38.3514099121094 38.2522201538086 -3.4e+38 -3.4e+38 -3.4e+38 39.122371673584 39.5756912231445 40.1508293151855 41.0403861999512 42.2541923522949 43.4546813964844 44.2319107055664 45.3154029846191 46.2291145324707 46.8618202209473 47.5152816772461 48.466739654541 49.7446212768555 50.4217796325684 51.119384765625 51.7506446838379 53.8811531066895 54.4283981323242 55.0108299255371 55.6969223022461 56.5818099975586 57.7508010864258 58.3297920227051 58.8831634521484 59.5008239746094 60.3299713134766 61.4406509399414 62.5474395751953 63.0455551147461 64.0150146484375 65.1624145507812 65.6809234619141 66.2600326538086 66.7428283691406 67.6899566650391 68.7524337768555 69.1267547607422 69.4564743041992 69.9493103027344 70.9015121459961 71.8366470336914 72.3478088378906 72.8476333618164
38.7318687438965 38.7135353088379 -3.4e+38 -3.4e+38 -3.4e+38 38.7466239929199 39.1681480407715 39.7340278625488 40.4771499633789 41.5300598144531 42.4084663391113 43.6597633361816 44.6205444335938 45.7903060913086 46.4703750610352 47.0479049682617 47.7492790222168 48.6454696655273 49.968017578125 50.5930061340332 51.3384437561035 51.9281997680664 54.1961364746094 54.7461853027344 55.3445358276367 55.9653778076172 56.7447395324707 58.0291900634766 58.6306381225586 59.1431350708008 59.6564559936523 60.6181526184082 61.7020072937012 62.8611030578613 63.297679901123 64.1587677001953 65.4404449462891 65.8962631225586 66.3437118530273 66.8101119995117 67.6577377319336 68.7822799682617 69.107780456543 69.5961380004883 69.9777297973633 71.0586853027344 71.972770690918 72.4690322875977 72.9845962524414
39.0938529968262 -3.4e+38 -3.4e+38 -3.4e+38 -3.4e+38 39.3952827453613 39.5528602600098 40.4174041748047 41.6064147949219 42.2600746154785 42.9026718139648 44.1394119262695 45.0336227416992 46.259651184082 46.8755798339844 47.5117378234863 48.1504249572754 49.1035995483398 50.3620185852051 51.0455513000488 51.7313232421875 52.3879890441895 54.3399810791016 55.0241889953613 55.6513900756836 56.2662048339844 57.0778045654297 58.2924995422363 58.7901878356934 59.436222076416 59.9853286743164 60.9497604370117 62.0028114318848 63.1600112915039 63.5832633972168 64.3288955688477 65.4147109985352 66.0280227661133 66.5514831542969 67.1213150024414 67.9035186767578 68.9451751708984 69.4294204711914 69.8083724975586 70.142448425293 71.4850006103516 71.9958419799805 72.4268341064453 73.0066604614258
39.8997116088867 -3.4e+38 -3.4e+38 -3.4e+38 40.3270797729492 41.0975151062012 40.3986396789551 41.3379669189453 42.9635276794434 42.774658203125 43.4144325256348 44.4754180908203 45.3756408691406 46.5864639282227 47.2673416137695 47.9525985717773 48.537483215332 49.5383491516113 50.6836357116699 51.3570289611816 52.050968170166 52.7466506958008 54.6884307861328 55.3538131713867 55.9071388244629 56.6044311523438 57.6946487426758 58.5888061523438 59.1211395263672 59.7720794677734 60.4447555541992 61.5516471862793 62.230396270752 63.3606414794922 64.0763931274414 64.9542541503906 65.6640548706055 66.1814880371094 66.8525390625 67.5834274291992 68.495475769043 69.2349624633789 69.6104965209961 -3.4e+38 70.4336242675781 71.8109588623047 72.1585998535156 72.6703720092773 73.0049362182617
41.1428451538086 40.7594909667969 -3.4e+38 -3.4e+38 41.2761154174805 41.767692565918 41.1713180541992 41.8676910400391 43.4526710510254 43.2684516906738 43.8413963317871 45.0737571716309 46.1921806335449 47.0186882019043 47.7406387329102 48.3622093200684 49.1616249084473 50.2612533569336 51.1527709960938 51.716609954834 52.400562286377 53.2602577209473 55.1102142333984 55.6759490966797 56.231689453125 57.1261749267578 58.4087333679199 58.927375793457 59.4240341186523 60.0692443847656 60.9101867675781 62.145092010498 62.549072265625 -3.4e+38 64.4999694824219 65.5110778808594 65.9469680786133 66.4018249511719 66.9248657226562 67.7616500854492 68.7241973876953 69.2692947387695 69.5948257446289 70.0831680297852 70.4661407470703 72.1171340942383 72.4473571777344 72.8459396362305 73.1473159790039
42.1507759094238 41.9787101745605 41.7110900878906 -3.4e+38 42.4098854064941 42.5944023132324 -3.4e+38 -3.4e+38 43.839527130127 43.9631652832031 44.4074363708496 45.7193336486816 46.9761543273926 47.5219573974609 48.192310333252 48.759449005127 49.7398872375488 50.8635673522949 51.5220375061035 52.1527137756348 52.7848472595215 53.8243103027344 55.4459495544434 56.0690650939941 56.7601776123047 57.5999565124512 58.6978073120117 59.287425994873 59.8749771118164 60.4088134765625 61.2115821838379 -3.4e+38 62.8537712097168 63.780445098877 64.6531066894531 65.7088012695312 66.274772644043 66.7164535522461 67.1770935058594 67.9312133789062 68.9711074829102 69.4359817504883 69.9199142456055 70.394645690918 70.9152908325195 72.2236633300781 72.5718078613281 73.00439453125 73.3412017822266
42.9155807495117 42.9381103515625 43.1505699157715 -3.4e+38 43.711483001709 44.2047996520996 44.366138458252 -3.4e+38 44.7129516601562 44.7691268920898 45.2868499755859 46.8667984008789 47.5202484130859 48.0635528564453 48.731803894043 49.2968215942383 50.2739677429199 51.3428916931152 51.9483108520508 52.6773376464844 53.2494430541992 54.2267303466797 56.0152854919434 56.5481338500977 57.1182441711426 58.0340919494629 59.0541000366211 59.7044677734375 60.3283081054688 60.925666809082 61.9658279418945 62.7727813720703 63.1759986877441 64.2463455200195 65.2767715454102 66.0275344848633 66.5609130859375 67.0157012939453 67.6250228881836 68.5350799560547 69.2511291503906 69.7298812866211 70.1998443603516 70.6888427734375 71.3275604248047 72.5656814575195 72.8318099975586 73.1115188598633 73.3683853149414
43.9565505981445 44.0985450744629 44.2876319885254 44.5733413696289 44.9259948730469 45.4634628295898 -3.4e+38 45.5370483398438 45.7793502807617 45.6935195922852 46.4163780212402 48.1185073852539 48.2610893249512 48.8030967712402 49.4705085754395 50.1881675720215 51.3238525390625 52.0741157531738 52.6780052185059 53.4060249328613 54.0802383422852 55.1599197387695 56.6555213928223 56.9895057678223 57.6866111755371 58.9190139770508 59.6862907409668 60.1228523254395 60.6601181030273 61.4746551513672 62.6733360290527 -3.4e+38 63.4844169616699 64.6116180419922 65.6662216186523 66.2643432617188 66.7743682861328 67.3331604003906 68.0895233154297 69.0413970947266 69.3967361450195 69.861457824707 70.3451995849609 70.9855880737305 71.8496704101562 72.8248748779297 73.024284362793 73.1813125610352 73.6428680419922
45.1501045227051 45.3490676879883 45.4276084899902 45.8321075439453 46.375846862793 46.943229675293 47.5173721313477 47.9081420898438 47.7203941345215 47.1134414672852 47.949634552002 48.8642845153809 49.0641174316406 49.6673278808594 50.3659973144531 51.3737754821777 52.3295135498047 52.8675727844238 53.5301399230957 54.1383399963379 54.9402122497559 56.1483306884766 57.1515045166016 57.5763244628906 58.4794425964355 59.6383285522461 59.9956016540527 60.5147399902344 61.2387504577637 62.0554084777832 63.000431060791 63.4081649780273 63.8102607727051 65.102180480957 66.0124206542969 66.5962142944336 67.0829467773438 67.6354217529297 68.3759765625 69.4397888183594 69.8830490112305 70.1892471313477 70.6594543457031 71.4492721557617 72.3348388671875 72.7113723754883 73.0596084594727 73.4929809570312 74.0878295898438
46.9409942626953 46.903434753418 46.7710418701172 47.397834777832 48.2656478881836 48.3823318481445 48.8156433105469 49.6958274841309 49.4727210998535 48.9471664428711 49.344310760498 49.7457695007324 50.2097473144531 50.9555892944336 51.9628982543945 52.7331657409668 53.3586769104004 53.9304237365723 54.368709564209 55.0251121520996 55.9780311584473 56.8765144348145 57.7425384521484 58.4531059265137 59.4536170959473 60.1393547058105 60.4283561706543 61.0758857727051 61.8504600524902 62.6599769592285 63.3989334106445 63.8741455078125 64.2082977294922 65.8874816894531 66.4587631225586 66.8876190185547 67.3354797363281 67.9339294433594 68.9186401367188 69.7825698852539 70.1517105102539 70.3811416625977 70.9453430175781 71.9423522949219 72.4805908203125 72.8711395263672 73.2023315429688 73.6032562255859 74.1699142456055
49.862850189209 50.4298210144043 50.7442893981934 51.1436805725098 51.5406608581543 51.6828575134277 52.1782493591309 52.9651794433594 52.6711196899414 52.1345252990723 51.8851127624512 52.150203704834 52.6683578491211 53.484920501709 53.9717826843262 54.583080291748 55.2161331176758 55.8789558410645 56.591423034668 57.1967391967773 57.7088470458984 58.1552047729492 59.3635482788086 60.5925445556641 61.0097618103027 61.2886047363281 61.87451171875 62.4675483703613 63.1950912475586 63.9774017333984 64.3641128540039 64.8549194335938 65.4881744384766 67.0736618041992 67.4965667724609 67.8035354614258 68.2071228027344 69.157341003418 69.7883071899414 70.3236846923828 70.6251983642578 71.1964111328125 71.939697265625 72.4444732666016 72.7130279541016 73.3044662475586 73.8463363647461 74.3837203979492 74.8556442260742
51.3959617614746 51.9612007141113 52.2739143371582 52.729564666748 53.2510681152344 53.455982208252 53.9761085510254 54.397144317627 53.9150314331055 53.6517181396484 53.552978515625 53.8749580383301 54.4240341186523 54.8002777099609 -3.4e+38 55.7339973449707 56.3721351623535 57.1245613098145 57.7289848327637 57.9379577636719 58.4480819702148 58.9039344787598 60.2343826293945 61.1449546813965 61.5612487792969 61.8984909057617 62.7494583129883 63.613899230957 64.1686706542969 64.5674285888672 64.76806640625 65.4632110595703 -3.4e+38 67.3719253540039 67.8064804077148 68.3362884521484 69.1097412109375 69.8014755249023 70.2631683349609 70.5657272338867 70.7627410888672 71.529541015625 72.4580917358398 72.6460418701172 72.8196411132812 73.6118545532227 74.4513397216797 74.9094467163086 75.0727386474609
53.4384384155273 53.9067306518555 54.0143928527832 54.4535827636719 55.0322380065918 55.4553565979004 56.0239143371582 56.1584663391113 55.7875785827637 55.5144271850586 55.1148338317871 55.3849258422852 55.8983421325684 56.2544975280762 56.6265449523926 -3.4e+38 57.8091049194336 58.1342849731445 58.6104850769043 58.9571151733398 59.2492218017578 59.9772796630859 61.172420501709 61.7254600524902 62.140811920166 62.4686050415039 63.3453407287598 64.2507095336914 64.7146148681641 65.1219100952148 65.3398590087891 -3.4e+38 -3.4e+38 67.7983474731445 68.3010482788086 68.8803024291992 69.8812713623047 70.2244262695312 70.5540313720703 70.8942718505859 71.2514114379883 71.9906845092773 72.4469985961914 72.8606491088867 73.1288070678711 73.9961776733398 74.8607406616211 75.1213912963867 75.3848114013672
55.4706001281738 56.1478614807129 56.4856185913086 56.9897766113281 57.4315490722656 57.8345489501953 58.2714309692383 58.1609382629395 57.7207984924316 57.4622497558594 56.8354606628418 56.8115043640137 57.0491905212402 57.3737564086914 57.9609642028809 -3.4e+38 59.336109161377 59.2945289611816 59.8267478942871 60.2312812805176 60.4665565490723 61.3024368286133 61.9081192016602 62.4595336914062 62.8736877441406 63.2961158752441 64.1450805664062 -3.4e+38 65.2063140869141 65.5835952758789 66.127815246582 -3.4e+38 67.6817779541016 68.2533340454102 68.8245620727539 69.6328964233398 70.2677841186523 70.6969375610352 70.8269729614258 71.3146667480469 72.1364669799805 72.5644989013672 72.7773132324219 73.1903228759766 73.4885787963867 74.6052856445312 75.0929641723633 75.231803894043 75.5900573730469
57.1334915161133 58.2568397521973 59.0797080993652 59.6423797607422 59.954273223877 60.2800331115723 60.4978981018066 60.3387145996094 59.7994117736816 59.1634407043457 58.8531646728516 58.4633369445801 -3.4e+38 -3.4e+38 -3.4e+38 -3.4e+38 60.7309417724609 60.7336273193359 61.0007209777832 61.3772315979004 61.9485054016113 62.506706237793 62.9230537414551 63.1962661743164 63.7542037963867 64.4442520141602 -3.4e+38 65.41552734375 65.86328125 -3.4e+38 67.27880859375 67.8703079223633 68.1400146484375 68.8986282348633 69.6675567626953 70.4236755371094 70.7300872802734 71.1348342895508 71.451904296875 72.0692977905273 72.6248474121094 72.82763671875 73.2368927001953 73.5015106201172 -3.4e+38 -3.4e+38 75.4169235229492 75.5784759521484 76.0152893066406
-3.4e+38 60.2381973266602 61.2379608154297 61.9360313415527 62.2391929626465 62.5754356384277 62.8520202636719 62.7995262145996 62.1949005126953 61.4284057617188 61.011157989502 60.9792709350586 -3.4e+38 -3.4e+38 -3.4e+38 -3.4e+38 61.9937934875488 62.1281051635742 62.2181625366211 62.746654510498 63.1724014282227 63.4639434814453 64.0395584106445 64.3567352294922 64.9841232299805 65.5855484008789 -3.4e+38 66.1457672119141 66.7374420166016 67.3965682983398 68.058952331543 68.3999481201172 68.6394882202148 69.9718780517578 70.3662796020508 70.7950210571289 71.1913833618164 71.4458847045898 71.9664840698242 72.775520324707 72.9521942138672 73.1599807739258 73.5683746337891 74.0166397094727 -3.4e+38 75.5464172363281 75.6759948730469 76.1145324707031 76.6183090209961
61.5785331726074 62.715160369873 63.424732208252 64.373649597168 64.9501037597656 65.2140045166016 65.3332748413086 65.2782440185547 64.9635848999023 64.6803817749023 64.0384292602539 -3.4e+38 -3.4e+38 -3.4e+38 -3.4e+38 -3.4e+38 63.1297302246094 63.4700927734375 63.9299507141113 64.1369781494141 64.1761016845703 64.2786102294922 65.0453567504883 65.7474212646484 66.0375823974609 66.456901550293 66.6692962646484 66.9792709350586 67.4134521484375 68.1995162963867 68.5614700317383 68.8843841552734 69.3036041259766 70.7662811279297 70.8612976074219 71.2211990356445 71.6764831542969 71.9181060791016 72.5720825195312 73.1084518432617 73.3879165649414 73.6214828491211 74.0341796875 74.8318481445312 -3.4e+38 75.7711334228516 75.9421234130859 76.3857421875 77.1780242919922
63.9785499572754 65.3350372314453 66.2935256958008 67.4858093261719 68.2976226806641 68.2263107299805 67.9523773193359 68.5725936889648 68.3445434570312 67.7481536865234 67.0996017456055 65.5835037231445 65.3304595947266 -3.4e+38 -3.4e+38 64.4319610595703 64.6652221679688 64.9221038818359 65.3043823242188 65.2735595703125 65.323600769043 65.3048248291016 66.3585739135742 66.7367172241211 66.7759246826172 67.1937866210938 67.47412109375 67.9429473876953 68.2762603759766 68.8262329101562 69.2886657714844 69.5508117675781 70.003662109375 71.221076965332 71.5824661254883 71.8813095092773 72.3734664916992 72.835693359375 73.1781539916992 73.4240951538086 73.6952896118164 74.1053848266602 74.8122253417969 75.3762893676758 -3.4e+38 76.2059555053711 76.5693817138672 77.1607437133789 77.6891555786133
65.2637100219727 67.131477355957 68.9438934326172 70.7944183349609 71.7306365966797 71.0126724243164 69.7232971191406 72.1099853515625 71.4283599853516 70.3063049316406 69.3828277587891 -3.4e+38 -3.4e+38 -3.4e+38 66.3061065673828 66.0249099731445 66.2693176269531 66.4223098754883 66.3456115722656 66.415397644043 66.4510192871094 66.5149230957031 67.4872512817383 67.5585098266602 67.6748275756836 67.9330444335938 68.3534851074219 69.0832214355469 69.2515563964844 69.496208190918 69.8388061523438 70.2515335083008 71.033576965332 71.907470703125 72.2694396972656 72.7754821777344 73.1730651855469 73.6254348754883 73.7442626953125 73.9070053100586 74.1641235351562 74.8338851928711 75.3859786987305 75.6820297241211 76.0068435668945 76.9278182983398 77.5501174926758 77.9405670166016 78.1583404541016
67.2956085205078 69.1310272216797 71.2947463989258 73.2589569091797 74.7823944091797 74.7930755615234 73.8264236450195 75.1710815429688 74.1814956665039 73.0722122192383 -3.4e+38 69.5670318603516 69.2816619873047 68.9133987426758 68.3191909790039 67.9142303466797 67.6945037841797 67.8998641967773 67.6573944091797 67.732551574707 67.9737854003906 67.9601516723633 68.3127365112305 -3.4e+38 68.5540161132812 68.7555160522461 69.316520690918 69.9421997070312 70.0656509399414 70.3381652832031 70.7819366455078 71.6430892944336 71.7766036987305 72.7442474365234 73.182258605957 73.5060272216797 73.7351913452148 74.0761108398438 74.3159713745117 74.4328536987305 75.0788269042969 75.4357376098633 75.6984405517578 76.075553894043 76.4348449707031 77.6174011230469 78.1645431518555 78.4426879882812 78.5913696289062
69.8038482666016 71.9147262573242 74.0185012817383 76.1004333496094 77.8228912353516 78.6577529907227 78.2616119384766 78.1925811767578 76.8694610595703 75.3585433959961 74.0659027099609 71.8963317871094 71.4524536132812 70.7828598022461 70.0516510009766 69.6553421020508 69.3805160522461 69.4325866699219 69.2780532836914 69.3792190551758 -3.4e+38 69.1486282348633 69.2861175537109 69.5518112182617 69.7200546264648 69.848503112793 -3.4e+38 70.5759353637695 70.8102416992188 71.6752777099609 73.3112411499023 74.2097091674805 73.5949096679688 73.2632217407227 73.9724426269531 74.0735168457031 74.220817565918 74.4733505249023 74.875114440918 75.0464706420898 75.6958160400391 75.9383316040039 76.0582275390625 76.5270690917969 77.2471466064453 78.019287109375 78.3601150512695 78.8126373291016 79.3143920898438
72.3246231079102 74.7024688720703 77.0067977905273 79.5007019042969 81.5220718383789 82.7026214599609 82.0850677490234 81.0785751342773 79.3123016357422 77.3754043579102 76.4457015991211 74.0565567016602 73.1580657958984 72.3452682495117 71.5942764282227 71.2596893310547 71.1314468383789 71.1416931152344 70.8113708496094 70.70556640625 70.3532867431641 70.2584533691406 70.3121719360352 70.7018661499023 70.9072570800781 70.9915390014648 70.8234481811523 71.1344451904297 71.434196472168 72.4810562133789 73.8269729614258 74.6569290161133 75.0639343261719 73.954216003418 74.5927734375 74.734733581543 74.7711639404297 75.0375900268555 75.5575714111328 75.7163314819336 75.8998718261719 76.3143844604492 76.7713012695312 77.3657684326172 77.8122482299805 78.5845413208008 78.9384918212891 79.5450897216797 80.2699279785156
