rcp8.5models/CNRM-CM5/sc1gr7.7
NCOLS 261 
NROWS 433 
XLLCORNER 336357.134 
YLLCORNER 654653.479 
CELLSIZE 1000 
NODATA_value -9999 
[rows 110 to 131 of 433, columns 150 to 199 of 261]
62.1619769598333 62.3481261926623 62.4732016600233 62.6428607912277 62.7864333404808 62.8369677274128 62.9565566734047 63.101108751336 63.3020679381143 63.4191079190786 63.541207382329 63.6538272471849 63.8042244933278 64.021552190885 64.1187274763248 64.1893562654308 64.3365333192053 64.4911618965197 64.693849784138 65.0483994157353 -9999 -9999 65.4357792562333 65.5589534225006 -9999 -9999 -9999 -9999 -9999 -9999 -9999 -9999 -9999 -9999 -9999 -9999 -9999 -9999 -9999 -9999 -9999 -9999 -9999 -9999 -9999 -9999 -9999 -9999 -9999 -9999
61.9631033658366 -9999 62.2256636551075 62.3598660376147 62.4274503495806 62.5337235436072 62.6617312774935 62.7895020672651 63.0264740659476 63.0726917002443 63.2409552284773 63.4019063246967 63.538225309631 63.7469249307542 63.8505826509419 63.9511277778384 64.0537328271219 64.2434330753567 64.4124276935249 64.783433104598 -9999 65.0419222038577 65.2800177668028 -9999 -9999 -9999 -9999 -9999 -9999 -9999 -9999 -9999 -9999 -9999 -9999 -9999 -9999 -9999 -9999 -9999 -9999 -9999 -9999 -9999 -9999 -9999 -9999 -9999 -9999 -9999
61.6850448358416 61.7842235497077 61.8863978708409 62.0310931172615 62.1557903541466 62.2719787574103 62.4292150789249 62.5237179534959 62.7574615458172 62.8797795402032 -9999 63.2034877332198 63.3426378302646 63.4716496315955 63.5621377640711 63.7156411862566 63.865383139537 64.0104799183817 64.2090667492689 64.5959743611822 64.6505390036309 64.7893287924913 64.9894812140727 65.1225408538861 65.0716400146484 -9999 -9999 -9999 -9999 -9999 -9999 -9999 -9999 -9999 -9999 -9999 -9999 -9999 -9999 -9999 -9999 -9999 -9999 -9999 -9999 -9999 -9999 -9999 -9999 -9999
61.3568925102952 61.4806264934767 61.562953815836 61.694016846456 61.8558129002192 62.004468225567 62.1515496899051 62.1974116625879 62.4842339569124 62.5934563987235 62.7151398293756 62.8979197575727 63.0520320129492 63.231988975648 63.4222076931297 63.5202977273724 63.6222793833822 63.8437352362969 64.1277485428311 64.4185791537065 64.5055437166226 64.6112426289978 64.7490008032572 -9999 65.0933770633425 -9999 -9999 -9999 -9999 -9999 -9999 -9999 -9999 -9999 -9999 -9999 -9999 -9999 -9999 -9999 -9999 -9999 -9999 -9999 -9999 -9999 -9999 -9999 -9999 -9999
61.1582275819782 61.2305962439991 61.3552209409753 61.4430214775604 61.5768490039652 61.7316724164385 61.8487319561052 61.8901347480893 -9999 62.3046017425409 62.4273476579074 62.5883493245015 62.7505126592307 62.9656113773949 63.1956281767016 63.2928816994216 63.3920200146616 63.6275469715289 63.8576193421354 64.1252771911746 64.2423130068075 64.4359282296769 64.5676015521606 64.7496517481743 64.9532410931147 65.0559605406536 -9999 -9999 -9999 -9999 -9999 -9999 -9999 -9999 -9999 -9999 -9999 -9999 -9999 -9999 -9999 -9999 -9999 -9999 -9999 -9999 -9999 -9999 -9999 -9999
60.5779609327744 60.7083057321181 60.7874473584681 60.8824956524741 60.9623419356797 61.0763182562454 61.2057052118755 61.3633867180685 61.7583126078712 -9999 62.0424798211457 62.2160369406487 62.3251556589373 62.5118163400249 62.685850207574 62.9574000482164 63.1032712911523 63.2127356206397 63.3308697013703 63.6768913663314 63.8841040980608 64.1145712497118 64.202042712269 64.3761610329438 64.5635085855463 -9999 -9999 -9999 -9999 -9999 -9999 -9999 -9999 -9999 -9999 -9999 -9999 -9999 -9999 -9999 -9999 -9999 -9999 -9999 -9999 -9999 -9999 -9999 -9999 -9999
60.3551012340626 60.4048039260428 60.4929612248032 60.5581878046465 60.6580429811661 60.7751818602446 60.9129083702045 61.0466548634854 61.4435591953394 61.578445863607 61.8127984034813 61.9918431488023 62.1540549298334 62.2899592124392 62.3942253100042 62.6156026414702 62.8267128685513 63.0038610475186 63.1417064694619 63.5651416158646 63.7463037416458 63.9456143319658 64.1182466368841 64.3036477318065 64.4207531965459 64.5791357886526 -9999 -9999 -9999 -9999 -9999 -9999 -9999 -9999 -9999 -9999 -9999 -9999 -9999 -9999 -9999 -9999 -9999 -9999 -9999 -9999 -9999 -9999 -9999 -9999
60.0612851147211 60.1309453920453 60.2704677819821 60.3170499170616 60.3804990051215 60.485556071988 60.6267955640502 60.8395908209757 61.1709682845634 61.3417944472626 61.5165370792588 61.7783179799886 61.9568027053031 62.1015665841077 62.1931841895692 62.3224160157096 62.5341109132196 62.7661030027606 62.8850082741196 63.3485229553332 63.5709845919254 63.7791760859077 63.9944494785324 64.1876120303043 64.3367439270452 64.5049995359238 -9999 -9999 -9999 -9999 -9999 -9999 -9999 -9999 -9999 -9999 -9999 -9999 -9999 -9999 -9999 -9999 -9999 -9999 -9999 -9999 -9999 -9999 -9999 -9999
59.775904862935 59.8300389843039 60.093546869226 60.1415256525361 60.1507475759904 60.1822564217122 60.3358084239829 60.5512843204791 60.8894216488922 61.0993589407739 61.2978486570433 61.5541741318342 61.7073793687649 61.8755196483486 61.9610624139969 62.1789097180455 62.3712191687219 62.5486368109991 62.7461142769043 63.1783447071721 63.3528072165696 63.5456557747396 63.7508600465872 63.8749351208318 64.1129616764136 64.2967201014406 -9999 -9999 -9999 -9999 -9999 -9999 -9999 -9999 -9999 -9999 -9999 -9999 -9999 -9999 -9999 -9999 -9999 -9999 -9999 -9999 -9999 -9999 -9999 -9999
59.5219019020614 59.5881943343218 59.7639761007032 59.8200185681958 59.8718517734568 59.9240098024152 60.0924501264689 60.3427151974004 60.6202839850543 60.8519172660721 61.1761683657114 61.4007811888524 -9999 61.6761021140472 61.7805523994988 61.9684866308413 62.1287758499614 62.3647160643148 62.6025509264539 63.0386309186552 63.2438306979602 63.4077005424511 63.5144986896984 63.6313981863437 63.8787111822446 64.0554665794429 -9999 -9999 -9999 64.7883684475835 -9999 -9999 -9999 -9999 -9999 -9999 -9999 -9999 -9999 -9999 -9999 -9999 -9999 -9999 -9999 -9999 -9999 -9999 -9999 -9999
59.2845532990026 59.4226198509149 59.4779113537787 59.5234421929598 59.5703669339428 59.7451476650254 59.8641144615737 60.1483309185486 60.4554272817235 60.7019676565601 60.9156990997431 61.1344223490002 61.3522196982413 61.5097978504623 61.6092027979243 61.8414775081573 61.9762644807506 62.1829649441073 62.3770405495791 62.8532705183201 63.0408171474879 63.2210979381387 63.3550420890789 63.5144055047278 63.7264680733903 63.8885229680808 64.1383561615174 64.36235037284 64.5085976403875 64.6126704916299 64.9177627563477 -9999 -9999 -9999 -9999 -9999 -9999 -9999 -9999 -9999 -9999 -9999 -9999 -9999 -9999 -9999 -9999 -9999 -9999 -9999
59.0190048974662 59.139394233794 -9999 59.3530361680709 59.4154039043456 59.5483944128365 59.6387275598228 59.8708574904114 60.3408448111294 60.5392946437322 60.6910278001343 60.8594285852424 61.1269962631467 -9999 61.3981770829241 61.6205299455411 61.8051383815911 62.0651470771686 62.2840301797488 62.6349311272331 62.7581068719943 62.97581292186 63.1769455912899 63.4208090440146 63.6040218177489 63.7069798331454 63.9413103552902 64.2472622265541 64.388958528665 -9999 64.9685851139321 65.1424102783203 -9999 -9999 -9999 -9999 -9999 -9999 -9999 -9999 -9999 -9999 -9999 -9999 -9999 -9999 -9999 -9999 -9999 -9999
58.7532315712418 58.83092286951 59.0513345108872 59.2015169429964 59.3038730622805 59.3819770706855 59.4791628109797 59.7419688112637 60.1532123298208 60.3749365763597 60.5329195282046 60.7286322558965 60.9125823035978 61.0948408822539 61.2227758363027 61.4413211018237 61.6174001718818 61.8913180008595 62.1216812686651 62.5128769999632 62.6397888540027 62.854687303795 63.0111373678615 63.2720219880749 63.4489517169558 63.5152220389737 63.7527614849595 64.0765574426202 64.3029378739413 64.4886768612557 -9999 65.0992425407333 65.2325744628906 -9999 -9999 -9999 -9999 -9999 -9999 -9999 -9999 -9999 -9999 -9999 -9999 -9999 -9999 -9999 -9999 -9999
58.4670554405472 58.5854429508269 58.7764648776141 58.9874500749551 59.1302220488261 59.1612773196723 59.264822308176 59.5188399730746 59.9382796192193 60.1839210880136 60.3620986762289 60.5689344002198 60.6624785434826 60.8273492498746 61.06815831605 61.3077791010961 61.4869279665169 61.7294375064264 61.9518817261017 62.2927490808014 62.5001936482944 62.7273823441024 62.8252347875239 63.1022660329338 63.3011621328783 63.3969939914484 63.6436722457492 63.8651918405017 64.0989750391171 -9999 64.6623348434499 64.865347825385 64.9755168902906 -9999 -9999 -9999 -9999 -9999 -9999 -9999 -9999 -9999 -9999 -9999 -9999 -9999 -9999 -9999 -9999 -9999
58.3033902940889 58.4213831240781 58.5302548313147 58.7056168455036 58.873707847679 58.9478132503548 59.0347521397346 59.2842465947437 59.6759680302253 59.9085687864821 60.1885367297948 60.3362712871326 60.4601552323008 60.6530253254055 60.8609795389623 61.0913348869359 61.3979726014142 61.6137644968668 61.7715868297703 62.1172363806376 62.3558383776542 62.5785032279606 62.6716198240796 62.8099620549988 63.0370535021693 63.2911484150266 63.4947339720936 63.6625039717363 63.8136238181083 64.0062129886105 64.4597305658234 64.6644331331266 -9999 64.9569244384766 -9999 -9999 -9999 -9999 -9999 -9999 -9999 -9999 -9999 -9999 -9999 -9999 -9999 -9999 -9999 -9999
58.1846830738175 58.3059446528757 58.3999077458082 58.5348460491878 58.640139710181 58.7799759617863 58.8998268471387 59.1079078751842 59.5107953665233 59.6581228784306 59.9552024585542 60.1616274166652 60.339723382307 60.5254458721268 60.72315004348 60.9082971805073 61.2362321917811 61.4148350546107 61.606201542476 62.0057764186412 62.2692655875452 62.4551677137812 62.5642051834742 62.5889990512393 62.8348869097383 63.1686495184084 63.298894731806 63.4414702814939 63.702000603905 63.9298292496919 64.2993838573076 64.5346346944919 64.7575811421316 64.9194862852906 64.971794128418 -9999 -9999 -9999 -9999 -9999 -9999 -9999 -9999 -9999 -9999 -9999 -9999 -9999 -9999 -9999
57.7139249374556 57.9068464804315 58.0352454109504 58.1984449416313 58.361070231023 58.5531021910241 58.6969883393805 58.8800200955316 59.1330971596888 59.3868834107717 59.6180607427088 59.7523892205505 60.0085153435913 60.2972265722849 60.4431836948025 60.6736479780603 60.9898865183822 61.1969564698246 61.3776221313925 61.7184160762811 61.9241114945975 62.0727214632393 62.1846957709671 62.4017615644396 62.4967062865528 62.773528775499 63.0043095223187 63.290697384688 63.5106637735909 63.6922394828972 64.0098014310111 64.2666525743671 -9999 64.6637182919094 64.8816897931057 -9999 -9999 -9999 -9999 -9999 -9999 -9999 -9999 -9999 -9999 -9999 -9999 -9999 -9999 -9999
57.5070997228813 57.7117826324649 57.906746781022 58.0045662406143 58.1626609092216 58.3937058073378 58.5822288264203 58.7452292384218 58.9940256562664 59.2579840747651 59.4191949141345 59.5969589840036 59.864122095812 60.0911900649636 60.2678967822239 60.4820188401112 60.7746434377853 61.0225937728964 61.206368674236 61.6726447391374 61.8286777179904 61.9098170734759 62.0649438983266 62.2668353734613 62.3825228488191 62.5798315668964 62.7946248709343 63.0999435779255 63.3978811120385 63.6179115479604 63.8989598188459 64.1677201328148 -9999 -9999 64.771089966448 64.7832387991225 -9999 -9999 -9999 -9999 -9999 -9999 -9999 -9999 -9999 -9999 -9999 -9999 -9999 -9999
57.2982546147337 57.5166536001632 57.7089197372639 57.8060105938602 57.9942581013062 58.1726298601982 58.3801025568638 58.5527921874937 58.9144776863864 59.0786185203111 59.2580050562484 59.483052983227 59.7115688221924 59.918658821554 60.1179957757192 60.3852973440322 60.6294482082189 60.8782540912394 61.0972434327896 61.5074524865995 61.6512582458235 61.7880698568981 61.9757909195313 62.1195053205085 62.3343143926215 62.5917684290707 62.753183526835 62.9527003730092 63.194233541947 63.4580847001474 63.8324173245786 64.1206337808999 64.2411331502255 64.42372728142 -9999 64.7954472212819 -9999 -9999 -9999 -9999 -9999 -9999 -9999 -9999 -9999 -9999 -9999 -9999 -9999 -9999
57.0887420230115 57.3135865844985 57.518841087937 57.6719712260533 57.8334347821955 57.9252661364915 58.1966455980349 58.3719750243967 58.7524314396363 58.8601446721346 59.136559267207 59.3372338629723 59.5518005660395 59.7739767646612 59.9486324250096 60.2178727167795 60.4790504397595 60.7937672786215 60.9518047392503 61.3375154462662 61.4591148299902 61.6315923465643 61.8740651772668 62.0577298785947 62.2310817813562 62.5245611354863 62.7353447294451 62.9318548484863 63.0557795687862 63.2638909016333 63.7578199478848 64.0020778913634 64.1278905262206 -9999 -9999 64.7709438007719 64.9271356683381 -9999 -9999 -9999 -9999 -9999 -9999 -9999 -9999 -9999 -9999 -9999 -9999 -9999
56.9794574973135 57.1596160163526 57.3058359728283 57.5404385811299 57.6756384246106 57.7755975819385 58.0317854104923 58.1806275204763 58.567168208807 58.7724119249442 59.0069628554694 59.1991030296092 59.4736682367744 59.7019125652105 59.8960021539716 60.0836359119015 60.3335320174903 60.6144179725434 60.7706206774052 61.1660032364888 61.2950120839993 61.5048022680525 61.7025562410131 61.9418403994019 62.0909502316405 62.3245555765156 62.5756563046985 62.8295952668133 62.9105893317885 63.1295681798584 63.5839615386631 63.8462954669366 64.0147036963619 64.2510022026081 64.4909300339138 64.6769378423947 64.9132826044699 -9999 -9999 -9999 -9999 -9999 -9999 -9999 -9999 -9999 -9999 -9999 -9999 -9999
56.8828963572461 57.0048801017942 57.1283408357093 57.3664597556691 57.4717267183308 57.6027028890841 57.8768923904116 58.0508856457203 58.4260698664563 58.6993165364543 58.9085602735089 59.0672696903459 59.3608234548438 59.5996641454887 59.8400389868718 60.0142473292559 60.2404700838971 60.4391794424916 60.5925661238102 61.024141993716 61.1771602262791 61.452954240549 61.6093435330403 61.8626607633409 62.0499965894723 62.2129041657029 62.3877078671494 62.6005872701694 62.8129891566824 63.1096053712973 63.4950135036602 63.718586291275 63.8984162145972 -9999 64.2773360597923 64.4822515632138 64.738422154957 64.957340524097 -9999 -9999 -9999 -9999 -9999 -9999 -9999 -9999 -9999 -9999 -9999 -9999
