rcp8.5models/CNRM-CM5/sc1gr6.24
NCOLS 261 
NROWS 433 
XLLCORNER 336357.134 
YLLCORNER 654653.479 
CELLSIZE 1000 
NODATA_value -3.4e+38 
[rows 330 to 351 of 433, columns 49 to 97 of 261]
2121.93676757812 2141.45361328125 2168.37329101562 2200.51879882812 2226.25537109375 2254.2568359375 2286.98022460938 2337.3251953125 2364.54614257812 2385.6552734375 2405.95654296875 2437.04907226562 2456.9462890625 2483.65283203125 2524.330078125 2565.05395507812 2607.8564453125 2655.65258789062 2796.62573242188 2820.52465820312 2852.3662109375 2941.84912109375 2986.26782226562 3014.32421875 -3.4e+38 -3.4e+38 3150.45239257812 -3.4e+38 3211.24096679688 3275.38818359375 3141.86108398438 3037.51171875 3013.66259765625 3018.64599609375 3170.83642578125 3450.90551757812 3621.1064453125 3608.85620117188 3478.60083007812 3383.27124023438 3553.90966796875 3698.19506835938 3756.4736328125 3756.18359375 3716.48046875 3691.33422851562 3625.54638671875 3635.9755859375 3715.84814453125
2126.58154296875 2139.6748046875 2171.17626953125 2200.67456054688 2230.55444335938 2266.32470703125 2296.43627929688 2352.37744140625 2374.8798828125 2401.38305664062 2442.373046875 2489.24291992188 2486.2880859375 2493.10717773438 2534.74340820312 2571.11865234375 2609.04248046875 2634.9892578125 2739.76977539062 2788.9072265625 2857.490234375 2909.71044921875 2993.98486328125 3078.03369140625 -3.4e+38 3194.19995117188 3157.39428710938 -3.4e+38 3250.5751953125 3199.29174804688 3053.90014648438 3003.53002929688 2989.25610351562 2996.98754882812 3052.61938476562 3204.22924804688 3389.83837890625 3395.87109375 3259.95434570312 3193.30053710938 3423.15014648438 3683.94799804688 3747.27221679688 3762.76831054688 3718.61206054688 3704.41455078125 3683.62744140625 3648.0810546875 3684.63647460938
2142.62182617188 2158.09130859375 2177.06616210938 2203.61376953125 2242.3310546875 2266.28662109375 2288.0234375 2362.26538085938 2395.90234375 2423.72924804688 2467.044921875 2510.80639648438 2506.82836914062 2504.53100585938 2536.19897460938 2573.80224609375 2616.13403320312 2640.1962890625 2711.84130859375 2757.42358398438 2817.32690429688 2851.80517578125 3014.75317382812 3110.47973632812 -3.4e+38 3216.47265625 3178.97900390625 3189.67797851562 3241.89331054688 3153.95874023438 3069.31323242188 3057.88500976562 3003.53564453125 3018.59692382812 3037.25244140625 3065.59619140625 3175.24291992188 3208.92211914062 3127.32080078125 3184.11352539062 3423.55639648438 3693.76977539062 3738.46704101562 3703.85327148438 3673.7041015625 3684.0849609375 3689.87182617188 3690.31713867188 3675.65747070312
2150.84765625 2174.15258789062 2182.76904296875 2216.31811523438 2259.74560546875 2275.72607421875 2302.5322265625 2371.88696289062 2421.03369140625 2445.51025390625 2478.552734375 2509.55541992188 2507.447265625 2520.91064453125 2558.19213867188 2591.45166015625 2633.36181640625 2666.30615234375 2736.6220703125 2769.77075195312 2799.7470703125 2853.68383789062 3040.8046875 3149.53784179688 -3.4e+38 3213.46313476562 3240.38208007812 3194.48828125 3241.63720703125 3220.29907226562 3166.48193359375 3097.0546875 3036.39404296875 3045.2998046875 3050.93041992188 3050.82202148438 3092.271484375 3117.76708984375 3089.6572265625 3128.53637695312 3360.99487304688 3650.59130859375 3720.99853515625 3600.0478515625 3577.197265625 3630.76953125 3639.0498046875 3694.90649414062 3653.93725585938
2150.85327148438 2176.97241210938 2189.63525390625 2224.87890625 2258.49780273438 2280.83154296875 2326.453125 2396.14575195312 2444.72900390625 2472.11743164062 2489.6279296875 2500.43579101562 2503.73510742188 2542.0498046875 2584.66918945312 2610.84399414062 2696.12768554688 2733.84252929688 2756.43359375 2771.48486328125 2795.0380859375 2902.52563476562 3066.0546875 3168.68383789062 3153.41040039062 3186.23046875 3232.78637695312 3192.80883789062 3225.55322265625 3288.01416015625 3210.77709960938 3180.21069335938 3207.88623046875 3113.2421875 3047.15991210938 3090.16821289062 3095.98461914062 3097.57080078125 3160.314453125 3152.17895507812 3183.60888671875 3617.90405273438 3682.0908203125 3569.97583007812 3473.40771484375 3528.17163085938 3608.53686523438 3610.71337890625 3510.44116210938
2151.82788085938 2180.39672851562 2199.78881835938 2227.29711914062 2255.93359375 2290.50366210938 2340.6337890625 2413.5830078125 2454.017578125 2478.49584960938 2491.42993164062 2509.98828125 2534.76049804688 2567.92749023438 2591.51318359375 2619.90869140625 2696.77978515625 2742.83471679688 2753.98706054688 2767.70825195312 2807.9951171875 2928.10107421875 3066.875 3159.3623046875 3154.79077148438 3166.103515625 3203.62939453125 3174.18115234375 3226.17431640625 3295.29638671875 3230.46142578125 3260.54443359375 3359.69775390625 3198.11865234375 3044.39868164062 3062.59936523438 3069.25708007812 3083.99072265625 3204.56665039062 3191.91064453125 3074.30419921875 3521.27978515625 3519.30859375 3420.39306640625 3401.26684570312 3429.1181640625 3574.64501953125 3545.9853515625 3258.2607421875
2156.22119140625 2186.18798828125 2205.46875 2245.82373046875 2284.99658203125 2320.87158203125 2362.59887695312 2434.89990234375 2458.0576171875 2490.30615234375 2528.96166992188 2542.63012695312 2569.36059570312 2610.35668945312 2635.05297851562 2646.92236328125 2674.15161132812 2721.26049804688 2758.27368164062 2783.8271484375 2837.208984375 2905.76684570312 3020.4560546875 3139.01513671875 3187.81860351562 3177.82006835938 3184.68676757812 3077.49658203125 3101.90649414062 3230.7509765625 3278.41162109375 3234.16796875 3321.62670898438 3268.61206054688 3074.13110351562 3007.48046875 3005.87426757812 3033.30615234375 3051.22729492188 3104.5556640625 3103.69604492188 3132.7255859375 3173.41967773438 3080.89111328125 3040.07397460938 3157.96362304688 3470.84887695312 3596.11181640625 3368.30078125
2158.74560546875 2188.09692382812 2216.8974609375 2261.83813476562 2306.89233398438 2348.91723632812 2379.90454101562 2427.2939453125 2456.33129882812 2500.01098632812 2537.81762695312 2559.48852539062 2590.98559570312 2623.6259765625 2648.53833007812 2659.32299804688 2684.828125 2712.15478515625 2760.39184570312 2794.37377929688 2839.15405273438 2887.55932617188 3002.8642578125 3120.82666015625 3171.65478515625 3164.68872070312 3182.623046875 3137.52954101562 3063.39013671875 3180.19458007812 3257.18383789062 3231.34643554688 3324.45068359375 3264.3759765625 3056.19873046875 3019.81127929688 3023.9697265625 3022.94580078125 3021.9951171875 3031.99047851562 3040.67822265625 3015.9423828125 3038.22143554688 3030.73413085938 3006.81665039062 3098.54614257812 3378.17797851562 3578.25952148438 3543.59716796875
2159.68041992188 2188.560546875 2229.16064453125 2275.958984375 2317.65478515625 2354.09399414062 2378.54370117188 2430.30712890625 2474.06469726562 2509.12939453125 2537.87548828125 2577.29516601562 2611.84033203125 2627.04272460938 2651.24365234375 2665.24609375 2681.89770507812 2705.03857421875 2770.89916992188 2811.35815429688 2862.06591796875 2892.5966796875 2989.49926757812 3075.97387695312 3123.34497070312 3150.89575195312 3171.58813476562 3131.77026367188 3012.58154296875 3133.63305664062 3242.4853515625 3234.74291992188 3321.35791015625 3321.27685546875 3099.58325195312 3016.19799804688 3024.93017578125 3026.98461914062 3035.5546875 3020.79614257812 3022.02587890625 3027.12255859375 3009.01440429688 3003.61083984375 2994.75708007812 3015.5302734375 3173.40991210938 3432.13403320312 3558.11572265625
2172.91723632812 2208.8251953125 2247.884765625 2275.44360351562 2304.75708007812 2341.81591796875 2380.2890625 2448.73706054688 2483.9814453125 2507.2744140625 2537.93139648438 2586.66967773438 2620.58520507812 2628.22192382812 2655.05932617188 2681.328125 2688.2734375 2716.58935546875 2820.67016601562 2850.51977539062 2883.6171875 2923.22924804688 2940.712890625 2996.76928710938 3066.244140625 3123.53759765625 3155.13134765625 3081.71215820312 2978.61743164062 3215.77172851562 3299.353515625 3295.57666015625 3325.056640625 3388.54321289062 3210.71118164062 3021.9619140625 3010.09423828125 3019.40991210938 3025.73706054688 3019.90234375 3023.48901367188 3036.15844726562 3023.05419921875 2998.43481445312 2984.28540039062 2988.359375 3054.12377929688 3238.67041015625 3453.3681640625
2182.73022460938 2218.95385742188 2249.01440429688 2270.58544921875 2313.51611328125 2355.67578125 2394.46264648438 2454.38037109375 2473.89819335938 2509.71899414062 2553.06298828125 2597.90869140625 2628.46850585938 2644.72192382812 2658.9228515625 2686.67016601562 2706.35229492188 2742.58813476562 2849.98291015625 2890.232421875 2931.38354492188 2918.9013671875 2884.22143554688 2981.61328125 3071.49243164062 3128.32348632812 3173.16235351562 3082.7080078125 2990.10815429688 3312.51391601562 3329.71459960938 3310.11181640625 3228.0703125 3287.90454101562 3216.00024414062 3034.1689453125 3021.71801757812 3006.740234375 3007.8701171875 3051.62280273438 3054.3349609375 3032.15551757812 3019.05151367188 2992.1435546875 2995.25268554688 2993.80981445312 3021.6259765625 3130.65698242188 3353.91528320312
2198.59106445312 2234.71435546875 2252.14184570312 2274.20385742188 2335.36694335938 2382.54858398438 2416.25732421875 2469.29541015625 2478.0224609375 2515.01220703125 2564.63647460938 2603.81274414062 2632.49951171875 2652.1748046875 2672.61352539062 2689.185546875 2713.9921875 2756.96118164062 2837.58447265625 2917.0634765625 2971.03686523438 2923.2333984375 2880.38647460938 2936.03637695312 3012.16137695312 3126.07348632812 3192.25390625 3147.0556640625 3041.705078125 3179.0009765625 3231.31005859375 3251.68920898438 3131.771484375 3100.97216796875 3176.34497070312 3089.71240234375 3012.12377929688 3001.966796875 3008.57592773438 3092.62353515625 3114.6875 3017.072265625 3007.962890625 2991.29174804688 2976.90405273438 2970.3935546875 2972.37426757812 3095.85034179688 3354.72412109375
2208.4716796875 2251.93579101562 2276.75537109375 2298.03564453125 2341.3212890625 2391.27465820312 2426.30297851562 2473.01708984375 2484.89575195312 2513.7255859375 2576.439453125 2617.35327148438 2628.96655273438 2658.4931640625 2688.3984375 2701.64038085938 2722.31884765625 2757.73974609375 2809.73291015625 2853.40087890625 2909.6640625 2905.18139648438 2879.86572265625 2895.70751953125 2931.5908203125 3000.26611328125 3092.85205078125 3145.96704101562 3082.58862304688 3005.78149414062 3059.09008789062 3090.05078125 3041.54028320312 2999.94262695312 3112.60571289062 3094.35620117188 2991.35034179688 3004.28198242188 3021.01416015625 3066.01708984375 3084.51416015625 3024.013671875 3022.10717773438 2991.80908203125 2953.53686523438 2946.75073242188 2949.88012695312 3078.02978515625 3346.81127929688
2207.41455078125 2245.70629882812 2283.1240234375 2319.44067382812 2346.68408203125 2384.29321289062 2425.33715820312 2470.751953125 2487.443359375 2518.41162109375 2598.43310546875 2632.72802734375 2628.75024414062 2652.76391601562 2675.205078125 2700.94506835938 2724.7568359375 2759.04370117188 2807.89770507812 2818.7197265625 2847.40161132812 2936.58984375 2928.28759765625 2911.8935546875 2928.72924804688 2919.98852539062 2966.11303710938 3014.9765625 3010.64208984375 2959.89770507812 2975.43896484375 2984.78735351562 2980.07763671875 2984.61401367188 3044.22216796875 3047.56103515625 2994.22729492188 3012.3837890625 3022.80102539062 3011.02514648438 3008.86694335938 3063.12841796875 3051.12670898438 3006.54956054688 2960.70141601562 2960.16040039062 2949.46313476562 3024.91186523438 3285.04638671875
2203.79443359375 2232.671875 2277.07153320312 2321.80053710938 2355.658203125 2385.85107421875 2412.8544921875 2468.93408203125 2490.15234375 2527.85278320312 2586.8447265625 2623.23852539062 2641.73510742188 2666.54833984375 2688.40551757812 2708.45263671875 2736.04345703125 2773.453125 2819.69897460938 2829.81713867188 2839.34399414062 2903.1064453125 2913.6962890625 2900.76098632812 2917.37841796875 2924.52465820312 2950.044921875 3027.42260742188 3093.79638671875 3026.99560546875 3048.55029296875 3106.06567382812 3080.81689453125 3137.0126953125 3102.10595703125 3026.63232421875 3011.85131835938 3005.78491210938 3007.130859375 2994.81494140625 2989.63305664062 3087.21435546875 3098.51733398438 3015.11474609375 2948.203125 2951.49682617188 2945.08447265625 2977.49951171875 3214.91137695312
2208.68969726562 2231.27783203125 2280.33447265625 2325.41235351562 2349.13842773438 2377.564453125 2412.58178710938 2463.98217773438 2514.56640625 2554.96728515625 2582.49780273438 2624.32641601562 2662.84716796875 2685.2451171875 2711.48071289062 2741.00463867188 2757.11645507812 2791.42797851562 2830.765625 2835.21118164062 2851.267578125 2916.88452148438 2973.50537109375 2930.35278320312 2915.80102539062 2984.58471679688 3000.62329101562 3074.30151367188 3206.42431640625 3134.11108398438 3061.73559570312 3185.57763671875 3207.97583007812 3239.87890625 3160.87963867188 3012.78149414062 3046.064453125 3036.50048828125 3001.439453125 2996.3359375 2982.490234375 3014.3408203125 3085.19970703125 3034.19287109375 2934.99291992188 2932.2763671875 2945.53002929688 3001.79028320312 3205.35473632812
2213.33520507812 2235.4931640625 2281.45678710938 2327.04296875 2341.70043945312 2364.85791015625 2409.00463867188 2470.65991210938 2519.3974609375 2590.28466796875 2618.025390625 2640.40771484375 2666.1015625 2685.79418945312 2723.46459960938 2751.17529296875 2761.96899414062 2790.38403320312 2827.48413085938 2859.22509765625 2878.556640625 2917.31884765625 2964.22338867188 2942.61279296875 2995.30419921875 3083.67065429688 3101.27587890625 3141.91455078125 3213.07373046875 3208.68408203125 3104.541015625 3222.265625 3299.35473632812 3267.69262695312 3214.52465820312 3074.50341796875 3078.05517578125 3068.884765625 3018.2314453125 3058.16552734375 3070.96728515625 2954.52319335938 2995.01928710938 2981.29272460938 2920.26220703125 2917.43920898438 2945.83837890625 2981.89965820312 3092.25439453125
2213.48193359375 2239.18774414062 2281.1357421875 2316.02661132812 2337.21020507812 2364.3818359375 2400.06884765625 2495.203125 2526.49829101562 2594.76391601562 2639.33032226562 2652.23583984375 2658.15673828125 2683.849609375 2726.98193359375 2746.9677734375 2771.23388671875 2796.53393554688 2834.765625 2891.84155273438 2900.41455078125 2888.77758789062 2907.86596679688 2982.68798828125 3049.90161132812 3106.25805664062 3179.50048828125 3206.67895507812 3223.5146484375 3275.87622070312 3211.19067382812 3265.35961914062 3339.62646484375 3301.33227539062 3289.43774414062 3167.900390625 3143.41870117188 3222.42431640625 3166.00390625 3091.71044921875 3148.0869140625 2969.1337890625 2942.07788085938 2928.73510742188 2914.59033203125 2911.09545898438 2953.73999023438 2936.2509765625 2914.1591796875
2217.88818359375 2246.87158203125 2277.07202148438 2308.68505859375 2342.12744140625 2372.6474609375 2403.28833007812 2491.58251953125 2528.72705078125 2601.666015625 2662.96948242188 2668.22509765625 2679.21533203125 2704.6767578125 2732.0712890625 2770.77612304688 2799.2548828125 2827.01831054688 2879.84375 2896.26489257812 2912.00927734375 2917.81860351562 2916.1455078125 2974.84790039062 3008.81762695312 3059.81640625 3168.29907226562 3234.78198242188 3246.142578125 3294.94384765625 3303.13525390625 3295.43017578125 3259.15600585938 3263.65747070312 3290.87475585938 3288.90478515625 3196.76904296875 3226.25805664062 3338.11059570312 3215.529296875 3101.71948242188 3121.39575195312 2959.94677734375 2912.22534179688 2974.52758789062 3065.21630859375 2979.90112304688 2856.77026367188 2838.4873046875
2219.72998046875 2249.1123046875 2278.7158203125 2310.04052734375 2348.45263671875 2386.38696289062 2422.00244140625 2507.13891601562 2543.23657226562 2614.83837890625 2699.6728515625 2687.43798828125 2677.13916015625 2713.08081054688 2738.66381835938 2770.17163085938 2808.22680664062 2840.79296875 2896.04345703125 2880.55224609375 2891.73510742188 2917.93774414062 2918.79663085938 2939.80834960938 3039.83618164062 3087.03735351562 3130.98510742188 3186.61791992188 3212.921875 3263.71923828125 3290.4541015625 3290.79956054688 3255.82983398438 3280.54370117188 3309.22729492188 3319.74560546875 3245.41259765625 3202.736328125 3297.076171875 3292.392578125 3136.28149414062 3102.611328125 3005.72802734375 2916.0146484375 2917.69189453125 2968.1923828125 2992.55346679688 2903.59155273438 2833.22680664062
2228.25415039062 2250.82495117188 2280.16430664062 2319.24365234375 2371.36157226562 2404.9091796875 2429.01586914062 2506.716796875 2532.93359375 2588.818359375 2655.53588867188 2661.3486328125 2676.4228515625 2715.18310546875 2742.7822265625 2777.10913085938 2819.75244140625 2851.73291015625 2927.28466796875 2899.85302734375 2880.99633789062 2899.91967773438 2907.0634765625 2926.00854492188 3006.70556640625 3094.65844726562 3122.46899414062 3155.37426757812 3207.4814453125 3257.06567382812 3284.28955078125 3291.57470703125 3184.1669921875 3187.66552734375 3298.31689453125 3292.35205078125 3295.96142578125 3207.88671875 3220.34838867188 3287.06713867188 3213.8857421875 3019.00219726562 2994.8408203125 2918.328125 2902.9775390625 2878.61791992188 2947.33032226562 2945.80737304688 2878.82104492188
2248.9453125 2261.0673828125 2280.50439453125 2315.43041992188 2359.99609375 2401.2099609375 2429.724609375 2495.13671875 2528.98974609375 2565.7314453125 2616.27856445312 2637.25170898438 2675.42651367188 2718.62744140625 2745.75561523438 2777.43823242188 2811.60131835938 2841.4384765625 2938.10327148438 2922.09545898438 2885.24047851562 2900.5361328125 2914.18359375 2921.47387695312 2940.84594726562 3063.47119140625 3080.72900390625 3130.37280273438 3230.72436523438 3254.27172851562 3270.3408203125 3276.24755859375 3219.19018554688 3203.51928710938 3283.18432617188 3256.14624023438 3191.05517578125 3171.87890625 3201.10180664062 3246.41552734375 3276.7099609375 3070.30590820312 2984.49633789062 2950.21948242188 2900.84228515625 2884.51879882812 2900.74291992188 2947.24243164062 2967.05249023438
