rcp8.5models/CNRM-CM5/sc1gr3.14
NCOLS 261 
NROWS 433 
XLLCORNER 336357.134 
YLLCORNER 654653.479 
CELLSIZE 1000 
NODATA_value -3.4e+38 
[rows 132 to 153 of 433, columns 49 to 97 of 261]
270.218414306641 269.888366699219 269.785980224609 269.847717285156 268.84619140625 268.290496826172 267.762451171875 268.182830810547 268.172332763672 268.034027099609 267.047149658203 267.017303466797 266.7744140625 267.860412597656 267.160217285156 266.94287109375 266.998809814453 267.684387207031 267.555053710938 267.589935302734 267.385314941406 266.330657958984 266.503295898438 266.668395996094 265.867645263672 265.518463134766 266.1171875 267.035766601562 267.280151367188 267.614837646484 268.015228271484 267.3505859375 267.179718017578 267.01708984375 266.874816894531 266.863891601562 266.83984375 266.717132568359 267.27392578125 267.0947265625 266.631256103516 265.883117675781 265.818115234375 265.447540283203 265.392181396484 265.408660888672 265.502716064453 265.407928466797 265.099853515625
269.525970458984 269.235565185547 269.811676025391 269.025848388672 268.902008056641 268.652587890625 268.658721923828 268.218688964844 268.099151611328 267.996612548828 267.244110107422 266.783874511719 266.560516357422 266.973083496094 267.473968505859 267.334838867188 266.911529541016 267.055572509766 267.421234130859 266.719573974609 266.962280273438 266.823516845703 266.391662597656 266.62060546875 265.970611572266 265.631042480469 266.238037109375 266.835968017578 267.274566650391 267.509124755859 267.976257324219 267.089477539062 267.046966552734 267.088104248047 266.7578125 266.501983642578 266.367462158203 266.517364501953 266.900268554688 266.824279785156 266.563140869141 265.877319335938 265.837280273438 265.606719970703 265.529235839844 265.548889160156 265.176910400391 264.987396240234 264.445404052734
269.252288818359 268.940399169922 269.137237548828 268.880187988281 269.035614013672 269.103363037109 269.168182373047 267.989105224609 268.056762695312 268.130493164062 267.648834228516 266.694458007812 266.642120361328 266.718383789062 267.68115234375 267.658447265625 267.385162353516 266.591979980469 267.380096435547 266.346069335938 266.658294677734 266.762542724609 266.410797119141 266.369720458984 266.008483886719 265.5654296875 266.09375 266.448455810547 266.963989257812 267.318054199219 267.329223632812 267.298126220703 266.9404296875 267.132080078125 267.068206787109 266.713531494141 266.621612548828 266.407257080078 266.513763427734 266.564514160156 266.642852783203 265.871490478516 265.867828369141 265.854858398438 265.808074951172 265.802032470703 265.439605712891 265.060211181641 264.774993896484
269.715454101562 269.032989501953 268.850860595703 269.723999023438 269.196105957031 269.234100341797 269.175170898438 268.0126953125 268.156921386719 268.012359619141 267.072570800781 267.348388671875 266.803588867188 266.8408203125 267.310485839844 267.095092773438 267.039642333984 266.486938476562 266.67333984375 266.545928955078 266.637359619141 266.626617431641 266.566558837891 266.494140625 266.279693603516 265.771606445312 265.780242919922 266.299835205078 266.620147705078 267.213653564453 266.970581054688 267.331695556641 267.130432128906 267.198181152344 267.30908203125 267.122314453125 267.142364501953 266.661010742188 266.359680175781 266.279418945312 266.631256103516 266.360198974609 266.144927978516 265.930877685547 265.750518798828 265.688232421875 265.323272705078 265.057861328125 264.961944580078
269.414001464844 268.973724365234 269.123870849609 269.338470458984 269.122772216797 269.168090820312 268.248718261719 267.778503417969 267.360321044922 267.08203125 266.941711425781 267.085418701172 266.858306884766 266.957733154297 266.92138671875 266.696624755859 266.472991943359 266.389099121094 266.546508789062 266.592834472656 266.237731933594 266.727325439453 266.586059570312 266.299224853516 266.426055908203 266.2099609375 265.774291992188 266.281677246094 266.470581054688 267.207214355469 266.937805175781 267.143829345703 267.220153808594 267.129455566406 267.197570800781 267.336151123047 267.299926757812 266.732543945312 266.434143066406 266.124206542969 266.085021972656 266.852996826172 266.450622558594 265.790710449219 265.682220458984 265.582489013672 265.061584472656 264.978240966797 264.859466552734
269.242767333984 269.048828125 269.239807128906 269.182678222656 269.074615478516 269.135650634766 267.885192871094 267.709655761719 267.706481933594 267.270751953125 267.116546630859 266.859069824219 266.944641113281 266.768859863281 266.692108154297 266.420654296875 266.278594970703 265.868499755859 266.637268066406 266.610198974609 266.426330566406 266.569213867188 266.598083496094 266.4326171875 266.339721679688 266.332672119141 265.585723876953 265.971862792969 266.302307128906 267.105163574219 266.925079345703 267.073547363281 267.112426757812 267.014068603516 266.847717285156 267.551849365234 267.147888183594 266.393493652344 266.351165771484 265.869537353516 265.836303710938 266.250122070312 266.029663085938 265.855926513672 265.626495361328 265.303802490234 265.019714355469 265.092468261719 265.057281494141
269.076019287109 269.035736083984 269.122802734375 268.596954345703 268.430694580078 268.078735351562 267.889434814453 267.731811523438 268.121795654297 267.802368164062 266.849395751953 266.835021972656 266.306091308594 266.840667724609 266.791015625 266.353912353516 266.203094482422 266.134216308594 266.336853027344 265.72265625 265.645263671875 265.501617431641 265.989593505859 265.944152832031 266.044769287109 266.109313964844 266.183746337891 265.691741943359 265.755920410156 266.451782226562 266.754699707031 266.867279052734 266.689636230469 266.722351074219 266.498046875 267.044647216797 267.035675048828 266.648101806641 266.369812011719 266.253387451172 265.698364257812 265.763336181641 265.661285400391 265.598449707031 265.5869140625 265.723419189453 265.675323486328 265.397918701172 265.129058837891
269.688934326172 269.737487792969 268.915344238281 268.515258789062 267.957977294922 267.713500976562 267.777221679688 267.863189697266 267.137664794922 267.169494628906 266.403625488281 266.695343017578 266.496337890625 266.916137695312 267.264770507812 266.659362792969 266.666717529297 266.387359619141 266.437744140625 266.231170654297 265.685455322266 265.444183349609 265.898834228516 265.667846679688 265.823364257812 265.929443359375 265.982788085938 265.641510009766 265.432312011719 266.094360351562 266.343414306641 266.359893798828 266.294891357422 267.135986328125 267.116790771484 267.030151367188 266.977569580078 266.630462646484 266.267639160156 266.08251953125 265.888031005859 265.969146728516 265.510192871094 265.233978271484 265.274536132812 265.758087158203 265.611419677734 264.925903320312 265.059387207031
269.784576416016 269.807739257812 -3.4e+38 269.453247070312 268.657409667969 267.943298339844 267.943817138672 267.516021728516 267.124267578125 266.833770751953 266.77490234375 267.010650634766 267.008148193359 267.100006103516 267.561126708984 267.251892089844 267.073089599609 266.47705078125 266.494293212891 265.977691650391 266.269836425781 265.767181396484 265.753082275391 265.71826171875 265.866302490234 265.896697998047 265.746826171875 265.437530517578 265.639312744141 265.695892333984 266.184356689453 266.058166503906 266.593627929688 267.335998535156 -3.4e+38 266.749694824219 266.986419677734 266.738800048828 266.448303222656 266.404479980469 266.347869873047 266.210998535156 265.829345703125 265.405303955078 265.452575683594 265.711029052734 265.580139160156 264.990509033203 265.188507080078
270.06982421875 269.737152099609 -3.4e+38 269.936157226562 269.1279296875 268.728729248047 268.443542480469 267.711456298828 267.798309326172 267.648223876953 267.583435058594 267.621246337891 267.613555908203 267.620941162109 267.702575683594 267.231658935547 267.116546630859 266.621673583984 266.561614990234 266.203033447266 266.460998535156 266.242156982422 266.088226318359 266.048370361328 265.771667480469 265.59326171875 265.669311523438 265.298492431641 265.706848144531 265.214813232422 265.585266113281 265.831573486328 266.345306396484 266.821197509766 266.813079833984 266.864562988281 266.95703125 266.611907958984 266.530517578125 266.674560546875 266.726898193359 266.451171875 266.522644042969 266.204925537109 265.870330810547 265.952606201172 265.862762451172 265.455444335938 265.540405273438
269.749816894531 269.853546142578 269.995422363281 269.912353515625 269.804229736328 269.784881591797 268.851684570312 267.525329589844 267.9072265625 268.120178222656 268.173614501953 268.166229248047 268.124847412109 267.805847167969 267.755218505859 267.344146728516 267.206420898438 267.003784179688 266.911102294922 266.669189453125 266.749114990234 266.597534179688 266.247741699219 266.208374023438 265.958251953125 265.950469970703 265.938720703125 265.901550292969 265.963592529297 265.605529785156 265.767181396484 265.944091796875 266.188598632812 266.544525146484 266.731414794922 266.963958740234 266.676635742188 266.625244140625 266.703460693359 266.687438964844 266.807312011719 266.590789794922 266.593566894531 266.513824462891 266.345458984375 266.082214355469 265.860717773438 265.968719482422 265.666412353516
269.5712890625 269.765228271484 269.808074951172 269.873382568359 269.904571533203 269.784942626953 269.202270507812 268.313385009766 268.650146484375 268.619323730469 268.517974853516 268.196746826172 268.175537109375 268.030700683594 267.965057373047 267.388488769531 266.882263183594 267.348541259766 267.072692871094 266.864501953125 266.801177978516 266.714172363281 266.450988769531 266.340454101562 266.264709472656 266.122131347656 266.170928955078 266.215026855469 266.135101318359 265.623779296875 266.106262207031 265.954620361328 266.249084472656 266.614501953125 266.634582519531 266.930053710938 266.526184082031 266.639801025391 266.515380859375 266.592559814453 266.807739257812 266.703186035156 266.472808837891 266.479736328125 266.460968017578 266.09619140625 265.99755859375 266.243927001953 265.949584960938
269.563568115234 269.691589355469 269.448364257812 269.306304931641 269.724700927734 269.537170410156 269.224639892578 268.899200439453 268.871032714844 268.826354980469 268.85302734375 268.592498779297 268.480865478516 268.425231933594 267.948394775391 267.395935058594 266.943023681641 266.920654296875 267.311370849609 267.250396728516 267.100891113281 266.399719238281 266.353546142578 266.397003173828 266.348754882812 266.131958007812 266.610137939453 266.318450927734 266.259704589844 265.802795410156 266.450622558594 266.067749023438 266.128936767578 266.467102050781 266.578338623047 266.922729492188 266.503692626953 266.531829833984 266.351013183594 266.024963378906 266.390625 266.381896972656 -3.4e+38 266.376373291016 266.419586181641 266.243804931641 266.318328857422 266.282409667969 266.221496582031
269.680114746094 269.769165039062 269.118255615234 269.032287597656 269.086547851562 269.019165039062 268.833984375 269.095520019531 268.937957763672 268.924530029297 268.865264892578 268.888427734375 268.592407226562 268.255401611328 268.009826660156 267.508117675781 267.060546875 266.80126953125 267.518890380859 267.373016357422 267.025024414062 266.668029785156 266.598785400391 266.777496337891 266.428466796875 266.745178222656 266.961578369141 266.7177734375 266.129943847656 266.391540527344 266.332641601562 266.153198242188 266.071411132812 266.450897216797 266.524108886719 266.644897460938 266.504516601562 266.589599609375 266.434875488281 265.688781738281 265.927795410156 265.966705322266 266.171173095703 266.145935058594 266.405548095703 266.226531982422 266.416076660156 266.275787353516 266.272613525391
269.590606689453 269.617523193359 269.455535888672 268.897644042969 268.848175048828 268.815216064453 268.554779052734 268.598205566406 268.865264892578 268.842224121094 268.715942382812 268.927703857422 268.594299316406 268.321716308594 268.055023193359 267.586700439453 267.440673828125 267.444030761719 267.645538330078 267.275421142578 267.125732421875 267.112243652344 267.042999267578 266.925964355469 266.880249023438 267.245910644531 -3.4e+38 266.887969970703 266.679077148438 266.36181640625 266.344818115234 266.022766113281 265.908203125 266.585815429688 266.506805419922 266.592346191406 266.580413818359 266.537872314453 266.440490722656 265.944061279297 265.885620117188 265.706878662109 265.796630859375 265.846527099609 266.265625 265.998291015625 266.390655517578 266.184997558594 266.265960693359
269.394592285156 269.162078857422 269.047760009766 268.610778808594 268.616180419922 268.663604736328 268.119171142578 267.80419921875 268.459503173828 268.449005126953 268.322723388672 267.774139404297 268.496795654297 268.43310546875 268.290130615234 267.954315185547 268.040313720703 267.980590820312 267.833648681641 267.655822753906 267.467132568359 267.572204589844 267.560302734375 266.91552734375 267.165313720703 267.264831542969 267.289398193359 267.162200927734 267.018218994141 266.315856933594 266.476867675781 266.271118164062 265.970794677734 265.913024902344 266.059265136719 266.629180908203 266.542663574219 266.576324462891 266.534515380859 266.311614990234 266.139984130859 265.616851806641 265.631103515625 265.757263183594 265.873352050781 265.59716796875 266.203308105469 265.99462890625 265.655670166016
269.554962158203 268.987731933594 268.602996826172 268.522491455078 268.605316162109 268.350891113281 267.627410888672 267.176086425781 267.554748535156 267.196380615234 267.673095703125 267.471710205078 268.445434570312 268.439025878906 268.433807373047 268.400909423828 268.147094726562 268.186553955078 268.126739501953 268.048950195312 267.578033447266 267.739166259766 267.833770751953 267.566650390625 267.751831054688 267.660858154297 267.136566162109 267.115509033203 266.933166503906 266.018615722656 266.080841064453 266.183380126953 266.174560546875 265.738525390625 266.071166992188 266.612731933594 266.477996826172 266.542022705078 266.616088867188 266.532653808594 266.343566894531 265.782592773438 265.617279052734 265.683929443359 265.639312744141 265.131866455078 265.512237548828 265.550506591797 265.093444824219
269.599060058594 268.668487548828 268.729553222656 268.453033447266 267.990417480469 268.254333496094 267.591949462891 266.841186523438 266.618743896484 265.902893066406 266.796081542969 268.058563232422 268.324615478516 268.30517578125 268.190856933594 268.112335205078 267.987701416016 268.121520996094 267.934875488281 268.165618896484 267.751617431641 267.651733398438 267.982940673828 267.984527587891 268.027221679688 267.865356445312 266.922210693359 266.963348388672 266.572662353516 265.952789306641 265.998748779297 265.771453857422 265.76611328125 265.737396240234 266.037841796875 266.605743408203 266.461486816406 266.467193603516 266.514068603516 266.535278320312 266.597137451172 265.982604980469 265.703430175781 265.673675537109 265.457672119141 265.036743164062 265.146728515625 265.322265625 264.936370849609
268.803344726562 269.091094970703 268.535614013672 268.425018310547 268.536682128906 267.681274414062 267.332214355469 266.37939453125 265.302947998047 266.401733398438 267.078155517578 267.920593261719 268.053649902344 267.780059814453 268.056396484375 268.227844238281 268.101989746094 267.904113769531 267.504058837891 267.9248046875 267.826019287109 267.440155029297 266.859436035156 266.924835205078 267.338012695312 267.19091796875 266.885406494141 266.81396484375 266.727264404297 266.405151367188 266.309112548828 266.345550537109 266.210662841797 265.664215087891 265.337341308594 265.5458984375 265.438201904297 265.610107421875 265.712127685547 266.246215820312 266.302093505859 266.170562744141 266.240997314453 266.143646240234 265.817352294922 265.278991699219 265.483764648438 265.162750244141 264.969848632812
268.591827392578 268.630493164062 268.497497558594 268.413421630859 267.718841552734 267.452606201172 267.345642089844 266.155120849609 265.437744140625 267.02587890625 267.224853515625 267.791534423828 267.985961914062 267.315124511719 267.897338867188 268.214874267578 268.03369140625 267.787750244141 267.317321777344 267.677978515625 267.849822998047 267.685729980469 267.233306884766 266.839416503906 266.779724121094 -3.4e+38 -3.4e+38 266.824523925781 266.802490234375 266.383972167969 266.435943603516 266.257843017578 266.160552978516 265.438812255859 265.293548583984 265.329376220703 265.294891357422 265.410217285156 265.543609619141 265.834747314453 266.10888671875 266.19775390625 266.245269775391 266.229919433594 266.089141845703 265.675903320312 265.423736572266 264.967376708984 264.923187255859
268.535675048828 268.379455566406 268.385528564453 268.373107910156 267.352844238281 266.732635498047 266.835296630859 266.020812988281 265.410461425781 266.421203613281 266.607116699219 267.305725097656 267.671478271484 267.246337890625 267.686614990234 268.035827636719 267.506286621094 267.582061767578 267.061218261719 266.907135009766 267.252838134766 267.583190917969 267.211944580078 266.73828125 266.762023925781 266.687347412109 -3.4e+38 -3.4e+38 266.895263671875 266.509857177734 266.409881591797 266.134338378906 266.050903320312 265.38818359375 265.383056640625 265.342224121094 265.19775390625 265.37890625 265.454223632812 265.675628662109 266.038635253906 265.930084228516 265.984100341797 266.234405517578 266.168426513672 265.857757568359 265.590759277344 265.142242431641 265.143218994141
268.433471679688 267.835723876953 267.741851806641 267.788909912109 267.006591796875 267.061737060547 267.022979736328 266.013153076172 265.217834472656 265.068481445312 266.867034912109 267.103546142578 267.219970703125 267.151153564453 267.460693359375 268.159484863281 267.329864501953 267.311401367188 266.76904296875 266.540771484375 266.788208007812 267.65478515625 267.100555419922 266.675933837891 266.677093505859 266.51171875 266.918151855469 266.885864257812 266.980255126953 266.510986328125 266.419799804688 266.225128173828 266.127166748047 265.636627197266 265.506774902344 265.323089599609 265.289642333984 265.211791992188 265.237335205078 265.459869384766 265.833770751953 265.461181640625 265.719879150391 266.104553222656 265.993408203125 265.886688232422 265.767395019531 265.277587890625 265.256622314453
