rcp8.5models/CNRM-CM5/sc1gr4.20
NCOLS 261 
NROWS 433 
XLLCORNER 336357.134 
YLLCORNER 654653.479 
CELLSIZE 1000 
NODATA_value -3.4e+38 
[rows 286 to 307 of 433, columns 196 to 244 of 261]
275.531921386719 276.239013671875 273.256805419922 272.009338378906 278.188659667969 279.653961181641 279.5673828125 277.269195556641 274.776733398438 267.141082763672 270.586242675781 263.698577880859 265.869171142578 276.646575927734 286.273406982422 286.611968994141 286.837585449219 287.552032470703 -3.4e+38 284.816986083984 282.439239501953 286.766387939453 287.769012451172 288.891998291016 289.797119140625 289.917022705078 289.916656494141 289.606903076172 290.25390625 290.818695068359 290.815856933594 290.603973388672 291.207305908203 291.454193115234 291.855834960938 292.227630615234 292.32470703125 292.715270996094 292.752349853516 292.723907470703 292.755950927734 292.869354248047 293.194213867188 293.393768310547 293.359100341797 293.1630859375 293.178375244141 293.419219970703 -3.4e+38
276.816070556641 277.471954345703 276.940948486328 277.616607666016 278.602783203125 279.521728515625 280.035552978516 279.053405761719 275.235534667969 264.831024169922 264.437683105469 260.193542480469 263.5771484375 276.332641601562 286.084167480469 287.086761474609 287.323883056641 288.050262451172 -3.4e+38 285.518493652344 281.153625488281 286.254241943359 287.214019775391 288.726654052734 289.785980224609 290.094940185547 290.152069091797 290.410705566406 290.466064453125 290.512603759766 -3.4e+38 291.110809326172 291.387268066406 291.496948242188 291.730041503906 292.136840820312 292.516265869141 292.404815673828 292.143585205078 292.316101074219 292.412139892578 292.982177734375 293.236602783203 293.371612548828 292.871276855469 293.131744384766 293.250183105469 -3.4e+38 -3.4e+38
278.011108398438 277.645294189453 277.019592285156 277.63671875 277.878601074219 279.274871826172 280.217712402344 279.910186767578 276.045318603516 265.790710449219 263.168273925781 260.995727539062 262.503601074219 270.929901123047 285.683441162109 286.731079101562 287.363952636719 288.306823730469 -3.4e+38 284.987121582031 278.981872558594 285.958862304688 287.489501953125 288.520874023438 289.149230957031 289.679962158203 290.057952880859 290.753692626953 290.738342285156 290.636383056641 290.996215820312 291.527191162109 291.698425292969 291.723388671875 291.676300048828 291.792083740234 291.926666259766 291.682647705078 291.738891601562 292.192749023438 292.504455566406 293.075073242188 292.966644287109 293.124053955078 292.398590087891 292.333709716797 292.787536621094 293.290924072266 293.465515136719
278.128540039062 278.348937988281 277.906524658203 277.916015625 277.434631347656 279.642059326172 280.329376220703 280.185455322266 278.443725585938 274.956176757812 270.921173095703 264.603637695312 263.24658203125 265.831695556641 286.035675048828 286.798645019531 287.210357666016 287.803070068359 288.243896484375 284.778228759766 279.780883789062 286.180541992188 -3.4e+38 -3.4e+38 288.356811523438 -3.4e+38 -3.4e+38 290.384948730469 290.926452636719 290.922058105469 290.933685302734 291.743255615234 291.476898193359 291.745422363281 291.734161376953 291.722991943359 291.658203125 291.538238525391 291.882720947266 292.493804931641 292.619445800781 292.494140625 292.683502197266 292.966949462891 292.388824462891 292.213348388672 292.479095458984 293.065185546875 293.109313964844
278.674102783203 279.022155761719 279.237182617188 276.855499267578 271.266723632812 274.334289550781 279.728393554688 280.788757324219 280.322113037109 280.888854980469 278.6337890625 275.329803466797 268.465270996094 262.352661132812 279.542266845703 287.233520507812 287.653869628906 288.173919677734 -3.4e+38 286.815856933594 284.590270996094 -3.4e+38 -3.4e+38 -3.4e+38 -3.4e+38 -3.4e+38 -3.4e+38 289.269775390625 289.548156738281 289.781585693359 290.457733154297 291.122833251953 291.109619140625 291.02392578125 290.652984619141 290.377685546875 290.605133056641 290.145111083984 291.348327636719 291.827056884766 291.698516845703 291.656860351562 291.890716552734 291.629791259766 291.462768554688 291.130096435547 291.920959472656 292.579132080078 292.893707275391
277.949279785156 278.323181152344 278.610504150391 278.2724609375 274.954620361328 275.024932861328 280.020690917969 281.104736328125 280.422393798828 281.560241699219 281.934509277344 280.754119873047 275.573699951172 271.171356201172 277.926177978516 287.888763427734 288.025329589844 288.509918212891 -3.4e+38 -3.4e+38 -3.4e+38 -3.4e+38 -3.4e+38 -3.4e+38 -3.4e+38 -3.4e+38 -3.4e+38 288.305999755859 288.332733154297 288.792358398438 289.930389404297 290.659027099609 290.764282226562 290.63623046875 290.283477783203 289.80712890625 290.161010742188 290.078063964844 290.899047851562 291.423126220703 291.00732421875 290.962768554688 290.978729248047 -3.4e+38 291.622650146484 291.730041503906 292.202972412109 292.598175048828 292.771087646484
276.346008300781 276.646026611328 276.616790771484 277.828765869141 279.452819824219 279.155792236328 280.324554443359 281.012329101562 281.625305175781 282.104461669922 282.640899658203 283.158508300781 283.573577880859 283.143676757812 283.176788330078 287.395172119141 287.819702148438 287.862640380859 288.176879882812 288.145812988281 288.264739990234 -3.4e+38 -3.4e+38 288.573486328125 -3.4e+38 -3.4e+38 -3.4e+38 288.346740722656 288.714019775391 288.899108886719 290.365753173828 290.698638916016 290.780639648438 290.208709716797 289.781280517578 289.420013427734 290.027099609375 290.669097900391 291.426879882812 -3.4e+38 290.653076171875 290.666748046875 290.899963378906 -3.4e+38 291.396820068359 291.927856445312 292.098297119141 292.573852539062 292.572540283203
275.913543701172 275.613891601562 275.491027832031 277.126647949219 279.489288330078 279.875244140625 280.29052734375 280.887420654297 282.138092041016 282.654907226562 283.271362304688 284.348052978516 285.36962890625 284.765472412109 284.283905029297 285.57373046875 286.593658447266 287.209716796875 288.031219482422 287.889343261719 -3.4e+38 -3.4e+38 -3.4e+38 -3.4e+38 -3.4e+38 -3.4e+38 288.737365722656 287.654357910156 288.597106933594 288.868408203125 290.849426269531 290.679504394531 290.275268554688 289.308319091797 288.746459960938 288.263366699219 290.445648193359 290.841186523438 291.306640625 291.1982421875 290.575134277344 290.396942138672 290.964447021484 291.361938476562 291.022094726562 291.815399169922 291.696716308594 292.117706298828 292.482391357422
276.264221191406 274.91845703125 274.588684082031 276.844360351562 279.40283203125 280.249908447266 280.225372314453 279.361297607422 279.155670166016 282.266571044922 283.755279541016 284.581817626953 284.893524169922 284.103424072266 283.460266113281 285.349914550781 286.454315185547 286.617431640625 287.666595458984 288.352966308594 -3.4e+38 -3.4e+38 -3.4e+38 -3.4e+38 -3.4e+38 -3.4e+38 287.756652832031 287.412963867188 288.864288330078 289.644012451172 290.741943359375 290.269165039062 289.946350097656 289.337615966797 288.752410888672 -3.4e+38 290.805023193359 290.750457763672 290.681579589844 290.440368652344 290.463439941406 290.439971923828 290.883728027344 291.557983398438 291.330932617188 291.721740722656 291.66796875 292.026245117188 292.576385498047
277.478088378906 275.084899902344 271.991851806641 276.309234619141 279.591705322266 280.190185546875 280.050201416016 279.435424804688 279.139709472656 281.563385009766 283.129699707031 283.819763183594 283.437744140625 283.571594238281 283.218780517578 285.691162109375 286.150726318359 286.370971679688 287.148864746094 288.275634765625 -3.4e+38 -3.4e+38 -3.4e+38 -3.4e+38 -3.4e+38 287.249389648438 286.621643066406 287.564178466797 289.401458740234 290.162170410156 290.272033691406 289.914794921875 289.457061767578 289.402282714844 289.588714599609 -3.4e+38 290.444610595703 290.639495849609 290.05419921875 289.962036132812 290.399047851562 290.814025878906 291.410491943359 -3.4e+38 -3.4e+38 291.90380859375 292.02734375 292.526733398438 292.767669677734
278.618621826172 277.144287109375 274.338684082031 277.970855712891 279.835632324219 279.972717285156 279.266845703125 280.567718505859 280.986419677734 281.738006591797 282.369720458984 281.659362792969 282.141235351562 281.851470947266 282.556640625 284.628021240234 285.255828857422 286.509307861328 287.809112548828 -3.4e+38 287.132080078125 286.976806640625 -3.4e+38 -3.4e+38 -3.4e+38 287.673461914062 286.792541503906 288.07080078125 289.454254150391 289.998718261719 289.948181152344 289.326538085938 288.673492431641 289.112701416016 -3.4e+38 -3.4e+38 289.851470947266 289.669830322266 289.591644287109 289.634887695312 290.108581542969 290.906616210938 -3.4e+38 291.637878417969 -3.4e+38 292.372833251953 292.628143310547 292.737731933594 292.702880859375
278.993530273438 279.060760498047 278.782135009766 279.332336425781 279.748443603516 279.661499023438 278.949493408203 279.828979492188 280.42431640625 281.897888183594 281.86181640625 280.050354003906 282.507415771484 281.439483642578 280.800506591797 282.749755859375 285.2333984375 286.285278320312 288.276641845703 287.745422363281 286.402862548828 286.88525390625 -3.4e+38 287.536987304688 287.160461425781 287.061157226562 285.350311279297 285.169708251953 288.911041259766 290.071075439453 289.478454589844 289.022888183594 288.782318115234 288.617980957031 287.458404541016 288.881561279297 289.234283447266 289.089050292969 289.71533203125 289.638031005859 289.843200683594 290.685852050781 291.228149414062 -3.4e+38 -3.4e+38 292.1103515625 292.288330078125 292.399261474609 292.414733886719
278.888092041016 279.067596435547 279.491058349609 279.360168457031 279.817749023438 279.618347167969 278.811492919922 279.416320800781 280.531982421875 280.908508300781 279.459747314453 281.114685058594 283.324066162109 281.042144775391 279.705627441406 282.816741943359 285.527038574219 286.478942871094 287.131195068359 286.794006347656 286.006866455078 286.372528076172 -3.4e+38 285.471160888672 284.386047363281 286.366455078125 285.647979736328 285.071899414062 288.562835693359 290.017120361328 289.032867431641 288.779663085938 288.985778808594 288.046875 286.828521728516 288.167602539062 288.542907714844 289.013488769531 289.340393066406 289.228088378906 289.752014160156 290.165252685547 290.806182861328 -3.4e+38 -3.4e+38 291.27880859375 291.792572021484 291.606018066406 292.016815185547
277.385955810547 277.977203369141 279.147583007812 279.286865234375 279.523620605469 279.225250244141 278.192321777344 279.852142333984 280.880950927734 278.197235107422 272.227874755859 278.953521728516 283.076171875 280.547149658203 280.634490966797 284.322387695312 286.333862304688 287.201812744141 285.834991455078 284.876861572266 285.233459472656 285.218109130859 285.737121582031 281.855438232422 280.084136962891 286.278961181641 287.588775634766 287.467742919922 -3.4e+38 289.398895263672 288.125061035156 288.437683105469 288.502319335938 288.146575927734 287.606018066406 286.988830566406 285.620239257812 286.506652832031 288.719665527344 289.159606933594 289.040618896484 289.867279052734 290.588104248047 290.770233154297 290.958374023438 290.845794677734 291.593139648438 291.576171875 292.366363525391
271.987518310547 277.575836181641 279.307281494141 279.118011474609 278.784332275391 278.837249755859 278.110504150391 279.819885253906 278.654327392578 273.272491455078 266.392425537109 275.124542236328 281.570953369141 283.625244140625 283.617645263672 285.700042724609 286.953948974609 286.617034912109 284.285827636719 279.145172119141 281.767578125 285.150085449219 284.196319580078 277.649078369141 277.606842041016 285.879089355469 -3.4e+38 -3.4e+38 -3.4e+38 288.811340332031 287.291015625 287.205963134766 286.017181396484 287.482452392578 286.862365722656 285.654449462891 282.470031738281 279.110900878906 285.46728515625 289.113647460938 288.711669921875 289.871887207031 290.581146240234 290.56396484375 290.553527832031 290.861267089844 291.8056640625 292.224090576172 292.623901367188
278.150848388672 278.064636230469 278.170196533203 277.708557128906 276.044372558594 274.967895507812 276.528045654297 279.376525878906 280.100341796875 278.574401855469 279.724090576172 281.557220458984 284.973236083984 285.984069824219 286.785675048828 286.503692626953 284.689819335938 283.826232910156 282.381744384766 274.127197265625 273.511291503906 282.911682128906 281.234130859375 267.765045166016 266.988128662109 279.271759033203 -3.4e+38 -3.4e+38 287.514709472656 286.677337646484 286.391693115234 286.533966064453 286.656951904297 286.655029296875 286.703521728516 286.492156982422 286.043365478516 284.837249755859 283.392303466797 288.880706787109 289.331634521484 290.534545898438 290.808868408203 290.732513427734 290.628509521484 290.781829833984 291.054046630859 290.024963378906 290.881988525391
278.248107910156 275.854797363281 274.113830566406 271.741149902344 272.234008789062 272.131256103516 275.207336425781 279.182373046875 283.142120361328 282.562103271484 281.444427490234 283.437622070312 285.295166015625 286.144378662109 286.628814697266 286.061950683594 284.821380615234 284.340393066406 283.361724853516 276.809051513672 273.460388183594 278.744506835938 278.668853759766 270.077606201172 263.986602783203 274.721008300781 -3.4e+38 288.091918945312 287.081573486328 286.370513916016 285.318023681641 285.245483398438 285.211944580078 285.358123779297 286.686706542969 287.221984863281 287.372863769531 286.445190429688 284.94873046875 288.983154296875 289.680999755859 290.110260009766 290.121032714844 290.135284423828 290.772369384766 290.794067382812 288.755096435547 288.555999755859 290.824493408203
276.795318603516 272.792755126953 269.534729003906 268.927124023438 271.02392578125 271.169891357422 273.6884765625 278.829711914062 283.405120849609 283.463104248047 282.767211914062 284.510986328125 285.712921142578 285.891723632812 286.007690429688 286.009002685547 285.266510009766 284.134246826172 285.567687988281 283.031158447266 280.109588623047 274.679107666016 275.812255859375 269.694763183594 267.583801269531 281.405883789062 288.045562744141 288.094543457031 287.220550537109 287.113006591797 285.178619384766 284.808746337891 284.747985839844 284.454772949219 284.053894042969 286.580963134766 -3.4e+38 287.407775878906 286.7470703125 289.42138671875 289.633575439453 289.421173095703 289.577789306641 289.813842773438 290.603485107422 290.594329833984 288.546875 289.830902099609 291.435485839844
275.252044677734 267.072174072266 262.303009033203 267.87841796875 270.644317626953 272.161285400391 273.851043701172 281.652923583984 283.849426269531 284.202697753906 284.493591308594 284.906860351562 285.280120849609 285.011779785156 285.566345214844 285.853179931641 285.045684814453 283.786163330078 286.193878173828 285.181304931641 280.291198730469 272.094512939453 275.847534179688 276.865112304688 279.065734863281 287.301025390625 288.235595703125 287.631286621094 287.344635009766 287.363372802734 285.8994140625 286.020629882812 285.787261962891 284.723358154297 282.487762451172 286.396331787109 286.296661376953 -3.4e+38 -3.4e+38 288.506134033203 289.412872314453 288.93115234375 289.201599121094 289.360504150391 288.853729248047 289.536193847656 289.790832519531 290.859344482422 291.240417480469
275.043914794922 267.662109375 265.503387451172 265.562316894531 271.002105712891 274.8857421875 276.007690429688 283.321472167969 283.220092773438 284.000244140625 284.9931640625 284.666534423828 284.079528808594 282.901733398438 284.39501953125 283.977508544922 284.989959716797 283.766021728516 285.881164550781 285.4541015625 279.897857666016 271.04296875 278.328094482422 284.862457275391 286.749267578125 287.366088867188 286.769836425781 287.027435302734 286.738952636719 286.550079345703 286.113739013672 286.589447021484 286.840911865234 286.370635986328 285.434387207031 287.595703125 -3.4e+38 -3.4e+38 287.439697265625 286.597290039062 288.910339355469 288.245544433594 288.559234619141 288.652374267578 287.770477294922 289.474365234375 290.321105957031 290.713806152344 290.297119140625
276.655517578125 274.338165283203 272.840545654297 263.389923095703 269.824737548828 276.894073486328 278.380676269531 282.611785888672 282.426940917969 283.718566894531 284.896759033203 284.300567626953 283.263061523438 279.940979003906 278.545043945312 277.714080810547 281.955902099609 281.189086914062 285.160522460938 285.479461669922 281.915344238281 274.748992919922 280.832122802734 285.762786865234 287.120483398438 286.760162353516 284.939392089844 286.985870361328 286.088775634766 285.571899414062 285.495330810547 285.845581054688 286.463287353516 286.873626708984 287.580291748047 287.980194091797 287.511962890625 287.095458984375 287.310119628906 286.983337402344 288.088348388672 287.616363525391 288.031524658203 288.518005371094 288.399383544922 289.836761474609 290.378173828125 290.284545898438 290.485107421875
277.881530761719 275.5751953125 268.298217773438 260.536682128906 264.967193603516 275.627899169922 280.982086181641 281.469451904297 282.869384765625 283.904815673828 283.978759765625 284.207916259766 282.8935546875 277.391479492188 270.491027832031 270.049255371094 273.877655029297 274.244140625 283.749084472656 284.794128417969 283.961364746094 281.487243652344 283.261077880859 286.196685791016 287.323211669922 285.314575195312 281.192779541016 283.615051269531 285.748260498047 285.135040283203 285.051544189453 285.052917480469 285.625823974609 286.265930175781 286.431304931641 287.414489746094 287.03125 286.519653320312 287.697509765625 288.043304443359 288.183258056641 286.899688720703 287.009124755859 288.200073242188 288.584533691406 289.61376953125 290.072021484375 290.508361816406 290.797576904297
