rcp8.5models/CNRM-CM5/sc1gr9.31
NCOLS 261 
NROWS 433 
XLLCORNER 336357.134 
YLLCORNER 654653.479 
CELLSIZE 1000 
NODATA_value -3.4e+38 
[rows 352 to 373 of 433, columns 147 to 195 of 261]
488.099090576172 484.173828125 455.806396484375 404.690582275391 392.336853027344 385.706176757812 379.03515625 376.525604248047 374.109558105469 367.191558837891 370.683288574219 402.495422363281 420.404052734375 427.493713378906 399.022216796875 366.101776123047 360.729370117188 369.074432373047 365.016021728516 349.508728027344 343.560424804688 332.460998535156 340.836944580078 351.216400146484 342.928161621094 318.612152099609 306.920471191406 302.874298095703 298.215148925781 294.781707763672 292.400085449219 290.622406005859 288.463562011719 281.877868652344 280.959869384766 280.792816162109 278.688537597656 276.231048583984 273.726257324219 270.754333496094 249.566177368164 205.716796875 219.964538574219 202.986175537109 226.758071899414 190.856460571289 190.371276855469 190.317230224609 189.064331054688
493.11669921875 484.351226806641 450.835845947266 399.167663574219 388.737182617188 381.912750244141 376.069732666016 370.836547851562 365.563537597656 362.477264404297 362.156097412109 370.791412353516 382.76806640625 388.136444091797 369.662384033203 344.082824707031 340.624328613281 361.250244140625 385.428588867188 360.978546142578 321.937438964844 315.840454101562 327.468170166016 330.08056640625 328.382202148438 314.629974365234 303.304229736328 299.399658203125 296.711547851562 292.921966552734 289.544189453125 287.635620117188 285.836761474609 280.542602539062 280.276519775391 279.400054931641 278.032470703125 275.841186523438 263.683685302734 235.361511230469 223.469116210938 196.318939208984 194.464279174805 192.970993041992 192.472091674805 189.513244628906 189.050369262695 189.344024658203 189.029907226562
493.935394287109 477.335174560547 435.552673339844 392.630645751953 385.830322265625 379.066101074219 372.656005859375 366.991485595703 361.778259277344 357.834167480469 354.962585449219 348.986114501953 348.894653320312 346.512634277344 341.313598632812 336.4404296875 331.452606201172 335.054931640625 351.797332763672 342.400726318359 321.07080078125 309.830505371094 308.298980712891 308.273956298828 306.822723388672 301.627960205078 299.193359375 296.187469482422 294.203918457031 291.399200439453 287.922271728516 285.327270507812 282.929138183594 278.646209716797 278.445373535156 277.729400634766 266.415191650391 248.403732299805 252.33512878418 199.557510375977 197.383407592773 196.282272338867 194.155975341797 192.666366577148 192.342926025391 188.723098754883 188.730606079102 188.759353637695 187.920944213867
495.168701171875 476.882720947266 430.382873535156 389.143737792969 382.158569335938 376.176391601562 369.711151123047 363.904266357422 358.544647216797 354.603302001953 350.558166503906 343.831787109375 346.142120361328 351.643493652344 352.626556396484 351.514984130859 326.734008789062 321.059936523438 316.478607177734 320.569030761719 325.083953857422 307.076904296875 309.684844970703 309.778686523438 303.945373535156 297.381164550781 295.117462158203 292.938659667969 290.922637939453 289.065338134766 287.091156005859 283.348236083984 280.334136962891 276.747711181641 277.531585693359 278.338043212891 254.857452392578 221.412445068359 250.684112548828 198.244720458984 196.059371948242 194.943572998047 193.18913269043 192.456085205078 191.615203857422 188.408676147461 188.423385620117 188.723419189453 188.523910522461
497.703002929688 466.364593505859 412.628021240234 386.142517089844 378.796630859375 373.011291503906 368.079650878906 362.400177001953 356.538482666016 351.23095703125 347.400390625 340.172912597656 345.849548339844 361.549926757812 359.902069091797 346.476470947266 324.301330566406 319.937377929688 314.182098388672 313.873626708984 314.143371582031 313.051788330078 316.461700439453 307.741394042969 304.295135498047 297.653533935547 291.882781982422 289.630798339844 287.652740478516 286.140380859375 285.301849365234 281.646545410156 278.613250732422 275.433471679688 276.921813964844 277.25537109375 252.893356323242 210.779083251953 234.489242553711 232.219131469727 229.597717285156 227.418975830078 217.117660522461 191.880081176758 190.283843994141 188.423782348633 188.221267700195 187.98095703125 188.437347412109
485.444091796875 426.783386230469 390.97607421875 383.176513671875 375.946441650391 370.721862792969 366.756774902344 361.248168945312 355.382537841797 349.482971191406 345.005310058594 335.543731689453 337.756774902344 346.747650146484 338.951385498047 323.574554443359 322.566528320312 318.480499267578 312.144622802734 306.655822753906 303.830871582031 314.534332275391 321.511077880859 302.352294921875 298.583404541016 297.567169189453 293.718902587891 287.470642089844 284.703460693359 283.922241210938 282.712921142578 279.735626220703 276.849761962891 273.677093505859 274.487152099609 273.784057617188 260.746185302734 234.176559448242 242.456649780273 265.668670654297 263.046173095703 260.235809326172 240.729827880859 190.811614990234 189.812576293945 188.611083984375 187.649169921875 186.391479492188 186.589813232422
464.609710693359 398.419342041016 387.209228515625 380.157165527344 373.616119384766 368.740539550781 363.975128173828 358.452606201172 352.631683349609 347.050659179688 342.207336425781 330.86083984375 326.787872314453 322.983428955078 319.887390136719 319.076629638672 318.433868408203 314.489532470703 309.694030761719 304.142211914062 300.897003173828 304.074462890625 315.87255859375 300.284393310547 293.615417480469 294.359527587891 295.714111328125 285.750579833984 282.552215576172 282.000549316406 280.877899169922 278.303039550781 275.965728759766 271.924865722656 272.722351074219 272.415618896484 269.706970214844 267.019134521484 265.656616210938 256.177307128906 237.915771484375 251.112564086914 215.570770263672 190.123306274414 189.779403686523 188.37629699707 187.573028564453 186.084197998047 186.373291015625
429.707611083984 393.295227050781 384.093688964844 377.516510009766 371.184417724609 364.934448242188 359.418029785156 354.089050292969 348.162933349609 343.055297851562 338.488433837891 326.594573974609 323.970794677734 320.934417724609 317.144470214844 315.402954101562 314.473571777344 310.465362548828 306.435424804688 301.863983154297 298.455841064453 297.268371582031 300.709045410156 293.087127685547 290.393615722656 290.360107421875 290.516571044922 283.111968994141 280.641052246094 280.173980712891 279.125366210938 276.651123046875 274.049255371094 271.180023193359 271.720306396484 270.733917236328 267.944549560547 265.590606689453 264.650512695312 246.005355834961 204.357666015625 217.876953125 191.322463989258 189.814315795898 189.472030639648 187.975708007812 187.151016235352 186.376556396484 186.435852050781
396.224792480469 387.068145751953 379.960052490234 372.610595703125 366.081085205078 359.433380126953 353.388977050781 346.854949951172 340.180236816406 336.366271972656 331.488067626953 318.164428710938 314.610046386719 312.874145507812 312.499450683594 311.239227294922 307.711639404297 303.397155761719 -3.4e+38 297.834289550781 294.6806640625 -3.4e+38 286.846557617188 285.008941650391 284.192535400391 283.414581298828 281.789642333984 278.878723144531 276.205596923828 276.928924560547 275.142456054688 273.016693115234 271.349578857422 269.430938720703 268.459594726562 268.099212646484 265.066314697266 253.479034423828 219.317672729492 204.167053222656 218.662643432617 193.177688598633 191.331909179688 189.798980712891 189.330154418945 187.751403808594 186.208633422852 186.421646118164 -3.4e+38
-3.4e+38 383.887847900391 376.771423339844 369.964752197266 363.990020751953 356.523681640625 349.760406494141 342.580963134766 336.181457519531 331.334747314453 326.543579101562 314.552215576172 311.082275390625 308.943572998047 307.084289550781 306.376617431641 304.417633056641 301.156066894531 298.428894042969 296.251098632812 294.363555908203 290.736297607422 285.065734863281 282.719177246094 280.907012939453 280.475677490234 279.481109619141 276.01318359375 275.449279785156 275.573211669922 272.938690185547 271.004608154297 269.365173339844 268.061706542969 258.428649902344 243.479507446289 264.391967773438 261.647094726562 242.55061340332 194.729583740234 193.506469726562 193.244186401367 191.474624633789 190.063278198242 189.246475219727 187.442672729492 185.903228759766 186.188766479492 185.89811706543
390.017211914062 380.981262207031 373.195648193359 366.745483398438 360.495391845703 352.922241210938 345.884918212891 338.667236328125 332.12890625 326.548553466797 321.213470458984 310.92578125 307.871032714844 305.817565917969 303.147186279297 302.331695556641 300.824493408203 299.091644287109 297.623291015625 295.3955078125 293.174743652344 289.384857177734 283.492736816406 281.058746337891 278.801330566406 278.268218994141 277.299652099609 274.036895751953 273.5966796875 273.429046630859 271.336975097656 269.792388916016 267.584869384766 266.732330322266 257.795562744141 242.428695678711 254.008453369141 229.055877685547 218.640609741211 194.259811401367 193.298751831055 192.452713012695 191.171569824219 189.83512878418 -3.4e+38 186.449798583984 185.966491699219 185.993927001953 185.238586425781
387.058441162109 378.769897460938 371.128021240234 363.900604248047 357.091430664062 350.032104492188 342.611846923828 335.740905761719 328.750091552734 322.665618896484 317.23291015625 308.461090087891 304.78271484375 301.704345703125 300.408050537109 301.537475585938 299.703369140625 297.647979736328 297.588592529297 297.064178466797 292.238616943359 289.260589599609 283.546691894531 280.713470458984 278.047912597656 275.960693359375 274.055389404297 272.032257080078 271.000946044922 270.134307861328 269.172576904297 268.171142578125 266.651123046875 266.254333496094 266.425018310547 264.482513427734 252.561462402344 219.990753173828 195.073822021484 193.507598876953 192.945861816406 191.399627685547 191.143295288086 190.399887084961 -3.4e+38 -3.4e+38 186.02995300293 185.806777954102 184.526733398438
384.447204589844 376.596893310547 369.133544921875 361.691955566406 354.864349365234 347.627746582031 340.290863037109 333.529083251953 326.208404541016 319.716613769531 314.313873291016 -3.4e+38 -3.4e+38 299.853118896484 299.248687744141 298.953857421875 297.064178466797 295.421752929688 296.824310302734 302.46533203125 297.363098144531 287.955017089844 283.820434570312 281.508148193359 279.251770019531 275.352752685547 272.192840576172 269.975219726562 268.687042236328 268.042053222656 267.628997802734 265.956481933594 264.739715576172 265.353179931641 256.332885742188 239.913650512695 252.222778320312 219.894195556641 194.778823852539 193.29020690918 192.944152832031 199.530242919922 214.164901733398 190.455261230469 189.450180053711 -3.4e+38 186.227920532227 185.493316650391 184.209426879883
381.252166748047 374.244689941406 367.157897949219 360.720520019531 353.571685791016 345.373046875 337.736450195312 331.233459472656 324.109375 317.821685791016 312.095947265625 303.401336669922 300.265258789062 298.80419921875 297.155456542969 294.371124267578 292.567779541016 292.131011962891 293.135437011719 300.579772949219 300.378997802734 287.360504150391 281.960144042969 280.385070800781 278.816650390625 274.780731201172 271.720825195312 269.418395996094 268.296203613281 266.960174560547 265.867584228516 264.588958740234 263.258392333984 263.997131347656 245.817092895508 217.535842895508 244.074615478516 196.830551147461 203.22526550293 225.116958618164 215.700256347656 199.533584594727 213.262298583984 189.981521606445 189.42204284668 186.096954345703 186.215377807617 185.491912841797 184.132598876953
379.097442626953 372.109069824219 365.120544433594 358.885040283203 350.965423583984 343.025817871094 335.65380859375 328.810607910156 322.218322753906 316.219787597656 310.69482421875 301.835968017578 298.921051025391 297.07470703125 294.691558837891 292.267211914062 290.543121337891 290.193328857422 289.202972412109 292.583343505859 294.885223388672 288.1103515625 279.954406738281 277.487731933594 275.509490966797 273.072967529297 271.322540283203 269.654479980469 268.906524658203 266.157348632812 264.3857421875 263.716979980469 262.376159667969 253.002990722656 230.596115112305 240.070983886719 244.596298217773 205.141403198242 234.139556884766 256.416656494141 238.144500732422 191.382141113281 190.04280090332 189.973175048828 189.342071533203 185.793350219727 186.07487487793 185.852905273438 184.493850708008
378.302734375 371.116027832031 363.3525390625 356.160278320312 348.652923583984 341.109436035156 333.639282226562 326.878601074219 320.311706542969 314.326782226562 309.515350341797 300.980804443359 298.013153076172 296.069091796875 293.216430664062 290.970031738281 289.596221923828 288.261993408203 286.466278076172 287.605041503906 -3.4e+38 287.600311279297 279.838806152344 276.769714355469 274.045379638672 272.441497802734 271.264526367188 270.300811767578 268.724700927734 266.087188720703 263.976867675781 262.902069091797 261.259368896484 251.453063964844 238.440795898438 252.543731689453 220.938674926758 213.352188110352 247.674789428711 224.969924926758 215.526962280273 191.083572387695 189.7421875 189.483978271484 188.654602050781 186.643173217773 185.88151550293 185.122711181641 184.627975463867
377.121887207031 369.620666503906 361.307037353516 353.719207763672 347.064453125 339.574066162109 331.593078613281 324.571563720703 318.578582763672 313.506683349609 308.658538818359 299.931243896484 296.997497558594 294.959228515625 292.096740722656 289.978515625 288.412963867188 286.115356445312 284.169219970703 284.191375732422 288.058959960938 294.553680419922 279.099151611328 276.801879882812 275.088165283203 273.732788085938 272.3984375 270.823883056641 267.981536865234 265.194091796875 262.717102050781 261.305206298828 260.454742431641 259.584503173828 260.134429931641 251.084930419922 227.309463500977 234.949325561523 238.741317749023 201.18473815918 213.930465698242 191.005737304688 189.538330078125 -3.4e+38 188.027236938477 187.781448364258 185.920913696289 184.407333374023 184.690551757812
375.069549560547 366.614898681641 359.013336181641 352.692840576172 346.211303710938 338.131286621094 330.037872314453 322.642639160156 317.090606689453 312.741119384766 307.465881347656 298.913208007812 295.838562011719 293.744720458984 291.108123779297 289.077087402344 287.000213623047 284.686737060547 283.288635253906 283.384094238281 287.432403564453 294.098327636719 278.081451416016 276.113006591797 275.359893798828 273.924652099609 273.155578613281 270.436401367188 267.015197753906 263.732818603516 261.338165283203 259.696258544922 259.646911621094 259.534942626953 250.502655029297 228.269760131836 227.386566162109 226.834991455078 216.62370300293 200.941757202148 213.960205078125 191.3671875 189.900009155273 196.816787719727 209.386810302734 187.355438232422 186.282470703125 184.698577880859 184.753158569336
371.314666748047 363.779876708984 356.890960693359 351.360443115234 345.223266601562 337.498046875 329.197387695312 322.151611328125 316.173034667969 311.371276855469 306.086791992188 298.315887451172 295.589263916016 292.792724609375 290.154876708984 287.836944580078 285.653533935547 283.652618408203 282.666778564453 283.233245849609 283.575744628906 283.357940673828 278.356903076172 274.909423828125 273.566436767578 272.947723388672 272.388763427734 269.584686279297 266.408721923828 263.179229736328 260.9384765625 258.753540039062 258.944580078125 238.713516235352 240.872436523438 197.4248046875 197.152572631836 196.321868896484 195.356567382812 194.528366088867 193.291610717773 191.779724121094 191.029388427734 197.106185913086 209.549713134766 187.431625366211 186.419311523438 185.058441162109 184.86653137207
366.666046142578 360.113555908203 354.058166503906 347.393676757812 341.040161132812 334.640167236328 328.344177246094 320.889709472656 314.559509277344 309.144134521484 303.769836425781 297.597961425781 295.001495361328 291.617431640625 288.069915771484 285.17431640625 283.344177246094 282.171752929688 281.501373291016 280.017425537109 278.695922851562 278.388458251953 276.069122314453 273.83642578125 270.544891357422 270.801635742188 270.550354003906 267.942932128906 265.236755371094 263.416717529297 260.305358886719 249.197143554688 237.318618774414 250.017761230469 235.057815551758 252.60661315918 243.519668579102 223.311416625977 223.979858398438 216.865631103516 194.477416992188 194.005874633789 192.149337768555 190.4091796875 189.658416748047 187.29264831543 187.352905273438 187.065307617188 185.538269042969
364.533233642578 358.149261474609 351.043304443359 344.760986328125 339.554260253906 333.911987304688 328.069061279297 321.227722167969 314.122222900391 308.237060546875 302.541839599609 297.058135986328 293.771240234375 290.853149414062 287.04150390625 284.411651611328 282.623321533203 280.939666748047 279.333831787109 278.6572265625 277.032745361328 275.633880615234 273.573333740234 272.453796386719 269.514495849609 269.531005859375 268.703399658203 267.088104248047 264.029693603516 261.288757324219 258.340728759766 256.187072753906 256.243469238281 221.83268737793 214.44841003418 244.464935302734 223.506072998047 223.800567626953 216.514617919922 195.320541381836 194.622604370117 194.367782592773 192.775665283203 191.807464599609 197.359008789062 188.217895507812 187.711456298828 187.42610168457 185.829833984375
362.149932861328 354.929229736328 348.072265625 343.077301025391 338.868438720703 332.800354003906 326.990142822266 320.674194335938 313.640808105469 307.780975341797 301.671356201172 295.578247070312 292.146026611328 289.216735839844 285.775573730469 284.208801269531 283.1669921875 280.345397949219 278.795928955078 277.857482910156 276.355987548828 273.528594970703 270.487457275391 269.196746826172 268.491882324219 268.349426269531 267.879333496094 267.372039794922 264.304382324219 261.562866210938 258.277191162109 255.286697387695 255.335464477539 220.954742431641 214.433029174805 236.40705871582 196.528839111328 203.771072387695 222.539306640625 214.323806762695 194.907073974609 194.437133789062 193.181915283203 192.940292358398 197.664932250977 189.288269042969 187.774749755859 187.560852050781 186.188690185547
