rcp8.5models/CNRM-CM5/sc1gr4.37
NCOLS 261 
NROWS 433 
XLLCORNER 336357.134 
YLLCORNER 654653.479 
CELLSIZE 1000 
NODATA_value -3.4e+38 
[rows 374 to 395 of 433, columns 196 to 244 of 261]
286.658660888672 286.423370361328 286.510650634766 286.596771240234 286.848480224609 287.422027587891 287.021087646484 287.072326660156 287.437744140625 287.885192871094 288.07373046875 288.118011474609 288.637023925781 288.840484619141 288.825073242188 288.645416259766 288.157409667969 288.175018310547 288.789703369141 288.957763671875 289.013427734375 288.638336181641 288.877319335938 289.128234863281 289.690704345703 289.601287841797 289.259002685547 289.754119873047 289.804565429688 290.1630859375 290.830352783203 290.826354980469 291.207489013672 291.138916015625 290.793792724609 290.993591308594 290.99267578125 291.067047119141 291.435699462891 290.391235351562 -3.4e+38 -3.4e+38 -3.4e+38 -3.4e+38 -3.4e+38 -3.4e+38 -3.4e+38 -3.4e+38 -3.4e+38
286.927001953125 286.796112060547 286.989685058594 287.027435302734 287.250518798828 287.557556152344 287.405792236328 287.402313232422 287.703521728516 287.901214599609 288.128967285156 288.136840820312 288.720336914062 288.936981201172 288.942260742188 288.64111328125 288.455017089844 288.262939453125 288.961547851562 289.157989501953 289.348571777344 288.968994140625 289.14453125 289.450836181641 289.873260498047 289.496124267578 289.052490234375 289.243988037109 289.320343017578 289.812316894531 290.306518554688 290.829620361328 291.265625 291.339416503906 290.762237548828 290.761993408203 290.807098388672 291.169006347656 -3.4e+38 -3.4e+38 -3.4e+38 -3.4e+38 -3.4e+38 -3.4e+38 -3.4e+38 -3.4e+38 -3.4e+38 -3.4e+38 -3.4e+38
287.020904541016 287.190002441406 287.301635742188 287.239288330078 287.350341796875 287.706420898438 287.539855957031 287.718078613281 287.948547363281 288.0673828125 288.034698486328 288.301788330078 288.886474609375 289.072967529297 288.938385009766 288.752655029297 288.971466064453 288.509918212891 289.389892578125 289.260223388672 289.5771484375 289.159210205078 289.533386230469 289.648376464844 289.833068847656 289.342987060547 289.318572998047 289.06396484375 288.953491210938 289.580810546875 289.814910888672 290.683837890625 290.842681884766 291.351287841797 290.839202880859 290.807037353516 -3.4e+38 -3.4e+38 -3.4e+38 -3.4e+38 -3.4e+38 -3.4e+38 -3.4e+38 -3.4e+38 -3.4e+38 -3.4e+38 -3.4e+38 -3.4e+38 -3.4e+38
286.832855224609 286.992553710938 287.29833984375 287.235046386719 287.347808837891 287.720001220703 287.623321533203 288.013305664062 288.115753173828 288.230072021484 288.165740966797 288.313018798828 288.94873046875 289.081939697266 289.075103759766 289.056365966797 289.209594726562 289.027191162109 289.786499023438 289.594268798828 289.848358154297 289.513671875 289.847351074219 289.880340576172 289.935302734375 289.533996582031 289.5830078125 289.461944580078 289.158538818359 289.407806396484 289.748809814453 290.162536621094 290.350738525391 291.051818847656 -3.4e+38 -3.4e+38 -3.4e+38 -3.4e+38 -3.4e+38 -3.4e+38 -3.4e+38 -3.4e+38 -3.4e+38 -3.4e+38 -3.4e+38 -3.4e+38 -3.4e+38 -3.4e+38 -3.4e+38
286.45263671875 286.724487304688 287.000457763672 287.105621337891 287.328582763672 287.674041748047 287.704254150391 288.09326171875 288.194274902344 288.313262939453 288.213348388672 288.212249755859 288.761596679688 288.895355224609 289.165557861328 289.182403564453 289.268920898438 289.341125488281 289.937377929688 290.023315429688 290.076629638672 290.011016845703 290.067687988281 290.353332519531 290.287414550781 289.921875 289.841094970703 289.722778320312 289.528991699219 289.611480712891 289.760131835938 289.758636474609 289.800811767578 289.95556640625 289.101348876953 291.425903320312 -3.4e+38 -3.4e+38 -3.4e+38 -3.4e+38 -3.4e+38 -3.4e+38 -3.4e+38 -3.4e+38 -3.4e+38 -3.4e+38 -3.4e+38 -3.4e+38 -3.4e+38
286.047607421875 286.619781494141 286.910034179688 287.235229492188 287.289672851562 287.483947753906 287.467620849609 287.7216796875 288.059814453125 288.275024414062 288.143981933594 288.469116210938 288.698944091797 288.865570068359 289.046173095703 289.255004882812 289.251037597656 289.308441162109 289.920043945312 289.945190429688 290.089141845703 290.089721679688 290.157745361328 290.517578125 290.567352294922 290.427825927734 290.290618896484 289.909423828125 289.791320800781 289.901763916016 290.076629638672 289.753234863281 289.136169433594 289.204132080078 -3.4e+38 -3.4e+38 -3.4e+38 -3.4e+38 -3.4e+38 -3.4e+38 -3.4e+38 -3.4e+38 -3.4e+38 -3.4e+38 -3.4e+38 -3.4e+38 -3.4e+38 -3.4e+38 -3.4e+38
285.408843994141 286.425201416016 286.869018554688 287.04443359375 286.245544433594 284.335754394531 286.983978271484 287.226623535156 287.891693115234 288.125122070312 288.144836425781 288.745513916016 288.762420654297 288.829010009766 288.891632080078 289.144378662109 289.095611572266 289.199005126953 289.620727539062 289.867889404297 290.001403808594 290.016204833984 290.129211425781 290.362487792969 290.556335449219 290.791931152344 290.480560302734 290.329620361328 290.188415527344 290.152740478516 290.432678222656 289.863494873047 289.517364501953 -3.4e+38 -3.4e+38 -3.4e+38 -3.4e+38 -3.4e+38 -3.4e+38 -3.4e+38 -3.4e+38 -3.4e+38 -3.4e+38 -3.4e+38 -3.4e+38 -3.4e+38 -3.4e+38 -3.4e+38 -3.4e+38
285.283142089844 286.386810302734 286.626800537109 285.023529052734 278.856597900391 278.340484619141 286.017120361328 287.413696289062 287.7392578125 287.769622802734 288.004699707031 288.470184326172 288.745452880859 288.665588378906 288.414947509766 288.798095703125 288.579193115234 288.235107421875 289.209716796875 289.789031982422 289.617340087891 289.847229003906 289.969268798828 290.254028320312 290.35302734375 290.886322021484 290.697601318359 290.715026855469 290.436279296875 290.489532470703 290.736968994141 -3.4e+38 -3.4e+38 -3.4e+38 -3.4e+38 -3.4e+38 -3.4e+38 -3.4e+38 -3.4e+38 -3.4e+38 -3.4e+38 -3.4e+38 -3.4e+38 -3.4e+38 -3.4e+38 -3.4e+38 -3.4e+38 -3.4e+38 -3.4e+38
285.442840576172 285.259033203125 285.413024902344 281.817199707031 276.710571289062 280.548919677734 285.634552001953 287.272430419922 286.371002197266 287.406005859375 287.824340820312 288.258056640625 288.675323486328 288.571838378906 287.903076171875 288.093994140625 287.338317871094 286.838653564453 289.028533935547 289.135528564453 289.234344482422 289.998931884766 289.979675292969 290.241546630859 290.209625244141 290.477264404297 290.921997070312 290.887634277344 290.684814453125 290.689819335938 -3.4e+38 -3.4e+38 -3.4e+38 -3.4e+38 -3.4e+38 -3.4e+38 -3.4e+38 -3.4e+38 -3.4e+38 -3.4e+38 -3.4e+38 -3.4e+38 -3.4e+38 -3.4e+38 -3.4e+38 -3.4e+38 -3.4e+38 -3.4e+38 -3.4e+38
284.422088623047 284.603057861328 284.024353027344 284.67919921875 285.449035644531 285.717437744141 286.075103759766 286.401794433594 286.470397949219 286.870361328125 287.519805908203 287.955932617188 287.851898193359 287.976379394531 287.9462890625 287.952301025391 287.404632568359 287.748077392578 288.231719970703 288.346038818359 289.011047363281 289.572692871094 290.024291992188 290.230377197266 290.534698486328 290.340850830078 290.827697753906 290.753479003906 290.753753662109 290.754058837891 -3.4e+38 -3.4e+38 -3.4e+38 -3.4e+38 -3.4e+38 -3.4e+38 -3.4e+38 -3.4e+38 -3.4e+38 -3.4e+38 -3.4e+38 -3.4e+38 -3.4e+38 -3.4e+38 -3.4e+38 -3.4e+38 -3.4e+38 -3.4e+38 -3.4e+38
285.544097900391 284.942810058594 284.285949707031 285.378112792969 285.454864501953 286.143371582031 286.715423583984 286.585113525391 286.418182373047 286.919769287109 287.417266845703 287.740447998047 287.498809814453 287.939300537109 288.121520996094 288.342681884766 288.439788818359 288.447113037109 288.148742675781 288.071838378906 288.536254882812 289.342651367188 289.897369384766 290.294830322266 290.512939453125 -3.4e+38 -3.4e+38 -3.4e+38 -3.4e+38 -3.4e+38 -3.4e+38 -3.4e+38 -3.4e+38 -3.4e+38 -3.4e+38 -3.4e+38 -3.4e+38 -3.4e+38 -3.4e+38 -3.4e+38 -3.4e+38 -3.4e+38 -3.4e+38 -3.4e+38 -3.4e+38 -3.4e+38 -3.4e+38 -3.4e+38 -3.4e+38
286.042053222656 285.537506103516 285.170867919922 286.051788330078 285.926239013672 286.733642578125 287.064575195312 287.001312255859 286.80712890625 287.15380859375 287.57177734375 287.844604492188 287.640960693359 287.922058105469 288.097839355469 288.56591796875 288.588043212891 288.997253417969 288.796020507812 288.536651611328 288.434356689453 289.428436279297 290.040344238281 290.690063476562 -3.4e+38 -3.4e+38 -3.4e+38 -3.4e+38 -3.4e+38 -3.4e+38 -3.4e+38 -3.4e+38 -3.4e+38 -3.4e+38 -3.4e+38 -3.4e+38 -3.4e+38 -3.4e+38 -3.4e+38 -3.4e+38 -3.4e+38 -3.4e+38 -3.4e+38 -3.4e+38 -3.4e+38 -3.4e+38 -3.4e+38 -3.4e+38 -3.4e+38
286.282531738281 286.313201904297 286.677032470703 286.792083740234 286.674011230469 286.686126708984 287.428100585938 287.282348632812 287.486206054688 287.552917480469 287.851776123047 287.93701171875 287.750335693359 287.820465087891 287.863708496094 288.072418212891 288.336456298828 289.158233642578 289.509246826172 289.460723876953 289.262878417969 289.751556396484 290.2705078125 -3.4e+38 -3.4e+38 -3.4e+38 -3.4e+38 -3.4e+38 -3.4e+38 -3.4e+38 -3.4e+38 -3.4e+38 -3.4e+38 -3.4e+38 -3.4e+38 -3.4e+38 -3.4e+38 -3.4e+38 -3.4e+38 -3.4e+38 -3.4e+38 -3.4e+38 -3.4e+38 -3.4e+38 -3.4e+38 -3.4e+38 -3.4e+38 -3.4e+38 -3.4e+38
284.987518310547 286.876739501953 287.191711425781 287.352355957031 287.135498046875 287.005218505859 287.675354003906 287.549713134766 287.83251953125 287.951049804688 288.089508056641 287.769836425781 287.585083007812 287.683868408203 287.795288085938 287.738586425781 288.125915527344 288.492248535156 289.5654296875 290.049835205078 290.320526123047 290.238067626953 290.616790771484 -3.4e+38 -3.4e+38 -3.4e+38 -3.4e+38 -3.4e+38 -3.4e+38 -3.4e+38 -3.4e+38 -3.4e+38 -3.4e+38 -3.4e+38 -3.4e+38 -3.4e+38 -3.4e+38 -3.4e+38 -3.4e+38 -3.4e+38 -3.4e+38 -3.4e+38 -3.4e+38 -3.4e+38 -3.4e+38 -3.4e+38 -3.4e+38 -3.4e+38 -3.4e+38
285.149566650391 287.290771484375 287.571472167969 287.638610839844 287.587799072266 287.495513916016 287.910949707031 287.947509765625 288.199645996094 288.401977539062 288.271209716797 287.63818359375 287.228607177734 287.430755615234 288.345001220703 288.3232421875 287.877197265625 287.926788330078 289.500549316406 289.988494873047 290.423522949219 -3.4e+38 -3.4e+38 -3.4e+38 -3.4e+38 -3.4e+38 -3.4e+38 -3.4e+38 -3.4e+38 -3.4e+38 -3.4e+38 -3.4e+38 -3.4e+38 -3.4e+38 -3.4e+38 -3.4e+38 -3.4e+38 -3.4e+38 -3.4e+38 -3.4e+38 -3.4e+38 -3.4e+38 -3.4e+38 -3.4e+38 -3.4e+38 -3.4e+38 -3.4e+38 -3.4e+38 -3.4e+38
287.011108398438 287.594757080078 288.032897949219 288.005157470703 288.067626953125 287.877990722656 288.158386230469 288.312591552734 288.614288330078 288.411499023438 288.129730224609 287.930725097656 287.325134277344 287.537353515625 288.557067871094 288.805969238281 288.362701416016 288.562744140625 289.75439453125 289.794708251953 289.783111572266 -3.4e+38 -3.4e+38 -3.4e+38 -3.4e+38 -3.4e+38 -3.4e+38 -3.4e+38 -3.4e+38 -3.4e+38 -3.4e+38 -3.4e+38 -3.4e+38 -3.4e+38 -3.4e+38 -3.4e+38 -3.4e+38 -3.4e+38 -3.4e+38 -3.4e+38 -3.4e+38 -3.4e+38 -3.4e+38 -3.4e+38 -3.4e+38 -3.4e+38 -3.4e+38 -3.4e+38 -3.4e+38
287.592498779297 288.102905273438 288.263122558594 288.170288085938 288.285339355469 288.185943603516 288.088989257812 288.694427490234 288.762756347656 288.196746826172 288.144989013672 288.468872070312 288.380218505859 288.319183349609 288.779083251953 289.266571044922 289.064880371094 289.396850585938 289.839752197266 -3.4e+38 -3.4e+38 -3.4e+38 -3.4e+38 -3.4e+38 -3.4e+38 -3.4e+38 -3.4e+38 -3.4e+38 -3.4e+38 -3.4e+38 -3.4e+38 -3.4e+38 -3.4e+38 -3.4e+38 -3.4e+38 -3.4e+38 -3.4e+38 -3.4e+38 -3.4e+38 -3.4e+38 -3.4e+38 -3.4e+38 -3.4e+38 -3.4e+38 -3.4e+38 -3.4e+38 -3.4e+38 -3.4e+38 -3.4e+38
288.173980712891 288.647918701172 288.661102294922 288.449127197266 288.29638671875 287.881134033203 287.706024169922 288.654449462891 288.963592529297 288.499908447266 288.323944091797 288.810211181641 289.056793212891 288.723022460938 289.1103515625 289.358276367188 289.619842529297 -3.4e+38 -3.4e+38 -3.4e+38 -3.4e+38 -3.4e+38 -3.4e+38 -3.4e+38 -3.4e+38 -3.4e+38 -3.4e+38 -3.4e+38 -3.4e+38 -3.4e+38 -3.4e+38 -3.4e+38 -3.4e+38 -3.4e+38 -3.4e+38 -3.4e+38 -3.4e+38 -3.4e+38 -3.4e+38 -3.4e+38 -3.4e+38 -3.4e+38 -3.4e+38 -3.4e+38 -3.4e+38 -3.4e+38 -3.4e+38 -3.4e+38 -3.4e+38
288.764709472656 288.942810058594 288.861236572266 288.70947265625 288.243011474609 287.666656494141 287.538391113281 288.252563476562 289.023590087891 288.861694335938 288.764617919922 288.972930908203 289.239074707031 288.9482421875 289.210815429688 -3.4e+38 -3.4e+38 -3.4e+38 -3.4e+38 -3.4e+38 -3.4e+38 -3.4e+38 -3.4e+38 -3.4e+38 -3.4e+38 -3.4e+38 -3.4e+38 -3.4e+38 -3.4e+38 -3.4e+38 -3.4e+38 -3.4e+38 -3.4e+38 -3.4e+38 -3.4e+38 -3.4e+38 -3.4e+38 -3.4e+38 -3.4e+38 -3.4e+38 -3.4e+38 -3.4e+38 -3.4e+38 -3.4e+38 -3.4e+38 -3.4e+38 -3.4e+38 -3.4e+38 -3.4e+38
288.957702636719 288.923126220703 288.758880615234 288.576141357422 288.206970214844 287.53173828125 287.364807128906 287.96923828125 288.397979736328 288.93505859375 289.384704589844 289.102447509766 289.634429931641 289.569213867188 289.658477783203 -3.4e+38 -3.4e+38 -3.4e+38 -3.4e+38 -3.4e+38 -3.4e+38 -3.4e+38 -3.4e+38 -3.4e+38 -3.4e+38 -3.4e+38 -3.4e+38 -3.4e+38 -3.4e+38 -3.4e+38 -3.4e+38 -3.4e+38 -3.4e+38 -3.4e+38 -3.4e+38 -3.4e+38 -3.4e+38 -3.4e+38 -3.4e+38 -3.4e+38 -3.4e+38 -3.4e+38 -3.4e+38 -3.4e+38 -3.4e+38 -3.4e+38 -3.4e+38 -3.4e+38 -3.4e+38
288.872924804688 -3.4e+38 -3.4e+38 288.540710449219 288.073944091797 287.532440185547 287.418243408203 288.073211669922 287.901580810547 288.524047851562 289.393432617188 289.197265625 289.808959960938 289.81005859375 -3.4e+38 -3.4e+38 -3.4e+38 -3.4e+38 -3.4e+38 -3.4e+38 -3.4e+38 -3.4e+38 -3.4e+38 -3.4e+38 -3.4e+38 -3.4e+38 -3.4e+38 -3.4e+38 -3.4e+38 -3.4e+38 -3.4e+38 -3.4e+38 -3.4e+38 -3.4e+38 -3.4e+38 -3.4e+38 -3.4e+38 -3.4e+38 -3.4e+38 -3.4e+38 -3.4e+38 -3.4e+38 -3.4e+38 -3.4e+38 -3.4e+38 -3.4e+38 -3.4e+38 -3.4e+38 -3.4e+38
288.731750488281 288.484344482422 288.254760742188 288.055206298828 287.881713867188 288.315582275391 288.598205566406 288.549530029297 289.493560791016 289.307586669922 289.503387451172 289.029968261719 289.691314697266 -3.4e+38 -3.4e+38 -3.4e+38 -3.4e+38 -3.4e+38 -3.4e+38 -3.4e+38 -3.4e+38 -3.4e+38 -3.4e+38 -3.4e+38 -3.4e+38 -3.4e+38 -3.4e+38 -3.4e+38 -3.4e+38 -3.4e+38 -3.4e+38 -3.4e+38 -3.4e+38 -3.4e+38 -3.4e+38 -3.4e+38 -3.4e+38 -3.4e+38 -3.4e+38 -3.4e+38 -3.4e+38 -3.4e+38 -3.4e+38 -3.4e+38 -3.4e+38 -3.4e+38 -3.4e+38 -3.4e+38 -3.4e+38
