rcp8.5models/CNRM-CM5/sc1gr2.22
NCOLS 261 
NROWS 433 
XLLCORNER 336357.134 
YLLCORNER 654653.479 
CELLSIZE 1000 
NODATA_value -3.4e+38 
[rows 264 to 285 of 433, columns 196 to 244 of 261]
353.960083007812 354.446899414062 355.288024902344 355.092895507812 356.556365966797 357.096252441406 357.791687011719 356.756744384766 357.383422851562 356.543975830078 356.374694824219 356.799041748047 357.812866210938 352.736602783203 341.233947753906 339.826232910156 346.203033447266 350.568786621094 356.414428710938 356.978393554688 356.676879882812 355.330444335938 350.759429931641 345.592163085938 350.158172607422 356.179870605469 355.960601806641 355.869903564453 356.622039794922 357.281616210938 353.449798583984 354.558135986328 -3.4e+38 -3.4e+38 357.091979980469 357.443786621094 357.73828125 357.459503173828 357.095886230469 357.396362304688 357.119201660156 357.059539794922 357.112854003906 357.540435791016 357.727294921875 357.617492675781 357.598754882812 357.633331298828 357.550201416016
355.127777099609 354.985534667969 354.292266845703 355.001708984375 356.295715332031 357.527496337891 357.589111328125 356.238128662109 356.808441162109 355.802490234375 355.303955078125 356.121612548828 357.611328125 353.853332519531 345.650756835938 343.891143798828 352.221893310547 353.906280517578 356.368316650391 356.769470214844 356.109008789062 355.003051757812 352.329681396484 349.963806152344 352.043334960938 356.525024414062 356.291900634766 356.874877929688 356.913299560547 357.317047119141 357.075103759766 357.100433349609 356.738128662109 357.036499023438 356.934631347656 356.939147949219 357.329284667969 357.277679443359 356.565765380859 356.916595458984 357.101135253906 356.994140625 357.090087890625 357.585510253906 357.660614013672 357.550445556641 357.440734863281 357.331481933594 357.322357177734
356.543914794922 356.585815429688 356.28662109375 356.659973144531 357.122772216797 357.623718261719 357.199310302734 353.116088867188 350.321197509766 353.219573974609 355.425842285156 355.897888183594 356.451538085938 355.357666015625 352.865509033203 352.111389160156 351.934509277344 354.470794677734 355.849731445312 355.230560302734 354.022247314453 353.498626708984 356.425323486328 356.128723144531 355.471313476562 355.442413330078 355.505004882812 354.030792236328 355.766510009766 356.11328125 356.578460693359 356.146514892578 356.148040771484 356.343719482422 356.142669677734 356.182739257812 356.987854003906 356.656524658203 356.769653320312 356.495727539062 356.891082763672 356.962280273438 357.123840332031 357.154693603516 357.100280761719 357.253814697266 356.714141845703 356.491424560547 356.196136474609
356.471313476562 356.864501953125 357.236541748047 357.254577636719 357.062774658203 357.341461181641 356.446258544922 352.967132568359 349.201538085938 351.894470214844 355.412292480469 355.94384765625 356.175811767578 351.840179443359 344.185455322266 345.260498046875 347.460723876953 354.718688964844 349.622253417969 348.352569580078 349.608642578125 350.281951904297 355.338195800781 353.565277099609 353.123809814453 355.261657714844 355.429077148438 354.365447998047 354.622283935547 355.181274414062 356.049774169922 355.520446777344 355.558044433594 356.011932373047 356.32373046875 356.608947753906 357.238403320312 356.726623535156 357.137176513672 356.834594726562 357.024261474609 356.815246582031 356.760772705078 356.6435546875 356.641021728516 356.831695556641 356.076049804688 355.694885253906 356.016662597656
356.120574951172 356.653106689453 356.624176025391 356.711029052734 356.685363769531 357.118377685547 355.464752197266 350.297119140625 349.751800537109 352.449676513672 355.128723144531 356.198791503906 356.261444091797 352.115905761719 342.509704589844 341.955261230469 347.369171142578 355.338897705078 339.82080078125 341.389007568359 346.325927734375 350.149932861328 354.546173095703 353.441345214844 353.079742431641 355.208068847656 355.503387451172 354.533813476562 354.376922607422 354.770385742188 355.463806152344 354.868713378906 354.778656005859 356.064880371094 356.663879394531 356.663635253906 356.755035400391 356.641662597656 357.190582275391 357.074279785156 356.958679199219 356.729614257812 356.616058349609 356.503143310547 356.439361572266 356.408813476562 356.057159423828 355.759216308594 356.070434570312
355.768005371094 355.436218261719 355.432098388672 356.356353759766 356.512176513672 356.600982666016 354.316131591797 347.650756835938 348.422973632812 351.777099609375 354.604797363281 355.479919433594 355.625213623047 354.970397949219 350.813323974609 348.806732177734 352.009582519531 355.264617919922 340.777191162109 341.132751464844 343.387145996094 346.994995117188 353.774291992188 354.851715087891 354.289093017578 354.994659423828 355.050933837891 354.604400634766 354.439758300781 354.132629394531 353.803955078125 353.306640625 353.996276855469 356.002380371094 356.760803222656 357.053558349609 356.804412841797 356.59228515625 357.125885009766 357.008972167969 356.892822265625 356.504089355469 355.965087890625 356.008728027344 356.164031982422 355.780731201172 356.098907470703 355.987976074219 356.089752197266
355.456115722656 354.777618408203 355.286682128906 356.112457275391 356.691589355469 356.214660644531 354.86328125 347.985687255859 346.842926025391 349.625457763672 354.427459716797 355.141174316406 355.508544921875 355.680938720703 355.104797363281 354.06103515625 354.525756835938 354.927093505859 344.390045166016 339.311767578125 338.519439697266 340.311828613281 349.117248535156 354.404693603516 353.759399414062 353.142150878906 353.321960449219 354.147552490234 354.294555664062 353.81640625 349.367156982422 351.030242919922 355.007019042969 356.350402832031 356.816680908203 357.260650634766 356.7861328125 356.92431640625 357.060821533203 357.101043701172 357.247619628906 356.482055664062 356.064147949219 355.906188964844 355.871520996094 356.112640380859 355.597503662109 355.918243408203 356.0283203125
355.056579589844 354.726745605469 355.06640625 355.893829345703 356.682525634766 355.458435058594 354.505889892578 350.757537841797 346.932098388672 348.989074707031 354.385498046875 355.233520507812 355.788024902344 355.477966308594 354.809204101562 354.49609375 354.866363525391 354.908477783203 340.704345703125 335.309204101562 332.236694335938 333.905242919922 340.015411376953 346.338256835938 350.782012939453 351.519409179688 352.749877929688 354.334716796875 354.764953613281 354.266265869141 352.093536376953 353.750305175781 356.000915527344 356.599792480469 356.752593994141 357.080230712891 356.351409912109 356.697204589844 356.995391845703 356.992248535156 357.067291259766 355.946350097656 355.829864501953 355.75927734375 356.148590087891 356.695861816406 355.501586914062 355.413757324219 355.984527587891
354.490447998047 354.604644775391 354.122375488281 355.911682128906 355.920379638672 354.053619384766 348.705291748047 349.925750732422 350.586761474609 350.752960205078 352.275787353516 354.648315429688 355.360748291016 355.30078125 354.441650390625 354.423156738281 354.278381347656 352.243408203125 343.08740234375 338.762573242188 336.503540039062 332.566833496094 336.048553466797 342.285003662109 350.685119628906 351.584777832031 354.092834472656 355.119842529297 355.181396484375 355.014068603516 356.036010742188 356.258728027344 356.348571777344 356.537445068359 356.688110351562 357.017761230469 356.169738769531 356.321105957031 356.929565429688 356.810821533203 356.537139892578 355.459716796875 355.34423828125 355.426788330078 355.879028320312 355.873931884766 355.781097412109 -3.4e+38 355.773315429688
354.112579345703 354.887786865234 355.067047119141 355.763946533203 353.398956298828 349.639923095703 346.181945800781 344.914215087891 352.234558105469 352.014129638672 352.382049560547 354.145416259766 354.991851806641 355.256469726562 354.237670898438 353.857055664062 353.831420898438 352.12451171875 348.768493652344 345.129180908203 346.897766113281 343.480895996094 346.279724121094 349.490936279297 353.094116210938 352.975677490234 354.794799804688 355.379821777344 355.246429443359 355.392211914062 355.290649414062 355.436767578125 356.188995361328 356.474578857422 356.467742919922 356.539428710938 356.104736328125 356.098907470703 356.288391113281 356.167633056641 355.9345703125 355.391235351562 355.429962158203 355.805206298828 355.800750732422 355.627655029297 355.819030761719 355.706726074219 355.595092773438
354.470031738281 355.461608886719 356.019134521484 354.682098388672 350.9580078125 345.407958984375 346.044738769531 341.191589355469 349.749908447266 351.996154785156 354.120208740234 354.483245849609 354.945648193359 355.211303710938 354.059356689453 353.328002929688 353.656585693359 353.894744873047 348.396270751953 342.711212158203 345.34619140625 345.770202636719 347.007629394531 346.826293945312 347.382171630859 347.68798828125 348.641265869141 354.111968994141 355.032592773438 354.615173339844 354.948608398438 355.503997802734 356.222290039062 356.411193847656 356.131591796875 355.746185302734 356.039245605469 355.923004150391 355.811828613281 355.676635742188 355.557678222656 355.322357177734 355.316345214844 355.660461425781 355.975524902344 355.7080078125 355.313262939453 355.622283935547 355.485870361328
354.904266357422 355.753540039062 355.864318847656 354.386413574219 352.445159912109 348.895202636719 345.241912841797 337.720703125 347.295776367188 349.122863769531 353.669494628906 354.536773681641 355.126007080078 354.779632568359 354.012542724609 353.148101806641 353.439208984375 354.234893798828 348.490905761719 338.809143066406 338.363098144531 339.111938476562 339.760437011719 340.390014648438 340.938537597656 341.085968017578 341.179809570312 346.177825927734 347.442565917969 351.555816650391 355.005554199219 355.875213623047 356.474273681641 356.193481445312 355.536224365234 355.212615966797 355.401824951172 355.445709228516 355.768859863281 355.455718994141 354.912200927734 354.995239257812 355.068542480469 354.938659667969 355.320190429688 355.248992919922 355.523620605469 355.991821289062 355.429290771484
354.869018554688 355.558135986328 355.752960205078 355.348999023438 354.631652832031 352.418670654297 344.514892578125 337.70751953125 348.102630615234 349.929901123047 352.937194824219 354.680297851562 355.11572265625 354.020629882812 354.120971679688 353.174896240234 352.5830078125 354.118408203125 351.565399169922 345.747833251953 344.099029541016 345.446502685547 344.498718261719 341.423400878906 341.999847412109 342.393585205078 339.963958740234 341.266784667969 340.885375976562 352.174011230469 355.351806640625 355.504455566406 355.432067871094 355.598937988281 355.15625 355.030944824219 355.059326171875 355.477600097656 355.557800292969 354.817504882812 354.160797119141 354.996063232422 354.865753173828 354.22998046875 354.400939941406 354.977325439453 355.862365722656 356.234893798828 355.390808105469
354.832550048828 355.381256103516 355.367279052734 355.402648925781 354.91943359375 352.582183837891 344.682556152344 346.338928222656 351.657867431641 353.386474609375 353.461303710938 354.802215576172 354.239776611328 352.872589111328 354.20263671875 353.501983642578 352.373291015625 353.196197509766 352.918914794922 352.585327148438 351.890228271484 351.37890625 347.901763916016 343.720489501953 345.889251708984 347.160095214844 342.539611816406 338.985260009766 337.527526855469 348.940582275391 355.606719970703 355.20556640625 354.463043212891 354.802978515625 355.090454101562 354.964477539062 354.959991455078 355.180358886719 354.861602783203 354.005310058594 353.859924316406 354.730621337891 354.399261474609 354.297668457031 354.453430175781 354.90380859375 355.638214111328 355.727905273438 355.334289550781
354.672485351562 354.088165283203 354.661468505859 354.302917480469 354.083374023438 351.47021484375 343.99853515625 352.287872314453 352.664672851562 353.176696777344 354.017608642578 354.284149169922 352.817810058594 350.817413330078 350.557434082031 352.271514892578 352.072265625 352.917297363281 351.716918945312 351.004241943359 353.257141113281 351.797271728516 349.68115234375 348.505920410156 348.075012207031 351.587249755859 344.774688720703 341.881134033203 349.444305419922 354.747528076172 353.916351318359 353.782684326172 353.800933837891 354.23583984375 354.638946533203 355.095336914062 -3.4e+38 355.000640869141 354.522491455078 354.708831787109 355.064453125 354.811614990234 354.954223632812 355.180236816406 355.287414550781 355.698028564453 356.282043457031 355.865692138672 355.653686523438
353.663848876953 351.830963134766 354.43701171875 353.185150146484 352.093658447266 352.735107421875 347.101440429688 349.163970947266 352.286956787109 353.126861572266 353.812225341797 353.540618896484 350.962799072266 345.744476318359 344.101287841797 351.654998779297 352.407684326172 352.861389160156 351.004669189453 348.813201904297 352.3037109375 352.775848388672 352.127838134766 353.070007324219 351.388458251953 -3.4e+38 344.361053466797 344.3388671875 353.530914306641 354.533203125 353.413360595703 353.280334472656 353.413940429688 354.282653808594 354.889190673828 355.031036376953 355.673797607422 355.334167480469 354.550323486328 354.733673095703 355.336334228516 355.136688232422 355.001159667969 355.415985107422 354.961517333984 354.948394775391 355.146240234375 355.334014892578 355.998809814453
352.854034423828 351.332611083984 353.689208984375 353.043212890625 351.047973632812 351.766052246094 348.907409667969 342.072906494141 347.27294921875 353.075836181641 353.628631591797 353.051971435547 349.527618408203 341.873107910156 340.727905273438 349.993774414062 353.223541259766 353.196533203125 351.676818847656 348.753662109375 349.725769042969 352.365539550781 353.013427734375 -3.4e+38 353.445434570312 -3.4e+38 343.426696777344 347.451202392578 354.199066162109 353.941802978516 353.496704101562 353.627410888672 353.345367431641 354.213439941406 354.820709228516 354.819396972656 355.198577880859 355.392120361328 354.888488769531 354.744171142578 355.427886962891 355.431243896484 354.813507080078 355.048309326172 355.053649902344 354.938598632812 354.838928222656 354.981903076172 355.520874023438
352.136810302734 351.942443847656 350.597381591797 347.792999267578 351.959991455078 350.791046142578 348.425689697266 337.398895263672 340.314971923828 350.187438964844 352.424041748047 350.284240722656 348.324737548828 344.067718505859 339.55908203125 346.406066894531 353.623352050781 353.467224121094 351.371246337891 347.709594726562 348.229797363281 351.977844238281 352.828033447266 353.407318115234 -3.4e+38 -3.4e+38 349.052825927734 351.925415039062 353.841217041016 353.880340576172 353.355133056641 354.030883789062 353.839904785156 354.708709716797 -3.4e+38 355.211791992188 355.236511230469 -3.4e+38 355.284301757812 355.016204833984 355.448577880859 355.479370117188 355.212890625 355.200744628906 355.388488769531 355.258178710938 355.196594238281 355.158660888672 355.123596191406
351.508087158203 348.716644287109 342.075042724609 340.691375732422 349.859100341797 351.416687011719 349.622680664062 336.917541503906 339.456634521484 349.908111572266 348.393493652344 340.627258300781 338.694396972656 343.319427490234 346.234985351562 347.290985107422 350.041137695312 353.560211181641 351.025573730469 347.316467285156 348.784210205078 349.03515625 351.963684082031 353.494140625 -3.4e+38 -3.4e+38 353.406555175781 353.319702148438 353.445404052734 353.746032714844 353.592864990234 353.515686035156 353.642303466797 354.507904052734 -3.4e+38 355.012756347656 354.966827392578 -3.4e+38 -3.4e+38 355.328399658203 -3.4e+38 355.557250976562 355.559539794922 355.440368652344 355.171600341797 354.758087158203 355.150360107422 355.115112304688 355.080139160156
350.566223144531 344.586212158203 339.821594238281 340.164794921875 345.462158203125 351.133819580078 349.636138916016 340.412506103516 343.176422119141 350.322479248047 342.931793212891 333.2294921875 328.182464599609 336.058135986328 347.870452880859 350.921844482422 350.144287109375 353.62646484375 352.138275146484 349.365539550781 347.416198730469 345.092681884766 348.836853027344 353.401977539062 353.757995605469 353.819152832031 353.069763183594 353.386627197266 353.588836669922 353.830322265625 353.615417480469 353.424102783203 353.134918212891 354.001251220703 354.47314453125 353.972595214844 354.199188232422 355.051849365234 355.434906005859 355.397216796875 355.359832763672 355.605529785156 355.484985351562 355.365447998047 355.144378662109 354.835296630859 355.10595703125 355.070770263672 355.035888671875
348.807586669922 342.263610839844 339.316467285156 338.037719726562 343.280731201172 349.523956298828 348.426055908203 344.837554931641 346.451538085938 349.019165039062 340.02099609375 330.410675048828 324.407043457031 334.656311035156 345.394104003906 351.733276367188 352.33154296875 353.564758300781 352.701904296875 350.227661132812 345.836883544922 346.279022216797 349.203063964844 353.364013671875 354.008026123047 354.414764404297 353.116943359375 353.567016601562 353.570068359375 354.310333251953 353.749938964844 353.825012207031 353.480377197266 353.783477783203 354.013793945312 353.890838623047 353.948638916016 355.350952148438 355.38916015625 355.351501464844 355.314117431641 355.401031494141 355.409790039062 355.289947509766 355.176696777344 355.096099853516 355.060729980469 355.025665283203 354.990905761719
347.069122314453 343.42529296875 338.403594970703 336.133087158203 344.703552246094 348.338287353516 348.174407958984 345.234771728516 344.892242431641 341.698333740234 340.481536865234 333.127197265625 330.097320556641 341.48974609375 349.923400878906 352.086456298828 352.330139160156 353.501831054688 352.887390136719 349.662414550781 346.711273193359 350.706695556641 352.459320068359 353.82080078125 354.121063232422 354.096649169922 353.471557617188 353.631256103516 353.871612548828 354.341339111328 353.965606689453 353.756622314453 353.877838134766 354.165679931641 354.166107177734 354.320159912109 354.349395751953 355.380432128906 355.342498779297 355.304870605469 355.175567626953 355.216278076172 355.25341796875 355.213806152344 355.098358154297 355.020782470703 355.014770507812 354.979797363281 -3.4e+38
