rcp8.5models/CNRM-CM5/sc1gr8.22
NCOLS 261 
NROWS 433 
XLLCORNER 336357.134 
YLLCORNER 654653.479 
CELLSIZE 1000 
NODATA_value -3.4e+38 
[rows 242 to 263 of 433, columns 98 to 146 of 261]
52.0401992797852 51.1292304992676 50.6665458679199 49.8062057495117 49.3303985595703 48.8189125061035 48.2900009155273 -3.4e+38 46.9947776794434 46.3726959228516 45.7490043640137 45.1401290893555 44.3417778015137 43.658992767334 42.3918991088867 41.5077934265137 41.6545257568359 43.5235748291016 43.5472030639648 43.4619445800781 43.333309173584 42.6564254760742 41.3000602722168 40.8541145324707 40.9721298217773 40.8849143981934 36.1950912475586 -3.4e+38 36.4422874450684 36.9345359802246 35.9340629577637 36.1119918823242 36.2416038513184 36.146068572998 36.3700141906738 36.5481452941895 36.4671211242676 37.688346862793 36.8994216918945 37.1285972595215 37.3381118774414 38.5177803039551 39.5562896728516 37.8753318786621 38.0161247253418 38.173152923584 38.2826957702637 38.382926940918 38.6627006530762
54.9361038208008 54.616527557373 53.220760345459 52.0995674133301 51.4956283569336 50.8994407653809 50.2324981689453 49.5600891113281 48.942928314209 48.2996406555176 47.5536956787109 46.8686561584473 46.2620658874512 45.4075241088867 43.9531478881836 43.5350303649902 43.5576858520508 45.187686920166 45.4088935852051 45.4511756896973 44.6794662475586 43.6893653869629 42.5039176940918 42.2398376464844 42.1809387207031 40.8785629272461 39.0510940551758 37.5877914428711 37.6679801940918 38.7778244018555 38.8779945373535 41.2641716003418 43.7983016967773 43.3354225158691 40.6418037414551 37.554515838623 37.5056838989258 40.4482650756836 41.2047996520996 37.8630676269531 37.9970283508301 40.3292236328125 42.8017845153809 39.774600982666 38.914192199707 38.4737129211426 38.5084114074707 38.6628684997559 38.939037322998
56.4439392089844 56.2643737792969 54.588623046875 53.2661209106445 52.7203598022461 52.0331916809082 51.3953056335449 50.6894073486328 49.9782867431641 49.3265609741211 48.4964599609375 47.8283462524414 47.0839157104492 46.1324348449707 45.0500717163086 44.9673461914062 45.1398124694824 48.840274810791 50.351734161377 49.9712944030762 45.4801292419434 44.0432929992676 43.2009239196777 43.2974739074707 42.7844619750977 40.8345527648926 38.6828193664551 37.9043121337891 38.3989868164062 40.0780448913574 40.9658432006836 42.2342414855957 45.0605354309082 47.7386436462402 44.6853408813477 38.9758529663086 39.1729202270508 42.061580657959 43.0688018798828 38.2039260864258 38.5661926269531 41.1797332763672 44.309513092041 41.8372955322266 40.0434074401855 38.9227981567383 38.6373748779297 38.7498779296875 39.1249389648438
59.3042907714844 60.7412452697754 55.7183151245117 54.5554351806641 53.9201240539551 53.1854286193848 52.4664649963379 51.7824974060059 51.0497779846191 50.362190246582 49.5933494567871 48.8264122009277 47.9292449951172 47.0538330078125 46.8619995117188 46.1339149475098 46.8163299560547 54.9042854309082 61.6493072509766 58.3381881713867 46.8672981262207 44.6410942077637 44.2182769775391 44.6554107666016 44.1620178222656 41.5473480224609 39.0498886108398 39.0004043579102 39.0874176025391 40.4649238586426 42.5733795166016 45.0937614440918 47.2923698425293 49.6800842285156 48.4714088439941 43.7704086303711 43.4192886352539 43.7128791809082 43.6169700622559 39.7856407165527 39.6439819335938 41.8496856689453 45.3528137207031 43.9732322692871 40.8941688537598 39.5704612731934 38.8835258483887 38.9110679626465 39.4193801879883
59.9059219360352 60.9650764465332 57.0266265869141 55.9371223449707 55.1578369140625 54.4283599853516 53.5629119873047 52.8522148132324 52.2041549682617 51.4540176391602 50.66943359375 49.8792686462402 48.9605102539062 48.0922088623047 49.0390129089355 47.697925567627 46.4257888793945 55.820255279541 68.5720977783203 62.3672561645508 49.6471176147461 46.2653999328613 45.4680404663086 46.2899284362793 45.7598152160645 42.6466674804688 40.9364242553711 40.5751190185547 40.6718864440918 42.7554664611816 45.3139152526855 50.7497825622559 55.2890853881836 55.1535682678223 54.6597442626953 52.0907897949219 50.3945236206055 46.4374046325684 45.7441787719727 42.689323425293 40.6862487792969 42.2343330383301 45.9969139099121 45.3507118225098 41.2035903930664 39.5193290710449 39.127986907959 39.1204299926758 39.6959075927734
59.9161415100098 59.5415649414062 58.4207458496094 57.171215057373 56.4592704772949 55.7359237670898 54.8500900268555 53.9534149169922 53.3192405700684 52.6417579650879 51.8396797180176 50.9625396728516 49.9614753723145 49.009521484375 49.4075698852539 48.2042388916016 46.599235534668 55.8685455322266 68.3321914672852 58.3676528930664 49.2140960693359 47.2689933776855 46.6283378601074 46.9407768249512 45.9202423095703 43.9354438781738 42.9951820373535 41.9792633056641 41.7284317016602 44.000617980957 47.2353744506836 52.6955795288086 57.6053733825684 55.7264862060547 52.2529640197754 58.0866851806641 55.7600936889648 48.0682067871094 46.4642333984375 43.1790580749512 41.4765243530273 42.0725402832031 46.0190505981445 47.4734497070312 42.9350280761719 39.5383720397949 39.3224716186523 39.2975807189941 39.7343330383301
61.3098831176758 60.7180328369141 60.0112380981445 58.5616493225098 57.751594543457 57.068172454834 56.2015953063965 55.2238922119141 54.4887428283691 53.7479286193848 52.9687042236328 52.0351295471191 51.0209312438965 50.0753288269043 48.9689903259277 48.0228500366211 47.4354095458984 54.9713096618652 64.9214935302734 55.7299690246582 48.5244064331055 47.2636528015137 47.0162353515625 46.8754119873047 45.7075958251953 45.0935287475586 43.3595504760742 42.2225799560547 41.7848777770996 43.4690628051758 48.9223937988281 56.8106727600098 59.7621917724609 54.9835243225098 49.8583869934082 59.4997901916504 55.7786903381348 46.7353134155273 44.8257942199707 43.3620109558105 43.4128494262695 43.470890045166 46.1802444458008 49.0421142578125 44.6132965087891 40.2551918029785 39.7722625732422 39.5047912597656 39.7795372009277
62.9688110351562 62.3220977783203 61.6031608581543 59.572452545166 59.15576171875 58.4189262390137 57.5471458435059 56.5576553344727 55.5951385498047 54.917781829834 54.0253143310547 53.0900230407715 52.2358474731445 51.2887077331543 49.5126495361328 48.8521003723145 47.9471549987793 51.4306297302246 60.0436096191406 57.8381729125977 50.0679931640625 47.976001739502 47.6429214477539 47.6179504394531 46.6163558959961 45.9345779418945 43.5583763122559 42.5822982788086 42.4397583007812 44.6730003356934 51.029224395752 58.9435043334961 62.2210350036621 59.752082824707 56.3211555480957 56.0762557983398 50.8961563110352 46.117603302002 46.4946441650391 46.1967735290527 47.1596946716309 47.4564666748047 48.0769081115723 49.9640769958496 45.6504135131836 41.0265045166016 40.0273094177246 39.7625160217285 40.0968322753906
64.3741073608398 63.6454048156738 62.9902839660645 60.625846862793 60.5940208435059 59.8026847839355 58.8903427124023 57.7597885131836 56.7654724121094 56.1430397033691 55.2014541625977 54.2797927856445 53.3982009887695 52.4496154785156 50.4463996887207 49.6645660400391 48.7713890075684 50.1796798706055 54.8837356567383 54.4600830078125 49.9998741149902 49.0321617126465 49.0780830383301 48.1920890808105 46.6570167541504 45.7978096008301 43.9857292175293 44.0840759277344 45.1506690979004 46.7175025939941 51.1141166687012 55.4419097900391 58.1789932250977 60.9395751953125 60.3241004943848 53.3824195861816 50.0017280578613 48.337459564209 49.9283027648926 49.0433120727539 49.7422637939453 50.5377960205078 50.3265419006348 51.6527519226074 46.9385185241699 41.4640350341797 40.7821731567383 40.2411231994629 40.698787689209
65.8492202758789 65.1820983886719 64.5383605957031 62.2189598083496 62.007266998291 61.2332763671875 60.149356842041 58.9892883300781 58.1327476501465 57.3476448059082 56.4672012329102 55.4938774108887 54.44970703125 53.3687744140625 51.6362533569336 50.6946487426758 49.9007225036621 50.6018562316895 52.2035713195801 50.8529586791992 49.9293251037598 50.0448303222656 50.7967376708984 49.1770477294922 47.4889945983887 46.5764617919922 45.0092544555664 45.7434272766113 48.781322479248 49.4844055175781 51.509765625 55.672924041748 60.482234954834 63.6320571899414 62.0669441223145 55.6908569335938 55.6039657592773 52.1745414733887 53.0141677856445 50.6792030334473 50.9562225341797 51.9390411376953 51.7107734680176 53.2271614074707 48.3903350830078 42.805835723877 42.5794258117676 41.304801940918 41.2768020629883
67.6823501586914 67.0228500366211 66.2403793334961 64.3105392456055 63.5466575622559 62.6354713439941 61.4347915649414 60.3513603210449 59.57470703125 58.6159286499023 57.6830368041992 56.6538009643555 55.553035736084 54.2743797302246 52.802562713623 51.8386917114258 50.886287689209 51.7662696838379 53.5946388244629 51.9556465148926 50.9502563476562 51.164176940918 52.0934410095215 50.7144355773926 48.864143371582 48.0474624633789 46.0270347595215 46.7712898254395 50.4307174682617 52.232967376709 52.9332160949707 57.6704139709473 64.7414474487305 65.6356964111328 64.5510330200195 60.5079040527344 57.7553939819336 55.9659881591797 56.5287094116211 53.1057357788086 52.683422088623 52.7723846435547 53.0857009887695 54.1144256591797 50.0090942382812 44.9440116882324 45.1762886047363 42.8304100036621 42.340877532959
69.4311294555664 68.7371978759766 67.9068374633789 66.1527481079102 65.0922012329102 64.0416030883789 62.9458618164062 61.8760643005371 60.9431686401367 59.8340377807617 58.837833404541 57.8096504211426 56.7482681274414 55.4001617431641 53.7244682312012 52.8885841369629 52.3071937561035 53.5993537902832 54.8172035217285 52.9897727966309 51.7924652099609 52.6932487487793 54.321949005127 51.7868232727051 49.5627708435059 48.6665725708008 47.3789749145508 47.032283782959 49.2536315917969 52.3014030456543 53.0188331604004 57.8635063171387 63.1455078125 64.8909454345703 62.1562309265137 57.6020355224609 53.8169136047363 61.5287628173828 59.7613639831543 55.8532447814941 54.0753479003906 53.8711776733398 54.2842140197754 53.8204498291016 50.6353454589844 44.5084609985352 43.9949378967285 42.5466728210449 42.6442909240723
71.4130630493164 70.6429443359375 69.7546157836914 67.7338562011719 66.6208038330078 -3.4e+38 64.4105682373047 63.3416061401367 62.2770614624023 61.032299041748 59.9354095458984 58.9699020385742 57.9618644714355 56.7578582763672 54.6407356262207 53.8148422241211 54.3480834960938 56.0474967956543 55.0871696472168 53.8072357177734 52.4243583679199 55.9974021911621 60.6638870239258 53.410701751709 50.0743141174316 49.1385078430176 48.3040046691895 47.7763328552246 48.5764656066895 51.7722473144531 52.6955261230469 56.7961502075195 59.0110511779785 63.0729141235352 64.6575241088867 58.9137878417969 54.1748886108398 63.1128997802734 59.6767349243164 55.9533309936523 55.1401977539062 55.8258590698242 54.8169937133789 50.8879432678223 47.8635215759277 43.5947570800781 43.1253967285156 42.5525741577148 42.2492523193359
75.5550384521484 74.44091796875 73.3161544799805 70.8960113525391 69.7294464111328 -3.4e+38 67.2828598022461 66.0882873535156 64.8321304321289 63.4198341369629 62.2274169921875 61.2332572937012 60.1896896362305 59.1042823791504 56.7901077270508 55.6907196044922 55.0623550415039 57.5837898254395 61.3965034484863 57.9199409484863 54.7094650268555 55.5873603820801 57.8305168151855 54.1511993408203 51.5556945800781 50.9092864990234 50.2680473327637 50.6273078918457 49.7306098937988 49.9223213195801 51.6280250549316 54.4806175231934 56.7404899597168 61.5287551879883 67.5682830810547 64.6882705688477 50.2490615844727 67.4805679321289 58.9956665039062 60.5317459106445 64.6140060424805 60.5583381652832 52.8022727966309 47.7424201965332 49.1228790283203 56.247428894043 56.9193878173828 50.8569793701172 47.4081344604492
77.5018844604492 76.3713150024414 75.1920776367188 72.5040740966797 71.228515625 69.9306716918945 68.6572113037109 67.0346069335938 65.4159698486328 64.7489624023438 63.357738494873 62.4590225219727 61.4115219116211 60.3311462402344 57.9569435119629 56.7661895751953 56.0022468566895 57.9768409729004 61.506591796875 58.2645988464355 55.2710037231445 56.4440383911133 58.9345817565918 55.5131950378418 52.4006500244141 51.6889457702637 51.6096801757812 52.5573616027832 51.3227996826172 51.7418098449707 53.473388671875 53.2267265319824 57.0011405944824 62.1359214782715 67.8692932128906 69.2655181884766 59.0670318603516 69.0634384155273 61.095703125 63.1699676513672 63.6479454040527 56.9596519470215 49.6353988647461 49.1334800720215 53.4685440063477 58.8798179626465 59.4001731872559 54.4093322753906 49.1287689208984
78.8819580078125 78.1514663696289 76.7794952392578 74.0008239746094 72.6710968017578 71.3809127807617 70.0665588378906 67.933349609375 65.8896102905273 65.5999755859375 63.7469940185547 63.2224082946777 62.5908966064453 61.3757667541504 59.1569786071777 57.9974136352539 57.0436515808105 59.1879615783691 62.9588775634766 59.7528648376465 56.4790000915527 57.6994514465332 60.3011360168457 56.4235229492188 52.9979133605957 52.2873497009277 52.4174385070801 53.4241638183594 52.3732070922852 52.4162673950195 54.5224647521973 55.499137878418 57.6106643676758 61.2943572998047 67.445556640625 73.6662750244141 67.5073471069336 70.9328155517578 64.8322906494141 66.2796173095703 60.2113723754883 52.5477561950684 50.0702819824219 56.2278823852539 59.0516319274902 61.374828338623 60.7474327087402 56.2031593322754 51.9982147216797
80.4072952270508 79.6563720703125 78.2556610107422 75.4712829589844 74.0859909057617 72.7023544311523 71.3562316894531 69.1105499267578 66.8031997680664 67.2096710205078 66.1364898681641 63.9920539855957 63.6875457763672 62.38720703125 60.1393241882324 59.1786079406738 58.1576957702637 61.1106834411621 69.1007614135742 70.2066955566406 62.8620223999023 64.5420761108398 69.9415969848633 60.2936401367188 53.6406402587891 53.2165451049805 53.4388198852539 53.9413681030273 52.9591674804688 52.9084320068359 56.0852584838867 59.9783592224121 60.5150337219238 66.2413101196289 71.5299682617188 65.020378112793 58.7638282775879 73.5597763061523 69.0869598388672 69.268180847168 61.8798789978027 55.8945045471191 56.0441246032715 63.8366775512695 65.456916809082 63.4978828430176 62.1083641052246 59.8184509277344 58.3562316894531
81.5888137817383 80.661247253418 79.4970016479492 76.8009414672852 75.392204284668 73.9715728759766 72.6184387207031 70.8010864257812 69.1531829833984 71.1597747802734 71.1741561889648 65.129264831543 64.8592681884766 63.645580291748 61.0015869140625 60.3476448059082 59.6099739074707 62.0248985290527 74.5513763427734 85.9982833862305 78.1441040039062 75.9933242797852 82.6732025146484 66.1522903442383 54.5673904418945 54.0566024780273 54.3924102783203 54.6181259155273 53.8729629516602 54.5920600891113 58.9791107177734 63.6057968139648 63.4423675537109 70.7501373291016 72.0536117553711 53.5845680236816 51.6373634338379 74.6086578369141 68.2163925170898 68.7534484863281 62.653247833252 59.7734031677246 60.9072875976562 66.8839111328125 69.399055480957 65.751335144043 65.4422912597656 64.4503326416016 64.1071701049805
82.5367660522461 81.4963531494141 80.5682373046875 77.9285430908203 76.5161590576172 75.2074127197266 73.8489303588867 72.2251510620117 71.2062301635742 73.4304733276367 72.6898574829102 66.2090911865234 65.9830856323242 64.8522186279297 62.0398216247559 61.9660949707031 63.2334899902344 64.8414077758789 74.3955459594727 87.4221801757812 81.6279602050781 79.8628234863281 82.9363632202148 65.0682067871094 55.6111183166504 55.1007804870605 54.958309173584 55.7398681640625 56.2530632019043 56.5390892028809 60.8891906738281 70.0080490112305 73.9040451049805 78.3352661132812 73.2805557250977 55.3024101257324 53.4847602844238 65.6409606933594 65.4644088745117 72.6640243530273 65.5030364990234 61.5974197387695 64.0353927612305 68.8965225219727 70.9328918457031 67.8396606445312 69.2165908813477 66.9853897094727 66.0508117675781
83.0691833496094 82.1586227416992 81.3165740966797 79.2084197998047 77.7543106079102 76.3519973754883 74.9881744384766 73.3220901489258 72.179573059082 72.4870147705078 70.6367340087891 67.7686767578125 67.123291015625 65.9416046142578 63.2100105285645 62.8378982543945 65.2613143920898 69.7483367919922 75.3511657714844 80.6953506469727 75.6170654296875 73.2904586791992 72.2187576293945 59.6028594970703 56.3730392456055 55.9031867980957 56.0558242797852 57.9072189331055 59.2397003173828 59.2714080810547 63.0396575927734 76.0950622558594 86.5630416870117 82.355354309082 67.006721496582 55.582405090332 54.1684761047363 53.7412528991699 61.9529304504395 76.0587692260742 67.4981536865234 64.293212890625 67.1730194091797 68.1886825561523 59.1777839660645 55.5439872741699 61.4772605895996 67.8441925048828 66.8944549560547
83.9957809448242 82.9758224487305 82.1810531616211 80.3784255981445 78.9501724243164 77.5455169677734 76.1937255859375 74.6506423950195 72.9187622070312 71.4563751220703 70.3784484863281 69.0341339111328 68.1400604248047 67.0816955566406 64.2322235107422 63.8163948059082 65.7463912963867 70.8321151733398 75.2582931518555 74.7451095581055 69.2986755371094 64.6209335327148 63.4590759277344 57.689624786377 57.073802947998 56.6343879699707 57.4399604797363 60.4123268127441 61.3767280578613 61.6766624450684 65.5653991699219 76.8397064208984 86.6059188842773 74.3591156005859 63.1924934387207 53.9155158996582 54.7818222045898 52.9747123718262 58.8113250732422 77.0529174804688 74.5651397705078 71.4982681274414 69.1009979248047 69.3048324584961 55.5237884521484 43.935188293457 53.2814674377441 67.3099365234375 68.6287002563477
84.3578338623047 83.7632064819336 83.5915222167969 81.390754699707 80.0485229492188 78.6859359741211 77.3240356445312 75.904052734375 74.2047729492188 72.7979583740234 71.8583755493164 69.8831329345703 69.3208923339844 68.2088088989258 68.203010559082 68.8722686767578 69.8551177978516 72.8538436889648 72.8916168212891 71.8385848999023 67.5517883300781 61.7810020446777 60.4587020874023 58.5481605529785 57.9524230957031 57.5915107727051 57.8312110900879 61.772834777832 65.3420028686523 66.2091293334961 69.9947509765625 77.9130172729492 82.9921035766602 75.2838973999023 76.4427032470703 62.0809097290039 56.2175140380859 59.7020301818848 57.1623039245605 65.7463684082031 69.7909698486328 75.691276550293 73.3512649536133 72.5154876708984 63.7527313232422 52.7956352233887 62.7708282470703 69.318115234375 70.3502883911133
