rcp8.5models/CNRM-CM5/sc1gr8.30
NCOLS 261 
NROWS 433 
XLLCORNER 336357.134 
YLLCORNER 654653.479 
CELLSIZE 1000 
NODATA_value -3.4e+38 
[rows 66 to 87 of 433, columns 49 to 97 of 261]
-3.4e+38 -3.4e+38 -3.4e+38 -3.4e+38 -3.4e+38 -3.4e+38 -3.4e+38 -3.4e+38 -3.4e+38 -3.4e+38 -3.4e+38 -3.4e+38 -3.4e+38 -3.4e+38 -3.4e+38 -3.4e+38 -3.4e+38 -3.4e+38 28.837718963623 28.9512825012207 -3.4e+38 29.5140743255615 29.6014099121094 29.6530227661133 30.0344696044922 30.8405914306641 30.9385929107666 31.3245944976807 31.5439338684082 32.0776557922363 32.1486473083496 33.0139694213867 33.0977439880371 33.1572036743164 33.2168617248535 33.276725769043 33.8418159484863 34.8148727416992 34.883129119873 35.4583015441895 -3.4e+38 35.6669731140137 36.8695678710938 36.9359970092773 -3.4e+38 -3.4e+38 37.6759719848633 38.371997833252 38.6309547424316
-3.4e+38 -3.4e+38 -3.4e+38 -3.4e+38 -3.4e+38 -3.4e+38 -3.4e+38 -3.4e+38 -3.4e+38 -3.4e+38 -3.4e+38 -3.4e+38 -3.4e+38 -3.4e+38 -3.4e+38 -3.4e+38 -3.4e+38 -3.4e+38 28.7731761932373 28.8721122741699 28.9210014343262 -3.4e+38 29.5188064575195 29.5693168640137 30.5010509490967 30.7849979400635 30.8479442596436 31.0479049682617 31.4424953460693 32.169807434082 32.5820274353027 32.8038711547852 32.8643112182617 32.9205169677734 32.9768676757812 33.0333633422852 -3.4e+38 -3.4e+38 34.4846839904785 35.0565223693848 35.1196441650391 35.5384674072266 36.732292175293 36.7966003417969 36.8612365722656 36.9423751831055 37.5162391662598 37.8151969909668 38.3021583557129
-3.4e+38 -3.4e+38 -3.4e+38 -3.4e+38 -3.4e+38 -3.4e+38 -3.4e+38 -3.4e+38 -3.4e+38 -3.4e+38 -3.4e+38 -3.4e+38 -3.4e+38 -3.4e+38 -3.4e+38 -3.4e+38 -3.4e+38 -3.4e+38 28.2181587219238 28.6830348968506 28.7616062164307 29.2741012573242 29.3546276092529 29.4029655456543 30.5076961517334 30.6176452636719 30.6678524017334 31.1991291046143 31.2715435028076 31.9748287200928 32.5373306274414 32.6038055419922 32.6567916870117 32.7098503112793 32.7629852294922 33.3206520080566 33.3784942626953 33.4325256347656 34.1118469238281 34.5064811706543 34.7315483093262 34.8674583435059 36.1831741333008 36.2496070861816 36.5803642272949 36.6590843200684 37.2183570861816 37.307373046875 37.9805946350098
-3.4e+38 -3.4e+38 -3.4e+38 -3.4e+38 -3.4e+38 -3.4e+38 -3.4e+38 -3.4e+38 -3.4e+38 -3.4e+38 -3.4e+38 -3.4e+38 -3.4e+38 -3.4e+38 -3.4e+38 -3.4e+38 -3.4e+38 -3.4e+38 27.9621238708496 28.5936088562012 29.0106983184814 29.2168579101562 29.2731246948242 29.3203945159912 30.4234619140625 30.5294933319092 30.5784931182861 31.1093482971191 31.1793518066406 32.2135543823242 32.4470405578613 32.5024261474609 32.5539054870605 32.6054153442383 32.6569633483887 33.2137031555176 33.2688522338867 33.3224143981934 33.9965744018555 34.5570602416992 34.6105651855469 -3.4e+38 -3.4e+38 35.9660148620605 36.1646194458008 36.240837097168 36.8067588806152 37.1624641418457 37.8196296691895
-3.4e+38 -3.4e+38 -3.4e+38 -3.4e+38 -3.4e+38 -3.4e+38 -3.4e+38 -3.4e+38 -3.4e+38 -3.4e+38 -3.4e+38 -3.4e+38 -3.4e+38 -3.4e+38 -3.4e+38 -3.4e+38 -3.4e+38 -3.4e+38 28.047513961792 28.529634475708 29.0683078765869 29.1460075378418 29.1920566558838 29.5690364837646 30.3567886352539 30.441837310791 30.4896488189697 31.020092010498 31.0877056121826 31.5285015106201 32.3344802856445 32.4016914367676 32.4516754150391 32.5016593933105 32.551643371582 33.1074676513672 33.1600227355957 33.6223258972168 33.8814468383789 34.4387741088867 34.4904289245605 34.6110687255859 -3.4e+38 35.8293609619141 35.8825454711914 35.9557571411133 36.5114974975586 36.7405700683594 37.4027976989746
-3.4e+38 -3.4e+38 -3.4e+38 -3.4e+38 -3.4e+38 -3.4e+38 -3.4e+38 -3.4e+38 -3.4e+38 -3.4e+38 -3.4e+38 -3.4e+38 -3.4e+38 -3.4e+38 -3.4e+38 -3.4e+38 -3.4e+38 26.9081211090088 28.0424747467041 28.2233695983887 28.7392406463623 28.8143730163574 29.097806930542 29.6297454833984 30.2797527313232 30.3547210693359 30.7346000671387 30.9436931610107 30.9966487884521 31.8443050384521 32.2458419799805 32.3016471862793 -3.4e+38 32.3986473083496 32.4470863342285 33.002010345459 33.0531806945801 33.713020324707 33.7672080993652 34.3213958740234 34.371223449707 34.4990158081055 35.647029876709 35.6979942321777 35.7491607666016 35.8212471008301 36.3847923278809 36.8277244567871 37.0962829589844
-3.4e+38 -3.4e+38 -3.4e+38 -3.4e+38 -3.4e+38 -3.4e+38 -3.4e+38 -3.4e+38 -3.4e+38 -3.4e+38 -3.4e+38 -3.4e+38 -3.4e+38 -3.4e+38 -3.4e+38 -3.4e+38 -3.4e+38 27.1842994689941 27.9707622528076 28.0522079467773 28.5599327087402 28.631555557251 28.7754306793213 29.2986755371094 30.1847324371338 30.2681846618652 30.7952613830566 30.8599891662598 30.9062271118164 32.0969314575195 32.155216217041 32.2023582458496 -3.4e+38 32.2964324951172 32.3433532714844 32.8971939086914 32.9471664428711 33.6004791259766 33.653923034668 34.205005645752 34.2530326843262 34.3791007995605 35.5187950134277 35.5677833557129 35.6169509887695 35.6879234313965 36.2405281066895 36.5170707702637 36.9432373046875
-3.4e+38 -3.4e+38 -3.4e+38 -3.4e+38 -3.4e+38 -3.4e+38 -3.4e+38 -3.4e+38 -3.4e+38 -3.4e+38 -3.4e+38 -3.4e+38 -3.4e+38 -3.4e+38 -3.4e+38 -3.4e+38 26.7118968963623 27.2226886749268 27.8994827270508 28.3076591491699 28.5060577392578 28.5556259155273 28.5969696044922 29.5135498046875 29.876443862915 29.9326210021973 30.7003555297852 30.7714443206787 30.8164844512939 32.0022659301758 32.0581169128418 32.103874206543 32.149528503418 32.1950721740723 32.2405052185059 32.7924728393555 32.8420715332031 33.488941192627 33.541675567627 -3.4e+38 34.1359367370605 34.2603225708008 35.391788482666 35.4388198852539 35.4860191345215 35.5558929443359 36.1139984130859 36.5462455749512 36.7995185852051
-3.4e+38 -3.4e+38 -3.4e+38 -3.4e+38 -3.4e+38 -3.4e+38 -3.4e+38 -3.4e+38 -3.4e+38 -3.4e+38 -3.4e+38 -3.4e+38 -3.4e+38 -3.4e+38 -3.4e+38 -3.4e+38 26.6647186279297 27.1570930480957 27.8548927307129 28.370756149292 28.4398536682129 28.4802207946777 28.5206356048584 29.2096729278564 29.6814575195312 29.739501953125 30.3717918395996 30.4350471496582 30.4783916473389 31.6509189605713 31.7110195159912 31.7547760009766 32.0488395690918 32.0946350097656 32.4788436889648 32.6887283325195 32.7379684448242 33.3784866333008 33.4305381774902 33.9754981994629 34.02001953125 34.1427688598633 35.2660980224609 35.311206817627 35.3564605712891 35.4101104736328 35.674388885498 36.6097946166992 36.6573066711426
-3.4e+38 -3.4e+38 -3.4e+38 -3.4e+38 -3.4e+38 -3.4e+38 -3.4e+38 -3.4e+38 -3.4e+38 -3.4e+38 -3.4e+38 -3.4e+38 -3.4e+38 -3.4e+38 -3.4e+38 -3.4e+38 26.5978164672852 27.0905647277832 27.7936897277832 28.2988681793213 28.365894317627 28.4053726196289 28.4448757171631 28.9608783721924 29.5948352813721 29.6576442718506 29.8473701477051 30.2288703918457 30.2788524627686 30.7039756774902 31.4912204742432 -3.4e+38 31.7019157409668 31.7445068359375 32.2923355102539 -3.4e+38 32.6349258422852 33.2738647460938 33.6520729064941 33.8625411987305 33.9053573608398 34.0265274047852 35.1418228149414 35.1850395202637 35.2283782958984 35.2876586914062 35.6880187988281 36.4712219238281 36.5167274475098
-3.4e+38 -3.4e+38 -3.4e+38 -3.4e+38 -3.4e+38 -3.4e+38 -3.4e+38 -3.4e+38 -3.4e+38 -3.4e+38 -3.4e+38 -3.4e+38 -3.4e+38 -3.4e+38 -3.4e+38 26.4757194519043 26.8546695709229 27.0470790863037 27.722282409668 28.2275238037109 28.2924957275391 28.3311100006104 28.702112197876 28.8991317749023 29.5161457061768 29.576488494873 29.6157875061035 30.142276763916 30.1941833496094 30.2731399536133 31.3978118896484 31.4483089447021 31.4878082275391 31.5276355743408 32.0715751647949 32.2344932556152 32.2823181152344 32.9163055419922 33.3791542053223 33.7508773803711 33.7920303344727 34.2873229980469 35.0190505981445 35.0604133605957 35.1018753051758 35.1686210632324 35.7297096252441 36.3343772888184 36.3778991699219
-3.4e+38 -3.4e+38 -3.4e+38 -3.4e+38 -3.4e+38 -3.4e+38 -3.4e+38 -3.4e+38 -3.4e+38 -3.4e+38 -3.4e+38 -3.4e+38 -3.4e+38 -3.4e+38 -3.4e+38 -3.4e+38 26.9206733703613 27.3828392028809 27.9817066192627 28.17453956604 28.2196922302246 28.589599609375 28.784839630127 29.2249698638916 29.451681137085 29.4960651397705 29.869649887085 30.0682125091553 30.1103324890137 30.187084197998 31.3095302581787 31.3564472198486 31.3946895599365 31.4331741333008 31.6384601593018 32.0129241943359 32.0589866638184 32.6810111999512 32.8544540405273 33.3960037231445 33.6801147460938 33.9946899414062 34.8978805541992 34.9374313354492 34.9770545959473 35.0428199768066 35.6015739440918 36.1993865966797 36.2409400939941
-3.4e+38 -3.4e+38 -3.4e+38 -3.4e+38 -3.4e+38 -3.4e+38 -3.4e+38 -3.4e+38 -3.4e+38 -3.4e+38 -3.4e+38 -3.4e+38 -3.4e+38 -3.4e+38 26.3115501403809 26.6889667510986 26.8784046173096 27.4739856719971 28.0478858947754 28.1105461120605 28.1475086212158 28.6585273742676 29.1109828948975 29.3352165222168 29.3789443969727 29.7514095306396 29.9482173919678 29.9896926879883 30.0273342132568 30.8431148529053 31.2263317108154 31.2656097412109 31.3026332855225 31.3393383026123 31.380199432373 31.921573638916 32.3473358154297 32.5763626098633 32.6237678527832 33.1581039428711 33.3201484680176 34.0555686950684 34.7784042358398 34.8161811828613 34.8540153503418 34.901439666748 35.1228904724121 35.3791770935059 35.7547035217285
-3.4e+38 -3.4e+38 -3.4e+38 -3.4e+38 -3.4e+38 -3.4e+38 -3.4e+38 -3.4e+38 -3.4e+38 -3.4e+38 -3.4e+38 -3.4e+38 -3.4e+38 26.2144088745117 26.2623500823975 26.7557258605957 27.2136306762695 27.4310245513916 27.9964447021484 28.0397911071777 28.0759696960449 28.5870342254639 29.2067012786865 29.2643241882324 29.3010215759277 29.8222923278809 29.8717212677002 29.9085865020752 30.6769161224365 31.1031589508057 31.1396636962891 31.1758460998535 31.2116889953613 31.2496643066406 31.6220016479492 31.8244667053223 32.0591773986816 32.4753494262695 32.5223045349121 33.0503692626953 33.0844459533691 33.5076293945312 34.092170715332 34.4457168579102 34.493595123291 34.7690734863281 34.8055572509766 34.8968467712402 35.7786407470703
-3.4e+38 -3.4e+38 -3.4e+38 -3.4e+38 -3.4e+38 -3.4e+38 -3.4e+38 -3.4e+38 -3.4e+38 -3.4e+38 -3.4e+38 -3.4e+38 -3.4e+38 25.7873706817627 26.2735404968262 26.8127059936523 27.031286239624 27.6247425079346 27.8655128479004 27.9002494812012 27.9349327087402 28.4461536407471 29.0595836639404 29.1126461029053 29.4830322265625 29.6756992340088 29.7140827178955 29.7490940093994 30.8509864807129 30.9313430786133 30.9657173156738 30.9997138977051 31.0372791290283 31.5690574645996 31.6025009155273 31.6426525115967 32.056339263916 32.2776908874512 32.3239059448242 32.8465538024902 32.8778114318848 32.9642562866211 33.5686416625977 34.0838356018066 34.1140213012695 34.1442184448242 34.1745529174805 34.3009071350098 35.7143249511719
-3.4e+38 -3.4e+38 -3.4e+38 -3.4e+38 -3.4e+38 -3.4e+38 -3.4e+38 -3.4e+38 -3.4e+38 -3.4e+38 -3.4e+38 -3.4e+38 -3.4e+38 -3.4e+38 26.2173824310303 26.8192882537842 26.8839092254639 27.4706077575684 27.7877101898193 27.8315105438232 28.1989364624023 28.7778549194336 28.9986896514893 29.0380458831787 29.5568923950195 29.6022357940674 29.6366405487061 30.3988952636719 30.7766380310059 30.8470935821533 30.8804626464844 30.9156112670898 31.2852916717529 31.4854869842529 31.8969783782959 31.9314479827881 32.150520324707 32.1811676025391 32.2270851135254 32.7471122741699 32.7770500183105 33.2182121276855 33.4449768066406 33.6598892211914 34.0022392272949 34.0308723449707 34.0596160888672 34.1697273254395 35.3388748168945
-3.4e+38 -3.4e+38 -3.4e+38 -3.4e+38 -3.4e+38 -3.4e+38 -3.4e+38 -3.4e+38 -3.4e+38 -3.4e+38 -3.4e+38 -3.4e+38 -3.4e+38 -3.4e+38 26.5716609954834 26.7807312011719 27.1521129608154 27.3352508544922 27.4979381561279 27.8682250976562 28.055383682251 28.8730907440186 28.9307250976562 29.299825668335 29.4897880554199 29.526575088501 29.9495449066162 30.6583957672119 30.6979885101318 30.7639980316162 30.7964057922363 30.8326644897461 31.3611125946045 31.401741027832 31.996337890625 32.0268135070801 32.0655059814453 32.4107398986816 32.1319313049316 32.6493988037109 32.6780776977539 33.3029823303223 -3.4e+38 -3.4e+38 33.892650604248 33.919792175293 33.9470176696777 34.0007171630859 34.4150123596191
-3.4e+38 -3.4e+38 -3.4e+38 -3.4e+38 -3.4e+38 -3.4e+38 -3.4e+38 -3.4e+38 -3.4e+38 -3.4e+38 -3.4e+38 -3.4e+38 -3.4e+38 26.5012664794922 26.6880779266357 26.7278709411621 27.2236881256104 27.2787380218506 27.3417949676514 28.2354049682617 28.2966289520264 28.5909423828125 29.1884880065918 29.3823699951172 29.4187927246094 29.451868057251 30.387731552124 30.5841083526611 30.6178569793701 30.6820945739746 30.7160053253174 31.0837249755859 31.2814311981201 31.691442489624 31.9063587188721 31.9439868927002 32.3038635253906 32.4916877746582 32.3601989746094 32.5534744262695 32.5809555053711 33.2163314819336 -3.4e+38 33.7595367431641 33.7853507995605 33.8110733032227 33.8368453979492 33.8628234863281 33.9303207397461
-3.4e+38 -3.4e+38 -3.4e+38 -3.4e+38 -3.4e+38 -3.4e+38 -3.4e+38 -3.4e+38 -3.4e+38 -3.4e+38 -3.4e+38 -3.4e+38 -3.4e+38 26.5734214782715 26.6364250183105 26.9982070922852 27.1787986755371 27.216236114502 27.6116333007812 28.3461952209473 28.400354385376 28.431510925293 29.0418605804443 29.3090934753418 29.3458003997803 29.7652931213379 30.4693775177002 30.5069789886475 30.5388660430908 30.603385925293 30.9710369110107 31.1620044708252 31.2014961242676 31.788969039917 31.8179130554199 31.8596439361572 32.3772163391113 32.4051475524902 32.4325294494629 32.4593887329102 32.5019035339355 33.1251258850098 33.6311798095703 33.6559104919434 33.6804122924805 33.7047996520996 33.7536277770996 34.1115760803223 34.1747703552246
-3.4e+38 -3.4e+38 -3.4e+38 -3.4e+38 -3.4e+38 -3.4e+38 -3.4e+38 -3.4e+38 -3.4e+38 -3.4e+38 -3.4e+38 -3.4e+38 26.3542728424072 26.5381774902344 26.9078330993652 27.0868816375732 27.1238956451416 27.1544094085693 27.6888828277588 28.2860946655273 28.333568572998 28.3641014099121 28.8775196075439 29.0160636901855 29.2709789276123 29.8666858673096 30.3956069946289 30.429931640625 30.4610424041748 30.5259571075439 31.0505867004395 31.0805644989014 31.1203155517578 31.7030277252197 31.7310409545898 31.7728137969971 32.2880668640137 32.3150024414062 32.355712890625 32.735710144043 32.768383026123 33.3404159545898 -3.4e+38 33.5956840515137 34.2663841247559 34.2657470703125 34.0177917480469 34.5054740905762 34.2643394470215
-3.4e+38 -3.4e+38 -3.4e+38 -3.4e+38 -3.4e+38 -3.4e+38 -3.4e+38 -3.4e+38 -3.4e+38 -3.4e+38 -3.4e+38 -3.4e+38 -3.4e+38 26.4878673553467 26.9801712036133 27.033224105835 27.0632781982422 27.0932731628418 28.0232925415039 28.2328872680664 28.2676162719727 28.6333751678467 28.8169860839844 28.849666595459 28.9789600372314 29.1857280731201 30.096830368042 30.130350112915 30.1603717803955 30.4488792419434 30.9713230133057 31.0068836212158 31.4094543457031 31.6186389923096 31.6457805633545 31.6876525878906 32.2006492614746 32.2266578674316 32.2883529663086 33.1665878295898 33.1897201538086 33.4105834960938 33.4333763122559 33.5208168029785 34.5396308898926 34.5490837097168 34.4144706726074 34.5911750793457 34.4576683044434
-3.4e+38 -3.4e+38 -3.4e+38 -3.4e+38 -3.4e+38 -3.4e+38 -3.4e+38 -3.4e+38 -3.4e+38 -3.4e+38 -3.4e+38 -3.4e+38 26.3999862670898 26.7613964080811 26.9380054473877 26.9737796783447 27.0033473968506 27.3665046691895 28.1384372711182 28.1729145050049 28.2025127410889 28.7142715454102 28.7529544830322 28.7825012207031 28.8117351531982 29.2246971130371 29.9244270324707 29.9538593292236 29.9819965362549 30.1527729034424 30.8934230804443 30.9324703216553 31.5089168548584 31.5358371734619 31.571891784668 31.9266185760498 32.1150054931641 32.1401596069336 32.1957244873047 32.9321022033691 33.2712135314941 33.3162498474121 33.3790092468262 34.0681762695312 34.438835144043 34.4594879150391 34.4800567626953 34.5006942749023 34.5215911865234
