rcp8.5models/CNRM-CM5/sc1gr2.6
NCOLS 261 
NROWS 433 
XLLCORNER 336357.134 
YLLCORNER 654653.479 
CELLSIZE 1000 
NODATA_value -9999 
[rows 132 to 153 of 433, columns 100 to 149 of 261]
339.664810549045 339.27982451336 339.351084454669 339.887115201618 339.991955723962 338.949865632372 338.2719044218 339.046009268186 338.927000572305 338.51844614522 338.229874859386 337.857959835439 337.638161845902 337.044010497206 336.687150269569 336.504512823856 335.998928719925 335.305889774028 334.677454316348 334.900201019352 335.363143594239 335.705208558117 335.167437543774 335.081443441961 336.103695491911 335.56796002302 336.035430110399 336.490123199366 336.599873246907 336.929824695939 336.836963834549 336.772726288971 337.249422242898 336.499201976741 336.720406561278 336.106306752614 336.394379468815 336.072632035574 335.451246829522 335.727528474033 336.777037321673 337.735547825595 338.056798994382 337.907543152202 337.66282397858 337.799561318683 337.382092404465 338.228490197178 338.709091885406 339.118295159315
339.384865239492 338.812231357361 339.458854479744 340.138697780766 339.529573484237 339.096669969098 338.804689406552 338.857527647235 337.945871119196 338.313496936928 337.943075263061 337.893268050968 337.11320438542 336.748668439858 336.707314606121 336.525269363312 335.987194046856 335.368310877806 334.89436475362 335.094630095607 334.936327482889 335.179217056425 334.999336736583 335.55790633772 335.900869616392 335.911401940568 336.156858563188 336.932033942045 336.94215957598 336.952139897218 336.961990716163 337.076063345919 337.050525678344 336.135393157007 336.574816100173 336.443594209715 335.467983799425 334.042290829995 334.624867653273 335.473776593673 336.864095200072 337.500178060727 337.508874305447 337.240424956985 336.80514902079 337.252407103472 337.808237488199 338.288223551211 338.824470056966 339.139133860846
338.809021225822 338.930995350752 338.887798009099 339.49663130674 338.637940291605 338.598805177591 338.558002481504 338.480206219675 338.240290239993 337.911308692421 337.49519120234 337.928160549972 337.419354232114 337.250296757333 336.760980055034 336.652487785407 336.132280613899 335.523421982719 335.431032672155 335.302213152206 334.868908828692 334.880092893639 334.984198952808 335.185064773809 335.92336160917 335.797922934638 335.736412461635 336.954345581007 336.964396375824 336.974315365559 336.842542094267 336.55981882001 336.897334504315 336.404938227201 336.019186646448 335.93176276213 335.414564569658 333.742334696168 334.635988987484 336.29328286658 336.667294079501 336.935951722536 336.530465430714 336.576956683205 336.645263455778 336.433463613392 337.733890385955 338.270843445415 338.586746331867 338.594198759177
338.5685401965 339.327823859329 338.931190363209 338.752605775274 338.779921499465 338.242239259075 338.19971538031 338.116350261382 337.944400424556 337.868582067657 337.091741876009 337.36419978656 337.735794385265 337.129189912597 336.778272209189 336.730888295723 336.540326757291 336.104560848999 335.777207798225 335.330642003443 334.891561978645 334.771879536655 334.196696614059 334.060650733031 335.945691207088 335.857883046661 335.883002702464 336.837919892179 336.547481490368 336.996338249097 336.902043266306 336.554067751273 336.593754452598 336.528820056505 335.152272400385 334.897277662341 335.396682600994 333.658646290635 334.735086893279 336.256990626312 335.496847626664 335.442816837128 335.551917863 335.838295040851 336.447446405158 336.304250229634 337.283422688591 337.764019342531 338.33842130277 338.745785447787
338.674334208169 338.713680575079 338.326023349643 339.039161629607 339.247553625176 338.884472044283 338.612498942001 337.512298315421 337.221722759927 337.418650952871 337.047714884591 336.996667822955 337.211739301146 336.711578170392 336.307410385444 336.593633985383 336.100570785931 336.07140674665 335.570350555716 335.155324536589 335.147445255568 334.70089869527 333.709566228704 333.632909149083 335.832187281853 335.670865382927 336.392534368346 335.878095096223 336.250650858564 337.018208547777 337.027875311934 336.931807215889 336.72875183783 336.403336750972 334.344646531719 334.580083716236 333.738882509902 332.82807908124 335.47943814188 335.694349579637 334.43913454646 334.40753490368 335.298564409651 335.837630619037 336.316448978906 336.854259911799 337.342372676887 337.878406716322 338.320889622672 338.802218810225
339.113741267142 338.510523554942 338.574251716528 338.401828275294 339.243413037582 338.595204009284 337.912506249989 337.226238418067 337.179702997733 337.249373191408 337.561733642719 337.030247390583 336.449497812431 336.782334796877 336.362896646533 336.07165274732 335.618437907008 335.368447792643 335.563889417665 335.496777031003 335.336938302794 334.590322747909 333.279321707101 333.523965173792 335.75576759245 335.335685904393 336.230040932895 335.840049152827 336.429783861611 336.168689382275 337.049531679593 337.058992022919 336.923443817395 335.88657573065 333.830102072121 334.582388644041 333.037858260464 333.706820245334 336.130037590941 335.905973977797 335.129754787206 334.841496959972 335.281979600229 335.919332163834 336.86671321618 337.18544682271 337.890947401955 338.043240669159 337.814548564079 338.515942406407
338.613035319726 338.902095273577 338.500192720049 337.4669922425 337.614555998563 338.194021519377 337.456554377161 337.897047890821 337.927050147181 338.079501786481 -9999 337.095988821206 336.986771569241 336.929855032433 336.871472653271 336.633712717581 335.846758694527 335.625662620111 335.907636354695 335.568533906529 334.797200138226 333.898055958893 333.332663396128 334.620372423246 335.204234991552 335.905495361775 335.613763352735 335.961238280636 335.509356471235 335.434404865109 336.267502983539 335.633584509565 336.108078246206 336.328419490699 335.443884634213 335.2894100447 335.67471280432 336.696262837232 336.486500714471 336.17999738384 336.070105247857 335.882928651261 336.361334416961 336.899568856874 337.218986185647 337.510715931876 338.240833745226 338.538810135719 339.254790200656 339.261573222387
338.648931073919 339.260033543627 339.283219599081 338.222769879796 338.517725563765 337.738121670393 337.451171068762 337.844528551794 338.280874571455 338.151385539463 337.657626277636 337.128116682415 337.018122661144 336.960819288279 336.902028023712 336.641143284667 335.983051669202 336.321630098385 335.894500231012 335.467444210221 334.440152207152 332.859342155411 334.291532270877 335.390731534337 334.295820598701 334.943925786743 335.176697018329 335.647677823802 335.849021573364 335.209153023735 -9999 334.978011624243 334.9583301365 335.994089875363 335.466936461485 336.017186339879 335.870542708939 336.499422563596 336.192514135542 336.355126519652 336.621161494809 336.21648939411 336.344665366598 336.824124902644 337.079343203189 336.96576437999 337.85945239761 338.394843371705 338.710734262435 338.884471200898
338.684185573177 339.003373988874 338.893843280694 338.610019641673 338.622995045599 337.451969023003 337.525167256662 338.041477469073 338.313544404415 338.143290139114 337.411462278424 336.686097250503 337.048965648888 336.99127597693 336.932095842413 336.782865525414 336.488594900558 336.553472308103 335.698748685869 334.755250592821 332.862498649061 332.858455362761 334.803486646436 336.055825595722 334.214328301716 334.627643651637 334.517909474861 334.913883310021 336.011438883074 335.414862041001 334.415329301414 334.032781103717 334.662992941647 335.904777390623 335.17078655213 335.654601838735 335.880918675009 336.204852276529 336.366715260441 336.90697601201 337.110442409619 336.804112040561 336.811278939277 336.940175242225 337.136602242311 336.956099733989 337.971592746978 338.287918445065 338.294706104659 338.430596194479
339.21980135171 338.647172479091 338.60902528474 338.569285528949 338.335630075983 337.484921964935 337.636710525569 338.393809937258 338.345649875947 338.214323100681 337.63644296018 336.87041222109 337.204645816858 337.487200988421 336.96165956222 336.790731110434 336.3434937019 336.19518465325 335.389377337283 334.030227572238 333.545925950545 334.356418067328 334.967201174676 335.631805439153 334.639256399256 334.427157828447 334.117401630445 334.475873766736 335.417816195028 334.92687371002 334.623319062718 334.420723342111 334.965268356869 335.499884075571 335.191438177326 335.741848854147 335.647187697632 335.808937097684 336.350198817888 336.828372068931 337.249312435289 -9999 337.26469783585 337.272187364798 337.27955279833 337.286783720076 338.300879246132 338.307734929058 338.314455802869 338.321067116542
339.569334275448 338.680501861092 338.642090255457 338.602105458221 338.366804389696 337.517234689117 337.670133203539 338.425610835472 338.377159340696 338.326944116694 338.068801848009 337.221282572169 337.321459219527 337.836083923842 336.990689948986 336.741149637224 336.124988416149 336.235871143839 335.01177447056 334.121858670318 334.922896949087 335.077338834197 335.087858562855 335.196794011955 334.878884041595 334.268382466958 334.575166248293 334.252049659326 334.619189899092 334.848421848183 335.17619478971 -9999 335.194318922844 335.203194548746 335.062934550177 335.544984108092 335.237363914688 335.514746098133 336.253669570334 336.379806543868 336.858538463915 337.277154395728 337.284717214556 337.292152094554 337.299465751662 337.468190892286 338.320625573583 338.32741995844 338.334079559185 338.340629580493
339.102419029848 338.82815193914 339.165770768329 338.63424738001 338.515227597228 338.033084972041 337.702908476399 338.456776768951 -9999 338.357530622357 338.097784113586 337.375888495046 337.818046112488 337.863734861971 336.897754505398 336.33268440025 336.115832765251 336.215184984285 335.55861747656 335.341753387835 335.671780304467 335.681383620463 335.690860052902 335.562847122887 334.898800449715 334.251606501026 334.478195684653 334.1686623413 334.427052077292 335.33180216167 335.625568566992 335.20581438184 335.214758623436 335.223589283952 335.12017379338 335.249258278609 335.409919270947 335.950682021039 336.273754581613 336.281665649221 336.409004961456 336.730766922366 336.897351045723 337.311973798928 337.319231065693 337.612872339188 338.340232666836 338.3469708004 338.353576220179 338.36005794953
339.315708178627 339.428003365871 339.513740622244 338.665672396112 338.623589904874 338.500997410479 338.215769078682 338.487285838024 338.438313539157 338.264023883 337.778818044614 337.960761051457 338.039505929882 337.427702417838 336.962377499382 336.489763312533 336.064863027376 336.076041283104 336.087065666903 336.09793457206 335.973697509356 335.536539647813 335.547933262181 335.45965915507 334.918538387803 334.169884302324 334.179600071203 334.33189473091 334.880055960533 335.31504058768 335.38944890429 334.653117160738 334.810404599699 335.095190551048 334.83123457326 335.269339346803 335.545899892354 336.285706256407 336.448344647674 336.712937889699 336.465965145201 336.882842792416 337.011785259181 337.491432032012 337.903380460156 338.035094454857 -9999 338.36636799331 338.206842326365 337.650034233303
339.776977660153 339.776278620764 339.543247830987 338.696363687182 338.654049710472 338.610100864418 338.564491113147 338.517108853349 338.467899848513 338.333012204944 338.04451996763 -9999 338.106647613371 337.726288861951 337.534445840515 336.816761813761 336.085745995772 336.096879616039 336.061349462613 335.962028585039 335.89711389828 335.139869694822 335.150233503751 335.160474751749 335.078346608639 334.626748465302 334.199988867959 334.314908886704 334.787937006204 335.083117232562 334.555215108811 334.246296499918 334.365904021774 334.580838466151 334.235399294194 335.441177313671 335.982040957375 336.305533128333 336.586507354085 337.046168504065 336.606083943893 337.336481879404 337.343903839865 337.474505419894 337.794129496996 337.963620028304 338.379006430488 338.385630958791 338.096538938958 337.268099669534
339.881053124438 339.689264210184 339.084184094813 338.726301664643 338.683748972686 338.639584697101 338.593763202907 338.546195860964 338.496763634414 338.445382732064 338.392079519284 338.33699984887 337.630194557709 337.442148816126 336.836216653191 336.401103125486 336.213795448287 336.485203212288 335.961205674211 335.44382910158 335.469570948496 335.160328325213 335.170654194267 335.180841419361 335.200801988291 334.965225439185 334.220185684818 334.229677605686 334.490425804077 334.994838771298 334.257325518757 334.266277643685 334.423411912883 334.705389352754 334.179058956498 335.993230003283 336.317171298022 336.325191259173 336.606714343398 337.065179700208 336.46901292678 336.948744562741 337.363332929223 337.370559047354 337.377657313555 337.510288586019 338.398191440946 338.404765738588 338.115264186307 337.417542428489
339.91130791514 339.641651824363 338.796704243626 338.755476630224 338.7126816249 338.668286045336 338.622241876937 338.574472689293 338.524844937873 338.473185496329 338.293096597556 337.770276601805 337.248633143299 337.098329005606 336.588780871024 336.218760388345 336.475331453324 335.945330900821 335.918528785001 335.159575332977 335.170159127006 335.100965083671 334.934576268462 335.061755660539 334.784172595511 334.984401077574 334.240201820804 334.249656318269 334.366309378929 334.586137020721 334.277184870907 334.286089910031 334.555067389969 335.190892494651 334.88187306243 336.328613620761 336.336720276115 336.34468725335 336.626763470219 337.240404043087 336.933398120794 337.062209895035 337.38260573853 337.389779251829 337.396838091525 337.566089948412 338.019271988096 338.423746421032 338.300232865194 337.830228126487
339.940790496279 339.78820756247 339.430837135887 339.267062705717 338.740808362454 338.69615598836 338.649876899687 338.601866856959 338.426667151279 337.904048277791 337.891923628891 337.98412025845 337.735864498982 337.083593789225 336.603560460719 336.637821614956 336.158403457401 335.253272777127 335.488451255082 335.179725431376 335.053249212358 334.561773711038 334.445582397846 334.540176908079 334.344392727467 334.569239387284 334.260045773833 334.269455411776 334.278726548896 334.287861437174 334.443986087372 334.877453485245 334.99739357854 335.323047008862 335.331510223342 336.348041314944 336.356104060169 336.518711216504 337.057370586282 337.379506024966 337.387049569553 337.394447828719 337.401718518354 337.408859245337 337.415871255324 337.548964223156 337.728780074404 338.277099773371 337.887691264321 337.763121292276
339.851352721464 339.406819975601 339.853222645456 339.609935532889 338.768108590451 338.723183561249 338.676637667937 338.628347616205 338.367083432734 337.526079420253 337.559185250415 337.822946979044 338.078946864348 337.01657851108 336.272961825785 336.576926853297 336.31379326816 335.178192806196 335.189003599546 335.199664697502 335.111403182801 334.663126420701 334.230767554015 334.240835770768 334.118522864956 333.836815841703 334.279705509823 334.28906801735 334.29829873865 334.307399581848 334.426638856496 334.902189469078 335.333875948531 335.492696470229 335.920103749169 336.367293679382 336.3753256951 336.501707921201 336.980809831281 337.39860024594 337.406100616543 337.413460715503 337.420680483481 337.427783926107 337.434750783354 337.441579402871 337.583306049889 337.604949703243 337.073252784535 337.473764176375
339.02458607505 338.947402742103 338.906577485865 338.864226681519 338.82030026221 338.774797675037 338.727642644795 338.678754438365 338.628066170117 338.447221541235 337.839039168148 337.465047504842 336.889641865136 337.062253301578 336.226952758742 336.045573267306 335.495435010476 335.217585470306 335.184060262202 335.095038713072 335.149611015134 334.840043688757 334.849220540316 334.71709355861 334.299435212894 334.203021211738 333.855598985432 333.645758228795 333.445991322838 333.920949103054 334.354828016084 334.624841821175 335.222196792862 334.962283762618 335.504209799607 335.991678677588 336.531460322978 337.010529570359 337.152196456434 336.714801272458 337.443718613847 337.451012425052 337.458154697237 337.46517847652 337.472053359505 337.478798871209 337.181940769839 337.49824316059 337.504451274808 337.079067876323
339.050977098282 338.367730620914 338.45118654275 -9999 338.845219608405 338.799413766968 338.751963823642 338.702783554275 338.65184785601 338.382220737758 337.544605575262 337.488376836583 336.463216943765 336.628659299731 336.382101134238 336.549441029424 335.614051481791 335.163527952792 335.171859598678 335.012826678582 335.268701449733 335.278969410404 335.28910477918 335.195696850308 334.318597554497 334.183918064151 333.655604149438 333.492767206515 333.928739242562 334.047451559944 334.522369402932 335.065507292583 335.277535967967 335.083080886312 335.55997448653 336.108586248531 336.431992401734 336.559314018724 336.918393952391 337.140974202954 337.462293995847 337.469545823473 337.476655286699 337.322402884451 337.090626512457 337.497176735706 337.510191757365 337.5164983113 337.522663706947 337.0608870039
338.468563360382 337.998258179302 338.162137099261 338.913889511788 338.86937961619 338.69689496121 338.304529779785 338.7260996343 338.674921380213 338.403840117437 337.567357130825 337.511012957012 336.393624245199 336.332688430006 336.36501343092 336.524994141755 336.044956968673 335.57854352689 335.235185901869 335.17526146321 335.287804476605 335.078912150583 334.484260535948 334.740344994894 334.193766990664 333.66514907095 333.501954153694 334.047911775091 334.374787653759 334.38375770875 334.653463802817 335.401263425773 335.409799425006 335.569777812661 336.110415712094 336.442669233212 336.450539974147 336.45828678717 336.586771039686 336.909145621041 337.075700865006 337.168756969242 336.690692069187 337.21479653182 336.635397098223 336.95415400365 -9999 337.534603415609 337.540735614183 336.946179806676
338.101464548336 338.022538027398 338.062820242118 338.335648939159 338.292231495938 338.162171822838 338.012374636192 338.748706006334 338.567783009266 337.961152130899 337.589441539764 337.401038730076 336.415428523723 336.354415324601 336.291998067316 336.228247485422 336.026342377374 335.438593685701 335.136956375887 335.101655788927 335.132530703537 335.157249713901 334.494350845825 334.058166756283 334.249974522304 333.940513437207 334.057362754963 334.384367423523 334.393444661948 334.402383975033 334.672837374533 335.419832870302 335.428346378886 335.703949442848 336.444976066147 336.306605119741 335.90323561643 335.13044804421 334.040023427428 336.333644199636 336.2176258292 336.535295960423 335.92396226884 336.8322049951 336.526824980714 336.370052658152 336.565527370582 336.576065294433 -9999 336.181409996095
