rcp8.5models/CNRM-CM5/sc1gr7.37
NCOLS 261 
NROWS 433 
XLLCORNER 336357.134 
YLLCORNER 654653.479 
CELLSIZE 1000 
NODATA_value -3.4e+38 
[rows 286 to 307 of 433, columns 98 to 146 of 261]
64.8861389160156 64.4055862426758 63.826976776123 63.5883255004883 63.295051574707 62.8863143920898 62.265308380127 61.8464813232422 61.7935943603516 61.0422859191895 60.0724945068359 59.5302925109863 59.0258369445801 58.5466918945312 58.1916389465332 57.8193397521973 57.4858932495117 57.1513557434082 56.8158645629883 56.4414520263672 55.9729652404785 55.827693939209 56.1618156433105 56.3816680908203 56.7865600585938 56.9538993835449 55.7384262084961 55.4305381774902 55.103931427002 55.0927276611328 54.8426246643066 54.5424499511719 54.986701965332 55.1303291320801 55.2321624755859 55.1440734863281 54.9574851989746 -3.4e+38 -3.4e+38 55.9925308227539 56.3637313842773 -3.4e+38 -3.4e+38 57.9305572509766 56.9822807312012 56.3728446960449 57.3760528564453 57.3825912475586 57.2470741271973
63.5346870422363 63.3204689025879 63.1729164123535 63.3145332336426 63.1607551574707 62.7734107971191 62.4852256774902 62.1432685852051 61.5289306640625 61.1277236938477 60.7362632751465 60.0208778381348 59.4992294311523 59.0761642456055 58.6364784240723 58.2525482177734 58.0031394958496 57.6614952087402 57.3817939758301 57.024040222168 56.5372848510742 56.3432426452637 56.6371459960938 56.9611053466797 57.5062522888184 57.5957183837891 56.4006538391113 56.3348731994629 56.3034477233887 55.9137115478516 55.4700202941895 55.3190002441406 55.4568290710449 55.270336151123 55.1405372619629 55.2714576721191 55.380687713623 55.8361320495605 56.1831588745117 -3.4e+38 56.6022567749023 57.1170921325684 57.89990234375 58.1810760498047 56.983715057373 56.3495941162109 56.7842788696289 57.2003593444824 57.712459564209
63.5176620483398 63.2158317565918 63.0015602111816 63.2269554138184 63.1500587463379 62.7682266235352 62.450122833252 62.0619964599609 61.4380950927734 61.0842018127441 60.9528961181641 60.3211326599121 59.7102470397949 59.4672050476074 59.1936340332031 58.672721862793 58.2509117126465 58.1893730163574 57.8668212890625 57.5256538391113 57.1247940063477 56.7388687133789 56.6833152770996 56.9501113891602 57.619068145752 58.1194648742676 57.3498039245605 57.1615409851074 57.1423873901367 56.6783065795898 56.1043968200684 55.9250564575195 55.7794532775879 55.591739654541 55.4641189575195 55.7631759643555 55.9138565063477 56.5680465698242 56.8667755126953 57.2890243530273 57.1074829101562 57.0979385375977 57.708869934082 58.2622528076172 58.4002532958984 57.3710670471191 58.9148483276367 58.0258827209473 57.2686042785645
63.7486190795898 63.4981994628906 63.2800941467285 63.209659576416 63.092716217041 62.8418083190918 62.4444465637207 62.097827911377 61.659008026123 61.3653182983398 61.2317581176758 60.6507606506348 60.2130813598633 60.1501312255859 59.7410469055176 59.1329727172852 58.893798828125 58.8424797058105 58.4474906921387 58.0869979858398 57.7328224182129 57.2328186035156 56.9103546142578 56.958366394043 57.2209815979004 58.0800323486328 57.8989944458008 57.7463226318359 57.5959892272949 57.4750137329102 56.923038482666 56.334545135498 56.2714462280273 56.1930541992188 56.2317276000977 56.4267425537109 56.5604934692383 56.8942909240723 57.2595634460449 57.8239479064941 57.5536918640137 57.0431442260742 -3.4e+38 57.9320526123047 58.1358833312988 59.1228179931641 61.5191421508789 59.1121635437012 56.1389770507812
64.1731948852539 63.8652992248535 63.6380043029785 63.0573959350586 62.9501686096191 62.8688125610352 62.5229415893555 62.1906814575195 61.8541679382324 61.5240364074707 61.4540748596191 61.4909019470215 61.3990325927734 61.4319763183594 60.982177734375 60.4763641357422 60.1964836120605 60.0166931152344 59.8022003173828 59.4015045166016 58.942253112793 58.4542198181152 58.0455894470215 57.888843536377 57.5754470825195 57.3942680358887 58.428165435791 58.2002639770508 57.9469871520996 58.0601234436035 58.2014045715332 58.0191841125488 57.9052619934082 57.9595222473145 57.59765625 57.4202919006348 57.1750946044922 56.9641456604004 56.9478607177734 57.4724388122559 57.666805267334 57.2124137878418 57.4965133666992 57.6899452209473 -3.4e+38 60.0895843505859 58.3519515991211 58.7073097229004 59.9361724853516
64.1251373291016 64.6282348632812 64.0375137329102 63.55078125 63.0338172912598 62.8530235290527 62.5847511291504 62.3218307495117 62.0249099731445 61.748176574707 61.5269737243652 61.735034942627 62.3382453918457 62.2424697875977 61.0865135192871 60.8867263793945 60.7971534729004 60.5689735412598 60.3460159301758 60.0800552368164 59.7059020996094 59.215892791748 58.7962951660156 58.6341934204102 58.2008247375488 57.5953254699707 58.6205902099609 58.2980690002441 57.7768249511719 58.0961952209473 58.3672676086426 58.2291526794434 57.9840545654297 58.1628265380859 58.319149017334 58.4018325805664 57.7367668151855 57.2663269042969 57.2859153747559 57.5857963562012 57.5632209777832 57.301155090332 57.7732772827148 58.2372970581055 57.5459671020508 57.2748374938965 55.7208137512207 56.1554985046387 58.1485023498535
64.5536956787109 64.9777069091797 65.3790512084961 64.7551956176758 63.6190147399902 62.9758796691895 62.7175178527832 62.4520683288574 62.1737861633301 61.9333839416504 61.7070007324219 62.2828674316406 63.2910995483398 63.054817199707 60.7149238586426 60.5155067443848 61.3712425231934 61.0879783630371 61.0557632446289 60.7291831970215 60.4239654541016 59.9477424621582 59.467529296875 59.0664825439453 58.411548614502 58.1497192382812 58.1945877075195 58.0674858093262 58.2656898498535 58.8037338256836 58.9246788024902 58.7496185302734 58.3023986816406 58.209098815918 58.5211143493652 58.8806610107422 -3.4e+38 57.5144348144531 57.8144836425781 57.86572265625 57.6582069396973 57.8912658691406 58.0809783935547 58.7094039916992 58.9831085205078 57.5175743103027 -3.4e+38 -3.4e+38 -3.4e+38
65.6210479736328 65.9138717651367 66.0618515014648 64.5661849975586 63.745246887207 63.217601776123 62.9736061096191 62.6943550109863 62.410270690918 62.1627349853516 61.9008522033691 62.1262283325195 62.8360900878906 62.785457611084 60.5536346435547 60.1430549621582 61.3408699035645 61.111759185791 61.7169456481934 61.395824432373 61.0455551147461 60.668872833252 60.1309661865234 59.2012901306152 58.4517250061035 58.5075645446777 57.9573364257812 58.1274528503418 59.0993041992188 59.2229652404785 59.1994438171387 59.1307716369629 58.7456588745117 58.73193359375 59.138557434082 59.3902740478516 59.4290313720703 57.7881088256836 58.0955696105957 58.0497512817383 58.0925674438477 58.9975280761719 59.3381843566895 59.410228729248 59.7573013305664 58.9616737365723 57.532787322998 57.6204948425293 -3.4e+38
65.4491729736328 65.6283493041992 65.1255264282227 63.9855537414551 63.687931060791 63.417163848877 63.1951103210449 62.923023223877 62.7073402404785 62.4935340881348 62.1626167297363 61.9078025817871 61.9617462158203 62.0893211364746 61.4574356079102 60.6756858825684 62.411262512207 62.0719223022461 62.4237518310547 62.1333351135254 61.7126007080078 61.1133155822754 60.1333503723145 58.824047088623 58.2982711791992 58.223445892334 58.2442016601562 58.7122230529785 59.8584365844727 59.5407447814941 59.1247138977051 59.06982421875 59.316104888916 59.5529747009277 59.7163276672363 59.6456451416016 59.1310005187988 58.086238861084 58.0732803344727 58.0743751525879 58.4443054199219 59.6633796691895 60.4203414916992 61.1078071594238 61.2439804077148 59.5916633605957 60.0067291259766 58.7495613098145 57.1421318054199
65.2342681884766 65.6470336914062 66.2524490356445 64.7875289916992 64.7302398681641 63.7042999267578 63.4710006713867 63.3304023742676 63.1432991027832 62.8989448547363 62.6074028015137 62.3389511108398 61.9959602355957 62.4441108703613 62.4602165222168 61.3086204528809 64.0298080444336 63.5335922241211 63.2727012634277 62.879150390625 62.0146751403809 60.5506706237793 59.3510971069336 58.4162521362305 58.4732322692871 58.6649742126465 58.2679290771484 58.7348213195801 59.7568855285645 60.0245628356934 59.2117080688477 58.7728691101074 59.4023818969727 60.0661277770996 59.7571907043457 58.9501419067383 58.4405937194824 58.7454719543457 59.4493751525879 59.4352569580078 59.4792060852051 60.1149063110352 61.0203857421875 63.0076103210449 63.7094879150391 60.7537536621094 61.1714401245117 59.273609161377 57.2797966003418
65.7016525268555 66.8111953735352 67.0091705322266 66.1820907592773 66.2147903442383 64.181755065918 63.7221565246582 63.6118125915527 63.4414749145508 63.3241348266602 63.7075309753418 64.4307022094727 64.147590637207 64.0276031494141 61.2269706726074 61.3951835632324 64.7506103515625 64.4140701293945 64.0693435668945 63.4208450317383 61.4606285095215 59.5272216796875 59.2499885559082 58.673828125 59.1187477111816 59.5701103210449 59.3636360168457 59.0366592407227 59.1881408691406 60.0480995178223 59.389720916748 58.739990234375 59.2408218383789 60.2570991516113 60.0836334228516 58.7614479064941 58.5207176208496 59.3582725524902 60.8102111816406 60.6886177062988 60.4940376281738 60.8395729064941 61.1025657653809 62.6757698059082 63.6592788696289 60.8148880004883 61.2433815002441 59.8002014160156 58.6843109130859
66.5382385253906 67.6962280273438 66.5982818603516 66.4322967529297 66.6981658935547 64.5592803955078 63.9266204833984 63.7783126831055 63.6098670959473 63.484676361084 64.1981964111328 65.2105026245117 65.3718414306641 65.6783294677734 61.6817321777344 63.0458068847656 65.395133972168 65.2704010009766 64.9157257080078 63.909496307373 61.2515144348145 59.2379760742188 59.3253479003906 59.1226539611816 59.3724365234375 59.6953086853027 60.4058303833008 59.8677520751953 59.6230583190918 60.275074005127 59.6987266540527 58.8072242736816 58.7518882751465 59.6747932434082 60.5452880859375 60.0003051757812 59.1188850402832 59.6291694641113 60.267879486084 60.9696044921875 60.7470092773438 61.068416595459 61.2488059997559 61.4523162841797 62.2512664794922 61.0742416381836 60.8441848754883 59.9224472045898 60.4578094482422
68.550651550293 69.2260971069336 67.261848449707 66.2614517211914 67.6265182495117 65.4273223876953 64.3904266357422 64.1024398803711 64.0514831542969 64.9303359985352 66.5892105102539 65.2414321899414 63.4666213989258 64.6635055541992 61.2355537414551 61.7725715637207 64.0203857421875 66.0821151733398 65.7387390136719 64.6802139282227 62.5568618774414 60.9756126403809 60.0304222106934 59.5463714599609 59.7857780456543 60.1994514465332 61.1928215026855 60.7608489990234 60.4173965454102 60.5513610839844 59.9087715148926 59.2071952819824 59.0418739318848 58.9757118225098 60.4708862304688 61.110954284668 60.6085968017578 60.685474395752 60.5326042175293 61.5602111816406 61.3404235839844 61.4257125854492 61.6723785400391 61.1767082214355 61.2263336181641 61.1413116455078 60.3891334533691 60.1991767883301 60.6129035949707
68.4152908325195 69.5094985961914 68.014892578125 66.0740509033203 66.6621398925781 65.9132537841797 66.834358215332 65.5359344482422 64.4866638183594 63.5221061706543 65.3111801147461 64.6057434082031 62.7212142944336 63.1225700378418 60.267204284668 60.4146156311035 63.7740325927734 66.7568588256836 66.351188659668 65.6613311767578 63.6130790710449 61.3635063171387 60.3132400512695 60.5035133361816 60.9591979980469 61.2307281494141 61.4483222961426 61.2826118469238 60.7981719970703 60.57177734375 59.8101005554199 60.3373489379883 60.8908271789551 58.8955612182617 59.967586517334 60.4482574462891 60.7514572143555 61.4880752563477 61.634407043457 61.6930313110352 61.4864845275879 62.0597915649414 61.882495880127 61.0170097351074 60.5397300720215 60.9132804870605 60.8719062805176 60.7543678283691 60.2212791442871
68.6521759033203 67.536865234375 66.1761779785156 65.2646179199219 63.9538726806641 64.1069793701172 65.486442565918 66.4531478881836 67.8932495117188 64.133056640625 61.9728622436523 64.3301086425781 64.5487289428711 62.1273155212402 60.8106002807617 61.9902076721191 66.026252746582 67.2907028198242 66.2227401733398 65.8909454345703 64.8930435180664 61.9801864624023 60.5675888061523 61.0240669250488 61.6079559326172 62.1077537536621 61.3196868896484 61.2553977966309 61.1783027648926 60.5824356079102 59.8406791687012 61.9686813354492 62.6129875183105 59.0269393920898 59.4437599182129 59.0367889404297 59.4994239807129 61.0429306030273 61.4543304443359 61.1736640930176 61.0896110534668 61.941276550293 62.0253524780273 60.7818412780762 60.5536766052246 61.0970611572266 61.3191757202148 61.8563385009766 61.7389144897461
67.4629287719727 65.1457138061523 65.4874114990234 67.9641036987305 68.5012283325195 65.6945953369141 63.5809669494629 62.4678764343262 64.4571914672852 66.6838455200195 64.5061187744141 62.3291473388672 61.9194526672363 61.4181747436523 62.6196365356445 63.0301704406738 66.9833831787109 68.3222579956055 65.6988220214844 62.2150039672852 60.7588081359863 60.6343307495117 60.5005989074707 62.0994644165039 63.0167694091797 62.5435028076172 62.0950546264648 61.3358573913574 61.2050285339355 60.9132232666016 60.2857360839844 61.9290962219238 65.2539367675781 64.6839447021484 63.6987991333008 63.7998886108398 62.8301048278809 60.1558456420898 61.1177406311035 61.5598678588867 61.7788772583008 61.7810020446777 62.2550811767578 61.9285202026367 61.0712051391602 62.5595970153809 63.7691116333008 63.7687797546387 65.1302795410156
71.0243682861328 68.4662551879883 66.6706161499023 66.7307586669922 68.7171249389648 66.9608917236328 63.8620223999023 63.300838470459 63.382438659668 64.3722305297852 64.1242065429688 63.1906204223633 62.519287109375 62.0618858337402 63.3042640686035 64.3058090209961 69.8344497680664 68.8624038696289 65.1996078491211 60.949893951416 60.8335723876953 60.931396484375 60.9341163635254 62.2865524291992 63.5274963378906 62.6122741699219 62.2143745422363 62.1235542297363 61.364501953125 62.0602188110352 63.1012840270996 62.4219017028809 65.2853317260742 65.6863174438477 63.3104591369629 62.8293647766113 63.9557723999023 59.4168853759766 60.1025123596191 60.7219429016113 60.9240303039551 60.9508399963379 62.8607902526855 62.6319885253906 62.2714309692383 63.8259620666504 64.0149383544922 64.2005996704102 66.4947509765625
71.4234237670898 68.1922607421875 66.0873489379883 68.181022644043 69.1372451782227 67.7646713256836 64.9140090942383 63.3682632446289 62.5904693603516 62.1021003723145 62.2785682678223 62.4681701660156 61.8596420288086 61.8893280029297 63.1133918762207 64.0944747924805 68.6736526489258 67.6480712890625 65.450798034668 61.7582969665527 62.4094581604004 63.6040077209473 63.517017364502 63.6260147094727 64.1052551269531 63.3971633911133 62.0470581054688 62.199047088623 61.9752578735352 63.6615982055664 66.4614334106445 65.6828002929688 67.1491546630859 66.2612380981445 63.2651710510254 62.2989921569824 63.8448181152344 61.412899017334 60.840160369873 60.7095832824707 60.1689682006836 61.1361045837402 62.880558013916 62.7665557861328 63.3716621398926 63.968936920166 64.2813262939453 65.0389633178711 65.9995574951172
71.0540237426758 70.2216186523438 69.1623077392578 70.2099456787109 67.4433135986328 66.5128555297852 65.3015747070312 64.7036437988281 65.8278884887695 67.1043090820312 65.9775848388672 64.2926025390625 62.1536064147949 61.8297386169434 66.0458526611328 68.5650482177734 69.4308013916016 68.0432586669922 65.8631439208984 62.1689224243164 63.3693313598633 65.9027938842773 65.6234741210938 65.0068969726562 65.1440734863281 64.9380416870117 62.0172119140625 62.3251800537109 62.0747604370117 62.9518051147461 65.5261917114258 67.6417541503906 68.3681335449219 68.0782623291016 65.7102813720703 63.2025833129883 63.0809173583984 63.4155349731445 63.0868721008301 61.822437286377 60.4992713928223 62.7451286315918 63.5717697143555 63.689395904541 64.0422210693359 63.950740814209 63.5609970092773 61.4503860473633 63.9204177856445
73.2720184326172 74.077033996582 73.7890930175781 70.58349609375 66.4320678710938 66.4400100708008 67.5512237548828 69.1669845581055 70.2500228881836 72.1470260620117 71.0777816772461 69.3284912109375 65.1413269042969 62.7653617858887 70.0427932739258 72.049201965332 69.8174743652344 66.6749877929688 65.3579635620117 64.0480194091797 62.4663581848145 63.8100929260254 64.1128692626953 64.2375946044922 64.1606292724609 64.6978530883789 61.7803268432617 62.6746139526367 62.424877166748 62.5622024536133 63.2254409790039 64.383918762207 65.9783706665039 69.3686599731445 67.992057800293 65.1418075561523 62.8073196411133 63.6747093200684 62.8792762756348 60.9504089355469 61.360164642334 63.5206031799316 64.2306594848633 64.0180206298828 64.1326141357422 64.0610198974609 61.8686294555664 57.2891845703125 59.8612861633301
73.0351181030273 70.8716278076172 72.2490692138672 70.6400146484375 67.2516174316406 67.7847442626953 70.4208068847656 72.0723342895508 72.2911987304688 72.7259902954102 72.8386917114258 69.9996490478516 64.8643493652344 63.2317428588867 71.9098968505859 72.2287902832031 68.7609558105469 63.4608573913574 62.7331275939941 64.6922378540039 64.0699462890625 63.2724990844727 63.5089912414551 64.0530548095703 63.1308631896973 63.717357635498 62.0889625549316 -3.4e+38 62.3953895568848 62.225471496582 62.36279296875 62.5379867553711 62.9785308837891 65.5875244140625 67.1560821533203 66.9800643920898 63.5981521606445 62.5257682800293 61.6310081481934 61.0544242858887 62.6445808410645 63.6669807434082 63.4817504882812 63.4818000793457 63.5431785583496 62.316478729248 59.6662330627441 57.7890319824219 57.3538780212402
70.9894561767578 69.4055709838867 69.0308074951172 69.1422653198242 67.4972991943359 67.3228302001953 69.1153793334961 71.2455825805664 72.6563034057617 69.9754104614258 68.0443725585938 65.7769317626953 64.2565612792969 67.3316192626953 73.3107528686523 72.2059936523438 68.8987655639648 63.5687408447266 60.9195022583008 62.1781730651855 63.7634048461914 -3.4e+38 -3.4e+38 -3.4e+38 -3.4e+38 -3.4e+38 -3.4e+38 61.9855537414551 -3.4e+38 -3.4e+38 62.0940284729004 62.8551445007324 62.3368949890137 61.8574600219727 65.1624526977539 68.2170181274414 64.5991439819336 62.7745780944824 60.7376251220703 61.9539527893066 62.7984046936035 62.9744834899902 62.091251373291 61.4077033996582 60.8372955322266 60.3339042663574 59.3072319030762 59.2533531188965 58.2540740966797
