rcp8.5models/CNRM-CM5/sc1gr3.35
NCOLS 261 
NROWS 433 
XLLCORNER 336357.134 
YLLCORNER 654653.479 
CELLSIZE 1000 
NODATA_value -9999 
[rows 138 to 160 of 433, columns 100 to 149 of 261]
270.721405029297 270.231964111328 270.118377685547 270.184692382812 269.792572021484 269.367218017578 269.722290039062 270.0107421875 270.194305419922 270.494689941406 -9999 269.68017578125 269.652801513672 269.810424804688 269.633758544922 269.236297607422 268.949768066406 268.708709716797 269.078582763672 268.83203125 268.10400390625 267.357330322266 267.057495117188 268.710723876953 268.931457519531 269.101226806641 269.017822265625 269.236114501953 269.297973632812 269.491882324219 269.52734375 269.378326416016 269.556884765625 269.550811767578 268.990051269531 268.538360595703 268.677337646484 270.092681884766 270.312774658203 270.229553222656 270.011688232422 269.743011474609 270.182739257812 270.620300292969 270.875701904297 271.176177978516 272.147918701172 272.031463623047 272.231689453125 272.662292480469
270.669464111328 270.127075195312 270.199127197266 270.366302490234 270.043365478516 269.552307128906 269.895874023438 270.364807128906 270.451324462891 270.470886230469 270.181335449219 269.483612060547 269.811645507812 269.995056152344 269.579315185547 269.311981201172 269.013336181641 269.210357666016 268.947143554688 268.597015380859 267.828369140625 266.435607910156 268.291717529297 269.038726806641 268.772827148438 268.750610351562 268.631713867188 269.240203857422 269.130462646484 269.35693359375 -9999 268.914367675781 268.482177734375 269.619201660156 269.111267089844 269.017639160156 269.333648681641 270.040191650391 270.210083007812 270.340393066406 270.521667480469 270.130493164062 270.431457519531 270.740447998047 270.818572998047 270.883178710938 271.742614746094 272.070068359375 272.192901611328 272.349243164062
270.730163574219 270.100555419922 270.189239501953 270.339050292969 270.165618896484 269.941619873047 269.737945556641 270.388458251953 270.414459228516 270.347351074219 270.195861816406 269.354064941406 270.149353027344 270.145965576172 269.783233642578 269.484802246094 269.323059082031 269.506408691406 269.259857177734 268.184783935547 266.32958984375 266.782073974609 268.855560302734 269.231994628906 268.772216796875 268.588592529297 268.588043212891 269.131072998047 269.187408447266 269.066345214844 268.844757080078 268.363555908203 268.700103759766 269.878967285156 269.254608154297 269.073944091797 269.650848388672 270.065765380859 270.380187988281 270.812469482422 270.908325195312 270.60693359375 270.800689697266 270.821502685547 270.882202148438 270.578735351562 271.764068603516 272.011566162109 271.949768066406 271.950805664062
271.130584716797 270.759429931641 270.762603759766 270.698211669922 270.221221923828 270.121429443359 269.964630126953 270.477783203125 270.617126464844 270.508666992188 270.118103027344 269.410308837891 270.322814941406 270.361358642578 270.037628173828 269.702362060547 269.925567626953 269.868072509766 269.236663818359 267.410339355469 266.894989013672 268.424926757812 269.180633544922 269.503692626953 268.938049316406 268.638397216797 268.420806884766 268.772918701172 269.056701660156 268.927001953125 268.761169433594 268.610961914062 269.295166015625 269.661773681641 269.275238037109 269.126983642578 269.747894287109 269.893737792969 270.350860595703 270.830596923828 271.029083251953 -9999 271.045867919922 271.097900390625 271.068115234375 270.879333496094 272.018096923828 271.965362548828 271.843353271484 271.839447021484
271.554779052734 271.082885742188 271.220672607422 271.029357910156 270.501556396484 270.115753173828 270.134490966797 270.340545654297 270.760009765625 270.670928955078 270.275512695312 270.028350830078 270.315368652344 270.555755615234 270.143737792969 269.965301513672 270.173797607422 269.935607910156 269.059051513672 268.104248046875 268.911499023438 269.513580322266 269.662139892578 269.727325439453 268.987396240234 268.440032958984 268.278686523438 268.504028320312 268.729583740234 268.964385986328 269.078765869141 -9999 269.269012451172 269.261932373047 269.144805908203 269.0478515625 269.477630615234 269.719329833984 270.162414550781 270.272430419922 270.633941650391 271.066467285156 271.123901367188 271.077087402344 271.064819335938 271.353881835938 271.974853515625 272.027954101562 271.839630126953 271.835723876953
271.483215332031 271.222625732422 271.351531982422 271.101776123047 270.857574462891 270.293090820312 270.264556884766 270.550720214844 -9999 270.680145263672 270.387268066406 270.322143554688 270.538238525391 270.505798339844 270.113342285156 270.123199462891 270.099731445312 270.038513183594 269.738983154297 269.658111572266 269.791381835938 270.070739746094 269.869476318359 269.698211669922 269.024810791016 268.608337402344 268.471069335938 268.735961914062 268.758636474609 268.906158447266 269.108825683594 269.120056152344 269.068084716797 269.080657958984 269.056671142578 269.221374511719 269.410766601562 269.829681396484 270.240509033203 270.045440673828 270.238586425781 270.746887207031 270.838684082031 271.101013183594 271.106414794922 271.428131103516 272.007263183594 272.102966308594 271.929626464844 271.897888183594
271.505950927734 271.419219970703 271.439056396484 271.285797119141 270.984558105469 270.428100585938 270.407196044922 270.660736083984 271.030914306641 270.79248046875 270.273956298828 270.541442871094 270.700622558594 270.510101318359 270.135345458984 270.386505126953 270.035583496094 270.104248046875 270.211090087891 270.285614013672 270.099029541016 269.950897216797 269.702178955078 269.691345214844 269.160949707031 268.903869628906 268.718841552734 268.750335693359 268.991760253906 268.896545410156 268.954803466797 268.849456787109 268.958068847656 268.977264404297 268.840118408203 269.678863525391 269.712097167969 269.915679931641 270.279754638672 270.384124755859 270.253295898438 270.794921875 270.892486572266 271.284027099609 271.360076904297 271.640808105469 -9999 272.120361328125 271.915618896484 271.692077636719
271.886566162109 271.713836669922 271.440734863281 271.266632080078 270.858001708984 270.658050537109 270.7705078125 270.989776611328 271.172424316406 270.790863037109 270.52001953125 -9999 270.710906982422 270.622772216797 270.406616210938 270.628631591797 270.341766357422 270.122314453125 270.140075683594 270.103820800781 270.205993652344 269.691986083984 269.360748291016 269.575927734375 269.329223632812 269.096282958984 268.821533203125 268.604522705078 269.057952880859 268.903137207031 268.734954833984 268.530395507812 268.738464355469 268.637329101562 268.247772216797 269.965759277344 270.118103027344 270.096710205078 270.570098876953 270.761627197266 270.419891357422 270.9599609375 271.090759277344 271.258361816406 271.343170166016 271.643157958984 271.903350830078 272.143920898438 271.968414306641 271.539001464844
272.217041015625 272.050445556641 271.465576171875 271.061096191406 270.955139160156 270.900238037109 271.093231201172 271.309997558594 271.122924804688 271.013641357422 270.927093505859 270.877014160156 270.620819091797 270.290557861328 270.245849609375 270.292846679688 270.173950195312 269.869171142578 270.020843505859 269.602844238281 269.851135253906 269.728393554688 269.194030761719 269.368194580078 269.338897705078 269.221435546875 268.865142822266 268.432891845703 268.766479492188 268.783630371094 268.289520263672 268.189147949219 268.671783447266 268.8671875 268.425628662109 269.993865966797 270.221466064453 270.120574951172 270.520812988281 270.927124023438 270.678588867188 270.809478759766 270.97216796875 271.060943603516 271.063995361328 271.362945556641 271.798645019531 272.095245361328 271.920379638672 271.243743896484
272.414031982422 272.245025634766 271.487640380859 270.997406005859 271.210540771484 271.243041992188 271.315124511719 271.365234375 271.165405273438 271.118133544922 271.036468505859 270.922088623047 270.556427001953 270.028137207031 269.955474853516 269.763854980469 269.840148925781 269.727508544922 270.012725830078 269.462554931641 269.379852294922 269.554107666016 269.173034667969 269.270385742188 269.112030029297 269.066802978516 268.606781005859 268.304840087891 268.550109863281 268.827972412109 268.465057373047 268.340698242188 268.882751464844 269.235931396484 269.109100341797 269.970458984375 270.241149902344 270.347320556641 270.581604003906 271.008575439453 270.905212402344 270.879852294922 271.204345703125 271.312774658203 271.163421630859 271.332122802734 271.744018554688 272.039825439453 271.974395751953 271.377166748047
272.225646972656 272.312164306641 271.623352050781 271.268432617188 271.379333496094 271.403961181641 271.296142578125 271.154113769531 270.922058105469 270.861877441406 270.840362548828 270.801300048828 270.637603759766 270.329711914062 269.948486328125 269.714080810547 269.677673339844 269.514373779297 269.620025634766 269.382598876953 269.174468994141 269.218566894531 269.071807861328 269.082305908203 268.671630859375 268.625793457031 268.341400146484 268.372100830078 268.449066162109 268.531494140625 268.618621826172 268.909820556641 269.054504394531 269.369018554688 269.747406005859 269.984527587891 270.106109619141 270.4931640625 270.924011230469 271.024200439453 271.052001953125 271.139190673828 271.250427246094 271.470764160156 271.402801513672 271.352813720703 271.636932373047 271.925567626953 271.753875732422 271.484130859375
271.946472167969 271.853088378906 271.811187744141 271.536224365234 271.548553466797 271.565490722656 271.290252685547 271.043212890625 270.887237548828 270.72265625 270.715118408203 270.722320556641 270.616088867188 270.580841064453 270.148345947266 269.898040771484 269.730377197266 269.504089355469 269.122375488281 269.145233154297 269.211059570312 269.11376953125 268.954650878906 268.567047119141 268.367401123047 268.126678466797 268.157501220703 268.420501708984 268.372406005859 268.242370605469 268.420806884766 269.050720214844 269.313537597656 269.440338134766 270.099212646484 270.328796386719 270.353424072266 270.535034179688 270.9560546875 271.072113037109 271.244171142578 271.303436279297 271.235778808594 271.410095214844 271.517333984375 271.354736328125 271.550750732422 271.665008544922 271.489288330078 271.195068359375
271.30517578125 271.046997070312 271.340881347656 271.339874267578 271.265655517578 271.310729980469 271.345062255859 271.424194335938 271.132354736328 271.032012939453 270.891967773438 270.541107177734 270.454071044922 270.565490722656 270.078704833984 269.685729980469 269.503143310547 269.379455566406 269.409088134766 269.774963378906 269.364532470703 269.044342041016 268.994323730469 268.962127685547 268.428771972656 268.363433837891 268.155120849609 268.059600830078 268.012634277344 268.140045166016 268.37451171875 268.531585693359 269.272613525391 269.307464599609 269.972534179688 270.369293212891 270.593475341797 270.883209228516 270.995422363281 270.958618164062 270.959777832031 270.976715087891 271.378692626953 271.407348632812 271.178863525391 271.194915771484 271.450836181641 271.424530029297 271.552062988281 271.326629638672
271.166351318359 270.972290039062 271.036285400391 -9999 271.226470947266 271.139373779297 271.181121826172 271.329376220703 271.201568603516 271.140808105469 270.980346679688 270.44140625 270.29052734375 270.571258544922 270.117065429688 269.72265625 269.624908447266 269.670684814453 269.719116210938 269.836547851562 269.615936279297 269.438934326172 269.144714355469 268.876800537109 268.688079833984 268.4716796875 268.059997558594 268.121368408203 268.264129638672 268.319061279297 268.473815917969 268.804870605469 269.449645996094 269.601104736328 270.085540771484 270.097900390625 270.633392333984 270.884613037109 270.942810058594 271.006439208984 271.008026123047 271.107208251953 271.374389648438 271.298400878906 270.860992431641 270.961120605469 271.397613525391 271.238159179688 271.350036621094 271.263641357422
271.042816162109 270.710906982422 270.861206054688 271.229705810547 271.128448486328 271.06787109375 271.095428466797 271.218841552734 271.211090087891 271.203430175781 271.099426269531 270.713989257812 270.099243164062 270.249389648438 270.361694335938 269.893371582031 269.811248779297 269.804260253906 269.813873291016 269.751251220703 269.373596191406 269.236999511719 269.047485351562 269.01025390625 268.589324951172 268.369567871094 268.116302490234 268.248413085938 268.533660888672 268.694915771484 268.862426757812 269.172485351562 269.715301513672 269.988647460938 270.327270507812 270.475433349609 270.910461425781 270.964874267578 270.833648681641 270.840087890625 270.976928710938 271.07421875 270.954681396484 271.066436767578 270.747955322266 270.810668945312 -9999 270.985504150391 271.234649658203 270.970458984375
270.708099365234 270.254028320312 270.454895019531 270.767761230469 270.533538818359 270.805725097656 270.991058349609 271.114440917969 271.106872558594 271.099395751953 271.011352539062 270.609191894531 269.919281005859 269.739196777344 270.048217773438 269.8662109375 269.806121826172 269.799163818359 269.792297363281 269.718688964844 269.458892822266 269.308166503906 269.164184570312 268.924163818359 268.611785888672 268.385284423828 268.497833251953 268.5302734375 268.812347412109 268.736724853516 268.871490478516 269.187957763672 269.520385742188 269.940521240234 270.280151367188 270.815979003906 270.9423828125 270.074798583984 268.480224609375 270.710632324219 270.814392089844 270.697509765625 270.627563476562 270.884857177734 270.664642333984 270.685638427734 270.614868164062 270.557159423828 -9999 270.701568603516
270.609313964844 270.674072265625 270.521423339844 270.231414794922 270.108276367188 270.414916992188 270.997375488281 271.020568847656 270.913482666016 270.872406005859 270.973571777344 270.694763183594 269.927185058594 269.671508789062 269.619689941406 269.612884521484 269.606201171875 269.622619628906 269.690093994141 269.59033203125 269.320251464844 269.407470703125 269.314849853516 268.988891601562 268.687103271484 268.43994140625 268.832000732422 268.849914550781 268.824493408203 268.638732910156 268.510070800781 268.725891113281 268.923522949219 269.720092773438 270.046936035156 270.638397216797 270.833343505859 269.144744873047 266.426452636719 270.706085205078 270.727508544922 270.510894775391 270.582916259766 270.451934814453 270.078002929688 270.053344726562 270.412231445312 270.340911865234 270.393035888672 270.407836914062
270.932556152344 270.707000732422 270.338958740234 270.026672363281 269.882232666016 270.189392089844 271.001739501953 270.845336914062 -9999 270.762054443359 271.013702392578 270.915557861328 270.202239990234 269.883239746094 269.701416015625 269.469390869141 269.439361572266 269.374816894531 269.421264648438 -9999 269.115417480469 269.069030761719 269.039123535156 268.884216308594 268.58740234375 268.543060302734 268.909881591797 268.895843505859 268.713623046875 268.602233886719 268.2353515625 268.137908935547 268.720703125 269.748352050781 269.984008789062 270.681518554688 270.814544677734 269.985412597656 268.642211914062 270.472686767578 270.708557128906 270.661102294922 270.573577880859 270.206237792969 269.728088378906 269.724334716797 270.200378417969 270.467620849609 270.384399414062 270.169097900391
270.996246337891 270.496917724609 270.151336669922 270.014312744141 269.858062744141 270.103607177734 270.578033447266 270.647766113281 270.468017578125 270.559539794922 270.855529785156 270.925201416016 270.415832519531 270.128723144531 269.854309082031 269.464050292969 269.440521240234 269.357238769531 269.276519775391 269.222808837891 269.082946777344 269.116058349609 269.044128417969 268.894317626953 268.541961669922 268.835266113281 269.028350830078 268.812957763672 268.588439941406 268.425415039062 268.148742675781 268.198303222656 268.893829345703 269.848754882812 269.902557373047 270.756622314453 270.599365234375 270.7109375 270.514099121094 270.237915039062 270.532104492188 270.69384765625 270.509216308594 270.210205078125 270.100830078125 269.699829101562 270.295379638672 270.594268798828 270.483551025391 270.104644775391
271.106781005859 270.764434814453 270.319885253906 270.24462890625 270.154724121094 270.056976318359 270.124053955078 270.196197509766 270.17822265625 270.199188232422 270.471710205078 270.767517089844 270.396484375 270.010314941406 269.624359130859 269.504730224609 269.599609375 269.474517822266 269.514801025391 269.326934814453 269.224670410156 269.275024414062 269.281951904297 269.174438476562 268.997039794922 269.114562988281 269.10400390625 268.743133544922 268.563293457031 268.226776123047 267.974456787109 268.442657470703 268.969635009766 269.749145507812 269.744384765625 270.334045410156 270.553131103516 270.522613525391 270.197723388672 270.180023193359 270.121337890625 270.329437255859 270.067230224609 269.808959960938 270.135864257812 269.649383544922 270.339263916016 270.491027832031 270.2109375 269.485137939453
271.320068359375 270.971374511719 270.595611572266 270.629913330078 270.640258789062 270.071228027344 269.815399169922 269.851348876953 270.142425537109 270.109771728516 270.506225585938 270.656555175781 270.433685302734 269.896148681641 269.678344726562 269.754943847656 269.769378662109 269.740264892578 269.637573242188 269.350555419922 269.690979003906 269.624481201172 269.580657958984 269.5146484375 268.98681640625 268.903930664062 268.772399902344 268.633056640625 268.610565185547 268.133178710938 267.724914550781 268.488342285156 269.058715820312 269.577423095703 269.701232910156 270.284729003906 270.721069335938 270.494598388672 270.022125244141 269.802947998047 269.750854492188 269.88427734375 269.823486328125 269.530212402344 -9999 269.704956054688 269.865051269531 270.195404052734 269.970642089844 269.044311523438
271.401489257812 270.936126708984 270.758575439453 270.630432128906 270.857604980469 270.131958007812 269.888763427734 269.925659179688 270.015533447266 269.908996582031 270.354949951172 270.673645019531 270.480102539062 -9999 -9999 270.102264404297 269.938018798828 269.843231201172 269.788513183594 269.655639648438 269.913391113281 269.79345703125 269.469757080078 269.493682861328 268.999969482422 268.641998291016 268.466522216797 268.575012207031 268.604949951172 268.089233398438 267.614868164062 268.420593261719 268.86376953125 269.525665283203 269.688385009766 270.525665283203 270.794586181641 270.618011474609 270.150665283203 269.717346191406 269.658111572266 269.736175537109 269.727935791016 269.523223876953 269.429229736328 269.703308105469 269.570770263672 269.673889160156 269.604156494141 269.126922607422
271.266448974609 270.512847900391 270.518920898438 270.356109619141 270.561889648438 270.233215332031 269.884979248047 269.438049316406 269.611541748047 270.010162353516 270.20068359375 270.268493652344 -9999 -9999 269.990173339844 269.966918945312 269.897247314453 269.875091552734 269.921112060547 269.842926025391 269.642700195312 269.614379882812 269.342102050781 269.370758056641 269.158874511719 268.811981201172 268.810272216797 268.710083007812 268.599273681641 268.133422851562 267.799743652344 268.476409912109 268.648620605469 269.514495849609 269.717346191406 270.573303222656 270.678771972656 270.222381591797 269.858764648438 269.668090820312 269.674194335938 269.768341064453 269.577331542969 269.280944824219 269.299835205078 269.107330322266 269.514678955078 269.475189208984 269.377593994141 269.117645263672
