rcp8.5models/CNRM-CM5/sc1gr8.33
NCOLS 261 
NROWS 433 
XLLCORNER 336357.134 
YLLCORNER 654653.479 
CELLSIZE 1000 
NODATA_value -3.4e+38 
[rows 242 to 263 of 433, columns 49 to 97 of 261]
85.0521469116211 85.1215896606445 85.2401504516602 85.397102355957 85.4159851074219 85.3536224365234 85.6326293945312 85.8491058349609 85.9334182739258 86.1383743286133 86.2763137817383 86.2582397460938 86.7285766601562 86.9664611816406 87.0809631347656 87.4783401489258 87.7467575073242 87.7705688476562 88.1095428466797 88.5054016113281 88.9915008544922 89.656608581543 90.2477569580078 90.6557235717773 91.0103912353516 91.3315124511719 91.6441040039062 91.8019104003906 92.2576599121094 93.3155822753906 94.088264465332 94.9960479736328 95.7367401123047 96.3525085449219 97.3044357299805 98.0917816162109 98.6725692749023 99.9685287475586 101.420799255371 102.039268493652 102.819564819336 104.450386047363 104.848083496094 104.898887634277 105.143432617188 105.285789489746 105.557640075684 106.914161682129 108.197418212891
85.8296585083008 86.1565399169922 86.0713958740234 86.2753448486328 86.4961853027344 86.1342544555664 86.3486175537109 86.7264785766602 86.8595199584961 87.0295257568359 87.3563690185547 87.4025115966797 87.5558166503906 87.7843017578125 88.2380828857422 88.2663269042969 88.5562744140625 88.6757736206055 89.3404693603516 89.9423370361328 90.3884811401367 90.5623931884766 90.6866226196289 91.1301727294922 91.6175689697266 92.0226593017578 92.3727569580078 92.637451171875 93.0407943725586 94.1096725463867 94.7348937988281 95.4749984741211 96.1480102539062 96.8481216430664 97.881721496582 98.6525268554688 99.275993347168 100.330062866211 101.818161010742 103.108383178711 103.986274719238 104.826461791992 104.834022521973 104.984214782715 104.900665283203 105.062385559082 105.534790039062 105.831031799316 106.04141998291
86.433967590332 86.4338455200195 86.503044128418 86.6941375732422 86.7003936767578 86.7671585083008 86.9593887329102 87.1199340820312 87.489143371582 87.68408203125 87.8216857910156 87.8228225708008 87.9805755615234 87.9596633911133 88.3281555175781 88.5241241455078 88.8932571411133 89.2290115356445 89.7975616455078 90.303108215332 90.7581253051758 90.9462509155273 90.9064102172852 91.3453216552734 91.8275146484375 92.2276229858398 92.6763153076172 93.1639404296875 93.5979537963867 94.6056213378906 94.9549255371094 95.8751602172852 96.3409576416016 97.1093292236328 98.2452011108398 98.6920623779297 99.1829147338867 100.431953430176 101.374954223633 102.221351623535 103.708923339844 104.625709533691 104.671417236328 104.737983703613 104.671104431152 104.856254577637 105.12410736084 105.403656005859 105.882347106934
86.6643371582031 86.5978469848633 86.7828369140625 87.104362487793 86.8173522949219 86.9732360839844 87.3592834472656 87.7659912109375 87.8613128662109 88.1208114624023 88.2743606567383 88.4145965576172 88.2512588500977 88.3018341064453 88.8762435913086 89.0587692260742 89.1781387329102 89.620246887207 90.1327362060547 90.5549011230469 91.0201644897461 91.1696472167969 91.1554412841797 91.6142730712891 92.1228485107422 92.7028198242188 93.1691055297852 93.6546173095703 94.1497650146484 94.7613906860352 95.40380859375 96.0741958618164 96.5282897949219 97.2479095458984 98.1360702514648 98.6499938964844 99.4658737182617 100.617218017578 101.043342590332 101.156448364258 102.978706359863 103.958564758301 104.124862670898 104.396453857422 104.515655517578 104.628158569336 104.741622924805 104.870391845703 105.292526245117
86.7950134277344 86.8683624267578 87.2378234863281 87.3994293212891 87.6720581054688 87.7276306152344 87.661018371582 88.2417984008789 88.1514892578125 88.4400329589844 88.7000732421875 88.99755859375 88.9559326171875 89.0714416503906 89.6276626586914 89.6221389770508 89.7241744995117 89.9023361206055 90.4022750854492 90.8451309204102 91.249885559082 91.3934783935547 91.3936614990234 91.9481353759766 92.5434875488281 93.0744476318359 93.5506973266602 93.8337860107422 94.0430221557617 94.7524261474609 95.3985366821289 95.875358581543 96.5808868408203 97.5211791992188 98.0990295410156 98.6435928344727 99.4436874389648 100.425743103027 100.956680297852 101.149208068848 102.461929321289 103.308815002441 103.445571899414 103.794944763184 103.754600524902 103.877639770508 103.979156494141 104.217651367188 104.635940551758
87.2784271240234 87.5482025146484 87.6511306762695 87.7073211669922 88.1798248291016 88.2893981933594 88.4501495361328 88.5190048217773 88.7262268066406 88.9018630981445 89.4523391723633 89.6383056640625 89.7468185424805 90.083869934082 90.1962432861328 90.2720413208008 90.3413772583008 90.5142288208008 90.9290771484375 91.1126403808594 91.480094909668 91.8801651000977 92.1777954101562 92.3741912841797 92.878791809082 93.3317718505859 93.7508697509766 93.9571075439453 94.0130615234375 94.9100875854492 95.4311904907227 96.0361404418945 96.6747436523438 97.54052734375 98.2976684570312 98.6191482543945 99.0001678466797 99.9685897827148 100.755722045898 101.157287597656 101.985191345215 102.719955444336 102.888557434082 103.072471618652 103.106788635254 103.324089050293 103.333618164062 103.768966674805 104.10425567627
88.1107330322266 88.4026107788086 88.4322814941406 88.354621887207 88.6701202392578 88.8794479370117 89.0022888183594 89.2663345336914 89.3602981567383 89.6164779663086 89.9693832397461 90.0658645629883 90.17529296875 90.6295166015625 90.5446395874023 90.8550415039062 91.0777282714844 91.2851409912109 91.5297393798828 91.6150207519531 91.7988204956055 92.4221649169922 92.7370300292969 92.6858596801758 93.1073379516602 93.5697937011719 93.8374557495117 93.9448089599609 94.2873840332031 95.354621887207 95.83544921875 96.4040908813477 96.8721466064453 97.4427337646484 98.0877151489258 98.4866104125977 98.9367828369141 99.7696838378906 100.323379516602 101.000137329102 101.908683776855 101.829948425293 102.130714416504 102.288726806641 102.489379882812 102.528854370117 102.869789123535 103.222938537598 103.349983215332
89.0609588623047 89.010856628418 89.0168914794922 89.0681838989258 89.3883438110352 89.3710250854492 89.5328140258789 89.8006820678711 89.7546310424805 90.0854415893555 90.2509231567383 90.3756256103516 90.508544921875 90.8957672119141 90.8080520629883 91.2005920410156 91.5386047363281 91.7149963378906 92.1568374633789 92.2445907592773 92.5358505249023 92.7968215942383 92.9567565917969 92.9314193725586 93.3713302612305 93.7765884399414 94.0512542724609 94.2466354370117 94.7107162475586 95.7117614746094 96.1736297607422 96.5509643554688 96.9003295898438 97.3318557739258 97.6600494384766 98.1375427246094 98.7581253051758 99.4862899780273 99.8787231445312 100.416961669922 100.866691589355 101.020309448242 101.190544128418 101.467582702637 101.747413635254 101.763023376465 102.169921875 102.262298583984 102.621170043945
89.5947418212891 89.5993804931641 89.8822631835938 89.7926025390625 89.8458633422852 89.7627410888672 90.064582824707 90.1206130981445 90.3884811401367 90.434700012207 90.641975402832 90.8291168212891 91.0903091430664 91.3188095092773 91.3772735595703 91.6105422973633 92.1081390380859 92.2650375366211 93.1744766235352 92.7798461914062 93.0357360839844 93.0555191040039 93.177375793457 93.1668167114258 93.7015533447266 94.2500076293945 94.5085525512695 94.5923614501953 95.0163803100586 95.9110794067383 96.2420806884766 96.5159912109375 97.053825378418 97.2482833862305 97.7370681762695 98.1782913208008 98.2373199462891 98.9010314941406 99.4157333374023 99.5964660644531 99.7005310058594 100.400283813477 100.550773620605 100.828491210938 100.854965209961 100.98127746582 101.196838378906 101.51212310791 101.995681762695
89.9226379394531 90.0290679931641 90.4627532958984 90.1503372192383 89.9814300537109 90.1056518554688 90.4261627197266 90.4318466186523 90.8603057861328 90.755973815918 91.0178527832031 91.2535629272461 91.5149688720703 91.6744689941406 91.8120346069336 91.9563369750977 92.543327331543 92.6875381469727 93.3984527587891 93.4042358398438 93.4695053100586 93.5442352294922 93.5760269165039 93.7831497192383 94.120491027832 94.6233901977539 94.837158203125 94.8186111450195 95.259521484375 96.0022125244141 96.1038436889648 96.4870452880859 97.0295333862305 97.2293853759766 97.5322494506836 97.9733276367188 98.0220184326172 98.4032974243164 98.9773864746094 98.983512878418 99.0603637695312 99.4689102172852 99.6665267944336 99.9825897216797 100.036254882812 100.057891845703 100.407768249512 100.711074829102 100.963584899902
90.2446975708008 90.54052734375 90.6052856445312 90.4151382446289 90.4131164550781 90.7637329101562 90.7316741943359 90.91015625 90.9820404052734 91.0441055297852 91.319938659668 91.5648193359375 91.7886047363281 91.9774322509766 92.2903671264648 92.4865493774414 92.7988815307617 92.937744140625 93.4238662719727 93.5522079467773 93.8235473632812 94.1654357910156 94.4068984985352 94.5443420410156 94.7143859863281 94.8834915161133 95.040153503418 95.0361175537109 95.4857711791992 95.8752059936523 96.1378021240234 96.4882125854492 96.6940155029297 97.0708084106445 97.2694320678711 97.4903869628906 97.8800735473633 98.1450805664062 98.4501190185547 98.5895462036133 98.6378326416016 98.6434326171875 98.8024673461914 99.1597900390625 99.2748336791992 99.2486114501953 99.3920364379883 99.7422561645508 100.144523620605
90.9036407470703 91.0211029052734 90.8394165039062 90.7328109741211 90.7304916381836 91.0778884887695 90.9355773925781 91.4629516601562 91.5168991088867 91.6440277099609 91.8252563476562 92.1173248291016 92.22265625 92.536979675293 92.6769409179688 93.0565948486328 93.3543853759766 93.4905700683594 93.8521881103516 93.9503860473633 94.2965087890625 94.8310241699219 94.7281494140625 94.9473648071289 95.105094909668 95.1255111694336 95.4181671142578 95.6239318847656 95.9397430419922 96.0715103149414 96.2263946533203 96.4222793579102 96.809326171875 97.059944152832 97.2503509521484 97.3067016601562 97.5536956787109 97.8256912231445 97.9025268554688 98.1929931640625 98.1593246459961 98.0889892578125 98.0685119628906 98.3794174194336 98.3923034667969 98.3722229003906 98.5377960205078 99.0282669067383 99.3665161132812
91.2869186401367 91.2016143798828 91.2300872802734 91.3725204467773 91.3404312133789 91.3004379272461 91.4969253540039 92.0121307373047 92.2997970581055 92.4221115112305 92.6691665649414 92.5458755493164 92.6219253540039 93.0154495239258 93.0379867553711 93.5675582885742 93.7824630737305 93.9191131591797 94.2045135498047 94.4656753540039 94.6783752441406 95.1274795532227 95.0850296020508 95.1680603027344 95.467658996582 95.6764068603516 95.966682434082 96.2171173095703 96.3016738891602 96.4527969360352 96.5996704101562 96.6811981201172 97.0344390869141 97.0611343383789 97.1099853515625 97.0916519165039 97.2646179199219 97.3894729614258 97.4762115478516 97.700325012207 97.3859024047852 97.644287109375 97.5416030883789 97.8638305664062 98.0583038330078 97.7325057983398 97.8783111572266 98.043830871582 98.3514404296875
91.8155822753906 91.6620788574219 91.7788009643555 92.2386016845703 92.4629211425781 92.7349853515625 92.7598342895508 93.1580657958984 93.4690780639648 93.7613220214844 93.6400146484375 93.7805023193359 93.8646850585938 93.8407974243164 94.239013671875 94.651611328125 94.7923431396484 94.8465728759766 95.2861709594727 95.3969573974609 95.6140060424805 95.6101608276367 95.9323959350586 96.2055358886719 96.4581069946289 96.6008224487305 96.6119003295898 96.7443313598633 96.656494140625 96.7291717529297 96.726203918457 96.9591674804688 96.870002746582 96.9996185302734 97.0149993896484 96.8103179931641 96.6846237182617 96.6816329956055 96.8534164428711 96.7722702026367 96.302360534668 96.2974243164062 96.1514511108398 96.0708389282227 96.2181701660156 96.3098449707031 96.3513259887695 96.3176498413086 96.6193084716797
92.2383651733398 91.9806060791016 92.3844985961914 92.7670593261719 93.1508255004883 93.2101898193359 93.2714309692383 93.7059860229492 94.0230941772461 94.1790618896484 94.4789581298828 94.6473159790039 94.6606597900391 94.510871887207 94.8325424194336 95.3122787475586 95.5494689941406 95.5340805053711 95.8937149047852 96.0194473266602 96.1464004516602 96.3369445800781 96.4871063232422 96.7285232543945 96.6782836914062 96.8156051635742 96.8232574462891 96.9684371948242 96.9832153320312 96.9491500854492 96.8195648193359 96.9161376953125 97.0035400390625 96.9280853271484 96.9199600219727 96.7626190185547 96.5690383911133 96.5239028930664 96.50537109375 96.1969451904297 95.8582382202148 95.6981582641602 95.6451416015625 95.6147994995117 95.635498046875 95.6540832519531 95.3457565307617 95.5445861816406 95.9980163574219
92.552001953125 92.6175765991211 93.0614013671875 93.4593505859375 93.5794372558594 93.6474151611328 93.9469909667969 94.1291351318359 94.41015625 94.4936294555664 95.0188369750977 95.1414031982422 95.3100280761719 95.3844375610352 95.4876251220703 95.6703262329102 95.9943542480469 96.049690246582 96.5818252563477 96.6805877685547 96.9690628051758 96.8706588745117 96.8278274536133 96.9853591918945 96.9870529174805 97.2627410888672 97.2654724121094 97.4037094116211 97.3582458496094 97.2445297241211 97.1139450073242 96.9882202148438 97.1041107177734 96.8109436035156 96.701301574707 96.6083755493164 96.3226547241211 96.026496887207 96.0431671142578 96.0612869262695 95.8866806030273 95.4021911621094 95.1263656616211 94.8399200439453 94.8090133666992 94.9554824829102 94.5764007568359 94.9886627197266 95.4912872314453
92.9869537353516 93.1518402099609 93.1912384033203 93.4070816040039 93.7356643676758 93.9656219482422 94.438117980957 94.7031631469727 94.9118041992188 95.115104675293 95.3063888549805 95.4252471923828 95.8278427124023 96.1359176635742 96.1654052734375 96.3875427246094 96.3301696777344 96.3951721191406 97.1071701049805 97.2758483886719 97.4531555175781 97.2596054077148 97.4009399414062 97.4453887939453 97.4403610229492 97.6758193969727 97.6549377441406 97.8074188232422 97.6740646362305 97.5528945922852 97.3590927124023 97.2307205200195 97.1193923950195 96.9814529418945 96.6104507446289 96.4044342041016 96.2612762451172 95.8945541381836 95.8554306030273 95.8909530639648 95.6907653808594 95.0772552490234 94.6369171142578 94.2428817749023 94.0966491699219 94.0638046264648 94.0829772949219 94.2905120849609 94.8697357177734
93.7428131103516 93.6847686767578 93.7009582519531 93.9764938354492 93.9989624023438 94.3194046020508 94.7232818603516 95.1870498657227 95.4809722900391 95.7460784912109 95.5951309204102 95.7459945678711 96.2586288452148 96.8210754394531 97.0357894897461 96.9682464599609 96.879638671875 97.0650482177734 97.6341094970703 97.6441497802734 97.8498764038086 97.9645462036133 98.1936721801758 98.2202911376953 98.0242919921875 98.0772552490234 98.1376342773438 98.0503005981445 97.9665298461914 97.5031280517578 97.5732727050781 97.2987823486328 97.115364074707 96.9468841552734 96.4274749755859 96.1021575927734 95.9919204711914 95.7563858032227 95.6177749633789 95.4841537475586 95.1494750976562 94.5219192504883 94.2029495239258 93.8647308349609 94.0613708496094 94.2220001220703 93.8158874511719 94.0167236328125 94.4691925048828
94.6026382446289 94.392692565918 94.4737091064453 94.5565948486328 94.3174896240234 94.5496826171875 94.8460540771484 95.4656372070312 95.6055679321289 95.9677963256836 96.0900115966797 96.3736724853516 96.5736694335938 97.2825164794922 97.6207885742188 97.5261611938477 97.7034454345703 97.7586898803711 98.1643447875977 98.2374572753906 98.4570541381836 98.6294250488281 98.6452407836914 98.7006454467773 98.5585250854492 98.728630065918 98.7395935058594 98.5531311035156 98.4759826660156 97.9337844848633 97.8073654174805 97.4832611083984 97.3635330200195 96.9242706298828 96.4804840087891 96.1509246826172 95.7859039306641 95.5059585571289 95.4406890869141 95.3564682006836 94.9092025756836 94.1438827514648 93.8648452758789 93.6083831787109 93.884162902832 93.9039001464844 93.6740875244141 93.9187850952148 94.1871185302734
94.6487426757812 94.6334533691406 95.0036239624023 94.8791656494141 94.8550796508789 95.2495040893555 95.2339782714844 95.8477172851562 95.9240188598633 96.2135543823242 96.553092956543 96.8389587402344 96.8941802978516 97.6386566162109 98.0910415649414 98.2055282592773 98.24169921875 98.444206237793 98.7673110961914 98.8527755737305 99.1181488037109 99.1465911865234 99.1328430175781 99.0528717041016 99.1629409790039 99.3056030273438 99.1046295166016 99.0698318481445 99.032829284668 98.4383544921875 98.0822830200195 97.699836730957 97.5118942260742 97.1130828857422 96.7206344604492 96.5029754638672 96.0419235229492 95.5355529785156 95.4429092407227 95.200553894043 94.6354370117188 93.8536758422852 93.6174621582031 93.3647308349609 93.4269790649414 93.4060287475586 93.3459014892578 93.684211730957 94.265983581543
94.8138580322266 95.1886138916016 95.3636093139648 95.4239959716797 95.6230010986328 95.8334350585938 96.0110473632812 96.1044769287109 96.2935409545898 96.7448577880859 96.8789901733398 97.1633071899414 97.2568969726562 97.9525680541992 98.5592575073242 98.8124694824219 98.8411712646484 99.2959747314453 99.2673110961914 99.3797912597656 99.5704650878906 99.5766677856445 99.7582015991211 99.6591491699219 99.8164825439453 99.652458190918 99.5272827148438 99.6066055297852 99.4526214599609 98.7178726196289 98.1999435424805 97.8764953613281 97.6177444458008 97.3855514526367 97.0421676635742 96.6631927490234 96.1826171875 95.5746459960938 95.1919631958008 94.8984603881836 94.4725570678711 93.7239532470703 93.4095230102539 93.1567535400391 93.1248245239258 93.1533050537109 93.0138473510742 93.4148941040039 94.1466751098633
95.2455978393555 95.6933288574219 95.7343292236328 95.9241638183594 96.1169815063477 96.1716690063477 96.5265502929688 96.5536193847656 96.8029098510742 97.332145690918 97.4742736816406 97.699592590332 97.8368301391602 98.2724227905273 98.9843826293945 99.2478637695312 99.2953491210938 99.8009338378906 99.9723281860352 100.136657714844 100.244087219238 100.270881652832 100.330711364746 100.37899017334 100.205284118652 100.05428314209 100.124641418457 99.9851760864258 99.7255859375 99.0456771850586 98.4526519775391 98.1083221435547 97.8908309936523 97.6809921264648 97.3240585327148 96.8237762451172 96.2065353393555 95.4963760375977 95.1795425415039 94.9162216186523 94.5832366943359 93.4070739746094 93.1196365356445 93.099967956543 92.9774169921875 93.0689544677734 93.0521850585938 93.2360916137695 93.922492980957
