rcp8.5models/CNRM-CM5/sc1gr5.23
NCOLS 261 
NROWS 433 
XLLCORNER 336357.134 
YLLCORNER 654653.479 
CELLSIZE 1000 
NODATA_value -3.4e+38 
[rows 242 to 263 of 433, columns 196 to 244 of 261]
290.044860839844 290.747222900391 291.685974121094 292.418701171875 292.966705322266 293.474243164062 293.759094238281 293.381225585938 293.487762451172 294.068115234375 294.323089599609 294.919860839844 294.997833251953 295.057891845703 295.055786132812 295.293151855469 295.798645019531 295.887329101562 296.027465820312 -3.4e+38 -3.4e+38 296.066131591797 295.660675048828 295.746734619141 296.405639648438 296.492767333984 296.328582763672 296.0908203125 296.580474853516 296.829376220703 297.547058105469 297.826477050781 297.944610595703 297.680938720703 297.261444091797 297.364837646484 297.667297363281 297.885955810547 297.949981689453 298.160278320312 298.482086181641 298.841644287109 298.730010986328 298.795166015625 -3.4e+38 -3.4e+38 -3.4e+38 -3.4e+38 299.011840820312
290.060363769531 290.776519775391 291.141632080078 291.613433837891 292.096221923828 292.393341064453 292.726593017578 292.653350830078 293.514678955078 294.240966796875 294.526550292969 294.786193847656 294.973999023438 295.322998046875 295.414672851562 295.491760253906 295.822052001953 295.906890869141 296.046844482422 -3.4e+38 -3.4e+38 295.906372070312 295.433288574219 295.468566894531 295.8017578125 296.092071533203 295.95361328125 295.834991455078 296.376068115234 296.832275390625 297.247741699219 297.401763916016 297.200561523438 296.732391357422 296.975006103516 297.280700683594 297.682434082031 298.001708984375 297.933288574219 298.090942382812 298.248229980469 298.487365722656 298.643585205078 298.777099609375 -3.4e+38 -3.4e+38 298.740844726562 -3.4e+38 -3.4e+38
290.646789550781 291.147216796875 291.247985839844 291.836212158203 292.044769287109 292.233215332031 292.564300537109 293.181915283203 294.016540527344 294.464080810547 294.724456787109 295.091094970703 295.097900390625 295.060028076172 295.323059082031 295.6240234375 295.834442138672 295.912780761719 295.362091064453 295.664855957031 -3.4e+38 -3.4e+38 296.018218994141 295.384368896484 295.18798828125 295.622467041016 295.836761474609 296.085571289062 296.136413574219 296.76513671875 297.060272216797 297.00146484375 296.670837402344 296.571014404297 297.046997070312 297.327758789062 297.636871337891 297.767272949219 297.957458496094 297.935913085938 298.093444824219 298.025238037109 298.141021728516 298.531951904297 -3.4e+38 298.817443847656 298.810974121094 298.744567871094 -3.4e+38
291.017059326172 291.746612548828 291.786499023438 292.154388427734 292.816802978516 292.936645507812 292.984802246094 293.932250976562 294.239501953125 294.595520019531 294.786224365234 295.144348144531 295.235382080078 295.110656738281 295.275238037109 295.516845703125 295.792510986328 295.725708007812 294.853515625 295.270599365234 295.951385498047 295.996826171875 295.973083496094 295.481689453125 295.143218994141 295.523010253906 -3.4e+38 -3.4e+38 296.275665283203 296.555786132812 296.641632080078 296.435913085938 296.275482177734 296.791168212891 297.021392822266 297.113677978516 297.405731201172 297.532531738281 298.006378173828 297.924438476562 298.006103515625 297.7431640625 297.959289550781 298.393371582031 -3.4e+38 298.7626953125 298.7900390625 298.746185302734 298.748443603516
291.14404296875 292.06103515625 292.345458984375 292.610961914062 293.143341064453 293.19580078125 293.459320068359 294.237640380859 294.341857910156 294.677917480469 294.961669921875 295.109741210938 295.191009521484 295.173309326172 295.187347412109 295.304290771484 295.571655273438 295.065734863281 294.470367431641 294.926116943359 295.43212890625 295.877532958984 295.82421875 295.640838623047 295.478302001953 295.560852050781 -3.4e+38 -3.4e+38 296.424926757812 296.172241210938 296.02294921875 296.249328613281 296.304046630859 296.738647460938 297.030883789062 297.019958496094 297.198211669922 297.497253417969 297.557708740234 297.483154296875 297.846740722656 297.868499755859 298.143096923828 298.332794189453 298.604370117188 298.681823730469 298.607971191406 298.747924804688 298.781188964844
291.897186279297 292.564971923828 292.674102783203 293.206665039062 293.217956542969 293.298858642578 293.808715820312 294.299743652344 294.341796875 294.667724609375 294.939727783203 294.945678710938 294.775268554688 295.00732421875 -3.4e+38 295.126770019531 295.324035644531 294.799224853516 293.743438720703 294.424102783203 295.055755615234 295.68603515625 295.824859619141 295.533172607422 295.100524902344 295.246154785156 -3.4e+38 -3.4e+38 295.767272949219 295.272094726562 295.756683349609 296.298187255859 296.270629882812 296.076873779297 296.788757324219 297.003967285156 297.007995605469 297.246643066406 297.135559082031 297.162048339844 297.475891113281 297.945343017578 298.102325439453 298.261688232422 298.352203369141 298.436218261719 298.455413818359 298.549865722656 298.572021484375
292.444793701172 292.829498291016 293.006195068359 293.272399902344 293.276550292969 293.652160644531 294.015533447266 294.289764404297 294.312896728516 294.499725341797 294.567535400391 294.335601806641 293.944915771484 294.579559326172 294.852661132812 294.462158203125 294.748077392578 294.809631347656 293.8544921875 294.577331542969 295.007171630859 295.442199707031 295.585235595703 295.011260986328 294.946411132812 295.541534423828 295.831420898438 -3.4e+38 295.27880859375 294.645690917969 295.638122558594 295.789855957031 295.684448242188 295.896423339844 296.476165771484 296.649383544922 296.74365234375 296.941040039062 296.794219970703 297.137908935547 297.230133056641 297.700744628906 297.948944091797 298.105682373047 298.244842529297 298.267761230469 298.255432128906 298.179809570312 298.320495605469
292.202117919922 292.484191894531 292.564880371094 292.774047851562 293.042205810547 293.788482666016 293.814056396484 293.928405761719 294.289184570312 294.400787353516 294.143585205078 293.331268310547 293.235443115234 294.326354980469 294.195465087891 293.833618164062 294.567932128906 294.396453857422 294.485076904297 294.787902832031 294.862030029297 295.065521240234 295.101379394531 295.022094726562 295.29833984375 295.570983886719 295.345397949219 295.710845947266 295.206787109375 294.394287109375 295.330383300781 -3.4e+38 294.928314208984 295.599700927734 295.812835693359 295.991851806641 296.480346679688 296.559234619141 296.505950927734 297.020629882812 297.146789550781 297.559844970703 297.939086914062 298.021301269531 298.048797607422 298.111083984375 298.180206298828 298.060882568359 298.155944824219
291.009033203125 291.6484375 292.048950195312 292.498321533203 293.035675048828 293.446533203125 293.427307128906 293.979919433594 294.260894775391 294.10888671875 293.306091308594 292.737457275391 293.5029296875 294.070648193359 293.703826904297 293.538208007812 294.327270507812 293.818359375 294.223510742188 294.128509521484 293.969146728516 293.883270263672 294.395233154297 295.041839599609 295.191375732422 294.898406982422 294.93603515625 295.291290283203 295.029541015625 294.745178222656 294.624908447266 294.606079101562 294.844024658203 295.2158203125 295.199645996094 295.389678955078 295.904815673828 296.085815429688 296.332275390625 297.020721435547 297.121856689453 297.531158447266 297.833312988281 297.861907958984 297.816619873047 297.859558105469 297.96484375 298.019622802734 298.091522216797
289.771667480469 290.728546142578 291.734771728516 292.103820800781 293.338531494141 293.22216796875 293.172973632812 294.058319091797 293.912567138672 293.431457519531 292.752075195312 292.497375488281 293.438354492188 293.435516357422 293.257934570312 293.099365234375 293.5419921875 293.429809570312 -3.4e+38 293.055145263672 292.671020507812 292.988739013672 293.831024169922 294.868713378906 295.036254882812 294.547546386719 294.317718505859 294.211303710938 294.436553955078 294.831817626953 293.641448974609 294.191314697266 294.765350341797 294.361999511719 294.668060302734 295.030517578125 295.668487548828 296.2578125 296.371215820312 296.867645263672 297.123687744141 297.413787841797 297.588531494141 297.452880859375 297.454376220703 297.455932617188 297.597534179688 297.974914550781 298.093780517578
288.881225585938 289.670318603516 291.168212890625 292.021087646484 293.035705566406 292.732482910156 293.156036376953 293.730987548828 293.251220703125 292.757720947266 292.725341796875 292.316375732422 292.863128662109 292.420257568359 292.370391845703 292.219909667969 292.3525390625 292.985595703125 293.162231445312 292.62451171875 292.484161376953 293.322814941406 294.172637939453 294.588623046875 294.8662109375 294.451965332031 293.649169921875 293.282104492188 293.741973876953 294.170318603516 293.486267089844 294.230194091797 294.481048583984 294.097106933594 294.410766601562 295.001037597656 295.607666015625 296.180938720703 296.513488769531 296.860046386719 297.096130371094 297.258239746094 297.216339111328 297.083557128906 297.065460205078 296.948516845703 297.358459472656 297.877349853516 298.026092529297
289.254638671875 289.848083496094 291.159332275391 292.537841796875 292.591766357422 292.078582763672 292.664215087891 293.364410400391 293.159271240234 292.673980712891 292.151580810547 291.842651367188 292.152099609375 291.375244140625 291.435546875 291.454162597656 291.7373046875 292.404235839844 292.799194335938 292.730773925781 292.670471191406 293.141479492188 293.672485351562 294.111175537109 294.716369628906 294.525146484375 293.867279052734 293.249877929688 292.416442871094 291.720550537109 293.190704345703 293.733062744141 293.621002197266 294.003234863281 294.596435546875 295.089385986328 295.435577392578 295.968139648438 296.537170410156 296.667114257812 296.755737304688 297.012573242188 296.670928955078 296.7333984375 296.959014892578 296.978729248047 297.273468017578 297.513732910156 297.800567626953
290.911560058594 290.825531005859 291.546112060547 292.511016845703 292.308380126953 291.739379882812 292.132598876953 293.15771484375 292.884399414062 292.197204589844 291.752288818359 291.477905273438 291.502105712891 291.201568603516 290.891448974609 290.915435791016 291.868957519531 292.211791992188 292.423828125 292.748046875 292.524749755859 292.395782470703 292.973571777344 293.880096435547 294.480926513672 294.225708007812 294.09619140625 293.161315917969 292.134979248047 291.808776855469 292.999206542969 293.026336669922 293.487609863281 294.151763916016 294.746795654297 295.186431884766 295.301147460938 295.642181396484 296.157135009766 296.334686279297 296.422729492188 296.523071289062 296.184204101562 296.502288818359 296.974548339844 297.114135742188 297.22265625 297.443786621094 297.762390136719
291.897644042969 292.070404052734 291.831604003906 291.09375 291.450775146484 291.798492431641 292.219329833984 293.159606933594 293.139526367188 292.957305908203 292.450164794922 291.974792480469 291.918914794922 291.228332519531 290.477935791016 289.904754638672 289.12744140625 288.623657226562 292.275634765625 292.105194091797 292.689483642578 292.992645263672 293.455841064453 293.798065185547 293.041320800781 293.025848388672 293.723388671875 293.400054931641 292.618408203125 292.890228271484 294.311187744141 293.805999755859 293.390625 294.184906005859 294.625793457031 294.798095703125 294.176361083984 294.713348388672 295.193603515625 295.996429443359 296.480255126953 296.972534179688 297.129943847656 296.988952636719 296.450408935547 296.714538574219 297.233856201172 297.296905517578 297.585998535156
291.559051513672 291.620758056641 290.665222167969 290.334259033203 291.212585449219 291.724822998047 292.034271240234 292.595611572266 292.693572998047 293.076843261719 292.742218017578 291.828704833984 291.448425292969 290.636169433594 288.575866699219 288.744445800781 289.667816162109 289.083404541016 292.428375244141 292.852630615234 293.348937988281 293.431274414062 293.480194091797 291.8134765625 289.555725097656 291.717376708984 293.096832275391 292.974517822266 292.467864990234 292.539001464844 294.067535400391 294.017364501953 293.274932861328 293.813873291016 294.215118408203 294.099761962891 293.863128662109 294.095672607422 294.774566650391 295.629608154297 296.147094726562 296.653076171875 296.915893554688 297.281951904297 296.954895019531 297.060882568359 297.245788574219 297.485900878906 297.55908203125
291.22998046875 291.087066650391 290.245300292969 289.672088623047 290.568328857422 291.471862792969 292.011444091797 292.152160644531 292.065582275391 292.890625 292.768463134766 291.654968261719 290.680511474609 289.634063720703 287.845031738281 289.551788330078 291.204956054688 291.139495849609 292.437652587891 293.110198974609 293.240814208984 293.32275390625 292.345123291016 288.127990722656 286.966247558594 291.303894042969 292.433868408203 292.883514404297 292.395141601562 292.183654785156 293.818023681641 294.135375976562 293.523284912109 293.638793945312 293.557006835938 292.301239013672 291.554382324219 293.795288085938 294.255523681641 295.40234375 295.953308105469 296.457733154297 296.792724609375 297.385345458984 297.375366210938 297.376342773438 296.984466552734 297.539154052734 297.542053222656
290.841552734375 290.355102539062 290.453826904297 289.764862060547 290.523284912109 291.470245361328 291.776458740234 291.972778320312 291.835144042969 292.469635009766 292.3173828125 291.082702636719 290.006530761719 289.627166748047 287.670471191406 286.202667236328 286.654479980469 291.235076904297 292.253112792969 292.342132568359 292.620178222656 293.299743652344 -3.4e+38 286.068756103516 289.001800537109 291.985900878906 292.709808349609 293.280822753906 292.604278564453 292.431213378906 293.886627197266 294.245330810547 293.777709960938 293.155395507812 291.624053955078 289.02880859375 287.532318115234 292.376403808594 294.369964599609 295.404724121094 295.955444335938 296.383056640625 296.603149414062 296.913421630859 297.248901367188 297.567535400391 297.344146728516 297.446502685547 297.487396240234
290.001556396484 289.552551269531 289.901733398438 289.844116210938 290.736053466797 291.508026123047 291.847717285156 291.990844726562 291.984680175781 292.124084472656 292.108306884766 290.478973388672 286.495941162109 285.794891357422 288.87255859375 286.251831054688 285.557891845703 288.381256103516 287.610778808594 291.439270019531 292.418731689453 292.982116699219 291.320922851562 289.213226318359 291.006561279297 292.148742675781 292.864807128906 293.126037597656 292.935699462891 292.682830810547 293.939453125 294.424774169922 293.752380371094 291.740509033203 289.938385009766 286.198089599609 285.941741943359 293.134033203125 295.011322021484 295.322723388672 295.553588867188 296.108917236328 296.437866210938 296.499481201172 296.810882568359 297.321502685547 297.515625 297.350494384766 297.437744140625
288.916015625 289.168273925781 289.714599609375 290.289642333984 290.861236572266 291.331085205078 291.324432373047 292.077239990234 292.095916748047 291.784149169922 291.970703125 289.669982910156 283.584228515625 284.977935791016 290.353302001953 288.251647949219 284.855316162109 283.519622802734 282.916839599609 291.615081787109 292.500274658203 292.657623291016 292.081573486328 291.936614990234 291.571258544922 291.683685302734 292.436187744141 293.008972167969 293.225128173828 292.699462890625 293.735748291016 294.121215820312 294.077270507812 292.754272460938 290.817016601562 287.498626708984 290.209808349609 294.665863037109 295.359466552734 295.333984375 295.295562744141 295.727478027344 296.399597167969 296.541625976562 296.659149169922 297.006561279297 297.134704589844 297.144409179688 297.345886230469
288.323028564453 288.647155761719 289.821838378906 290.288940429688 290.347625732422 290.616394042969 290.835784912109 291.880889892578 291.863952636719 291.532592773438 291.612701416016 289.916900634766 285.400848388672 287.453125 288.267608642578 283.048767089844 281.807098388672 283.482452392578 284.800994873047 291.003204345703 292.277648925781 292.455871582031 291.892425537109 290.960357666016 289.185485839844 289.243957519531 292.269653320312 293.050689697266 293.365539550781 293.172698974609 292.776458740234 292.742279052734 294.610229492188 293.710479736328 291.456207275391 292.001708984375 293.980499267578 294.975250244141 295.48876953125 295.636627197266 295.734802246094 296.076965332031 296.415161132812 296.543609619141 296.654937744141 296.810577392578 297.010009765625 297.220764160156 297.251220703125
288.025726318359 287.980712890625 289.387176513672 289.393188476562 289.830657958984 290.442840576172 290.870269775391 291.552185058594 291.409271240234 291.182250976562 291.410461425781 291.487640380859 288.748321533203 285.576507568359 281.779144287109 276.062103271484 279.279693603516 283.6845703125 289.248840332031 290.923065185547 292.160522460938 292.195251464844 291.716735839844 290.742828369141 289.253112792969 289.653594970703 292.296356201172 292.862182617188 293.195373535156 293.340087890625 291.696685791016 291.417541503906 294.297149658203 -3.4e+38 -3.4e+38 -3.4e+38 295.041595458984 295.215393066406 295.477081298828 295.599029541016 295.718078613281 296.445953369141 296.448272705078 296.442321777344 296.423156738281 296.574615478516 296.995788574219 297.114135742188 297.014068603516
286.944854736328 286.970886230469 289.088409423828 288.774383544922 289.313171386719 290.221527099609 290.913787841797 291.030090332031 291.140502929688 290.655456542969 291.002838134766 291.858551025391 290.939880371094 285.461120605469 276.205932617188 272.078460693359 276.288818359375 282.400543212891 291.170379638672 291.581787109375 292.154174804688 292.109832763672 290.431945800781 287.732116699219 290.645904541016 291.718994140625 291.756805419922 291.490814208984 293.044067382812 -3.4e+38 287.764434814453 288.707489013672 294.048767089844 -3.4e+38 -3.4e+38 295.433929443359 295.415832519531 295.388000488281 295.440551757812 295.442810058594 295.437377929688 295.823089599609 295.908569335938 295.942749023438 296.415679931641 296.565673828125 296.819030761719 296.852813720703 296.697143554688
