rcp8.5models/CNRM-CM5/sc1gr5.18
NCOLS 261 
NROWS 433 
XLLCORNER 336357.134 
YLLCORNER 654653.479 
CELLSIZE 1000 
NODATA_value -3.4e+38 
[rows 352 to 373 of 433, columns 147 to 195 of 261]
262.5595703125 261.347564697266 265.126892089844 274.158874511719 275.432342529297 275.550384521484 275.448913574219 274.691772460938 273.758178710938 273.986907958984 272.504089355469 263.608917236328 258.070617675781 254.757690429688 261.267303466797 268.082244873047 268.507934570312 265.758422851562 265.618835449219 268.319183349609 268.943969726562 270.919281005859 267.78466796875 264.223236083984 265.853515625 271.762115478516 274.160095214844 274.642578125 275.315093994141 275.988586425781 276.130279541016 275.954895019531 276.059600830078 277.170837402344 276.577514648438 276.549713134766 276.656036376953 276.862152099609 277.185791015625 277.642333984375 278.218688964844 278.839233398438 278.873565673828 278.900512695312 278.921417236328 279.184936523438 278.6708984375 278.201904296875 278.231170654297
260.423492431641 260.584228515625 265.914367675781 275.057983398438 275.889923095703 275.705383300781 275.413940429688 275.126525878906 274.807220458984 274.3564453125 273.394165039062 269.516754150391 265.8349609375 263.243804931641 266.989898681641 271.956939697266 271.992645263672 266.727813720703 260.589416503906 265.337646484375 273.421630859375 274.241424560547 270.714538574219 269.553588867188 269.355865478516 272.354248046875 274.860961914062 275.240295410156 275.3740234375 275.996978759766 276.271362304688 276.320983886719 276.615631103516 277.369842529297 276.803161621094 276.511627197266 276.605499267578 276.911315917969 277.264526367188 277.974212646484 278.510314941406 278.890686035156 279.0419921875 278.975250244141 279.262603759766 279.291320800781 278.660034179688 278.152221679688 278.099060058594
259.620147705078 261.874542236328 269.393341064453 276.121673583984 275.960693359375 275.646240234375 275.499206542969 275.342254638672 275.0458984375 274.646789550781 273.915130615234 273.322235107422 272.489807128906 272.236999511719 272.479705810547 272.944427490234 273.293182373047 271.963562011719 267.661071777344 268.933837890625 273.176300048828 275.061706542969 274.817291259766 274.612487792969 274.345336914062 275.400268554688 275.518402099609 275.698822021484 275.724670410156 276.156799316406 276.328704833984 276.676727294922 277.096801757812 277.634765625 277.210205078125 276.683898925781 277.114532470703 277.473510742188 277.765197753906 278.359954833984 278.796600341797 278.964874267578 279.362121582031 279.250213623047 279.410308837891 279.447296142578 278.833068847656 278.386352539062 278.312225341797
258.605133056641 261.292877197266 269.992889404297 276.199310302734 275.948669433594 275.506866455078 275.416076660156 275.34130859375 275.172271728516 274.780120849609 274.20703125 273.753051757812 272.406036376953 270.888397216797 270.104797363281 269.841430664062 274.000946044922 274.410491943359 274.600341796875 273.137481689453 271.928955078125 275.435180664062 273.843994140625 273.647857666016 274.516723632812 275.800811767578 275.868041992188 276.000610351562 276.141296386719 276.350219726562 276.327514648438 276.934814453125 277.268493652344 277.677886962891 277.02880859375 276.386199951172 277.573883056641 277.804840087891 277.985931396484 278.672302246094 278.978393554688 279.363250732422 279.576995849609 279.586700439453 279.543518066406 279.765014648438 279.069122314453 278.178527832031 277.762268066406
256.987609863281 263.016448974609 272.745910644531 276.246795654297 276.033111572266 275.572998046875 275.097534179688 274.994293212891 275.102996826172 274.846954345703 274.148864746094 273.824127197266 272.294738769531 269.008117675781 268.387756347656 270.057220458984 273.738708496094 273.974945068359 274.716705322266 274.426330566406 273.861572265625 273.708251953125 272.000427246094 273.486236572266 274.158142089844 275.251007080078 276.235626220703 276.408935546875 276.350128173828 276.500946044922 276.527099609375 277.179229736328 277.320159912109 277.459716796875 277.002563476562 276.517486572266 277.617919921875 277.834381103516 278.089416503906 278.637390136719 278.940124511719 279.403472900391 279.606658935547 279.780181884766 279.758819580078 279.768585205078 279.177093505859 278.490692138672 278.192657470703
258.260223388672 270.618530273438 276.039215087891 276.044616699219 275.808013916016 275.339385986328 274.754608154297 274.589752197266 274.638305664062 274.574676513672 274.063598632812 274.002716064453 273.117309570312 270.949066162109 271.532318115234 273.643981933594 273.246337890625 273.760833740234 274.832916259766 275.613830566406 275.576629638672 272.814727783203 270.567413330078 274.2001953125 275.147186279297 274.909088134766 275.361175537109 276.593627929688 276.842468261719 276.793609619141 276.760864257812 277.388885498047 277.446746826172 277.588012695312 277.328948974609 277.22021484375 277.649017333984 278.010162353516 278.143585205078 278.274536132812 278.692657470703 279.106903076172 279.652313232422 279.808715820312 279.846496582031 279.758239746094 279.523803710938 279.28271484375 278.995788574219
263.065979003906 275.485626220703 275.973083496094 275.872741699219 275.546264648438 275.006866455078 274.615173339844 274.482727050781 274.326721191406 274.193878173828 274.121673583984 274.538757324219 274.588653564453 274.526000976562 274.299865722656 274.127380371094 273.755645751953 274.218170166016 274.958221435547 275.568237304688 275.696655273438 274.583587646484 271.398406982422 274.502410888672 275.926635742188 275.288940429688 274.529571533203 276.727233886719 277.252044677734 277.052368164062 276.955718994141 277.313934326172 277.591613769531 277.953704833984 277.419830322266 277.323791503906 277.748718261719 278.410888671875 278.431396484375 278.252899169922 278.599212646484 278.839660644531 279.3671875 279.731048583984 279.801025390625 279.762237548828 279.582580566406 279.324829101562 278.904296875
270.662322998047 275.985382080078 276.05126953125 275.860382080078 275.494812011719 275.228210449219 274.825531005859 274.575164794922 274.539886474609 274.288879394531 274.257232666016 274.965576171875 274.686676025391 274.540802001953 274.311920166016 274.194763183594 274.157684326172 274.537475585938 275.027404785156 275.468109130859 275.624481201172 275.626586914062 274.105560302734 275.745147705078 276.052368164062 275.68701171875 275.440460205078 277.028228759766 277.353149414062 277.086059570312 277.033172607422 277.287506103516 277.814483642578 278.164581298828 277.477508544922 277.281372070312 278.044006347656 278.645050048828 278.666015625 278.352752685547 278.400360107422 278.739349365234 279.108642578125 279.695770263672 279.725982666016 279.602325439453 279.534423828125 279.399932861328 279.033874511719
276.129119873047 276.247528076172 276.177764892578 275.934600830078 275.570159912109 275.244598388672 274.750122070312 274.597717285156 274.482421875 273.925231933594 274.016326904297 274.884826660156 274.992034912109 274.866180419922 274.41455078125 273.799560546875 273.958129882812 274.641021728516 -3.4e+38 275.351776123047 275.588073730469 -3.4e+38 276.676208496094 276.725128173828 276.582733154297 276.521545410156 276.911865234375 277.286285400391 277.731475830078 277.177276611328 277.393798828125 277.613372802734 278.066497802734 277.882171630859 277.706970214844 277.8427734375 278.615203857422 278.636688232422 278.786895751953 278.566497802734 278.342163085938 278.800323486328 279.592926025391 279.791595458984 279.987945556641 279.782562255859 279.794677734375 279.495300292969 -3.4e+38
-3.4e+38 276.378723144531 276.195983886719 275.725708007812 275.208587646484 275.048889160156 274.794036865234 274.80419921875 274.705993652344 274.368927001953 274.215728759766 275.031616210938 274.890563964844 274.854614257812 275.038330078125 274.475433349609 274.160980224609 274.601287841797 274.926361083984 275.200347900391 275.349456787109 275.8974609375 276.936340332031 277.172119140625 277.265472412109 276.912780761719 277.149230957031 277.830139160156 277.706420898438 277.352478027344 277.62744140625 277.798919677734 278.134368896484 277.966796875 277.894989013672 277.840698242188 278.455993652344 278.58349609375 278.854461669922 278.701507568359 278.569671630859 278.718078613281 279.390045166016 279.711822509766 279.765441894531 280.083190917969 279.967742919922 279.538909912109 279.405364990234
276.274536132812 276.624328613281 276.319000244141 275.728576660156 275.370819091797 275.271636962891 275.196685791016 275.254547119141 275.125671386719 274.997039794922 274.795532226562 275.345520019531 275.086181640625 274.863708496094 275.245941162109 274.963806152344 274.510406494141 274.505004882812 274.492523193359 274.794189453125 275.079193115234 275.849151611328 276.921569824219 277.286010742188 277.667510986328 277.311431884766 277.447326660156 277.922424316406 277.906799316406 277.669769287109 277.921234130859 277.912841796875 278.036468505859 277.880798339844 277.652801513672 277.669830322266 278.373138427734 278.697296142578 279.135589599609 279.104461669922 278.996124267578 278.964538574219 279.068878173828 279.697601318359 -3.4e+38 280.314849853516 280.099731445312 279.462036132812 279.701202392578
276.282623291016 276.432647705078 276.23291015625 275.793273925781 275.610321044922 275.381500244141 275.407470703125 275.49853515625 275.246795654297 275.090881347656 275.062957763672 275.470092773438 275.461547851562 275.317962646484 275.09130859375 274.393951416016 274.106018066406 274.377166748047 274.126098632812 274.019592285156 274.979614257812 275.725830078125 276.510650634766 277.00146484375 277.358734130859 277.591979980469 277.915191650391 278.230804443359 278.439544677734 278.246276855469 278.272674560547 278.146392822266 278.246490478516 277.587799072266 277.286376953125 277.594116210938 278.380584716797 278.787475585938 279.330688476562 279.488189697266 279.562377929688 279.488037109375 279.298461914062 279.516784667969 -3.4e+38 -3.4e+38 280.0625 279.615081787109 279.851379394531
276.394897460938 276.116577148438 275.933746337891 275.64599609375 275.388488769531 275.33154296875 275.421661376953 275.304779052734 275.213500976562 275.248168945312 275.298858642578 -3.4e+38 -3.4e+38 275.246673583984 274.660339355469 274.564788818359 274.362976074219 274.441192626953 273.925842285156 272.706817626953 273.701080322266 275.43212890625 275.968688964844 276.274871826172 276.497192382812 277.203491210938 277.892700195312 278.432800292969 278.80859375 278.682739257812 278.61572265625 278.572082519531 278.658996582031 277.703002929688 277.474365234375 277.650360107422 278.418670654297 278.855651855469 279.399627685547 279.556549072266 279.63037109375 279.643005371094 279.590911865234 279.483062744141 279.870849609375 -3.4e+38 279.838012695312 279.766052246094 280.025390625
276.548553466797 276.082336425781 275.816711425781 275.384887695312 274.997741699219 275.1748046875 275.466705322266 275.276062011719 275.450744628906 275.52685546875 275.637481689453 275.380706787109 275.321319580078 274.922821044922 274.558654785156 275.273986816406 275.185180664062 274.869995117188 274.375854492188 272.706787109375 272.548126220703 275.111206054688 275.784149169922 276.087646484375 276.284545898438 276.986999511719 277.817840576172 278.243194580078 278.433654785156 278.809234619141 278.707641601562 278.74755859375 278.822570800781 278.161437988281 277.907318115234 277.565673828125 278.221740722656 278.794647216797 279.171783447266 279.295989990234 279.615386962891 279.715637207031 279.910522460938 279.693603515625 279.813507080078 280.293731689453 279.888366699219 280.023864746094 280.282775878906
276.431030273438 275.882019042969 275.624481201172 275.327667236328 275.113830566406 275.4130859375 275.5166015625 275.360931396484 275.718994140625 275.759857177734 275.782989501953 275.337799072266 275.193084716797 275.019714355469 275.013824462891 275.370086669922 275.365447998047 275.106628417969 274.909362792969 273.859771728516 273.111022949219 274.613037109375 275.841461181641 276.540985107422 276.826629638672 277.367645263672 277.843627929688 277.903106689453 277.991058349609 278.667663574219 278.810455322266 278.780517578125 278.94921875 278.683319091797 278.309112548828 277.759429931641 277.941558837891 278.62841796875 278.824249267578 278.925994873047 279.270660400391 279.703582763672 280.122680664062 279.846038818359 279.924987792969 280.529205322266 280.312835693359 280.277374267578 280.5419921875
276.073669433594 275.720733642578 275.742645263672 275.596557617188 275.368927001953 275.798431396484 275.874816894531 275.711975097656 276.0537109375 276.1298828125 275.741119384766 275.540100097656 275.286560058594 275.173309326172 275.443237304688 275.5478515625 275.321166992188 275.308135986328 275.418609619141 274.801940917969 -3.4e+38 274.281372070312 275.639953613281 276.267517089844 276.8974609375 277.364288330078 277.512573242188 277.346740722656 277.627563476562 278.167175292969 278.619079589844 278.836853027344 279.200134277344 278.561981201172 278.290344238281 278.138122558594 278.145446777344 278.620178222656 279.095336914062 279.193786621094 279.279388427734 279.794464111328 280.318969726562 280.229278564453 280.32421875 280.721282958984 280.7998046875 280.493988037109 280.712493896484
276.026641845703 275.945343017578 275.982025146484 275.739044189453 275.465270996094 275.690551757812 276.112426757812 276.290161132812 276.349609375 276.162780761719 275.783447265625 275.860443115234 275.519134521484 275.324310302734 275.788543701172 275.838989257812 275.469757080078 275.681182861328 275.958892822266 275.615509033203 274.354339599609 272.580963134766 275.771942138672 275.971801757812 276.421691894531 276.573913574219 276.765289306641 276.928802490234 277.492492675781 278.124298095703 278.566925048828 278.905090332031 279.221008300781 278.335693359375 278.241241455078 278.335571289062 278.349945068359 278.589202880859 279.291442871094 279.555938720703 279.719879150391 280.025421142578 280.410003662109 -3.4e+38 280.495239257812 280.767883300781 281.115570068359 280.983093261719 280.889770507812
276.201599121094 276.123077392578 275.927581787109 275.735900878906 275.403259277344 275.460754394531 275.926788330078 276.432952880859 276.479919433594 276.070495605469 275.917358398438 275.929748535156 275.837890625 275.778961181641 276.023742675781 275.879943847656 275.841888427734 276.028717041016 276.028930664062 275.661529541016 274.412139892578 272.576446533203 276.055877685547 276.358673095703 276.326019287109 276.149505615234 276.188873291016 276.854827880859 277.650146484375 278.570159912109 278.743316650391 279.090667724609 279.225311279297 278.30712890625 278.485107421875 278.796997070312 278.660217285156 278.567230224609 279.079620361328 279.503387451172 279.682647705078 279.970001220703 280.501281738281 280.675628662109 280.50244140625 280.731323242188 281.329406738281 281.281616210938 280.932220458984
276.530883789062 276.298248291016 275.871826171875 275.643249511719 275.151184082031 275.239227294922 275.697875976562 276.245849609375 276.628387451172 276.433868408203 276.421051025391 276.052795410156 275.90869140625 275.852355957031 276.119506835938 276.110626220703 276.134613037109 275.94140625 275.605743408203 275.308380126953 275.108245849609 274.7841796875 275.647064208984 276.309783935547 276.561859130859 276.303619384766 276.163726806641 276.814392089844 277.576873779297 278.484832763672 278.648101806641 279.337463378906 279.246459960938 278.439361572266 278.988983154297 279.305267333984 279.228698730469 279.022491455078 279.075286865234 279.159942626953 279.606536865234 279.977081298828 280.525512695312 280.705017089844 280.885101318359 280.653472900391 281.332977294922 281.412322998047 281.27685546875
276.748199462891 276.369812011719 275.756622314453 275.718170166016 275.614532470703 275.380096435547 275.478729248047 276.197662353516 276.705108642578 276.889678955078 276.814453125 276.132781982422 275.833465576172 276.023162841797 276.561645507812 276.916412353516 276.687347412109 276.23828125 275.862182617188 275.804138183594 275.684631347656 275.624084472656 275.773376464844 275.925628662109 276.647552490234 276.407836914062 276.491455078125 277.000915527344 277.58447265625 277.954040527344 278.551727294922 279.346008300781 279.312042236328 278.659515380859 279.186553955078 279.488464355469 279.577880859375 279.470886230469 279.329193115234 279.046569824219 279.449920654297 279.546112060547 279.833953857422 280.550628662109 280.873992919922 281.3798828125 281.306976318359 281.443603515625 281.413848876953
276.570770263672 276.343475341797 276.22021484375 276.070831298828 275.803131103516 275.460784912109 275.441650390625 275.961090087891 276.574066162109 277.026153564453 277.011260986328 276.53076171875 276.263336181641 276.415863037109 276.661560058594 276.871124267578 276.648681640625 276.358978271484 276.460754394531 276.402801513672 276.244598388672 276.334350585938 276.398315429688 276.383819580078 276.804382324219 276.494140625 276.685729980469 276.901397705078 277.533203125 278.123748779297 278.834075927734 279.282470703125 279.249450683594 278.667388916016 279.163421630859 279.383117675781 279.896087646484 279.743927001953 279.547729492188 279.273010253906 279.228668212891 279.469543457031 279.648315429688 279.910491943359 280.359313964844 281.424713134766 281.479278564453 281.427307128906 281.400360107422
276.764343261719 276.714385986328 276.803588867188 276.436706542969 275.892211914062 275.724975585938 275.581268310547 275.725158691406 276.263671875 276.943725585938 277.108734130859 276.969055175781 277.019989013672 276.947082519531 276.894104003906 276.636383056641 276.049591064453 276.315307617188 276.531188964844 276.500244140625 276.374206542969 276.692718505859 277.121368408203 277.174285888672 277.035278320312 276.792175292969 276.630004882812 276.653106689453 277.419189453125 277.871734619141 278.871276855469 279.419372558594 279.36376953125 278.712493896484 279.216491699219 279.639495849609 280.259918212891 280.073364257812 279.450500488281 279.196960449219 279.192169189453 279.350128173828 279.382354736328 279.502288818359 280.242004394531 281.264770507812 281.382446289062 281.350982666016 281.425231933594
