rcp8.5models/CNRM-CM5/sc1gr6.9
NCOLS 261 
NROWS 433 
XLLCORNER 336357.134 
YLLCORNER 654653.479 
CELLSIZE 1000 
NODATA_value -3.4e+38 
[rows 0 to 21 of 433, columns 49 to 97 of 261]
-3.4e+38 -3.4e+38 -3.4e+38 -3.4e+38 -3.4e+38 -3.4e+38 -3.4e+38 -3.4e+38 -3.4e+38 -3.4e+38 -3.4e+38 -3.4e+38 -3.4e+38 -3.4e+38 -3.4e+38 -3.4e+38 -3.4e+38 -3.4e+38 -3.4e+38 -3.4e+38 -3.4e+38 -3.4e+38 -3.4e+38 -3.4e+38 -3.4e+38 -3.4e+38 -3.4e+38 -3.4e+38 -3.4e+38 -3.4e+38 -3.4e+38 -3.4e+38 -3.4e+38 -3.4e+38 -3.4e+38 -3.4e+38 -3.4e+38 -3.4e+38 -3.4e+38 -3.4e+38 -3.4e+38 -3.4e+38 -3.4e+38 -3.4e+38 -3.4e+38 -3.4e+38 -3.4e+38 -3.4e+38 -3.4e+38
-3.4e+38 -3.4e+38 -3.4e+38 -3.4e+38 -3.4e+38 -3.4e+38 -3.4e+38 -3.4e+38 -3.4e+38 -3.4e+38 -3.4e+38 -3.4e+38 -3.4e+38 -3.4e+38 -3.4e+38 -3.4e+38 -3.4e+38 -3.4e+38 -3.4e+38 -3.4e+38 -3.4e+38 1079.24047851562 1080.85107421875 1083.99987792969 1087.67224121094 1090.189453125 1091.93090820312 1095.4921875 1098.60021972656 1102.50329589844 1105.51147460938 1107.9169921875 -3.4e+38 -3.4e+38 -3.4e+38 -3.4e+38 -3.4e+38 -3.4e+38 -3.4e+38 -3.4e+38 -3.4e+38 -3.4e+38 -3.4e+38 -3.4e+38 -3.4e+38 -3.4e+38 -3.4e+38 -3.4e+38 -3.4e+38
-3.4e+38 -3.4e+38 -3.4e+38 -3.4e+38 -3.4e+38 -3.4e+38 -3.4e+38 -3.4e+38 -3.4e+38 -3.4e+38 -3.4e+38 -3.4e+38 -3.4e+38 -3.4e+38 -3.4e+38 -3.4e+38 -3.4e+38 -3.4e+38 -3.4e+38 -3.4e+38 1074.78869628906 1077.50183105469 1080.60925292969 1082.98205566406 1086.12670898438 1089.08544921875 1090.77648925781 1093.61547851562 1095.53051757812 1101.56262207031 1104.44348144531 1106.72192382812 1108.85778808594 -3.4e+38 -3.4e+38 -3.4e+38 -3.4e+38 -3.4e+38 -3.4e+38 -3.4e+38 -3.4e+38 -3.4e+38 -3.4e+38 -3.4e+38 -3.4e+38 -3.4e+38 -3.4e+38 -3.4e+38 -3.4e+38
-3.4e+38 -3.4e+38 -3.4e+38 1045.3642578125 1045.11315917969 1045.8212890625 1046.79553222656 1045.24499511719 1045.99169921875 1046.84558105469 1047.59875488281 -3.4e+38 -3.4e+38 1050.75622558594 1054.89514160156 1058.35278320312 1059.64794921875 1061.58618164062 1066.63525390625 1069.99572753906 1073.22717285156 1075.93872070312 1079.30554199219 1081.76550292969 1084.15808105469 1087.08288574219 1089.30969238281 1091.37646484375 1093.587890625 1098.8818359375 1102.53796386719 1105.4599609375 1107.55334472656 -3.4e+38 -3.4e+38 -3.4e+38 -3.4e+38 -3.4e+38 -3.4e+38 -3.4e+38 -3.4e+38 -3.4e+38 -3.4e+38 -3.4e+38 -3.4e+38 -3.4e+38 -3.4e+38 -3.4e+38 -3.4e+38
1042.35986328125 1044.83068847656 1045.17211914062 1043.94677734375 1043.88598632812 1044.34143066406 1045.04724121094 1045.02416992188 1044.86242675781 1045.67932128906 1047.49621582031 1049.05285644531 1050.55908203125 1051.70715332031 1054.30029296875 1057.25268554688 1059.595703125 1060.64636230469 1065.71508789062 1067.77355957031 1071.21435546875 1074.28125 1077.22192382812 1079.779296875 1082.3193359375 1085.15966796875 1088.01904296875 1089.65393066406 1092.62036132812 1097.98059082031 1100.685546875 1103.54809570312 1107.337890625 1109.48962402344 -3.4e+38 -3.4e+38 -3.4e+38 -3.4e+38 -3.4e+38 -3.4e+38 -3.4e+38 -3.4e+38 -3.4e+38 -3.4e+38 -3.4e+38 -3.4e+38 -3.4e+38 -3.4e+38 -3.4e+38
1041.61376953125 1042.89477539062 1043.07849121094 1041.79309082031 1042.35913085938 1043.04357910156 1043.00122070312 1043.48120117188 1044.29028320312 1045.54968261719 1046.21044921875 1047.82800292969 1049.74914550781 1052.25512695312 1053.98388671875 1056.78271484375 1058.42211914062 1058.67565917969 1064.20178222656 -3.4e+38 1068.79296875 -3.4e+38 1074.84069824219 1077.73315429688 1080.64794921875 1082.75122070312 1086.67199707031 1087.76928710938 1090.74682617188 1097.94519042969 1100.39477539062 1102.81433105469 1105.72546386719 1108.63012695312 -3.4e+38 -3.4e+38 -3.4e+38 -3.4e+38 -3.4e+38 -3.4e+38 -3.4e+38 -3.4e+38 -3.4e+38 -3.4e+38 -3.4e+38 -3.4e+38 -3.4e+38 -3.4e+38 -3.4e+38
1041.015625 1041.4580078125 1042.1328125 1041.90515136719 1040.88708496094 1041.10009765625 1040.94152832031 1043.11999511719 1043.53247070312 1044.59606933594 1045.58801269531 1046.35961914062 1048.03491210938 1050.74353027344 1052.85620117188 1055.1953125 1057.10754394531 1059.15161132812 1061.51049804688 -3.4e+38 -3.4e+38 -3.4e+38 -3.4e+38 1074.82604980469 -3.4e+38 1080.41040039062 1083.16284179688 1087.58544921875 1090.62316894531 1097.09069824219 1099.84411621094 1102.71667480469 1105.07092285156 1107.54638671875 1109.76708984375 -3.4e+38 -3.4e+38 -3.4e+38 -3.4e+38 -3.4e+38 -3.4e+38 -3.4e+38 -3.4e+38 -3.4e+38 -3.4e+38 -3.4e+38 -3.4e+38 -3.4e+38 -3.4e+38
1041.94018554688 1041.33435058594 1041.64318847656 1041.58764648438 1040.43872070312 1039.39929199219 1040.97961425781 1043.1298828125 1043.23168945312 1042.7373046875 1043.86828613281 1044.81652832031 1046.72973632812 1049.01696777344 1051.26708984375 1052.794921875 1054.9951171875 1057.72509765625 1060.255859375 -3.4e+38 -3.4e+38 -3.4e+38 -3.4e+38 -3.4e+38 -3.4e+38 1080.14147949219 1082.73583984375 1086.58374023438 1089.19799804688 -3.4e+38 1098.14404296875 1101.84826660156 1104.40551757812 1107.16711425781 1108.99182128906 -3.4e+38 -3.4e+38 -3.4e+38 -3.4e+38 -3.4e+38 -3.4e+38 -3.4e+38 -3.4e+38 -3.4e+38 -3.4e+38 -3.4e+38 -3.4e+38 -3.4e+38 -3.4e+38
1040.39294433594 1039.68627929688 1040.12316894531 1039.72729492188 1038.23876953125 1038.17846679688 1038.84790039062 1040.75952148438 1041.48620605469 1040.92663574219 1042.07604980469 1043.25415039062 1044.16271972656 1046.71472167969 1049.11840820312 1051.291015625 1053.69567871094 1056.00085449219 -3.4e+38 1061.21313476562 1063.970703125 1067.66809082031 1070.79113769531 1073.48596191406 1075.31262207031 -3.4e+38 1082.63403320312 1085.86511230469 1087.93664550781 -3.4e+38 -3.4e+38 1099.64794921875 1102.81396484375 1105.97485351562 1107.15490722656 1109.40307617188 -3.4e+38 -3.4e+38 -3.4e+38 -3.4e+38 -3.4e+38 -3.4e+38 -3.4e+38 -3.4e+38 -3.4e+38 -3.4e+38 -3.4e+38 -3.4e+38 -3.4e+38
1041.29077148438 1038.71789550781 1038.59802246094 1039.12487792969 1039.57836914062 1037.84582519531 1036.80212402344 1038.67797851562 1039.47741699219 1039.25354003906 1040.12487792969 1041.53759765625 1043.12170410156 1044.73095703125 1047.11096191406 1049.80200195312 1051.82751464844 1054.29553222656 -3.4e+38 1061.87109375 1064.17846679688 -3.4e+38 -3.4e+38 1073.28125 1076.2177734375 -3.4e+38 -3.4e+38 1083.88830566406 1086.38464355469 -3.4e+38 1095.03918457031 1098.12658691406 1100.82824707031 1104.33117675781 1106.09875488281 1108.15441894531 1113.2265625 -3.4e+38 -3.4e+38 -3.4e+38 -3.4e+38 -3.4e+38 -3.4e+38 -3.4e+38 -3.4e+38 -3.4e+38 -3.4e+38 -3.4e+38 -3.4e+38
1039.77685546875 1039.38598632812 1037.49328613281 1037.06469726562 1037.28125 1035.02221679688 1034.91259765625 1035.68884277344 1037.46313476562 1036.67272949219 1037.64379882812 1039.50122070312 1039.98376464844 1042.732421875 1045.50085449219 1048.15783691406 1050.70190429688 1052.53002929688 -3.4e+38 1061.14453125 1063.3154296875 1065.50073242188 -3.4e+38 1070.29724121094 1073.291015625 1075.92663574219 1078.56188964844 1081 1084.35876464844 1090.45922851562 1093.82885742188 -3.4e+38 -3.4e+38 1103.33459472656 1106.20349121094 1109.34301757812 1111.43298339844 1113.69409179688 -3.4e+38 -3.4e+38 -3.4e+38 -3.4e+38 -3.4e+38 -3.4e+38 -3.4e+38 -3.4e+38 -3.4e+38 -3.4e+38 -3.4e+38
1040.16723632812 1037.74047851562 1035.470703125 1034.89208984375 1035.53527832031 1033.32446289062 1032.72863769531 1034.07592773438 1036.18835449219 1035.91882324219 1036.46508789062 1037.83312988281 1041.11853027344 1043.41162109375 1044.77490234375 1047.08349609375 1049.36645507812 1051.91333007812 1056.6689453125 1058.94458007812 1062.17639160156 -3.4e+38 -3.4e+38 -3.4e+38 1072.01818847656 -3.4e+38 1077.82067871094 1079.94104003906 1082.54418945312 1090.40637207031 1093.86462402344 1097.06103515625 -3.4e+38 1102.45666503906 1105.16735839844 1108.39465332031 1111.44396972656 1113.10729980469 -3.4e+38 -3.4e+38 -3.4e+38 -3.4e+38 -3.4e+38 -3.4e+38 -3.4e+38 -3.4e+38 -3.4e+38 -3.4e+38 -3.4e+38
1039.26110839844 1037.70129394531 1034.06555175781 1033.52160644531 1033.36547851562 1030.51647949219 1030.50329589844 1031.533203125 1033.57202148438 1035.37194824219 1036.6376953125 1038.14929199219 1040.65258789062 1042.38732910156 1043.65112304688 1045.65795898438 1048.16430664062 1051.01403808594 1055.95349121094 1058.68188476562 -3.4e+38 -3.4e+38 -3.4e+38 1069.09252929688 1072.17272949219 -3.4e+38 -3.4e+38 1079.14538574219 -3.4e+38 1089.9453125 1093.02954101562 1096.12841796875 -3.4e+38 -3.4e+38 -3.4e+38 1106.80114746094 1110.07434082031 1112.54077148438 1115.31286621094 -3.4e+38 -3.4e+38 -3.4e+38 -3.4e+38 -3.4e+38 -3.4e+38 -3.4e+38 -3.4e+38 -3.4e+38 -3.4e+38
1037.95544433594 1036.07580566406 1033.35876464844 1032.31127929688 1031.18530273438 1028.3857421875 1028.41906738281 1030.31420898438 1031.79870605469 1034.365234375 1035.689453125 1037.63659667969 1039.63195800781 1040.90063476562 1042.66735839844 1044.72106933594 -3.4e+38 1049.9091796875 1054.51416015625 -3.4e+38 -3.4e+38 1062.72436523438 -3.4e+38 -3.4e+38 -3.4e+38 1074.96081542969 1078.08312988281 1081.08862304688 1083.97619628906 1089.36853027344 1092.38879394531 1094.80920410156 -3.4e+38 -3.4e+38 -3.4e+38 -3.4e+38 1108.19409179688 1111.81335449219 1114.41003417969 1116.76794433594 -3.4e+38 -3.4e+38 -3.4e+38 -3.4e+38 -3.4e+38 -3.4e+38 -3.4e+38 -3.4e+38 -3.4e+38
1037.13854980469 1034.30151367188 1031.19262695312 1028.42492675781 1027.67443847656 1025.27026367188 1025.5556640625 1029.56677246094 1031.32690429688 1033.75378417969 1034.24035644531 1035.78393554688 1037.25952148438 1039.38891601562 1041.20910644531 -3.4e+38 -3.4e+38 -3.4e+38 1053.42272949219 -3.4e+38 1058.72436523438 1061.61059570312 1063.66638183594 1067.80212402344 1070.9599609375 1074.99597167969 1078.73779296875 1081.70483398438 1083.57666015625 1089.65405273438 1090.86437988281 1093.82885742188 1096.60974121094 -3.4e+38 -3.4e+38 -3.4e+38 -3.4e+38 1110.24426269531 1113.85754394531 1116.34130859375 1118.44934082031 -3.4e+38 -3.4e+38 -3.4e+38 -3.4e+38 -3.4e+38 -3.4e+38 -3.4e+38 -3.4e+38
-3.4e+38 1032.76794433594 1029.17565917969 1025.82141113281 1024.37976074219 1023.49499511719 1024.56787109375 1029.1953125 1030.21203613281 1032.45385742188 1032.68603515625 1034.07568359375 1036.27160644531 1037.39208984375 -3.4e+38 -3.4e+38 1044.72021484375 -3.4e+38 -3.4e+38 1055.55737304688 1059.53125 1062.40454101562 1064.58020019531 1067.31567382812 1069.96789550781 1074.07836914062 1077.93017578125 1080.552734375 1083.09814453125 1088.9853515625 1090.76867675781 1093.90258789062 1094.42932128906 1097.48327636719 1099.96667480469 -3.4e+38 -3.4e+38 -3.4e+38 1113.42456054688 1117.17321777344 1119.28796386719 -3.4e+38 -3.4e+38 -3.4e+38 -3.4e+38 -3.4e+38 -3.4e+38 -3.4e+38 -3.4e+38
-3.4e+38 -3.4e+38 -3.4e+38 -3.4e+38 -3.4e+38 1022.24133300781 1024.763671875 1028.71215820312 1029.49279785156 1030.62170410156 1031.76574707031 1032.36804199219 1035.13781738281 -3.4e+38 -3.4e+38 1042.67785644531 1044.76647949219 1045.74865722656 1050.30895996094 1055.36328125 1058.75964355469 1062.48779296875 1065.94152832031 1067.02526855469 1069.12414550781 1072.9921875 1076.5869140625 1079.01171875 1082.26843261719 1088.18798828125 1089.05603027344 1091.79162597656 1093.82421875 1099.04602050781 1100.60107421875 1102.71533203125 -3.4e+38 -3.4e+38 -3.4e+38 1116.111328125 1118.86486816406 -3.4e+38 -3.4e+38 -3.4e+38 -3.4e+38 -3.4e+38 -3.4e+38 -3.4e+38 -3.4e+38
-3.4e+38 -3.4e+38 -3.4e+38 -3.4e+38 -3.4e+38 1020.68682861328 1023.03942871094 1027.01904296875 1027.89465332031 1029.21752929688 1029.99438476562 1030.87536621094 -3.4e+38 -3.4e+38 -3.4e+38 1041.58874511719 1043.48095703125 -3.4e+38 1051.22802734375 1055.65075683594 1058.81958007812 1062.08349609375 1064.50793457031 1067.37365722656 1069.76354980469 1072.55603027344 1075.650390625 1078.50573730469 1081.99462890625 1086.28393554688 1088.93017578125 1092.83264160156 1095.58142089844 1100.02429199219 1101.85266113281 1104.1015625 1107.07141113281 -3.4e+38 -3.4e+38 -3.4e+38 1117.80920410156 1122.21435546875 -3.4e+38 -3.4e+38 -3.4e+38 -3.4e+38 -3.4e+38 -3.4e+38 -3.4e+38
-3.4e+38 -3.4e+38 -3.4e+38 -3.4e+38 -3.4e+38 1021.04772949219 1022.0166015625 1025.90478515625 1027.10632324219 1028.15686035156 1028.6767578125 1030.57922363281 -3.4e+38 1034.18286132812 -3.4e+38 1039.46069335938 1040.54711914062 1044.24780273438 1051.015625 1054.77026367188 1058.18432617188 1061.23669433594 1063.06896972656 1066.36462402344 1069.26391601562 1071.46472167969 1074.6708984375 1076.90954589844 1079.89001464844 1086.70983886719 1089.98388671875 1093.15979003906 1095.1796875 1099.18371582031 1101.98718261719 1104.572265625 1106.46179199219 -3.4e+38 -3.4e+38 -3.4e+38 -3.4e+38 1121.00439453125 1126.28466796875 1129.89013671875 -3.4e+38 -3.4e+38 -3.4e+38 -3.4e+38 -3.4e+38
-3.4e+38 -3.4e+38 -3.4e+38 -3.4e+38 -3.4e+38 -3.4e+38 1020.6298828125 1024.90881347656 1026.30102539062 1027.15942382812 1028.5400390625 1029.75170898438 -3.4e+38 1034.578125 1035.96142578125 -3.4e+38 1040.10620117188 1042.94897460938 -3.4e+38 1053.35144042969 1055.91479492188 1059.56030273438 1061.9462890625 1065.201171875 1067.81311035156 1070.51147460938 1072.47570800781 1075.72448730469 1079.78210449219 1086.50170898438 1088.77453613281 1091.39404296875 1093.92492675781 1097.34338378906 1100.41662597656 1104.16381835938 1106.04870605469 1108.18615722656 -3.4e+38 -3.4e+38 -3.4e+38 -3.4e+38 1126.54724121094 1129.60913085938 1131.69580078125 -3.4e+38 -3.4e+38 -3.4e+38 -3.4e+38
-3.4e+38 -3.4e+38 -3.4e+38 -3.4e+38 -3.4e+38 -3.4e+38 -3.4e+38 1023.08660888672 1024.42163085938 1026.33666992188 1028.04895019531 1029.33166503906 1031.19152832031 -3.4e+38 1038.48864746094 1038.80151367188 1041.04968261719 1042.95764160156 1048.71374511719 1051.28039550781 1053.92602539062 1057.45288085938 1060.33630371094 -3.4e+38 -3.4e+38 1069.51440429688 1073.00109863281 1076.31555175781 1078.76818847656 1085.39660644531 1087.78552246094 1089.67626953125 1092.84069824219 1096.02709960938 1098.24462890625 1102.79272460938 1106.3271484375 1108.19995117188 1111.15075683594 1114.18884277344 -3.4e+38 -3.4e+38 -3.4e+38 1129.7255859375 1133.00256347656 1134.30200195312 -3.4e+38 -3.4e+38 -3.4e+38
-3.4e+38 -3.4e+38 -3.4e+38 -3.4e+38 -3.4e+38 -3.4e+38 -3.4e+38 -3.4e+38 -3.4e+38 -3.4e+38 -3.4e+38 -3.4e+38 1029.83544921875 1031.90307617188 -3.4e+38 -3.4e+38 1041.298828125 1044.08288574219 1046.51123046875 1049.68322753906 1052.23681640625 1055.06323242188 -3.4e+38 1060.6845703125 -3.4e+38 -3.4e+38 -3.4e+38 1073.8046875 1076.83813476562 1082.9990234375 1086.73547363281 1089.44360351562 1092.04870605469 1095.41162109375 1098.8447265625 1102.06774902344 1106.38806152344 1109.67419433594 1113.04345703125 1114.52014160156 1117.93737792969 -3.4e+38 -3.4e+38 -3.4e+38 1131.50769042969 1134.98474121094 1137.48010253906 -3.4e+38 -3.4e+38
