rcp8.5models/CNRM-CM5/sc1gr6.27
NCOLS 261 
NROWS 433 
XLLCORNER 336357.134 
YLLCORNER 654653.479 
CELLSIZE 1000 
NODATA_value -3.4e+38 
[rows 352 to 373 of 433, columns 98 to 146 of 261]
3468.05078125 3435.00439453125 3334.87841796875 3275.44409179688 3443.60327148438 3493.04248046875 3407.79931640625 3394.25146484375 3365.16772460938 3252.58837890625 3210.47534179688 3217.83056640625 3203.1826171875 3170.42236328125 3136.67919921875 3056.54638671875 2977.45361328125 2914.34326171875 2841.21826171875 2779.01391601562 2660.17309570312 -3.4e+38 2390.0634765625 2218.08740234375 2138.3173828125 2059.10815429688 2085.10864257812 2218.8154296875 2340.24194335938 2391.9990234375 2373.13647460938 2326.76342773438 2303.84619140625 2283.60131835938 2270.6337890625 2253.77001953125 2230.0966796875 2196.34204101562 2179.97998046875 2161.9501953125 2141.14233398438 2122.76049804688 2104.49731445312 -3.4e+38 -3.4e+38 2061.03491210938 2036.06433105469 2021.94775390625 1962.232421875
3495.49926757812 3479.46899414062 3430.248046875 3222.4326171875 3349.84912109375 3455.16821289062 3335.1708984375 3247.0693359375 3296.18334960938 3292.1728515625 3223.53955078125 3155.92846679688 3140.86791992188 3138.8681640625 3099.09887695312 3097.8818359375 3065.6083984375 2986.48608398438 2876.72021484375 2797.68530273438 2797.83349609375 2833.61865234375 2728.29150390625 2530.60620117188 2412.73974609375 2275.45776367188 2283.28784179688 2315.20068359375 2355.17309570312 2391.87109375 2411.36547851562 2351.60546875 2310.82690429688 2295.24926757812 2267.9052734375 2251.82202148438 2232.76098632812 2199.69018554688 2182.2099609375 2160.96484375 2142.61376953125 2125.84912109375 -3.4e+38 -3.4e+38 -3.4e+38 2060.06909179688 2045.63269042969 2031.4375 1969.06396484375
3477.2373046875 3500.01708984375 3535.44799804688 3332.208984375 3292.36669921875 3302.50732421875 3330.2333984375 3274.42041015625 3233.27563476562 3275.43481445312 3293.68188476562 3229.39086914062 3151.31323242188 3097.0126953125 3035.26098632812 3036.36108398438 3050.68212890625 3011.26318359375 2895.79663085938 2831.99389648438 2864.29760742188 2853.00244140625 2800.39819335938 2740.56909179688 2649.42651367188 2549.56494140625 2553.22045898438 2548.88818359375 2505.75903320312 2471.38842773438 2458.99560546875 2406.73754882812 2356.7255859375 2323.00024414062 2269.70190429688 2249.41796875 2235.23071289062 2212.4072265625 2189.11840820312 2169.23315429688 2148.65649414062 2127.44799804688 -3.4e+38 2091.583984375 2077.99487304688 2072.01416015625 2064.43139648438 2039.21496582031 1960.50952148438
3411.18334960938 3450.8603515625 3533.24340820312 3432.29150390625 3302.23999023438 3202.03173828125 3286.77807617188 3361.56567382812 3337.10375976562 3237.39697265625 3188.38232421875 3213.572265625 3213.25512695312 3164.79321289062 3023.53491210938 2985.22924804688 2965.49951171875 2983.05981445312 2968.673828125 2916.74169921875 2873.83447265625 2803.35131835938 2784.5166015625 2774.318359375 2711.21142578125 2673.94506835938 2607.30053710938 2597.54858398438 2541.13134765625 2480.29125976562 2452.60620117188 2417.99658203125 2380.0234375 2326.85571289062 2278.31030273438 2256.54931640625 2239.4423828125 2213.97241210938 2189.63549804688 2175.8515625 2156.49877929688 2135.61840820312 2116.57348632812 2100.9716796875 2095.49829101562 2088.43017578125 2074.9599609375 2045.64025878906 1959.77905273438
3384.60571289062 3343.9716796875 3384.18432617188 3451.12158203125 3351.60791015625 3203.94091796875 3180.25903320312 3246.9296875 3341.83618164062 3294.78125 3137.45141601562 3022.4228515625 3074.63940429688 3186.35424804688 3066.1865234375 2991.11352539062 2932.38818359375 2932.02783203125 2938.89721679688 2901.84545898438 2833.04418945312 2783.18798828125 2755.166015625 2726.01245117188 2674.4658203125 2646.45288085938 2607.1201171875 2556.38159179688 2498.04345703125 2449.32080078125 2392.107421875 2335.1982421875 2346.96826171875 2332.32641601562 2295.99365234375 2267.84814453125 2249.28344726562 2211.92846679688 2190.33666992188 2173.64038085938 2155.6708984375 2140.20727539062 2125.16186523438 2115.04736328125 2103.05590820312 2078.8994140625 2057.57958984375 2032.1474609375 1967.8486328125
3435.69921875 3354.44165039062 3313.72924804688 3430.35546875 3357.36328125 3273.50122070312 3285.85717773438 3232.8017578125 3205.29321289062 3281.26171875 3245.07104492188 3114.0458984375 3095.36499023438 3164.54541015625 3112.58056640625 3024.73510742188 2976.1875 2951.21752929688 2914.5830078125 2872.28588867188 2818.5849609375 2772.32934570312 2724.06298828125 2681.58178710938 2639.3740234375 2605.095703125 2595.20825195312 2554.94213867188 2520.5322265625 2469.29272460938 2381.13818359375 2313.3720703125 2309.51342773438 2328.2548828125 2322.26782226562 2286.34619140625 2259.68212890625 2228.71997070312 2196.27661132812 2173.27685546875 2155.00903320312 2136.4130859375 2121.06372070312 2110.02368164062 2090.31567382812 2061.83374023438 2035.03503417969 2013.01379394531 1977.32556152344
3501.26708984375 3396.86767578125 3310.59326171875 3300.49609375 3271.765625 3262.01123046875 3304.93090820312 3227.18994140625 3111.80517578125 3168.037109375 3205.48950195312 3231.75341796875 3251.96264648438 3195.36010742188 3116.82543945312 3042.50146484375 2992.1494140625 2955.00830078125 2923.369140625 2895.68139648438 2856.14208984375 2784.35620117188 2701.71704101562 2676.01245117188 2659.14501953125 2634.279296875 2625.57568359375 2597.50610351562 2565.46484375 2492.75024414062 2411.73999023438 2380.98071289062 2354.56591796875 2339.69458007812 2330.96752929688 2294.28002929688 2273.21704101562 2239.38989257812 2203.12060546875 2179.23364257812 2160.11303710938 2138.8623046875 2117.39013671875 2098.74047851562 2077.23266601562 2053.80810546875 2028.75659179688 2003.93713378906 1974.73168945312
3499.83349609375 3440.33959960938 3360.50708007812 3231.3916015625 3220.15991210938 3179.47338867188 3210.17895507812 3236.52612304688 3162.0810546875 3122.40966796875 3086.30200195312 3135.12377929688 3223.62817382812 3205.66796875 3106.85791015625 3040.2548828125 2993.2568359375 2945.0244140625 2919.68432617188 2921.81494140625 2881.96655273438 2784.8984375 2702.99169921875 2685.15283203125 2672.11108398438 2673.53955078125 2638.0390625 2605.3837890625 2564.248046875 2495.87329101562 2426.66430664062 2419.0322265625 2418.29907226562 2374.54296875 2340.38793945312 2309.53930664062 2285.83325195312 2234.87451171875 2207.58569335938 2187.27978515625 2118.29907226562 2057.13232421875 2077.15991210938 2016.55810546875 1986.88049316406 1988.39709472656 1905.60534667969 1877.00915527344 1841.83068847656
3551.18725585938 3510.26928710938 3493.32299804688 3423.20263671875 3328.62890625 3239.69677734375 3168.453125 3224.33544921875 3266.412109375 3214.99340820312 3188.03149414062 3165.04760742188 3131.06787109375 3063.28491210938 3040.447265625 3004.34008789062 2973.21411132812 2908.67895507812 2850.82739257812 2801.39624023438 2764.69311523438 2730.51806640625 2748.74389648438 2757.30688476562 2703.9326171875 2640.5224609375 2586.04467773438 2569.16723632812 2549.69360351562 2509.39599609375 2435.89282226562 2418.04614257812 2429.53076171875 2395.17578125 2358.61108398438 2317.3740234375 2275.75952148438 2198.35620117188 2103.97680664062 2017.92846679688 1969.95764160156 1905.82702636719 1859.42895507812 1823.48034667969 1793.11889648438 1761.65380859375 1728.57446289062 1701.248046875 1658.96252441406
3555.19409179688 3540.30444335938 3467.8779296875 3479.1298828125 3464.75219726562 3396.88623046875 3308.048828125 3247.43017578125 3196.38745117188 3207.74536132812 3240.69262695312 3239.93774414062 3227.14672851562 3157.06494140625 3094.92846679688 3043.92553710938 3031.82153320312 2986.43725585938 2897.7783203125 2833.41040039062 2801.205078125 2764.53881835938 2753.46997070312 2744.66845703125 2735.44799804688 2693.630859375 2608.48364257812 2572.9306640625 2543.841796875 2521.3642578125 2474.37109375 2394.5029296875 2373.09375 2378.458984375 2344.873046875 2327.69995117188 2300.9599609375 2230.4501953125 2161.64038085938 2080.75048828125 2013.62365722656 1919.81774902344 1866.36291503906 1834.34191894531 1808.263671875 1764.84533691406 1726.94458007812 1693.03759765625 1639.96142578125
3581.55590820312 3546.10693359375 3506.73510742188 3457.90185546875 3462.677734375 3478.37133789062 3433.712890625 3357.23413085938 3291.3857421875 3293.19384765625 3307.98901367188 3298.986328125 3263.54736328125 3227.95361328125 3161.30395507812 3098.189453125 3055.50634765625 3034.4228515625 2941.67846679688 2865.67236328125 2837.27368164062 2801.00024414062 2774.39428710938 2752.33227539062 2730.42407226562 2691.69995117188 2642.42626953125 2600.67626953125 2539.787109375 2468.94165039062 2439.72509765625 2379.99365234375 2313.19458007812 2327.4013671875 2315.41357421875 2313.80615234375 2295.044921875 2246.0419921875 2208.52807617188 2137.36962890625 2022.49670410156 1926.66394042969 1866.74194335938 1855.7138671875 1832.77270507812 1760.93115234375 1726.05322265625 1693.67309570312 1631.673828125
3616.02709960938 3567.29833984375 3509.08618164062 3486.22045898438 3458.49560546875 3447.474609375 3400.99487304688 3392.580078125 3383.84985351562 3343.35473632812 3298.94946289062 3290.6611328125 3270.23828125 3235.58935546875 3156.87060546875 3098.68090820312 3054.41870117188 3041.646484375 2972.35986328125 2886.05737304688 2836.42211914062 2815.33471679688 2787.93676757812 2771.89306640625 2738.28271484375 2680.97045898438 2641.38037109375 2601.82568359375 2515.10424804688 2412.244140625 2357.67260742188 2325.07202148438 2264.50268554688 2258.71826171875 2293.40942382812 2307.51635742188 2292.63671875 2242.4228515625 2171.36206054688 2092.52026367188 2010.15734863281 1914.86791992188 1863.52319335938 1853.56005859375 1820.62170410156 1743.99157714844 1710.78723144531 1684.19738769531 1621.20300292969
3609.12866210938 3592.03735351562 3538.57934570312 3505.43212890625 3470.93774414062 3400.92504882812 3378.10668945312 3380.89697265625 3362.32080078125 3347.46020507812 3314.01928710938 3268.14135742188 3236.66040039062 3202.55737304688 3145.80712890625 3121.76147460938 3087.40209960938 3052.6650390625 2997.892578125 2918.51318359375 2842.435546875 2802.05200195312 2775.59716796875 2776.5244140625 2766.25537109375 2723.25952148438 2649.22094726562 2615.91674804688 2548.09643554688 2443.06030273438 2343.97631835938 2284.587890625 2218.01000976562 2197.2490234375 2212.1416015625 2252.3681640625 2292.12060546875 2255.58935546875 2132.21948242188 1996.52429199219 1972.99694824219 1908.60754394531 1856.94763183594 1826.43408203125 1779.99951171875 1728.56164550781 1691.142578125 1662.52575683594 1604.12133789062
3601.66650390625 3588.658203125 3572.98486328125 3513.63208007812 3482.98999023438 3403.9560546875 3369.83642578125 3384.61767578125 3354.42041015625 3293.13232421875 3290.27807617188 3287.29638671875 3240.41064453125 3188.544921875 3117.09936523438 3105.42578125 3092.37866210938 3056.84301757812 3009.9599609375 2943.3955078125 2855.89233398438 2800.03369140625 2785.2158203125 2767.98193359375 2754.78173828125 2733.31225585938 2671.17114257812 2637.01416015625 2595.51416015625 2487.50610351562 2368.87353515625 2309.6533203125 2225.81689453125 2167.44506835938 2127.29833984375 2133.45361328125 2188.1845703125 2201.02368164062 2065.18969726562 1918.134765625 1916.17846679688 1899.390625 1834.48254394531 1800.1689453125 1751.51330566406 1711.40014648438 1672.05236816406 1642.30529785156 1586.04309082031
3599.86010742188 3587.94970703125 3540.61694335938 3513.56201171875 3503.25244140625 3440.52026367188 3360.53588867188 3351.75659179688 3355.32983398438 3309.05297851562 3300.70166015625 3308.34106445312 3272.52392578125 3225.234375 3109.2880859375 3080.05810546875 3072.13940429688 3048.2197265625 3017.4697265625 2958.27099609375 2864.47802734375 2809.91528320312 2791.70556640625 2754.5205078125 2725.6630859375 2699.13061523438 2648.822265625 2611.65795898438 2561.591796875 2475.060546875 2400.439453125 2351.33520507812 2257.87377929688 2175.74926757812 2110.88110351562 2067.82739257812 2063.93994140625 2094.77514648438 1985.04357910156 1893.44470214844 1873.34643554688 1852.20471191406 1803.35766601562 1769.99548339844 1734.84033203125 1697.94079589844 1654.98095703125 1626.41027832031 1571.03674316406
3593.80590820312 3582.37719726562 3539.4541015625 3331.15258789062 3395.4306640625 3440.26391601562 3398.70629882812 3381.34765625 3376.06469726562 3363.01684570312 3337.02978515625 3300.07495117188 3266.10864257812 3244.77758789062 3125.75634765625 3072.73657226562 3045.21337890625 3032.5673828125 3022.755859375 2974.41870117188 2894.5478515625 2841.84106445312 2797.64135742188 2737.62524414062 2693.62377929688 2657.9765625 2607.220703125 2568.18286132812 2509.73168945312 2455.56103515625 2403.89282226562 2355.55224609375 2273.05126953125 2204.56201171875 2135.50463867188 2060.75219726562 2025.73046875 1994.02197265625 1933.78039550781 1877.57727050781 1841.87536621094 1809.39697265625 1775.47607421875 1744.86303710938 1713.60485839844 1679.14270019531 1641.36584472656 1608.34204101562 1565.1474609375
3589.04248046875 3540.54150390625 3530.99487304688 3334.25634765625 3316.01733398438 3298.62817382812 3227.52807617188 3206.5654296875 3239.66528320312 3265.32080078125 3283.70825195312 3296.53393554688 3277.52612304688 3252.11840820312 3158.44140625 3096.3603515625 3050.91723632812 3024.29443359375 3000.57275390625 2974.22900390625 2935.82568359375 2899.14819335938 2847.09594726562 2776.50415039062 2706.74877929688 2641.02514648438 2553.8544921875 2514.30224609375 2481.1875 2445.05810546875 2399.51171875 2350.88110351562 2270.91870117188 2228.49438476562 2162.99633789062 2066.26196289062 2019.6279296875 1931.93310546875 1896.052734375 1860.28356933594 1826.43249511719 1790.73449707031 1754.17895507812 1725.16870117188 1691.17175292969 1655.37390136719 1623.80200195312 1591.56335449219 1561.12561035156
3583.42041015625 3458.96411132812 3392.22509765625 3467.52294921875 3414.08715820312 3279.85791015625 3057.6689453125 2918.51928710938 2908.40991210938 2968.08837890625 3001.81909179688 3022.97705078125 3127.5888671875 3186.4033203125 3173.20043945312 3147.91259765625 3104.97045898438 3050.8994140625 2997.19775390625 2970.23706054688 2942.55322265625 2914.51953125 2881.08813476562 2827.07006835938 2753.2314453125 2680.14453125 2523.326171875 2475.27612304688 2447.41455078125 2420.970703125 2386.44799804688 2337.44409179688 2267.13989257812 2236.85693359375 2172.18701171875 2081.25830078125 2054.19677734375 1941.39672851562 1891.28063964844 1850.82458496094 1813.84204101562 1778.61535644531 1740.25231933594 1706.21240234375 1676.68395996094 1644.33520507812 -3.4e+38 1579.31665039062 1556.17761230469
3581.92114257812 3444.94921875 3304.21435546875 3421.037109375 3468.478515625 3420.87768554688 3263.85229492188 3060.07373046875 2839.06005859375 2770.35522460938 2761.9619140625 2733.5615234375 2803.62255859375 2842.99731445312 3040.10668945312 3096.21533203125 3101.53295898438 3078.46435546875 3046.9892578125 3010.06567382812 2964.6455078125 2912.42846679688 2875.01928710938 2850.19360351562 2788.48803710938 2709.52392578125 2542.32202148438 2498.15356445312 2457.03979492188 2403.22509765625 2348.58056640625 2302.32275390625 2247.572265625 2227.56640625 2191.47290039062 2118.32690429688 2094.5390625 1955.45471191406 1894.8447265625 1848.80883789062 1805.04431152344 1768.02209472656 1729.7138671875 1691.08605957031 1660.70690917969 1634.22937011719 -3.4e+38 1569.57067871094 1543.91589355469
3570.85400390625 3549.89526367188 3505.84814453125 3227.91430664062 3169.7412109375 3369.1953125 3427.6640625 3411.859375 3384.50415039062 3349.19213867188 3316.38134765625 3282.53051757812 3201.98120117188 3015.28540039062 2674.69873046875 2517.8720703125 2547.19921875 2688.58935546875 2800.24340820312 2827.26171875 2889.93920898438 2976.09838867188 2944.0283203125 2901.115234375 2865.466796875 2827.07080078125 2711.75952148438 2649.13793945312 2599.18310546875 2576.51000976562 2497.21997070312 2383.94506835938 2268.666015625 2169.23608398438 2126.54614257812 2081.06225585938 2037.86450195312 2004.73266601562 1980.77844238281 1877.63488769531 1801.35070800781 1754.66284179688 1709.96362304688 1680.59582519531 1648.91381835938 1611.06750488281 1579.31896972656 -3.4e+38 1511.48913574219
3567.94262695312 3557.49291992188 3536.15454101562 3387.40771484375 3310.48095703125 3354.56103515625 3344.21899414062 3335.73364257812 3375.49755859375 3381.35791015625 3357.54296875 3332.66772460938 3307.86767578125 3261.15380859375 3033.83276367188 2757.71557617188 2598.53295898438 2566.13696289062 2569.29858398438 2581.78588867188 2732.88549804688 2941.78393554688 2929.6533203125 2846.13842773438 2827.76977539062 2839.52392578125 2702.92553710938 2699.17553710938 2698.70092773438 2683.54760742188 2622.00756835938 2524.369140625 2401.59423828125 2289.64453125 2198.73022460938 2073.86962890625 2000.19030761719 2067.57299804688 2096.94946289062 1961.39562988281 1803.24499511719 1741.96948242188 1703.513671875 1673.46557617188 1638.77783203125 1601.74865722656 -3.4e+38 -3.4e+38 -3.4e+38
3566.9287109375 3550.64038085938 3526.85571289062 3496.376953125 3454.58959960938 3384.38671875 3302.0087890625 3253.916015625 3291.91845703125 3352.130859375 3358.7333984375 3334.12377929688 3313.798828125 3294.1123046875 3161.94384765625 3017.9716796875 2856.59912109375 2724.99975585938 2589.73388671875 2544.248046875 2585.052734375 2618.111328125 2608.15893554688 2560.21728515625 2604.44360351562 2637.02075195312 2492.95141601562 2554.04711914062 2547.3515625 2571.67407226562 2632.52954101562 2612.40966796875 2549.8017578125 2486.88159179688 2384.24951171875 2157.052734375 1960.01098632812 2149.54833984375 2227.99584960938 2070.34887695312 1837.21594238281 1734.0654296875 1690.8818359375 1658.23229980469 1621.34533691406 1587.28991699219 1562.85595703125 -3.4e+38 -3.4e+38
