rcp8.5models/CNRM-CM5/sc1gr5.38
NCOLS 261 
NROWS 433 
XLLCORNER 336357.134 
YLLCORNER 654653.479 
CELLSIZE 1000 
NODATA_value -3.4e+38 
[rows 352 to 373 of 433, columns 147 to 195 of 261]
269.148712158203 267.901000976562 271.665893554688 280.645721435547 281.839324951172 281.931030273438 281.773681640625 280.986389160156 280.182769775391 280.481811523438 278.878082275391 269.827087402344 264.052032470703 260.684265136719 267.165191650391 274.075317382812 274.458282470703 271.550140380859 271.468719482422 274.161193847656 274.866333007812 276.936706542969 273.584320068359 269.935485839844 271.5810546875 277.365142822266 279.796417236328 280.265045166016 280.901214599609 281.504211425781 281.629760742188 281.438323974609 281.527069091797 282.645080566406 282.033813476562 281.970581054688 282.045196533203 282.231018066406 282.522125244141 282.961120605469 283.546905517578 284.152435302734 284.171875 284.183959960938 284.190124511719 284.424407958984 283.895843505859 283.412414550781 283.427337646484
267.003021240234 267.055236816406 272.374206542969 281.376373291016 282.218292236328 282.167541503906 281.820220947266 281.507171630859 281.267852783203 280.808441162109 279.808807373047 275.858184814453 271.994506835938 269.330902099609 272.974945068359 277.961639404297 277.982513427734 272.555572509766 266.380584716797 271.181701660156 279.356384277344 280.31201171875 276.559020996094 275.254364013672 275.049560546875 277.964111328125 280.511535644531 280.882629394531 280.957580566406 281.540405273438 281.845153808594 281.869537353516 282.126770019531 282.865386962891 282.241577148438 281.935028076172 282.005065917969 282.287567138672 282.61279296875 283.31201171875 283.845916748047 284.211334228516 284.347747802734 284.266174316406 284.538787841797 284.538330078125 283.892547607422 283.370330810547 283.302825927734
266.232940673828 268.438934326172 275.851348876953 282.332183837891 282.317443847656 282.18994140625 282.014587402344 281.799438476562 281.402801513672 281.022979736328 280.400665283203 279.676971435547 278.779937744141 278.464691162109 278.754272460938 279.017364501953 279.218597412109 277.904937744141 273.551666259766 274.846038818359 279.096435546875 281.061309814453 280.673828125 280.294921875 279.981628417969 281.000732421875 281.139068603516 281.348022460938 281.315124511719 281.707153320312 281.909271240234 282.232086181641 282.614837646484 283.108184814453 282.651397705078 282.120971679688 282.521301269531 282.861846923828 283.138305664062 283.717956542969 284.139556884766 284.292846679688 284.675262451172 284.548553466797 284.693969726562 284.701812744141 284.073150634766 283.612030029297 283.523620605469
265.227478027344 267.867034912109 276.486907958984 282.491394042969 282.386932373047 282.129180908203 281.978210449219 281.768280029297 281.450378417969 281.045593261719 280.593353271484 280.145690917969 278.624572753906 277.044860839844 276.273071289062 275.772064208984 279.882293701172 280.368682861328 280.575958251953 279.178619384766 277.776489257812 281.289123535156 279.669830322266 279.337158203125 280.159820556641 281.408081054688 281.466247558594 281.571807861328 281.697845458984 281.891174316406 281.858459472656 282.446411132812 282.774291992188 283.135192871094 282.473205566406 281.819274902344 282.984771728516 283.200408935547 283.366302490234 284.037567138672 284.328674316406 284.698608398438 284.897521972656 284.892456054688 284.834594726562 285.027008056641 284.316711425781 283.411743164062 282.981201171875
263.462493896484 269.417297363281 279.110717773438 282.536987304688 282.379608154297 282.003021240234 281.578857421875 281.379150390625 281.39404296875 281.11865234375 280.503845214844 280.228271484375 278.496185302734 275.036468505859 274.372650146484 275.998474121094 279.716003417969 279.889038085938 280.677062988281 280.423034667969 279.694091796875 279.514984130859 277.679870605469 279.174743652344 279.783020019531 280.859405517578 281.854309082031 282.047729492188 281.91357421875 282.048797607422 282.065002441406 282.708831787109 282.860229492188 282.938049316406 282.451385498047 281.950897216797 283.035980224609 283.237152099609 283.477020263672 284.002838134766 284.278472900391 284.746124267578 284.934509277344 285.093322753906 285.050018310547 285.038055419922 284.43212890625 283.7314453125 283.419128417969
264.514556884766 276.931396484375 282.407653808594 282.355773925781 282.069152832031 281.716369628906 281.238800048828 281.009979248047 281.000854492188 280.867126464844 280.385803222656 280.419952392578 279.468536376953 277.099975585938 277.675109863281 279.668701171875 279.208709716797 279.657867431641 280.807647705078 281.551696777344 281.509979248047 278.651672363281 276.301727294922 280.001861572266 280.778747558594 280.525390625 281.002136230469 282.287963867188 282.457580566406 282.343933105469 282.307708740234 282.958251953125 283.007415771484 283.074981689453 282.789001464844 282.660705566406 283.07421875 283.420135498047 283.538421630859 283.647308349609 284.038543701172 284.456878662109 284.987518310547 285.129211425781 285.145263671875 285.035125732422 284.786315917969 284.530944824219 284.229797363281
269.393371582031 281.804290771484 282.453216552734 282.2880859375 281.805358886719 281.382110595703 281.124298095703 280.944000244141 280.710174560547 280.505157470703 280.353729248047 280.967498779297 281.008087158203 280.827331542969 280.538116455078 280.218841552734 279.783630371094 280.19677734375 280.830810546875 281.461364746094 281.64208984375 280.408233642578 277.118041992188 280.263946533203 281.564819335938 280.911956787109 280.15087890625 282.386993408203 282.91943359375 282.609527587891 282.509429931641 282.887481689453 283.152404785156 283.434112548828 282.887847900391 282.771392822266 283.181030273438 283.828002929688 283.833374023438 283.639892578125 283.963134765625 284.174499511719 284.709655761719 285.058868408203 285.114227294922 285.046539306641 284.852508544922 284.580505371094 284.145782470703
277.019348144531 282.302032470703 282.529235839844 282.303741455078 281.774932861328 281.487915039062 281.195556640625 280.972564697266 280.924346923828 280.636291503906 280.574920654297 281.377044677734 281.062408447266 280.853851318359 280.644653320312 280.520202636719 280.364715576172 280.640167236328 280.893890380859 281.337127685547 281.608459472656 281.519989013672 279.856628417969 281.462738037109 281.706024169922 281.345123291016 281.115753173828 282.643707275391 282.978607177734 282.649993896484 282.581237792969 282.828125 283.351470947266 283.650329589844 282.948394775391 282.735992431641 283.4833984375 284.069274902344 284.075164794922 283.746917724609 283.771606445312 284.081726074219 284.458343505859 285.030853271484 285.046478271484 284.893981933594 284.811737060547 284.663024902344 284.282775878906
282.42919921875 282.529113769531 282.507202148438 282.214111328125 281.875640869141 281.553436279297 281.099578857422 280.994293212891 280.957672119141 280.407928466797 280.477996826172 281.341705322266 281.271331787109 281.006927490234 280.548614501953 280.009826660156 280.05078125 280.587188720703 -3.4e+38 281.310729980469 281.531616210938 -3.4e+38 282.443542480469 282.481872558594 282.357330322266 282.295776367188 282.558776855469 282.907897949219 283.324768066406 282.754669189453 282.955383300781 283.159240722656 283.587127685547 283.381408691406 283.190826416016 283.311370849609 284.068603515625 284.075012207031 284.210205078125 283.974884033203 283.735717773438 284.179107666016 284.957061767578 285.141143798828 285.322998046875 285.088836669922 285.086669921875 284.777099609375 -3.4e+38
-3.4e+38 282.627410888672 282.469787597656 282.093475341797 281.671203613281 281.384643554688 281.211181640625 281.232482910156 281.151611328125 280.787750244141 280.659698486328 281.307250976562 281.155212402344 281.090209960938 281.183654785156 280.531219482422 280.125885009766 280.529815673828 280.876525878906 281.087310791016 281.229187011719 281.849395751953 282.714874267578 282.912384033203 282.964080810547 282.641387939453 282.806610107422 283.490783691406 283.382171630859 282.936553955078 283.195739746094 283.351531982422 283.662078857422 283.443664550781 283.3857421875 283.316192626953 283.916351318359 284.02880859375 284.284790039062 284.116973876953 283.970306396484 284.103973388672 284.761291503906 285.068542480469 285.107696533203 285.396728515625 285.267028808594 284.827880859375 284.688201904297
282.402984619141 282.765258789062 282.621124267578 282.117065429688 281.838531494141 281.712158203125 281.656646728516 281.774658203125 281.566223144531 281.337585449219 281.154266357422 281.551177978516 281.341125488281 281.165832519531 281.402679443359 281.029388427734 280.486206054688 280.472503662109 280.511016845703 280.719543457031 281.003540039062 281.709716796875 282.707336425781 283.032043457031 283.341583251953 282.984161376953 283.116638183594 283.593536376953 283.599243164062 283.2939453125 283.534210205078 283.538848876953 283.672485351562 283.364471435547 283.150421142578 283.140747070312 283.810394287109 284.149566650391 284.572906494141 284.526916503906 284.40380859375 284.357574462891 284.447265625 285.061462402344 -3.4e+38 285.635650634766 285.406311035156 284.754455566406 284.979583740234
282.491790771484 282.623413085938 282.5322265625 282.088165283203 281.915679931641 281.819488525391 281.878204345703 282.015563964844 281.646148681641 281.445251464844 281.431884765625 281.687744140625 281.700592041016 281.548858642578 281.231903076172 280.555511474609 280.176788330078 280.411987304688 280.183044433594 279.989990234375 280.893676757812 281.601837158203 282.220123291016 282.698333740234 283.074584960938 283.334197998047 283.594879150391 283.8759765625 284.062194824219 283.877288818359 283.895172119141 283.786010742188 283.889556884766 283.094909667969 282.758636474609 283.071899414062 283.824798583984 284.246643066406 284.774963378906 284.917633056641 284.977081298828 284.888122558594 284.683929443359 284.887756347656 -3.4e+38 -3.4e+38 285.376281738281 284.914733886719 285.137023925781
282.684600830078 282.388275146484 282.283355712891 281.96826171875 281.743835449219 281.737152099609 281.777404785156 281.653137207031 281.50634765625 281.638000488281 281.726379394531 -3.4e+38 -3.4e+38 281.378295898438 280.894348144531 280.681640625 280.472778320312 280.571014404297 280.027954101562 278.668090820312 279.705841064453 281.344970703125 281.688140869141 281.97802734375 282.251129150391 283.025573730469 283.575561523438 284.068115234375 284.428100585938 284.286529541016 284.206573486328 284.1513671875 284.216430664062 283.216827392578 282.953369140625 283.146423339844 283.899688720703 284.321685791016 284.850799560547 284.992919921875 285.052032470703 285.050048828125 284.983428955078 284.861083984375 285.234466552734 -3.4e+38 285.158966064453 285.072906494141 285.318237304688
282.887878417969 282.351257324219 282.163604736328 281.765411376953 281.457244873047 281.547668457031 281.706207275391 281.489166259766 281.6962890625 281.941680908203 282.166809082031 281.674346923828 281.524353027344 281.120452880859 280.805450439453 281.374664306641 281.250885009766 281.038665771484 280.518615722656 278.672760009766 278.618988037109 280.921813964844 281.633514404297 281.807556152344 282.050048828125 282.820861816406 283.510833740234 283.895568847656 284.084686279297 284.419525146484 284.302307128906 284.326690673828 284.386260986328 283.694519042969 283.425231933594 283.068511962891 283.709564208984 284.267517089844 284.629791259766 284.739288330078 285.043975830078 285.129638671875 285.310028076172 285.078674316406 285.184204101562 285.635955810547 285.216461181641 285.337921142578 285.582824707031
282.746185302734 282.200469970703 281.998992919922 281.727935791016 281.517761230469 281.813018798828 281.836273193359 281.655914306641 282.052886962891 282.235626220703 282.361846923828 281.670959472656 281.547485351562 281.337951660156 281.159942626953 281.454071044922 281.386108398438 281.232574462891 280.974792480469 279.831695556641 279.105926513672 280.490814208984 281.764190673828 282.309844970703 282.646148681641 283.146697998047 283.536468505859 283.585632324219 283.648742675781 284.284362792969 284.426696777344 284.403045654297 284.519500732422 284.223052978516 283.833709716797 283.268981933594 283.436126708984 284.108093261719 284.289093017578 284.376129150391 284.706146240234 285.12451171875 285.529113769531 285.238098144531 285.302703857422 285.878479003906 285.648223876953 285.599151611328 285.849182128906
282.281463623047 282.006011962891 282.031616210938 281.941528320312 281.76953125 282.225769042969 282.305816650391 282.172027587891 282.522674560547 282.610137939453 282.184509277344 281.884002685547 281.624206542969 281.476409912109 281.710662841797 281.780822753906 281.408416748047 281.390441894531 281.356475830078 280.705169677734 -3.4e+38 280.341247558594 281.485229492188 282.130981445312 282.786346435547 283.144317626953 283.228912353516 283.108703613281 283.266265869141 283.790222167969 284.257720947266 284.504913330078 284.761108398438 284.108306884766 283.821563720703 283.654327392578 283.646728515625 284.106597900391 284.553283691406 284.613220214844 284.721740722656 285.222259521484 285.732330322266 285.628265380859 285.708923339844 286.077575683594 286.142242431641 285.822814941406 286.026794433594
282.116821289062 282.122375488281 282.205993652344 281.975128173828 281.863677978516 282.115112304688 282.541137695312 282.776397705078 282.842529296875 282.578430175781 282.1513671875 282.241119384766 281.755889892578 281.582977294922 282.151123046875 282.030181884766 281.541870117188 281.719055175781 281.907501220703 281.502502441406 280.285858154297 278.566345214844 281.571197509766 281.847564697266 282.313262939453 282.34375 282.489715576172 282.701507568359 283.137908935547 283.754852294922 284.237548828125 284.642395019531 284.788330078125 283.872894287109 283.73876953125 283.858428955078 283.857879638672 284.082336425781 284.756164550781 284.982238769531 285.169036865234 285.460083007812 285.830230712891 -3.4e+38 285.886840820312 286.131195068359 286.464813232422 286.318389892578 286.211151123047
282.309387207031 282.275299072266 282.170928955078 281.916137695312 281.798126220703 281.912322998047 282.375366210938 282.861389160156 282.940826416016 282.433837890625 282.295684814453 282.321441650391 282.112396240234 282.075744628906 282.341644287109 282.105834960938 282.006011962891 282.132171630859 282.014373779297 281.613037109375 280.299713134766 278.483734130859 281.840240478516 282.187713623047 282.193145751953 281.863067626953 281.931274414062 282.580078125 283.305206298828 284.223175048828 284.44384765625 284.796234130859 284.814971923828 283.850738525391 283.988891601562 284.326416015625 284.1748046875 284.067016601562 284.564697265625 284.973846435547 285.138549804688 285.411437988281 285.928344726562 286.088348388672 285.900939941406 286.1015625 286.685638427734 286.623870849609 286.260620117188
282.801727294922 282.582397460938 282.194488525391 281.903045654297 281.596588134766 281.688415527344 282.174072265625 282.695587158203 283.052703857422 282.817962646484 282.757629394531 282.374114990234 282.221771240234 282.077239990234 282.392639160156 282.351531982422 282.367034912109 282.165893554688 281.595733642578 281.297912597656 281.064636230469 280.677490234375 281.607818603516 282.229309082031 282.359954833984 282.006622314453 281.8623046875 282.518432617188 283.237701416016 284.143127441406 284.314239501953 284.94873046875 284.842498779297 284.005187988281 284.539855957031 284.841217041016 284.749816894531 284.528869628906 284.567016601562 284.637084960938 285.069183349609 285.425262451172 285.959350585938 286.124572753906 286.290466308594 286.030639648438 286.696136474609 286.761566162109 286.612243652344
283.044281005859 282.732208251953 282.247192382812 282.209991455078 282.106506347656 281.793212890625 281.80615234375 282.494079589844 283.166259765625 283.367767333984 283.300537109375 282.584289550781 282.381561279297 282.451629638672 282.799835205078 283.175689697266 282.885070800781 282.375 281.907928466797 281.925079345703 281.771789550781 281.590240478516 281.649139404297 281.751678466797 282.461517333984 282.127227783203 282.199676513672 282.701446533203 283.290832519531 283.650848388672 284.274078369141 284.920593261719 284.920654296875 284.238098144531 284.750274658203 285.040344238281 285.119903564453 284.990356445312 284.834075927734 284.536956787109 284.925872802734 285.007720947266 285.28125 285.983703613281 286.292938232422 286.770721435547 286.683868408203 286.806640625 286.763061523438
282.810394287109 282.608703613281 282.550140380859 282.500885009766 282.187683105469 281.870971679688 281.766235351562 282.242218017578 283.030059814453 283.535583496094 283.544586181641 282.934112548828 282.73388671875 282.913940429688 283.017211914062 283.255554199219 282.828765869141 282.561737060547 282.435272216797 282.312225341797 282.201416015625 282.214141845703 282.252655029297 282.314361572266 282.723022460938 282.285461425781 282.483154296875 282.592346191406 283.226776123047 283.870422363281 284.563842773438 284.862548828125 284.864288330078 284.252349853516 284.735992431641 284.947906494141 285.444610595703 285.269897460938 285.059143066406 284.769927978516 284.711212158203 284.937744140625 285.102294921875 285.350250244141 285.784973144531 286.822357177734 286.862976074219 286.797149658203 286.756439208984
283.031677246094 282.997528076172 282.956176757812 282.593719482422 282.165802001953 282.175079345703 282.054748535156 282.168151855469 282.780792236328 283.419586181641 283.489715576172 283.352783203125 283.288421630859 283.357238769531 283.234313964844 282.950103759766 282.157043457031 282.474334716797 282.569610595703 282.50439453125 282.309173583984 282.578674316406 282.964904785156 283.116088867188 283.000885009766 282.720153808594 282.527923583984 282.326812744141 283.082794189453 283.626892089844 284.522430419922 285.055450439453 284.984802246094 284.305694580078 284.798553466797 285.216064453125 285.806945800781 285.612335205078 284.994018554688 284.721649169922 284.681243896484 284.824920654297 284.842926025391 284.948699951172 285.674346923828 286.669128417969 286.772918701172 286.727630615234 286.788146972656
