rcp8.5models/CNRM-CM5/sc1gr9.39
NCOLS 261 
NROWS 433 
XLLCORNER 336357.134 
YLLCORNER 654653.479 
CELLSIZE 1000 
NODATA_value -3.4e+38 
[rows 374 to 395 of 433, columns 49 to 97 of 261]
-3.4e+38 -3.4e+38 -3.4e+38 399.231140136719 403.26025390625 407.202941894531 412.164978027344 423.781005859375 430.756256103516 434.874755859375 439.785522460938 445.721221923828 449.755310058594 451.528869628906 499.232330322266 489.683349609375 478.516723632812 489.930389404297 495.302429199219 528.156799316406 541.350646972656 525.173583984375 515.17138671875 527.671447753906 525.050598144531 511.212615966797 535.224243164062 528.521423339844 534.032409667969 576.245971679688 578.978393554688 558.919311523438 533.357971191406 524.347839355469 526.6435546875 535.780944824219 548.128479003906 556.587768554688 553.324523925781 549.77099609375 559.574768066406 575.377258300781 574.512390136719 572.944091796875 562.130981445312 560.851318359375 554.608520507812 550.357849121094 559.278015136719
-3.4e+38 -3.4e+38 -3.4e+38 398.938781738281 403.348968505859 407.349304199219 412.013092041016 422.456787109375 428.345031738281 431.205505371094 436.278350830078 443.493774414062 446.13232421875 449.003875732422 522.798522949219 501.904571533203 468.926727294922 488.779937744141 486.867950439453 514.130981445312 521.07568359375 508.989837646484 525.755187988281 544.397583007812 526.6953125 547.123474121094 567.772827148438 531.714599609375 513.614074707031 574.142395019531 571.758361816406 564.03857421875 544.20654296875 526.244995117188 522.090576171875 530.860534667969 542.416748046875 558.898010253906 559.329895019531 552.242126464844 558.849060058594 573.362915039062 572.052429199219 570.794921875 560.118774414062 548.856262207031 555.80908203125 559.455139160156 558.620239257812
-3.4e+38 -3.4e+38 -3.4e+38 399.811737060547 402.854034423828 407.886016845703 412.464630126953 420.753784179688 426.024871826172 429.513519287109 435.232025146484 439.211853027344 442.619079589844 449.283325195312 486.429260253906 489.721496582031 483.155822753906 495.940948486328 520.948791503906 507.758941650391 556.486083984375 543.894897460938 537.256042480469 553.327697753906 521.987670898438 573.06787109375 579.533264160156 522.668762207031 505.517669677734 556.007568359375 566.329711914062 564.681762695312 544.549438476562 522.657531738281 526.330383300781 536.332214355469 538.175537109375 548.792785644531 555.362060546875 552.415405273438 554.40673828125 568.776916503906 564.570251464844 564.060729980469 564.781982421875 551.067932128906 550.151672363281 559.642272949219 560.62060546875
-3.4e+38 -3.4e+38 -3.4e+38 -3.4e+38 403.506103515625 408.288299560547 412.37548828125 419.644500732422 424.306030273438 428.121063232422 435.548889160156 438.608093261719 441.273345947266 448.622039794922 457.585510253906 481.178771972656 491.138793945312 499.577514648438 519.665222167969 520.108032226562 559.514526367188 544.993041992188 536.992919921875 554.439392089844 571.193176269531 563.826904296875 523.568603515625 500.671325683594 502.974975585938 523.58642578125 534.026550292969 538.939270019531 531.765747070312 522.658203125 531.409240722656 531.581420898438 531.271118164062 540.091918945312 550.881408691406 550.13916015625 546.5400390625 557.383850097656 559.059387207031 561.312622070312 565.119689941406 559.048828125 541.696655273438 543.114624023438 556.063415527344
-3.4e+38 -3.4e+38 -3.4e+38 -3.4e+38 403.811584472656 407.652984619141 411.536010742188 -3.4e+38 423.064483642578 -3.4e+38 -3.4e+38 436.245666503906 478.480590820312 468.920745849609 453.789825439453 467.056884765625 479.022735595703 484.986907958984 489.495147705078 565.9248046875 571.764099121094 527.322570800781 513.889526367188 536.264892578125 560.802124023438 527.259582519531 500.714050292969 498.359802246094 499.230743408203 503.132843017578 503.190979003906 526.045471191406 529.255554199219 520.701538085938 525.559204101562 564.468078613281 554.769165039062 534.200561523438 547.881286621094 553.723754882812 547.1943359375 545.773864746094 555.212646484375 563.257019042969 558.292114257812 557.005187988281 547.9326171875 535.019714355469 546.91943359375
-3.4e+38 -3.4e+38 -3.4e+38 -3.4e+38 402.244720458984 406.141876220703 -3.4e+38 418.505889892578 421.950836181641 426.736145019531 431.010284423828 434.063781738281 465.166961669922 497.881225585938 473.221893310547 454.717559814453 462.345672607422 473.827178955078 479.999908447266 545.711181640625 556.785766601562 534.570922851562 513.063354492188 507.409240722656 514.455322265625 506.453125 498.230987548828 494.313659667969 494.101318359375 500.996978759766 505.500854492188 532.204223632812 546.484313964844 534.723022460938 528.85302734375 556.222961425781 544.407470703125 525.130554199219 536.692810058594 548.033264160156 546.026611328125 544.224975585938 557.165710449219 563.264831542969 552.474914550781 548.451965332031 556.065307617188 549.511474609375 543.694274902344
-3.4e+38 -3.4e+38 -3.4e+38 -3.4e+38 -3.4e+38 404.880554199219 408.279479980469 -3.4e+38 423.399841308594 427.855773925781 431.079223632812 433.857147216797 437.995758056641 468.744140625 462.708526611328 450.658599853516 453.424133300781 464.691833496094 489.444549560547 504.894500732422 526.93310546875 545.422180175781 537.475891113281 508.161834716797 533.236450195312 517.878112792969 491.989562988281 490.190032958984 491.51025390625 499.001190185547 511.281097412109 527.678955078125 550.635620117188 553.264526367188 538.397094726562 534.768859863281 528.389953613281 522.611755371094 525.944885253906 533.919982910156 540.445007324219 531.53125 550.448669433594 560.235473632812 548.965270996094 531.653503417969 528.452270507812 543.735961914062 550.328063964844
-3.4e+38 -3.4e+38 -3.4e+38 -3.4e+38 -3.4e+38 407.222015380859 408.496612548828 416.856292724609 421.534576416016 426.938934326172 431.085205078125 434.420471191406 437.390228271484 441.598571777344 446.256927490234 449.464385986328 451.912567138672 463.558563232422 501.015991210938 518.624206542969 536.300903320312 548.870422363281 543.433898925781 527.903930664062 524.4091796875 504.721893310547 490.552001953125 488.879425048828 489.642150878906 499.098022460938 510.586578369141 524.553405761719 534.607299804688 548.292419433594 534.470581054688 538.656066894531 530.692077636719 515.771484375 514.76220703125 525.698303222656 540.247741699219 527.992797851562 533.039916992188 538.914855957031 530.60791015625 516.701782226562 508.226531982422 530.093017578125 550.551696777344
-3.4e+38 -3.4e+38 -3.4e+38 -3.4e+38 -3.4e+38 405.612579345703 410.584381103516 417.608032226562 419.643249511719 425.287963867188 431.279876708984 433.781768798828 437.014465332031 440.701568603516 445.752258300781 449.309387207031 451.889587402344 459.2724609375 497.083953857422 522.32373046875 537.72314453125 539.39208984375 529.045715332031 523.822875976562 500.591857910156 487.655578613281 487.806488037109 487.34423828125 487.809906005859 494.315643310547 512.375061035156 528.631713867188 530.132751464844 542.780883789062 528.309997558594 535.773864746094 528.8330078125 508.651977539062 505.183563232422 522.506408691406 539.2890625 528.550476074219 517.610534667969 515.867736816406 512.345336914062 509.699890136719 510.326171875 519.395874023438 533.978393554688
-3.4e+38 -3.4e+38 -3.4e+38 -3.4e+38 -3.4e+38 -3.4e+38 410.13720703125 418.533996582031 420.206298828125 425.453887939453 429.982788085938 430.789642333984 434.177307128906 438.360046386719 443.865325927734 446.229125976562 449.169830322266 451.981750488281 455.676361083984 460.763366699219 463.999114990234 466.081512451172 484.889770507812 499.92529296875 494.915985107422 482.354309082031 476.915588378906 478.172119140625 480.759124755859 484.005065917969 514.738952636719 523.717651367188 520.224609375 533.996643066406 531.951354980469 534.916381835938 537.41259765625 521.637023925781 502.646636962891 496.478515625 507.12158203125 515.430419921875 511.283874511719 511.307525634766 519.751525878906 514.553894042969 508.124694824219 510.629180908203 508.026641845703
-3.4e+38 -3.4e+38 -3.4e+38 -3.4e+38 -3.4e+38 -3.4e+38 409.676116943359 417.825347900391 419.806121826172 424.548919677734 426.920379638672 429.858673095703 434.958068847656 440.034942626953 443.773223876953 449.105316162109 449.888946533203 452.072082519531 453.313751220703 459.688995361328 462.695526123047 465.712066650391 471.262268066406 476.284973144531 477.269683837891 475.076538085938 473.414337158203 474.639099121094 478.673187255859 479.145202636719 498.2919921875 508.762390136719 514.384582519531 534.192138671875 535.743469238281 531.463806152344 537.812316894531 528.945922851562 513.872741699219 501.329498291016 495.776000976562 517.135437011719 515.644775390625 502.985473632812 510.575866699219 513.922729492188 513.425842285156 514.824340820312 507.877502441406
-3.4e+38 -3.4e+38 -3.4e+38 -3.4e+38 -3.4e+38 -3.4e+38 -3.4e+38 414.350830078125 418.660247802734 423.624206542969 426.655578613281 430.439636230469 434.902069091797 440.167449951172 441.672760009766 445.42919921875 449.776611328125 450.772186279297 450.567932128906 456.857635498047 465.960571289062 471.936218261719 471.199554443359 469.130981445312 484.273284912109 491.999877929688 483.960357666016 476.778228759766 476.338500976562 477.039886474609 490.591644287109 513.661010742188 522.861145019531 533.979919433594 540.841735839844 535.849182128906 539.851196289062 529.305114746094 519.617370605469 510.192352294922 495.960601806641 503.784271240234 513.541870117188 515.052124023438 515.49755859375 515.023010253906 520.122314453125 519.577880859375 512.028076171875
-3.4e+38 -3.4e+38 -3.4e+38 -3.4e+38 -3.4e+38 -3.4e+38 -3.4e+38 413.104156494141 417.433044433594 420.611145019531 424.047332763672 428.7509765625 432.88720703125 437.74267578125 440.388153076172 442.389068603516 447.023071289062 448.525787353516 448.924987792969 455.031890869141 463.927154541016 471.684173583984 476.346099853516 471.593994140625 484.401977539062 488.006378173828 481.544708251953 476.616729736328 473.071899414062 474.764953613281 483.010864257812 508.492095947266 521.506530761719 519.005187988281 530.456665039062 539.282958984375 541.556396484375 531.536254882812 520.120056152344 511.675872802734 501.699035644531 488.280792236328 502.247619628906 519.402954101562 522.299072265625 517.584777832031 517.396362304688 522.014038085938 526.438049316406
-3.4e+38 -3.4e+38 -3.4e+38 -3.4e+38 -3.4e+38 -3.4e+38 -3.4e+38 411.796478271484 414.230682373047 417.962036132812 420.713470458984 425.852630615234 429.863494873047 432.973907470703 437.163360595703 440.549438476562 444.589965820312 448.023223876953 447.772399902344 452.81298828125 457.489379882812 463.635955810547 472.655029296875 476.199401855469 473.397918701172 481.180389404297 491.713256835938 485.16259765625 472.568664550781 472.011322021484 472.38818359375 482.674835205078 501.310577392578 506.046997070312 522.972351074219 537.320739746094 539.140869140625 535.950866699219 519.580383300781 502.106384277344 501.918334960938 491.418487548828 494.873657226562 513.436889648438 521.576171875 521.709838867188 518.448669433594 522.283630371094 531.388854980469
-3.4e+38 -3.4e+38 -3.4e+38 -3.4e+38 -3.4e+38 -3.4e+38 -3.4e+38 408.612548828125 412.037322998047 416.317138671875 418.038635253906 421.450469970703 425.241485595703 427.393127441406 432.437438964844 436.267669677734 440.824127197266 445.742248535156 447.090667724609 448.462432861328 452.563934326172 457.122833251953 461.541137695312 480.818115234375 476.739807128906 481.912689208984 496.958679199219 483.918365478516 469.115417480469 476.197784423828 471.005767822266 474.151916503906 498.664245605469 513.531188964844 519.510803222656 528.425659179688 532.547546386719 533.3056640625 509.076477050781 487.592895507812 496.759490966797 503.647735595703 490.906646728516 507.471221923828 522.682861328125 524.739807128906 521.943908691406 521.982299804688 526.567626953125
-3.4e+38 -3.4e+38 -3.4e+38 -3.4e+38 -3.4e+38 -3.4e+38 -3.4e+38 -3.4e+38 411.04248046875 413.293243408203 416.087646484375 -3.4e+38 422.153930664062 424.376342773438 428.350646972656 432.065948486328 436.807006835938 442.163177490234 446.195831298828 445.446990966797 448.427398681641 452.825073242188 455.351715087891 484.072601318359 489.824584960938 482.507934570312 486.057739257812 475.560028076172 465.518249511719 482.098205566406 468.094055175781 479.479156494141 507.343902587891 521.567443847656 518.642700195312 520.163696289062 523.403381347656 523.914001464844 496.911743164062 478.398773193359 493.253967285156 517.086669921875 498.578216552734 493.246826171875 511.851501464844 524.910095214844 522.345886230469 518.966247558594 518.632141113281
-3.4e+38 -3.4e+38 -3.4e+38 -3.4e+38 -3.4e+38 -3.4e+38 -3.4e+38 -3.4e+38 408.961334228516 411.243377685547 -3.4e+38 417.434020996094 421.650512695312 425.080139160156 426.901214599609 429.764007568359 434.52734375 439.878936767578 444.367584228516 445.513244628906 445.5107421875 448.233764648438 452.347595214844 470.558624267578 479.802337646484 478.213958740234 473.564758300781 466.900054931641 462.890899658203 472.874298095703 463.668914794922 478.25244140625 499.449676513672 513.848693847656 510.405792236328 512.040588378906 518.489929199219 517.428405761719 490.290222167969 472.312713623047 485.508331298828 511.891876220703 513.988525390625 493.552429199219 498.370178222656 517.222412109375 519.288940429688 514.164978027344 511.166564941406
-3.4e+38 -3.4e+38 -3.4e+38 -3.4e+38 -3.4e+38 -3.4e+38 -3.4e+38 -3.4e+38 406.871704101562 409.6015625 411.728149414062 415.538879394531 419.345245361328 423.792388916016 426.708953857422 430.403259277344 434.736663818359 438.330108642578 443.982025146484 446.570556640625 446.343170166016 446.58837890625 447.694641113281 452.038452148438 465.561981201172 475.335815429688 472.837951660156 470.164916992188 463.153564453125 464.028289794922 462.064727783203 469.676025390625 477.409118652344 495.541717529297 502.045349121094 503.161651611328 510.996978759766 512.973999023438 487.087524414062 469.139343261719 475.118133544922 503.646301269531 516.113220214844 508.001525878906 497.889831542969 504.643341064453 512.155822753906 509.389678955078 506.791412353516
-3.4e+38 -3.4e+38 -3.4e+38 -3.4e+38 -3.4e+38 -3.4e+38 -3.4e+38 -3.4e+38 404.646514892578 406.83740234375 409.345611572266 412.409149169922 416.303619384766 420.785522460938 425.394958496094 428.945007324219 430.947479248047 434.643646240234 442.117004394531 445.022644042969 445.099243164062 444.661895751953 445.338836669922 447.548522949219 455.911499023438 472.520172119141 476.389587402344 476.617156982422 464.493255615234 465.776916503906 463.964538574219 460.776916503906 460.519439697266 477.869964599609 496.448333740234 499.679565429688 505.763580322266 512.79638671875 490.669952392578 469.374145507812 472.414367675781 507.492034912109 511.675689697266 514.623291015625 507.600494384766 495.158721923828 490.735504150391 490.841613769531 496.009552001953
-3.4e+38 -3.4e+38 -3.4e+38 -3.4e+38 -3.4e+38 -3.4e+38 -3.4e+38 -3.4e+38 401.803771972656 404.362243652344 407.036560058594 411.381896972656 415.429321289062 418.974243164062 422.381011962891 424.449829101562 427.052703857422 431.359069824219 439.260070800781 441.047790527344 441.022583007812 445.481323242188 446.851257324219 445.280395507812 449.662414550781 462.12890625 471.137725830078 476.405670166016 470.030975341797 461.137573242188 459.585968017578 456.850128173828 456.340942382812 464.636474609375 476.783782958984 486.129180908203 499.713958740234 506.285034179688 485.286315917969 465.343566894531 481.025726318359 506.904083251953 510.526336669922 514.220153808594 513.462646484375 501.181823730469 481.969299316406 477.881011962891 484.695739746094
-3.4e+38 -3.4e+38 -3.4e+38 -3.4e+38 -3.4e+38 -3.4e+38 -3.4e+38 -3.4e+38 399.286529541016 402.825256347656 406.083038330078 410.590789794922 413.498229980469 415.737487792969 418.410308837891 421.914672851562 426.086029052734 429.113433837891 435.866027832031 437.493194580078 440.338256835938 452.309143066406 448.951354980469 441.50048828125 457.497924804688 471.253082275391 473.215179443359 475.920776367188 471.956726074219 454.175384521484 457.247863769531 456.2998046875 457.463806152344 458.105773925781 460.290771484375 465.605651855469 485.082336425781 500.654510498047 493.030303955078 472.467315673828 484.177062988281 506.739166259766 508.258972167969 509.781585693359 508.638122558594 506.153289794922 488.34423828125 477.034118652344 476.812957763672
-3.4e+38 -3.4e+38 -3.4e+38 -3.4e+38 -3.4e+38 -3.4e+38 -3.4e+38 -3.4e+38 394.745025634766 398.748016357422 401.661987304688 403.145874023438 404.399169921875 409.046630859375 414.491607666016 417.330078125 418.891357421875 421.466705322266 428.684295654297 430.976257324219 433.048431396484 438.444732666016 451.964599609375 453.728851318359 442.730590820312 447.118408203125 460.824768066406 465.587707519531 463.019256591797 451.13427734375 448.593109130859 446.735778808594 446.501434326172 449.814147949219 452.264495849609 453.775512695312 451.577758789062 461.41015625 487.550445556641 472.332427978516 454.883636474609 493.934906005859 495.9931640625 496.121856689453 495.994140625 495.958343505859 494.765167236328 489.552947998047 482.644653320312
