rcp8.5models/CNRM-CM5/sc1gr2.FIL
NCOLS 261 
NROWS 433 
XLLCORNER 336357.134 
YLLCORNER 654653.479 
CELLSIZE 1000 
NODATA_value -3.4e+38 
[rows 0 to 21 of 433, columns 49 to 97 of 261]
-3.4e+38 -3.4e+38 -3.4e+38 -3.4e+38 -3.4e+38 -3.4e+38 -3.4e+38 -3.4e+38 -3.4e+38 -3.4e+38 -3.4e+38 -3.4e+38 -3.4e+38 -3.4e+38 -3.4e+38 -3.4e+38 -3.4e+38 -3.4e+38 -3.4e+38 -3.4e+38 -3.4e+38 -3.4e+38 -3.4e+38 -3.4e+38 -3.4e+38 -3.4e+38 -3.4e+38 -3.4e+38 -3.4e+38 -3.4e+38 -3.4e+38 -3.4e+38 -3.4e+38 -3.4e+38 -3.4e+38 -3.4e+38 -3.4e+38 -3.4e+38 -3.4e+38 -3.4e+38 -3.4e+38 -3.4e+38 -3.4e+38 -3.4e+38 -3.4e+38 -3.4e+38 -3.4e+38 -3.4e+38 -3.4e+38
-3.4e+38 -3.4e+38 -3.4e+38 -3.4e+38 -3.4e+38 -3.4e+38 -3.4e+38 -3.4e+38 -3.4e+38 -3.4e+38 -3.4e+38 -3.4e+38 -3.4e+38 -3.4e+38 -3.4e+38 -3.4e+38 -3.4e+38 -3.4e+38 -3.4e+38 -3.4e+38 -3.4e+38 340.623046875 340.537445068359 340.424743652344 340.312591552734 340.201049804688 340.090118408203 340.56640625 340.8310546875 340.571197509766 340.545440673828 340.438568115234 -3.4e+38 -3.4e+38 -3.4e+38 -3.4e+38 -3.4e+38 -3.4e+38 -3.4e+38 -3.4e+38 -3.4e+38 -3.4e+38 -3.4e+38 -3.4e+38 -3.4e+38 -3.4e+38 -3.4e+38 -3.4e+38 -3.4e+38
-3.4e+38 -3.4e+38 -3.4e+38 -3.4e+38 -3.4e+38 -3.4e+38 -3.4e+38 -3.4e+38 -3.4e+38 -3.4e+38 -3.4e+38 -3.4e+38 -3.4e+38 -3.4e+38 -3.4e+38 -3.4e+38 -3.4e+38 -3.4e+38 -3.4e+38 -3.4e+38 340.449951171875 340.597381591797 340.488647460938 340.376312255859 340.264587402344 340.153442382812 340.042907714844 339.575958251953 339.953369140625 340.553253173828 340.500152587891 340.393646240234 340.273132324219 -3.4e+38 -3.4e+38 -3.4e+38 -3.4e+38 -3.4e+38 -3.4e+38 -3.4e+38 -3.4e+38 -3.4e+38 -3.4e+38 -3.4e+38 -3.4e+38 -3.4e+38 -3.4e+38 -3.4e+38 -3.4e+38
-3.4e+38 -3.4e+38 -3.4e+38 342.827453613281 342.748565673828 341.966979980469 341.507141113281 341.266998291016 341.1474609375 341.194244384766 340.984222412109 -3.4e+38 -3.4e+38 340.97607421875 341.438232421875 340.600128173828 340.205261230469 340.089447021484 340.615417480469 340.013000488281 339.8427734375 339.795379638672 340.249908447266 340.310638427734 340.19921875 340.088409423828 339.978210449219 339.650604248047 339.704010009766 339.825714111328 339.721099853516 340.203369140625 340.225494384766 -3.4e+38 -3.4e+38 -3.4e+38 -3.4e+38 -3.4e+38 -3.4e+38 -3.4e+38 -3.4e+38 -3.4e+38 -3.4e+38 -3.4e+38 -3.4e+38 -3.4e+38 -3.4e+38 -3.4e+38 -3.4e+38
342.117156982422 342.03955078125 341.918151855469 341.940826416016 341.899627685547 341.641876220703 341.450653076172 341.21142578125 340.559631347656 340.199493408203 340.083953857422 339.968780517578 339.688201904297 339.840606689453 339.865325927734 339.578826904297 339.398773193359 339.839019775391 339.997741699219 339.758575439453 339.581756591797 339.468933105469 339.558837890625 340.078826904297 339.563568115234 339.866424560547 339.913543701172 339.804290771484 339.695709228516 338.897430419922 339.243804931641 339.504364013672 340.041564941406 340.043762207031 -3.4e+38 -3.4e+38 -3.4e+38 -3.4e+38 -3.4e+38 -3.4e+38 -3.4e+38 -3.4e+38 -3.4e+38 -3.4e+38 -3.4e+38 -3.4e+38 -3.4e+38 -3.4e+38 -3.4e+38
341.583190917969 341.696716308594 341.341491699219 340.945190429688 340.827789306641 340.710662841797 340.593811035156 340.361022949219 340.091186523438 339.903137207031 339.785064697266 339.667419433594 339.550170898438 339.433319091797 339.31689453125 339.200927734375 339.085418701172 339.153533935547 339.741729736328 -3.4e+38 339.515167236328 -3.4e+38 339.290740966797 338.816314697266 338.395812988281 339.590545654297 339.272918701172 339.015777587891 338.909881591797 339.054046630859 339.259826660156 339.20556640625 339.341461181641 339.881225585938 -3.4e+38 -3.4e+38 -3.4e+38 -3.4e+38 -3.4e+38 -3.4e+38 -3.4e+38 -3.4e+38 -3.4e+38 -3.4e+38 -3.4e+38 -3.4e+38 -3.4e+38 -3.4e+38 -3.4e+38
341.098907470703 341.037384033203 340.857360839844 340.666473388672 340.54638671875 340.426635742188 340.307159423828 340.069213867188 339.950714111328 339.832641601562 339.173980712891 338.830139160156 338.715972900391 338.602203369141 338.488830566406 338.375885009766 338.263366699219 338.151306152344 338.928527832031 -3.4e+38 -3.4e+38 -3.4e+38 -3.4e+38 338.90625 -3.4e+38 339.050842285156 339.417846679688 338.820098876953 339.149383544922 339.302215576172 339.248138427734 339.143005371094 339.038543701172 339.179992675781 338.862487792969 -3.4e+38 -3.4e+38 -3.4e+38 -3.4e+38 -3.4e+38 -3.4e+38 -3.4e+38 -3.4e+38 -3.4e+38 -3.4e+38 -3.4e+38 -3.4e+38 -3.4e+38 -3.4e+38
340.954681396484 340.834106445312 340.713775634766 340.59375 340.473999023438 339.825164794922 339.451354980469 338.683715820312 338.329193115234 338.217102050781 337.942962646484 337.760833740234 338.194091796875 338.294982910156 338.17919921875 338.063903808594 337.949066162109 337.834655761719 337.861877441406 -3.4e+38 -3.4e+38 -3.4e+38 -3.4e+38 -3.4e+38 -3.4e+38 338.100708007812 338.213012695312 338.523651123047 338.729644775391 -3.4e+38 338.471252441406 338.368682861328 338.266815185547 338.165679931641 338.662414550781 -3.4e+38 -3.4e+38 -3.4e+38 -3.4e+38 -3.4e+38 -3.4e+38 -3.4e+38 -3.4e+38 -3.4e+38 -3.4e+38 -3.4e+38 -3.4e+38 -3.4e+38 -3.4e+38
340.079498291016 339.440002441406 339.049926757812 338.936218261719 338.82275390625 338.565277099609 338.913696289062 337.995452880859 337.809143066406 337.691711425781 337.574645996094 337.457977294922 337.511566162109 337.464935302734 337.905334472656 337.995452880859 337.880920410156 337.766876220703 -3.4e+38 337.427673339844 337.315673828125 337.407135009766 337.358367919922 337.824462890625 337.873168945312 -3.4e+38 337.655456542969 337.770782470703 338.303985595703 -3.4e+38 -3.4e+38 338.018096923828 337.914337158203 337.811340332031 337.959716796875 337.635498046875 -3.4e+38 -3.4e+38 -3.4e+38 -3.4e+38 -3.4e+38 -3.4e+38 -3.4e+38 -3.4e+38 -3.4e+38 -3.4e+38 -3.4e+38 -3.4e+38 -3.4e+38
339.00634765625 338.756622314453 338.567657470703 338.448272705078 338.329162597656 338.210357666016 338.240295410156 337.855865478516 337.738372802734 337.621276855469 337.504547119141 337.38818359375 336.721649169922 336.396331787109 336.461395263672 336.973907470703 336.501495361328 336.760772705078 -3.4e+38 337.360961914062 337.249298095703 -3.4e+38 -3.4e+38 337.128295898438 337.07861328125 -3.4e+38 -3.4e+38 337.483551025391 337.604309082031 -3.4e+38 338.059936523438 337.955780029297 337.852355957031 337.749694824219 337.647796630859 337.546691894531 337.430786132812 -3.4e+38 -3.4e+38 -3.4e+38 -3.4e+38 -3.4e+38 -3.4e+38 -3.4e+38 -3.4e+38 -3.4e+38 -3.4e+38 -3.4e+38 -3.4e+38
338.133483886719 337.215179443359 337.226867675781 336.769836425781 337.075805664062 336.596771240234 336.31689453125 336.094390869141 335.890319824219 335.710021972656 336.146728515625 335.696716308594 335.925476074219 336.018676757812 335.904266357422 335.790313720703 335.676818847656 335.753204345703 -3.4e+38 336.227691650391 336.116729736328 336.212341308594 -3.4e+38 335.999877929688 335.949798583984 335.844055175781 335.9619140625 336.499176025391 336.530517578125 336.088073730469 336.414978027344 -3.4e+38 -3.4e+38 337.626770019531 337.525543212891 337.425109863281 337.325500488281 337.226715087891 -3.4e+38 -3.4e+38 -3.4e+38 -3.4e+38 -3.4e+38 -3.4e+38 -3.4e+38 -3.4e+38 -3.4e+38 -3.4e+38 -3.4e+38
337.125671386719 337.065826416016 337.280609130859 337.088073730469 336.507232666016 336.0615234375 335.876647949219 335.642669677734 335.526214599609 335.410125732422 335.461883544922 334.690216064453 335.032409667969 335.190826416016 335.079498291016 335.530456542969 335.60888671875 335.496246337891 335.469451904297 335.420745849609 335.886444091797 -3.4e+38 -3.4e+38 -3.4e+38 335.613555908203 -3.4e+38 335.398620605469 335.51953125 336.057037353516 335.976470947266 335.872619628906 336.258483886719 -3.4e+38 337.565490722656 336.861785888672 337.268493652344 337.265258789062 337.166809082031 -3.4e+38 -3.4e+38 -3.4e+38 -3.4e+38 -3.4e+38 -3.4e+38 -3.4e+38 -3.4e+38 -3.4e+38 -3.4e+38 -3.4e+38
336.580017089844 336.530578613281 336.482757568359 336.36767578125 336.106719970703 335.380920410156 335.024108886719 334.796569824219 334.683319091797 334.570404052734 334.457824707031 334.173889160156 334.169952392578 334.122436523438 334.011444091797 334.085723876953 334.040374755859 334.500823974609 334.463043212891 334.928161621094 -3.4e+38 -3.4e+38 -3.4e+38 335.656951904297 335.548919677734 -3.4e+38 -3.4e+38 335.817260742188 -3.4e+38 335.913940429688 335.810455322266 335.707672119141 -3.4e+38 -3.4e+38 -3.4e+38 336.563354492188 336.506958007812 337.020568847656 337.009826660156 -3.4e+38 -3.4e+38 -3.4e+38 -3.4e+38 -3.4e+38 -3.4e+38 -3.4e+38 -3.4e+38 -3.4e+38 -3.4e+38
336.438751220703 336.320465087891 335.665496826172 334.756500244141 334.394836425781 334.13330078125 333.952972412109 333.726165771484 333.613220214844 333.500671386719 333.943786621094 333.482635498047 333.724456787109 333.811981201172 333.698608398438 333.585723876953 -3.4e+38 333.553863525391 334.138885498047 -3.4e+38 -3.4e+38 334.283905029297 -3.4e+38 -3.4e+38 -3.4e+38 335.377319335938 335.270843505859 335.984649658203 336.059875488281 335.851531982422 335.748413085938 335.64599609375 -3.4e+38 -3.4e+38 -3.4e+38 -3.4e+38 336.145263671875 336.314636230469 336.256958007812 337.665893554688 -3.4e+38 -3.4e+38 -3.4e+38 -3.4e+38 -3.4e+38 -3.4e+38 -3.4e+38 -3.4e+38 -3.4e+38
336.102203369141 336.247100830078 335.448608398438 334.326019287109 333.894958496094 333.778167724609 333.661712646484 332.65576171875 332.543212890625 332.430969238281 332.489715576172 332.27099609375 332.834686279297 332.98583984375 333.440460205078 -3.4e+38 -3.4e+38 -3.4e+38 334.072296142578 -3.4e+38 333.852630615234 333.743621826172 333.848815917969 334.382141113281 334.640350341797 334.589050292969 334.485321044922 334.61279296875 335.749084472656 334.961120605469 334.976196289062 335.47705078125 335.483154296875 -3.4e+38 -3.4e+38 -3.4e+38 -3.4e+38 335.988098144531 335.891540527344 336.96142578125 337.613067626953 -3.4e+38 -3.4e+38 -3.4e+38 -3.4e+38 -3.4e+38 -3.4e+38 -3.4e+38 -3.4e+38
-3.4e+38 335.653533935547 334.581512451172 334.005310058594 333.822692871094 333.1591796875 332.810852050781 332.358947753906 332.243896484375 332.129211425781 332.014923095703 331.901062011719 331.965698242188 332.482330322266 -3.4e+38 -3.4e+38 332.589172363281 -3.4e+38 -3.4e+38 333.735473632812 333.207122802734 332.944732666016 332.839111328125 333.537445068359 333.629516601562 334.114624023438 334.143615722656 334.038513183594 334.404144287109 334.567230224609 334.624786376953 335.373626708984 335.422119140625 335.321899414062 335.222442626953 -3.4e+38 -3.4e+38 -3.4e+38 335.832672119141 336.013427734375 336.852020263672 -3.4e+38 -3.4e+38 -3.4e+38 -3.4e+38 -3.4e+38 -3.4e+38 -3.4e+38 -3.4e+38
-3.4e+38 -3.4e+38 -3.4e+38 -3.4e+38 -3.4e+38 332.699371337891 331.967651367188 331.515167236328 331.403289794922 331.291809082031 331.1806640625 331.069885253906 331.523986816406 -3.4e+38 -3.4e+38 332.200988769531 332.2705078125 332.15966796875 332.776428222656 333.035736083984 332.776702880859 332.612945556641 332.505218505859 333.203948974609 333.29150390625 333.411437988281 333.951507568359 333.975463867188 333.871398925781 334.507598876953 334.563232421875 334.711608886719 334.656311035156 334.558654785156 335.070159912109 335.327423095703 -3.4e+38 -3.4e+38 -3.4e+38 335.679046630859 336.484741210938 -3.4e+38 -3.4e+38 -3.4e+38 -3.4e+38 -3.4e+38 -3.4e+38 -3.4e+38 -3.4e+38
-3.4e+38 -3.4e+38 -3.4e+38 -3.4e+38 -3.4e+38 331.477203369141 330.733154296875 330.444946289062 330.89208984375 330.989166259766 330.875610351562 330.762451171875 -3.4e+38 -3.4e+38 -3.4e+38 331.325439453125 331.455291748047 -3.4e+38 331.497467041016 331.289123535156 332.351165771484 332.547821044922 332.440460205078 332.553863525391 333.09228515625 333.121917724609 333.247283935547 333.194519042969 333.690246582031 333.847442626953 334.395355224609 334.40087890625 334.300628662109 334.201141357422 334.363433837891 334.917785644531 335.175201416016 -3.4e+38 -3.4e+38 -3.4e+38 335.808746337891 336.342468261719 -3.4e+38 -3.4e+38 -3.4e+38 -3.4e+38 -3.4e+38 -3.4e+38 -3.4e+38
-3.4e+38 -3.4e+38 -3.4e+38 -3.4e+38 -3.4e+38 329.764373779297 329.598052978516 329.374786376953 329.431915283203 329.386596679688 330.407348632812 330.693267822266 -3.4e+38 330.468963623047 -3.4e+38 330.437561035156 330.388488769531 331.055786132812 330.862976074219 330.698394775391 331.012634277344 332.190704345703 332.375854492188 332.269470214844 332.388275146484 332.92919921875 332.953857421875 332.849884033203 332.984741210938 333.43310546875 333.689025878906 334.239196777344 334.240173339844 334.141052246094 334.042724609375 334.210632324219 334.767059326172 -3.4e+38 -3.4e+38 -3.4e+38 -3.4e+38 336.22705078125 336.195068359375 336.088928222656 -3.4e+38 -3.4e+38 -3.4e+38 -3.4e+38 -3.4e+38
-3.4e+38 -3.4e+38 -3.4e+38 -3.4e+38 -3.4e+38 -3.4e+38 329.320159912109 328.304718017578 328.193969726562 328.083587646484 329.456970214844 329.863922119141 -3.4e+38 329.645812988281 330.110595703125 -3.4e+38 330.068664550781 330.736358642578 -3.4e+38 330.785430908203 330.525085449219 330.849090576172 332.031585693359 332.205383300781 332.099945068359 332.818634033203 332.890930175781 332.787322998047 332.684417724609 333.329681396484 332.774749755859 334.039672851562 334.179931640625 334.081176757812 333.983215332031 334.499542236328 334.754608154297 334.967407226562 -3.4e+38 -3.4e+38 -3.4e+38 -3.4e+38 336.138885498047 336.049652099609 335.944793701172 -3.4e+38 -3.4e+38 -3.4e+38 -3.4e+38
-3.4e+38 -3.4e+38 -3.4e+38 -3.4e+38 -3.4e+38 -3.4e+38 -3.4e+38 328.005676269531 327.892456054688 327.779632568359 328.588531494141 329.364929199219 329.443572998047 -3.4e+38 329.411651611328 329.939056396484 330.001586914062 330.092163085938 330.881683349609 330.621307373047 331.634246826172 331.815368652344 332.144256591797 -3.4e+38 -3.4e+38 332.036529541016 332.706665039062 332.724975585938 332.622436523438 332.666442871094 332.360748291016 333.9423828125 334.119873046875 334.021514892578 333.923919677734 334.094696044922 334.65283203125 334.635894775391 334.8193359375 335.381011962891 -3.4e+38 -3.4e+38 -3.4e+38 335.994079589844 335.906188964844 335.802703857422 -3.4e+38 -3.4e+38 -3.4e+38
-3.4e+38 -3.4e+38 -3.4e+38 -3.4e+38 -3.4e+38 -3.4e+38 -3.4e+38 -3.4e+38 -3.4e+38 -3.4e+38 -3.4e+38 -3.4e+38 328.839385986328 329.196319580078 -3.4e+38 -3.4e+38 329.449432373047 329.704132080078 330.392822265625 330.436737060547 330.330261230469 330.661834716797 -3.4e+38 331.884002685547 -3.4e+38 -3.4e+38 -3.4e+38 331.839874267578 332.389129638672 332.297546386719 332.197814941406 332.098785400391 333.742919921875 333.289459228516 333.723297119141 333.710052490234 333.614807128906 334.416961669922 334.4267578125 334.333984375 334.242095947266 -3.4e+38 -3.4e+38 -3.4e+38 335.796661376953 335.710540771484 335.62548828125 -3.4e+38 -3.4e+38
