rcp8.5models/CNRM-CM5/sc1gr1.1
NCOLS 261 
NROWS 433 
XLLCORNER 336357.134 
YLLCORNER 654653.479 
CELLSIZE 1000 
NODATA_value -9999 
[rows 352 to 373 of 433, columns 200 to 249 of 261]
56.2454847255077 56.3689472330937 56.5756328299163 56.2332782782877 56.12427753719 55.8700809422578 55.6383588760369 55.6255711368482 55.4761823393314 55.3384663907779 55.3647189262421 55.4590461718707 54.9535234230893 54.8678231869388 54.9519426302711 54.7467154577669 54.6813055304122 54.9604336662758 54.974157219219 54.8550000569977 54.8401977510796 54.7163373395372 54.4696142049387 54.4516514424766 54.6907067228185 54.3247510667162 53.9621307593371 53.7062389809178 53.9822390714849 53.7415743884379 53.83438009179 53.7267555055568 53.7588001798543 53.1915770509875 53.5983516278073 53.296301882916 53.1422345115649 52.9320522774681 53.1599303493419 -9999 -9999 -9999 -9999 52.8058491929194 52.5694800229895 52.6994526620945 52.4291287089086 52.103511327253 52.3532597293798 -9999
56.1972441952524 56.3555868853017 56.4239018118535 56.0669676217235 55.9449703427891 55.7680046201096 55.7150208480092 55.7295564143501 55.4871884247732 55.3558362961867 55.441146829698 55.5232541588684 55.2016662142625 54.9712968550143 54.5201364094839 54.5128154942828 54.4832551596744 54.6099271765216 54.7401980162537 54.5759616336085 54.417942703331 54.5006230026284 54.230094579289 54.1635699350628 54.1974600272125 54.0082752853861 53.7816796701425 53.4209366428197 53.6189289568421 53.6289024382834 53.7789520786674 53.702954736952 53.5865482057977 53.3168786967526 53.474158716096 53.2593281260229 -9999 -9999 -9999 -9999 -9999 -9999 -9999 52.669635279161 52.2549082696607 52.4358939365515 52.4961983095832 52.2631865746147 52.2387420842708 -9999
56.4184310319831 56.2971426569757 56.3472992122323 55.9485279491511 55.9007762901615 55.6694806143066 55.7332124029379 55.5983546636828 55.6628404328578 55.5954749706252 55.5804077473318 55.344887910129 55.3234934326643 55.001573278696 54.4595090932829 54.5650403544558 54.5114585984728 54.4143839999754 54.5575202688013 54.4528880998036 54.2336064973877 54.2520401721005 54.0194779283461 53.9920158852655 53.9645111759235 53.9305855185701 53.46494622227 53.2983589439241 53.5333677855041 53.4991263289338 53.6315389421013 53.5457714234485 53.491650242496 53.4624067468361 53.4013783815162 -9999 -9999 -9999 -9999 -9999 -9999 -9999 -9999 -9999 52.5224370778153 52.2488175698501 52.5717846160435 52.269469765762 52.200336680037 -9999
56.5683985948286 56.477669323729 56.0374411150902 55.8175734399916 56.1189447971874 55.7126860774945 55.7731898332175 55.5489587945854 55.8180575034488 55.5286423290414 55.4763119099132 55.2319497117595 55.2805620977905 54.8356734731319 54.4036455041079 54.6742608084292 54.6884526891341 54.2375243755274 54.5791659102042 54.4172525210054 54.2679761358277 54.2036943703147 54.1453904942303 54.0889695032139 53.9662844958722 53.9959286823233 53.5572539742389 53.3943622585304 53.6509876783462 53.5716863636497 53.4168282354651 53.3762169188873 53.4521993424329 53.2856963773016 -9999 -9999 -9999 -9999 -9999 -9999 -9999 -9999 -9999 -9999 -9999 52.3303024879586 52.3054527556202 52.3505176689298 -9999 -9999
56.3373204328618 56.1547278458794 56.0859112903035 55.8310171209829 56.1715730163488 55.8491865686836 55.7343112486688 55.7458002581177 55.7479362433347 55.6876559948274 55.2955797583168 55.3828792765497 55.2382421452929 55.1481955539264 54.5444083970738 54.4672996684847 54.6214561913688 54.488603164296 54.7756410972309 54.5109212234704 54.2112611386442 54.0888230184623 53.9004152085015 53.8742027896679 53.9709569229403 53.7931036202642 53.3427151120573 53.2910263181009 53.4654414677631 53.4855121007646 53.496335657241 53.2651095266541 -9999 -9999 -9999 -9999 -9999 -9999 -9999 -9999 -9999 -9999 -9999 -9999 -9999 -9999 -9999 -9999 -9999 -9999
56.0656610121639 56.1218953830453 56.5332968216882 55.9284473649771 56.0518955362457 55.8151818155192 55.5957488381365 55.6761595637679 55.4710984667741 55.7979444223513 55.3169875552214 55.567558428622 55.1918102148524 55.1478794290441 54.7184644444844 54.2476467757576 54.5568243967502 54.6107032686037 54.4249732731193 54.4393588300903 54.2841166305352 53.9466756357285 53.6800338951913 53.708947373812 54.0659368006282 53.8791063578518 53.3563210438329 53.3030879321476 53.3994426330059 53.2698698693206 53.7381652828634 53.5072671631731 -9999 -9999 -9999 -9999 -9999 -9999 -9999 -9999 -9999 -9999 -9999 -9999 -9999 -9999 -9999 -9999 -9999 -9999
56.2229122884443 56.1536974298138 56.3988892563 55.8566332329446 55.7706717901741 55.7684205448079 55.4707608958271 55.1433617666428 55.1218574168852 55.4050383833001 55.1911606312583 55.4357115964065 55.1842748064783 54.9581016073024 54.5996551137893 54.2999144697099 54.4686975647588 54.4471673244856 54.32138877363 54.315254841778 54.250697316644 54.0984859973133 53.9423810965562 53.8419605082769 53.8180298743478 53.7151734190493 53.5123113324174 53.6041507184783 53.5972239058335 53.5209847171974 53.8011973527166 -9999 -9999 -9999 -9999 -9999 -9999 -9999 -9999 -9999 -9999 -9999 -9999 -9999 -9999 -9999 -9999 -9999 -9999 -9999
55.9534439302344 55.826039269239 56.3105408212605 55.6335024057544 55.416161909499 55.3726153758189 55.3807375018438 55.1086273008637 54.8992655379142 55.3533920463808 55.1572376811606 55.1831059259014 54.9825323294703 54.9562077268586 54.7061146817283 54.3940474729132 54.3584727501282 54.3288270244923 54.4619764982112 54.4404528993688 54.1596364345336 54.1207884916865 54.071635524204 53.9352440916758 53.8158103309863 53.534005316 53.589288371732 53.4917751317297 53.7108563874292 53.7448300259726 53.7456709964068 53.730128826364 -9999 -9999 -9999 -9999 -9999 -9999 -9999 -9999 -9999 -9999 -9999 -9999 -9999 -9999 -9999 -9999 -9999 -9999
55.7510981481723 56.276181642111 56.0602599498246 55.7368459401537 55.4546958150372 55.6633219456013 55.4082707210763 55.3341368768781 55.366257761213 54.7647833534028 55.0987460791188 55.1235940404469 55.2597195741856 54.6672682380321 54.6516383112198 54.5220405106823 54.4136316773632 54.2732600062606 54.7054776495642 54.6150912309501 54.454622113678 54.3039781734182 54.2979417530881 53.9174469443612 53.7608337060913 53.640223113483 53.4760574447931 53.5701786775432 53.6375701493131 53.5108259027078 53.4890288724773 53.0197567051181 -9999 -9999 -9999 -9999 -9999 -9999 -9999 -9999 -9999 -9999 -9999 -9999 -9999 -9999 -9999 -9999 -9999 -9999
56.0179830570286 55.8887678520219 56.07546361957 55.4187086173099 55.3357791492598 55.3790707008562 55.2195809704477 55.2023980218119 55.1037420414156 55.0244318422096 54.8424382253169 54.8823143285942 55.0384353582618 54.7278189347723 54.606893288497 54.6644576529124 54.5662764401784 54.5318955648531 55.2328576113985 55.0139827378997 54.3624987928599 54.2407171540914 54.104578356623 54.1919095614324 53.695450066122 53.7343918236513 53.5485029351191 53.4716138689938 53.5924329285327 53.4178002529671 53.493910854694 53.2307521565909 52.7123939794722 -9999 -9999 -9999 -9999 -9999 -9999 -9999 -9999 -9999 -9999 -9999 -9999 -9999 -9999 -9999 -9999 -9999
55.9580428557344 55.8270904969501 55.8414322328861 55.2526217983196 55.1361816088234 55.167529247572 55.0534118768521 55.0342432658142 55.2023018950516 55.5781299424667 54.9090946919639 54.7908291893409 54.8029973807229 54.8593379483408 54.5901347598962 54.6834163782308 54.5839503403335 54.5237375487307 55.1199019538239 54.8718398143779 54.4931352021709 54.1489752326319 54.0923043262355 53.9851766770951 53.5169437140188 53.90268474421 53.8130681327152 53.649546751386 53.3798371216079 53.5803302262013 53.5416617293958 53.2547612454988 52.8715457339881 52.6168625993602 52.5489312385019 52.6539361866783 52.6639298335192 -9999 -9999 -9999 -9999 -9999 -9999 -9999 -9999 -9999 -9999 -9999 -9999 -9999
55.7632314881776 55.8113380107167 55.7445167688155 55.1304121291038 55.2146633061901 55.0761223026291 54.895287359123 54.8156894218794 55.172293039867 55.2367302089776 54.9705208006035 54.7915774316122 54.6289521300889 54.6114560803717 54.5358467793591 54.5701141636855 54.5643814777053 54.5650599510419 54.7576345973273 54.3924163022875 54.1971528754949 53.959748381154 53.9013147518204 53.565800566221 53.7061124686295 53.6631010996912 53.6399580894796 53.5732808849133 53.4271128633265 53.5202299719091 53.2830928129662 52.8547003400186 53.0257356386551 52.5344575911362 52.5113273734978 52.7212992368757 52.7602087316752 52.6283234061008 -9999 -9999 -9999 -9999 -9999 -9999 -9999 -9999 -9999 -9999 -9999 -9999
55.5014751913367 55.3436365743025 55.5828072847206 55.2054673883135 55.2518537092289 55.1016989132692 54.9306841312724 55.0603804130101 54.9016515783619 54.5937252373753 54.7608551522797 54.6994884672199 54.654585854904 54.5896360691951 54.3482390074317 54.4072230561649 54.4201171728669 54.5997767716927 54.5479903763441 54.3483360351521 54.1469923117636 53.8699601953461 53.4901644562774 53.4387475487674 53.7910539793929 53.456274782921 53.3569253452673 53.366874530748 53.4516996364361 53.2003723895578 53.0316969014293 52.8375266251559 53.0021751869281 52.6954560385368 52.6488204505078 52.6770801746249 52.550962146434 52.4085727849304 52.3713175294841 -9999 -9999 -9999 -9999 -9999 -9999 -9999 -9999 -9999 -9999 -9999
55.1892634805312 55.4784321593276 55.6222403653676 55.376972627767 55.058411803451 55.0497793978603 54.9127638447465 54.8861881779062 54.6828204667119 54.9761265363294 54.7493215258296 54.5895409665555 54.6046137327445 54.6744012220467 54.4688859571446 54.152334580214 54.1007263828248 54.3699008532651 54.3237194638745 54.0869578103427 53.9841149574506 53.971863659446 53.4584419215916 53.5348006156816 53.672976564956 53.6956580537532 53.1550222502885 53.4967662916955 53.0912306473615 53.1326990708249 53.1711507768681 52.99156539691 52.9387894367086 52.7660553565313 52.6275933881734 52.5196719169278 52.4493153026688 52.6865494373216 52.5012010337707 52.2978849173975 52.5339855492714 -9999 -9999 -9999 -9999 -9999 -9999 -9999 -9999 -9999
55.5532317931993 55.7671614367483 55.700109173851 55.2697148375026 54.8771813037976 54.8176931197408 54.7915939493387 54.8112334087738 54.9772153616119 55.091732505386 54.8244184631466 54.779838188213 54.601848745368 54.6079725864938 54.401152910597 53.9672824730928 53.8943570763847 54.1093752222156 54.247857067199 54.0108114888372 53.9220854867261 54.0864721890765 53.8088993172339 53.7738609880639 53.7995251161383 53.5138867007658 52.8625701168297 53.3603545229091 53.4472630432149 53.5735747092375 53.5002582418347 53.0243442489023 53.029854630851 52.8982426858224 52.7370271805625 52.4393151928597 52.563602605687 52.5914835590947 52.3708948310792 52.3602960343122 52.4582210209025 -9999 -9999 -9999 -9999 -9999 -9999 -9999 -9999 -9999
55.6045455911832 55.6352329007566 55.5415551261017 55.1454700790096 54.7569371464599 54.8572361377045 54.9922462671857 55.2284776019743 55.0215136066546 54.7061362816196 54.7550601126334 54.7853227352735 54.6715374817092 54.5795514464554 54.2495862188208 54.1297139226181 54.1444488736117 53.8217371085322 53.948208528518 54.163214408706 53.9705103896246 54.0128360372608 54.0030107520683 53.7431364541324 53.7240705592361 53.3157698307635 52.7908079481346 53.5337730527102 53.4742682112036 53.5454490040164 53.2049191179401 52.9810533589415 53.0859092387884 52.9228564467858 52.6909699428485 52.7429917530427 52.7140041411133 52.3619215816952 52.4268250927301 52.4759818052916 52.7929014357197 52.6591624805876 -9999 -9999 -9999 -9999 -9999 -9999 -9999 -9999
55.6368966106321 55.4410593262617 55.337936838804 55.1028935595281 54.7229569797533 54.9965878583853 55.0841432939962 55.2211268059636 54.8616056881142 54.5702057017663 54.4210549197591 54.4976897665914 54.5870781246103 54.4895316827614 54.1990043558484 54.2320790560392 54.3421061749761 53.7230198744816 53.731742309273 54.1614306398213 53.832009428806 54.06032051805 54.1639440333087 53.8607669285278 53.6224235739203 53.4785578650982 52.9720935798056 53.3828155343563 53.102325598149 53.132509491674 53.1066318878037 52.9785843262018 53.0000046384564 52.8523859957052 52.6413787967104 52.6592544803288 52.7549661627376 52.4039494754849 52.7040331223833 52.7974722680449 52.9171281395364 -9999 -9999 -9999 -9999 -9999 -9999 -9999 -9999 -9999
55.8457775908669 55.4835148168098 55.1940176149294 54.9849701686585 54.8271458580051 54.8942832089517 54.9190860900891 55.0883202874202 54.9236579587756 54.4425832254707 54.3163623206963 54.4787128582241 54.3157607049696 54.4615295112852 54.0976483952898 54.296086566438 54.2005594148834 53.8655037233612 53.9396253130451 54.0634952598745 53.9896591109539 53.9141027767034 53.9926760460501 53.8150680173974 53.3584939224526 53.5233155325339 53.0421517709427 53.1875087851438 52.8289757372152 52.8347516143543 53.1362530341568 52.9879592049347 52.9216576330849 52.8605562443797 52.7641021753997 52.2947431043385 52.4133782273384 52.6250457909205 52.8301783400028 52.8493515016882 52.4837242050726 -9999 -9999 -9999 -9999 -9999 -9999 -9999 -9999 -9999
55.6295388794646 55.3267874735043 55.0628588783889 54.8662789756572 54.6229257540421 54.4118571758472 54.6138845799271 54.5993841305112 54.7155249733245 54.1699579461902 54.5233794375116 54.4715539750531 53.9948259985204 54.2160617267962 54.0481027239714 54.0604437873352 54.1905828175205 53.8109172299244 54.16100141572 53.8643124735267 53.8957345251041 53.5767505062671 53.7794860393592 53.5077941672416 53.2147713472881 53.5195339802741 53.3022009355432 53.1727519859849 52.7161766192304 52.7613117984612 52.8418660417385 52.9293941649792 52.8054229674657 52.8119930585623 52.7116007898085 52.2332091022241 52.2810128056836 52.517754858601 52.539079330625 52.4115217100763 -9999 -9999 -9999 -9999 -9999 -9999 -9999 -9999 -9999 -9999
55.1833191730338 55.1264122863344 55.0224746814463 55.0599898480925 54.3351957675361 54.3266772115213 54.4179758306488 54.1931500248973 54.4787821274411 54.4928365917174 54.5352300734107 54.2971880603282 54.2706534739765 53.8231000149403 53.5975796171423 53.8896463514667 53.4839168352755 53.6482021232151 53.641458738428 53.5591968282383 53.3484039543946 53.3107127751447 53.2263796853684 53.0487704144843 52.910985198572 52.9513548859596 52.465551540499 52.5300622055145 52.7369681928089 52.8938861895092 52.8613169312069 52.6725759117642 52.7897366256554 52.4561868461565 52.4877485504581 52.4080057143303 52.2521010396093 52.1077314651927 52.0552055743559 -9999 -9999 -9999 -9999 -9999 -9999 -9999 -9999 -9999 -9999 -9999
55.1445878836533 55.1307583256746 55.2870705441881 55.0401900585535 54.4389257459732 54.3766619914773 54.5086311772348 54.339607834341 54.5464261043404 54.4521621381529 54.3758558061255 54.1244579090658 54.3150182145584 53.6712430196227 53.6335737050976 53.8117367147994 53.4211080253951 53.1635682060361 53.3076852366781 53.5723897960182 53.3964459359425 53.3482683715549 53.0318052591529 52.8965627175704 52.8208130520997 52.9846453109256 52.6462819905646 52.6102317598887 52.6126577576307 52.9244548594444 52.6839457131119 52.3940404618469 52.7522338525665 52.3333750290874 52.5573519585866 52.3269284741694 52.1517163192254 51.9245902007695 -9999 -9999 -9999 -9999 -9999 -9999 -9999 -9999 -9999 -9999 -9999 -9999
55.2191919429229 55.0427599226481 54.9384043536466 54.7198679468692 54.5144352457279 54.3155266877117 54.4724911860288 54.1800243553119 54.0912847151914 53.97784827126 53.9247482538467 53.9240781625366 54.2217517533838 53.534663810075 53.7655102134154 53.5898517551237 53.4562353848675 53.6147413351666 53.4606368907002 53.5194325493941 53.4633450839509 53.3474853660024 52.8860032660008 52.7930721451978 52.8627740710857 53.2616700949984 52.8345712564604 52.8527997510633 52.6711888136045 52.8664464965479 52.8119886715161 -9999 52.5988055552123 -9999 52.6315806335163 52.54029286097 52.1626427363182 -9999 -9999 -9999 -9999 -9999 -9999 -9999 -9999 -9999 -9999 -9999 -9999 -9999
