rcp8.5models/CNRM-CM5/sc1gr9.16
NCOLS 261 
NROWS 433 
XLLCORNER 336357.134 
YLLCORNER 654653.479 
CELLSIZE 1000 
NODATA_value -3.4e+38 
[rows 308 to 329 of 433, columns 196 to 244 of 261]
144.907150268555 149.26611328125 155.816970825195 135.416213989258 140.836395263672 151.102462768555 141.659652709961 144.754898071289 141.636322021484 141.216613769531 136.447494506836 123.78311920166 149.257705688477 149.182708740234 123.049140930176 98.0237045288086 97.6507415771484 97.773078918457 110.757507324219 88.353271484375 89.0762481689453 90.4628448486328 89.6721496582031 88.7550430297852 88.8086242675781 91.6089096069336 95.4084091186523 94.5828094482422 91.5821304321289 92.1643371582031 93.3572540283203 93.2301177978516 93.6552276611328 94.2311782836914 94.2324066162109 93.8279571533203 94.2147979736328 94.6902313232422 94.7607040405273 94.4718017578125 94.6205444335938 96.0208053588867 95.7070083618164 95.3386383056641 95.522102355957 95.5304946899414 95.5691375732422 95.741943359375 95.9068145751953
153.005081176758 146.862747192383 155.563125610352 158.840881347656 155.187652587891 149.015930175781 154.869125366211 143.165802001953 141.441177368164 142.540771484375 143.691268920898 146.874938964844 146.393096923828 126.234397888184 126.203575134277 105.488906860352 123.930976867676 96.6636428833008 90.7713088989258 94.9538803100586 111.611557006836 88.5739974975586 87.6988067626953 87.6951599121094 89.1075592041016 91.5390625 92.6312255859375 93.7712173461914 92.9693374633789 91.0736846923828 91.7989349365234 91.8719024658203 92.4901962280273 92.5794982910156 92.0592727661133 92.2624130249023 93.6150817871094 93.662712097168 93.419921875 93.1395034790039 93.1600494384766 94.6589126586914 94.5117645263672 94.5883026123047 94.861083984375 94.9355087280273 94.8090209960938 95.2738265991211 95.3094940185547
157.473770141602 146.745910644531 150.723709106445 159.803497314453 159.145034790039 153.523666381836 165.387054443359 147.865020751953 144.945175170898 142.185424804688 145.478698730469 144.323471069336 126.499565124512 132.382522583008 121.802116394043 113.070762634277 147.088882446289 94.0848770141602 99.1886825561523 118.213386535645 106.612037658691 86.4036102294922 86.4514923095703 86.7899627685547 88.8157806396484 90.1391830444336 90.2159576416016 91.6350708007812 94.2176284790039 92.3298950195312 89.931282043457 90.3014907836914 90.9340515136719 91.2259902954102 90.8745498657227 91.0630416870117 92.2402267456055 92.4034881591797 92.4752349853516 92.4984283447266 91.7732391357422 93.330322265625 93.0684127807617 93.2206420898438 93.7889938354492 93.8032531738281 93.9330291748047 94.2657775878906 94.2812194824219
157.134475708008 147.762634277344 151.064544677734 163.997909545898 165.268951416016 159.086959838867 159.783432006836 150.15966796875 144.436279296875 141.672912597656 145.687545776367 136.073181152344 110.577590942383 147.112289428711 93.8450164794922 102.383575439453 117.914749145508 92.5813140869141 119.40731048584 107.057907104492 85.5092315673828 85.5926818847656 85.4557800292969 86.3273010253906 87.5273132324219 88.0897064208984 88.5463943481445 89.5751037597656 93.4976272583008 92.7095489501953 88.8332214355469 89.0033187866211 -3.4e+38 -3.4e+38 89.8606185913086 89.9005889892578 90.5650482177734 91.3633193969727 91.080436706543 91.2319412231445 91.0780868530273 92.0387496948242 91.8959732055664 92.2022323608398 92.496223449707 92.5899276733398 92.980827331543 93.0638427734375 93.5139770507812
156.779586791992 151.84049987793 150.210250854492 157.59587097168 160.046783447266 155.913986206055 152.165771484375 137.06982421875 117.460609436035 134.257827758789 119.755714416504 141.106063842773 130.307189941406 139.509170532227 97.8902053833008 126.76936340332 121.931945800781 91.5655517578125 106.041450500488 84.5912017822266 84.845817565918 84.7548217773438 84.6862945556641 85.6017990112305 86.2147445678711 87.1610107421875 87.7508850097656 87.896110534668 91.2922668457031 91.5014953613281 88.3755645751953 88.4811248779297 88.6728134155273 88.5490341186523 88.4123840332031 88.6826019287109 89.3122863769531 90.0981597900391 90.1147308349609 90.1561279296875 90.296760559082 91.1434936523438 91.5781173706055 91.7526550292969 91.8062973022461 92.0705642700195 92.1545944213867 91.9072341918945 92.2780227661133
164.696166992188 152.063613891602 151.523391723633 158.386322021484 164.171295166016 156.897308349609 147.752090454102 112.973693847656 122.439926147461 147.807464599609 146.55224609375 130.799957275391 94.0173568725586 127.712745666504 150.293441772461 144.645919799805 119.839294433594 115.704437255859 102.289222717285 131.453674316406 90.2757873535156 107.81568145752 82.7931747436523 83.2650604248047 83.9806823730469 85.0125885009766 86.6922454833984 85.3554382324219 86.0191192626953 87.1610870361328 87.000358581543 87.3914642333984 86.9650192260742 87.059944152832 86.6315002441406 87.1394500732422 87.6631469726562 88.2600784301758 88.3404235839844 88.3737030029297 88.2713775634766 88.960205078125 89.1254425048828 89.2424011230469 89.7520523071289 89.8275146484375 90.205451965332 90.2682647705078 90.6378555297852
166.326034545898 155.611206054688 152.232604980469 158.041763305664 157.484649658203 133.178100585938 145.911499023438 144.422897338867 146.870895385742 149.590881347656 148.908676147461 141.191162109375 127.736930847168 148.526885986328 149.905258178711 143.331695556641 116.873382568359 107.425682067871 102.915023803711 131.241439819336 88.2180328369141 102.677726745605 81.4806289672852 -3.4e+38 83.1366348266602 83.6526565551758 84.1225814819336 84.2781372070312 84.2183456420898 84.9454803466797 85.0351333618164 85.330207824707 85.558219909668 86.1597442626953 85.6974716186523 85.9638366699219 86.4190368652344 87.1838226318359 87.6815567016602 87.6175689697266 88.0164947509766 88.3700256347656 88.3843994140625 88.5214385986328 88.6699905395508 88.6802673339844 88.8723602294922 89.1054000854492 89.2858428955078
164.450012207031 157.335113525391 153.772125244141 158.134063720703 159.021911621094 137.767288208008 146.963470458984 147.045822143555 148.590484619141 149.476928710938 148.506912231445 148.08528137207 149.314743041992 147.792678833008 149.065246582031 140.324951171875 104.721824645996 90.7234878540039 99.0607757568359 138.08659362793 106.334373474121 -3.4e+38 -3.4e+38 -3.4e+38 82.0546417236328 82.6493682861328 83.3982849121094 83.43310546875 83.0033798217773 83.5187301635742 84.0225524902344 84.2603454589844 84.4051742553711 84.9265441894531 85.2524871826172 85.6129760742188 85.7758483886719 86.302116394043 86.1719589233398 86.4912033081055 86.9745407104492 87.3772888183594 87.6054153442383 87.6645584106445 87.6311874389648 87.5918502807617 87.7404937744141 88.5149765014648 88.5594635009766
162.154983520508 157.832626342773 156.122589111328 158.207382202148 165.759185791016 164.770050048828 149.435577392578 148.347091674805 149.437515258789 149.572784423828 148.606399536133 138.358657836914 120.395530700684 146.6318359375 138.225555419922 112.20068359375 106.685234069824 88.0597534179688 87.4390106201172 117.474388122559 127.912185668945 -3.4e+38 -3.4e+38 -3.4e+38 80.9231262207031 81.5530090332031 82.3979949951172 82.4082946777344 82.3924331665039 82.4646759033203 82.6606674194336 83.386344909668 83.4598159790039 83.7329711914062 83.9878387451172 84.4181365966797 85.0364151000977 85.1721343994141 85.1194381713867 85.6080703735352 86.0655059814453 86.4504089355469 86.9838638305664 87.0083465576172 87.203742980957 87.1617736816406 87.158088684082 87.2905349731445 87.2675170898438
161.341003417969 162.285797119141 164.302215576172 162.843643188477 164.209884643555 166.688995361328 152.920959472656 148.678085327148 150.497222900391 152.365142822266 155.354309082031 143.628540039062 114.851638793945 118.610984802246 129.384521484375 94.9741973876953 129.331604003906 88.3434829711914 88.1599655151367 114.030860900879 101.775657653809 79.025146484375 -3.4e+38 79.4096984863281 80.0351333618164 80.8415298461914 81.6068496704102 81.694465637207 81.9336471557617 81.8425903320312 81.5978012084961 82.3158264160156 82.6745834350586 83.1896133422852 83.2512359619141 83.6462478637695 84.2592468261719 84.076057434082 84.4325561523438 85.339485168457 85.9481582641602 85.3518600463867 85.6094741821289 85.6081314086914 85.8847503662109 86.4689483642578 86.4181060791016 86.3759765625 86.3089370727539
160.634231567383 163.005462646484 166.597351074219 170.259246826172 161.231857299805 160.102401733398 152.26904296875 150.109756469727 153.060241699219 155.44465637207 151.519577026367 127.212532043457 145.966903686523 114.422203063965 110.80924987793 121.70622253418 137.268493652344 113.963455200195 122.119552612305 129.960494995117 78.8479385375977 78.6084671020508 78.9591445922852 78.9004287719727 78.9009475708008 79.8657760620117 81.2042007446289 80.8060989379883 80.8459777832031 80.9717712402344 81.9720230102539 82.9577865600586 82.4587860107422 82.6110458374023 82.2934494018555 82.906364440918 83.2435455322266 83.0506744384766 83.2018356323242 83.9507675170898 84.3276748657227 84.7644882202148 84.7219924926758 84.7288131713867 85.0212173461914 85.4431838989258 85.4750213623047 85.8208465576172 85.8010101318359
158.12336730957 159.443466186523 161.402404785156 167.479675292969 160.873321533203 152.024871826172 149.021774291992 140.656204223633 125.150451660156 155.631988525391 139.176422119141 101.773979187012 147.818878173828 112.388648986816 121.768997192383 136.682052612305 116.709121704102 129.417984008789 136.495880126953 109.292739868164 112.549324035645 104.86296081543 78.1898498535156 78.0705184936523 77.8894119262695 78.7868728637695 79.9063949584961 79.9232025146484 80.2402801513672 80.6249008178711 83.1693954467773 82.7733154296875 81.9130020141602 81.7009963989258 81.4545822143555 81.9789199829102 82.2247772216797 82.6139907836914 82.7998199462891 82.7759857177734 83.064567565918 84.2540054321289 84.2978973388672 84.734619140625 84.9704742431641 84.3899612426758 84.3583145141602 84.5112686157227 84.7071762084961
154.011901855469 158.317535400391 160.543167114258 160.05859375 157.089248657227 151.206161499023 149.070068359375 132.112976074219 98.4037780761719 154.271118164062 144.754898071289 130.82096862793 148.192932128906 124.30069732666 146.824432373047 137.171752929688 120.12686920166 137.557907104492 128.291961669922 91.5714569091797 133.261520385742 99.9469299316406 77.5254211425781 77.6048049926758 77.1473388671875 77.7865982055664 78.2202301025391 78.5649185180664 79.1870727539062 80.0824737548828 81.8511047363281 81.2171478271484 81.0036697387695 80.9874038696289 81.4114379882812 81.7861251831055 81.8327789306641 82.0130844116211 81.7298126220703 81.9772109985352 82.3802108764648 82.9583206176758 83.0238037109375 83.5342636108398 83.6075134277344 83.3778457641602 83.390625 83.814453125 84.1468963623047
155.506057739258 161.119155883789 161.674713134766 156.101089477539 151.251602172852 149.9853515625 149.171478271484 143.052169799805 127.666107177734 154.809844970703 152.459808349609 154.786315917969 157.104904174805 154.518707275391 152.569808959961 145.912902832031 143.932571411133 144.323333740234 100.054344177246 82.8955764770508 99.2083587646484 83.5671997070312 103.15779876709 76.613151550293 76.6142501831055 76.8710098266602 77.2870254516602 77.5807342529297 78.1710815429688 78.9710235595703 80.1551666259766 80.1979293823242 79.910514831543 80.5000381469727 80.3442306518555 80.5757141113281 80.946533203125 81.0934143066406 80.9727020263672 81.3121719360352 81.6102447509766 82.0117492675781 82.2214965820312 82.3848648071289 82.6399917602539 82.9762191772461 83.0148010253906 83.3980560302734 82.9466400146484
158.338714599609 162.793502807617 161.95735168457 154.088928222656 150.827972412109 149.658096313477 149.32307434082 143.360885620117 127.45671081543 154.312103271484 151.683746337891 151.183929443359 153.87776184082 155.018112182617 155.428619384766 137.066162109375 115.290008544922 143.210815429688 75.1788024902344 75.0873947143555 75.9102630615234 81.9299774169922 98.4509887695312 75.6273193359375 76.2699966430664 76.4628677368164 76.5501403808594 76.860725402832 77.4751281738281 77.6794815063477 78.9441986083984 79.1215286254883 79.2036590576172 79.6141052246094 79.2696762084961 79.5195922851562 79.8902435302734 80.4788513183594 80.8338088989258 80.7075881958008 80.3545837402344 80.7274551391602 81.1159057617188 81.3095855712891 81.587158203125 82.3189163208008 82.2672576904297 82.3151245117188 82.0558929443359
156.644287109375 161.466827392578 161.968780517578 156.238250732422 151.844116210938 149.643295288086 152.106674194336 147.358932495117 95.3873596191406 126.216079711914 151.491928100586 150.094909667969 149.870559692383 150.340881347656 141.203430175781 108.360061645508 118.924163818359 134.005187988281 74.4472122192383 74.3806686401367 83.4742050170898 102.697578430176 83.1273651123047 103.201705932617 75.7285308837891 75.8356323242188 75.7888565063477 76.2077102661133 76.7935104370117 77.0761032104492 77.7216262817383 78.2030715942383 78.7387313842773 78.9215545654297 78.4746704101562 78.6576385498047 78.9518127441406 79.4477691650391 79.5657577514648 79.552864074707 79.7498779296875 80.1073608398438 80.2995910644531 80.6267623901367 80.6966857910156 81.3249969482422 81.2251815795898 81.3011703491211 82.0365982055664
155.362854003906 161.213882446289 161.582870483398 157.965805053711 152.88639831543 151.771789550781 161.618209838867 122.763946533203 90.5991744995117 105.327163696289 159.049743652344 149.607192993164 148.736663818359 148.381011962891 138.621871948242 110.228446960449 106.093696594238 107.259895324707 82.7398986816406 102.339393615723 81.9339904785156 98.4123001098633 81.4676208496094 98.7641296386719 75.5058441162109 75.4588775634766 75.4835510253906 75.6865158081055 75.7500076293945 76.2975997924805 76.9174194335938 77.2063980102539 77.8404693603516 77.9709930419922 77.6389694213867 77.9731597900391 78.1913299560547 78.5857696533203 78.7438049316406 78.8381042480469 79.4645233154297 79.8970184326172 80.2408065795898 80.3842849731445 80.4521789550781 80.0653610229492 80.2467041015625 80.4792327880859 80.8557434082031
154.949966430664 158.929611206055 159.817199707031 156.789459228516 152.131683349609 151.306411743164 148.815124511719 162.466583251953 91.2580718994141 92.1788635253906 112.615829467773 165.896606445312 149.403732299805 148.165634155273 128.932403564453 82.5207977294922 122.177192687988 140.722839355469 72.7572250366211 73.7671432495117 81.97802734375 99.1092376708984 73.7932662963867 81.8100662231445 102.466590881348 74.0804290771484 74.3646774291992 74.5416030883789 74.7431564331055 74.9096298217773 75.0800018310547 75.3785247802734 76.0973358154297 76.2949752807617 76.4587249755859 76.6069183349609 76.5511627197266 76.6171493530273 76.8872604370117 77.4022445678711 77.5836410522461 77.9493789672852 78.2616348266602 78.2205505371094 78.5058517456055 78.9005813598633 79.2406845092773 79.3473892211914 79.5110321044922
155.151153564453 157.03190612793 159.525329589844 156.030151367188 151.938125610352 150.474273681641 145.994247436523 154.594741821289 85.0014419555664 89.4357070922852 101.828369140625 130.478332519531 141.932388305664 117.716697692871 129.718215942383 93.6494903564453 152.035186767578 149.940139770508 72.721076965332 73.4292144775391 74.0143127441406 73.329216003418 73.0324554443359 80.2416610717773 98.0604476928711 74.028938293457 74.1024627685547 73.8140106201172 74.4432830810547 74.4326095581055 74.2861785888672 74.3816757202148 75.0786437988281 75.4869918823242 75.8508453369141 76.1756057739258 76.1461029052734 76.3281402587891 76.5402679443359 77.010139465332 77.0938415527344 77.300537109375 77.4218978881836 77.5930023193359 77.749267578125 77.8954391479492 78.188606262207 78.141242980957 78.5153961181641
156.106216430664 158.411041259766 159.154968261719 155.15869140625 152.803329467773 151.196411132812 154.331207275391 148.99983215332 83.0315933227539 88.7425689697266 104.424217224121 140.978378295898 145.485260009766 123.399215698242 139.47412109375 85.3298263549805 119.389366149902 144.773208618164 81.48681640625 104.226470947266 75.1103515625 81.1917877197266 109.747909545898 101.201095581055 72.9329376220703 73.2425155639648 73.0713500976562 72.8208694458008 73.4492492675781 73.7153549194336 74.3326263427734 74.3548583984375 74.7194213867188 74.7744750976562 74.614143371582 75.0646209716797 75.5927124023438 75.7315063476562 75.9548645019531 76.2627563476562 76.206428527832 76.6164627075195 76.5352020263672 76.6826324462891 77.060302734375 77.4241180419922 77.7147827148438 77.6630096435547 78.0342102050781
157.020294189453 161.254837036133 161.920700073242 155.878372192383 154.630569458008 152.097778320312 152.08723449707 152.34342956543 83.1177520751953 87.4916229248047 113.777458190918 174.999984741211 153.565124511719 152.425903320312 151.965057373047 105.499282836914 89.2281036376953 139.995162963867 112.379455566406 109.21411895752 106.830810546875 80.4864349365234 112.003227233887 125.457038879395 72.2820281982422 72.4352874755859 72.5636215209961 72.4753570556641 72.4172058105469 72.6324691772461 73.6255187988281 73.8025970458984 73.9483947753906 74.0415191650391 73.8449096679688 74.0912857055664 74.6821975708008 74.6709671020508 75.0670700073242 75.4514617919922 75.8045425415039 76.4930038452148 76.3666915893555 76.3256683349609 76.6793823242188 76.9404067993164 77.1163101196289 76.6090469360352 77.3454666137695
158.307739257812 160.890808105469 162.048828125 158.035369873047 155.508087158203 153.543762207031 152.749450683594 161.24592590332 118.747711181641 82.760139465332 106.816467285156 168.802917480469 152.980194091797 151.851745605469 154.093124389648 141.815444946289 111.280654907227 107.628997802734 100.54061126709 79.9579162597656 100.457504272461 72.4574813842773 78.2937850952148 96.38623046875 71.5121688842773 71.8169326782227 72.1186828613281 71.9833374023438 71.7776489257812 71.9999923706055 72.6430969238281 73.0843887329102 73.586784362793 73.7695388793945 74.1286926269531 74.2930526733398 74.4211959838867 74.6329193115234 74.972900390625 75.1565475463867 75.6055603027344 75.6778869628906 75.7798843383789 75.7298431396484 76.010856628418 75.9503860473633 76.1445465087891 75.7362213134766 76.3246994018555
