rcp8.5models/CNRM-CM5/sc1gr2.4
NCOLS 261 
NROWS 433 
XLLCORNER 336357.134 
YLLCORNER 654653.479 
CELLSIZE 1000 
NODATA_value -9999 
[rows 374 to 395 of 433, columns 100 to 149 of 261]
309.872750735829 312.540400243921 310.959980755774 307.766264380818 301.122462312214 296.055839141106 297.388992638727 302.915026471072 306.258989641848 307.326442295341 308.307005169087 304.916679997865 296.12922657041 294.218956647162 292.333860349442 289.218060638708 284.777941220977 282.686915097407 281.717516240336 279.544991272327 279.985884133492 283.062012335144 287.325395804765 290.432047190064 293.701128398 294.032332880556 293.466317353428 294.635720419523 297.424264587792 300.130425151017 303.82232308486 304.503779632811 305.849141069039 311.418152517075 317.782333985501 318.711411794295 313.716464493256 313.957172938088 320.422427316284 323.80003153332 324.083302170007 324.470283838979 324.554025370998 -9999 -9999 -9999 -9999 -9999 -9999 324.505038129776
308.577115626386 309.283651540593 312.440804836506 311.850171705889 305.579770391233 300.252286036874 299.933271413922 300.756121825846 302.274321490252 305.851454821236 308.736506827459 306.205135507863 294.541139682258 287.513342516894 284.338487549936 279.72688517685 276.032683545054 275.581485044526 275.731559957821 274.586605257981 274.984442777709 278.683123939879 284.005155753192 289.821560460088 299.784323142026 300.689912058348 301.067800194161 300.722060151246 298.738342641613 298.114296521662 300.733937249829 302.39035726076 304.753415564162 307.159529899075 308.897289138734 321.626014914176 319.977539107277 318.51440305518 321.886927775757 323.767119353995 323.851611522582 323.935366158141 324.018346576769 324.10053497125 324.373786216925 -9999 -9999 324.498682916305 324.575607741801 324.281997521498
305.990058610817 306.528534324635 309.735322121275 312.023770798579 310.923028990718 309.055144468728 306.613070309175 304.481400351667 304.4888163424 307.178294266802 308.744782455146 308.085889349316 300.329911575064 291.898538768625 286.9550088164 282.311482426855 280.189310774271 280.290389030722 278.406509100264 277.108092934681 277.245836861812 280.006211584676 286.121043679285 291.900011604493 300.218697390019 302.731228980264 304.066064313315 303.150426824671 303.779062842892 305.964274837158 304.338396810005 301.165742149858 304.48639303823 309.476111682733 309.68995546249 320.237551870071 323.182613998526 323.767266519312 323.948710201811 323.535432475008 323.518215128164 323.902341682691 323.984939830713 -9999 -9999 -9999 -9999 324.959200675426 324.850889149519 324.428969393721
301.214253729467 306.110916263228 307.47794706616 309.170374567451 309.735844763877 307.703206243502 305.798693334602 304.102258857505 302.334518532369 305.996882857177 308.967405660048 308.301579052438 305.551176236402 301.75597189549 297.554371724793 293.954267214545 290.934480791151 289.034753833676 285.933603601415 283.607464843075 282.230319120296 284.126410474045 290.522084932082 295.875878464106 303.336911091984 304.965192283619 307.458108357715 306.36876892492 304.801441469843 308.303193494892 310.352419880118 307.829741134577 308.514723981672 312.912621561739 313.483721071925 317.825721170736 322.468653251717 324.034280363672 323.918062953132 323.303349157924 323.18439141825 324.066553744763 324.25487332705 324.033618566838 324.306297361053 325.074417972258 324.541752690678 325.118768247666 325.131875111993 324.396838830257
300.154265580535 300.216160293236 302.812836654602 304.678208641742 305.751814772378 303.344149253697 300.867393281715 298.186620097989 295.752356697757 297.609343879455 300.848656441707 302.831679132547 303.801395847985 302.012150330914 298.314018804365 295.406663580748 292.517483848532 289.840417827672 286.971754896762 283.808284819084 281.385508255968 282.439959801647 287.208912280758 293.423404226606 304.424509104484 305.787792279227 309.06905492731 311.027684888639 308.523291638186 308.824362199273 311.375177136203 313.532359881806 314.918174643315 316.842673561501 317.001584965426 313.004521633348 319.166798438508 322.910683350878 323.588732099158 323.471848801177 323.453647037534 324.036652110188 324.420643770864 324.304618594011 324.083849596871 324.551926149184 324.813005808853 324.706744138282 324.476043054622 324.174914974079
301.853031875631 296.958968967887 297.944958211915 300.700287674744 301.71950388077 301.056646956536 298.144488247848 294.69203252086 292.497293843758 289.058104454778 288.461555979949 290.750156516765 293.363877772118 293.871470985172 290.041153271874 286.520495068067 285.384732367314 284.290782742918 282.920587360374 281.546553773401 280.607629199969 280.863711720314 282.604841377747 287.177173345771 297.111455068039 297.466208318005 303.461979323966 309.460171499556 312.323321702544 312.269237359656 312.007636175986 313.439428438458 316.438557037713 319.59844466188 319.880986897518 312.218639720093 315.959584734091 321.492155205176 323.26157398253 323.642500663801 323.923549533105 324.304974170244 324.388084565955 324.276221080203 323.854223150611 324.008758237906 324.788215226782 324.485468122713 324.119697637627 324.140374718163
302.315500227214 299.726892035979 298.598491889753 299.025266098079 299.585976051042 299.098328556107 296.397930979925 293.51330980099 291.59981176875 288.749337435294 286.798655380563 285.353481719927 285.570718301169 286.93606141293 283.920049439818 280.889436947307 280.971633907263 281.039679630005 281.361836111418 281.71966194735 281.344673236622 281.122923427057 281.245543735352 282.621618581124 288.359164561327 290.811944463263 299.210041274907 305.893791875845 310.375820228591 312.387529607452 312.974146348792 313.345283964214 314.486903225976 317.908342147192 320.18986974128 317.953484026842 317.475185170839 319.872105709705 322.234058056329 323.016506944317 323.895503493632 324.279529739626 324.163162989631 324.131892992505 324.513840183466 324.786041713489 324.55864843536 324.140970815122 324.092739056318 324.289807369614
300.736029818645 301.403414358364 300.185317929755 299.81706460213 299.83057160911 299.41288561706 299.350483346077 298.186741064437 295.444750224157 291.93469028049 289.955945270836 288.360360903757 289.553081244867 289.126295796207 286.25204008309 283.234583941989 281.530269643235 281.261859426309 282.62467468754 282.528719630805 281.799235531884 280.951610032945 279.476961982689 279.695800498701 280.597375643749 286.127483791351 295.216608145219 299.806024467316 303.633464925936 308.204629225548 310.800489593463 312.536380069241 313.123308776527 314.756890992826 316.36539058934 318.871385053086 317.787137464236 314.724744753595 317.144933122618 321.889833085434 323.168529915763 323.44704929374 323.827743157303 324.104171257454 324.49039161934 324.568973751151 324.839487735747 324.10455413724 324.053425722266 324.444075017624
306.123265706645 303.080310736249 303.610806879007 300.745590717462 299.277091685529 300.667760116274 303.211440792429 301.45096598306 297.783441089079 294.4500444485 291.990058399349 291.565330396594 296.176217027456 295.372422253753 292.178705513975 289.556694010404 285.681079944985 285.223537944375 288.888243786268 287.972429038315 286.514524086386 285.895350185681 283.771667164818 282.284663714352 278.23226111855 281.61982747174 287.596361013005 291.240433753742 296.51464046637 303.288146625053 308.797109149382 312.516538520456 313.098580887993 313.260543091559 313.05798078091 314.347089572255 314.490035138299 311.757053290199 313.723226271903 320.862843520543 322.140204019981 322.420736779816 322.805020992848 323.079062057838 323.652721901166 324.033986045481 324.500629270232 324.262883244949 324.337600355696 324.411491977603
309.143044672966 307.598315716538 308.425515810655 310.87358500425 309.687960596447 309.685537420958 309.737471836782 305.571834617968 304.941075012392 305.540383132035 305.075203012146 305.608730546905 304.654757149201 306.188625211654 305.055931844602 303.621214261492 302.751611272568 301.585779353993 301.363929280257 301.006844558209 300.290715743107 300.820096821729 300.301725578166 297.680273011057 292.24913318134 292.234045599811 294.203308586583 298.596822008001 306.185961048846 312.464735696092 313.673944898056 313.116132898777 312.555956096971 313.560873767507 314.300112993703 316.587501574485 316.222896413073 314.832775066514 316.753465896044 319.908384942237 320.786232966202 321.367041230633 321.744188141169 322.022105150252 322.401761994681 322.865066435524 324.126000195376 324.200765805171 324.274761107805 324.347967172026
311.476343203959 301.859064124793 300.827296851693 303.394958360264 305.926917104915 308.335526207285 310.62157606655 309.026180539315 309.336628472363 309.600220504405 308.401394711118 306.939417303293 305.593556245692 305.199338137228 304.043239441809 304.561153867482 305.729841249552 305.306734408315 304.883454243309 304.462539021548 303.568804576864 302.362056737965 301.436773874566 298.915218669995 293.184880114062 293.833111602088 295.740042798541 300.126040288926 307.816799509053 312.434044121758 313.871109847125 313.810183052231 313.322210128816 314.887493845182 316.987104688228 318.650944267964 319.144229815927 318.173225987723 317.308713777962 319.475054046068 319.161841509307 319.635220952276 321.214410936196 321.484781905802 321.868681816266 322.14034054973 323.295705897907 323.863156571484 324.244174609196 324.31701967132
314.641428094448 304.570518698677 302.563805717287 301.366421140497 303.331740279364 306.390048716206 309.695111654204 311.009961395611 310.549988254764 308.059137207642 305.329339750128 303.961612404926 305.376870072264 305.988430383225 305.574725533108 305.588927962276 306.123298956118 306.239299952879 305.340227421198 304.381254361323 301.618384179528 298.748890374905 299.325987440043 298.161951008525 298.539419718115 297.324719416525 296.609461417328 299.490451038687 305.661654345941 310.726751990989 314.502026655043 315.937319849653 315.66340417906 315.731071364046 318.018520040111 319.91923384692 319.504252281043 319.087684302253 319.479534272168 319.64302194764 318.527120525817 319.202580849499 320.782004770746 321.763962664834 322.033531806103 322.220230702455 322.44781015188 323.518919981708 324.214121520625 324.102963320151
316.787146706856 311.070600182168 307.95471268184 303.731817991211 302.548200841845 302.973836504383 306.335098676591 309.6450211035 309.488293610706 307.8906495373 305.771116707672 305.563288480155 305.867970724004 305.895608710251 306.482341357203 305.875930204064 304.422848994755 302.256702146841 299.526359966444 299.756315084643 299.848542010569 299.526047042038 301.859079457986 303.015589022987 306.183600259995 305.059192953703 304.100205750761 304.775887808181 305.732601216777 307.046870156838 309.314696443713 311.837803085286 315.633761090002 316.22611709749 317.76296807029 320.39948658517 319.772480584125 319.264279978731 319.75394843027 320.018993785541 319.699335585673 319.683313316272 319.955867384015 321.436369130548 322.010275697553 322.198862765223 322.41938918515 323.303350259398 323.69129473679 323.574811298485
317.843078287408 315.936114227988 312.752868040302 306.997615048932 301.470571153491 298.520849793287 300.086868673689 304.632587179203 307.253720940482 307.553756249711 307.637221597518 307.724756743673 303.061187496608 303.365685482209 306.469199595885 307.162553538438 304.24010637528 300.856228505787 299.379252756622 301.595228097424 305.17951953192 307.075120180382 307.626374879398 307.963043004784 307.3389589283 307.918703168338 308.273306859369 307.912236446874 306.561723140018 305.74339579273 305.671169458861 307.337130866516 313.043169116162 316.843168810221 317.768606238674 319.877332363362 319.872655178614 320.037800543499 320.025145240185 320.401758903382 320.479834882625 320.155029926565 320.024645877296 320.909263966396 321.67788774072 322.164519846002 322.20318335052 322.776597123943 323.340879157521 323.72021454974
315.846825008006 317.656905380171 316.460831396582 311.450051146388 301.379642124674 295.547680009208 296.139075086881 300.222246770877 304.478456161006 306.095241638437 307.431678228632 305.945787857599 303.885670140185 308.843543514013 311.315516065639 310.471186569205 306.266905143147 303.546947747753 304.941219213428 308.373708014355 309.680193343497 309.810397502716 309.126189017993 308.47583284097 308.332524887617 308.456975290676 307.360909559999 306.553643643972 306.476169652378 305.118524295972 305.162333209615 307.740593061853 311.38589720211 315.81424481167 317.903384673384 319.563975564598 319.642476924547 319.724623550016 320.006165038481 320.57920929086 320.752093301266 320.532657308234 320.609103917601 320.879615439262 321.6495509439 322.144791278435 322.170757070331 322.740285866899 323.317801995777 323.705873593511
313.559298473279 314.218160052251 311.829158016077 309.569824826439 304.777725731431 298.501548673052 296.202597737466 298.783457882797 302.539529200218 305.344942088351 307.656217367736 305.528058926744 309.570846624857 316.209986416296 315.531858524911 312.165855934333 308.449063815809 307.04550669651 307.996617100366 309.602209249169 310.162918192181 309.853054457792 308.851408004642 308.244722448195 308.58267451619 308.439759292772 307.359209407382 306.555626659116 306.248158765764 304.396796509992 304.809974840502 308.875678375928 312.727006213637 316.082365879148 317.886039543397 316.97126007778 318.250969608459 318.995532881304 318.784211670951 319.674894821628 320.733397845883 320.706440788417 320.882960508642 321.053566931557 321.734549662839 321.808742170364 322.642103938834 322.840665598475 322.791858900919 323.170151853946
313.796559260796 309.826215834963 307.938333265383 308.168656517644 308.028797583125 303.838218598456 301.077428798357 302.1360310584 303.066838520855 304.607064443364 306.899179827093 304.684726335681 312.284086174766 317.192089417711 314.781271583015 311.359385827591 309.424147093276 309.443332283034 309.565227777102 309.602679465823 310.429390233286 309.120301889827 307.791573842942 308.420025412665 307.161925492107 305.459159691073 304.486496650461 304.518060916799 305.991953988959 306.595984220315 306.638964055062 310.724924512694 314.6386380973 316.355814080185 316.597864188759 312.948171647807 315.681404902641 318.474778488636 318.252887436852 318.535833834944 319.322125917041 320.191922986183 320.566744056157 321.029254367952 321.709371010366 321.974708752263 322.740160826026 322.315326871282 322.26278690525 322.833905436544
315.270892735413 309.284448027906 308.237891544949 311.67700050506 312.981668090226 309.731274937935 305.406351362191 304.471512399881 304.823937674433 305.138174121448 304.602627742351 302.209252875203 313.844106055812 317.189720468664 315.325574065083 312.651153311746 310.685454796107 310.216061076042 310.55400525787 311.09013808492 310.508218730943 308.097576301673 307.30512169997 308.371874405564 307.624168814106 307.175690485518 306.809892027145 306.100795659544 308.321174403198 311.026874748832 310.976659129847 313.129732727922 314.761618948462 315.125592821727 315.28951978648 313.330381633963 315.819258681992 317.86633899731 318.644013044557 318.900907009886 318.784246691323 319.660009249814 320.232048284532 321.005459492559 321.684710695407 321.763041853021 322.027117977446 321.6684453738 -9999 322.488616064542
315.983381295937 312.364707267661 310.383890908049 313.105365839341 316.064541783591 315.366905388737 310.509632540084 306.574286425598 304.740358864522 302.738288303469 300.586421985082 301.99557783355 313.784986948013 317.179296865458 317.009863575587 315.881757145791 313.240057811672 311.469341760099 311.773500866264 312.112891246032 310.300592315051 307.779640088726 307.556799077196 308.131835278005 307.912164839892 310.303183390006 310.751354996585 311.851790060318 314.760661398674 316.606063942183 316.648602261926 315.165360351099 314.677284692291 315.180398494054 316.039037148707 316.10828598465 317.268229841383 318.047007285812 319.119520931659 319.583374957179 319.364648931559 319.641928610155 320.215985782584 320.787179687504 321.167041713057 321.042962531657 321.378657783962 321.446019591504 321.526194285607 321.970150447343
317.299687315138 315.131769607101 314.261915480616 314.611429796884 314.522223828844 315.370679327752 315.692075579561 312.559273011033 308.689445963405 302.38520864361 300.764670396995 306.869315971164 314.641096614645 317.431391565231 317.508991275726 316.819423603669 314.445148242024 311.976958018307 312.0043167073 312.35983987425 310.291726744667 308.260098475583 308.099017109813 307.663580168602 303.571478834545 306.332470389656 308.27020225182 313.179035247585 317.295233536793 318.370708328515 318.132925668217 316.431249654066 315.657815995293 316.377603278173 317.525724969114 316.966908707671 317.665651107752 318.617758503621 318.905064235167 319.274408821883 319.143236874411 318.922962314937 319.395201075701 320.265645376313 320.63688696318 320.900924484338 321.349980135592 321.237056974365 320.992163356757 321.2517273547
317.01854082546 315.136610257589 314.943132531123 315.522485980281 315.348048128421 315.457829411237 316.433317921314 316.51483851807 315.617384320995 310.746328191875 309.399956487998 313.565999844556 316.618509789242 316.646545361731 316.984214317697 315.831419211293 313.177669629137 312.178181110224 312.799985836373 311.881739092764 309.748637365435 308.466662949992 308.814811652469 308.670914158869 302.881239533889 306.945841330721 311.682172173765 315.666390013808 317.50929616136 318.417840287661 318.493948027995 318.135288455026 317.429725226266 317.435477716133 317.797987034346 317.237436233287 317.444190851723 317.899219037775 317.678661031167 318.160996742899 318.623223650131 318.594235238579 319.164424963766 319.741914530122 320.507729013388 321.183750360031 321.140162563303 321.084250651236 321.458162193559 321.342770488609
315.305279204786 311.165709533374 310.950855448314 313.392015303685 315.078805605786 315.177300825384 316.45978653581 317.230612779573 317.024685701279 316.587565043039 315.3834282637 312.172894052381 308.558270955779 310.885965585549 310.740621823953 309.52127323372 309.871902024397 312.12348917936 313.562924646404 312.590487610164 311.716179519197 310.495239650399 308.414389448555 302.617249486578 308.410460583688 314.919946114227 317.393927435468 317.520649992043 317.541969200555 317.67318844018 317.468736573808 317.324884259081 317.549034804748 318.192078360711 317.416076044425 316.915169480499 317.406641658084 317.64816982259 316.520913237045 316.325002674631 317.687195379875 318.552793233943 319.121741159647 319.698510982476 319.876542325471 319.837368248277 320.280942481064 320.914354020635 321.916631987017 321.984612193862
