rcp8.5models/CNRM-CM5/sc1gr21.8
NCOLS 261 
NROWS 433 
XLLCORNER 336357.134 
YLLCORNER 654653.479 
CELLSIZE 1000 
NODATA_value -9999 
[rows 391 to 413 of 433, columns 100 to 149 of 261]
382.223297119141 414.790893554688 329.383392333984 197.94889831543 156.726913452148 177.574081420898 184.399154663086 183.15022277832 190.516891479492 221.246139526367 281.579528808594 354.503662109375 452.433746337891 575.503784179688 619.103454589844 568.660095214844 514.294372558594 505.370574951172 528.653991699219 428.222076416016 409.12841796875 474.768432617188 578.841979980469 595.165710449219 549.441711425781 585.542175292969 642.59033203125 627.530456542969 577.242553710938 539.610900878906 515.614440917969 376.641174316406 280.792388916016 242.984344482422 238.720672607422 246.207153320312 253.870941162109 256.429107666016 253.29313659668 228.212600708008 172.502883911133 129.517807006836 172.266708374023 260.269409179688 424.489288330078 589.042785644531 588.316589355469 485.438079833984 -9999 413.318023681641
541.064636230469 611.255798339844 514.155578613281 332.078643798828 233.685729980469 229.386459350586 266.773132324219 295.018768310547 230.384475708008 258.364013671875 340.154846191406 406.149505615234 452.410064697266 538.291870117188 595.825500488281 553.835205078125 494.882873535156 483.753021240234 487.718780517578 449.320556640625 468.962951660156 487.535278320312 494.284057617188 467.564178466797 441.911163330078 481.379150390625 523.0615234375 498.051300048828 452.446685791016 466.620544433594 526.524841308594 454.894409179688 340.8818359375 265.832244873047 253.363494873047 255.625244140625 257.342498779297 253.591293334961 237.088180541992 196.662078857422 144.536987304688 116.100563049316 119.400283813477 151.111267089844 258.316131591797 411.637054443359 455.041046142578 387.287719726562 357.563232421875 364.321929931641
553.792236328125 625.260559082031 541.055419921875 418.827331542969 375.814483642578 391.687164306641 429.030242919922 428.519744873047 371.902252197266 383.267150878906 411.87646484375 439.705139160156 453.515747070312 480.57861328125 477.590148925781 386.227752685547 337.712677001953 396.1044921875 449.143493652344 448.740661621094 459.753112792969 455.259124755859 435.185455322266 412.074676513672 400.237335205078 432.089965820312 479.749053955078 466.822875976562 439.855987548828 487.862854003906 554.670349121094 499.185180664062 406.978668212891 323.129974365234 299.494384765625 301.191162109375 312.631561279297 304.029418945312 247.005218505859 175.863952636719 129.867767333984 115.94947052002 114.491523742676 122.736824035645 169.5966796875 272.494018554688 362.406829833984 375.391082763672 365.657287597656 378.325836181641
442.81005859375 444.662048339844 400.121490478516 389.597564697266 444.236389160156 511.612579345703 563.717224121094 560.002990722656 452.666748046875 451.776458740234 430.270477294922 415.463562011719 424.204437255859 428.523040771484 363.728637695312 245.817565917969 220.423583984375 298.309387207031 380.416931152344 476.374206542969 478.587951660156 448.203186035156 418.592376708984 411.473480224609 407.035797119141 426.747283935547 471.953491210938 493.350402832031 527.269104003906 592.893676757812 599.832275390625 496.391876220703 433.278381347656 393.38818359375 393.128112792969 387.137908935547 394.48779296875 398.124298095703 334.263275146484 256.259826660156 193.742828369141 149.487091064453 128.44709777832 127.636039733887 153.472122192383 218.374145507812 296.575866699219 334.137664794922 346.550170898438 370.668121337891
384.432647705078 400.535705566406 391.197845458984 383.881103515625 429.956726074219 513.366088867188 605.337280273438 626.352355957031 421.401184082031 399.755218505859 374.788604736328 353.269165039062 347.491119384766 321.917266845703 251.159790039062 184.557846069336 189.307876586914 258.482177734375 352.862945556641 484.939270019531 482.169586181641 444.782379150391 418.402923583984 419.705596923828 424.548187255859 440.722808837891 483.4111328125 564.438293457031 661.744323730469 679.941650390625 603.549560546875 440.003967285156 391.179809570312 382.945770263672 406.720245361328 417.375030517578 471.306732177734 582.5888671875 581.542907714844 468.044372558594 358.256896972656 277.066375732422 203.070068359375 196.555099487305 222.362274169922 260.611389160156 296.457824707031 310.779357910156 323.110626220703 347.348693847656
388.917205810547 462.140960693359 497.011260986328 463.158538818359 415.100250244141 442.356964111328 577.712280273438 678.320434570312 419.286743164062 345.033660888672 330.759674072266 312.728393554688 286.885070800781 247.774398803711 210.005615234375 192.740753173828 203.185821533203 255.515838623047 351.732788085938 457.084381103516 424.219268798828 398.009796142578 406.750213623047 445.276519775391 507.69970703125 578.282409667969 622.159790039062 633.258666992188 595.065856933594 515.727294921875 448.714477539062 363.881713867188 344.982208251953 351.987091064453 395.539855957031 463.758209228516 577.788452148438 697.463439941406 685.536315917969 562.393859863281 433.987121582031 333.772888183594 245.420547485352 247.948989868164 277.646331787109 301.020385742188 310.771484375 301.484283447266 280.577484130859 271.299133300781
370.728820800781 446.769317626953 507.923950195312 511.630950927734 439.962646484375 383.045288085938 439.183837890625 606.11669921875 506.027587890625 341.696228027344 292.083648681641 256.386291503906 229.927764892578 219.831985473633 222.408767700195 233.370056152344 255.216949462891 296.714233398438 350.134643554688 378.763244628906 361.814392089844 357.351440429688 376.72265625 450.637664794922 580.804260253906 685.00341796875 683.141662597656 602.405700683594 489.145385742188 381.937164306641 323.988647460938 326.669525146484 361.035003662109 407.395477294922 454.478485107422 501.522399902344 580.772399902344 666.725952148438 670.724792480469 559.950927734375 401.752838134766 303.349243164062 263.781921386719 268.594573974609 283.861633300781 281.406616210938 252.332763671875 209.882766723633 174.733428955078 166.494186401367
227.560333251953 295.021301269531 360.937561035156 437.321014404297 488.21728515625 481.762512207031 469.425567626953 449.203002929688 294.599945068359 246.301345825195 201.952255249023 176.534255981445 189.044418334961 224.371307373047 263.980834960938 318.762817382812 368.933380126953 351.610290527344 282.853759765625 235.04280090332 264.549560546875 305.358795166016 314.346649169922 332.127960205078 422.861083984375 523.459228515625 507.6767578125 401.879333496094 316.837432861328 270.300170898438 235.060348510742 228.40380859375 291.360595703125 332.988830566406 356.155334472656 377.599090576172 378.621215820312 365.012084960938 343.385406494141 313.618469238281 291.899230957031 295.819000244141 298.728088378906 272.918304443359 229.48210144043 189.353530883789 168.639739990234 164.413681030273 176.026123046875 186.681823730469
142.892227172852 178.041213989258 269.568603515625 380.932006835938 468.943023681641 485.591674804688 444.906799316406 397.658111572266 294.622497558594 243.253234863281 190.326568603516 171.7314453125 188.226440429688 215.624160766602 245.581253051758 271.992034912109 283.305816650391 274.615142822266 257.838104248047 235.377502441406 267.056365966797 341.896057128906 394.490325927734 391.021179199219 388.934600830078 410.327575683594 393.531463623047 324.950469970703 279.26025390625 271.708892822266 235.287704467773 -9999 260.8525390625 328.989227294922 357.611724853516 374.273345947266 405.145355224609 447.361694335938 422.136291503906 317.956420898438 267.304656982422 303.842376708984 322.140563964844 296.079284667969 254.842590332031 203.109771728516 185.416397094727 211.136474609375 239.318634033203 238.301223754883
74.0383911132812 87.0467758178711 201.615936279297 376.302307128906 486.718475341797 511.533843994141 490.205169677734 431.688903808594 302.776763916016 260.871551513672 215.980438232422 189.589630126953 188.881271362305 205.233169555664 229.350616455078 245.413391113281 272.499359130859 327.071350097656 348.227783203125 277.585388183594 323.892608642578 398.858215332031 431.025421142578 429.293182373047 439.798370361328 441.840576171875 406.137603759766 345.922882080078 352.311889648438 458.837585449219 474.317749023438 190.522842407227 -9999 313.297058105469 340.292938232422 351.412933349609 379.492553710938 426.924468994141 422.718048095703 335.072723388672 276.368957519531 300.596557617188 331.388702392578 337.226715087891 324.856719970703 267.243896484375 237.74626159668 274.486358642578 290.228454589844 270.9931640625
44.1605834960938 61.9657363891602 193.756454467773 410.644653320312 540.025695800781 567.568786621094 559.298828125 493.184936523438 288.734344482422 241.660171508789 199.804489135742 175.118499755859 170.708267211914 186.09489440918 219.633255004883 256.804229736328 317.284942626953 391.024383544922 423.659057617188 396.8203125 416.803375244141 423.244995117188 400.071105957031 404.002960205078 460.728485107422 525.48876953125 531.688232421875 441.169189453125 362.149505615234 403.620849609375 442.199310302734 267.960784912109 258.436645507812 290.907684326172 308.412841796875 325.663421630859 361.606964111328 416.146392822266 421.766815185547 336.871276855469 284.027648925781 324.489074707031 390.239379882812 382.038940429688 361.632720947266 327.818176269531 305.411468505859 306.247497558594 292.548767089844 277.754089355469
38.3145446777344 55.4703750610352 195.285659790039 443.82763671875 607.662475585938 624.22216796875 550.438720703125 436.072906494141 249.054641723633 208.535903930664 167.851165771484 149.856719970703 158.658645629883 183.723678588867 214.155838012695 250.178131103516 315.052734375 383.797668457031 420.364013671875 455.847229003906 448.933197021484 408.241241455078 365.361206054688 359.369659423828 391.017852783203 459.266052246094 519.633239746094 471.261016845703 360.703979492188 307.486450195312 316.070739746094 344.752410888672 347.32373046875 357.625946044922 344.004486083984 354.163848876953 399.763397216797 450.16357421875 436.585723876953 332.36328125 281.802001953125 348.816467285156 449.950500488281 414.443359375 361.680297851562 327.156860351562 321.162841796875 299.814422607422 271.955200195312 278.879119873047
37.8820877075195 52.5020751953125 184.343688964844 409.545837402344 539.540832519531 542.274353027344 485.088317871094 399.731079101562 232.854339599609 193.622161865234 165.780563354492 159.540954589844 174.081481933594 194.268280029297 210.828628540039 230.674942016602 269.763061523438 322.393920898438 370.163208007812 433.771820068359 424.206451416016 380.081115722656 334.400360107422 308.443664550781 306.043823242188 354.259094238281 460.988311767578 527.631164550781 510.2900390625 440.201477050781 341.882354736328 365.591247558594 409.592254638672 400.974700927734 361.134857177734 374.320587158203 440.269409179688 485.592926025391 453.383056640625 366.744598388672 349.187225341797 441.852203369141 490.16162109375 397.072570800781 325.573303222656 286.203491210938 296.015625 291.425537109375 286.773193359375 309.835479736328
45.7823524475098 71.1165924072266 209.448684692383 403.03466796875 487.526977539062 477.226013183594 452.253784179688 407.396270751953 248.953872680664 209.864639282227 193.747619628906 189.295944213867 192.696441650391 199.204284667969 210.923690795898 235.862396240234 280.906707763672 331.966888427734 362.276947021484 402.634918212891 398.733489990234 359.630096435547 307.443664550781 251.864822387695 219.428970336914 280.771942138672 442.570922851562 570.676452636719 617.219482421875 598.810180664062 475.822814941406 364.025268554688 373.294738769531 358.343017578125 341.685241699219 362.580017089844 426.826507568359 479.164398193359 477.601593017578 450.300201416016 451.696105957031 506.892517089844 445.831909179688 298.441345214844 251.691070556641 229.883666992188 237.642150878906 256.895080566406 297.707916259766 368.004211425781
112.682991027832 134.046661376953 284.473083496094 431.814086914062 478.900238037109 469.806671142578 463.339202880859 438.929473876953 290.459655761719 254.93864440918 235.040023803711 220.292755126953 215.384140014648 218.827453613281 236.755447387695 283.630889892578 357.929443359375 408.064361572266 409.078521728516 407.1181640625 396.679443359375 366.274322509766 326.990539550781 264.11376953125 214.20002746582 270.763824462891 424.270690917969 560.744323730469 654.645568847656 692.159545898438 607.572082519531 370.6064453125 365.044250488281 380.638122558594 387.305114746094 409.862396240234 493.780914306641 573.403747558594 549.626098632812 477.209533691406 431.550567626953 411.155670166016 320.970123291016 238.573623657227 219.222961425781 212.463333129883 220.732894897461 264.143035888672 341.098663330078 429.333526611328
253.398315429688 172.967010498047 254.518310546875 374.598327636719 443.987518310547 472.924133300781 499.132995605469 502.633575439453 353.509033203125 303.777526855469 301.625579833984 318.891723632812 327.343353271484 302.554412841797 277.086578369141 305.541839599609 389.685333251953 457.384826660156 474.964019775391 478.964447021484 450.049438476562 418.429473876953 381.417297363281 319.761077880859 267.943237304688 292.674133300781 399.996246337891 584.992431640625 822.492614746094 924.394104003906 802.133911132812 447.59912109375 393.541046142578 413.254913330078 423.6708984375 447.732543945312 553.668090820312 681.134033203125 650.785949707031 483.710357666016 376.733520507812 344.075134277344 258.47705078125 234.345184326172 233.811935424805 228.188278198242 225.910354614258 263.555816650391 343.908142089844 424.558532714844
384.412261962891 236.750747680664 226.269897460938 306.212158203125 395.759643554688 484.375244140625 575.175109863281 586.651672363281 416.965209960938 373.65087890625 382.367218017578 429.168609619141 447.212310791016 401.351196289062 342.776031494141 359.266052246094 496.203460693359 625.956970214844 646.725280761719 732.531188964844 634.542297363281 502.988708496094 421.336608886719 344.032196044922 289.47119140625 281.708984375 350.98291015625 569.419372558594 950.708862304688 1244.77905273438 1157.6796875 545.230651855469 437.336334228516 413.359191894531 417.861114501953 450.925750732422 519.957885742188 580.291564941406 541.504333496094 425.231811523438 361.634185791016 337.027465820312 256.676544189453 254.506774902344 285.154602050781 274.335815429688 230.857482910156 236.680816650391 286.802703857422 350.027893066406
492.7646484375 386.149719238281 319.325744628906 332.571472167969 387.002807617188 482.830261230469 608.653503417969 624.680297851562 453.56494140625 438.561492919922 467.088928222656 517.686218261719 545.224426269531 573.398376464844 579.667297363281 519.958984375 556.185668945312 677.562316894531 709.234375 750.860778808594 655.439208984375 508.072479248047 408.8525390625 342.942321777344 317.981475830078 346.072418212891 440.618591308594 626.158203125 932.457580566406 1214.07971191406 1125.41247558594 522.587219238281 424.167358398438 382.928497314453 390.03662109375 450.981536865234 582.080078125 693.688598632812 586.037170410156 379.025421142578 347.909088134766 340.667785644531 260.033020019531 270.427734375 336.684143066406 327.482299804688 247.864059448242 220.98258972168 229.435073852539 265.990447998047
568.553527832031 537.938171386719 541.337707519531 566.964782714844 572.079040527344 585.090698242188 644.008972167969 646.82470703125 477.595886230469 484.443603515625 518.6865234375 542.908874511719 547.453369140625 583.109191894531 616.735778808594 587.643310546875 610.129760742188 658.344177246094 626.186096191406 578.385986328125 531.408996582031 471.581634521484 418.809814453125 381.542205810547 402.278198242188 465.751556396484 534.214782714844 605.87646484375 718.323913574219 836.121215820312 767.501647949219 419.0771484375 334.445861816406 311.267456054688 342.284942626953 420.041564941406 524.220458984375 599.560607910156 537.994934082031 384.645874023438 347.183013916016 348.631744384766 241.692031860352 245.328018188477 312.312347412109 334.212921142578 299.895629882812 275.318542480469 251.636383056641 254.695159912109
532.780395507812 550.322814941406 634.394226074219 646.961975097656 663.259765625 913.982299804688 1188.41052246094 995.479187011719 416.781311035156 377.678619384766 397.435363769531 455.972015380859 574.419982910156 711.597045898438 712.819519042969 602.222229003906 502.315612792969 431.879943847656 386.141906738281 366.092041015625 384.112548828125 444.189331054688 530.57861328125 531.883178710938 450.877990722656 416.228912353516 470.186645507812 550.040405273438 575.704345703125 521.552795410156 450.556732177734 338.541717529297 287.681030273438 299.678497314453 337.243988037109 342.094024658203 332.307830810547 323.529602050781 316.121734619141 297.829254150391 277.801025390625 271.732543945312 238.648040771484 255.771957397461 302.862762451172 323.974304199219 299.384490966797 267.329650878906 242.854507446289 294.838958740234
465.477813720703 476.965942382812 558.804992675781 651.954650878906 808.885681152344 1076.13671875 1206.28283691406 935.788330078125 353.467712402344 318.606140136719 335.246307373047 402.466949462891 578.679321289062 771.1025390625 732.203918457031 533.45068359375 450.237762451172 470.387298583984 436.968627929688 360.563751220703 408.284088134766 484.653259277344 555.541625976562 541.96484375 471.919036865234 433.772979736328 456.208465576172 505.851257324219 519.811340332031 461.8330078125 372.473266601562 277.9619140625 259.882843017578 270.436248779297 308.127685546875 320.289489746094 286.61572265625 255.844696044922 244.820785522461 242.7548828125 245.144805908203 255.094772338867 277.715515136719 289.121459960938 317.713409423828 322.440338134766 284.083587646484 239.900085449219 220.533645629883 298.600891113281
427.403106689453 389.262664794922 428.600891113281 581.145202636719 845.718444824219 1080.26818847656 1092.38562011719 841.740844726562 390.342620849609 360.990905761719 344.185180664062 360.946166992188 462.975616455078 580.481506347656 558.613647460938 468.3798828125 485.50927734375 526.542175292969 485.191925048828 496.189361572266 574.737243652344 596.488647460938 594.366027832031 573.923034667969 526.388549804688 490.835510253906 462.996246337891 430.539398193359 407.230285644531 363.405426025391 309.709197998047 308.784362792969 323.833892822266 309.013366699219 308.559478759766 314.496520996094 274.805877685547 240.188079833984 247.741882324219 258.868286132812 260.484344482422 272.275939941406 291.842529296875 274.611083984375 283.165863037109 297.998901367188 296.684722900391 293.888580322266 330.228149414062 451.773193359375
443.713897705078 368.412109375 362.295257568359 493.377716064453 765.881286621094 1036.73937988281 1074.45556640625 830.22314453125 429.688446044922 386.431396484375 363.251403808594 371.65576171875 459.313995361328 559.411376953125 578.135559082031 619.734619140625 714.909973144531 699.654357910156 627.543762207031 669.309387207031 771.911499023438 801.893676757812 755.902587890625 715.896545410156 649.997741699219 554.107299804688 461.917755126953 391.854583740234 359.743896484375 327.018890380859 306.713256835938 324.978820800781 334.589019775391 326.196411132812 329.365417480469 351.743194580078 350.114044189453 322.528198242188 299.545318603516 291.511138916016 281.808349609375 274.283172607422 274.205932617188 245.034332275391 238.06884765625 259.516937255859 308.083740234375 394.309051513672 542.275085449219 679.899169921875
