rcp8.5models/CNRM-CM5/sc1gr0.22
NCOLS 261 
NROWS 433 
XLLCORNER 336357.134 
YLLCORNER 654653.479 
CELLSIZE 1000 
NODATA_value -3.4e+38 
[rows 176 to 197 of 433, columns 147 to 195 of 261]
83.9184494018555 83.6605529785156 83.393180847168 83.2282638549805 82.9573516845703 82.7727813720703 82.6540985107422 82.3035659790039 81.8579940795898 81.411018371582 81.1701431274414 80.7688064575195 80.482551574707 80.3399963378906 80.0648651123047 79.8800201416016 79.5940856933594 79.2776718139648 79.0444641113281 78.7120056152344 78.5231628417969 78.4158477783203 77.8213958740234 77.596435546875 77.3908996582031 77.1198501586914 76.8138427734375 76.5871200561523 76.2635955810547 76.0821151733398 75.8973236083984 75.8037872314453 75.6527252197266 75.0063323974609 74.7973785400391 74.7012786865234 74.5158843994141 74.3672637939453 74.2086410522461 74.05517578125 73.8751678466797 73.6982955932617 73.4241027832031 73.1856842041016 73.0811004638672 72.6540451049805 72.453125 -3.4e+38 72.2645721435547
83.9484329223633 83.6979522705078 83.3557052612305 83.1954879760742 82.8665466308594 82.7003326416016 82.5634918212891 82.5138549804688 82.1380386352539 81.5419158935547 81.3476257324219 81.0037384033203 80.7213134765625 80.5337753295898 80.0538024902344 80.000602722168 79.7173080444336 79.3403701782227 79.2055282592773 78.9749298095703 78.6623840332031 78.4681930541992 77.9217376708984 77.8540878295898 77.5623626708984 77.1489715576172 76.8574905395508 76.6478729248047 76.397705078125 76.1821517944336 75.9771270751953 75.8875122070312 75.7059860229492 75.2812347412109 75.0040130615234 74.847785949707 74.5920257568359 74.366584777832 74.24951171875 74.1962051391602 74.0519485473633 73.7925109863281 73.5456695556641 73.3104019165039 73.1628570556641 72.8402709960938 72.716423034668 72.5389022827148 72.3963394165039
84.0874633789062 83.7964019775391 83.5626449584961 83.2302856445312 82.857177734375 82.7000503540039 -3.4e+38 82.5245742797852 82.1340408325195 81.6464004516602 81.507080078125 81.0774765014648 80.9012222290039 80.6282348632812 80.2262649536133 80.0469589233398 79.6802978515625 79.4697952270508 79.2482070922852 78.9732208251953 78.6867904663086 78.3497161865234 77.8573150634766 77.7513046264648 77.4973907470703 77.2266464233398 77.0732116699219 76.8307342529297 76.5650634765625 76.359489440918 76.1480026245117 75.9282608032227 75.7138671875 75.4200057983398 75.1869049072266 74.9375839233398 74.7147674560547 74.4682464599609 74.3790435791016 74.3170776367188 74.1933898925781 73.9203491210938 73.7526092529297 73.4675827026367 73.2005310058594 72.9833984375 -3.4e+38 72.7814559936523 72.5531921386719
84.2988739013672 83.9859237670898 83.8920822143555 83.4878921508789 82.9781188964844 82.8153381347656 82.5983963012695 82.3310012817383 82.0045700073242 81.8430099487305 81.7793579101562 81.0791931152344 80.9511413574219 80.702880859375 80.3041534423828 80.0444412231445 79.7129745483398 79.5529022216797 79.2031707763672 78.8856887817383 78.7841415405273 78.5435485839844 77.8757400512695 77.6332092285156 77.5999984741211 77.4833450317383 77.2368927001953 77.0027084350586 76.739616394043 76.5732955932617 76.4231338500977 76.1150665283203 75.8517761230469 75.5683746337891 75.2889709472656 75.0612716674805 74.9920806884766 74.7256240844727 74.5042037963867 74.348274230957 74.2285308837891 74.0580825805664 73.9231491088867 73.6330337524414 73.4046020507812 73.1198348999023 72.9889831542969 72.8899459838867 72.6928405761719
84.3526840209961 84.1300582885742 83.9418334960938 83.6032485961914 83.0874633789062 82.8329315185547 82.6177062988281 82.3377075195312 82.1748580932617 82.0107040405273 81.8446273803711 81.2528915405273 81.0187530517578 80.756706237793 80.2913131713867 80.1592025756836 79.9268646240234 79.5656967163086 79.2792358398438 79.0456085205078 78.9379425048828 78.8129119873047 78.0471343994141 77.7734069824219 77.8120803833008 77.6232376098633 77.2761688232422 77.1411895751953 76.9657135009766 76.7991180419922 76.6511383056641 76.3893661499023 76.1419982910156 75.6594543457031 75.4053802490234 75.2765655517578 75.1740570068359 74.9080200195312 74.6311874389648 74.4380340576172 74.304801940918 74.1822204589844 74.0870895385742 73.8069610595703 73.5690231323242 73.2504348754883 73.1131134033203 72.996208190918 72.8039474487305
84.3126678466797 84.1228408813477 84.0503234863281 83.6545257568359 83.2676849365234 82.9535293579102 82.6499481201172 82.3481369018555 82.2201385498047 82.017936706543 81.7492370605469 81.4077301025391 81.0219116210938 80.7737350463867 80.4822158813477 80.2122802734375 79.940299987793 79.6946411132812 79.4410858154297 79.1082916259766 78.8821716308594 78.8310470581055 78.1851043701172 78.0258331298828 77.9619445800781 77.7492141723633 77.3154449462891 77.261100769043 77.1478881835938 76.9482116699219 76.7389144897461 76.5741348266602 76.31982421875 75.7082748413086 75.5903778076172 75.5427398681641 75.3143081665039 75.0451354980469 74.7625274658203 74.6189575195312 74.5612106323242 74.3446197509766 74.1759567260742 73.9572601318359 73.7063674926758 73.478889465332 73.2288818359375 73.094596862793 72.9578247070312
84.4014358520508 84.2260437011719 84.3094024658203 83.6844711303711 83.4383544921875 83.1741485595703 82.7073822021484 82.4138031005859 82.2016983032227 81.9356689453125 81.9001770019531 81.4724655151367 81.0420989990234 80.7081756591797 80.5849761962891 80.2465667724609 79.9099426269531 79.777702331543 79.4991912841797 79.2050094604492 79.0757141113281 78.8618927001953 78.3043518066406 -3.4e+38 78.0953369140625 77.8520812988281 77.5363616943359 77.4153137207031 77.2578277587891 77.0622711181641 76.811149597168 76.6818008422852 76.4624557495117 75.9670181274414 75.7945098876953 75.6495742797852 75.3404235839844 75.1828842163086 74.9619750976562 74.7328262329102 74.6613464355469 74.4533233642578 74.2360610961914 74.1049880981445 73.9104461669922 73.6299896240234 73.4704666137695 73.2141036987305 73.0879440307617
84.3781433105469 84.3498153686523 -3.4e+38 83.7701644897461 83.4883422851562 83.2724151611328 82.7661437988281 82.495964050293 82.2382202148438 -3.4e+38 82.0218658447266 81.5066528320312 81.1794204711914 80.838020324707 80.5555877685547 80.3830490112305 80.0314102172852 79.8517074584961 79.6027603149414 79.4654312133789 79.2391586303711 78.8644561767578 78.6260375976562 78.4260330200195 78.2155303955078 77.892936706543 77.7240982055664 77.5458755493164 77.4863967895508 77.2856063842773 76.9291687011719 76.6561889648438 76.5618515014648 76.1412582397461 75.9506530761719 75.6907653808594 75.3787536621094 75.2763824462891 75.1445236206055 74.9028854370117 74.7296752929688 74.5735321044922 74.4184112548828 74.1954193115234 74.0453948974609 73.7677841186523 73.6425094604492 73.4176177978516 73.2228088378906
84.0940475463867 84.1255111694336 84.367561340332 83.9228210449219 83.5574569702148 83.218994140625 82.7899398803711 -3.4e+38 -3.4e+38 82.1236877441406 81.9739685058594 81.5474624633789 81.2480392456055 81.0764465332031 80.8105163574219 80.5161056518555 80.2142181396484 79.9552001953125 79.7618942260742 79.6197128295898 79.2753829956055 78.9745101928711 78.9086608886719 78.6730651855469 78.4138793945312 78.1292724609375 77.9607620239258 77.7950592041016 77.6791152954102 77.3794250488281 77.0353851318359 76.7582778930664 76.6938934326172 76.2434768676758 76.0261993408203 75.8064804077148 75.5889129638672 75.4491577148438 75.3168792724609 75.1009140014648 74.9043807983398 74.7499465942383 74.5704727172852 74.3220138549805 74.1381072998047 73.9028396606445 73.8299560546875 73.6788558959961 73.4005355834961
84.2796630859375 84.1362380981445 83.9743499755859 83.7148818969727 83.4897842407227 83.1743240356445 82.7976684570312 -3.4e+38 -3.4e+38 82.2238540649414 81.9098892211914 81.6278228759766 81.3839569091797 81.1771621704102 80.7915649414062 80.7019882202148 80.5459365844727 80.2789306640625 80.0915603637695 79.8201370239258 79.6147918701172 79.3942565917969 79.1420745849609 78.787727355957 78.5810089111328 78.4550018310547 78.2383651733398 78.1101608276367 77.8315277099609 77.4472351074219 77.2313919067383 77.0997772216797 76.8661270141602 76.5021591186523 76.2605209350586 76.0509414672852 75.8224411010742 75.6285247802734 75.5125350952148 75.3425064086914 75.1589050292969 74.984245300293 74.8691940307617 74.6804656982422 74.4412231445312 74.2351531982422 74.0342178344727 73.7976379394531 73.6506652832031
84.4044799804688 84.2225799560547 84.0064239501953 83.7358474731445 83.4967041015625 83.2582473754883 82.8715133666992 -3.4e+38 -3.4e+38 82.3840713500977 81.9992370605469 81.7416839599609 81.5413589477539 81.2101287841797 80.9948806762695 80.8083114624023 80.6324157714844 80.3369140625 80.2233123779297 79.9496841430664 79.6760177612305 79.4505310058594 79.0772171020508 78.8268356323242 78.6625137329102 78.5346145629883 78.3368759155273 78.1664428710938 77.8974151611328 77.5483627319336 77.3957824707031 77.2283172607422 77.001350402832 76.6154937744141 76.3678970336914 76.1855316162109 75.9624710083008 75.7684478759766 75.6361465454102 75.4200057983398 75.2364196777344 75.1220855712891 74.9721603393555 74.7533569335938 74.581916809082 74.33154296875 74.1735229492188 74.0227127075195 73.8624877929688
84.3790054321289 84.2608261108398 84.0675964355469 83.7192459106445 83.4443206787109 83.3147583007812 83.0467758178711 -3.4e+38 -3.4e+38 82.5075607299805 82.1010894775391 81.776741027832 81.6245498657227 81.3265151977539 81.1265640258789 80.9177627563477 80.6563110351562 80.3019714355469 80.2716293334961 80.0941772460938 79.8536224365234 79.6029434204102 79.0682525634766 78.8204727172852 78.7421722412109 78.6153793334961 78.3179626464844 78.1206665039062 77.7807769775391 77.5475311279297 77.4667510986328 77.2302474975586 76.9676742553711 76.6991958618164 76.4484100341797 76.3226089477539 76.1102066040039 75.8970565795898 75.6460418701172 75.3953475952148 75.2765579223633 75.1890563964844 75.01806640625 74.830192565918 74.6624069213867 74.3421630859375 74.2286987304688 74.0798034667969 73.8841018676758
84.5228805541992 84.2647552490234 -3.4e+38 83.6974029541016 83.4982604980469 83.2919387817383 83.1361770629883 -3.4e+38 -3.4e+38 82.5632934570312 82.1690826416016 81.7750396728516 81.5286560058594 81.4260559082031 81.2195892333984 81.0703887939453 80.7303619384766 80.3531341552734 80.3279113769531 80.1128158569336 79.8972473144531 79.8132781982422 79.1827850341797 78.942985534668 78.8692169189453 78.7409362792969 78.4699172973633 78.1827926635742 77.8844909667969 77.6928787231445 77.5716323852539 77.3432998657227 77.1129684448242 76.8527908325195 76.6206130981445 76.4572143554688 76.2472076416016 76.0050735473633 75.7141723632812 75.4629211425781 75.3297958374023 75.2530670166016 75.1280746459961 74.9729614257812 74.7876892089844 74.3845748901367 74.2920989990234 74.1287078857422 73.9716873168945
84.7157211303711 84.4481201171875 84.1714248657227 83.7848434448242 83.614501953125 83.3548126220703 83.1233978271484 -3.4e+38 -3.4e+38 82.6225433349609 82.3862762451172 81.8039016723633 81.4944458007812 81.3754959106445 81.2674789428711 81.1278839111328 80.6951599121094 80.3919906616211 80.3613891601562 80.1894836425781 79.9410018920898 79.8597412109375 79.2371826171875 79.0524139404297 78.9254684448242 78.7392120361328 78.5305404663086 78.4242553710938 78.140380859375 77.8811798095703 -3.4e+38 77.4953765869141 77.3293304443359 77.0023803710938 76.8179321289062 76.5645599365234 76.3978424072266 76.2040328979492 75.950553894043 75.7293930053711 75.5286331176758 75.3226013183594 75.2347946166992 75.1002731323242 74.8854751586914 74.5142288208008 74.4632797241211 74.2513580322266 74.0923309326172
84.8522415161133 84.5943145751953 84.2317962646484 83.8868408203125 83.6939849853516 83.4885711669922 83.2241134643555 83.0137329101562 82.820556640625 82.6604156494141 82.4451217651367 81.9914093017578 81.6373901367188 81.4270401000977 81.2783660888672 81.1585693359375 80.7590789794922 80.4159240722656 80.3295822143555 80.2155914306641 80.0382385253906 79.8280487060547 79.3346481323242 79.2021102905273 78.9872817993164 78.7473602294922 78.5130310058594 78.5284729003906 78.2093048095703 77.9512481689453 77.7606964111328 77.600212097168 77.4590682983398 77.0641326904297 76.9229202270508 -3.4e+38 76.5182647705078 76.3568801879883 76.0734710693359 75.8622512817383 75.6594009399414 75.4160461425781 75.3116607666016 75.1340942382812 74.9417572021484 74.7986145019531 74.7361450195312 74.4224395751953 74.1806793212891
85.0736846923828 84.7657241821289 84.2953567504883 84.016845703125 83.7876052856445 83.5798492431641 83.3705139160156 83.2725448608398 82.9997253417969 82.71533203125 82.4841918945312 82.1294403076172 81.765983581543 81.6055145263672 81.3504867553711 81.1623306274414 80.7701568603516 80.4724197387695 80.3760375976562 80.2517929077148 80.0671768188477 79.8292465209961 79.396614074707 79.2946624755859 79.0917892456055 78.8403472900391 78.590705871582 78.457649230957 78.2724685668945 78.1224670410156 77.9504852294922 77.7116775512695 77.5419692993164 77.0890884399414 76.9463272094727 76.823127746582 76.6420364379883 76.4538269042969 76.1919097900391 76.0132904052734 75.8914566040039 75.7526016235352 75.5100936889648 75.2559356689453 75.1755828857422 74.9794082641602 74.8236236572266 74.5567398071289 74.3258209228516
85.1914443969727 85.0343551635742 84.4723739624023 84.1142730712891 83.8981475830078 83.6450881958008 83.5323257446289 83.5249404907227 83.1768798828125 82.9030303955078 82.6447830200195 82.1845321655273 81.9230728149414 81.7389450073242 81.3970718383789 81.2706680297852 81.0198440551758 80.7189559936523 80.4832077026367 80.3567962646484 80.1039276123047 79.8533477783203 79.4986267089844 79.3441619873047 79.1738739013672 78.9230117797852 78.6874389648438 78.4921188354492 78.3476409912109 78.25 78.0674057006836 77.8169403076172 77.6506423950195 77.2346878051758 77.0808563232422 76.9464492797852 76.7902450561523 76.5449523925781 76.306755065918 76.195068359375 76.1044006347656 75.9843444824219 75.7814178466797 75.5502014160156 75.3741607666016 75.0156402587891 74.8586578369141 74.6615142822266 74.5213851928711
85.4129028320312 84.9129943847656 84.5771865844727 84.1993942260742 84.0204010009766 83.7707672119141 83.6954650878906 83.6884536743164 83.3856887817383 83.0997924804688 82.8450241088867 82.2313690185547 82.1118927001953 81.8639221191406 81.5163726806641 81.4259490966797 81.2536544799805 80.9714126586914 80.5480041503906 80.4084777832031 80.2514572143555 79.9706878662109 79.6315460205078 79.4490585327148 79.2541198730469 79.0634231567383 78.8098907470703 78.5846633911133 78.4346389770508 78.2888565063477 78.0895004272461 77.9312057495117 77.8324127197266 77.4367523193359 77.2349853515625 77.0835266113281 76.9247970581055 76.7036437988281 76.4653015136719 76.2725219726562 76.1417388916016 76.0131301879883 75.89501953125 75.7171630859375 75.4240875244141 75.1304397583008 74.9938735961914 74.7738952636719 74.6305923461914
85.6227798461914 84.9292297363281 84.6830444335938 84.4438171386719 84.1121597290039 83.9152145385742 83.9664077758789 83.9428100585938 83.5745086669922 83.237663269043 82.9846343994141 82.4255218505859 82.1722946166992 81.951904296875 81.7357635498047 81.553466796875 81.3756256103516 81.1216430664062 80.708366394043 80.5083312988281 80.3619995117188 80.0861968994141 79.6965255737305 79.5466766357422 79.3516616821289 79.197135925293 78.9618530273438 78.6376266479492 78.5236587524414 78.3136520385742 78.2113342285156 78.1259078979492 77.9598770141602 77.5675201416016 77.2861633300781 77.1427764892578 77.0320510864258 76.8455047607422 76.6024856567383 76.3368072509766 76.1650848388672 76.047248840332 75.8884506225586 75.811767578125 75.6705856323242 75.2894744873047 75.1264114379883 74.8987731933594 74.7315368652344
85.5583038330078 85.1526565551758 84.8637008666992 84.5795059204102 84.2520523071289 84.143913269043 84.1725463867188 84.0809478759766 83.58837890625 83.3256301879883 83.1606903076172 82.5754165649414 82.2610092163086 82.0676651000977 81.7905426025391 81.6710357666016 81.5168838500977 81.2268524169922 80.8791580200195 80.7196502685547 80.4818954467773 80.2164535522461 79.7363891601562 79.6394958496094 79.4445419311523 79.3076095581055 79.1566925048828 78.8567199707031 78.5640487670898 78.4470977783203 78.3999710083008 78.266716003418 78.0157470703125 77.5552368164062 77.2650833129883 77.1878662109375 77.1102294921875 76.8966064453125 76.7200546264648 76.5385055541992 76.2803344726562 76.1192474365234 76.0743560791016 76.127067565918 75.8778076171875 75.4186477661133 75.1855773925781 75.0147094726562 -3.4e+38
85.3752517700195 85.0294876098633 84.8539810180664 84.6342544555664 -3.4e+38 84.3729934692383 84.3501510620117 84.2161407470703 83.7543258666992 83.6074752807617 83.2993545532227 82.6067123413086 82.4468994140625 82.2485733032227 81.9267272949219 81.722282409668 81.6116485595703 81.3784713745117 81.1811447143555 80.9992141723633 80.7917633056641 80.5891036987305 80.102897644043 79.994270324707 79.7618255615234 79.4985504150391 79.3401565551758 79.1201858520508 79.0250091552734 78.8605041503906 78.6449890136719 78.4880065917969 78.2782592773438 77.8819122314453 77.7020797729492 77.4315948486328 77.2863159179688 77.2083587646484 77.0308532714844 76.8836517333984 -3.4e+38 76.5287094116211 76.4768447875977 76.3768081665039 76.057975769043 75.4929656982422 75.3314971923828 75.2888793945312 75.1892852783203
85.4059371948242 85.0860443115234 84.8368682861328 -3.4e+38 -3.4e+38 -3.4e+38 84.3593597412109 84.094856262207 83.7926177978516 83.5639495849609 83.2125473022461 82.692741394043 82.5448684692383 82.341178894043 81.9914474487305 81.7453994750977 81.6038284301758 81.4390640258789 81.2768173217773 81.0972900390625 80.8875579833984 80.6880950927734 80.3843154907227 80.2062835693359 79.9300003051758 79.726692199707 79.4413299560547 79.2756805419922 79.1592330932617 79.0594024658203 78.7796401977539 78.5663070678711 78.4137725830078 77.9622268676758 77.8136444091797 -3.4e+38 77.4156265258789 77.3576049804688 -3.4e+38 77.0114517211914 76.9587249755859 -3.4e+38 76.6285095214844 76.5499877929688 76.2130737304688 75.6144714355469 75.4564056396484 75.3109130859375 75.2509918212891
