rcp8.5models/CNRM-CM5/sc1gr5.25
NCOLS 261 
NROWS 433 
XLLCORNER 336357.134 
YLLCORNER 654653.479 
CELLSIZE 1000 
NODATA_value -3.4e+38 
[rows 286 to 307 of 433, columns 196 to 244 of 261]
274.319488525391 274.887359619141 271.811645507812 270.860931396484 276.999053955078 278.399139404297 278.231201171875 275.763000488281 273.36279296875 265.8291015625 269.321990966797 262.460601806641 264.710205078125 275.306976318359 285.012237548828 285.450439453125 285.610137939453 286.418365478516 -3.4e+38 283.621307373047 281.289154052734 285.702087402344 286.744415283203 287.738220214844 288.593017578125 288.709930419922 288.720092773438 288.534088134766 289.183349609375 289.955780029297 289.965667724609 289.733978271484 290.326965332031 290.351593017578 290.75244140625 291.144683837891 291.273406982422 291.631378173828 291.564483642578 291.633636474609 291.76220703125 291.737396240234 292.223785400391 292.658325195312 292.568023681641 292.260284423828 292.263488769531 292.509063720703 -3.4e+38
275.553039550781 276.201232910156 275.496887207031 276.373443603516 277.497833251953 278.240234375 278.763214111328 277.679321289062 273.731872558594 263.497680664062 262.897705078125 258.893280029297 262.635406494141 275.135131835938 284.784118652344 285.833862304688 286.065185546875 286.8447265625 -3.4e+38 284.308471679688 279.954315185547 285.177673339844 286.317932128906 287.547332763672 288.50146484375 288.851684570312 289.032653808594 289.378753662109 289.379608154297 289.575775146484 -3.4e+38 290.266357421875 290.446075439453 290.452026367188 290.692443847656 291.062103271484 291.510223388672 291.353668212891 290.969299316406 291.263763427734 291.355529785156 292.0087890625 292.274993896484 292.493713378906 292.009155273438 292.140686035156 292.318786621094 -3.4e+38 -3.4e+38
276.776672363281 276.497192382812 275.681274414062 276.218872070312 276.738403320312 277.960357666016 278.999267578125 278.741546630859 274.809051513672 264.548217773438 261.753601074219 259.622436523438 261.421905517578 269.883544921875 284.338317871094 285.419982910156 286.209136962891 287.064239501953 -3.4e+38 284.027557373047 277.908355712891 284.776306152344 286.496948242188 287.360229492188 287.926696777344 288.450622558594 288.944396972656 289.612579345703 289.706085205078 289.708343505859 290.083587646484 290.450531005859 290.655975341797 290.543914794922 290.618194580078 290.694732666016 290.867767333984 290.668304443359 290.631805419922 291.154113769531 291.456726074219 292.181854248047 291.934631347656 292.251983642578 291.494171142578 291.341613769531 291.917358398438 292.284149169922 292.429840087891
276.797027587891 277.051574707031 276.723785400391 276.616455078125 276.217498779297 278.170684814453 279.173553466797 279.16162109375 277.352081298828 273.6162109375 269.736999511719 263.150360107422 261.920104980469 264.618255615234 284.7705078125 285.529266357422 286.029418945312 286.574829101562 287.281463623047 283.854217529297 278.751586914062 285.034515380859 -3.4e+38 -3.4e+38 287.159912109375 -3.4e+38 -3.4e+38 289.320190429688 289.884094238281 289.974761962891 289.984069824219 290.590881347656 290.505187988281 290.558502197266 290.6171875 290.597717285156 290.518280029297 290.520538330078 290.848785400391 291.546295166016 291.622802734375 291.626831054688 291.710968017578 292.014953613281 291.541046142578 291.231994628906 291.601226806641 292.13134765625 292.136016845703
277.220428466797 277.552825927734 277.925811767578 275.3662109375 269.735900878906 273.030822753906 278.206481933594 279.466125488281 278.983978271484 279.483703613281 277.399047851562 274.342102050781 267.389923095703 260.99365234375 278.25048828125 286.042358398438 286.498779296875 287.141937255859 -3.4e+38 285.586059570312 283.358734130859 -3.4e+38 -3.4e+38 -3.4e+38 -3.4e+38 -3.4e+38 -3.4e+38 288.200225830078 288.531555175781 288.745147705078 289.564727783203 290.154632568359 290.189178466797 290.067199707031 289.748413085938 289.387390136719 289.510833740234 289.096252441406 290.211120605469 290.793701171875 290.716705322266 290.703674316406 290.858276367188 290.562835693359 290.641845703125 290.226287841797 290.962554931641 291.655364990234 291.983459472656
276.410675048828 276.961059570312 277.4296875 276.867279052734 273.461761474609 273.676513671875 278.555541992188 279.688018798828 279.185241699219 280.300537109375 280.750732421875 279.611328125 274.418518066406 269.896881103516 276.853393554688 286.648681640625 286.842224121094 287.385986328125 -3.4e+38 -3.4e+38 -3.4e+38 -3.4e+38 -3.4e+38 -3.4e+38 -3.4e+38 -3.4e+38 -3.4e+38 287.096343994141 287.070953369141 287.617156982422 289.069641113281 289.767913818359 289.753845214844 289.633605957031 289.248901367188 288.800231933594 289.006652832031 288.953155517578 289.703155517578 290.368499755859 289.990203857422 289.974548339844 290.038909912109 -3.4e+38 290.782196044922 290.759460449219 291.208801269531 291.671356201172 291.813385009766
274.701232910156 275.175964355469 275.388885498047 276.517852783203 278.068176269531 277.854949951172 278.997436523438 279.625061035156 280.309539794922 280.816772460938 281.373199462891 281.88623046875 282.259460449219 281.945404052734 282.141387939453 286.184295654297 286.690612792969 286.564849853516 287.007263183594 286.971069335938 287.041656494141 -3.4e+38 -3.4e+38 287.305694580078 -3.4e+38 -3.4e+38 -3.4e+38 287.06201171875 287.414276123047 287.718231201172 289.407196044922 289.696502685547 289.678314208984 289.300323486328 288.828826904297 288.426727294922 288.923187255859 289.563049316406 290.298675537109 -3.4e+38 289.603698730469 289.668914794922 289.931610107422 -3.4e+38 290.530914306641 290.873565673828 291.079895019531 291.643920898438 291.624969482422
274.369476318359 274.196044921875 274.124938964844 275.594970703125 278.056854248047 278.621246337891 278.971527099609 279.570587158203 280.6787109375 281.345397949219 282.102111816406 282.983612060547 283.98974609375 283.506591796875 283.100219726562 284.272827148438 285.407196044922 285.972106933594 286.908081054688 286.698150634766 -3.4e+38 -3.4e+38 -3.4e+38 -3.4e+38 -3.4e+38 -3.4e+38 287.472534179688 286.475524902344 287.431030273438 287.710205078125 289.742523193359 289.617614746094 289.163055419922 288.392913818359 287.806121826172 287.194763183594 289.360198974609 289.842834472656 290.301147460938 290.135711669922 289.488189697266 289.401123046875 290.040191650391 290.408630371094 290.062896728516 290.687866210938 290.599060058594 291.109558105469 291.585144042969
274.947723388672 273.581298828125 272.985198974609 275.177642822266 277.857482910156 278.865295410156 278.907196044922 277.8779296875 277.579620361328 280.823547363281 282.566558837891 283.243988037109 283.575744628906 282.80224609375 282.14892578125 284.073760986328 285.343811035156 285.364074707031 286.474884033203 287.166900634766 -3.4e+38 -3.4e+38 -3.4e+38 -3.4e+38 -3.4e+38 -3.4e+38 286.550842285156 286.234771728516 287.75341796875 288.536102294922 289.64453125 289.202789306641 288.834136962891 288.392578125 287.709320068359 -3.4e+38 289.687469482422 289.676452636719 289.749572753906 289.446380615234 289.417541503906 289.456878662109 290.021057128906 290.619659423828 290.314483642578 290.590942382812 290.573150634766 291.014434814453 291.550628662109
275.982055664062 273.579681396484 270.372467041016 274.931335449219 278.196411132812 278.849090576172 278.679412841797 277.931915283203 277.608062744141 279.966033935547 281.689514160156 282.440032958984 282.060974121094 282.276000976562 281.803558349609 284.440460205078 284.919250488281 285.055541992188 285.891448974609 287.073333740234 -3.4e+38 -3.4e+38 -3.4e+38 -3.4e+38 -3.4e+38 286.0439453125 285.447845458984 286.301818847656 288.235076904297 289.077545166016 289.295471191406 288.866729736328 288.360321044922 288.2783203125 288.498321533203 -3.4e+38 289.360046386719 289.428497314453 289.063018798828 288.997039794922 289.309844970703 289.805023193359 290.432434082031 -3.4e+38 -3.4e+38 290.866241455078 291.019927978516 291.52880859375 291.563171386719
277.042907714844 275.598602294922 272.835998535156 276.775787353516 278.500427246094 278.624145507812 277.773712158203 279.214172363281 279.634826660156 280.309722900391 280.926361083984 280.394104003906 280.686370849609 280.464050292969 281.099395751953 283.369995117188 283.858825683594 285.211822509766 286.526092529297 -3.4e+38 285.996917724609 285.893188476562 -3.4e+38 -3.4e+38 -3.4e+38 286.5419921875 285.6826171875 286.761779785156 288.157562255859 288.87255859375 288.930084228516 288.198944091797 287.526550292969 287.910949707031 -3.4e+38 -3.4e+38 288.840728759766 288.531646728516 288.569213867188 288.548492431641 289.084075927734 289.877593994141 -3.4e+38 290.545837402344 -3.4e+38 291.358947753906 291.499938964844 291.689239501953 291.593109130859
277.617950439453 277.571502685547 277.173645019531 277.831634521484 278.218200683594 278.105499267578 277.364471435547 278.389587402344 279.2109375 280.549926757812 280.596862792969 278.970336914062 281.106292724609 280.102935791016 279.444671630859 281.416961669922 283.821075439453 284.978546142578 287.078338623047 286.562561035156 285.22802734375 285.709411621094 -3.4e+38 286.296417236328 286.051208496094 285.897399902344 284.200012207031 284.021118164062 287.691772460938 288.963043212891 288.311889648438 287.839538574219 287.686096191406 287.555938720703 286.450897216797 287.829681396484 288.165008544922 287.974884033203 288.565948486328 288.470550537109 288.90869140625 289.653259277344 290.188781738281 -3.4e+38 -3.4e+38 291.030303955078 291.204345703125 291.399688720703 291.410827636719
277.467071533203 277.478485107422 277.724273681641 277.604248046875 278.20263671875 278.051086425781 277.354736328125 277.875671386719 279.343475341797 279.526885986328 278.173278808594 279.858001708984 281.955322265625 279.666870117188 278.460693359375 281.46728515625 284.052276611328 285.170013427734 285.936981201172 285.666015625 284.794830322266 285.044219970703 -3.4e+38 284.255950927734 283.328247070312 285.137298583984 284.325622558594 283.976287841797 287.359039306641 288.830383300781 287.783325195312 287.538909912109 287.936431884766 286.942993164062 285.762847900391 287.172241210938 287.507934570312 287.955780029297 288.192596435547 288.201995849609 288.814025878906 289.107543945312 289.716461181641 -3.4e+38 -3.4e+38 290.300750732422 290.754669189453 290.615539550781 290.879486083984
276.000030517578 276.459381103516 277.454742431641 277.787994384766 278.166015625 277.859283447266 276.772399902344 278.299713134766 279.546356201172 276.883209228516 270.718994140625 277.452514648438 281.651947021484 279.076049804688 279.446563720703 282.981994628906 284.943115234375 285.973785400391 284.622253417969 283.672821044922 283.986175537109 283.854705810547 284.547088623047 280.736755371094 278.953033447266 285.049194335938 286.255096435547 286.292663574219 -3.4e+38 288.225280761719 286.853332519531 287.113830566406 287.338195800781 286.915954589844 286.551544189453 286.006530761719 284.653991699219 285.495910644531 287.562408447266 288.167694091797 288.120758056641 288.885437011719 289.524200439453 289.815704345703 290.000335693359 289.980255126953 290.551635742188 290.497863769531 291.208251953125
270.702239990234 276.105651855469 277.857696533203 277.800750732422 277.457061767578 277.377502441406 276.506927490234 278.251647949219 277.084686279297 271.797637939453 264.807952880859 273.611236572266 280.304138183594 282.163452148438 282.240020751953 284.274963378906 285.724212646484 285.483642578125 283.038055419922 277.859588623047 280.481536865234 283.887512207031 283.11083984375 276.494934082031 276.436920166016 284.732086181641 -3.4e+38 -3.4e+38 -3.4e+38 287.615417480469 286.037200927734 285.908386230469 284.726379394531 286.2578125 285.788146972656 284.646270751953 281.384185791016 277.935089111328 284.233673095703 288.062164306641 287.783081054688 288.884216308594 289.553161621094 289.550994873047 289.570953369141 289.912078857422 290.746215820312 291.17919921875 291.496734619141
276.584381103516 276.517700195312 276.658386230469 276.177795410156 274.414428710938 273.359100341797 275.026458740234 277.992889404297 278.534881591797 277.150665283203 278.27685546875 280.055084228516 283.442321777344 284.493835449219 285.392852783203 285.124359130859 283.216033935547 282.558868408203 281.024322509766 272.710418701172 272.245056152344 281.6728515625 280.048248291016 266.551818847656 265.824157714844 278.008453369141 -3.4e+38 -3.4e+38 286.314636230469 285.502532958984 285.132965087891 285.345520019531 285.556457519531 285.404541015625 285.521453857422 285.349151611328 285.023040771484 283.710510253906 282.172058105469 287.841003417969 288.215881347656 289.447814941406 289.659698486328 289.789428710938 289.719940185547 289.862274169922 290.058807373047 289.009094238281 289.728546142578
276.546112060547 274.262573242188 272.591735839844 270.212036132812 270.668609619141 270.610748291016 273.723541259766 277.857666015625 281.715179443359 281.306915283203 279.802185058594 281.901550292969 283.836669921875 284.7060546875 285.210540771484 284.620391845703 283.315948486328 282.972106933594 282.112274169922 275.469543457031 272.032897949219 277.481750488281 277.383483886719 268.749114990234 262.870697021484 273.560607910156 -3.4e+38 286.851715087891 285.867828369141 285.147644042969 284.033996582031 284.080078125 283.982421875 284.160003662109 285.509826660156 286.072723388672 286.207702636719 285.282562255859 283.917358398438 287.886779785156 288.686096191406 289.041229248047 289.027252197266 289.127990722656 289.815063476562 289.725402832031 287.590637207031 287.639831542969 289.765838623047
275.178894042969 271.429504394531 267.938934326172 267.168731689453 269.286437988281 269.474853515625 272.052520751953 277.320831298828 281.922576904297 282.113067626953 281.270477294922 283.003601074219 284.183715820312 284.425018310547 284.518280029297 284.585601806641 283.805725097656 282.713012695312 284.386749267578 281.725128173828 278.628631591797 273.343597412109 274.522369384766 268.357666015625 266.447906494141 280.229339599609 286.748016357422 286.950012207031 286.019653320312 285.750610351562 283.991821289062 283.519653320312 283.422424316406 283.302825927734 282.834808349609 285.519683837891 -3.4e+38 286.283355712891 285.629608154297 288.203887939453 288.580963134766 288.364532470703 288.557220458984 288.842498779297 289.48193359375 289.437469482422 287.44970703125 288.803924560547 290.331085205078
273.791870117188 265.610717773438 260.64111328125 266.123077392578 268.886108398438 270.456207275391 272.372528076172 280.105133056641 282.363372802734 282.669921875 282.953033447266 283.308624267578 283.688323974609 283.519927978516 284.014404296875 284.421844482422 283.590637207031 282.394592285156 285.011535644531 283.938446044922 278.95849609375 270.652160644531 274.438903808594 275.550933837891 277.780822753906 286.063049316406 286.947662353516 286.505218505859 286.052062988281 285.947723388672 284.681671142578 284.727844238281 284.595764160156 283.514709472656 281.093414306641 285.212799072266 285.177581787109 -3.4e+38 -3.4e+38 287.342346191406 288.284973144531 287.776245117188 288.097778320312 288.331634521484 287.618194580078 288.481872558594 288.772552490234 289.709564208984 290.078918457031
273.643249511719 266.03466796875 263.761779785156 263.920349121094 269.232635498047 273.261077880859 274.754150390625 281.830444335938 281.745361328125 282.509338378906 283.400451660156 283.094451904297 282.548248291016 281.428192138672 282.904174804688 282.521545410156 283.449676513672 282.283386230469 284.511199951172 284.061431884766 278.583068847656 269.648803710938 276.909118652344 283.673492431641 285.449340820312 286.032836914062 285.367980957031 285.730682373047 285.315185546875 285.165161132812 284.895141601562 285.526062011719 285.721221923828 285.034240722656 284.017822265625 286.306762695312 -3.4e+38 -3.4e+38 286.296142578125 285.507141113281 287.832641601562 287.036102294922 287.475769042969 287.645141601562 286.586242675781 288.528778076172 289.224029541016 289.575836181641 289.154266357422
275.168304443359 272.644927978516 271.097351074219 261.739349365234 268.056457519531 275.192657470703 276.930297851562 281.152496337891 280.887115478516 282.212951660156 283.312164306641 282.778533935547 281.718902587891 278.482818603516 277.107025146484 276.276336669922 280.480560302734 279.733673095703 283.725494384766 284.06689453125 280.682891845703 273.449035644531 279.530822753906 284.554901123047 285.7646484375 285.278015136719 283.457733154297 285.609924316406 284.646728515625 284.3017578125 284.285614013672 284.821472167969 285.344299316406 285.565093994141 286.258819580078 286.836578369141 286.405181884766 285.875762939453 286.122955322266 285.864440917969 286.900848388672 286.324066162109 286.921112060547 287.524261474609 287.318450927734 288.758178710938 289.185668945312 289.297210693359 289.325592041016
276.227172851562 273.991790771484 266.649078369141 258.845428466797 263.251739501953 273.857238769531 279.35400390625 279.96435546875 281.368713378906 282.339447021484 282.396850585938 282.683959960938 281.352569580078 275.951507568359 269.114593505859 268.581329345703 272.341705322266 272.883911132812 282.360992431641 283.353698730469 282.71435546875 280.179595947266 281.904052734375 284.861846923828 286.000091552734 283.952697753906 279.824340820312 282.186859130859 284.385803222656 283.84521484375 283.749572753906 283.925628662109 284.356048583984 284.960021972656 285.211059570312 286.356231689453 285.869354248047 285.442596435547 286.543304443359 286.816040039062 286.920043945312 285.627105712891 285.878936767578 287.086669921875 287.547302246094 288.540924072266 289.039031982422 289.457611083984 289.597412109375
