rcp8.5models/CNRM-CM5/sc1gr7.33
NCOLS 261 
NROWS 433 
XLLCORNER 336357.134 
YLLCORNER 654653.479 
CELLSIZE 1000 
NODATA_value -3.4e+38 
[rows 220 to 241 of 433, columns 98 to 146 of 261]
73.4619140625 73.5344924926758 73.5808029174805 73.8617477416992 73.9777450561523 74.1850662231445 74.3573455810547 74.5730438232422 74.8471374511719 75.1043319702148 75.3378524780273 75.4975891113281 75.6101837158203 75.6384201049805 76.0174865722656 76.0356597900391 76.2858810424805 76.7046585083008 77.2011947631836 77.2964935302734 77.3399963378906 77.3593368530273 77.4426956176758 77.5627670288086 77.6257400512695 77.7542190551758 78.2900466918945 78.316780090332 78.4358139038086 79.2917709350586 79.8680419921875 79.5254516601562 78.6478958129883 78.5194702148438 78.8712768554688 79.503532409668 79.4566955566406 79.2814331054688 79.4188537597656 79.8849029541016 80.4240341186523 79.8622741699219 79.0332107543945 80.5769500732422 79.3790817260742 75.8511505126953 75.576530456543 75.1578521728516 73.0624008178711
73.1408233642578 73.2010192871094 73.2613296508789 73.531135559082 73.6183700561523 73.7991638183594 73.9415740966797 74.1648178100586 74.4426651000977 74.7239532470703 75.0220642089844 75.205696105957 75.1984100341797 75.3074417114258 75.6825180053711 75.7665328979492 76.036018371582 76.3835296630859 76.9295196533203 77.2503433227539 77.0548477172852 77.0351943969727 77.1352615356445 77.2046432495117 77.2034301757812 77.4943161010742 77.8761901855469 78.142578125 78.3102569580078 78.8875122070312 78.833381652832 78.7932205200195 78.4214553833008 78.3129272460938 78.5364990234375 79.0616760253906 79.6837692260742 79.1532974243164 79.3998565673828 80.0029296875 79.9966125488281 78.9730224609375 78.1705780029297 80.3234710693359 78.9765930175781 75.2850494384766 74.8870391845703 74.4243545532227 72.9661712646484
72.7073593139648 72.7799758911133 72.8397750854492 73.1355667114258 73.2506408691406 73.5261993408203 73.6777191162109 73.8086547851562 73.9847717285156 74.2596969604492 74.6733856201172 74.7978515625 74.7012557983398 74.8462142944336 75.3071136474609 75.4372253417969 75.7095794677734 76.145133972168 76.6543579101562 76.9134521484375 76.7025909423828 76.7559967041016 76.8014450073242 76.8209075927734 76.9508438110352 77.2648468017578 77.5840454101562 77.8559036254883 78.1852645874023 78.4531555175781 78.4063110351562 78.345832824707 78.0259323120117 78.0431137084961 78.2243347167969 78.5417327880859 79.0011444091797 78.9310760498047 79.3334884643555 79.7505035400391 78.9020309448242 77.0418319702148 76.9660415649414 78.5383758544922 78.5318145751953 75.6043472290039 74.2762603759766 73.8769760131836 72.6780548095703
72.1960601806641 72.287956237793 72.3642425537109 72.6347274780273 72.8598861694336 73.1205673217773 73.2959594726562 73.3868942260742 73.5978240966797 73.849983215332 74.2138061523438 74.3365936279297 74.3637542724609 74.5706100463867 75.0115127563477 75.1645965576172 75.4659576416016 75.8365783691406 76.2330703735352 76.3301010131836 76.2602615356445 76.6753387451172 76.5270004272461 76.557487487793 76.6647186279297 76.955078125 77.1767425537109 77.3971710205078 78.0624008178711 78.5358963012695 78.2783660888672 77.9351959228516 77.712043762207 77.6757888793945 77.8116607666016 78.1078567504883 78.6055908203125 78.952880859375 78.795036315918 77.8383255004883 77.0451431274414 75.7116088867188 76.1192321777344 76.3807525634766 77.2245941162109 75.926887512207 73.6409149169922 73.2473526000977 72.3452453613281
71.9225311279297 71.9354858398438 71.9899139404297 72.3073883056641 72.5081939697266 72.6154937744141 72.8300704956055 72.927604675293 73.1906967163086 73.4962539672852 73.8060607910156 73.9232559204102 74.0709075927734 74.2927169799805 74.6670837402344 -3.4e+38 75.151725769043 75.404411315918 75.8154067993164 -3.4e+38 76.1993103027344 76.2022476196289 76.1587066650391 76.3913497924805 76.5000381469727 76.7910079956055 76.8953857421875 77.0617370605469 77.5629119873047 78.0172424316406 77.7846832275391 77.7277069091797 77.9434356689453 77.5475769042969 77.7656707763672 78.4816665649414 78.728759765625 78.8464965820312 78.0139541625977 75.8348999023438 75.5570602416992 75.2021255493164 75.3335647583008 75.1163940429688 75.1302642822266 74.6491622924805 73.169921875 72.7978668212891 72.2389907836914
71.5196228027344 71.5664215087891 71.6512145996094 71.9621429443359 72.1093597412109 72.1748428344727 72.3574676513672 72.4493408203125 72.6738204956055 72.9869003295898 73.3624114990234 73.4321441650391 73.6082534790039 73.8275833129883 74.192626953125 -3.4e+38 74.5847320556641 74.8982696533203 75.3517456054688 75.8779907226562 75.8790817260742 75.6268310546875 75.8018035888672 76.0779571533203 76.4105987548828 76.7290496826172 76.7218399047852 76.8660354614258 76.7936553955078 77.0073013305664 77.2267990112305 77.6313705444336 78.0359878540039 77.5210266113281 77.7010040283203 78.3077392578125 78.528938293457 78.5436325073242 77.4541473388672 75.7892150878906 76.4329376220703 75.3167343139648 74.8732757568359 75.2562637329102 73.7150115966797 73.4026870727539 72.8667755126953 72.5052261352539 72.1025772094727
71.0168762207031 71.1288909912109 71.2408065795898 71.4436950683594 71.6550827026367 71.8071594238281 71.8668823242188 72.007568359375 72.2599182128906 72.5470275878906 73.0642395019531 73.1654663085938 73.3139038085938 73.5551071166992 73.9405059814453 74.0781555175781 74.2632446289062 74.5328674316406 74.9641799926758 75.1129913330078 75.2260818481445 -3.4e+38 75.4667205810547 75.6403274536133 76.1259078979492 76.5901641845703 76.5194549560547 76.5689468383789 76.3586807250977 76.5891494750977 76.9021835327148 77.367561340332 77.7323379516602 77.505485534668 77.5332870483398 77.7178421020508 77.8143157958984 76.9369659423828 76.3584518432617 76.5005340576172 77.4522399902344 75.7195129394531 74.6253662109375 74.5700225830078 73.199333190918 73.0387954711914 72.7060623168945 72.2769165039062 71.9639434814453
70.5927963256836 70.6609954833984 70.7379531860352 70.9801712036133 71.135124206543 71.2781753540039 71.3589477539062 71.5286865234375 71.8381423950195 72.1416168212891 72.6791458129883 72.857063293457 73.0185089111328 73.2818603515625 73.6510314941406 73.8310165405273 74.1011352539062 74.2310638427734 74.6137847900391 74.7444610595703 74.8408279418945 75.0149154663086 75.2070617675781 75.3573684692383 75.6209487915039 76.0874481201172 76.2498626708984 76.1754989624023 76.07373046875 76.3610382080078 76.7609786987305 77.2078704833984 77.1218948364258 77.0772018432617 77.2400817871094 77.3667068481445 77.3110580444336 75.6951293945312 76.2333755493164 77.306770324707 77.4963531494141 76.571403503418 74.9488143920898 73.1964492797852 72.9619293212891 72.8191833496094 72.5915222167969 72.161979675293 71.904426574707
70.1054763793945 70.1592330932617 70.2651596069336 70.5126571655273 70.6182022094727 -3.4e+38 -3.4e+38 71.0834045410156 71.4843978881836 71.7400894165039 72.0754470825195 72.3060684204102 72.558708190918 72.9207534790039 73.1892776489258 73.45263671875 73.769416809082 73.8421478271484 74.1350860595703 74.4186935424805 74.6695327758789 74.8354721069336 74.9069976806641 75.0967407226562 75.2868728637695 75.5724716186523 76.0207061767578 75.8754272460938 75.8152313232422 76.0083312988281 76.4091339111328 76.8332366943359 76.7268676757812 76.5763931274414 76.8313446044922 77.0848693847656 76.9069290161133 75.8376235961914 76.5383987426758 77.3191070556641 76.5233917236328 76.146240234375 75.4272384643555 73.7150344848633 72.8264312744141 72.566276550293 72.3638305664062 72.1114196777344 71.894660949707
69.6216506958008 69.6891021728516 69.8511047363281 70.0240859985352 70.2147903442383 70.4327011108398 70.5145568847656 70.7246551513672 71.0932998657227 71.3346633911133 71.5741500854492 71.8515853881836 72.1273803710938 72.6513137817383 72.8604049682617 73.1417541503906 73.3905868530273 73.459114074707 73.6909027099609 74.0792846679688 74.5419082641602 74.7137908935547 74.6188125610352 74.7775650024414 75.122184753418 75.5714645385742 75.9918975830078 75.8515014648438 75.5456695556641 75.6559982299805 75.9753952026367 76.4277877807617 76.4682388305664 76.2402420043945 76.3276977539062 76.4285583496094 76.2466583251953 75.7305526733398 75.3386001586914 75.2199630737305 74.50830078125 74.3051834106445 74.1847229003906 73.5583572387695 72.7189559936523 72.5051574707031 72.223030090332 72.1151962280273 71.9087448120117
69.2070388793945 69.2508163452148 69.4062118530273 69.6599807739258 69.9341125488281 70.1639251708984 70.2038955688477 70.3083953857422 70.6221237182617 70.8741607666016 71.0678253173828 71.3988342285156 71.7068481445312 72.1642761230469 72.5715026855469 72.8829956054688 73.1496810913086 73.1402206420898 73.3788909912109 73.7575149536133 74.2887573242188 74.5107650756836 74.4393920898438 74.6467514038086 -3.4e+38 74.9979629516602 75.2648315429688 75.4559936523438 75.3514099121094 75.4436950683594 75.8725891113281 76.0351486206055 75.8297576904297 76.009895324707 76.0784454345703 75.6954116821289 75.6305465698242 75.5044784545898 74.0166397094727 73.5332183837891 73.379508972168 73.3983993530273 72.9781188964844 72.6251831054688 72.6815719604492 72.5142974853516 72.0779037475586 72.0525283813477 71.9525985717773
68.4042434692383 68.4742050170898 68.5357437133789 68.831657409668 69.0794219970703 69.3074111938477 69.3406143188477 69.5769882202148 69.7779006958008 69.9750366210938 70.1280288696289 70.4344863891602 70.900146484375 70.8116989135742 71.3047790527344 72.1369934082031 72.5406723022461 72.7245788574219 73.0412445068359 73.3569869995117 73.4888000488281 73.8890228271484 74.2197036743164 74.4708633422852 74.1652145385742 74.0744323730469 74.070671081543 75.1661758422852 75.1025924682617 75.1878356933594 75.3535842895508 75.1788482666016 74.8928756713867 75.2074737548828 75.1828460693359 74.6049957275391 74.7729110717773 75.514404296875 74.1446838378906 72.9305801391602 72.6013870239258 72.4292678833008 72.279167175293 72.0696411132812 72.0908203125 71.9962387084961 71.9382629394531 71.9092712402344 72.0020751953125
67.9381942749023 67.9962463378906 68.0972671508789 68.3772506713867 68.614372253418 68.779899597168 68.8118667602539 69.1039962768555 69.3582992553711 69.552604675293 69.7162551879883 70.1170043945312 70.5185470581055 70.6964492797852 70.9236602783203 71.7946701049805 72.1452407836914 72.2707290649414 72.3795623779297 72.7803726196289 72.8253479003906 73.564582824707 73.9379196166992 74.0966186523438 73.5586547851562 73.3356628417969 74.4834289550781 75.0385513305664 74.9663162231445 75.1583480834961 75.2657165527344 75.0028457641602 74.5870132446289 74.9106369018555 74.6029205322266 74.2059860229492 74.5622406005859 74.5085296630859 74.0451049804688 73.0839080810547 72.4777755737305 72.2944717407227 72.2593383789062 72.0613250732422 72.2228698730469 72.1841125488281 71.9026412963867 71.8904418945312 72.0316772460938
67.493034362793 67.598762512207 67.7265014648438 67.932502746582 68.1568450927734 68.3062744140625 68.4525756835938 68.6210861206055 68.8377227783203 69.0964050292969 69.19189453125 69.530517578125 69.9407424926758 70.3582534790039 70.8833999633789 71.446044921875 71.7119369506836 71.6289138793945 71.3474960327148 71.8163146972656 72.0604934692383 72.7331237792969 73.2403869628906 73.2967147827148 72.8979644775391 72.7971115112305 74.4071807861328 74.6955490112305 74.762092590332 74.8608016967773 74.9245147705078 74.6480941772461 74.3667755126953 74.6117477416992 73.9675521850586 73.8268737792969 74.2767791748047 74.6366882324219 -3.4e+38 73.0335998535156 72.4561233520508 72.3270874023438 72.2775802612305 72.0944900512695 72.2763442993164 72.3328552246094 71.9108963012695 71.8346252441406 72.0314788818359
67.0821762084961 67.2104187011719 67.3155899047852 67.4770584106445 67.5996017456055 67.8508377075195 68.0127944946289 68.1410369873047 68.3502883911133 68.6279602050781 68.7428359985352 69.0827407836914 69.5659942626953 69.7302856445312 70.2871551513672 71.0923309326172 71.1490707397461 70.8232040405273 70.7499465942383 71.0916213989258 71.4116973876953 71.7361755371094 72.2377700805664 72.5157165527344 72.2501602172852 72.3047256469727 74.0160598754883 74.2502288818359 74.2339172363281 74.3783950805664 74.4436340332031 74.2598419189453 74.0618133544922 74.3193359375 73.6033782958984 73.3296432495117 73.8691787719727 74.8604583740234 -3.4e+38 72.7642211914062 72.258659362793 72.136962890625 72.0812530517578 72.0402145385742 72.1543121337891 72.1235504150391 71.9172210693359 71.9008941650391 72.0560073852539
66.6698303222656 66.7448196411133 66.854866027832 67.078483581543 67.1738891601562 67.3998489379883 67.5080261230469 67.6791687011719 67.9745559692383 68.2226867675781 68.4105377197266 68.7206420898438 69.195915222168 68.8428573608398 69.9477005004883 70.7091522216797 70.6898574829102 70.2029266357422 70.4667816162109 70.7425765991211 70.9602661132812 71.1750183105469 71.580451965332 72.091423034668 72.0137481689453 71.9226303100586 73.6311569213867 73.9090347290039 73.915412902832 74.0899887084961 74.0672073364258 73.8326568603516 73.6087341308594 73.9794998168945 73.1647109985352 72.8862838745117 73.3937835693359 74.4886932373047 74.0585708618164 72.6829528808594 71.9360656738281 71.9211196899414 71.9281234741211 71.9603500366211 72.1027145385742 72.0447540283203 71.9302749633789 71.9233856201172 72.0851364135742
66.2446899414062 66.3264007568359 66.4533996582031 66.7175903320312 66.8018493652344 66.9981384277344 67.1452560424805 67.2831192016602 67.5448226928711 67.8591690063477 68.1217651367188 68.3407821655273 68.9074630737305 68.8097915649414 69.8247985839844 70.299446105957 70.2556915283203 69.8507690429688 70.1430969238281 70.450798034668 70.634895324707 70.8661117553711 71.2879104614258 71.5162963867188 71.4940490722656 71.2648162841797 73.2397003173828 73.5211639404297 73.4564590454102 73.3229217529297 73.7621536254883 73.6871032714844 73.504768371582 73.4026489257812 72.6947555541992 72.515510559082 72.8201217651367 73.2226333618164 72.7485656738281 72.2223205566406 72.0855331420898 72.4351348876953 72.193489074707 72.0535888671875 72.1194458007812 72.1395874023438 71.9709777832031 71.8984680175781 72.1114730834961
65.8372802734375 65.979621887207 66.0986938476562 66.2612533569336 66.3620147705078 66.6183242797852 66.8333282470703 66.927360534668 67.0976333618164 67.4263000488281 67.7416305541992 67.9325485229492 68.3934020996094 68.6955413818359 69.3793716430664 69.8271026611328 69.888801574707 69.6750411987305 69.7677383422852 70.1047744750977 70.3594818115234 70.5413131713867 71.0965805053711 71.1340408325195 71.0178070068359 71.0091934204102 72.9399566650391 73.2155990600586 72.9121551513672 72.4499130249023 73.3594284057617 73.3721466064453 73.3459396362305 73.0166015625 72.3266448974609 72.0949630737305 72.0921096801758 72.0824203491211 71.5267105102539 -3.4e+38 -3.4e+38 73.0691299438477 72.7334213256836 72.4498901367188 72.2999649047852 72.0658569335938 71.9809341430664 71.953483581543 72.1530990600586
65.4306488037109 65.5614013671875 65.704704284668 65.8584747314453 65.9825820922852 66.1745910644531 66.357795715332 66.5577239990234 66.729118347168 67.0151901245117 67.2306747436523 67.3877716064453 67.7008666992188 68.0031890869141 68.7861175537109 69.2628936767578 69.4759750366211 69.5060195922852 69.5314102172852 69.6537246704102 69.9758453369141 70.2972946166992 70.810676574707 70.9396667480469 70.9789505004883 71.4303741455078 72.8476791381836 72.9987716674805 72.5991668701172 71.965950012207 72.7077941894531 72.8217620849609 72.6065826416016 72.5147476196289 72.1838455200195 72.2248916625977 71.6184234619141 71.7185516357422 71.4491271972656 -3.4e+38 72.7845077514648 73.1155700683594 72.9838409423828 72.5802612304688 72.3510894775391 71.8956298828125 71.8423080444336 71.9098129272461 72.1487426757812
65.0356750488281 65.1557769775391 65.2910461425781 65.5010299682617 65.5928497314453 65.697998046875 65.9582901000977 66.2868270874023 66.3500061035156 66.5773620605469 66.8025588989258 66.9685134887695 67.2548065185547 67.5805130004883 68.4804000854492 68.7319869995117 69.0767669677734 69.4941482543945 69.505012512207 69.2268753051758 69.5732955932617 69.9859619140625 70.2256774902344 70.4275054931641 70.7679443359375 71.5363082885742 -3.4e+38 -3.4e+38 -3.4e+38 71.9081039428711 72.1914367675781 72.5149993896484 72.0537109375 71.7458419799805 71.9613571166992 72.5055770874023 71.6926193237305 71.3716201782227 71.2634429931641 -3.4e+38 72.3674850463867 73.0272827148438 72.8228454589844 72.177978515625 72.0151596069336 71.809814453125 71.7585601806641 71.8628540039062 72.0517654418945
64.6871032714844 64.8058776855469 64.9002151489258 65.1656799316406 65.2692794799805 65.3627319335938 65.6889266967773 66.0209274291992 66.0097732543945 66.1849060058594 66.4116668701172 66.5950241088867 66.861701965332 67.1862030029297 68.059455871582 68.2456359863281 68.6592864990234 69.0255966186523 69.0238418579102 68.7918472290039 69.2019958496094 69.4975051879883 69.5728149414062 69.8432388305664 70.3357925415039 70.9048385620117 72.278564453125 72.2196807861328 -3.4e+38 71.797119140625 71.6580810546875 71.9574508666992 71.7840042114258 71.4485015869141 71.7378540039062 72.1997985839844 71.5881652832031 71.4312210083008 71.2465896606445 71.2085571289062 71.9544982910156 72.870735168457 72.5933303833008 71.973274230957 -3.4e+38 71.712043762207 71.7117691040039 71.7965240478516 72.0322113037109
64.3539962768555 64.4296035766602 64.5372543334961 64.8025283813477 64.9557418823242 65.0726776123047 65.2814102172852 65.5516967773438 65.6948089599609 65.8460845947266 65.9946975708008 66.1605758666992 66.4136962890625 66.6510925292969 67.3598556518555 67.7550277709961 68.1415786743164 68.2182922363281 68.3247604370117 68.2796936035156 68.5614624023438 68.7749481201172 69.1703262329102 69.4302444458008 69.7737350463867 70.1124114990234 71.7611618041992 -3.4e+38 71.8140106201172 71.5262908935547 71.0999908447266 71.2102813720703 71.3840179443359 71.3712768554688 71.5164642333984 71.852783203125 71.4530639648438 71.5839309692383 71.2682571411133 71.0431060791016 71.5190353393555 72.3782806396484 72.2825546264648 71.7467346191406 71.5514602661133 71.5622024536133 71.6027145385742 71.6920547485352 72.0314559936523
