rcp8.5models/CNRM-CM5/sc1gr17.FIL
ncols         261
nrows         433
xllcorner     336357.134
yllcorner     654653.479
cellsize      1000
NODATA_value  -9999
[rows 280 to 307 of 433, columns 64 to 127 of 261]
0.5962745 0.5169395 1.078885 1.608234 0.9928094 0.5800557 0.3660272 0.7428728 0.9196142 0.3515894 1.39618 0.6982486 1.096046 1.154899 1.023627 0.1935051 0.5843721 0.6485165 2.309702 1.816924 2.160539 1.990202 2.140374 0.8327651 1.726092 3.868678 3.844193 0.7562821 3.719241 1.847537 1.7545 1.585127 1.05403 0.9167661 2.135632 2.111716 1.286151 1.047638 6.288305 17.57033 5.104034 8.617352 5.062446 4.497211 2.865779 7.278448 9.182225 9.318159 5.7082 0.7142239 3.042198 2.661817 3.14467 2.504071 2.355581 2.37402 2.061956 1.815316 1.416009 1.879667 2.876036 2.055838 0.5134552 0.36868
0.3891205 0.6687614 1.440731 0.5965325 0.9383805 0.8577597 1.325212 0.8824526 0.4721366 1.091875 0.8083297 1.320718 0.5228585 1.297697 1.105918 2.147037 1.103644 1.5522 1.702663 1.304944 1.053349 0.7431489 1.417853 1.057187 1.970444 3.743599 1.76254 1.738897 1.796281 1.364244 1.235866 1.305847 0.6118121 0.315449 1.801521 2.621642 3.195975 2.931663 3.128904 13.83187 17.48675 9.779767 1.37155 0.9886692 2.543097 2.361895 1.305259 2.067338 2.616388 3.838313 2.919625 2.588951 1.547207 1.962449 0.4967002 3.898607 1.313362 2.575003 0.6722034 1.596722 2.80162 4.023686 1.370391 0.9522123
0.3660272 0.3796465 1.053689 0.7292871 0.4373998 1.241453 1.183314 0.7161599 0.8234144 1.360519 0.4297103 1.246275 0.315449 1.377367 3.078597 2.296546 1.788622 1.583187 1.610526 2.12951 1.132124 1.254801 0.4373998 1.385567 0.4683191 3.680736 2.532433 2.370309 2.392572 1.941934 1.48622 0.7767541 0.2028234 0.3272602 1.126267 1.002676 0.6444708 1.169149 1.792199 1.807426 8.360345 12.28236 7.297945 0.9803362 1.51352 1.043912 2.681192 3.845121 3.663565 2.180705 0.7334942 0.2501554 1.334962 0.582262 2.913175 2.560399 1.018606 2.233633 2.685842 5.077554 4.614491 5.844396 4.726869 1.203205
0.9524815 0.4397388 0.8155926 0.5190188 0.5992773 0.9073209 1.132124 0.9445349 1.132124 1.077601 1.150451 0.8304836 0.7174478 0.8669763 4.060094 0.9466497 2.612553 0.9730917 0.6932362 2.434132 0.5888311 1.115703 2.684909 2.611789 2.135368 3.720927 4.565741 2.433543 3.834804 3.333344 2.43146 0.4562254 1.300419 2.046927 2.823743 3.800987 3.884472 2.589326 1.854897 2.069517 1.317571 10.2627 10.60317 4.248026 0.6621335 1.587066 1.503498 0.7303412 0.9783992 0.5166418 0.7292871 0.5602663 1.83566 1.767851 2.289649 2.109217 0.8108633 4.660017 8.12902 8.86946 7.140013 7.230001 5.983669 3.459815
1.927533 0.4646909 0.80852 0.2136612 0.2949455 0.2673997 1.014015 0.5124553 0.650175 1.122985 0.8517002 0.2814186 0.5944655 0.8536848 2.874169 0.5844598 1.888801 1.020015 0.4665635 2.863352 1.033051 0.8641919 1.821654 0.6357377 2.404605 2.892006 3.326352 1.727161 2.370762 4.055259 1.861678 1.007573 0.5773971 0.7041726 2.42925 2.873261 1.866322 0.8044506 0.8653187 0.7959272 2.210271 5.675675 8.034937 7.913307 4.116123 0.8867422 2.132321 1.512199 1.068907 0.9050009 1.142267 0.3955266 0.7504279 1.457705 1.563286 1.204142 4.522613 10.28449 9.930861 4.004593 4.149145 5.939119 4.9683 5.511038
3.070603 0.09115695 0.7949602 0.3098713 0.8108633 1.217815 1.871474 1.206184 1.33734 2.355581 3.037625 2.084776 0.5755288 0.8912413 2.38814 2.177886 1.893378 1.372746 1.794484 2.826693 1.984636 2.642455 1.127405 1.536271 0.7713214 0.8183544 1.947517 2.407923 3.276108 3.215605 1.127768 2.190683 1.849892 2.181855 2.79709 1.777475 1.442117 0.751998 0.6991293 0.7124985 1.858153 1.689159 3.999206 8.515634 9.195601 2.775417 2.122164 2.528996 1.096186 0.7076597 1.18262 0.4020857 0.2483031 1.128177 0.476139 3.657614 7.706661 11.92811 6.123215 5.476499 6.732722 3.51322 1.368595 3.307678
2.5293 0.4746286 0.9672782 0.4356374 1.789195 1.558131 2.667882 1.450621 2.008056 2.274914 1.695336 2.462867 1.604693 1.634307 1.39673 2.031584 1.724311 1.226874 2.302956 1.295047 1.595278 1.260629 0.3856782 1.534001 0.6160724 1.723122 0.7799166 0.4668931 0.7176622 2.234618 2.961551 3.358783 4.690888 5.550735 4.674571 3.119567 2.352777 1.357011 0.2010453 0.5578812 1.701339 2.150849 1.848673 5.047744 10.64989 10.23536 4.752734 1.897917 0.2852204 0.9293207 1.581762 0.1945625 0.4866863 1.256107 0.3623655 5.039209 9.297237 11.98847 5.479468 10.15444 7.132466 4.117163 3.337417 4.547748
1.064581 0.4373998 0.7673888 0.2864765 1.742311 0.6749443 2.425518 2.551934 3.399577 1.51859 1.28623 0.1921752 1.77612 0.9459995 0.4251504 2.117164 0.645981 1.559939 2.38949 1.753565 1.034439 0.0640586 0.6583273 1.471806 2.007036 2.18694 2.392037 1.187681 1.079645 1.444922 1.984429 2.917208 3.013048 2.630115 1.976879 2.142454 2.323555 1.990099 0.6797898 0.5347877 0.5989349 0.9462705 2.512333 2.534049 2.705119 8.78301 9.249509 3.857327 1.118594 0.5628237 1.613609 1.140426 0.7577047 1.147641 1.60415 5.795403 10.91839 10.94877 5.064651 10.79446 11.23484 8.191949 8.327966 8.645749
0.4449565 1.20767 1.669112 1.573056 1.438737 0.5428783 1.081922 3.761674 1.906319 2.952303 1.644153 2.24148 0.1995087 1.28627 1.342428 1.41807 0.579525 2.51748 0.3796465 3.025286 1.639785 0.7504279 1.059561 1.302861 3.012742 1.659538 1.466783 2.26962 0.9104239 0.6532441 0.9597214 2.343798 2.31877 2.002617 1.125402 1.376809 1.761057 1.571491 1.267604 0.4449565 0.4942157 0.4831962 3.135901 3.459653 5.822168 5.47461 6.395774 2.990985 1.713133 1.561514 1.193322 0.8832077 0.722576 1.447792 1.619758 4.075937 9.483824 12.52302 12.37331 1.456545 8.173119 6.723351 6.68934 8.889793
0.5207945 0.9964179 2.806215 1.127405 0.9789754 1.888557 1.116208 3.068805 2.313732 1.947359 1.253657 1.349132 1.720503 1.958138 1.601337 0.1924419 0.8334422 1.986055 1.31897 3.780634 3.086619 2.530028 0.8206072 2.401368 2.507196 1.874619 1.485392 3.009518 1.150451 0.8512787 1.016843 1.033844 1.768315 2.167636 0.8529035 0.5306478 1.238145 2.045125 1.777705 0.4485156 0.7197315 0.3106978 2.525818 5.956953 3.395896 5.420505 6.619547 2.529765 1.731575 1.828194 1.983087 1.815824 1.084383 1.325212 0.3317742 2.009051 5.433803 8.939591 12.86596 8.54218 2.848978 1.816134 2.001594 2.639666
0.4747366 1.873799 2.437892 0.5004037 1.521793 0.9394727 1.985977 1.573219 1.987962 1.537072 1.983629 0.8100408 2.007725 1.53146 1.350954 2.064934 1.454044 2.028153 1.776812 2.467226 2.597492 1.153344 2.243671 2.019424 1.995855 2.747679 1.001602 2.451205 1.467307 0.7376772 1.422977 0.7639731 5.553253 7.231446 4.899621 1.643779 0.5733861 1.763354 2.182066 0.6181501 1.248945 0.9838343 0.3141455 6.271699 6.28682 4.320021 3.957688 1.514536 2.221868 0.3172325 1.422365 0.8859323 0.9524815 0.9420888 0.02264814 0.8630044 2.951126 6.303505 9.443362 10.17255 4.805477 5.900046 6.042408 5.204003
0.4814948 1.737157 2.612945 1.763238 2.364927 2.172519 1.8392 0.6792615 4.084765 0.8738103 1.804731 0.7492653 0.489209 2.837218 2.084702 0.8118114 1.782109 2.904424 1.10499 0.7809023 1.284556 2.101629 3.54309 3.524156 2.235168 3.576249 0.6511209 2.155414 1.571133 0.9943575 1.233042 3.347194 9.916084 9.450356 10.44651 5.658415 3.619616 4.445253 4.051538 0.4082883 1.291798 0.9748816 0.9655274 2.968894 6.373499 6.52613 3.328684 1.943963 2.197006 2.738712 2.306664 1.368145 1.800013 1.905244 1.159462 0.6731944 1.872213 4.990572 6.132448 8.834849 7.186828 4.536942 2.001926 2.268447
0.185935 0.4570117 1.70927 1.796167 0.9724592 0.8153411 0.6217899 1.354591 3.392737 0.4071562 1.65425 0.2230572 1.017297 0.7575016 2.994503 3.359376 3.188086 2.438249 0.3322377 0.4747366 0.6996427 0.9041505 1.401566 2.128235 2.178943 4.560926 2.998136 2.240041 2.207305 2.487117 1.537605 4.936501 9.491438 7.81603 6.095562 9.63643 7.0851 6.066922 6.118816 0.8003604 1.017196 1.124855 0.7454226 0.4273164 5.617813 7.475305 2.897057 3.192457 4.718915 2.474825 3.823125 1.586194 1.420201 1.76846 0.8192939 0.2808713 2.993444 5.301683 2.61451 3.574879 5.765886 1.991514 2.969359 4.557044
0.29909 0.2472681 0.3371417 1.613196 1.062605 0.03651903 0.306208 0.9554377 2.547118 1.80334 1.922105 2.197659 2.3771 2.432513 0.8181037 0.172185 1.110544 1.021321 2.323291 2.610124 2.532211 1.858153 2.752866 2.666271 1.735505 3.512537 4.337273 4.361766 3.728035 2.207676 1.371999 4.423428 8.439643 13.45594 9.79613 5.292272 4.888536 6.994621 5.799906 0.5776635 0.3681231 0.3796465 1.148132 1.523442 2.327517 7.868921 5.255228 3.852738 8.164049 0.6277821 3.953166 1.165856 2.695346 2.379037 0.6840015 1.297855 4.979571 5.100135 1.407149 0.5064147 4.030873 5.767755 5.646852 5.18933
0.2005344 0.3385082 1.240379 1.984429 0.2755245 0.3913549 1.880648 1.300419 0.8130738 3.685099 0.7428728 1.854427 2.188508 2.132201 2.64437 3.182954 3.368073 2.5293 0.5307445 0.0640586 1.500633 0.3404723 3.248178 4.160938 4.949457 2.424421 2.054916 1.527171 1.331848 1.48484 1.562991 1.350499 2.521703 6.681956 9.798285 8.755755 6.722235 4.107017 1.755405 1.413219 0.6546557 0.7128583 0.8529035 0.5176336 0.8821039 4.350818 5.947601 6.132044 10.64362 2.194955 5.232468 2.888363 2.643616 0.4747366 3.680528 5.625821 5.960058 4.543081 3.064006 3.482769 0.7806395 7.745796 7.202632 4.149894
0.3990125 0.1927082 1.256597 1.739751 0.727668 0.2331756 2.605495 0.97546 0.6913843 3.241283 2.225045 1.711487 0.4728964 2.395223 3.167268 2.087549 1.1821 1.730509 2.715384 2.45875 1.33872 0.4942157 5.329586 5.292233 2.741679 3.03702 4.579078 4.660584 4.741556 2.194582 4.146947 3.896161 4.182912 3.190024 3.50359 6.896573 10.15582 10.2718 6.633507 3.820844 0.4449565 0.9952337 0.5045884 2.318196 4.890354 3.952482 3.479763 7.429225 11.19673 3.698446 7.137923 1.665455 0.9816952 3.567148 6.387669 6.189995 5.451792 5.33145 4.282322 4.759146 4.887704 2.964346 6.949266 7.879185
0.3881967 0.04176111 0.6479627 1.713103 1.413219 0.6770685 2.215407 0.4841505 0.6303909 1.767098 1.79357 2.308417 3.03468 1.923809 2.008668 2.340148 2.24741 2.033172 1.562597 0.9898612 0.6913843 1.895811 7.086525 3.105236 1.848923 0.6292509 3.186932 1.802886 4.777392 3.180161 2.587548 1.232418 0.3933159 0.9603623 4.025117 13.52538 13.2909 14.85037 10.98735 7.445018 0.6756278 1.00242 0.4575725 2.841269 5.194987 6.916509 9.025227 9.641501 8.026052 0.731043 8.39949 2.233587 0.50408 5.499276 7.538351 4.483899 2.490139 1.61675 2.088457 2.343099 6.256557 6.512853 2.906799 8.361406
0.2248893 0.8994881 0.9337243 0.1811846 0.7889382 1.150139 2.364689 1.53987 1.540801 1.47511 1.773666 1.792284 2.963276 3.702637 3.586834 1.341206 1.702332 1.710289 1.652019 1.146165 1.54409 4.143949 6.421152 1.850695 4.854048 4.855252 5.104701 3.177461 2.204357 1.722081 1.723181 2.717116 2.100265 5.253095 8.734015 13.96054 7.939125 9.249472 13.14233 8.517703 0.6479627 1.217352 0.629984 2.064662 8.468195 8.117015 8.19098 5.249897 3.609637 0.898176 6.66055 4.387861 2.034581 6.23937 6.648415 3.511084 1.993981 1.218699 3.108443 4.670131 2.849875 4.802134 4.38344 8.28154
0.3443668 1.13226 0.151928 1.067803 0.4264754 1.444674 2.670201 1.432704 0.8832077 0.9203388 0.7816243 1.053689 1.864757 2.526953 1.671842 1.563482 2.17718 2.00231 2.330944 2.572459 0.8108001 4.502027 5.11748 2.670258 4.714982 2.799009 4.552711 3.236237 2.266529 1.015228 1.754266 2.178661 2.976734 5.445877 5.860334 8.805345 8.272669 8.399918 11.47718 8.97892 7.418659 3.840769 9.240748 13.95501 13.31909 8.959783 3.923034 4.73483 5.166754 3.804742 6.111546 4.804504 2.074854 4.270941 5.072022 2.545129 2.551031 6.107089 8.19866 5.06931 0.9246743 0.6532441 4.661337 8.032095
0.2435056 0.7394131 0.7476208 0.691236 0.1505715 0.9458368 3.075275 1.697268 1.268412 3.113714 3.197877 1.934323 0.4526137 1.011991 0.4397388 3.082495 1.108372 3.698432 2.172143 2.152562 0.5428783 4.186977 2.926777 1.324748 3.972304 1.673527 4.259254 3.160664 4.713418 4.481628 5.704243 7.16597 7.174482 6.088222 5.421627 6.961407 7.819773 6.456057 12.56284 13.72061 14.02835 11.20401 13.71603 14.24551 9.97719 1.803198 1.415864 2.568797 1.714836 2.549788 6.744738 2.822475 2.039032 1.489114 5.157839 5.800569 7.424403 8.376941 6.374631 5.051153 3.728322 1.920185 4.33976 7.698874
0.2373184 0.1867607 0.128117 0.2050868 0.2107607 0.3759811 3.201038 2.611789 2.601094 1.242609 1.983268 2.043622 1.236737 0.5983352 1.916688 3.587005 2.141402 4.153378 3.112746 2.30917 0.7167326 4.850855 2.906095 1.760126 2.815601 1.847786 3.312923 3.045287 2.562436 1.317882 3.825525 7.257221 11.14348 14.64125 14.77146 12.64786 11.02788 8.790539 10.49865 10.12341 12.13207 14.15305 8.959883 7.362136 4.201112 3.512712 3.780067 1.974521 0.4668931 2.291526 7.159322 2.765986 3.51846 3.795228 3.554307 7.842337 5.214608 5.004643 3.443369 0.3416753 3.804595 5.865916 3.962463 7.604078
0.5173362 0.2501554 0.4457627 0.3970796 0.3449621 0.1505715 1.608074 1.265378 0.1902976 1.072546 1.439414 2.062155 2.90708 1.91765 2.330329 1.415864 4.289925 3.38935 3.535246 3.112533 1.874756 5.588801 2.578199 0.7753003 1.890861 2.90504 3.844405 5.924269 5.752767 7.035872 7.964315 8.631754 9.680875 8.443939 4.968096 6.040326 5.387084 5.126645 6.994909 10.27581 6.859374 7.567175 5.385596 1.384494 2.586579 1.870023 3.862796 1.403539 1.584351 1.651367 7.145084 2.741176 4.987681 5.371581 5.399096 4.587744 6.558391 3.605054 1.691826 3.318836 4.050394 3.543839 5.145606 5.485549
0.3372938 0.2025703 0.4946307 0.5534508 0.4497718 0.9923444 1.994931 3.325461 3.359072 2.083818 0.2331756 0.6803931 1.638253 2.258316 1.640878 1.880975 1.691099 0.9064162 3.393821 3.42817 1.199664 5.766281 3.123495 4.331964 4.596636 3.359832 2.082171 4.015065 2.612396 2.647579 2.962535 7.449825 11.94704 13.84109 12.093 7.382953 4.261059 5.691814 3.411106 5.812593 5.732144 3.413126 3.90604 3.822125 2.888894 1.147238 2.297259 1.55892 1.933846 2.493034 7.054908 0.4230946 6.201601 8.757345 6.433551 7.449933 8.892257 8.082413 7.032335 2.723958 5.403834 4.60868 4.236467 9.161994
0.5287113 0.4878442 0.6485165 0.6077751 0.6996427 0.4585802 3.005405 4.013173 2.478523 2.856774 1.471144 3.757754 3.423386 0.6792615 2.463241 3.298401 1.480866 1.719103 5.101399 1.477228 1.19504 3.078281 4.843151 3.205503 0.6387958 1.572893 1.078267 3.322512 8.585383 14.8414 13.70874 8.575893 10.4951 10.24252 8.932057 5.713296 4.111678 5.000096 4.347588 5.660884 5.407473 2.63507 4.282085 7.259739 7.155728 4.343524 1.845012 2.312161 2.167329 4.099866 4.915674 2.314639 6.6901 9.853212 6.268817 8.13241 8.944039 9.74166 7.781645 8.919246 2.032164 6.665668 8.528506 8.458059
0.1601462 0.3660272 0.7693243 0.5145528 0.9660052 0.1945625 3.564386 3.926553 0.7693243 2.585629 0.7560786 3.330755 1.42582 2.645685 2.214437 3.669909 3.72995 3.626615 3.907332 1.551143 0.5669094 1.815824 2.82691 3.318282 3.856019 4.363166 5.484496 8.722187 14.42439 12.28034 10.93974 13.15982 11.07764 5.899969 4.921312 6.11998 9.423689 10.79802 7.364998 3.800665 1.44194 4.620041 9.048767 9.710318 9.786805 9.129581 5.422187 4.159505 5.221258 5.695842 1.461322 2.01681 4.962532 10.10403 6.147002 3.990927 4.192435 4.954544 2.292218 10.89743 4.710667 6.886899 9.332047 13.00453
0.2843198 0.7915987 0.3372938 0.1057451 1.096186 0.563188 2.316208 4.031631 2.077912 1.393791 1.282639 2.278826 2.675711 2.672938 4.702415 4.206999 0.5454231 1.73981 1.069195 1.049057 1.112343 0.5577892 4.072223 5.44558 1.418612 1.737718 1.069674 4.7797 10.88551 10.49794 9.884794 6.090885 4.37648 5.1138 5.738197 5.701598 7.018445 10.51325 8.341414 4.001334 4.143064 5.403825 7.007548 7.055307 8.937375 8.67375 8.043035 6.425588 5.679741 2.290275 2.507849 3.205678 2.439193 7.390946 10.4565 10.48994 10.94183 12.06712 11.43398 12.98236 7.862854 5.897525 6.878457 10.96979
0.5028575 0.5602663 0.7889382 0.7301305 1.168184 0.8667988 1.154011 2.493465 1.937101 0.5064147 1.537105 3.026704 3.151356 1.021823 2.961551 3.828896 2.377122 0.4292326 0.3972088 0.6303909 2.091837 2.310411 2.487507 4.386086 2.178943 3.783237 5.076354 6.888653 11.8273 11.05196 5.975045 3.936925 5.710593 7.358592 9.336305 7.917881 5.281682 6.674021 9.361274 5.153193 3.596169 3.081997 4.355881 4.201112 6.218417 11.89492 8.582247 6.059187 5.243449 0.840366 4.545768 6.744745 4.740527 0.4682095 5.754746 6.814132 7.847126 9.46972 5.938251 9.572845 5.491024 -9999 4.812757 6.510972
0.5868244 0.13206 0.1042798 0.3098713 0.8500731 1.301956 1.281759 2.136806 3.153495 1.082538 1.79034 3.025894 0.7697908 2.722156 2.516158 3.014438 2.141402 1.435885 2.424843 3.105351 3.134516 1.489974 0.2373184 3.55063 2.993171 0.7924404 2.25171 2.496234 5.252245 12.66149 16.28858 16.65973 16.28971 16.65674 12.92503 9.996067 5.361804 5.437756 5.339803 4.374339 6.100011 6.400095 6.097219 11.15151 16.38391 15.68852 9.225725 6.85486 3.670535 1.035628 4.544973 7.144283 4.467848 8.522648 7.81985 -9999 -9999 -9999 -9999 -9999 -9999 2.497524 -9999 -9999
