rcp8.5models/CNRM-CM5/sc1gr7.16
NCOLS 261 
NROWS 433 
XLLCORNER 336357.134 
YLLCORNER 654653.479 
CELLSIZE 1000 
NODATA_value -3.4e+38 
[rows 308 to 329 of 433, columns 196 to 244 of 261]
139.057479858398 138.563690185547 135.994140625 135.483032226562 136.424774169922 139.3134765625 141.205184936523 141.133117675781 141.863845825195 142.112533569336 142.007720947266 142.245590209961 141.675506591797 140.582092285156 139.410827636719 139.666030883789 140.118133544922 140.267639160156 143.195053100586 143.830032348633 143.978607177734 143.885345458984 144.665405273438 145.352294921875 145.705368041992 145.296722412109 144.420593261719 145.083190917969 146.660140991211 146.977478027344 147.664276123047 148.110641479492 148.446380615234 148.980804443359 149.691940307617 150.392868041992 150.727645874023 151.066253662109 151.758193969727 152.553680419922 153.049179077148 153.444839477539 154.133239746094 154.988525390625 155.701446533203 156.361068725586 157.016204833984 157.572738647461 158.213134765625
137.699905395508 139.107238769531 137.835540771484 137.551574707031 138.468978881836 139.826690673828 139.150527954102 141.504776000977 141.955047607422 142.02082824707 142.07975769043 141.896575927734 140.834396362305 140.280014038086 139.591812133789 140.144805908203 140.475708007812 140.356384277344 142.734954833984 144.037979125977 144.309646606445 144.37419128418 145.025787353516 145.517929077148 145.489456176758 145.035003662109 145.165237426758 145.231185913086 145.926345825195 147.174438476562 147.949844360352 148.37255859375 148.702896118164 149.30078125 150.14990234375 150.663848876953 150.795852661133 151.315902709961 151.931243896484 152.707565307617 153.373474121094 153.883499145508 154.552444458008 155.224960327148 155.70426940918 156.431640625 157.110427856445 157.653549194336 158.225326538086
137.065170288086 139.271118164062 138.818862915039 137.552764892578 137.964294433594 139.218551635742 137.538818359375 140.904525756836 141.554321289062 142.148696899414 141.935409545898 140.993927001953 140.005233764648 139.802627563477 139.648727416992 140.154235839844 140.795394897461 140.918167114258 142.501419067383 144.073440551758 144.577911376953 144.920593261719 145.297454833984 145.534301757812 145.336318969727 145.240509033203 145.790145874023 145.690734863281 145.165588378906 146.438552856445 148.365661621094 148.705184936523 149.164459228516 149.639785766602 150.303894042969 150.848373413086 150.965637207031 151.491348266602 152.226745605469 152.825134277344 153.639175415039 154.239379882812 154.816375732422 155.404296875 155.809020996094 156.500457763672 157.065567016602 157.708572387695 158.19596862793
137.26969909668 139.212997436523 138.951095581055 137.032424926758 137.122802734375 138.369781494141 138.555191040039 140.596908569336 141.694732666016 142.318054199219 141.970275878906 141.040466308594 140.10124206543 140.017074584961 140.118392944336 140.275985717773 140.84992980957 141.101806640625 143.351119995117 144.197357177734 144.604888916016 145.015319824219 145.428604125977 145.508270263672 145.5419921875 145.793411254883 146.154495239258 146.187744140625 145.166702270508 145.989105224609 148.690200805664 149.100555419922 -3.4e+38 -3.4e+38 150.538055419922 151.102569580078 151.382461547852 151.740600585938 152.420867919922 153.009262084961 153.771301269531 154.520156860352 155.030120849609 155.4638671875 156.009536743164 156.591781616211 157.028411865234 157.650421142578 158.184707641602
137.493133544922 138.646331787109 139.242156982422 138.249938964844 138.110504150391 138.998992919922 139.904571533203 141.384033203125 142.140533447266 142.27473449707 142.263381958008 141.764465332031 141.281707763672 141.244400024414 141.350479125977 141.267059326172 140.906585693359 141.307998657227 144.070693969727 144.359970092773 144.713302612305 145.154495239258 145.490585327148 145.600204467773 145.894485473633 146.001708984375 146.212371826172 146.564468383789 145.727951049805 146.101913452148 148.664352416992 149.16828918457 149.730010986328 150.257888793945 150.894622802734 151.306732177734 151.608139038086 151.991317749023 152.561157226562 153.204162597656 153.913238525391 154.682556152344 155.150634765625 155.632217407227 156.227966308594 156.683364868164 157.177536010742 157.772827148438 158.268249511719
136.545852661133 139.023468017578 139.364212036133 138.487808227539 137.7529296875 139.182907104492 140.859588623047 141.976516723633 142.024597167969 141.754989624023 142.200302124023 142.142715454102 141.495574951172 141.96794128418 142.554107666016 142.390075683594 142.292663574219 141.753479003906 143.066390991211 144.587539672852 145.101776123047 145.446441650391 145.803802490234 146.105178833008 146.365539550781 146.358779907227 146.259979248047 147.303359985352 147.482528686523 147.438385009766 148.777236938477 149.182250976562 149.910400390625 150.437255859375 151.058502197266 151.533279418945 151.963729858398 152.232086181641 152.749237060547 153.474212646484 153.92724609375 155.009201049805 155.553558349609 156.154586791992 156.548141479492 157.071502685547 157.508255004883 158.067001342773 158.5166015625
136.450073242188 138.583755493164 139.377319335938 138.647979736328 137.133483886719 138.033584594727 141.240005493164 141.908966064453 141.743850708008 141.60693359375 141.906997680664 142.028518676758 141.752700805664 142.6533203125 142.691329956055 142.765411376953 143.235641479492 143.206527709961 142.698944091797 144.680404663086 145.324600219727 145.757629394531 146.086685180664 -3.4e+38 146.486724853516 146.669952392578 146.919692993164 147.540710449219 148.066116333008 148.349792480469 149.144592285156 149.694946289062 150.167083740234 150.697555541992 151.232894897461 151.682800292969 152.214218139648 152.424957275391 152.810791015625 153.455108642578 153.963333129883 155.099227905273 155.678588867188 156.226135253906 156.698257446289 157.244369506836 157.6640625 158.234512329102 158.691970825195
136.988265991211 138.474609375 139.245803833008 138.779022216797 137.240875244141 137.974472045898 141.233489990234 141.588684082031 141.608322143555 141.763442993164 142.04167175293 142.317657470703 142.425231933594 142.866485595703 142.894149780273 143.124160766602 143.447677612305 143.616333007812 143.690521240234 144.919860839844 145.521942138672 -3.4e+38 -3.4e+38 -3.4e+38 146.685623168945 146.892105102539 147.128890991211 147.678085327148 148.246765136719 148.626876831055 149.503845214844 149.951187133789 150.436096191406 150.910110473633 151.369934082031 151.795303344727 152.276229858398 152.599426269531 153.096115112305 153.448944091797 153.937255859375 155.146423339844 155.576187133789 156.184478759766 156.757919311523 157.398025512695 157.822952270508 158.304092407227 158.810394287109
137.585784912109 138.595626831055 139.099365234375 139.018188476562 138.016906738281 138.450378417969 141.060501098633 141.545944213867 141.676162719727 141.880493164062 142.175247192383 142.540481567383 142.782867431641 143.138381958008 143.277191162109 143.515167236328 143.771072387695 143.852249145508 144.609008789062 145.119049072266 145.629302978516 -3.4e+38 -3.4e+38 -3.4e+38 146.905899047852 147.107727050781 147.333770751953 147.743515014648 148.258453369141 148.795883178711 149.780868530273 150.079040527344 150.63542175293 151.136184692383 151.576843261719 152.006072998047 152.454864501953 152.884094238281 153.245040893555 153.659057617188 154.036270141602 155.250457763672 155.612747192383 156.279907226562 156.757934570312 157.4912109375 157.914260864258 158.363128662109 158.958419799805
137.873611450195 138.032699584961 137.975173950195 138.451034545898 138.43669128418 138.312805175781 140.650680541992 141.674621582031 141.640121459961 141.550155639648 141.404510498047 142.135986328125 142.807235717773 143.334030151367 143.547515869141 143.736541748047 143.995529174805 144.030807495117 144.682098388672 145.063385009766 145.627288818359 146.059753417969 -3.4e+38 146.843414306641 147.128265380859 147.272598266602 147.378082275391 147.737548828125 148.266128540039 148.847137451172 149.867431640625 150.222549438477 150.714401245117 151.21662902832 151.641128540039 152.054489135742 152.519180297852 153.121383666992 153.488143920898 153.850448608398 154.075622558594 155.414321899414 155.822937011719 156.452285766602 156.949996948242 157.497177124023 158.034545898438 158.408493041992 159.066223144531
138.178085327148 138.104476928711 137.819366455078 137.444900512695 139.097991943359 139.496536254883 140.771011352539 141.621246337891 141.418228149414 141.317626953125 140.698059082031 141.460998535156 142.147567749023 143.171081542969 143.584045410156 143.875885009766 144.16438293457 144.200286865234 144.875015258789 145.278625488281 145.709457397461 146.130599975586 146.388427734375 146.877059936523 147.39469909668 147.415634155273 147.440490722656 147.976943969727 148.51579284668 148.968215942383 149.619537353516 149.69140625 150.68180847168 151.122955322266 151.718826293945 152.180038452148 152.626251220703 153.255508422852 153.800018310547 154.087203979492 154.390808105469 155.461868286133 155.969253540039 156.515502929688 156.992752075195 157.604751586914 158.128677368164 158.516616821289 159.207443237305
138.813323974609 138.869888305664 138.781967163086 138.075622558594 139.339385986328 140.867095947266 141.42399597168 141.665878295898 141.365478515625 141.469680786133 141.213027954102 141.160034179688 141.816833496094 143.04997253418 143.765762329102 144.042114257812 144.406799316406 144.440368652344 145.169921875 145.605850219727 145.879638671875 146.207748413086 146.592819213867 147.091812133789 147.598358154297 147.592147827148 147.785629272461 148.282470703125 148.673843383789 149.040985107422 148.830368041992 149.593215942383 150.602691650391 151.18782043457 151.876724243164 152.293670654297 152.773147583008 153.250610351562 153.760238647461 154.298461914062 154.723999023438 155.523986816406 156.072952270508 156.554565429688 156.903884887695 157.734649658203 158.266693115234 158.755355834961 159.346771240234
139.684921264648 139.213897705078 139.093811035156 139.377777099609 140.083908081055 141.126831054688 141.655731201172 141.649917602539 141.340118408203 141.766891479492 141.973846435547 141.51496887207 142.021865844727 143.103820800781 143.849395751953 144.283615112305 144.553421020508 144.695510864258 145.37419128418 145.79736328125 146.151062011719 146.411636352539 146.619140625 147.141754150391 147.669296264648 147.886703491211 148.251205444336 148.599334716797 148.827102661133 149.07112121582 149.071090698242 150.032470703125 150.646392822266 151.332458496094 151.868057250977 152.277587890625 152.793518066406 153.236618041992 153.87158203125 154.406341552734 154.934310913086 155.785095214844 156.291732788086 156.715866088867 157.143707275391 157.798645019531 158.34684753418 158.83219909668 159.283096313477
139.727523803711 139.025421142578 139.150527954102 140.15641784668 141.066055297852 141.401489257812 141.799179077148 141.662231445312 141.507583618164 141.842315673828 142.326766967773 142.221908569336 142.140975952148 142.758361816406 143.264129638672 144.264831542969 144.728759765625 144.955856323242 145.613357543945 145.974624633789 146.26008605957 146.697784423828 146.881958007812 147.268218994141 147.723617553711 148.230377197266 148.546859741211 148.848251342773 148.999130249023 149.276611328125 149.833389282227 150.315979003906 150.980361938477 151.385818481445 151.887954711914 152.372573852539 152.873352050781 153.350158691406 153.960479736328 154.430099487305 154.939483642578 155.96891784668 156.447067260742 156.904739379883 157.362548828125 157.807556152344 158.363159179688 158.815017700195 159.375366210938
139.53694152832 139.025009155273 139.294174194336 140.681106567383 141.270004272461 141.572402954102 141.885864257812 141.342468261719 140.349182128906 142.049194335938 142.590377807617 142.836639404297 142.697219848633 142.842239379883 143.101119995117 144.414779663086 144.901168823242 145.148513793945 145.817031860352 146.100082397461 146.164688110352 146.89973449707 147.240020751953 147.558486938477 147.853881835938 148.262588500977 148.701202392578 149.046447753906 149.140167236328 149.555755615234 150.113998413086 150.596313476562 151.20783996582 151.604904174805 152.132522583008 152.584915161133 153.019760131836 153.588562011719 154.041412353516 154.604873657227 155.145065307617 156.162368774414 156.639297485352 157.09033203125 157.464904785156 157.847351074219 158.470092773438 158.956268310547 159.539001464844
139.988845825195 139.418563842773 139.574249267578 140.557250976562 141.332595825195 141.775588989258 141.579330444336 139.107498168945 137.736541748047 140.896667480469 142.731811523438 143.138061523438 143.32585144043 143.458160400391 143.78662109375 144.630569458008 144.996643066406 145.311737060547 145.851181030273 146.159820556641 146.273666381836 146.903656005859 147.289733886719 147.497848510742 147.881454467773 148.277282714844 148.741394042969 149.184539794922 149.384155273438 149.756958007812 150.48112487793 150.870452880859 151.232360839844 151.836532592773 152.415802001953 152.886306762695 153.210159301758 153.689178466797 154.236251831055 154.726943969727 155.187316894531 156.203475952148 156.718276977539 157.213485717773 157.577011108398 158.010604858398 158.504165649414 159.126022338867 159.536590576172
140.404144287109 139.709274291992 139.837188720703 140.471755981445 141.329864501953 141.674926757812 140.449203491211 136.168029785156 135.369476318359 138.640426635742 141.920303344727 143.318115234375 143.600311279297 143.817520141602 144.293075561523 144.785003662109 145.165100097656 145.36376953125 145.792037963867 146.220169067383 146.33708190918 146.841812133789 147.263229370117 147.444702148438 147.827484130859 148.342025756836 148.842437744141 149.262191772461 149.736419677734 150.039337158203 150.782745361328 151.168579101562 151.279388427734 151.928359985352 152.499069213867 153.017227172852 153.491592407227 153.851211547852 154.3994140625 154.891265869141 155.201919555664 156.196853637695 156.713577270508 157.281539916992 157.691802978516 158.262420654297 158.602493286133 159.148452758789 159.646545410156
140.824417114258 140.405548095703 140.442810058594 141.065582275391 141.797225952148 142.011306762695 140.792221069336 137.160339355469 134.718856811523 134.372985839844 135.839782714844 141.555511474609 143.813018798828 144.219528198242 144.621246337891 144.740295410156 144.847946166992 144.848266601562 146.120574951172 146.210540771484 146.300689697266 146.838012695312 147.397369384766 147.82421875 148.145065307617 148.472137451172 149.014526367188 149.431610107422 149.85270690918 150.286270141602 151.158828735352 151.549835205078 151.897842407227 152.335891723633 152.792221069336 153.258255004883 153.860137939453 154.36164855957 154.874221801758 155.209030151367 155.644805908203 156.683135986328 157.000579833984 157.53532409668 158.02880859375 158.359313964844 158.719436645508 159.270599365234 159.651702880859
141.018768310547 140.843078613281 140.674606323242 141.350143432617 141.981887817383 142.268844604492 141.489730834961 138.94416809082 137.518707275391 135.427276611328 135.057800292969 140.83740234375 143.694427490234 144.302185058594 144.356536865234 143.619903564453 144.611114501953 144.052398681641 146.080810546875 146.190155029297 146.402099609375 147.018890380859 147.59716796875 147.941314697266 148.181732177734 148.452362060547 149.033752441406 149.536285400391 149.815399169922 150.28466796875 151.389282226562 151.778961181641 152.116317749023 152.480819702148 152.930709838867 153.34033203125 153.889450073242 154.373519897461 155.010894775391 155.318466186523 155.773452758789 156.720260620117 157.181854248047 157.666259765625 158.103408813477 158.467407226562 158.952651977539 159.559814453125 159.876373291016
141.104339599609 140.947006225586 140.975402832031 141.619140625 142.086318969727 142.371002197266 142.200988769531 140.072128295898 138.470428466797 135.613510131836 134.866561889648 140.170120239258 143.500198364258 144.130249023438 143.139541625977 143.011581420898 144.876281738281 144.639190673828 146.01286315918 145.984161376953 145.802001953125 147.064712524414 147.642715454102 148.135818481445 148.368103027344 148.681365966797 149.237838745117 149.817687988281 150.107620239258 150.502883911133 151.434265136719 151.875396728516 152.218048095703 152.669418334961 153.242263793945 153.663436889648 154.057830810547 154.467788696289 154.957885742188 155.3623046875 155.913909912109 156.701324462891 157.25862121582 157.774276733398 158.221954345703 158.599945068359 159.102798461914 159.677398681641 159.996170043945
141.201904296875 140.846923828125 140.849365234375 141.736053466797 142.039657592773 142.442016601562 142.605255126953 139.680816650391 138.225112915039 136.129333496094 135.631820678711 140.849899291992 143.702331542969 144.07682800293 143.2001953125 144.060012817383 145.22216796875 145.509399414062 145.952682495117 146.126251220703 145.865783691406 146.788726806641 147.803421020508 148.316116333008 148.637817382812 149.059295654297 149.491989135742 150.01318359375 150.458740234375 150.778015136719 151.519500732422 152.043106079102 152.445266723633 152.885711669922 153.394622802734 153.801513671875 154.217346191406 154.66259765625 154.9990234375 155.438781738281 155.882720947266 156.691131591797 157.24723815918 157.776443481445 158.255035400391 158.723541259766 159.178100585938 159.733978271484 160.047164916992
141.227142333984 141.019073486328 140.977951049805 141.726806640625 142.108093261719 142.509902954102 142.7490234375 140.468109130859 139.377426147461 138.516128540039 138.246398925781 141.823989868164 143.946304321289 144.330032348633 144.286529541016 144.904647827148 145.326324462891 145.62841796875 146.052536010742 146.508331298828 146.733627319336 147.154022216797 147.994934082031 148.3798828125 148.881378173828 149.242736816406 149.604461669922 150.142333984375 150.619033813477 150.937042236328 151.683410644531 152.198593139648 152.499862670898 152.971099853516 153.288528442383 153.746017456055 154.180923461914 154.594207763672 154.920166015625 155.360412597656 155.778366088867 156.826248168945 157.278869628906 157.817428588867 158.209228515625 158.774002075195 159.431823730469 159.867385864258 160.28190612793
