rcp8.5models/CNRM-CM5/sc1gr7.29
NCOLS 261 
NROWS 433 
XLLCORNER 336357.134 
YLLCORNER 654653.479 
CELLSIZE 1000 
NODATA_value -3.4e+38 
[rows 264 to 285 of 433, columns 49 to 97 of 261]
81.8810501098633 81.954963684082 81.9052047729492 81.7780456542969 81.8269500732422 81.871955871582 81.6842269897461 81.5358200073242 81.4274520874023 81.2944107055664 81.2021789550781 81.0554428100586 80.8983688354492 80.8104248046875 80.7078018188477 80.5464477539062 80.4823150634766 80.2004318237305 79.9147415161133 79.7001571655273 79.3707046508789 79.0656967163086 78.7737884521484 78.5512847900391 78.3417892456055 78.0858459472656 77.8027496337891 77.3647613525391 77.0201873779297 76.6801223754883 76.5668182373047 76.4598617553711 76.3178176879883 76.0509338378906 75.8172607421875 75.767204284668 75.7980728149414 75.7173538208008 75.5469360351562 75.4603958129883 75.4380035400391 75.4331436157227 75.3360443115234 75.1342239379883 75.0733947753906 75.1097183227539 74.9705810546875 74.9426193237305 75.0114059448242
81.9586334228516 81.9117584228516 81.965202331543 82.0252304077148 82.0620269775391 81.9438781738281 81.8954238891602 81.8344421386719 81.7397689819336 81.4715042114258 81.3112106323242 81.1884384155273 81.1779632568359 81.0499954223633 80.8199157714844 80.6656036376953 80.585578918457 80.3461303710938 80.2312622070312 79.9631958007812 79.5906982421875 79.2435073852539 78.9869842529297 78.7631378173828 78.5963287353516 78.3429260253906 77.9996795654297 77.5989227294922 77.2150650024414 76.8117446899414 76.5546875 76.3688201904297 76.3116836547852 76.2111282348633 75.9923553466797 75.8300552368164 75.8121337890625 75.724723815918 75.5790863037109 75.5057830810547 75.4376220703125 75.4086532592773 75.3162460327148 75.1408081054688 75.029426574707 74.9046783447266 74.8026962280273 74.812370300293 75.0181121826172
82.2277069091797 82.2861099243164 82.3428573608398 82.410285949707 82.4393768310547 82.3250350952148 82.2592620849609 82.2615737915039 82.2507934570312 82.2901611328125 82.1777420043945 81.763069152832 81.6074829101562 81.4767074584961 81.225830078125 80.9780426025391 80.8635406494141 80.8271255493164 80.5302124023438 80.1925964355469 79.8550033569336 79.6965179443359 79.3215713500977 79.0444259643555 78.9183807373047 78.6648864746094 78.2954711914062 77.9547958374023 77.4708023071289 77.0175170898438 76.9047927856445 76.743278503418 76.5664520263672 76.4261474609375 76.2560729980469 76.081169128418 75.8918838500977 75.8180084228516 75.6039886474609 75.4844131469727 75.4333724975586 75.2822265625 75.2293701171875 75.0576171875 74.8409729003906 74.7078552246094 74.6997756958008 74.7009048461914 75.3575439453125
82.3767547607422 82.434326171875 82.5206680297852 82.6221389770508 82.6107864379883 82.4662246704102 82.4594573974609 82.5889663696289 82.4940338134766 82.5830612182617 82.5915222167969 82.2722320556641 82.1693725585938 81.9604797363281 81.5689010620117 81.2972106933594 81.0646133422852 80.9849319458008 80.5792541503906 80.3155975341797 80.1799087524414 79.9891967773438 79.6104431152344 79.2527465820312 79.1627960205078 78.9167556762695 78.3851165771484 77.9884948730469 77.5837326049805 77.0632171630859 77.008430480957 76.9673843383789 76.7706832885742 76.4703521728516 76.2497482299805 76.0430145263672 75.8756103515625 75.799201965332 75.6086120605469 75.4934768676758 75.4371109008789 75.2636566162109 75.1568603515625 75.0014953613281 74.863655090332 74.7284545898438 74.6615753173828 74.6500015258789 75.2273635864258
82.4181060791016 82.4578475952148 82.6421661376953 82.8757858276367 82.8499755859375 82.5691528320312 82.6000289916992 82.9271011352539 82.7587432861328 82.6607437133789 82.5453109741211 82.5087356567383 82.5863571166992 82.4122009277344 82.0918350219727 81.7580490112305 81.410041809082 81.1759414672852 80.770393371582 80.6412200927734 80.4346160888672 80.1517562866211 79.8198852539062 79.413948059082 79.3139343261719 79.0913925170898 78.4820022583008 78.0344161987305 77.7252960205078 77.2559204101562 77.176155090332 77.2376251220703 76.9055633544922 76.4384613037109 76.2600555419922 76.0145111083984 75.9314346313477 75.8268432617188 75.6600646972656 75.4921722412109 75.4176177978516 75.2444915771484 75.0917129516602 74.9433441162109 74.8597030639648 74.7380752563477 74.6457138061523 74.6702728271484 75.3919448852539
82.3998336791992 82.537841796875 82.8667602539062 83.0293121337891 82.9341354370117 82.7247695922852 82.6581420898438 83.1126556396484 82.8657302856445 82.788215637207 82.6569442749023 82.6128463745117 82.5683822631836 82.5004272460938 82.3953857421875 82.2018280029297 81.8803634643555 81.469482421875 81.1071090698242 80.9789962768555 80.6460876464844 80.304817199707 79.8362503051758 79.5126037597656 79.4287033081055 79.1617736816406 78.5720672607422 78.1770629882812 77.9906768798828 77.4659729003906 77.2695388793945 77.3126754760742 76.9303207397461 76.4411697387695 76.276611328125 76.0759887695312 75.9562377929688 75.8124084472656 75.6507339477539 75.4670944213867 75.3810501098633 75.1255569458008 74.9716033935547 74.8355102539062 74.7492446899414 74.682487487793 74.6280136108398 74.5596237182617 75.2175445556641
82.5803527832031 82.6982192993164 82.8689422607422 82.9679718017578 82.9463043212891 82.9744262695312 83.0009002685547 83.3213272094727 83.0799255371094 82.9730224609375 82.8797302246094 82.7643890380859 82.7930679321289 82.7719650268555 82.6953353881836 82.641960144043 82.3343200683594 81.8518218994141 81.4973907470703 81.2393646240234 80.8792114257812 80.4689331054688 80.0407485961914 79.6448974609375 79.5510940551758 79.2979431152344 78.7656631469727 78.3888931274414 78.1541290283203 77.484977722168 77.2067794799805 77.1397705078125 77.0043334960938 76.6047592163086 76.3430099487305 76.1122436523438 75.928466796875 75.7871398925781 75.6395492553711 75.4310607910156 75.2681198120117 75.1309814453125 75.0501480102539 74.8866577148438 74.7793960571289 74.6466827392578 74.5154418945312 74.3685760498047 75.112678527832
82.4898147583008 82.6247100830078 82.8670959472656 83.086051940918 83.0166015625 83.1124420166016 83.3483505249023 83.4374694824219 83.243278503418 83.1754989624023 83.1756210327148 83.0918807983398 83.1155853271484 83.0727691650391 83.0444259643555 83.0673522949219 82.8728332519531 82.4168014526367 81.7978515625 81.5165481567383 81.2125854492188 80.7537460327148 80.2391357421875 79.8644790649414 79.7308654785156 79.4486312866211 78.9440383911133 78.6115036010742 78.3400650024414 77.5852508544922 77.257682800293 77.2309341430664 77.2834167480469 76.8893432617188 76.6079635620117 76.2846145629883 75.9766387939453 75.7606658935547 75.5467681884766 75.3255462646484 75.1557464599609 75.1751251220703 75.1424865722656 74.9509124755859 74.7264862060547 74.5672073364258 74.3669586181641 74.28173828125 74.9086532592773
82.5377578735352 82.6343383789062 82.8447875976562 83.0339050292969 83.1177215576172 83.1975326538086 83.4404220581055 83.455696105957 83.3782577514648 83.4083480834961 83.496223449707 83.5441055297852 83.4284973144531 83.2819519042969 83.3182144165039 83.311164855957 83.225700378418 82.9689025878906 82.0835113525391 81.6652984619141 81.3728790283203 81.0097579956055 80.4922714233398 80.1338119506836 79.907585144043 79.498176574707 79.1466979980469 78.8757247924805 78.5458450317383 77.7737274169922 77.3707656860352 77.3839797973633 77.605354309082 77.3130340576172 77.0777282714844 76.7618560791016 76.0116958618164 75.7376480102539 75.4661636352539 75.1870040893555 75.0479888916016 75.1617584228516 75.1694717407227 74.9572525024414 74.5227890014648 74.3698654174805 74.2616424560547 74.263786315918 74.8647232055664
82.7742462158203 82.8907470703125 82.9269104003906 83.0758972167969 83.2179107666016 83.3424606323242 83.4640274047852 83.6855545043945 83.8076019287109 83.8046112060547 83.8503952026367 83.8410568237305 83.6467132568359 83.4840621948242 83.5492630004883 83.5768508911133 83.4929046630859 83.3659896850586 82.4001541137695 81.8607864379883 81.6049423217773 81.2640762329102 80.7587051391602 80.2649993896484 79.9513473510742 79.580436706543 79.4075088500977 79.282470703125 78.9272308349609 77.990348815918 77.5893402099609 77.4672622680664 77.7891616821289 77.6853179931641 77.2628707885742 76.984016418457 76.1619338989258 75.7165374755859 75.3953552246094 75.1483154296875 75.0195007324219 74.9452362060547 74.9404983520508 74.7265548706055 74.4508438110352 74.3953475952148 74.1769256591797 74.1725616455078 74.6861267089844
82.8480377197266 83.1427230834961 83.3047866821289 83.4106292724609 83.4567108154297 83.6249008178711 83.8945922851562 84.0099487304688 84.1201019287109 84.1780319213867 84.2394332885742 84.0945281982422 83.9501571655273 83.9432754516602 83.9204330444336 83.8514709472656 83.7359924316406 83.4675521850586 82.545539855957 82.1493759155273 81.9664535522461 81.6116638183594 81.0654525756836 80.5164642333984 80.0457534790039 79.7881393432617 79.6695709228516 79.5560760498047 79.2517623901367 78.2182540893555 77.9880828857422 77.6072845458984 77.5873947143555 77.6897201538086 77.237907409668 76.8218688964844 76.2536010742188 75.7872543334961 75.42529296875 75.2221527099609 75.0120086669922 74.7982177734375 74.7484436035156 74.5263900756836 74.4200744628906 74.3477249145508 74.0840682983398 74.0331039428711 74.1699295043945
82.926872253418 83.2317199707031 83.5131454467773 83.7046737670898 83.9158248901367 84.3041000366211 84.4940032958984 84.4010696411133 84.428825378418 84.4440383911133 84.5598526000977 84.4841232299805 84.3994445800781 84.3394241333008 84.1398315429688 83.9872665405273 83.9292984008789 83.7733917236328 82.6703338623047 82.483039855957 82.2964935302734 81.8290786743164 81.3099746704102 80.7639770507812 80.2466049194336 80.0014572143555 79.7406997680664 79.4948501586914 79.1860809326172 78.235954284668 78.1777114868164 77.8637924194336 77.4266357421875 77.4075164794922 77.326171875 76.9864807128906 76.2923812866211 75.8600006103516 75.4924163818359 75.2475891113281 75.0080413818359 75.0406265258789 74.8227081298828 74.6544570922852 74.5012054443359 74.2147521972656 74.1006546020508 73.9976272583008 73.9253692626953
83.0984039306641 83.3703155517578 83.7147521972656 83.9407196044922 84.0552062988281 84.2925491333008 84.3792266845703 84.6350402832031 84.6858444213867 84.6644134521484 84.7586059570312 84.8727722167969 84.8576126098633 84.6118698120117 84.3450622558594 84.3701400756836 84.346061706543 83.9781799316406 82.8727722167969 82.7955551147461 82.5937957763672 82.081787109375 81.4786987304688 81.0243530273438 80.6669921875 80.2544860839844 79.8866119384766 79.5172653198242 79.1482009887695 78.4316253662109 78.5062026977539 78.1899566650391 77.4408721923828 77.1935119628906 77.3424758911133 77.6387176513672 77.0634994506836 76.0385513305664 75.4669342041016 75.2260284423828 75.0504913330078 75.0152969360352 74.773811340332 74.5843963623047 74.397834777832 74.1101608276367 74.0552215576172 73.908447265625 73.8432312011719
83.2185287475586 83.4616775512695 83.737174987793 83.9083251953125 84.0935440063477 84.3388214111328 84.3753051757812 84.6778182983398 84.9332427978516 84.9625854492188 85.0185470581055 85.1959762573242 85.1514129638672 84.8972854614258 84.6242599487305 84.5709075927734 84.4339981079102 84.0002288818359 83.2538757324219 83.1722869873047 82.9123687744141 82.2907409667969 81.6295776367188 81.2466812133789 80.9151077270508 80.526496887207 80.1381149291992 79.7417068481445 79.4337921142578 78.7041320800781 78.6894378662109 78.2763900756836 77.5662231445312 77.1545333862305 76.9638061523438 77.0262680053711 76.7373809814453 76.034049987793 75.4965515136719 75.2092437744141 75.0718002319336 74.8793106079102 74.5951690673828 74.4102401733398 74.2446365356445 74.0564575195312 73.9593811035156 73.8383255004883 73.8371200561523
83.4950866699219 83.8279876708984 84.0683135986328 84.1805191040039 84.4700317382812 84.8249206542969 85.0419998168945 85.3804779052734 85.6688232421875 85.7038497924805 85.7421188354492 85.8563079833984 85.858024597168 85.6836776733398 85.3624954223633 85.0608444213867 84.8227767944336 84.5479049682617 83.992317199707 83.5580215454102 83.0533752441406 82.6403579711914 82.339729309082 82.0113525390625 81.4805679321289 80.9475250244141 80.4267959594727 80.0788269042969 79.8056945800781 78.9927368164062 78.7086944580078 78.3675842285156 77.6755752563477 77.2536087036133 76.8627700805664 76.5629119873047 76.2499084472656 75.952392578125 75.6018981933594 75.3228530883789 75.1316986083984 74.9500961303711 74.844841003418 74.3578796386719 74.1635818481445 74.0269012451172 73.9466857910156 73.8287506103516 73.7739181518555
83.4740600585938 83.9154891967773 84.22900390625 84.3585433959961 84.6692886352539 85.1184387207031 85.4235382080078 85.5754623413086 85.8789520263672 85.8876800537109 85.9509506225586 86.0919342041016 85.9309310913086 85.767578125 85.6650772094727 85.4903869628906 85.2359313964844 84.9842834472656 84.3641128540039 83.8855743408203 83.3573760986328 82.9403686523438 82.7010879516602 82.404541015625 81.8780746459961 81.21728515625 80.6770248413086 80.3104019165039 79.9564590454102 79.0969161987305 78.6676483154297 78.2809524536133 77.7746734619141 77.4264297485352 76.9974212646484 76.6926651000977 76.3613815307617 76.0735168457031 75.7059478759766 75.4596633911133 75.2774505615234 75.5085983276367 75.2436676025391 74.4376373291016 74.3148727416992 74.1689987182617 73.9473495483398 73.8618927001953 73.7371673583984
83.6676177978516 84.0123596191406 84.3117523193359 84.6362457275391 84.9700469970703 85.4050216674805 85.658935546875 85.8176498413086 86.0484237670898 86.1789627075195 86.3103256225586 86.359375 86.1969985961914 86.0915985107422 86.0415878295898 86.0485229492188 85.7294845581055 85.3180236816406 84.6849670410156 84.2251358032227 83.6829605102539 83.269775390625 82.9363174438477 82.635009765625 82.1481781005859 81.4973983764648 80.9955139160156 80.567268371582 80.1207885742188 79.1537017822266 78.6543960571289 78.2784271240234 77.9136199951172 77.6033782958984 77.3143844604492 77.0158615112305 76.5600204467773 76.1682205200195 75.7738571166992 75.535270690918 75.4191741943359 75.6343460083008 75.4991073608398 74.7013702392578 74.3599166870117 74.1847686767578 73.9797973632812 73.8909683227539 73.7927551269531
83.732780456543 84.0467224121094 84.4248199462891 84.77685546875 85.1886596679688 85.6436462402344 85.8593368530273 86.1485443115234 86.3972778320312 86.4513320922852 86.5464630126953 86.6129913330078 86.5740509033203 86.529052734375 86.4455337524414 86.458869934082 86.2071990966797 85.7133331298828 84.9288101196289 84.5367889404297 84.0079498291016 83.5384140014648 83.115966796875 82.7457809448242 82.2458343505859 81.7612915039062 81.2857055664062 80.7651824951172 80.2270812988281 79.2799606323242 78.8083953857422 78.4096908569336 78.1231155395508 77.767692565918 77.6666717529297 77.4030609130859 76.6540222167969 76.2351837158203 75.9092864990234 75.5693206787109 75.3493118286133 75.6964797973633 75.6383209228516 74.8956451416016 74.4029922485352 74.2013320922852 74.0608444213867 73.9178466796875 73.8695220947266
83.9407501220703 84.2387466430664 84.3860015869141 84.8498687744141 85.3969192504883 85.7528076171875 85.9626541137695 86.5381011962891 86.7084426879883 86.8202285766602 86.7871627807617 86.7861251831055 86.9849624633789 87.1096725463867 86.9591751098633 86.7638854980469 86.4630126953125 86.0699310302734 85.231330871582 84.7095642089844 84.3613510131836 83.9170227050781 83.3190383911133 82.805549621582 82.3804321289062 81.9934234619141 81.5266723632812 80.9271697998047 80.3251113891602 79.6576232910156 79.2927856445312 78.5897750854492 78.1869506835938 77.8344802856445 77.5953674316406 77.2440719604492 76.6213684082031 76.2478103637695 75.9470748901367 75.60888671875 75.3290023803711 76.4644622802734 76.3044967651367 75.1083450317383 74.5885848999023 74.2539596557617 74.1150894165039 74.0072555541992 73.9915237426758
83.9552536010742 84.429069519043 84.5397644042969 84.9387054443359 85.4280395507812 85.8375473022461 86.1490325927734 86.9025955200195 87.0224990844727 87.2500839233398 87.18359375 87.0576400756836 87.3470306396484 87.4719848632812 87.3666000366211 87.0805053710938 86.6814193725586 86.3019256591797 85.5768737792969 85.112434387207 84.7532348632812 84.2499694824219 83.5703811645508 82.9714813232422 82.6312408447266 82.2136001586914 81.6535186767578 81.0801696777344 80.5149765014648 79.904426574707 79.5485992431641 78.7666473388672 78.2633972167969 77.8370666503906 77.4501876831055 77.0720596313477 76.6713943481445 76.263053894043 75.9572067260742 75.8319320678711 75.5762023925781 76.8309631347656 77.5556488037109 76.59716796875 75.5200729370117 74.4016342163086 74.2083053588867 74.1026840209961 74.091064453125
84.1347732543945 84.4095306396484 84.6532974243164 85.0561828613281 85.4971389770508 85.9497604370117 86.2392425537109 86.9763717651367 87.2744674682617 87.4995269775391 87.581901550293 87.4000701904297 87.4298477172852 87.6705856323242 87.6497039794922 87.4156265258789 87.0249786376953 86.6334991455078 85.7804565429688 85.5198059082031 85.0327911376953 84.3739166259766 83.7457580566406 83.3095397949219 82.8312835693359 82.309211730957 81.7394256591797 81.236930847168 80.7684631347656 79.9132232666016 79.4801940917969 78.9212493896484 78.3995971679688 77.9392547607422 77.5449447631836 77.1479797363281 76.8162078857422 76.600700378418 76.5028533935547 76.1233901977539 75.7902908325195 77.6827163696289 78.4516677856445 77.919807434082 76.5699615478516 74.4696655273438 74.2881851196289 74.2257308959961 74.2397613525391
84.2042465209961 84.4842987060547 84.7776870727539 85.2321319580078 85.6581954956055 86.0317459106445 86.2402572631836 87.1006164550781 87.4725646972656 87.8159561157227 87.9222946166992 87.8175430297852 87.7195510864258 87.6437149047852 87.5083618164062 87.4706497192383 87.348030090332 86.9962615966797 85.9774703979492 85.6438217163086 85.1327285766602 84.4955825805664 83.9663619995117 83.5443725585938 82.968017578125 82.4182739257812 81.9330749511719 81.4449615478516 80.8925704956055 80.0318374633789 79.7481307983398 79.2980270385742 78.5218887329102 78.0672988891602 77.6237564086914 77.3254699707031 77.0226593017578 76.6213226318359 76.4723663330078 76.0148010253906 75.6984710693359 77.0755081176758 77.1815948486328 76.8343505859375 75.6852951049805 74.5104064941406 74.3662185668945 74.3475341796875 74.3549652099609
