rcp8.5models/CNRM-CM5/sc1gr8.1
NCOLS 261 
NROWS 433 
XLLCORNER 336357.134 
YLLCORNER 654653.479 
CELLSIZE 1000 
NODATA_value -9999 
[rows 0 to 21 of 433, columns 50 to 99 of 261]
-9999 -9999 -9999 -9999 -9999 -9999 -9999 -9999 -9999 -9999 -9999 -9999 -9999 -9999 -9999 -9999 -9999 -9999 -9999 -9999 -9999 -9999 -9999 -9999 -9999 -9999 -9999 -9999 -9999 -9999 -9999 -9999 -9999 -9999 -9999 -9999 -9999 -9999 -9999 -9999 -9999 -9999 -9999 -9999 -9999 -9999 -9999 -9999 -9999 -9999
-9999 -9999 -9999 -9999 -9999 -9999 -9999 -9999 -9999 -9999 -9999 -9999 -9999 -9999 -9999 -9999 -9999 -9999 -9999 -9999 75.1110382080078 75.273131187453 76.4927193604358 77.0196010553176 77.24315796674 77.4687050538392 77.9848469563818 79.0590063796223 79.7252454269454 80.415121729864 80.7613291089912 -9999 -9999 -9999 -9999 -9999 -9999 -9999 -9999 -9999 -9999 -9999 -9999 -9999 -9999 -9999 -9999 -9999 -9999 -9999
-9999 -9999 -9999 -9999 -9999 -9999 -9999 -9999 -9999 -9999 -9999 -9999 -9999 -9999 -9999 -9999 -9999 -9999 -9999 74.5184375070974 75.0527153862223 75.2671130801567 75.7495323797231 76.7960970791722 77.2361149194916 77.4617562879411 77.6893567022905 78.2115898591821 79.8566834504111 80.4837648947102 80.7544812126183 80.9950724554717 -9999 -9999 -9999 -9999 -9999 -9999 -9999 -9999 -9999 -9999 -9999 -9999 -9999 -9999 -9999 -9999 -9999 -9999
-9999 -9999 69.2440643310547 68.9900939384797 68.9624072705769 69.1252275478419 68.9119773230865 68.7087982367095 68.7079373221196 68.8819241446697 -9999 -9999 68.6019450508167 69.963270493248 70.5121021294582 71.1019541043033 71.4452963074456 73.12796511243 73.3322179187889 73.7904209519912 74.8152332587993 75.259015805331 75.4749746762143 75.9656750321223 76.2680451919983 77.249473309435 77.679913937454 77.9095454672548 79.1306647539004 80.3276132412641 80.7448223225023 80.9880213597885 -9999 -9999 -9999 -9999 -9999 -9999 -9999 -9999 -9999 -9999 -9999 -9999 -9999 -9999 -9999 -9999 -9999 -9999
69.4269404512633 69.2266107237305 69.1896558284853 68.9882846931762 68.9620707106452 69.1248548408363 68.911117774813 68.7060270895094 68.7061084292067 68.8803032592328 68.8180106200728 68.5935740301759 68.8055667436238 69.9637616632724 70.8098041605969 71.2123797792931 71.4423119830787 73.1223787731498 73.3261734736202 73.5321394509789 73.9985406522091 75.0296413646742 75.4672440744282 75.6853052440621 75.9054221162355 76.4116873734188 77.476061945229 77.9004628341041 78.8943414545845 79.4708453489125 80.5674775273391 80.9787559263134 81.2215347902012 -9999 -9999 -9999 -9999 -9999 -9999 -9999 -9999 -9999 -9999 -9999 -9999 -9999 -9999 -9999 -9999 -9999
68.4535603649296 68.2523287797136 68.2178452356652 68.9442777093972 69.1055964412164 69.1247357760886 68.9103257813784 68.9958289663297 68.834195116677 68.8787272762088 69.0551399329473 69.1424485526922 69.2846031399727 69.6861938029638 70.7552069547092 71.2449755552802 71.438508210676 72.8764052181203 -9999 73.52645689088 -9999 74.2091784844532 75.2464271147055 75.6779267862014 75.8980772123861 76.1202624733099 76.6348489106362 78.0285175592034 78.9159291860835 79.152243393933 79.707651363963 80.0183417819377 81.0601476675462 -9999 -9999 -9999 -9999 -9999 -9999 -9999 -9999 -9999 -9999 -9999 -9999 -9999 -9999 -9999 -9999 -9999
68.2133078897702 68.2903619056735 68.1163113483163 68.2938441703589 68.1749561451675 68.1578435630482 68.6074696372081 69.0797118595247 68.8697427401527 68.8776890744764 69.0540091242264 69.2326186921773 69.4135035587787 69.5966559992081 70.7080729755393 71.2416751234025 71.4351410816312 72.0739718965211 -9999 -9999 -9999 -9999 74.4222924987134 -9999 75.8910225019379 76.1132420411737 76.6606111934888 77.3883767078768 78.9082535824533 79.1446940571333 79.3829707020484 79.6230411411068 80.9908240310251 81.4511592322809 -9999 -9999 -9999 -9999 -9999 -9999 -9999 -9999 -9999 -9999 -9999 -9999 -9999 -9999 -9999 -9999
68.3702937205919 68.3673231966232 68.1570304823265 68.1263847197331 67.9148254447276 67.8947303803365 67.8615871480475 68.7862619865598 68.8679478529559 68.8771832832641 69.053402998223 69.2319117268568 69.4126979450752 69.5957541495625 70.0077561997231 70.988389873306 71.4322095347934 71.8256615019275 -9999 -9999 -9999 -9999 -9999 -9999 75.6869762941125 76.1064860509418 76.7789784707263 77.1158243170451 -9999 79.1373355470626 79.3757470317036 79.6159684472688 80.1881560335021 81.3001777798394 -9999 -9999 -9999 -9999 -9999 -9999 -9999 -9999 -9999 -9999 -9999 -9999 -9999 -9999 -9999 -9999
68.0779705961336 68.3722842017531 68.1599037126145 68.1306575441592 67.9170046142356 67.8982680236696 67.6747664134795 68.7060146572028 68.8667061283825 68.8772168254255 69.0533251120384 69.2317215835954 69.4123962633862 69.5953371825607 69.7805407462361 70.9077451905133 71.4297164211744 -9999 72.0229532826044 73.2130251322099 73.7196036098976 73.9297428269085 74.1420232952733 74.3564248203615 -9999 76.3154825063606 76.8529938203515 77.1101464590913 -9999 -9999 79.3686955775607 79.6090527321175 79.8511884130956 80.4317419562537 80.3970078634071 -9999 -9999 -9999 -9999 -9999 -9999 -9999 -9999 -9999 -9999 -9999 -9999 -9999 -9999 -9999
67.6542944462251 68.2000828183906 68.163450982972 68.1355933961438 67.9198279993797 67.9024344469833 67.678123265846 68.7115520086675 69.1653372013539 69.0000715850589 69.0537763762412 69.2320465605148 69.4125949153556 69.5954123376794 69.7804975186872 70.909652067289 71.4276611063017 -9999 72.0206027770718 72.4808782135923 -9999 -9999 74.1376300093423 74.6740166903175 -9999 -9999 76.8776093695429 77.1047058491639 -9999 78.1137076357414 79.2061799843089 79.6022875063748 79.8445599324529 80.0885812759388 80.3342822309056 81.070324962788 -9999 -9999 -9999 -9999 -9999 -9999 -9999 -9999 -9999 -9999 -9999 -9999 -9999 -9999
67.7317350943264 67.3627476972017 68.1480509737404 68.7964625877443 68.6233670778326 68.6100503172115 68.7536243522619 69.6317239042961 70.0217362730748 70.0449847589454 69.8799915253703 69.4266643191603 69.4145194117033 69.5970498263472 69.7818501693812 70.204365844983 71.191878449932 -9999 72.0170874135203 72.2189328802074 72.4229753515673 -9999 74.6566645140845 74.9028873901258 75.1199587621913 75.3391622776866 75.85678377158 76.9233377875227 77.554822765142 77.7879557383401 -9999 -9999 80.0315078044967 80.6199075863788 80.8912445077072 81.1399780518826 81.3903302624328 -9999 -9999 -9999 -9999 -9999 -9999 -9999 -9999 -9999 -9999 -9999 -9999 -9999
67.7780989320477 67.3708816188206 67.9812741580322 68.8487342046955 68.8194679431792 68.8111466995208 68.7579624752408 69.6395278009009 70.1744425982824 70.3532475285214 70.1341964611362 70.0034285637598 70.1254933930806 69.7823463746136 69.7832553018062 69.9701461675089 71.1166343969029 71.8164418845464 72.0159314537748 72.537431587226 -9999 -9999 -9999 74.9001315038091 -9999 75.3362663689114 75.5575294307887 76.0834669096854 77.5500744669316 78.1198954260092 78.4202280201185 -9999 79.3726987216562 80.5056655975866 80.8860838609554 81.1349821571752 81.3855289542208 -9999 -9999 -9999 -9999 -9999 -9999 -9999 -9999 -9999 -9999 -9999 -9999 -9999
67.471794822938 67.3797393479013 67.946844731496 68.8371085201447 68.825603703771 68.8185398614841 69.4352486280443 69.9215195019889 70.1785719740311 70.3571667689369 70.4432113027665 70.5893463283704 70.4634123201653 70.370001845716 69.9635391152738 69.9718643810848 70.403123149742 72.1340540893988 72.427583846897 -9999 -9999 -9999 74.4207169367694 74.8976923227329 -9999 -9999 75.5548389555946 -9999 77.8817620786671 78.318466055918 78.5808603550426 -9999 -9999 -9999 80.7550489099384 81.1300371068202 81.3807600836423 81.6330869639418 -9999 -9999 -9999 -9999 -9999 -9999 -9999 -9999 -9999 -9999 -9999 -9999
67.4051742444021 67.8594146487184 68.1799529618392 68.8489259868063 68.8324252368602 68.8266009379104 69.6384706411637 70.0072880523597 70.1833037571962 70.3616731545176 70.5423957436442 70.7254659107718 70.8115355388201 70.9629195310296 70.9753444997121 -9999 70.5785955138989 72.3402804900262 -9999 -9999 72.9789464423577 -9999 -9999 -9999 75.1123504284223 75.3313047062922 75.5524061020641 76.1099387560048 77.926960553005 78.3412601502875 78.5773244460449 -9999 -9999 -9999 -9999 81.0064118497105 81.376012506314 81.6285277285928 81.8825964335476 -9999 -9999 -9999 -9999 -9999 -9999 -9999 -9999 -9999 -9999 -9999
67.4205074008689 67.9961622284955 67.9520035524573 68.7274368153934 68.8399311996618 68.8353409900716 69.6469314430115 70.0128580832885 70.1886390164106 70.3667688346402 70.5472502000908 70.7300791037578 70.9152477919157 71.1027542216516 -9999 -9999 -9999 72.1629422522705 -9999 72.7753529570812 72.9794194595423 73.1857307445439 73.3942668212619 73.8895116394694 74.9344069439979 75.329234840746 75.8842196672502 76.3110093489628 77.1090125756558 78.1916959151624 78.5739364185008 78.8119909707544 -9999 -9999 -9999 -9999 80.6162552947745 81.2205615002026 81.5180635603172 81.6232788046547 -9999 -9999 -9999 -9999 -9999 -9999 -9999 -9999 -9999 -9999
66.7864988015076 67.7106315553885 67.8830909798009 68.7055955973021 69.3359463261273 69.5423568376251 70.6250312384503 70.2146130175159 70.1945900191087 70.3724696214926 70.5526959637659 70.7352639383921 70.9201701621465 -9999 -9999 71.3066099622257 -9999 -9999 72.5747919270751 72.7764045075638 72.9802750248947 73.186401623805 73.3947568662637 73.605338173005 75.2012986329132 75.7347524141652 76.085686877769 76.3373783526121 76.79152582812 77.3442154977504 78.4318197935438 78.1716471004401 78.3029227081 78.542859532296 -9999 -9999 -9999 81.0846792628855 81.3538656624416 81.6046569684471 -9999 -9999 -9999 -9999 -9999 -9999 -9999 -9999 -9999 -9999
-9999 -9999 -9999 -9999 69.4837029014989 69.7505863126042 70.9150223004804 70.785066622571 70.3914542571979 70.3787760387718 70.5587325150915 70.7410228802205 -9999 -9999 71.3019292476719 71.4935573648146 70.949881741475 71.3703030004709 72.3760983526854 72.7778654168649 72.9815229529585 73.5165052409504 73.4751128680662 73.9379739314969 74.6460159030399 75.7253137278451 76.1127182878185 76.3364392758508 76.7903713731616 76.3935287387668 76.8405170730191 77.6638372889498 78.3330703041344 78.6234065072895 78.8606482753158 -9999 -9999 -9999 81.3511223680765 81.6021316200175 -9999 -9999 -9999 -9999 -9999 -9999 -9999 -9999 -9999 -9999
-9999 -9999 -9999 -9999 69.493791068344 69.7620957856792 70.9219828033095 70.9445917810453 70.4538811615014 70.3856940272034 70.5653637283915 -9999 -9999 -9999 71.3073901798065 71.4987276139355 -9999 71.118495372133 72.3106060026986 73.1072567864925 73.3952627745581 73.7220565997372 73.8365428875161 74.1426411750661 74.3846967204639 74.8978850165542 75.9537304768486 76.3357480764405 76.1668484920756 76.0232038178996 76.549660547423 77.1709936006246 78.4091196019564 78.7934338601304 79.0322634463516 79.2729626484284 -9999 -9999 -9999 81.5995534777518 82.1063748846336 -9999 -9999 -9999 -9999 -9999 -9999 -9999 -9999 -9999
-9999 -9999 -9999 -9999 69.6543472634523 69.7743179928505 71.2402445828698 71.0693535029272 70.4592896410414 70.3932401069543 70.572604387359 -9999 70.9383386161271 -9999 71.3133932671789 70.9558678090323 70.79490704501 71.449218776192 71.9952851240521 73.1241557630108 73.5484075686405 73.7545593130257 73.9629918567678 74.1736982062794 74.3866653688465 74.6018886299592 75.1232877250397 75.5711819621632 76.1427304554866 76.3825550363474 76.752132336515 77.0052519577236 78.3809059501809 78.792017942613 79.0308728502334 79.2716221610414 -9999 -9999 -9999 -9999 82.1041837097362 82.7274360710429 83.1898301465307 -9999 -9999 -9999 -9999 -9999 -9999 -9999
-9999 -9999 -9999 -9999 -9999 69.7844324556444 71.3423244783323 71.425395903526 70.577722895868 70.4014143300526 70.580465609517 -9999 70.9455529045039 71.1315856127661 -9999 70.7739908942968 70.7458059690471 -9999 71.8856742877847 72.3521461825762 73.3693932736092 73.7575992479256 73.965774815558 74.1762370887485 74.3889688470843 74.0001642444231 74.0915517594893 74.716202146088 76.2999080556627 76.5497140420416 76.7767266350648 77.0058284952648 77.5794227909185 77.8676698171133 78.9191363226784 79.2703201327709 79.512959599786 -9999 -9999 -9999 -9999 82.9303698792897 83.2035801456479 83.4630146077432 -9999 -9999 -9999 -9999 -9999 -9999
-9999 -9999 -9999 -9999 -9999 -9999 71.1009943096275 71.0146007568129 70.7509524986795 70.8361153919539 70.6952352061991 70.7699902352087 -9999 71.5601785872234 71.1998766461709 71.0376304407564 71.1699445194889 71.696831755176 71.8918481739675 72.089166188028 72.5636412922731 73.5862195985672 -9999 -9999 73.7917011684461 73.9826528532156 74.2145713342595 74.56447653925 76.1892103331232 76.5506517650761 76.7775523245866 77.006557818122 77.237637157713 77.4707485348311 78.8728626771131 79.6266358496718 79.9142210461764 80.1583436067765 80.4042574678727 -9999 -9999 -9999 83.2026908345012 83.4627065018514 83.7235768894001 -9999 -9999 -9999 -9999 -9999
-9999 -9999 -9999 -9999 -9999 -9999 -9999 -9999 -9999 -9999 -9999 70.6419240846748 70.0640115017185 -9999 -9999 71.1420443901767 71.3294808426657 71.7112834399357 71.9056504760429 72.1023313159892 72.3013123199913 -9999 72.172496909603 -9999 -9999 -9999 74.3835872602153 74.5976482645103 75.3559699241614 76.4258931917682 76.779731159508 77.3619718319023 77.6444742996612 78.0310841766849 78.2878776119073 78.8875682852988 79.9976271218413 80.3378916492904 80.5854555950183 80.8348025245745 -9999 -9999 -9999 83.4608634258198 83.722592684075 84.3652926847923 -9999 -9999 -9999 -9999
