rcp8.5models/CNRM-CM5/sc1gr0.21
NCOLS 261 
NROWS 433 
XLLCORNER 336357.134 
YLLCORNER 654653.479 
CELLSIZE 1000 
NODATA_value -3.4e+38 
[rows 396 to 417 of 433, columns 49 to 97 of 261]
-3.4e+38 -3.4e+38 -3.4e+38 -3.4e+38 -3.4e+38 -3.4e+38 -3.4e+38 -3.4e+38 -3.4e+38 56.6984367370605 56.7830276489258 56.8326950073242 56.7700881958008 56.9021110534668 57.0752105712891 57.0978202819824 57.1961402893066 57.1751670837402 57.3042335510254 57.4067878723145 57.5491485595703 57.6277351379395 58.1279678344727 58.4188919067383 57.839916229248 57.8628311157227 58.2553024291992 58.5425796508789 58.3177261352539 58.4748764038086 58.5737762451172 58.5815010070801 58.5591201782227 58.6687927246094 58.8910636901855 59.1888847351074 59.2001075744629 59.0923881530762 60.8772163391113 60.5644454956055 59.4313888549805 61.2194519042969 62.7027931213379 62.803955078125 62.3009185791016 63.1367301940918 63.2739143371582 62.9579925537109 63.1921882629395
-3.4e+38 -3.4e+38 -3.4e+38 -3.4e+38 -3.4e+38 -3.4e+38 -3.4e+38 -3.4e+38 -3.4e+38 56.4488792419434 56.4226341247559 56.4772567749023 56.5425796508789 56.5798950195312 56.8289909362793 56.8796577453613 56.8222732543945 56.8773384094238 57.0272445678711 57.0608215332031 57.1551628112793 57.164363861084 57.3968238830566 57.7588005065918 57.5493469238281 57.5472450256348 57.7461738586426 57.7695999145508 57.7626914978027 58.0407524108887 58.3034362792969 58.2243499755859 58.1994667053223 58.2173461914062 58.3927307128906 58.6243629455566 58.6057472229004 58.6165809631348 59.5710334777832 59.5774726867676 59.3479156494141 60.7252159118652 62.2269897460938 62.2443389892578 61.4701080322266 62.1691360473633 62.755069732666 63.0162887573242 63.3278274536133
-3.4e+38 -3.4e+38 -3.4e+38 -3.4e+38 -3.4e+38 -3.4e+38 -3.4e+38 -3.4e+38 -3.4e+38 -3.4e+38 56.1734237670898 56.1321334838867 56.2398948669434 56.2347793579102 56.3093681335449 56.4855499267578 56.5106010437012 56.5392303466797 56.6082649230957 56.7196197509766 56.6906661987305 56.7535591125488 56.784008026123 57.0660057067871 57.1216926574707 57.1016044616699 57.4929275512695 57.9394721984863 57.6612091064453 57.6283264160156 57.975269317627 57.8173027038574 57.7313270568848 57.7944068908691 57.9097785949707 58.0405235290527 58.0802001953125 58.2083854675293 58.5598754882812 58.6733818054199 58.8388061523438 60.1860961914062 61.2454605102539 61.2568817138672 61.1185455322266 61.1678810119629 61.7276306152344 62.4377288818359 62.8085899353027
-3.4e+38 -3.4e+38 -3.4e+38 -3.4e+38 -3.4e+38 -3.4e+38 -3.4e+38 -3.4e+38 -3.4e+38 -3.4e+38 55.9814720153809 55.8661956787109 55.8909225463867 55.8817291259766 55.8794479370117 56.0574378967285 56.1278038024902 56.1163444519043 56.2172927856445 56.294734954834 56.2719955444336 56.383472442627 56.3997611999512 56.5884208679199 56.586483001709 56.6057281494141 56.9997138977051 57.2704620361328 57.0839462280273 57.1977615356445 57.3215408325195 57.2591171264648 57.3383712768555 57.5267181396484 57.5036087036133 57.5552711486816 57.7732467651367 57.8484725952148 57.9786148071289 58.2446784973145 58.320499420166 59.7953147888184 60.671989440918 61.0114250183105 61.279182434082 60.9598083496094 61.0522880554199 61.9860153198242 62.7415046691895
-3.4e+38 -3.4e+38 -3.4e+38 -3.4e+38 -3.4e+38 -3.4e+38 -3.4e+38 -3.4e+38 -3.4e+38 -3.4e+38 -3.4e+38 55.5699653625488 55.4845848083496 55.4342155456543 55.4608001708984 55.5810165405273 55.6811065673828 55.7487869262695 55.9386978149414 55.9613380432129 56.0109901428223 55.9733734130859 56.0496864318848 56.2185363769531 56.1965446472168 56.3602294921875 56.4353294372559 56.4266815185547 56.4448547363281 56.6888771057129 56.7608947753906 56.8677215576172 57.07275390625 57.2196617126465 57.2062187194824 57.3088684082031 57.4251136779785 57.3854675292969 57.5549507141113 57.8806228637695 57.9794616699219 58.9004592895508 59.666187286377 60.5100975036621 61.089527130127 61.3152275085449 61.0642700195312 61.352897644043 62.4339408874512
-3.4e+38 -3.4e+38 -3.4e+38 -3.4e+38 -3.4e+38 -3.4e+38 -3.4e+38 -3.4e+38 -3.4e+38 -3.4e+38 -3.4e+38 55.2878646850586 55.209602355957 55.153865814209 55.1588363647461 55.2309226989746 55.297779083252 55.5172843933105 55.5811462402344 55.6772232055664 55.6651153564453 55.5686950683594 55.6201438903809 55.765079498291 55.7476768493652 56.0712623596191 56.6231918334961 56.3942260742188 56.0101127624512 56.1891632080078 56.3260231018066 56.440299987793 56.6986656188965 57.1155662536621 57.0362205505371 57.0018768310547 57.0645980834961 57.0336647033691 57.2393531799316 57.6292686462402 57.7585792541504 57.9088363647461 58.9442100524902 59.9122161865234 60.5341682434082 61.418571472168 61.9210014343262 61.341869354248 61.5485382080078
-3.4e+38 -3.4e+38 -3.4e+38 -3.4e+38 -3.4e+38 -3.4e+38 -3.4e+38 -3.4e+38 -3.4e+38 -3.4e+38 -3.4e+38 54.9116706848145 54.9261589050293 54.9462585449219 54.9111137390137 54.9661102294922 54.9904747009277 55.1772880554199 55.1911659240723 55.3202514648438 55.3428421020508 55.2328681945801 55.2372207641602 55.3507423400879 55.3694877624512 55.4964485168457 55.9681587219238 55.7929649353027 55.960506439209 55.7490577697754 55.7868118286133 55.9796867370605 56.3167304992676 56.6396484375 56.5780258178711 56.5424461364746 56.6648902893066 56.8876533508301 57.0038871765137 57.2560043334961 57.4584121704102 58.026985168457 58.3909873962402 59.3554611206055 60.2912178039551 60.7176513671875 61.4802551269531 61.3633689880371 60.7312393188477
-3.4e+38 -3.4e+38 -3.4e+38 -3.4e+38 -3.4e+38 -3.4e+38 -3.4e+38 -3.4e+38 -3.4e+38 -3.4e+38 -3.4e+38 -3.4e+38 54.7206497192383 54.638671875 54.5954704284668 54.727237701416 54.7464179992676 54.8238677978516 54.7859954833984 54.841869354248 54.9184608459473 54.9194107055664 54.9420776367188 55.0322341918945 55.1122894287109 55.1587905883789 55.1826095581055 55.1404800415039 55.5371360778809 55.3869132995605 55.8182792663574 55.8727874755859 55.8722496032715 55.9659118652344 56.0976257324219 56.3507423400879 56.6920509338379 56.8283386230469 56.8535232543945 57.0899658203125 57.3754920959473 58.7034454345703 58.6742210388184 58.4627990722656 58.9902229309082 59.5011596679688 60.0369987487793 60.8155174255371 60.3898620605469
-3.4e+38 -3.4e+38 -3.4e+38 -3.4e+38 -3.4e+38 -3.4e+38 -3.4e+38 -3.4e+38 -3.4e+38 -3.4e+38 -3.4e+38 -3.4e+38 -3.4e+38 54.3366584777832 54.2798538208008 54.4106101989746 54.402286529541 54.4051132202148 54.3658409118652 54.4215507507324 54.5182189941406 54.544319152832 54.5651512145996 54.6404342651367 54.6875 54.7588691711426 54.7538108825684 54.8489418029785 54.9455604553223 55.0306510925293 55.3916664123535 55.4460563659668 55.3871955871582 55.6124382019043 55.9381217956543 56.192008972168 56.3985023498535 56.578067779541 56.854663848877 57.1297225952148 57.3590278625488 58.6182479858398 58.8883666992188 58.538703918457 58.0902099609375 58.759334564209 59.3122215270996 59.9383583068848 60.3191032409668
-3.4e+38 -3.4e+38 -3.4e+38 -3.4e+38 -3.4e+38 -3.4e+38 -3.4e+38 -3.4e+38 -3.4e+38 -3.4e+38 -3.4e+38 -3.4e+38 -3.4e+38 -3.4e+38 53.9783668518066 53.9788093566895 53.9609107971191 53.9324607849121 54.0802001953125 54.1888694763184 54.262077331543 54.1557426452637 54.1924362182617 54.1679573059082 54.1437301635742 54.2259292602539 54.2010612487793 54.3824005126953 54.5899620056152 54.7151870727539 54.8261032104492 55.1694374084473 55.1333274841309 55.4960708618164 55.7724418640137 55.6315841674805 55.9321136474609 56.2408599853516 56.5801811218262 56.8226928710938 56.9376487731934 57.9446449279785 58.135139465332 58.5979080200195 58.4598045349121 58.3707313537598 58.9564170837402 59.0989990234375 59.3232765197754
-3.4e+38 -3.4e+38 -3.4e+38 -3.4e+38 -3.4e+38 -3.4e+38 -3.4e+38 -3.4e+38 -3.4e+38 -3.4e+38 -3.4e+38 -3.4e+38 -3.4e+38 -3.4e+38 53.3859405517578 53.3977546691895 53.3491325378418 53.3100700378418 53.3959312438965 53.478588104248 53.462532043457 53.4011421203613 53.4706420898438 53.5039978027344 53.4702682495117 53.5387649536133 53.5207786560059 53.6168365478516 53.7865180969238 54.0049514770508 54.0750617980957 54.1608848571777 54.3963394165039 54.5629272460938 54.6227607727051 54.7977828979492 55.3902549743652 55.7711486816406 55.9765319824219 56.0068435668945 56.0680732727051 56.919548034668 57.0563735961914 56.9929313659668 57.6541366577148 57.8256797790527 57.3411483764648 57.331657409668 57.8578224182129
-3.4e+38 -3.4e+38 -3.4e+38 -3.4e+38 -3.4e+38 -3.4e+38 -3.4e+38 -3.4e+38 -3.4e+38 -3.4e+38 -3.4e+38 -3.4e+38 -3.4e+38 -3.4e+38 -3.4e+38 52.9790573120117 53.0251884460449 53.0726203918457 53.0561408996582 53.119571685791 53.1819610595703 53.0532341003418 53.0314636230469 53.0475616455078 53.0856552124023 53.0986976623535 53.0889205932617 53.2303047180176 53.5840530395508 53.6447906494141 53.852710723877 53.9564819335938 53.9763374328613 54.1452789306641 54.2924423217773 54.4033737182617 54.954662322998 55.5448684692383 56.2932090759277 56.4254188537598 55.820240020752 56.3958549499512 56.5705947875977 56.9943733215332 57.6559600830078 57.9748992919922 57.6698417663574 57.4273834228516 57.5079956054688
-3.4e+38 -3.4e+38 -3.4e+38 -3.4e+38 -3.4e+38 -3.4e+38 -3.4e+38 -3.4e+38 -3.4e+38 -3.4e+38 -3.4e+38 -3.4e+38 -3.4e+38 -3.4e+38 -3.4e+38 52.6510848999023 52.7272300720215 52.7220802307129 52.6574897766113 52.7297439575195 52.8999862670898 52.7424430847168 52.696475982666 52.7215576171875 52.6992301940918 52.7105255126953 52.7652206420898 52.9757118225098 53.2591514587402 53.421329498291 53.4519805908203 53.5037078857422 53.5755615234375 53.8869972229004 54.0300064086914 54.0321044921875 54.4178199768066 55.0813789367676 55.7306861877441 56.1227722167969 55.8703842163086 55.9234275817871 56.141788482666 57.2188987731934 57.5811920166016 57.4498748779297 57.9294395446777 57.9599456787109 57.763111114502
-3.4e+38 -3.4e+38 -3.4e+38 -3.4e+38 -3.4e+38 -3.4e+38 -3.4e+38 -3.4e+38 -3.4e+38 -3.4e+38 -3.4e+38 -3.4e+38 -3.4e+38 -3.4e+38 -3.4e+38 52.3633079528809 52.4479789733887 52.4057388305664 52.3416748046875 52.3112831115723 52.4558868408203 52.389705657959 52.3926315307617 52.4526596069336 52.3076019287109 52.330322265625 52.4011268615723 52.6379127502441 52.8148536682129 53.1687660217285 53.1368179321289 53.105152130127 53.1922721862793 53.4762306213379 53.7843780517578 53.7925796508789 54.0046920776367 54.3363151550293 54.683895111084 54.835391998291 55.1991004943848 55.3977737426758 55.7061920166016 56.3778800964355 56.9362754821777 56.6593933105469 57.460147857666 59.1144790649414 59.0795936584473
-3.4e+38 -3.4e+38 -3.4e+38 -3.4e+38 -3.4e+38 -3.4e+38 -3.4e+38 -3.4e+38 -3.4e+38 -3.4e+38 -3.4e+38 -3.4e+38 -3.4e+38 -3.4e+38 -3.4e+38 -3.4e+38 52.1783561706543 52.0702705383301 52.1860656738281 51.9947204589844 51.9516487121582 51.9566192626953 51.9508209228516 52.0312805175781 51.9350280761719 51.9562530517578 52.0872001647949 52.2473449707031 52.4688720703125 52.7723960876465 52.8649635314941 52.8216705322266 52.7721214294434 52.9094581604004 53.3048629760742 53.415397644043 53.7542953491211 54.1274147033691 54.2158088684082 54.2144050598145 54.4165382385254 54.7005882263184 54.957706451416 55.2120018005371 55.9210166931152 56.2644309997559 56.5684547424316 58.2470283508301 59.2310562133789
-3.4e+38 -3.4e+38 -3.4e+38 -3.4e+38 -3.4e+38 -3.4e+38 -3.4e+38 -3.4e+38 -3.4e+38 -3.4e+38 -3.4e+38 -3.4e+38 -3.4e+38 -3.4e+38 -3.4e+38 -3.4e+38 -3.4e+38 -3.4e+38 51.8524894714355 51.7880020141602 51.6987113952637 51.5990715026855 51.5263328552246 51.5485763549805 51.5665512084961 51.5804290771484 51.7724609375 51.8868980407715 51.982608795166 52.2814788818359 52.2747764587402 52.4033355712891 52.4907112121582 52.7150077819824 52.9061546325684 53.0522193908691 53.3616676330566 53.7299270629883 53.7662620544434 53.8038940429688 54.0807456970215 54.2937431335449 54.3658561706543 55.073055267334 55.9124526977539 56.2456817626953 55.9847717285156 56.3878631591797 57.2373504638672
-3.4e+38 -3.4e+38 -3.4e+38 -3.4e+38 -3.4e+38 -3.4e+38 -3.4e+38 -3.4e+38 -3.4e+38 -3.4e+38 -3.4e+38 -3.4e+38 -3.4e+38 -3.4e+38 -3.4e+38 -3.4e+38 -3.4e+38 -3.4e+38 51.3574714660645 51.4139671325684 51.4507865905762 51.3683319091797 51.3186264038086 51.2432441711426 51.2225761413574 51.2221755981445 51.2754325866699 51.298770904541 51.4355773925781 51.9175567626953 51.9198989868164 52.0147743225098 52.0610275268555 52.4422836303711 52.749137878418 52.9024200439453 53.0499458312988 53.1838493347168 53.3013381958008 53.3135604858398 53.6147384643555 53.931339263916 53.9432106018066 55.0441741943359 56.1575012207031 55.8210716247559 55.3969802856445 55.6133346557617 55.7116622924805
-3.4e+38 -3.4e+38 -3.4e+38 -3.4e+38 -3.4e+38 -3.4e+38 -3.4e+38 -3.4e+38 -3.4e+38 -3.4e+38 -3.4e+38 -3.4e+38 -3.4e+38 -3.4e+38 -3.4e+38 -3.4e+38 -3.4e+38 -3.4e+38 -3.4e+38 51.116325378418 51.0420112609863 50.9792213439941 50.9515075683594 50.8908157348633 50.8538398742676 50.8416442871094 50.8357162475586 50.8568725585938 50.9812622070312 51.3939666748047 51.5956649780273 51.7801933288574 51.9174690246582 51.9844055175781 52.4077911376953 52.8341369628906 53.0151329040527 53.1084632873535 53.0026473999023 53.2889633178711 53.6679039001465 53.9221954345703 53.677791595459 54.149227142334 54.9126434326172 54.6684150695801 54.629207611084 54.9104690551758 55.1234283447266
-3.4e+38 -3.4e+38 -3.4e+38 -3.4e+38 -3.4e+38 -3.4e+38 -3.4e+38 -3.4e+38 -3.4e+38 -3.4e+38 -3.4e+38 -3.4e+38 -3.4e+38 -3.4e+38 -3.4e+38 -3.4e+38 -3.4e+38 -3.4e+38 -3.4e+38 -3.4e+38 50.7620620727539 50.7026863098145 50.5685081481934 50.5564804077148 50.5449333190918 50.5784339904785 50.6225318908691 50.6178207397461 50.6035079956055 50.8260307312012 50.9790382385254 51.2491798400879 51.744441986084 51.8498344421387 52.1158142089844 52.5159721374512 52.5449295043945 52.7789268493652 53.2197952270508 53.7880783081055 53.6170425415039 53.7776222229004 53.5648384094238 53.5066604614258 53.7291030883789 54.0375213623047 54.4127197265625 54.6947402954102 55.0464820861816
-3.4e+38 -3.4e+38 -3.4e+38 -3.4e+38 -3.4e+38 -3.4e+38 -3.4e+38 -3.4e+38 -3.4e+38 -3.4e+38 -3.4e+38 -3.4e+38 -3.4e+38 -3.4e+38 -3.4e+38 -3.4e+38 -3.4e+38 -3.4e+38 -3.4e+38 -3.4e+38 -3.4e+38 50.4097175598145 50.2812728881836 50.2238082885742 50.1665077209473 50.2986373901367 50.4672470092773 50.4496231079102 50.2902450561523 50.4551277160645 50.5500755310059 50.7562789916992 51.1487579345703 51.5326309204102 51.7583808898926 52.0249328613281 52.0798645019531 52.2988700866699 52.9310760498047 53.486400604248 53.4914779663086 53.569709777832 53.4838333129883 53.4442977905273 53.4804420471191 53.8660316467285 54.5267295837402 54.854305267334 55.685604095459
-3.4e+38 -3.4e+38 -3.4e+38 -3.4e+38 -3.4e+38 -3.4e+38 -3.4e+38 -3.4e+38 -3.4e+38 -3.4e+38 -3.4e+38 -3.4e+38 -3.4e+38 -3.4e+38 -3.4e+38 -3.4e+38 -3.4e+38 -3.4e+38 -3.4e+38 -3.4e+38 -3.4e+38 -3.4e+38 49.9466133117676 49.8988342285156 49.8359336853027 49.9104461669922 50.1148109436035 50.0758323669434 49.9984092712402 50.1866226196289 50.2428855895996 50.387752532959 50.6335983276367 50.9493446350098 51.2097091674805 51.4853439331055 51.7097396850586 51.9277763366699 52.2171821594238 52.8552589416504 53.5602493286133 53.9571723937988 53.8742637634277 53.5468254089355 53.2647590637207 53.433952331543 54.3020057678223 54.5765113830566 55.5071487426758
-3.4e+38 -3.4e+38 -3.4e+38 -3.4e+38 -3.4e+38 -3.4e+38 -3.4e+38 -3.4e+38 -3.4e+38 -3.4e+38 -3.4e+38 -3.4e+38 -3.4e+38 -3.4e+38 -3.4e+38 -3.4e+38 -3.4e+38 -3.4e+38 -3.4e+38 -3.4e+38 -3.4e+38 -3.4e+38 -3.4e+38 49.725040435791 49.6559638977051 49.645824432373 49.617748260498 49.5564498901367 49.627571105957 49.8428153991699 49.8589096069336 49.9832725524902 50.2775955200195 50.5785179138184 50.8090667724609 51.0630798339844 51.6858978271484 51.8416328430176 52.200023651123 53.1443405151367 53.672176361084 54.0494575500488 54.2851448059082 53.6542358398438 53.1203346252441 53.2278251647949 53.7290687561035 53.8004684448242 54.4204406738281
