rcp8.5models/CNRM-CM5/sc1gr1.17
NCOLS 261 
NROWS 433 
XLLCORNER 336357.134 
YLLCORNER 654653.479 
CELLSIZE 1000 
NODATA_value -3.4e+38 
[rows 66 to 87 of 433, columns 49 to 97 of 261]
-3.4e+38 -3.4e+38 -3.4e+38 -3.4e+38 -3.4e+38 -3.4e+38 -3.4e+38 -3.4e+38 -3.4e+38 -3.4e+38 -3.4e+38 -3.4e+38 -3.4e+38 -3.4e+38 -3.4e+38 -3.4e+38 -3.4e+38 -3.4e+38 54.8393745422363 55.015552520752 -3.4e+38 54.3899383544922 54.5699996948242 55.3054695129395 55.1153793334961 55.1829872131348 55.401050567627 55.7824172973633 55.9288558959961 55.7660484313965 56.2282333374023 56.4272422790527 56.406177520752 55.8862648010254 56.1368713378906 56.7095222473145 56.3165397644043 56.7323722839355 56.9842796325684 57.1110572814941 -3.4e+38 57.1897888183594 57.518497467041 57.294361114502 -3.4e+38 -3.4e+38 57.8980941772461 58.0638465881348 58.3209686279297
-3.4e+38 -3.4e+38 -3.4e+38 -3.4e+38 -3.4e+38 -3.4e+38 -3.4e+38 -3.4e+38 -3.4e+38 -3.4e+38 -3.4e+38 -3.4e+38 -3.4e+38 -3.4e+38 -3.4e+38 -3.4e+38 -3.4e+38 -3.4e+38 54.5506057739258 54.8303375244141 54.8187217712402 -3.4e+38 55.0309028625488 55.3830986022949 55.1889724731445 55.2744140625 55.5258674621582 56.0598106384277 56.1726379394531 56.0676727294922 56.1318054199219 56.519660949707 56.3217735290527 56.351936340332 56.3268547058105 56.4768524169922 -3.4e+38 -3.4e+38 57.1026992797852 57.330265045166 57.3480072021484 57.3320198059082 57.830753326416 57.8335456848145 57.564094543457 58.0485916137695 57.957950592041 58.4196128845215 58.5288162231445
-3.4e+38 -3.4e+38 -3.4e+38 -3.4e+38 -3.4e+38 -3.4e+38 -3.4e+38 -3.4e+38 -3.4e+38 -3.4e+38 -3.4e+38 -3.4e+38 -3.4e+38 -3.4e+38 -3.4e+38 -3.4e+38 -3.4e+38 -3.4e+38 55.2460861206055 54.863208770752 54.9301643371582 55.2373847961426 55.5472755432129 55.5679588317871 55.293155670166 55.7311782836914 55.9239692687988 55.9402275085449 55.994571685791 56.1312484741211 56.4343032836914 56.5782012939453 56.5436935424805 56.8612442016602 56.9248352050781 57.2001838684082 56.9228248596191 57.2373237609863 57.353099822998 57.5071601867676 57.3762817382812 57.8204040527344 58.3204574584961 58.5349769592285 58.3611755371094 58.2268486022949 58.5050735473633 58.2404556274414 58.520923614502
-3.4e+38 -3.4e+38 -3.4e+38 -3.4e+38 -3.4e+38 -3.4e+38 -3.4e+38 -3.4e+38 -3.4e+38 -3.4e+38 -3.4e+38 -3.4e+38 -3.4e+38 -3.4e+38 -3.4e+38 -3.4e+38 -3.4e+38 -3.4e+38 55.387451171875 55.0815238952637 54.9057655334473 55.5746307373047 55.6819953918457 55.7013816833496 55.2484893798828 55.6085395812988 56.0241775512695 56.155704498291 56.088451385498 56.0274353027344 56.6129913330078 56.5943908691406 56.7285919189453 56.4799919128418 56.8619728088379 57.1412124633789 56.9735374450684 57.3875503540039 57.5457191467285 57.4574508666992 57.6558799743652 -3.4e+38 -3.4e+38 58.1532707214355 58.1612167358398 57.8955612182617 58.4814262390137 58.4386863708496 58.5190734863281
-3.4e+38 -3.4e+38 -3.4e+38 -3.4e+38 -3.4e+38 -3.4e+38 -3.4e+38 -3.4e+38 -3.4e+38 -3.4e+38 -3.4e+38 -3.4e+38 -3.4e+38 -3.4e+38 -3.4e+38 -3.4e+38 -3.4e+38 -3.4e+38 55.5190505981445 55.3618354797363 55.3938407897949 55.746826171875 55.9358329772949 55.5972595214844 55.4142303466797 55.9521789550781 56.337474822998 56.3972129821777 56.2009735107422 56.4155807495117 56.7158317565918 56.4210166931152 56.4844589233398 56.3281517028809 57.0773773193359 57.1040649414062 57.2631988525391 57.6079940795898 57.5652389526367 58.035457611084 57.979377746582 57.9608535766602 -3.4e+38 57.821662902832 58.2430610656738 58.2881393432617 58.6359176635742 58.6695175170898 58.7921524047852
-3.4e+38 -3.4e+38 -3.4e+38 -3.4e+38 -3.4e+38 -3.4e+38 -3.4e+38 -3.4e+38 -3.4e+38 -3.4e+38 -3.4e+38 -3.4e+38 -3.4e+38 -3.4e+38 -3.4e+38 -3.4e+38 -3.4e+38 55.0196800231934 55.6997871398926 55.4955444335938 55.7132339477539 55.8876647949219 55.6407203674316 55.6718444824219 55.8520202636719 56.4694633483887 56.3568115234375 56.5176124572754 56.0529556274414 56.4816017150879 56.567066192627 56.6400146484375 -3.4e+38 56.9531707763672 57.2877082824707 57.4035530090332 57.6705017089844 57.7779121398926 57.6759757995605 58.0582695007324 57.8927345275879 57.8806571960449 58.2491035461426 57.8808479309082 58.1791610717773 58.6597709655762 58.8689041137695 59.0087280273438 59.0740165710449
-3.4e+38 -3.4e+38 -3.4e+38 -3.4e+38 -3.4e+38 -3.4e+38 -3.4e+38 -3.4e+38 -3.4e+38 -3.4e+38 -3.4e+38 -3.4e+38 -3.4e+38 -3.4e+38 -3.4e+38 -3.4e+38 -3.4e+38 55.1999282836914 55.8253364562988 55.7988433837891 55.8529930114746 55.7404708862305 55.5882301330566 55.9190330505371 56.296703338623 56.4210395812988 56.4409332275391 56.6181945800781 56.4173355102539 56.8261184692383 56.6358070373535 57.0087890625 -3.4e+38 57.3193969726562 57.4714584350586 57.6516609191895 57.8883399963379 58.0909004211426 57.9530944824219 58.0663146972656 57.9698333740234 57.9734382629395 58.1111907958984 58.0611801147461 58.316967010498 59.0227661132812 59.1761245727539 58.9933052062988 59.0948486328125
-3.4e+38 -3.4e+38 -3.4e+38 -3.4e+38 -3.4e+38 -3.4e+38 -3.4e+38 -3.4e+38 -3.4e+38 -3.4e+38 -3.4e+38 -3.4e+38 -3.4e+38 -3.4e+38 -3.4e+38 -3.4e+38 55.2174072265625 55.2150535583496 55.9225845336914 55.8402862548828 56.0249824523926 55.7540168762207 55.9426193237305 56.3658638000488 56.6192626953125 56.4291152954102 56.6247978210449 56.88427734375 56.4381675720215 57.1966133117676 57.1123199462891 57.1500358581543 57.2820930480957 57.4853744506836 57.7206802368164 57.9258193969727 57.823486328125 57.8139953613281 57.9080276489258 -3.4e+38 58.0472755432129 58.3694305419922 58.1685066223145 58.4647407531738 58.5357360839844 58.9283409118652 58.8956718444824 58.9427719116211 59.1980857849121
-3.4e+38 -3.4e+38 -3.4e+38 -3.4e+38 -3.4e+38 -3.4e+38 -3.4e+38 -3.4e+38 -3.4e+38 -3.4e+38 -3.4e+38 -3.4e+38 -3.4e+38 -3.4e+38 -3.4e+38 -3.4e+38 55.3080368041992 55.3382759094238 56.070972442627 55.5646133422852 56.248218536377 55.9349174499512 56.0676956176758 56.5614356994629 56.4595985412598 56.9705505371094 56.8767318725586 56.8499145507812 56.7577819824219 57.1605453491211 57.4839019775391 57.124584197998 57.4934158325195 57.6733589172363 57.9870643615723 58.1177291870117 57.6220741271973 57.6881790161133 58.1825828552246 58.1741027832031 57.9923820495605 58.3567733764648 58.3124809265137 58.8135566711426 58.8864860534668 58.9508018493652 58.7394790649414 58.8999176025391 59.2605972290039
-3.4e+38 -3.4e+38 -3.4e+38 -3.4e+38 -3.4e+38 -3.4e+38 -3.4e+38 -3.4e+38 -3.4e+38 -3.4e+38 -3.4e+38 -3.4e+38 -3.4e+38 -3.4e+38 -3.4e+38 -3.4e+38 55.5406837463379 55.5415153503418 55.6398315429688 55.4712448120117 56.5068473815918 56.3292503356934 56.3604164123535 56.6756019592285 56.540210723877 57.2380180358887 57.0431823730469 57.0924606323242 56.7537078857422 57.3446807861328 57.3240432739258 -3.4e+38 57.7063179016113 57.909423828125 58.3005599975586 -3.4e+38 57.7206878662109 57.6263656616211 58.5724334716797 58.4833106994629 58.4054718017578 58.3861885070801 58.6835021972656 58.7566528320312 59.1231422424316 59.2539291381836 59.1665496826172 59.2405624389648 59.4232902526855
-3.4e+38 -3.4e+38 -3.4e+38 -3.4e+38 -3.4e+38 -3.4e+38 -3.4e+38 -3.4e+38 -3.4e+38 -3.4e+38 -3.4e+38 -3.4e+38 -3.4e+38 -3.4e+38 -3.4e+38 55.5907936096191 55.855281829834 55.5233306884766 55.5330581665039 56.087818145752 56.7548141479492 56.5574150085449 56.5754661560059 56.7583885192871 56.756721496582 57.2087326049805 56.9409408569336 57.0433654785156 56.8190841674805 57.3771324157715 57.2911682128906 57.9179077148438 57.7056350708008 57.7878150939941 58.0282402038574 57.995792388916 57.8906478881836 58.0037574768066 58.1194801330566 58.6110382080078 58.7930793762207 58.4820365905762 58.9303436279297 58.7578010559082 59.3609886169434 59.257984161377 59.2734375 59.4767417907715 59.6366882324219
-3.4e+38 -3.4e+38 -3.4e+38 -3.4e+38 -3.4e+38 -3.4e+38 -3.4e+38 -3.4e+38 -3.4e+38 -3.4e+38 -3.4e+38 -3.4e+38 -3.4e+38 -3.4e+38 -3.4e+38 -3.4e+38 55.7707481384277 55.5148773193359 55.6114273071289 55.9547119140625 56.8932189941406 56.5439071655273 56.8438034057617 56.8304138183594 56.9993133544922 57.2781448364258 56.9648742675781 57.0451240539551 57.1818389892578 57.4691047668457 57.5585784912109 57.8546829223633 57.7532348632812 57.8541526794434 58.1047973632812 58.2561378479004 58.0572471618652 58.0311660766602 58.4117126464844 58.6254386901855 58.591552734375 58.4799385070801 58.9548988342285 58.9478225708008 59.2799453735352 59.4085845947266 59.5103302001953 59.745548248291 59.9109420776367
-3.4e+38 -3.4e+38 -3.4e+38 -3.4e+38 -3.4e+38 -3.4e+38 -3.4e+38 -3.4e+38 -3.4e+38 -3.4e+38 -3.4e+38 -3.4e+38 -3.4e+38 -3.4e+38 56.0887298583984 55.7932968139648 55.7758369445801 55.5656967163086 55.7672805786133 56.0326385498047 57.120906829834 56.664421081543 56.7989387512207 56.933422088623 56.8364601135254 57.0637283325195 57.0810279846191 57.1465530395508 57.3265800476074 57.6107711791992 57.8081588745117 57.7689933776855 57.5819511413574 57.8764686584473 58.0349617004395 58.4670104980469 58.338695526123 58.0988349914551 58.4512672424316 58.403621673584 58.8410491943359 58.8540573120117 59.1150054931641 59.273868560791 59.2986602783203 59.6576614379883 60.0848236083984 59.8181953430176 59.9368133544922
-3.4e+38 -3.4e+38 -3.4e+38 -3.4e+38 -3.4e+38 -3.4e+38 -3.4e+38 -3.4e+38 -3.4e+38 -3.4e+38 -3.4e+38 -3.4e+38 -3.4e+38 56.044506072998 56.0375556945801 55.8123512268066 55.8485565185547 55.5715446472168 55.9610977172852 56.273983001709 56.8137512207031 56.6823654174805 56.5875854492188 56.765567779541 56.8555335998535 57.087158203125 57.3495101928711 57.5788154602051 57.5607643127441 57.9216499328613 57.7131271362305 57.5413627624512 58.0367088317871 57.9320487976074 58.3450813293457 58.7206573486328 58.2518081665039 58.6656036376953 58.3529014587402 58.3483238220215 58.7173500061035 59.3182258605957 59.4988212585449 59.4436798095703 59.6295928955078 60.215991973877 59.9559631347656 59.960090637207 59.659553527832
-3.4e+38 -3.4e+38 -3.4e+38 -3.4e+38 -3.4e+38 -3.4e+38 -3.4e+38 -3.4e+38 -3.4e+38 -3.4e+38 -3.4e+38 -3.4e+38 -3.4e+38 56.0434074401855 55.9466323852539 55.9833641052246 55.9699020385742 56.1792602539062 56.565185546875 56.8818473815918 56.9981689453125 57.3560791015625 57.070499420166 57.1299896240234 57.151439666748 57.6048927307129 57.4881057739258 57.799259185791 57.6893424987793 57.9439315795898 58.1499481201172 58.3223533630371 58.6176834106445 58.4891357421875 58.8425064086914 58.4168319702148 58.7262535095215 58.8534355163574 59.0195693969727 59.0158081054688 59.405632019043 59.9336395263672 59.8528251647949 59.4259071350098 59.5939292907715 59.4362487792969 59.6535873413086 59.6931571960449 60.0225105285645
-3.4e+38 -3.4e+38 -3.4e+38 -3.4e+38 -3.4e+38 -3.4e+38 -3.4e+38 -3.4e+38 -3.4e+38 -3.4e+38 -3.4e+38 -3.4e+38 -3.4e+38 -3.4e+38 55.878791809082 56.3617706298828 56.3252258300781 56.2673988342285 56.7841529846191 57.1177253723145 57.004280090332 57.2326049804688 57.0938682556152 57.2315864562988 57.5966606140137 57.606575012207 57.4961929321289 57.6992950439453 57.7928085327148 58.1287536621094 58.4153633117676 58.65185546875 58.6821556091309 58.7632675170898 58.6755638122559 58.5766639709473 58.8862457275391 59.0135688781738 59.1841125488281 59.285717010498 59.4976692199707 59.962760925293 60.1801795959473 59.5893669128418 59.8962669372559 59.5635681152344 59.8617324829102 59.8248519897461 60.1272468566895
-3.4e+38 -3.4e+38 -3.4e+38 -3.4e+38 -3.4e+38 -3.4e+38 -3.4e+38 -3.4e+38 -3.4e+38 -3.4e+38 -3.4e+38 -3.4e+38 -3.4e+38 -3.4e+38 56.6205177307129 56.6616973876953 56.2146186828613 56.3565559387207 57.0352668762207 57.201358795166 57.0061950683594 57.231273651123 57.2250137329102 57.5532569885254 57.6379432678223 57.6681442260742 57.6727867126465 58.1350555419922 58.1576347351074 58.4585113525391 58.3286361694336 58.6168098449707 58.4899291992188 58.7089500427246 58.6787338256836 58.9668655395508 59.1121635437012 59.1086654663086 59.3714904785156 59.6247901916504 59.5740661621094 60.1181716918945 -3.4e+38 -3.4e+38 60.1233520507812 60.0992813110352 59.9284896850586 60.1489334106445 60.3807716369629
-3.4e+38 -3.4e+38 -3.4e+38 -3.4e+38 -3.4e+38 -3.4e+38 -3.4e+38 -3.4e+38 -3.4e+38 -3.4e+38 -3.4e+38 -3.4e+38 -3.4e+38 56.8888397216797 57.0366973876953 56.6259155273438 56.3161888122559 56.6032371520996 56.9201240539551 57.3112258911133 57.2801704406738 57.461483001709 57.5906944274902 57.8658485412598 57.7023086547852 57.8071479797363 57.7427139282227 58.1281051635742 58.3092765808105 58.6164321899414 58.4179763793945 58.4737701416016 58.5877304077148 59.1787147521973 58.9753112792969 59.0657691955566 59.4305877685547 59.2599067687988 59.4782752990723 59.9307823181152 59.4547691345215 59.5454902648926 -3.4e+38 59.9740028381348 60.0056648254395 60.0814666748047 60.145206451416 60.4103775024414 60.4525146484375
-3.4e+38 -3.4e+38 -3.4e+38 -3.4e+38 -3.4e+38 -3.4e+38 -3.4e+38 -3.4e+38 -3.4e+38 -3.4e+38 -3.4e+38 -3.4e+38 -3.4e+38 57.0658493041992 56.6155700683594 56.6996612548828 56.5813827514648 56.7783508300781 56.9767837524414 57.2875480651855 57.5134239196777 57.7790641784668 57.4133415222168 58.0725135803223 57.8906860351562 57.7940292358398 57.9025535583496 58.2017593383789 58.2723159790039 58.5376663208008 58.3412094116211 58.6122970581055 58.6989784240723 59.1954727172852 59.2585411071777 59.1925849914551 59.4373626708984 59.7759895324707 59.6394882202148 59.5491333007812 59.1133842468262 59.5222282409668 60.2148132324219 60.1637077331543 60.2533569335938 60.3137664794922 60.5618858337402 60.6590538024902 60.4897613525391
-3.4e+38 -3.4e+38 -3.4e+38 -3.4e+38 -3.4e+38 -3.4e+38 -3.4e+38 -3.4e+38 -3.4e+38 -3.4e+38 -3.4e+38 -3.4e+38 56.7206802368164 56.5609016418457 56.6223487854004 56.89501953125 56.752197265625 57.0583801269531 57.1731719970703 57.451286315918 57.7065658569336 57.6312713623047 57.8425445556641 57.876766204834 58.0737991333008 58.1301116943359 58.1764717102051 58.3309516906738 58.552677154541 58.691593170166 58.5124549865723 58.7262954711914 58.9751319885254 59.289379119873 59.5595474243164 59.2685890197754 59.4066619873047 59.7553405761719 59.7042503356934 59.6555519104004 59.6067810058594 59.8174476623535 -3.4e+38 60.3658256530762 60.4319305419922 60.8199234008789 60.5280456542969 60.786750793457 60.6687889099121
-3.4e+38 -3.4e+38 -3.4e+38 -3.4e+38 -3.4e+38 -3.4e+38 -3.4e+38 -3.4e+38 -3.4e+38 -3.4e+38 -3.4e+38 -3.4e+38 -3.4e+38 56.4189300537109 56.8440971374512 56.8568534851074 56.8722381591797 57.2448272705078 57.3142051696777 57.6611709594727 57.8498573303223 57.694522857666 57.8309097290039 57.9386100769043 57.9410972595215 58.1984367370605 58.27685546875 58.4611549377441 58.8674011230469 58.8190536499023 59.0596504211426 59.0048065185547 59.171745300293 59.0471458435059 59.3763084411621 59.3831672668457 59.4333038330078 59.5060539245605 59.4650573730469 60.0505676269531 60.1255531311035 60.1014442443848 60.2472152709961 60.3139991760254 60.8040466308594 61.1071510314941 60.628776550293 60.5135154724121 60.5707550048828
-3.4e+38 -3.4e+38 -3.4e+38 -3.4e+38 -3.4e+38 -3.4e+38 -3.4e+38 -3.4e+38 -3.4e+38 -3.4e+38 -3.4e+38 -3.4e+38 56.3939819335938 56.6406707763672 57.0470161437988 57.3030319213867 57.1131324768066 57.4208717346191 57.4900970458984 57.8017311096191 57.8726615905762 57.9980316162109 57.8988456726074 58.1477432250977 57.9409141540527 58.2410774230957 58.5564575195312 58.4431571960449 58.9796333312988 59.0092163085938 59.4375305175781 59.253231048584 59.4673690795898 59.0883560180664 59.394947052002 59.5113830566406 59.5625457763672 59.6100387573242 59.5398330688477 60.0538063049316 60.3885345458984 60.4660148620605 60.3151969909668 60.8347396850586 60.865406036377 61.3258476257324 60.8178787231445 60.6757354736328 60.6964530944824
