rcp8.5models/CNRM-CM5/sc1gr2.1
NCOLS 261 
NROWS 433 
XLLCORNER 336357.134 
YLLCORNER 654653.479 
CELLSIZE 1000 
NODATA_value -9999 
[rows 242 to 263 of 433, columns 50 to 99 of 261]
332.764246191599 333.01965261637 333.292231801947 333.03456028642 333.415314650456 333.358839257585 333.243043786559 333.411115761278 333.778399625589 333.489665317886 333.000715194554 332.938063990265 332.876024255186 332.820301060651 332.759353318691 332.616031136516 332.442249203831 332.895900331873 332.412007505445 332.34365244564 332.274856605565 332.42006733978 332.546331194862 332.066137513407 331.995899727659 332.267202519291 332.513090065497 331.915383353575 332.106347748185 331.972030196548 331.292350730647 331.028610458221 331.357059902975 331.286137888017 331.555286195785 332.008678653082 331.469226369161 331.004812705855 330.935345491269 330.866338543803 330.119791683126 329.662697645034 329.596160974225 329.530413811356 329.465527293454 328.725920177402 326.249417169303 324.50818840475 326.444067168025 328.774774032873
332.646222027041 332.644889607385 332.692284891057 332.940817985143 333.191535779175 332.937725509884 333.249345842875 333.309233313597 333.473220905703 333.641101344156 333.651910813607 332.937494501251 332.872644540316 332.814276534917 332.75418447327 332.67372419113 332.606088379342 332.469026118306 332.618769350473 332.740518691977 332.259492216015 332.188745578817 332.117605458344 332.046118148012 331.974330995969 332.034430569507 332.081610950829 331.545699833785 331.612158418188 331.539373886335 331.466565980392 331.185732326491 330.92513617806 331.248549775234 331.176167989128 331.44701419247 331.893866773136 331.351802309134 330.889449199853 330.818748387736 330.678975144885 330.610008866141 330.200462063742 329.474332650455 329.40774122431 329.199474823623 328.37394550875 326.833950465468 323.890658524226 322.081180821605
332.893554660817 333.033232783486 332.78200131004 333.273376678507 333.312358983804 333.154515521786 333.252980640583 333.191707279461 333.129518667196 333.189191664534 333.229861393576 332.937722745067 333.098698343102 333.452741726162 333.162415721264 332.671107340106 332.602736293094 332.464210412755 332.523131786824 332.565291245189 332.470955103278 332.58797528082 332.109051914792 332.036802879499 331.964243038031 331.891416096246 331.818359932388 331.39822625366 331.199538940587 331.524614937224 331.45101877821 331.240817890814 331.044051950599 331.230604935904 331.364211026077 331.820960965237 331.806373516848 330.386443213968 329.106944210553 330.407684146709 330.654461745814 330.584660736003 330.373480749619 330.031278446568 329.962375907559 329.695634431501 328.905975995709 326.907361006051 321.925421462921 319.938239682548
333.2116991291 333.058561799074 333.33881217731 333.494782150616 333.436847775073 333.377887100833 333.256951470217 333.195022196456 333.132167931723 333.068412383138 333.003785995269 333.167036845061 333.414459286242 333.389434982806 333.610445052525 333.08219218095 332.599776039994 332.459792232584 332.388956594866 332.538094282647 333.003132778989 333.041955457956 332.723357161137 332.648462935919 332.573277879561 332.282420388316 331.592627946194 331.198973691158 331.330220286885 331.510398646057 331.436029877914 331.361678943284 331.28740746138 331.421658168335 331.877407498669 332.065502055346 331.645970266887 329.330171103764 327.699524038984 330.50607934633 330.630632750458 330.560015102405 330.490098491445 330.420969140687 330.15253295546 329.560569117718 329.074637052099 327.809507439876 319.222335769918 313.556896254159
333.553052241489 333.404630962178 333.318791249305 332.835269052868 332.779044492989 332.958783921743 333.026285277298 332.54369527626 332.715309196945 333.070721948019 333.005423341469 333.065140113788 333.101667539442 332.931741890674 333.096208398251 333.126901280049 333.007856059299 332.864219742426 332.606714272539 333.07135222687 333.23962790418 333.166666468717 332.874328985167 332.617507015057 332.728234906042 332.120071995487 331.661379660228 331.470314265529 331.571854091108 331.49674079323 331.421600198183 331.346485076171 331.271435454876 331.335696606453 331.731374402288 332.047179672174 331.832317487515 330.375095723292 329.10813291533 330.752220626237 330.607518915235 330.536089102127 330.465349393796 330.395387863214 329.981031277201 329.458390150055 329.57040595096 328.780500440025 321.279708028684 314.867571667584
333.006535857212 333.195755793647 333.205008982881 332.508592642296 332.449481682521 332.511425240811 332.485614665416 332.202643862284 332.497501005541 333.073384008916 333.007406059535 332.940578509331 332.872943736446 332.804534969726 332.735397068291 332.794810763486 332.829728257538 332.914240150974 332.917418826353 332.902378363542 333.01211143551 332.536622745832 332.550557028415 332.76586045068 332.583573042764 331.861783248796 332.003065429512 332.323359225684 331.773635623681 332.090717307763 332.013083911595 331.723755844285 331.467018806693 331.78058410166 331.843843493063 332.029509352143 331.954451992906 331.388920936344 330.746168298087 331.321972508152 330.585136514587 330.716557481238 330.822866672966 330.370594547042 330.357216617967 330.336420021096 329.817592993918 328.950708496143 326.204691442641 323.632849037114
332.688366589207 332.752209704037 332.785874059787 332.515960670053 332.456270147343 332.39550032953 332.270820691239 332.206950695745 332.267845513037 332.661064353856 333.009722726082 332.942232728452 332.873928976177 332.80483041747 332.505529726213 332.25585124226 332.593276692523 332.580956632061 332.839210763296 333.062742943869 333.094969002615 332.77741669033 332.835442049134 333.004204943518 332.573556219101 332.071367202188 332.527602944852 332.700632540174 332.079505432262 331.864401617338 331.78950904584 331.574765411148 331.593499583658 331.953797195783 331.70065733855 332.012510083721 331.936694871133 331.718626665847 329.240683641913 327.28472232204 331.150653364117 331.220767092229 331.069417063567 330.346608642284 330.624048178341 331.059927858726 330.167119556024 329.069684218053 328.656263751381 327.938123656238
332.450943788173 332.216663972602 332.582750738255 332.523614625177 332.463358328477 332.401989625675 332.276082808595 332.211583519724 332.146109567411 332.206990164227 332.599885566306 332.944239161317 332.875257951836 332.805496075351 332.604555246675 332.431537403205 332.363204406982 332.042384699149 332.505997369523 332.67172946808 332.599010837457 332.748865488048 333.073151168331 332.997268974294 332.784381913806 332.597075638665 332.767803750972 332.473134720838 332.005194767932 331.850329142209 331.16744584767 330.701574569722 330.979869676715 331.620867090181 331.812903982342 331.996187549663 331.919625086123 331.843383018346 330.186129974188 327.378196972192 331.542690363785 331.263713285092 330.870692808761 330.702015872217 330.398474246712 330.601914227382 330.239256500333 329.016841848912 327.677584782531 327.735738151238
331.914254355378 332.018808261549 332.591241545619 332.53156091261 332.470749822059 332.408801377817 332.281663762163 332.216529154356 332.388483824505 332.732340930248 332.791074871692 332.946599450144 332.876955806975 333.03938349908 333.141899696651 332.432630119704 331.824106939667 331.403143370118 332.369610527254 332.294745206529 332.219398126618 332.503621911424 333.067387424586 332.990817955805 332.913918824203 332.836721161042 332.759272041324 332.323873803307 331.665899195307 331.701303750528 331.228773848332 330.894278989556 331.170150834079 330.387540205018 329.35963678599 331.980554461038 331.903271025635 331.826303160177 331.749692543285 330.803895928855 328.484342255498 331.301997407079 330.899016774155 330.572286592365 330.22890746751 330.360663673462 330.664931595804 329.947658633947 327.870536709774 326.60752503338
331.716952633499 331.782069304873 331.933550069082 332.121685311024 332.478427449539 332.415913120357 332.70115068938 332.462235873666 332.934242237532 333.087350419113 333.018760641773 332.949300446968 332.879004269234 332.939527726255 332.965868247205 332.530734038843 332.224255769464 331.970956595245 332.367030337313 332.291498688886 332.215480406612 332.275788141173 332.666146604408 332.984863888875 332.907287023174 332.829409006428 332.751282641122 332.313382706905 331.733733434707 332.042736094771 331.746037183008 331.494968465267 331.729594944481 330.521301433031 329.845121458952 331.96563518703 331.887644667911 331.809962165913 331.522916223429 331.275518278087 328.363331737975 330.294430163271 331.206381308711 330.65622159967 330.20677977922 330.282989640975 330.486172564705 330.268562202546 329.125686169322 327.577143324211
331.726994300177 331.668626099992 331.857668868361 332.337422600467 332.48638983186 332.423300643068 332.753788560138 333.008621834989 332.919374890047 332.683022183436 333.022436031601 332.952334309736 332.881399917588 332.809676445238 332.737202199076 332.664019216007 332.590159683992 332.440551282082 332.364883712175 332.288694999512 332.212017670096 332.134887006204 332.195518303238 332.585813941622 332.901180626637 332.82263365685 332.743834591602 332.524115768643 332.255065019559 332.426953730555 332.20491595518 331.796758290711 331.660483533319 331.707964135962 331.557820761174 331.569171236075 332.084890023458 332.175050391627 331.570336074751 331.374111274373 330.776470034722 330.604862664875 331.33387338346 331.110991563135 330.560265833735 330.112777723638 330.24476870838 330.342790215483 329.548186699937 329.034098903717
331.737281631082 331.678446235239 331.993952619264 332.557127569233 332.494650837583 332.430980244642 332.839377335777 332.581118016409 332.626927747872 332.634220444586 332.380819070236 332.550801254384 332.884148912548 332.811794213573 332.73868816177 332.664871058187 332.59037352157 332.439488328802 332.363182811349 332.057107689531 331.814011132005 332.131254573498 332.279374449727 332.506258941134 332.504288073206 332.816391078389 332.736941863384 332.657283698322 332.277668008078 332.031428271704 332.337363292155 332.113393481246 331.921385743575 332.097327800984 331.872356321101 331.678429560645 332.217609949518 332.633164594684 332.079654563656 331.622669400241 331.258653237613 330.182373506848 329.814927581344 331.239810669465 330.810032755138 330.091880984269 330.169427500308 330.425912063213 330.097798341303 329.329904061203
331.747803152719 331.688495520544 332.005840277283 332.566180106131 332.503169002236 332.438934663644 332.931629697552 332.239406650692 332.302014078011 332.564073665391 332.676000420537 332.735607785683 332.887245001505 332.814272623011 332.740551788503 332.901604300643 332.989314202022 332.671218704357 332.757372875916 332.146168840229 331.968228915844 332.128086833529 332.18915348737 332.212459659015 332.256855190191 332.586230864552 332.34244820677 332.427712724808 331.739580213367 331.772200045236 332.327830079782 332.247099782632 332.166433336022 332.302207598963 332.170637023784 331.545336568649 332.205843809298 332.552596613214 331.948926964331 331.396018693859 331.302344640325 330.30119672605 328.183948199362 328.235159021702 330.789389628658 330.072020380736 329.998817857725 330.077781454649 330.130602889358 329.634295165399
332.026109190135 332.120562745426 331.64779428546 331.585038376162 331.772612874635 331.862700606991 331.668203271403 331.469241513207 331.561502482028 332.112031522428 332.174650869163 332.567766193136 332.653359420612 332.1821795119 332.109320358329 332.273523997408 332.731258210225 332.57781493527 332.595178099918 332.282020467224 332.434298195161 332.513028529104 332.043164880665 331.962740900938 331.881987843236 331.80093135737 332.088670150979 332.413562638565 332.474560022988 332.392658185778 332.310703423732 332.228758326303 332.146870997241 332.065084654938 331.983447476736 331.537733132983 331.184636011456 332.103286621072 332.296540267114 331.429826371196 330.570806912706 330.819035029489 330.694880521435 330.649751787964 331.110895990865 330.676259253596 329.961056311088 329.887684414425 329.815467007326 329.744494706191
331.908492967132 331.925053052347 331.658028659541 331.340552374058 331.254471589197 331.675759327358 331.32885046625 331.259518998906 331.076174401794 331.071277575435 331.646196058608 332.108337357792 332.122366594892 331.823846014781 331.988414725205 332.204979756441 331.963614416833 332.047566590441 332.126148394424 331.891344110663 332.343168918128 332.35968816566 332.040860006474 332.189288716539 332.264321955523 332.02429375177 332.243517077715 331.879146226972 332.086433670606 332.385656016337 332.303126281407 332.220597833652 332.138123950169 332.274703514325 332.350635485119 331.742812766028 331.550812221336 331.877841671095 331.908626538782 331.566583474416 331.202945568458 330.799375327679 329.926594803456 329.543814979842 328.878018728041 330.658214791494 329.736606959355 329.50236014774 329.797165854403 329.520630892807
331.791860441938 331.472608142114 331.261743518086 331.473770632812 331.330171439278 331.473100962674 331.336598787721 331.266720740769 331.309167290231 331.303998210424 331.433130692301 331.732880571953 331.263617043854 331.4327488896 331.890170077388 332.142688700667 332.228656506774 331.581287572038 331.594730914532 331.657836320146 332.201080435595 332.120290050045 332.039071533762 332.101300101728 332.34680036638 332.550177336647 332.565603870284 332.010189945397 331.833456252234 332.379289307158 332.29620666234 331.991465548434 331.531993765178 331.819273772479 332.220494254266 331.663852676892 331.425090704892 331.717544580827 331.63592274199 331.554716042812 331.758331664938 331.282110829764 329.912939283169 329.97311931514 329.675193826612 331.00909546186 329.358329341913 328.433532507138 329.04809958552 329.34796584797
331.80327397361 331.611215890348 331.473200588451 331.614706666674 331.549079752401 331.227698728511 331.596468622081 331.673186018185 331.587994971937 331.99396625483 331.837324168823 331.599371502918 330.907828965318 330.970794687073 331.362858375961 331.817990601068 331.969178043221 332.068927309719 331.987109504348 331.811716515954 331.814489481077 331.885995984179 331.653051436983 331.955637369519 332.018301723062 332.408079083354 332.70734312025 332.250157878469 331.604605390082 331.99517781267 332.06643863095 331.458159401676 331.344334659035 331.564231095257 331.581297689335 331.503762444284 331.158697341749 331.707575059371 331.625432959735 331.543723556326 331.534271315354 331.201454749582 330.587341733191 331.143703906391 331.429846748814 331.262008050813 329.395709044831 328.411558165104 328.646203643905 328.965937716078
331.409764575612 331.491879507433 331.286369696607 331.62479304768 331.558690336049 331.357094242905 331.488192241086 331.49647382433 331.597339996768 331.887563963876 331.668648674346 331.602909139054 330.912948766113 330.83658681146 331.143269460182 331.681586929973 331.603026540091 331.817484461852 331.739046592953 331.516525632313 331.345237345051 331.355995285664 331.415566814227 331.954297806528 332.102701054596 332.315378819246 332.324227081098 332.244876708039 330.319005164713 331.51717270989 331.534432175283 331.200161679704 331.488486750383 331.660279902725 331.099035710086 331.121155011623 331.151628808017 331.698413407334 331.832743054391 331.903724749453 331.370754355582 331.136706151886 331.157036409715 330.439328314586 329.58655770461 331.245901895635 329.534921757402 328.615443720426 328.385760252514 328.676942004779
331.221878100153 331.631632079188 331.495527440673 331.635003244858 331.568442577683 331.500546035508 331.36115018486 331.289783472733 331.355007300788 331.361180261748 331.208541407681 331.214698975555 330.9184120049 330.841528372687 330.905060723 331.053401151164 330.976333679904 331.446320494393 331.365389777808 331.283926695499 331.201959077398 331.119537699153 331.417148095699 331.719988615911 331.636397163943 332.259165970747 332.22861801087 331.862095510698 330.707545408092 331.364028159759 331.504655894528 331.569132292539 331.484208255041 331.874563516857 331.535164650844 331.228975413079 330.925768222012 331.319748128905 331.759930532766 331.785187849805 331.360617090038 331.27966098942 331.353969328564 330.824733474462 330.010942007873 330.712220587109 330.09519458635 328.809502267164 327.89282835647 328.300802932041
330.971063229258 331.111233091847 331.049185331526 330.985790169109 331.180683354088 331.510048115973 331.369776910856 331.297963472354 331.225097125111 331.151250806625 331.327162261092 331.391255937117 330.675963098245 330.458077795984 330.768686289408 330.68979469514 330.366734616591 331.064525989759 331.367649654261 331.285672515996 331.203190774159 330.883590201478 331.038662371767 331.57144598222 331.250236093123 331.700579891316 331.565216441321 331.615372583752 331.445346818885 331.360208824843 331.425801556074 331.440398696771 331.256407211468 331.424891736933 331.564067129027 331.476697055493 330.986827694091 331.424527083495 331.599011593915 331.515951482512 331.718077253302 331.270052016876 331.40348991789 331.843251066906 331.081647488447 329.744840411582 330.145018578497 328.646500856226 326.791284839556 327.238442877949
330.184450146882 330.123226481828 330.324342453547 330.655973663188 330.72480819981 330.865088506323 331.378651399113 331.0506780742 330.841592612401 331.158795230514 331.224222867312 331.477213987143 331.176556900266 330.63031863041 330.77385868954 330.694476101854 330.470326585134 330.839676618645 331.370355183302 331.287873822232 330.966069533889 330.594360818352 330.948629403322 331.426856552312 331.629466270141 331.634972077478 331.456816403896 331.613617462543 331.213514421317 330.755590311365 330.898753489743 331.185811181328 331.325377121787 331.385554233992 331.305944319274 331.469181035241 330.913912831226 331.307758004655 331.591876150095 331.508416176637 331.456482487582 331.410723883758 330.757214828199 330.944617097247 330.398297525133 329.886505320525 330.015919844396 328.165962289157 326.232580294503 326.070542031319
329.862775733125 329.798751092212 329.869334183919 330.271709638484 330.598928667987 330.529753589728 330.996202526416 330.918363837664 330.381767775844 330.777635773802 331.090936582215 331.156487640419 331.156985685636 330.85850575438 330.779392828403 330.699543481199 330.618980794486 330.983581472952 330.750465977364 330.910434018719 330.819668274059 330.509871918116 331.038803796348 331.103050377224 331.492727840362 331.783741825078 331.698193383864 331.612435864424 331.28895921824 330.726558498049 330.4207633775 330.811612629899 331.24955523932 331.262730209374 331.302833386238 331.462422414392 330.754564400333 331.045835422008 331.365452885867 331.136031540466 330.066251651091 329.983173313572 329.445617296997 330.306505364889 330.160736595203 329.729415724528 329.966983350687 327.345581512517 324.113890265149 325.120450874544
