rcp8.5models/CNRM-CM5/sc1gr1.4
NCOLS 261 
NROWS 433 
XLLCORNER 336357.134 
YLLCORNER 654653.479 
CELLSIZE 1000 
NODATA_value -9999 
[rows 66 to 87 of 433, columns 100 to 149 of 261]
56.1364726175212 56.5360079231404 56.3076967545425 56.5838584898121 56.7007550993089 56.9797041653882 57.1281228489077 57.2264756437004 56.8882019508235 57.106692774543 57.4846149491663 57.4663447811867 57.703791217399 57.9417333486922 58.108243041764 58.0783759484938 58.1887213082703 58.3328806071764 58.228824469145 58.5994457622316 58.3106251779477 58.9762775391108 58.3825098817092 58.4457669541866 58.648350605108 59.0847573769624 59.0688214121811 58.9777213810507 59.0125829156496 59.4483683368917 59.4090955795364 59.5492086537204 59.8140775316589 59.1787603019636 59.638001176943 59.1421706505478 59.3427297325926 58.9063102928635 58.6824228855316 58.4237847852665 58.6839631828112 -9999 -9999 58.4638608562346 59.2947799235546 59.1376317249159 -9999 -9999 -9999 -9999
56.3829567807279 56.5107586882115 56.5896399161762 56.4157298662988 56.8535347108271 56.7581245373766 57.2904568501542 57.1683761548049 57.1538686669516 57.6993050479218 57.7970485690442 57.8321336738475 57.9467713352404 58.2950160544266 58.4091381221493 58.5571650526227 58.6878709156078 58.6999666595669 58.6973302472946 58.6232978416212 58.5290371631455 58.8583262591466 58.8546250499856 58.7818452526945 58.9743714505466 59.169099754094 59.1428774070527 58.7687680362995 59.1288024978519 59.6301111145419 59.5801253256458 59.5242972223193 59.4394171005558 59.4808678394345 59.471837126424 59.2444995897467 59.296651377275 59.0114576576471 58.8277160526926 58.5145287882812 58.825176063565 58.673964265603 -9999 -9999 59.3970423219556 59.3871533195495 -9999 -9999 -9999 -9999
56.3318955368086 56.5694409667538 56.8942518716389 56.6782050015681 57.1133070372021 57.158100995196 57.2546107530601 57.4975865014588 57.5340624491538 57.8740679861747 57.9943377953284 57.8113539668964 58.0926290963235 58.6006332988603 58.6463214823794 58.7314057975788 58.7661872139357 58.6233050491005 58.84961330919 59.0116745042395 58.993259527188 59.028767899827 59.0147402932464 59.2631596069441 59.3321698346227 59.1613864680477 59.3391676514153 58.9696395979209 59.2702776083476 59.3510393537281 59.2434303981496 59.2922642132067 59.4805578513928 59.6794259061149 59.5731202085746 59.7659452175677 59.7552715412666 59.5308119719157 59.4689002103044 59.3796989569212 58.9995456168788 58.8048974184766 58.7721083753552 -9999 58.8427027194034 59.260829601896 58.8499449579632 -9999 -9999 -9999
56.5162766133037 56.723805916193 56.9215161886559 56.7674945435221 57.0517721341896 57.347915898093 57.4452375773688 57.7461595286129 57.5057902696022 57.6990863715133 57.5927864558099 58.0646534826137 58.2180962119073 58.5754358491706 58.4143118663158 58.4640579590312 58.91491641618 58.8268920217895 58.8315936506326 59.038573941283 59.2107594932364 59.1644102970039 -9999 59.4656217992004 59.2677729902411 59.2354088490921 59.3249836155223 59.1028297524774 59.3205886725691 59.3613654304958 59.3756819380005 59.200243925013 59.3279475507811 59.6913773758024 59.7877777589363 59.7887413173422 59.8461318838068 59.455252599287 59.5159796748014 59.2005150619528 58.9402949259328 58.8624252619848 58.8475262536586 58.8142145391916 58.9447543608812 59.2841946772295 58.7531916549299 -9999 -9999 -9999
56.730262162125 56.9538672685098 56.7786414863314 57.1797701608056 57.104385632496 57.5497780274541 57.0781229092356 57.8991190928791 57.5652681855856 57.6778924413509 57.7118333373178 58.1744705647366 58.1601201116588 58.1946072159042 58.3546487788582 58.4743744017859 58.7347587799022 58.8999589791425 59.0626710547682 59.0855655765609 -9999 -9999 59.5268312872384 59.6143615391923 59.282288967353 59.4215853094319 59.3826221055112 59.3096103979962 59.2776276304233 59.2018971681971 59.5341869079699 59.3002689460525 59.5514388295651 59.8426559612309 59.9103206957757 60.016357037241 60.118984499617 59.5142679879376 59.6233518411196 59.2031764948299 59.1020229691007 58.9318543872577 58.7439448873697 59.0704623467426 59.2097397547883 59.1231051867226 -9999 -9999 -9999 -9999
56.9219765903308 56.8364926125125 57.2458629420932 57.585761406373 57.5236737077318 57.4438008941167 57.0838191352751 58.0191123503235 57.7555717323934 57.8812105866728 57.8354106927239 57.9253272501782 58.0455088276475 58.0978793898591 58.4308467507276 58.6109224334617 58.6662670329406 58.5847551287662 59.2297486595485 58.9098422162297 58.7813099272515 58.9774052840192 59.3137027360613 59.3132897425182 59.7069819909049 59.5245533123731 59.6598348365726 59.5202588916527 59.3491903106124 59.4982340056877 59.7399452248454 59.4961554623727 59.7891108170371 59.9428186389005 59.8037460749269 59.9554859872747 60.1131325678921 59.7375083028375 59.7879798327967 59.4398989616192 59.3776673780975 -9999 58.9430990232956 58.9258253096613 58.9797088966166 58.9706214716003 -9999 -9999 -9999 -9999
56.7516265802256 56.9759191002059 57.3580099090954 57.4995319787699 57.5358335535496 57.3930968645403 57.3298559050016 58.034441128456 58.0185079937948 58.1732046896988 57.8020105550957 58.0029730278492 58.1519264701098 58.317317977421 58.5803534095234 58.4471792427689 58.5534774580539 58.5379253136044 59.1704983428129 59.0055834598202 59.0334514667607 59.3117992839124 59.5949811241558 59.1357990725915 59.6440018122108 59.6711143456486 59.8080534117935 59.6744239625805 59.6171377738588 59.6971852116351 59.9107274325686 59.9079795263779 59.8355356401554 59.9380395101768 59.8360294241242 59.8983789382801 59.9692794680395 59.9081583107868 60.0000147836375 59.5343167305941 59.4562214817631 59.3344148009885 59.3685884992936 58.9870357904235 59.0451620524046 59.0763776701369 59.0914775978068 59.5518698445617 -9999 -9999
56.5898354606499 56.9517719452814 57.1601173498444 57.4905519121335 57.4619519815945 57.414544450137 57.5937422302862 57.9224265752641 57.9080401134948 58.1160711605301 58.0100091520757 58.3136799852006 58.5064454682622 58.5037945671609 58.569667952667 58.4857801518741 58.5662626253787 58.7254051956168 59.2273776450326 59.3123562797927 59.0590502161645 59.4021546476863 59.6150441838676 59.2955384254165 59.5220148605681 59.7058218611242 59.8300608482223 59.8331173899831 59.8110480162082 59.7790628904977 60.0855997656615 60.0038548664216 59.9014616070167 59.9716742836168 59.9087460261685 60.0321621207336 60.1110604000742 60.1760391930685 59.8796379381102 59.5609890578943 59.523837134773 59.5203917313072 59.4978609033054 59.1819043813811 59.1958207817885 59.1543905481432 59.2093720014119 59.4764593014062 -9999 -9999
56.7279373537235 57.0858981862199 57.1682263876057 57.5333547168439 57.7294592726422 57.5784748795193 57.6807747990725 57.8952214496237 58.0548335259886 58.2647055277694 58.5305843862665 58.6312251215466 58.7291619519287 58.6957487755913 58.7488787949982 59.1088472050852 58.8146232807622 59.1747369714959 59.1476344118606 59.3103907156503 59.4596937794542 59.3487624788685 59.5096469539041 59.5978258615787 59.6637737886594 59.7742508640954 59.9442259964204 60.0200628671875 59.970232249008 59.8389809100929 59.9985267938641 59.9201404483083 60.0268262080249 60.1119784672213 59.6511844862159 59.8719030388741 60.144040269229 60.0670539373739 59.8363229910499 59.7645493766268 59.7936280028914 59.7071638136052 59.6482224873648 59.4859060550093 59.4351123453366 59.1789628305788 59.0254325750061 59.1648722600841 -9999 -9999
57.2760034877364 57.3745034806176 57.4246738785635 57.587621493875 58.0356268712522 58.0008471696296 57.8062336668555 58.052538424511 58.2758229779837 58.4781513096501 58.8842800941923 58.9197995660272 58.9184217299217 58.6509658248145 58.7787498131287 59.4495527373076 59.0824002681981 59.5692730575501 59.0400621448757 59.5713427127894 59.3523010767521 59.3061141859176 59.7726454881282 59.9972686333796 59.886502866857 60.2054712432374 59.9056439197013 60.2182130872751 60.3019935429601 59.9482943273216 59.9901658807073 60.0041265461267 60.0083982530103 59.908354318021 59.6181648004283 59.9006136820682 59.8537978971266 -9999 59.9754725810511 59.9759358168686 59.8914928955913 59.9127372509453 59.6954375808249 59.3904334508141 59.4316056190262 -9999 -9999 -9999 59.3885912020865 -9999
57.7548422167811 57.5258568018199 57.705509479274 57.7769040661378 58.3343412994983 58.4382451714575 58.1686528552195 58.2714550271023 58.3542100245064 58.5071745609359 58.8266053379404 58.6688825499561 58.9759254433238 58.9029203626054 58.7002788514124 59.1235764881305 59.0977974829914 59.6799006567707 59.0949563242157 59.6952170090413 59.3269428035745 59.4688713711812 59.6711317779776 60.0277777984276 60.2131175171829 60.2510291230866 60.0208348724403 60.2690101876764 60.5626916552526 60.2891681176441 60.2311359794444 60.2996977423484 59.872401155237 59.8308171650445 59.8126414352328 59.9865805918424 59.8266386554431 60.0559958569452 60.1354880103813 60.0062956182521 60.0560077607951 60.0612573370807 59.792035657691 59.4329089022393 -9999 -9999 -9999 -9999 -9999 -9999
57.6732341715066 57.6631934980149 57.8691759584024 57.6574082643856 57.9690132125584 58.4342898228725 58.5208939399731 58.4995621288722 58.5335891156926 58.6708700221357 58.7329634403737 58.6498187376353 59.0107328642717 58.9384496813789 58.9129683637176 59.0134693017066 59.1573469537996 59.6393837084835 59.3115546137782 59.5619797475734 59.7290933017425 59.6829843700564 59.7982734655369 60.048938608548 60.231356339874 60.301758528673 60.2814372786835 60.3339478605469 60.5122499070361 60.5308769346706 60.5084744145819 60.6264762848272 60.3880291737981 60.1451911783785 60.0244999708754 60.1078826163766 60.0795842532594 60.0824704604949 60.3058989245744 60.0533740732572 60.1387710537742 60.050892646121 59.8560090776885 -9999 59.5340698841921 59.4426782147474 -9999 -9999 -9999 -9999
57.4401434474124 57.8443508948888 57.7566469173349 57.6361809747965 57.7612251948567 58.1508836364724 58.3320588526567 58.4968856527872 58.534156800753 58.6908099471996 58.7478156258194 58.9480393071382 59.4600870796844 59.1352985716123 59.2456496410829 59.584145305867 59.3147592373116 59.4085915679752 59.4762827960818 59.8166301542576 60.0368063127328 59.9141661411554 60.0364575968794 59.9317905207003 59.8883379082241 59.8197335575983 59.9398600830509 60.5324485935666 60.5697779561192 60.7086045053466 60.8241639733597 60.6962908434368 60.8256622637123 60.4252742960046 60.3173582217339 60.2900511566324 60.1711968475375 60.2930922972714 60.2490403002001 60.221301599949 60.1944436870701 60.1064101622503 59.9081466146265 59.7831662728951 59.8092948857816 59.6990932679348 59.6367561048706 59.5324627236084 59.2691622289141 -9999
57.5618745407702 57.9065854858177 57.998237277356 57.986867671935 58.125721199165 58.2330944673372 58.3791023520931 58.5612474552582 58.7597382300432 58.8744694752593 58.9325305222659 59.0615779052649 59.5573241831591 59.3911831493752 59.5012278565719 59.7366557608023 59.6557887704807 59.5869949002811 59.647246381431 59.8607708814569 60.0098725207892 60.2195358519488 60.0394148990034 59.8876305696741 59.7708078005345 59.9592564844103 60.1806995044224 60.6265386142213 60.6604310693319 60.6319449127016 60.9219364468463 60.5742728591658 60.6271468095342 60.5860147929278 60.8906675822868 60.7146774791915 60.3433731653936 60.5411111925963 60.0964771817616 60.1377541866641 60.0394153860503 60.109996622609 60.1538965595299 59.9245651385218 59.9149070503825 59.5454169584609 59.6496104786238 59.4717057294978 59.3633460034406 -9999
57.9248145198708 58.4317109296955 58.3387969439712 58.8646243309209 58.699889622341 58.7796906525967 58.7648208304872 59.0825480936549 59.1474124764923 59.2811705730391 58.9328190411124 58.8143153020715 59.3038544207104 59.2681572067715 59.474697763258 59.7008141583639 59.7829501629621 60.0684606172076 60.1582042438526 60.2474095339292 60.3979503070116 60.3066611549981 60.3346382620058 60.4296163991668 60.4490098901548 60.4666581574944 60.4379551732644 60.5023555303555 60.5167001329899 60.4661955451586 60.5600884713317 60.7427915819745 60.8015414742389 60.8977021508632 60.6162539421583 60.4608553192005 60.6274111645809 60.342164981945 60.2292885111709 60.2029818707876 60.1502061109676 60.1964420644241 60.4534335535281 60.1569933407144 59.6612994652958 59.9020569352638 59.425945502721 59.8360491282292 59.4301263134961 -9999
58.0013407412487 58.4550616735742 58.4429668765484 58.5607739105432 58.8575355403664 58.6884830401643 58.7265708657065 59.0463292881927 59.077956633956 59.1719079739688 59.0392444340885 58.927500617174 59.2474578929974 59.6684516832452 59.529322367166 59.7137106261314 59.7591751737407 60.0376543375724 60.0626576001509 60.0070831435245 60.2487381287499 60.5794802211949 60.5546372337207 60.4586026354922 60.6697194912081 60.5858599850873 60.7648727107979 60.7533475411434 60.5847376202129 60.5827453241808 60.7382646248591 60.8433136159428 60.7027853045815 60.7643283144638 60.8597608986982 60.3353131595785 60.593483345758 60.4197502856546 60.1804729011924 60.3034904903723 59.9925507936175 59.9731051846072 60.1116139769616 59.8583729211075 59.7048486569585 60.0080030327828 59.5317182419062 59.8854683183357 59.4492182333476 59.4579698103334
58.6368544004871 58.483613863173 58.3370544184056 58.3397344208184 58.6085741171503 58.9619810656449 58.6528000506809 58.9871997379851 58.9743678306746 59.0909831534656 59.3301430996884 59.2088102116276 59.4607752773854 59.7222605416396 59.6304576730597 59.697506213963 60.0509365004406 59.8091234854923 59.9153029481805 60.2143974865245 60.326012663975 60.5814828136052 60.4044331628498 61.0164791742596 60.6190932387596 61.0900917094692 61.2182286867014 61.1328714278464 60.6853756786841 61.0370128794097 61.0365641744287 60.9080323484951 60.4660635376145 60.8987030528497 60.8279848903037 -9999 60.6394067696137 60.772703897196 60.1880391723379 60.2478128244746 60.0307122928892 60.1027218268792 59.9308951314578 59.7088086835919 60.1129145462179 59.909290364315 59.7703819505346 59.9629042679856 59.5148191176079 59.7058190204069
58.5712947750242 58.4844690755896 58.8131275367933 58.4973830738362 58.5534528169537 59.12309010867 59.1650151942385 59.0100376901709 59.1188383768436 59.1612297898772 59.7264091966999 59.4747318894317 59.6391208251564 59.762215919997 59.9085103626795 60.2906210669857 60.4156206227923 60.0076433018153 59.9865908987816 60.4518276271354 60.3034832231001 60.5795382808339 60.5101386128703 60.9222938739803 60.5795854425773 61.2271345323109 61.3063840572908 61.0090668463001 60.8675663820519 60.9974233882651 60.9589720874684 61.09099307912 60.6069568084319 60.9397559855476 60.9261621692243 -9999 60.7647057787541 60.7463362466543 60.3590920038991 60.3018916384571 60.3175520310834 60.532976835753 60.3788679382695 60.279524759066 60.4140154614863 60.1958884296907 60.2491480497437 60.120129016957 59.4685110500576 59.7590044795016
58.2704720425626 58.7580651499467 58.8301209138961 58.7936987516774 58.8433333271379 59.1584394133488 59.4154985448601 59.5760027427769 59.3836377713617 59.7709767643703 59.8495001320454 59.9290154526676 59.7572072912371 60.0115049422757 60.0663529558972 60.1066829495323 60.3086011856442 60.2325866203063 60.2586485820624 60.4298612387024 60.3900832679301 60.420712383655 60.6311329913619 60.7353261774542 60.7063129945626 60.9799729602091 61.42147293477 61.0408100457417 60.9579462278049 60.9306189149586 60.9866252882267 60.8791260571401 60.8961876669884 61.1546091580132 61.3176714227884 61.0134034562173 60.791331168952 60.6799411965507 60.5584737184695 60.5349060895995 60.3963351810467 60.5452442384856 60.5910755586265 60.4490585839405 60.5608800065758 60.3698069196119 60.5401502428109 60.1556308335317 60.0815929190292 60.1456026236921
58.3277764676351 58.9162688476862 58.8261457255501 58.9747190025038 58.9851039666462 59.6557994112841 59.631548260621 59.8192313265081 59.7741507459651 60.1737651958965 59.9682280755712 60.3226580447357 59.8541547520727 60.5650742846942 60.0781217319712 60.3497222790591 60.6136620085624 60.3918573697818 60.4984885749065 60.5909117317034 60.8737951133639 60.6060208458577 60.6990419663707 60.7802906337692 61.0147764919084 61.0591320231756 61.5813012800663 61.3523187132672 61.2159236485577 61.1262055776915 60.9578979047369 60.9138522162598 60.8040012268972 61.1455373481439 61.3198551062382 61.103997278287 60.8187774181081 60.8512908834852 60.8077481879274 61.0205062105612 60.5665175073805 60.6132869828871 60.4290824317475 60.4313508920814 60.6836207685085 60.6652994543385 60.4945892623742 60.2151135306511 60.677050492057 60.5853923540904
58.5696162098922 58.9887583530644 58.9327299917828 59.4340919106239 59.4292986753095 59.3982240220387 59.8447532817232 -9999 60.0311273098886 59.9362233716644 60.4316519278391 60.2995421718924 60.1606649298688 60.4366238314774 60.4089491296081 60.4175074714407 60.7331779668786 60.9211541436477 60.6703839351256 60.8550117417125 60.7538458273635 60.6293274942426 60.6409040497662 60.9065798066208 61.1404181181445 60.9324105311204 61.5259569461915 61.6109149013507 61.4135008919011 61.1068558863739 60.9468842651865 61.2639726533214 60.818768674524 60.9962306777173 61.4307111898176 61.2769112722437 61.1040500724268 60.9885643259701 60.9058464461764 61.1631081893466 60.8758133524709 60.7874448535771 60.583641997524 60.7268387102891 60.7187991846795 60.566911926254 60.5385246356529 60.4010246456469 60.0748837294831 60.1307492020183
58.9104277884823 59.2349222127415 58.7710172961946 59.6306591587426 59.5114433691014 59.3014245768421 59.6950276696417 59.5702746981934 60.0225876726642 59.875422851814 60.0593927074265 60.6533073451227 60.3183504192261 60.3047432201974 60.5470657990246 60.6867973290588 60.6451406351889 60.8761117053971 60.672709021921 60.8045467630513 60.6748333024984 60.7270902531302 61.1617963336504 61.4389759240211 61.1616070581294 61.1669746407675 61.2456500318715 61.5618613470154 61.3868523078013 61.2249487548592 61.3772530630422 61.5487701195724 60.8915549246462 61.2754693963329 61.6984616240328 61.6023290475018 61.4462894770228 61.2520098509544 61.054739972306 61.1149027279484 60.8273017714614 60.8893578548838 60.7481770856278 60.6635106335626 60.794446974687 60.7034150012697 60.5243073677856 60.5260731287186 60.2210415687165 60.1761385174125
