rcp8.5models/CNRM-CM5/sc1gr3.3
NCOLS 261 
NROWS 433 
XLLCORNER 336357.134 
YLLCORNER 654653.479 
CELLSIZE 1000 
NODATA_value -9999 
[rows 66 to 87 of 433, columns 50 to 99 of 261]
-9999 -9999 -9999 -9999 -9999 -9999 -9999 -9999 -9999 -9999 -9999 -9999 -9999 -9999 -9999 -9999 -9999 262.564312644138 263.353029017395 -9999 262.765634872194 262.734565265488 262.734083628328 262.217070712422 262.073128506457 261.54451887957 261.039078513389 261.062897428363 261.245546911549 261.756152105537 261.960354935168 261.749547942917 261.35118367392 261.553586846056 261.726333478452 261.398240469228 261.39459399466 261.226874004197 261.060659559843 -9999 260.395026743825 260.5553608956 260.549359660368 -9999 -9999 260.274507479998 260.049098747751 260.038957737494 259.825672796669 259.734356805669
-9999 -9999 -9999 -9999 -9999 -9999 -9999 -9999 -9999 -9999 -9999 -9999 -9999 -9999 -9999 -9999 -9999 262.573190264792 263.115808392748 263.230784826005 -9999 262.810910344417 262.362764367787 262.302547355946 262.031827523437 261.760973243077 261.379311848738 261.359418943064 261.343416679202 261.506268962958 262.159140813241 261.570865007677 261.346670152886 261.341726100477 261.448299759528 -9999 -9999 261.116827887609 261.005195041598 261.169790054953 260.33940915683 260.558748395767 260.558225105407 260.55537622762 260.661054285928 260.487815003482 260.369053202795 260.046688274509 259.830403685198 259.846672691414
-9999 -9999 -9999 -9999 -9999 -9999 -9999 -9999 -9999 -9999 -9999 -9999 -9999 -9999 -9999 -9999 -9999 263.519467006643 262.706803727516 263.105075948327 262.71662906421 262.686256771756 262.307862244415 261.748703666768 261.637201253275 261.189901285965 261.13198668178 261.178756493544 261.18412684651 261.178144441025 262.265209224203 261.857969310521 261.238887566677 261.340161626555 261.232588684671 261.339426722713 261.560822427684 261.337821800136 261.22183671959 260.616366953818 260.554001784617 260.503242649934 260.769011382847 260.503913335369 260.438595303085 260.1863323622 260.318604901427 260.024838777142 259.596563854322 259.671434705557
-9999 -9999 -9999 -9999 -9999 -9999 -9999 -9999 -9999 -9999 -9999 -9999 -9999 -9999 -9999 -9999 -9999 263.671074811784 262.759935668209 263.155194750267 262.829139271126 262.583137512127 262.096320477733 261.767121563307 261.576198764533 261.150777087205 261.179686660628 261.402412026077 260.965120849408 261.172492772934 262.097200450049 262.011540701982 261.29792340906 261.229396400084 261.33984446789 261.339640913186 261.393886180325 261.333759772196 260.614667391344 260.44990554599 -9999 -9999 260.063129450805 259.899972015857 259.999160519541 259.84669028491 260.209812029095 259.936126768548 259.695588906927 259.2559269701
-9999 -9999 -9999 -9999 -9999 -9999 -9999 -9999 -9999 -9999 -9999 -9999 -9999 -9999 -9999 -9999 -9999 263.678980146688 262.647596047688 262.707728923416 262.735753409618 262.532369812616 261.934973681178 261.853904757943 261.532233343685 261.41829067287 261.301446977206 261.506808513705 261.196730615196 261.28952388411 261.885655131774 261.562325414444 261.344481782923 261.175763376649 261.339699118024 261.339425709735 261.335915497501 260.67028204383 260.559068705412 260.614011990239 260.775006393306 -9999 259.881170729892 259.772420213637 259.726645398728 259.835243409602 259.941337733691 259.820429856765 259.642831811447 259.341502970267
-9999 -9999 -9999 -9999 -9999 -9999 -9999 -9999 -9999 -9999 -9999 -9999 -9999 -9999 -9999 -9999 263.526779241694 263.458903701895 262.916040099202 262.544348372729 262.567774562247 262.301665598702 261.985357909651 261.635371282043 261.521661693163 261.294276979966 261.235273497498 261.505348762726 261.338671595873 261.344755432716 261.278031608119 -9999 261.230289948861 261.174663451397 261.228007646668 261.339210423108 261.332373611033 260.339600813124 260.557694732489 260.452074056201 260.291920091603 260.54728139244 260.197647321173 259.615557849125 259.661912184204 259.613209222887 259.618104486816 259.706282093077 259.448453288616 259.525560382238
-9999 -9999 -9999 -9999 -9999 -9999 -9999 -9999 -9999 -9999 -9999 -9999 -9999 -9999 -9999 -9999 263.527215684232 263.369504194195 263.266374410548 262.566516764327 262.632563145113 261.988882340709 261.794395555549 261.419355960948 261.29048152756 261.186869453648 261.182043278111 261.393163668833 261.000172612281 261.226884444402 261.013620899887 -9999 261.174740779678 261.286109411681 261.285222222764 261.337597748824 260.999847613998 260.450065411463 260.610978850238 260.435117218073 259.785405467387 259.950637730066 259.881816778498 259.499806884904 259.552465194431 259.495881699433 259.497937459068 259.541204768936 259.317834060827 259.218251255777
-9999 -9999 -9999 -9999 -9999 -9999 -9999 -9999 -9999 -9999 -9999 -9999 -9999 -9999 -9999 263.3623046875 263.515774802931 263.361836505568 263.24666137335 262.674923551446 262.686035466899 262.228918080409 261.71015896812 261.477321429343 261.195136472204 261.183196311139 261.405040009361 261.237957760394 260.731762025629 261.505989009168 261.016667652476 261.00934613639 261.174194324797 261.228431300811 261.339749013108 261.334319151093 260.614297378746 260.504298793284 -9999 260.607101436352 260.08931606816 259.556246480719 259.553558294757 259.497093322668 259.482020305418 259.165772322739 259.079559726681 259.370956103545 259.104492536196 259.030494896434
-9999 -9999 -9999 -9999 -9999 -9999 -9999 -9999 -9999 -9999 -9999 -9999 -9999 -9999 -9999 263.362626020708 263.51660575965 263.359098084059 263.423252287177 263.063858001961 262.92936037109 262.60389994522 262.282774355353 261.660125651489 261.423694666283 261.302405559012 261.732540851688 261.083619969102 260.908795806195 261.44328125276 261.574770814599 261.125069146626 261.174727178523 261.286126137497 261.448347982703 260.778975467257 260.505539855041 260.614058988944 260.601056001013 260.008201729527 259.776244780815 259.502202217325 259.59821664524 259.387939068739 259.389203353548 259.402980141462 258.93863681893 259.003161233684 259.011486300642 259.33040506433
-9999 -9999 -9999 -9999 -9999 -9999 -9999 -9999 -9999 -9999 -9999 -9999 -9999 -9999 -9999 263.714120593624 263.541342498592 263.359463065504 263.404272664854 263.090262617657 262.913483291128 262.80929209301 262.531902763712 262.386872905432 262.217290185035 262.046637066087 262.189495457333 261.824758568794 261.361667621505 261.90511533028 -9999 261.178872107954 261.174753836938 261.452584967851 -9999 261.055180660264 260.396736389929 260.667668460667 260.551028534283 260.201704841144 259.495448152486 259.390906914623 259.441354701278 259.334139176416 259.437166461825 259.42194693089 258.978303152727 258.734204389711 259.009144736572 259.308748472643
-9999 -9999 -9999 -9999 -9999 -9999 -9999 -9999 -9999 -9999 -9999 -9999 -9999 -9999 264.031646728516 263.652242115913 263.646565057686 263.353072304816 263.470161869638 263.046522234358 262.863852151579 262.854957578673 262.533419182763 262.68001040515 262.747114108095 262.697199814852 262.693502223683 262.191867551494 261.857886284576 262.174703168846 261.84552388201 261.177369291825 261.174734744243 261.282894543257 261.283928852182 261.445387299187 261.105251291234 260.557543639637 260.499061416765 260.363734737752 259.390923901 259.427644759754 259.12583076503 259.425351795152 259.167061231106 259.110594299819 259.093708040435 258.974764791119 258.88747664945 258.973371077072
-9999 -9999 -9999 -9999 -9999 -9999 -9999 -9999 -9999 -9999 -9999 -9999 -9999 -9999 -9999 263.555675161023 263.685808533655 263.357562882262 263.293537637893 263.260569413646 262.762138823474 262.514752975689 262.520057222516 262.792586476032 262.850043970794 262.850344487054 262.512604110912 262.411815723049 262.014227565586 262.176573556599 262.069718304598 261.288517405903 261.622793839442 261.397206390728 261.395431187373 261.385413442235 260.829946901113 260.396497290084 260.599108016535 260.110178199154 259.759147845601 259.490270585741 259.329877523804 259.47669417141 259.107722884361 259.217878985264 259.367714293901 259.244564833629 258.923531060767 258.838157786915
-9999 -9999 -9999 -9999 -9999 -9999 -9999 -9999 -9999 -9999 -9999 -9999 -9999 264.200653076172 263.999885808452 263.783358612876 263.477061443309 263.248635478431 263.530919983239 263.254307711002 262.824923638675 262.372507971492 262.627276896378 262.734020746094 262.51175610263 262.505378444281 262.239993962751 261.723146797914 262.007601496564 262.176885207708 262.289302960351 262.017591982592 262.175816770717 261.839103181548 261.504708245974 261.435385715773 260.6129229424 260.556522508907 260.548350190997 260.223164454044 259.667491946734 259.61922603502 259.915640786311 259.602579235425 259.595670297572 259.64653473399 259.601914690328 259.610891831707 259.085337293506 258.93280265959
-9999 -9999 -9999 -9999 -9999 -9999 -9999 -9999 -9999 -9999 -9999 -9999 264.202575683594 264.201131562597 264.043736369221 263.875087432253 263.504196588273 263.21433890019 263.669804292274 263.437449996859 262.87917158864 262.373485099748 262.564668024951 262.683148507607 262.697478372196 261.907935127252 261.839845542626 261.129851481685 261.442923488177 262.062488069534 262.343196504154 262.117988407532 262.336778433847 261.781006774119 261.613405380557 261.38792376101 261.107920777042 260.879575119974 260.49901810022 260.439130538033 260.159233783194 260.295578727348 259.837997576292 259.874863034541 259.832187774787 259.923409098129 259.742309972033 259.365129952859 258.952312932909 259.086814247336
-9999 -9999 -9999 -9999 -9999 -9999 -9999 -9999 -9999 -9999 -9999 -9999 264.20351361364 263.977301366404 263.872944256905 263.776089879176 263.47648507372 263.30978147585 263.339894399136 263.293252590842 263.146043833913 262.816101809175 262.853408172464 262.853460820132 262.187086040344 261.856224040559 261.746414798278 261.795063241992 261.518412413477 262.010511064497 261.397587948492 261.508129109837 261.012316804399 261.450269825342 261.504799154058 261.502365424049 261.447718727823 261.428764190447 260.876829738145 260.397070265948 260.667886265697 260.726235951179 259.848242836356 260.360071134957 259.914492533293 259.765138096303 259.746743455134 259.493563205166 259.34837350775 258.776874970779
-9999 -9999 -9999 -9999 -9999 -9999 -9999 -9999 -9999 -9999 -9999 -9999 -9999 263.889325132396 263.642484214591 263.853779573153 263.389710074518 263.354948946209 263.200462434883 263.192525415177 263.191124421034 262.640089633198 262.84919009827 262.627675061307 261.690810607419 261.509147510397 261.506473866985 261.5062256569 261.452494762545 262.009013068917 261.342245373217 261.226153415089 261.232398437454 261.340117595641 261.395648968582 261.499341322116 261.336993282563 261.3852967571 261.20069376199 260.766304446233 260.665350312684 260.715996464142 260.644645814935 260.610773758134 259.922670064806 259.635641206791 260.003808060187 259.531206404757 259.449264937084 259.118592473278
-9999 -9999 -9999 -9999 -9999 -9999 -9999 -9999 -9999 -9999 -9999 -9999 -9999 264.114826576689 263.565914005589 263.398284453757 263.36658174107 263.24744844431 263.196100203206 263.079782694084 262.961761287483 262.760922642328 262.626615103862 262.069767726379 261.754057340627 261.695639070526 261.126155386826 260.893817268353 261.34573487316 261.446096641878 261.341050999925 261.123107275173 261.34030130906 261.332655039317 261.013011457234 261.393725131459 261.445711716744 261.445991606063 261.497146999638 261.427410179397 260.766171662139 -9999 -9999 260.697118551264 260.342702220106 260.014666777817 259.828870732374 259.761086817696 259.702535204799 259.010409040461
-9999 -9999 -9999 -9999 -9999 -9999 -9999 -9999 -9999 -9999 -9999 -9999 264.205192283948 264.090618859526 263.563704635779 263.216673115097 263.358353069225 263.20240559983 262.968148594638 263.137653905267 262.866087947326 262.403649102273 262.066111589716 261.857477212913 261.852550973898 261.624295061454 261.587699228261 261.138548484309 261.344544650964 261.065939665466 261.231032281718 261.289287534298 261.444088242803 261.010477337568 261.272385755719 260.904044795179 261.280742329896 261.287776442298 261.505454135217 261.65745445048 260.711590787932 -9999 260.334656955933 260.340756036552 260.441073233985 260.414254882674 260.179552555287 260.018274735755 259.791387511949 259.453260548201
-9999 -9999 -9999 -9999 -9999 -9999 -9999 -9999 -9999 -9999 -9999 -9999 264.215164956224 263.706270422035 263.542984028695 263.216300979698 263.245803423033 263.198213222611 262.985684478722 262.960357144587 262.974591348124 262.547897209668 261.981556926598 261.855857503693 261.625555086512 261.405149450348 261.506894790438 260.893908554048 261.568441208463 261.013418947263 261.287746137772 261.230269400592 261.283410577252 261.284077927036 261.262825561992 260.5670041649 260.847972879392 261.158702367029 260.952361847099 261.005076773832 260.65862662427 260.548780325167 259.630472530068 259.837656957247 259.910479871419 260.159389618575 260.066072290061 260.128000927063 259.818509001692 259.798738595183
-9999 -9999 -9999 -9999 -9999 -9999 -9999 -9999 -9999 -9999 -9999 264.374609196072 264.328852783341 263.804475733838 263.547568264602 263.443131225585 263.322997410901 263.196842325365 263.147184261718 262.867826750153 263.02175832214 262.356041737344 261.91389793582 261.741246299474 261.635273136516 261.580559718134 261.691842240207 261.250437537419 262.013471379188 261.462606657527 261.56817617365 261.618400209046 261.39403326299 261.285434263875 261.376565253077 260.843198233486 261.095451658377 260.724175247861 260.665088447096 260.658786571823 260.455118486024 -9999 259.535660301789 259.455204291629 259.671077908388 259.876784905017 259.829061069374 259.929817347694 259.817926621898 259.811706333851
-9999 -9999 -9999 -9999 -9999 -9999 -9999 -9999 -9999 -9999 -9999 -9999 264.253744939158 263.66238232395 263.541190908678 263.42155470511 263.368896867873 263.197206230266 262.967930613945 262.863102879152 263.022428664386 262.660673653387 262.550360261488 262.266284169572 262.146048574497 262.256251043294 262.192000373972 262.082796349894 262.174976381167 261.790008772412 261.789131831127 261.83899629321 261.721654768138 261.397142206385 261.495166017125 261.219677292702 261.094974975119 260.60724931314 260.555209305246 260.546239889268 259.723103802117 260.530882328127 260.158294668332 259.546722188641 259.652335111942 259.598950643494 259.515044296779 259.69519385854 259.5069208367 259.631080905502
-9999 -9999 -9999 -9999 -9999 -9999 -9999 -9999 -9999 -9999 -9999 264.209245150562 264.321557262142 263.57439815517 263.651545431267 263.494092468047 263.257595480479 263.197569537794 262.870893875612 262.975085678779 263.025187132312 262.974380009791 262.629378219767 262.522203765962 262.468054023108 262.404068145907 262.46377548463 262.347031711014 262.290429196849 262.181584420272 262.168423133384 261.617484606476 261.613863738804 261.501657481082 261.390824209329 261.335311617911 261.313704819824 260.869113629969 260.497844137007 260.488229466381 259.591566710818 260.358275570906 259.925762271207 259.548729178697 259.51358377941 259.054266475846 259.048787344211 259.624663600148 259.304071434138 259.216749025162
