rcp8.5models/CNRM-CM5/sc1gr9.38
NCOLS 261 
NROWS 433 
XLLCORNER 336357.134 
YLLCORNER 654653.479 
CELLSIZE 1000 
NODATA_value -3.4e+38 
[rows 176 to 197 of 433, columns 98 to 146 of 261]
91.5290374755859 66.5651016235352 80.4330749511719 108.636077880859 127.106758117676 128.424102783203 129.357620239258 -3.4e+38 -3.4e+38 -3.4e+38 72.731575012207 72.9085464477539 73.5198516845703 74.4088973999023 75.4094009399414 75.6816024780273 76.1850814819336 76.4226455688477 77.0483474731445 77.9423675537109 78.5357284545898 78.8347244262695 78.6606903076172 78.8512268066406 79.2571105957031 79.6305084228516 81.3806762695312 81.5214614868164 81.7928924560547 82.3794250488281 92.2471313476562 116.865913391113 107.875373840332 84.9112396240234 85.0458831787109 85.4133987426758 86.2418518066406 86.7764892578125 95.1237030029297 107.74927520752 89.2940902709961 89.0479431152344 95.8357696533203 105.697738647461 91.1966781616211 98.6884536743164 116.391883850098 117.124565124512 135.093780517578
90.887336730957 100.111602783203 105.848983764648 91.7912826538086 100.948959350586 119.644348144531 102.892562866211 121.801734924316 99.1084594726562 99.089714050293 72.8403549194336 72.8089599609375 72.8756942749023 74.0871200561523 74.7644577026367 75.358772277832 75.7650527954102 76.0389556884766 76.7628784179688 -3.4e+38 78.0283966064453 78.3024063110352 78.6408843994141 78.3509826660156 78.493896484375 78.9983367919922 80.619270324707 80.7596130371094 81.1330261230469 81.8846817016602 89.2766571044922 117.660957336426 125.722061157227 84.1508178710938 92.9587860107422 106.419097900391 85.3307418823242 85.7327117919922 92.7319869995117 110.933151245117 107.818374633789 88.1569747924805 89.0787658691406 97.2032852172852 108.063537597656 96.2116317749023 110.810859680176 111.362693786621 111.405487060547
97.0108108520508 89.1905975341797 -3.4e+38 -3.4e+38 83.2547149658203 122.41438293457 102.38981628418 88.8883972167969 77.6584320068359 90.7729644775391 72.4234313964844 72.5931243896484 72.963737487793 73.575813293457 74.4421844482422 74.8480453491211 75.1211242675781 75.71630859375 76.3468017578125 77.1122207641602 77.3871307373047 77.9815826416016 78.1355438232422 77.5868682861328 77.8599319458008 78.5515060424805 79.9888305664062 80.4775161743164 80.7182006835938 81.122673034668 81.3936157226562 89.3891983032227 101.576354980469 83.2380905151367 89.9411392211914 -3.4e+38 92.8295059204102 93.3627166748047 106.029281616211 92.7405624389648 102.885070800781 87.9718780517578 88.7563705444336 94.6423568725586 103.903244018555 89.9622650146484 90.6317901611328 91.3900299072266 92.5225296020508
90.9801940917969 92.2712097167969 67.3519287109375 -3.4e+38 74.8019104003906 101.913925170898 123.055160522461 -3.4e+38 71.1120071411133 71.6309509277344 72.1361465454102 72.3681030273438 72.7415466308594 72.9319763183594 73.9311676025391 74.204216003418 74.7990798950195 75.2058715820312 75.5754699707031 76.4705276489258 77.066276550293 77.4751510620117 77.3664398193359 76.9521331787109 77.5447998046875 -3.4e+38 79.6760330200195 80.0830154418945 -3.4e+38 80.494026184082 81.0817108154297 81.7309265136719 82.3419723510742 82.1159286499023 -3.4e+38 -3.4e+38 -3.4e+38 91.2459106445312 101.113708496094 85.4525604248047 86.4635467529297 87.3255310058594 95.4827575683594 106.420234680176 89.0713272094727 96.7887268066406 106.842010498047 90.7665557861328 107.917335510254
71.7773666381836 83.443977355957 67.0429306030273 68.8577499389648 77.5445709228516 109.909126281738 120.497352600098 88.7923583984375 70.7205429077148 71.3102111816406 71.7080459594727 71.9762344360352 72.5928268432617 73.1533737182617 73.2876052856445 73.8825836181641 74.288932800293 74.5632171630859 75.2882995605469 76.1497116088867 76.5590362548828 76.8352661132812 77.0792388916016 76.6368255615234 77.0446472167969 77.3188247680664 79.1790771484375 79.3191375732422 -3.4e+38 80.1821670532227 80.586555480957 80.8287887573242 81.2467956542969 81.5122528076172 81.9141464233398 -3.4e+38 82.5677337646484 84.1775283813477 84.3036956787109 92.9865875244141 113.746971130371 114.041282653809 112.222747802734 102.140296936035 88.5776138305664 94.6252975463867 102.97730255127 90.4516754150391 104.173530578613
66.7756805419922 66.5728378295898 66.6538162231445 68.5486068725586 74.9560241699219 93.2017669677734 97.0626373291016 97.1833953857422 70.4016876220703 70.9198379516602 71.4223098754883 71.6534118652344 72.2678298950195 73.1552658081055 72.9665069580078 73.3719940185547 73.6462326049805 74.3711242675781 75.2310104370117 75.6417083740234 75.9186630249023 76.5157318115234 76.6719970703125 76.1357192993164 76.4110794067383 77.0050430297852 78.4142150878906 78.6888427734375 79.2805709838867 79.6863403320312 79.8215484619141 80.0924301147461 89.9666976928711 113.446228027344 103.847015380859 -3.4e+38 82.2619781494141 83.4157104492188 83.6828308105469 91.0524597167969 115.997840881348 135.729919433594 121.01244354248 86.7863464355469 95.3371047973633 112.938186645508 113.156791687012 106.440605163574 90.622688293457
74.7428131103516 92.180793762207 66.7588577270508 76.8452758789062 94.611213684082 69.2406845092773 75.9234848022461 89.1144180297852 70.3729019165039 70.6003952026367 70.9962463378906 71.2638244628906 71.981315612793 72.8321228027344 72.9777069091797 73.0857467651367 73.3254547119141 73.9577102661133 74.8534469604492 75.355354309082 75.5991134643555 76.0093460083008 75.9012603759766 75.5013961791992 76.0970993041992 76.5055999755859 77.4307250976562 78.376823425293 78.7839736938477 78.9203262329102 79.1924743652344 79.7810668945312 96.8841934204102 129.216781616211 98.3823928833008 81.116569519043 90.6644287109375 82.7944030761719 83.3757858276367 84.0350646972656 91.567253112793 107.815124511719 101.34733581543 86.1400146484375 92.773567199707 107.394790649414 114.871772766113 126.04906463623 90.1508560180664
71.8747482299805 84.0308380126953 75.5876770019531 74.1355590820312 86.1984710693359 68.9353866577148 69.6409912109375 79.5973205566406 97.1911697387695 70.2123031616211 70.7121429443359 71.0682907104492 71.9161148071289 72.4449615478516 72.9425659179688 72.6693649291992 72.8153762817383 73.187126159668 74.1793441772461 74.9450225830078 75.0918884277344 75.3701553344727 75.6155548095703 75.1872177124023 75.5966796875 75.8729782104492 76.7118988037109 77.5276794433594 78.1542434692383 78.6399154663086 78.8811187744141 79.137451171875 86.5699462890625 98.4399108886719 80.2255096435547 80.6262588500977 97.0747222900391 91.1521530151367 103.71492767334 91.7406921386719 104.417129516602 93.1498336791992 104.099937438965 85.0402603149414 85.9594192504883 86.3520584106445 100.063896179199 124.056007385254 105.560615539551
66.3126983642578 66.6851196289062 72.6831359863281 68.315559387207 68.4039764404297 77.6654510498047 95.8058013916016 76.9399795532227 89.3621368408203 70.2916946411133 70.2881469726562 70.7721710205078 71.8878555297852 72.1233291625977 72.5691299438477 72.4165802001953 72.5299758911133 72.9020233154297 73.7630920410156 74.3055419921875 74.806770324707 75.0519409179688 75.2103500366211 -3.4e+38 75.3160629272461 -3.4e+38 76.1078872680664 76.6261978149414 77.8433456420898 78.2503280639648 78.2375183105469 78.025260925293 78.5769500732422 88.9042510986328 111.753517150879 102.312911987305 96.8595275878906 88.9250793457031 107.540901184082 110.223342895508 99.6790084838867 90.66162109375 99.454345703125 84.7965927124023 85.4709701538086 85.7376708984375 99.8425216674805 117.859519958496 124.583541870117
66.0360336303711 -3.4e+38 -3.4e+38 68.4909057617188 68.6083526611328 68.8208847045898 69.361457824707 69.7449188232422 79.4931488037109 97.3819732666016 70.749870300293 71.4572525024414 71.1830673217773 71.3246994018555 71.9662475585938 72.2425689697266 -3.4e+38 72.4567260742188 72.7160034179688 73.6141586303711 74.1162414550781 74.3630905151367 74.7756423950195 74.8100967407227 74.6589431762695 74.891845703125 75.4349365234375 75.5715179443359 76.0931549072266 77.3108596801758 77.4566421508789 76.9375762939453 77.4625854492188 78.6782836914062 88.4608917236328 102.037399291992 79.7345962524414 113.962425231934 128.109115600586 109.839096069336 99.1873245239258 97.6308135986328 117.955078125 83.9723968505859 84.5512008666992 85.2173690795898 92.0462188720703 113.217140197754 123.076377868652
66.4285888671875 74.9223861694336 92.1415405273438 68.1925506591797 68.6806793212891 69.0104064941406 69.5858459472656 69.4491806030273 76.7135238647461 89.2580718994141 70.5219039916992 71.4300079345703 71.2899017333984 71.4212112426758 71.6807174682617 71.9216003417969 72.3296127319336 72.3695831298828 72.4554290771484 73.2980041503906 73.7111358642578 73.8572006225586 74.1384124755859 74.4935531616211 74.2591323852539 74.3862533569336 74.8031768798828 75.2922592163086 75.6435623168945 76.4637069702148 76.9730987548828 77.0238723754883 77.1581954956055 78.1868438720703 85.9073944091797 97.0544586181641 79.4304580688477 87.8208389282227 114.017868041992 127.827430725098 102.338073730469 88.8033218383789 106.55647277832 102.338813781738 84.0622787475586 84.5994491577148 85.6836013793945 99.1350250244141 117.192276000977
66.2229080200195 72.5387649536133 84.1591720581055 67.8845901489258 68.3844680786133 69.0852661132812 69.7247314453125 69.5268783569336 69.5207290649414 69.7826385498047 70.4978103637695 71.2474746704102 71.3863983154297 71.5197372436523 71.2644119262695 71.5418548583984 72.0442581176758 72.1888732910156 72.4188613891602 72.9268569946289 73.4298248291016 73.5752105712891 73.8232040405273 74.1268539428711 73.9807510375977 74.1084136962891 75.0669860839844 76.4948348999023 75.5429916381836 75.9131774902344 76.778434753418 76.9238586425781 76.6671829223633 77.5649719238281 78.1537857055664 78.5557403564453 79.0850524902344 80.418815612793 96.8283615112305 134.523223876953 118.317855834961 81.9265441894531 89.3412628173828 98.4949798583984 83.7893981933594 84.2976379394531 85.3167343139648 91.4269104003906 123.526863098145
66.0477828979492 66.8987274169922 67.4529571533203 67.8667602539062 68.201774597168 69.1517028808594 69.8898010253906 69.7798156738281 69.243522644043 69.5950927734375 70.4347610473633 70.8272476196289 70.9660034179688 71.2385330200195 71.3588562011719 71.2226791381836 71.6314315795898 71.7766799926758 72.0438385009766 72.6124496459961 73.0269088745117 73.1729965209961 73.4559326171875 73.9554138183594 73.9501800537109 73.7156448364258 87.4292449951172 120.083984375 105.150344848633 75.5267333984375 76.4240112304688 76.6469421386719 76.2506637573242 76.9119415283203 77.8072967529297 78.2824935913086 88.0085220336914 88.9542922973633 108.702728271484 113.444114685059 117.98641204834 81.7104415893555 82.798957824707 83.0323867797852 83.575309753418 84.306396484375 84.8952789306641 -3.4e+38 122.449821472168
65.9950256347656 66.692024230957 67.7788314819336 67.5759582519531 68.2732391357422 69.0930099487305 69.5993194580078 69.9883193969727 69.7011489868164 69.6669845581055 70.4110870361328 70.5461883544922 70.68310546875 70.9184875488281 71.2201232910156 70.8454513549805 71.3481674194336 71.4925231933594 71.8676986694336 72.613395690918 72.7475433349609 72.8928909301758 73.1423797607422 73.5569839477539 73.58642578125 73.4393844604492 98.4103622436523 -3.4e+38 98.622200012207 75.2504196166992 76.1159591674805 76.4082260131836 76.2553787231445 76.6399841308594 77.5043563842773 77.9071502685547 95.0236511230469 95.9147109985352 118.370239257812 96.452392578125 117.472496032715 81.4123687744141 90.6745910644531 101.632110595703 83.4283981323242 84.1417617797852 84.0770492553711 84.1884078979492 107.012702941895
66.3836288452148 66.5213317871094 67.853385925293 67.9313201904297 68.7389526367188 69.0768356323242 69.2894973754883 69.668083190918 69.8264389038086 70.1251220703125 70.4864273071289 70.6213912963867 70.7584075927734 70.8973007202148 71.0756607055664 70.9005355834961 70.9377136230469 71.2197494506836 71.8243789672852 72.2249145507812 72.3467788696289 72.6321868896484 73.1345062255859 73.2777404785156 73.2743606567383 73.0483322143555 127.99486541748 -3.4e+38 102.713554382324 74.7234649658203 75.4150238037109 76.2465591430664 76.2287292480469 76.2638092041016 77.1592178344727 77.6350326538086 85.5114593505859 95.8396072387695 126.712844848633 117.093338012695 125.910514831543 101.212440490723 88.8848571777344 106.031852722168 101.769355773926 83.6866607666016 83.6899261474609 84.2662658691406 91.2115249633789
-3.4e+38 66.8679733276367 67.5674667358398 68.246337890625 68.7249069213867 69.1541595458984 69.2740020751953 69.3954544067383 69.7433013916016 70.4771194458008 70.4498062133789 70.205940246582 70.3428192138672 70.4817886352539 71.2601928710938 71.2989807128906 71.0256729125977 70.9034957885742 71.3164596557617 71.7324829101562 72.4336090087891 72.3208312988281 72.7374954223633 73.0228042602539 73.4125595092773 73.1317291259766 121.305786132812 -3.4e+38 133.102630615234 74.4785385131836 75.1821899414062 75.8639221191406 76.0225219726562 76.3394165039062 76.8571395874023 77.5558776855469 78.4941940307617 95.4430084228516 124.496429443359 104.182205200195 112.509773254395 117.133247375488 81.9548187255859 97.4272155761719 116.99821472168 83.3893890380859 83.4591979980469 91.944465637207 101.631645202637
90.4104690551758 67.2688522338867 67.9310607910156 68.2351531982422 68.5602645874023 69.3968658447266 69.7367935180664 69.4740753173828 69.8210678100586 70.5569534301758 70.5852203369141 70.304313659668 70.064453125 70.2018661499023 70.8479690551758 71.1296081542969 71.3878402709961 70.8914031982422 71.0361404418945 71.3888702392578 72.0987930297852 72.3163146972656 72.4608840942383 72.7126235961914 73.1291580200195 73.1590347290039 84.9015502929688 122.683448791504 129.099075317383 74.3531799316406 75.4611740112305 75.5886764526367 75.687141418457 76.0421371459961 76.868766784668 77.3725357055664 78.5510025024414 86.2077407836914 95.9196395874023 88.6220092773438 107.669075012207 105.87646484375 109.530860900879 108.477180480957 107.422492980957 103.122230529785 83.5207901000977 98.7777862548828 116.020767211914
82.7208862304688 67.8072509765625 68.2488784790039 68.4473190307617 69.0060424804688 69.46142578125 69.866096496582 69.9360122680664 69.7720947265625 70.2838439941406 70.7675018310547 70.7975616455078 70.5200500488281 70.2864151000977 70.5681533813477 70.8136749267578 70.9793395996094 70.6265411376953 71.1320877075195 71.2771301269531 71.6629180908203 72.2797317504883 72.2086563110352 72.7115020751953 72.853157043457 72.8503265380859 73.1962203979492 81.9497528076172 94.63037109375 74.3953399658203 75.0795593261719 75.3557968139648 75.7239227294922 75.8085479736328 76.6460189819336 77.3877639770508 87.5979461669922 78.806640625 79.1286697387695 95.6409454345703 126.204818725586 117.366561889648 132.591644287109 117.315544128418 90.8311233520508 107.966613769531 102.06859588623 -3.4e+38 108.847053527832
67.0787963867188 67.7750015258789 68.2447357177734 68.6466674804688 69.3415985107422 69.4528503417969 69.6603088378906 69.9330978393555 69.6422348022461 69.6178970336914 70.4912872314453 70.9845809936523 71.0170364379883 70.7432708740234 70.6584396362305 70.8022003173828 70.8409652709961 70.6767120361328 70.7306594848633 71.0182418823242 71.7668991088867 72.2773132324219 71.9006729125977 72.1794357299805 72.257942199707 -3.4e+38 72.7581481933594 73.6319961547852 74.1861572265625 74.6771469116211 74.8062744140625 75.0508346557617 75.6092300415039 76.0945663452148 76.3467788696289 77.1695022583008 85.8056945800781 78.9266052246094 88.8353424072266 107.768310546875 104.498031616211 104.940956115723 113.629951477051 126.55379486084 111.673446655273 118.379005432129 125.030662536621 110.814140319824 95.2918853759766
67.845588684082 68.1463623046875 68.7215194702148 68.758430480957 69.4498138427734 69.5416030883789 69.6528930664062 69.7662734985352 69.9148788452148 70.2152786254883 70.5528106689453 70.5745010375977 70.7094955444336 70.8832092285156 70.7531661987305 70.8979110717773 71.0432815551758 70.9413909912109 70.4553527832031 70.7078399658203 71.3749160766602 72.1781845092773 72.2568969726562 71.9378814697266 71.8894119262695 72.5160217285156 72.8783340454102 73.6325149536133 73.8823394775391 74.445930480957 74.9353179931641 75.0618896484375 75.3087387084961 75.8783645629883 76.3648300170898 76.8722381591797 78.0549240112305 100.914443969727 96.3397445678711 126.776962280273 101.258125305176 81.3858413696289 98.2221908569336 133.924621582031 125.52271270752 106.670761108398 113.648239135742 131.60986328125 105.364303588867
69.0297546386719 68.5665283203125 69.0512008666992 69.9379119873047 69.6599655151367 69.7597885131836 69.9930114746094 70.4586181640625 70.6502532958984 71.0231399536133 71.0444946289062 70.7644195556641 70.5324172973633 70.6698989868164 70.8479385375977 70.6877822875977 70.8886337280273 71.3982467651367 71.4379196166992 71.1722412109375 70.9632873535156 71.2141799926758 71.7680816650391 72.1242218017578 71.7749710083008 71.8576965332031 72.8145904541016 73.1847839355469 74.0271148681641 74.158203125 74.406623840332 85.2561645507812 109.935943603516 99.4839172363281 83.7378540039062 103.075012207031 105.983253479004 97.4327697753906 88.9468460083008 110.592399597168 109.130676269531 105.663764953613 106.171562194824 108.545974731445 119.471626281738 133.427169799805 132.272872924805 126.510124206543 123.906425476074
69.2717361450195 -3.4e+38 69.2836532592773 70.4450607299805 70.1367645263672 69.8616485595703 70.0630340576172 70.6977005004883 71.3728790283203 71.1218566894531 71.2448883056641 71.2701950073242 70.9956512451172 70.7714691162109 71.0564193725586 70.9545288085938 70.5832824707031 71.0024795532227 71.295051574707 71.5555953979492 71.2209396362305 71.5721969604492 71.616828918457 72.263671875 71.8814468383789 71.7798614501953 83.7144622802734 109.781326293945 99.4496231079102 84.7731475830078 109.79753112793 107.672492980957 113.040855407715 118.926383972168 75.8751907348633 76.5424270629883 95.5451431274414 80.1475067138672 97.5914154052734 127.23184967041 107.70832824707 102.809562683105 91.9052581787109 119.648803710938 136.271194458008 134.782775878906 124.772003173828 116.389869689941 101.226722717285
