rcp8.5models/CNRM-CM5/sc1gr21.15
NCOLS 261 
NROWS 433 
XLLCORNER 336357.134 
YLLCORNER 654653.479 
CELLSIZE 1000 
NODATA_value -9999 
[rows 352 to 373 of 433, columns 50 to 99 of 261]
1341.11206054688 874.853820800781 654.560119628906 570.238891601562 533.52099609375 585.959716796875 723.107849121094 782.872314453125 718.392639160156 765.219421386719 824.305969238281 755.338928222656 586.284362792969 333.244323730469 313.542663574219 275.090637207031 235.751205444336 217.384994506836 251.433929443359 340.059692382812 464.149658203125 700.426940917969 982.762756347656 999.283081054688 755.882263183594 349.506561279297 212.889953613281 142.739471435547 122.285980224609 119.797813415527 129.421966552734 149.969268798828 170.591079711914 187.770492553711 218.445297241211 267.843170166016 290.155578613281 237.452529907227 209.697769165039 224.824768066406 326.132751464844 489.958282470703 555.804931640625 574.178833007812 680.318298339844 778.464904785156 765.36083984375 606.176025390625 588.343078613281 648.961791992188
1403.70629882812 945.733337402344 803.947937011719 762.132507324219 640.172485351562 579.001037597656 615.023803710938 622.217834472656 570.446166992188 611.374572753906 747.594421386719 769.870361328125 578.111267089844 388.297454833984 353.41259765625 278.095611572266 230.084884643555 215.700286865234 265.39013671875 360.477844238281 483.001159667969 584.202087402344 599.546020507812 525.057739257812 434.991851806641 348.888488769531 245.519226074219 148.459167480469 115.988258361816 113.924339294434 114.008590698242 119.965461730957 136.839828491211 164.348236083984 195.421997070312 240.842056274414 317.325805664062 300.248016357422 276.106506347656 253.720916748047 247.762786865234 296.393096923828 365.260559082031 429.666809082031 521.752258300781 586.742431640625 601.210083007812 507.577178955078 463.817901611328 519.168518066406
1778.49157714844 1157.51147460938 841.968811035156 819.292236328125 705.786010742188 572.973876953125 496.522155761719 484.043304443359 489.972045898438 618.974792480469 808.047180175781 773.990417480469 554.294982910156 538.143371582031 490.2724609375 362.425598144531 277.414093017578 235.159469604492 263.846954345703 350.635070800781 402.675750732422 363.242462158203 281.771087646484 223.746444702148 204.039611816406 209.594589233398 183.403656005859 155.523010253906 134.457229614258 115.632675170898 107.797431945801 108.483055114746 115.30850982666 133.08381652832 162.73860168457 205.500625610352 301.230743408203 321.4814453125 323.045196533203 299.433349609375 269.837677001953 274.424102783203 300.597564697266 331.990753173828 391.968444824219 457.622528076172 498.387634277344 491.241333007812 438.871551513672 436.466949462891
1515.00769042969 1054.62854003906 756.492248535156 727.757873535156 624.150085449219 487.580108642578 406.887481689453 402.735748291016 435.497039794922 585.664367675781 705.028381347656 612.610778808594 456.059753417969 627.280822753906 587.951049804688 429.859649658203 309.684906005859 249.803115844727 272.837524414062 358.929840087891 403.292602539062 364.786224365234 264.083465576172 166.376937866211 145.197769165039 185.239456176758 202.106643676758 204.411209106445 167.724319458008 127.257392883301 112.323806762695 108.046997070312 107.191268920898 113.075904846191 139.330963134766 181.394348144531 261.189666748047 295.677764892578 299.850006103516 273.359436035156 255.994781494141 271.678192138672 287.849456787109 281.340789794922 290.012481689453 348.875244140625 419.756591796875 492.298736572266 477.702392578125 445.547668457031
2347.392578125 1266.22937011719 699.785949707031 740.671081542969 696.378662109375 516.92431640625 373.682678222656 327.825500488281 319.725891113281 393.971771240234 478.798126220703 463.019683837891 400.223571777344 492.803283691406 453.754028320312 380.995452880859 310.742950439453 259.944519042969 288.210632324219 365.239379882812 419.969207763672 411.406555175781 283.341186523438 133.05046081543 92.6783752441406 228.281448364258 255.169906616211 246.388519287109 220.011245727539 198.685089111328 174.801254272461 134.334503173828 110.997108459473 109.092239379883 131.052932739258 173.400543212891 227.431579589844 251.581619262695 248.629577636719 220.073867797852 198.674880981445 208.049621582031 232.202224731445 238.250534057617 244.021438598633 294.959503173828 376.584411621094 512.783264160156 505.253540039062 463.246765136719
2275.97338867188 1481.42883300781 746.148010253906 624.483337402344 561.450439453125 478.375335693359 406.924346923828 347.915191650391 295.171203613281 317.814392089844 376.999328613281 394.970245361328 386.697937011719 409.742248535156 366.942962646484 323.9033203125 279.270904541016 255.958801269531 268.870483398438 311.980407714844 401.227813720703 451.460723876953 328.612274169922 147.832489013672 77.9004898071289 230.001586914062 268.799468994141 259.519744873047 246.182647705078 230.87255859375 209.481704711914 186.620208740234 168.302108764648 142.721878051758 125.877738952637 148.746704101562 208.216003417969 216.434509277344 207.360137939453 178.254196166992 153.211837768555 153.325241088867 176.895126342773 211.324111938477 258.938812255859 319.618072509766 380.464080810547 601.857299804688 675.859008789062 649.946838378906
1966.01196289062 1541.52941894531 983.338073730469 669.797302246094 527.280456542969 460.165191650391 404.013275146484 343.45556640625 306.86572265625 330.373870849609 367.448059082031 384.974884033203 408.347625732422 465.003082275391 387.073944091797 299.473785400391 263.673187255859 310.684997558594 375.259552001953 437.785247802734 557.230834960938 580.109985351562 427.875061035156 232.789794921875 106.274047851562 203.882614135742 258.013549804688 249.76188659668 215.590209960938 180.840805053711 173.811721801758 194.522857666016 216.503494262695 200.803588867188 147.038284301758 119.710678100586 158.40966796875 172.100051879883 177.176971435547 158.62419128418 138.641174316406 136.271606445312 150.39697265625 202.651748657227 287.749450683594 349.069610595703 378.257080078125 601.674987792969 762.070495605469 809.046936035156
2695.29858398438 2028.81372070312 1403.97827148438 1082.21704101562 769.118286132812 507.490142822266 387.459503173828 333.526702880859 320.039764404297 345.868804931641 368.937103271484 430.0986328125 528.083129882812 486.936645507812 393.500885009766 325.257934570312 345.422912597656 429.918273925781 577.881896972656 652.428955078125 648.651000976562 629.639892578125 497.399353027344 275.802917480469 116.309791564941 152.932266235352 233.703125 255.092712402344 226.89013671875 184.709762573242 158.136978149414 168.309448242188 211.262725830078 231.977996826172 180.073013305664 115.174736022949 112.472930908203 126.061294555664 139.861572265625 142.643630981445 138.724014282227 137.925109863281 143.32373046875 173.533966064453 241.833557128906 316.290069580078 359.613922119141 459.376403808594 577.9296875 663.596252441406
3660.1259765625 2249.91528320312 1819.32312011719 1493.640625 914.935424804688 585.883911132812 489.030944824219 402.277954101562 339.049835205078 332.410278320312 345.795593261719 410.400848388672 450.962585449219 358.467651367188 379.597961425781 437.226654052734 493.903350830078 540.480163574219 712.009338378906 773.032043457031 634.560485839844 565.127502441406 521.2080078125 355.908447265625 184.469924926758 151.935089111328 219.237045288086 262.680786132812 267.445953369141 253.882232666016 221.52458190918 182.854415893555 175.821136474609 187.104766845703 158.185409545898 109.380783081055 97.7471084594727 107.166122436523 121.216522216797 135.982055664062 141.58332824707 138.579895019531 136.80647277832 147.835205078125 191.239410400391 266.853912353516 325.879211425781 355.621032714844 393.948516845703 454.983520507812
4728.3291015625 2363.1591796875 2111.67260742188 1975.45458984375 1641.21337890625 1131.26220703125 795.019775390625 591.136535644531 412.741760253906 337.700653076172 353.385772705078 402.796661376953 359.86181640625 304.14013671875 425.822235107422 500.379638671875 518.906799316406 570.1298828125 703.232299804688 746.139038085938 656.162963867188 567.372131347656 470.199951171875 323.26904296875 208.052993774414 183.081954956055 214.033981323242 253.966903686523 280.302734375 293.599517822266 292.00390625 249.420455932617 183.358840942383 144.175354003906 125.808174133301 110.243118286133 101.997406005859 106.48811340332 116.431922912598 132.140090942383 141.528228759766 136.317001342773 126.753044128418 132.197982788086 175.991317749023 248.591735839844 299.327239990234 325.854217529297 332.452423095703 348.752868652344
3299.07861328125 2599.27905273438 2059.04321289062 1647.59985351562 1506.98937988281 1426.19262695312 1220.73132324219 982.716186523438 778.993347167969 503.565277099609 282.05517578125 233.803207397461 280.178619384766 333.393798828125 401.711700439453 399.82861328125 341.706024169922 343.467071533203 407.765625 542.273254394531 681.793640136719 670.864929199219 511.810913085938 354.260040283203 276.714080810547 279.60205078125 315.414215087891 338.002410888672 326.599334716797 317.820953369141 337.919464111328 345.814727783203 286.003753662109 193.373748779297 143.034133911133 133.018280029297 127.987144470215 125.198600769043 133.684127807617 161.791580200195 176.671493530273 160.394515991211 145.683334350586 158.65788269043 196.424301147461 238.240432739258 272.766418457031 308.207214355469 297.043640136719 283.688537597656
3319.22509765625 2388.07958984375 1213.83544921875 1144.79614257812 1315.71765136719 1391.02941894531 1242.25659179688 991.00927734375 703.933959960938 401.550354003906 212.648681640625 235.493347167969 416.220916748047 483.221496582031 470.579315185547 450.530151367188 486.610565185547 550.502746582031 618.711853027344 775.503601074219 936.710327148438 902.712829589844 643.686401367188 402.77587890625 317.971038818359 330.612274169922 402.738983154297 445.228515625 395.793334960938 334.166931152344 356.311431884766 400.411560058594 340.178955078125 226.912811279297 164.935073852539 140.929504394531 128.017395019531 127.484176635742 135.330154418945 162.727279663086 182.072769165039 167.840393066406 160.350936889648 189.325012207031 231.482376098633 278.351898193359 369.577819824219 488.007568359375 393.733215332031 325.090484619141
3036.57104492188 2426.2412109375 1068.68200683594 830.360961914062 854.585632324219 880.972839355469 1066.13049316406 1087.94689941406 794.019775390625 447.268615722656 245.781051635742 220.172027587891 410.838958740234 657.013671875 671.726196289062 675.138671875 755.570434570312 865.999450683594 884.094848632812 904.736511230469 967.052795410156 908.015625 680.600036621094 458.587432861328 355.559112548828 328.613067626953 403.167022705078 492.650695800781 463.536926269531 360.848785400391 339.224365234375 379.545104980469 352.672119140625 271.01611328125 192.858383178711 127.843627929688 109.20565032959 121.395065307617 130.403350830078 149.299652099609 174.921493530273 179.527236938477 182.918014526367 216.69596862793 284.491821289062 388.231140136719 534.086791992188 648.393798828125 506.260894775391 392.383239746094
3244.48046875 2552.25317382812 1213.47094726562 945.828918457031 816.223266601562 745.223876953125 932.851745605469 1003.31756591797 802.771240234375 607.849182128906 503.710998535156 363.635162353516 375.282501220703 961.590698242188 1262.03173828125 1343.27331542969 1160.42810058594 999.620239257812 915.809692382812 854.064392089844 827.148315429688 747.040283203125 605.493835449219 471.571197509766 383.785430908203 361.879241943359 461.828857421875 591.159362792969 568.777770996094 409.406585693359 309.023315429688 290.470336914062 269.174041748047 245.99201965332 203.502807617188 123.903617858887 78.5265960693359 101.995735168457 122.380081176758 137.522155761719 164.278045654297 190.831970214844 210.658340454102 258.674591064453 357.24072265625 473.075408935547 578.968566894531 622.535522460938 499.623352050781 398.086791992188
-9999 2753.95703125 1449.60864257812 1218.87048339844 1042.15490722656 823.59912109375 721.090393066406 699.702392578125 667.959411621094 647.772766113281 636.357971191406 568.293579101562 513.236328125 929.184814453125 1356.41845703125 1558.23950195312 1296.81420898438 924.314514160156 728.519653320312 663.128173828125 645.232666015625 624.747802734375 595.434387207031 566.424438476562 481.294097900391 441.03759765625 587.3974609375 700.263427734375 678.82568359375 510.813415527344 337.014739990234 263.552215576172 241.199844360352 231.477584838867 213.951370239258 149.01643371582 62.3365859985352 81.2784729003906 109.804969787598 127.825820922852 144.088943481445 169.408905029297 203.571166992188 281.575744628906 404.013824462891 491.800079345703 513.307250976562 462.408996582031 405.636322021484 364.271301269531
-9999 2549.13720703125 1802.04321289062 1457.17993164062 1175.22229003906 873.649841308594 639.591674804688 529.770446777344 608.735473632812 779.685485839844 864.791870117188 866.843139648438 745.169921875 716.043151855469 1095.548828125 1369.87109375 1162.4765625 842.407592773438 627.741333007812 462.843078613281 425.384307861328 482.68603515625 524.603271484375 519.127319335938 421.504669189453 411.320739746094 590.997192382812 690.183288574219 662.061584472656 531.198913574219 376.094482421875 282.137329101562 253.544906616211 233.844696044922 189.661682128906 133.111053466797 63.8078575134277 66.3060073852539 90.3340454101562 115.225143432617 126.03133392334 134.340103149414 161.361038208008 231.510955810547 346.358612060547 440.891387939453 449.581695556641 361.541442871094 339.742156982422 334.535827636719
-9999 3829.06762695312 2024.68090820312 1498.50280761719 1303.96154785156 973.296447753906 603.041870117188 430.851226806641 534.228332519531 732.564880371094 808.78955078125 785.504089355469 727.773132324219 590.629333496094 741.021179199219 904.786071777344 855.308349609375 739.257141113281 608.964538574219 413.680755615234 284.449005126953 322.369689941406 411.02783203125 437.918395996094 370.146057128906 276.149597167969 325.241424560547 377.562713623047 411.027862548828 393.426177978516 342.328674316406 292.500427246094 254.409881591797 214.005874633789 165.820861816406 127.490798950195 76.2274627685547 62.9591484069824 72.4381866455078 97.1254501342773 114.774597167969 121.220909118652 141.112808227539 186.84114074707 270.170166015625 368.820648193359 408.289306640625 337.402984619141 297.2265625 283.366363525391
-9999 4221.56884765625 1983.18896484375 1417.65979003906 1254.27783203125 1035.74645996094 641.868896484375 395.677886962891 476.325622558594 681.728332519531 793.5009765625 721.77490234375 621.603332519531 485.723815917969 536.566223144531 661.252563476562 721.665954589844 650.199279785156 528.811645507812 373.802734375 219.987640380859 183.228378295898 281.688751220703 388.509704589844 401.088134765625 229.275253295898 198.883102416992 208.397583007812 231.230880737305 245.750610351562 249.094909667969 260.745361328125 252.647232055664 204.15234375 160.658477783203 139.693695068359 96.5216522216797 72.7356033325195 64.0397491455078 79.0076522827148 103.045379638672 115.387435913086 121.907844543457 129.901184082031 177.249267578125 276.306457519531 347.700134277344 341.261688232422 283.739532470703 223.745697021484
-9999 4488.1552734375 2140.96484375 1381.11096191406 1166.19921875 1027.17321777344 671.089538574219 410.093017578125 433.067718505859 621.225219726562 724.394592285156 630.371032714844 510.676910400391 373.103271484375 441.103363037109 604.042236328125 674.020202636719 579.755981445312 440.840515136719 313.022796630859 201.841613769531 146.23844909668 220.547515869141 382.396423339844 474.864501953125 239.52555847168 178.573135375977 175.148635864258 179.438995361328 187.434188842773 202.571075439453 238.814239501953 263.951324462891 227.736129760742 172.774398803711 145.898406982422 112.570617675781 89.2576904296875 66.2981414794922 61.1573066711426 73.6382064819336 83.5993881225586 77.5499572753906 65.2746887207031 75.8491973876953 134.231430053711 224.944931030273 340.179138183594 308.606689453125 228.740951538086
-9999 6554.61865234375 2752.27026367188 1468.04223632812 1115.01538085938 967.661499023438 738.504211425781 543.1064453125 483.221954345703 489.448699951172 479.380615234375 460.791900634766 455.407409667969 450.452606201172 560.020690917969 673.262756347656 710.929260253906 614.821350097656 452.532409667969 317.18798828125 244.097137451172 190.956405639648 201.85888671875 354.660461425781 501.212493896484 256.886505126953 163.349746704102 143.195770263672 134.026443481445 137.885986328125 170.111511230469 226.314498901367 272.475769042969 260.265655517578 204.699172973633 155.225250244141 114.137222290039 92.7584686279297 61.3509979248047 37.513256072998 31.1650066375732 38.1159400939941 41.9474449157715 38.9818496704102 40.3036308288574 75.6684799194336 163.881866455078 271.25634765625 239.412231445312 188.967086791992
6661.408203125 6672.60791015625 3331.07299804688 1838.68859863281 1239.71728515625 959.061157226562 760.970153808594 629.343994140625 505.464630126953 419.367553710938 390.056610107422 444.837829589844 503.728485107422 1405.15600585938 1674.88146972656 1114.3603515625 754.980041503906 634.260925292969 478.480682373047 330.075073242188 259.554504394531 212.306289672852 268.859985351562 428.77490234375 517.801940917969 284.654357910156 184.262985229492 141.58464050293 117.11531829834 106.710960388184 126.49259185791 158.141342163086 191.917007446289 235.936630249023 252.485000610352 206.553161621094 111.524337768555 78.3943328857422 36.3704872131348 13.299388885498 8.62482166290283 15.2670793533325 27.2841243743896 34.2667465209961 36.3887977600098 50.039794921875 85.6522598266602 164.106689453125 168.277267456055 160.552963256836
11712.693359375 8568.962890625 2264.64892578125 1776.5625 1393.97705078125 919.386474609375 674.617797851562 569.676696777344 452.866821289062 410.378479003906 446.060516357422 535.216613769531 639.417175292969 1291.61022949219 1478.451171875 973.042297363281 512.349548339844 367.613739013672 323.299530029297 285.623779296875 260.860595703125 276.911743164062 427.136322021484 571.736206054688 541.1943359375 351.336120605469 286.650451660156 196.679840087891 121.964576721191 96.5910873413086 100.584785461426 109.954025268555 133.189239501953 198.795135498047 264.175506591797 254.65754699707 128.97151184082 91.6103439331055 47.6215858459473 13.2764892578125 3.9803729057312 7.84253597259521 18.8971767425537 30.7163524627686 35.0453071594238 36.5043296813965 42.0671272277832 108.296112060547 136.414596557617 148.613723754883
