rcp8.5models/CNRM-CM5/sc1gr5.2
NCOLS 261 
NROWS 433 
XLLCORNER 336357.134 
YLLCORNER 654653.479 
CELLSIZE 1000 
NODATA_value -9999 
[rows 198 to 219 of 433, columns 50 to 99 of 261]
293.189608990952 293.240576023434 292.949077090235 292.694965612644 292.687019942384 292.577641445089 292.471826281763 292.054379040587 292.275520383681 291.871201876712 291.69358688293 291.695593066706 291.712224199283 291.576431730903 291.269987122662 291.032662867568 290.711926806205 290.289745199617 289.897112678007 289.900425017308 289.567727594176 289.576246522431 289.452887069564 289.184595697635 288.964511215857 288.728460706905 288.2273083607 287.983539503007 287.425604171253 287.343570810714 286.96938648702 286.644016442691 287.183376780683 287.407169004036 287.089089640805 287.250020449537 287.638080901018 287.192088145838 286.82691062754 286.772597502411 287.390825956861 287.295739600257 286.997247011254 286.523328257464 285.868812656223 285.295509003379 285.537128427822 285.527936331419 285.078215164624 285.043871140906
293.062045119017 292.739819504655 292.687374995753 292.454875633472 292.363155180202 292.571063740681 292.428777337255 291.768026069522 291.629966547615 291.368342499342 291.356797951967 291.412787317943 291.610976283348 291.571364179615 291.446553181134 291.295937308807 291.059188832768 290.545478741577 290.334362958678 290.023875494637 289.785461577625 290.00489901859 289.865316595296 289.184992608543 288.864301025905 288.350472106178 288.126641997769 288.02358979586 287.74434626732 287.488516974465 286.927733154602 286.768080881915 286.973417930311 287.094097201982 286.967127002421 287.131226301297 287.563848746342 287.149870700498 286.701709364708 286.861917150631 286.907947186718 286.956967566108 286.839647780369 286.349133249324 285.844326653096 285.212175248963 284.967540175861 285.255272038253 285.004792572488 284.819044979403
292.663029464323 292.718045713994 292.447775923483 291.995952416113 291.884408986239 292.042552850915 292.560712659278 292.20760227083 291.675910518405 291.33989909655 291.133645121364 290.81317558315 290.9684544468 291.207336390734 291.18174176291 291.058563397275 290.797757401271 290.397476871155 290.503527190687 290.113885666886 290.06854011779 289.863387007644 289.406241457067 289.095629859317 288.753561995937 288.203759426185 288.66230224522 288.539993163866 287.833641224207 287.543669074548 287.438670860546 287.175698716963 287.209680535001 287.206902505099 287.029988242264 286.960311328194 287.191146898576 286.898057420776 286.728208193384 286.820344400197 286.610434555685 286.692349595793 286.677900659854 286.42362960435 285.939377994158 285.172665744865 284.720169320445 284.918764920581 284.760739671872 284.660919595637
292.525086785569 292.633455478114 292.442305955633 291.769622613828 291.446867117355 291.24199944237 292.14066930942 292.221451830782 291.638810873838 291.349719507862 291.045463929647 290.781786700009 290.75502952276 290.785675290726 291.02130764488 290.870102042398 290.429410793557 289.990950174255 290.283488114906 290.420246943182 290.047001752583 289.785903348767 289.072578623805 289.05992713898 288.981248359842 288.814992819018 288.753413497622 288.210238515276 287.937172564466 287.835292138548 287.868945354136 287.610820347644 287.645142919181 287.463638077203 286.935665617733 286.819301300075 286.821812536808 286.716310830326 286.695988060144 286.552563590475 286.62706392844 286.638293354167 286.582774962677 286.510739217534 285.964802261352 285.420710811309 285.279189340085 285.239410584827 284.565919982863 284.336794279292
292.424693982553 292.189070015842 292.502322465163 292.155514607053 291.61034294058 291.317658422936 291.938723363675 291.939001739752 291.497017823672 291.080412873074 290.692847288688 290.583786151005 290.515780453611 290.269889267372 290.6585719502 290.317734682665 290.459376053308 289.812745654 289.945793095218 290.157844613637 289.858184915706 289.504131983914 289.066451442976 289.053628464786 289.084036688467 289.163212304711 288.881766495844 288.224764118668 287.901348889724 287.993646432606 287.986757461175 287.775651155065 287.736557431736 287.592094592841 287.267122918316 286.831980054115 286.820606648666 286.727472019388 286.339783190759 285.876934889909 286.271595448629 286.537632651778 286.552401939218 286.68214946396 286.389452256285 285.852581161767 285.402788197002 285.20553413299 284.3653734196 283.64038329326
292.458539770297 291.907022267961 292.023595973213 291.875401866797 291.651871672472 291.4462672847 291.469876694695 291.403491837735 291.381119743128 291.007970357548 290.717066353093 290.39780560288 290.067384018419 290.012413850354 290.057441840718 289.905092772104 290.062801641654 289.848165930216 290.010474974066 290.012757252015 289.901445687575 289.803645367269 289.533934626577 -9999 289.050109780942 288.944204848871 288.439755368317 288.084109248613 288.128047117427 287.898681433847 288.113678415199 288.223408112977 287.766395580325 287.772712471422 287.674099151984 -9999 287.296263410691 286.738552595274 286.515784664315 285.952968127538 286.252007609824 286.552770239176 286.341895267863 286.159393520245 286.474947560193 285.982187284229 285.418477673242 285.168890858185 284.584970834729 283.906708893418
292.376079259661 292.027009519846 291.800343696136 291.634418800918 291.494937670058 291.34448032107 291.378358075704 291.266677774887 291.113001079608 291.114593245157 290.865544172288 290.542652919505 289.881585214836 289.896043062979 289.95312358995 290.152276755976 289.813839599763 289.813491231045 289.651266293288 289.863111195865 289.821902403278 289.741533643994 289.319961065292 288.984931229961 288.8157042475 288.722869951388 288.423870451134 288.286080535833 288.633492341224 288.418179948089 288.340968834292 288.761381538534 288.431098813813 288.213404101385 287.890923742741 287.804355641469 287.689530651582 287.05001101104 286.524138256927 286.03526445282 285.901991253949 286.199569376664 286.112083376906 285.561180948158 285.889113337852 285.887844959515 285.570516503894 285.345733759438 284.867271598714 284.664644534522
292.523752229956 292.187216671529 291.883670736069 291.932028397006 291.723945815236 291.783988209036 291.977045165927 291.665260006006 291.027378010289 290.98491140982 290.889512297764 290.818437360828 290.60704199105 290.339066071349 290.064801733287 290.506348494216 289.889270050507 289.830716791184 289.52981339579 289.562345933227 289.283967739306 289.130190948846 288.940844279127 288.867793459655 288.687413239207 288.730251279026 288.827164690741 288.707667040217 288.909977634108 288.847732618601 288.642578846978 288.814672302751 288.712629124658 288.266468089014 287.733983363733 287.554066627373 287.248791630642 287.29597871198 286.457251967386 285.753490606364 285.645524028881 286.121564682918 285.980119947834 285.38474218694 285.34303735652 285.585825576519 285.507391879049 285.493685687649 285.15019895406 284.81547641026
292.639108195708 292.424360024941 292.321052978196 292.387748573205 292.364387059529 292.318558109702 292.145521123605 291.979301370453 291.652623387032 291.678856532405 291.547822240926 291.132219146857 290.899790049836 290.755888563395 290.577582523699 290.770517905705 290.40849954144 290.469773827465 289.811048383819 289.664629913745 289.18149189896 288.887718155779 288.874120578362 288.844462488254 288.955686840627 289.353509390697 289.096367536776 288.948029165859 289.015665977034 288.634360766621 288.623897467545 288.592475278304 288.639866336963 288.073709460603 287.165876513213 286.957254787318 286.891367209141 286.823365952884 286.469735004687 285.968937454033 285.663688483156 286.108813554306 285.8320798846 285.480316715376 285.068597900905 285.097177961243 285.376927460663 285.558872284975 285.453813206369 285.079755884179
293.196321716508 292.97226256872 292.869982487098 292.644175050088 292.682611756203 292.461374573585 292.268412928928 292.074080207036 292.034094899463 292.061161799524 291.989424995358 291.794604746733 291.735409483145 291.516772941475 290.935189564063 290.907330189217 290.748804058142 290.555778900694 289.922777919803 289.861580113706 289.66856292157 289.521589302078 289.334866507945 289.024451828774 289.544333145364 289.671558333221 289.473316349061 289.407198077585 288.9516608661 288.453714358243 287.942087251858 288.117106816339 288.630560268957 288.122826086794 287.217947819673 286.673875101582 286.889729576737 287.07575188652 286.830949624164 286.323484419541 285.524079158359 285.668378126209 285.562709873985 -9999 284.758302369555 284.22059095314 285.048975895307 285.294544751791 285.228975317529 285.250866971695
292.581211312985 292.558927014076 292.562410036046 292.804759056156 292.336575339059 292.085619694751 291.518759937377 291.750450710362 292.066378486252 291.979164488876 291.758722870496 291.682930611261 291.478205167347 291.260024333505 290.876332185622 290.843211336378 290.786736830267 290.554110288665 -9999 -9999 290.005679339607 289.895981688054 290.245953593699 290.104976356841 289.905824113476 289.600100950951 289.248718435469 288.837549746211 288.457460047388 288.185371899492 287.885304974932 288.401248079797 288.416802606775 288.268725743762 287.862775471878 287.481255160763 287.560457011038 287.278333089375 286.667571232391 286.379686463157 285.84968554579 285.614641872983 285.26518407079 285.092059133937 284.896696670948 282.8271502038 280.793272554532 284.55038035462 284.46747162215 284.638541850623
292.388042507894 292.337132962369 292.365489799182 292.381130568817 292.081478222014 292.083166098595 291.118840628939 291.214037260638 291.489536799921 291.854904525897 291.343834587403 291.383187263879 291.182828834094 290.880149640445 290.847904051569 290.795502678669 290.781045134173 290.751000238164 -9999 290.437609837385 -9999 290.40122344011 -9999 289.813819482431 289.61783765432 289.424832969922 289.187812338876 288.764516879978 288.224796820893 287.646553642559 287.683173681917 288.271649720174 288.287478238861 288.348554165167 288.130840998696 -9999 287.597128569013 287.201751255444 286.652827616307 286.837577775045 286.310039312699 286.050389156057 285.686485412753 285.142828202599 281.495421037334 -9999 282.665192629714 284.17079615915 284.177316621977 284.338507223364
292.347157731359 292.303632943413 292.206625929606 292.165498418564 292.074055023564 -9999 291.660910296006 291.117257730662 291.26944945851 291.272050005029 291.018200101606 290.886431165489 290.363971555628 290.754681098202 290.876018490647 290.809909554156 290.617364830552 290.416342230192 -9999 -9999 -9999 -9999 290.332996780191 289.874678579775 289.477365246025 289.445979105974 289.386942163148 289.268767003057 288.168627971456 287.778253555996 287.806696371525 288.124871350986 288.232450605551 288.396750734278 288.399935638469 287.881355143226 287.441209844112 287.343690912166 287.017172246931 286.776056496606 286.235643080177 286.072494808038 285.775873994825 285.301757991558 279.061119671 269.975433727309 284.185688893764 284.287698959522 284.100809754994 284.148111742267
292.145056288845 292.202441094362 292.150920033362 291.923220819247 291.330199380221 291.31914617365 292.145292652454 291.667857816734 291.194287030159 291.079892144127 290.597009529312 290.411905027715 290.056006677967 290.722644649552 -9999 290.615385191843 289.974570788295 290.075811605368 290.0263262466 289.983014655311 290.100717697209 290.02289690997 290.258293762729 289.780569309628 289.440386465477 289.29146389111 289.214307524996 289.338656654413 288.765561518744 288.239997256647 288.197747305507 288.246986983647 288.355022925154 288.309762687251 287.694495324785 287.624868082078 287.570568566839 287.213290702836 287.121985780491 286.879432756693 286.163190366216 286.113087111203 285.843192541616 285.343281536328 -9999 274.378930156587 284.837577313465 284.601133011919 284.097195596201 284.046832303039
292.127471504802 291.87965610559 291.94076667559 291.485958740938 291.045708742673 291.216596293748 291.714386678726 291.647427041375 291.240821558619 290.993207756277 290.452643915484 290.131719637625 290.291487408808 290.673269802938 290.726006470722 290.513546001528 289.996407643139 289.649459348886 289.607484211825 289.542537161897 289.767720332508 289.667586363109 289.756823264827 289.596857281259 289.326611960712 288.842364983955 288.56612984495 288.664099664097 288.808819824533 288.257905258812 287.948385274564 288.081790301415 288.501637233795 288.371420643053 287.504152733261 -9999 -9999 287.125069992309 286.978183199571 286.819630212781 285.989485637833 285.90747675113 285.742063594678 285.273976275318 283.519048736682 281.27725732149 285.082684977835 284.732900876647 284.285096260619 284.510229944381
291.697051609176 291.260057338197 291.426648076838 291.23346791311 290.653966460012 290.914834242476 291.340608310572 291.432087030291 291.347006636596 291.036593627086 290.336958663066 290.092048227109 290.349594634299 290.417467552663 290.463741518985 290.513130543318 290.255153983156 289.410207242203 289.331022139541 289.149146290533 289.454909518361 289.5728269752 289.60743853085 289.618744535217 289.311710371561 288.585636344771 288.362473662965 288.394690722745 288.529625103831 288.353435091494 287.670553013473 287.689047880113 288.303351904123 287.868865300454 287.870101462791 287.601108348205 287.39734114232 286.987595489548 286.722473724057 286.352074113857 286.096415228182 285.720850407884 285.275668883822 285.171679927819 284.816964488987 284.638174260654 285.182630787885 284.863204090218 284.558679083593 284.333513090448
291.183842764356 290.990750680267 290.714113747306 290.65945170961 290.364026710958 290.552346051178 291.058170581737 291.195638047829 291.137998692853 290.710564723183 290.298838304801 289.946818964475 290.001233396951 289.903812990165 290.314480209331 290.350275666884 290.267821426671 289.420465082476 288.832041187112 288.677021903833 289.008194499314 289.038533135209 289.34024389449 289.628308235206 289.478277873567 288.955445464241 288.520789121745 288.285020759272 288.18583737882 288.422469222157 288.033603498124 287.616882950042 287.868452588849 287.622015802162 287.706132882584 -9999 287.293303557442 287.095701572159 286.919312828772 286.602979205402 286.49402807318 286.052885348538 285.393497686718 285.397105403439 285.477202102119 285.380009493214 285.018611580087 284.685167189817 284.62314926099 284.255616737904
290.936658355564 290.439247910022 290.515202276287 290.737410303263 290.32188956263 290.474117070198 290.913512521779 290.891411847385 290.632435838513 290.173917868406 289.779053309455 289.649574050644 289.737368639863 289.881419662108 290.354518662608 290.291542807235 290.322818867814 289.475209842289 289.032277050509 288.736620017997 288.573383833843 288.595009037113 289.038940773046 289.138254090482 289.046907205089 289.034546888891 288.454420902866 287.908888004032 287.843457911959 288.145688155856 288.185659314404 287.622179136027 287.583439434207 287.620770449006 287.361965411658 287.292336079111 287.510124340454 287.205664160594 287.112132232016 286.988377122669 286.634973333869 286.348019153333 285.908888984782 285.789454300857 -9999 285.239152387136 284.847537642575 284.792541850616 284.169463305765 283.26889039076
291.189164386271 290.962083085678 291.0574113257 291.126077625073 290.756268551928 290.519661297093 290.670151242171 290.624648520042 290.373143448909 289.834173009978 289.499551018902 289.531372184918 289.775916429464 290.023941874708 289.860644592143 290.116273084841 290.219162332435 289.416388986062 289.262827140501 288.773962726323 288.156772125592 288.168337212512 288.448965395007 288.699949303523 288.680680686345 288.818358099203 288.568379486575 288.095570325353 287.7786785137 287.85053241371 287.983686585268 287.593621432443 287.479670244607 287.37306896878 287.008823462942 -9999 287.073022392931 286.902091142547 286.862205578928 286.749387217684 286.552505176252 286.453386393608 286.296933489498 286.059199064422 285.681122555481 285.368239651275 285.213261752685 284.846185027353 283.714246855709 283.000880774386
291.178613735324 291.050742467944 291.020111198328 291.025435982007 290.571516536349 290.313741132129 290.109031426541 290.063607234462 289.938653385671 289.653502571137 289.25818608637 289.495011613788 289.585653891617 289.621153395777 289.434799062537 289.732022477324 289.828951167189 289.505749824868 289.376733437674 288.822267131135 288.624161102855 288.422097422293 287.994140891105 288.230837294119 288.637399354448 288.800758083276 288.671814065493 287.778702221891 287.722434959953 287.759872683965 287.943294085947 287.608299627333 287.071766359861 286.904506767401 286.47625962129 286.821116605666 286.929094294859 286.825415303896 286.509668831124 286.136897353267 286.064737050475 285.983282802095 285.922726662466 285.793392147236 285.787367660136 285.708915212116 285.341321523641 284.777747673995 284.051187732626 283.683372389868
291.091475581515 291.155049960654 290.953483822365 290.678710359742 290.382697990014 290.297565694257 289.900506280851 289.662973994154 289.735203973167 289.884802282288 289.870988311945 289.551563164044 289.489051704293 289.533930906875 289.446830593537 289.421941077887 289.687609994916 289.575747683817 289.528973766142 289.103589134896 288.793091457741 288.220650058282 287.928542887199 287.927702735825 288.073989920027 288.292966199975 288.437047866485 287.516409378259 287.698815100573 287.76311879206 287.765334606213 287.58811606864 287.111431006822 286.830231804543 286.643766959946 286.794133060956 286.84701167263 286.74495178139 286.462345604096 286.24923000352 285.595308993874 285.535811235166 285.473762863003 285.474289285285 285.756122390026 285.662112613771 285.298213288732 284.582153524027 284.129521581029 284.178938237735
291.244414763177 291.289188057487 291.223372897026 291.060699105159 290.716662200264 290.515705437688 289.776110538143 289.690969450834 289.937913489338 290.244272928245 290.071661678745 289.869470356203 289.747070308486 289.384359076757 289.335022615618 289.270489539904 289.388952864116 289.336724734322 289.13266745443 289.041560363626 288.82107880783 -9999 287.907529244535 287.829835821647 287.875036795109 287.962029233863 287.926906087497 287.512634832546 287.271643992635 287.791230272168 287.76101299901 287.798268624971 287.497525551808 286.885159709002 286.768752766154 286.543138130516 286.169537626043 286.186622821333 286.229219983303 285.944474227417 285.538997572749 285.366747495982 285.125803407485 285.217019129645 285.534598520292 285.505149454163 285.311003110806 284.563746499941 284.329288544989 284.387517434172
