rcp8.5models/CNRM-CM5/sc1gr7.13
NCOLS 261 
NROWS 433 
XLLCORNER 336357.134 
YLLCORNER 654653.479 
CELLSIZE 1000 
NODATA_value -3.4e+38 
[rows 88 to 109 of 433, columns 98 to 146 of 261]
65.0514144897461 64.8619918823242 65.1449966430664 65.0910568237305 64.9519424438477 64.6359634399414 64.6107864379883 64.1516876220703 64.0025482177734 64.2542724609375 64.5026016235352 64.6848297119141 64.9412384033203 65.0672607421875 64.5541305541992 64.5219421386719 64.2423858642578 64.0624160766602 63.6780700683594 63.3259468078613 63.3200340270996 62.7049446105957 62.3904418945312 62.4312133789062 62.5282096862793 62.4574203491211 62.6934967041016 62.7013092041016 62.7705078125 62.6381416320801 62.6881065368652 62.6144409179688 62.4261093139648 62.2690391540527 62.4055976867676 62.4108123779297 62.1091651916504 61.9365425109863 61.9445114135742 61.8355751037598 61.8645973205566 61.9290428161621 61.8007583618164 61.7366943359375 61.8075828552246 61.898193359375 61.9123191833496 61.8090400695801 62.0976257324219
64.4697265625 64.3653945922852 64.6286392211914 64.6587066650391 64.5497131347656 64.4764633178711 64.1973114013672 63.9433364868164 63.7015686035156 63.7128982543945 64.0085220336914 64.2579727172852 64.6364593505859 64.71240234375 64.2681350708008 64.0013427734375 63.7950973510742 63.6588287353516 63.3368034362793 62.7961196899414 62.9019966125488 62.5384407043457 61.9389457702637 61.8496170043945 61.8731155395508 62.0395660400391 62.1864967346191 62.3526458740234 62.3804168701172 62.3144264221191 62.2080726623535 61.970458984375 62.0023155212402 61.875057220459 61.9516716003418 61.8967361450195 61.5672645568848 61.6006240844727 61.4631500244141 61.3661003112793 61.4485359191895 61.4673652648926 61.3312721252441 61.4086875915527 61.4228668212891 61.4817886352539 61.4117164611816 61.4267387390137 61.8427505493164
64.00048828125 63.7819442749023 64.1876907348633 64.322883605957 64.0653915405273 63.6845016479492 63.4402122497559 63.4623680114746 63.406379699707 63.485767364502 63.4400672912598 63.6210403442383 63.9689483642578 64.1158218383789 63.9196014404297 63.7752380371094 63.3021965026855 63.070743560791 62.9393081665039 62.4221229553223 62.3063850402832 62.1692085266113 61.9273071289062 61.5681915283203 61.3571319580078 61.4147453308105 61.7245635986328 61.9126815795898 61.8514366149902 61.7370071411133 61.5462074279785 61.3871383666992 61.4611892700195 61.4558334350586 61.3912506103516 61.4380722045898 61.1145553588867 61.141674041748 61.0950241088867 61.0362968444824 61.1212615966797 60.9974555969238 60.9534645080566 61.0499229431152 61.041618347168 60.9988670349121 61.0963897705078 61.083625793457 61.5541458129883
63.0167388916016 63.1535720825195 63.2559432983398 63.2511253356934 63.4371109008789 63.3927154541016 63.1582832336426 63.0850982666016 63.1165351867676 62.744514465332 62.4830055236816 62.7152976989746 62.9899787902832 63.1562957763672 62.943187713623 63.0013008117676 62.7539901733398 62.4159202575684 62.2485198974609 61.7771415710449 61.3378829956055 60.8549499511719 60.6266937255859 60.7107048034668 60.4821853637695 60.4781799316406 60.6712112426758 60.6503067016602 60.6762466430664 60.6652336120605 60.6662254333496 60.620361328125 60.3365249633789 60.3064956665039 60.180305480957 60.2483558654785 60.3043098449707 60.1861267089844 60.2596473693848 60.3788795471191 60.4055633544922 60.2370643615723 -3.4e+38 60.2851333618164 60.1662826538086 60.305305480957 60.4998435974121 60.6247863769531 60.6715965270996
62.8655815124512 62.6897926330566 62.8802757263184 62.7225685119629 62.899299621582 62.8812103271484 62.4527893066406 62.2698974609375 62.3823623657227 62.187183380127 61.9672241210938 62.0952415466309 62.3533554077148 62.6207733154297 62.1483345031738 62.3173370361328 62.4043273925781 62.1142349243164 62.0440216064453 61.3794174194336 60.8871078491211 60.4405403137207 60.2025375366211 60.1519775390625 59.9777603149414 60.2294998168945 60.4651222229004 60.3459243774414 60.2515068054199 60.1631126403809 60.067741394043 59.9544258117676 59.8136711120605 59.7862167358398 59.6787147521973 59.8190574645996 59.9366493225098 59.8762855529785 59.8291053771973 59.878173828125 59.8558120727539 59.8646926879883 59.9886169433594 59.9093780517578 59.8190879821777 59.9744567871094 60.1506462097168 -3.4e+38 60.2506713867188
62.6107864379883 62.2047843933105 62.2698516845703 62.2578926086426 62.3990898132324 62.4891700744629 62.3063049316406 61.8149871826172 61.7142639160156 61.7199745178223 61.7052001953125 61.4968719482422 61.715404510498 62.0372772216797 61.4954605102539 61.6005210876465 61.7683982849121 61.4964179992676 61.1767692565918 60.8881416320801 60.6189231872559 60.2074928283691 59.7080078125 59.5744094848633 59.4755439758301 59.7886085510254 59.9488677978516 59.8448219299316 59.9626502990723 59.8393440246582 59.5027275085449 59.4029006958008 59.3465538024902 59.3786811828613 59.345874786377 59.4312400817871 59.6408996582031 -3.4e+38 59.5040817260742 59.4075164794922 59.4408874511719 59.5757598876953 -3.4e+38 59.5555763244629 59.5585441589355 59.6450462341309 59.751895904541 59.7096366882324 59.8407440185547
62.0938453674316 61.9058685302734 61.831371307373 61.5847969055176 61.7733917236328 61.9558601379395 61.9138259887695 61.5864181518555 61.3552780151367 61.3253135681152 61.1222763061523 61.1287155151367 61.3774604797363 61.5688552856445 60.9435043334961 60.967903137207 61.1558151245117 60.9428520202637 60.6763954162598 60.5835037231445 60.3309440612793 59.7169876098633 59.3355598449707 59.0654983520508 59.0756072998047 59.3650741577148 59.6118812561035 59.3563423156738 59.3561401367188 59.4034690856934 59.2362251281738 59.1484680175781 58.9815254211426 58.8007583618164 59.0413208007812 59.1082611083984 59.0683708190918 59.1341361999512 59.257640838623 59.060848236084 59.0932235717773 59.2109298706055 59.1230506896973 59.182487487793 59.2262687683105 59.2886238098145 59.2631454467773 59.3279838562012 59.4788246154785
61.7538185119629 61.579174041748 61.3593406677246 61.0412101745605 61.1652603149414 61.301830291748 61.1366386413574 61.1147346496582 61.0377235412598 60.8251152038574 60.6132774353027 60.532356262207 60.6446952819824 61.0426483154297 60.3810539245605 60.5149307250977 60.6605567932129 60.3027763366699 60.2134056091309 60.1009635925293 59.8445854187012 59.3115005493164 59.0774459838867 58.6738319396973 58.8055000305176 59.0331878662109 59.165168762207 59.0104675292969 58.8732452392578 59.0054664611816 -3.4e+38 58.7232131958008 58.5256576538086 58.349681854248 58.5422973632812 58.5837593078613 58.5642776489258 58.6028785705566 58.6779479980469 -3.4e+38 58.7152137756348 -3.4e+38 58.7879829406738 58.8545303344727 58.9601173400879 58.9753265380859 58.8908042907715 59.0176544189453 59.1032943725586
61.4869689941406 61.3581695556641 61.028736114502 60.4840698242188 60.5593643188477 60.7956924438477 60.7306747436523 60.6996002197266 60.6855392456055 60.4502983093262 60.150577545166 59.7737045288086 59.8868064880371 60.2439308166504 59.8757934570312 59.9229507446289 60.0728034973145 59.7061920166016 59.5504341125488 59.6943054199219 59.5432968139648 59.1313400268555 58.7340126037598 58.3067207336426 58.3839111328125 58.729190826416 58.6379356384277 58.6760673522949 58.7248077392578 58.6669082641602 58.6322860717773 58.3615417480469 58.0876007080078 58.0164680480957 58.0335502624512 58.0341644287109 58.1325874328613 58.2291488647461 58.2143020629883 -3.4e+38 58.3964729309082 58.2561454772949 58.4145164489746 58.4870376586914 58.6035308837891 58.5128784179688 58.5493431091309 58.6602516174316 58.6248779296875
61.1678504943848 61.1638221740723 60.8738899230957 60.0439834594727 60.2042999267578 60.3747749328613 60.3777160644531 60.0734977722168 60.1008758544922 59.9642601013184 59.7669067382812 59.3188819885254 59.3948631286621 59.5472526550293 59.4120941162109 59.4965171813965 59.5928840637207 59.33203125 58.9973907470703 59.0682144165039 58.9291496276855 58.5167694091797 58.246940612793 57.9622001647949 57.9829864501953 58.3304557800293 58.2360649108887 58.2127380371094 58.4691543579102 58.3012542724609 58.2616271972656 58.1128578186035 57.8566818237305 57.8190650939941 57.7198600769043 57.7472305297852 57.7428779602051 57.7869148254395 57.9942855834961 58.0804672241211 57.9607353210449 57.9515266418457 58.0791053771973 58.112548828125 58.0990982055664 58.0743713378906 58.2471199035645 58.2778358459473 58.2674827575684
61.0106430053711 60.7736740112305 60.7109184265137 59.911247253418 59.7271995544434 59.788459777832 59.9032859802246 59.3799476623535 59.4168472290039 59.4078178405762 59.4823188781738 59.0404319763184 58.9274635314941 59.079704284668 58.8666114807129 59.0198974609375 -3.4e+38 58.9165077209473 58.5674057006836 58.2414207458496 58.1063575744629 57.9107131958008 57.8283386230469 57.7442779541016 57.7099952697754 57.8745727539062 57.9546356201172 57.809253692627 57.8141632080078 57.795166015625 57.8455238342285 57.7284164428711 57.6340065002441 57.6155700683594 57.4681663513184 57.4187774658203 57.3059005737305 57.3634147644043 57.6199645996094 57.7249488830566 57.6415786743164 57.7069091796875 57.767879486084 57.6812705993652 57.773998260498 57.8069877624512 57.9050674438477 57.9349365234375 57.9768676757812
60.6350898742676 60.3961906433105 60.4884223937988 59.5200538635254 59.2548713684082 59.198314666748 59.4687461853027 59.1598892211914 58.923526763916 58.6332817077637 58.7247085571289 58.620849609375 58.4130172729492 58.4793586730957 58.194652557373 58.2927932739258 58.1761054992676 58.3086357116699 58.1668128967285 57.7961311340332 57.583423614502 57.5155067443848 57.316478729248 57.4884719848633 57.547550201416 57.5673637390137 57.4509048461914 57.2538986206055 57.2345008850098 57.2170600891113 57.4507598876953 57.2268409729004 57.1976661682129 57.1665954589844 57.0970230102539 57.106689453125 56.9510726928711 57.0963363647461 57.1399459838867 57.2694320678711 57.254337310791 57.2842674255371 -3.4e+38 57.3327407836914 57.4781188964844 57.5697250366211 57.4969177246094 57.5923347473145 57.6975784301758
60.415714263916 60.1839027404785 59.7262725830078 59.1675262451172 58.8294639587402 58.7006683349609 58.8577270507812 58.9688682556152 58.215404510498 58.009220123291 58.2087554931641 58.1907920837402 58.0083885192871 57.9424095153809 57.5573654174805 57.6194190979004 57.6467208862305 57.8006820678711 57.7392578125 57.447883605957 57.2035102844238 56.9556884765625 56.8514022827148 57.0334892272949 57.1596031188965 57.147102355957 56.9766044616699 56.7600288391113 56.7938079833984 56.7980461120605 56.9631690979004 56.8847846984863 56.8468322753906 56.7238235473633 56.724308013916 56.7234191894531 56.7151870727539 56.8014297485352 56.7978935241699 56.8875732421875 56.8823280334473 56.8610458374023 56.9484596252441 56.9892539978027 57.0843086242676 57.1108322143555 57.0785217285156 57.236213684082 57.2988166809082
60.1418266296387 59.8725471496582 59.4515724182129 58.9494094848633 58.5662231445312 58.3654632568359 58.3459701538086 58.2586212158203 57.9615631103516 57.8001937866211 57.7989730834961 57.6319961547852 57.6286010742188 57.4346923828125 57.0979652404785 57.2965927124023 57.3439674377441 57.3176879882812 57.0538101196289 56.9876136779785 56.9175834655762 56.3959884643555 56.410343170166 56.4802894592285 56.5908164978027 56.5278244018555 56.370719909668 56.4504585266113 56.3839416503906 56.3832550048828 56.4857482910156 56.6235313415527 56.4954795837402 56.4417152404785 56.4676742553711 56.3443794250488 56.3774681091309 56.3898086547852 56.5420150756836 56.5331497192383 56.5318946838379 56.5593681335449 56.672176361084 56.7248611450195 56.6780433654785 56.6955032348633 56.7874069213867 56.9052925109863 56.8646087646484
59.773063659668 59.5297012329102 59.1441383361816 58.6776657104492 58.2913284301758 58.0805816650391 58.0123558044434 57.6902542114258 57.4980201721191 57.5549392700195 57.1869163513184 56.9899940490723 57.1381530761719 56.8325309753418 56.7490768432617 56.9522399902344 56.9608459472656 56.7290077209473 56.5280342102051 56.6681632995605 56.6243171691895 56.1120414733887 55.990478515625 55.8709449768066 56.0022621154785 55.9779930114746 55.8826332092285 56.0719604492188 56.0614318847656 56.0372009277344 56.0601196289062 56.0788841247559 56.0693359375 56.1768417358398 56.0707893371582 56.0454940795898 56.0863800048828 56.0645713806152 56.2551612854004 56.0986671447754 56.155818939209 56.2531433105469 56.4490852355957 56.3251762390137 56.2455101013184 56.4324073791504 56.5384941101074 56.5520362854004 56.5844688415527
58.8735008239746 58.5235595703125 58.4036636352539 57.9482192993164 57.9523620605469 57.6914749145508 57.5164070129395 57.2274017333984 57.018611907959 56.8279571533203 56.5955047607422 56.372745513916 56.2587928771973 56.024959564209 55.9805145263672 55.9966697692871 55.7552719116211 55.8464393615723 55.7727203369141 55.6005172729492 55.4948425292969 55.5329742431641 55.3298873901367 55.2015228271484 55.2221374511719 55.2816696166992 55.3331298828125 55.4162864685059 55.3210220336914 55.3681831359863 55.3709259033203 55.3867797851562 55.4618186950684 55.3693046569824 55.3974647521973 55.2855949401855 55.3143310546875 55.4596900939941 55.5544815063477 55.5907516479492 55.4758796691895 55.5514450073242 55.6479949951172 55.6925239562988 55.6484985351562 55.6217269897461 55.7971839904785 55.8862533569336 56.1539688110352
58.269214630127 58.1570091247559 58.0177536010742 57.5870208740234 57.540657043457 57.3589668273926 57.1421966552734 56.7917022705078 56.7016792297363 56.5256080627441 56.3064460754395 56.0467376708984 55.8272933959961 55.6679229736328 55.2571983337402 55.3505783081055 55.3239097595215 55.5076751708984 55.3495178222656 55.1478042602539 55.1263389587402 55.0603370666504 54.8611335754395 54.8719596862793 54.8671875 54.8225593566895 55.0110130310059 54.997386932373 55.0321388244629 55.1459846496582 55.0123176574707 55.0555419921875 54.9988021850586 55.0219345092773 55.1108589172363 54.8811836242676 55.0321769714355 55.218994140625 55.249080657959 55.1923446655273 55.1302223205566 55.2985305786133 55.446662902832 55.3534545898438 55.2708129882812 55.4219093322754 55.6056861877441 55.7396278381348 55.8098602294922
57.8510398864746 57.9244995117188 57.7038650512695 57.1767768859863 56.9083557128906 56.7579078674316 56.7148475646973 56.5365257263184 56.4432144165039 56.2561454772949 55.988697052002 55.724235534668 55.4897880554199 55.1964073181152 54.8265380859375 54.9287605285645 54.8776550292969 55.0341606140137 54.8210067749023 54.8540954589844 54.7172355651855 54.4984397888184 54.4281005859375 54.5283432006836 54.5254211425781 54.5429725646973 54.6903305053711 54.6944618225098 54.7507171630859 54.7205390930176 54.6560745239258 54.6877288818359 54.6732902526855 54.7211380004883 54.6383895874023 54.6467399597168 54.6969451904297 54.9228057861328 54.8834190368652 54.890926361084 54.8792915344238 54.9182281494141 55.120792388916 55.0687141418457 55.0742607116699 55.2215614318848 55.3133430480957 55.408390045166 55.4691123962402
57.5596809387207 57.5752067565918 57.4210586547852 56.9246253967285 56.4258918762207 56.2602767944336 56.2750511169434 56.0947952270508 56.0672454833984 55.8855285644531 55.7721366882324 55.3942108154297 55.1670951843262 54.9425735473633 54.545352935791 54.4866638183594 54.526538848877 54.4395370483398 54.4265327453613 54.5643577575684 54.4515838623047 54.1244468688965 54.1094589233398 54.2243461608887 54.2618713378906 54.3798027038574 54.3429908752441 54.4582328796387 54.4989318847656 54.3345031738281 54.3967552185059 54.3537788391113 54.4148292541504 54.4313812255859 54.330150604248 54.4962387084961 54.4848594665527 54.670841217041 54.7091331481934 54.7025299072266 54.6706161499023 54.6894226074219 54.8471641540527 54.8681335449219 54.9353256225586 54.961067199707 54.9536781311035 55.0342216491699 55.260383605957
57.297420501709 57.2158660888672 57.0364723205566 56.5955657958984 56.0700149536133 55.9246673583984 55.7730255126953 55.6089477539062 55.5974731445312 55.4404449462891 55.269775390625 54.9801139831543 54.7931480407715 54.7265434265137 54.231086730957 54.1785507202148 54.2049179077148 54.0513534545898 54.051082611084 54.2121391296387 54.2489967346191 53.8508186340332 53.8756332397461 53.9896926879883 53.981388092041 54.0703239440918 54.0429191589355 54.1430473327637 54.1040000915527 54.0788841247559 54.1390495300293 54.1135749816895 54.0813217163086 54.0727462768555 54.1886978149414 54.1600112915039 54.3250198364258 54.4073333740234 54.4858245849609 54.410228729248 54.4308280944824 54.4713973999023 54.5190582275391 54.6176261901855 54.6438674926758 54.5844612121582 54.6429786682129 54.8160209655762 55.1370582580566
56.9140739440918 56.8535385131836 56.7872734069824 56.1162643432617 55.8056755065918 55.6044692993164 55.4030952453613 55.3117065429688 55.1882667541504 54.9055976867676 54.8971061706543 54.7216873168945 54.6951217651367 54.5730209350586 54.0913887023926 54.0175094604492 53.8236122131348 53.7194671630859 53.7662200927734 53.9126853942871 53.8297958374023 53.5954513549805 53.6433334350586 53.6048431396484 53.6910781860352 53.7244720458984 53.759708404541 53.8111991882324 53.7149429321289 53.7910232543945 53.7709655761719 53.8291893005371 53.73828125 53.8597946166992 53.8925132751465 53.9411888122559 54.20166015625 54.2277526855469 54.2194480895996 54.1658706665039 54.2890281677246 54.2568550109863 54.2378883361816 54.3820762634277 54.4012718200684 54.3487892150879 54.4744758605957 54.6824684143066 54.8593864440918
56.6866912841797 56.4447288513184 56.5004959106445 55.8172607421875 55.5573501586914 55.4890022277832 55.2402381896973 55.057300567627 54.7659072875977 54.6288528442383 54.5713729858398 54.4235153198242 54.3831062316895 -3.4e+38 53.9143524169922 53.74072265625 53.4430313110352 53.4420166015625 53.560359954834 53.5879707336426 53.3949928283691 53.383846282959 53.3978843688965 53.2532119750977 53.4038162231445 53.5370445251465 53.4243812561035 53.410816192627 53.4056053161621 53.3924789428711 53.4528541564941 53.5876770019531 53.5051307678223 53.6973838806152 53.6244316101074 53.8497886657715 53.9655303955078 54.039249420166 54.0823669433594 54.102954864502 54.1370582580566 54.114070892334 54.1593894958496 54.2124137878418 54.2730255126953 54.3367385864258 54.4552459716797 54.5140342712402 54.5270462036133
