rcp8.5models/CNRM-CM5/sc1gr6.14
NCOLS 261 
NROWS 433 
XLLCORNER 336357.134 
YLLCORNER 654653.479 
CELLSIZE 1000 
NODATA_value -3.4e+38 
[rows 352 to 373 of 433, columns 98 to 146 of 261]
3191.2646484375 3142.18212890625 3020.61938476562 2933.64111328125 3121.75708007812 3185.28857421875 3074.24633789062 3044.21606445312 2994.79760742188 2843.64453125 2789.72119140625 2793.3271484375 2768.36889648438 2720.26928710938 2693.63525390625 2602.49609375 2503.43774414062 2430.31323242188 2344.78149414062 2267.83032226562 2181.35498046875 -3.4e+38 2017.77819824219 1887.88305664062 1829.23205566406 1760.33984375 1757.87829589844 1816.25537109375 1843.7529296875 1810.50378417969 1726.29809570312 1658.09558105469 1632.27575683594 1608.11633300781 1592.62194824219 1572.23937988281 1545.80126953125 1506.81518554688 1486.99890136719 1465.298828125 1440.79443359375 1420.49072265625 1403.97729492188 -3.4e+38 -3.4e+38 1348.53833007812 1325.33654785156 1308.26232910156 1254.32580566406
3208.3935546875 3179.12817382812 3114.86547851562 2864.8896484375 2998.12744140625 3116.53662109375 2965.50170898438 2850.73852539062 2903.01977539062 2879.74536132812 2786.27612304688 2699.30224609375 2676.55981445312 2666.52099609375 2615.0146484375 2623.47729492188 2589.65087890625 2487.98657226562 2353.85424804688 2259.97607421875 2257.9013671875 2301.65869140625 2205.90063476562 2033.36083984375 1960.84008789062 1877.45886230469 1815.38464355469 1831.32678222656 1812.2392578125 1783.78625488281 1764.939453125 1680.75903320312 1629.26672363281 1611.27746582031 1577.41394042969 1559.00891113281 1537.96520996094 1501.70788574219 1485.13745117188 1460.4384765625 1437.79504394531 1419.67858886719 -3.4e+38 -3.4e+38 -3.4e+38 1343.92797851562 1325.48608398438 1309.12341308594 1256.6611328125
3173.83227539062 3187.84204101562 3218.06616210938 2969.88671875 2916.65893554688 2924.46728515625 2944.59448242188 2862.90356445312 2804.80126953125 2849.05029296875 2860.69677734375 2772.009765625 2672.92602539062 2602.48071289062 2522.74658203125 2524.1044921875 2546.00317382812 2498.67993164062 2358.86669921875 2284.35375976562 2320.33520507812 2306.0830078125 2238.92700195312 2162.65087890625 2073.59228515625 1997.65209960938 1928.74353027344 1939.65661621094 1877.20886230469 1823.375 1813.81762695312 1744.67346191406 1682.55590820312 1639.3779296875 1568.068359375 1545.43225097656 1530.30786132812 1509.96154785156 1483.74182128906 1462.84997558594 1438.71801757812 1415.12292480469 -3.4e+38 1373.1162109375 1357.71166992188 1349.40100097656 1337.57934570312 1313.37512207031 1250.59973144531
3088.9794921875 3120.587890625 3198.7724609375 3060.66723632812 2913.56396484375 2795.61157226562 2879.16723632812 2952.37353515625 2908.92016601562 2787.78564453125 2721.80395507812 2740.3779296875 2737.15502929688 2674.87744140625 2491.97631835938 2446.67138671875 2424.33959960938 2447.5966796875 2429.06274414062 2365.58642578125 2315.98803710938 2232.57080078125 2212.75244140625 2202.25 2120.45458984375 2069.00317382812 1986.82592773438 1983.36828613281 1909.0146484375 1828.67858886719 1800.38024902344 1756.11157226562 1706.36511230469 1633.20788574219 1568.32470703125 1544.26440429688 1526.48754882812 1502.21374511719 1471.27172851562 1458.40026855469 1436.53820800781 1413.47375488281 1392.98620605469 1375.43481445312 1368.43591308594 1359.45825195312 1343.97180175781 1316.42419433594 1246.76318359375
3047.78735351562 2994.35522460938 3025.369140625 3066.8330078125 2952.611328125 2786.25317382812 2750.03686523438 2806.94165039062 2898.83374023438 2836.14282226562 2642.21435546875 2515.71118164062 2576.3115234375 2686.7880859375 2525.82348632812 2440.78540039062 2374.47265625 2371.63720703125 2381.76171875 2337.64184570312 2256.49975585938 2200.15771484375 2169.44409179688 2135.77026367188 2078.7333984375 2045.79187011719 1984.98486328125 1909.63830566406 1836.8642578125 1778.64099121094 1755.85290527344 1728.85437011719 1699.92333984375 1641.85205078125 1583.0517578125 1550.35473632812 1529.9052734375 1489.29248046875 1466.10400390625 1451.36938476562 1429.48706054688 1411.73803710938 1394.30322265625 1382.65930175781 1370.74584960938 1347.46313476562 1326.17456054688 1302.11999511719 1247.92028808594
3089.4423828125 2992.69750976562 2937.77416992188 3030.59985351562 2944.09252929688 2844.04370117188 2847.39599609375 2780.57275390625 2735.81689453125 2804.64233398438 2751.419921875 2608.10498046875 2580.49487304688 2638.94189453125 2573.4189453125 2463.8291015625 2408.63720703125 2379.96704101562 2339.08251953125 2289.63720703125 2229.37377929688 2179.39868164062 2127.51391601562 2079.73364257812 2032.22534179688 1993.81237792969 1964.75256347656 1898.3955078125 1852.25439453125 1787.83605957031 1733.32983398438 1730.42761230469 1708.89953613281 1669.32055664062 1611.18798828125 1566.82983398438 1533.10766601562 1502.53845214844 1465.90014648438 1445.57250976562 1425.37829589844 1406.7587890625 1391.60974121094 1377.03491210938 1356.57299804688 1331.36389160156 1308.61315917969 1287.48974609375 1251.52209472656
3143.73315429688 3023.50219726562 2923.39086914062 2884.501953125 2843.70874023438 2822.9287109375 2854.09838867188 2764.2041015625 2634.76953125 2674.11328125 2700.04516601562 2726.4521484375 2739.3115234375 2663.59033203125 2568.86474609375 2473.15576171875 2413.984375 2373.86840820312 2337.77270507812 2306.265625 2262.20556640625 2185.080078125 2095.18994140625 2065.51953125 2044.61865234375 2015.69445800781 1988.69348144531 1950.33801269531 1906.20458984375 1804.02868652344 1708.01342773438 1716.69360351562 1713.35046386719 1660.9794921875 1612.53173828125 1567.12280273438 1542.10437011719 1511.95581054688 1471.3994140625 1448.66833496094 1429.65539550781 1409.79736328125 1390.361328125 1368.03784179688 1346.86889648438 1326.40393066406 1304.99108886719 1282.95007324219 1247.90490722656
3129.65649414062 3055.3115234375 2961.06005859375 2806.88696289062 2782.7529296875 2731.9091796875 2745.58154296875 2754.072265625 2669.68603515625 2620.01489257812 2574.21533203125 2609.20385742188 2689.95532226562 2665.50170898438 2543.81201171875 2462.37426757812 2407.43530273438 2352.38208007812 2324.06665039062 2327.5126953125 2282.40991210938 2178.06103515625 2088.44091796875 2066.82739257812 2050.68286132812 2047.06408691406 1992.16369628906 1944.63061523438 1889.66577148438 1794.97497558594 1698.88134765625 1707.02551269531 1721.89294433594 1657.49865722656 1620.24560546875 1589.87878417969 1558.84375 1498.57543945312 1474.90832519531 1457.3642578125 1399.89929199219 1358.34948730469 1369.76989746094 1315.55773925781 1287.66235351562 1284.06066894531 1214.68151855469 1187.85729980469 1150.70263671875
3135.85571289062 3101.43823242188 3070.97216796875 2972.13012695312 2866.29296875 2767.2490234375 2684.9990234375 2722.6552734375 2748.92651367188 2684.76098632812 2640.72509765625 2607.6552734375 2566.09716796875 2489.2373046875 2449.8837890625 2407.93359375 2370.09545898438 2299.98217773438 2238.55200195312 2186.77075195312 2146.14135742188 2107.16577148438 2119.04052734375 2124.70947265625 2067.99243164062 2001.33996582031 1937.78381347656 1914.83923339844 1883.06896972656 1830.4404296875 1761.19152832031 1736.59448242188 1722.58288574219 1691.13134765625 1658.40087890625 1613.30627441406 1562.55725097656 1505.72216796875 1426.96166992188 1352.33630371094 1307.49963378906 1249.75451660156 1206.57849121094 1172.00744628906 1142.92224121094 1113.3837890625 1083.04760742188 1057.67346191406 1014.69415283203
3091.43017578125 3094.39404296875 3026.36645507812 3014.25805664062 2984.9873046875 2906.67724609375 2807.86474609375 2732.97216796875 2671.24389648438 2669.44262695312 2688.63232421875 2678.88403320312 2656.96240234375 2578.51000976562 2494.22436523438 2425.86303710938 2406.3779296875 2365.994140625 2278.1728515625 2210.0078125 2173.81909179688 2132.58862304688 2116.31982421875 2104.69287109375 2088.47241210938 2041.21801757812 1949.08337402344 1909.85681152344 1871.82446289062 1821.89099121094 1767.5419921875 1713.28051757812 1684.17395019531 1684.35961914062 1648.67150878906 1614.12255859375 1569.76110839844 1517.16198730469 1461.24401855469 1397.11193847656 1341.0615234375 1260.66174316406 1212.13220214844 1180.93029785156 1155.40405273438 1117.1767578125 1081.49377441406 1051.4365234375 1001.87976074219
3117.9833984375 3059.79296875 3023.7470703125 2981.5078125 2966.96484375 2959.66357421875 2906.97802734375 2831.029296875 2756.16723632812 2743.37939453125 2746.07299804688 2723.00219726562 2671.41381835938 2629.65478515625 2542.86401367188 2444.85571289062 2395.1455078125 2396.0830078125 2314.88256835938 2233.99536132812 2201.86401367188 2161.19140625 2129.39501953125 2103.38256835938 2075.43725585938 2032.08630371094 1956.51733398438 1909.56726074219 1865.25659179688 1787.44506835938 1746.69836425781 1705.37609863281 1645.00415039062 1646.66027832031 1625.85864257812 1610.80798339844 1581.88098144531 1522.15661621094 1490.58483886719 1435.27868652344 1346.13549804688 1265.05456542969 1213.08312988281 1198.15112304688 1174.32592773438 1113.37670898438 1081.03820800781 1051.626953125 996.991882324219
3171.09619140625 3083.11865234375 2987.84790039062 2990.150390625 2954.34692382812 2899.20263671875 2819.66577148438 2818.04711914062 2819.54077148438 2779.98559570312 2725.82690429688 2701.80834960938 2663.99169921875 2624.087890625 2533.5751953125 2432.12426757812 2370.8193359375 2387.73266601562 2335.51953125 2246.91455078125 2195.05810546875 2169.51000976562 2136.82568359375 2110.68530273438 2071.11743164062 2017.35400390625 1949.232421875 1904.08605957031 1840.671875 1748.11120605469 1694.32092285156 1660.203125 1602.84838867188 1590.13696289062 1606.93981933594 1604.92504882812 1579.42651367188 1519.43530273438 1465.9375 1402.49597167969 1335.67504882812 1255.46118164062 1210.50830078125 1196.07592773438 1164.45300292969 1100.11340332031 1070.39624023438 1045.96716308594 989.993713378906
3157.77856445312 3120.26318359375 3033.21411132812 2971.32446289062 2954.62036132812 2858.58374023438 2789.56884765625 2767.44506835938 2746.86254882812 2743.81982421875 2724.41162109375 2675.9326171875 2633.86743164062 2593.38525390625 2510.14208984375 2454.56005859375 2413.17919921875 2391.47680664062 2347.94677734375 2269.4208984375 2194.2802734375 2150.9521484375 2119.11474609375 2107.64135742188 2081.84936523438 2034.45678710938 1954.08850097656 1912.81103515625 1849.83044433594 1760.27478027344 1678.74426269531 1622.23461914062 1561.47204589844 1537.9970703125 1541.21508789062 1559.73120117188 1576.6552734375 1521.36376953125 1431.50244140625 1329.75073242188 1305.197265625 1250.82446289062 1205.79797363281 1175.00280761719 1133.72119140625 1090.50341796875 1057.29565429688 1030.85461425781 978.708312988281
3138.71704101562 3105.47583007812 3072.89672851562 2974.00708007812 2951.89794921875 2868.48510742188 2813.53002929688 2793.53564453125 2718.99462890625 2630.63403320312 2649.103515625 2668.13354492188 2623.40649414062 2572.12280273438 2477.13354492188 2450.06787109375 2434.6357421875 2392.78198242188 2347.07299804688 2283.5732421875 2200.2119140625 2142.34399414062 2121.60815429688 2097.583984375 2068.94189453125 2035.66687011719 1958.04760742188 1916.1455078125 1874.13623046875 1790.18005371094 1696.13427734375 1640.46081542969 1565.1796875 1510.84655761719 1471.5732421875 1468.27624511719 1501.43432617188 1486.64025878906 1381.232421875 1268.25231933594 1260.3701171875 1243.21020507812 1188.63537597656 1155.43530273438 1113.1708984375 1079.47302246094 1044.3232421875 1016.05194091797 967.720947265625
3122.9541015625 3090.25561523438 2999.75122070312 2958.34350585938 2954.64208984375 2888.5498046875 2805.3974609375 2782.24267578125 2750.00366210938 2660.06713867188 2641.8798828125 2655.81713867188 2613.64306640625 2566.41064453125 2474.53686523438 2437.10327148438 2416.26611328125 2381.94287109375 2342.173828125 2284.7607421875 2201.77319335938 2145.666015625 2121.92333984375 2081.76806640625 2046.26086425781 2013.88256835938 1942.47094726562 1901.61169433594 1854.52429199219 1783.6162109375 1717.99145507812 1670.888671875 1588.84643554688 1516.10327148438 1457.43359375 1417.6748046875 1408.81298828125 1416.07397460938 1326.70593261719 1250.41931152344 1228.09387207031 1206.80639648438 1165.18762207031 1133.51696777344 1101.41418457031 1069.52270507812 1032.48950195312 1006.28820800781 959.700378417969
3107.38793945312 3077.19262695312 2987.96044921875 2690.0458984375 2775.49853515625 2829.82958984375 2792.9267578125 2779.29711914062 2767.12524414062 2743.38549804688 2703.44702148438 2653.64282226562 2589.61938476562 2548.50927734375 2480.3955078125 2424.41333007812 2387.84594726562 2362.81079101562 2335.63134765625 2285.49096679688 2217.8583984375 2165.21484375 2120.80639648438 2063.40844726562 2017.26403808594 1977.75390625 1915.25024414062 1873.44348144531 1819.39331054688 1768.95202636719 1718.11608886719 1671.65307617188 1600.56567382812 1539.28479003906 1477.62280273438 1412.01391601562 1377.58154296875 1339.05737304688 1286.84313964844 1238.86401367188 1205.04504394531 1174.36083984375 1144.20324707031 1115.42407226562 1087.05456542969 1056.12939453125 1023.41552734375 995.395629882812 956.416320800781
3074.37890625 2981.88354492188 2961.01635742188 2674.81689453125 2633.3486328125 2613.0439453125 2549.29638671875 2535.70141601562 2559.03979492188 2579.72998046875 2600.21655273438 2624.74169921875 2599.44873046875 2550.66235351562 2488.79174804688 2432.29174804688 2385.6259765625 2350.07153320312 2314.88256835938 2279.763671875 2237.59985351562 2193.4697265625 2141.77026367188 2081.3642578125 2020.88928222656 1960.43273925781 1871.49780273438 1830.38208007812 1796.00927734375 1759.52172851562 1713.13122558594 1665.8466796875 1597.54553222656 1557.56567382812 1499.24072265625 1416.27221679688 1373.22521972656 1292.04174804688 1259.0693359375 1226.13940429688 1193.78088378906 1161.26232910156 1129.09375 1102.15502929688 1072.78637695312 1041.25341796875 1012.71228027344 985.692993164062 955.506103515625
3053.89965820312 2844.31762695312 2742.2861328125 2830.75610351562 2754.73071289062 2578.36010742188 2351.49267578125 2230.2744140625 2227.38354492188 2271.85766601562 2303.84814453125 2336.71142578125 2413.54565429688 2447.62573242188 2444.50415039062 2432.83471679688 2396.00415039062 2354.55419921875 2308.2470703125 2272.48413085938 2235.57348632812 2197.21704101562 2157.49536132812 2109.47314453125 2049.236328125 1984.43835449219 1845.28125 1798.2705078125 1767.03881835938 1738.19787597656 1701.82116699219 1654.63989257812 1593.32434082031 1562.21984863281 1505.81103515625 1428.28039550781 1400.26867675781 1299.65893554688 1256.28100585938 1219.38000488281 1185.11560058594 1153.66394042969 1119.34057617188 1089.509765625 1063.53588867188 1035.1904296875 -3.4e+38 979.321533203125 954.606750488281
3055.57202148438 2821.55078125 2600.98022460938 2742.74633789062 2823.951171875 2759.51293945312 2577.30859375 2365.82763671875 2165.95922851562 2111.72875976562 2101.1513671875 2077.97387695312 2123.45385742188 2156.94458007812 2280.076171875 2326.4296875 2329.56298828125 2322.30810546875 2307.48388671875 2275.51196289062 2235.42309570312 2192.83349609375 2152.349609375 2114.37817382812 2061.80590820312 2002.09741210938 1857.07336425781 1813.02453613281 1771.43420410156 1722.84814453125 1672.09606933594 1626.57067871094 1577.21398925781 1554.14868164062 1518.58178710938 1455.39099121094 1430.03344726562 1310.79077148438 1259.01940917969 1218.02612304688 1178.95727539062 1146.16674804688 1112.1298828125 1079.46813964844 1053.32177734375 1028.83715820312 -3.4e+38 973.106872558594 947.632202148438
3001.05834960938 2973.52758789062 2885.33544921875 2507.06884765625 2427.189453125 2640.60229492188 2719.8359375 2701.220703125 2665.12719726562 2607.46875 2560.90649414062 2524.62060546875 2439.71459960938 2269.162109375 2021.23803710938 1918.27575683594 1930.51770019531 2002.85974121094 2056.98876953125 2072.748046875 2120.75122070312 2182.72973632812 2166.72583007812 2127.89038085938 2080.27734375 2030.61291503906 1946.20385742188 1904.23803710938 1857.36193847656 1824.54077148438 1762.92065429688 1681.58166503906 1590.46716308594 1509.69116210938 1470.88598632812 1429.04711914062 1388.47290039062 1347.96545410156 1324.3505859375 1241.05017089844 1178.58801269531 1139.22961425781 1102.38439941406 1076.34118652344 1048.18322753906 1016.22381591797 988.739807128906 -3.4e+38 929.934326171875
2976.75903320312 2974.52099609375 2953.23193359375 2697.28002929688 2571.55053710938 2599.29248046875 2585.69409179688 2578.24560546875 2641.50756835938 2660.07568359375 2631.65673828125 2604.59887695312 2562.60913085938 2486.27954101562 2255.63989257812 2057.39526367188 1952.12194824219 1920.19592285156 1912.34240722656 1911.21569824219 1992.13293457031 2122.97778320312 2120.93139648438 2057.16967773438 2023.75036621094 2007.19128417969 1911.09899902344 1906.71362304688 1894.94152832031 1870.150390625 1826.93591308594 1766.29943847656 1677.39990234375 1593.44995117188 1521.33044433594 1423.21899414062 1360.92224121094 1393.16186523438 1407.21899414062 1304.38244628906 1183.060546875 1131.77209472656 1099.244140625 1073.05297851562 1042.02124023438 1011.43365478516 -3.4e+38 -3.4e+38 -3.4e+38
2974.30053710938 2930.60400390625 2920.71362304688 2848.72680664062 2746.27124023438 2625.88134765625 2516.2373046875 2459.98193359375 2506.3681640625 2604.568359375 2635.49340820312 2603.55102539062 2565.849609375 2519.9267578125 2336.048828125 2207.85668945312 2087.42016601562 2000.32885742188 1918.13940429688 1885.33935546875 1901.99536132812 1922.56091308594 1909.20617675781 1865.103515625 1876.6259765625 1885.55261230469 1785.3681640625 1806.58874511719 1798.26550292969 1799.14916992188 1819.6650390625 1806.72131347656 1762.79064941406 1712.34716796875 1637.50244140625 1476.58215332031 1330.70263671875 1450.99377441406 1494.37951660156 1380.40319824219 1210.17248535156 1128.82824707031 1092.43249511719 1063.42443847656 1031.849609375 1002.87158203125 981.595031738281 -3.4e+38 -3.4e+38
