rcp8.5models/CNRM-CM5/sc1gr5.28
NCOLS 261 
NROWS 433 
XLLCORNER 336357.134 
YLLCORNER 654653.479 
CELLSIZE 1000 
NODATA_value -3.4e+38 
[rows 176 to 197 of 433, columns 98 to 146 of 261]
293.203735351562 293.254730224609 293.135894775391 293.058898925781 292.846466064453 292.806182861328 292.77880859375 -3.4e+38 -3.4e+38 -3.4e+38 292.768798828125 292.537109375 292.657897949219 292.611114501953 292.725769042969 292.777618408203 292.446472167969 292.103454589844 292.031555175781 291.838775634766 292.055633544922 292.101837158203 291.988372802734 291.809844970703 291.539398193359 291.273040771484 291.119659423828 290.956420898438 290.739868164062 290.498382568359 290.386047363281 290.7314453125 291.057067871094 291.494049072266 291.850219726562 292.515838623047 292.645629882812 291.680389404297 291.415008544922 290.771911621094 290.548645019531 290.834991455078 290.442749023438 290.251647949219 290.824249267578 290.951690673828 290.952819824219 291.079864501953 291.283264160156
292.654602050781 292.980072021484 293.140869140625 292.652557373047 292.540008544922 292.310607910156 292.748718261719 292.858337402344 292.616119384766 292.637817382812 292.300903320312 292.112976074219 292.441467285156 292.070770263672 292.571594238281 292.416839599609 292.678466796875 292.208831787109 292.191345214844 -3.4e+38 292.116577148438 292.004730224609 291.801361083984 291.901885986328 291.533447265625 290.955017089844 290.84228515625 290.696624755859 290.492614746094 290.413177490234 290.250640869141 290.41796875 290.773010253906 291.392639160156 291.575958251953 292.006408691406 292.232574462891 291.576599121094 291.071716308594 290.509399414062 290.308746337891 290.240753173828 289.812957763672 290.253082275391 291.2021484375 291.178955078125 291.209136962891 291.267059326172 291.810607910156
292.352905273438 292.621429443359 -3.4e+38 -3.4e+38 292.425964355469 291.955047607422 292.392822265625 292.569671630859 292.25244140625 292.622467041016 292.321746826172 291.761566162109 291.934875488281 291.670166015625 292.364166259766 291.861328125 292.143402099609 292.096801757812 292.188171386719 292.164276123047 291.949432373047 291.465972900391 291.298675537109 291.611419677734 291.835479736328 291.191864013672 290.845672607422 290.708068847656 290.430786132812 290.268981933594 290.248382568359 290.415802001953 290.639129638672 291.008209228516 291.377410888672 -3.4e+38 291.602478027344 291.297576904297 290.693939208984 290.309112548828 289.616821289062 288.845092773438 288.429168701172 290.195556640625 291.089630126953 291.393829345703 291.350036621094 291.552062988281 292.195709228516
291.979858398438 292.419219970703 292.460357666016 -3.4e+38 292.56982421875 292.157928466797 291.987060546875 -3.4e+38 291.813903808594 292.42919921875 292.567443847656 291.888000488281 291.672210693359 291.655883789062 292.006744384766 291.703125 291.790924072266 291.887084960938 292.018432617188 292.04638671875 291.856201171875 291.519073486328 291.093414306641 291.167114257812 291.467498779297 -3.4e+38 290.931121826172 290.765258789062 -3.4e+38 290.062896728516 290.031921386719 290.15869140625 290.399505615234 290.617431640625 -3.4e+38 -3.4e+38 -3.4e+38 290.994598388672 290.535278320312 290.296325683594 289.371215820312 288.320861816406 288.443267822266 290.195220947266 291.036224365234 291.595062255859 291.662017822266 291.80810546875 291.579498291016
291.611938476562 292.054626464844 292.407958984375 292.377685546875 292.013977050781 292.044860839844 291.808013916016 291.660308837891 291.624725341797 292.145538330078 292.472869873047 291.871429443359 291.597412109375 291.64501953125 291.69970703125 291.618286132812 291.694030761719 291.609161376953 291.796508789062 291.774169921875 291.392822265625 291.351348876953 290.969909667969 290.687255859375 290.868530273438 291.024353027344 290.92822265625 290.611968994141 -3.4e+38 290.118072509766 290.050964355469 289.986694335938 289.971435546875 290.398223876953 290.812927246094 -3.4e+38 291.408813476562 290.756042480469 290.533386230469 290.310272216797 289.462554931641 288.739959716797 289.248779296875 290.543151855469 291.304809570312 291.944549560547 292.070343017578 292.098754882812 291.142059326172
291.495513916016 291.536193847656 291.886444091797 292.180725097656 291.710968017578 291.393188476562 291.212066650391 291.209381103516 291.537353515625 291.858154296875 292.277160644531 291.628936767578 291.590118408203 291.42578125 291.624755859375 291.416595458984 291.156463623047 291.219818115234 291.722290039062 291.623016357422 291.014373779297 290.990142822266 290.870330810547 290.596038818359 290.346557617188 290.590667724609 290.507476806641 290.226501464844 290.463775634766 290.474304199219 290.261199951172 290.005706787109 289.611999511719 290.024505615234 290.635223388672 -3.4e+38 291.297973632812 290.715026855469 290.531402587891 290.313415527344 289.708404541016 289.319641113281 289.438262939453 290.884033203125 291.377502441406 292.012145996094 292.011627197266 291.899108886719 291.298156738281
291.359039306641 291.282440185547 291.532196044922 292.150238037109 291.692779541016 291.304504394531 291.053375244141 290.974517822266 291.419311523438 291.653472900391 291.948516845703 291.414245605469 291.259124755859 291.279327392578 291.194244384766 291.319915771484 290.811828613281 291.016357421875 291.814514160156 291.662719726562 290.966949462891 291.062377929688 290.858215332031 290.466033935547 290.05615234375 290.1484375 290.05224609375 289.874084472656 290.261383056641 290.434936523438 290.137268066406 289.707855224609 289.432556152344 289.559448242188 290.062591552734 290.666748046875 290.976470947266 290.540863037109 290.4638671875 290.332824707031 289.994354248047 290.069610595703 289.912933349609 290.995269775391 291.472717285156 291.917205810547 291.989135742188 291.601287841797 291.001617431641
291.089935302734 290.722015380859 290.973541259766 291.643371582031 291.620819091797 291.450653076172 291.142944335938 290.733673095703 291.148223876953 291.530334472656 291.595977783203 291.292022705078 290.901824951172 291.177032470703 290.880828857422 291.290100097656 290.667388916016 290.660797119141 291.340667724609 291.551177978516 290.72412109375 290.575958251953 290.931915283203 290.554840087891 290.081756591797 289.982177734375 289.463928222656 289.642974853516 290.007446289062 290.010986328125 289.931823730469 289.448211669922 289.370056152344 289.583587646484 289.760925292969 290.567993164062 290.603454589844 290.251403808594 289.984497070312 289.884552001953 289.983489990234 290.618286132812 290.535339355469 291.060821533203 291.683044433594 292.089202880859 292.091613769531 291.609985351562 291.127471923828
291.175384521484 290.933990478516 291.047882080078 291.353790283203 291.233642578125 290.881927490234 290.690246582031 290.280700683594 290.55859375 291.485107421875 291.413970947266 291.029052734375 290.654998779297 290.689392089844 290.776641845703 290.987579345703 290.470855712891 290.140563964844 290.781463623047 290.999114990234 290.650756835938 290.545776367188 290.937652587891 -3.4e+38 290.198608398438 -3.4e+38 288.376312255859 289.294799804688 289.599517822266 289.590942382812 289.742095947266 289.424102783203 289.324645996094 289.760009765625 290.088256835938 290.363677978516 290.408966064453 290.189117431641 289.652984619141 289.394958496094 289.83935546875 290.752593994141 291.147918701172 291.307952880859 291.799499511719 292.063507080078 292.089904785156 291.822113037109 291.921539306641
291.491119384766 -3.4e+38 -3.4e+38 290.559478759766 290.514526367188 290.291900634766 290.170440673828 290.102203369141 290.441467285156 290.887481689453 290.929229736328 290.478118896484 290.429626464844 290.246765136719 290.368072509766 290.626373291016 -3.4e+38 289.823394775391 290.380035400391 290.660095214844 290.727203369141 290.719055175781 290.107543945312 289.722930908203 289.729278564453 289.542144775391 288.314270019531 288.449829101562 288.529815673828 288.784454345703 289.190734863281 289.159973144531 289.015655517578 289.481903076172 289.671051025391 289.471527099609 289.922088623047 289.368743896484 289.033081054688 288.872589111328 289.514892578125 290.103851318359 290.784515380859 291.413604736328 291.900146484375 292.212249755859 292.73876953125 292.854278564453 292.904663085938
292.068145751953 292.057006835938 291.899322509766 290.971557617188 290.962646484375 290.698669433594 290.430450439453 290.376007080078 290.384216308594 290.617553710938 290.581024169922 290.373931884766 289.984954833984 289.685333251953 289.913909912109 290.21875 289.97802734375 289.326507568359 288.902404785156 290.240783691406 290.703582763672 290.504028320312 289.707550048828 289.743255615234 289.653839111328 289.772155761719 288.307586669922 287.449737548828 287.843688964844 288.02294921875 288.730224609375 288.890930175781 288.884338378906 289.339660644531 289.094604492188 288.818298339844 289.737884521484 289.407592773438 289.061248779297 288.553985595703 289.345489501953 290.141357421875 290.820343017578 291.508972167969 291.596801757812 292.022735595703 292.461822509766 292.661895751953 292.903198242188
292.382446289062 292.271545410156 291.725036621094 291.295318603516 291.198425292969 290.8681640625 290.605712890625 290.301177978516 290.392730712891 290.377410888672 290.375701904297 290.219421386719 289.756042480469 289.514099121094 289.704864501953 289.861328125 289.792663574219 289.288696289062 288.509521484375 289.874084472656 290.430511474609 290.155609130859 289.677124023438 289.763702392578 289.837066650391 289.593048095703 286.561706542969 282.467620849609 285.848266601562 287.650299072266 288.446868896484 288.561370849609 288.730560302734 288.858856201172 288.9287109375 288.488983154297 289.555358886719 289.101928710938 288.728637695312 288.215667724609 288.828277587891 290.261993408203 290.835998535156 291.104248046875 291.147155761719 291.58544921875 291.896484375 292.285675048828 292.557373046875
292.218078613281 291.878631591797 291.523742675781 291.621429443359 291.294891357422 290.886810302734 290.500610351562 290.315887451172 290.524047851562 290.400970458984 290.371826171875 290.237152099609 290.092681884766 289.882537841797 288.780578613281 289.273406982422 289.241790771484 289.281646728516 288.919891357422 289.883483886719 290.439514160156 290.096832275391 289.652740478516 289.695037841797 289.786895751953 289.570343017578 282.691436767578 274.562805175781 280.587829589844 287.480285644531 288.015075683594 288.390686035156 288.288177490234 288.496734619141 288.828460693359 288.555389404297 289.271362304688 288.807464599609 288.172729492188 287.876098632812 288.575744628906 290.148345947266 290.847747802734 290.848175048828 290.921997070312 291.108123779297 291.363403320312 -3.4e+38 290.636016845703
291.852172851562 291.890014648438 291.546447753906 291.820404052734 291.399932861328 291.090728759766 290.627197265625 290.335845947266 290.494201660156 290.549285888672 290.303619384766 290.391174316406 290.331726074219 290.056579589844 288.438598632812 288.806121826172 288.870880126953 289.285888671875 288.985198974609 289.787536621094 290.123138427734 289.905334472656 289.648254394531 289.650177001953 289.566009521484 289.288177490234 280.804840087891 -3.4e+38 280.162048339844 287.063110351562 287.6142578125 288.086151123047 287.605072021484 288.005218505859 288.411254882812 288.414184570312 289.237487792969 288.565155029297 287.948852539062 287.810577392578 289.064636230469 290.06298828125 290.541687011719 290.534240722656 290.685546875 290.771301269531 291.153564453125 291.705902099609 290.312561035156
291.939056396484 292.130584716797 292.0302734375 291.949584960938 291.439849853516 291.263061523438 290.817138671875 290.564239501953 290.696166992188 290.394989013672 290.234619140625 290.446533203125 290.029907226562 289.665435791016 288.967926025391 288.636657714844 288.843688964844 289.031188964844 288.83203125 289.314178466797 289.664733886719 289.599914550781 289.605255126953 289.37451171875 289.565551757812 289.225524902344 277.343536376953 -3.4e+38 280.881378173828 286.69140625 287.367034912109 287.567596435547 287.304962158203 287.52685546875 287.765625 288.074951171875 288.987945556641 288.377716064453 287.968811035156 288.148315429688 289.430572509766 290.121246337891 290.180633544922 289.910888671875 290.255615234375 290.612915039062 290.983001708984 291.179931640625 291.013275146484
-3.4e+38 292.160186767578 292.261932373047 292.069519042969 291.528259277344 291.398712158203 291.174987792969 291.052154541016 290.978607177734 290.332275390625 290.346466064453 290.553131103516 290.030059814453 289.659393310547 288.961700439453 288.313903808594 288.72314453125 288.748413085938 288.676574707031 288.978698730469 289.504516601562 289.673278808594 289.475891113281 289.041870117188 289.534790039062 289.447814941406 275.718231201172 -3.4e+38 273.068695068359 286.589630126953 287.270599365234 287.270050048828 287.025604248047 287.084594726562 287.929077148438 288.198760986328 288.756225585938 288.222564697266 288.140716552734 288.704193115234 289.509613037109 290.075256347656 289.811309814453 289.277770996094 289.614868164062 290.188262939453 290.462158203125 290.673126220703 290.381317138672
291.718170166016 291.711364746094 291.668090820312 291.677673339844 291.336303710938 291.205078125 291.316284179688 291.077484130859 290.544525146484 290.476715087891 290.621215820312 290.609619140625 290.087127685547 289.658020019531 288.787231445312 288.508178710938 288.709106445312 288.568115234375 288.397308349609 288.82763671875 289.004302978516 289.370483398438 289.465728759766 288.837585449219 289.124359130859 289.204620361328 282.426788330078 277.081024169922 277.152770996094 286.977294921875 287.198181152344 287.172821044922 287.022735595703 286.827728271484 287.742004394531 287.887756347656 288.511169433594 288.179351806641 288.138916015625 288.699615478516 289.444610595703 289.776733398438 289.300170898438 288.828887939453 288.164886474609 287.7685546875 289.599273681641 289.474395751953 289.748565673828
291.840301513672 291.789337158203 291.673797607422 291.42333984375 291.356353759766 291.292541503906 291.039459228516 290.550689697266 290.125946044922 289.994689941406 290.191040039062 290.373443603516 290.010864257812 289.542510986328 289.159881591797 289.214721679688 289.201538085938 288.568389892578 288.186676025391 288.741851806641 288.67138671875 289.049621582031 289.44384765625 288.750213623047 288.790771484375 288.978240966797 287.938018798828 287.688842773438 286.502166748047 287.663787841797 287.482604980469 287.206298828125 287.053588867188 286.746612548828 287.364685058594 287.518707275391 288.196990966797 288.089508056641 287.724243164062 288.438049316406 288.635070800781 288.040985107422 288.770568847656 288.300476074219 287.851959228516 287.39697265625 288.948394775391 -3.4e+38 287.638702392578
292.070983886719 291.982574462891 292.012908935547 291.803955078125 291.541320800781 291.525482177734 291.179016113281 290.840637207031 290.550262451172 289.761566162109 289.739929199219 289.887908935547 289.838500976562 289.519226074219 289.560028076172 289.670989990234 289.543090820312 288.771514892578 288.321563720703 288.395874023438 288.639373779297 288.822814941406 289.021881103516 288.516021728516 288.294372558594 -3.4e+38 288.722412109375 288.570709228516 288.183746337891 288.040344238281 287.890045166016 287.552398681641 286.966491699219 286.660949707031 287.434600830078 287.595001220703 288.114044189453 287.973419189453 287.432891845703 288.209442138672 288.132415771484 287.7001953125 288.245849609375 287.125549316406 287.235748291016 287.159698486328 288.641967773438 287.668548583984 285.479553222656
291.840850830078 291.744110107422 291.497314453125 291.500701904297 291.421112060547 291.459045410156 291.316192626953 291.254150390625 290.964660644531 290.0634765625 289.663787841797 289.708160400391 289.711059570312 289.554077148438 289.113128662109 289.232788085938 289.426055908203 288.994384765625 288.624816894531 288.1064453125 288.545776367188 288.663421630859 288.737274169922 288.360748291016 287.755126953125 288.139343261719 288.708831787109 288.573883056641 288.158905029297 287.912475585938 287.545135498047 287.356994628906 287.11279296875 287.048400878906 287.457855224609 287.513031005859 287.646545410156 287.868041992188 287.332489013672 287.692840576172 288.117340087891 288.331359863281 288.129669189453 287.284301757812 287.385162353516 287.750549316406 289.070159912109 288.211120605469 286.693725585938
291.165557861328 291.016479492188 290.723785400391 291.014434814453 290.732330322266 290.962310791016 291.29541015625 291.263702392578 291.025329589844 290.563659667969 290.432006835938 290.472229003906 289.982147216797 289.334594726562 288.569976806641 288.269592285156 288.263244628906 288.761047363281 288.681915283203 288.403717041016 288.287353515625 288.366058349609 288.244598388672 288.302093505859 287.567352294922 287.354705810547 288.0908203125 288.073059082031 288.006591796875 288.050079345703 287.760375976562 287.419860839844 287.248199462891 287.274810791016 287.134216308594 286.759002685547 286.443176269531 287.394287109375 287.206695556641 287.109985351562 287.207153320312 287.516845703125 287.646667480469 286.932434082031 285.529174804688 288.682434082031 289.398712158203 288.226654052734 289.375579833984
290.882293701172 -3.4e+38 290.726409912109 290.758819580078 290.662628173828 291.008453369141 291.015258789062 290.965240478516 290.899810791016 290.901672363281 290.787109375 290.431579589844 289.819458007812 289.379486083984 288.516448974609 288.160888671875 288.428100585938 288.7548828125 288.784606933594 288.759338378906 288.626068115234 288.587280273438 287.918731689453 287.977020263672 287.515960693359 287.169403076172 287.686859130859 287.442260742188 287.525177001953 287.744079589844 287.484588623047 287.328674316406 286.999816894531 286.886596679688 287.104187011719 286.694366455078 286.424377441406 287.308624267578 287.237182617188 286.903106689453 286.708740234375 287.306365966797 287.97900390625 287.808898925781 286.213806152344 287.673522949219 289.6318359375 288.184478759766 290.326629638672
