rcp8.5models/CNRM-CM5/sc1gr8.26
NCOLS 261 
NROWS 433 
XLLCORNER 336357.134 
YLLCORNER 654653.479 
CELLSIZE 1000 
NODATA_value -3.4e+38 
[rows 308 to 329 of 433, columns 49 to 97 of 261]
161.470520019531 162.601013183594 164.816635131836 166.376846313477 167.177032470703 168.755645751953 171.148696899414 176.040008544922 177.452072143555 179.620986938477 182.211502075195 185.436584472656 187.641555786133 190.287887573242 193.463882446289 195.470489501953 197.083068847656 198.930282592773 203.050750732422 206.129379272461 208.750259399414 211.055541992188 212.978302001953 213.882110595703 214.048858642578 214.610397338867 211.491622924805 211.840850830078 216.931274414062 218.374404907227 218.152404785156 216.089477539062 216.717193603516 216.181930541992 213.682037353516 211.104034423828 209.857345581055 211.056442260742 209.545150756836 206.962631225586 203.218017578125 194.509155273438 190.207702636719 178.693862915039 161.780456542969 152.492095947266 151.989852905273 147.023025512695 140.491180419922
163.324081420898 164.749008178711 166.504669189453 167.830017089844 169.243209838867 170.811004638672 172.37321472168 177.623260498047 180.122146606445 182.45378112793 183.975921630859 186.52458190918 189.470825195312 191.79866027832 194.504928588867 196.606079101562 197.973678588867 200.008865356445 204.588485717773 207.055084228516 210.221771240234 212.169464111328 214.272232055664 217.426483154297 218.261535644531 218.173828125 214.987197875977 213.827194213867 219.277603149414 221.738189697266 221.132507324219 219.44563293457 219.249389648438 215.358184814453 213.379196166992 214.82048034668 213.344146728516 213.147735595703 212.224044799805 209.674331665039 206.316665649414 197.089218139648 181.222061157227 162.629592895508 154.583755493164 152.673126220703 152.105026245117 148.989303588867 144.852325439453
165.067855834961 166.203598022461 167.524993896484 169.147567749023 171.303283691406 172.964248657227 174.261795043945 179.155990600586 181.745513916016 184.39208984375 186.022796630859 188.244644165039 191.799255371094 194.033401489258 196.014266967773 197.990341186523 198.912780761719 200.984344482422 205.743469238281 208.597534179688 212.537826538086 213.580551147461 215.897720336914 220.269317626953 221.121887207031 221.414764404297 221.353286743164 220.726226806641 222.957595825195 226.445190429688 225.593017578125 223.434143066406 221.225830078125 216.648056030273 214.933898925781 217.571960449219 215.882217407227 214.296783447266 213.845886230469 212.620193481445 210.835067749023 195.769546508789 178.172882080078 163.965133666992 158.777923583984 154.177230834961 153.58203125 152.617660522461 153.025299072266
165.814682006836 167.111312866211 168.571426391602 170.218246459961 172.289367675781 174.903854370117 176.612060546875 180.518280029297 183.085159301758 185.764724731445 187.829513549805 190.229141235352 193.34228515625 195.563980102539 198.049179077148 199.881652832031 200.238265991211 202.329681396484 207.174606323242 209.706390380859 214.404708862305 216.053985595703 218.240127563477 222.045257568359 223.291000366211 224.308609008789 223.082260131836 222.409133911133 226.078918457031 227.561737060547 225.170745849609 221.953918457031 222.548263549805 221.444046020508 220.706130981445 220.426727294922 218.244552612305 215.892608642578 213.523391723633 212.343368530273 212.414535522461 200.597915649414 192.282577514648 185.036575317383 174.158996582031 168.327133178711 165.979873657227 163.469863891602 165.711380004883
165.967498779297 167.73893737793 169.475433349609 171.029327392578 173.290161132812 175.979415893555 177.765762329102 181.927703857422 184.840133666992 187.719223022461 189.468521118164 191.78271484375 194.246383666992 196.03596496582 198.7080078125 200.956878662109 201.472152709961 203.559692382812 209.037734985352 210.81672668457 216.113983154297 218.556182861328 220.145492553711 223.626037597656 225.562835693359 225.787628173828 224.182998657227 224.198699951172 226.562591552734 228.713928222656 227.596542358398 223.657684326172 222.828384399414 223.748016357422 220.413879394531 218.615173339844 220.980407714844 218.986679077148 216.087387084961 215.526977539062 214.958847045898 209.897552490234 207.059875488281 203.158966064453 195.190612792969 190.595321655273 187.677261352539 185.026077270508 184.724044799805
168.272552490234 170.785430908203 172.15559387207 172.658889770508 174.985855102539 177.389938354492 179.027679443359 183.920120239258 188.096588134766 190.592041015625 192.17106628418 194.460266113281 196.339996337891 198.789260864258 201.387359619141 203.53825378418 205.666946411133 206.807723999023 211.051193237305 213.226486206055 217.861190795898 219.638107299805 219.739685058594 224.315002441406 227.680969238281 228.015426635742 228.184936523438 226.95442199707 227.709228515625 231.443893432617 229.797271728516 229.734252929688 229.941375732422 228.765747070312 228.8994140625 224.474746704102 222.423370361328 222.896133422852 221.90217590332 220.326263427734 217.989242553711 215.514846801758 209.97021484375 206.755187988281 209.142227172852 206.622344970703 204.409393310547 202.376770019531 199.969543457031
170.038391113281 172.126251220703 173.427795410156 174.360092163086 176.541793823242 178.192733764648 180.097381591797 185.863647460938 188.781021118164 191.048950195312 193.028869628906 195.389755249023 197.481155395508 200.127746582031 203.201293945312 205.129623413086 206.836181640625 207.955307006836 211.667602539062 214.406890869141 218.90315246582 221.653839111328 221.555633544922 224.626113891602 229.337448120117 230.325332641602 229.420349121094 228.082580566406 228.644348144531 231.942855834961 232.520416259766 232.483612060547 230.368347167969 230.155303955078 229.47590637207 226.860443115234 225.761260986328 222.946365356445 222.665191650391 223.643127441406 221.779632568359 217.752502441406 215.594909667969 213.288330078125 211.472473144531 205.696075439453 198.60661315918 200.00080871582 202.715606689453
171.107391357422 172.793212890625 174.401016235352 175.318298339844 176.588317871094 179.18864440918 182.498992919922 187.45881652832 189.695648193359 191.705093383789 194.200668334961 197.174942016602 199.541458129883 201.437896728516 203.431045532227 205.656494140625 208.082122802734 209.156646728516 212.974334716797 215.850341796875 220.24137878418 222.959838867188 222.907531738281 226.606567382812 231.699722290039 232.429428100586 230.746398925781 229.275085449219 231.453643798828 233.868774414062 234.263229370117 232.307571411133 229.863128662109 232.019805908203 232.478271484375 231.017013549805 227.69450378418 221.716995239258 221.046615600586 222.545272827148 221.298217773438 211.214233398438 209.706527709961 206.380111694336 199.568557739258 187.733169555664 185.50862121582 201.098251342773 203.618698120117
171.612762451172 173.492156982422 175.352310180664 176.052536010742 177.221115112305 180.877059936523 184.037963867188 188.642578125 190.602066040039 192.234802246094 194.916366577148 197.963287353516 200.493103027344 202.780456542969 204.577850341797 206.858688354492 209.069564819336 210.3544921875 214.803115844727 216.856414794922 219.635269165039 221.977081298828 223.70344543457 228.8125 233.437881469727 232.979187011719 230.957763671875 230.519393920898 232.443374633789 235.599365234375 235.542999267578 234.271987915039 232.897979736328 235.017486572266 235.221740722656 233.995910644531 230.414093017578 225.785552978516 223.332565307617 218.766052246094 217.703338623047 202.119125366211 198.078796386719 188.325653076172 175.618499755859 166.934600830078 173.728988647461 192.327713012695 195.615280151367
172.17024230957 174.329223632812 176.153656005859 177.054641723633 179.133895874023 182.891311645508 185.114288330078 189.489898681641 190.909332275391 192.914627075195 198.001129150391 200.973678588867 201.684234619141 203.742874145508 205.896621704102 207.986633300781 209.872482299805 211.285491943359 217.444580078125 220.848678588867 222.546676635742 223.55158996582 225.673049926758 230.124633789062 234.354690551758 233.256896972656 231.614135742188 232.075607299805 232.562576293945 235.72607421875 233.956207275391 234.621627807617 235.725021362305 236.361526489258 234.398208618164 234.029479980469 233.931671142578 231.861633300781 229.747833251953 224.146118164062 221.968704223633 205.849136352539 192.913848876953 177.926803588867 165.69010925293 164.401550292969 173.630432128906 188.761566162109 194.487030029297
173.111923217773 175.028625488281 176.142486572266 177.877716064453 181.192932128906 184.029159545898 185.684982299805 190.126495361328 191.301956176758 193.425842285156 198.551803588867 201.631622314453 202.248123168945 204.230606079102 206.532043457031 208.587524414062 210.663208007812 212.698272705078 218.417037963867 223.938095092773 227.665649414062 228.907699584961 229.209426879883 229.614547729492 233.316223144531 234.892105102539 233.956756591797 234.066650390625 233.697128295898 236.554214477539 233.922378540039 233.580749511719 236.216613769531 235.649719238281 235.757720947266 235.571212768555 235.511962890625 234.108978271484 232.98078918457 231.00553894043 228.704513549805 216.224319458008 204.252395629883 190.951690673828 180.289077758789 180.925506591797 189.202606201172 199.352005004883 199.977905273438
173.742813110352 175.263687133789 176.910675048828 178.984634399414 181.531463623047 183.908020019531 185.675918579102 189.680770874023 192.073455810547 195.031143188477 198.411773681641 201.340423583984 203.176544189453 204.935699462891 206.93180847168 209.249465942383 212.148086547852 214.925964355469 218.955413818359 222.834411621094 227.047897338867 230.33659362793 231.222320556641 231.935440063477 235.269622802734 237.109756469727 237.195953369141 236.906295776367 235.513687133789 236.545913696289 231.792938232422 231.664291381836 238.346481323242 236.354476928711 236.124542236328 237.533782958984 236.896224975586 235.215057373047 233.833358764648 230.218353271484 228.802124023438 225.454299926758 220.025466918945 208.572158813477 198.249252319336 196.513381958008 201.382904052734 207.266235351562 202.965072631836
174.511993408203 176.167358398438 178.261993408203 180.357940673828 182.58952331543 184.754516601562 186.300354003906 191.410491943359 194.179611206055 196.95930480957 199.815078735352 202.481521606445 204.224716186523 205.678421020508 208.048919677734 211.102951049805 214.119384765625 216.350433349609 220.854873657227 223.203552246094 225.596038818359 229.355682373047 231.27799987793 232.511795043945 234.959823608398 236.561660766602 238.355667114258 238.5791015625 236.693405151367 237.831344604492 236.526702880859 236.487396240234 240.130767822266 237.723709106445 234.809539794922 237.926559448242 238.869842529297 237.211029052734 235.194442749023 232.117645263672 230.731719970703 228.899124145508 221.739761352539 211.953063964844 208.721755981445 209.347396850586 213.029037475586 212.480651855469 204.115356445312
175.507598876953 177.493240356445 179.166915893555 181.362197875977 184.003005981445 186.218078613281 187.904846191406 193.083633422852 195.753005981445 198.619506835938 200.86149597168 203.188552856445 205.246627807617 206.927444458008 209.32975769043 212.387710571289 215.107345581055 217.053558349609 222.755279541016 226.026077270508 229.572967529297 232.752746582031 234.285934448242 235.519638061523 235.754440307617 236.242599487305 239.352676391602 239.990341186523 237.56706237793 237.448623657227 239.061660766602 239.420684814453 240.154998779297 239.48405456543 237.323318481445 239.717086791992 240.706161499023 239.060729980469 237.382278442383 236.938720703125 234.469604492188 230.000518798828 223.22705078125 215.063522338867 217.022918701172 220.565536499023 221.397811889648 217.805130004883 211.29264831543
176.729827880859 178.862548828125 180.277938842773 182.55485534668 185.449096679688 187.520523071289 189.303329467773 194.021377563477 196.448394775391 199.332992553711 201.324493408203 203.307983398438 206.180648803711 208.199661254883 210.167358398438 213.156051635742 215.673248291016 218.198745727539 224.499603271484 228.074203491211 232.190979003906 235.511352539062 237.015411376953 238.304214477539 238.642684936523 239.494705200195 241.736282348633 242.36083984375 240.420471191406 238.349105834961 239.733993530273 241.431442260742 242.873458862305 242.318420410156 240.577346801758 239.774566650391 240.082092285156 240.111343383789 239.737808227539 236.329315185547 229.556503295898 231.35090637207 228.523742675781 223.636138916016 223.856460571289 224.616271972656 221.187561035156 211.849761962891 203.962509155273
177.772354125977 179.766708374023 180.804672241211 183.648086547852 186.432952880859 187.817794799805 189.802963256836 194.802947998047 196.808883666992 199.267272949219 201.655975341797 204.13069152832 206.666870117188 208.856735229492 211.08317565918 213.541748046875 215.49772644043 218.906219482422 224.890243530273 228.210830688477 231.258651733398 235.080337524414 238.021850585938 239.522903442383 240.793899536133 241.958724975586 242.884735107422 243.143890380859 241.802505493164 239.932952880859 241.908813476562 243.452011108398 242.20182800293 240.975738525391 241.569580078125 241.107299804688 241.838104248047 242.17658996582 241.335266113281 236.873229980469 228.927627563477 231.902709960938 231.242141723633 230.185760498047 227.927764892578 225.990371704102 223.466506958008 215.415756225586 197.174575805664
178.725173950195 180.221237182617 181.954895019531 185.000640869141 187.5390625 189.424026489258 190.963470458984 196.424057006836 198.368713378906 200.415374755859 202.207565307617 204.710388183594 207.085800170898 209.513885498047 212.584060668945 215.17578125 216.617462158203 218.833282470703 225.744842529297 228.984832763672 231.47770690918 235.786926269531 239.394195556641 241.136016845703 242.027465820312 243.012100219727 243.477066040039 242.027160644531 240.315353393555 239.925384521484 243.243133544922 243.950408935547 240.497573852539 239.118148803711 240.590545654297 243.523468017578 241.078399658203 238.434494018555 239.088333129883 235.724700927734 234.330459594727 233.460403442383 233.379989624023 232.658248901367 230.343978881836 225.893508911133 223.901565551758 222.591064453125 203.958297729492
180.864944458008 182.528701782227 185.200408935547 187.812911987305 189.741729736328 190.861831665039 192.190032958984 199.046798706055 200.697448730469 202.452774047852 205.041381835938 206.719909667969 208.554626464844 211.572875976562 217.159927368164 220.230590820312 220.999725341797 222.288009643555 228.905075073242 230.636367797852 231.297210693359 236.739471435547 241.057144165039 242.260116577148 241.856430053711 241.976989746094 240.799163818359 241.212539672852 241.891937255859 240.213973999023 240.430374145508 242.426971435547 244.99658203125 242.090316772461 238.923324584961 239.566452026367 241.632751464844 243.413818359375 239.78337097168 235.706390380859 238.106628417969 237.593444824219 236.427658081055 233.502716064453 224.751846313477 208.345336914062 208.667175292969 218.588195800781 215.37272644043
182.197387695312 183.571044921875 186.111587524414 188.838485717773 190.133026123047 191.981094360352 193.727966308594 199.719467163086 201.269485473633 203.728149414062 206.894790649414 207.731048583984 209.035247802734 212.223434448242 218.956619262695 222.679290771484 223.418060302734 224.030899047852 228.129730224609 229.660781860352 232.509063720703 238.262008666992 241.530609130859 241.993896484375 240.7919921875 240.255401611328 240.37287902832 243.197982788086 244.797348022461 243.38623046875 242.366806030273 241.4130859375 245.752532958984 247.0400390625 243.410186767578 240.112991333008 242.0654296875 245.165908813477 245.159378051758 244.345626831055 242.413101196289 239.856842041016 236.405899047852 232.863906860352 230.609283447266 216.482986450195 206.315551757812 209.076217651367 206.823791503906
183.130355834961 184.304290771484 186.800231933594 189.466323852539 190.451034545898 192.745071411133 194.843643188477 200.490997314453 203.131622314453 205.320343017578 207.742874145508 208.615264892578 209.597549438477 212.845123291016 219.18620300293 224.209930419922 225.517517089844 225.509719848633 227.571807861328 229.570465087891 234.9716796875 240.209442138672 241.752258300781 242.595581054688 239.813522338867 240.557510375977 245.42610168457 247.575958251953 246.776031494141 244.797225952148 244.871551513672 243.534072875977 246.633422851562 249.664993286133 247.858688354492 245.843948364258 245.365295410156 242.608489990234 241.753540039062 243.760757446289 243.498443603516 238.604370117188 232.613723754883 225.117553710938 224.139205932617 222.569213867188 207.424102783203 200.847610473633 199.43293762207
184.486999511719 186.24040222168 188.500778198242 190.721313476562 191.72135925293 193.908187866211 196.155487060547 201.668518066406 204.753219604492 207.045806884766 208.520843505859 209.769012451172 210.841949462891 213.48405456543 219.484069824219 223.369232177734 223.473052978516 225.153686523438 229.341049194336 230.958526611328 233.278625488281 237.251205444336 240.925582885742 244.01188659668 239.886169433594 241.123825073242 -3.4e+38 247.501007080078 246.558959960938 247.947967529297 245.509567260742 242.145065307617 243.097869873047 244.255813598633 246.762969970703 250.06071472168 246.05078125 239.584930419922 241.328735351562 245.275955200195 241.459243774414 238.342620849609 233.177673339844 224.127532958984 221.905212402344 221.854904174805 207.441513061523 199.879043579102 196.521621704102
185.725784301758 187.381072998047 189.591033935547 191.773315429688 193.278656005859 195.38835144043 197.97590637207 202.896133422852 205.827941894531 207.897064208984 208.644165039062 210.428634643555 212.363876342773 214.835189819336 219.219223022461 221.574600219727 222.504867553711 226.385452270508 233.365142822266 234.072738647461 234.751724243164 238.601776123047 242.727127075195 244.674133300781 243.986587524414 -3.4e+38 248.844421386719 248.509216308594 248.706466674805 251.204788208008 247.834609985352 243.194107055664 241.337478637695 240.906997680664 246.232009887695 250.265762329102 244.339172363281 241.603240966797 245.83740234375 247.240997314453 243.184097290039 241.71305847168 236.961868286133 226.435165405273 219.063507080078 213.013488769531 201.951263427734 200.594863891602 200.801162719727
