rcp8.5models/CNRM-CM5/sc1gr21.12
NCOLS 261 
NROWS 433 
XLLCORNER 336357.134 
YLLCORNER 654653.479 
CELLSIZE 1000 
NODATA_value -9999 
[rows 198 to 219 of 433, columns 50 to 99 of 261]
52.4631309509277 20.2322463989258 22.7394790649414 26.432279586792 24.7342586517334 24.4566459655762 26.4931335449219 31.9535617828369 43.1581382751465 52.366771697998 52.3451347351074 47.3577537536621 41.233757019043 35.2388763427734 34.7441711425781 33.2334289550781 31.5696315765381 31.8595752716064 38.2406539916992 54.6063957214355 65.3061599731445 53.815788269043 47.2712287902832 72.0766372680664 110.515548706055 183.102890014648 217.983581542969 205.41633605957 161.766693115234 137.818725585938 132.910461425781 144.039474487305 188.232131958008 253.245269775391 273.50537109375 237.106185913086 198.832885742188 188.362060546875 154.029266357422 140.862380981445 180.055435180664 224.033187866211 261.811737060547 321.124847412109 344.232116699219 255.0126953125 156.628997802734 201.215423583984 235.203720092773 266.357299804688
44.6087036132812 16.2489719390869 24.3745517730713 29.8214588165283 29.5710296630859 30.0780868530273 33.8598594665527 43.4236450195312 54.3065986633301 58.0978813171387 56.7583045959473 54.411376953125 52.3651695251465 51.3618202209473 64.2835693359375 73.0704956054688 58.6068725585938 39.9808349609375 40.7898826599121 55.5212287902832 74.9091110229492 85.0348892211914 96.7720565795898 114.287994384766 139.46923828125 271.902435302734 297.142395019531 236.667129516602 171.342803955078 144.062622070312 136.179489135742 154.245697021484 193.958969116211 235.521545410156 233.382095336914 198.672409057617 177.273712158203 155.56721496582 127.260437011719 113.214935302734 115.860366821289 152.927978515625 244.413299560547 330.065063476562 325.801208496094 237.939880371094 143.997817993164 135.571746826172 153.752456665039 169.180282592773
44.762565612793 20.1829700469971 24.9780426025391 30.4394207000732 30.4969081878662 31.5317192077637 36.7330589294434 47.7858924865723 56.5440483093262 55.341438293457 51.6756248474121 53.9606819152832 59.4451942443848 71.2868270874023 104.114234924316 127.318031311035 94.6043472290039 52.3863754272461 50.9491310119629 58.6015510559082 74.0841827392578 86.3021850585938 94.6813278198242 113.006996154785 180.754455566406 389.779083251953 316.588500976562 225.574096679688 171.636260986328 162.05158996582 218.408386230469 298.179779052734 301.958587646484 254.386779785156 223.467895507812 191.754257202148 192.567687988281 173.255432128906 136.376480102539 114.147621154785 103.465240478516 126.790542602539 196.225860595703 238.10969543457 205.710601806641 160.862213134766 124.642776489258 102.354385375977 106.916770935059 115.82349395752
37.3983306884766 29.7510032653809 30.9463138580322 31.8662624359131 31.0160236358643 31.588924407959 35.4889907836914 43.2551383972168 49.8230323791504 48.7157821655273 45.5074615478516 51.4618835449219 60.1099739074707 79.1530380249023 122.263320922852 153.48503112793 114.117691040039 61.1618881225586 58.5096282958984 65.9283752441406 76.5298461914062 82.6353607177734 85.8906860351562 95.6215286254883 139.010284423828 294.080780029297 233.46142578125 161.698211669922 156.78108215332 208.928375244141 349.384582519531 526.164611816406 595.838012695312 501.949523925781 329.074279785156 193.993515014648 223.148620605469 205.590362548828 154.012542724609 120.694519042969 110.794563293457 116.167175292969 132.752517700195 133.586532592773 112.178451538086 107.175384521484 118.074661254883 126.226669311523 110.464645385742 103.279624938965
35.0234222412109 34.116283416748 34.1827354431152 34.030330657959 33.6404571533203 33.9559211730957 35.6791114807129 38.2680435180664 40.1045684814453 39.9794540405273 40.0502662658691 46.1592216491699 56.3649101257324 82.3478622436523 130.940399169922 168.499526977539 134.974899291992 78.2817916870117 63.5037689208984 72.6987991333008 85.7060928344727 99.7307586669922 120.028671264648 126.869041442871 131.752670288086 236.730987548828 188.500015258789 137.499542236328 164.607147216797 231.871322631836 380.365356445312 623.709899902344 794.962341308594 725.709777832031 446.418487548828 190.990005493164 216.349319458008 191.000778198242 157.85026550293 136.187271118164 127.750617980957 123.123039245605 112.324562072754 99.8960418701172 94.3193054199219 103.345169067383 131.878448486328 143.056381225586 115.64444732666 97.6980895996094
34.8265914916992 34.769889831543 34.7496032714844 34.7157554626465 34.7055778503418 35.0203437805176 35.888988494873 36.7618713378906 37.0913429260254 37.9416999816895 44.0757484436035 60.4276351928711 74.9724731445312 100.231941223145 148.465286254883 177.207885742188 163.8017578125 131.757751464844 96.9049224853516 94.7437896728516 137.320388793945 175.41162109375 198.055816650391 -9999 167.349746704102 157.016372680664 133.366088867188 134.476501464844 191.124160766602 250.226837158203 324.24658203125 503.332122802734 727.584533691406 758.250366210938 472.681854248047 -9999 185.771667480469 168.463470458984 155.352035522461 143.218460083008 135.459686279297 128.533569335938 112.577964782715 105.760871887207 124.543495178223 146.856155395508 158.69255065918 107.666900634766 83.8601913452148 73.5669097900391
34.8124008178711 34.7868041992188 34.7724418640137 34.7241363525391 34.6579246520996 35.4385795593262 42.5825157165527 65.1565399169922 90.2543029785156 84.7036056518555 75.6375579833984 113.899223327637 147.702026367188 106.826385498047 96.2108154296875 107.259895324707 125.560424804688 146.628753662109 137.913681030273 126.904640197754 156.563034057617 182.782012939453 185.645324707031 164.025817871094 131.785629272461 103.273048400879 105.22338104248 141.868911743164 215.553131103516 267.058349609375 284.402465820312 365.257354736328 524.147033691406 572.077087402344 418.986694335938 258.651184082031 161.625854492188 144.897277832031 139.042831420898 139.258514404297 139.705856323242 133.200317382812 116.627388000488 106.717765808105 119.392570495605 138.279998779297 140.575317382812 74.6246948242188 62.7329635620117 58.017448425293
34.8299446105957 34.7852439880371 34.7464866638184 34.6488418579102 35.454174041748 44.6955833435059 81.7304534912109 153.605422973633 217.08821105957 222.158248901367 196.357269287109 198.244674682617 207.696319580078 138.845031738281 103.175559997559 94.5758285522461 126.603500366211 167.266311645508 166.453018188477 153.129455566406 159.536392211914 165.802154541016 147.339553833008 109.260467529297 86.8842849731445 86.3660125732422 97.5987243652344 142.37419128418 213.581451416016 249.234130859375 241.425216674805 272.806884765625 350.154022216797 397.669769287109 398.570983886719 325.384521484375 157.554046630859 129.754318237305 130.100448608398 140.863967895508 151.07112121582 151.227035522461 142.52099609375 124.760047912598 103.472076416016 92.4378051757812 91.7774200439453 64.4160385131836 59.3817863464355 55.4148216247559
35.083438873291 34.7827224731445 35.5500679016113 38.1351432800293 46.6764297485352 74.1889266967773 129.450729370117 183.612274169922 202.434204101562 204.892822265625 221.804168701172 251.004455566406 269.093627929688 214.844100952148 196.04411315918 197.085464477539 206.56135559082 203.818313598633 185.723876953125 174.448577880859 164.703872680664 137.490371704102 97.0931091308594 75.7018890380859 73.1506500244141 82.4046478271484 90.8571548461914 116.645881652832 148.171417236328 154.645355224609 148.361953735352 183.106521606445 277.420501708984 410.425231933594 507.47412109375 406.344482421875 157.75813293457 133.305252075195 143.847702026367 166.931457519531 178.957489013672 176.533584594727 171.052352905273 144.450637817383 103.931129455566 76.0464401245117 73.300163269043 65.6905517578125 60.128231048584 55.4870681762695
70.4459686279297 67.739860534668 72.7297668457031 86.2892456054688 103.601791381836 126.052101135254 155.585845947266 170.587509155273 169.714752197266 177.997085571289 206.107803344727 243.527893066406 274.686584472656 245.954498291016 255.190216064453 262.877288818359 240.381744384766 208.59846496582 194.377014160156 183.165161132812 156.332565307617 109.985488891602 69.1042098999023 65.7798004150391 71.6262054443359 83.6918487548828 92.7932510375977 108.274848937988 117.391265869141 112.110130310059 111.608505249023 149.855010986328 232.334411621094 328.888244628906 383.883453369141 310.607025146484 146.624816894531 143.157699584961 167.697265625 199.124221801758 209.200881958008 205.143203735352 195.078857421875 -9999 123.976028442383 104.081642150879 110.915145874023 94.7682647705078 66.5860214233398 57.2906265258789
108.786804199219 112.656715393066 115.809768676758 117.079391479492 122.394950866699 130.842895507812 144.325454711914 158.046249389648 170.352600097656 180.699157714844 188.728408813477 197.513031005859 202.187469482422 201.768859863281 219.953262329102 221.967803955078 204.418075561523 186.959426879883 -9999 -9999 95.8127593994141 78.0098114013672 62.8660621643066 63.8527603149414 69.4337310791016 87.5674362182617 95.3135757446289 106.493453979492 111.465339660645 106.284461975098 117.41845703125 168.429763793945 223.818740844727 261.613800048828 291.561676025391 263.70166015625 172.463302612305 160.088684082031 176.158935546875 207.060592651367 235.68782043457 258.032592773438 253.415802001953 186.064270019531 119.057830810547 123.216400146484 149.688812255859 133.825439453125 90.702522277832 77.3971252441406
117.224723815918 118.821952819824 129.93489074707 134.236831665039 136.054901123047 144.697174072266 155.840484619141 161.958374023438 186.143005371094 241.569793701172 269.090362548828 228.924789428711 172.008850097656 158.229797363281 192.777099609375 210.570281982422 169.993896484375 139.010925292969 -9999 142.318313598633 -9999 75.0749664306641 -9999 76.5944519042969 82.4151611328125 93.2567367553711 100.546226501465 124.000152587891 150.884033203125 156.855163574219 190.738296508789 255.503829956055 247.502532958984 217.894790649414 223.199493408203 -9999 179.21044921875 181.746978759766 209.680053710938 251.203842163086 277.192657470703 296.739624023438 281.517761230469 187.218536376953 110.595359802246 -9999 140.512451171875 153.923767089844 173.941223144531 184.37158203125
116.763725280762 117.614112854004 127.947547912598 134.988327026367 139.811279296875 -9999 175.198440551758 188.241546630859 186.649124145508 185.69384765625 178.275268554688 156.511016845703 136.280471801758 150.804901123047 191.163864135742 217.087326049805 165.677062988281 93.6445465087891 -9999 -9999 -9999 -9999 89.0132598876953 81.0022125244141 89.1412734985352 120.316764831543 143.567306518555 212.008361816406 319.815460205078 358.978881835938 330.297485351562 321.652526855469 262.544860839844 203.552169799805 207.813934326172 203.779418945312 150.032287597656 147.533203125 162.618316650391 187.684768676758 208.34700012207 227.72331237793 229.525238037109 191.104461669922 150.193496704102 129.18408203125 115.012298583984 118.133712768555 137.585311889648 154.514572143555
122.003303527832 134.57991027832 154.600662231445 162.807754516602 158.068618774414 154.247436523438 168.069519042969 189.392395019531 191.044128417969 163.986557006836 135.867523193359 127.882293701172 127.522384643555 129.986663818359 -9999 131.003723144531 106.919639587402 70.064697265625 60.4412689208984 62.1715698242188 71.5239181518555 89.5267791748047 95.485221862793 86.6807174682617 96.8759994506836 149.603805541992 180.21403503418 255.253265380859 402.639587402344 493.792358398438 436.824493408203 340.982727050781 252.136184692383 221.417724609375 266.366485595703 274.162994384766 141.262710571289 121.430465698242 130.779479980469 149.859680175781 173.569931030273 202.190155029297 219.011520385742 197.346603393555 -9999 120.023544311523 101.203552246094 116.243789672852 140.329360961914 153.382781982422
134.555328369141 162.649948120117 195.030181884766 208.154998779297 194.807571411133 166.642959594727 155.657608032227 172.687850952148 185.040054321289 165.176010131836 136.070114135742 138.706924438477 149.192947387695 120.526161193848 100.338386535645 91.5154571533203 79.8663711547852 64.6040496826172 58.0906524658203 58.2885208129883 66.7497634887695 88.1889114379883 102.655487060547 98.9394454956055 107.126403808594 153.293640136719 178.178802490234 228.359893798828 358.479095458984 492.463409423828 469.442047119141 337.904663085938 244.183502197266 228.288467407227 257.273651123047 -9999 -9999 116.826522827148 124.736259460449 139.716400146484 158.114456176758 180.593002319336 193.403945922852 177.413635253906 141.006484985352 107.668327331543 98.917106628418 141.014266967773 168.780380249023 160.972717285156
125.663940429688 163.704559326172 209.926116943359 234.517929077148 233.700866699219 200.00862121582 161.747741699219 156.063613891602 163.465087890625 154.95686340332 140.175827026367 144.857070922852 150.273666381836 108.727249145508 94.144645690918 89.1844482421875 79.5830841064453 62.9138145446777 51.6674461364746 51.8871459960938 61.9093894958496 88.6799774169922 114.816108703613 119.335540771484 121.496994018555 134.781311035156 139.353393554688 151.311553955078 224.336441040039 367.872711181641 429.144866943359 342.160888671875 280.510009765625 302.165252685547 285.917449951172 244.660980224609 185.43049621582 133.617919921875 123.873603820801 138.013381958008 155.565887451172 172.805953979492 176.396331787109 157.605194091797 126.92724609375 103.438407897949 99.4705810546875 146.830581665039 153.499145507812 125.938102722168
101.382781982422 139.656127929688 233.483673095703 308.769927978516 328.164031982422 259.006225585938 191.741592407227 159.329849243164 148.478591918945 139.440658569336 133.64208984375 135.157241821289 131.286331176758 102.098014831543 92.166259765625 87.0014724731445 73.7384262084961 56.4928245544434 48.050479888916 48.7308883666992 57.221607208252 82.7837905883789 115.956871032715 132.461685180664 135.344711303711 117.464012145996 106.717727661133 106.838775634766 134.280319213867 214.94416809082 285.777099609375 263.390838623047 239.438720703125 300.398101806641 317.156707763672 -9999 176.457870483398 135.845260620117 117.713592529297 132.738525390625 150.389755249023 169.394515991211 169.9248046875 144.254608154297 117.682723999023 101.99397277832 96.2979965209961 127.344596862793 130.936233520508 111.149314880371
106.667549133301 147.466445922852 314.494445800781 420.796691894531 419.942138671875 323.365020751953 233.204971313477 182.933532714844 155.365600585938 140.905563354492 129.898391723633 127.619140625 120.768936157227 97.3383865356445 90.5928192138672 82.4708404541016 65.0662612915039 50.2700386047363 47.5318298339844 48.7037048339844 56.210521697998 78.7676086425781 112.274238586426 134.993469238281 137.377731323242 106.981117248535 100.186729431152 102.451919555664 126.091506958008 176.210754394531 200.467803955078 170.940505981445 160.745544433594 196.932998657227 216.534698486328 184.299011230469 130.58576965332 108.319854736328 95.9024353027344 108.227516174316 130.575256347656 156.332824707031 163.581985473633 142.082382202148 -9999 101.250625610352 92.7607192993164 110.973297119141 122.368644714355 113.624870300293
109.734100341797 162.104965209961 527.2001953125 745.279602050781 668.775451660156 422.226379394531 260.907531738281 196.134826660156 159.769058227539 142.671905517578 128.508865356445 124.266151428223 115.263206481934 91.3306045532227 88.976806640625 83.2520980834961 66.7520751953125 52.2163009643555 50.8695602416992 54.7345504760742 62.6639213562012 78.3998413085938 103.138160705566 126.090110778809 132.225448608398 108.260498046875 109.349998474121 128.56103515625 189.996597290039 274.159606933594 273.660797119141 190.377578735352 155.01237487793 163.937042236328 165.736663818359 -9999 117.660285949707 136.883422851562 192.992050170898 216.626678466797 153.027572631836 115.218894958496 134.363861083984 132.746032714844 118.971168518066 104.45361328125 92.8213577270508 117.14427947998 161.610321044922 172.925140380859
106.46630859375 157.484130859375 358.854156494141 461.272552490234 434.958648681641 333.940643310547 257.1845703125 217.286605834961 176.194305419922 141.360076904297 121.604637145996 117.787796020508 102.179840087891 87.0976867675781 91.8995208740234 99.3661727905273 103.957878112793 102.106948852539 88.7726287841797 73.6540832519531 72.4187088012695 77.8695602416992 91.7176284790039 112.48991394043 123.001960754395 124.477478027344 147.533813476562 188.276016235352 259.263244628906 336.217712402344 326.242279052734 260.658813476562 241.127304077148 238.654205322266 211.18717956543 162.552490234375 158.158752441406 199.243240356445 276.614776611328 307.976715087891 188.649551391602 93.9798583984375 114.497535705566 128.182632446289 139.237945556641 140.089248657227 124.971710205078 127.859703063965 176.295989990234 180.356842041016
122.060844421387 159.090805053711 263.756134033203 306.440307617188 296.636810302734 260.105682373047 230.772018432617 200.877990722656 147.424087524414 116.499359130859 116.403022766113 121.683029174805 112.394332885742 88.8228607177734 101.009269714355 121.603363037109 137.099349975586 141.859756469727 134.855422973633 116.507385253906 97.2413635253906 83.1085586547852 84.2648620605469 100.722236633301 114.999794006348 125.870086669922 146.93180847168 184.017059326172 235.141983032227 283.854187011719 298.404113769531 290.7265625 287.241394042969 271.648468017578 228.423675537109 170.761291503906 226.703491210938 263.807891845703 264.251129150391 266.276916503906 205.239044189453 140.835342407227 128.018981933594 128.621490478516 147.472457885742 173.362747192383 193.520462036133 144.480163574219 144.385177612305 138.042770385742
137.145401000977 159.009262084961 216.586532592773 228.891860961914 227.961395263672 216.158264160156 204.710357666016 185.043991088867 142.185272216797 110.723808288574 111.288452148438 122.141830444336 121.907844543457 97.6975631713867 110.177894592285 130.105438232422 142.518585205078 145.484237670898 145.922302246094 145.251419067383 133.809661865234 -9999 98.0720825195312 109.306716918945 123.937828063965 136.581604003906 163.252258300781 199.468444824219 226.352188110352 245.753128051758 282.437377929688 340.593505859375 344.311492919922 253.463348388672 172.801055908203 158.597885131836 248.723342895508 260.651885986328 226.933837890625 228.549118041992 222.68864440918 209.194732666016 195.31755065918 172.995407104492 157.14387512207 171.664535522461 215.741546630859 163.125473022461 133.042678833008 123.987030029297
