rcp8.5models/CNRM-CM5/sc1gr7.28
NCOLS 261 
NROWS 433 
XLLCORNER 336357.134 
YLLCORNER 654653.479 
CELLSIZE 1000 
NODATA_value -3.4e+38 
[rows 198 to 219 of 433, columns 196 to 244 of 261]
66.6077880859375 66.3862991333008 66.1564788818359 65.902961730957 65.6527557373047 65.4539337158203 65.1958084106445 64.8315048217773 64.6201248168945 64.470588684082 -3.4e+38 63.9976234436035 63.8372764587402 63.6072731018066 63.4878578186035 63.3276481628418 63.2097511291504 63.0670204162598 62.7562026977539 62.7091598510742 -3.4e+38 -3.4e+38 -3.4e+38 -3.4e+38 -3.4e+38 -3.4e+38 -3.4e+38 -3.4e+38 -3.4e+38 -3.4e+38 -3.4e+38 -3.4e+38 -3.4e+38 -3.4e+38 -3.4e+38 -3.4e+38 -3.4e+38 -3.4e+38 -3.4e+38 -3.4e+38 -3.4e+38 -3.4e+38 -3.4e+38 -3.4e+38 -3.4e+38 -3.4e+38 -3.4e+38 -3.4e+38 -3.4e+38
66.6001434326172 66.3812255859375 66.1032180786133 65.8105316162109 65.6064834594727 65.4702911376953 65.2623977661133 64.872200012207 64.6378402709961 64.4885025024414 -3.4e+38 64.0214157104492 63.8776054382324 63.6196594238281 63.4412002563477 63.2772369384766 63.1927032470703 63.0331192016602 -3.4e+38 62.6568183898926 -3.4e+38 -3.4e+38 -3.4e+38 -3.4e+38 -3.4e+38 -3.4e+38 -3.4e+38 -3.4e+38 -3.4e+38 -3.4e+38 -3.4e+38 -3.4e+38 -3.4e+38 -3.4e+38 -3.4e+38 -3.4e+38 -3.4e+38 -3.4e+38 -3.4e+38 -3.4e+38 -3.4e+38 -3.4e+38 -3.4e+38 -3.4e+38 -3.4e+38 -3.4e+38 -3.4e+38 -3.4e+38 -3.4e+38
66.6125183105469 66.4037246704102 -3.4e+38 65.7235870361328 65.571533203125 65.4136428833008 65.23095703125 64.8655548095703 -3.4e+38 64.4380264282227 64.186882019043 64.0518188476562 63.8858947753906 63.6428642272949 63.4617080688477 63.2786674499512 63.1945877075195 63.0825309753418 62.7538452148438 62.6260452270508 62.5356025695801 -3.4e+38 -3.4e+38 -3.4e+38 -3.4e+38 -3.4e+38 -3.4e+38 -3.4e+38 -3.4e+38 -3.4e+38 -3.4e+38 -3.4e+38 -3.4e+38 -3.4e+38 -3.4e+38 -3.4e+38 -3.4e+38 -3.4e+38 -3.4e+38 -3.4e+38 -3.4e+38 -3.4e+38 -3.4e+38 -3.4e+38 -3.4e+38 -3.4e+38 -3.4e+38 -3.4e+38 -3.4e+38
66.6186904907227 66.4029541015625 66.1230773925781 65.7636947631836 65.5982818603516 65.374397277832 65.2004241943359 64.8812789916992 64.6518783569336 64.3610229492188 64.1658477783203 64.0450668334961 63.8738670349121 63.6712646484375 63.5214309692383 63.2981300354004 63.2138595581055 63.1057891845703 62.820629119873 62.6541938781738 62.482063293457 -3.4e+38 -3.4e+38 -3.4e+38 -3.4e+38 -3.4e+38 -3.4e+38 -3.4e+38 -3.4e+38 -3.4e+38 -3.4e+38 -3.4e+38 -3.4e+38 -3.4e+38 -3.4e+38 -3.4e+38 -3.4e+38 -3.4e+38 -3.4e+38 -3.4e+38 -3.4e+38 -3.4e+38 -3.4e+38 -3.4e+38 -3.4e+38 -3.4e+38 -3.4e+38 -3.4e+38 -3.4e+38
66.6331176757812 66.3828353881836 66.1114959716797 65.8268508911133 65.5852355957031 65.3936386108398 65.2540969848633 64.8314056396484 64.5483169555664 64.3573989868164 64.1974945068359 64.0370330810547 63.8672828674316 63.6769409179688 63.5169677734375 63.3283882141113 63.2348289489746 63.1003684997559 62.8433494567871 -3.4e+38 62.4567489624023 62.3372802734375 -3.4e+38 -3.4e+38 -3.4e+38 -3.4e+38 -3.4e+38 -3.4e+38 -3.4e+38 -3.4e+38 -3.4e+38 -3.4e+38 -3.4e+38 -3.4e+38 -3.4e+38 -3.4e+38 -3.4e+38 -3.4e+38 -3.4e+38 -3.4e+38 -3.4e+38 -3.4e+38 -3.4e+38 -3.4e+38 -3.4e+38 -3.4e+38 -3.4e+38 -3.4e+38 -3.4e+38
66.6041793823242 66.3145065307617 66.0040664672852 65.849739074707 65.6513671875 65.4275054931641 65.2655715942383 64.8007049560547 64.5041122436523 64.3799667358398 64.20361328125 64.0258026123047 63.8510551452637 63.681640625 63.5419578552246 -3.4e+38 63.2048149108887 63.0936698913574 62.8014717102051 62.5550346374512 -3.4e+38 -3.4e+38 62.1998863220215 -3.4e+38 -3.4e+38 -3.4e+38 -3.4e+38 -3.4e+38 -3.4e+38 -3.4e+38 -3.4e+38 -3.4e+38 -3.4e+38 -3.4e+38 -3.4e+38 -3.4e+38 -3.4e+38 -3.4e+38 -3.4e+38 -3.4e+38 -3.4e+38 -3.4e+38 -3.4e+38 -3.4e+38 -3.4e+38 -3.4e+38 -3.4e+38 -3.4e+38 -3.4e+38
66.5612869262695 66.2704238891602 66.0178604125977 65.866096496582 65.6656951904297 65.454475402832 65.2361907958984 64.8234252929688 64.5263824462891 64.3744659423828 64.2222747802734 64.0349426269531 63.8500938415527 63.6891708374023 63.610408782959 63.4510154724121 63.2287712097168 63.0941429138184 -3.4e+38 62.5457305908203 62.496711730957 62.3721046447754 -3.4e+38 62.1349334716797 62.0561103820801 -3.4e+38 -3.4e+38 -3.4e+38 -3.4e+38 -3.4e+38 -3.4e+38 -3.4e+38 -3.4e+38 -3.4e+38 -3.4e+38 -3.4e+38 -3.4e+38 -3.4e+38 -3.4e+38 -3.4e+38 -3.4e+38 -3.4e+38 -3.4e+38 -3.4e+38 -3.4e+38 -3.4e+38 -3.4e+38 -3.4e+38 -3.4e+38
66.516227722168 66.2775726318359 66.0539016723633 65.839729309082 65.6401824951172 65.495849609375 65.2612762451172 64.8180389404297 64.558235168457 64.3654251098633 64.2271499633789 64.0260696411133 63.8768692016602 63.7265663146973 63.6247177124023 63.473388671875 63.2707748413086 63.1203498840332 -3.4e+38 62.5659980773926 62.4848594665527 62.3776397705078 62.3141860961914 -3.4e+38 62.0264434814453 62.0320014953613 -3.4e+38 -3.4e+38 -3.4e+38 -3.4e+38 -3.4e+38 -3.4e+38 -3.4e+38 -3.4e+38 -3.4e+38 -3.4e+38 -3.4e+38 -3.4e+38 -3.4e+38 -3.4e+38 -3.4e+38 -3.4e+38 -3.4e+38 -3.4e+38 -3.4e+38 -3.4e+38 -3.4e+38 -3.4e+38 -3.4e+38
66.4923934936523 66.2823257446289 66.057373046875 65.8446731567383 65.6779708862305 65.5079879760742 65.2792739868164 64.8630218505859 64.6240844726562 64.399169921875 64.234977722168 64.0245819091797 63.9434356689453 63.7949867248535 63.6213188171387 63.5086898803711 63.2708168029785 63.0314598083496 62.8224296569824 62.6360282897949 62.4841957092285 62.4212074279785 62.3524360656738 -3.4e+38 62.0513648986816 62.0820159912109 -3.4e+38 -3.4e+38 -3.4e+38 -3.4e+38 -3.4e+38 -3.4e+38 -3.4e+38 -3.4e+38 -3.4e+38 -3.4e+38 -3.4e+38 -3.4e+38 -3.4e+38 -3.4e+38 -3.4e+38 -3.4e+38 -3.4e+38 -3.4e+38 -3.4e+38 -3.4e+38 -3.4e+38 -3.4e+38 -3.4e+38
66.4814987182617 66.2649154663086 66.0752944946289 65.8966522216797 65.7500915527344 65.5532379150391 65.2975921630859 64.8756866455078 64.6636657714844 64.4279022216797 64.302604675293 64.1615371704102 64.031867980957 63.835636138916 63.6304397583008 63.4764785766602 63.2603721618652 63.0050849914551 62.8012580871582 62.6784133911133 62.538143157959 62.3915557861328 62.3252143859863 62.2575721740723 62.133861541748 -3.4e+38 62.0036544799805 -3.4e+38 -3.4e+38 -3.4e+38 -3.4e+38 -3.4e+38 -3.4e+38 -3.4e+38 -3.4e+38 -3.4e+38 -3.4e+38 -3.4e+38 -3.4e+38 -3.4e+38 -3.4e+38 -3.4e+38 -3.4e+38 -3.4e+38 -3.4e+38 -3.4e+38 -3.4e+38 -3.4e+38 -3.4e+38
66.5815963745117 66.3394317626953 66.1668014526367 65.9794082641602 65.7672653198242 65.4613418579102 65.2458877563477 64.8898086547852 64.7543716430664 64.515625 -3.4e+38 64.2391662597656 64.0214385986328 63.7754135131836 63.6091766357422 63.4013214111328 63.2978973388672 63.127254486084 62.896541595459 62.7451286315918 62.6310577392578 62.4463157653809 62.4368553161621 62.388786315918 62.2691688537598 62.1533012390137 62.0675811767578 -3.4e+38 -3.4e+38 -3.4e+38 -3.4e+38 -3.4e+38 -3.4e+38 -3.4e+38 -3.4e+38 -3.4e+38 -3.4e+38 -3.4e+38 -3.4e+38 -3.4e+38 -3.4e+38 -3.4e+38 -3.4e+38 -3.4e+38 -3.4e+38 -3.4e+38 -3.4e+38 -3.4e+38 -3.4e+38
66.6069259643555 66.4242782592773 66.1962127685547 65.9523544311523 65.7088623046875 65.4766616821289 65.3138122558594 64.9074020385742 64.776123046875 64.5761337280273 64.4256286621094 64.2144546508789 63.9941940307617 -3.4e+38 -3.4e+38 63.4772491455078 63.3382453918457 63.1839904785156 62.9200897216797 62.8193855285645 62.7118034362793 62.5284996032715 62.4493064880371 62.3582305908203 62.2894821166992 62.1746406555176 62.1013603210449 -3.4e+38 -3.4e+38 -3.4e+38 -3.4e+38 -3.4e+38 -3.4e+38 -3.4e+38 -3.4e+38 -3.4e+38 -3.4e+38 -3.4e+38 -3.4e+38 -3.4e+38 -3.4e+38 -3.4e+38 -3.4e+38 -3.4e+38 -3.4e+38 -3.4e+38 -3.4e+38 -3.4e+38 -3.4e+38
66.6251831054688 66.436279296875 66.2264785766602 65.9035797119141 65.6617736816406 65.4848785400391 65.3601608276367 64.9932327270508 64.826301574707 64.6701583862305 64.4551315307617 64.1511306762695 64.0030364990234 -3.4e+38 -3.4e+38 -3.4e+38 63.4111824035645 63.2812194824219 62.9604225158691 62.8799133300781 62.7890968322754 62.6106185913086 62.4604606628418 62.3748741149902 62.3342628479004 62.2103424072266 62.1604118347168 -3.4e+38 -3.4e+38 -3.4e+38 -3.4e+38 -3.4e+38 -3.4e+38 -3.4e+38 -3.4e+38 -3.4e+38 -3.4e+38 -3.4e+38 -3.4e+38 -3.4e+38 -3.4e+38 -3.4e+38 -3.4e+38 -3.4e+38 -3.4e+38 -3.4e+38 -3.4e+38 -3.4e+38 -3.4e+38
66.6438903808594 66.3879470825195 66.1696166992188 65.9163513183594 65.7157516479492 65.5414428710938 65.3823471069336 65.0797729492188 64.8287048339844 64.599739074707 64.4242095947266 64.1814651489258 64.0245056152344 63.8896179199219 -3.4e+38 63.616340637207 63.4464263916016 63.2882995605469 63.0355682373047 62.8845977783203 62.8346710205078 62.6904983520508 62.5228157043457 62.4645843505859 62.3880348205566 -3.4e+38 62.199821472168 62.1202430725098 61.9784851074219 61.8819732666016 -3.4e+38 -3.4e+38 -3.4e+38 -3.4e+38 -3.4e+38 -3.4e+38 -3.4e+38 -3.4e+38 -3.4e+38 -3.4e+38 -3.4e+38 -3.4e+38 -3.4e+38 -3.4e+38 -3.4e+38 -3.4e+38 -3.4e+38 -3.4e+38 -3.4e+38
66.6451950073242 66.3536605834961 66.1341857910156 65.9401473999023 65.7626953125 65.6195449829102 65.3822784423828 65.1033554077148 64.8285675048828 64.5776062011719 64.4292373657227 64.245002746582 64.0599899291992 63.9075317382812 63.8409271240234 63.6721687316895 63.4766082763672 63.307487487793 63.0735893249512 62.940013885498 62.8950424194336 62.761890411377 62.5880393981934 62.4577674865723 -3.4e+38 62.2268257141113 62.1523323059082 62.0536422729492 61.9941749572754 61.8606376647949 -3.4e+38 -3.4e+38 -3.4e+38 -3.4e+38 -3.4e+38 -3.4e+38 -3.4e+38 -3.4e+38 -3.4e+38 -3.4e+38 -3.4e+38 -3.4e+38 -3.4e+38 -3.4e+38 -3.4e+38 -3.4e+38 -3.4e+38 -3.4e+38 -3.4e+38
66.5815811157227 66.3659591674805 66.2217636108398 66.0161514282227 65.8030700683594 65.6393203735352 65.4406204223633 65.0282592773438 64.870231628418 64.6497268676758 64.443229675293 64.3065338134766 64.1164169311523 63.9797439575195 63.8983268737793 63.6886405944824 63.559440612793 63.4242477416992 63.0974540710449 62.8866920471191 62.8614387512207 62.6959953308105 62.561767578125 62.4305076599121 62.3261108398438 62.257682800293 62.1748695373535 62.076416015625 62.0433006286621 61.9641265869141 -3.4e+38 -3.4e+38 -3.4e+38 -3.4e+38 -3.4e+38 -3.4e+38 -3.4e+38 -3.4e+38 -3.4e+38 -3.4e+38 -3.4e+38 -3.4e+38 -3.4e+38 -3.4e+38 -3.4e+38 -3.4e+38 -3.4e+38 -3.4e+38 -3.4e+38
66.5978698730469 66.4162902832031 66.2731399536133 66.0972518920898 65.908203125 65.6628189086914 65.472526550293 65.0298004150391 64.9171600341797 64.6805191040039 64.5023193359375 64.4075622558594 64.2046432495117 64.0196075439453 63.9154510498047 63.7618446350098 63.6506156921387 63.5015258789062 63.123218536377 62.8815650939941 62.8196334838867 62.7026901245117 62.5821685791016 62.4993057250977 62.4255180358887 62.3237113952637 62.273983001709 62.1697845458984 62.0930786132812 62.0088272094727 -3.4e+38 -3.4e+38 -3.4e+38 -3.4e+38 -3.4e+38 -3.4e+38 -3.4e+38 -3.4e+38 -3.4e+38 -3.4e+38 -3.4e+38 -3.4e+38 -3.4e+38 -3.4e+38 -3.4e+38 -3.4e+38 -3.4e+38 -3.4e+38 -3.4e+38
66.6954727172852 66.4632720947266 66.282470703125 66.1239471435547 65.9679183959961 65.6814346313477 65.485954284668 65.1256256103516 64.9619369506836 64.7643508911133 64.5923309326172 64.4655685424805 64.2717132568359 64.0838470458984 63.890926361084 63.7724800109863 63.6391334533691 63.4844284057617 63.169792175293 63.0042266845703 62.8697242736816 62.8037605285645 62.6971282958984 62.5458145141602 62.5037078857422 62.3707847595215 62.2739067077637 62.2381820678711 62.1865043640137 62.0722427368164 -3.4e+38 -3.4e+38 -3.4e+38 -3.4e+38 -3.4e+38 -3.4e+38 -3.4e+38 -3.4e+38 -3.4e+38 -3.4e+38 -3.4e+38 -3.4e+38 -3.4e+38 -3.4e+38 -3.4e+38 -3.4e+38 -3.4e+38 -3.4e+38 -3.4e+38
66.7276000976562 66.5413818359375 66.3336868286133 66.072624206543 65.924430847168 65.7087326049805 65.5120086669922 65.1984329223633 65.0098648071289 64.8163146972656 64.6697387695312 64.4919586181641 64.2744140625 64.1396026611328 63.9270286560059 63.7692565917969 63.6031303405762 63.4670715332031 63.1785774230957 63.0893936157227 62.9774627685547 62.8671913146973 62.7313194274902 62.5803985595703 62.6107406616211 62.477222442627 62.3003234863281 62.2952613830566 62.2424736022949 62.1541938781738 -3.4e+38 -3.4e+38 -3.4e+38 -3.4e+38 -3.4e+38 -3.4e+38 -3.4e+38 -3.4e+38 -3.4e+38 -3.4e+38 -3.4e+38 -3.4e+38 -3.4e+38 -3.4e+38 -3.4e+38 -3.4e+38 -3.4e+38 -3.4e+38 -3.4e+38
66.7753677368164 66.5785903930664 66.272346496582 66.0462493896484 65.913688659668 65.7749862670898 65.5780258178711 65.2360382080078 65.0497665405273 64.8935394287109 64.7577972412109 64.4656295776367 64.2750701904297 64.159782409668 63.9783020019531 63.8373107910156 63.7058525085449 63.5078926086426 63.2415885925293 63.1342926025391 63.0240592956543 62.959358215332 62.8233604431152 62.7048377990723 62.6792068481445 -3.4e+38 -3.4e+38 62.3567504882812 62.2732620239258 62.1847877502441 -3.4e+38 -3.4e+38 -3.4e+38 -3.4e+38 -3.4e+38 -3.4e+38 -3.4e+38 -3.4e+38 -3.4e+38 -3.4e+38 -3.4e+38 -3.4e+38 -3.4e+38 -3.4e+38 -3.4e+38 -3.4e+38 -3.4e+38 -3.4e+38 -3.4e+38
66.7402877807617 66.5632095336914 66.2622756958008 66.1122207641602 65.9914016723633 65.8388900756836 65.6800765991211 65.329216003418 65.0985870361328 64.9028625488281 64.7344131469727 64.4592971801758 64.287483215332 64.2356491088867 64.0396499633789 63.900016784668 63.8260765075684 63.5918464660645 63.3823509216309 63.2258529663086 63.0857467651367 63.0424652099609 62.8968849182129 62.798900604248 -3.4e+38 -3.4e+38 62.4626693725586 62.4079551696777 62.3673477172852 62.2339019775391 62.1490859985352 -3.4e+38 -3.4e+38 -3.4e+38 -3.4e+38 -3.4e+38 -3.4e+38 -3.4e+38 -3.4e+38 -3.4e+38 -3.4e+38 -3.4e+38 -3.4e+38 -3.4e+38 -3.4e+38 -3.4e+38 -3.4e+38 -3.4e+38 -3.4e+38
66.7551193237305 66.5554122924805 66.3441162109375 66.2303619384766 66.0924758911133 65.8422546386719 65.650764465332 65.2995071411133 65.1298065185547 64.8857803344727 64.7294387817383 64.5588455200195 64.379524230957 64.3176651000977 64.104362487793 63.9711227416992 63.850513458252 63.7186431884766 63.477710723877 63.3142433166504 63.1901168823242 63.151180267334 63.0220909118652 62.929557800293 62.8240852355957 -3.4e+38 -3.4e+38 62.429313659668 62.4642143249512 62.3424644470215 62.2463150024414 -3.4e+38 -3.4e+38 -3.4e+38 -3.4e+38 -3.4e+38 -3.4e+38 -3.4e+38 -3.4e+38 -3.4e+38 -3.4e+38 -3.4e+38 -3.4e+38 -3.4e+38 -3.4e+38 -3.4e+38 -3.4e+38 -3.4e+38 -3.4e+38
