rcp8.5models/CNRM-CM5/sc1gr21.4
NCOLS 261 
NROWS 433 
XLLCORNER 336357.134 
YLLCORNER 654653.479 
CELLSIZE 1000 
NODATA_value -9999 
[rows 308 to 329 of 433, columns 50 to 99 of 261]
2533.01928710938 2644.744140625 2295.69677734375 2013.47351074219 1899.63818359375 1614.80334472656 1216.30029296875 1149.94409179688 1288.38073730469 1282.03735351562 1245.79650878906 1121.40234375 846.304504394531 849.601196289062 1024.97607421875 1186.64440917969 1298.70886230469 1276.62475585938 1080.70031738281 791.796936035156 704.58935546875 625.3134765625 392.960083007812 326.819885253906 386.533447265625 363.066589355469 335.64990234375 335.897003173828 382.877685546875 561.574645996094 932.347045898438 1237.44873046875 1091.58923339844 705.85546875 540.167358398438 573.159545898438 510.812164306641 405.438323974609 370.998870849609 373.747863769531 374.806335449219 342.073516845703 293.480621337891 255.579025268555 220.231063842773 196.414047241211 197.257690429688 182.358901977539 128.701019287109 104.562240600586
2823.708984375 2843.07592773438 2558.29809570312 1926.27258300781 1579.91467285156 1558.88415527344 1411.35327148438 1124.06970214844 1076.88537597656 1177.17602539062 1224.43676757812 1108.48327636719 857.015625 1098.27746582031 1236.45666503906 1238.65161132812 1236.01831054688 1354.19958496094 1371.42163085938 1174.76586914062 993.728576660156 719.967407226562 426.142242431641 339.4501953125 356.452514648438 401.500335693359 376.000549316406 353.326080322266 360.543334960938 447.532775878906 773.976867675781 1169.0263671875 1095.96960449219 710.401184082031 590.15869140625 706.415832519531 576.123046875 434.300079345703 403.377410888672 417.347290039062 435.059265136719 387.390808105469 288.025390625 210.098556518555 164.35075378418 146.968338012695 164.821090698242 211.20393371582 178.325927734375 133.696655273438
3911.75048828125 3119.84130859375 2591.4423828125 1974.3046875 1878.31665039062 2587.28833007812 2905.80249023438 2189.20385742188 1458.64672851562 1189.39428710938 1083.71643066406 1002.64031982422 962.522766113281 1301.07580566406 1264.44580078125 1056.70739746094 1011.44189453125 1117.69604492188 1100.95471191406 909.672302246094 732.634155273438 569.668579101562 396.155151367188 305.903686523438 312.567687988281 443.944183349609 435.614868164062 389.613677978516 362.824493408203 395.582092285156 611.986450195312 915.008728027344 913.817565917969 749.10107421875 875.688232421875 1123.75830078125 728.171630859375 498.362426757812 429.519012451172 423.86669921875 398.776000976562 327.090057373047 253.767395019531 204.89616394043 161.456741333008 139.014312744141 150.624435424805 227.073013305664 215.917892456055 161.644424438477
3659.95141601562 2909.72387695312 2235.14526367188 1810.18762207031 1784.59069824219 2071.53881835938 2070.31323242188 1662.37048339844 1285.04052734375 1172.71008300781 1175.00732421875 1108.46154785156 1022.46923828125 1260.97058105469 1236.64916992188 944.4638671875 856.53271484375 941.205505371094 864.493713378906 665.112976074219 547.68505859375 505.856414794922 397.491638183594 298.005126953125 299.235656738281 463.899688720703 486.882751464844 410.814208984375 326.929565429688 324.867980957031 478.921234130859 704.971923828125 785.395446777344 741.793090820312 816.979064941406 1044.78308105469 921.234497070312 643.823669433594 448.381164550781 344.657531738281 294.703063964844 271.104675292969 257.451568603516 247.693649291992 230.900405883789 208.883804321289 192.833465576172 234.218841552734 210.200698852539 149.787628173828
3468.60278320312 2812.34765625 1700.92431640625 1649.60534667969 1855.99047851562 1777.75061035156 1308.88989257812 1040.60998535156 971.307189941406 880.410034179688 925.586730957031 1044.20080566406 1011.64404296875 1021.76239013672 953.432556152344 830.055847167969 864.151794433594 952.329284667969 920.404602050781 752.776733398438 584.574768066406 504.691497802734 467.062866210938 440.941314697266 399.299987792969 442.829010009766 502.518920898438 437.234527587891 305.828338623047 262.418273925781 353.094696044922 561.381713867188 726.463989257812 641.5224609375 543.009521484375 637.644836425781 731.269470214844 599.354309082031 471.249572753906 358.207855224609 290.704895019531 289.037780761719 296.504364013672 313.110595703125 336.714477539062 333.584533691406 291.409759521484 278.315521240234 232.559661865234 143.018478393555
3347.45751953125 2666.775390625 1645.55310058594 1639.82373046875 1832.04626464844 1687.50866699219 1201.03881835938 905.848327636719 777.461608886719 652.49072265625 708.823303222656 906.56298828125 960.22900390625 806.27880859375 708.729858398438 727.123107910156 915.954284667969 1016.3720703125 972.742980957031 856.375122070312 739.281433105469 614.18896484375 465.774444580078 402.132629394531 376.736267089844 392.275970458984 532.813537597656 624.8486328125 510.341979980469 349.228332519531 333.931884765625 453.615386962891 551.837585449219 471.821685791016 392.781707763672 424.998291015625 425.608856201172 413.343597412109 443.503112792969 438.002655029297 380.113891601562 351.273132324219 377.647552490234 436.016784667969 476.564086914062 452.659515380859 394.718048095703 436.231475830078 381.119812011719 194.537384033203
3547.23461914062 3312.44555664062 1952.89636230469 1602.73828125 1689.66040039062 1587.97509765625 1196.10168457031 882.523986816406 744.54443359375 674.266967773438 688.620910644531 759.362365722656 775.45947265625 786.316833496094 725.879577636719 842.255798339844 1101.89465332031 1054.93896484375 823.404907226562 652.039672851562 540.838012695312 457.910430908203 366.252563476562 335.119720458984 339.24267578125 399.303588867188 659.107055664062 882.738586425781 759.5263671875 494.535522460938 393.399047851562 416.465393066406 422.288940429688 374.172210693359 359.735748291016 388.672088623047 323.811584472656 316.228790283203 366.175628662109 391.091735839844 364.956756591797 363.668395996094 398.31787109375 409.452972412109 394.620544433594 357.950286865234 329.639068603516 485.505554199219 475.936798095703 276.679046630859
3816.98559570312 3722.79370117188 2747.78930664062 2534.17260742188 2153.64770507812 1786.6396484375 1422.15783691406 1150.61486816406 1049.48754882812 948.831481933594 807.937683105469 732.36279296875 721.841125488281 813.084167480469 1091.51599121094 1364.27282714844 1374.77075195312 1191.92346191406 911.237670898438 571.228515625 352.096771240234 304.659973144531 323.5185546875 351.984802246094 387.774810791016 586.348937988281 851.920166015625 1009.53143310547 857.214050292969 560.050476074219 508.583038330078 648.996154785156 651.4052734375 546.323547363281 464.225555419922 433.884918212891 424.520477294922 340.269195556641 266.409271240234 235.762008666992 223.479095458984 196.704254150391 160.057510375977 150.200820922852 171.401794433594 197.165328979492 213.106002807617 174.795440673828 184.169906616211 221.316207885742
3280.15673828125 3100.12255859375 3128.03125 3139.74658203125 2607.3701171875 2043.76513671875 1656.49768066406 1545.92895507812 1446.55419921875 1077.66772460938 707.049743652344 679.905212402344 789.258239746094 765.035034179688 1116.47546386719 1548.2373046875 1494.140625 973.248046875 521.095336914062 320.646453857422 278.288879394531 326.903686523438 386.153625488281 442.240783691406 596.775512695312 912.709594726562 1036.93627929688 1253.60229492188 1073.73193359375 649.029174804688 504.254486083984 607.490356445312 697.583557128906 675.588439941406 604.370910644531 541.117309570312 469.520965576172 386.627349853516 282.785766601562 239.042984008789 236.297058105469 211.465759277344 167.71760559082 150.670928955078 172.616455078125 204.410827636719 221.660232543945 168.273330688477 137.345809936523 132.501342773438
2475.66430664062 2628.4501953125 3301.80249023438 3185.62646484375 2920.80517578125 2512.02221679688 1876.17846679688 1547.66357421875 1458.49072265625 1200.82250976562 873.974670410156 787.034912109375 806.754333496094 768.558837890625 993.207275390625 1199.14587402344 1131.37084960938 764.32568359375 366.861602783203 212.344650268555 272.772369384766 389.834289550781 436.718139648438 494.703796386719 934.486999511719 1898.14782714844 1576.8955078125 1481.49951171875 1234.10009765625 779.767456054688 556.12841796875 562.431823730469 616.909973144531 582.205871582031 533.238586425781 511.675964355469 470.236511230469 431.887451171875 363.791168212891 350.925354003906 373.1904296875 319.136535644531 210.395004272461 163.382080078125 180.898162841797 201.216430664062 211.956008911133 181.121383666992 150.464172363281 133.050659179688
2217.33862304688 2653.77612304688 3462.05419921875 3378.02392578125 3227.29565429688 2612.42651367188 1673.09948730469 1158.6884765625 1281.51696777344 1476.75817871094 1264.51916503906 910.23974609375 739.689575195312 943.21044921875 927.694641113281 952.102661132812 1042.02551269531 954.055358886719 742.46142578125 545.708312988281 424.069000244141 469.414764404297 517.329162597656 532.803161621094 886.312377929688 2700.0576171875 2609.98022460938 1827.89025878906 1139.74694824219 751.24755859375 563.564453125 526.187927246094 508.127899169922 420.589630126953 373.987213134766 397.318237304688 418.408569335938 432.818786621094 455.54638671875 479.255889892578 457.932189941406 343.559997558594 211.220077514648 165.082305908203 176.030044555664 193.473129272461 222.771545410156 209.273010253906 172.973495483398 161.051116943359
2183.69702148438 2376.54443359375 3393.22045898438 3553.62646484375 2922.94897460938 1869.11840820312 1123.2216796875 944.611694335938 1156.39001464844 1295.88195800781 1091.64770507812 1016.96203613281 1147.86938476562 973.237365722656 775.532958984375 922.787841796875 1285.12353515625 1330.54248046875 1134.15063476562 965.438720703125 849.098449707031 784.890258789062 689.470520019531 603.031982421875 739.060607910156 1977.01635742188 2329.29956054688 1816.02416992188 1021.00555419922 584.382873535156 464.012817382812 426.390655517578 357.645874023438 297.527526855469 294.273284912109 332.617980957031 391.305145263672 425.577209472656 490.988861083984 533.818481445312 474.458679199219 313.891479492188 190.298965454102 163.44465637207 169.094314575195 190.321029663086 241.698257446289 243.38298034668 189.977584838867 179.214279174805
2665.22973632812 2509.62866210938 2740.130859375 2843.34204101562 2142.04223632812 1203.93920898438 985.638244628906 1162.64135742188 1034.2724609375 805.011535644531 724.912231445312 875.125183105469 1117.66857910156 729.681030273438 499.848449707031 756.762573242188 1287.98986816406 1469.02307128906 1272.525390625 1132.10888671875 1155.78747558594 1061.81591796875 815.503173828125 836.419860839844 1333.33288574219 1842.2197265625 1883.70141601562 1566.55993652344 919.614074707031 490.400634765625 349.589935302734 294.221252441406 244.810150146484 228.357162475586 242.036102294922 275.972808837891 358.145782470703 412.441192626953 535.38330078125 711.541870117188 706.502197265625 430.623840332031 220.268341064453 183.06852722168 180.463043212891 212.263397216797 276.768463134766 279.295501708984 209.308624267578 184.04655456543
3151.00805664062 2935.08374023438 2440.02392578125 2505.64965820312 2027.97180175781 1156.77526855469 793.77490234375 777.392211914062 672.685424804688 600.422912597656 620.16455078125 741.557434082031 891.125793457031 699.13134765625 519.744384765625 744.975952148438 1019.53350830078 916.1787109375 750.071044921875 746.822937011719 798.52490234375 756.623291015625 649.026245117188 758.260559082031 1261.86352539062 1279.43688964844 1261.40771484375 1193.81787109375 811.345825195312 502.888671875 349.983215332031 267.480316162109 219.883605957031 215.020309448242 234.410354614258 251.075088500977 276.533660888672 370.237060546875 567.556884765625 864.436218261719 930.495544433594 585.211975097656 318.532958984375 275.234039306641 252.90641784668 277.379028320312 319.414764404297 278.652404785156 218.987670898438 191.157669067383
3151.9287109375 3106.51391601562 2469.95336914062 2457.96337890625 2245.3798828125 1725.38049316406 1184.55407714844 788.432067871094 589.075500488281 572.153625488281 598.306640625 662.174133300781 771.945129394531 777.121398925781 808.965698242188 994.464599609375 1006.72961425781 768.651306152344 582.070190429688 533.004821777344 532.677429199219 537.180541992188 534.844604492188 564.354919433594 668.633666992188 696.740600585938 959.284362792969 1036.90002441406 813.3828125 683.434448242188 613.233764648438 433.603576660156 267.147094726562 271.777069091797 362.442840576172 343.762786865234 187.90510559082 276.544799804688 431.469360351562 606.695251464844 647.196350097656 493.845397949219 364.696990966797 323.418243408203 299.664001464844 309.549377441406 317.251403808594 231.253143310547 202.081649780273 189.531707763672
3417.05200195312 2813.0859375 2103.6669921875 2098.6298828125 2056.90600585938 1865.8837890625 1588.86535644531 1352.14245605469 1089.56005859375 851.548706054688 737.044921875 788.225341796875 994.482727050781 1019.30139160156 906.400207519531 872.844360351562 851.136901855469 749.221374511719 613.476318359375 511.932220458984 437.765258789062 418.845489501953 424.529876708984 395.677062988281 356.922485351562 569.037231445312 901.989440917969 956.950927734375 730.552307128906 582.472412109375 525.567687988281 398.343719482422 267.215545654297 294.535339355469 412.649719238281 387.148651123047 152.728164672852 204.578155517578 328.227264404297 439.6396484375 467.551971435547 422.621185302734 356.454895019531 310.921875 299.170440673828 295.522003173828 271.998321533203 196.351364135742 183.62092590332 170.746917724609
2968.2490234375 2296.84741210938 1920.92724609375 1853.16296386719 1705.04760742188 1556.73217773438 1535.96655273438 1649.91735839844 1588.22741699219 1279.17346191406 1166.29516601562 1373.93798828125 1505.27734375 1064.7451171875 841.193969726562 703.410034179688 661.963317871094 659.915405273438 612.771606445312 501.314575195312 377.506927490234 332.201599121094 340.083190917969 338.817626953125 345.219604492188 525.40869140625 720.113830566406 787.762145996094 707.765502929688 604.233032226562 497.714416503906 381.405120849609 294.961456298828 293.927856445312 336.035125732422 304.505432128906 149.796051025391 180.532165527344 283.482849121094 380.782897949219 415.667846679688 400.697692871094 349.983947753906 293.780456542969 270.501312255859 259.100067138672 231.796493530273 177.873031616211 159.844879150391 136.041656494141
2918.79760742188 2402.70239257812 2323.71728515625 2077.64306640625 1607.5771484375 1302.30249023438 1440.41845703125 1720.23205566406 1677.04675292969 1305.1083984375 1185.54211425781 1571.98815917969 1784.9765625 1004.42901611328 732.265808105469 549.646728515625 516.867004394531 605.616577148438 633.0244140625 513.127868652344 356.936859130859 295.500640869141 326.424285888672 381.234649658203 412.340057373047 449.164123535156 558.294738769531 725.942932128906 813.359680175781 777.601196289062 631.80078125 457.632354736328 371.581604003906 347.682830810547 309.762390136719 268.715423583984 215.740020751953 220.008605957031 270.533905029297 345.619567871094 386.283813476562 387.873229980469 363.918548583984 318.840942382812 282.866180419922 256.725067138672 231.672744750977 175.832061767578 130.415130615234 97.6993026733398
3399.40283203125 3054.55395507812 2679.98071289062 2464.26611328125 2147.58715820312 1891.86901855469 1869.17370605469 1852.3291015625 1646.46252441406 1279.85864257812 1139.86535644531 1605.4150390625 1848.03503417969 804.843994140625 650.78173828125 554.20166015625 521.137756347656 610.216125488281 648.967102050781 521.568481445312 352.150634765625 281.636962890625 326.309814453125 381.646057128906 367.271881103516 356.799621582031 421.261962890625 589.845764160156 762.295471191406 802.853942871094 700.065124511719 553.753540039062 464.488525390625 409.589569091797 333.752105712891 281.288665771484 273.185150146484 273.277404785156 288.009338378906 325.560150146484 354.750183105469 368.558532714844 384.523956298828 381.514251708984 346.022705078125 291.481384277344 247.831451416016 204.27229309082 145.635528564453 80.0477066040039
2882.12377929688 2611.41088867188 2635.03002929688 2583.24829101562 2315.15576171875 2025.14270019531 1854.54528808594 1696.92321777344 1492.32641601562 1333.92016601562 1238.31262207031 1209.18591308594 1075.72009277344 683.734619140625 603.38916015625 560.886657714844 592.552551269531 652.984375 658.046142578125 578.856750488281 455.59228515625 342.201812744141 266.651733398438 207.55859375 161.520492553711 234.593734741211 323.432403564453 390.450134277344 561.336730957031 902.457763671875 1117.39343261719 1136.49377441406 1020.66656494141 634.382507324219 319.467590332031 273.856109619141 280.865295410156 264.177368164062 249.165420532227 246.23518371582 251.854034423828 267.2978515625 300.130310058594 325.113555908203 297.099548339844 246.406860351562 216.930908203125 130.694488525391 77.569091796875 48.1678009033203
3073.05712890625 2829.46801757812 2887.00952148438 2724.39135742188 2372.50244140625 2213.83862304688 2408.9189453125 2417.04345703125 2043.33508300781 1675.68469238281 1440.6875 1377.56799316406 1336.31311035156 920.095581054688 778.27685546875 664.913269042969 611.201049804688 592.516540527344 560.575439453125 499.339172363281 437.835235595703 389.51708984375 304.215454101562 197.497421264648 147.023086547852 -9999 348.292053222656 415.199188232422 539.438354492188 820.101928710938 1195.91003417969 1585.79089355469 1523.4697265625 842.702575683594 334.990447998047 263.140625 298.213653564453 269.533264160156 243.810211181641 237.917205810547 237.95735168457 244.131423950195 272.554504394531 305.359039306641 284.427001953125 229.176406860352 199.626724243164 100.996078491211 59.5119247436523 50.7091178894043
3294.78857421875 3429.19677734375 3155.828125 2733.43920898438 2391.92700195312 2256.55810546875 2479.5146484375 2615.04052734375 2296.41064453125 1852.49609375 1573.75329589844 1640.35961914062 1945.83337402344 1559.33984375 1105.30969238281 789.281494140625 600.967407226562 515.531066894531 460.775360107422 367.798461914062 286.335113525391 237.244247436523 188.201690673828 140.003646850586 -9999 223.638732910156 314.776702880859 383.947692871094 525.460327148438 798.945190429688 1309.45971679688 2003.53063964844 2029.9541015625 1159.29467773438 446.320617675781 339.700408935547 419.575012207031 338.029998779297 272.521423339844 245.663696289062 241.344375610352 242.511520385742 264.017669677734 295.3291015625 281.787536621094 232.100204467773 210.126495361328 140.341171264648 80.7315063476562 56.3720970153809
