rcp8.5models/CNRM-CM5/sc1gr5.29
NCOLS 261 
NROWS 433 
XLLCORNER 336357.134 
YLLCORNER 654653.479 
CELLSIZE 1000 
NODATA_value -3.4e+38 
[rows 198 to 219 of 433, columns 196 to 244 of 261]
302.025299072266 302.545532226562 303.002319335938 303.239929199219 302.967590332031 302.763061523438 302.838134765625 303.473876953125 303.457580566406 303.775665283203 -3.4e+38 304.499816894531 304.611053466797 304.489837646484 304.365905761719 304.392150878906 304.453430175781 304.707641601562 305.04345703125 304.886810302734 -3.4e+38 -3.4e+38 -3.4e+38 -3.4e+38 -3.4e+38 -3.4e+38 -3.4e+38 -3.4e+38 -3.4e+38 -3.4e+38 -3.4e+38 -3.4e+38 -3.4e+38 -3.4e+38 -3.4e+38 -3.4e+38 -3.4e+38 -3.4e+38 -3.4e+38 -3.4e+38 -3.4e+38 -3.4e+38 -3.4e+38 -3.4e+38 -3.4e+38 -3.4e+38 -3.4e+38 -3.4e+38 -3.4e+38
301.548309326172 301.967926025391 302.496154785156 302.835357666016 302.611267089844 302.486358642578 302.616241455078 303.471405029297 303.540557861328 303.869110107422 -3.4e+38 304.278778076172 304.609252929688 304.529022216797 304.450531005859 304.441802978516 304.469909667969 304.591430664062 -3.4e+38 304.753387451172 -3.4e+38 -3.4e+38 -3.4e+38 -3.4e+38 -3.4e+38 -3.4e+38 -3.4e+38 -3.4e+38 -3.4e+38 -3.4e+38 -3.4e+38 -3.4e+38 -3.4e+38 -3.4e+38 -3.4e+38 -3.4e+38 -3.4e+38 -3.4e+38 -3.4e+38 -3.4e+38 -3.4e+38 -3.4e+38 -3.4e+38 -3.4e+38 -3.4e+38 -3.4e+38 -3.4e+38 -3.4e+38 -3.4e+38
301.290130615234 301.52490234375 -3.4e+38 302.513488769531 302.387634277344 302.242462158203 302.332580566406 303.130798339844 -3.4e+38 303.456848144531 303.77197265625 304.141723632812 304.289123535156 304.113647460938 304.512329101562 304.476989746094 304.42431640625 304.609497070312 304.660278320312 304.848754882812 305.013031005859 -3.4e+38 -3.4e+38 -3.4e+38 -3.4e+38 -3.4e+38 -3.4e+38 -3.4e+38 -3.4e+38 -3.4e+38 -3.4e+38 -3.4e+38 -3.4e+38 -3.4e+38 -3.4e+38 -3.4e+38 -3.4e+38 -3.4e+38 -3.4e+38 -3.4e+38 -3.4e+38 -3.4e+38 -3.4e+38 -3.4e+38 -3.4e+38 -3.4e+38 -3.4e+38 -3.4e+38 -3.4e+38
301.497497558594 301.899047851562 302.163024902344 302.235015869141 302.058624267578 302.087249755859 302.280120849609 302.577331542969 302.864532470703 302.975830078125 303.473907470703 303.719024658203 303.663146972656 303.736785888672 304.501892089844 304.466705322266 304.42236328125 304.578704833984 304.671203613281 304.893707275391 305.00537109375 -3.4e+38 -3.4e+38 -3.4e+38 -3.4e+38 -3.4e+38 -3.4e+38 -3.4e+38 -3.4e+38 -3.4e+38 -3.4e+38 -3.4e+38 -3.4e+38 -3.4e+38 -3.4e+38 -3.4e+38 -3.4e+38 -3.4e+38 -3.4e+38 -3.4e+38 -3.4e+38 -3.4e+38 -3.4e+38 -3.4e+38 -3.4e+38 -3.4e+38 -3.4e+38 -3.4e+38 -3.4e+38
301.482604980469 301.848724365234 302.024383544922 302.086090087891 301.753601074219 301.782989501953 302.030914306641 301.647552490234 301.976013183594 302.442352294922 302.820739746094 303.052612304688 303.377197265625 303.517944335938 303.958953857422 304.156768798828 304.403106689453 304.447418212891 304.638946533203 -3.4e+38 305.107940673828 305.0537109375 -3.4e+38 -3.4e+38 -3.4e+38 -3.4e+38 -3.4e+38 -3.4e+38 -3.4e+38 -3.4e+38 -3.4e+38 -3.4e+38 -3.4e+38 -3.4e+38 -3.4e+38 -3.4e+38 -3.4e+38 -3.4e+38 -3.4e+38 -3.4e+38 -3.4e+38 -3.4e+38 -3.4e+38 -3.4e+38 -3.4e+38 -3.4e+38 -3.4e+38 -3.4e+38 -3.4e+38
301.404357910156 301.523529052734 301.545684814453 301.691009521484 301.551788330078 301.570281982422 301.742340087891 301.330902099609 301.898986816406 302.312194824219 302.509216308594 303.003021240234 303.400909423828 303.442474365234 303.566802978516 -3.4e+38 303.951812744141 304.125915527344 304.589141845703 304.800231933594 -3.4e+38 -3.4e+38 305.214599609375 -3.4e+38 -3.4e+38 -3.4e+38 -3.4e+38 -3.4e+38 -3.4e+38 -3.4e+38 -3.4e+38 -3.4e+38 -3.4e+38 -3.4e+38 -3.4e+38 -3.4e+38 -3.4e+38 -3.4e+38 -3.4e+38 -3.4e+38 -3.4e+38 -3.4e+38 -3.4e+38 -3.4e+38 -3.4e+38 -3.4e+38 -3.4e+38 -3.4e+38 -3.4e+38
301.078796386719 301.374176025391 301.426391601562 301.569519042969 301.63037109375 301.741363525391 301.979736328125 301.810424804688 302.034606933594 302.475158691406 302.527679443359 302.767364501953 303.151092529297 303.357940673828 303.215484619141 303.521881103516 303.532257080078 303.818450927734 -3.4e+38 304.401794433594 304.353851318359 304.873596191406 -3.4e+38 305.104217529297 305.053985595703 -3.4e+38 -3.4e+38 -3.4e+38 -3.4e+38 -3.4e+38 -3.4e+38 -3.4e+38 -3.4e+38 -3.4e+38 -3.4e+38 -3.4e+38 -3.4e+38 -3.4e+38 -3.4e+38 -3.4e+38 -3.4e+38 -3.4e+38 -3.4e+38 -3.4e+38 -3.4e+38 -3.4e+38 -3.4e+38 -3.4e+38 -3.4e+38
300.763549804688 301.02294921875 301.495880126953 301.837860107422 301.888214111328 302.047882080078 302.305358886719 302.089080810547 301.828582763672 302.311096191406 302.255004882812 302.079193115234 302.695831298828 302.815734863281 302.962158203125 303.544372558594 303.483703613281 303.794372558594 -3.4e+38 304.14599609375 304.034301757812 304.549102783203 304.936309814453 -3.4e+38 305.17529296875 305.229339599609 -3.4e+38 -3.4e+38 -3.4e+38 -3.4e+38 -3.4e+38 -3.4e+38 -3.4e+38 -3.4e+38 -3.4e+38 -3.4e+38 -3.4e+38 -3.4e+38 -3.4e+38 -3.4e+38 -3.4e+38 -3.4e+38 -3.4e+38 -3.4e+38 -3.4e+38 -3.4e+38 -3.4e+38 -3.4e+38 -3.4e+38
301.025909423828 301.124114990234 301.483795166016 301.829711914062 301.977813720703 302.1513671875 302.389251708984 302.152404785156 301.879180908203 302.5185546875 302.322845458984 302.207702636719 302.534454345703 302.745300292969 303.336639404297 303.544616699219 303.575897216797 303.895660400391 304.145904541016 303.900024414062 304.137634277344 304.477172851562 304.745086669922 -3.4e+38 305.330688476562 305.227783203125 -3.4e+38 -3.4e+38 -3.4e+38 -3.4e+38 -3.4e+38 -3.4e+38 -3.4e+38 -3.4e+38 -3.4e+38 -3.4e+38 -3.4e+38 -3.4e+38 -3.4e+38 -3.4e+38 -3.4e+38 -3.4e+38 -3.4e+38 -3.4e+38 -3.4e+38 -3.4e+38 -3.4e+38 -3.4e+38 -3.4e+38
301.302825927734 301.347869873047 301.408599853516 301.755645751953 302.059539794922 302.173645019531 302.357116699219 302.462524414062 302.61669921875 303.169860839844 303.057037353516 302.916442871094 302.609344482422 302.834716796875 303.421356201172 303.541229248047 303.579559326172 303.755249023438 303.742889404297 303.776397705078 304.280853271484 304.560516357422 304.651733398438 304.948974609375 305.224700927734 -3.4e+38 305.2353515625 -3.4e+38 -3.4e+38 -3.4e+38 -3.4e+38 -3.4e+38 -3.4e+38 -3.4e+38 -3.4e+38 -3.4e+38 -3.4e+38 -3.4e+38 -3.4e+38 -3.4e+38 -3.4e+38 -3.4e+38 -3.4e+38 -3.4e+38 -3.4e+38 -3.4e+38 -3.4e+38 -3.4e+38 -3.4e+38
301.275939941406 301.428588867188 301.612915039062 301.919525146484 302.325286865234 302.447143554688 302.394714355469 302.549591064453 302.798065185547 303.05712890625 -3.4e+38 303.264862060547 302.6865234375 302.601776123047 303.216278076172 303.603759765625 303.569030761719 303.469604492188 303.510284423828 303.618194580078 303.937652587891 304.081481933594 304.208099365234 304.473449707031 304.626342773438 304.813720703125 305.080505371094 -3.4e+38 -3.4e+38 -3.4e+38 -3.4e+38 -3.4e+38 -3.4e+38 -3.4e+38 -3.4e+38 -3.4e+38 -3.4e+38 -3.4e+38 -3.4e+38 -3.4e+38 -3.4e+38 -3.4e+38 -3.4e+38 -3.4e+38 -3.4e+38 -3.4e+38 -3.4e+38 -3.4e+38 -3.4e+38
301.268646240234 301.514404296875 301.601776123047 301.888244628906 302.212615966797 302.276977539062 302.344146728516 302.405181884766 302.664520263672 303.053131103516 303.24609375 303.171447753906 302.762451171875 -3.4e+38 -3.4e+38 303.651947021484 303.590789794922 303.595520019531 303.65283203125 303.737518310547 303.8818359375 304.117462158203 304.252136230469 304.530792236328 304.692932128906 304.861358642578 305.022247314453 -3.4e+38 -3.4e+38 -3.4e+38 -3.4e+38 -3.4e+38 -3.4e+38 -3.4e+38 -3.4e+38 -3.4e+38 -3.4e+38 -3.4e+38 -3.4e+38 -3.4e+38 -3.4e+38 -3.4e+38 -3.4e+38 -3.4e+38 -3.4e+38 -3.4e+38 -3.4e+38 -3.4e+38 -3.4e+38
301.253082275391 301.383728027344 301.590515136719 301.805755615234 302.049987792969 302.209899902344 302.257568359375 302.214447021484 302.471893310547 302.842010498047 303.113464355469 303.371398925781 303.313903808594 -3.4e+38 -3.4e+38 -3.4e+38 303.543640136719 303.662902832031 303.866424560547 304.057739257812 304.132751464844 304.315612792969 304.451049804688 304.44775390625 304.5478515625 304.796173095703 304.826232910156 -3.4e+38 -3.4e+38 -3.4e+38 -3.4e+38 -3.4e+38 -3.4e+38 -3.4e+38 -3.4e+38 -3.4e+38 -3.4e+38 -3.4e+38 -3.4e+38 -3.4e+38 -3.4e+38 -3.4e+38 -3.4e+38 -3.4e+38 -3.4e+38 -3.4e+38 -3.4e+38 -3.4e+38 -3.4e+38
301.210754394531 301.335052490234 301.546997070312 301.591674804688 301.638000488281 301.972625732422 302.274475097656 301.96630859375 302.388671875 302.515228271484 303.006317138672 303.463317871094 303.522827148438 303.63525390625 -3.4e+38 303.500396728516 303.363159179688 303.641967773438 304.072204589844 304.187713623047 304.244964599609 304.414398193359 304.493865966797 304.321960449219 304.383697509766 -3.4e+38 304.594573974609 304.636322021484 304.850341796875 304.964965820312 -3.4e+38 -3.4e+38 -3.4e+38 -3.4e+38 -3.4e+38 -3.4e+38 -3.4e+38 -3.4e+38 -3.4e+38 -3.4e+38 -3.4e+38 -3.4e+38 -3.4e+38 -3.4e+38 -3.4e+38 -3.4e+38 -3.4e+38 -3.4e+38 -3.4e+38
300.749877929688 301.068817138672 301.389801025391 301.447692871094 301.307403564453 301.497711181641 301.826171875 302.037719726562 302.365356445312 302.593963623047 303.048248291016 303.26416015625 303.382202148438 303.609191894531 303.695220947266 303.583679199219 303.438873291016 303.636871337891 303.968414306641 304.174407958984 304.222930908203 304.316589355469 304.401458740234 304.454742431641 -3.4e+38 304.471405029297 304.526397705078 304.633239746094 304.767456054688 304.960815429688 -3.4e+38 -3.4e+38 -3.4e+38 -3.4e+38 -3.4e+38 -3.4e+38 -3.4e+38 -3.4e+38 -3.4e+38 -3.4e+38 -3.4e+38 -3.4e+38 -3.4e+38 -3.4e+38 -3.4e+38 -3.4e+38 -3.4e+38 -3.4e+38 -3.4e+38
300.418029785156 300.62255859375 300.881072998047 301.046295166016 301.004821777344 301.095123291016 301.416015625 302.290618896484 302.33203125 302.416442871094 302.738952636719 302.825164794922 303.067626953125 303.549346923828 303.682464599609 303.681793212891 303.626403808594 303.649353027344 303.782257080078 304.099914550781 304.183746337891 304.240234375 304.374542236328 304.452667236328 304.420959472656 304.457641601562 304.503082275391 304.602386474609 304.733917236328 304.911865234375 -3.4e+38 -3.4e+38 -3.4e+38 -3.4e+38 -3.4e+38 -3.4e+38 -3.4e+38 -3.4e+38 -3.4e+38 -3.4e+38 -3.4e+38 -3.4e+38 -3.4e+38 -3.4e+38 -3.4e+38 -3.4e+38 -3.4e+38 -3.4e+38 -3.4e+38
300.281646728516 300.518310546875 300.512756347656 300.647644042969 300.854614257812 301.092315673828 301.317108154297 301.919250488281 302.027069091797 301.785064697266 302.184051513672 302.499450683594 302.851745605469 303.536437988281 303.669586181641 303.694549560547 303.66015625 303.635925292969 303.803833007812 304.0400390625 304.170104980469 304.251861572266 304.380859375 304.411071777344 304.473663330078 304.539794921875 304.525543212891 304.508758544922 304.572784423828 304.641754150391 -3.4e+38 -3.4e+38 -3.4e+38 -3.4e+38 -3.4e+38 -3.4e+38 -3.4e+38 -3.4e+38 -3.4e+38 -3.4e+38 -3.4e+38 -3.4e+38 -3.4e+38 -3.4e+38 -3.4e+38 -3.4e+38 -3.4e+38 -3.4e+38 -3.4e+38
299.933776855469 300.375915527344 300.475280761719 300.529357910156 300.811614990234 301.257904052734 301.345733642578 301.531707763672 301.559112548828 301.538238525391 301.856536865234 302.264587402344 302.687072753906 303.022399902344 303.226043701172 303.559814453125 303.647094726562 303.589019775391 303.83642578125 303.958862304688 304.033752441406 304.203887939453 304.339477539062 304.509216308594 304.575866699219 304.596343994141 304.556793212891 304.469482421875 304.488800048828 304.507751464844 -3.4e+38 -3.4e+38 -3.4e+38 -3.4e+38 -3.4e+38 -3.4e+38 -3.4e+38 -3.4e+38 -3.4e+38 -3.4e+38 -3.4e+38 -3.4e+38 -3.4e+38 -3.4e+38 -3.4e+38 -3.4e+38 -3.4e+38 -3.4e+38 -3.4e+38
299.622863769531 300.128723144531 300.523742675781 300.555389404297 300.934753417969 301.424133300781 301.532409667969 302.040344238281 301.803253173828 301.735687255859 302.004089355469 302.012878417969 302.593078613281 302.618408203125 302.943450927734 303.573822021484 303.667022705078 303.610992431641 303.694458007812 303.771728515625 303.960754394531 304.259704589844 304.366058349609 304.540832519531 304.561737060547 304.582183837891 304.577117919922 304.517272949219 304.474609375 304.493560791016 -3.4e+38 -3.4e+38 -3.4e+38 -3.4e+38 -3.4e+38 -3.4e+38 -3.4e+38 -3.4e+38 -3.4e+38 -3.4e+38 -3.4e+38 -3.4e+38 -3.4e+38 -3.4e+38 -3.4e+38 -3.4e+38 -3.4e+38 -3.4e+38 -3.4e+38
299.538696289062 299.794769287109 300.200500488281 300.595062255859 301.007904052734 301.287139892578 301.283111572266 302.147705078125 302.322082519531 302.214111328125 302.374755859375 302.300079345703 302.640808105469 302.801574707031 303.312835693359 303.593902587891 303.646118164062 303.550262451172 303.521881103516 303.664733886719 303.904541015625 304.194091796875 304.397705078125 304.526641845703 304.513549804688 -3.4e+38 -3.4e+38 304.582641601562 304.522491455078 304.479278564453 -3.4e+38 -3.4e+38 -3.4e+38 -3.4e+38 -3.4e+38 -3.4e+38 -3.4e+38 -3.4e+38 -3.4e+38 -3.4e+38 -3.4e+38 -3.4e+38 -3.4e+38 -3.4e+38 -3.4e+38 -3.4e+38 -3.4e+38 -3.4e+38 -3.4e+38
299.010040283203 299.578887939453 299.799041748047 300.370758056641 300.788665771484 300.830230712891 300.878234863281 301.857086181641 302.282257080078 302.490051269531 302.515991210938 302.567260742188 302.647338867188 302.936614990234 303.436859130859 303.500213623047 303.546112060547 303.464263916016 303.522399902344 303.683807373047 303.901092529297 304.087005615234 304.349670410156 304.450561523438 -3.4e+38 -3.4e+38 304.329803466797 304.310424804688 304.491149902344 304.46484375 304.495788574219 -3.4e+38 -3.4e+38 -3.4e+38 -3.4e+38 -3.4e+38 -3.4e+38 -3.4e+38 -3.4e+38 -3.4e+38 -3.4e+38 -3.4e+38 -3.4e+38 -3.4e+38 -3.4e+38 -3.4e+38 -3.4e+38 -3.4e+38 -3.4e+38
297.845275878906 298.785369873047 299.646667480469 300.033386230469 300.368682861328 300.134490966797 300.710845947266 301.62744140625 301.817810058594 302.356018066406 302.503082275391 302.528625488281 302.579406738281 302.728546142578 302.921356201172 303.155853271484 303.485198974609 303.45068359375 303.555206298828 303.628326416016 303.743774414062 303.815582275391 303.828887939453 303.822662353516 304.212188720703 -3.4e+38 -3.4e+38 304.275390625 304.397247314453 304.387847900391 304.485168457031 -3.4e+38 -3.4e+38 -3.4e+38 -3.4e+38 -3.4e+38 -3.4e+38 -3.4e+38 -3.4e+38 -3.4e+38 -3.4e+38 -3.4e+38 -3.4e+38 -3.4e+38 -3.4e+38 -3.4e+38 -3.4e+38 -3.4e+38 -3.4e+38
