rcp8.5models/CNRM-CM5/sc1gr10.25
NCOLS 261 
NROWS 433 
XLLCORNER 336357.134 
YLLCORNER 654653.479 
CELLSIZE 1000 
NODATA_value -3.4e+38 
[rows 110 to 131 of 433, columns 98 to 146 of 261]
228.200988769531 229.399948120117 229.888732910156 231.43766784668 233.313995361328 234.415328979492 236.063583374023 237.563552856445 238.642364501953 239.956237792969 241.937652587891 243.183929443359 245.000503540039 246.340133666992 249.566589355469 251.666412353516 253.792465209961 255.166732788086 256.643035888672 258.623413085938 260.283813476562 261.822845458984 263.775482177734 264.938568115234 266.366302490234 268.127288818359 272.146820068359 273.698211669922 275.891998291016 276.507385253906 277.146209716797 278.920043945312 281.421508789062 282.62646484375 283.560638427734 284.604766845703 286.2880859375 289.379272460938 291.737335205078 293.552734375 296.268188476562 298.596252441406 301.316955566406 303.713958740234 306.258361816406 307.311218261719 309.109252929688 311.117767333984 314.882873535156
227.970733642578 228.846603393555 229.342132568359 231.446899414062 232.780548095703 233.853607177734 235.279266357422 236.657165527344 237.727447509766 238.974090576172 240.952087402344 242.277420043945 244.523803710938 245.912780761719 249.472930908203 250.742279052734 253.233749389648 254.575576782227 256.149627685547 258.439117431641 260.165649414062 261.785980224609 263.445526123047 264.881378173828 266.811340332031 268.440063476562 271.979400634766 273.519653320312 275.179412841797 276.132354736328 276.981140136719 279.419555664062 281.374481201172 282.089202880859 283.076629638672 284.900207519531 286.6845703125 289.628265380859 291.484161376953 294.083068847656 296.709655761719 299.117553710938 301.876861572266 304.525482177734 306.477752685547 307.697265625 309.537750244141 311.662200927734 315.14990234375
504.494445800781 228.370819091797 229.764907836914 231.176803588867 232.185119628906 233.299118041992 234.852355957031 235.782089233398 236.950668334961 238.652862548828 240.207366943359 241.511901855469 243.623397827148 244.951583862305 248.571197509766 -3.4e+38 251.76399230957 253.621337890625 255.60546875 258.103271484375 259.611694335938 261.951324462891 263.428558349609 265.438293457031 266.844085693359 268.272583007812 271.391845703125 272.646453857422 273.743713378906 275.774291992188 277.409088134766 279.582977294922 280.719787597656 281.887878417969 283.429168701172 285.263275146484 286.834350585938 289.706573486328 291.982452392578 294.302917480469 296.860443115234 299.449493408203 302.076751708984 304.431976318359 305.577575683594 307.251251220703 309.210968017578 311.763977050781 315.165130615234
391.229156494141 227.867813110352 229.698028564453 230.617340087891 231.631439208984 232.807525634766 234.635971069336 235.23583984375 236.468627929688 238.435668945312 239.616012573242 240.909133911133 242.931777954102 244.213088989258 247.716857910156 249.207763671875 251.03889465332 252.949615478516 255.397720336914 257.318176269531 258.762115478516 261.672912597656 263.704315185547 265.461700439453 266.465576171875 267.844879150391 271.082733154297 272.261260986328 273.9541015625 275.620178222656 277.894317626953 279.921295166016 281.798065185547 282.624328613281 284.337554931641 286.172180175781 287.223052978516 -3.4e+38 -3.4e+38 -3.4e+38 -3.4e+38 299.148529052734 302.212097167969 303.743041992188 305.380065917969 307.502380371094 309.293548583984 311.366302490234 314.989105224609
226.259902954102 227.358795166016 229.127807617188 230.281524658203 231.105224609375 232.726654052734 234.025726318359 234.629760742188 235.867034912109 237.818618774414 238.931381225586 240.247146606445 242.363647460938 243.697219848633 247.252334594727 249.271591186523 251.061370849609 252.401107788086 255.071365356445 256.542846679688 258.64794921875 261.122863769531 263.369384765625 265.050048828125 267.074584960938 268.102508544922 271.153167724609 272.631622314453 274.217315673828 275.522766113281 278.627288818359 281.304656982422 282.640533447266 282.839599609375 284.723999023438 286.046112060547 -3.4e+38 -3.4e+38 -3.4e+38 -3.4e+38 -3.4e+38 299.219329833984 301.985198974609 304.536834716797 306.198181152344 307.84375 309.511871337891 311.177642822266 315.236450195312
224.748931884766 225.573364257812 227.416427612305 229.489990234375 230.795196533203 231.84326171875 232.902297973633 234.022933959961 235.385208129883 236.271575927734 237.903549194336 239.897308349609 241.147720336914 242.49382019043 246.267318725586 248.883636474609 250.437026977539 252.915237426758 254.438369750977 256.304779052734 258.0703125 259.749145507812 262.911224365234 265.174194335938 266.617156982422 267.969970703125 271.193939208984 272.654571533203 274.388641357422 276.091583251953 278.914001464844 280.821105957031 282.132385253906 284.321899414062 286.30615234375 287.276947021484 287.273895263672 291.408996582031 293.425964355469 295.576202392578 297.598449707031 299.363952636719 301.483337402344 304.456848144531 306.123199462891 307.927886962891 310.093292236328 312.210571289062 316.344207763672
224.463333129883 225.545684814453 226.748321533203 228.556259155273 230.191558837891 231.244415283203 232.358596801758 233.704711914062 234.709121704102 235.48405456543 237.432418823242 239.293441772461 240.609954833984 242.362518310547 245.673080444336 248.332717895508 249.957412719727 252.969543457031 254.188522338867 256.368072509766 258.213104248047 260.216033935547 262.381774902344 264.871978759766 266.293975830078 267.853057861328 270.928192138672 272.612274169922 274.695739746094 276.013732910156 279.076293945312 280.302215576172 281.299072265625 283.407684326172 285.582092285156 287.329803466797 287.890808105469 292.055847167969 293.983673095703 296.565124511719 297.838562011719 299.584686279297 301.970062255859 304.585540771484 306.694488525391 308.479431152344 310.571380615234 312.741516113281 316.138793945312
224.528854370117 225.589050292969 226.121459960938 228.579345703125 229.637771606445 230.676956176758 232.273956298828 233.378936767578 234.101119995117 234.906509399414 236.96257019043 238.749572753906 240.568710327148 242.148544311523 245.784622192383 247.85514831543 250.232620239258 252.835052490234 254.473236083984 256.206909179688 258.022918701172 260.479370117188 -3.4e+38 264.484313964844 266.489990234375 268.461334228516 271.379730224609 273.080322265625 274.739166259766 276.305236816406 278.656280517578 279.827758789062 281.382171630859 282.727416992188 284.694885253906 286.937561035156 287.847808837891 292.410522460938 295.305877685547 297.150360107422 297.979400634766 300.193725585938 302.343566894531 304.744873046875 307.178527832031 308.941131591797 311.109313964844 313.499237060547 316.592407226562
223.357696533203 225.082504272461 225.564178466797 228.503021240234 228.966918945312 230.112060546875 232.016876220703 232.996322631836 233.586807250977 235.027145385742 236.224731445312 237.801193237305 240.244995117188 241.744918823242 245.818939208984 247.705200195312 250.728851318359 253.229721069336 254.812759399414 255.768142700195 257.536712646484 260.611694335938 262.421417236328 264.382629394531 266.266235351562 268.492614746094 271.964263916016 273.443878173828 274.944763183594 276.851257324219 278.327789306641 280.028717041016 281.875 283.273803710938 285.477020263672 287.288269042969 288.411956787109 292.718475341797 296.220550537109 297.691528320312 298.840728759766 300.615112304688 302.803405761719 305.573852539062 307.531860351562 309.473388671875 312.247985839844 314.080505371094 317.074798583984
222.166030883789 224.147003173828 224.993835449219 227.925476074219 228.337905883789 229.557373046875 231.460205078125 232.483367919922 233.335098266602 234.949371337891 235.833541870117 236.984497070312 239.595565795898 241.023498535156 245.362350463867 247.835906982422 250.327529907227 252.831069946289 254.535705566406 255.651077270508 257.815765380859 260.7373046875 262.697113037109 264.513488769531 266.541351318359 268.238616943359 271.650299072266 273.076934814453 274.647247314453 276.763916015625 278.100280761719 279.826538085938 281.776092529297 284.083587646484 285.830627441406 287.215698242188 288.552917480469 293.021240234375 296.126647949219 297.535705566406 299.473419189453 300.943267822266 303.229187011719 306.441772460938 308.070556640625 310.590515136719 312.711517333984 313.924713134766 317.584777832031
221.54753112793 223.363540649414 224.277221679688 227.235412597656 227.764541625977 228.988922119141 230.889678955078 232.046997070312 233.446640014648 234.416244506836 235.503387451172 236.697830200195 239.087829589844 240.784530639648 245.16064453125 -3.4e+38 249.788772583008 252.409790039062 254.438201904297 256.341674804688 258.621398925781 260.916168212891 262.549102783203 264.605072021484 266.677276611328 267.43212890625 271.247985839844 272.3662109375 274.033172607422 276.549896240234 278.106903076172 279.888641357422 281.329986572266 283.529205322266 285.375305175781 286.885559082031 288.875640869141 293.646881103516 295.841125488281 297.721740722656 299.541107177734 301.415679931641 303.989959716797 306.615112304688 308.843505859375 310.775909423828 312.509216308594 313.774841308594 318.552368164062
220.943954467773 222.767623901367 223.711990356445 226.574554443359 227.17724609375 228.406448364258 230.284561157227 231.324340820312 232.744033813477 234.115371704102 235.139297485352 237.228775024414 238.833206176758 240.5966796875 245.174285888672 247.419281005859 249.641525268555 252.358444213867 254.274871826172 257.053527832031 258.904602050781 260.990814208984 262.458435058594 264.168487548828 266.207061767578 266.845855712891 270.861206054688 272.015533447266 273.735382080078 276.116729736328 277.726623535156 279.8984375 281.010955810547 282.533355712891 285.082061767578 286.918853759766 290.467346191406 294.568908691406 295.652801513672 297.945220947266 299.523498535156 301.601135253906 304.478759765625 306.449890136719 308.883392333984 310.357330322266 312.40576171875 314.662994384766 319.735900878906
220.326614379883 222.212203979492 223.457382202148 225.968490600586 226.575729370117 227.809661865234 229.692947387695 230.704895019531 231.892181396484 233.881240844727 234.943466186523 236.748016357422 238.412826538086 240.04655456543 244.886169433594 247.463912963867 249.241790771484 251.971298217773 254.104522705078 257.254486083984 258.475524902344 260.480316162109 261.61572265625 263.201324462891 265.642730712891 266.660949707031 270.453277587891 271.538055419922 273.240844726562 275.353607177734 276.974914550781 279.365844726562 281.030853271484 282.556945800781 285.529083251953 288.868041992188 292.260070800781 294.647125244141 295.60546875 297.849395751953 299.733123779297 302.263885498047 304.685150146484 307.005950927734 308.570770263672 310.199645996094 -3.4e+38 -3.4e+38 320.220275878906
219.744934082031 221.849838256836 222.72004699707 225.348007202148 225.959747314453 227.198318481445 229.09228515625 230.181945800781 231.401947021484 233.386260986328 234.513702392578 235.90153503418 238.258544921875 239.868591308594 244.312759399414 247.073120117188 248.685516357422 251.937652587891 254.533477783203 256.832946777344 257.794464111328 259.809020996094 261.022033691406 262.5771484375 264.897552490234 265.872161865234 269.996307373047 271.218994140625 272.850524902344 275.040496826172 276.65478515625 279.003387451172 280.868896484375 283.525024414062 287.258972167969 291.208953857422 292.345458984375 293.992614746094 295.682281494141 298.152221679688 299.860931396484 302.818237304688 305.075805664062 307.456787109375 308.599761962891 311.41162109375 314.777130126953 -3.4e+38 -3.4e+38
219.4189453125 221.348678588867 221.903717041016 224.712829589844 225.329025268555 226.47737121582 227.979598999023 229.569427490234 230.845245361328 232.779693603516 234.171310424805 236.209060668945 238.195236206055 240.363464355469 244.513412475586 246.614639282227 248.926391601562 251.655792236328 254.422119140625 256.351959228516 258.021942138672 259.515930175781 260.640380859375 262.407684326172 264.180603027344 265.300140380859 269.765777587891 271.349212646484 273.222351074219 275.087310791016 277.096374511719 278.994140625 281.321685791016 285.414154052734 288.663818359375 291.178375244141 291.88818359375 293.911560058594 296.409698486328 298.435943603516 300.056640625 302.962768554688 305.619903564453 307.369781494141 308.486999511719 311.283508300781 -3.4e+38 315.113891601562 -3.4e+38
218.934417724609 220.688232421875 221.24870300293 223.632766723633 225.024017333984 226.211608886719 227.87548828125 229.394561767578 230.672286987305 232.594314575195 234.078765869141 236.579574584961 238.086868286133 240.662979125977 244.8515625 246.509689331055 249.529724121094 251.245056152344 253.722442626953 255.672134399414 257.479522705078 259.137420654297 260.557220458984 262.835723876953 263.940093994141 265.445953369141 269.670013427734 270.97705078125 273.180541992188 275.272888183594 277.661987304688 279.184600830078 282.266082763672 286.230682373047 288.287445068359 289.698455810547 291.5517578125 294.362243652344 296.842163085938 298.565460205078 300.5908203125 302.978759765625 305.834991455078 307.361267089844 308.572296142578 310.382781982422 313.138214111328 315.729919433594 319.786376953125
216.968826293945 218.607345581055 -3.4e+38 -3.4e+38 224.107467651367 225.364532470703 227.249282836914 228.486236572266 230.316650390625 232.066360473633 233.636428833008 235.722259521484 237.461761474609 239.813903808594 244.370239257812 246.404922485352 248.635284423828 250.176055908203 252.486145019531 255.028854370117 256.871856689453 258.135894775391 259.636840820312 261.731018066406 263.332153320312 265.430053710938 269.025634765625 271.040344238281 273.761260986328 276.444488525391 277.946472167969 281.263763427734 284.303100585938 285.7666015625 286.857055664062 288.852569580078 291.075836181641 294.835845947266 296.615997314453 298.492706298828 301.001281738281 303.492523193359 306.275421142578 307.429595947266 308.943389892578 311.408386230469 313.649139404297 316.847564697266 320.438201904297
216.230331420898 -3.4e+38 -3.4e+38 222.381393432617 223.882705688477 225.143447875977 227.025024414062 228.15544128418 229.545227050781 231.706878662109 233.403594970703 235.498153686523 237.412750244141 239.54216003418 244.335845947266 245.821395874023 247.515899658203 249.946334838867 252.760620117188 254.926483154297 257.455108642578 258.613494873047 260.442108154297 262.021270751953 263.483032226562 265.022064208984 269.069274902344 271.279602050781 273.609527587891 276.545623779297 278.966278076172 281.768157958984 283.424560546875 284.842742919922 286.399688720703 288.357696533203 290.530120849609 295.011688232422 296.619415283203 298.860290527344 301.379821777344 303.956573486328 305.835845947266 307.744781494141 309.637756347656 311.756286621094 314.250579833984 317.003936767578 320.847198486328
215.828979492188 -3.4e+38 219.081268310547 222.641159057617 223.905715942383 225.485549926758 226.675109863281 228.040832519531 229.208023071289 231.436126708984 233.070846557617 235.404602050781 237.069305419922 239.501739501953 243.850006103516 245.138854980469 247.073776245117 249.532562255859 252.306655883789 254.634521484375 257.698486328125 258.447052001953 260.097106933594 261.735961914062 263.474395751953 264.720397949219 269.002868652344 271.203002929688 273.508026123047 276.703765869141 279.676513671875 280.596954345703 282.081573486328 284.384918212891 286.176422119141 287.875152587891 290.121551513672 294.880706787109 296.740295410156 299.339172363281 301.585327148438 304.318359375 305.891326904297 308.183715820312 310.093811035156 311.879852294922 314.731414794922 317.571441650391 320.943389892578
215.287811279297 -3.4e+38 218.469024658203 222.271667480469 223.866851806641 225.419509887695 226.39680480957 227.676849365234 228.890243530273 231.044677734375 232.783020019531 234.945495605469 236.499786376953 239.14567565918 243.118881225586 244.521499633789 246.612808227539 249.281433105469 251.980377197266 254.345291137695 257.533996582031 258.189697265625 259.914855957031 261.528442382812 263.279022216797 265.361694335938 268.830810546875 271.316101074219 274.213745117188 277.005279541016 279.586273193359 279.872253417969 281.625335693359 283.928527832031 285.652160644531 287.656311035156 290.044891357422 294.813842773438 296.953125 299.468719482422 301.738220214844 304.455627441406 306.864349365234 308.728820800781 310.175842285156 311.847076416016 315.096374511719 318.291381835938 321.313262939453
214.996887207031 216.231216430664 217.786437988281 221.519561767578 223.00553894043 224.334701538086 225.998565673828 227.607391357422 229.31884765625 231.106170654297 232.69091796875 234.37434387207 236.109802246094 238.474533081055 242.430847167969 244.259292602539 246.752304077148 249.705825805664 252.780975341797 255.165557861328 258.200256347656 258.905822753906 260.068695068359 261.402801513672 263.149108886719 265.849975585938 269.591918945312 273.033203125 275.069488525391 278.255126953125 278.815765380859 279.72119140625 281.467956542969 283.677886962891 285.563934326172 288.631744384766 290.414794921875 295.091430664062 297.388305664062 299.576293945312 302.317138671875 304.792236328125 307.319152832031 308.829833984375 310.415985107422 312.549743652344 315.475128173828 318.344848632812 322.228302001953
214.591461181641 216.158706665039 217.383270263672 220.368530273438 222.007537841797 223.347152709961 225.578048706055 227.278991699219 229.502960205078 231.119857788086 233.10693359375 234.114532470703 235.71223449707 238.087936401367 242.0810546875 243.904678344727 246.632110595703 249.139419555664 252.474609375 255.081726074219 257.467590332031 258.509887695312 259.845886230469 261.158477783203 263.479858398438 265.69091796875 270.021514892578 273.739654541016 274.913421630859 277.903656005859 278.114837646484 279.549591064453 281.289978027344 283.576965332031 285.801727294922 288.982116699219 290.485656738281 295.17333984375 297.581512451172 299.8720703125 302.837493896484 305.092529296875 307.224792480469 308.869171142578 310.430755615234 313.149169921875 316.035614013672 318.206756591797 323.360137939453
