rcp8.5models/CNRM-CM5/sc1gr6.19
NCOLS 261 
NROWS 433 
XLLCORNER 336357.134 
YLLCORNER 654653.479 
CELLSIZE 1000 
NODATA_value -3.4e+38 
[rows 374 to 395 of 433, columns 49 to 97 of 261]
-3.4e+38 -3.4e+38 -3.4e+38 2671.07788085938 2692.06176757812 2711.93701171875 2734.86083984375 2785.97607421875 2818.69873046875 2837.77514648438 2857.91088867188 2882.45190429688 2897.79614257812 2902.85717773438 2948.29321289062 2971.3056640625 3025.37841796875 3077.19067382812 3095.58081054688 3247.66381835938 3306.09887695312 3229.267578125 3182.01000976562 3237.14477539062 3218.80932617188 3150.97827148438 3125.37915039062 3130.05615234375 3250.46923828125 3448.21752929688 3460.01147460938 3360.13696289062 3232.14428710938 3185.04248046875 3191.08374023438 3232.923828125 3289.5712890625 3326.81201171875 3307.26025390625 3286.30102539062 3333.03955078125 3415.47802734375 3408.91967773438 3403.22314453125 3348.8896484375 3340.31762695312 3308.50756835938 3283.92211914062 3321.95239257812
-3.4e+38 -3.4e+38 -3.4e+38 2671.05639648438 2693.28735351562 2713.2578125 2735.2724609375 2781.42700195312 2807.7119140625 2819.84350585938 2842.93798828125 2873.5380859375 2882.18920898438 2893.84399414062 2938.64526367188 2956.99267578125 2980.71044921875 3073.55859375 3060.17163085938 3184.89282226562 3214.76416015625 3157.14624023438 3232.78002929688 3316.87939453125 3230.63989257812 3147.26782226562 3119.36596679688 3121.55444335938 3156.662109375 3438.54907226562 3425.76171875 3386.69750976562 3289.03173828125 3198.0703125 3172.3134765625 3212.31005859375 3265.24609375 3342.31420898438 3339.470703125 3299.65283203125 3328.72094726562 3406.5087890625 3401.76513671875 3394.67333984375 3336.78295898438 3276.84106445312 3311.79077148438 3327.30029296875 3319.65307617188
-3.4e+38 -3.4e+38 -3.4e+38 2676.54052734375 2692.08544921875 2715.26879882812 2736.72827148438 2773.923828125 2797.32690429688 2811.39013671875 2837.66162109375 2855.8125 2868.82568359375 2897.92553710938 2948.70385742188 3010.84790039062 3052.43188476562 3109.37768554688 3220.6328125 3157.39672851562 3202.30322265625 3206.56420898438 3288.85961914062 3360.18212890625 3212.21020507812 3140.20336914062 3128.18237304688 3110.47900390625 3122.04833984375 3355.60180664062 3401.06591796875 3391.54614257812 3292.77783203125 3183.072265625 3195.92651367188 3241.11547851562 3246.47607421875 3294.34912109375 3320.88305664062 3302.36083984375 3308.23999023438 3384.8466796875 3364.400390625 3360.34619140625 3362.38208007812 3286.83764648438 3277.8330078125 3326.38696289062 3329.81567382812
-3.4e+38 -3.4e+38 -3.4e+38 -3.4e+38 2694.89965820312 2718.77563476562 2738.64794921875 2770.3837890625 2790.4306640625 2806.22509765625 2840.767578125 2854.25341796875 2863.47436523438 2898.10961914062 2940.08178710938 3048.08129882812 3092.3955078125 3129.40380859375 3218.9521484375 3216.39282226562 3267.669921875 3245.33569335938 3289.57104492188 3366.67114257812 3268.5205078125 3157.8828125 3124.529296875 3104.08056640625 3111.9453125 3204.46411132812 3249.70190429688 3270.88671875 3232.57568359375 3185.66186523438 3223.25341796875 3221.05834960938 3216.42895507812 3253.97094726562 3301.4013671875 3294.12255859375 3273.60791015625 3324.36743164062 3329.74682617188 3343.05932617188 3365.67919921875 3329.05615234375 3233.58911132812 3238.28198242188 3303.57202148438
-3.4e+38 -3.4e+38 -3.4e+38 -3.4e+38 2697.44848632812 2717.09936523438 2734.35327148438 -3.4e+38 2784.77075195312 -3.4e+38 -3.4e+38 2845.0888671875 2863.00146484375 2893.87573242188 2922.20190429688 2982.44702148438 3036.6015625 3064.27807617188 3080.5 3251.697265625 3342.73168945312 3247.94799804688 3183.90747070312 3284.8896484375 3265.8017578125 3149.10131835938 3111.845703125 3097.00146484375 3095.46997070312 3108.27001953125 3105.1748046875 3210.31176757812 3223.37646484375 3180.876953125 3198.65747070312 3207.77270507812 3199.07421875 3228.72631835938 3290.21606445312 3315.57397460938 3280.40966796875 3266.39819335938 3312.93188476562 3356.20336914062 3327.42724609375 3317.56787109375 3269.61083984375 3194.7001953125 3255.0556640625
-3.4e+38 -3.4e+38 -3.4e+38 -3.4e+38 2691.35571289062 2710.4150390625 -3.4e+38 2765.30322265625 2780.64111328125 2803.50390625 2821.7001953125 2836.6689453125 2859.3740234375 2884.21118164062 2912.24243164062 2925.21435546875 2960.078125 3012.95361328125 3038.0263671875 3207.8681640625 3306.220703125 3284.49487304688 3182.53076171875 3152.50146484375 3183.80126953125 3143.49658203125 3102.44848632812 3080.806640625 3075.96606445312 3100.84643554688 3118.853515625 3242.3642578125 3308.84521484375 3250.56811523438 3216.228515625 3204.2236328125 3178.36596679688 3189.08813476562 3240.08935546875 3291.72900390625 3276.46899414062 3262.58935546875 3329.193359375 3359.1748046875 3294.28491210938 3269.1494140625 3312.08325195312 3274.78930664062 3236.783203125
-3.4e+38 -3.4e+38 -3.4e+38 -3.4e+38 -3.4e+38 2704.09545898438 2721.51147460938 -3.4e+38 2790.57104492188 2811.57885742188 2823.349609375 2835.96459960938 2855.39477539062 2873.57446289062 2895.6845703125 2907.93920898438 2920.36352539062 2971.53857421875 3084.1083984375 3153.16577148438 3252.80688476562 3333.58935546875 3295.89379882812 3159.17407226562 3102.54956054688 3086.98193359375 3075.3095703125 3063.82568359375 3066.67578125 3095.1962890625 3149.123046875 3223.67993164062 3329.44189453125 3339.64282226562 3264.97729492188 3245.19409179688 3211.69750976562 3179.26733398438 3190.4951171875 3225.51293945312 3252.43017578125 3202.23120117188 3295.23168945312 3343.24047851562 3276.884765625 3183.71118164062 3169.81689453125 3247.9814453125 3275.3583984375
-3.4e+38 -3.4e+38 -3.4e+38 -3.4e+38 -3.4e+38 2715.70166015625 2723.46801757812 2762.03857421875 2784.67626953125 2808.17358398438 2826.3701171875 2839.77709960938 2851.7763671875 2871.73095703125 2893.12353515625 2904.31127929688 2915.62255859375 2969.376953125 3139.56958007812 3217.24072265625 3296.07421875 3348.32202148438 3322.98266601562 3252.2919921875 3105.89697265625 3054.95263671875 3070.27954101562 3060.57397460938 3060.75048828125 3099.94189453125 3149.76806640625 3212.56225585938 3256.09252929688 3317.08203125 3250.384765625 3266.31567382812 3224.70166015625 3150.67651367188 3140.26025390625 3188.111328125 3254.74609375 3188.146484375 3208.42529296875 3235.75048828125 3188.22778320312 3112.87060546875 3067.720703125 3177.03369140625 3281.34057617188
-3.4e+38 -3.4e+38 -3.4e+38 -3.4e+38 -3.4e+38 2709.83740234375 2735.70874023438 2766.48315429688 2777.24487304688 2801.90380859375 2828.63671875 2837.9697265625 2852.16796875 2868.60400390625 2891.95361328125 2906.17163085938 2918.72290039062 2952.36059570312 3122.72314453125 3235.35327148438 3302.49487304688 3308.88696289062 3259.52075195312 3235.54418945312 3127.45825195312 3062.48095703125 3059.7939453125 3056.93872070312 3055.69140625 3080.29321289062 3160.51953125 3234.46728515625 3238.01513671875 3293.46655273438 3224.31396484375 3255.23071289062 3218.45336914062 3121.42163085938 3100.34155273438 3176.4677734375 3251.89453125 3195.3984375 3135.44067382812 3122.48828125 3101.45776367188 3082.0400390625 3078.88989257812 3121.8857421875 3195.55322265625
-3.4e+38 -3.4e+38 -3.4e+38 -3.4e+38 -3.4e+38 -3.4e+38 2735.89111328125 2771.6904296875 2779.61499023438 2805.25415039062 2825.36352539062 2829.51025390625 2844.3212890625 2860.74389648438 2885.09619140625 2896.5302734375 2908.759765625 2918.76391601562 2934.16479492188 2955.28173828125 2967.626953125 2978.07641601562 3064.00854492188 3128.99291992188 3104.20458984375 3044.1142578125 3015.02294921875 3019.55004882812 3027.83666992188 3037.36303710938 3176.7294921875 3216.04516601562 3197.02905273438 3256.49487304688 3243.49047851562 3254.71240234375 3263.7666015625 3186.24536132812 3093.21557617188 3060.8818359375 3107.29052734375 3137.18359375 3112.45947265625 3107.77465820312 3144.25732421875 3113.36962890625 3076.31665039062 3083.51147460938 3067.55712890625
-3.4e+38 -3.4e+38 -3.4e+38 -3.4e+38 -3.4e+38 -3.4e+38 2734.65966796875 2770.29174804688 2780.82006835938 2803.40112304688 2812.71948242188 2826.60229492188 2847.59838867188 2868.80249023438 2885.40502929688 2910.79125976562 2912.72680664062 2921.0029296875 2923.49780273438 2950.80297851562 2963.99780273438 2977.7041015625 3001.14624023438 3021.2578125 3023.6943359375 3011.77734375 3002.03857421875 3004.62158203125 3019.9560546875 3018.05419921875 3103.14404296875 3148.3740234375 3171.43969726562 3259.53759765625 3263.78344726562 3240.29077148438 3262.36181640625 3220.11328125 3150.44165039062 3088.83178710938 3057.689453125 3149.00708007812 3136.78881835938 3072.21484375 3103.62255859375 3114.5732421875 3106.28369140625 3106.703125 3069.42260742188
-3.4e+38 -3.4e+38 -3.4e+38 -3.4e+38 -3.4e+38 -3.4e+38 -3.4e+38 2755.31323242188 2775.21264648438 2798.70629882812 2812.8017578125 2830.33422851562 2848.22314453125 2870.71923828125 2878.43676757812 2896.73803710938 2914.01977539062 2917.2734375 2914.10083007812 2941.17504882812 2981.79174804688 3007.95336914062 3002.58666992188 2991.96142578125 3057.42163085938 3089.81884765625 3052.21752929688 3016.2841796875 3011.26416015625 3012.10888671875 3071.15478515625 3172.5888671875 3210.43090820312 3259.3271484375 3289.1240234375 3263.5595703125 3275.818359375 3226.00317382812 3179.86059570312 3132.44482421875 3062.40478515625 3089.41796875 3130.3896484375 3134.05126953125 3130.37622070312 3121.544921875 3142.6025390625 3134.94946289062 3092.923828125
-3.4e+38 -3.4e+38 -3.4e+38 -3.4e+38 -3.4e+38 -3.4e+38 -3.4e+38 2750.89038085938 2771.04711914062 2785.3076171875 2802.2451171875 2824.63403320312 2841.55590820312 2861.0048828125 2872.8720703125 2882.55224609375 2901.81030273438 2909.06127929688 2908.23193359375 2934.951171875 2973.41870117188 3008.576171875 3028.27612304688 3004.658203125 3061.38452148438 3074.85668945312 3043.87329101562 3018.59252929688 2999.03515625 3004.85864257812 3040.67797851562 3153.48071289062 3209.49853515625 3194.64233398438 3244.03198242188 3280.21826171875 3287.68725585938 3240.01831054688 3184.42846679688 3140.81274414062 3090.19018554688 3022.2470703125 3082.3818359375 3157.60986328125 3166.39282226562 3138.5068359375 3133.8642578125 3154.37426757812 3175.96142578125
-3.4e+38 -3.4e+38 -3.4e+38 -3.4e+38 -3.4e+38 -3.4e+38 -3.4e+38 2746.51147460938 2758.1640625 2773.39526367188 2787.16064453125 2811.33081054688 2827.49584960938 2841.376953125 2859.57543945312 2872.70092773438 2892.19018554688 2907.74926757812 2902.48681640625 2924.93310546875 2945.14086914062 2973.95361328125 3012.54760742188 3026.2197265625 3013.65600585938 3045.87377929688 3091.06201171875 3060.00122070312 2999.71044921875 2995.40942382812 2995.638671875 3038.28735351562 3119.59252929688 3137.90747070312 3211.41259765625 3273.60180664062 3278.2958984375 3256.51000976562 3181.37255859375 3100.43432617188 3095.09765625 3041.1572265625 3051.31811523438 3132.22241210938 3168.31811523438 3165.2568359375 3143.69970703125 3161.1162109375 3210.91430664062
-3.4e+38 -3.4e+38 -3.4e+38 -3.4e+38 -3.4e+38 -3.4e+38 -3.4e+38 2733.20874023438 2748.9755859375 2767.5 2776.37036132812 2790.22265625 2806.56103515625 2817.17211914062 2840.30883789062 2855.17797851562 2877.9326171875 2898.95166015625 2902.30859375 2908.33984375 2925.1279296875 2944.49755859375 2963.03369140625 3048.15454101562 3028.8076171875 3050.29150390625 3116.17041015625 3055.52490234375 2987.4443359375 3015.47119140625 2989.669921875 3000.80615234375 3108.67529296875 3173.03369140625 3197.267578125 3237.04345703125 3252.66748046875 3248.78735351562 3136.76098632812 3037.61010742188 3075.669921875 3099.45654296875 3036.38842773438 3108.4677734375 3178.99145507812 3186.89868164062 3166.47021484375 3164.87573242188 3191.47583007812
-3.4e+38 -3.4e+38 -3.4e+38 -3.4e+38 -3.4e+38 -3.4e+38 -3.4e+38 -3.4e+38 2744.2578125 2755.7880859375 2768.7900390625 -3.4e+38 2794.46264648438 2803.51977539062 2821.2099609375 2837.85717773438 2861.29833984375 2884.646484375 2900.751953125 2894.654296875 2907.8974609375 2925.5419921875 2936.18017578125 3064.01220703125 3088.30395507812 3053.58813476562 3069.02758789062 3018.94384765625 2973.5634765625 3042.25610351562 2978.49829101562 3028 3149.57739257812 3211.15454101562 3195.83154296875 3200.39770507812 3212.06494140625 3211.8798828125 3086.43041992188 2999.08349609375 3063.82250976562 3166.2626953125 3075.81103515625 3046.82202148438 3134.29931640625 3196.013671875 3178.57421875 3156.54418945312 3152.67114257812
-3.4e+38 -3.4e+38 -3.4e+38 -3.4e+38 -3.4e+38 -3.4e+38 -3.4e+38 -3.4e+38 2734.88671875 2745.14404296875 -3.4e+38 2773.10205078125 2791.95727539062 2807.619140625 2815.67578125 2829.19384765625 2850.26245117188 2873.57666015625 2892.0263671875 2893.86083984375 2894.732421875 2906.74047851562 2924.16040039062 3004.53491210938 3044.25903320312 3035.58471679688 3015.318359375 2982.38134765625 2962.74926757812 3003.3671875 2961.9541015625 3025.08203125 3117.19384765625 3178.66772460938 3160.30004882812 3164.5703125 3191.72607421875 3185.89672851562 3060.74584960938 2975.87060546875 3032.16552734375 3147.16455078125 3151.45849609375 3051.9306640625 3072.06640625 3161.09448242188 3168.70678710938 3135.17993164062 3113.9033203125
-3.4e+38 -3.4e+38 -3.4e+38 -3.4e+38 -3.4e+38 -3.4e+38 -3.4e+38 -3.4e+38 2727.66381835938 2739.91845703125 2751.02075195312 2765.86352539062 2782.27563476562 2804.13818359375 2816.93188476562 2832.3642578125 2850.00659179688 2866.72680664062 2891.04418945312 2902.28247070312 2899.6533203125 2900.34375 2905.68701171875 2922.92456054688 2982.18334960938 3025.04345703125 3011.71215820312 2997.18676757812 2965.1064453125 2968.90185546875 2957.9365234375 2989.65991210938 3022.04833984375 3099.11474609375 3124.80395507812 3127.9443359375 3161.57373046875 3169.09838867188 3050.1396484375 2966.0439453125 2989.41455078125 3110.9765625 3165.95434570312 3123.15063476562 3071.1396484375 3101.30834960938 3134.96435546875 3115.30688476562 3096.29858398438
-3.4e+38 -3.4e+38 -3.4e+38 -3.4e+38 -3.4e+38 -3.4e+38 -3.4e+38 -3.4e+38 2717.57006835938 2729.88549804688 2740.88427734375 2752.6875 2770.904296875 2791.88134765625 2812.20727539062 2825.74975585938 2835.47119140625 2852.8125 2884.26049804688 2897.62475585938 2896.03466796875 2891.94506835938 2895.75390625 2903.7685546875 2940.25146484375 3013.8037109375 3028.51977539062 3027.82690429688 2973.23828125 2979.126953125 2968.8564453125 2953.14697265625 2949.99243164062 3024.78759765625 3104.33935546875 3115.81372070312 3139.76416015625 3167.6982421875 3066.74291992188 2970.111328125 2981.78051757812 3131.896484375 3148.97119140625 3160.40576171875 3126.3681640625 3063.55126953125 3037.28759765625 3032.4599609375 3050.87255859375
-3.4e+38 -3.4e+38 -3.4e+38 -3.4e+38 -3.4e+38 -3.4e+38 -3.4e+38 -3.4e+38 2705.12915039062 2716.63208007812 2729.72729492188 2749.83056640625 2768.96142578125 2783.67749023438 2799.7919921875 2807.36962890625 2819.54809570312 2838.94580078125 2870.841796875 2879.04028320312 2879.08227539062 2897.76196289062 2903.96826171875 2896.86083984375 2914.1962890625 2968.86547851562 3006.85791015625 3028.58740234375 2998.46801757812 2959.751953125 2950.69848632812 2936.927734375 2933.42626953125 2968.3154296875 3019.2109375 3057.17993164062 3113.99194335938 3141.4853515625 3046.69140625 2956.23168945312 3023.20190429688 3133.78076171875 3149.0908203125 3162.69384765625 3159.82495117188 3099.85107421875 3002.763671875 2975.4052734375 3002.0576171875
-3.4e+38 -3.4e+38 -3.4e+38 -3.4e+38 -3.4e+38 -3.4e+38 -3.4e+38 -3.4e+38 2694.091796875 2710.01904296875 2726.77807617188 2746.701171875 2759.21508789062 2769.22119140625 2781.58081054688 2797.4267578125 2815.97802734375 2828.86865234375 2857.7470703125 2865.103515625 2877.11572265625 2928.3837890625 2913.193359375 2882.0419921875 2948.6220703125 3006.21655273438 3015.04736328125 3025.14184570312 3007.14916992188 2929.59204101562 2941.21435546875 2935.64331054688 2939.5390625 2941.20239257812 2948.05151367188 2968.4580078125 3050.90893554688 3117.79833984375 3083.71411132812 2991.01953125 3040.83959960938 3132.28198242188 3144.54467773438 3147.01831054688 3141.68920898438 3129.25122070312 3038.9365234375 2976.39428710938 2970.65063476562
-3.4e+38 -3.4e+38 -3.4e+38 -3.4e+38 -3.4e+38 -3.4e+38 -3.4e+38 -3.4e+38 2675.66357421875 2695.61474609375 2707.2001953125 2713.49462890625 2720.15478515625 2740.8994140625 2765.83081054688 2777.77026367188 2784.02026367188 2794.99072265625 2827.34765625 2837.93896484375 2847.28369140625 2869.72265625 2924.95190429688 2933.14379882812 2885.7998046875 2903.68530273438 2962.12646484375 2981.09692382812 2970.10180664062 2919.93432617188 2908.58056640625 2900.07006835938 2899.14770507812 2911.10791015625 2920.69189453125 2925.541015625 2913.51733398438 2954.8525390625 3063.82495117188 2995.72680664062 2918.71533203125 3084.7265625 3092.03784179688 3092.02661132812 3091.65698242188 3089.55590820312 3078.93896484375 3048.61572265625 3014.09033203125
