rcp8.5models/CNRM-CM5/sc1gr1.31
NCOLS 261 
NROWS 433 
XLLCORNER 336357.134 
YLLCORNER 654653.479 
CELLSIZE 1000 
NODATA_value -3.4e+38 
[rows 264 to 285 of 433, columns 147 to 195 of 261]
67.7180786132812 67.4945755004883 67.6688461303711 68.303581237793 68.8800354003906 68.5198974609375 68.4471664428711 68.732780456543 68.3678359985352 68.7677307128906 69.0647506713867 69.3279800415039 69.1149215698242 68.9668426513672 69.2649383544922 70.183349609375 70.0549468994141 69.7058792114258 69.9148788452148 70.5705871582031 70.6111755371094 70.7189407348633 70.9428253173828 -3.4e+38 -3.4e+38 -3.4e+38 71.5248260498047 71.417839050293 71.8227005004883 72.1911392211914 72.2005996704102 72.2422409057617 72.445915222168 72.757568359375 72.8793258666992 72.9411087036133 73.1394882202148 73.2596435546875 73.5648803710938 73.5505218505859 73.1607131958008 73.4891891479492 73.3280487060547 73.1838531494141 73.3075942993164 72.7162246704102 72.886833190918 73.0448913574219 72.6687164306641
67.2595291137695 67.6932144165039 68.4524078369141 69.2411804199219 69.6273345947266 69.1324462890625 68.7263259887695 68.7187576293945 68.3876342773438 68.6287231445312 69.1353454589844 69.1182861328125 68.7808151245117 68.8738479614258 69.1993255615234 69.8791732788086 69.9892807006836 69.6296920776367 70.1792449951172 70.4650039672852 70.7225952148438 70.935173034668 70.7483215332031 70.6698532104492 -3.4e+38 71.4517288208008 71.6707916259766 71.7723236083984 71.9983825683594 72.1510620117188 72.3489303588867 72.3081893920898 72.5376892089844 72.801139831543 72.7014541625977 72.8939208984375 73.3650894165039 73.5151290893555 74.317497253418 74.4032287597656 73.4669647216797 73.3587875366211 73.521728515625 73.1567306518555 73.154541015625 72.7606506347656 73.1524276733398 73.067985534668 72.9225387573242
67.6363067626953 68.8472290039062 69.7695846557617 70.2248764038086 70.2318420410156 69.9584426879883 69.6361312866211 68.9796600341797 68.4227294921875 68.420166015625 68.9186325073242 68.9682998657227 69.0820083618164 69.0484466552734 69.6147537231445 69.9305267333984 70.1457443237305 69.9620590209961 69.9175567626953 70.4166870117188 70.5816879272461 70.7255020141602 70.8194351196289 71.1093826293945 -3.4e+38 71.5078430175781 71.4731140136719 71.7582168579102 71.9664535522461 72.0468368530273 72.1304244995117 72.2140884399414 72.4369735717773 72.850227355957 72.8166961669922 73.1085968017578 73.3977584838867 73.4475402832031 73.5938720703125 74.184196472168 74.2144546508789 74.0193328857422 73.4704971313477 73.6083984375 73.1623077392578 73.4545974731445 73.2308959960938 73.2610626220703 73.2146682739258
68.3642349243164 69.1510925292969 69.9996185302734 70.1122207641602 69.5715179443359 70.2234878540039 70.1957778930664 69.4140853881836 68.8304672241211 68.6704483032227 69.1884155273438 69.2861862182617 69.2569808959961 69.4278717041016 69.5996170043945 69.9530792236328 70.2275238037109 70.0514373779297 69.9148712158203 70.2902221679688 70.5293807983398 70.804817199707 71.1987228393555 71.2205429077148 71.3362121582031 -3.4e+38 71.5088806152344 71.7973709106445 72.1550216674805 72.4121017456055 72.3811950683594 72.4713592529297 72.4857559204102 72.7604904174805 72.8676223754883 72.8368759155273 73.2874450683594 73.8045120239258 73.6414642333984 74.4503021240234 74.7748947143555 74.0309829711914 73.7579345703125 73.8494033813477 73.4257583618164 73.4128494262695 73.3857269287109 73.39501953125 73.1205520629883
69.2578887939453 69.8043899536133 70.2061462402344 69.9876556396484 69.5095520019531 70.5002746582031 70.5169372558594 70.133674621582 69.6682815551758 69.1657257080078 69.4395751953125 68.8911285400391 68.8913726806641 -3.4e+38 69.4465789794922 69.9166259765625 70.103515625 70.101921081543 70.1729354858398 70.1860427856445 70.2304153442383 70.5457077026367 71.2708129882812 71.2916641235352 71.2914886474609 -3.4e+38 71.8386077880859 71.9609756469727 71.9672470092773 72.194221496582 72.4294357299805 72.4711456298828 72.4391326904297 72.8175430297852 73.1236572265625 72.6877975463867 73.2145614624023 73.7631225585938 73.3976821899414 74.1090698242188 74.4633941650391 74.3634338378906 74.3326110839844 73.7594604492188 73.5577850341797 73.360466003418 73.5282897949219 73.412971496582 73.1607360839844
69.7933578491211 69.5864181518555 69.942626953125 70.1742172241211 70.4450454711914 70.8393783569336 70.7645721435547 70.8338241577148 70.2063140869141 69.6229248046875 69.623046875 69.0240478515625 68.9742431640625 69.3817520141602 69.7478179931641 69.8518295288086 69.6938171386719 69.8592300415039 70.2702026367188 70.3470993041992 70.3034744262695 70.3388595581055 71.1460266113281 71.2306060791016 71.1288833618164 71.2790679931641 71.8874053955078 72.0378952026367 72.1220550537109 72.1190032958984 72.329216003418 72.4987716674805 72.4834442138672 72.8654174804688 73.2230072021484 72.8012313842773 73.0219345092773 73.2529983520508 73.2324600219727 73.670166015625 73.7629699707031 74.2098922729492 74.673469543457 73.8617401123047 73.6485748291016 73.6100921630859 73.9604034423828 73.5421905517578 73.1495742797852
68.827766418457 67.527717590332 68.3402709960938 70.3881072998047 70.6248626708984 70.6801071166992 70.6056900024414 70.9067001342773 70.4632034301758 69.8771209716797 69.3489456176758 69.0498733520508 69.1113662719727 69.6727676391602 69.9955444335938 69.8819961547852 69.718132019043 70.0326843261719 70.4414520263672 70.4840240478516 70.453498840332 70.3507537841797 71.103630065918 71.1615447998047 71.1812896728516 71.3765335083008 71.8198547363281 72.0377197265625 72.3530349731445 72.4937210083008 72.6098098754883 72.4571914672852 72.8006820678711 72.8151931762695 72.9824142456055 73.0394821166992 72.9746780395508 73.0339126586914 73.359977722168 73.7870559692383 73.9545135498047 73.9717483520508 74.379524230957 73.854248046875 73.8493957519531 73.7021942138672 73.9597015380859 73.8350524902344 73.3406143188477
67.5128326416016 67.6134185791016 68.2292404174805 70.6702117919922 70.4562072753906 70.0277481079102 69.9404373168945 70.2521667480469 69.9227066040039 69.7427444458008 69.0035018920898 68.9831619262695 69.189567565918 69.6993179321289 -3.4e+38 69.8238220214844 70.2786026000977 70.5040283203125 70.4182891845703 70.4366302490234 70.3863067626953 70.3732528686523 71.2588500976562 71.3056869506836 71.2979202270508 71.8049774169922 72.0170059204102 71.9366989135742 72.1034927368164 72.5228424072266 72.7813568115234 72.555793762207 72.9293746948242 72.9883804321289 73.2081069946289 73.1556777954102 73.1567993164062 73.648811340332 73.7297210693359 73.6870498657227 74.1417922973633 73.8521194458008 73.7747192382812 73.7479400634766 73.9848098754883 73.8941879272461 74.0082015991211 73.6590347290039 73.4077301025391
68.6282730102539 69.6174240112305 69.6457824707031 70.370361328125 70.2702102661133 69.5246810913086 69.4936447143555 69.4973907470703 69.337028503418 69.1616287231445 69.1081237792969 69.3353118896484 69.3701248168945 69.5428237915039 69.9258117675781 69.8367385864258 70.2748413085938 70.4850082397461 70.3311538696289 70.463737487793 70.5436172485352 70.5715484619141 71.1852645874023 71.2818450927734 71.1964950561523 71.5044555664062 71.7860336303711 72.0099411010742 71.9398803710938 72.2586669921875 72.5540618896484 72.4380569458008 72.7769088745117 72.9593811035156 73.2541427612305 73.0846176147461 73.2523803710938 73.5932846069336 73.608039855957 73.3862686157227 73.9445724487305 73.9346237182617 73.7294921875 73.8562088012695 74.1109008789062 73.7079696655273 73.916389465332 73.7348480224609 73.4134750366211
69.9890747070312 70.2476806640625 70.0128784179688 69.5394592285156 69.7589340209961 69.5798797607422 69.4159698486328 69.5155563354492 69.3823394775391 68.9066619873047 69.0075378417969 69.3957290649414 69.2030410766602 69.3562545776367 70.0277252197266 69.9170608520508 69.9934997558594 -3.4e+38 -3.4e+38 -3.4e+38 -3.4e+38 71.0290222167969 71.2325134277344 71.3976821899414 71.294319152832 71.4144668579102 71.3858108520508 72.0475997924805 72.0663528442383 72.2476577758789 72.509407043457 72.2994537353516 72.5351257324219 72.8761291503906 73.0760650634766 73.3658142089844 73.4116134643555 73.4820327758789 73.7949066162109 73.4080505371094 74.0736389160156 74.4378890991211 74.359489440918 74.3393936157227 74.134765625 73.7884902954102 73.9890289306641 74.0406112670898 73.5148468017578
70.2981414794922 70.1787185668945 69.931770324707 69.398063659668 69.6287078857422 70.0948944091797 70.1521911621094 70.0275421142578 69.4785537719727 69.0563507080078 68.82373046875 69.4449920654297 69.2263870239258 69.3343963623047 69.7408142089844 69.8604583740234 70.2268371582031 70.2071762084961 70.4969100952148 70.5270767211914 70.6939239501953 71.1787872314453 71.3566360473633 71.4627075195312 71.3741302490234 71.5871276855469 71.4494705200195 72.070068359375 72.2779846191406 72.1712493896484 72.3724975585938 72.2442245483398 72.4091186523438 72.9630813598633 73.431526184082 73.8772811889648 73.925178527832 74.0267715454102 74.1501007080078 73.6282272338867 74.3451156616211 74.3445739746094 74.4422149658203 74.5408172607422 74.1405487060547 74.0299301147461 74.1417388916016 74.0608825683594 73.7791442871094
70.3970108032227 70.5397872924805 70.3447113037109 70.0675735473633 70.0624694824219 70.4970397949219 70.848876953125 70.2921981811523 69.4248352050781 69.0413360595703 68.8771667480469 69.6272048950195 69.5944442749023 69.609245300293 69.4613647460938 69.7292404174805 70.2722091674805 70.204719543457 70.5544586181641 70.6327743530273 70.6780853271484 70.969367980957 71.2113876342773 71.3198623657227 71.3476257324219 71.4929733276367 71.5263519287109 71.8802185058594 72.2725143432617 72.1446533203125 72.2712097167969 72.2043914794922 72.5273361206055 72.8926162719727 73.4525527954102 73.9403305053711 73.8064727783203 73.6879959106445 73.6761856079102 73.8679275512695 74.6005935668945 74.3477249145508 74.3212127685547 74.3777236938477 74.3105087280273 74.0853652954102 74.146240234375 74.0612640380859 73.9179534912109
69.9636383056641 70.7729339599609 70.8602294921875 70.5897674560547 70.5780487060547 70.9237365722656 71.2428894042969 70.541145324707 69.5450210571289 69.1880798339844 69.0826187133789 69.7254257202148 69.9215774536133 69.7314834594727 69.6928482055664 69.933235168457 70.1373519897461 70.1933898925781 70.520622253418 70.7435607910156 70.870002746582 70.7984161376953 71.2110595703125 71.4269485473633 71.4668121337891 71.5199127197266 71.7184982299805 72.0282592773438 71.9532012939453 72.3600845336914 72.8196258544922 72.7222747802734 73.0148239135742 72.8033828735352 73.1490097045898 73.7227096557617 73.5954818725586 73.5959930419922 73.3919143676758 73.8569869995117 74.6621017456055 74.3843078613281 74.3899307250977 74.5612487792969 74.1780548095703 74.0038681030273 74.0970687866211 74.1770477294922 74.1924743652344
68.1360244750977 70.4428100585938 71.1230316162109 70.8498611450195 71.2186431884766 71.5282669067383 71.5636672973633 71.2342071533203 70.5250930786133 70.0384368896484 69.7318725585938 69.8003845214844 70.066162109375 69.6597061157227 70.0304412841797 70.2635955810547 70.1867904663086 70.1645431518555 70.2685623168945 -3.4e+38 70.8371810913086 70.7480926513672 71.0727844238281 71.6592407226562 71.78759765625 71.7419128417969 72.0733489990234 72.1288223266602 72.1674728393555 72.7165451049805 72.712890625 72.6482467651367 73.0325241088867 72.8023147583008 73.0641174316406 73.2132110595703 73.6613693237305 74.2669067382812 73.5395889282227 73.7999038696289 74.371940612793 74.0150833129883 74.4717864990234 74.603759765625 74.3450622558594 73.99072265625 73.8396453857422 73.7560501098633 74.0471572875977
66.9543075561523 70.274169921875 71.1413345336914 71.344108581543 71.5164947509766 71.6861343383789 71.7880249023438 71.9896469116211 71.7433776855469 71.6177368164062 71.8258895874023 70.7962112426758 70.2612380981445 70.0618667602539 70.103515625 70.6097259521484 70.7194595336914 70.3844451904297 70.6103591918945 70.5636596679688 71.0548934936523 71.3242721557617 71.7338790893555 71.5971374511719 71.6779708862305 71.7522735595703 72.0520706176758 72.1411056518555 72.2766723632812 72.5130920410156 72.4296035766602 72.6984786987305 72.6851043701172 73.690788269043 73.1948699951172 73.1949615478516 73.295768737793 73.7564697265625 74.1166763305664 73.6143951416016 73.8254776000977 74.4628982543945 74.6370315551758 74.5177917480469 74.9143142700195 75.6574935913086 75.04541015625 74.2866058349609 74.0203475952148
68.9727249145508 70.430778503418 70.961669921875 71.237663269043 71.5085067749023 71.9252853393555 72.0683135986328 72.2249374389648 72.014533996582 72.0863876342773 72.2248001098633 70.9984664916992 70.1853561401367 69.8958511352539 69.974967956543 70.6930084228516 70.7551193237305 70.2134323120117 70.2832565307617 70.7826156616211 -3.4e+38 70.8630065917969 71.5753860473633 72.0813598632812 71.8130722045898 72.2427444458008 72.4055862426758 72.1867065429688 72.3978424072266 72.9095916748047 72.8494338989258 72.8118591308594 73.2362899780273 73.7431488037109 73.3057403564453 73.5613555908203 74.0938949584961 74.2224197387695 74.2982788085938 74.3406677246094 74.0893630981445 74.8458251953125 74.9019546508789 74.7146759033203 75.1135635375977 76.0715866088867 75.1832962036133 74.3430480957031 74.3844985961914
70.983757019043 70.605583190918 70.5721664428711 70.8179016113281 71.3147735595703 71.742057800293 72.0055236816406 72.1278305053711 72.3414077758789 72.4345474243164 72.3908920288086 71.1442642211914 69.9986114501953 69.7358474731445 70.0096740722656 70.9557723999023 70.8847732543945 70.4353866577148 70.3137969970703 70.7141952514648 -3.4e+38 71.2174758911133 71.4180755615234 72.1165008544922 71.8731460571289 72.3409805297852 72.0807189941406 72.0122909545898 72.5419311523438 72.9697113037109 73.011589050293 72.8060913085938 73.068717956543 73.5378112792969 73.1358795166016 73.7240524291992 74.6474227905273 74.9766006469727 74.5971374511719 74.3975601196289 74.07275390625 74.8427505493164 74.946647644043 75.0436935424805 75.2636795043945 75.8630676269531 75.1254348754883 74.3464508056641 74.6775894165039
70.9304504394531 70.2759628295898 70.0249862670898 70.4110336303711 71.1454772949219 71.5241394042969 71.8033447265625 71.7473297119141 72.0345611572266 72.5524826049805 72.5846862792969 71.4395065307617 70.1710433959961 69.9706344604492 70.1957473754883 70.7373504638672 70.8679046630859 70.4682998657227 70.3511276245117 70.7329254150391 71.2788391113281 71.590690612793 71.2602462768555 71.7829360961914 71.6220932006836 71.9501800537109 71.9402618408203 72.3652420043945 72.5304107666016 72.6970443725586 72.92578125 73.0002899169922 73.2759552001953 73.1934127807617 73.0404510498047 73.6629943847656 74.339958190918 74.3443222045898 74.550163269043 74.1763687133789 74.2484817504883 74.6407623291016 75.1526336669922 75.1983795166016 74.8546524047852 75.1043701171875 75.3197021484375 74.4664611816406 74.196418762207
70.7227172851562 69.9257431030273 69.7827529907227 70.3767623901367 71.1732711791992 71.6571044921875 71.8109283447266 71.4854354858398 71.9636993408203 72.5176239013672 72.3775177001953 71.6246719360352 70.5399703979492 70.3074417114258 70.2621917724609 70.1948013305664 70.814811706543 70.4905853271484 70.3368988037109 70.6172714233398 70.9546203613281 71.3570861816406 71.286506652832 71.9493560791016 71.8870086669922 71.8369140625 72.0890121459961 72.3364791870117 72.5707702636719 73.1061172485352 73.3140716552734 72.9946136474609 73.1050415039062 73.1397018432617 73.6721649169922 73.8434371948242 74.0436553955078 74.2486343383789 74.3718719482422 74.656379699707 74.5737915039062 74.71875 75.2296524047852 74.8012619018555 74.9601745605469 75.0717315673828 75.1326599121094 74.6984405517578 74.0847549438477
71.0218734741211 69.9510345458984 69.584602355957 70.6122894287109 71.7046966552734 71.9765319824219 71.8001022338867 71.6977844238281 72.5184631347656 72.5602874755859 72.39501953125 71.9321746826172 70.8668441772461 70.6952667236328 70.1182174682617 69.8917846679688 70.5285186767578 70.704231262207 70.4516906738281 70.8050003051758 -3.4e+38 -3.4e+38 71.6741104125977 71.9304580688477 72.1383895874023 72.314811706543 72.3443450927734 72.1793670654297 72.3508911132812 72.9455718994141 73.4410934448242 72.982307434082 72.8285369873047 73.4813079833984 73.9384460449219 74.3573150634766 74.3920211791992 74.6476669311523 74.3272171020508 74.7687606811523 74.5715789794922 74.7910079956055 74.9930725097656 74.9412689208984 74.9944763183594 75.2585678100586 74.9346694946289 74.9408416748047 74.2727508544922
71.0316162109375 69.9016418457031 69.5893859863281 71.0988998413086 72.0690460205078 71.7914505004883 71.1641464233398 71.5067749023438 72.7261276245117 72.5413284301758 72.7463455200195 72.4752426147461 71.2962112426758 70.8708038330078 70.2217483520508 70.203498840332 70.4088134765625 70.6646728515625 70.6639709472656 71.3247528076172 70.9552688598633 71.0002822875977 71.706169128418 71.8250961303711 72.2740936279297 72.5764541625977 72.3562698364258 -3.4e+38 72.318977355957 72.8146667480469 73.2134857177734 73.434211730957 73.6308822631836 73.982063293457 73.6974716186523 74.3917922973633 74.8417892456055 74.2432174682617 74.7427062988281 74.8893127441406 74.5782165527344 74.7718276977539 75.2062530517578 75.383430480957 75.0242004394531 74.940299987793 75.1102294921875 75.1403884887695 74.6882934570312
70.3559799194336 69.5555877685547 70.1960678100586 71.3866119384766 72.0768661499023 71.9663467407227 70.883430480957 71.2431488037109 72.6519927978516 72.2795028686523 72.6688842773438 72.3311309814453 71.6082458496094 71.487663269043 70.5991516113281 70.2789459228516 70.2830657958984 70.4982986450195 70.6934356689453 71.3211975097656 70.9093856811523 71.0992584228516 -3.4e+38 72.2778854370117 72.6028366088867 72.4424896240234 72.2557983398438 72.1633911132812 -3.4e+38 73.1756362915039 73.3126220703125 73.8285522460938 73.7398681640625 74.2775344848633 73.9076156616211 73.8673400878906 74.6228713989258 74.3540725708008 74.7965469360352 74.9978942871094 74.5416259765625 74.8505859375 75.5278549194336 75.4345855712891 75.1457061767578 74.8556137084961 75.1658554077148 75.0409164428711 74.9049377441406
