rcp8.5models/CNRM-CM5/sc1gr0.33
NCOLS 261 
NROWS 433 
XLLCORNER 336357.134 
YLLCORNER 654653.479 
CELLSIZE 1000 
NODATA_value -3.4e+38 
[rows 396 to 417 of 433, columns 49 to 97 of 261]
-3.4e+38 -3.4e+38 -3.4e+38 -3.4e+38 -3.4e+38 -3.4e+38 -3.4e+38 -3.4e+38 -3.4e+38 55.8047065734863 55.8906898498535 55.9418144226074 55.8807373046875 56.0143661499023 56.1891326904297 56.2134780883789 56.3135986328125 56.294490814209 56.4274559020996 56.5320472717285 56.6764869689941 56.7572021484375 57.2596054077148 57.552734375 56.9759941101074 57.0011787414551 57.3959350585938 57.6855125427246 57.4629707336426 57.6247482299805 57.7259483337402 57.7359466552734 57.7158126831055 57.8276863098145 58.0521087646484 58.3520278930664 58.3652648925781 58.2594757080078 60.0461387634277 59.7350959777832 58.6036376953125 60.3944511413574 61.8789138793945 61.9810104370117 61.4786987304688 62.3150100708008 62.452449798584 62.1365203857422 62.3704299926758
-3.4e+38 -3.4e+38 -3.4e+38 -3.4e+38 -3.4e+38 -3.4e+38 -3.4e+38 -3.4e+38 -3.4e+38 55.5599594116211 55.5360946655273 55.5920486450195 55.6587715148926 55.6975517272949 55.9481773376465 56.0004348754883 55.9446983337402 56.0014686584473 56.1549377441406 56.1903762817383 56.2866172790527 56.2977523803711 56.5321884155273 56.896167755127 56.6887435913086 56.6886863708496 56.8896751403809 56.9151802062988 56.9103469848633 57.1925277709961 57.4572525024414 57.3801727294922 57.3572654724121 57.3770637512207 57.5543174743652 57.7877464294434 57.7708511352539 57.7833137512207 58.7392921447754 58.7471466064453 58.518871307373 59.8982849121094 61.4008674621582 61.418830871582 60.6450119018555 61.3442344665527 61.9301223754883 62.1910438537598 62.5020179748535
-3.4e+38 -3.4e+38 -3.4e+38 -3.4e+38 -3.4e+38 -3.4e+38 -3.4e+38 -3.4e+38 -3.4e+38 -3.4e+38 55.2914428710938 55.2524070739746 55.3614387512207 55.3576507568359 55.4336204528809 55.6112403869629 55.6377868652344 55.6679611206055 55.7402229309082 55.8532524108887 55.8260078430176 55.8906440734863 55.9228706359863 56.2066688537598 56.2641677856445 56.2458992004395 56.6390647888184 57.0874519348145 56.8110237121582 56.7817573547363 57.1304779052734 56.9742546081543 56.8899688720703 56.9546890258789 57.0716400146484 57.2038879394531 57.2449836730957 57.3744926452637 57.7272033691406 57.8418083190918 58.0081977844238 59.3569641113281 60.4168128967285 60.428539276123 60.2903060913086 60.3395309448242 60.8989295959473 61.6084403991699 61.978458404541
-3.4e+38 -3.4e+38 -3.4e+38 -3.4e+38 -3.4e+38 -3.4e+38 -3.4e+38 -3.4e+38 -3.4e+38 -3.4e+38 55.1061592102051 54.9917793273926 55.0176391601562 55.0096321105957 55.0085792541504 55.1878547668457 55.2595634460449 55.2494812011719 55.3533020019531 55.4322395324707 55.4110221862793 55.5240478515625 55.5419082641602 55.7321548461914 55.7318115234375 55.7526664733887 56.1482582092285 56.4206085205078 56.2356834411621 56.352611541748 56.4779014587402 56.4169464111328 56.497615814209 56.6873207092285 56.6654968261719 56.7183647155762 56.9374618530273 57.0137100219727 57.1447601318359 57.4116096496582 57.4880790710449 58.9637336730957 59.840576171875 60.180004119873 60.4475555419922 60.127758026123 60.2195930480957 61.1524429321289 61.9068145751953
-3.4e+38 -3.4e+38 -3.4e+38 -3.4e+38 -3.4e+38 -3.4e+38 -3.4e+38 -3.4e+38 -3.4e+38 -3.4e+38 -3.4e+38 54.7006874084473 54.6162986755371 54.566967010498 54.5946350097656 54.7159843444824 54.817253112793 54.8861427307129 55.0785675048828 55.1025161743164 55.153507232666 55.1172332763672 55.1949119567871 55.3651428222656 55.3445281982422 55.509593963623 55.5860710144043 55.5787811279297 55.5982971191406 55.8449249267578 55.9181823730469 56.0262031555176 56.2323760986328 56.3803520202637 56.3679084777832 56.4714698791504 56.5885353088379 56.5496025085449 56.7196846008301 57.045825958252 57.1449966430664 58.0662040710449 58.831787109375 59.6753730773926 60.2542839050293 60.4792594909668 60.2273635864258 60.514835357666 61.594482421875
-3.4e+38 -3.4e+38 -3.4e+38 -3.4e+38 -3.4e+38 -3.4e+38 -3.4e+38 -3.4e+38 -3.4e+38 -3.4e+38 -3.4e+38 54.4235649108887 54.3461494445801 54.2912979125977 54.2971954345703 54.3702545166016 54.4381256103516 54.6586723327637 54.7247009277344 54.8218955993652 54.810920715332 54.7156524658203 54.7682609558105 54.9143524169922 54.8981094360352 55.2228507995605 55.7759246826172 55.5480766296387 55.1650505065918 55.3461952209473 55.4840316772461 55.5992279052734 55.858455657959 56.2761421203613 56.1975021362305 56.1637687683105 56.2270088195801 56.1964836120605 56.402458190918 56.7925300598145 56.9218597412109 57.0716934204102 58.1066131591797 59.0739860534668 59.6951103210449 60.5784912109375 61.0796890258789 60.4991111755371 60.7041130065918
-3.4e+38 -3.4e+38 -3.4e+38 -3.4e+38 -3.4e+38 -3.4e+38 -3.4e+38 -3.4e+38 -3.4e+38 -3.4e+38 -3.4e+38 54.0521812438965 54.0673751831055 54.0882110595703 54.053840637207 54.1096496582031 54.1348571777344 54.3225364685059 54.3382186889648 54.4682312011719 54.4917602539062 54.3827285766602 54.3880348205566 54.5025062561035 54.5221824645996 54.650074005127 55.122688293457 54.9483757019043 55.1167602539062 54.9068794250488 54.9453468322754 55.1388664245605 55.4764938354492 55.7999153137207 55.7387008666992 55.7034378051758 55.8260917663574 56.048957824707 56.1651725769043 56.4171371459961 56.6192588806152 57.1867790222168 57.5500106811523 58.513542175293 59.4481658935547 59.8732719421387 60.6343574523926 60.5157432556152 59.8816757202148
-3.4e+38 -3.4e+38 -3.4e+38 -3.4e+38 -3.4e+38 -3.4e+38 -3.4e+38 -3.4e+38 -3.4e+38 -3.4e+38 -3.4e+38 -3.4e+38 53.8663787841797 53.7849922180176 53.7424049377441 53.8748245239258 53.8946762084961 53.9728164672852 53.9363822937012 53.992992401123 54.0703239440918 54.0720138549805 54.0954208374023 54.1863059997559 54.2670783996582 54.3142738342285 54.3387641906738 54.2972755432129 54.6945266723633 54.5453567504883 54.9771614074707 55.0320434570312 55.0318069458008 55.1256828308105 55.2575187683105 55.5106582641602 55.851879119873 55.9879684448242 56.012825012207 56.2488021850586 56.5337257385254 57.8600120544434 57.829704284668 57.6170272827148 58.1430168151855 58.6523323059082 59.1863670349121 59.9628753662109 59.5350112915039
-3.4e+38 -3.4e+38 -3.4e+38 -3.4e+38 -3.4e+38 -3.4e+38 -3.4e+38 -3.4e+38 -3.4e+38 -3.4e+38 -3.4e+38 -3.4e+38 -3.4e+38 53.4871940612793 53.4308471679688 53.5620956420898 53.5542678833008 53.5576095581055 53.5194091796875 53.5756568908691 53.6728706359863 53.6995086669922 53.7208633422852 53.7966575622559 53.8442115783691 53.9160499572754 53.9114265441895 54.006950378418 54.1039161682129 54.1895484924316 54.5507354736328 54.6052207946777 54.5463829040527 54.771556854248 55.0970687866211 55.3506889343262 55.5568046569824 55.7358627319336 56.0118293762207 56.2861175537109 56.5145072937012 57.7714424133301 58.0401763916016 57.6889495849609 57.2387199401855 57.9059295654297 58.4567222595215 59.0805740356445 59.4588470458984
-3.4e+38 -3.4e+38 -3.4e+38 -3.4e+38 -3.4e+38 -3.4e+38 -3.4e+38 -3.4e+38 -3.4e+38 -3.4e+38 -3.4e+38 -3.4e+38 -3.4e+38 -3.4e+38 53.1332778930664 53.1340408325195 53.1164665222168 53.0883598327637 53.2367973327637 53.345817565918 53.4193649291992 53.313362121582 53.3503646850586 53.3261795043945 53.3022232055664 53.3846588134766 53.3599815368652 53.5414733886719 53.749137878418 53.8743858337402 53.9852066040039 54.3283653259277 54.2919998168945 54.6543922424316 54.9303092956543 54.788890838623 55.0887451171875 55.3966903686523 55.7350730895996 55.9765129089355 56.0902519226074 57.0943450927734 57.2831497192383 57.7440605163574 57.6039237976074 57.5126457214355 58.095947265625 58.2359657287598 58.4575042724609
-3.4e+38 -3.4e+38 -3.4e+38 -3.4e+38 -3.4e+38 -3.4e+38 -3.4e+38 -3.4e+38 -3.4e+38 -3.4e+38 -3.4e+38 -3.4e+38 -3.4e+38 -3.4e+38 52.5481872558594 52.5600776672363 52.5114440917969 52.4723663330078 52.5581817626953 52.6408004760742 52.624683380127 52.5632133483887 52.6325988769531 52.6658134460449 52.6319007873535 52.7001762390137 52.6819229125977 52.7776489257812 52.9469337463379 53.1643676757812 53.2338600158691 53.318977355957 53.5536193847656 53.719295501709 53.7781143188477 53.9519996643066 54.5432090759277 54.9227104187012 55.1265678405762 55.1552047729492 55.2146148681641 56.0619888305664 56.1965217590332 56.1306304931641 56.7892112731934 56.9579772949219 56.4705047607422 56.4579086303711 56.9808158874512
-3.4e+38 -3.4e+38 -3.4e+38 -3.4e+38 -3.4e+38 -3.4e+38 -3.4e+38 -3.4e+38 -3.4e+38 -3.4e+38 -3.4e+38 -3.4e+38 -3.4e+38 -3.4e+38 -3.4e+38 52.1447448730469 52.1906929016113 52.2379302978516 52.2210311889648 52.2842292785645 52.3463554382324 52.217342376709 52.1952514648438 52.210994720459 52.2486877441406 52.2612724304199 52.2509918212891 52.3918037414551 52.7449188232422 52.8041496276855 53.0111885070801 53.1139869689941 53.1327629089355 53.3005180358887 53.4463882446289 53.5559005737305 54.1056442260742 54.6941719055176 55.4406929016113 55.5709342956543 54.9636383056641 55.5345687866211 55.7067260742188 56.127758026123 56.7864379882812 57.1023178100586 56.7940368652344 56.548210144043 56.6253051757812
-3.4e+38 -3.4e+38 -3.4e+38 -3.4e+38 -3.4e+38 -3.4e+38 -3.4e+38 -3.4e+38 -3.4e+38 -3.4e+38 -3.4e+38 -3.4e+38 -3.4e+38 -3.4e+38 -3.4e+38 51.8194236755371 51.8958053588867 51.8902931213379 51.8249092102051 51.8967323303223 52.066520690918 51.9084815979004 51.861988067627 51.8864974975586 51.8635482788086 51.8741607666016 51.9281158447266 52.1378059387207 52.4203605651855 52.5805358886719 52.6100540161133 52.6605415344238 52.7310562133789 53.0410385131836 53.1824760437012 53.1828727722168 53.566764831543 54.2283630371094 54.875560760498 55.2653923034668 55.0106010437012 55.0583724975586 55.2738609313965 56.3479423522949 56.7070465087891 56.5723876953125 57.0484657287598 57.0753288269043 56.8747253417969
-3.4e+38 -3.4e+38 -3.4e+38 -3.4e+38 -3.4e+38 -3.4e+38 -3.4e+38 -3.4e+38 -3.4e+38 -3.4e+38 -3.4e+38 -3.4e+38 -3.4e+38 -3.4e+38 -3.4e+38 51.5351600646973 51.6195335388184 51.5767440795898 51.5115203857422 51.4805068969727 51.6244583129883 51.5575790405273 51.5597724914551 51.619010925293 51.4731140136719 51.4949264526367 51.5647621154785 51.8005142211914 51.9763298034668 52.3277473449707 52.2944107055664 52.2612495422363 52.3467636108398 52.6290016174316 52.9353103637695 52.9415397644043 53.1515464782715 53.4809226989746 53.8261184692383 53.9750823974609 54.3360977172852 54.5289344787598 54.8341941833496 55.502571105957 56.057502746582 55.7770080566406 56.5740051269531 58.224437713623 58.1855239868164
-3.4e+38 -3.4e+38 -3.4e+38 -3.4e+38 -3.4e+38 -3.4e+38 -3.4e+38 -3.4e+38 -3.4e+38 -3.4e+38 -3.4e+38 -3.4e+38 -3.4e+38 -3.4e+38 -3.4e+38 -3.4e+38 51.3522567749023 51.2439765930176 51.3582458496094 51.166088104248 51.1221656799316 51.1262359619141 51.1194953918457 51.1989555358887 51.1016464233398 51.1217460632324 51.2514991760254 51.4103736877441 51.630542755127 51.9310836791992 52.0220108032227 51.9769706726074 51.9255599975586 52.0609169006348 52.4542121887207 52.5625076293945 52.8990249633789 53.2696304321289 53.3553619384766 53.3511428833008 53.5503120422363 53.8279685974121 54.0816535949707 54.3323593139648 55.0376358032227 55.3771667480469 55.6771659851074 57.3515892028809 58.3313407897949
-3.4e+38 -3.4e+38 -3.4e+38 -3.4e+38 -3.4e+38 -3.4e+38 -3.4e+38 -3.4e+38 -3.4e+38 -3.4e+38 -3.4e+38 -3.4e+38 -3.4e+38 -3.4e+38 -3.4e+38 -3.4e+38 -3.4e+38 -3.4e+38 51.026912689209 50.9614219665527 50.8710899353027 50.7703552246094 50.6964645385742 50.7174987792969 50.7341995239258 50.7467384338379 50.9373512268066 51.0502891540527 51.1444091796875 51.4398193359375 51.4312286376953 51.5577926635742 51.6430587768555 51.8651161193848 52.0538902282715 52.197452545166 52.5042610168457 52.8697357177734 52.9031372070312 52.9376831054688 53.2112998962402 53.4173622131348 53.4857711791992 54.1891098022461 55.0245018005371 55.353588104248 55.0883941650391 55.4870796203613 56.3320465087891
-3.4e+38 -3.4e+38 -3.4e+38 -3.4e+38 -3.4e+38 -3.4e+38 -3.4e+38 -3.4e+38 -3.4e+38 -3.4e+38 -3.4e+38 -3.4e+38 -3.4e+38 -3.4e+38 -3.4e+38 -3.4e+38 -3.4e+38 -3.4e+38 50.5340690612793 50.5893707275391 50.6249504089355 50.541202545166 50.4901466369629 50.4133529663086 50.3911972045898 50.3892364501953 50.4408569335938 50.4624710083008 50.5974617004395 51.075511932373 51.0757293701172 51.1683578491211 51.2122535705566 51.5910148620605 51.8952445983887 52.0457725524902 52.1903953552246 52.3212509155273 52.4355506896973 52.4444236755371 52.7421035766602 53.0512351989746 53.059139251709 54.1559829711914 55.2650489807129 54.9242172241211 54.4955863952637 54.7072830200195 54.8008499145508
-3.4e+38 -3.4e+38 -3.4e+38 -3.4e+38 -3.4e+38 -3.4e+38 -3.4e+38 -3.4e+38 -3.4e+38 -3.4e+38 -3.4e+38 -3.4e+38 -3.4e+38 -3.4e+38 -3.4e+38 -3.4e+38 -3.4e+38 -3.4e+38 -3.4e+38 50.2936477661133 50.2178955078125 50.1536178588867 50.1243591308594 50.0620498657227 50.023380279541 50.0094184875488 50.0016326904297 50.0208396911621 50.1431922912598 50.5515060424805 50.7508430480957 50.9328880310059 51.0675582885742 51.1317596435547 51.5522766113281 51.9756164550781 52.1534576416016 52.2434883117676 52.134220123291 52.416934967041 52.7921180725098 53.0384216308594 52.7897987365723 53.2568626403809 54.0157661437988 53.7668800354004 53.7228889465332 53.9992485046387 54.2072105407715
-3.4e+38 -3.4e+38 -3.4e+38 -3.4e+38 -3.4e+38 -3.4e+38 -3.4e+38 -3.4e+38 -3.4e+38 -3.4e+38 -3.4e+38 -3.4e+38 -3.4e+38 -3.4e+38 -3.4e+38 -3.4e+38 -3.4e+38 -3.4e+38 -3.4e+38 -3.4e+38 49.9396209716797 49.8785705566406 49.7426414489746 49.7287902832031 49.7153511047363 49.7468719482422 49.7889022827148 49.7820281982422 49.7654571533203 49.9831390380859 50.1335525512695 50.4009819030762 50.8933982849121 50.9958190917969 51.2586860656738 51.6555938720703 51.6811561584473 51.9116096496582 52.3487777709961 52.9132080078125 52.738166809082 52.8902626037598 52.6730079650879 52.6102142333984 52.8278961181641 53.1314163208008 53.5015907287598 53.7784805297852 54.1249923706055
-3.4e+38 -3.4e+38 -3.4e+38 -3.4e+38 -3.4e+38 -3.4e+38 -3.4e+38 -3.4e+38 -3.4e+38 -3.4e+38 -3.4e+38 -3.4e+38 -3.4e+38 -3.4e+38 -3.4e+38 -3.4e+38 -3.4e+38 -3.4e+38 -3.4e+38 -3.4e+38 -3.4e+38 49.5870323181152 49.4566459655762 49.3971672058105 49.3377685546875 49.4677124023438 49.6340446472168 49.6140518188477 49.4522018432617 49.6118049621582 49.7039337158203 49.9071960449219 50.2966041564941 50.6772651672363 50.8996734619141 51.1627349853516 51.2140350341797 51.4292602539062 52.0575256347656 52.6087608337402 52.6095886230469 52.6788597106934 52.5882759094238 52.5438842773438 52.5750274658203 52.9554901123047 53.6109352111816 53.9331474304199 54.7589988708496
-3.4e+38 -3.4e+38 -3.4e+38 -3.4e+38 -3.4e+38 -3.4e+38 -3.4e+38 -3.4e+38 -3.4e+38 -3.4e+38 -3.4e+38 -3.4e+38 -3.4e+38 -3.4e+38 -3.4e+38 -3.4e+38 -3.4e+38 -3.4e+38 -3.4e+38 -3.4e+38 -3.4e+38 -3.4e+38 49.1231956481934 49.0732116699219 49.0080184936523 49.0801429748535 49.2820320129395 49.2404708862305 49.1603660583496 49.3428688049316 49.3960990905762 49.5378036499023 49.7803535461426 50.0926666259766 50.3494567871094 50.6213836669922 50.8419151306152 51.0559349060059 51.3411712646484 51.9749221801758 52.6754379272461 53.0629386901855 52.9750900268555 52.6425704956055 52.355281829834 52.5191192626953 53.3817024230957 53.6506309509277 54.5756034851074
-3.4e+38 -3.4e+38 -3.4e+38 -3.4e+38 -3.4e+38 -3.4e+38 -3.4e+38 -3.4e+38 -3.4e+38 -3.4e+38 -3.4e+38 -3.4e+38 -3.4e+38 -3.4e+38 -3.4e+38 -3.4e+38 -3.4e+38 -3.4e+38 -3.4e+38 -3.4e+38 -3.4e+38 -3.4e+38 -3.4e+38 48.900203704834 48.8288536071777 48.8161354064941 48.7853813171387 48.721305847168 48.7895317077637 48.9986534118652 49.0114974975586 49.1324844360352 49.4232940673828 49.720573425293 49.9473304748535 50.1974105834961 50.8161430358887 50.9676399230957 51.3216438293457 52.2614135742188 52.7845497131348 53.151969909668 53.3824996948242 52.7462921142578 52.2069511413574 52.3088760375977 52.8044357299805 52.8700523376465 53.4841537475586
