rcp8.5models/CNRM-CM5/sc1gr9.37
NCOLS 261 
NROWS 433 
XLLCORNER 336357.134 
YLLCORNER 654653.479 
CELLSIZE 1000 
NODATA_value -3.4e+38 
[rows 352 to 373 of 433, columns 98 to 146 of 261]
1620.13354492188 1609.25427246094 1528.64147949219 1544.97570800781 1696.79016113281 1765.32067871094 1726.02600097656 1721.54235839844 1706.87561035156 1620.51342773438 1600.40563964844 1641.70202636719 1640.74487304688 1627.74975585938 1646.9375 1679.83544921875 1766.39916992188 1741.43005371094 1671.53979492188 1684.34631347656 1610.39135742188 -3.4e+38 1475.52136230469 1368.15783691406 1330.94665527344 1285.73400878906 1286.06823730469 1334.23889160156 1375.84985351562 1394.26794433594 1378.12780761719 1345.69995117188 1326.46472167969 1307.69934082031 1293.29711914062 1275.90734863281 1257.23388671875 1223.02087402344 1207.96533203125 1191.08532714844 1171.63244628906 1154.84851074219 1136.14990234375 -3.4e+38 -3.4e+38 1091.76293945312 1069.98083496094 1056.05529785156 1001.3330078125
1665.90161132812 1703.86083984375 1611.95288085938 1518.95544433594 1612.32397460938 1706.06335449219 1769.50598144531 1813.97570800781 1768.2919921875 1677.185546875 1637.10791015625 1605.82958984375 1604.51696777344 1608.69836425781 1607.38598632812 1633.09790039062 1691.53430175781 1722.02416992188 1699.99975585938 1692.05419921875 1653.28796386719 1633.51159667969 1601.96850585938 1520.11047363281 1453.57006835938 1374.39965820312 1373.119140625 1377.36010742188 1380.84155273438 1388.5771484375 1395.2900390625 1354.67626953125 1324.15673828125 1308.71594238281 1286.16564941406 1270.119140625 1253.53686523438 1219.64587402344 1203.74072265625 1185.96508789062 1168.78625488281 1152.33312988281 -3.4e+38 -3.4e+38 -3.4e+38 1088.97619628906 1072.93176269531 1060.4189453125 1007.49359130859
1619.02941894531 1707.03479003906 1734.90991210938 1610.83679199219 1560.09033203125 1564.49279785156 1722.01879882812 1901.23229980469 1904.84448242188 1768.11889648438 1688.49365234375 1648.97436523438 1609.25671386719 1584.494140625 1566.47668457031 1581.17724609375 1609.52990722656 1657.73486328125 1698.29260253906 1669.35168457031 1606.228515625 1556.76684570312 1566.67797851562 1593.1669921875 1561.04907226562 1504.90454101562 1497.63415527344 1487.64855957031 1458.0107421875 1438.24938964844 1430.22290039062 1379.92578125 1344.4873046875 1319.20715332031 1281.48266601562 1263.68774414062 1249.40063476562 1223.91772460938 1204.06494140625 1187.25341796875 1169.78515625 1149.80834960938 -3.4e+38 1116.00085449219 1102.67321777344 1092.86291503906 1082.37390136719 1061.75866699219 999.676452636719
1557.85986328125 1611.11181640625 1726.201171875 1716.83618164062 1597.80773925781 1518.76818847656 1628.03942871094 1786.11645507812 1857.49755859375 1802.50793457031 1781.14587402344 1802.81555175781 1742.94653320312 1633.3759765625 1557.822265625 1547.13806152344 1547.02124023438 1581.16149902344 1638.38061523438 1629.44665527344 1554.1630859375 1511.21765136719 1518.22314453125 1545.97302246094 1543.03515625 1538.37829589844 1504.35083007812 1503.78198242188 1471.49169921875 1437.11853027344 1418.6318359375 1379.90393066406 1351.98474121094 1315.39526367188 1281.50671386719 1262.84838867188 1247.45666503906 1221.08813476562 1201.54382324219 1188.29235839844 1171.17980957031 1152.52917480469 1134.76257324219 1118.58020019531 1109.81787109375 1099.62707519531 1085.60046386719 1062.1171875 996.686706542969
1546.62768554688 1566.45031738281 1657.31091308594 1728.16723632812 1654.2509765625 1580.67456054688 1571.24816894531 1605.111328125 1693.025390625 1739.45544433594 1793.68798828125 1802.74609375 1784.10559082031 1730.53076171875 1582.42858886719 1549.71166992188 1526.43908691406 1539.10791015625 1562.96826171875 1553.58947753906 1517.05749511719 1498.58081054688 1496.25012207031 1491.52258300781 1472.70153808594 1472.85302734375 1485.51867675781 1472.23986816406 1436.8154296875 1403.65380859375 1367.67309570312 1331.08190917969 1327.74462890625 1312.90551757812 1287.03137207031 1265.00402832031 1249.08605957031 1215.70837402344 1197.57946777344 1182.82263183594 1165.18469238281 1150.60559082031 1136.64318847656 1124.48547363281 1111.82678222656 1092.24291992188 1072.61938476562 1051.37243652344 1001.24713134766
1567.8232421875 1564.90454101562 1616.63391113281 1679.09008789062 1683.23669433594 1644.04345703125 1631.0341796875 1574.60668945312 1555.07897949219 1631.35961914062 1710.77661132812 1708.17785644531 1721.50524902344 1734.71313476562 1621.728515625 1568.90319824219 1552.76196289062 1551.14233398438 1542.625 1528.65576171875 1507.71215820312 1493.45324707031 1476.23693847656 1462.11010742188 1449.107421875 1440.70715332031 1475.79235839844 1466.3525390625 1442.34069824219 1408.38452148438 1355.15966796875 1313.78576660156 1302.98889160156 1306.70727539062 1297.66137695312 1271.61608886719 1250.49340820312 1221.68127441406 1197.00744628906 1178.17199707031 1160.92822265625 1144.70910644531 1129.99291992188 1117.26123046875 1101.46569824219 1079.47766113281 1057.06604003906 1037.72717285156 1007.07574462891
1677.91760253906 1628.44421386719 1620.47033691406 1618.49096679688 1639.9716796875 1638.74047851562 1633.236328125 1569.14086914062 1517.25378417969 1572.50549316406 1627.50122070312 1663.37609863281 1698.83093261719 1679.23693847656 1627.07299804688 1581.59680175781 1561.28686523438 1553.46948242188 1548.93408203125 1546.994140625 1537.86328125 1505.77404785156 1462.7880859375 1460.41650390625 1463.88745117188 1462.81762695312 1498.91674804688 1482.43530273438 1460.26879882812 1416.50708007812 1365.8671875 1341.54724121094 1322.09350585938 1308.21789550781 1296.89379882812 1270.94006347656 1253.56091308594 1224.05908203125 1196.28332519531 1177.19677734375 1160.21301269531 1141.6044921875 1122.19555664062 1106.51123046875 1089.6474609375 1070.37451171875 1050.41149902344 1030.29663085938 1003.15356445312
1745.42712402344 1716.66162109375 1678.10876464844 1584.64099121094 1580.38793945312 1597.85534667969 1586.58630371094 1598.65454101562 1595.32214355469 1579.21826171875 1538.37780761719 1567.75500488281 1657.958984375 1659.70104980469 1617.12219238281 1582.08447265625 1564.32043457031 1547.42260742188 1548.71508789062 1570.34252929688 1559.26196289062 1506.87512207031 1464.24035644531 1467.27172851562 1474.91137695312 1494.35180664062 1508.80419921875 1489.66564941406 1455.78698730469 1413.4130859375 1368.42102050781 1355.50244140625 1349.04296875 1321.16821289062 1295.39721679688 1272.43981933594 1254.4443359375 1217.08312988281 1193.31762695312 1175.64038085938 1118.33508300781 1065.57141113281 1082.88659667969 1035.32507324219 1012.95269775391 1014.30560302734 948.878356933594 927.137145996094 899.861877441406
1783.13659667969 1718.94201660156 1708.83764648438 1716.31787109375 1669.63732910156 1626.36779785156 1562.22497558594 1591.14477539062 1648.96594238281 1625.79321289062 1612.30895996094 1607.16772460938 1598.51721191406 1567.67822265625 1571.564453125 1562.33874511719 1555.326171875 1527.63195800781 1504.974609375 1488.13598632812 1478.98107910156 1470.40856933594 1497.74682617188 1524.47204589844 1503.1015625 1472.54174804688 1468.08984375 1464.12121582031 1450.62719726562 1432.10046386719 1380.29968261719 1354.68176269531 1345.92370605469 1317.912109375 1287.33374023438 1256.38000488281 1228.51989746094 1202.3828125 1192.22033691406 1133.08142089844 1053.57006835938 986.003723144531 1030.74792480469 1008.60736083984 938.407470703125 834.58251953125 811.706176757812 793.089660644531 762.880798339844
1796.72827148438 1752.9970703125 1704.97180175781 1746.35510253906 1748.73742675781 1719.55249023438 1641.70532226562 1605.69897460938 1610.61303710938 1624.40612792969 1651.31396484375 1662.46838378906 1667.96142578125 1635.81286621094 1629.28137207031 1619.49255371094 1624.56164550781 1595.22509765625 1538.35522460938 1509.48376464844 1504.25317382812 1493.56811523438 1500.89819335938 1516.74328613281 1530.96411132812 1519.30737304688 1487.75061035156 1478.82336425781 1444.20288085938 1401.41235351562 1389.70739746094 1329.61682128906 1316.72216796875 1366.06848144531 1313.46850585938 1263.10534667969 1247.68432617188 1188.20935058594 1178.04113769531 1136.64514160156 1018.86456298828 997.156372070312 1036.01000976562 1017.67547607422 950.609130859375 838.389953613281 810.35107421875 788.031799316406 751.89111328125
1809.681640625 1799.49658203125 1775.21496582031 1736.67626953125 1754.07934570312 1781.76586914062 1752.76928710938 1705.85583496094 1672.18627929688 1676.71533203125 1702.74499511719 1720.48474121094 1717.16369628906 1703.37121582031 1691.93298339844 1709.22900390625 1723.26306152344 1676.84094238281 1575.00720214844 1531.24426269531 1528.79113769531 1520.53076171875 1519.29272460938 1523.68298339844 1527.00805664062 1517.779296875 1509.51550292969 1488.849609375 1454.26318359375 1393.96484375 1361.65441894531 1280.86364746094 1285.2861328125 1355.49230957031 1280.88391113281 1243.57653808594 1233.34765625 1198.15734863281 1169.57934570312 1114.99340820312 1025.28833007812 953.356628417969 911.090515136719 904.2333984375 888.106567382812 835.68408203125 810.366760253906 789.132934570312 747.561584472656
1821.32299804688 1806.89733886719 1855.98962402344 1760.89038085938 1748.20593261719 1828.67346191406 1820.00439453125 1752.99353027344 1746.95031738281 1716.19079589844 1696.13452148438 1714.4677734375 1722.91491699219 1711.24169921875 1683.35693359375 1724.78491210938 1767.10559082031 1708.8662109375 1600.830078125 1547.72814941406 1528.44287109375 1532.16125488281 1530.64233398438 1541.72912597656 1535.72973632812 1506.90625 1498.2255859375 1493.11730957031 1451.71252441406 1389.66137695312 1315.13977050781 1261.09753417969 1290.49450683594 1305.7001953125 1263.71264648438 1233.33801269531 1227.30224609375 1190.6298828125 1136.95031738281 1077.62463378906 1014.81359863281 944.284118652344 909.238403320312 955.040771484375 961.593872070312 823.993347167969 801.527648925781 784.378967285156 741.354187011719
1813.74658203125 1811.84887695312 1852.93286132812 1784.89892578125 1754.53161621094 1777.5625 1794.79089355469 1762.17224121094 1756.67822265625 1741.82946777344 1712.89514160156 1687.73498535156 1678.98474121094 1670.49304199219 1700.44970703125 1739.95812988281 1725.09814453125 1684.0166015625 1621.99890136719 1574.67407226562 1534.1962890625 1522.34265136719 1521.3505859375 1546.89135742188 1563.37622070312 1539.06005859375 1500.08996582031 1482.43371582031 1437.20166015625 1389.05078125 1328.96728515625 1291.54211425781 1296.07202148438 1259.40625 1234.89953613281 1239.28747558594 1221.20397949219 1196.41381835938 1102.59411621094 1048.58935546875 1057.83557128906 940.544311523438 905.117431640625 935.210693359375 932.464599609375 815.290832519531 789.685668945312 770.479736328125 731.184265136719
1808.09912109375 1808.40771484375 1806.81970214844 1790.28967285156 1766.79895019531 1717.271484375 1708.94750976562 1743.86572265625 1753.30627441406 1765.43591308594 1805.41418457031 1762.56665039062 1686.26611328125 1659.06518554688 1670.69213867188 1688.90869140625 1666.53857421875 1658.33471679688 1635.47668457031 1596.73828125 1545.18127441406 1521.29528808594 1530.04846191406 1538.35888671875 1550.81774902344 1547.85339355469 1498.57019042969 1461.7470703125 1432.453125 1396.53625488281 1345.68798828125 1307.98486328125 1300.07739257812 1202.53662109375 1158.23791503906 1238.03271484375 1235.53674316406 1150.43542480469 1050.99169921875 991.027770996094 1014.31622314453 933.489501953125 888.879028320312 864.478210449219 831.339538574219 805.315002441406 777.392944335938 756.833190917969 719.984680175781
1808.533203125 1809.18798828125 1798.49633789062 1792.95361328125 1785.29296875 1744.63879394531 1693.63244628906 1701.55065917969 1728.78405761719 1756.90600585938 1808.36376953125 1826.62072753906 1773.79052734375 1707.36694335938 1632.2314453125 1627.34704589844 1642.34912109375 1647.35473632812 1645.42797851562 1612.90783691406 1552.20788574219 1529.13000488281 1535.89245605469 1526.70617675781 1522.95727539062 1523.4189453125 1490.65161132812 1473.43957519531 1423.55419921875 1356.15405273438 1307.33422851562 1301.03137207031 1321.58911132812 1207.22607421875 1146.91674804688 1229.79650878906 1238.15234375 1067.9912109375 990.857177734375 927.48388671875 912.727416992188 949.19091796875 944.209350585938 896.494018554688 902.306640625 848.764892578125 851.103454589844 746.745849609375 712.395141601562
1806.32861328125 1805.49291992188 1798.12878417969 1781.89294433594 1778.38195800781 1767.53344726562 1741.53833007812 1733.09936523438 1737.70104980469 1740.82836914062 1739.0830078125 1763.25244140625 1768.337890625 1737.99377441406 1647.14477539062 1621.90734863281 1618.31225585938 1646.79296875 1668.08740234375 1629.08898925781 1578.12121582031 1554.77319335938 1541.28857421875 1513.42590332031 1497.20336914062 1489.16979980469 1484.72009277344 1471.90283203125 1424.05920410156 1368.9345703125 1337.09436035156 1340.357421875 1332.99890136719 1263.49548339844 1215.10107421875 1225.77612304688 1169.44470214844 1058.61584472656 952.868957519531 916.066345214844 891.663452148438 969.653991699219 1053.30993652344 959.625915527344 888.6787109375 836.373962402344 843.218505859375 736.412109375 710.037109375
1811.8603515625 1796.72619628906 1794.68383789062 1778.84484863281 1781.90197753906 1776.03649902344 1728.72509765625 1714.34301757812 1739.36218261719 1760.06872558594 1749.31591796875 1730.6142578125 1731.84216308594 1739.15759277344 1678.05932617188 1643.53515625 1624.15356445312 1637.13647460938 1654.00317382812 1638.42663574219 1615.55603027344 1606.59973144531 1583.232421875 1546.08410644531 1507.46057128906 1474.92016601562 1444.77978515625 1410.99450683594 1396.45336914062 1413.0849609375 1365.02661132812 1334.58032226562 1297.345703125 1269.25122070312 1283.23193359375 1188.37756347656 1065.65563964844 1013.26989746094 925.909118652344 903.255126953125 880.229797363281 907.208862304688 962.101806640625 894.330871582031 792.998352050781 769.286743164062 748.160034179688 727.682006835938 708.25244140625
1810.74926757812 1803.57153320312 1815.94226074219 1833.60705566406 1794.58654785156 1790.07641601562 1686.89367675781 1598.20788574219 1602.01904296875 1643.94665527344 1643.05798339844 1628.51489257812 1688.59020996094 1736.92687988281 1738.95153808594 1727.71484375 1704.9599609375 1662.09265136719 1630.93762207031 1630.49084472656 1618.69030761719 1618.64782714844 1609.14392089844 1578.52075195312 1535.52136230469 1504.23889160156 1421.97106933594 1383.2216796875 1348.20971679688 1362.66638183594 1356.10498046875 1325.04370117188 1260.00830078125 1191.83947753906 1239.40002441406 1198.67712402344 1131.35900878906 956.18212890625 970.699768066406 966.20556640625 920.969360351562 924.214782714844 824.414428710938 802.620056152344 783.988037109375 763.138671875 -3.4e+38 720.970825195312 706.694396972656
1805.98742675781 1789.50305175781 1804.06762695312 1891.07861328125 1829.64392089844 1794.32641601562 1739.89831542969 1647.39025878906 1552.97607421875 1514.50720214844 1511.00219726562 1497.57421875 1541.9287109375 1575.02233886719 1686.34130859375 1724.72521972656 1730.00451660156 1705.64685058594 1673.7998046875 1656.15881347656 1636.15441894531 1611.56628417969 1594.68310546875 1577.48217773438 1549.00573730469 1523.9609375 1433.54455566406 1396.435546875 1351.85534667969 1322.01184082031 1320.20593261719 1304.47253417969 1236.70458984375 1230.99755859375 1250.18420410156 1221.25207519531 1156.84497070312 1010.44079589844 1039.03955078125 1012.76965332031 1036.21728515625 990.574401855469 817.022644042969 793.912536621094 774.651672363281 756.240966796875 -3.4e+38 714.244262695312 699.949829101562
1807.53100585938 1797.74926757812 1785.46337890625 1738.11437988281 1737.13366699219 1845.86096191406 1822.43725585938 1819.45471191406 1834.728515625 1808.5400390625 1793.78674316406 1773.35803222656 1746.27368164062 1659.13586425781 1476.25769042969 1394.60668945312 1411.50793457031 1479.14221191406 1532.30407714844 1547.59753417969 1587.26025390625 1639.51025390625 1622.81323242188 1603.66137695312 1581.23364257812 1538.43725585938 1485.46740722656 1426.10974121094 1415.94177246094 1434.43859863281 1359.20153808594 1249.83984375 1240.24572753906 1234.56823730469 1165.31213378906 1181.25659179688 1174.37451171875 1041.34191894531 1093.98303222656 1077.74255371094 1054.3828125 907.358825683594 806.405517578125 788.423095703125 818.816284179688 824.2421875 722.5556640625 -3.4e+38 681.263793945312
1809.24462890625 1800.58435058594 1788.39624023438 1761.79821777344 1789.94067382812 1863.9716796875 1828.2685546875 1824.669921875 1825.48254394531 1771.48876953125 1764.64489746094 1755.48364257812 1792.84558105469 1792.736328125 1662.99072265625 1512.20922851562 1429.857421875 1405.43286132812 1404.24487304688 1408.56713867188 1486.04602050781 1601.56982421875 1597.12609863281 1559.08020019531 1548.07165527344 1535.79760742188 1457.03002929688 1451.69030761719 1449.61877441406 1440.3564453125 1402.38940429688 1340.29675292969 1293.11071777344 1230.43859863281 1160.52978515625 1133.55310058594 1090.6904296875 1037.32568359375 1058.97326660156 1065.13891601562 1006.81811523438 825.839172363281 802.537231445312 834.481567382812 890.228576660156 819.0693359375 -3.4e+38 -3.4e+38 -3.4e+38
1806.88818359375 1804.85656738281 1786.72302246094 1786.98950195312 1812.02587890625 1839.24279785156 1814.79931640625 1780.96850585938 1783.79895019531 1776.24389648438 1760.09204101562 1753.07971191406 1774.62768554688 1791.56005859375 1728.06042480469 1637.490234375 1543.8681640625 1474.11291503906 1407.93139648438 1385.37341308594 1408.16723632812 1432.57189941406 1426.96044921875 1395.5869140625 1410.85571289062 1424.14904785156 1346.2177734375 1371.90075683594 1368.64404296875 1377.16650390625 1402.87512207031 1389.02563476562 1349.97778320312 1308.14636230469 1240.20715332031 1133.72546386719 1021.5947265625 1090.90844726562 1142.65734863281 1087.19299316406 958.243957519531 822.5244140625 795.391174316406 824.777893066406 828.684509277344 729.33935546875 714.41259765625 -3.4e+38 -3.4e+38
