rcp8.5models/CNRM-CM5/sc1gr5.10
NCOLS 261 
NROWS 433 
XLLCORNER 336357.134 
YLLCORNER 654653.479 
CELLSIZE 1000 
NODATA_value -3.4e+38 
[rows 176 to 197 of 433, columns 98 to 146 of 261]
287.247589111328 287.4482421875 287.246490478516 287.209503173828 286.851806640625 286.677124023438 286.635437011719 -3.4e+38 -3.4e+38 -3.4e+38 286.857330322266 286.935577392578 287.074676513672 286.844146728516 286.660919189453 286.718719482422 286.632965087891 286.431945800781 286.216552734375 286.167449951172 286.477661132812 286.398712158203 286.217468261719 286.225708007812 285.937438964844 285.688354492188 285.592346191406 285.393157958984 285.205932617188 284.908905029297 284.851837158203 285.365386962891 285.661254882812 285.940338134766 286.319152832031 286.743560791016 286.871154785156 285.901824951172 285.785278320312 285.422149658203 284.986694335938 285.206634521484 284.826019287109 284.912017822266 285.140075683594 285.245422363281 285.484527587891 285.742858886719 286.072204589844
286.853393554688 287.13427734375 287.1552734375 286.744415283203 286.603454589844 286.283996582031 286.646820068359 286.7041015625 286.703399658203 286.570129394531 286.419891357422 286.511016845703 286.693359375 286.506011962891 286.494110107422 286.564331054688 286.741333007812 286.516510009766 286.559112548828 -3.4e+38 286.456848144531 286.276031494141 286.065368652344 286.248992919922 285.902465820312 285.370056152344 285.295440673828 285.214874267578 285.007385253906 284.898468017578 284.699493408203 285.059112548828 285.514282226562 285.725494384766 286.023529052734 286.560668945312 286.597412109375 285.885009765625 285.580932617188 285.050903320312 284.874847412109 284.739562988281 284.321166992188 284.775329589844 285.669097900391 285.646911621094 285.777038574219 285.783966064453 286.327850341797
286.458679199219 286.747650146484 -3.4e+38 -3.4e+38 286.520080566406 286.205352783203 286.455963134766 286.559631347656 286.47265625 286.609069824219 286.550109863281 286.296905517578 286.400512695312 286.239074707031 286.437469482422 286.293731689453 286.435577392578 286.468627929688 286.640777587891 286.534698486328 286.244995117188 285.801727294922 285.733154296875 285.963775634766 286.159545898438 285.633575439453 285.2998046875 285.237243652344 285.077117919922 284.949096679688 284.622711181641 284.828125 285.378112792969 285.4814453125 285.797332763672 -3.4e+38 286.052459716797 285.703369140625 285.345947265625 284.625610351562 284.146575927734 283.441375732422 283.110595703125 284.732879638672 285.513458251953 285.820159912109 285.804138183594 285.873657226562 286.461151123047
286.132202148438 286.43310546875 286.600402832031 -3.4e+38 286.640411376953 286.359710693359 286.241363525391 -3.4e+38 286.090484619141 286.516418457031 286.643035888672 286.280212402344 286.280883789062 286.235443115234 286.423400878906 286.097869873047 286.000610351562 286.370727539062 286.471954345703 286.406066894531 286.159271240234 285.836853027344 285.459259033203 285.509582519531 285.798950195312 -3.4e+38 285.372467041016 285.275299072266 -3.4e+38 284.650939941406 284.439239501953 284.572113037109 285.020324707031 285.328002929688 -3.4e+38 -3.4e+38 -3.4e+38 285.452178955078 284.982391357422 284.613983154297 283.850677490234 282.81884765625 283.201995849609 284.923522949219 285.458953857422 285.950805664062 286.241546630859 286.207824707031 286.052398681641
286.009246826172 286.324249267578 286.602111816406 286.539184570312 286.351684570312 286.317840576172 286.138244628906 285.862243652344 285.872955322266 286.452423095703 286.612945556641 286.193878173828 285.872833251953 286.186004638672 286.234191894531 285.980072021484 285.910552978516 285.888610839844 286.238800048828 286.114868164062 285.773315429688 285.657470703125 285.323150634766 285.123168945312 285.181549072266 285.3857421875 285.386627197266 285.379669189453 -3.4e+38 284.649841308594 284.552886962891 284.471038818359 284.601837158203 285.090179443359 285.446746826172 -3.4e+38 285.826324462891 285.319671630859 284.974426269531 284.7265625 284.251800537109 283.466735839844 283.990447998047 285.109252929688 285.880126953125 286.429656982422 286.688201904297 286.562561035156 285.630462646484
285.995025634766 285.894683837891 286.153015136719 286.521148681641 286.144622802734 285.747222900391 285.648406982422 285.492614746094 285.778869628906 286.165832519531 286.467163085938 285.774566650391 285.818237304688 285.816497802734 286.097808837891 285.846984863281 285.734893798828 285.633575439453 286.172119140625 285.96484375 285.410278320312 285.373291015625 285.218353271484 285.057037353516 284.836822509766 285.076538085938 285.065216064453 284.989898681641 285.235809326172 285.220703125 284.822174072266 284.564849853516 284.453033447266 284.830932617188 285.401031494141 -3.4e+38 285.721832275391 285.415191650391 285.135131835938 284.730682373047 284.556274414062 284.23095703125 284.231842041016 285.419342041016 286.006500244141 286.741027832031 286.675109863281 286.48828125 285.763824462891
285.684906005859 285.453765869141 286.003021240234 286.502685546875 286.106231689453 285.750335693359 285.470855712891 285.421142578125 285.687927246094 286.013427734375 286.341247558594 285.610565185547 285.738037109375 285.586944580078 285.847839355469 285.810729980469 285.593475341797 285.549591064453 286.201751708984 286.044525146484 285.451171875 285.435607910156 285.241790771484 285.047760009766 284.645446777344 284.596466064453 284.545379638672 284.446929931641 284.788757324219 285.157775878906 284.757965087891 284.402221679688 284.307434082031 284.417846679688 284.751159667969 285.390502929688 285.619720458984 285.206787109375 285.008026123047 284.734680175781 284.686584472656 284.672271728516 284.649291992188 285.637451171875 285.995849609375 286.686279296875 286.668823242188 286.321380615234 285.576507568359
285.300445556641 285.131652832031 285.534790039062 286.198394775391 286.075317382812 285.75634765625 285.510589599609 285.274536132812 285.4814453125 285.879150390625 286.039520263672 285.587982177734 285.349395751953 285.448822021484 285.540435791016 285.699249267578 285.35986328125 285.111968994141 285.823608398438 285.953460693359 285.270690917969 285.011138916016 285.306671142578 285.074768066406 284.569946289062 284.345611572266 283.927917480469 284.182006835938 284.396697998047 284.583099365234 284.4931640625 284.326690673828 284.185943603516 284.239349365234 284.431945800781 285.340759277344 285.421936035156 284.773010253906 284.694885253906 284.515716552734 284.740875244141 285.223693847656 285.302703857422 285.663970947266 286.057830810547 286.725158691406 286.724975585938 286.330413818359 285.771331787109
285.635955810547 285.531372070312 285.521942138672 285.871002197266 285.846282958984 285.456268310547 285.156799316406 284.723876953125 285.007202148438 285.761047363281 285.812530517578 285.439910888672 285.116271972656 285.297149658203 285.366424560547 285.538238525391 285.094360351562 284.814270019531 285.377075195312 285.506713867188 285.229797363281 285.100189208984 285.269256591797 -3.4e+38 284.749664306641 -3.4e+38 283.076843261719 283.878814697266 284.318572998047 284.316009521484 284.334320068359 284.262298583984 284.056701660156 284.467559814453 284.963562011719 285.208923339844 285.233978271484 284.629028320312 284.501403808594 284.248657226562 284.573699951172 285.288024902344 285.748809814453 285.806579589844 286.378295898438 286.717224121094 286.72900390625 286.525238037109 286.679077148438
286.169372558594 -3.4e+38 -3.4e+38 285.416442871094 285.342315673828 285.263946533203 284.933929443359 284.659851074219 284.895874023438 285.414672851562 285.380065917969 284.848449707031 284.801422119141 284.890625 285.016723632812 285.266723632812 -3.4e+38 284.616485595703 285.035980224609 285.454254150391 285.25634765625 285.162231445312 284.827301025391 284.494079589844 284.284332275391 283.983673095703 283.193328857422 283.419647216797 283.406402587891 283.5439453125 283.798126220703 283.790130615234 283.739959716797 284.325347900391 284.441192626953 284.30810546875 284.610382080078 284.253997802734 283.959106445312 283.683624267578 284.147735595703 284.771881103516 285.590698242188 285.991729736328 286.646759033203 286.798675537109 287.232635498047 287.694458007812 287.691741943359
286.694702148438 286.65966796875 286.293548583984 285.622497558594 285.570465087891 285.475372314453 285.11865234375 284.888702392578 284.98974609375 285.187377929688 285.229187011719 284.857421875 284.636962890625 284.396942138672 284.595611572266 284.909729003906 284.826232910156 284.211059570312 283.676361083984 285.072845458984 285.188323974609 284.998046875 284.551574707031 284.581024169922 284.343170166016 284.232788085938 282.928741455078 282.359710693359 282.818634033203 282.886138916016 283.430938720703 283.50537109375 283.594085693359 284.092010498047 283.983917236328 283.669342041016 284.430328369141 284.2197265625 283.950500488281 283.439361572266 284.005889892578 284.750915527344 285.611419677734 286.137939453125 286.243835449219 286.699920654297 286.930023193359 287.270172119141 287.62060546875
286.946655273438 286.776245117188 286.193115234375 286.171142578125 286.067779541016 285.696319580078 285.33251953125 284.991516113281 285.148620605469 285.132110595703 284.943817138672 284.765625 284.524566650391 284.271148681641 284.448760986328 284.699249267578 284.697509765625 284.084838867188 283.410003662109 284.723327636719 285.04443359375 284.848510742188 284.320159912109 284.322418212891 284.373016357422 284.140380859375 281.325134277344 277.411346435547 280.667266845703 282.484893798828 283.368469238281 283.257507324219 283.412048339844 283.65380859375 283.809356689453 283.342254638672 284.292388916016 283.898498535156 283.572082519531 283.173675537109 283.667053222656 284.892242431641 285.643157958984 285.893798828125 285.823852539062 286.341888427734 286.553436279297 286.92919921875 287.336791992188
286.797058105469 286.50341796875 286.122283935547 286.484466552734 286.29931640625 285.971282958984 285.340576171875 285.198364257812 285.345550537109 285.243835449219 285.057678222656 284.774078369141 284.765075683594 284.496063232422 283.655029296875 284.186767578125 284.087005615234 283.956359863281 283.894104003906 284.571350097656 284.988922119141 284.840270996094 284.427734375 284.389434814453 284.384246826172 284.106597900391 277.850067138672 270.161804199219 275.787231445312 282.365447998047 282.930236816406 283.166412353516 282.974639892578 283.433502197266 283.605133056641 283.301696777344 284.172821044922 283.637847900391 283.059875488281 282.775665283203 283.487487792969 284.941162109375 285.638366699219 285.636810302734 285.680847167969 285.829467773438 286.146911621094 -3.4e+38 285.410888671875
286.547790527344 286.394897460938 286.29541015625 286.446624755859 286.243469238281 285.99365234375 285.482177734375 285.293151855469 285.428497314453 285.577606201172 285.294342041016 285.152648925781 285.080047607422 284.764984130859 283.246887207031 283.780090332031 283.823486328125 284.072967529297 283.950347900391 284.370361328125 284.855072021484 284.734741210938 284.629028320312 284.670471191406 284.444732666016 283.980224609375 275.966217041016 -3.4e+38 275.5498046875 281.938598632812 282.41796875 282.79541015625 282.412353515625 282.954010009766 283.255462646484 283.150207519531 284.154296875 283.424072265625 282.872222900391 282.664337158203 283.982482910156 284.861877441406 285.366149902344 285.392761230469 285.455322265625 285.510101318359 285.942810058594 286.465545654297 285.074645996094
286.871551513672 286.866271972656 286.721313476562 286.546661376953 286.241424560547 286.093017578125 285.806671142578 285.450592041016 285.63427734375 285.477844238281 285.344329833984 285.387390136719 284.892822265625 284.553833007812 283.741485595703 283.484649658203 283.687652587891 283.969940185547 283.818878173828 284.140747070312 284.491577148438 284.561431884766 284.584991455078 284.357269287109 284.373626708984 283.962921142578 272.807098388672 -3.4e+38 276.266387939453 281.652465820312 282.177673339844 282.336364746094 282.297058105469 282.415618896484 282.646484375 282.900177001953 283.831848144531 283.243133544922 282.95361328125 283.137359619141 284.382232666016 284.990386962891 285.005981445312 284.791442871094 285.117828369141 285.409606933594 285.777984619141 285.950256347656 285.77587890625
-3.4e+38 287.154876708984 287.103912353516 286.672821044922 286.324005126953 286.186676025391 286.160034179688 286.056762695312 285.957885742188 285.416473388672 285.363739013672 285.485931396484 285.042175292969 284.584716796875 283.858062744141 283.284423828125 283.417388916016 283.629119873047 283.601348876953 283.988098144531 284.374450683594 284.449829101562 284.372741699219 284.010833740234 284.395935058594 284.164154052734 271.296875 -3.4e+38 268.789916992188 281.710113525391 282.188171386719 282.238037109375 281.981048583984 282.007263183594 282.826263427734 283.074920654297 283.584747314453 283.1220703125 283.185791015625 283.647277832031 284.425720214844 285.002563476562 284.620025634766 284.162994384766 284.5986328125 284.990753173828 285.262908935547 285.528747558594 285.280212402344
286.519470214844 286.589447021484 286.768188476562 286.473297119141 286.303985595703 286.011016845703 286.294799804688 286.169677734375 285.616943359375 285.481018066406 285.646820068359 285.535339355469 285.233276367188 284.756896972656 283.75732421875 283.512969970703 283.475158691406 283.462554931641 283.452575683594 283.800323486328 283.981689453125 284.171234130859 284.316192626953 283.826049804688 284.100860595703 284.112670898438 277.619018554688 272.746398925781 272.798004150391 282.025482177734 282.144500732422 282.165893554688 281.934265136719 281.740112304688 282.651733398438 282.823852539062 283.390716552734 283.052520751953 283.068756103516 283.549987792969 284.351196289062 284.673980712891 284.206695556641 283.750823974609 283.163543701172 282.767120361328 284.405822753906 284.410552978516 284.780242919922
286.637634277344 286.744049072266 286.841918945312 286.368865966797 286.273223876953 286.125854492188 286.119201660156 285.579376220703 285.248931884766 285.17431640625 285.233764648438 285.375518798828 285.181854248047 284.756164550781 284.053924560547 284.07763671875 284.024505615234 283.528411865234 283.377288818359 283.584106445312 283.514984130859 283.979797363281 284.299713134766 283.723327636719 283.788818359375 284.062347412109 282.964538574219 282.709259033203 281.638305664062 282.625335693359 282.427154541016 282.138427734375 282.007629394531 281.599365234375 282.246185302734 282.474700927734 283.173034667969 282.944641113281 282.602935791016 283.345092773438 283.724914550781 283.106750488281 283.813995361328 283.361877441406 282.737365722656 282.451812744141 283.950286865234 -3.4e+38 282.635498046875
286.992492675781 287.114288330078 287.113372802734 286.819793701172 286.715270996094 286.491485595703 286.164520263672 285.859893798828 285.680938720703 285.121459960938 284.947601318359 285.133422851562 285.154907226562 284.659210205078 284.628265380859 284.597839355469 284.440307617188 283.684173583984 283.447723388672 283.400573730469 283.453338623047 283.838714599609 284.085571289062 283.521331787109 283.358612060547 -3.4e+38 283.844757080078 283.663879394531 283.242218017578 282.971923828125 282.842712402344 282.522308349609 281.985870361328 281.520568847656 282.304718017578 282.541564941406 283.149261474609 282.923553466797 282.474792480469 283.218139648438 283.137145996094 282.708923339844 283.244140625 282.249145507812 282.205688476562 282.295440673828 283.8271484375 282.758697509766 280.363433837891
287.065399169922 286.982604980469 286.593505859375 286.548645019531 286.557525634766 286.356292724609 286.276062011719 286.275482177734 286.134582519531 285.607147216797 285.158111572266 285.101745605469 285.134765625 284.667572021484 284.482360839844 284.347198486328 284.364959716797 284.036193847656 283.782501220703 283.344696044922 283.525451660156 283.625061035156 283.826354980469 283.419189453125 283.003479003906 283.346252441406 283.939086914062 283.842559814453 283.422271728516 282.910949707031 282.646453857422 282.359344482422 282.103729248047 281.849761962891 282.337707519531 282.467041015625 282.675811767578 282.955261230469 282.340423583984 282.804565429688 283.104858398438 283.215423583984 283.060241699219 282.386962890625 282.398193359375 282.779205322266 284.152923583984 283.4765625 281.700531005859
286.236145019531 286.185394287109 286.112243652344 286.136169433594 285.936096191406 286.199005126953 286.177795410156 286.185028076172 286.081787109375 285.745574951172 285.789947509766 285.791717529297 285.225677490234 284.872131347656 284.014068603516 283.488983154297 283.387451171875 283.797576904297 283.552001953125 283.391662597656 283.500305175781 283.528442382812 283.438659667969 283.511077880859 282.850524902344 282.628997802734 283.378540039062 283.578948974609 283.394287109375 283.080444335938 282.928649902344 282.659790039062 282.548431396484 282.509399414062 282.203125 281.939361572266 281.638732910156 282.486663818359 282.331573486328 282.221343994141 282.3583984375 282.612091064453 282.631591796875 281.9677734375 280.726196289062 283.904541015625 284.572540283203 283.385681152344 284.453765869141
285.933807373047 -3.4e+38 285.978179931641 285.949645996094 285.728302001953 286.229522705078 286.134674072266 286.196868896484 286.1572265625 286.125671386719 286.229644775391 286.035552978516 285.182556152344 284.993408203125 283.916931152344 283.245910644531 283.581237792969 284.105834960938 284.012908935547 283.821533203125 283.684204101562 283.708343505859 283.284484863281 283.231018066406 282.807281494141 282.606872558594 283.038818359375 283.211486816406 283.117492675781 282.992980957031 282.942047119141 282.755737304688 282.314544677734 282.276458740234 282.052734375 281.604705810547 281.436798095703 282.308502197266 282.33251953125 282.105255126953 281.916931152344 282.427612304688 282.967651367188 282.869964599609 281.423675537109 282.942901611328 284.745178222656 283.268951416016 285.203948974609
