rcp8.5models/CNRM-CM5/sc1gr9.1
NCOLS 261 
NROWS 433 
XLLCORNER 336357.134 
YLLCORNER 654653.479 
CELLSIZE 1000 
NODATA_value -9999 
[rows 242 to 263 of 433, columns 50 to 99 of 261]
457.788220236049 459.010304459707 460.210744178454 460.466951862349 457.205870595662 455.598516429159 455.578410664856 454.742123996742 453.301824337779 452.280118884665 452.412839434703 451.265483557846 450.586064984919 449.756803820311 449.63895000771 449.367245347167 449.174578838268 447.315944798747 447.674590684383 447.581347953458 447.013129277735 446.638128705476 446.564494613929 446.611851033495 488.299099092276 527.292889385893 443.552034089362 443.378185211353 442.019060411196 485.445332419947 555.088346471323 541.02897469378 569.656979332099 567.489024472996 595.259893887022 650.845655247943 576.896254911219 477.442798768264 516.822107666511 472.757029484923 564.080745698336 607.637010139539 564.244463717259 650.047890568817 650.120964656289 649.328352051196 647.672896943428 644.344529146501 643.593288798914 598.480806028171
471.717988941255 471.974443903963 472.596192438304 471.129111677814 469.251236851541 470.495716958473 470.597994898951 470.583483237123 470.039327136576 468.850223752569 468.024505847418 469.672666464704 469.006687417312 468.295515516569 467.267449535223 467.545444990956 492.202403353145 467.459999472893 467.765946847017 467.091587825783 493.188489472776 516.176604940961 494.350153165076 516.833846318794 510.940659328365 618.805656473691 626.533033261932 517.776702678582 645.259569811889 576.992639284592 518.985053198209 463.277722213658 491.588046808752 592.123831323049 675.6142983025 628.909742964372 587.067537392742 643.959784513771 570.259080696161 586.83451917192 540.62928766819 586.993222482679 674.344627793199 675.263424684552 673.457912848562 672.271827766722 671.625022258509 671.160419745636 666.565401935405 629.402514571083
476.274278103983 477.155914919822 477.50492234426 476.77208994245 476.815930011154 479.006891291322 478.992490727759 479.832557050859 480.573101962739 479.405906988123 478.107635378696 477.528466122022 477.449650738341 476.422425149922 475.707988721642 476.648969636272 477.012446844968 477.131735805679 476.881334671785 477.441707132883 477.521524355676 476.822077341296 477.431921500689 476.950280087449 547.89047205269 680.610704239679 610.450778100237 477.536452311766 557.948814301267 529.67970255201 520.914477702923 559.570614536775 519.520619584976 632.816052224701 642.138920382594 524.082196879464 541.714924264421 689.763195543792 661.924017298933 628.191232888966 593.55216199552 625.194647127792 686.111356051638 686.376218178211 685.499159205824 684.84467271371 684.42091590092 682.438000109479 675.749376462091 671.941237700288
482.014924542495 483.510497487471 483.618765443117 483.326177516273 484.065450568735 485.987070085208 487.300905923876 488.455352512632 489.517172654701 489.017171091898 487.601737548089 485.531076460454 485.825042815859 485.088242587193 484.636432765494 485.593307472134 486.058063357404 486.644647105426 486.090067424811 487.170600838539 486.953821983196 486.401224463627 487.093198772855 486.913312674165 514.158531301614 565.713520049911 583.498463233853 570.810752650154 487.985077710925 488.348702981604 516.774603238013 541.685593491652 561.580672927698 700.564600482247 669.041685934332 610.520907188963 641.190687178895 704.588918980637 662.359865557593 614.600034167517 699.359701053764 698.910912762581 699.585105234856 699.519296821656 698.951480518468 698.779460899374 697.428931835702 695.281307354168 696.241816845955 698.910336836009
487.606377478148 489.130870228624 491.053147784874 493.226660308191 495.075803947247 494.791953968149 495.272808462591 496.426763849825 497.999124615341 498.206892347683 498.724389816746 496.697662807497 496.142012015676 495.427091867545 494.583903281537 494.409579336047 494.562282400936 495.482330185661 496.174629354675 496.031679687508 495.907736194776 496.635565030072 497.063812765104 497.59629037405 497.215450400175 498.875792918576 572.134170608175 677.025476846879 625.994685787789 582.182202915039 543.871996760192 627.795035493634 612.437215555137 628.753327396182 712.588447805902 711.819467114451 712.264046603732 671.467692209552 601.912065547401 654.515997840695 712.732065901313 713.10102787377 713.117620890111 712.959246992099 713.403672052069 712.615911751413 710.820904302696 708.59988482634 706.016346811901 703.218755401894
495.573679813116 497.142267236975 498.551784099244 501.692766084826 504.831549983605 505.250887626556 503.911501411488 505.876520852535 507.348807099652 509.031881392747 509.453457417647 508.337483104093 507.064164960867 506.591859824912 506.801944823477 506.06381569069 505.328526835666 505.469230414883 505.257985146025 505.567899993638 550.153930592232 585.858531444193 550.957126398014 587.369061511319 552.746343980385 590.283022292797 538.260905814964 632.891474603838 718.258055066628 690.117232207919 666.841832441917 723.957675789847 649.538438341526 540.516471572007 641.73286947086 725.884259255275 725.379558855557 697.086774885462 671.725900896974 728.163078070013 728.054007610781 727.533598261979 727.339914232325 726.892790032917 726.827421534793 725.514343931257 724.241582639696 722.146105131377 716.582806288158 710.04167162488
505.761284897911 506.53722023573 506.9290324124 508.623368779833 512.112012026214 513.5991676422 514.691843727572 515.425209837958 516.217796721735 517.437561847579 516.785055954148 517.374176961739 518.108685173074 517.631244263053 518.938292904712 519.657833600698 518.801432468699 516.990010313852 515.575756163495 515.015786785082 586.825475564145 686.958331826027 622.710479516082 566.734151987485 591.664347515515 695.551388821006 644.73605647899 627.862377040354 646.576624275498 731.234212219882 688.09055646464 652.725526013716 707.451217491053 653.161872643593 683.45217513124 738.95061611921 738.839339218883 741.53650593422 742.396788312128 742.009344568937 742.694738258723 741.411653763324 742.756980078616 741.496604645181 740.062276184886 739.193038968063 738.897594850897 737.086923186427 734.830445054869 731.325032264978
515.708918930135 516.184339272927 516.324527010795 518.273358195518 520.347556666481 521.984092955274 523.298664142282 523.650475561127 524.762903144611 524.784399657481 524.006962275797 525.656022323121 527.214474285092 527.270664376985 528.123684183291 529.7936851893 530.218334497497 572.535904309518 604.321193282688 527.66213714346 554.921306180635 601.166796628027 575.892196647971 530.120302881397 558.601147739499 653.922487782396 689.212485603174 626.849757306195 688.072688290075 697.739947590745 590.55596561548 615.185836773993 706.836396093343 668.543599259758 753.340739465317 752.232025261196 752.817499882379 754.970967862789 756.516768112629 756.81899598581 758.011712551162 756.894598865875 757.935509464925 757.542065083849 755.843105599703 754.37720680497 753.232474194211 751.421152552259 747.694317771954 743.916531098627
524.848513123703 526.859370483307 526.399523932206 526.697317441192 527.249856073647 529.93486021938 531.422789933323 532.365560955621 532.812385406311 532.867540897941 533.65179295183 535.486774061636 536.091053228443 536.006016959616 536.133403849987 539.196677414308 541.069504925924 571.613981008756 585.388646509795 540.835198531606 583.825118522036 615.922214170906 539.16538607206 585.245376851776 664.266724669962 693.120691181786 715.745165910011 697.378157766262 754.239970135575 726.310522229255 676.382029775905 710.497052001679 735.246434125689 711.179156960575 769.905231630483 767.054692742414 766.509803895376 767.791410136895 770.960992882037 771.630407639723 769.875774622045 772.369881720887 773.320746665953 773.734604648735 772.243643459277 770.337430966371 768.986382831101 766.48048896205 760.642018569103 753.278156660926
531.658980550444 534.714307772044 534.500008774644 534.262992424934 535.278632455043 538.000215436306 539.12569401325 541.333695017251 540.801042962393 540.85047229427 542.096394452019 544.434804107866 544.725834349123 544.771640409641 546.969639636399 549.331871450333 594.121703371778 629.186992035881 552.688318954384 552.767850823455 578.498493922163 598.786307462539 551.029005541668 579.134764834812 629.380434621205 674.580040821751 710.236187938047 679.846720201092 767.200732264069 768.779267719599 771.35579446184 774.455061944838 777.791309545585 780.949694652064 783.400595111969 781.830355125717 781.152153204098 781.164097387235 784.828670639946 787.464880080582 787.489699907749 788.813378224129 788.933474383981 789.617148767517 788.713749009581 787.148188362946 785.141102943862 782.16896582196 777.542231805849 771.298867988952
539.345992651336 542.071581972983 541.616301395508 542.066738714521 544.419513922215 545.307173307968 548.16109881238 548.641288373244 549.326042932165 550.916073611321 551.255603382852 552.357916319386 553.251050681364 554.835087966835 557.9971261411 559.616989781389 628.105203919329 647.344842499772 637.695362645565 563.506785955876 608.298192932067 685.617906169459 642.643696457289 609.21590048503 686.320320672902 715.245401047149 738.448814201947 721.330379832396 732.233858508736 699.242529788506 783.533888103801 786.357918868709 789.412872350763 791.988584421048 794.726369485034 796.797182654464 795.712379678571 795.423233275968 799.542631453739 802.95875659361 805.54794282492 805.617357366622 804.807368560013 804.507240350993 804.426111398926 804.315193243401 802.002053379632 798.608396683232 795.486294890014 791.903894509162
546.980424330399 548.934226747319 549.248911812471 549.240426015115 550.506305739926 552.350937741905 556.388197911031 557.979499066486 559.628496736078 560.154758500781 561.940627393538 563.638925342076 564.244423768828 565.391909058765 610.750542755795 643.40228044258 638.213564106123 713.684243517207 734.570091177578 693.92645500386 679.291893186464 649.052846554214 625.739980908985 605.935939741647 697.688816821719 732.685017652842 701.877520415602 782.637282684385 759.020716670005 739.774615571272 794.999028660594 798.360846829086 801.529513434776 803.754580365896 807.900689683247 810.572224380885 810.493989825692 810.508283917912 813.816099021314 816.55769449919 819.655001114456 820.578524558113 820.023824922748 821.227665414635 821.022012661318 821.016466946829 819.60347052473 816.058107047628 811.70261755096 807.896568686276
554.089407986603 556.020675571608 556.929084859873 557.163607129455 559.168750394896 562.287411303985 566.032224253048 570.037377333527 571.015695918822 569.725080263272 570.99958647812 573.362743784897 573.818579057546 574.932185237457 602.16241084466 620.648339282819 603.921999750948 649.596196899408 695.652039491871 774.280991664707 706.86837669909 586.968097431546 588.490085248035 589.375630900112 618.613776618266 685.117125512004 742.748506457759 793.22574841125 802.049337276713 758.870930853281 680.32077282551 728.314981699891 812.76677493764 816.702132245909 821.570692415572 825.055176319424 824.588279549507 825.551321411049 829.21638897164 832.562075407147 835.483661657924 837.571963310838 832.161434374402 828.832817140057 838.278719477198 837.854936056301 836.145571337947 832.937728352558 828.690000144247 824.290410254214
570.333865283571 571.09946163737 575.167259036823 579.130629512828 581.00596046748 583.308538808235 588.700119656537 593.055104029022 638.114387645627 664.334819763007 594.307924866234 594.537124903158 595.321489157747 640.687724773484 671.757747294564 602.494844025466 603.026592729476 764.549517586349 748.703295758409 724.31979280961 651.272022473067 726.360948431474 757.977904202279 735.006642288036 687.655197855486 814.911863604257 818.38729304482 819.917491434426 793.564301526783 777.15733345767 832.380714689216 835.008835480294 839.791513734105 843.986850766465 848.90082431036 854.130215238513 856.811990020118 857.027089281088 859.499452298501 863.871390675046 870.204301530179 872.280768749586 872.605621614282 873.247873210322 874.840657550343 874.002371327771 872.037917569578 868.978226772774 865.117236129618 858.928627057005
578.576385692769 581.587198526108 585.287706916859 589.770603505253 592.299346780637 594.010955544608 600.424170445343 605.171973644091 674.525345950438 718.317798509938 608.37380415349 608.339899931674 652.052914412512 704.158073266923 652.351771850063 615.822370370868 660.530620305977 803.169522487897 805.50782249169 781.993620792766 763.929066610228 809.303182525521 768.746072270969 714.122877257242 728.088987218016 749.97510003755 829.927635055079 833.714414078493 837.583200520932 841.408746863439 844.924940556011 849.999980497343 853.972007628168 856.712847333165 860.835711210819 866.460401631941 870.560751662319 871.250176381898 874.261058836604 878.527695860548 886.446365600428 886.919232380655 886.438701361397 882.742641247613 880.54386838095 892.083997192855 888.024512065269 883.405120511261 881.982815629704 875.304416408879
587.023413450106 592.219514803 597.247801322373 600.074666144868 603.098290569271 606.387529640597 611.991250161244 614.422349227331 639.710443581159 656.751490514522 619.32653198488 620.48556059669 646.931448660255 662.222433209225 623.206107165744 669.343455649123 724.942447524451 815.8604418122 817.985843060776 821.112857902051 822.320873935036 823.189914636156 796.867337182819 736.446786837655 728.386425833794 787.126847489224 840.545865955931 845.38150611239 851.695684716263 853.87068359223 858.349412928071 864.109327087682 867.977108476045 871.893000311439 875.500246507965 880.567406961293 885.326772831829 886.66491376245 889.629247229622 892.893748686703 901.086456444858 902.893264889137 903.390796017931 901.527392257122 899.813856586765 909.566920729698 902.947386055199 892.57325032985 893.254518787161 891.025593480779
598.564893422167 601.804026745275 605.079846445521 609.81584515026 612.880515790739 616.019795886596 664.926590490183 692.394221390144 669.051909680799 739.417140487293 698.590181201416 631.64860387134 678.627530929935 750.603772395442 750.656888230602 775.851837935776 750.127727059514 782.178962709466 757.272229190618 832.159202966923 834.141731903455 836.757058612379 838.925114856053 812.914005889895 798.756789468647 846.863243558199 850.486200384152 856.986458534293 865.351711247258 866.817040654909 871.194409504829 877.701913612826 882.519798512856 888.586070218478 892.352289789468 895.984591152208 901.004226145272 902.254209451808 904.167634008526 908.278670154734 916.405416504428 920.051933711575 921.422073347866 922.979607252995 924.808002624472 924.763456026943 918.078388735457 907.870312677257 907.125179640482 904.813178593775
610.871744268277 612.235830975364 613.863838161659 618.062340016215 623.07598368842 625.66273454928 654.342849187779 670.695695649906 659.356254489633 698.183616362974 677.715727792492 642.611213535259 672.500852023044 716.103916315144 716.380221852582 759.427386034614 805.050475517503 811.913374066034 797.176111235498 844.700774562757 847.042902791006 806.743161487295 780.79237534377 809.2137071418 785.614506138642 815.488530343424 788.646230336754 870.214902016275 883.831365529961 880.85581733986 884.321465702196 890.427515572131 895.469961513118 902.217324510146 907.123071339429 910.612994265235 914.784878849219 917.340521521793 918.652500317689 922.661960221653 932.322670883295 935.151845046241 937.425575416425 930.354365461926 926.249780551494 939.44166437338 932.926687427997 923.903198232675 919.345525964919 914.793285993439
621.9230585923 623.017800758509 624.819684773787 627.743679870188 630.831401655526 633.749117525022 640.249892286156 642.770027676015 646.603335278391 649.138695814954 651.888530476424 654.417446057409 701.709088076574 774.814058383847 776.381282745587 801.638371282877 844.461673483188 852.43782588364 853.127491936205 856.554562162011 859.945884936398 836.531921356217 820.245234099582 793.893117451231 752.633654329249 844.681156992554 829.975418100889 883.299777224378 895.704538343417 895.218156142525 898.213546349856 901.914423726634 908.510756650078 914.876407982278 920.259762489013 924.339178520269 928.791674515275 932.492375067191 933.847375768326 938.070046450172 947.938062935526 949.79491238887 952.598525775779 948.072253370372 943.266499101956 951.209726564317 944.823520850637 935.205697714632 928.314717819625 922.686490917084
631.867096711665 634.767851068142 637.346378274469 640.349650816007 642.500343361481 645.141879678334 650.298525620005 697.610524335156 725.054292648795 704.482691831558 774.242485713886 777.290618403444 807.542736616813 807.86857001047 741.207761231777 785.76991580634 816.22511062539 797.254919285338 865.287666645249 868.152900486755 872.106372354114 877.146870443229 877.947147877033 851.41039237104 837.983370178216 885.902755856123 891.40622768494 895.71802617818 904.80234411324 909.702651012263 913.247918645129 915.334412470633 921.725636689961 927.692812810948 931.714759112356 937.26103661313 942.635540482872 946.49383231364 949.582366450731 953.349322370036 962.003293257875 964.458309645371 965.711862896185 967.3985958072 963.618390937505 958.778679943428 956.028617238691 943.253389729675 931.291547295478 927.952778865248
643.735392989549 647.38603381706 649.741072752384 653.012704177921 655.973692311009 659.699675196784 661.15085843423 688.638450164537 705.472362889297 738.640816226009 846.728255359422 806.13380661685 787.778783576067 836.042409572788 799.562710155143 826.959841361775 803.407520648852 726.123600065427 807.937697499281 878.484657913111 882.833885545703 889.311925645663 890.217756610941 891.760641545311 896.758617527752 898.313077997914 904.376778945596 908.075820766832 915.058743103016 924.514426631077 928.394341155126 930.28427037692 933.888665435859 938.747277729981 944.83789225217 951.780446447321 957.02259848232 959.475834892189 963.032419021981 967.275478513448 975.463212990458 977.430361287322 976.966296636458 978.654101023459 976.486283687169 972.325795845535 968.633804341628 955.456044991411 939.614329075941 933.96900179197
655.253779782253 658.600327046882 660.98148276157 663.033961265459 666.040671996992 671.818897627482 674.055662966657 677.400276157579 682.081825963437 708.262862450441 792.255048746826 792.138823674691 760.43461167473 871.325250464379 831.470252358222 768.417684378445 745.732479352766 823.514117466739 805.485061278888 822.714879067378 895.304959335584 900.833500141408 902.088550220566 904.565801594333 910.117026195256 912.50696356535 915.718482625869 917.492388328307 926.479102414274 938.202013261894 943.147798254325 945.60639500658 947.92259900789 950.830115357015 957.000545165411 964.739505909478 970.613845786949 973.356490101008 976.461917161309 981.073596279848 987.824678422356 987.597339283088 985.797006419935 987.876165720662 987.868572106628 983.98236192199 978.842252908877 961.691915961714 935.382169274029 937.013640726146
