rcp8.5models/CNRM-CM5/sc1gr7.10
NCOLS 261 
NROWS 433 
XLLCORNER 336357.134 
YLLCORNER 654653.479 
CELLSIZE 1000 
NODATA_value -3.4e+38 
[rows 220 to 241 of 433, columns 196 to 244 of 261]
90.0076751708984 90.1995239257812 90.328125 90.4838790893555 90.691162109375 90.9216918945312 91.0865173339844 91.5914916992188 91.8721160888672 92.1330032348633 92.265998840332 92.5160598754883 92.8725967407227 93.03515625 93.1539154052734 93.4546051025391 93.6986236572266 93.8813323974609 94.5664901733398 94.8431015014648 95.0179672241211 95.2947998046875 95.5199279785156 95.7289352416992 95.9370422363281 96.2293930053711 96.5825424194336 -3.4e+38 97.1518478393555 97.4445648193359 98.0501098632812 98.3170623779297 -3.4e+38 -3.4e+38 -3.4e+38 -3.4e+38 -3.4e+38 -3.4e+38 -3.4e+38 -3.4e+38 -3.4e+38 -3.4e+38 -3.4e+38 -3.4e+38 -3.4e+38 -3.4e+38 -3.4e+38 -3.4e+38 -3.4e+38
89.7007751464844 89.9041213989258 90.0754547119141 90.2515258789062 90.4493103027344 90.7875671386719 90.9218673706055 91.4500274658203 91.6501693725586 91.8897247314453 91.9865188598633 92.2523345947266 92.5873565673828 92.6904067993164 92.8161315917969 93.2110061645508 93.4714584350586 93.6407852172852 94.3598937988281 94.633903503418 94.8631744384766 95.0686721801758 95.3365707397461 95.6387405395508 95.9473876953125 96.1992034912109 96.4245529174805 -3.4e+38 97.0180969238281 97.2362518310547 97.9288711547852 98.1166381835938 -3.4e+38 -3.4e+38 -3.4e+38 -3.4e+38 -3.4e+38 -3.4e+38 -3.4e+38 -3.4e+38 -3.4e+38 -3.4e+38 -3.4e+38 -3.4e+38 -3.4e+38 -3.4e+38 -3.4e+38 -3.4e+38 -3.4e+38
89.4038772583008 89.6745910644531 89.8830642700195 90.0820846557617 90.3237915039062 90.5959091186523 90.742919921875 91.1252365112305 91.3538970947266 91.5817642211914 91.7836990356445 92.0295181274414 92.2803344726562 92.4507827758789 92.6777267456055 93.0098266601562 93.2908172607422 93.5059814453125 94.1889266967773 94.4901962280273 94.7511367797852 95.0179824829102 95.30126953125 95.5081634521484 -3.4e+38 -3.4e+38 -3.4e+38 -3.4e+38 96.9132919311523 97.1245956420898 97.7783126831055 97.9654541015625 98.1906356811523 -3.4e+38 -3.4e+38 -3.4e+38 -3.4e+38 -3.4e+38 -3.4e+38 -3.4e+38 -3.4e+38 -3.4e+38 -3.4e+38 -3.4e+38 -3.4e+38 -3.4e+38 -3.4e+38 -3.4e+38 -3.4e+38
89.2941665649414 89.5313034057617 89.7140731811523 89.8909072875977 90.1583862304688 90.2871170043945 90.4534454345703 90.9265441894531 91.1875305175781 91.3974075317383 91.6201324462891 91.8059463500977 92.0817260742188 92.4134216308594 92.6865386962891 92.9282760620117 93.1693267822266 93.4857711791992 94.0515060424805 94.3709487915039 94.6204147338867 94.9052429199219 95.2558975219727 95.4469757080078 -3.4e+38 -3.4e+38 -3.4e+38 -3.4e+38 96.8339080810547 97.0501174926758 97.6808242797852 97.912727355957 98.1679382324219 98.4892883300781 98.7621459960938 -3.4e+38 -3.4e+38 -3.4e+38 -3.4e+38 -3.4e+38 -3.4e+38 -3.4e+38 -3.4e+38 -3.4e+38 -3.4e+38 -3.4e+38 -3.4e+38 -3.4e+38 -3.4e+38
89.2497787475586 89.4090423583984 89.5657730102539 89.7172470092773 89.9665145874023 90.0464782714844 90.2508773803711 90.8205490112305 91.0474472045898 91.3065032958984 91.5560607910156 91.6734848022461 91.8708038330078 92.1858139038086 92.5621185302734 92.8593292236328 93.1001892089844 93.417236328125 93.9103088378906 94.209358215332 94.433952331543 94.7272491455078 95.0979232788086 -3.4e+38 -3.4e+38 95.9081497192383 96.2231292724609 96.5204162597656 96.7677688598633 97.0203170776367 97.5274810791016 97.8647537231445 98.1445922851562 98.3877716064453 98.6840667724609 98.961051940918 99.2619171142578 -3.4e+38 -3.4e+38 -3.4e+38 -3.4e+38 -3.4e+38 -3.4e+38 -3.4e+38 -3.4e+38 -3.4e+38 -3.4e+38 -3.4e+38 -3.4e+38
89.1029205322266 89.2203750610352 89.3738632202148 89.5688171386719 89.8314819335938 -3.4e+38 -3.4e+38 90.6003341674805 90.8469848632812 91.1025772094727 91.396728515625 91.5662231445312 91.6340637207031 91.8608627319336 92.2501220703125 92.5582656860352 92.8652877807617 93.1361694335938 93.6879425048828 93.9740295410156 94.1824035644531 94.4352493286133 94.8387069702148 95.265754699707 95.5239791870117 95.7663879394531 96.055290222168 96.4361114501953 96.6651763916016 96.9345932006836 97.4447250366211 97.7417602539062 98.0681457519531 98.2988510131836 98.5823211669922 98.8969268798828 99.1311340332031 99.4474258422852 -3.4e+38 -3.4e+38 -3.4e+38 -3.4e+38 -3.4e+38 -3.4e+38 -3.4e+38 -3.4e+38 -3.4e+38 -3.4e+38 -3.4e+38
88.8412551879883 88.9734954833984 89.1545944213867 89.3772583007812 89.5898208618164 89.7605361938477 89.9255828857422 90.1160507202148 90.4016494750977 90.7793502807617 91.0960083007812 91.3712768554688 91.5335540771484 91.7693557739258 92.0525894165039 92.2949676513672 92.6392288208008 92.9583587646484 93.4921798706055 93.7460250854492 94.0037460327148 94.200080871582 94.5433197021484 94.9671401977539 95.2847442626953 95.5480422973633 95.8988037109375 96.3341598510742 96.5347518920898 96.847526550293 97.4347076416016 97.6371231079102 97.9420547485352 98.2053680419922 98.5110549926758 98.8071136474609 99.0725936889648 99.3647994995117 -3.4e+38 -3.4e+38 -3.4e+38 -3.4e+38 -3.4e+38 -3.4e+38 -3.4e+38 -3.4e+38 -3.4e+38 -3.4e+38 -3.4e+38
88.60107421875 88.7789993286133 88.9217529296875 89.1690444946289 89.2966537475586 89.360107421875 89.5548934936523 89.7951736450195 90.1761703491211 90.6239929199219 90.8833236694336 91.1597671508789 91.3816223144531 91.6696853637695 91.9330520629883 92.2176971435547 92.4951934814453 92.7839736938477 93.3185729980469 93.5538101196289 93.8898544311523 94.1322479248047 94.375846862793 94.671501159668 95.0716018676758 95.3870239257812 95.6673278808594 96.0587615966797 96.3100662231445 96.6536483764648 97.3304214477539 97.6108551025391 97.8810195922852 98.1078567504883 98.4582901000977 98.786003112793 99.0457916259766 99.2997589111328 99.6365814208984 -3.4e+38 -3.4e+38 -3.4e+38 -3.4e+38 -3.4e+38 -3.4e+38 -3.4e+38 -3.4e+38 -3.4e+38 -3.4e+38
88.3376312255859 88.4727783203125 88.6005401611328 88.7545547485352 88.9469451904297 89.0943756103516 89.2334213256836 89.8427963256836 90.1614303588867 90.528434753418 90.7436370849609 90.9518508911133 91.1747207641602 91.5206680297852 91.8556365966797 92.121223449707 92.3490524291992 92.5947036743164 93.143928527832 93.4052352905273 93.760856628418 94.0868911743164 94.3446884155273 94.5397262573242 94.9098739624023 95.2877044677734 95.5076217651367 95.8163375854492 96.1590423583984 96.4923095703125 97.141227722168 97.5340728759766 97.834831237793 98.0681304931641 98.4092483520508 98.6931228637695 98.9556655883789 99.2638320922852 99.5778503417969 99.7740631103516 -3.4e+38 -3.4e+38 -3.4e+38 -3.4e+38 -3.4e+38 -3.4e+38 -3.4e+38 -3.4e+38 -3.4e+38
88.0659713745117 88.1478424072266 88.2916793823242 88.3482055664062 88.4903411865234 89.0059509277344 89.1487655639648 89.3200378417969 89.6902236938477 90.0751190185547 90.2984390258789 90.6343688964844 90.8778228759766 91.2622299194336 91.5900955200195 91.8241806030273 92.1051559448242 92.4019470214844 92.9934234619141 93.3255767822266 93.6006927490234 93.9136581420898 94.2640686035156 94.4771118164062 94.7889785766602 95.1558380126953 95.434700012207 95.7258758544922 96.0227279663086 96.3549575805664 96.9294128417969 97.3729934692383 -3.4e+38 -3.4e+38 -3.4e+38 -3.4e+38 98.8851547241211 99.2249755859375 99.4827423095703 99.7722244262695 100.011436462402 100.670509338379 -3.4e+38 -3.4e+38 -3.4e+38 -3.4e+38 -3.4e+38 -3.4e+38 -3.4e+38
87.8217849731445 87.9345779418945 88.164665222168 88.3360366821289 88.4124526977539 88.7826461791992 88.949104309082 88.8532485961914 89.0805358886719 89.5778198242188 89.5949401855469 90.1024627685547 90.6222915649414 90.9279479980469 91.2287368774414 91.5190734863281 91.8436431884766 92.153938293457 92.7637710571289 93.0473098754883 93.3242111206055 93.6729888916016 94.1293716430664 94.3661804199219 94.6577301025391 94.9792327880859 95.3143539428711 95.6606369018555 95.8816223144531 96.1882934570312 96.7434921264648 97.1528549194336 -3.4e+38 -3.4e+38 -3.4e+38 -3.4e+38 -3.4e+38 99.1579742431641 99.4328460693359 99.7509078979492 100.055885314941 100.630241394043 100.904022216797 -3.4e+38 -3.4e+38 -3.4e+38 -3.4e+38 -3.4e+38 -3.4e+38
87.3431701660156 87.4494094848633 87.4336318969727 87.3324890136719 87.6589508056641 88.004280090332 88.1952972412109 88.754508972168 89.0637435913086 89.4199295043945 89.7398910522461 89.9330825805664 90.3159637451172 90.6486892700195 90.7849960327148 91.243049621582 91.672981262207 91.8537063598633 92.4364929199219 92.7091369628906 93.0223007202148 93.3292846679688 93.6340942382812 93.9410629272461 94.2355651855469 94.5391006469727 94.9257583618164 95.2851181030273 95.6924133300781 96.0143508911133 96.6488647460938 -3.4e+38 -3.4e+38 -3.4e+38 -3.4e+38 -3.4e+38 -3.4e+38 -3.4e+38 -3.4e+38 -3.4e+38 99.9696655273438 100.507522583008 100.738838195801 101.03116607666 -3.4e+38 -3.4e+38 -3.4e+38 -3.4e+38 -3.4e+38
87.1137466430664 87.1499328613281 87.0018615722656 87.0112915039062 87.3256683349609 87.7590713500977 87.9182434082031 88.481559753418 88.9022369384766 89.2250671386719 89.6368026733398 89.8479461669922 90.1521835327148 90.5009536743164 90.6272888183594 91.063720703125 91.556999206543 91.7958145141602 92.2867889404297 92.6066284179688 92.8943557739258 93.0950927734375 93.468620300293 93.8109130859375 94.0994338989258 94.3705673217773 94.6694717407227 95.0710144042969 95.4344482421875 95.8944320678711 96.5104064941406 96.7842330932617 -3.4e+38 -3.4e+38 -3.4e+38 -3.4e+38 -3.4e+38 -3.4e+38 -3.4e+38 -3.4e+38 -3.4e+38 100.419723510742 100.683036804199 100.960411071777 101.305732727051 101.544593811035 -3.4e+38 -3.4e+38 -3.4e+38
86.936149597168 86.8169784545898 86.6935958862305 87.171875 87.3454895019531 87.5961837768555 87.8257675170898 88.1628646850586 88.7832336425781 89.0444107055664 89.3265380859375 -3.4e+38 90.0072250366211 90.2893447875977 90.5177917480469 90.8709030151367 91.2285995483398 91.4788131713867 92.0684127807617 92.3957595825195 92.7265319824219 92.9270935058594 93.2544021606445 93.5684509277344 93.9200668334961 94.2100601196289 94.4981155395508 94.9088516235352 95.2396697998047 95.6466979980469 96.4188232421875 -3.4e+38 -3.4e+38 -3.4e+38 -3.4e+38 -3.4e+38 98.2851486206055 -3.4e+38 -3.4e+38 -3.4e+38 -3.4e+38 100.349395751953 -3.4e+38 100.966255187988 101.208801269531 -3.4e+38 -3.4e+38 -3.4e+38 -3.4e+38
86.7025985717773 86.7133255004883 86.7665863037109 87.1232681274414 87.3190994262695 87.517936706543 87.7333145141602 88.1053695678711 88.5618438720703 88.8713455200195 88.9121398925781 89.0959091186523 89.8643951416016 90.1086730957031 90.4017944335938 90.6672821044922 90.9495010375977 91.1770935058594 91.8156433105469 92.1054840087891 92.4113540649414 92.6950073242188 93.0276718139648 93.3545532226562 93.7658157348633 94.0814208984375 94.4429473876953 94.7714920043945 95.0701293945312 95.4537811279297 96.1331481933594 96.3997039794922 96.8506317138672 97.2104949951172 -3.4e+38 97.8531723022461 98.0948944091797 98.6043472290039 99.0039367675781 -3.4e+38 -3.4e+38 100.382881164551 100.664390563965 -3.4e+38 101.185180664062 -3.4e+38 101.592025756836 -3.4e+38 -3.4e+38
86.5401229858398 86.6618499755859 86.7437515258789 86.855842590332 87.1128997802734 87.4423141479492 87.578971862793 87.9379806518555 88.178825378418 88.6097793579102 88.7329406738281 88.8696517944336 89.532600402832 89.9063949584961 90.2003021240234 90.4561462402344 90.7764205932617 91.0390853881836 91.5804748535156 91.8590469360352 92.1494750976562 -3.4e+38 92.7629928588867 93.0852508544922 93.5076675415039 93.898078918457 94.305419921875 94.5645599365234 94.8180389404297 95.2257766723633 95.8740997314453 96.2179260253906 96.6769027709961 97.0693206787109 97.4185028076172 97.7191162109375 98.0416870117188 98.4114761352539 -3.4e+38 -3.4e+38 -3.4e+38 100.266464233398 100.593879699707 100.884750366211 101.173355102539 -3.4e+38 101.571357727051 101.664329528809 -3.4e+38
86.3818054199219 86.4713973999023 86.4480514526367 86.6310043334961 86.9004516601562 87.2371673583984 87.4012298583984 87.6843795776367 87.9482803344727 88.2958297729492 88.6510620117188 88.983772277832 89.2806930541992 89.5840301513672 89.8702850341797 90.1764907836914 90.5512466430664 90.891845703125 91.3690948486328 91.6424942016602 91.9962997436523 92.302734375 92.5343322753906 92.8545379638672 -3.4e+38 93.5793609619141 93.8743667602539 94.2452011108398 94.6432800292969 94.9528198242188 95.7392654418945 96.0368576049805 96.3975601196289 96.8091888427734 97.257080078125 97.5964889526367 97.9240875244141 98.2354049682617 -3.4e+38 98.9770126342773 -3.4e+38 -3.4e+38 100.472320556641 -3.4e+38 -3.4e+38 -3.4e+38 101.399208068848 101.645515441895 -3.4e+38
86.0947036743164 86.2316741943359 86.3177642822266 86.5194931030273 86.7381057739258 86.9821166992188 87.207160949707 87.4924087524414 87.7692565917969 88.1135711669922 88.4411239624023 -3.4e+38 89.0616683959961 89.3266220092773 89.571159362793 89.9403991699219 90.3317642211914 90.6387023925781 91.1250610351562 91.3901672363281 91.6890106201172 91.9786834716797 92.364860534668 -3.4e+38 92.9898223876953 93.2299423217773 93.4427108764648 93.9139251708984 94.471565246582 94.8529281616211 95.5327606201172 95.8581771850586 96.2144165039062 96.5695343017578 97.0313110351562 97.3954925537109 97.6546783447266 98.0265274047852 98.3288116455078 98.6904525756836 99.1669540405273 -3.4e+38 -3.4e+38 -3.4e+38 -3.4e+38 -3.4e+38 -3.4e+38 101.371772766113 101.472221374512
85.8447875976562 86.0587768554688 86.2677764892578 86.4441604614258 86.6652908325195 86.8020553588867 86.9654998779297 87.2944183349609 87.506965637207 87.9965515136719 88.2520370483398 88.5167846679688 88.8309555053711 89.1467819213867 89.4443054199219 89.7507476806641 90.1229248046875 90.4229278564453 90.8647232055664 91.1883544921875 91.3820266723633 91.6315765380859 92.0434722900391 92.3766479492188 92.7378463745117 92.9312210083008 93.29345703125 93.6813201904297 94.2435531616211 94.6324844360352 95.3130340576172 95.7196884155273 96.0613861083984 96.3697357177734 96.7045059204102 97.0377578735352 97.3951950073242 97.7857513427734 98.1816940307617 98.4997711181641 98.932861328125 -3.4e+38 -3.4e+38 -3.4e+38 -3.4e+38 -3.4e+38 -3.4e+38 101.076248168945 101.233108520508
85.6057510375977 85.8180313110352 85.9891891479492 86.2358932495117 86.4798355102539 86.6662292480469 86.8109359741211 87.1486740112305 87.2996139526367 87.7387466430664 88.066162109375 88.268196105957 88.6119766235352 88.8896789550781 89.1720581054688 89.4922027587891 89.8690643310547 90.1863555908203 90.6675872802734 90.9775085449219 91.1738891601562 91.3506240844727 91.649658203125 92.0158004760742 92.3880157470703 92.5468902587891 93.0334167480469 93.5737152099609 94.0010986328125 94.259391784668 95.0140914916992 95.5170593261719 95.8423156738281 96.1442031860352 96.3384094238281 96.7000122070312 97.1858215332031 97.5801239013672 97.9968872070312 98.3656311035156 98.7162475585938 -3.4e+38 99.8598556518555 100.155250549316 -3.4e+38 -3.4e+38 -3.4e+38 -3.4e+38 100.963737487793
85.3586578369141 85.5567779541016 85.7536849975586 86.0190734863281 86.2019119262695 86.4332275390625 86.6501998901367 87.0448379516602 87.2477798461914 87.5334625244141 87.911018371582 88.0957260131836 88.3502197265625 88.6515197753906 88.8781051635742 89.145133972168 89.5269622802734 89.8607330322266 90.4734191894531 90.741096496582 -3.4e+38 91.1156005859375 91.3765869140625 91.7197875976562 92.1217575073242 92.3830261230469 92.827766418457 93.4241180419922 93.7650299072266 94.034309387207 94.7177810668945 95.162971496582 95.626823425293 95.889274597168 96.0492401123047 96.3996887207031 96.8488922119141 97.2939910888672 97.7696533203125 98.1292419433594 98.4754333496094 99.1288909912109 99.5266189575195 99.8716278076172 -3.4e+38 -3.4e+38 -3.4e+38 -3.4e+38 100.73908996582
85.163932800293 85.3466110229492 85.6253509521484 85.822151184082 86.0203857421875 86.1924667358398 86.4557495117188 86.8030700683594 87.0397109985352 87.3061828613281 87.5504684448242 87.8085250854492 88.1325531005859 88.3641357421875 88.526969909668 88.8437576293945 89.2768859863281 -3.4e+38 90.1630325317383 90.4545669555664 -3.4e+38 90.9690399169922 91.2225646972656 91.4949798583984 91.940185546875 92.3460540771484 92.6539611816406 93.0185165405273 93.3971481323242 93.8272476196289 94.5815124511719 94.8572158813477 95.3030014038086 95.6545562744141 95.8178253173828 96.1195831298828 96.5877456665039 96.9660720825195 97.42822265625 97.8529815673828 98.1811676025391 98.8647384643555 99.2356567382812 -3.4e+38 -3.4e+38 -3.4e+38 -3.4e+38 100.444923400879 100.511505126953
