rcp8.5models/CNRM-CM5/sc1gr7.FIL
NCOLS 261 
NROWS 433 
XLLCORNER 336357.134 
YLLCORNER 654653.479 
CELLSIZE 1000 
NODATA_value -3.4e+38 
[rows 242 to 263 of 433, columns 196 to 244 of 261]
84.5702209472656 85.0466537475586 85.5873489379883 86.0406799316406 86.562873840332 87.0937194824219 87.5967330932617 88.5666961669922 88.9685745239258 89.5169448852539 90.0294036865234 90.5259628295898 91.0496063232422 91.549560546875 92.0190353393555 92.6160125732422 93.2724456787109 93.6583099365234 94.6262741088867 -3.4e+38 -3.4e+38 96.2005157470703 96.5361404418945 97.0160751342773 97.5921859741211 98.0798873901367 98.5332489013672 98.9578094482422 99.4018249511719 99.8571548461914 100.877464294434 101.208984375 101.650207519531 102.097503662109 102.452941894531 102.927856445312 103.293815612793 103.734718322754 104.131195068359 104.565368652344 104.956886291504 105.742561340332 106.058204650879 106.414665222168 -3.4e+38 -3.4e+38 -3.4e+38 -3.4e+38 107.873245239258
84.8708038330078 85.3672332763672 85.7877197265625 86.2578887939453 86.7113876342773 87.1952362060547 87.7135391235352 88.6903762817383 89.1908798217773 89.8016204833984 90.332145690918 90.8370895385742 91.2992553710938 91.8593826293945 92.3482360839844 92.8165283203125 93.4165802001953 93.9147033691406 94.8283843994141 -3.4e+38 -3.4e+38 96.3588790893555 96.7943878173828 97.2254943847656 97.8054809570312 98.3071899414062 98.7634201049805 99.2448120117188 99.7379684448242 100.258697509766 101.157600402832 101.549034118652 101.907752990723 102.335594177246 102.819114685059 103.313888549805 103.736373901367 104.104721069336 104.465858459473 104.871505737305 105.349365234375 106.294677734375 106.699203491211 106.98413848877 -3.4e+38 -3.4e+38 107.727783203125 -3.4e+38 -3.4e+38
84.9846343994141 85.402214050293 85.8559417724609 86.4093933105469 86.8012390136719 87.2599334716797 87.7737731933594 88.8220520019531 89.3216934204102 89.9612274169922 90.4949035644531 90.9750518798828 91.4435653686523 91.9924468994141 92.4761199951172 92.9448928833008 93.444450378418 94.0061340332031 94.9551849365234 95.4551086425781 -3.4e+38 -3.4e+38 97.0014190673828 97.4142761230469 97.9243698120117 98.3945693969727 98.8622055053711 99.4160766601562 99.8828353881836 100.399307250977 101.245231628418 101.685478210449 102.090316772461 102.511932373047 102.979682922363 103.462890625 103.925254821777 104.310729980469 104.692932128906 105.077926635742 105.553115844727 106.44344329834 106.81453704834 107.223930358887 -3.4e+38 107.811477661133 108.043685913086 108.346084594727 -3.4e+38
85.0619888305664 85.5003433227539 86.0018005371094 86.5596771240234 87.0015411376953 87.475341796875 87.9072418212891 88.9889678955078 89.4940185546875 90.0947647094727 90.6067276000977 91.0210800170898 91.5088195800781 92.0232696533203 92.4973373413086 93.0644836425781 93.5736618041992 94.0966491699219 95.084358215332 95.5906524658203 96.0377349853516 96.5320205688477 97.0927352905273 97.5579986572266 98.035514831543 98.5394668579102 -3.4e+38 -3.4e+38 99.9475555419922 100.462890625 101.390037536621 101.857131958008 102.20783996582 102.699645996094 103.183860778809 103.663360595703 104.070602416992 104.478302001953 104.927261352539 105.309043884277 105.709854125977 106.604354858398 107.121696472168 107.572830200195 -3.4e+38 108.058769226074 108.371482849121 108.600051879883 108.935218811035
85.2271423339844 85.6513137817383 86.1895523071289 86.7054672241211 87.1437149047852 87.661247253418 88.0925903320312 89.0623168945312 89.6191482543945 90.142578125 90.6682662963867 91.1205062866211 91.5784759521484 92.0810928344727 92.5756072998047 93.1089019775391 93.6852493286133 94.1585083007812 95.1006011962891 95.5771408081055 96.1184692382812 96.6303863525391 97.1534194946289 97.619743347168 98.1179809570312 98.622428894043 -3.4e+38 -3.4e+38 100.090721130371 100.562789916992 101.486427307129 101.963500976562 102.350845336914 102.906944274902 103.340110778809 103.851936340332 104.281631469727 104.686256408691 105.163642883301 105.5908203125 105.95637512207 106.873046875 107.435905456543 107.801429748535 108.007446289062 108.288703918457 108.693672180176 108.991653442383 109.324104309082
85.406005859375 85.8546524047852 86.3209838867188 86.8865737915039 87.2661361694336 87.75244140625 88.2329864501953 89.1609878540039 89.703987121582 90.1942138671875 90.7449569702148 91.1984024047852 91.6939468383789 92.1866607666016 -3.4e+38 93.1908264160156 93.7150421142578 94.2471542358398 95.0965270996094 95.6410980224609 96.231330871582 96.7856063842773 97.2769012451172 97.7091674804688 98.2425765991211 98.7092208862305 -3.4e+38 -3.4e+38 100.178398132324 100.568397521973 101.599487304688 102.118301391602 102.535217285156 103.05305480957 103.470054626465 103.947616577148 104.417770385742 104.891120910645 105.358596801758 105.820121765137 106.265502929688 107.199005126953 107.629623413086 108.035469055176 108.313179016113 108.573822021484 108.909973144531 109.298309326172 109.556884765625
85.5737991333008 86.000373840332 86.4277191162109 87.0068893432617 87.4420700073242 87.9115524291992 88.3716278076172 89.2894668579102 89.7984619140625 90.293342590332 90.809928894043 91.1783981323242 91.7086486816406 92.3053665161133 92.7893829345703 93.2603530883789 93.7427520751953 94.3557281494141 95.1314697265625 95.7848815917969 96.3665237426758 96.8401107788086 97.3576889038086 97.787467956543 98.3406219482422 98.8776473999023 99.3084487915039 -3.4e+38 100.240760803223 100.646202087402 101.684173583984 102.178504943848 102.671669006348 103.180229187012 103.61954498291 104.092018127441 104.582084655762 105.085899353027 105.554565429688 106.014015197754 106.479949951172 107.371726989746 107.779487609863 108.245903015137 108.504043579102 108.811027526855 109.079978942871 109.517608642578 109.829200744629
85.6634826660156 86.0648040771484 86.4615631103516 86.9719161987305 87.4309005737305 88.0009689331055 88.4938354492188 89.406494140625 89.9399642944336 90.3737411499023 90.8016357421875 91.1749496459961 91.722412109375 92.3936996459961 92.8206024169922 93.3328704833984 93.839225769043 94.339485168457 95.3738098144531 95.8764419555664 96.4323196411133 96.8467864990234 97.3765106201172 97.9487152099609 98.431266784668 99.0760955810547 99.4556198120117 99.9447021484375 100.35848236084 100.74437713623 101.81372833252 -3.4e+38 102.799514770508 103.334419250488 103.788162231445 104.223861694336 104.764083862305 105.268356323242 105.703048706055 106.225814819336 106.644790649414 107.541938781738 107.983352661133 108.385055541992 108.729370117188 109.120384216309 109.42887878418 109.677558898926 110.067810058594
85.58984375 86.0809555053711 86.5556640625 87.0665130615234 87.5331344604492 88.0758895874023 88.4945449829102 89.4246826171875 89.9931869506836 90.4320983886719 90.7700042724609 91.251838684082 91.8703536987305 92.4251937866211 92.8510971069336 93.3367004394531 93.9334869384766 94.3530502319336 95.5004272460938 95.8410110473633 96.3386993408203 96.8631973266602 97.4622192382812 98.0464477539062 98.5171203613281 99.0583724975586 99.5846939086914 100.037307739258 100.509017944336 100.968681335449 101.900825500488 102.350700378418 102.93098449707 103.51490020752 103.912391662598 104.374458312988 104.854866027832 105.404190063477 105.871383666992 106.403511047363 106.828483581543 107.836601257324 108.234558105469 108.618392944336 108.997329711914 109.415397644043 109.699531555176 109.85612487793 110.290786743164
85.5798721313477 86.1094055175781 86.5937118530273 87.130126953125 87.7065811157227 88.18310546875 88.563720703125 89.4936141967773 90.0106430053711 90.4081954956055 90.8563919067383 91.3634490966797 91.8923492431641 92.4080200195312 92.8807601928711 93.3513031005859 93.9177322387695 94.4137344360352 -3.4e+38 95.7955322265625 96.2619857788086 96.8679504394531 97.5352554321289 98.0966110229492 98.6263809204102 99.0539093017578 99.5673065185547 100.028526306152 100.5732421875 101.097038269043 101.839469909668 102.416259765625 102.97380065918 103.475120544434 103.995155334473 104.534912109375 104.94563293457 105.507125854492 106.080924987793 106.566268920898 107.059226989746 108.074028015137 108.500457763672 108.866195678711 109.198722839355 109.567970275879 109.878410339355 110.247817993164 110.550254821777
85.5273132324219 86.0532989501953 86.5681610107422 87.1446151733398 87.7172088623047 88.1272506713867 88.6494979858398 89.6011352539062 90.0230865478516 90.4511566162109 90.9281005859375 91.4006576538086 91.8904800415039 92.3387832641602 92.8394622802734 93.3214874267578 93.8383941650391 94.4085159301758 95.5208511352539 95.8784408569336 96.2914962768555 96.957878112793 97.6388397216797 98.1440811157227 98.7064819335938 99.0958404541016 99.5678024291992 100.034889221191 100.584266662598 101.07893371582 101.947700500488 102.601737976074 103.109741210938 103.571907043457 104.09440612793 104.654624938965 105.110046386719 105.66813659668 106.266960144043 106.744895935059 107.240203857422 108.223541259766 108.73120880127 109.038543701172 109.363258361816 109.736358642578 110.153388977051 110.55110168457 110.874557495117
85.5787048339844 86.1210861206055 86.7048873901367 87.3022994995117 87.7185440063477 88.0645065307617 88.6079406738281 89.6667098999023 90.0949554443359 90.4917831420898 90.8747406005859 91.3409271240234 91.8390655517578 92.2496185302734 92.7220077514648 93.2157974243164 93.7459259033203 94.3526992797852 95.4617538452148 95.9583053588867 96.4244537353516 97.0478134155273 97.6824035644531 98.1846313476562 98.8472366333008 99.2070846557617 99.6627655029297 100.08634185791 100.379264831543 100.764610290527 102.049758911133 102.692588806152 103.178001403809 103.743774414062 104.247955322266 104.819412231445 105.351058959961 105.869964599609 106.362701416016 106.961685180664 107.406295776367 108.404403686523 108.891563415527 109.173957824707 109.555603027344 109.927383422852 110.382759094238 110.784637451172 111.15665435791
85.9026184082031 86.2995223999023 86.7958831787109 87.3945617675781 87.740234375 88.123046875 88.6432418823242 89.6667633056641 90.1474914550781 90.4446792602539 90.8833694458008 91.3606033325195 91.8267822265625 92.237434387207 92.6198654174805 93.1327438354492 93.7408599853516 94.3271026611328 95.452507019043 95.9516677856445 96.5258178710938 97.023193359375 97.6756210327148 98.2335052490234 98.9236068725586 99.3127136230469 99.7178115844727 100.089134216309 100.388000488281 100.894149780273 102.064155578613 102.591049194336 103.193778991699 103.825401306152 104.388824462891 104.997787475586 105.528373718262 105.99454498291 106.512855529785 107.120529174805 107.553985595703 108.572761535645 109.106925964355 109.48063659668 109.856811523438 110.128890991211 110.536834716797 111.017562866211 111.365577697754
86.3242568969727 86.6902465820312 86.9462280273438 87.2692489624023 87.7424468994141 88.2063598632812 88.8026275634766 89.7842864990234 90.2570877075195 90.6645431518555 91.0724334716797 91.5226211547852 92.0068588256836 92.3195419311523 92.6032943725586 93.0396499633789 93.4176788330078 93.791618347168 95.4834365844727 96.0281066894531 96.5221405029297 97.2008285522461 97.9174270629883 98.4982604980469 98.7935180664062 99.3064727783203 99.8954925537109 100.291206359863 100.682914733887 101.246360778809 102.570320129395 102.975456237793 103.42960357666 104.077766418457 104.561828613281 105.124015808105 105.570602416992 106.151351928711 106.715042114258 107.423141479492 108.048873901367 108.999656677246 109.53849029541 109.969940185547 110.27417755127 110.606254577637 111.090873718262 111.520645141602 111.971351623535
86.419677734375 86.6987075805664 86.8027877807617 87.1593170166016 87.7337036132812 88.2534103393555 88.7748413085938 89.7410583496094 90.2954788208008 90.7534713745117 91.1725463867188 91.5947341918945 91.9534683227539 92.2450180053711 92.2163391113281 92.7704620361328 93.510856628418 93.8415069580078 95.5313873291016 96.2078704833984 96.7586517333984 97.3329849243164 97.919677734375 98.1080474853516 98.0279693603516 99.0014877319336 99.7902374267578 100.253868103027 100.70677947998 101.202079772949 102.626190185547 103.107383728027 103.503173828125 104.059471130371 104.574676513672 105.166893005371 105.655548095703 106.153511047363 106.83415222168 107.528671264648 108.129440307617 109.226791381836 109.757659912109 110.215667724609 110.531692504883 110.887161254883 111.281623840332 111.791450500488 112.211585998535
86.3648529052734 86.6047210693359 86.8437957763672 87.1155166625977 87.6800155639648 88.2525787353516 88.7892837524414 89.7172622680664 90.2148895263672 90.7774505615234 91.2579116821289 91.5477905273438 91.8279495239258 92.0594482421875 92.0628051757812 92.9384460449219 93.794792175293 94.2532043457031 95.66162109375 96.2767715454102 96.821418762207 97.3382263183594 97.656135559082 97.240364074707 97.5214233398438 98.9801940917969 99.7797164916992 100.327674865723 100.777900695801 101.229774475098 102.672058105469 103.214225769043 103.581359863281 104.091644287109 104.571830749512 104.843276977539 105.14729309082 106.251892089844 106.851890563965 107.616477966309 108.236213684082 109.399520874023 109.93733215332 110.457481384277 110.89086151123 111.12752532959 111.471420288086 112.006736755371 112.401359558105
86.3390960693359 86.5419006347656 86.9297866821289 87.2332992553711 87.7440948486328 88.3264236450195 88.8273544311523 89.7686386108398 90.1172485351562 90.7402191162109 91.2530288696289 91.440185546875 91.6054992675781 92.0317459106445 91.9765090942383 92.1330261230469 92.7298126220703 94.3815078735352 95.7116241455078 96.0940475463867 96.7076950073242 97.4098434448242 -3.4e+38 96.8013458251953 97.9819946289062 99.1038284301758 99.8511581420898 100.543991088867 100.915054321289 101.287147521973 102.69563293457 103.36075592041 103.738876342773 104.062538146973 104.176834106445 104.062728881836 104.166091918945 105.960899353027 106.960403442383 107.766868591309 108.370307922363 109.509017944336 110.081062316895 110.559471130371 111.098747253418 111.393676757812 111.781112670898 112.28564453125 112.658950805664
86.2315902709961 86.4459915161133 86.8869400024414 87.3271865844727 87.8383026123047 88.3912353515625 88.9088592529297 89.862174987793 90.2368774414062 90.7489318847656 91.2672576904297 91.3663558959961 90.6446228027344 90.8939514160156 92.2682266235352 92.1461334228516 92.5118942260742 93.7614364624023 94.517333984375 95.9083709716797 96.7486419677734 97.4826354980469 97.581169128418 97.5811538696289 98.4289093017578 99.139892578125 99.8866195678711 100.534164428711 101.013122558594 101.410255432129 102.735527038574 103.488708496094 103.837188720703 103.778717041016 103.842620849609 103.442687988281 103.811569213867 106.242874145508 107.210105895996 107.870193481445 108.454109191895 109.62574005127 110.215385437012 110.686225891113 111.216735839844 111.628387451172 112.054641723633 112.471252441406 112.842597961426
86.0389404296875 86.372200012207 86.9332580566406 87.4818878173828 87.8999176025391 88.3774108886719 88.8383483886719 89.9193954467773 90.3403472900391 90.6713104248047 91.1711959838867 91.080436706543 89.8074111938477 90.7031097412109 92.6879425048828 92.5719223022461 92.1827926635742 92.5373916625977 93.2323760986328 96.0459136962891 96.8485565185547 97.4176025390625 97.7744750976562 98.178581237793 98.5604248046875 99.1412124633789 99.8289413452148 100.519241333008 101.132369995117 101.449371337891 102.752738952637 103.443710327148 104.014984130859 104.139785766602 104.085243225098 103.750297546387 105.004035949707 106.721221923828 107.436668395996 108.005996704102 108.514511108398 109.72053527832 110.292724609375 110.915397644043 111.413940429688 111.812957763672 112.275955200195 112.655830383301 113.076751708984
85.9383087158203 86.2339935302734 86.975715637207 87.5412445068359 87.8627243041992 88.2911148071289 88.8001174926758 89.8802490234375 90.2650375366211 90.6580657958984 91.1225814819336 91.0872955322266 90.3285064697266 91.4608383178711 92.112663269043 91.0846481323242 91.2236404418945 92.4122314453125 93.6632308959961 95.859748840332 96.6901779174805 97.2856216430664 97.6724166870117 97.8927001953125 97.9231262207031 98.4977035522461 99.8322067260742 100.573799133301 101.192764282227 101.583290100098 102.587394714355 103.100540161133 104.157333374023 104.405609130859 104.258666992188 104.927398681641 106.13671875 106.963073730469 107.632904052734 108.187477111816 108.756896972656 109.92546081543 110.458168029785 111.051048278809 111.509590148926 111.96312713623 112.360931396484 112.773384094238 113.300102233887
85.8866500854492 86.1523056030273 86.9167175292969 87.3209228515625 87.7216033935547 88.2403182983398 88.8532867431641 89.7566146850586 90.1489639282227 90.5690078735352 91.1199340820312 91.4930038452148 91.2516937255859 90.816032409668 90.2672805786133 89.2023620605469 90.4855194091797 92.2667465209961 94.8445129394531 95.8198471069336 96.6447448730469 97.2234420776367 97.5545806884766 97.8227767944336 97.9007415771484 98.55712890625 99.8437728881836 100.599449157715 101.227066040039 101.653953552246 102.40047454834 102.844596862793 104.163391113281 -3.4e+38 -3.4e+38 -3.4e+38 106.435020446777 107.070487976074 107.719276428223 108.303268432617 108.822608947754 110.04190826416 110.644813537598 111.133018493652 111.537971496582 112.08610534668 112.512420654297 112.925880432129 113.39176940918
85.5785980224609 85.8750305175781 86.8386154174805 87.1556243896484 87.6244888305664 88.1888656616211 88.8463287353516 89.6392593383789 90.0764312744141 90.4119262695312 90.9448699951172 91.5920257568359 91.9570465087891 90.7010879516602 88.4845886230469 88.1011657714844 89.6424560546875 91.7930068969727 95.3713150024414 96.029296875 96.6961669921875 97.1598205566406 97.125862121582 96.859748840332 98.1800079345703 99.0489120483398 99.6623916625977 100.193756103516 101.21745300293 -3.4e+38 101.166000366211 101.998336791992 104.128425598145 -3.4e+38 -3.4e+38 106.041213989258 106.584548950195 107.173110961914 107.741424560547 108.416976928711 108.834609985352 110.03702545166 110.671096801758 111.180229187012 111.801414489746 112.313400268555 112.764190673828 113.223045349121 113.575942993164
