rcp8.5models/CNRM-CM5/sc1gr5.17
NCOLS 261 
NROWS 433 
XLLCORNER 336357.134 
YLLCORNER 654653.479 
CELLSIZE 1000 
NODATA_value -3.4e+38 
[rows 220 to 241 of 433, columns 49 to 97 of 261]
298.674468994141 298.056915283203 297.783721923828 297.646209716797 297.331573486328 296.872100830078 296.728820800781 296.779205322266 296.494384765625 296.521697998047 296.907592773438 296.873138427734 296.388031005859 295.895477294922 295.920349121094 295.656524658203 295.196319580078 295.173309326172 296.19091796875 295.758728027344 295.004119873047 294.853942871094 293.927276611328 293.863708496094 293.960876464844 293.811126708984 293.307739257812 293.691833496094 293.662353515625 293.402099609375 293.596893310547 293.646911621094 293.276916503906 293.346221923828 293.414733886719 293.525299072266 293.561828613281 293.317138671875 292.783416748047 292.159057617188 291.817291259766 291.740142822266 291.633270263672 291.570648193359 291.556304931641 291.789916992188 291.727691650391 291.577758789062 291.415771484375
298.808746337891 298.507385253906 298.130523681641 297.786804199219 297.331390380859 296.78759765625 296.826080322266 296.876129150391 296.85888671875 296.885498046875 297.042297363281 296.992126464844 296.771484375 296.435180664062 296.108001708984 295.597351074219 295.196899414062 295.719360351562 295.989898681641 295.584838867188 294.781829833984 294.730010986328 294.373077392578 294.569610595703 294.443634033203 293.808898925781 293.604248046875 294.021148681641 293.927612304688 293.336700439453 293.286346435547 293.453216552734 293.493530273438 293.840118408203 293.721313476562 293.829528808594 293.758636474609 293.436340332031 292.856597900391 292.509063720703 292.180633544922 290.886596679688 290.985443115234 291.485076904297 291.419006347656 291.529449462891 291.534759521484 291.492919921875 291.360107421875
298.679382324219 298.166015625 297.977264404297 297.725402832031 297.488311767578 296.788909912109 296.924957275391 297.135406494141 297.335754394531 296.902648925781 296.545989990234 296.195922851562 296.291809082031 296.246765136719 295.901763916016 295.596649169922 295.945678710938 296.334930419922 295.887603759766 295.753875732422 295.255462646484 294.846343994141 295.002349853516 295.267639160156 294.889587402344 294.10107421875 293.846466064453 293.993469238281 294.159332275391 293.420349121094 293.423645019531 293.768615722656 293.971527099609 294.093353271484 294.018768310547 294.075866699219 293.910736083984 293.534210205078 293.127899169922 292.732086181641 292.586822509766 291.099304199219 290.684478759766 291.071594238281 291.437774658203 290.780822753906 289.395202636719 290.988708496094 290.997863769531
298.501831054688 297.880004882812 297.778594970703 297.440124511719 297.136138916016 296.971343994141 297.013916015625 297.384582519531 297.15185546875 297.033294677734 296.476440429688 295.834350585938 295.958038330078 296.134063720703 296.008972167969 295.849395751953 296.027465820312 296.129272460938 296.016235351562 296.072998046875 295.415191650391 295.233459472656 295.409362792969 295.376556396484 294.824768066406 294.266876220703 293.9091796875 293.961395263672 294.316650390625 293.659576416016 294.143096923828 294.280395507812 294.339050292969 294.126647949219 293.944580078125 294.157379150391 293.755981445312 293.621795654297 293.336975097656 292.880065917969 293.060119628906 292.004089355469 291.749542236328 291.368713378906 291.729431152344 289.946655273438 286.350311279297 290.008453369141 290.672607421875
298.062286376953 297.843811035156 297.559631347656 297.059326171875 297.003784179688 297.040557861328 297.209381103516 297.443145751953 297.127807617188 297.171630859375 296.989776611328 296.517700195312 296.051300048828 296.142059326172 295.974609375 295.918243408203 296.141876220703 296.741577148438 296.372161865234 295.985626220703 295.826843261719 295.614807128906 295.464721679688 295.201232910156 294.757568359375 294.408111572266 294.201232910156 294.339721679688 294.481506347656 293.707550048828 294.338134765625 294.497497558594 294.464019775391 294.329772949219 294.300903320312 294.257904052734 293.992004394531 293.942230224609 293.447113037109 293.368225097656 293.465545654297 292.353668212891 292.530670166016 292.254425048828 292.307952880859 291.205993652344 289.099243164062 290.770599365234 290.679229736328
297.445739746094 297.607818603516 297.173736572266 297.003692626953 297.0400390625 297.17626953125 297.603973388672 297.204681396484 297.001739501953 296.542602539062 296.545196533203 296.425872802734 296.133209228516 296.029907226562 296.008270263672 296.243316650391 296.403594970703 297.139343261719 296.296844482422 295.924468994141 295.895385742188 295.826904296875 295.563262939453 295.036682128906 294.624298095703 294.596435546875 294.710357666016 294.685363769531 294.447509765625 293.567321777344 293.998260498047 294.482604980469 294.597198486328 294.3994140625 294.468231201172 294.3984375 294.356628417969 294.122344970703 293.77099609375 293.592712402344 293.587463378906 292.423889160156 292.647918701172 292.575042724609 292.512908935547 292.417602539062 292.350006103516 -3.4e+38 290.908843994141
297.247467041016 297.608337402344 297.345825195312 297.196075439453 297.142517089844 297.510620117188 297.661010742188 296.926086425781 296.325622558594 296.127563476562 296.204315185547 296.272399902344 296.540924072266 296.683410644531 296.522155761719 296.789581298828 296.915344238281 297.097930908203 296.142700195312 296.095520019531 295.737152099609 295.529541015625 295.395172119141 294.930938720703 294.596984863281 294.921447753906 295.081848144531 294.537658691406 294.309051513672 293.944793701172 294.193084716797 294.566589355469 294.920593261719 294.548034667969 294.681213378906 294.51123046875 294.483612060547 294.110473632812 293.70458984375 293.773284912109 293.880096435547 292.619384765625 292.716217041016 292.828399658203 292.930328369141 292.567199707031 292.798767089844 292.594207763672 291.982818603516
297.247375488281 297.690246582031 297.495483398438 297.147308349609 297.339630126953 297.690704345703 297.414855957031 296.817779541016 296.5283203125 296.164093017578 295.965026855469 295.914703369141 297.046203613281 296.949584960938 296.60205078125 297.094390869141 297.117950439453 296.704711914062 295.807922363281 295.781280517578 295.507659912109 295.303771972656 295.231262207031 295.156341552734 294.853942871094 295.210876464844 294.974426269531 294.685150146484 294.356506347656 294.355529785156 294.406463623047 294.588958740234 294.963470458984 294.628662109375 294.942291259766 294.485107421875 294.409240722656 294.146728515625 293.667724609375 294.252685546875 293.882690429688 293.162048339844 293.135345458984 293.016815185547 291.795959472656 289.294250488281 292.444946289062 292.597900390625 292.632995605469
297.247314453125 297.705047607422 297.496215820312 297.229644775391 297.685241699219 297.565948486328 297.128173828125 296.854553222656 296.546997070312 296.167816162109 295.934265136719 296.089752197266 297.102020263672 296.668609619141 296.519165039062 297.122222900391 296.718414306641 295.852081298828 295.537628173828 295.576812744141 295.352203369141 295.340179443359 295.333251953125 295.437316894531 295.281311035156 295.360870361328 295.032653808594 295.12109375 294.818634033203 294.435760498047 294.527404785156 294.875030517578 295.023406982422 294.801025390625 295.085083007812 294.4296875 294.469665527344 294.287292480469 293.983825683594 294.375549316406 293.818023681641 293.414123535156 292.997741699219 293.008575439453 292.285400390625 290.351196289062 292.417785644531 292.6669921875 292.806884765625
297.283142089844 297.817108154297 297.748687744141 297.648620605469 297.597503662109 297.149261474609 296.852508544922 296.490783691406 296.685241699219 296.410034179688 296.028198242188 296.126312255859 296.868499755859 296.621734619141 296.452514648438 296.988586425781 296.683837890625 295.789154052734 295.734191894531 295.822235107422 295.367309570312 295.368316650391 295.363800048828 295.441802978516 295.412536621094 295.383422851562 295.345764160156 295.268737792969 294.922546386719 294.8505859375 294.539489746094 294.925659179688 295.099670410156 294.9248046875 295.208129882812 294.396484375 294.207733154297 294.519989013672 294.479675292969 294.519714355469 294.324981689453 293.462249755859 293.131500244141 293.502014160156 293.397979736328 292.745635986328 292.81640625 293.014831542969 292.800628662109
297.419647216797 297.755157470703 297.790740966797 297.671905517578 297.111145019531 296.721343994141 296.426422119141 296.046173095703 296.506958007812 296.866882324219 296.732452392578 296.768188476562 296.945373535156 296.84326171875 296.6865234375 296.999969482422 296.777801513672 296.014343261719 296.091949462891 295.953857421875 295.470489501953 295.643585205078 295.555358886719 295.432006835938 295.455749511719 295.367614746094 295.423614501953 295.330383300781 295.177368164062 295.159118652344 294.909545898438 294.862274169922 295.319671630859 295.103057861328 294.895050048828 294.56494140625 294.418640136719 294.525482177734 294.229858398438 294.228515625 294.233734130859 293.507781982422 293.650573730469 293.772552490234 293.558837890625 293.20263671875 293.206237792969 292.955535888672 292.827575683594
297.979248046875 297.634124755859 297.018676757812 296.788635253906 296.828704833984 296.788787841797 296.775543212891 296.636352539062 296.987182617188 297.179168701172 297.140350341797 297.173004150391 296.766418457031 296.924407958984 297.253509521484 297.216461181641 296.872772216797 296.281982421875 -3.4e+38 -3.4e+38 295.924377441406 295.695434570312 295.654449462891 295.616729736328 295.923858642578 295.903442382812 295.930969238281 295.649719238281 295.694091796875 295.528625488281 295.587524414062 295.603454589844 295.554779052734 295.262451171875 294.875579833984 294.763275146484 294.59619140625 294.219818115234 293.844299316406 293.930511474609 294.032989501953 293.990814208984 294.176452636719 293.68994140625 293.590393066406 293.686553955078 293.589569091797 293.476257324219 293.247314453125
297.789886474609 297.345062255859 296.919250488281 296.827117919922 296.845947265625 297.04345703125 297.405578613281 296.989624023438 297.306396484375 297.366760253906 297.237548828125 296.991638183594 296.674865722656 297.063079833984 297.296997070312 297.336822509766 296.914703369141 296.190368652344 296.1611328125 296.187713623047 296.384185791016 296.194061279297 296.114013671875 296.115386962891 296.315338134766 296.245971679688 296.127777099609 295.730194091797 295.768280029297 295.498443603516 295.474517822266 295.697448730469 295.671539306641 295.482391357422 295.252777099609 295.074340820312 294.652709960938 294.594207763672 294.612152099609 294.548278808594 294.182037353516 294.357299804688 294.264923095703 293.789031982422 293.380310058594 293.3876953125 293.361907958984 293.192779541016 293.053161621094
297.393707275391 297.236541748047 296.938629150391 297.009246826172 297.274047851562 297.414367675781 297.735931396484 297.249664306641 297.327850341797 297.218811035156 297.144927978516 297.085968017578 297.043731689453 297.201416015625 297.119873046875 296.96337890625 296.830474853516 296.513793945312 296.415313720703 296.415405273438 296.520355224609 296.380645751953 296.196563720703 296.000671386719 295.81298828125 295.838134765625 295.772369384766 295.509063720703 295.592376708984 295.520446777344 295.031188964844 295.273345947266 295.605895996094 295.424743652344 295.706726074219 295.332122802734 294.762573242188 294.983917236328 294.854797363281 294.353637695312 294.094329833984 294.684173583984 294.242980957031 293.882354736328 293.519287109375 293.503936767578 293.181671142578 292.89208984375 292.653778076172
297.327301025391 297.285919189453 297.648101806641 297.683807373047 297.620391845703 297.752136230469 297.602905273438 297.398651123047 297.382202148438 297.106262207031 297.012145996094 297.198547363281 297.199584960938 297.131103515625 296.935302734375 296.84228515625 296.722045898438 296.507293701172 296.520324707031 296.195037841797 296.210327148438 296.147857666016 296.087249755859 295.938293457031 295.438018798828 295.400238037109 295.244720458984 295.115936279297 295.693481445312 295.618743896484 295.200866699219 294.728240966797 294.946105957031 294.916839599609 295.435760498047 -3.4e+38 295.046203613281 294.954742431641 294.709747314453 294.33984375 294.298645019531 294.792358398438 294.110137939453 294.074127197266 294.039215087891 293.874389648438 293.343414306641 292.983551025391 292.70703125
297.398468017578 297.378234863281 297.933013916016 297.934753417969 297.693145751953 297.712463378906 297.527404785156 296.901336669922 297.233062744141 297.342498779297 296.830444335938 296.544586181641 296.439605712891 296.187347412109 296.224304199219 296.44873046875 296.164093017578 295.674499511719 295.702117919922 295.614562988281 295.769409179688 295.718658447266 295.704956054688 295.733245849609 295.341857910156 295.033996582031 294.803955078125 294.804809570312 295.378021240234 295.176391601562 295.071441650391 294.913146972656 294.42138671875 294.307983398438 294.960845947266 -3.4e+38 -3.4e+38 295.101745605469 294.897308349609 294.851409912109 294.846801757812 294.765686035156 294.426147460938 294.322113037109 294.143280029297 293.836303710938 293.504669189453 292.855010986328 292.563232421875
297.338500976562 297.753082275391 297.95166015625 297.839508056641 297.729644775391 297.600128173828 297.119323730469 296.638488769531 296.803619384766 297.1337890625 296.825469970703 296.197143554688 296.139770507812 296.022888183594 296.083465576172 296.205810546875 296.09375 295.914764404297 295.7646484375 295.811645507812 295.900970458984 295.749755859375 295.457702636719 295.489074707031 295.361541748047 294.997955322266 294.647735595703 294.715148925781 294.911163330078 294.765502929688 294.723602294922 294.815155029297 294.439300537109 294.339782714844 -3.4e+38 -3.4e+38 295.138549804688 -3.4e+38 -3.4e+38 295.042846679688 294.933654785156 294.743621826172 294.591766357422 294.315582275391 294.018585205078 293.613128662109 293.417449951172 293.174285888672 292.992126464844
297.567352294922 297.949951171875 297.893157958984 297.650970458984 297.075134277344 296.651916503906 296.433166503906 296.232818603516 296.080230712891 296.516876220703 296.893310546875 296.548614501953 296.342407226562 296.558624267578 296.415435791016 296.416839599609 296.349090576172 296.090881347656 296.061492919922 296.034484863281 295.902893066406 295.690368652344 295.360809326172 295.196746826172 295.534088134766 295.281036376953 294.847106933594 294.811340332031 294.639770507812 294.624359130859 294.550354003906 294.339935302734 294.381469726562 294.39599609375 -3.4e+38 -3.4e+38 -3.4e+38 294.983276367188 294.591613769531 294.504821777344 294.369720458984 294.579406738281 294.578094482422 294.390533447266 294.007720947266 293.630676269531 293.564056396484 293.533325195312 293.192230224609
297.575988769531 297.665313720703 297.592864990234 297.351928710938 296.892700195312 296.485290527344 296.191040039062 296.053619384766 296.003692626953 296.146789550781 296.422424316406 296.517272949219 296.558471679688 296.348602294922 296.318389892578 296.39013671875 295.996643066406 295.6640625 295.631439208984 295.65576171875 295.653289794922 295.510284423828 295.311950683594 295.357849121094 295.679626464844 295.329193115234 294.759735107422 294.729858398438 294.614929199219 294.437347412109 294.205322265625 294.158569335938 294.28515625 294.267852783203 -3.4e+38 -3.4e+38 294.887390136719 294.840209960938 294.780242919922 294.334289550781 293.979309082031 294.446258544922 294.31884765625 294.373077392578 294.419830322266 294.144653320312 293.715911865234 293.683410644531 293.318420410156
297.520080566406 297.558990478516 297.461791992188 297.055572509766 296.891784667969 296.742767333984 296.409454345703 296.330322265625 296.12890625 296.334869384766 296.436492919922 296.265380859375 296.058380126953 295.741180419922 295.769317626953 295.807373046875 295.500885009766 295.268829345703 295.3115234375 295.374694824219 295.248107910156 294.937225341797 294.748138427734 294.948425292969 295.404205322266 295.590209960938 295.348052978516 295.115753173828 294.684417724609 294.205261230469 293.549163818359 293.678466796875 294.175659179688 294.305358886719 294.676086425781 -3.4e+38 294.844268798828 294.498443603516 294.795928955078 294.690277099609 294.122131347656 293.987335205078 294.103424072266 293.968109130859 294.08984375 294.001708984375 293.705444335938 293.788726806641 293.539642333984
297.401794433594 297.276763916016 297.271453857422 296.889556884766 296.663116455078 296.318145751953 296.450775146484 296.685272216797 296.389617919922 296.241943359375 296.265808105469 296.240203857422 296.0537109375 295.872222900391 295.531097412109 295.490936279297 295.389739990234 295.352844238281 294.911682128906 295.011901855469 294.949859619141 294.586547851562 294.513641357422 294.586608886719 294.828002929688 295.083953857422 295.270233154297 295.302185058594 294.971466064453 294.381011962891 293.506500244141 293.162933349609 293.700286865234 294.273254394531 294.445526123047 294.820495605469 -3.4e+38 294.321990966797 294.487335205078 294.673431396484 294.411895751953 293.715148925781 293.897033691406 293.662872314453 293.545532226562 293.765686035156 293.499328613281 293.262847900391 293.527282714844
297.043640136719 296.829437255859 296.807281494141 296.551239013672 296.273376464844 296.216674804688 296.667083740234 296.358856201172 296.219268798828 296.096649169922 296.095886230469 296.159454345703 295.796203613281 295.776977539062 295.959838867188 295.790893554688 295.484191894531 295.499786376953 294.874114990234 294.645690917969 294.636810302734 294.490478515625 294.568634033203 294.472015380859 294.41845703125 294.688842773438 294.843811035156 294.954620361328 294.728179931641 294.475402832031 293.775665283203 293.594299316406 293.462249755859 293.887145996094 294.281616210938 294.680206298828 294.933746337891 294.223022460938 294.234313964844 294.552490234375 294.448211669922 293.595916748047 293.620391845703 293.704711914062 293.497283935547 293.305389404297 292.796875 292.431427001953 293.290893554688
