rcp8.5models/CNRM-CM5/sc1gr4.29
NCOLS 261 
NROWS 433 
XLLCORNER 336357.134 
YLLCORNER 654653.479 
CELLSIZE 1000 
NODATA_value -3.4e+38 
[rows 330 to 351 of 433, columns 98 to 146 of 261]
258.297790527344 251.029052734375 244.220642089844 239.276596069336 236.157852172852 240.118148803711 231.530670166016 212.715835571289 201.832458496094 203.337921142578 204.560317993164 205.251480102539 206.991989135742 206.959838867188 -3.4e+38 -3.4e+38 216.021194458008 212.770324707031 217.05778503418 223.221725463867 -3.4e+38 -3.4e+38 223.663803100586 218.061187744141 215.650924682617 214.446395874023 205.448287963867 193.61360168457 192.950927734375 202.784606933594 205.019729614258 202.824417114258 201.041458129883 201.156372070312 203.734008789062 205.251541137695 204.244232177734 205.661010742188 207.481369018555 205.816009521484 200.838027954102 193.829696655273 186.00341796875 180.099334716797 179.723114013672 185.110916137695 186.770980834961 186.11848449707 200.738082885742
257.289154052734 252.574447631836 246.283157348633 233.390350341797 223.588897705078 229.988037109375 231.013198852539 217.468322753906 204.239212036133 197.637451171875 194.594604492188 195.355102539062 200.456146240234 201.82405090332 219.983963012695 -3.4e+38 221.622619628906 219.561538696289 218.281524658203 216.402572631836 217.672607421875 222.437927246094 224.46208190918 223.653259277344 220.080200195312 215.888397216797 208.333786010742 199.571441650391 193.136047363281 190.935897827148 193.507675170898 196.587524414062 195.479858398438 198.078247070312 202.129806518555 203.925720214844 202.300735473633 200.814178466797 200.819412231445 202.004364013672 202.004501342773 196.2724609375 189.809722900391 181.205459594727 174.576309204102 177.559799194336 181.961120605469 182.739974975586 201.894760131836
257.996490478516 254.50895690918 253.693176269531 239.511322021484 225.6416015625 223.632629394531 223.742034912109 218.577713012695 208.877105712891 195.918060302734 190.369812011719 194.182052612305 203.318008422852 209.35368347168 220.448181152344 224.419921875 -3.4e+38 -3.4e+38 221.260665893555 216.812759399414 212.939910888672 215.256866455078 221.136993408203 225.370834350586 224.117660522461 218.870422363281 212.303192138672 207.130996704102 199.986938476562 188.561401367188 184.619171142578 191.156402587891 194.512847900391 197.782165527344 200.726348876953 203.483825683594 203.113403320312 199.773895263672 196.335922241211 194.397613525391 194.085525512695 190.590057373047 185.360092163086 178.108139038086 171.646026611328 171.388168334961 176.087249755859 180.963470458984 197.438217163086
259.208099365234 253.56364440918 254.725875854492 240.647796630859 231.667266845703 225.042892456055 219.860565185547 217.206756591797 210.382232666016 199.328948974609 197.21403503418 204.756622314453 212.833724975586 216.497268676758 -3.4e+38 -3.4e+38 -3.4e+38 -3.4e+38 220.516708374023 218.867111206055 215.486907958984 213.117294311523 215.138092041016 220.050918579102 222.787338256836 220.296127319336 214.138916015625 211.158172607422 205.860427856445 197.65168762207 190.036056518555 190.530197143555 196.671691894531 199.927581787109 200.528350830078 200.59455871582 200.838638305664 197.818725585938 193.23844909668 188.307373046875 184.215576171875 182.258071899414 179.305160522461 174.95344543457 171.601531982422 171.132675170898 174.848129272461 183.113830566406 192.961135864258
260.754577636719 259.488739013672 259.288604736328 234.547073364258 225.079208374023 222.33268737793 218.671005249023 214.30012512207 206.34228515625 196.281158447266 195.32112121582 202.848388671875 207.961791992188 211.366775512695 217.202819824219 224.233581542969 -3.4e+38 -3.4e+38 220.979598999023 218.907928466797 217.030883789062 214.652648925781 212.935974121094 213.178924560547 216.336303710938 217.723663330078 215.718826293945 214.721969604492 212.03645324707 207.007659912109 201.019012451172 196.959075927734 199.298690795898 201.647537231445 200.783966064453 198.454376220703 198.176452636719 193.341827392578 187.195587158203 182.632568359375 176.723739624023 173.540939331055 175.530487060547 174.497268676758 172.625183105469 172.413681030273 173.916610717773 178.344848632812 192.761947631836
254.366287231445 259.077667236328 260.732421875 246.169387817383 233.410369873047 227.249267578125 222.49284362793 211.223297119141 199.505889892578 190.199478149414 189.265701293945 194.743240356445 196.739852905273 200.701049804688 215.558624267578 223.535797119141 222.443634033203 221.144180297852 219.567077636719 217.159286499023 216.232635498047 215.699569702148 213.894897460938 210.835494995117 209.5732421875 210.367401123047 213.802444458008 214.741790771484 215.78466796875 214.226470947266 209.778350830078 204.07160949707 200.722686767578 198.669982910156 199.079742431641 197.978775024414 195.07991027832 189.265533447266 181.693405151367 175.525360107422 172.104736328125 170.515396118164 173.016250610352 173.398895263672 172.937423706055 172.820648193359 172.389511108398 172.585418701172 185.497741699219
256.063201904297 260.387481689453 262.002136230469 263.845703125 266.151519775391 258.546661376953 243.003356933594 229.662170410156 212.121231079102 194.979766845703 195.995208740234 197.994384765625 201.456192016602 205.248092651367 209.078872680664 209.42431640625 204.246658325195 192.993850708008 191.468780517578 201.558517456055 209.766265869141 212.642395019531 214.104843139648 213.133895874023 207.724151611328 200.383560180664 198.727569580078 200.503936767578 204.586898803711 209.934188842773 212.089065551758 207.917617797852 203.209930419922 197.644760131836 196.048187255859 193.76335144043 188.621383666992 177.552947998047 174.552673339844 170.198669433594 169.756439208984 172.455535888672 173.986267089844 173.971206665039 174.774810791016 174.795257568359 178.642974853516 183.556304931641 198.711273193359
261.007415771484 260.048675537109 259.988708496094 259.893920898438 267.147735595703 265.701873779297 252.131286621094 240.667846679688 220.051239013672 199.172882080078 198.204238891602 197.034790039062 199.004470825195 201.890029907227 198.401412963867 196.796859741211 195.614471435547 190.609588623047 187.283004760742 196.305511474609 209.711288452148 212.473052978516 209.483764648438 208.764511108398 209.623672485352 200.844024658203 195.305404663086 196.856567382812 198.010986328125 202.397262573242 202.696212768555 199.860153198242 198.896667480469 196.866119384766 197.043167114258 196.823379516602 193.349578857422 178.207061767578 177.066070556641 175.118759155273 172.92268371582 173.850555419922 176.870559692383 182.429412841797 183.919677734375 183.112884521484 193.937591552734 203.292343139648 215.471420288086
258.590148925781 259.273529052734 260.860717773438 261.162719726562 263.263122558594 266.617828369141 262.123779296875 248.707489013672 227.656280517578 213.154571533203 208.811553955078 202.35546875 200.742706298828 201.033645629883 194.718719482422 189.465881347656 190.178085327148 189.386367797852 187.694320678711 195.229263305664 206.950897216797 206.284912109375 200.963790893555 200.752456665039 206.264663696289 202.857391357422 190.765487670898 189.581130981445 193.897155761719 198.150970458984 198.936050415039 199.551315307617 200.424285888672 199.348480224609 197.768585205078 197.883804321289 195.991363525391 181.743362426758 175.988754272461 174.41374206543 175.895355224609 176.738586425781 183.797912597656 195.226348876953 195.005264282227 196.592803955078 211.330627441406 220.328994750977 231.316696166992
258.726287841797 264.219665527344 265.858001708984 265.108489990234 265.136627197266 266.220123291016 266.025451660156 260.680633544922 245.971557617188 235.13818359375 227.68994140625 220.880783081055 214.228729248047 211.685638427734 212.016357421875 200.378570556641 193.649002075195 192.636932373047 192.124099731445 192.668518066406 195.664505004883 195.062026977539 194.895324707031 195.998764038086 199.081848144531 201.533462524414 190.799575805664 185.179840087891 186.636489868164 192.05387878418 196.757110595703 197.687316894531 198.757263183594 200.670776367188 198.456726074219 195.647171020508 193.752243041992 186.55859375 184.742645263672 184.812896728516 182.885192871094 186.768676757812 197.316848754883 203.084701538086 194.023803710938 195.692001342773 210.76579284668 224.44499206543 238.8681640625
259.864074707031 265.383056640625 268.067932128906 269.036560058594 268.169281005859 270.216278076172 269.410980224609 268.465454101562 260.377502441406 254.181564331055 247.610427856445 238.381103515625 229.734115600586 229.005020141602 228.560638427734 215.455764770508 207.314910888672 208.358795166016 207.851043701172 201.019927978516 197.509078979492 199.863082885742 197.188018798828 196.74348449707 197.568435668945 199.779434204102 190.420806884766 186.233642578125 186.278747558594 189.735549926758 195.252853393555 195.970565795898 196.134994506836 197.873031616211 194.292114257812 195.162689208984 197.513031005859 195.567901611328 201.501327514648 200.710784912109 192.0673828125 199.732315063477 212.118469238281 203.640777587891 191.271179199219 194.875045776367 211.564544677734 225.165725708008 240.092849731445
257.639068603516 263.415618896484 267.856811523438 274.495056152344 268.571411132812 270.62841796875 274.776275634766 270.728179931641 266.151611328125 263.667114257812 258.504241943359 249.525085449219 243.038711547852 241.200927734375 235.002578735352 223.401794433594 219.785827636719 223.608032226562 223.751708984375 219.196640014648 217.332427978516 216.289337158203 210.053100585938 205.163787841797 197.853454589844 196.551788330078 190.509979248047 195.193130493164 200.775543212891 196.291107177734 202.666534423828 209.333541870117 206.760482788086 202.745300292969 203.680191040039 209.20361328125 213.389892578125 215.020294189453 217.023376464844 210.207733154297 202.323425292969 212.86051940918 218.235626220703 201.274993896484 198.513595581055 214.100051879883 225.324493408203 232.296630859375 240.222381591797
258.840270996094 265.214111328125 267.380462646484 276.696716308594 274.071380615234 274.086700439453 274.716522216797 271.682891845703 269.399200439453 266.794219970703 262.197937011719 256.40478515625 251.157150268555 247.350067138672 239.841827392578 230.842956542969 226.89958190918 229.557479858398 232.145446777344 234.101379394531 235.253479003906 232.609176635742 229.700286865234 222.293304443359 210.912673950195 206.555297851562 202.756240844727 212.599533081055 217.660827636719 211.505706787109 216.433303833008 224.023345947266 222.779434204102 217.936828613281 218.819183349609 222.377716064453 226.862701416016 230.149353027344 229.281860351562 221.821075439453 218.522064208984 225.2001953125 220.253448486328 211.474975585938 216.377502441406 227.370635986328 232.391998291016 239.045623779297 246.676773071289
260.96240234375 268.589965820312 268.321166992188 273.741577148438 275.821716308594 278.091705322266 271.214385986328 268.482696533203 266.364440917969 264.451446533203 262.349151611328 259.110473632812 253.665679931641 248.944259643555 243.492233276367 238.304077148438 234.359985351562 232.435684204102 231.23664855957 234.838409423828 240.326629638672 240.98323059082 240.341903686523 236.953765869141 232.11555480957 227.73811340332 220.939743041992 227.022598266602 230.051071166992 228.765441894531 229.637603759766 231.208206176758 230.325088500977 228.041427612305 223.685317993164 222.27668762207 225.098709106445 232.77033996582 236.023727416992 235.150527954102 234.612152099609 233.714019775391 229.045913696289 229.609268188477 233.793106079102 235.32878112793 239.511749267578 245.939331054688 253.092132568359
262.977233886719 269.262481689453 265.624084472656 273.805908203125 275.889434814453 275.639556884766 268.401092529297 266.347747802734 264.408020019531 261.361938476562 261.175903320312 261.607849121094 257.900909423828 254.049133300781 246.017944335938 243.576858520508 240.26904296875 235.340286254883 231.623931884766 231.027786254883 234.168334960938 237.237823486328 241.13996887207 243.213790893555 242.638946533203 238.532760620117 232.705627441406 235.545913696289 237.539321899414 238.277801513672 238.14680480957 238.020706176758 237.845687866211 235.357849121094 229.510955810547 227.554214477539 224.398651123047 225.07844543457 235.737503051758 242.694381713867 243.590744018555 241.848480224609 241.302642822266 242.153427124023 243.405654907227 245.604705810547 247.500686645508 251.178268432617 255.43684387207
262.202331542969 266.672546386719 264.400115966797 275.433898925781 275.645965576172 274.624114990234 271.080780029297 269.030670166016 267.911529541016 266.963592529297 268.396484375 268.779846191406 265.965942382812 264.723449707031 251.515991210938 246.213516235352 241.719024658203 238.989685058594 237.395294189453 235.446197509766 233.474945068359 233.013870239258 236.44905090332 238.203399658203 242.046295166016 243.946380615234 241.881530761719 243.285888671875 242.878982543945 244.598663330078 246.029541015625 246.949813842773 247.73942565918 245.599487304688 240.913619995117 237.804534912109 232.39306640625 224.89958190918 236.670043945312 246.025802612305 248.348739624023 247.919281005859 248.508438110352 248.698104858398 249.356109619141 250.705703735352 251.869201660156 254.826812744141 259.286468505859
267.894317626953 266.847015380859 267.563598632812 275.824188232422 274.505584716797 273.311767578125 271.432403564453 270.469055175781 270.215759277344 270.818450927734 272.837524414062 272.736511230469 270.351715087891 269.972595214844 260.423706054688 253.555465698242 249.193710327148 248.041168212891 245.041305541992 242.483749389648 240.19075012207 235.88703918457 233.846786499023 235.309234619141 242.072418212891 247.068695068359 248.118743896484 248.857620239258 249.13020324707 249.573120117188 250.429809570312 250.579254150391 249.044662475586 249.525802612305 250.476837158203 247.02278137207 244.613983154297 240.941421508789 244.860061645508 250.135498046875 -3.4e+38 250.647338867188 250.311111450195 250.781845092773 251.263305664062 253.807098388672 256.297912597656 257.789093017578 258.153869628906
274.781188964844 270.038238525391 270.893524169922 272.845703125 272.962585449219 272.218353271484 271.366149902344 271.596618652344 271.641937255859 271.852935791016 271.52734375 270.599456787109 267.862030029297 264.240051269531 265.510925292969 262.997589111328 258.383483886719 254.183807373047 250.423538208008 247.31640625 244.87858581543 239.753509521484 235.638397216797 237.602478027344 243.683410644531 247.432189941406 250.18473815918 250.69677734375 250.961685180664 251.210830688477 250.943084716797 249.748886108398 246.941177368164 247.1103515625 250.005126953125 250.287612915039 251.611618041992 252.45947265625 252.753677368164 253.946365356445 252.539947509766 251.978210449219 252.228393554688 252.406799316406 251.525115966797 254.061264038086 256.743316650391 256.455261230469 255.181503295898
277.225280761719 277.119903564453 272.510650634766 260.833679199219 265.554840087891 268.929138183594 268.934997558594 269.159088134766 270.665771484375 270.105163574219 266.905120849609 262.401519775391 256.207214355469 251.272247314453 256.266723632812 259.166900634766 257.690765380859 256.142883300781 256.064331054688 253.938552856445 246.528228759766 240.191482543945 235.471221923828 234.177764892578 235.609954833984 238.734359741211 242.431549072266 246.063354492188 249.355255126953 251.000061035156 251.884414672852 251.376388549805 250.860931396484 250.495666503906 249.739776611328 249.194976806641 249.993423461914 253.242614746094 253.753524780273 254.881759643555 -3.4e+38 -3.4e+38 256.457580566406 256.188018798828 255.494430541992 254.174301147461 254.651138305664 255.993667602539 254.117904663086
277.170227050781 277.313140869141 275.176544189453 263.240051269531 268.567565917969 271.5234375 268.693359375 266.456848144531 268.337097167969 269.088958740234 267.426208496094 263.934906005859 255.138061523438 250.14990234375 252.083404541016 252.400817871094 251.686431884766 250.519104003906 249.011169433594 247.758544921875 244.124542236328 239.975814819336 235.331665039062 233.924530029297 234.493713378906 232.59196472168 234.202423095703 239.473754882812 245.389343261719 249.409362792969 250.972229003906 251.470947265625 251.620391845703 251.117614746094 250.862335205078 250.205749511719 249.285552978516 252.230407714844 251.799591064453 251.300765991211 252.954147338867 -3.4e+38 256.993713378906 257.493713378906 258.071197509766 257.169616699219 257.497314453125 259.889984130859 257.974395751953
276.522277832031 277.521575927734 277.502471923828 270.008117675781 271.196350097656 272.610626220703 270.725646972656 269.540588378906 270.321746826172 269.505126953125 268.00146484375 265.670989990234 260.464660644531 255.717712402344 245.286499023438 244.556091308594 246.52278137207 242.531967163086 237.672607421875 236.663375854492 235.411102294922 233.448989868164 232.368774414062 232.347625732422 232.683898925781 230.390487670898 232.527847290039 235.534729003906 241.595672607422 248.176940917969 249.746978759766 250.640197753906 251.696548461914 251.566101074219 251.723419189453 250.30192565918 248.635070800781 251.315063476562 250.306945800781 250.147079467773 252.427703857422 254.406707763672 -3.4e+38 256.889343261719 256.431457519531 255.466003417969 256.211761474609 259.591949462891 264.075378417969
274.444274902344 275.488128662109 276.417510986328 273.891723632812 270.227874755859 267.377838134766 267.873809814453 270.133270263672 271.148193359375 271.369201660156 269.389984130859 266.772979736328 266.397277832031 264.905120849609 249.605422973633 244.400360107422 245.34504699707 241.487045288086 237.337020874023 236.792434692383 233.077484130859 226.51448059082 219.920974731445 217.651397705078 216.651779174805 214.795501708984 226.131530761719 231.773193359375 239.201034545898 247.020050048828 250.151947021484 250.24983215332 250.877532958984 251.485916137695 252.349990844727 251.245391845703 250.230575561523 251.117721557617 249.584518432617 250.283020019531 252.314025878906 252.94660949707 -3.4e+38 -3.4e+38 -3.4e+38 251.731094360352 253.441070556641 257.652221679688 263.270904541016
