rcp8.5models/CNRM-CM5/sc1gr7.15
NCOLS 261 
NROWS 433 
XLLCORNER 336357.134 
YLLCORNER 654653.479 
CELLSIZE 1000 
NODATA_value -3.4e+38 
[rows 242 to 263 of 433, columns 98 to 146 of 261]
66.7558135986328 66.801139831543 66.3808135986328 65.5894546508789 65.2217025756836 64.9170761108398 64.651741027832 -3.4e+38 64.2224197387695 64.1419143676758 64.0026931762695 63.8571891784668 63.8529052734375 63.8810806274414 64.1304168701172 64.5264663696289 64.6062545776367 64.0720291137695 64.3372039794922 64.5836639404297 64.9301071166992 65.5093002319336 66.3182678222656 66.8227005004883 67.1858978271484 67.7211685180664 70.2362899780273 -3.4e+38 70.9252471923828 70.9090042114258 70.8964309692383 71.3335723876953 72.1271057128906 72.4279556274414 72.8665466308594 73.5366668701172 73.4648666381836 74.7248306274414 74.5096588134766 74.6084823608398 75.5399398803711 76.9008636474609 77.3546295166016 77.0058441162109 77.3507080078125 77.6655044555664 78.1554718017578 78.7918701171875 79.9729080200195
65.1038436889648 64.1983032226562 65.0052642822266 64.5371322631836 64.2526321411133 63.948787689209 63.6430587768555 63.3919219970703 63.1849708557129 63.0224876403809 62.9787254333496 62.9514846801758 62.8699531555176 62.9314231872559 63.1758880615234 63.3366355895996 63.4309043884277 63.0550384521484 63.1843376159668 63.5027656555176 64.0119171142578 64.5844573974609 65.2898330688477 65.7974853515625 66.2471160888672 66.9908065795898 68.5594177246094 69.4798126220703 69.8354873657227 69.8572998046875 70.2372970581055 70.5146331787109 71.5161895751953 72.8595123291016 72.4548416137695 72.7761383056641 73.1754150390625 74.2683715820312 74.5038604736328 74.4937438964844 75.1681900024414 76.2649536132812 76.9887619018555 77.3546295166016 77.4977188110352 77.5889511108398 78.0634613037109 78.6668090820312 80.0194931030273
64.0625076293945 63.0969581604004 64.4888610839844 64.0126571655273 63.5967140197754 63.4137420654297 63.0988311767578 62.9048728942871 62.7392692565918 62.5456581115723 62.5038604736328 62.4715957641602 62.4201469421387 62.4884300231934 62.5767822265625 62.5533981323242 62.698112487793 61.910961151123 62.352222442627 62.8925476074219 63.5223922729492 64.1757202148438 64.7854156494141 65.2409133911133 65.7917785644531 66.7162017822266 68.2874221801758 68.9506072998047 69.2924118041992 69.2823944091797 69.5203018188477 69.8826751708984 71.0995101928711 72.8419494628906 72.8139038085938 72.3018417358398 72.6940765380859 73.9031753540039 74.3166885375977 74.3397827148438 75.0193634033203 75.8862991333008 76.5485305786133 76.9872512817383 77.3907775878906 77.5815505981445 78.0349884033203 78.6182327270508 80.0108184814453
62.406623840332 60.1624526977539 64.2709503173828 63.3423347473145 62.9397315979004 62.9395599365234 62.5853691101074 62.4304885864258 62.277515411377 62.1036376953125 62.0118637084961 61.9598808288574 61.9451522827148 61.9950523376465 61.6209144592285 61.9238319396973 62.1135444641113 60.793155670166 60.5880966186523 61.4909324645996 62.9405632019043 63.7387199401855 64.2241973876953 64.597038269043 65.163703918457 66.2281112670898 67.8329315185547 68.2170715332031 68.6855773925781 68.8070907592773 69.0407104492188 69.9809036254883 71.8251571655273 73.4550933837891 73.5968170166016 71.9833602905273 72.2792663574219 73.2596969604492 73.7992324829102 74.2010650634766 74.8737335205078 75.494873046875 75.9331741333008 76.5316009521484 77.1040115356445 77.5541610717773 77.9692764282227 78.5435638427734 79.977668762207
62.4902114868164 60.3061790466309 63.8610305786133 62.9561042785645 62.6572952270508 62.5203819274902 62.1905174255371 61.9480247497559 61.7984619140625 61.6645164489746 61.5338745117188 61.4811058044434 61.4708366394043 61.5542831420898 60.604808807373 61.2094268798828 61.9983520507812 60.5921287536621 59.429328918457 61.0574073791504 62.3940162658691 63.1016044616699 63.6366233825684 63.9385757446289 64.5446166992188 65.5684967041016 66.9898834228516 67.4729385375977 67.9366989135742 68.0088958740234 68.6898422241211 70.0955276489258 71.6703720092773 73.0823364257812 73.5094451904297 73.4822769165039 73.8465118408203 72.9397125244141 73.5487747192383 73.8969955444336 74.6422729492188 75.0540466308594 75.3694610595703 76.1258239746094 76.7448043823242 77.304817199707 77.8445510864258 78.4492492675781 79.9256896972656
63.4914665222168 62.5928916931152 63.4280891418457 62.6620216369629 62.3141899108887 62.0463905334473 61.7785873413086 61.5069694519043 61.3809356689453 61.2547264099121 61.1106071472168 61.0559730529785 61.0283164978027 61.078971862793 60.3764190673828 60.8559226989746 61.5667190551758 60.1094818115234 59.1716423034668 61.497257232666 62.0743751525879 62.5500869750977 63.0861053466797 63.4576377868652 64.1200256347656 64.8937606811523 66.0658416748047 66.7637252807617 67.2944030761719 67.3806381225586 68.5018310546875 70.8643035888672 71.5519485473633 74.1414413452148 77.8108444213867 73.8535003662109 74.1814575195312 72.6613311767578 73.036506652832 73.4249420166016 74.1766052246094 74.6223678588867 74.9900665283203 75.810661315918 76.1594924926758 77.0722579956055 77.7458572387695 78.3922882080078 79.7942199707031
63.6626358032227 63.2661590576172 62.9935340881348 62.2891082763672 61.9438858032227 61.6264152526855 61.376636505127 61.2026824951172 61.0255355834961 60.8583526611328 60.7253570556641 60.6465644836426 60.638614654541 60.6501312255859 60.5737495422363 60.8833923339844 61.1096382141113 60.1485748291016 59.6057243347168 61.2419509887695 61.6424674987793 62.2277336120605 62.6544532775879 63.0471305847168 63.7135772705078 64.3233413696289 65.5989608764648 66.3012390136719 66.8649749755859 67.0352935791016 68.1393508911133 70.4653091430664 70.7183380126953 75.175048828125 79.5602951049805 72.6104888916016 73.4107894897461 71.7389526367188 72.2005920410156 72.8550720214844 73.4319610595703 74.0117645263672 74.6792221069336 75.375358581543 75.6432495117188 76.9452896118164 77.6795806884766 78.3846588134766 79.6837997436523
63.1721153259277 62.8302001953125 62.545108795166 61.4234733581543 61.6345672607422 61.3317260742188 61.0782356262207 60.8946266174316 60.6496429443359 60.5139961242676 60.3882789611816 60.3274841308594 60.2950782775879 60.2739753723145 60.3656768798828 60.5508460998535 60.7910766601562 60.5570487976074 59.9675941467285 60.6616554260254 61.0872383117676 61.7908210754395 62.1905746459961 62.5782737731934 63.1691780090332 63.8174476623535 65.1839828491211 65.846549987793 66.3485412597656 66.6126174926758 68.1767501831055 70.3746719360352 69.4846420288086 71.9729614257812 74.6304931640625 72.3715057373047 71.5013961791992 71.0166625976562 71.6064682006836 72.0595779418945 72.702262878418 73.3899002075195 74.0653076171875 74.8075408935547 75.1409301757812 76.6539154052734 77.485221862793 78.2598190307617 79.6557693481445
62.8115081787109 62.3175315856934 62.1103744506836 60.3874282836914 61.345573425293 61.040943145752 60.7192344665527 60.4939002990723 60.2820625305176 60.1625328063965 60.0351600646973 59.988452911377 59.9196243286133 59.8944625854492 60.0177230834961 60.1296005249023 60.3727951049805 60.2177352905273 59.7401351928711 60.3179931640625 60.8361740112305 61.3158531188965 61.6757354736328 62.2305374145508 62.9114723205566 63.5424957275391 64.7451629638672 65.1877517700195 65.4923400878906 65.9604110717773 67.6201019287109 70.5975723266602 71.0434341430664 70.6988983154297 71.4140472412109 72.5745162963867 70.6146850585938 70.650146484375 71.3185424804688 71.4886627197266 72.2774505615234 73.0611114501953 73.696159362793 74.8382797241211 74.6401748657227 76.4429473876953 77.2011032104492 78.0510864257812 79.5139007568359
62.7057914733887 62.2003059387207 61.9413032531738 60.4568176269531 61.0176620483398 60.7482643127441 60.400089263916 60.1531677246094 60.0222816467285 59.8601837158203 59.7418022155762 59.6579322814941 59.5349578857422 59.5120048522949 59.7095375061035 59.8187713623047 59.9778594970703 59.8198585510254 59.5075073242188 60.0791511535645 60.5690612792969 60.9028739929199 61.153881072998 61.7492256164551 62.4791030883789 63.0953407287598 64.2311935424805 64.6241607666016 64.785285949707 65.4124526977539 66.7250061035156 69.0989990234375 69.994743347168 69.5095138549805 70.2755813598633 72.6401290893555 71.3019638061523 71.5565872192383 72.551513671875 71.0801467895508 71.8931655883789 72.7113037109375 73.2940292358398 74.6374359130859 74.1583023071289 75.934684753418 76.6963272094727 77.7612686157227 79.2272262573242
62.4880676269531 62.1046371459961 61.7940139770508 60.8334579467773 60.6921424865723 60.5503540039062 60.1506080627441 59.8554000854492 59.753532409668 59.6238784790039 59.4918594360352 59.3919677734375 59.265869140625 59.1506500244141 59.3710899353027 59.4822463989258 59.5948219299316 59.389232635498 59.0220222473145 59.6462097167969 60.1490249633789 60.4465637207031 60.7187767028809 61.2419509887695 61.8790626525879 62.4651069641113 63.6659088134766 64.068962097168 64.4229888916016 65.3644104003906 66.4301147460938 67.8257522583008 68.1958770751953 68.8495941162109 69.4573440551758 71.9271697998047 73.5272598266602 73.2513046264648 73.5810089111328 71.8616714477539 71.7047958374023 71.9502487182617 72.5723495483398 73.5735778808594 73.6100997924805 75.0649871826172 75.6869201660156 77.1975936889648 78.7768478393555
62.3205299377441 61.9134063720703 61.5642929077148 60.8719291687012 60.5283088684082 60.3207817077637 59.9584808349609 59.6735954284668 59.5102233886719 59.3670234680176 59.1902275085449 59.1091079711914 59.0460586547852 58.9414024353027 59.0355491638184 59.0584526062012 58.9977645874023 58.719367980957 58.5974273681641 59.2577056884766 59.7856941223145 60.1077461242676 60.3996238708496 60.8705825805664 61.5227012634277 62.0159721374512 63.0467910766602 63.5972862243652 64.1320343017578 64.7711791992188 66.4735870361328 69.2975769042969 69.0516204833984 69.5073089599609 71.5055618286133 75.1571197509766 78.1069946289062 72.3107070922852 73.2730331420898 72.9573516845703 71.1536712646484 71.3777313232422 72.109977722168 72.2040481567383 73.1167449951172 74.9918441772461 75.8659973144531 77.1377792358398 78.5913696289062
62.1724510192871 61.783130645752 61.3706550598145 60.7785911560059 60.3967666625977 -3.4e+38 59.7924194335938 59.5553092956543 59.3638114929199 59.1280975341797 58.9355697631836 58.9134635925293 58.826488494873 58.7636489868164 58.749584197998 58.7609939575195 58.4003372192383 57.9141311645508 58.3405532836914 58.9208831787109 59.486759185791 59.8102874755859 60.0552444458008 60.5648155212402 61.2241897583008 61.7145576477051 62.5946578979492 63.1482887268066 63.6684455871582 63.8448143005371 65.5813369750977 68.4645309448242 68.7280883789062 69.0091857910156 69.9466705322266 74.6149063110352 78.332878112793 71.6838073730469 72.4406356811523 71.2246017456055 70.4607620239258 71.4901123046875 72.0121154785156 71.7617034912109 73.3250885009766 75.1410903930664 76.0302963256836 76.9946823120117 78.6213226318359
61.8938407897949 61.5785331726074 61.2134056091309 60.5716171264648 60.2427825927734 -3.4e+38 59.6288528442383 59.3248062133789 59.0311431884766 58.7085266113281 58.5191421508789 58.449462890625 58.3728981018066 58.3385848999023 58.2639656066895 58.2717056274414 58.3481292724609 57.8621673583984 57.2984619140625 57.9977684020996 58.7752304077148 59.1696014404297 59.4077110290527 59.8404922485352 60.5104522705078 60.9721908569336 61.7517318725586 62.0960731506348 62.6534957885742 63.0779838562012 63.5827217102051 64.2982711791992 65.7214202880859 67.7945404052734 67.060417175293 71.4545516967773 81.2937698364258 69.4354782104492 71.2885284423828 70.5746002197266 72.1973648071289 71.5869750976562 69.9128646850586 71.9168930053711 72.2206954956055 71.085075378418 71.8824234008789 73.6646881103516 76.2847137451172
61.8331184387207 61.5058631896973 61.1177024841309 60.4300994873047 60.0841064453125 59.7802848815918 59.4861373901367 59.0050048828125 58.6285095214844 58.6016731262207 58.3146324157715 58.3413009643555 58.2636184692383 58.2375411987305 58.0766639709473 57.9937782287598 58.154712677002 57.7586402893066 56.9971389770508 57.7318115234375 58.5590515136719 58.8339996337891 58.9651947021484 59.4526252746582 60.1909637451172 60.6558074951172 61.3198585510254 61.6098098754883 62.145450592041 62.7788963317871 63.1620674133301 63.4569282531738 64.8827133178711 67.0095367431641 67.132209777832 68.1497192382812 75.8472747802734 68.6701202392578 71.1084289550781 70.8949356079102 70.7528457641602 69.8638153076172 70.4900207519531 71.1636276245117 70.7211456298828 70.5488510131836 71.2036056518555 72.4303207397461 75.4509963989258
61.7098426818848 61.4631080627441 61.0884628295898 60.3795471191406 60.0402488708496 59.6960601806641 59.3755226135254 58.7221221923828 58.1491661071777 58.2829360961914 57.7431716918945 58.0924072265625 58.129451751709 58.0674781799316 58.025390625 57.9399566650391 57.9335975646973 57.4744148254395 56.711540222168 57.4069404602051 58.2018699645996 58.507453918457 58.5962867736816 59.1010856628418 59.9373435974121 60.4050827026367 61.0311622619629 61.2309074401855 61.7130165100098 62.371223449707 62.7429580688477 63.1423110961914 64.154182434082 66.1752624511719 67.0901565551758 65.673210144043 71.0131072998047 68.1669387817383 70.4018630981445 70.5129089355469 70.3583450317383 68.6772232055664 70.3710403442383 69.9320526123047 70.7765274047852 71.6628723144531 71.2546081542969 71.4800262451172 74.0975723266602
61.6623153686523 61.4068222045898 61.0635833740234 60.3636093139648 60.0044212341309 59.6694564819336 59.3261833190918 58.5219612121582 57.3013381958008 56.476016998291 56.094913482666 57.5117225646973 58.004207611084 57.9054718017578 57.7899436950684 57.8812217712402 57.8033256530762 57.1674385070801 56.1444702148438 56.4812850952148 57.5677261352539 57.6148223876953 57.7005157470703 59.0818099975586 59.6894874572754 60.0664978027344 60.6387786865234 60.8712005615234 61.3755683898926 61.8309555053711 62.569465637207 63.913387298584 64.8536682128906 65.5081481933594 66.6290283203125 71.3553695678711 76.1661605834961 67.1809234619141 68.9074935913086 69.3057098388672 69.7147369384766 67.4994888305664 69.3103790283203 70.7809448242188 71.9382629394531 72.5295867919922 70.5220031738281 70.2312850952148 71.685302734375
61.6347999572754 61.3310623168945 61.0154876708984 60.3424263000488 59.9719924926758 59.6395950317383 59.3034133911133 58.7817420959473 57.0486183166504 54.4591178894043 54.5243988037109 57.1209869384766 57.9973297119141 57.8625144958496 57.5309066772461 57.5587844848633 57.4200592041016 57.0106658935547 55.6758766174316 55.4447708129883 56.4199562072754 56.7753524780273 56.8029861450195 58.7163276672363 59.4441337585449 59.8057861328125 60.2773094177246 60.5759963989258 61.0855445861816 61.3731346130371 62.6030540466309 64.7411956787109 65.2501983642578 64.7543869018555 67.7228851318359 77.8343811035156 79.525016784668 67.3749847412109 70.1941223144531 68.8391189575195 68.5896835327148 66.3784637451172 68.4377059936523 71.6492233276367 72.0016632080078 72.6308746337891 71.6684722900391 71.1796340942383 70.5790634155273
61.5332107543945 61.2301750183105 60.9392776489258 60.2999153137207 59.989917755127 59.6250381469727 59.3086776733398 58.9558486938477 57.0766372680664 53.9277191162109 54.5205268859863 57.3228340148926 57.9728736877441 57.8535041809082 57.498348236084 57.0905265808105 56.2911491394043 56.1180877685547 55.3912010192871 55.0915756225586 55.9674758911133 56.4360275268555 56.4475402832031 58.3056564331055 59.2500381469727 59.5853157043457 60.0560569763184 60.3038520812988 60.6317024230957 60.9164619445801 62.1028137207031 63.6189498901367 63.0291366577148 62.8057327270508 67.013557434082 76.5168685913086 77.8454132080078 72.7276840209961 72.7616882324219 67.6886444091797 67.5780715942383 65.79541015625 67.9610214233398 71.0496673583984 71.9024887084961 73.589958190918 73.0433959960938 72.8999404907227 72.4220275878906
61.2576332092285 61.0316772460938 60.814525604248 60.2831573486328 59.9418640136719 59.6027221679688 59.2920913696289 58.8800773620605 57.0277404785156 54.4790992736816 55.721004486084 57.7827796936035 57.8784103393555 57.8256568908691 57.4676322937012 56.9467353820801 56.0220413208008 55.2157020568848 55.1683387756348 55.2723960876465 56.0768013000488 56.5762329101562 57.0590934753418 58.5081977844238 59.1451873779297 59.4234809875488 59.7625007629395 59.8743476867676 60.1305313110352 60.5279769897461 61.6331748962402 62.2901420593262 60.684871673584 62.801383972168 70.0098876953125 76.3144454956055 77.4420318603516 79.433219909668 75.4432220458984 66.653205871582 67.9851226806641 66.7558746337891 67.6192779541016 72.8414611816406 80.4046936035156 83.4868087768555 78.9521408081055 73.0278167724609 74.01123046875
61.1150970458984 60.8324928283691 60.6630516052246 60.2763061523438 59.9447593688965 59.6285095214844 59.3147926330566 58.9534873962402 57.7928504943848 55.8420524597168 56.2514915466309 57.9102249145508 57.8707580566406 57.8147087097168 57.15576171875 56.8436241149902 55.9640159606934 55.1305541992188 55.1103286743164 55.5386009216309 56.2920036315918 57.0998420715332 57.6270599365234 58.7347602844238 59.0176467895508 59.2358016967773 59.525016784668 59.5081329345703 59.8300247192383 60.422061920166 61.6648445129395 61.6554527282715 61.5726470947266 66.4575576782227 72.0592041015625 77.4859008789062 76.9719009399414 79.3455352783203 77.2826766967773 66.0551147460938 67.0610961914062 67.4215774536133 68.149299621582 72.404167175293 83.104621887207 91.7949066162109 85.1769943237305 74.7731246948242 72.863525390625
60.696647644043 60.6113433837891 60.7482872009277 60.2781639099121 59.9618110656738 59.6770553588867 59.3908538818359 59.0898323059082 58.6011772155762 56.9463806152344 55.83740234375 57.5278663635254 57.9806785583496 57.8568801879883 55.7028923034668 55.4282493591309 55.1102523803711 54.8719482421875 55.0614929199219 55.4694519042969 56.2352981567383 57.3527336120605 58.085018157959 58.6987724304199 58.851921081543 59.0235061645508 59.4035911560059 59.4160842895508 59.939754486084 60.6853561401367 61.5960845947266 61.0708694458008 62.163387298584 65.9427642822266 66.4912490844727 73.3601226806641 76.1867218017578 74.2264633178711 77.6040115356445 73.4747467041016 72.1916885375977 68.0476150512695 68.4978408813477 70.8393630981445 77.5067443847656 85.2916107177734 78.9183044433594 73.5517807006836 70.2802810668945
