rcp8.5models/CNRM-CM5/sc1gr5.1
NCOLS 261 
NROWS 433 
XLLCORNER 336357.134 
YLLCORNER 654653.479 
CELLSIZE 1000 
NODATA_value -9999 
[rows 110 to 131 of 433, columns 50 to 99 of 261]
295.880763476073 296.003641818021 295.999283089434 295.948639174835 295.940942469097 295.888791717332 296.252744379859 296.246092793948 296.118880567626 295.875986869778 296.011437570635 296.048498610388 295.730725840994 295.604538071738 295.431352539766 294.47956529578 294.63553869256 294.623221130171 294.641910445876 294.276979987347 294.568688320385 293.977087395268 293.867476867555 293.975457352291 294.074039278807 294.030464868256 294.343684915083 294.37402471319 294.247860419855 293.957143567923 294.240674337406 293.258876063041 293.350000405576 293.17792942073 292.405829483457 292.458305277684 293.087049005951 293.919561552715 293.611987411392 293.622725112604 293.957270071749 293.774033524032 293.961260380342 293.833026237323 294.476405573731 294.609120173019 294.786710581752 294.512179361848 294.50616587297 294.529797574033
295.955133075856 295.951053984466 295.943952805528 295.816029863505 295.928953392815 296.043470171215 296.001687653741 295.995117826983 295.823967805534 295.960845116959 296.049929827823 296.159398154634 296.09733017884 295.690746742645 295.447115409198 295.100023594739 295.127831003658 294.550412644773 294.593710231163 294.256660132081 294.024679684808 294.069037926868 293.694637111624 293.862011220995 294.083357877219 293.437555044234 294.277483343796 294.278862829738 294.51294796048 294.113320977022 293.670801676781 293.302450737097 293.276228418121 292.985220289277 292.620065993584 292.695558187633 293.061652643296 293.126403252214 293.094479896997 292.93978578325 293.418764895795 293.660438210186 293.791642940857 294.145482538031 294.411385002278 294.407868150648 294.442304819292 294.677127994039 294.339873465172 294.010117551514
296.069488720793 296.062649473196 295.933969519076 295.881419891448 295.918603001237 295.957382856399 295.8978512074 295.772130654402 295.839385604031 296.044803153604 296.038876815208 296.078182466846 295.944271233653 295.336482340843 295.459637284496 295.339352921472 295.32693728354 294.827007858033 294.644087707449 294.50766858935 293.812538250036 294.009110026738 293.859726603212 294.017313121158 294.05813104287 293.155784900278 293.953351294165 294.274149173541 294.349172633129 294.077590509255 293.295072823189 293.23789652239 293.206340711474 292.908199326626 293.045980537091 292.999283728109 293.017295762827 292.705237575084 292.676573522246 292.917098185901 292.820258936389 292.969933883991 293.735127021221 294.12387841655 293.990226450364 293.770643944757 294.279592736629 294.600380196486 294.354821214134 293.80573561416
296.230127790587 295.974837858456 295.921910728156 296.036062374491 295.786884231255 295.780087372003 295.767857130419 295.835420337642 295.994159336841 296.034408013788 296.025932247946 295.897863776705 295.608778277369 295.412308514115 295.504282983666 295.555408030595 295.323417625797 295.195744003421 294.86845976716 294.815348983033 293.801439417834 293.954646282599 293.957618513731 294.110053019442 294.040769137938 293.01340004977 293.484191789141 294.377660304023 294.130023256755 294.052471482339 293.752195579485 293.313800533332 293.041689996768 293.461500511042 293.736293745009 293.420283864318 292.823016112571 292.794630313559 292.667364379011 292.987646946474 292.584324489379 292.737988022439 293.644238598709 293.402182753229 293.642073617709 293.830217928691 294.389003365768 294.414378609059 293.839213671567 293.663317037231
296.014944882642 296.039854198818 295.789368231815 295.82662304178 295.730377425565 295.844300404912 295.712760168559 295.990580641627 296.02889393839 295.907230645728 296.014465758739 295.837362229353 295.505023592695 295.498801122343 295.501098863702 295.770045443073 295.77354203774 295.504669845184 294.847941369242 294.794102195081 293.792700389295 293.94563129984 293.94909667975 294.082025623608 293.722253074694 293.162056260857 293.396002528165 293.867260187661 294.086237192699 -9999 294.152674612551 293.915080224725 293.665268334999 293.784758225516 293.36877867675 293.109383071798 292.627812147798 292.964223168832 292.890739022012 292.815247546483 292.850688322292 293.022978275945 293.207615219999 292.953887333779 293.414150252901 293.685795639867 294.490818001764 294.426628809318 293.95188918905 293.621224320906
295.949116533206 295.728985165261 295.721908725613 295.715447079685 295.753885423772 295.702185845415 295.902669206821 295.897891061546 295.960920192549 295.883907914138 295.822631855599 295.491203260497 295.49550811368 295.824183207913 295.647308051835 295.849092310187 295.79469558203 295.89535837844 295.80112470305 295.214364988766 294.902836829379 294.33894589835 293.917369531581 293.01573853461 293.712542971009 293.953389530039 293.809003461415 293.948959048381 293.183117245388 293.435700269495 294.004927903588 294.153956491773 294.115809116766 293.750191217456 293.677922122099 293.548949339258 293.764259773343 293.51105415334 293.657327785605 293.673201236851 293.57107336884 -9999 292.827144359219 292.395348543372 292.581843883794 293.345048854805 293.846081965839 293.821105038602 294.132833140852 294.527730692824
295.892129012874 295.71772804713 295.832655658326 295.704503244457 295.698020643193 295.692921466797 295.845479938938 295.840096589051 295.879574590146 295.826758587041 295.827531592156 296.049225991162 295.377639136506 295.957765954208 295.636272862707 295.790936199454 295.790099858764 295.823156274776 295.76889547362 295.733624237289 295.023320553391 294.710333276573 293.801618474601 293.837812194361 294.244008598839 294.296688414761 294.383005354649 294.193216130908 293.819948564425 293.818002540233 293.884040507497 294.032178503923 294.017482140005 -9999 293.768422865683 293.547815600144 293.855355983313 293.932109870836 293.73062112643 293.237950260413 293.191785958438 293.31394470288 293.089290380041 292.7836564234 293.10171263461 293.076054244636 293.36011736919 293.513196551984 293.827433482121 293.956877597889
296.002895191243 296.073244621569 295.866617491035 295.81529960404 295.808444250199 295.7955978028 295.602365580302 295.94566429867 295.811264224361 -9999 -9999 295.486570655925 295.661364385601 295.951548986819 295.738874497521 295.781399400277 295.778021958496 295.770397264555 295.876463720019 295.906026138126 295.617755920513 295.050929336526 294.638138009978 294.581979411855 294.739313089034 294.809751886006 294.423879913095 294.213628828109 294.222347280606 294.383026175707 293.976883801811 294.024431400821 294.000108004626 293.803064239075 293.833918221478 293.735968461238 293.821168556053 293.642238463426 293.303945711632 293.004401116477 292.935211428632 293.380614676387 293.457766550652 293.076218226046 293.738113376499 293.334823854311 293.031622122831 293.437530915801 293.335068128371 293.689923172598
296.648867270058 -9999 296.097748736192 295.851158486363 295.961080515023 295.711589862249 295.614173097787 295.74563970653 295.675969855421 295.031234632582 295.346222704187 295.248410691281 295.313377680064 295.130418834775 295.074322409479 294.965174919487 295.089167421223 295.87296421076 295.916774666349 295.911488789827 295.890393806141 295.591785547347 294.957587172205 295.058249601564 295.010224919511 295.143980525682 294.921613264835 294.726400843437 294.850049626529 294.702531554853 294.269694990403 294.553982970814 294.387067277226 293.789486398449 293.827030086392 293.7476684091 293.925596270382 293.779938222177 293.471135248344 293.444060563301 293.490883825546 293.800766414418 293.820389732536 293.660931740542 294.041745199059 293.765867810063 293.326239523942 293.682650371122 293.714853000015 293.320642671421
297.101420163167 -9999 -9999 -9999 295.881167104589 296.013711010188 295.642046356544 295.400233662997 295.277408253746 295.203018909942 295.29072638838 295.287460783631 295.324426081806 294.773551000753 294.760543738457 294.598140227227 294.66050811309 295.479042959033 295.907678091393 295.909304460804 296.011005796299 295.984815762716 295.669510672662 295.525981802187 295.160542014147 295.197995212186 295.086026350714 295.012696188981 295.058906880631 294.845435811199 294.800790174312 294.936169586591 -9999 293.812868959691 293.585756476602 293.358869592249 293.535423428283 293.339734709766 293.375064203788 293.80238031249 294.212244845412 294.087558238389 294.19001276266 294.259611452099 294.104382820838 293.945686843548 293.860316744991 293.895587109102 294.406664038119 293.316120626772
297.178772751871 296.960379993562 -9999 -9999 295.33851252964 295.314303544125 295.619092571886 294.94657423281 295.131077170262 295.28662577512 295.27217318084 295.037576999254 294.959721040022 294.743251340124 294.296611449042 294.354666174342 294.343410724902 295.026152291689 295.347598710192 295.690192873458 296.047877606835 295.944717891319 296.037933043487 295.89608648006 295.418394398757 295.305479746791 295.231745008401 295.022339654549 294.817059514185 295.038146343117 294.796158700159 294.813682431034 294.033869351599 293.728233788778 293.802635057994 293.653315028462 293.279558093674 293.032707304014 293.490087243104 293.719053394331 294.424855257664 294.162302913369 294.378913251502 294.2157980997 293.978826273018 293.832808584186 294.410471559502 294.351101406084 294.585358676833 294.115451397613
297.046902657068 296.99226406797 296.659651797474 296.738748744912 295.023581666739 294.977184099599 294.900228289029 294.560777594007 294.876123400376 294.795223254602 294.592895385484 295.277201120692 295.090005584802 294.633885584708 294.560843597104 294.798430554295 294.335593088748 294.56755745242 294.851676052394 295.219972645679 295.392398694702 295.773337169881 295.932175827237 296.011631647646 295.773118991697 295.972963554656 295.315444051538 294.912610707893 294.908014111467 294.981930044031 294.283105481605 294.777239562424 294.255597718618 293.77302962318 293.862546063853 293.737408321171 293.463346771227 293.070599089585 293.824242979021 293.669089064411 294.629804656206 294.322407546311 294.239016939978 294.199568054032 294.007191887277 293.822135373083 294.51754479248 294.604921461246 294.62309762269 294.665892695332
297.113300933647 296.961818598374 295.549043898303 295.345766810852 294.968314916685 294.962382361965 294.615794864194 294.567100465971 294.64343013263 294.355450401248 294.157845882494 294.497403145429 294.778852987516 294.697108980857 294.750723614893 294.940856374923 294.716192000065 294.291585334516 294.621168670319 294.928611456886 294.938896179508 295.162507511182 295.535896573096 295.708349938019 295.986159145336 296.173040585307 295.43150755302 295.167188852349 294.977521040381 294.741926178679 294.465981754879 294.824325712284 294.826014609129 294.429000945364 294.080322745045 293.661452855301 293.799147919715 293.470988455463 294.054094235995 293.966005405106 294.783061014357 294.710255063083 294.35861177465 294.542043836864 294.223296722877 294.34236639977 294.623009545472 294.509414587597 294.539223918502 294.121524847523
297.014794248079 296.341864134788 295.134553761305 295.031469946569 294.720072714253 294.828396517764 294.598981790883 294.363759962553 294.350490413776 294.136900484417 294.08478502514 294.075318413988 294.003867757307 294.281717771068 294.482006049953 294.184861375274 293.948830300949 293.408082489682 293.457650565975 294.337526626979 294.854019689902 294.773067637834 295.123262696153 295.114399655286 295.715858382591 296.135831129192 295.709968128949 295.51837593508 294.979158737908 294.861481678886 294.774502918166 294.904377149756 294.773455264163 294.813585916202 293.939061055436 293.66760126791 293.947075914344 293.908830728525 294.403363530176 294.169191740316 294.613890681971 294.918385253727 294.716140487308 294.415405520725 294.236037714368 294.710843946321 294.729378249161 294.538958262786 294.468158177656 293.760401831965
296.587652264711 295.752189118449 295.126151786974 295.109840138184 294.736286387207 294.777640104017 294.611355475918 294.938185256548 294.132255669458 294.085733178219 294.176129535539 293.83630542855 293.859005835057 294.05836292747 294.024449136288 293.760734873105 293.65592662811 293.236700077302 292.93498400846 293.937976672539 294.316527895075 294.698869461537 294.903032757677 294.969671073533 295.21313213351 295.71900445867 295.720952339547 295.761935981796 295.081307079589 294.950811249083 294.725914052779 294.958607335454 294.85175907331 294.728910358286 293.702591561647 293.91296688759 294.478149472209 294.406754980321 294.630611305997 294.779383589015 294.779191960965 294.893861169332 294.611733746046 294.555815746502 294.45684384271 294.801952092772 294.999742455159 294.556096757689 294.283908755821 293.804532035289
296.330804087781 295.968132621387 295.237101270277 295.217141016098 294.774745081119 294.886751500907 294.875561191477 296.030310971747 294.899030279707 294.769312709206 294.565640308355 294.185508144491 294.001299839584 293.943807778168 294.099928807226 293.916047533058 293.601012636343 293.272570883819 293.665581751481 293.844722606626 293.809732428803 294.175423964635 294.925318092273 294.680468842472 294.905761637582 295.180045312859 295.465365185227 295.820123548822 294.992739507588 294.640705099294 294.644845957869 294.76773841541 294.941364902433 294.708532310697 294.112979041436 294.629295294156 294.892404681197 294.905174046676 294.761402175577 295.103573082478 295.023363906519 294.918205384193 294.849402021684 294.881911459454 295.000378301248 294.972157790037 294.974467918529 294.546388168694 294.319919886803 294.200506176788
295.490094432194 295.258726653377 294.980536288375 295.167525093868 295.254029705962 295.313689085739 295.148967555706 294.356068847466 294.458613083509 294.327040294928 294.518452422923 294.371157248267 294.579705051646 294.215747689855 294.22714524649 293.813508726106 294.278067287594 293.696799369515 293.295432820705 293.087429923283 294.236620112616 294.3852617866 293.91809858739 293.852750476509 294.316347039198 294.9730710836 295.042789500219 295.744299118036 295.522260731983 295.115683032005 295.129765007474 295.324952838333 295.315265769333 295.266491212455 295.221860714496 295.352024829154 295.221504134287 294.973516903274 294.894198667323 295.075913051893 294.664518995317 294.967848460816 294.912447924525 294.948162322171 295.13129713106 294.809756150137 294.605145654995 294.589317820008 294.703268448733 294.670295430594
295.263060767761 295.254270654935 295.16372341241 295.245993393592 295.240437127242 295.201294514583 294.375814504249 294.05449427474 294.101580883241 294.217377230848 294.360413855895 294.206995912225 294.323441415658 293.999462088603 293.893647761072 293.962588012464 293.803590768503 293.235728864211 293.558178329612 293.495740633512 293.419694838825 293.510615885944 293.922288125268 293.907840713673 293.868313882823 294.583104079474 295.193448675973 295.281568258109 295.30970797277 295.504744179423 295.582105294047 295.78769323222 295.469169717519 295.273376963807 295.303837354116 295.169648621172 295.18789232206 294.98804766092 294.726686241386 294.848270183362 294.242507367736 294.9081714475 294.920435072429 295.040719577739 295.186234543991 294.905033539945 294.88211723992 294.611874441865 294.866847347103 -9999
295.374625945968 295.359723408265 295.115771017235 294.994731051051 294.984937878817 294.876890379516 295.212227565359 294.75283017824 294.760660104873 294.977759492338 294.24020591251 294.174326437677 293.937230524542 293.718652204571 293.56123694419 293.603581847957 293.719430902855 293.526605137033 293.200168434043 293.84917843944 292.980960391852 293.040190624144 293.183144978586 293.248458876596 293.941669192694 294.354146874351 294.959307560045 294.977340871061 294.757647738332 295.507726145731 295.63878450064 295.863218951222 295.25120332423 294.756877762884 295.013457266226 294.819588312903 294.869329731679 294.830741988766 294.599691477783 294.664087591671 294.112143810388 294.403927435333 294.666839640936 295.162014014923 295.059330782069 294.677703481213 294.644104879552 294.693845167536 294.811972983447 -9999
295.400206234089 295.157243800899 295.06274383256 295.018182597067 295.130482267735 295.202475271679 294.519195188972 294.552725544931 294.483800417855 295.217839020533 294.872268475404 294.609750947867 294.047206303405 293.666178372245 293.585634448534 293.240119156765 293.606497846736 293.560503843668 293.312960719942 293.793162190011 293.080521704533 293.071250047403 293.006894015302 292.978933884073 293.772044081354 294.186982029947 294.385548804186 294.80762257015 294.847196071528 295.546320946234 295.594817057188 295.571663752851 295.315887869716 294.927518196387 294.692664749479 294.665012505621 294.849969593455 294.853007036279 294.898193632866 294.892695851 294.336364989864 294.078452427902 294.226379517824 294.511825004728 294.547433931434 294.084896564205 294.387131854029 294.398008660926 294.355804255928 -9999
295.731853257749 294.938714235982 294.965444953708 295.625532547055 295.075259566832 294.755878290798 294.145407882631 294.110102606479 293.980302873528 294.518529218623 295.168267579692 295.033178603755 294.503305866075 294.363466261204 294.46086221804 294.398241413313 294.149273996455 293.708579981238 293.826311640569 294.004042088411 293.721676608179 292.917543354539 293.123198776814 293.181041147807 293.281759808499 293.397034401627 294.015508501044 294.232203331301 295.291914863176 295.577198671742 295.395893013888 294.841238567867 295.393627500802 295.215348943484 294.978169099162 294.801177816655 294.888476434572 294.828685163049 295.007063199854 294.599950622139 294.032889747133 294.054292301932 294.052108676886 294.052847226533 294.015274441123 293.782241008343 294.143958890106 294.00799293696 294.076865772097 294.262462828888
295.846655747549 294.920787904035 295.702297066919 295.271186367366 295.248070240497 294.734510057798 294.063515744118 294.017361240504 294.06852582732 293.924096332278 293.792973289984 294.241804473792 294.390423841969 293.960444792125 294.044646683799 294.512568406892 294.458580393362 294.226640892983 293.953196242752 293.905016701242 293.89272534788 292.800506667059 293.01335453985 293.166185482351 293.185148822957 293.034453633654 293.951340221729 294.180835926147 295.145018909259 295.562497180098 295.295203520566 294.450245078239 294.762742349576 294.84479354939 295.111091821043 294.936052870315 294.515129187448 294.876498588819 295.115900729314 294.692991234062 293.854003891811 294.062554430926 294.134786475209 293.987285919997 293.672303732549 293.741198877359 293.923901970312 293.813507827234 293.577582143825 293.946641025022
