rcp8.5models/CNRM-CM5/sc1gr6.1
NCOLS 261 
NROWS 433 
XLLCORNER 336357.134 
YLLCORNER 654653.479 
CELLSIZE 1000 
NODATA_value -9999 
[rows 286 to 307 of 433, columns 100 to 149 of 261]
3029.99251856095 3008.60959043367 2999.59398954361 2987.90621600646 2973.3621804037 2959.92869829844 2951.00050287363 2924.53548865138 2897.06984990681 2901.67933268188 2949.10839561569 2999.09652260512 2829.56993674879 2822.03500680139 2764.87935242006 2744.71795234209 2722.39563622708 2660.17516103468 2586.34340749791 2703.33263004706 2978.66759072304 3115.78220209957 3216.82498359933 3248.22395587875 3013.82677595824 2909.99896112718 2836.45025058089 2835.32319630584 2752.49167911336 2690.13027623045 2838.3365808586 2878.01765900741 2912.64807864976 2881.81681808454 2806.66161313927 -9999 -9999 3091.51160006729 3144.0674821385 -9999 -9999 3366.70055505989 3284.78910975601 3085.38525504267 2970.80016367246 2958.23409124041 3042.33547365772 3314.22906804666 3503.10455331065 3654.55125405621
3098.13638548598 3062.86525384746 3052.17278136785 3043.10821415599 3031.28890119392 3017.7815147085 3003.00793998092 2986.58339067873 2968.40664608292 2957.41353019921 2997.81686702083 3015.36101404181 2917.57818804437 2924.19838065929 2859.70365203003 2833.08508281774 2816.75141185185 2780.3413898473 2686.4578764762 2789.04924947256 3067.75291115105 3213.80787348079 3290.01599570277 3285.34087201627 3104.75469686112 3079.29700894619 3073.15644503156 3026.19683179514 2918.01448065608 2875.20907474659 2910.12913691592 2871.69344834423 2840.54454741386 2859.13943827046 2890.62678352614 2983.62776820929 3062.99862878048 -9999 3178.5694852453 3238.26246232676 3328.59777486476 3387.00751290359 3262.3087812108 3096.52533365594 3072.8472071454 3061.20698934143 3066.40560084702 3365.61572036615 3551.12537181695 3722.91810807623
3164.94762100314 3120.75275554496 3107.52292453487 3098.39782643968 3086.53386865811 3073.36539806185 3058.65000440974 3042.2414511444 3025.04480834516 2999.28292807238 2983.70151596076 2987.30524182004 2965.2343577977 3005.73374441351 3007.84961553828 2910.8054604258 2879.82183505399 2854.3292670118 2764.12787290021 2763.97970566034 2945.27537517294 3198.64450136797 3280.52509131549 3310.18886016663 3211.6039693498 3175.92966421263 3184.96167652873 3130.30464173423 3056.84420541211 3007.73439017203 2945.01235575008 2899.62334833399 2860.97385298887 2920.74900123734 2980.94213175913 3097.05420796945 3156.28158804745 3199.56129943104 3190.37524205835 3183.17828426824 3307.63216750474 3377.36468954168 3375.41675097323 3243.06993593744 3449.03470232992 3262.60975596398 3195.45445853335 3209.62152314147 3340.15362612764 3706.87492470644
3220.39039286587 3181.40441546599 3167.48859310463 3155.02096584588 3144.05363510515 3130.64434274192 3117.10702182535 3094.75321424668 3061.19972331338 3028.27286714711 3021.84108752886 3028.75465693161 3000.05994412268 3065.31284746286 3035.66207242108 2926.10506161732 2895.69975601489 2875.39424318005 2825.02167246833 2764.05279680843 2846.21551439677 3114.07547983474 3208.89220421252 3265.78127429857 3274.75993116903 3244.25059973977 3234.50191987139 3198.0404284245 3122.8848951405 3077.65351589926 3037.50077839467 3023.28118303249 3007.46368458448 3018.91203403697 3061.63232909617 3149.05367932566 3194.21285541808 3246.18046257601 3219.26843840767 3177.12292251179 -9999 3334.7979154106 3359.26070202024 3465.17540724477 3723.32521330022 3451.30619519669 3146.50259365594 3023.20707864152 3306.13160352618 3761.26389383215
3344.45328772613 3321.94506438306 3300.04032038392 3278.9741051238 3266.96736143911 3251.44324368028 3237.59047841986 3216.34231019237 3196.3313245759 3165.72690570062 3148.10414370355 3201.57030455183 3142.05872258476 3155.45191080723 3119.54040573 3046.84282640309 2981.63060031563 2948.39172214066 2927.42139479122 2878.10487023703 2895.3862511763 3031.93552592728 3134.13973486497 3187.9146135425 3235.02098203492 3169.54916383437 3151.70118612602 3144.28005026096 3164.1291971343 3157.0334048312 3109.88240315317 3133.96409978195 3120.41072061019 3115.40006333758 3142.14351763145 3155.6457749877 3131.44916403604 3181.34729450562 3252.55851075494 3189.7546837894 3187.71573142872 3170.80226580785 -9999 3517.59829722514 3353.08654011335 3347.62529060635 3582.2602254016 3204.75363182249 3464.79428929013 -9999
3430.52710216722 3398.09152271921 3371.56911888418 3349.81142276733 3333.7895570318 3317.59618466825 3301.03484192921 3282.66100111711 3257.15754326801 3242.21364263474 3241.70819457375 3240.03363180572 3243.03734517748 3228.75078380828 3188.64423560998 3146.29461135592 3075.68009105099 3014.54855841714 2995.82034581921 2957.04934038602 2975.28346399841 3092.11938574396 3140.17894746252 3184.36194209205 3193.23897093034 3170.91645597084 3152.58458749758 3138.09538086641 3148.43684831434 3131.60158580269 3032.67103304593 3050.32218718268 3114.96120443029 3099.08957731049 3116.27730459613 3179.54153391443 3159.36584814197 3183.8407499486 3221.11151191166 3172.26483863307 3212.19378432293 3248.152614076 3101.80466140044 3057.40320821314 2798.19494045803 2794.18217409044 3290.49907280414 2860.55181263121 2953.06732726908 2869.92407318703
3520.69958537449 3482.53744821639 3447.18251286007 3422.09335331871 3405.49140363005 3386.41816226462 3368.9808000087 3349.16219571181 3326.5885615078 3321.70286582253 3308.03823155465 3268.76259164845 3346.97542149969 3309.89194538176 3250.07084075878 3214.87885598623 3150.61474830971 3114.43785061711 3080.08820146202 3029.78253273993 3030.84580943398 3141.26143627738 3200.4479930114 3208.33492194505 3195.51860547377 3182.07547096502 3155.55677857259 3137.02751918154 3135.49710622235 3138.70581444971 3054.9769553801 2996.0954085542 3104.2044465812 3094.52602503489 -9999 3189.35657842546 3228.80550255981 3220.32930430268 3147.54375137368 3107.90342175427 3104.79787798666 3237.74430351037 3360.14507118179 3068.40871643638 -9999 -9999 -9999 -9999 -9999 -9999
3592.69106195431 3546.42315267124 3511.01710263385 3489.23432960155 3469.51049572683 3452.87256536137 3438.76387116711 3419.36098987141 3394.81359784561 3375.81482428916 3343.47115863988 3310.24705686916 3407.79185704087 3380.11948991464 3334.76347454994 3299.04148642078 3204.91480323251 3157.21609639806 3123.5776136563 3096.2191590826 3140.04987859456 3237.43290339796 3259.907976521 3243.24570515093 3226.4702907995 3192.29179174909 3158.83681536397 3150.40682642127 3135.08557401189 3147.08497424868 3126.6012457655 3081.63741455312 3097.57555553467 3084.05712209696 3068.12706919103 3204.63062727829 3242.28927223321 3215.93221405299 3109.48313485438 3028.77761380119 3006.14956906994 3080.40976719059 3268.90411213454 3214.8667214087 2964.273798321 3035.95872264456 -9999 -9999 -9999 2601.4038625546
3642.57164105597 3604.43438164401 3578.25507979464 3555.60548906393 3539.14764716392 3524.78689975454 3510.90026570902 3493.09211897433 3465.66804920397 3442.01186000543 3414.28594641097 3383.67781143804 3414.30976078791 3406.42772987391 3357.76343196182 3335.29881840562 3242.43275032103 3198.59845298401 3203.97038040957 3223.76519126344 3267.39847904758 3299.39847289678 3285.30671598814 3268.16174308485 3255.37475974179 3205.73252702763 3148.67489298206 3160.80533961583 3141.87931657604 3119.58269069562 3136.24852073511 3105.84398473611 3083.21045810338 3078.11695069605 3099.88186505517 3215.2855391455 3187.10398325594 3184.60035033525 3134.65806405773 3012.67692153581 2928.687585794 2828.1612571809 2856.34636027756 2975.62828016575 3144.17414401093 3357.30362935714 3139.18293677145 -9999 3436.32690814987 2701.46308690316
3720.57799888515 3688.2464452074 3667.70211450495 3637.43665769186 3620.66940517891 3605.89357984022 3587.9130056197 3567.51768901762 3540.90058937842 3513.7851846006 3486.06617346855 3455.67571989264 3426.75643022024 3431.59753134473 3363.54091194256 3335.83350396501 3287.47046883432 3286.46303396859 3325.33725782284 3350.42683663381 3343.16577887822 3320.06144630662 3273.81978261256 3237.05478982117 3270.15003221993 3233.84634592816 3156.07867785813 3152.23396392695 3116.0125115206 3032.13426346644 3078.06391960847 3090.54324881122 3089.75838348489 3120.08337816779 3170.93744908959 3154.47213083585 3076.36265265413 3079.89973004342 3078.76416954106 3001.72283764508 2866.21260637968 2657.46114899724 2680.34049099313 2875.17622854466 3146.3511161242 3318.8041116939 3168.45530367865 3433.06183812781 3455.74778288599 2929.61717604921
3789.93406984692 3761.31745840697 3753.81666200128 3723.80591606932 3692.55709419129 3678.28853873486 3662.2543644228 3640.40645973094 3615.64176410977 3589.06573663165 3561.25471656558 3531.83144454331 3482.06070455163 3459.48750336552 3435.04885352789 3386.50040950296 3363.949108215 3373.70788720071 3398.44847791318 3352.99162754084 3303.72542221094 3292.76158120594 3245.3541805399 3205.09916328816 3217.31397470838 3224.94331962873 3198.97714964536 3156.08745883415 3104.33317695455 2963.96467434818 2994.19728738693 3090.84453337125 3091.34505078647 3142.55404034948 3192.88107460633 3101.78332089745 3010.40454292731 2989.46515476369 2987.86627605168 2976.23861327096 2878.12296713949 2702.58921475992 2678.39066078057 2868.61158982372 3178.99768053077 3364.70424240125 3322.37884296709 3574.5686349554 3415.69955628689 3115.2278741143
3844.03850321243 3807.70889869321 3820.19367937198 3800.57908805052 3761.63911884808 3745.76448622646 3728.67285473125 3704.93078059664 3683.40827874587 3665.56497328426 3641.68418958963 3622.51571761923 3565.48965472422 3533.86723066693 3518.85529552172 3467.73591372827 3443.52651272494 3453.58626857863 3451.85359465157 3353.96687418272 3296.18049927836 3336.99861077884 3300.43373179209 3224.46835048822 3207.63745655874 3196.92850062629 3190.388684012 3155.5195712682 3108.38998059626 2961.3510132415 2938.32293420531 3020.47010467521 3077.95319734784 3098.9631304558 3155.00871890888 3104.56693565398 3065.86464000732 2983.48089620889 2950.08378720712 2940.06827778682 2908.24197776096 2800.34402661402 2758.75732945741 2903.41569871866 3200.40175688182 3416.21649426424 3519.20093349039 3582.36019504049 3408.20070437076 3258.91650798791
3908.3306484804 3858.42466662573 3904.26067132286 3890.09893750683 3848.52748562693 3823.13577472306 3808.16955956292 3783.47997125421 3758.45064175696 3722.85048427752 3682.44287939955 3678.84348225018 3578.21026834577 3552.11487644814 3560.61055617975 3549.09879429782 3523.36862570336 3517.31843115493 3513.73937494548 3454.85592094757 3408.26200163376 3375.91399931921 3289.03126328016 3218.80469958464 3185.51174937109 3181.08409309595 3187.11976529158 3164.29059526333 3094.79217098764 3005.41897729537 3023.22005392016 2985.25359806973 3057.7232842072 3052.38626481849 3079.57907011567 3062.3001732551 3068.87473364428 2981.11129749375 2943.29833687528 2929.82682449953 2938.57432763585 2912.8921941967 2905.87549794412 3014.6523868192 3292.3640509559 3448.52060247565 3448.69323878783 3546.38479158428 3482.69452036555 3287.05913096756
3955.12393764753 3894.36578105773 3912.56600066177 3906.67582267984 3935.45609368867 3924.47164179034 3863.78948534038 3777.69027082581 3769.65714220053 3751.54966733826 3712.10604772791 3698.59160928294 3588.0566526992 3568.94353761427 3618.67126334524 3625.42537140937 3600.42591820926 3578.91333511933 3563.51166835429 3493.17614308867 3395.18046368841 3326.42925556952 3296.89333798926 3267.90432377041 3176.82860955133 3169.37502165277 3200.72985270863 3165.55687897234 3056.56042419529 3048.34425221248 3137.16966623954 3002.02873414375 2998.17317613826 2974.46781693567 2981.27193543745 3001.67185876828 2995.53843524154 2947.36808506266 2917.00070827025 2941.9486586751 2968.77390701784 3035.56889404338 3138.79577654079 3271.74891553773 3460.19976787698 3416.59692356639 3316.83059619604 3436.26828577334 3439.62046292947 3389.59356357335
3943.23260076272 3928.67401723424 3882.58708709235 3867.42226024438 3902.9448281223 3945.41007320222 3949.43179487209 3822.67107159588 3752.88090934609 3791.51985348887 3778.45034574448 3701.88653216147 3634.5315336538 3640.2633597107 3708.65387434506 3696.53799372083 3667.3664970775 3641.02724394867 3617.60460431013 3476.24558447644 3287.4933879474 3291.54022151717 3346.48549904154 3341.6996867943 3238.39991767288 3179.09035737458 3185.39344897575 3139.92813417104 3055.58415500131 3140.76491604446 3142.48255818656 2975.39983439822 2943.44752161784 2938.82923612819 2923.98899634518 2956.46771073681 2950.70526818712 2908.8609860509 2869.27247445989 2896.61250394953 2967.38701597472 3120.92237777981 3345.57411518958 3380.85363155852 3275.27165784909 3140.02138449785 3069.40597153093 3146.52408821123 3283.06770046933 3458.66610261384
4020.91042894578 4025.90796624061 3987.63440791696 3966.0067035783 3935.88460442961 3875.53500543576 3904.04788987085 3950.1572584806 3878.93791708942 3802.15126120901 3773.26785351009 3734.13889074931 3745.39464053899 3723.35779507633 3804.13031896646 3823.16093547793 3746.02039295184 3605.46239820759 3524.5038285088 3517.30555883306 3369.72711002873 3276.19623397091 3250.76087104039 3191.99846483656 3265.58320261591 3184.12356413368 3159.66738584919 3126.46268090064 3070.49197733336 3155.21062605034 3264.14662043586 3120.31412135222 2985.68077623363 2922.12232742266 3059.00090156433 2868.51464738821 2797.53480675197 2764.69751299247 2737.28166931293 2757.42209754662 2837.44399919725 3073.70201911148 3169.35095285569 2964.87946684681 2864.73830177485 2770.44066757128 2675.04197296219 2807.14940744144 2899.45152713132 3086.63404778188
4066.82569133491 4043.36479149392 4051.96358293742 4023.13440237483 3964.81977840871 3924.03332094052 3903.27750188329 3914.0475521037 3895.38702266062 3855.77525209186 3818.49066211377 3781.2622618937 3765.74570395942 3749.35050304675 3918.67361805774 3878.6914975999 3756.06203584519 3519.71860233017 3377.61996344555 3377.74867048836 3329.17374188952 3351.18210853944 3360.22937268692 3251.21035814296 3281.77682499872 3236.90436457208 3159.88328291247 3169.3517362159 3231.49178198457 3235.16952068775 3221.45225786936 2934.54455824867 2718.64620494243 2700.67570918515 2926.78721774482 3028.24166200165 2914.68692844341 2880.7448241752 2857.98117458406 2799.15734784489 2753.19589604849 2963.15721959509 3036.41813148434 2868.61212123985 2770.02071077339 2660.21570529444 2636.19129118298 2770.90860660013 2832.37122339802 2913.5407695131
4074.20969729659 4092.32013595648 4101.00275392471 4079.52072617852 4011.73688346606 3953.21868368021 3917.23979717448 3880.17484631088 3866.16649722177 3851.61279375545 3809.84978735096 3791.88602281054 3783.64911016152 3774.31427214208 3933.12720182143 3887.11731924649 3795.80744732353 3528.82823538445 3365.2453583869 3428.50778833545 3413.67841429304 3399.16903126318 3366.326107807 3339.06758745607 3235.33704880836 3246.23832331246 3203.41242240454 3260.4064677908 3419.52339785701 3361.1551719365 3248.71106555648 2939.49389777712 2680.54522494089 2608.93291112791 2799.71820351512 3110.93620178867 3050.8617731591 3000.51377232712 2959.4925933771 2827.15776629503 2826.52060043517 2953.79693531654 2915.78083511698 2765.79949595761 2671.63260342525 2630.34863291399 2613.71299825257 2694.09885499313 2784.26951945857 2811.94697732025
4204.01239697173 4190.60134459119 4089.12493535209 4079.57004815419 4055.98553275272 4034.3380957206 3989.01159897248 3946.41844702542 3953.36626613853 3918.5140150414 3842.55837923472 3807.37568521955 3923.84822765748 3976.47553100444 3994.29089620294 3935.38870010928 3842.0430534462 3566.73649756904 3429.30550046987 3549.76053847731 3490.04609249954 3417.14785809475 3394.35759582521 3404.32866400428 3224.19053170701 3200.79956880959 3214.63653074271 3230.57322787026 3354.51952167384 3438.20803538092 3334.53125880237 3116.77511516594 2868.6463289793 2652.67353261978 2675.72753060266 2887.08310641796 2857.96032690216 2883.31668686913 2912.75415079397 2825.80372673002 2928.63031757607 2956.91747635934 2846.53134344647 2698.8783212597 2664.9062355745 2721.71461986427 2651.37125812222 2631.59556991606 2651.19596317205 2667.76660474467
4407.78790385431 4279.29035868586 4138.35950996633 4130.07434696959 4111.79033766497 4108.07777018138 4017.24661368644 3910.43650580138 3940.61557465982 3945.1856217539 3914.42706773905 3867.40157906899 4082.18293538638 4124.76249603483 4035.85656595596 3910.23108126552 3842.22199276548 3719.47286455385 3495.51984406206 3448.25158843278 3378.38263300204 3319.89877718162 3394.09060163791 3389.98615817271 3358.23546005399 3313.6989540531 3200.41221127018 3170.97243372316 3205.52440326405 3275.59092752975 3296.92506010828 3325.40331828464 3091.98595583614 2787.97986844867 2604.8409977402 2751.03249336176 2887.99462973855 2856.64550472032 2843.10930756025 2869.86782650884 2895.67619926475 2839.1849566922 2760.41166470267 2671.91438504016 2726.20589736331 2799.4493701704 2735.69298808391 2660.63375010033 2564.87343591104 2542.97289458518
4376.15047016165 4301.65083896545 4186.28935958927 4190.50214661579 4199.229927042 4140.76631904699 4059.85274404518 3934.06745946163 3876.53531102226 3949.34540909467 3943.1788018515 3909.65409123046 4173.66066469645 4165.52992056643 4032.12681913942 3802.15659377922 3730.84534464256 3811.86723560265 3723.99323030221 3596.43854136501 3541.17925463123 3515.26028316836 3536.58642162021 3519.81945911952 3517.16095076934 -9999 3349.41447793777 3278.22754139227 3195.10702763348 3119.49948009542 3153.11439523292 3270.36356565635 3225.14534436124 2946.14639526116 2636.19216879981 2785.32453687646 3033.29910049824 2839.8891023777 2810.52971745981 2836.56843416273 2762.73353450544 2712.24831414669 2694.53353154617 2724.74843747688 2783.67826253756 2783.44573637668 2740.58889033983 2683.30895120946 2617.93184698435 2565.15434445883
4268.44484604003 4264.67972308526 4207.1806815912 4201.09084011929 4241.75795652028 4172.84524862217 4137.99483228281 4094.67785091597 3968.06034379585 3991.59140230428 3999.49615833135 4084.73697758681 4257.02406768267 4198.74556628359 4064.34036148254 3808.11979846954 3629.25463178189 3650.18178053608 3712.56442132925 -9999 -9999 -9999 -9999 -9999 -9999 3482.99440976876 -9999 -9999 3280.37620289775 3162.30276312917 3086.17350572404 3107.17016420585 3213.26143927286 3048.02606846948 2692.80989955092 2872.2861918378 2992.88341781313 2781.52428141144 2812.38948888745 2787.85852272794 2755.93691538469 2800.23544428194 2793.7028023218 2796.23773146861 2757.51734579964 2711.17611031639 2677.31621738921 2701.82096961737 2670.32717303189 2634.66659888595
