rcp8.5models/CNRM-CM5/sc1gr5.35
NCOLS 261 
NROWS 433 
XLLCORNER 336357.134 
YLLCORNER 654653.479 
CELLSIZE 1000 
NODATA_value -9999 
[rows 0 to 22 of 433, columns 50 to 99 of 261]
-9999 -9999 -9999 -9999 -9999 -9999 -9999 -9999 -9999 -9999 -9999 -9999 -9999 -9999 -9999 -9999 -9999 -9999 -9999 -9999 -9999 -9999 -9999 -9999 -9999 -9999 -9999 -9999 -9999 -9999 -9999 -9999 -9999 -9999 -9999 -9999 -9999 -9999 -9999 -9999 -9999 -9999 -9999 -9999 -9999 -9999 -9999 -9999 -9999 -9999
-9999 -9999 -9999 -9999 -9999 -9999 -9999 -9999 -9999 -9999 -9999 -9999 -9999 -9999 -9999 -9999 -9999 -9999 -9999 -9999 309.207763671875 309.085388183594 309.051239013672 309.115997314453 309.012969970703 308.985900878906 308.768280029297 308.943054199219 309.107696533203 309.095275878906 309.100555419922 -9999 -9999 -9999 -9999 -9999 -9999 -9999 -9999 -9999 -9999 -9999 -9999 -9999 -9999 -9999 -9999 -9999 -9999 -9999
-9999 -9999 -9999 -9999 -9999 -9999 -9999 -9999 -9999 -9999 -9999 -9999 -9999 -9999 -9999 -9999 -9999 -9999 -9999 308.807708740234 309.106231689453 309.035522460938 309.040740966797 308.795379638672 308.595275878906 308.662078857422 308.316986083984 308.831787109375 308.736938476562 308.743377685547 309.042205810547 309.251556396484 -9999 -9999 -9999 -9999 -9999 -9999 -9999 -9999 -9999 -9999 -9999 -9999 -9999 -9999 -9999 -9999 -9999 -9999
-9999 -9999 310.230224609375 310.128845214844 309.769500732422 309.603637695312 309.618865966797 309.630554199219 309.666717529297 309.202239990234 -9999 -9999 309.613067626953 309.627044677734 309.182739257812 309.054504394531 309.158386230469 309.63720703125 309.156829833984 308.907104492188 308.805603027344 308.91943359375 308.990051269531 308.711730957031 308.840118408203 308.937347412109 308.842315673828 308.926208496094 308.917694091797 309.057250976562 309.111297607422 309.160583496094 -9999 -9999 -9999 -9999 -9999 -9999 -9999 -9999 -9999 -9999 -9999 -9999 -9999 -9999 -9999 -9999 -9999 -9999
310.043273925781 309.947601318359 310.031005859375 310.003051757812 309.630187988281 309.472717285156 309.495483398438 309.241302490234 309.221832275391 308.989318847656 308.985321044922 309.115051269531 309.205017089844 309.272277832031 309.209686279297 309.186828613281 309.220428466797 309.273223876953 309.122039794922 309.071868896484 308.921691894531 308.760131835938 308.829376220703 308.607971191406 308.920104980469 309.078826904297 309.097381591797 309.065795898438 308.458343505859 309.024353027344 309.1328125 309.129608154297 309.136871337891 -9999 -9999 -9999 -9999 -9999 -9999 -9999 -9999 -9999 -9999 -9999 -9999 -9999 -9999 -9999 -9999 -9999
309.955200195312 309.867340087891 309.797790527344 309.625305175781 309.204315185547 309.051055908203 309.077606201172 309.191955566406 309.006195068359 309.127960205078 309.230865478516 309.296478271484 309.119720458984 309.167694091797 309.225250244141 309.236297607422 309.247253417969 309.144165039062 -9999 309.153289794922 -9999 308.966430664062 308.649139404297 308.232147216797 308.729064941406 308.627166748047 308.804107666016 308.677520751953 308.893035888672 309.097991943359 309.133087158203 309.138336181641 309.242309570312 -9999 -9999 -9999 -9999 -9999 -9999 -9999 -9999 -9999 -9999 -9999 -9999 -9999 -9999 -9999 -9999 -9999
309.854522705078 309.806640625 309.487884521484 309.407257080078 309.281036376953 309.301818847656 309.18701171875 309.2578125 309.163543701172 309.001068115234 308.971740722656 308.984497070312 308.757659912109 308.705505371094 309.005493164062 309.026977539062 309.005523681641 309.028076171875 -9999 -9999 -9999 -9999 308.920288085938 -9999 308.707336425781 308.773712158203 308.448699951172 308.728302001953 309.020782470703 309.025817871094 309.088989257812 308.913177490234 308.923583984375 308.984710693359 -9999 -9999 -9999 -9999 -9999 -9999 -9999 -9999 -9999 -9999 -9999 -9999 -9999 -9999 -9999 -9999
309.488647460938 309.491821289062 309.4248046875 309.424774169922 309.248138427734 309.276123046875 308.995147705078 308.930114746094 308.928131103516 308.875122070312 308.864013671875 308.966613769531 308.864776611328 308.817596435547 308.917205810547 308.931060791016 309.024261474609 308.747497558594 -9999 -9999 -9999 -9999 -9999 -9999 308.702392578125 308.660705566406 308.398101806641 308.648590087891 -9999 308.621398925781 308.622283935547 308.550445556641 308.544586181641 308.632110595703 -9999 -9999 -9999 -9999 -9999 -9999 -9999 -9999 -9999 -9999 -9999 -9999 -9999 -9999 -9999 -9999
309.054962158203 309.022766113281 309.036499023438 309.138336181641 309.146636962891 309.426940917969 308.928741455078 308.837768554688 308.849456787109 308.679534912109 308.799346923828 308.729370117188 308.652740478516 308.746124267578 308.699401855469 308.678009033203 308.720947265625 -9999 308.838562011719 308.954498291016 309.027587890625 308.558898925781 308.435882568359 308.448272705078 -9999 308.336883544922 308.277130126953 308.429809570312 -9999 -9999 308.545745849609 308.564880371094 308.402587890625 308.463043212891 308.36865234375 -9999 -9999 -9999 -9999 -9999 -9999 -9999 -9999 -9999 -9999 -9999 -9999 -9999 -9999 -9999
309.06103515625 309.061279296875 309.073028564453 309.019897460938 309.178802490234 309.348754882812 308.975830078125 308.665618896484 308.600830078125 308.55859375 308.603729248047 308.397735595703 308.317199707031 308.358978271484 308.537872314453 308.41796875 308.365447998047 -9999 308.720062255859 308.735504150391 -9999 -9999 308.362487792969 308.310607910156 -9999 -9999 308.253967285156 308.278717041016 -9999 308.376739501953 308.575378417969 308.622283935547 308.560333251953 308.486358642578 308.373016357422 308.362396240234 -9999 -9999 -9999 -9999 -9999 -9999 -9999 -9999 -9999 -9999 -9999 -9999 -9999 -9999
308.8935546875 309.036773681641 308.699890136719 309.028076171875 308.590576171875 308.345245361328 308.322937011719 308.241180419922 308.299774169922 308.256408691406 308.139709472656 308.208557128906 308.225280761719 308.225402832031 308.142852783203 308.246429443359 308.331024169922 -9999 308.403747558594 308.352661132812 308.387817382812 -9999 307.839660644531 307.872863769531 307.985443115234 308.038909912109 308.152282714844 308.049224853516 307.763854980469 307.811004638672 -9999 -9999 308.531982421875 308.467529296875 308.417816162109 308.382598876953 308.382415771484 -9999 -9999 -9999 -9999 -9999 -9999 -9999 -9999 -9999 -9999 -9999 -9999 -9999
309.084564208984 309.230743408203 309.157623291016 308.707153320312 308.366729736328 308.299682617188 308.322692871094 308.334075927734 308.46435546875 308.495330810547 308.005157470703 307.952972412109 308.010345458984 308.022583007812 308.19140625 308.192779541016 308.183502197266 308.362976074219 308.350769042969 308.351684570312 -9999 -9999 -9999 307.751403808594 -9999 307.793579101562 307.939819335938 308.040802001953 307.775695800781 307.451171875 308.005004882812 -9999 308.491882324219 308.123657226562 308.237182617188 308.37060546875 308.28955078125 -9999 -9999 -9999 -9999 -9999 -9999 -9999 -9999 -9999 -9999 -9999 -9999 -9999
308.817993164062 308.856414794922 308.82373046875 308.470001220703 308.152130126953 308.084350585938 308.110260009766 308.306243896484 308.236022949219 308.002838134766 307.710052490234 307.662841796875 307.592590332031 307.759368896484 307.897399902344 307.899291992188 307.99560546875 307.967620849609 308.266418457031 -9999 -9999 -9999 307.892150878906 307.866149902344 -9999 -9999 307.902618408203 -9999 307.922943115234 307.604431152344 307.914794921875 -9999 -9999 -9999 308.003479003906 308.140106201172 308.224731445312 308.237823486328 -9999 -9999 -9999 -9999 -9999 -9999 -9999 -9999 -9999 -9999 -9999 -9999
308.82568359375 308.567077636719 308.30810546875 307.949462890625 307.859283447266 307.798919677734 307.8232421875 307.852874755859 307.925079345703 307.802551269531 307.450164794922 307.535430908203 307.677642822266 307.771301269531 307.614959716797 -9999 307.857788085938 307.684875488281 -9999 -9999 308.029296875 -9999 -9999 -9999 307.921722412109 307.796173095703 307.813598632812 307.931060791016 307.9716796875 307.701141357422 307.939666748047 -9999 -9999 -9999 -9999 307.770416259766 307.873107910156 307.797424316406 308.347900390625 -9999 -9999 -9999 -9999 -9999 -9999 -9999 -9999 -9999 -9999 -9999
308.855102539062 308.573089599609 308.342102050781 308.046508789062 307.968994140625 307.783538818359 307.471954345703 307.473968505859 307.514617919922 307.324340820312 307.170806884766 307.397216796875 307.526519775391 307.643371582031 -9999 -9999 -9999 307.675842285156 -9999 307.789886474609 307.679077148438 307.390350341797 307.261199951172 307.400573730469 307.447814941406 307.421752929688 307.523101806641 307.791961669922 307.685333251953 307.472595214844 307.71337890625 307.774169921875 -9999 -9999 -9999 -9999 307.729736328125 307.607208251953 307.924835205078 308.087158203125 -9999 -9999 -9999 -9999 -9999 -9999 -9999 -9999 -9999 -9999
308.680328369141 308.419586181641 308.253936767578 308.165222167969 307.972747802734 307.763702392578 307.523284912109 307.442260742188 307.418151855469 307.372741699219 307.175445556641 307.366821289062 307.37060546875 -9999 -9999 307.318572998047 -9999 -9999 307.752288818359 307.456451416016 307.329040527344 307.162475585938 307.228240966797 307.262542724609 307.272857666016 307.283081054688 307.430603027344 307.548248291016 307.376922607422 307.347625732422 307.826416015625 307.719055175781 307.694519042969 307.703826904297 -9999 -9999 -9999 307.717742919922 307.659851074219 307.957550048828 -9999 -9999 -9999 -9999 -9999 -9999 -9999 -9999 -9999 -9999
-9999 -9999 -9999 -9999 307.757965087891 307.447448730469 307.034515380859 307.190490722656 307.205780029297 307.277160644531 306.9833984375 307.123413085938 -9999 -9999 307.371063232422 307.223327636719 307.409240722656 307.374084472656 307.487854003906 307.194976806641 307.117706298828 307.0927734375 307.228668212891 307.271453857422 307.084991455078 307.249114990234 307.43994140625 307.478851318359 307.542846679688 307.377685546875 307.718780517578 307.506500244141 307.292175292969 307.655212402344 307.562530517578 -9999 -9999 -9999 307.62744140625 307.914703369141 -9999 -9999 -9999 -9999 -9999 -9999 -9999 -9999 -9999 -9999
-9999 -9999 -9999 -9999 307.522888183594 307.106079101562 306.812622070312 306.933563232422 306.984741210938 307.296722412109 307.142608642578 -9999 -9999 -9999 306.867797851562 306.818817138672 -9999 306.707336425781 306.533416748047 306.768493652344 306.837921142578 307.044799804688 306.943908691406 306.819458007812 306.733184814453 307.002105712891 307.110687255859 307.328948974609 307.492980957031 307.382965087891 307.443878173828 307.383575439453 307.126129150391 307.1552734375 307.471984863281 307.425445556641 -9999 -9999 -9999 307.605102539062 307.918029785156 -9999 -9999 -9999 -9999 -9999 -9999 -9999 -9999 -9999
-9999 -9999 -9999 -9999 306.804290771484 306.668548583984 306.635345458984 306.385131835938 306.305480957031 306.97119140625 307.343414306641 -9999 306.895935058594 -9999 306.624114990234 306.854766845703 307.212188720703 306.290405273438 306.236022949219 306.352447509766 306.684600830078 306.840881347656 306.697784423828 306.532501220703 306.611419677734 306.720336914062 306.747497558594 306.638275146484 307.349334716797 306.881256103516 307.285278320312 307.277618408203 306.992584228516 307.038787841797 307.121948242188 307.346710205078 -9999 -9999 -9999 -9999 307.964660644531 307.825927734375 307.819610595703 -9999 -9999 -9999 -9999 -9999 -9999 -9999
-9999 -9999 -9999 -9999 -9999 306.476531982422 306.209747314453 306.044860839844 305.897796630859 306.61865234375 306.760040283203 -9999 306.370239257812 306.438568115234 -9999 306.920013427734 307.174652099609 -9999 306.422973632812 306.255737304688 306.374298095703 306.707214355469 306.652191162109 306.593902587891 306.633728027344 306.652160644531 306.662322998047 306.592651367188 307.313201904297 306.56298828125 307.446868896484 307.579650878906 306.783020019531 307.134674072266 307.080902099609 307.196105957031 307.353424072266 -9999 -9999 -9999 -9999 307.729309082031 307.713653564453 307.824920654297 -9999 -9999 -9999 -9999 -9999 -9999
-9999 -9999 -9999 -9999 -9999 -9999 306.045196533203 305.959747314453 305.838195800781 306.172668457031 306.441711425781 306.371002197266 -9999 306.218231201172 306.368133544922 306.516540527344 306.784759521484 306.985382080078 306.684783935547 306.924957275391 306.810150146484 306.980255126953 -9999 -9999 306.509674072266 306.640869140625 306.471557617188 306.743713378906 306.714019775391 306.419616699219 307.536224365234 307.120727539062 306.734466552734 306.793640136719 306.760284423828 306.880767822266 307.147369384766 307.264373779297 307.546997070312 -9999 -9999 -9999 307.677734375 307.83154296875 307.854949951172 -9999 -9999 -9999 -9999 -9999
-9999 -9999 -9999 -9999 -9999 -9999 -9999 -9999 -9999 -9999 -9999 306.099395751953 306.192565917969 -9999 -9999 306.475280761719 306.376098632812 306.548736572266 306.455780029297 306.180572509766 306.308807373047 -9999 306.841033935547 -9999 -9999 -9999 306.742279052734 306.719085693359 306.409881591797 306.479888916016 306.418548583984 307.576538085938 306.764556884766 306.76025390625 306.637603759766 306.619750976562 306.875366210938 306.917846679688 306.976684570312 306.937377929688 -9999 -9999 -9999 307.709747314453 307.703796386719 307.916931152344 -9999 -9999 -9999 -9999
-9999 -9999 -9999 -9999 -9999 -9999 -9999 -9999 -9999 -9999 -9999 -9999 306.194763183594 306.21142578125 306.224365234375 -9999 -9999 306.788604736328 306.322784423828 306.141754150391 306.135406494141 306.282470703125 306.436706542969 -9999 -9999 -9999 -9999 -9999 306.637908935547 306.436859130859 306.414367675781 306.669128417969 306.467926025391 306.531890869141 306.611419677734 306.627807617188 306.78662109375 307.066833496094 307.058776855469 307.061370849609 307.279266357422 -9999 -9999 -9999 307.818908691406 307.884643554688 307.877014160156 -9999 -9999 -9999
