rcp8.5models/CNRM-CM5/sc1gr21.35
NCOLS 261 
NROWS 433 
XLLCORNER 336357.134 
YLLCORNER 654653.479 
CELLSIZE 1000 
NODATA_value -9999 
[rows 264 to 285 of 433, columns 100 to 149 of 261]
653.441650390625 770.323486328125 1014.04156494141 1089.5341796875 797.442138671875 564.390441894531 564.021484375 514.147094726562 351.548583984375 361.123138427734 359.741912841797 338.852233886719 359.887451171875 432.615814208984 537.44384765625 631.830993652344 653.053161621094 619.307006835938 623.852233886719 1101.80151367188 1969.27465820312 2834.87377929688 2585.97265625 1519.29528808594 1060.58020019531 898.032836914062 673.070068359375 518.750793457031 480.718963623047 474.840423583984 427.965576171875 232.557220458984 215.498565673828 211.059356689453 191.240386962891 145.795532226562 89.2586212158203 42.5723152160645 10.170880317688 3.98670530319214 2.91006374359131 4.9119029045105 12.7925281524658 11.8534832000732 10.1712226867676 9.7160120010376 9.32359027862549 9.18938159942627 9.38059997558594 9.88580989837646
633.059265136719 1017.18713378906 1322.20361328125 1177.72644042969 751.73388671875 513.710266113281 489.296936035156 450.614501953125 312.907623291016 310.915863037109 338.067443847656 341.675628662109 348.603057861328 429.406188964844 616.052612304688 839.170776367188 881.510437011719 699.326232910156 550.783203125 1029.77770996094 1772.73852539062 2469.80590820312 2435.06298828125 1671.076171875 1100.62451171875 738.414001464844 532.40283203125 418.697326660156 378.080169677734 362.576690673828 342.183441162109 236.417770385742 215.696365356445 205.762130737305 184.768966674805 164.113494873047 149.229446411133 117.200973510742 62.0920143127441 21.4447689056396 4.14508867263794 5.03209829330444 12.317834854126 11.9811668395996 10.3691301345825 9.59023666381836 9.37546825408936 9.28527736663818 9.35443592071533 9.79524803161621
603.130737304688 981.506042480469 1312.91430664062 1201.32995605469 867.061279296875 758.316101074219 678.327209472656 454.968444824219 228.577926635742 215.943054199219 264.537109375 309.211181640625 320.384155273438 380.047546386719 591.248107910156 905.989562988281 1080.00354003906 963.680603027344 736.66064453125 769.941101074219 1423.40380859375 2259.40209960938 2462.55859375 1864.73034667969 1214.04296875 642.467468261719 420.329345703125 361.193695068359 318.373046875 297.174957275391 285.487762451172 244.358551025391 222.957336425781 200.637069702148 171.23405456543 165.251083374023 177.881408691406 169.843887329102 126.287239074707 65.0187454223633 20.7416400909424 10.7440404891968 14.8281097412109 14.9294729232788 14.1934690475464 13.2492704391479 11.9545478820801 10.5395221710205 9.57736301422119 9.7676362991333
601.6826171875 777.100708007812 925.908508300781 952.609924316406 1070.97998046875 1346.20812988281 1234.5322265625 710.442993164062 210.77604675293 200.505813598633 245.412094116211 314.404876708984 342.317443847656 432.586273193359 795.901550292969 1237.69604492188 1318.00622558594 1138.78112792969 970.2294921875 677.283996582031 1044.98034667969 1775.52770996094 2320.37646484375 2431.24194335938 1987.41577148438 1034.32897949219 612.418518066406 493.077362060547 341.477416992188 280.547760009766 270.807403564453 296.667510986328 310.020812988281 268.850006103516 190.992782592773 169.357192993164 183.933166503906 175.298248291016 148.463562011719 111.87361907959 71.5468826293945 37.4719848632812 15.5371122360229 15.0695667266846 15.4178857803345 15.4328107833862 14.6566905975342 13.2571020126343 11.9133558273315 11.5473613739014
450.501800537109 403.904541015625 406.295654296875 522.434448242188 794.381958007812 981.457824707031 819.210327148438 562.391174316406 386.634246826172 335.573883056641 304.176086425781 305.1787109375 357.693634033203 463.910614013672 674.569763183594 970.276306152344 1125.54443359375 990.432861328125 877.148986816406 1540.86926269531 1622.25756835938 1266.26770019531 1142.29467773438 1314.87670898438 1311.62866210938 1034.04150390625 813.87646484375 711.930725097656 555.783325195312 360.403137207031 302.526672363281 454.207885742188 540.363342285156 502.950592041016 339.090667724609 200.941055297852 173.17643737793 153.217651367188 147.259780883789 145.856491088867 141.266204833984 127.416603088379 41.5784568786621 13.8443984985352 14.0157032012939 14.1317405700684 14.2342624664307 14.3616514205933 14.4827575683594 16.0313377380371
370.005187988281 367.149383544922 378.818023681641 430.951538085938 544.215454101562 604.095153808594 570.275207519531 547.462158203125 460.179229736328 408.379791259766 337.628265380859 326.027557373047 432.191711425781 626.216369628906 803.988403320312 810.213684082031 773.085571289062 768.601684570312 771.787231445312 1310.67736816406 1527.76330566406 1411.42309570312 1146.88549804688 870.647277832031 676.535461425781 646.766845703125 684.976989746094 597.598510742188 473.290130615234 344.421295166016 279.779998779297 356.017852783203 416.807830810547 441.012573242188 367.554962158203 243.990509033203 187.454742431641 180.447082519531 184.189880371094 179.446395874023 164.389404296875 138.775909423828 45.2047271728516 11.5805740356445 12.4167881011963 12.5457229614258 11.9096403121948 12.5483865737915 15.3067941665649 22.6047115325928
299.622589111328 316.000732421875 329.692504882812 367.448120117188 448.332794189453 509.013061523438 550.405883789062 575.548095703125 570.109008789062 646.598937988281 540.026245117188 432.598236083984 592.219177246094 835.104858398438 992.451782226562 954.790649414062 826.119384765625 772.594421386719 848.117980957031 1237.966796875 1693.00329589844 1821.05212402344 1422.66320800781 947.034973144531 678.585083007812 554.605041503906 538.760498046875 493.815856933594 398.262512207031 328.644500732422 285.8583984375 291.444854736328 315.935150146484 369.92041015625 375.472503662109 309.639465332031 249.302047729492 218.358169555664 191.176040649414 173.457824707031 158.036651611328 130.015274047852 39.3231925964355 10.490122795105 8.17925643920898 8.17134857177734 8.33184814453125 12.6375579833984 25.5645790100098 46.5227394104004
235.458801269531 246.332077026367 264.515563964844 318.534881591797 410.937835693359 526.196838378906 626.151184082031 617.648071289062 653.700073242188 891.487670898438 861.432067871094 673.878540039062 764.573608398438 933.334777832031 1009.92614746094 1040.73217773438 1062.38940429688 1060.44616699219 1110.93054199219 1765.51525878906 2681.89575195312 3119.29467773438 2122.6337890625 989.34912109375 808.131286621094 727.395202636719 604.580444335938 462.386871337891 366.099700927734 340.858551025391 326.722869873047 299.911499023438 296.924865722656 321.336120605469 344.540374755859 312.225860595703 238.113555908203 184.86100769043 157.4169921875 145.661117553711 132.465408325195 109.798377990723 46.7371635437012 20.1145763397217 8.78900527954102 7.35024213790894 11.216778755188 23.669153213501 44.5361442565918 71.0102462768555
211.534683227539 227.180023193359 245.454940795898 295.429168701172 395.498657226562 546.592712402344 666.893371582031 657.55712890625 888.480712890625 1374.08752441406 1402.96276855469 1070.90014648438 1082.04553222656 1210.53833007812 1168.59020996094 1115.04345703125 1214.45703125 1295.71655273438 1421.54418945312 3462.07250976562 4864.62841796875 5128.2294921875 3534.47119140625 1590.60314941406 1046.04504394531 938.282043457031 825.320983886719 705.280456542969 597.67919921875 487.072357177734 402.05810546875 558.626037597656 575.270263671875 433.940551757812 351.215545654297 302.984130859375 209.033294677734 177.23176574707 188.108184814453 181.528091430664 150.069396972656 127.834030151367 63.3813514709473 40.9908142089844 29.4733104705811 23.8996562957764 33.4909133911133 52.4661331176758 65.374153137207 81.8943786621094
189.7890625 211.976913452148 246.964385986328 298.750183105469 407.875122070312 552.049011230469 644.479858398438 673.363891601562 933.277160644531 1264.62170410156 1263.38842773438 1037.78564453125 1070.81713867188 1170.22595214844 1154.25500488281 1173.34545898438 1286.48120117188 1319.09387207031 1490.41674804688 4232.5126953125 5579.7177734375 5036.669921875 3147.38989257812 1628.21215820312 1211.12670898438 1138.86328125 1149.93432617188 1205.27575683594 1153.69812011719 883.6083984375 588.241638183594 873.406127929688 906.397888183594 643.195007324219 414.863616943359 330.43359375 271.373626708984 246.491348266602 243.378311157227 238.751892089844 204.68977355957 174.548187255859 88.3776550292969 70.3359680175781 72.2143783569336 59.4246788024902 66.9959106445312 93.9870300292969 110.454948425293 133.06950378418
238.418930053711 204.763153076172 235.044570922852 310.476623535156 417.274932861328 526.45751953125 575.623107910156 575.791870117188 775.135437011719 894.139038085938 873.142517089844 794.663818359375 883.547302246094 1078.84045410156 1193.80029296875 1230.90222167969 1266.23681640625 1277.30773925781 1416.14331054688 3143.00805664062 3871.59790039062 3287.63818359375 2112.412109375 1489.81213378906 1361.50646972656 1349.99353027344 1475.83764648438 1706.53942871094 1759.02429199219 1383.21948242188 866.931213378906 933.284545898438 823.819702148438 584.878601074219 448.59814453125 426.244232177734 449.481964111328 442.414123535156 399.637237548828 373.795440673828 315.583404541016 230.64811706543 102.330558776855 80.2302474975586 79.4431076049805 65.7362823486328 78.4557571411133 112.962135314941 136.361434936523 165.585647583008
309.192779541016 210.341018676758 204.01025390625 249.601028442383 319.279052734375 427.705200195312 512.350952148438 514.114562988281 664.280029296875 669.701538085938 628.814819335938 606.642639160156 789.733581542969 1246.580078125 1481.59399414062 1334.92883300781 1293.45153808594 1440.90234375 1619.17272949219 2075.27758789062 2397.18212890625 2515.3046875 2199.5068359375 1983.33703613281 2111.27905273438 2106.54809570312 1953.84265136719 2005.40905761719 2056.31225585938 1720.07116699219 1221.30773925781 855.354553222656 634.765869140625 513.087707519531 520.726806640625 506.039276123047 508.911773681641 529.768676757812 493.593963623047 439.573455810547 369.110229492188 279.140625 104.143325805664 68.6813659667969 59.8570404052734 53.0478935241699 60.4394454956055 79.6642150878906 99.3319778442383 128.556869506836
391.261932373047 285.386779785156 326.546051025391 409.068481445312 456.591094970703 510.718475341797 555.380615234375 505.97998046875 550.887573242188 520.350219726562 475.066467285156 452.504943847656 605.073669433594 1146.37414550781 1641.10827636719 1616.1669921875 1539.18933105469 1756.33874511719 1972.54748535156 2124.431640625 2421.56005859375 3063.83032226562 3271.4296875 2960.95947265625 2849.11352539062 2970.51611328125 2795.82104492188 2392.85498046875 2143.84252929688 1750.435546875 1350.61413574219 826.159240722656 641.611511230469 601.347778320312 638.636352539062 593.045715332031 525.63330078125 520.982971191406 502.024291992188 454.595275878906 400.922882080078 324.756103515625 125.444473266602 77.9533615112305 51.0559234619141 49.6816711425781 50.0750312805176 54.6545486450195 67.5831680297852 86.3607406616211
441.119232177734 398.529144287109 506.552490234375 693.865356445312 759.717102050781 675.215637207031 625.286010742188 571.503784179688 511.537658691406 488.510650634766 452.610168457031 473.331146240234 579.462463378906 931.832275390625 1360.435546875 1595.04626464844 1820.35327148438 2221.724609375 2580.96752929688 2717.84106445312 3163.61303710938 3958.13232421875 4314.69775390625 3918.26049804688 3454.9072265625 3686.94140625 4168.65380859375 3982.75415039062 3021.49072265625 1839.37585449219 1381.06787109375 1034.45190429688 1022.56176757812 900.360473632812 769.724975585938 770.540893554688 654.697448730469 578.517578125 568.154113769531 568.837707519531 503.015350341797 383.288909912109 148.290130615234 84.3926162719727 59.2836761474609 58.7156524658203 65.1216354370117 76.5203399658203 98.9915084838867 123.879547119141
508.577697753906 575.341918945312 657.598999023438 801.264404296875 870.009765625 723.183166503906 530.968566894531 446.619262695312 524.986877441406 535.225158691406 490.831787109375 528.902038574219 626.254211425781 821.897155761719 1121.02465820312 1444.71154785156 1731.97766113281 2089.49487304688 2531.76831054688 3327.3720703125 4114.755859375 4940.80908203125 5090.62548828125 4478.67724609375 3713.1806640625 3403.52587890625 3667.75927734375 3524.84692382812 2809.095703125 2007.97399902344 1636.91516113281 1161.47509765625 1059.18273925781 954.366088867188 954.570983886719 1078.39379882812 982.674621582031 752.103271484375 734.305480957031 848.544616699219 755.896606445312 435.431915283203 132.180511474609 97.9933700561523 96.6998901367188 101.031455993652 126.853561401367 145.23258972168 167.642547607422 213.563003540039
577.366333007812 700.410949707031 698.72412109375 693.284729003906 656.766052246094 528.819519042969 413.237854003906 352.213653564453 465.173950195312 536.4072265625 566.834289550781 561.2763671875 619.061584472656 806.205505371094 1109.46887207031 1396.45568847656 1549.89990234375 1722.12536621094 2137.3515625 3207.00927734375 3906.28686523438 4652.7021484375 5106.74169921875 4980.95556640625 4115.49365234375 3095.21362304688 2597.68603515625 2445.20068359375 2278.94165039062 2243.1640625 2385.54907226562 1870.77795410156 1332.08471679688 1119.43786621094 1269.52770996094 1495.80187988281 1533.33020019531 1159.08325195312 922.148132324219 922.10595703125 850.160888671875 507.176513671875 -9999 149.856369018555 167.863571166992 177.689834594727 191.715972900391 204.824691772461 218.837585449219 252.275115966797
529.853881835938 570.397277832031 604.266174316406 571.924194335938 484.528259277344 450.890014648438 502.040374755859 603.634399414062 937.085815429688 1052.25256347656 1023.65856933594 960.350219726562 1030.02722167969 1263.15051269531 1582.15124511719 1719.5419921875 1701.15405273438 1640.21740722656 1503.04516601562 2185.74438476562 2967.69287109375 4157.8447265625 5695.96826171875 5405.17431640625 3833.47900390625 3554.78881835938 3197.02978515625 2901.49389648438 2861.66455078125 2598.80297851562 2294.44360351562 2658.53857421875 2732.24755859375 2547.220703125 2487.25463867188 2223.4794921875 1221.88854980469 -9999 772.540466308594 733.6572265625 515.237182617188 350.588226318359 318.975250244141 292.5751953125 261.919372558594 234.162673950195 244.640533447266 278.214538574219 257.825561523438 212.350677490234
419.6044921875 456.45068359375 535.32861328125 541.046142578125 532.983215332031 695.623779296875 941.166015625 980.7646484375 1205.71911621094 1456.88562011719 1658.02856445312 1853.29797363281 1792.20031738281 1562.84655761719 1675.00402832031 1898.4833984375 2005.02868652344 1943.40869140625 1665.02795410156 2112.02514648438 2911.53173828125 4307.99951171875 5548.61279296875 4633.05029296875 3225.29956054688 3577.14916992188 3441.4453125 2856.44287109375 2700.23071289062 2352.49389648438 2039.09594726562 2439.00341796875 2437.28735351562 2062.97875976562 2027.38940429688 1858.14990234375 936.991577148438 413.090026855469 -9999 568.0517578125 503.374298095703 349.517578125 558.109130859375 472.592254638672 277.640747070312 232.890991210938 258.918151855469 283.383697509766 234.098968505859 177.314651489258
347.442596435547 379.322082519531 440.844970703125 505.933654785156 621.427429199219 845.699035644531 1027.71166992188 936.142150878906 1185.6025390625 1466.99279785156 1706.78149414062 2065.22680664062 2122.7177734375 1801.31359863281 1689.61254882812 1924.39807128906 2362.69775390625 2609.3818359375 2237.60522460938 2068.42236328125 3397.06689453125 5221.4326171875 5716.9052734375 3878.4375 2572.32373046875 3376.17724609375 3758.90795898438 3232.17431640625 2745.99169921875 2351.3828125 2036.22265625 1999.091796875 1909.57116699219 1603.45654296875 1545.93176269531 1450.71325683594 871.020141601562 508.302001953125 593.073364257812 543.979187011719 375.25830078125 331.826446533203 571.1572265625 463.686798095703 258.353607177734 225.933471679688 237.397384643555 227.627807617188 172.119079589844 130.164566040039
524.9912109375 713.736083984375 720.133972167969 614.24267578125 627.020385742188 724.573791503906 813.746826171875 824.8515625 1102.35205078125 1388.54992675781 1784.89270019531 2259.6640625 2359.8544921875 2131.52954101562 1973.52099609375 2079.98168945312 2519.18969726562 3019.08984375 2893.45825195312 2246.94946289062 3470.74194335938 4157.9345703125 3591.50439453125 2420.275390625 2096.908203125 3089.40478515625 3642.73876953125 3039.86010742188 2488.4775390625 2255.22729492188 2023.28747558594 1738.46533203125 1768.43127441406 1786.17041015625 1692.78283691406 1335.62109375 -9999 487.062561035156 631.178283691406 -9999 -9999 181.855056762695 362.742767333984 331.628387451172 227.335494995117 201.18879699707 208.909286499023 173.588012695312 115.440765380859 108.483520507812
1027.40368652344 1521.56091308594 1731.05346679688 1450.70104980469 955.595336914062 667.593322753906 719.919738769531 912.970031738281 1018.90850830078 1486.66333007812 2250.96557617188 2873.28857421875 2868.31640625 2670.95190429688 2708.36328125 2719.05737304688 2937.07934570312 3530.34033203125 3623.66015625 2796.3271484375 3613.62768554688 3107.79541015625 1992.92663574219 1587.18640136719 1683.85461425781 2218.154296875 2572.82153320312 2312.13110351562 2090.97387695312 1974.09362792969 1642.66418457031 1459.94055175781 1614.83740234375 1893.49340820312 1861.69299316406 1368.57067871094 759.617309570312 -9999 584.657531738281 528.447265625 329.109252929688 99.6554107666016 243.982131958008 298.587036132812 240.115524291992 191.245239257812 201.535018920898 155.365921020508 80.5400009155273 89.5608749389648
1457.9892578125 2354.47998046875 3108.28247070312 3013.94189453125 1850.48559570312 890.666381835938 915.557250976562 1061.91674804688 1076.0615234375 1450.91186523438 2100.12890625 2712.404296875 2816.05810546875 2653.95947265625 2643.43017578125 2575.54809570312 2710.65991210938 3195.50732421875 3361.91430664062 2235.81689453125 2306.96948242188 1929.98779296875 1346.25158691406 1296.14782714844 1525.14123535156 1777.80688476562 1783.43103027344 1662.33178710938 1619.103515625 1458.88732910156 1221.18298339844 1033.65490722656 1064.556640625 1188.021484375 -9999 1109.53051757812 -9999 -9999 -9999 234.063735961914 -9999 -9999 219.691772460938 299.37353515625 250.636276245117 214.884643554688 254.092834472656 202.632110595703 84.2407531738281 68.122932434082
