rcp8.5models/CNRM-CM5/sc1gr9.9
NCOLS 261 
NROWS 433 
XLLCORNER 336357.134 
YLLCORNER 654653.479 
CELLSIZE 1000 
NODATA_value -3.4e+38 
[rows 110 to 131 of 433, columns 98 to 146 of 261]
188.559600830078 188.536483764648 188.46565246582 188.536712646484 188.488067626953 188.432571411133 188.27961730957 187.783920288086 188.354568481445 188.181076049805 187.506057739258 187.080795288086 186.935043334961 186.584625244141 185.697326660156 185.208068847656 185.619659423828 184.818450927734 184.189224243164 183.722778320312 183.044952392578 182.478378295898 182.386672973633 181.144134521484 180.051422119141 179.377975463867 177.932968139648 177.573608398438 177.028457641602 176.152450561523 167.671829223633 144.119415283203 151.070358276367 168.32112121582 151.444534301758 142.11897277832 129.882522583008 132.525238037109 133.218307495117 138.463272094727 148.461303710938 134.812805175781 134.463806152344 134.039794921875 133.874145507812 134.033309936523 133.424133300781 133.127044677734 132.465927124023
189.522872924805 190.115356445312 190.009063720703 189.419158935547 189.283309936523 188.686996459961 188.569625854492 188.337371826172 189.146942138672 188.477401733398 188.058090209961 187.981063842773 187.969604492188 187.816329956055 186.631546020508 186.24104309082 185.826370239258 184.849365234375 184.765029907227 185.098571777344 184.325759887695 182.987503051758 183.076263427734 181.704513549805 181.154006958008 180.591735839844 178.910049438477 177.772689819336 177.121505737305 169.656356811523 145.877044677734 154.177124023438 152.369277954102 152.410247802734 167.646301269531 153.899505615234 148.226821899414 133.687622070312 135.124176025391 138.804092407227 145.262817382812 135.622268676758 136.020492553711 135.315979003906 134.937591552734 135.159637451172 134.509796142578 134.058898925781 132.716491699219
190.44775390625 191.407287597656 191.332763671875 190.297546386719 190.196258544922 189.717758178711 189.221832275391 189.72785949707 189.439483642578 189.026947021484 188.941040039062 188.872528076172 188.798690795898 188.114013671875 187.079330444336 -3.4e+38 185.789978027344 185.35221862793 185.386825561523 185.545806884766 185.162033081055 184.358322143555 183.715896606445 183.14567565918 182.438446044922 181.349639892578 179.593795776367 177.975692749023 176.615524291992 171.669967651367 158.377044677734 175.415054321289 163.85725402832 131.705642700195 152.453338623047 171.766967773438 161.394821166992 135.161468505859 136.231658935547 136.832046508789 137.066146850586 136.786071777344 136.848403930664 136.441390991211 135.788299560547 135.413009643555 134.983245849609 134.353485107422 132.931091308594
191.861404418945 191.767135620117 191.747360229492 190.67008972168 190.537078857422 189.994766235352 190.272033691406 190.429428100586 189.496032714844 189.418701171875 189.235092163086 188.826019287109 189.610580444336 188.55436706543 187.514862060547 187.620971679688 186.327743530273 186.233444213867 186.144271850586 185.469360351562 185.290893554688 185.610382080078 184.52783203125 183.856964111328 183.354904174805 182.18701171875 180.566513061523 178.872665405273 177.612640380859 169.907363891602 151.337478637695 176.394241333008 170.809539794922 148.77490234375 133.047729492188 148.15950012207 150.253997802734 -3.4e+38 -3.4e+38 -3.4e+38 -3.4e+38 137.704696655273 137.170379638672 136.976821899414 136.268798828125 135.636825561523 135.043670654297 134.141799926758 133.287933349609
192.602493286133 192.326675415039 192.307968139648 191.233596801758 191.044540405273 190.293731689453 191.212295532227 190.994750976562 190.063323974609 189.985168457031 189.850601196289 189.626739501953 190.002639770508 189.065673828125 188.31526184082 188.264572143555 187.584869384766 186.599243164062 186.929016113281 185.919403076172 185.815612792969 186.459121704102 185.292770385742 184.370483398438 184.192199707031 183.020324707031 181.248306274414 179.805709838867 178.841369628906 172.935089111328 160.285369873047 171.245071411133 152.866302490234 170.287109375 149.377182006836 136.690856933594 -3.4e+38 -3.4e+38 -3.4e+38 -3.4e+38 -3.4e+38 137.988479614258 137.534881591797 136.851913452148 136.546035766602 136.011459350586 135.043838500977 134.375381469727 133.469375610352
193.040390014648 193.083877563477 193.344177246094 193.0615234375 193.688354492188 193.920547485352 193.278274536133 192.728286743164 191.801651000977 191.837051391602 192.255065917969 191.695770263672 191.425415039062 190.37043762207 190.63053894043 189.950759887695 189.464614868164 189.791702270508 188.635543823242 187.760696411133 187.905334472656 187.214401245117 186.636337280273 186.628540039062 185.732131958008 184.339294433594 182.53059387207 181.487731933594 181.093154907227 179.865280151367 180.291000366211 174.558807373047 161.183959960938 172.892349243164 154.556900024414 148.762832641602 145.809814453125 146.630706787109 136.414321899414 136.945327758789 137.200393676758 137.438934326172 137.263671875 136.694534301758 136.259796142578 135.797973632812 135.227172851562 134.715362548828 133.455902099609
194.433853149414 193.883224487305 193.868789672852 193.981628417969 194.917190551758 194.814224243164 194.334518432617 193.587951660156 192.663711547852 192.773208618164 193.597671508789 193.070388793945 192.284912109375 191.390716552734 191.23127746582 190.732406616211 189.988647460938 190.640823364258 189.481918334961 188.699996948242 189.142623901367 187.970901489258 187.12370300293 187.261657714844 185.998687744141 184.750213623047 183.674026489258 182.346145629883 182.264602661133 180.344970703125 181.024291992188 179.935272216797 178.145584106445 171.036010742188 150.665802001953 150.789337158203 137.913467407227 139.772048950195 152.284729003906 136.110076904297 136.134506225586 136.463195800781 136.911163330078 136.522094726562 136.080291748047 135.437530517578 134.934173583984 134.29948425293 132.933135986328
195.687454223633 195.268829345703 194.71647644043 195.435165405273 195.770202636719 195.726837158203 195.517379760742 194.463241577148 193.666030883789 193.740188598633 194.036575317383 193.85563659668 193.139511108398 192.397338867188 192.083557128906 191.824035644531 191.920013427734 191.485092163086 190.32341003418 189.540725708008 189.977920532227 188.802688598633 -3.4e+38 187.797180175781 187.086364746094 186.130142211914 184.852600097656 183.700759887695 183.512359619141 181.596466064453 181.720489501953 173.202819824219 154.62614440918 173.438232421875 155.492126464844 145.087448120117 135.889892578125 137.546844482422 151.857620239258 151.703369140625 135.674346923828 135.653717041016 140.7333984375 149.963577270508 135.865829467773 134.948959350586 134.625610351562 134.252319335938 132.799957275391
196.036315917969 196.432968139648 195.660369873047 196.651428222656 196.618011474609 196.479736328125 195.76611328125 194.914093017578 194.609954833984 194.662124633789 194.4755859375 193.857757568359 193.822509765625 194.342468261719 192.930786132812 192.831436157227 193.48210144043 192.324279785156 191.248489379883 190.748931884766 190.808151245117 189.629379272461 188.695648193359 188.700637817383 188.281509399414 187.220565795898 185.742706298828 184.822235107422 184.394866943359 182.708084106445 182.504409790039 176.007507324219 162.345642089844 179.224578857422 166.868698120117 136.611633300781 151.386337280273 133.092666625977 137.227920532227 146.052291870117 135.183456420898 135.064788818359 143.74528503418 165.371566772461 149.752166748047 134.908554077148 134.567489624023 134.227279663086 132.766250610352
195.920257568359 196.729782104492 196.458297729492 197.492721557617 197.460464477539 197.261947631836 196.233444213867 195.614120483398 196.151260375977 196.022521972656 195.358917236328 194.829895019531 194.456237792969 195.291275024414 193.772750854492 193.561279296875 193.82795715332 193.158187866211 192.14013671875 191.830230712891 191.751251220703 190.927337646484 189.635330200195 190.079483032227 189.427444458008 187.94970703125 186.412261962891 185.030319213867 184.727096557617 183.325408935547 182.57502746582 181.279159545898 179.752883911133 179.990097045898 174.069122314453 155.913421630859 151.357528686523 151.744277954102 132.68017578125 133.093185424805 139.614044189453 151.045928955078 138.166137695312 148.868225097656 144.643051147461 133.953536987305 133.784378051758 133.84455871582 132.380966186523
196.285034179688 196.610900878906 196.708374023438 198.234146118164 197.678146362305 197.577560424805 197.072082519531 196.528656005859 197.434936523438 197.191070556641 196.26741027832 195.997924804688 195.228805541992 195.731643676758 194.609283447266 -3.4e+38 194.333160400391 194.075332641602 193.480987548828 193.237152099609 192.652008056641 192.06721496582 190.625274658203 191.513870239258 190.010375976562 188.750534057617 187.113433837891 185.407119750977 185.188781738281 183.985000610352 182.845489501953 181.768142700195 180.51106262207 180.175674438477 172.032730102539 144.340805053711 141.304626464844 145.32795715332 132.273010253906 132.516754150391 143.025360107422 162.601928710938 133.53498840332 133.404479980469 133.018005371094 132.665542602539 132.577499389648 132.428085327148 132.40544128418
197.489486694336 197.057144165039 197.219879150391 198.480392456055 198.124816894531 198.084396362305 197.984039306641 197.773864746094 198.169021606445 197.516891479492 197.103561401367 197.039978027344 197.047760009766 196.565658569336 195.824417114258 195.264251708984 195.648040771484 194.958541870117 194.649444580078 194.449722290039 193.347442626953 192.401626586914 191.376724243164 192.009780883789 190.484329223633 189.420486450195 187.441009521484 186.190216064453 185.934417724609 184.617370605469 175.621734619141 156.273727416992 181.750564575195 180.378295898438 174.850997924805 151.22380065918 141.383071899414 151.297912597656 131.144546508789 138.172088623047 161.324768066406 162.597229003906 132.185638427734 132.6962890625 132.449966430664 131.870101928711 131.732330322266 131.342590332031 132.366744995117
198.640731811523 198.410675048828 198.642791748047 198.980804443359 198.85432434082 198.29638671875 198.363571166992 198.923706054688 198.909439086914 198.400665283203 197.805709838867 197.792892456055 198.018905639648 197.393920898438 196.546401977539 196.636077880859 196.283065795898 195.667892456055 195.581481933594 195.738174438477 194.073760986328 192.973342895508 192.455749511719 192.481811523438 191.152053833008 189.660629272461 187.869384765625 186.792709350586 178.020706176758 156.289794921875 178.643859863281 157.009094238281 156.630706787109 181.60090637207 181.745849609375 176.529678344727 157.309310913086 166.395935058594 129.961318969727 142.311340332031 168.785049438477 144.563842773438 131.087585449219 131.445022583008 132.142303466797 131.748641967773 -3.4e+38 -3.4e+38 131.203826904297
199.495513916016 199.624160766602 200.327713012695 199.703720092773 199.095367431641 198.732162475586 198.873474121094 199.685073852539 199.10871887207 198.963745117188 198.441925048828 197.979110717773 198.409149169922 197.807769775391 197.130798339844 197.767776489258 196.755233764648 196.407196044922 196.353164672852 196.390396118164 194.967544555664 194.197891235352 193.377151489258 192.683471679688 191.388519287109 190.060333251953 188.968032836914 178.594314575195 141.759094238281 136.099456787109 184.949478149414 178.586364746094 164.840240478516 182.715118408203 182.817596435547 183.136184692383 169.006820678711 173.849884033203 150.43994140625 134.571228027344 144.778106689453 130.633682250977 130.487182617188 130.412002563477 131.151184082031 131.254058837891 130.338653564453 -3.4e+38 -3.4e+38
200.404251098633 201.077758789062 201.350692749023 200.43391418457 200.081268310547 199.860885620117 199.080917358398 199.930252075195 199.537857055664 199.353164672852 198.691024780273 198.5595703125 199.632354736328 198.745239257812 197.833557128906 198.18278503418 197.940078735352 197.09684753418 196.599182128906 196.956268310547 196.190689086914 195.116622924805 193.736968994141 193.522933959961 191.942565917969 191.144470214844 190.106826782227 182.236511230469 150.654220581055 135.980499267578 177.095291137695 148.187301635742 157.257888793945 184.560440063477 184.144668579102 175.246704101562 152.089538574219 172.354629516602 144.266235351562 128.64111328125 129.358734130859 136.824569702148 149.450988769531 129.970123291016 129.734466552734 129.851226806641 -3.4e+38 130.004516601562 -3.4e+38
200.649002075195 201.627365112305 201.573394775391 201.130020141602 200.587051391602 200.434661865234 199.996032714844 200.907196044922 200.836990356445 200.580429077148 199.660522460938 199.714950561523 200.262847900391 199.812606811523 199.035552978516 199.102416992188 198.994430541992 197.816741943359 197.164749145508 198.177719116211 197.107711791992 195.349304199219 194.283065795898 194.716171264648 193.136123657227 192.159255981445 190.829254150391 189.059844970703 181.649063110352 166.769409179688 180.659851074219 159.128875732422 156.974594116211 149.434783935547 157.906875610352 177.693939208984 164.628448486328 174.994735717773 150.793960571289 128.058486938477 128.383850097656 134.000350952148 150.712020874023 148.822814941406 129.083923339844 128.712738037109 128.713973999023 128.937881469727 129.23469543457
201.238815307617 202.256286621094 -3.4e+38 -3.4e+38 201.803283691406 201.765853881836 201.812103271484 202.220275878906 202.083190917969 201.570434570312 200.907516479492 200.779205322266 201.91081237793 201.273696899414 200.944412231445 200.922897338867 200.447021484375 199.443328857422 199.302703857422 199.438278198242 198.25634765625 196.671615600586 195.875457763672 195.162200927734 194.907852172852 193.676452636719 191.895248413086 191.342422485352 190.621505737305 180.711364746094 151.791397094727 158.712463378906 158.435394287109 187.663299560547 179.947113037109 165.394607543945 175.234603881836 164.062347412109 166.807922363281 126.027168273926 126.982070922852 126.895652770996 126.902236938477 127.115165710449 127.352310180664 127.627487182617 127.134574890137 127.404342651367 127.453575134277
202.148620605469 -3.4e+38 -3.4e+38 203.112518310547 203.085723876953 203.065277099609 203.115875244141 203.111999511719 203.039413452148 202.883636474609 202.482406616211 202.609603881836 202.943252563477 201.997894287109 201.821899414062 202.065948486328 201.140411376953 200.15168762207 200.116561889648 200.532104492188 199.919876098633 198.444458007812 197.341934204102 195.919219970703 195.659545898438 194.521499633789 192.735748291016 192.705932617188 191.686370849609 184.376846313477 167.956817626953 184.001205444336 157.824478149414 158.081161499023 186.536972045898 185.296646118164 169.299728393555 157.48258972168 167.274047851562 125.057708740234 125.950050354004 126.107398986816 126.192001342773 126.50074005127 126.231300354004 126.385627746582 126.697929382324 126.798316955566 126.379104614258
203.230133056641 -3.4e+38 204.218948364258 204.203552246094 204.298736572266 204.764373779297 204.270706176758 204.211853027344 204.032577514648 203.451629638672 203.367141723633 203.341094970703 203.242614746094 202.872695922852 202.445571899414 202.619155883789 201.914764404297 200.805114746094 200.323989868164 201.00114440918 201.07568359375 199.729125976562 197.953903198242 196.668548583984 196.500686645508 195.676513671875 193.710266113281 193.431991577148 192.408737182617 192.044174194336 191.354690551758 180.927978515625 151.806640625 166.216049194336 186.674163818359 176.994369506836 142.253494262695 129.931625366211 142.51416015625 124.440902709961 124.892158508301 125.069412231445 125.398590087891 125.78547668457 125.498497009277 125.045288085938 125.674842834473 126.275459289551 125.720176696777
204.592834472656 -3.4e+38 204.988922119141 205.078643798828 205.655288696289 205.916946411133 205.05126953125 204.992889404297 204.743255615234 203.841903686523 203.630935668945 203.264984130859 204.174713134766 203.978775024414 202.930999755859 202.372009277344 202.30192565918 202.066787719727 201.475952148438 201.291030883789 201.82585144043 200.389175415039 198.378570556641 197.348297119141 197.084442138672 196.779586791992 194.268188476562 193.717102050781 193.561248779297 192.848388671875 192.239456176758 174.080963134766 127.516304016113 159.357940673828 187.197448730469 179.923446655273 159.294921875 158.550140380859 158.044204711914 149.158828735352 124.039588928223 124.003379821777 132.670944213867 147.628707885742 124.805618286133 124.376045227051 124.329086303711 125.248809814453 125.094100952148
205.715377807617 205.738388061523 205.751083374023 205.807479858398 206.135818481445 206.186813354492 205.909317016602 206.250152587891 206.105422973633 205.585800170898 204.942001342773 204.750457763672 205.147827148438 204.445938110352 203.124954223633 202.756988525391 203.174545288086 203.217926025391 202.91667175293 202.502334594727 202.567794799805 201.222534179688 199.563018798828 198.387084960938 197.784530639648 198.040328979492 195.124816894531 194.998046875 194.844116210938 194.385238647461 192.875823974609 184.671524047852 161.967758178711 168.622589111328 188.330490112305 187.909545898438 186.828689575195 185.208953857422 183.874008178711 176.620361328125 148.460067749023 123.143684387207 138.078948974609 163.949645996094 123.540550231934 124.00227355957 123.920349121094 123.897201538086 124.625679016113
207.47770690918 206.98974609375 207.002258300781 206.388778686523 206.502914428711 207.120193481445 207.1298828125 207.327362060547 207.144515991211 206.494079589844 206.108657836914 206.157821655273 205.836990356445 204.889526367188 204.028656005859 203.946151733398 204.177688598633 203.965560913086 203.621154785156 203.194091796875 203.75341796875 202.372680664062 200.60334777832 199.481384277344 199.042541503906 199.069686889648 196.355834960938 196.258346557617 195.472473144531 195.574600219727 193.488494873047 192.349426269531 181.522216796875 159.358047485352 189.487823486328 188.740524291992 187.309555053711 158.106155395508 184.690307617188 183.648742675781 167.220962524414 122.34944152832 128.847152709961 140.156188964844 122.41471862793 122.81356048584 123.641471862793 123.207725524902 123.536415100098
