rcp8.5models/CNRM-CM5/sc1gr4.8
NCOLS 261 
NROWS 433 
XLLCORNER 336357.134 
YLLCORNER 654653.479 
CELLSIZE 1000 
NODATA_value -3.4e+38 
[rows 286 to 307 of 433, columns 49 to 97 of 261]
264.628875732422 264.780853271484 264.838958740234 264.764282226562 264.907775878906 264.985412597656 265.178497314453 264.720520019531 264.572662353516 264.193939208984 264.079772949219 264.452758789062 264.804351806641 263.256561279297 261.626556396484 263.081115722656 264.158325195312 264.089080810547 264.598571777344 263.011657714844 262.562927246094 264.055786132812 263.475891113281 262.830627441406 263.313812255859 261.927856445312 261.910125732422 264.046356201172 263.645202636719 261.545318603516 258.283660888672 258.504974365234 263.303680419922 262.409149169922 259.5947265625 258.109924316406 257.921203613281 259.396545410156 258.294952392578 256.303009033203 256.93017578125 257.098297119141 257.525360107422 257.736968994141 258.952484130859 259.910919189453 259.517547607422 257.111877441406 255.707702636719
264.79638671875 264.974029541016 264.922576904297 264.802734375 264.854553222656 264.712677001953 264.684448242188 264.705078125 264.764465332031 264.373291015625 264.264526367188 264.357482910156 264.758483886719 264.382110595703 263.940551757812 264.395263671875 264.427185058594 264.486450195312 264.498779296875 262.510955810547 261.362243652344 263.475738525391 262.782135009766 260.746002197266 260.257385253906 259.70361328125 261.685699462891 264.206298828125 263.061553955078 261.896026611328 258.747344970703 258.019561767578 262.453582763672 261.197692871094 258.293640136719 259.013366699219 259.721435546875 259.679016113281 258.089324951172 256.432006835938 255.384231567383 256.655792236328 257.793182373047 257.347625732422 257.205688476562 256.370941162109 254.327026367188 252.127319335938 251.369857788086
264.829406738281 265.3505859375 265.3857421875 264.938415527344 264.963684082031 264.833648681641 264.600738525391 264.484130859375 264.869720458984 264.750457763672 264.304779052734 264.2294921875 264.378875732422 264.568389892578 264.234344482422 263.910797119141 264.633636474609 265.104675292969 263.971008300781 262.680877685547 261.675354003906 263.120635986328 261.824371337891 258.442230224609 258.0439453125 260.217437744141 262.324554443359 262.760772705078 263.093170166016 261.492126464844 260.045867919922 259.545989990234 261.666564941406 261.484893798828 259.970916748047 260.022552490234 259.226531982422 259.324829101562 258.668304443359 257.090484619141 254.881271362305 255.271072387695 257.243530273438 257.257263183594 256.816101074219 254.726211547852 251.642150878906 250.068603515625 250.332931518555
265.151824951172 265.229309082031 265.223907470703 265.110717773438 265.167083740234 265.239440917969 264.936950683594 264.366271972656 264.58740234375 264.718170166016 264.377838134766 264.211791992188 264.194122314453 264.448699951172 264.350189208984 264.096343994141 265.072509765625 265.611907958984 262.156219482422 261.824768066406 261.704223632812 263.339935302734 262.490081787109 258.4931640625 258.780120849609 262.385467529297 262.830413818359 260.972808837891 260.555450439453 260.687652587891 260.365417480469 259.406463623047 260.519958496094 262.477111816406 260.823669433594 258.912231445312 258.095123291016 258.913726806641 258.093078613281 255.84814453125 254.209350585938 254.58625793457 256.716339111328 257.343383789062 256.742858886719 255.956481933594 254.45832824707 253.140930175781 252.306045532227
265.047088623047 264.975311279297 264.972625732422 265.130981445312 264.94873046875 264.629272460938 264.662506103516 264.384552001953 264.390533447266 264.390411376953 264.4814453125 264.809967041016 264.924407958984 265.161773681641 265.554809570312 265.667358398438 265.609893798828 263.852722167969 262.140289306641 262.309875488281 262.940734863281 263.119171142578 263.196899414062 263.092895507812 260.906799316406 260.600646972656 260.986328125 261.582763671875 260.872985839844 259.137359619141 258.867645263672 261.114837646484 262.849731445312 263.671722412109 262.701324462891 261.425079345703 259.693176269531 258.970977783203 257.696807861328 256.769165039062 256.509643554688 254.360946655273 255.39013671875 256.901031494141 257.552459716797 256.825164794922 253.88264465332 251.011047363281 249.675018310547
264.530029296875 264.697631835938 264.963531494141 264.957641601562 264.79833984375 264.668792724609 264.672943115234 264.508514404297 264.37744140625 264.331817626953 264.539581298828 265.074157714844 265.22509765625 265.421356201172 265.521209716797 265.131530761719 265.442596435547 264.860046386719 262.556518554688 262.600524902344 263.317413330078 263.335388183594 263.59375 262.168487548828 258.595855712891 259.420104980469 261.314849853516 260.838256835938 261.867095947266 257.995147705078 258.902709960938 260.638488769531 262.664154052734 263.550445556641 262.598907470703 262.997039794922 262.706878662109 262.626129150391 260.357513427734 259.160095214844 259.611968994141 252.743865966797 254.32243347168 256.546905517578 258.425659179688 257.614868164062 254.157867431641 247.974090576172 239.129470825195
264.6103515625 264.733612060547 264.836822509766 264.875244140625 264.935485839844 264.947296142578 264.926147460938 264.498016357422 264.359527587891 264.342041015625 264.409790039062 264.848083496094 265.285339355469 265.618133544922 265.550231933594 264.903228759766 264.91845703125 265.268646240234 264.127105712891 263.959289550781 263.830352783203 262.816528320312 262.786987304688 261.971343994141 258.814636230469 259.015106201172 261.025329589844 261.585784912109 262.448944091797 259.738891601562 260.773132324219 263.107696533203 264.101715087891 264.911407470703 264.360504150391 264.182952880859 264.216400146484 264.057861328125 262.61669921875 262.88623046875 261.658477783203 251.229476928711 252.83821105957 255.639984130859 256.610015869141 257.125915527344 255.652496337891 247.827667236328 237.289169311523
264.565460205078 264.807312011719 264.843170166016 264.860198974609 264.999389648438 265.335388183594 265.184936523438 264.828887939453 264.454193115234 264.323944091797 264.550384521484 265.004119873047 265.265716552734 265.382354736328 265.348175048828 265.034240722656 264.753662109375 265.164123535156 263.695129394531 263.813873291016 264.319427490234 262.756011962891 261.977447509766 262.118591308594 259.687927246094 257.802703857422 259.111511230469 260.800323486328 259.824584960938 259.483734130859 258.108612060547 262.246673583984 262.379333496094 262.548370361328 262.871215820312 261.966125488281 262.039855957031 261.865356445312 260.560455322266 261.143890380859 261.208557128906 254.259948730469 253.477279663086 256.660339355469 256.878051757812 256.392395019531 256.635833740234 251.259490966797 245.80354309082
264.746063232422 264.733215332031 264.801910400391 264.788665771484 264.979583740234 265.411560058594 265.279907226562 264.752532958984 264.493743896484 264.608337402344 265.054962158203 265.341613769531 265.40478515625 265.364776611328 265.476776123047 265.418060302734 264.927978515625 264.891967773438 263.778839111328 264.109344482422 264.42041015625 263.287414550781 261.427032470703 261.246948242188 260.671997070312 257.987579345703 257.254211425781 257.769561767578 258.164428710938 259.017272949219 257.949066162109 259.115417480469 260.022521972656 261.274871826172 261.479949951172 261.104370117188 262.372589111328 261.249053955078 257.873046875 255.943206787109 258.449462890625 256.468109130859 256.976959228516 258.088500976562 259.669036865234 258.078277587891 257.538543701172 256.610900878906 255.277389526367
264.984466552734 264.902740478516 264.868499755859 264.843475341797 265.22900390625 265.534149169922 265.184509277344 264.465393066406 264.820373535156 265.207611083984 265.31494140625 265.369354248047 265.324920654297 265.263244628906 265.273254394531 265.245758056641 264.951110839844 264.779083251953 263.179870605469 263.257904052734 264.479614257812 263.26220703125 262.425109863281 263.097961425781 261.206115722656 258.492645263672 257.356323242188 256.345550537109 257.242523193359 257.267974853516 258.684326171875 258.981658935547 260.789520263672 262.252410888672 260.882720947266 260.809936523438 263.439453125 260.782104492188 256.118560791016 253.066665649414 255.752166748047 253.863891601562 254.932998657227 257.151702880859 259.095672607422 256.815521240234 254.89631652832 255.59407043457 255.8642578125
265.18701171875 265.215148925781 265.33935546875 265.317565917969 265.372009277344 265.339569091797 265.098022460938 264.545043945312 264.911437988281 265.2783203125 265.329559326172 265.517761230469 265.436553955078 265.215698242188 265.218627929688 265.391143798828 265.3720703125 264.955261230469 263.487762451172 263.064544677734 264.163604736328 264.131744384766 264.483154296875 263.89453125 260.410552978516 258.751007080078 258.468292236328 256.509857177734 255.13069152832 254.805191040039 257.618225097656 258.97216796875 260.698913574219 261.675598144531 261.261627197266 261.338317871094 263.207427978516 260.099884033203 254.600662231445 253.405639648438 253.881683349609 250.820587158203 250.149993896484 253.779571533203 256.110260009766 254.586181640625 252.421691894531 250.765640258789 250.17317199707
264.879333496094 264.560150146484 264.738861083984 265.047882080078 265.038391113281 264.901641845703 264.912017822266 264.720275878906 265.000274658203 265.31787109375 265.421783447266 265.468902587891 265.383697509766 265.353118896484 265.387756347656 265.274505615234 265.219818115234 264.881134033203 264.3876953125 264.407867431641 264.3330078125 263.67333984375 263.2900390625 262.279266357422 261.101867675781 260.879577636719 259.73291015625 257.286407470703 255.540191650391 255.099060058594 257.661560058594 259.198059082031 259.568908691406 260.457122802734 262.598999023438 263.796234130859 262.998382568359 257.735412597656 251.703475952148 252.473831176758 254.972640991211 250.353912353516 249.029830932617 249.847625732422 253.013061523438 254.807815551758 253.141357421875 250.313735961914 248.642639160156
264.326507568359 264.189880371094 264.176910400391 264.282836914062 264.457824707031 264.781311035156 264.912689208984 265.091186523438 265.176361083984 265.500640869141 265.467895507812 265.362121582031 265.019348144531 264.679809570312 264.911468505859 265.043548583984 264.936279296875 264.762603759766 264.554931640625 264.935333251953 264.870147705078 263.007751464844 260.893371582031 259.567535400391 259.274658203125 260.211822509766 259.230743408203 257.251098632812 257.566986083984 256.609375 257.014373779297 258.432891845703 259.999542236328 261.996459960938 264.163543701172 265.481628417969 262.889312744141 256.614654541016 253.183395385742 254.780487060547 258.712921142578 253.25798034668 251.956558227539 251.839584350586 254.084533691406 255.239547729492 253.994338989258 250.953277587891 247.202621459961
264.133178710938 264.570465087891 264.807220458984 264.433837890625 264.392974853516 264.94677734375 265.378234863281 265.515808105469 265.491668701172 265.646820068359 265.508270263672 265.288421630859 265.146514892578 264.898590087891 265.072204589844 265.278442382812 265.080688476562 264.742523193359 264.743103027344 264.99169921875 264.982482910156 262.682067871094 260.044799804688 259.104217529297 258.489624023438 259.152587890625 260.714996337891 260.228057861328 258.272491455078 258.616851806641 256.538909912109 258.479919433594 261.703491210938 262.412445068359 263.678802490234 265.952056884766 263.513854980469 258.840270996094 256.942626953125 255.603561401367 258.613739013672 256.909820556641 254.927230834961 252.663330078125 252.56559753418 252.751159667969 252.358169555664 252.270721435547 250.684951782227
264.115539550781 264.595275878906 265.060119628906 264.918334960938 264.685150146484 265.018005371094 265.598693847656 264.958923339844 264.945373535156 264.956787109375 265.086975097656 265.236968994141 265.305480957031 265.58203125 265.526824951172 265.058563232422 264.992950439453 264.872589111328 265.259368896484 265.307647705078 265.031311035156 262.584930419922 260.532012939453 261.489959716797 262.604675292969 261.712738037109 260.439422607422 259.699188232422 257.286071777344 260.324127197266 257.712677001953 256.845489501953 259.12109375 261.583953857422 263.654113769531 265.920593261719 264.112701416016 259.279998779297 256.483001708984 255.977020263672 258.913024902344 256.321533203125 254.119430541992 251.391067504883 248.966354370117 248.113739013672 245.524368286133 242.387817382812 242.767974853516
264.444305419922 264.645294189453 264.81396484375 265.217071533203 265.617492675781 265.476531982422 265.315887451172 265.602508544922 265.456390380859 265.405181884766 265.328033447266 265.202819824219 265.132629394531 265.111389160156 265.174987792969 265.1982421875 265.116729736328 265.188323974609 265.850830078125 265.782531738281 265.655426025391 265.137786865234 264.194549560547 263.639068603516 263.888397216797 261.771484375 260.890899658203 262.525146484375 261.395477294922 261.144897460938 261.923095703125 259.256652832031 257.313751220703 260.614196777344 265.620971679688 266.582489013672 263.196624755859 257.616943359375 256.270172119141 257.877471923828 258.564849853516 260.068237304688 255.82063293457 255.230453491211 255.715560913086 252.443344116211 247.440948486328 241.616485595703 231.419143676758
264.959716796875 265.058837890625 265.105560302734 265.312561035156 265.606689453125 265.395935058594 265.155792236328 265.569000244141 265.458251953125 265.438079833984 265.370391845703 265.235595703125 265.134063720703 265.061401367188 265.072845458984 265.216003417969 265.258331298828 265.58349609375 265.441955566406 265.268035888672 264.627655029297 263.479370117188 261.50439453125 260.462432861328 262.416870117188 263.170349121094 262.253234863281 262.207977294922 260.394195556641 258.478210449219 261.183471679688 261.122833251953 259.520477294922 263.636169433594 266.675964355469 266.326812744141 264.707824707031 258.715759277344 255.223907470703 260.446746826172 262.938873291016 263.647430419922 261.301361083984 260.269256591797 260.799987792969 260.245697021484 254.940887451172 249.736404418945 241.446075439453
265.18359375 265.274993896484 265.175170898438 265.110809326172 265.18408203125 265.108978271484 264.947784423828 265.171051025391 265.102233886719 265.184967041016 265.24609375 265.192626953125 265.146484375 264.941680908203 264.915435791016 265.113891601562 265.282287597656 265.502746582031 265.153656005859 264.974517822266 264.361724853516 261.841583251953 258.977386474609 258.687896728516 261.069671630859 262.966094970703 259.488952636719 256.803161621094 257.428955078125 258.673858642578 262.060089111328 262.155181884766 260.937683105469 265.071411132812 266.225189208984 265.364898681641 264.270782470703 262.137512207031 261.154693603516 262.444793701172 262.033660888672 262.537445068359 260.417266845703 253.339141845703 246.801376342773 246.613906860352 250.394622802734 246.694320678711 238.511779785156
265.052917480469 265.202789306641 265.210021972656 265.348388671875 265.543060302734 265.205749511719 264.942810058594 264.705200195312 264.604064941406 264.851409912109 264.191925048828 264.181793212891 265.176574707031 264.712799072266 264.517395019531 264.907318115234 265.237243652344 265.218292236328 264.978424072266 264.675262451172 264.374084472656 261.784332275391 258.453033447266 257.780883789062 259.897613525391 262.189880371094 259.531646728516 257.264312744141 258.367492675781 262.158508300781 264.770294189453 264.351379394531 263.949066162109 265.986663818359 265.994110107422 265.050811767578 264.919067382812 265.755737304688 264.158355712891 259.364562988281 257.879058837891 256.239227294922 254.520523071289 243.230758666992 231.091827392578 229.002349853516 238.134948730469 236.24137878418 227.998001098633
264.738922119141 265.100524902344 265.113433837891 265.217010498047 265.320037841797 265.282806396484 265.355499267578 264.742980957031 264.328460693359 264.166412353516 263.265045166016 263.388671875 264.618530273438 264.231750488281 264.052459716797 264.429504394531 264.975952148438 264.952575683594 265.094177246094 264.377136230469 263.537353515625 263.174621582031 260.608612060547 258.501403808594 259.765258789062 260.434051513672 259.674652099609 258.661987304688 257.639282226562 261.889007568359 264.976226806641 265.846801757812 265.943725585938 266.648895263672 266.347625732422 265.914825439453 266.173187255859 265.380432128906 260.960479736328 255.853408813477 255.59049987793 252.208709716797 249.873321533203 241.840393066406 230.732711791992 229.576889038086 238.141006469727 237.674850463867 234.440170288086
264.580474853516 264.775817871094 264.445495605469 264.429168701172 264.683624267578 265.074371337891 265.178070068359 265.109893798828 264.507232666016 263.915740966797 263.816528320312 264.20166015625 264.454681396484 264.447723388672 264.1396484375 264.134796142578 264.871917724609 265.136535644531 265.056427001953 264.381378173828 263.836334228516 264.008880615234 262.035064697266 259.596038818359 259.035186767578 258.399444580078 259.5849609375 258.416381835938 255.056137084961 259.739929199219 263.912048339844 266.110534667969 266.187591552734 266.718200683594 266.602905273438 266.354278564453 265.721527099609 263.590240478516 259.611541748047 255.429641723633 256.599395751953 256.755218505859 254.523849487305 252.017715454102 244.422286987305 240.847274780273 241.473495483398 238.638946533203 237.489593505859
264.39404296875 264.339874267578 264.100769042969 264.080932617188 264.487731933594 264.963836669922 264.839294433594 265.189544677734 265.269104003906 264.948120117188 264.788208007812 264.647857666016 264.458740234375 264.402221679688 264.173858642578 264.136016845703 264.68408203125 265.145751953125 265.399749755859 264.863006591797 264.615814208984 264.100524902344 262.912689208984 259.959808349609 258.109710693359 258.086242675781 257.794769287109 257.387145996094 256.804321289062 261.040924072266 264.394165039062 266.328399658203 266.242248535156 265.651733398438 265.285949707031 264.015716552734 262.733825683594 262.230163574219 260.782043457031 259.103729248047 259.933349609375 260.19091796875 260.418640136719 258.119934082031 249.021286010742 236.451599121094 227.006393432617 222.241897583008 220.941375732422
