rcp8.5models/CNRM-CM5/sc1gr7.31
NCOLS 261 
NROWS 433 
XLLCORNER 336357.134 
YLLCORNER 654653.479 
CELLSIZE 1000 
NODATA_value -3.4e+38 
[rows 220 to 241 of 433, columns 98 to 146 of 261]
123.070404052734 123.1123046875 123.177787780762 123.51692199707 123.416893005371 123.263580322266 123.182357788086 122.942832946777 122.918128967285 123.22834777832 122.808746337891 122.434631347656 123.89672088623 124.284797668457 124.534072875977 124.526527404785 124.577438354492 124.495849609375 124.464683532715 124.534729003906 124.499969482422 124.483497619629 124.437370300293 124.306045532227 124.287742614746 124.00862121582 123.792304992676 123.570297241211 123.24341583252 121.90616607666 119.844100952148 122.29354095459 122.014015197754 121.563110351562 121.085159301758 120.584274291992 120.096298217773 119.128753662109 118.358093261719 116.658477783203 113.989799499512 114.020492553711 116.00154876709 114.055740356445 113.010444641113 113.802764892578 113.108306884766 112.296844482422 109.845367431641
122.464241027832 122.562110900879 122.583930969238 122.593086242676 122.581344604492 122.55916595459 122.633422851562 122.801109313965 122.773933410645 122.735656738281 122.214958190918 122.161781311035 123.279113769531 123.552108764648 123.742706298828 123.811943054199 123.93286895752 123.734306335449 123.59317779541 123.634857177734 123.880149841309 123.796875 123.708374023438 123.557167053223 123.447402954102 123.378356933594 123.009071350098 122.865303039551 122.678352355957 120.164237976074 117.008811950684 121.838882446289 121.353393554688 120.922210693359 120.548866271973 119.762222290039 118.933578491211 118.591621398926 117.272666931152 114.484794616699 112.970024108887 114.506607055664 115.213729858398 113.352806091309 112.288192749023 113.146354675293 112.479011535645 111.663192749023 109.643249511719
121.820594787598 121.908302307129 121.968254089355 121.893745422363 121.74153137207 121.441566467285 121.547584533691 122.321800231934 122.334823608398 121.967575073242 121.308525085449 121.66822052002 122.590187072754 122.829490661621 122.947166442871 123.056358337402 123.049308776855 122.971710205078 122.808639526367 122.903457641602 123.103645324707 123.020866394043 122.895309448242 122.898086547852 122.680282592773 122.622955322266 122.396980285645 122.164627075195 122.008796691895 119.318542480469 116.125793457031 121.053901672363 120.682586669922 120.271324157715 119.944511413574 119.327766418457 118.508399963379 117.813735961914 116.089889526367 113.827758789062 114.396507263184 115.342163085938 114.876235961914 113.869674682617 113.171775817871 113.01554107666 111.908027648926 111.138290405273 109.233108520508
120.979232788086 120.99095916748 121.3525390625 121.290306091309 121.005996704102 120.366989135742 120.36799621582 121.472068786621 121.551742553711 121.181076049805 120.674613952637 121.361610412598 121.873245239258 122.031684875488 122.260078430176 122.206199645996 122.076637268066 122.128952026367 122.171607971191 120.842613220215 119.070938110352 122.177032470703 122.252296447754 122.132843017578 121.963356018066 121.816444396973 121.671257019043 121.350120544434 120.839424133301 118.421173095703 116.766174316406 120.239799499512 119.975326538086 119.575492858887 119.160186767578 118.78010559082 117.819641113281 116.391998291016 115.148170471191 115.072250366211 115.2666015625 114.800086975098 114.501640319824 113.992286682129 113.833869934082 112.937644958496 111.234893798828 110.539657592773 108.821228027344
120.466232299805 120.493865966797 120.822479248047 120.743591308594 120.124420166016 119.42692565918 120.123260498047 120.73900604248 120.853851318359 120.542549133301 120.03409576416 120.792701721191 121.141220092773 121.266677856445 121.454811096191 -3.4e+38 121.369453430176 121.450904846191 121.179962158203 -3.4e+38 118.016181945801 121.424110412598 121.519958496094 121.393684387207 121.252883911133 121.113143920898 120.86986541748 120.719177246094 120.182182312012 118.931312561035 118.382278442383 119.457908630371 119.181915283203 119.006141662598 118.263977050781 117.282691955566 116.361946105957 115.080589294434 114.17845916748 115.495552062988 114.896713256836 114.257804870605 113.84220123291 113.251487731934 112.85228729248 111.992530822754 110.675788879395 110.085304260254 108.708274841309
120.030395507812 120.175239562988 120.28490447998 120.122428894043 119.265319824219 118.857711791992 120.078338623047 120.064262390137 120.226402282715 119.470031738281 118.503677368164 120.002540588379 120.278633117676 120.332458496094 120.610198974609 -3.4e+38 120.73738861084 120.717803955078 120.435623168945 119.839637756348 119.980430603027 120.700347900391 120.741317749023 120.743598937988 120.537040710449 120.382568359375 120.113960266113 119.968826293945 119.696105957031 119.512268066406 119.269882202148 118.761573791504 118.274261474609 118.368507385254 116.512367248535 113.997909545898 115.31519317627 114.633834838867 114.305351257324 114.876235961914 114.51286315918 113.942535400391 113.225967407227 112.885765075684 111.837890625 111.028411865234 110.295036315918 109.713081359863 108.53199005127
119.451225280762 119.637969970703 119.683708190918 119.472038269043 118.967239379883 118.744323730469 119.52075958252 119.482955932617 119.636268615723 118.75740814209 117.551773071289 119.29615020752 119.453689575195 119.447975158691 119.915451049805 119.97966003418 119.961784362793 119.96556854248 119.992210388184 120.03995513916 120.060218811035 -3.4e+38 119.894195556641 119.966484069824 119.817474365234 119.546112060547 119.386734008789 119.237922668457 119.032356262207 118.796325683594 118.605529785156 117.41333770752 115.262832641602 114.873039245605 112.019096374512 109.770210266113 113.897644042969 115.001220703125 114.859642028809 114.476257324219 113.952407836914 113.61058807373 112.735733032227 112.255172729492 111.295082092285 110.690757751465 110.083099365234 109.387329101562 108.34700012207
118.750274658203 118.851844787598 118.876190185547 118.834648132324 118.604148864746 118.504898071289 118.826858520508 118.856628417969 119.002258300781 118.456817626953 117.596961975098 118.670547485352 118.724632263184 118.509979248047 119.129760742188 119.208869934082 119.111396789551 119.234550476074 119.25511932373 119.231292724609 119.224914550781 119.250328063965 119.228660583496 119.210548400879 119.118545532227 118.879730224609 118.684959411621 118.537933349609 118.404121398926 118.120712280273 117.70719909668 115.505874633789 111.018646240234 108.459602355957 106.826057434082 109.006927490234 114.037979125977 115.085548400879 114.271957397461 113.198310852051 113.283248901367 113.108177185059 112.437217712402 111.456497192383 110.950721740723 110.383567810059 109.879524230957 109.183135986328 108.246253967285
118.073860168457 118.032112121582 118.003211975098 118.127662658691 117.988273620605 -3.4e+38 -3.4e+38 118.243453979492 118.312355041504 117.89616394043 117.653717041016 118.113182067871 117.967559814453 117.555931091309 118.339241027832 118.39054107666 118.308647155762 118.465721130371 118.506805419922 118.468643188477 118.40559387207 118.434982299805 118.560333251953 118.405235290527 118.322257995605 118.210922241211 117.985794067383 117.817939758301 117.692413330078 117.353721618652 116.996475219727 115.045013427734 109.441665649414 104.685409545898 106.843994140625 112.695449829102 114.861968994141 114.584014892578 113.611297607422 112.401306152344 113.09619140625 112.769065856934 112.367546081543 111.453330993652 110.688011169434 110.030601501465 109.587509155273 108.977195739746 108.124076843262
117.329406738281 117.210426330566 116.995010375977 117.325790405273 117.299507141113 117.31428527832 117.522674560547 117.547554016113 117.444267272949 117.187744140625 117.280342102051 117.216323852539 117.055305480957 116.260948181152 117.408157348633 117.577362060547 117.354286193848 117.644248962402 117.706192016602 117.633865356445 117.560539245605 117.57405090332 117.714553833008 117.547920227051 117.511108398438 117.254333496094 116.588768005371 116.102584838867 117.005615234375 116.616943359375 116.376426696777 114.833145141602 109.286811828613 104.711868286133 109.351692199707 114.82772064209 114.628578186035 113.93115234375 113.321105957031 112.638565063477 112.631408691406 112.201606750488 111.75511932373 111.190170288086 110.418960571289 109.925148010254 109.404075622559 108.855331420898 108.045654296875
116.678367614746 116.537811279297 116.394355773926 116.594741821289 116.61661529541 116.571548461914 116.749031066895 116.709159851074 116.741142272949 116.606910705566 116.63111114502 116.585144042969 115.920959472656 114.035438537598 116.363418579102 116.655693054199 116.531173706055 116.833671569824 116.862663269043 116.858665466309 116.666961669922 116.646064758301 116.899368286133 116.764823913574 -3.4e+38 114.644088745117 112.083808898926 113.2763671875 116.260139465332 115.919631958008 115.664527893066 113.033332824707 106.663719177246 105.739288330078 111.644653320312 114.423118591309 114.200729370117 113.22533416748 112.8671875 112.409645080566 111.984115600586 111.63134765625 111.021507263184 110.518165588379 110.152442932129 109.807693481445 109.190551757812 108.738807678223 107.966445922852
115.382080078125 115.236511230469 115.219116210938 115.276466369629 114.927658081055 114.693405151367 115.149223327637 115.086776733398 114.951484680176 115.122077941895 115.153610229492 115.153335571289 113.923706054688 110.391860961914 111.988075256348 115.037460327148 115.078315734863 115.20442199707 115.197959899902 114.121116638184 113.061950683594 115.162879943848 115.010177612305 114.377029418945 112.702415466309 110.407279968262 107.921577453613 113.539947509766 114.843200683594 114.57160949707 113.386383056641 108.906753540039 104.497566223145 108.328102111816 113.450973510742 113.366165161133 112.688659667969 111.788818359375 111.921096801758 111.585060119629 111.079895019531 110.768043518066 110.313285827637 109.878135681152 109.566062927246 109.198989868164 108.740386962891 108.394996643066 107.787399291992
114.667251586914 114.54727935791 114.435913085938 114.546348571777 114.41926574707 114.201347351074 114.42244720459 114.439964294434 114.231384277344 114.164176940918 114.361053466797 114.359298706055 113.850723266602 112.299072265625 110.52269744873 114.177444458008 113.968597412109 113.047721862793 112.004592895508 111.86833190918 111.000038146973 113.212615966797 113.407684326172 112.965759277344 110.129432678223 108.747718811035 111.320793151855 113.428619384766 113.835441589355 113.453247070312 113.135261535645 109.812995910645 105.295745849609 109.909217834473 113.056655883789 112.897033691406 112.109214782715 111.868621826172 111.553375244141 111.258850097656 110.839660644531 110.472778320312 110.117622375488 109.712341308594 109.451393127441 109.085670471191 108.573791503906 108.259292602539 107.642593383789
113.874855041504 113.91716003418 113.798789978027 113.943267822266 114.007270812988 113.921699523926 113.898559570312 113.984397888184 113.806640625 113.653282165527 113.79029083252 113.734710693359 113.655319213867 113.328186035156 110.945205688477 113.405006408691 112.766098022461 110.414749145508 108.342376708984 108.878295898438 109.000778198242 110.387657165527 111.281677246094 110.767204284668 108.810874938965 107.238456726074 111.829193115234 112.512802124023 112.57763671875 112.239356994629 112.608184814453 110.11319732666 107.089408874512 111.542549133301 112.708930969238 112.465118408203 111.463233947754 110.77668762207 -3.4e+38 110.957153320312 110.620918273926 110.195220947266 109.922180175781 109.531967163086 109.278656005859 108.855369567871 108.429954528809 108.134506225586 107.546424865723
113.243499755859 113.347595214844 113.18766784668 113.283851623535 113.20580291748 113.217185974121 113.261123657227 113.315650939941 113.258819580078 113.176452636719 113.293968200684 112.823379516602 111.715660095215 110.430755615234 109.479034423828 112.459320068359 111.264205932617 108.152633666992 107.060737609863 107.348403930664 107.629684448242 107.911819458008 108.770416259766 108.84952545166 107.394050598145 106.186546325684 111.334434509277 111.501708984375 110.992401123047 111.372978210449 112.364204406738 110.414093017578 108.409828186035 112.10986328125 112.232192993164 111.938735961914 111.16951751709 109.776084899902 -3.4e+38 110.560119628906 110.248908996582 109.8935546875 109.628593444824 109.246475219727 108.953964233398 108.563362121582 108.260589599609 108.022743225098 107.536865234375
112.629119873047 112.631683349609 112.455543518066 112.618843078613 112.54598236084 112.528205871582 112.470390319824 112.504516601562 112.535354614258 112.348915100098 112.477584838867 112.189163208008 110.320114135742 106.668548583984 108.874397277832 111.067962646484 109.885612487793 106.909523010254 107.005165100098 106.970367431641 106.961082458496 106.89933013916 107.524360656738 108.291107177734 107.369140625 106.10132598877 110.752014160156 111.000564575195 110.523132324219 111.189147949219 111.637214660645 109.121208190918 107.185920715332 111.459426879883 111.730560302734 111.425285339355 111.220344543457 109.449417114258 109.621711730957 110.16869354248 109.865585327148 109.525856018066 109.273666381836 108.951515197754 108.702301025391 108.397529602051 108.150909423828 107.904258728027 107.466110229492
111.870994567871 111.914237976074 111.812187194824 111.905944824219 111.877578735352 111.88883972168 111.745231628418 111.787864685059 111.80451965332 111.533981323242 111.402450561523 111.270217895508 110.093482971191 107.950714111328 109.823440551758 110.41739654541 109.448364257812 106.529396057129 106.768684387207 106.791732788086 106.658111572266 106.568733215332 107.218490600586 107.302642822266 106.395500183105 104.522155761719 110.031814575195 110.5458984375 109.680839538574 109.264190673828 111.112968444824 109.579689025879 108.575904846191 111.055145263672 111.25032043457 111.072723388672 110.854209899902 109.788063049316 109.510292053223 109.78694152832 109.537818908691 109.251426696777 108.976600646973 108.737663269043 108.523498535156 108.292678833008 108.018608093262 107.744323730469 107.37574005127
111.208129882812 111.265190124512 111.22176361084 111.13436126709 111.067932128906 111.124290466309 110.932334899902 111.01114654541 111.09871673584 110.767417907715 110.577224731445 110.517539978027 110.354858398438 110.243461608887 110.364387512207 110.33390045166 109.511421203613 106.629257202148 106.210990905762 106.534774780273 106.550666809082 106.355514526367 107.263900756836 106.822044372559 105.669876098633 104.686424255371 109.783981323242 110.243110656738 108.648963928223 107.037284851074 110.979293823242 110.84008026123 110.524513244629 110.632553100586 110.777671813965 110.646423339844 110.395599365234 109.98267364502 109.715705871582 -3.4e+38 -3.4e+38 108.818412780762 108.662399291992 108.501670837402 108.331451416016 108.130256652832 107.916687011719 107.643745422363 107.26416015625
110.511650085449 110.401123046875 110.448806762695 110.370132446289 110.300910949707 110.275077819824 110.158996582031 110.185440063477 110.324661254883 110.087249755859 109.968894958496 110.134384155273 110.27222442627 110.236106872559 110.16722869873 110.10717010498 109.205718994141 106.795082092285 106.158729553223 105.81657409668 106.01301574707 106.339546203613 107.104759216309 106.863845825195 106.314117431641 107.146789550781 110.004264831543 110.152908325195 108.552108764648 105.940208435059 109.025909423828 110.609100341797 110.41845703125 110.245941162109 110.259590148926 110.048950195312 110.019004821777 109.61693572998 109.34090423584 -3.4e+38 108.759765625 108.288871765137 108.117683410645 108.159805297852 108.093521118164 107.911430358887 107.734275817871 107.551422119141 107.13744354248
109.791313171387 109.635643005371 109.540504455566 109.572296142578 109.585838317871 109.52751159668 109.328269958496 109.263519287109 109.572303771973 109.417762756348 109.399238586426 109.562294006348 109.584854125977 109.592720031738 109.367919921875 109.578147888184 108.987762451172 107.801429748535 106.944999694824 105.160583496094 105.557098388672 106.091384887695 106.139808654785 106.086868286133 106.427085876465 108.061859130859 -3.4e+38 -3.4e+38 -3.4e+38 106.605674743652 107.487930297852 109.76432800293 110.138160705566 110.014205932617 109.578681945801 109.154518127441 109.51505279541 109.26123046875 108.972991943359 -3.4e+38 108.243133544922 107.135810852051 107.250442504883 107.896827697754 107.846519470215 107.658630371094 107.473526000977 107.407028198242 107.033981323242
109.139007568359 109.045516967773 108.809715270996 108.886283874512 108.931732177734 108.859344482422 108.566665649414 108.383285522461 108.874816894531 108.829574584961 108.864799499512 108.971046447754 108.971572875977 108.918914794922 108.763236999512 109.133453369141 108.918395996094 108.181694030762 106.213272094727 104.60277557373 105.116355895996 105.343505859375 105.024307250977 105.204292297363 105.883842468262 106.773307800293 109.643684387207 109.635154724121 -3.4e+38 108.732414245605 108.585075378418 109.31372833252 109.65355682373 109.548004150391 109.063430786133 108.718032836914 109.062042236328 108.885856628418 108.727500915527 108.596672058105 107.791114807129 105.915031433105 105.873962402344 107.69677734375 -3.4e+38 107.438041687012 107.316207885742 107.22526550293 106.95735168457
108.505149841309 108.465492248535 108.289779663086 108.23087310791 108.21231842041 108.184715270996 108.014495849609 107.866859436035 108.026298522949 108.248970031738 108.271362304688 108.335037231445 108.384559631348 108.369064331055 108.462699890137 108.593421936035 107.767936706543 105.968505859375 104.516792297363 103.70711517334 103.87882232666 103.844573974609 104.472557067871 104.629425048828 105.049407958984 105.274391174316 108.845252990723 -3.4e+38 109.091262817383 109.059989929199 109.272438049316 109.158477783203 109.130249023438 109.058570861816 108.711769104004 108.318572998047 108.61897277832 108.334617614746 108.449966430664 108.273651123047 107.751045227051 106.121726989746 105.397277832031 107.511810302734 107.45825958252 107.265686035156 107.15306854248 107.087898254395 106.82933807373
