rcp8.5models/CNRM-CM5/sc1gr8.4
NCOLS 261 
NROWS 433 
XLLCORNER 336357.134 
YLLCORNER 654653.479 
CELLSIZE 1000 
NODATA_value -9999 
[rows 110 to 131 of 433, columns 50 to 99 of 261]
43.9845059530103 44.8376157062803 46.0914863373155 46.2349968043774 47.4919576885534 48.6186950094196 50.3695676116821 51.3459191226355 52.5056338718946 53.8111688250754 53.9783851102297 55.303710720746 56.7478512213935 58.6468155812708 58.8477513522342 60.4947807937551 61.4159213166647 62.9697274789771 64.3423062806393 65.5997300774601 66.9440048174134 67.2364881877604 69.6116096710249 69.8726079076499 71.264133642718 72.2037031648755 73.1701358278293 74.1770916263546 77.8072495845233 79.1729612699124 79.5543242796744 82.0419242513812 83.4969759534682 84.8470738168255 86.3810587638391 88.4582778066457 89.1134957074278 90.1217440852626 90.9291150991298 92.961353580841 96.4967266399831 98.2090869367035 99.6265515283106 100.994773109946 101.80125101552 103.486865484708 104.676270650543 106.453419038928 108.379772577925 110.130948820007
42.8219266800066 44.7203441850852 45.1667030298296 46.12076980767 46.561789423268 48.5053272746929 49.9355257163296 50.4068010462204 52.3816471019239 52.8694885242097 53.8465688325393 54.3540924644299 55.6557164178178 57.7057662398418 58.6892933018603 59.2531125741642 61.2760699250182 62.7992547620608 63.4079510608001 65.4506793979047 66.7897818148661 67.0869063239096 69.4513321946127 69.7147005183641 71.1212915452988 72.39598589387 73.3983297267784 74.0345766544129 77.6332159140064 79.1022260391248 80.8124954829283 81.9151278272909 84.0485196179615 85.4090594758991 86.2255826921233 88.6191277847818 88.9577108969739 90.4685171924643 92.3010778772754 94.5820667245551 97.7753580225477 99.19143316146 100.560248022325 101.367096022435 103.054363991993 104.241628201418 105.921977696758 107.278129234109 110.18147646164 112.018870170564
42.4239370077351 43.7969562130947 44.7581333717155 45.1910047142383 46.1453186884827 48.3971088712588 49.819488988319 49.9647707557103 50.7295613596876 52.4128035436115 52.9075060048454 53.8797952161752 54.4260996471023 57.2359918486114 58.544723812291 58.7771693241627 61.1109420175949 62.6411635262892 62.9120418364867 65.2675015246268 65.8558361110148 66.9371081424063 69.2908864213558 69.5566275762936 70.9604766996517 72.254023367403 73.6046052788545 73.8411164442568 77.4591484413588 78.9827205394805 81.3613702427233 81.7637693443181 84.2447606342633 85.6110143583219 86.0385316781764 88.4945476221325 89.5687358218095 91.0593431781388 93.4869717927532 95.8125930915558 98.7514330823547 100.120593196737 100.927695836147 102.616453331729 103.801471154902 105.580347687238 107.391238386354 108.514951578281 111.010454147366 113.918381780452
42.3252768743934 43.4057050889735 44.6546721291165 44.7847518949335 46.039951014991 46.7515852161654 48.8854197568831 49.8444940639635 50.0113636128994 52.2861159804098 52.4576662084726 53.7479578364051 53.9719728684204 57.0842872850122 57.6137754319626 58.6203595596534 60.1683354064508 61.7118121005341 62.7707047799522 65.0999278577547 65.3807253321065 67.4333662031359 68.3595431189968 69.3983937580708 70.7994979491317 72.1231807898086 73.9884894094375 74.2984120785755 77.2850418221807 78.748477965707 80.4277795826923 81.584018614003 83.990901817831 84.6771709817239 85.8515702486857 88.3388774103092 89.8068474291404 91.2470412116912 93.5882737682888 95.9643738794003 98.9520410353571 100.394162954021 101.454070136239 103.355737838755 105.039779347918 106.203311908344 107.795790957989 110.047961910486 112.823589088646 115.66102544758
41.4094960141527 42.5992746892756 43.7278118367553 44.6787233488417 45.1114719359292 46.0658152327171 48.4500997933523 48.9171579446873 49.8880516941123 51.3586546914425 52.3211723055615 52.8231788448902 53.8323681145564 56.1485356179425 57.117902240345 57.6638530663523 58.9646123126873 61.2204227514137 62.5938389663288 64.1732974351735 65.2485714252342 67.5767822625447 67.8405000955851 69.2348295282801 70.5861150165169 72.4954124383026 74.1354993216726 75.1260783166578 77.1108834248776 -9999 79.8634020900822 81.4042611070298 83.7666441141098 84.161534162677 86.3205356517409 88.2113286513556 90.3897989005873 92.3283588536056 94.0351929397564 95.8384027631417 98.8184898314536 100.954729188563 102.494918899749 104.590036758792 105.781537180526 107.50821611537 108.968374395631 110.394860883845 113.76970673082 116.378903623344
40.9242671023264 41.3322037243552 43.2284720006346 43.652835093456 44.5943288142341 45.0422902908832 47.413567854686 48.3607168009049 48.8542498018908 50.7797554530699 51.2738730663047 52.2279683359013 52.791236392402 55.5274263078874 56.0553149297693 57.016688824354 57.6003265336232 60.8839962455071 61.1701222597043 63.4826229075457 64.1075165019637 65.8239833537809 67.528087515793 68.9143889129033 70.1882212094905 71.5972761014286 73.0702236401292 75.1151928113432 78.2490340211461 79.2471080948726 80.2431211678223 81.0446372104192 83.3878456354144 83.8245631542834 86.2858915300659 87.8627641494354 90.2848738692489 91.4232511189276 93.9807292018625 95.5468215863809 99.2482542417364 -9999 104.006981136316 106.074494017495 108.931026412264 109.704071303225 111.097584617608 113.452280411347 115.208923344528 117.252801046942
40.0086287809108 40.9405499508931 42.3089494659128 43.2450921481704 43.6765756959677 44.6158599996021 46.9897407117507 48.2401663922215 48.423973248433 50.6510925720507 50.829312442949 52.0941463246913 52.3423499291378 55.3835772364165 55.5886037289515 56.8676847363256 57.1275141030568 59.9719044110415 60.9895958307412 62.5505238911793 63.5848434235502 65.3168086583038 67.3225838395663 68.0017244124093 69.9726228798399 70.6566322610475 72.5358545911332 74.9429428811221 77.3827147546175 79.10018237013 80.500780594034 81.5147909736839 83.1984220612237 -9999 86.0937106091253 87.6706152128399 90.1459658302636 91.8465060811782 94.6542848369578 96.734431466547 100.121885751366 102.112870602215 104.60805855577 106.291891390091 109.149276338452 111.235362264356 112.283837846159 114.673669928726 116.239427345749 118.526407400167
39.6233770368031 40.8437162737221 41.218913260929 43.140352569751 43.271108616615 44.5127541932904 46.8646005139212 47.3314373370553 48.2937849899692 -9999 -9999 52.546593801211 52.7516495665092 54.4743312496261 55.4260335274853 55.9605912729995 56.9961981733539 59.4862325033703 60.8283973939445 62.0535713119901 63.4180579295982 64.8043322140771 66.388235115004 67.4390696170538 69.1213490511137 70.1294060725088 72.3711578338011 74.7093996685288 76.5008065967349 78.8526643686622 79.6172980673516 81.6691237476952 83.1481067308853 84.8226462788463 85.9015032436552 87.4784294140165 90.0939074647118 92.9799241321168 94.9347309788693 97.2733438357115 100.971364214115 101.896651085475 104.471406170351 106.554578203289 107.881288919719 110.602956922915 113.170008078076 115.76177843947 117.950488114913 119.996993715551
39.5293972050942 -9999 40.8648893949778 42.2324454215814 43.1704439458628 44.4124794398833 46.7457464307543 46.9058351355938 48.1722341251991 49.3215599296574 51.1503003445391 51.8830240774862 52.8494509170399 54.0147486297304 55.3126166296771 56.2911308752526 57.5354131223084 59.3463437976037 60.6855257888501 61.9076369897153 63.2213279132461 63.8795834303901 65.8760228330937 67.2053071936958 67.8969016131016 69.9683543159763 72.1456821250421 73.766676046162 76.2612423260836 77.9046157739739 79.059802171553 81.4837394165186 83.0360157077194 85.4332902255153 86.5520999586051 88.4464511960519 90.4068768350779 93.1231844077284 94.6410211200208 96.3488339076156 100.447079854296 101.680461312654 104.213355006083 106.112164821882 108.025845681427 111.064237739549 114.02101658983 116.05782613676 118.651419022574 120.841142821113
39.4342127309385 -9999 -9999 -9999 43.0560979814272 43.501023136772 45.8450737410215 46.7736600477148 47.276571046167 49.1879892988306 50.4704849317822 51.4359291002886 52.7243223225063 53.8865827467334 55.1606373966798 55.743732835537 57.695629008703 59.1624828693729 59.7889890825329 61.7136725205419 62.29870260659 63.3787078103257 65.6674524188167 66.2773269355417 67.3801230139013 69.7470242421394 71.1575269684385 72.5799493169146 76.0520238443495 77.3505736713392 78.8815902629366 81.2982501298101 -9999 85.2817375011274 86.8922173130868 89.5914980385007 90.463994081467 92.9170519946442 94.4732876001818 96.4480768947046 99.8295666624366 101.464231662665 103.940943538922 105.589697097565 108.321169901723 111.563739694998 113.538144004481 115.819574193791 118.467541812939 120.95918102638
38.5337331762827 39.4465461762532 -9999 -9999 42.9470255116949 43.0717409686969 45.4267111212515 46.6514344331005 46.8517657428853 49.0596561769695 50.0297829868539 51.2822611570647 51.8323677039748 53.7582581547798 55.0113791037458 55.2797014288701 57.5168403538931 58.9998377791668 59.3053349374809 61.5427369442971 61.8017245832794 63.1782420971204 64.7437435359117 65.7643573282189 67.2248865784899 69.5537096328584 70.6560779012548 72.7332638502756 75.876750938452 77.1724597794629 78.7032325876301 81.1126325590949 82.6645946139006 85.1415883302837 87.1322624790209 89.0638855935213 90.2644672096631 92.7108098144882 94.3166717682939 96.7219752519777 99.6129351908557 101.247893558578 103.806927193872 106.042694531263 108.536032314815 111.368232805979 113.546504118874 115.581271366776 118.224831520802 120.811635098372
38.1447994318065 38.5498427301185 39.461548482703 40.1552258828171 42.0545818101382 42.9772597673096 45.3186768341241 46.5561168226797 47.3203247741857 49.4957967317792 49.9103577968344 51.1440131458173 51.3862264294248 53.5923904481186 54.1199569572448 55.1503785309122 57.3583701477426 58.8983858745809 59.8208690445759 61.3938536709623 61.6551565341723 63.00335563922 64.236713011528 65.6093791677325 67.0082555344383 68.659093606697 70.5210810301033 72.8191096545911 74.9786976015797 76.9942041490272 78.5247087633416 80.8495218750264 81.7639705652757 84.8967471670366 86.4338747543027 88.5522815726409 90.6864667126467 92.5044107968964 94.110352210945 96.6432725822046 99.3961502739623 101.031378245927 103.637038526967 106.210741535667 108.566100763784 111.190668032655 113.667600719212 115.342817292567 117.981986161921 120.741587799877
38.0491810771031 38.1681313090915 39.3859791184633 40.9652199151709 41.6553370372397 42.8814877448017 45.184870966138 45.6797001230094 47.4143793846353 48.8353130487821 49.7574017975868 50.2578647778805 51.2284583757901 52.6890603510961 53.6608887190521 54.9777751382579 56.4695261281678 58.7764144827591 59.9782940668526 61.2448501438772 61.5084590977844 62.853722437275 64.084097032742 65.3934628524197 66.1339341791592 68.6337877311807 70.3579504344524 72.6122482067558 74.4372043371761 76.8157977800769 78.345998333424 80.620672883006 81.1219364061416 83.9497799791038 85.8569907805143 88.3188887644523 90.2053173732512 92.2978112217093 93.903798665143 96.3001417799262 99.1791420714861 100.814612022971 103.48126255546 106.515003821658 108.938093249164 110.957337717951 113.428532128838 115.104113696656 117.853751041375 121.314341231549
37.1641665986371 38.078355982958 39.2886471904346 40.6307308475341 41.5344176913314 41.9821289310058 44.3129956879998 45.8179674024559 47.2885181380742 48.4028262354405 49.6210712410209 49.8490442397334 51.7447484962937 52.2363759239614 53.5318081143651 54.826505989924 55.999969276068 59.2827563021295 59.8342979224902 61.0957326194292 61.4111821486123 63.3453655719147 63.931354709892 65.2489084322497 66.1411603091732 68.7159028210928 70.1264066857335 71.7195355916261 74.2659929626495 76.6372166051144 78.0889685347217 79.7224620077375 80.8948698530185 83.4530840513975 86.2818473944137 88.0771695168079 89.6646788417944 91.9989368915928 92.9064459205058 95.2899521002604 98.9618476115773 100.59751750255 103.298799115967 106.597392266617 109.058547168615 110.723675876798 113.287018063254 115.456741449664 117.681587952206 121.521497104471
36.7897752433182 37.9702371964577 38.406974114171 40.2388494126817 41.4240105370365 41.5733794195903 44.4663156543569 45.899525844988 46.4138567605794 48.2506347324827 48.7431953522031 49.7448007908014 51.8967044150325 52.1099845963098 53.3968568725385 54.5985248448852 55.8646480085925 58.6963015428807 59.6901882467719 60.9465059621798 61.2897006555736 63.4962843350301 63.8209566072741 65.665376151082 66.8619986310629 68.5529371275044 69.9264847622982 71.1873529717913 74.7193273547222 76.5264669339993 78.4880905613504 79.163269839974 80.7655520417892 83.7680764063082 86.4188410534808 87.7875047459638 88.6757642555742 91.0433871050388 92.2588273542948 94.6865320247676 98.8326764554977 100.979864213838 103.077811479133 106.368862323523 108.824149877323 110.489585806167 113.107175383214 115.684439600884 118.184265894529 121.691697279681
36.7027881787583 37.8706193874376 38.0079556690021 39.4601080983098 40.5509676185609 41.4457505532617 43.9728951452339 44.464786108861 45.9282761566814 46.7115374357868 48.3094564107547 49.5858716569542 51.0217059060221 51.9388596406012 52.4827167008726 53.7802768073082 55.6789499274809 58.2173775527538 59.528875100933 60.6146397078305 61.6286998403281 63.1586765323091 64.186428238678 65.7766442847292 67.013061793823 68.3205348013451 69.0461820543128 71.0185570643004 74.865059764845 76.3847219502614 78.6279504938008 79.0515416160231 81.22596035785 83.8260586834948 86.2200739021435 87.5359075058253 88.0419448338764 90.4512204074075 92.0534860854967 94.4747108115576 98.6669357378909 101.104463738372 102.856338039547 106.045456802114 107.998418133139 110.254968638178 112.868151984525 115.394916732034 117.722389868996 121.575947246137
36.4975360452239 36.6263718720936 37.8016370776602 38.495470093188 40.0189763579174 40.1960873384814 42.7793577703543 44.4748908314026 45.3990726624869 46.552644649777 48.0136432243995 48.2154728944273 49.4919928437588 50.9253051538415 51.8851790085978 53.1870815849049 54.6511869276263 56.9858802956621 58.9094174657953 60.2364224875355 61.5592780366159 62.7667964830062 64.078147597329 65.0535316462075 66.6914483799879 67.9548339032145 68.3642959734851 70.680492422908 73.6880540469234 74.7676886756875 76.5770626970038 78.6796334396401 80.7298819801213 82.4907784418747 83.6785874066988 86.0607128341195 87.6436912875547 90.0395582967163 91.641496658106 94.1375489085417 98.2990722779952 101.197734563073 103.094271148748 105.417035287768 106.514751440448 109.783779825948 112.287222417324 114.254726779023 116.636863808784 119.923928301404
35.6367998501029 36.5119966519079 36.9255496754182 37.8363961761841 39.1611754767448 40.1096209221895 43.1529684721436 44.342396816091 44.82976051901 46.0244111944273 47.1544762220574 48.0974678732042 49.3507327246029 50.4800169921227 51.7064213882878 52.3064368548612 54.2279333706285 57.9800559864769 58.7656896904689 60.1446278077725 62.0331222423572 62.6143490815368 63.9196060306396 64.8643785252662 66.5304618175601 67.8534250011481 68.8170529766278 70.5112056317692 73.1493089214592 74.5530245305545 75.9918917158129 77.7021771700975 79.6894375023018 81.9235535091562 83.4860814811474 85.8612863899726 87.4439163515159 89.9185487053573 92.028040980783 93.975735845729 98.5539041693661 101.22319509004 102.758473900226 104.447732309727 105.774576459952 108.765487961785 111.420990414132 114.236592617525 116.391085060353 -9999
35.2690997781962 36.411454726813 36.5489677247543 37.7330828184049 38.7977870800748 40.5002250329416 41.6251407019009 43.4728041695188 44.3565902584598 44.8901840046264 46.7271756166396 47.9313020617083 48.4993707965439 50.3558083663995 51.6003395041045 52.4834425201627 54.0169910939824 57.0163498332699 58.6219165055922 59.9616766503896 61.4645629108262 62.4618219459114 63.7930025205388 65.0101064663148 66.2959946451774 67.0196819937684 68.9609060048812 70.3417424340589 72.9741660313732 74.3755073957568 75.8239679695928 77.5927746745787 79.3781883341399 81.7311328722352 83.2931691995325 85.744665681764 87.8368982079538 89.7610431821956 92.1514237320954 93.8296253333258 98.5836524178038 100.996137015446 102.465350075761 103.918546034773 106.054083675116 108.177925289933 111.504939968158 114.218958393295 115.48638999062 -9999
35.1553042383142 35.5621915537436 36.4281369589605 36.8598408555327 38.0159027222179 39.3233526592154 42.3280567378634 43.063590576381 44.2272771656106 44.4745846905777 46.5638616847618 47.0616896629548 48.0667791970697 50.1781671289345 50.8108252384536 53.1827270991171 54.3834765451431 56.259541160025 58.4140549180039 59.0749836007875 60.9750781886681 62.3696730281003 64.2502030733766 64.8515063322534 66.0960618748343 66.5081715703375 68.7937972846035 70.0918297241137 72.7988007151956 74.2437497874806 76.0443836587885 77.6521764920539 79.1925199858783 81.6193703410182 83.6928665411526 85.5077740393164 87.3722697110773 89.555001480139 91.9386993208703 93.6555488613489 98.3620677967146 100.863514028702 102.925174612533 104.523601900833 106.940150863457 108.556424872675 111.002686531207 114.091877077446 115.904434619053 -9999
34.4210201594926 35.1931176689742 36.3246687082748 36.4707861867285 37.6791075232941 39.2739576239651 42.0390076581615 42.9575610491536 44.1156736460735 44.2777219863295 45.073450966882 46.6334887854585 47.8509823310915 48.6860338560437 50.2406634620331 51.3563015405667 53.2782901038084 56.0596954095829 57.5302766193032 58.5969182716238 60.8251388371105 62.1772461563439 63.6887381863958 64.6928178319651 65.998864669752 66.9533373836332 68.6265324290527 69.8787310674283 72.5948801830648 73.8629440764473 76.0577035415638 77.5457160523764 79.5992014225561 81.3899236770495 83.2305262703358 85.1623379556217 86.0669491595917 88.675244839527 91.792071888137 93.8749466812217 98.1396532571806 100.691867216914 103.09782132352 104.750811615688 107.164674571754 108.641644896822 110.438708448431 114.372693687737 116.305925463195 118.671594440589
33.3499214763369 35.072976278908 35.5134876877789 36.9501232128888 38.0298255035102 39.3912646747219 41.6374373248363 42.8049351774589 43.2766575787212 44.2210857073716 45.7349226559208 46.4645651023143 47.0162724090706 48.5967476210586 50.0485137308405 50.4024634768522 53.0958429814628 55.1859489063137 57.0566423318393 58.3259331693434 59.2963764620995 61.2286028179721 62.5849675079675 64.5340391931048 65.8701572918384 67.0933095286494 68.3778529630029 69.0186994946116 72.8622482914627 73.5669389021678 75.8744299107016 77.4040180877132 79.7287632722638 81.1515231335569 82.7116970053211 85.0900100429501 86.6890329884293 87.9902964790274 90.8441785672959 93.1327580497202 98.4911938672214 100.4635713856 102.863267615453 104.516008752615 106.806533012021 107.818889233379 110.654219395085 114.36999512723 116.052637610328 118.266394055824
