rcp8.5models/CNRM-CM5/sc1gr8.13
NCOLS 261 
NROWS 433 
XLLCORNER 336357.134 
YLLCORNER 654653.479 
CELLSIZE 1000 
NODATA_value -3.4e+38 
[rows 308 to 329 of 433, columns 196 to 244 of 261]
130.762130737305 133.219955444336 145.78108215332 147.248291015625 144.340637207031 131.773986816406 121.352760314941 124.532928466797 121.078590393066 120.05054473877 121.903450012207 121.819221496582 126.300773620605 133.128677368164 140.158905029297 139.932540893555 139.108062744141 139.019943237305 127.067314147949 124.978645324707 125.766326904297 127.442123413086 126.07568359375 124.49536895752 124.294334411621 127.877395629883 132.824188232422 131.341903686523 126.897033691406 127.386589050293 128.388229370117 127.882698059082 128.154907226562 128.631805419922 128.339752197266 127.485893249512 127.705680847168 128.045028686523 127.85115814209 127.170379638672 127.08177947998 128.371627807617 127.676383972168 126.918830871582 126.890998840332 126.64183807373 126.425193786621 126.396034240723 126.349311828613
136.143783569336 129.650451660156 137.461578369141 139.167938232422 135.258163452148 128.165542602539 131.956665039062 121.408172607422 119.483680725098 120.155326843262 120.995750427246 123.411720275879 130.670364379883 134.018203735352 138.473007202148 137.214813232422 136.436645507812 137.640075683594 128.909210205078 123.45597076416 123.633934020996 124.957221984863 123.513565063477 123.229789733887 124.896270751953 127.966026306152 129.15266418457 130.431381225586 129.000442504883 126.051246643066 126.432907104492 126.20442199707 126.739768981934 126.557159423828 125.545806884766 125.533393859863 127.058921813965 126.812225341797 126.19995880127 125.535057067871 125.281631469727 126.717185974121 126.242988586426 126.067237854004 126.156074523926 125.990768432617 125.555107116699 125.916831970215 125.702728271484
138.335952758789 128.128295898438 131.508087158203 137.975173950195 136.217468261719 131.087448120117 140.006973266602 124.720436096191 121.515090942383 118.837539672852 121.476181030273 127.829093933105 134.560256958008 136.061996459961 137.566314697266 136.38102722168 134.355606079102 134.241744995117 129.537155151367 123.041145324707 121.781265258789 122.13011932373 121.968612670898 122.137382507324 124.663436889648 126.1923828125 125.980857849121 127.616470336914 130.864669799805 127.920082092285 124.012275695801 124.21753692627 124.77473449707 124.871528625488 124.087547302246 124.056175231934 125.34619140625 125.261833190918 125.080581665039 124.820907592773 123.56103515625 125.088111877441 124.454620361328 124.386108398438 124.881088256836 124.630645751953 124.537948608398 124.724723815918 124.486221313477
136.699157714844 127.701530456543 129.805038452148 139.490081787109 139.531326293945 134.975387573242 134.350723266602 126.0205078125 120.207710266113 117.405609130859 120.332191467285 126.485412597656 133.105895996094 134.530395507812 134.840270996094 134.92561340332 133.283187866211 132.287612915039 124.498756408691 121.866249084473 121.310386657715 121.203857421875 120.72216796875 121.60717010498 123.012535095215 123.502380371094 123.830192565918 124.927124023438 130.024841308594 128.582138061523 122.656730651855 122.597724914551 -3.4e+38 -3.4e+38 122.87117767334 122.608757019043 123.212333679199 124.009536743164 123.329849243164 123.247840881348 122.76139831543 123.492530822754 123.022399902344 123.159858703613 123.290573120117 123.148178100586 123.40185546875 123.253204345703 123.605079650879
134.703079223633 129.689163208008 127.62622833252 133.171203613281 133.968032836914 130.533676147461 126.827049255371 120.338172912598 116.645088195801 117.124565124512 117.870681762695 122.065536499023 126.293319702148 127.48583984375 128.116027832031 129.782592773438 132.618392944336 130.98698425293 120.447280883789 120.407653808594 120.481544494629 120.151931762695 119.789566040039 120.777854919434 121.347724914551 122.348968505859 122.842353820801 122.745208740234 127.116714477539 127.057815551758 122.178634643555 122.033172607422 121.989166259766 121.501586914062 121.030395507812 121.081230163574 121.639312744141 122.418563842773 122.1474609375 121.925971984863 121.843673706055 122.416809082031 122.732551574707 122.69312286377 122.495391845703 122.578575134277 122.426780700684 121.846237182617 122.093086242676
136.421325683594 125.990104675293 124.84886932373 129.910919189453 134.134353637695 128.134918212891 120.093734741211 115.177932739258 115.999229431152 118.54451751709 117.805656433105 118.866088867188 123.144905090332 121.775856018066 120.013984680176 122.128791809082 123.144981384277 126.931358337402 124.024017333984 118.268257141113 117.322929382324 117.400131225586 117.35179901123 117.763084411621 118.466438293457 119.612243652344 121.653427124023 119.493293762207 120.049247741699 121.31404876709 120.513160705566 120.745475769043 119.858512878418 119.692276000977 118.808006286621 119.204170227051 119.63011932373 120.141883850098 119.974922180176 119.749237060547 119.322044372559 119.714752197266 119.668548583984 119.563018798828 119.986877441406 119.827903747559 120.070999145508 119.89949798584 120.136108398438
136.311752319336 127.546394348145 123.921401977539 127.969749450684 135.413040161133 131.322738647461 117.232566833496 114.975166320801 116.773384094238 118.889526367188 118.825210571289 118.884231567383 121.22728729248 117.664237976074 118.781761169434 119.90047454834 118.573883056641 120.27214050293 125.026565551758 117.711784362793 116.114356994629 115.372215270996 115.609436035156 -3.4e+38 117.354988098145 117.787696838379 118.15071105957 118.078300476074 117.685043334961 118.382720947266 117.875267028809 117.998687744141 118.026962280273 118.543968200684 117.620422363281 117.700958251953 118.03759765625 118.77693939209 119.175033569336 118.820259094238 119.07740020752 119.023834228516 118.778388977051 118.697715759277 118.638053894043 118.39762878418 118.399505615234 118.457481384277 118.448364257812
133.386825561523 127.325340270996 124.134429931641 126.938217163086 134.236679077148 130.619186401367 116.406021118164 116.343482971191 117.452461242676 117.717155456543 117.405937194824 116.590393066406 117.303588867188 116.48420715332 117.350112915039 117.403137207031 117.037368774414 117.646789550781 119.742866516113 115.959312438965 114.636390686035 -3.4e+38 -3.4e+38 -3.4e+38 115.919898986816 116.462509155273 117.205711364746 116.972358703613 116.073135375977 116.494529724121 116.566276550293 116.60945892334 116.531600952148 116.955268859863 117.115043640137 117.329711914062 117.271957397461 117.686180114746 117.21688079834 117.371772766113 117.748138427734 117.769966125488 117.811233520508 117.632431030273 117.33618927002 117.033874511719 116.985809326172 117.77970123291 117.594741821289
129.958129882812 126.158332824707 124.479347229004 125.526260375977 130.350540161133 128.464294433594 116.736831665039 116.390106201172 116.885696411133 116.670097351074 116.141235351562 114.954650878906 114.934234619141 115.06568145752 115.477821350098 115.004302978516 114.85929107666 115.528694152832 115.065719604492 114.125564575195 113.511451721191 -3.4e+38 -3.4e+38 -3.4e+38 114.387634277344 114.979927062988 115.851295471191 115.597480773926 115.267784118652 115.102752685547 114.760757446289 115.461853027344 115.29248046875 115.384429931641 115.45491027832 115.767303466797 116.327033996582 116.231224060059 115.865997314453 116.247840881348 116.592971801758 116.600219726562 117.064208984375 116.843215942383 116.84912109375 116.54419708252 116.293533325195 116.231430053711 115.96208190918
127.962646484375 128.057632446289 128.681793212891 127.011734008789 127.405647277832 128.234680175781 118.326812744141 114.995590209961 116.42106628418 117.472915649414 118.956657409668 116.453063964844 114.368270874023 113.253883361816 113.66365814209 113.681137084961 113.681900024414 114.425346374512 114.082733154297 113.899444580078 113.258460998535 112.541732788086 -3.4e+38 112.579788208008 113.190849304199 114.015182495117 114.777130126953 114.647445678711 114.699256896973 114.259346008301 113.351440429688 114.044189453125 114.257453918457 114.685249328613 114.50358581543 114.762512207031 115.316741943359 114.814270019531 115.025657653809 115.973304748535 116.514755249023 115.184814453125 115.286651611328 115.036643981934 115.158729553223 115.701614379883 115.391395568848 115.091667175293 114.768310546875
125.954803466797 126.894050598145 128.171539306641 129.783309936523 123.826210021973 122.384788513184 116.738952636719 114.693031311035 116.815338134766 117.877182006836 121.647392272949 119.145492553711 116.946807861328 113.269683837891 112.434303283691 112.008171081543 112.401481628418 113.368835449219 112.745468139648 112.767951965332 112.536689758301 111.959938049316 112.226402282715 111.921669006348 111.624015808105 112.688255310059 114.27783203125 113.429214477539 113.218597412109 113.078620910645 113.911727905273 114.98445892334 114.020751953125 113.955688476562 113.224601745605 113.786598205566 113.972045898438 113.462287902832 113.408081054688 114.149322509766 114.391044616699 114.455558776855 114.154388427734 113.919555664062 114.065200805664 114.394401550293 114.198219299316 114.417152404785 114.15682220459
122.323844909668 122.615943908691 122.925773620605 126.322158813477 121.784088134766 115.437767028809 112.893898010254 113.785491943359 116.390472412109 116.558334350586 118.675201416016 119.796455383301 117.593505859375 113.099090576172 111.109367370605 110.701187133789 110.307670593262 111.59888458252 111.23265838623 110.900550842285 111.144660949707 110.764373779297 111.133232116699 110.754081726074 110.226959228516 111.201789855957 112.501739501953 112.227966308594 112.399826049805 112.655334472656 115.563301086426 114.76432800293 113.323020935059 112.726364135742 112.104629516602 112.551803588867 112.626502990723 112.901824951172 112.894805908203 112.614204406738 112.74382019043 113.828544616699 113.646575927734 113.996688842773 114.061431884766 113.04141998291 112.767181396484 112.737525939941 112.76611328125
116.953315734863 119.986701965332 120.99730682373 120.377815246582 117.184440612793 113.31867980957 111.509201049805 112.914161682129 115.586975097656 114.38939666748 114.736129760742 117.483428955078 115.939064025879 112.473136901855 110.329086303711 109.438659667969 109.207382202148 110.129577636719 110.21265411377 109.472213745117 109.381240844727 109.188491821289 110.169120788574 110.062454223633 109.164268493652 109.78199005127 110.127151489258 110.358139038086 110.937370300293 111.879508972168 113.746528625488 112.618995666504 112.077491760254 111.768951416016 112.090042114258 112.330047607422 112.144577026367 112.132301330566 111.468673706055 111.566780090332 111.851974487305 112.128150939941 111.978996276855 112.426361083984 112.283935546875 111.734268188477 111.527534484863 111.878967285156 112.091377258301
116.122772216797 119.987174987793 120.04118347168 116.005195617676 111.775779724121 111.229888916016 110.086791992188 112.578643798828 114.29239654541 113.349716186523 112.665061950684 114.049942016602 115.414093017578 113.647315979004 112.228515625 108.729766845703 108.05712890625 108.453704833984 109.16561126709 108.586860656738 108.619453430176 107.807434082031 108.596939086914 108.650863647461 108.38232421875 108.506851196289 108.830062866211 108.987312316895 109.529113769531 110.349189758301 111.432777404785 111.225875854492 110.552604675293 111.13240814209 110.631324768066 110.694297790527 110.952789306641 110.891021728516 110.45475769043 110.674942016602 110.827262878418 110.906768798828 110.947822570801 110.930038452148 111.033782958984 111.245727539062 111.073196411133 111.364112854004 110.536552429199
116.581207275391 119.470664978027 118.591751098633 113.208557128906 110.592414855957 109.54630279541 109.243774414062 113.370193481445 117.917610168457 112.136558532715 110.664611816406 111.079246520996 112.669799804688 112.581817626953 112.297210693359 107.928367614746 107.051162719727 107.015174865723 107.760597229004 107.406074523926 108.36018371582 107.034652709961 107.280609130859 107.27303314209 107.92098236084 107.941390991211 107.762588500977 107.947608947754 108.521667480469 108.55859375 109.753913879395 109.735877990723 109.577903747559 109.917190551758 109.174407958984 109.265419006348 109.530471801758 110.080192565918 110.306297302246 109.893859863281 109.151191711426 109.198448181152 109.478393554688 109.505279541016 109.649017333984 110.406150817871 110.117866516113 109.959274291992 109.392112731934
113.623374938965 117.255950927734 116.877281188965 113.001388549805 110.19588470459 108.148330688477 110.111289978027 120.724174499512 125.375381469727 116.088035583496 109.558326721191 108.862884521484 109.018547058105 109.293281555176 108.646308898926 106.912170410156 106.834754943848 106.016914367676 106.651321411133 106.340599060059 107.451354980469 106.780769348145 106.783088684082 107.372909545898 107.068344116211 106.986549377441 106.656211853027 107.004493713379 107.546485900879 107.6904296875 108.073211669922 108.471061706543 108.954063415527 108.958953857422 108.074295043945 108.08073425293 108.235557556152 108.665824890137 108.588691711426 108.337532043457 108.349266052246 108.367332458496 108.396118164062 108.602310180664 108.478248596191 109.09895324707 108.752494812012 108.642723083496 109.416519165039
110.995178222656 115.236175537109 115.110122680664 112.511825561523 109.526138305664 108.640785217285 114.562698364258 128.87126159668 131.441543579102 122.786109924316 112.49275970459 107.089431762695 107.02303314209 107.103271484375 106.189559936523 105.47566986084 105.552230834961 105.614204406738 106.246452331543 105.622406005859 106.762298583984 105.933052062988 105.960182189941 106.554306030273 106.656204223633 106.399040222168 106.231407165527 106.274124145508 106.054496765137 106.566993713379 106.927581787109 107.077499389648 107.677444458008 107.620735168457 106.910003662109 107.139381408691 107.197448730469 107.48462677002 107.464744567871 107.367034912109 107.97607421875 108.100646972656 108.352035522461 108.320686340332 108.185020446777 107.43465423584 107.460945129395 107.559913635254 107.863899230957
108.214889526367 110.960723876953 111.538948059082 109.156410217285 105.944541931152 105.814010620117 111.84838104248 124.950843811035 132.068206787109 133.175704956055 130.454681396484 113.541519165039 105.152709960938 104.655090332031 104.633560180664 105.145492553711 105.534660339355 106.670310974121 104.00373840332 105.183097839355 106.305084228516 105.199844360352 104.573860168457 104.411399841309 104.392135620117 104.311126708984 104.505897521973 104.535987854004 104.59260559082 104.60034942627 104.308929443359 104.488426208496 105.226104736328 105.266639709473 105.262908935547 105.23804473877 104.941291809082 104.778266906738 104.921173095703 105.401336669922 105.425315856934 105.48030090332 105.677520751953 105.421478271484 105.606430053711 105.91535949707 106.155029296875 106.092758178711 106.105781555176
107.008758544922 108.633529663086 110.400009155273 107.546752929688 104.53254699707 104.260597229004 108.35228729248 119.257873535156 123.156784057617 129.078826904297 131.842880249023 114.303932189941 105.424942016602 104.41805267334 104.98567199707 108.730690002441 106.088073730469 108.870559692383 103.894966125488 104.65550994873 105.239196777344 104.078727722168 103.434135437012 103.734352111816 103.868110656738 104.184509277344 104.080177307129 103.419830322266 104.055244445801 103.840866088867 103.149360656738 103.071563720703 103.78231048584 104.106727600098 104.39128112793 104.601066589355 104.35285949707 104.377899169922 104.447288513184 104.865783691406 104.76570892334 104.589019775391 104.544898986816 104.566009521484 104.569267272949 104.561218261719 104.745277404785 104.488479614258 104.781120300293
106.214225769043 107.997222900391 108.61173248291 105.72843170166 103.919731140137 103.443016052246 104.762870788574 115.652740478516 120.29655456543 127.971572875977 131.489059448242 115.645225524902 105.468528747559 104.423545837402 108.991569519043 110.265838623047 104.667167663574 106.447280883789 103.384872436523 104.539726257324 106.652084350586 103.44970703125 102.930419921875 102.416633605957 102.773056030273 102.990646362305 102.563270568848 101.971961975098 102.607490539551 102.760963439941 103.180648803711 103.006805419922 103.271903991699 103.123077392578 102.652015686035 103.035682678223 103.539100646973 103.51530456543 103.600494384766 103.795616149902 103.520820617676 103.625793457031 103.324775695801 103.320907592773 103.622352600098 103.930160522461 104.116104125977 103.859367370605 104.152976989746
105.511054992676 108.163101196289 109.016151428223 104.826110839844 103.988716125488 102.770225524902 102.642486572266 116.251342773438 120.156890869141 126.042556762695 128.554000854492 113.568260192871 103.908424377441 103.925666809082 108.572273254395 105.776741027832 102.601783752441 103.082305908203 103.001304626465 103.815361022949 106.063888549805 103.860877990723 101.764923095703 101.48461151123 101.767425537109 101.78978729248 101.774589538574 101.450897216797 101.087478637695 101.180778503418 102.122695922852 102.154296875 102.144523620605 102.049201965332 101.531860351562 101.657554626465 102.242721557617 102.03133392334 102.344841003418 102.650299072266 102.938125610352 103.437866210938 103.081604003906 102.836334228516 103.107154846191 103.277458190918 103.309089660645 102.436279296875 103.239028930664
105.445976257324 106.705039978027 107.428619384766 104.543510437012 103.170028686523 102.35530090332 102.136856079102 112.57112121582 116.350570678711 119.319374084473 120.433303833008 110.237319946289 103.071647644043 103.123023986816 104.054260253906 102.107666015625 101.566566467285 102.149894714355 102.758979797363 102.105880737305 102.680435180664 102.458381652832 100.83659362793 100.854614257812 100.557426452637 100.80339050293 101.015083312988 100.641693115234 100.111206054688 100.213356018066 100.692070007324 101.074935913086 101.555282592773 101.598365783691 101.866584777832 101.884231567383 101.855491638184 101.933609008789 102.177207946777 102.225631713867 102.633644104004 102.310844421387 102.255714416504 102.005699157715 102.18376159668 101.922203063965 101.984954833984 101.253631591797 101.86164855957
