rcp8.5models/CNRM-CM5/sc1gr1.36
NCOLS 261 
NROWS 433 
XLLCORNER 336357.134 
YLLCORNER 654653.479 
CELLSIZE 1000 
NODATA_value -3.4e+38 
[rows 88 to 109 of 433, columns 49 to 97 of 261]
-3.4e+38 -3.4e+38 -3.4e+38 -3.4e+38 -3.4e+38 -3.4e+38 -3.4e+38 -3.4e+38 -3.4e+38 -3.4e+38 58.0689277648926 -3.4e+38 57.8832244873047 58.2330932617188 58.1664886474609 58.4746131896973 58.6367340087891 58.5334167480469 58.9957504272461 58.5877151489258 58.9455871582031 59.0445137023926 58.6723327636719 58.9979591369629 58.8871116638184 59.1896209716797 58.8873329162598 58.842601776123 58.9384841918945 58.897762298584 58.9421043395996 59.1504249572754 -3.4e+38 59.0978965759277 58.9954376220703 58.6466217041016 58.7544784545898 58.7404098510742 58.9493637084961 59.4022026062012 59.4546279907227 59.0678558349609 59.5973815917969 59.5127029418945 59.4515800476074 59.436408996582 58.9262161254883 59.1966438293457 59.2627029418945
-3.4e+38 -3.4e+38 -3.4e+38 -3.4e+38 -3.4e+38 -3.4e+38 -3.4e+38 -3.4e+38 -3.4e+38 -3.4e+38 58.148120880127 57.9781227111816 58.0680122375488 58.3865509033203 58.4889869689941 58.6319389343262 58.7871780395508 58.4208717346191 59.0063514709473 58.8275375366211 58.8566131591797 58.9485702514648 58.688591003418 58.9342880249023 59.0341720581055 59.2127380371094 59.0620956420898 59.1599044799805 59.0935020446777 59.0224838256836 59.4875221252441 59.4088287353516 59.3370475769043 59.3696594238281 59.0117225646973 58.9888916015625 58.9916038513184 59.1398658752441 59.1551170349121 59.0820960998535 59.1354522705078 59.1857070922852 59.5073356628418 58.9742698669434 59.4896774291992 59.1177978515625 59.2204971313477 59.4721488952637 59.3712463378906
-3.4e+38 -3.4e+38 -3.4e+38 -3.4e+38 -3.4e+38 -3.4e+38 -3.4e+38 -3.4e+38 -3.4e+38 -3.4e+38 57.9416389465332 58.111515045166 58.2508392333984 58.602409362793 58.3564491271973 58.1245956420898 58.2670211791992 58.4329986572266 59.0978012084961 58.9864082336426 59.0992012023926 58.6147651672363 58.8292350769043 59.0129203796387 59.3157043457031 59.1319236755371 59.2701950073242 59.2066040039062 59.2963066101074 59.2886848449707 59.9037971496582 59.6428489685059 59.5081367492676 59.1711769104004 59.0483894348145 59.3108940124512 59.359546661377 59.0565643310547 59.0088577270508 58.9617691040039 59.0325469970703 59.3078117370605 59.6613464355469 59.2387390136719 59.3329925537109 59.5008239746094 59.6186180114746 59.4237937927246 59.5756950378418
-3.4e+38 -3.4e+38 -3.4e+38 -3.4e+38 -3.4e+38 -3.4e+38 -3.4e+38 -3.4e+38 -3.4e+38 57.9165420532227 58.1902236938477 58.4370651245117 58.3598327636719 58.2828369140625 58.1462059020996 58.096996307373 58.7096557617188 58.9633026123047 59.1603469848633 58.7987327575684 59.1252670288086 59.3609771728516 59.0629463195801 59.2936172485352 59.3991928100586 59.1797218322754 59.4101943969727 59.4147300720215 59.6798095703125 59.7335929870605 59.9424667358398 59.5748558044434 59.7090187072754 59.5329780578613 59.8255996704102 59.8844184875488 59.9648551940918 59.7958145141602 59.1473083496094 59.4993057250977 59.4755783081055 59.2544479370117 59.1019058227539 59.346305847168 59.7540283203125 59.9573020935059 59.9296188354492 59.6415214538574 59.8027076721191
-3.4e+38 -3.4e+38 -3.4e+38 -3.4e+38 -3.4e+38 -3.4e+38 -3.4e+38 -3.4e+38 57.7651405334473 58.0454902648926 58.4374961853027 58.3342971801758 58.4818572998047 58.4413566589355 58.1114158630371 58.3292503356934 58.8679962158203 59.1274528503418 58.9308815002441 58.9704895019531 59.3170776367188 59.5246353149414 59.5534400939941 59.5532150268555 59.614128112793 59.2273292541504 59.3922500610352 59.2222785949707 59.525577545166 59.5657196044922 59.9143867492676 59.3760032653809 59.5537185668945 60.2111968994141 60.1216201782227 59.6787223815918 60.1114921569824 59.3647727966309 59.3804473876953 59.6018409729004 59.7043952941895 59.3323707580566 59.3863945007324 59.9648704528809 59.957462310791 59.9008140563965 59.6345024108887 59.4130897521973 59.7200202941895
-3.4e+38 -3.4e+38 -3.4e+38 -3.4e+38 -3.4e+38 58.1365242004395 58.1137008666992 58.2022361755371 -3.4e+38 58.3666877746582 58.6167221069336 58.3449172973633 58.7304420471191 58.6241340637207 58.319450378418 58.5500144958496 59.3973846435547 -3.4e+38 -3.4e+38 59.2030029296875 59.4811630249023 59.7652397155762 59.5480804443359 59.1927719116211 -3.4e+38 59.3097915649414 59.5771903991699 59.3122787475586 59.6335029602051 59.4888801574707 59.7403297424316 59.6949272155762 59.5064811706543 60.4374809265137 60.1021728515625 59.6716842651367 60.0584449768066 59.6706390380859 59.7495002746582 59.776123046875 59.8674049377441 59.8710784912109 60.1411628723145 60.0448760986328 59.6446762084961 59.7149696350098 59.8356437683105 59.9227447509766 59.9995574951172
-3.4e+38 -3.4e+38 -3.4e+38 -3.4e+38 58.048397064209 -3.4e+38 58.402229309082 58.0176582336426 58.1503372192383 58.6142845153809 58.4200820922852 58.4417915344238 58.7745513916016 58.800594329834 58.5177612304688 58.8787231445312 59.312385559082 58.8085556030273 59.0880546569824 59.3169326782227 59.672477722168 59.7539367675781 59.8781814575195 58.9434356689453 -3.4e+38 -3.4e+38 59.733959197998 59.642993927002 59.9169082641602 59.5102081298828 59.8290138244629 59.6883735656738 59.8570327758789 60.3162155151367 60.0965995788574 59.9839324951172 59.8596839904785 59.9523468017578 59.8100051879883 60.0090179443359 59.8700332641602 60.0594100952148 60.3175239562988 60.4258804321289 59.5388298034668 59.4903411865234 60.1507568359375 59.8986396789551 60.3351097106934
-3.4e+38 -3.4e+38 -3.4e+38 -3.4e+38 57.9319305419922 58.3630905151367 58.6835632324219 58.15576171875 58.4586982727051 58.4399833679199 58.449779510498 58.7552032470703 58.847469329834 58.978401184082 58.8465156555176 59.1249618530273 59.0305862426758 58.8165855407715 59.4013977050781 59.5868682861328 59.8858032226562 59.0092163085938 59.439811706543 59.6445999145508 59.5001792907715 59.7190971374512 -3.4e+38 60.0569152832031 59.7702522277832 59.754711151123 59.9541473388672 60.2271041870117 60.072322845459 60.1009368896484 59.9498023986816 59.9135894775391 60.0774612426758 60.5394897460938 60.1847686767578 60.3566093444824 60.0921745300293 60.3625221252441 59.8120994567871 60.1727828979492 59.8656196594238 59.8172988891602 60.0879096984863 60.1142616271973 60.2320747375488
-3.4e+38 57.1569633483887 57.453556060791 57.6332015991211 58.1911697387695 58.6301689147949 58.5229606628418 58.3771171569824 58.50390625 58.4276084899902 58.6265907287598 58.7381172180176 59.0545806884766 58.950511932373 58.8263320922852 59.0435981750488 59.265007019043 59.1082305908203 59.6085624694824 59.6362800598145 59.0983695983887 59.0362777709961 59.5955009460449 59.6786460876465 59.8196640014648 59.7144241333008 60.1062622070312 59.8498001098633 59.8342552185059 59.9610595703125 60.3302268981934 60.3878135681152 59.9619827270508 60.087963104248 60.0792579650879 60.1968765258789 60.5499305725098 60.834529876709 59.9496040344238 60.3435592651367 60.1281280517578 60.4245376586914 59.8712158203125 59.9091682434082 60.1238861083984 60.0147705078125 60.3411102294922 60.439338684082 60.1756401062012
58.250358581543 57.4104652404785 57.3385276794434 58.0928153991699 58.6154861450195 58.5295944213867 58.6146430969238 58.3842124938965 58.4809341430664 58.5842933654785 58.965763092041 59.0281944274902 58.5388603210449 58.7236366271973 58.9942207336426 59.1658248901367 59.234489440918 59.2109146118164 59.6429023742676 59.357292175293 59.3111381530762 59.4243545532227 59.6879196166992 59.8262634277344 59.7322578430176 59.8238792419434 59.9499664306641 59.459156036377 60.0568466186523 60.3444442749023 60.3239440917969 60.355541229248 59.9812469482422 60.2256126403809 60.3359832763672 60.5349464416504 60.6937255859375 60.2082786560059 60.3045501708984 60.3583374023438 60.2554244995117 60.2490882873535 60.0610656738281 60.1794281005859 60.3509101867676 60.3334197998047 60.684253692627 60.4015998840332 60.0034065246582
57.6200981140137 57.3631896972656 57.5870513916016 58.1685981750488 58.5348930358887 58.4841117858887 58.3348808288574 58.4643096923828 58.611701965332 58.9229698181152 59.3191871643066 59.2947463989258 58.431812286377 58.9253196716309 59.1631050109863 59.1564865112305 59.3892555236816 59.4602394104004 59.335578918457 59.3509254455566 59.7126312255859 59.5774726867676 59.7389297485352 60.1420783996582 59.8259887695312 59.7857551574707 59.9128456115723 59.8544616699219 60.2143096923828 60.3042030334473 60.4397277832031 60.0301818847656 60.192253112793 60.2490196228027 60.300407409668 60.6291809082031 60.7101402282715 60.224910736084 60.511100769043 60.5165596008301 60.4413948059082 60.1721992492676 60.2164611816406 60.4241600036621 60.5949287414551 60.7965774536133 60.7419052124023 60.3815307617188 60.1076889038086
57.4310531616211 57.5655212402344 58.100471496582 58.7324867248535 58.5743865966797 58.6800308227539 58.2759742736816 58.6388816833496 58.8479080200195 59.3257369995117 59.3346099853516 59.1334381103516 58.9640197753906 59.1203880310059 59.1127281188965 59.2949523925781 59.1551704406738 59.5563201904297 59.8016700744629 59.6124877929688 60.0679817199707 60.0373268127441 59.8688201904297 59.7471733093262 60.0485305786133 59.8339424133301 60.1217384338379 60.2663879394531 60.1164855957031 60.4152755737305 60.3584136962891 59.9836578369141 60.2362098693848 60.4409446716309 60.6167068481445 60.8488540649414 60.4760360717773 60.4991607666016 60.4325408935547 60.7233734130859 60.6988945007324 60.3425636291504 60.4313697814941 60.5603218078613 60.5109977722168 60.6480293273926 60.6824035644531 60.279899597168 60.0838050842285
57.7266616821289 57.9579887390137 58.286205291748 58.6947479248047 58.7336273193359 58.3019866943359 58.379322052002 58.8806419372559 59.2110252380371 59.2559471130371 59.1398696899414 59.0960311889648 59.1740760803223 59.0238304138184 59.439998626709 59.0919914245605 59.4823455810547 59.6521835327148 59.9511413574219 59.9707641601562 60.2455825805664 60.3741493225098 59.8989562988281 59.6609306335449 59.8762550354004 60.015209197998 60.2774200439453 60.3839912414551 60.1833915710449 60.3825454711914 60.4474792480469 60.2199172973633 60.4165382385254 60.7547798156738 60.4627227783203 60.7029304504395 60.2969398498535 60.573429107666 60.6663932800293 61.0246543884277 60.515926361084 60.6315383911133 60.7477760314941 60.5444297790527 60.101390838623 60.2736511230469 60.699535369873 60.1257476806641 60.0975036621094
58.0253753662109 58.262035369873 58.3909721374512 58.4261207580566 58.6868476867676 58.058967590332 58.8005485534668 59.2947959899902 59.2460975646973 59.076473236084 59.1755752563477 59.2349090576172 59.1033554077148 59.0353202819824 59.4175987243652 59.3925590515137 59.5596313476562 59.4385108947754 60.0471572875977 59.7866859436035 60.1551475524902 60.0811309814453 59.7505912780762 59.9074363708496 59.9511451721191 -3.4e+38 60.2886734008789 59.8179626464844 60.3764915466309 60.185791015625 60.7247428894043 60.7307510375977 60.727108001709 60.5092353820801 60.1860885620117 60.7611923217773 60.4735069274902 60.6633949279785 60.9873924255371 60.9886093139648 60.5863990783691 60.7327194213867 60.7633857727051 60.4561080932617 60.4514465332031 60.4282073974609 60.744556427002 60.2556381225586 60.3336601257324
58.2858695983887 58.4202117919922 58.4519500732422 58.3356628417969 58.6256256103516 58.2094345092773 59.0304069519043 59.1370658874512 59.1027450561523 59.185676574707 59.3710784912109 59.0484962463379 59.2197761535645 59.3487510681152 59.303783416748 59.4958839416504 59.6578407287598 59.3596572875977 60.1088829040527 59.8953857421875 60.2425270080566 59.727855682373 59.7754936218262 59.9529685974121 60.306812286377 60.1915740966797 60.0577430725098 60.0258827209473 60.3782348632812 60.5993537902832 60.7613906860352 60.9108619689941 60.8926849365234 60.3440017700195 60.5040702819824 60.6425094604492 61.1142807006836 60.7573432922363 60.6992988586426 60.8376502990723 60.8749122619629 60.9216423034668 60.576488494873 60.6086654663086 60.584171295166 60.7220153808594 60.9411582946777 60.6119270324707 60.6937980651855
58.4614486694336 58.4085807800293 58.6626472473145 58.8605003356934 58.1456909179688 58.2100296020508 58.4841156005859 59.2233619689941 59.4312858581543 59.7108955383301 58.9384078979492 59.1041107177734 59.5399742126465 59.7069969177246 59.934944152832 59.8780479431152 59.7719764709473 59.6938285827637 59.4959754943848 60.2240524291992 60.1475639343262 59.9947509765625 60.554573059082 60.1861610412598 60.38818359375 60.7357521057129 60.2722358703613 60.5092430114746 60.2855529785156 60.7934799194336 60.7605323791504 60.8599395751953 60.3707084655762 60.5770721435547 60.7090072631836 60.9147415161133 60.8782272338867 60.8413963317871 60.7848968505859 60.7289543151855 61.2122383117676 61.0939521789551 61.0343856811523 61.0033988952637 60.8539657592773 60.9671783447266 60.6741790771484 60.5643615722656 60.5949859619141
58.4964179992676 58.6421279907227 58.888484954834 58.3583755493164 58.3307991027832 58.7061614990234 58.6388397216797 59.455638885498 59.7012062072754 59.3489685058594 58.972469329834 59.1347961425781 59.315845489502 60.0246315002441 59.9470291137695 59.3475379943848 59.480411529541 59.8269844055176 59.3712844848633 60.1973342895508 59.7843246459961 60.0952682495117 60.2872085571289 60.0582504272461 60.3697242736816 60.6472511291504 60.7282180786133 60.7612457275391 60.7081069946289 60.3788452148438 60.8581962585449 60.9160423278809 60.8319625854492 61.0706405639648 60.7891464233398 60.7959480285645 61.1331100463867 60.7616539001465 61.0271606445312 60.9569625854492 61.0825080871582 61.3565368652344 61.3031196594238 60.9155693054199 60.9781036376953 61.0469360351562 60.8278045654297 60.7223930358887 60.9440574645996
58.7444267272949 58.9561386108398 58.9155693054199 58.1864929199219 58.4540863037109 58.686279296875 58.8985786437988 59.7316017150879 -3.4e+38 -3.4e+38 59.3181953430176 59.2457580566406 59.047981262207 59.6876525878906 60.0105934143066 59.3714904785156 59.7471809387207 60.0177536010742 60.1612815856934 60.1562614440918 60.1347503662109 60.0343246459961 60.2434921264648 60.1026496887207 60.3469734191895 60.7410583496094 60.4629364013672 -3.4e+38 60.6409606933594 -3.4e+38 60.7604217529297 60.9006767272949 61.0356674194336 61.1833610534668 61.1039924621582 60.7466354370117 61.1622657775879 60.8415031433105 -3.4e+38 61.1458282470703 61.1455535888672 61.3926696777344 61.4649658203125 61.0658950805664 61.0928840637207 61.0920295715332 61.2198829650879 61.0486297607422 61.3768882751465
58.7939033508301 58.6899528503418 58.393913269043 58.3619384765625 58.598087310791 58.9073753356934 59.0664672851562 -3.4e+38 -3.4e+38 -3.4e+38 59.6049041748047 59.1478843688965 59.2170295715332 59.4554176330566 59.9259452819824 59.701587677002 60.0681533813477 60.2257423400879 60.0583381652832 60.3526229858398 60.5202598571777 60.1659851074219 60.5377731323242 60.2967910766602 60.3814964294434 60.7267227172852 60.1623764038086 61.1799354553223 60.6570587158203 60.527099609375 60.8118553161621 60.8813095092773 61.2759017944336 61.3851661682129 61.2539863586426 60.7760162353516 60.9344139099121 61.3045387268066 61.1660537719727 61.4091835021973 61.6325950622559 61.2534866333008 61.5376243591309 61.4242324829102 -3.4e+38 61.3876800537109 61.5303382873535 61.0550689697266 61.3773498535156
58.6474647521973 58.6955261230469 58.3991966247559 58.6615791320801 58.9386711120605 59.0966415405273 -3.4e+38 -3.4e+38 -3.4e+38 -3.4e+38 59.8523902893066 59.3173027038574 59.3236312866211 59.4126129150391 59.8825912475586 60.0085296630859 60.1603736877441 60.2670440673828 59.7557563781738 60.0560150146484 60.2561874389648 60.0447654724121 60.4263687133789 60.3586540222168 60.5944137573242 60.8565635681152 60.6539001464844 60.9959716796875 60.7717475891113 60.7880935668945 60.7472991943359 61.0156631469727 61.1280403137207 61.2413749694824 61.0561485290527 61.2746696472168 61.0660362243652 61.5635643005371 61.3512954711914 61.5042762756348 61.613094329834 61.4086265563965 61.3388290405273 61.373908996582 61.2691955566406 61.6938171386719 61.6630744934082 61.0633125305176 61.2256317138672
58.4096412658691 58.6014099121094 58.8012046813965 59.0951461791992 59.3386459350586 59.4710083007812 -3.4e+38 -3.4e+38 -3.4e+38 -3.4e+38 59.5384979248047 59.7885093688965 59.4517364501953 59.5252456665039 59.9136352539062 60.2162551879883 60.1302185058594 60.1605682373047 60.2355728149414 60.3930816650391 60.0179748535156 60.0911254882812 60.4176826477051 60.6540908813477 60.2674865722656 60.951473236084 61.0696601867676 60.5220985412598 60.7376403808594 61.1427001953125 60.8543739318848 60.6236038208008 61.114616394043 61.3349533081055 61.3355369567871 61.6985130310059 61.7063484191895 61.5358047485352 61.4213027954102 61.6195907592773 61.444881439209 61.7340393066406 61.6817245483398 61.5470199584961 61.3663940429688 61.5247001647949 61.4117202758789 61.1349906921387 61.1331672668457
58.6897354125977 58.9566459655762 58.6377868652344 58.7644691467285 58.9858207702637 59.1374397277832 59.2109603881836 -3.4e+38 59.0953903198242 -3.4e+38 59.7580490112305 60.218189239502 60.0218811035156 59.8420753479004 60.0469245910645 60.5052528381348 60.0317535400391 60.2061614990234 60.5653953552246 60.8029632568359 60.0663795471191 60.2485008239746 60.6625442504883 60.3181228637695 60.7219276428223 60.8534393310547 61.0536041259766 60.6024131774902 60.8569068908691 61.1036987304688 61.123966217041 60.7753562927246 61.3902168273926 61.6051292419434 61.6171875 61.5557098388672 61.7300605773926 61.6703834533691 61.6426124572754 61.4458656311035 61.712947845459 61.5861358642578 61.7829284667969 61.6255836486816 61.6243743896484 61.4804000854492 61.4124908447266 61.0675621032715 61.4465370178223
