rcp8.5models/CNRM-CM5/sc1gr7.22
NCOLS 261 
NROWS 433 
XLLCORNER 336357.134 
YLLCORNER 654653.479 
CELLSIZE 1000 
NODATA_value -3.4e+38 
[rows 286 to 307 of 433, columns 98 to 146 of 261]
97.9789810180664 98.392204284668 98.9141998291016 99.4939651489258 99.9436111450195 100.518325805664 101.341461181641 101.96989440918 102.045707702637 103.38289642334 105.413047790527 106.931701660156 108.047302246094 107.885322570801 110.180114746094 110.474456787109 111.395492553711 111.885902404785 112.30322265625 113.257972717285 114.425476074219 113.146057128906 110.372955322266 109.714164733887 108.67650604248 108.219650268555 110.211547851562 110.894454956055 111.61328125 111.378120422363 111.788703918457 112.275840759277 110.355499267578 109.69669342041 109.263618469238 109.246971130371 109.031219482422 -3.4e+38 -3.4e+38 105.423728942871 104.376281738281 -3.4e+38 -3.4e+38 100.886665344238 102.864166259766 107.143074035645 109.93531036377 109.86799621582 107.45426940918
98.0130310058594 98.5027694702148 98.9000473022461 99.1107864379883 99.5013122558594 100.013671875 100.509429931641 101.007965087891 101.769432067871 102.35718536377 102.966156005859 104.422172546387 106.166206359863 107.525115966797 109.076858520508 109.288429260254 110.219116210938 110.70329284668 111.054473876953 111.675132751465 112.975303649902 111.949409484863 109.583213806152 108.913856506348 107.248802185059 106.983840942383 110.027587890625 110.05517578125 110.081558227539 109.935745239258 110.121360778809 110.220367431641 109.499786376953 109.566108703613 109.488403320312 108.836898803711 108.035507202148 106.355072021484 105.239517211914 -3.4e+38 104.734519958496 102.730712890625 101.01579284668 100.969253540039 103.411567687988 106.76725769043 107.320907592773 107.48583984375 107.058128356934
97.5562210083008 98.1887664794922 98.5841293334961 98.6543045043945 98.9872360229492 99.4789733886719 99.9740447998047 100.471870422363 101.293022155762 101.868988037109 102.161750793457 103.177932739258 104.889297485352 106.925476074219 108.4375 108.315330505371 108.610710144043 109.706771850586 110.184646606445 110.634605407715 111.877426147461 112.009483337402 110.625457763672 108.771469116211 107.149696350098 105.712356567383 108.725563049316 109.503890991211 109.102546691895 109.358001708984 109.487754821777 109.170936584473 109.009353637695 109.11661529541 109.051177978516 108.087440490723 107.314170837402 105.66357421875 104.859970092773 103.677772521973 104.887519836426 105.298614501953 101.761054992676 100.479377746582 101.533897399902 104.171928405762 100.577255249023 103.683067321777 104.035614013672
96.7609024047852 97.3136520385742 97.6889724731445 98.1136703491211 98.4770889282227 98.9363479614258 99.4802703857422 99.9471893310547 100.558448791504 101.99227142334 103.535263061523 104.229469299316 105.326988220215 106.45677947998 107.917991638184 107.560813903809 108.131355285645 109.446617126465 109.938758850098 110.25870513916 110.977485656738 111.814804077148 111.164558410645 108.975814819336 108.581695556641 106.815498352051 107.351409912109 107.97290802002 108.182014465332 108.758270263672 109.642768859863 109.250587463379 109.055641174316 108.639350891113 107.870742797852 107.108764648438 106.55672454834 105.485054016113 104.551826477051 103.071151733398 103.995956420898 105.69214630127 -3.4e+38 101.035797119141 100.993835449219 100.32258605957 96.0837783813477 100.093376159668 103.967079162598
95.8333053588867 96.0428314208984 96.3077087402344 97.3370742797852 97.5550994873047 97.8227920532227 98.3925094604492 98.9224395751953 99.4692230224609 100.354232788086 102.111099243164 103.669807434082 104.364761352539 105.075500488281 106.145713806152 106.300567626953 106.860984802246 107.790939331055 108.678199768066 109.105247497559 109.435585021973 110.12353515625 110.076995849609 108.784400939941 108.131233215332 108.22420501709 108.158630371094 109.761123657227 109.917694091797 109.991821289062 108.80020904541 107.287857055664 108.315505981445 108.857833862305 108.725631713867 108.27848815918 106.56787109375 106.492012023926 107.200485229492 105.814231872559 103.969573974609 105.351135253906 105.519905090332 104.28687286377 -3.4e+38 98.8223571777344 100.584175109863 100.58081817627 97.3578491210938
96.3893890380859 96.1482086181641 96.2111282348633 97.2394943237305 97.0892562866211 97.4145202636719 97.8918151855469 98.3809204101562 98.8433837890625 99.3682708740234 100.462142944336 102.465759277344 103.907264709473 104.53498840332 105.159767150879 105.459426879883 105.978019714355 106.599250793457 107.50023651123 108.233848571777 108.533561706543 109.071029663086 108.981651306152 107.885261535645 107.589500427246 107.720069885254 109.408592224121 109.660438537598 109.737518310547 110.064407348633 109.338996887207 107.930892944336 108.498764038086 108.746520996094 108.444694519043 109.514747619629 108.437385559082 106.042518615723 106.648956298828 105.949272155762 104.855041503906 105.854072570801 105.03466796875 102.943923950195 103.91495513916 104.479476928711 107.773071289062 107.877311706543 101.1201171875
96.5784301757812 96.5499420166016 96.6089248657227 97.494140625 96.9591445922852 96.9046859741211 97.353759765625 97.8572845458984 98.3561935424805 98.8339920043945 99.4114761352539 101.237846374512 103.324638366699 103.878784179688 104.404342651367 104.962287902832 105.287689208984 105.828765869141 106.546730041504 107.086875915527 107.507362365723 108.072303771973 108.188362121582 107.326774597168 107.02564239502 107.13232421875 108.679672241211 109.235443115234 109.815650939941 110.156852722168 109.908355712891 108.685722351074 108.232559204102 108.818161010742 108.184326171875 109.412971496582 -3.4e+38 106.070007324219 104.993362426758 105.103500366211 106.652603149414 107.404693603516 107.289100646973 104.293312072754 100.952301025391 104.440322875977 -3.4e+38 -3.4e+38 -3.4e+38
95.1703109741211 95.9337387084961 96.0485229492188 96.2898330688477 96.1913757324219 96.2727813720703 96.6783828735352 97.2085418701172 97.8389434814453 98.4348907470703 98.8098526000977 99.8066024780273 101.620887756348 102.559844970703 104.029418945312 104.564224243164 104.58430480957 105.107452392578 105.836013793945 106.356391906738 106.765907287598 107.130920410156 106.968856811523 106.493431091309 106.637725830078 106.665435791016 107.33358001709 108.907325744629 109.678680419922 108.928237915039 108.640670776367 108.781883239746 107.920051574707 108.356689453125 108.960060119629 109.550491333008 109.894638061523 105.909362792969 104.838706970215 105.322731018066 107.602043151855 109.203926086426 109.38712310791 107.810317993164 104.044784545898 104.075836181641 106.764083862305 104.700500488281 -3.4e+38
93.3568344116211 94.0656280517578 94.3396148681641 94.7907485961914 95.2318801879883 95.6640701293945 96.0613708496094 96.6110076904297 97.2410736083984 97.8460083007812 98.2265777587891 98.6990356445312 99.6856384277344 100.778900146484 103.599411010742 104.206123352051 104.047653198242 104.480888366699 105.197273254395 105.684463500977 105.843536376953 105.867835998535 105.907051086426 106.306442260742 106.875831604004 107.114280700684 106.942825317383 108.509460449219 109.871025085449 108.318923950195 107.020889282227 107.909149169922 108.416976928711 109.324348449707 110.098640441895 109.993309020996 109.193817138672 105.746520996094 106.236808776855 106.120544433594 107.059020996094 109.510284423828 110.402755737305 111.455108642578 111.033004760742 108.769309997559 105.732887268066 100.656646728516 103.416938781738
92.3650512695312 93.1455078125 94.0778427124023 94.4372406005859 95.0172653198242 95.0947036743164 95.5339965820312 96.1410064697266 96.6987380981445 97.2525405883789 97.675537109375 98.1440887451172 98.6270065307617 99.7506256103516 103.041900634766 103.849716186523 103.559928894043 103.978553771973 104.489540100098 104.702690124512 104.800827026367 105.08837890625 105.774475097656 106.722885131836 107.81755065918 108.587211608887 107.127799987793 107.846115112305 109.769500732422 108.643829345703 106.755081176758 107.540718078613 108.512397766113 109.922782897949 110.099090576172 109.058380126953 107.497161865234 107.321739196777 108.88215637207 108.510154724121 108.343284606934 109.594657897949 110.969337463379 113.733238220215 113.73673248291 110.093589782715 105.98779296875 101.526260375977 103.043991088867
91.8187408447266 92.9972610473633 94.7677383422852 95.324577331543 95.1155471801758 94.5303955078125 94.9421844482422 95.482666015625 96.0408935546875 96.6980438232422 97.5239639282227 98.5123901367188 98.9743881225586 99.7785491943359 103.281372070312 103.873229980469 102.785125732422 103.266258239746 103.636734008789 103.823989868164 104.499404907227 106.359062194824 107.519912719727 107.77318572998 108.764358520508 109.583274841309 108.635223388672 108.375190734863 108.848541259766 108.644195556641 106.797210693359 107.857513427734 108.532470703125 109.19898223877 109.92195892334 108.551620483398 107.049240112305 108.641311645508 110.277168273926 110.046684265137 109.814056396484 109.923225402832 110.475509643555 112.776718139648 113.435607910156 109.891510009766 105.392074584961 100.901184082031 100.987152099609
91.3320465087891 92.5992584228516 94.5322799682617 95.9609451293945 94.9763031005859 93.9285659790039 94.2894821166992 94.8061752319336 95.3413696289062 95.956298828125 96.9608993530273 98.7036514282227 99.7530517578125 99.9767913818359 102.54956817627 102.659736633301 101.954254150391 102.418037414551 102.80770111084 103.110946655273 104.226768493652 106.875770568848 107.987609863281 106.90502166748 107.609802246094 109.225898742676 108.316635131836 108.870010375977 109.146682739258 108.989227294922 107.001838684082 107.550148010254 108.404891967773 108.672378540039 109.481658935547 109.524574279785 108.008941650391 108.574447631836 109.003875732422 109.899436950684 109.627250671387 109.793197631836 109.94815826416 110.723510742188 111.493270874023 109.512924194336 104.871276855469 100.148002624512 98.4995422363281
91.3439025878906 92.3281631469727 93.9073867797852 95.4246215820312 94.1504898071289 93.4354476928711 93.688117980957 94.2004318237305 94.6936569213867 95.7621383666992 97.0730209350586 98.6477355957031 100.268829345703 100.262603759766 102.636184692383 102.919662475586 102.090339660645 101.561378479004 101.985916137695 102.417350769043 103.191970825195 104.565307617188 105.521926879883 106.13988494873 107.950569152832 109.268714904785 108.845458984375 108.657577514648 108.231269836426 108.036499023438 106.831077575684 105.870735168457 105.114280700684 107.507667541504 108.414108276367 109.932220458984 109.457611083984 109.33666229248 108.91357421875 110.055206298828 109.802085876465 109.807716369629 109.946182250977 109.612037658691 109.55345916748 108.005035400391 102.952766418457 99.6556777954102 99.8322296142578
90.4693908691406 91.6593551635742 93.6127243041992 95.1717910766602 94.9124221801758 94.8481750488281 93.9638061523438 93.8652038574219 95.4430236816406 97.9918746948242 98.684211730957 99.1608505249023 100.243309020996 100.548278808594 102.859443664551 103.171844482422 101.60865020752 100.772972106934 101.220642089844 101.626991271973 102.396064758301 103.952880859375 105.810668945312 106.706840515137 106.791656494141 107.096626281738 109.062789916992 108.69596862793 106.753326416016 106.010765075684 106.227767944336 103.938766479492 101.238258361816 106.408515930176 107.590454101562 108.77124786377 109.109558105469 109.771957397461 109.90308380127 109.90168762207 109.73397064209 110.053337097168 109.824768066406 108.279632568359 106.090660095215 103.627311706543 100.020866394043 100.427558898926 101.826347351074
90.5584259033203 92.4742660522461 94.0535888671875 94.2241897583008 95.8545684814453 96.5016098022461 95.9384078979492 95.1645889282227 95.486457824707 98.1370620727539 99.4627456665039 99.0563049316406 99.385498046875 100.878578186035 102.198265075684 101.988914489746 100.261573791504 100.132476806641 100.727966308594 101.096069335938 101.634368896484 104.677711486816 108.126205444336 106.999076843262 104.649780273438 103.987678527832 106.749801635742 108.307464599609 107.067039489746 105.382995605469 104.834106445312 100.793350219727 99.8114318847656 106.643966674805 107.389488220215 107.485389709473 107.885375976562 108.827308654785 109.275245666504 109.174659729004 109.192626953125 109.814811706543 109.609008789062 106.699775695801 102.427932739258 101.696327209473 103.254165649414 105.316856384277 105.925811767578
91.7820129394531 92.2105484008789 92.0041809082031 90.8200836181641 91.1467361450195 93.4596862792969 95.1410675048828 97.0586242675781 97.2532196044922 96.8063125610352 98.0622940063477 99.3720092773438 100.01139831543 100.760391235352 100.716461181641 101.091743469238 99.5620880126953 99.0730209350586 100.431266784668 102.898101806641 104.307846069336 104.384811401367 106.824905395508 107.653594970703 107.75227355957 109.030380249023 103.074829101562 102.833892822266 103.482238769531 104.202522277832 104.500076293945 101.302886962891 95.7996597290039 96.3842849731445 97.3515472412109 97.0241241455078 98.2430572509766 108.298889160156 109.934150695801 110.418586730957 111.06046295166 110.657699584961 109.886489868164 107.390167236328 105.421020507812 108.753730773926 109.902610778809 110.274375915527 111.496398925781
89.8504486083984 91.2496871948242 91.9993896484375 91.6676025390625 90.5636672973633 92.2556762695312 95.2001113891602 96.6194534301758 97.3501510620117 97.4489898681641 97.9508056640625 98.7354278564453 99.4511337280273 100.151031494141 100.55867767334 100.774353027344 97.9261245727539 98.5215301513672 100.593338012695 104.625686645508 107.072204589844 106.813896179199 106.960502624512 104.687004089355 102.553718566895 105.679244995117 104.000862121582 102.914642333984 102.987113952637 101.471450805664 99.8151626586914 99.6835327148438 95.9857025146484 95.8115463256836 97.8972244262695 98.194221496582 96.8635711669922 103.854698181152 106.311462402344 105.859474182129 105.919464111328 108.4326171875 110.627479553223 108.541328430176 107.625991821289 109.856369018555 110.303314208984 111.046073913574 112.633102416992
89.6513748168945 91.498649597168 92.4611206054688 90.6173706054688 90.1785125732422 91.5221710205078 94.4066772460938 96.2562866210938 96.898811340332 97.7844772338867 98.2889556884766 98.8231658935547 99.6421051025391 100.045150756836 100.454467773438 100.594680786133 98.1038055419922 98.7463989257812 100.223114013672 104.531547546387 106.376373291016 103.5390625 102.715446472168 101.205207824707 98.9696731567383 100.8330078125 106.517906188965 104.597595214844 103.17945098877 99.417854309082 95.0584716796875 95.875373840332 94.4935302734375 95.3574066162109 97.9763031005859 98.8560409545898 97.2691879272461 98.9191131591797 99.4382247924805 99.2689361572266 101.981597900391 107.976501464844 109.682289123535 108.763984680176 109.249786376953 110.175666809082 111.263122558594 112.442794799805 112.093360900879
89.6448593139648 90.0946884155273 91.2051544189453 90.5418090820312 91.8739318847656 92.7266998291016 93.6122817993164 94.3058929443359 93.9665603637695 93.7383117675781 94.8976211547852 96.3925704956055 98.502311706543 99.7549896240234 98.5602951049805 97.8338470458984 97.5450897216797 98.3876190185547 99.7729568481445 103.891494750977 103.873016357422 98.5593872070312 98.4672012329102 98.4704055786133 97.4364318847656 98.4264221191406 108.188201904297 107.176689147949 104.850639343262 102.040008544922 97.1742706298828 93.8750991821289 93.3171157836914 93.7587890625 95.8794403076172 98.1412963867188 98.1135482788086 97.2416610717773 97.5173797607422 99.6638107299805 105.841583251953 109.76789855957 109.323669433594 109.202743530273 109.695526123047 110.545928955078 111.374656677246 109.308807373047 111.397483825684
87.5257186889648 87.985237121582 89.4669494628906 91.0400466918945 92.2201538085938 92.5012054443359 91.8509063720703 91.080940246582 90.4823226928711 89.4936981201172 90.710693359375 92.138313293457 96.055305480957 99.0349960327148 96.5380249023438 95.9879302978516 97.1600036621094 98.9486923217773 99.9068069458008 101.682067871094 103.915382385254 102.701629638672 103.199630737305 103.687431335449 101.054382324219 101.32691192627 106.628662109375 106.715911865234 107.726448059082 106.757827758789 103.305938720703 99.3097152709961 96.4031066894531 92.5160675048828 93.828369140625 96.376091003418 98.3715362548828 97.3451614379883 98.7322998046875 104.323112487793 108.671035766602 109.219825744629 109.702842712402 109.564674377441 109.947814941406 111.080863952637 109.875930786133 104.804275512695 108.280212402344
87.4953536987305 89.0179824829102 89.7831420898438 90.9154586791992 91.8589782714844 91.2623062133789 89.7520980834961 89.2593765258789 89.2308883666992 88.6727676391602 88.968132019043 91.7361602783203 96.2161254882812 98.6635513305664 95.5535125732422 95.677978515625 97.4252777099609 100.605453491211 101.592758178711 100.385848999023 101.779609680176 103.493301391602 104.176094055176 104.565238952637 103.102378845215 103.232231140137 104.18709564209 -3.4e+38 106.606521606445 107.263816833496 107.275596618652 106.008422851562 101.768844604492 96.7765502929688 94.5003662109375 94.6841659545898 97.6179046630859 98.2745895385742 101.343482971191 107.800331115723 108.940132141113 109.330642700195 109.737007141113 109.841117858887 110.315925598145 109.385025024414 105.138114929199 102.680229187012 104.084831237793
87.894287109375 88.8666229248047 90.549560546875 91.5210647583008 92.454345703125 91.8156814575195 90.3135070800781 89.5766143798828 89.1805572509766 90.788444519043 92.4586791992188 95.0522079467773 97.0308151245117 96.6096572875977 94.7265777587891 95.4143753051758 97.1771392822266 100.606575012207 103.107368469238 102.811569213867 101.897827148438 -3.4e+38 -3.4e+38 -3.4e+38 -3.4e+38 -3.4e+38 -3.4e+38 104.602531433105 -3.4e+38 -3.4e+38 107.295707702637 107.860488891602 105.479774475098 101.858833312988 96.8822784423828 93.6560897827148 96.7836837768555 98.3408889770508 103.393081665039 107.99137878418 108.183929443359 108.95475769043 107.677734375 105.117462158203 105.843528747559 103.448997497559 100.461349487305 100.614723205566 102.518653869629
