rcp8.5models/CNRM-CM5/sc1gr7.36
NCOLS 261 
NROWS 433 
XLLCORNER 336357.134 
YLLCORNER 654653.479 
CELLSIZE 1000 
NODATA_value -3.4e+38 
[rows 286 to 307 of 433, columns 196 to 244 of 261]
124.986457824707 125.031219482422 123.409126281738 123.087791442871 125.047393798828 125.289924621582 124.902877807617 123.403991699219 122.780212402344 120.784065246582 121.323661804199 120.446083068848 120.544410705566 121.922836303711 123.80770111084 123.523902893066 123.340667724609 123.312507629395 -3.4e+38 121.410003662109 120.597755432129 121.525833129883 121.592247009277 121.671813964844 121.730461120605 121.442481994629 121.149147033691 120.969581604004 120.730087280273 120.866554260254 120.483581542969 120.130912780762 120.250617980957 120.137031555176 120.089050292969 119.842468261719 119.834770202637 119.675750732422 119.350135803223 119.414619445801 119.717979431152 120.319152832031 120.867584228516 121.434181213379 121.719451904297 121.932014465332 122.181587219238 122.808822631836 -3.4e+38
126.189849853516 126.144805908203 125.292335510254 125.432243347168 125.67626953125 125.559776306152 125.388290405273 124.292831420898 123.213012695312 120.825271606445 120.860496520996 120.502616882324 120.778427124023 122.085472106934 123.945022583008 123.870674133301 123.713813781738 123.695701599121 -3.4e+38 121.83186340332 120.675323486328 121.527908325195 121.568542480469 121.819183349609 121.756736755371 121.545181274414 121.389656066895 121.288619995117 120.920921325684 120.794761657715 -3.4e+38 120.369239807129 120.418098449707 120.212471008301 120.208389282227 119.921516418457 119.883201599121 119.727348327637 119.585693359375 119.533050537109 119.666427612305 120.402725219727 120.796478271484 121.257133483887 121.316482543945 121.736434936523 122.034973144531 -3.4e+38 -3.4e+38
127.343742370605 126.76148223877 125.920516967773 125.916290283203 125.711433410645 125.847808837891 125.865692138672 125.068923950195 123.699859619141 121.166290283203 120.807914733887 120.757263183594 121.015274047852 122.026641845703 124.178024291992 124.016677856445 123.947189331055 123.914726257324 -3.4e+38 122.13306427002 120.561958312988 121.434623718262 121.795333862305 121.935905456543 121.653472900391 121.503295898438 121.493301391602 121.543014526367 121.359931945801 120.950546264648 120.85498046875 120.700424194336 120.549797058105 120.251480102539 120.204650878906 119.994155883789 119.827445983887 119.70832824707 119.791320800781 119.622550964355 119.868339538574 120.404350280762 120.740112304688 121.176620483398 121.150703430176 121.503303527832 121.83519744873 122.497993469238 122.949241638184
127.802879333496 127.523719787598 126.864738464355 126.481788635254 125.908683776855 126.439445495605 126.252136230469 125.545516967773 124.506767272949 123.251007080078 122.320816040039 121.206405639648 121.153335571289 122.05680847168 124.650283813477 124.476493835449 124.248199462891 123.988800048828 123.528396606445 122.186874389648 120.623237609863 121.639434814453 -3.4e+38 -3.4e+38 121.673889160156 -3.4e+38 -3.4e+38 121.763870239258 121.711814880371 121.328079223633 121.047836303711 120.810913085938 120.578239440918 120.400016784668 120.359916687012 120.056541442871 119.859428405762 119.694633483887 119.837219238281 119.867721557617 120.031555175781 120.33561706543 120.70751953125 121.045951843262 120.981658935547 121.261581420898 121.612335205078 122.199699401855 122.531578063965
128.915618896484 128.597534179688 128.356628417969 126.830322265625 123.793983459473 125.074829101562 126.91032409668 126.320137023926 125.803558349609 125.500923156738 124.478454589844 123.556060791016 122.333572387695 121.926651000977 123.904731750488 125.234085083008 125.00106048584 124.734321594238 -3.4e+38 123.44686126709 122.558586120605 -3.4e+38 -3.4e+38 -3.4e+38 -3.4e+38 -3.4e+38 -3.4e+38 121.694061279297 121.449501037598 121.178436279297 121.240303039551 121.066917419434 120.826324462891 120.735908508301 120.427070617676 120.114929199219 120.029418945312 119.903076171875 120.123847961426 120.264831542969 120.143630981445 120.477394104004 120.551498413086 120.695449829102 120.814331054688 121.069732666016 121.543334960938 121.959030151367 122.212898254395
128.778137207031 128.65625 128.467361450195 127.89372253418 125.929908752441 125.681770324707 127.416534423828 126.935729980469 126.319091796875 126.197418212891 125.850402832031 125.087821960449 123.807975769043 123.105026245117 123.677398681641 125.824760437012 125.401901245117 125.15087890625 -3.4e+38 -3.4e+38 -3.4e+38 -3.4e+38 -3.4e+38 -3.4e+38 -3.4e+38 -3.4e+38 -3.4e+38 121.523460388184 121.271690368652 121.043968200684 121.336402893066 121.115432739258 120.893486022949 120.741050720215 120.428237915039 120.256744384766 120.101119995117 120.01554107666 120.16951751709 120.344482421875 120.193641662598 120.347427368164 120.37427520752 -3.4e+38 120.950004577637 121.321662902832 121.532211303711 121.805130004883 122.160942077637
128.293914794922 128.251617431641 127.848197937012 128.017120361328 128.345336914062 127.774276733398 127.859306335449 127.229988098145 127.050735473633 126.708305358887 126.475662231445 126.163703918457 125.908462524414 125.28426361084 124.86954498291 125.958992004395 125.537200927734 125.089073181152 124.534301757812 124.162284851074 123.828277587891 -3.4e+38 -3.4e+38 122.836776733398 -3.4e+38 -3.4e+38 -3.4e+38 121.768646240234 121.588455200195 121.408737182617 121.559631347656 121.241706848145 120.941474914551 120.725738525391 120.536331176758 120.384353637695 120.279891967773 120.310203552246 120.569435119629 -3.4e+38 120.409042358398 120.298835754395 120.590972900391 -3.4e+38 121.08097076416 121.35343170166 121.594230651855 121.873344421387 122.209632873535
128.586990356445 128.169906616211 127.671836853027 128.005752563477 128.723281860352 128.568603515625 128.255981445312 127.476608276367 127.540702819824 127.252494812012 127.14380645752 126.948684692383 126.915596008301 126.076271057129 125.339790344238 125.625617980957 125.507377624512 125.309257507324 124.721984863281 124.388221740723 -3.4e+38 -3.4e+38 -3.4e+38 -3.4e+38 -3.4e+38 -3.4e+38 122.22240447998 121.869155883789 121.889068603516 121.628257751465 121.830703735352 121.560623168945 121.131172180176 120.676696777344 120.558670043945 120.391723632812 120.562156677246 120.633941650391 120.819198608398 120.761894226074 120.655029296875 120.496192932129 120.753410339355 120.965194702148 121.083518981934 121.268424987793 121.54419708252 121.901306152344 122.195823669434
129.349044799805 128.186767578125 127.437507629395 128.316223144531 129.204483032227 129.201126098633 128.606323242188 127.257659912109 126.802146911621 127.481651306152 127.558059692383 127.324378967285 126.962898254395 126.164283752441 125.492652893066 125.858268737793 125.881881713867 125.588737487793 124.887107849121 124.868202209473 -3.4e+38 -3.4e+38 -3.4e+38 -3.4e+38 -3.4e+38 -3.4e+38 122.267280578613 122.085319519043 122.218963623047 121.990432739258 122.021041870117 121.690139770508 121.368354797363 120.828178405762 120.618041992188 -3.4e+38 120.899780273438 120.828163146973 120.776184082031 120.752960205078 120.722312927246 120.68115234375 120.851791381836 121.121086120605 121.28450012207 121.421401977539 121.531288146973 121.744178771973 122.059272766113
130.317138671875 128.552124023438 126.381240844727 128.431900024414 129.690887451172 129.505996704102 128.907028198242 127.743034362793 127.208610534668 127.612197875977 127.647018432617 127.480094909668 126.855445861816 126.407318115234 125.867256164551 126.257392883301 126.121528625488 125.757095336914 125.197128295898 125.214057922363 -3.4e+38 -3.4e+38 -3.4e+38 -3.4e+38 -3.4e+38 122.749351501465 122.321472167969 122.259620666504 122.464363098145 122.454093933105 122.088424682617 121.740745544434 121.332412719727 121.129943847656 121.139923095703 -3.4e+38 121.064018249512 121.118545532227 120.953788757324 120.865707397461 120.808334350586 120.930557250977 121.192756652832 -3.4e+38 -3.4e+38 121.599868774414 121.715103149414 121.956260681152 122.159393310547
131.340850830078 130.186950683594 128.158157348633 129.809020996094 130.359222412109 129.844985961914 129.031707763672 128.593795776367 128.243469238281 128.046478271484 127.820693969727 127.146446228027 126.798553466797 126.150360107422 125.963508605957 126.335090637207 126.162612915039 126.096504211426 125.831924438477 -3.4e+38 124.686363220215 124.341316223145 -3.4e+38 -3.4e+38 -3.4e+38 123.135612487793 122.60221862793 122.599212646484 122.838516235352 122.821411132812 122.263359069824 121.819625854492 121.378265380859 121.413299560547 -3.4e+38 -3.4e+38 121.115325927734 121.071815490723 121.186660766602 121.03791809082 121.068099975586 121.28931427002 -3.4e+38 121.488159179688 -3.4e+38 121.738273620605 121.873802185059 122.014045715332 122.209281921387
132.04963684082 131.680389404297 130.942398071289 130.889450073242 130.715698242188 130.069458007812 129.248229980469 128.554092407227 128.320404052734 128.492980957031 128.071868896484 126.973358154297 127.235313415527 126.392799377441 125.759719848633 126.031700134277 126.295127868652 126.229133605957 126.195121765137 125.54167175293 124.732887268066 124.609008789062 -3.4e+38 124.103637695312 123.733070373535 123.383277893066 122.641593933105 122.369026184082 123.013534545898 123.127471923828 122.512832641602 122.07893371582 121.803573608398 121.686088562012 121.353256225586 121.288047790527 121.294578552246 121.229782104492 121.293487548828 121.124580383301 121.288192749023 121.346076965332 121.566375732422 -3.4e+38 -3.4e+38 121.806503295898 121.997528076172 121.888458251953 122.037803649902
132.233169555664 131.984405517578 131.701507568359 131.133758544922 131.006088256836 130.301071166992 129.468353271484 128.725448608398 128.780319213867 128.537536621094 127.659355163574 127.70231628418 127.87232208252 126.797370910645 125.911170959473 126.402221679688 126.757141113281 126.627388000488 126.025428771973 125.541015625 125.023368835449 124.840202331543 -3.4e+38 123.809745788574 123.264907836914 123.544456481934 123.043113708496 122.631324768066 123.099227905273 123.367568969727 122.697486877441 122.273544311523 122.172622680664 121.829681396484 121.506996154785 121.536933898926 121.401573181152 121.492073059082 121.462677001953 121.307510375977 121.413436889648 121.432319641113 121.710510253906 -3.4e+38 -3.4e+38 121.775489807129 121.978874206543 121.864639282227 122.045211791992
131.8662109375 131.846786499023 131.960144042969 131.588912963867 131.279602050781 130.557678222656 129.642959594727 129.474700927734 129.338012695312 128.096054077148 126.003219604492 127.534515380859 128.292037963867 127.054351806641 126.561904907227 127.234817504883 127.538719177246 127.344612121582 126.022308349609 125.333808898926 125.025032043457 124.780807495117 124.642448425293 123.464965820312 123.13500213623 123.769691467285 123.752555847168 123.484992980957 -3.4e+38 123.492782592773 122.638496398926 122.442268371582 122.328117370605 121.99617767334 121.853134155273 121.623809814453 121.391998291016 121.465637207031 121.589721679688 121.550064086914 121.614791870117 121.625648498535 121.85733795166 121.816329956055 121.785606384277 121.72794342041 121.936210632324 122.09049987793 122.313842773438
129.224578857422 132.038772583008 132.462173461914 131.947647094727 131.316665649414 130.785140991211 130.029769897461 129.852493286133 129.017440795898 127.15406036377 125.127426147461 126.940505981445 128.317626953125 128.385498046875 127.818367004395 128.061218261719 128.108901977539 127.513214111328 126.091529846191 124.753562927246 124.718978881836 125.119171142578 124.800750732422 123.379211425781 123.467544555664 124.068557739258 -3.4e+38 -3.4e+38 -3.4e+38 123.582824707031 122.796371459961 122.634391784668 122.288398742676 122.282363891602 121.959838867188 121.684967041016 121.549896240234 121.610961914062 121.532005310059 121.799713134766 121.702575683594 121.894805908203 121.954902648926 121.954414367676 121.827941894531 121.867744445801 122.048561096191 122.38452911377 122.48299407959
133.504043579102 132.925979614258 132.706268310547 131.885406494141 130.568237304688 129.849761962891 130.036392211914 130.484481811523 130.134262084961 129.269104003906 129.196746826172 129.320388793945 129.952285766602 129.789535522461 129.587753295898 129.065246582031 128.137405395508 127.478996276855 126.441452026367 124.87646484375 124.717742919922 125.348289489746 125.213447570801 124.140472412109 124.06566619873 124.335960388184 -3.4e+38 -3.4e+38 124.26008605957 123.835525512695 123.145462036133 122.980690002441 122.821937561035 122.648216247559 122.385772705078 122.307479858398 122.252830505371 121.936828613281 121.857002258301 122.27384185791 122.286331176758 122.346702575684 122.334465026855 122.288383483887 122.278617858887 122.211814880371 122.398475646973 122.211502075195 122.322944641113
133.796081542969 131.979797363281 130.901824951172 129.290756225586 129.143814086914 129.011764526367 129.990768432617 130.753234863281 131.641799926758 130.97998046875 130.110427856445 130.345886230469 130.628051757812 130.238372802734 129.890914916992 129.324172973633 128.522125244141 127.985885620117 126.865669250488 125.531272888184 125.054504394531 125.070846557617 124.960357666016 124.360275268555 124.275146484375 124.453941345215 -3.4e+38 125.011581420898 124.559669494629 124.059135437012 123.359451293945 123.124885559082 122.853828430176 122.894027709961 122.85693359375 122.763130187988 122.712692260742 122.458854675293 122.200538635254 122.634124755859 122.687255859375 122.583251953125 122.505950927734 122.426795959473 122.498077392578 122.421463012695 122.196067810059 122.105834960938 122.397766113281
133.259078979492 130.635513305664 128.672882080078 128.078689575195 128.866027832031 128.905044555664 129.720321655273 130.945571899414 132.118804931641 131.637756347656 130.878890991211 131.083404541016 131.074234008789 130.551284790039 130.02880859375 129.530471801758 128.988067626953 128.313446044922 127.809837341309 126.773330688477 126.0517578125 125.175621032715 125.003051757812 124.64380645752 124.774810791016 125.223739624023 125.58642578125 125.402160644531 124.899971008301 124.468276977539 123.758796691895 123.392036437988 123.182518005371 123.073432922363 122.903755187988 122.899810791016 -3.4e+38 122.905220031738 122.629684448242 123.002151489258 122.943084716797 122.637962341309 122.615699768066 122.661880493164 122.805648803711 122.814193725586 122.454788208008 122.567749023438 122.713768005371
132.8359375 128.633255004883 126.932891845703 128.051071166992 129.151153564453 129.812118530273 130.055358886719 132.373107910156 132.706359863281 132.267547607422 131.801834106445 131.617645263672 131.21745300293 130.705261230469 130.335983276367 129.870208740234 129.217468261719 128.597778320312 128.423873901367 127.719551086426 126.62963104248 125.423728942871 125.407730102539 125.613052368164 125.840576171875 126.110794067383 125.920051574707 125.617767333984 125.166732788086 124.769912719727 124.107971191406 123.808799743652 123.640495300293 123.438987731934 123.086128234863 123.198951721191 123.167182922363 -3.4e+38 -3.4e+38 123.095497131348 123.161842346191 122.784606933594 122.714210510254 122.804382324219 122.774154663086 123.015815734863 122.912010192871 122.879951477051 123.020439147949
133.217376708984 129.232604980469 128.970932006836 127.673851013184 129.821441650391 131.54606628418 131.431457519531 133.378616333008 133.00065612793 132.665023803711 132.386734008789 131.988220214844 131.318099975586 130.486968994141 130.442810058594 129.834426879883 129.65022277832 129.010467529297 128.706512451172 128.147018432617 127.031959533691 125.653007507324 125.917999267578 126.585662841797 126.667457580566 126.470199584961 125.872444152832 125.724151611328 125.452095031738 125.02409362793 124.398101806641 124.35279083252 124.168807983398 123.95573425293 123.620803833008 123.705749511719 -3.4e+38 -3.4e+38 123.29451751709 123.026412963867 123.310646057129 123.08878326416 122.960655212402 122.925148010254 122.754249572754 123.082992553711 123.162452697754 123.070724487305 123.034194946289
134.333282470703 132.576019287109 132.001068115234 127.709205627441 129.880218505859 132.680770874023 132.883972167969 133.401443481445 132.935195922852 132.844573974609 132.768051147461 132.164947509766 131.410186767578 130.060989379883 129.436508178711 128.855667114258 129.284545898438 128.726821899414 128.877227783203 128.496246337891 127.619987487793 126.250053405762 126.585380554199 127.153770446777 127.061073303223 126.576652526855 125.851425170898 126.036155700684 125.665016174316 125.340827941895 124.790550231934 124.682662963867 124.491828918457 124.351303100586 124.171867370605 124.037841796875 123.799354553223 123.621238708496 123.614845275879 123.425323486328 123.462066650391 123.204803466797 123.097465515137 122.995109558105 123.027992248535 123.172966003418 123.289932250977 123.15299987793 123.126991271973
135.294235229492 133.830978393555 130.404663085938 127.437393188477 128.745697021484 132.436187744141 134.272369384766 133.255340576172 133.36181640625 133.229919433594 132.892639160156 132.46354675293 131.647827148438 129.908050537109 128.132354736328 127.84538269043 128.084487915039 127.955078125 128.863662719727 128.644775390625 128.168167114258 127.37663269043 127.293601989746 127.608413696289 127.439964294434 126.715110778809 125.886528015137 126.009658813477 125.911254882812 125.72151184082 125.14395904541 124.84765625 124.704887390137 124.506843566895 124.432510375977 124.376495361328 124.036361694336 123.880416870117 123.938613891602 123.769096374512 123.623832702637 123.197257995605 123.191848754883 123.35425567627 123.30574798584 123.372528076172 123.442329406738 123.390953063965 123.285926818848
