rcp8.5models/CNRM-CM5/sc1gr8.16
NCOLS 261 
NROWS 433 
XLLCORNER 336357.134 
YLLCORNER 654653.479 
CELLSIZE 1000 
NODATA_value -3.4e+38 
[rows 132 to 153 of 433, columns 98 to 146 of 261]
68.2787780761719 68.3833770751953 68.3655853271484 68.7882919311523 68.5937194824219 69.0044403076172 69.1243438720703 69.2193908691406 69.4526290893555 69.5663146972656 69.8557739257812 69.8506240844727 69.9101181030273 69.8298034667969 70.3179092407227 70.5192794799805 70.7467803955078 70.9742736816406 71.3461608886719 71.734733581543 72.0261611938477 71.9259490966797 71.6716079711914 71.7018890380859 71.9948501586914 72.0018615722656 72.0227279663086 72.3521347045898 72.0072631835938 72.1821670532227 72.0923309326172 71.9364395141602 71.9554443359375 72.1238021850586 71.9683380126953 72.3089141845703 72.2002410888672 72.6672286987305 72.6172103881836 72.9155731201172 73.448600769043 73.3367538452148 73.2834548950195 72.8834381103516 72.7787551879883 72.8135604858398 72.9951858520508 72.9974975585938 73.4245986938477
68.4363021850586 68.5368041992188 68.501838684082 68.9240417480469 68.7535858154297 69.0362854003906 69.2504196166992 69.2447509765625 69.3816680908203 69.6143646240234 69.9005126953125 69.8870086669922 69.9417190551758 70.0075454711914 70.4314117431641 70.6396713256836 70.8254623413086 70.7722091674805 71.1186599731445 71.414176940918 71.7555160522461 71.9490661621094 71.9766006469727 72.1518402099609 72.0036392211914 72.075080871582 71.932746887207 72.0703125 72.0437545776367 71.968879699707 72.1613006591797 72.1067428588867 71.9665145874023 72.1860961914062 72.1596374511719 72.5586090087891 72.7737350463867 72.9940872192383 73.2026443481445 74.1358642578125 74.3510437011719 73.8893432617188 73.4444274902344 73.2161178588867 73.1176986694336 73.140022277832 73.478630065918 73.5812606811523 73.3075256347656
68.3645401000977 68.4859237670898 68.6272659301758 69.1052703857422 69.0923309326172 69.2121505737305 69.38232421875 69.3897552490234 69.5741729736328 69.7194595336914 69.964111328125 70.1205978393555 70.0708160400391 70.0060958862305 70.4443435668945 70.5675354003906 70.8454971313477 70.8801040649414 71.2324295043945 71.4553375244141 71.4059906005859 71.6297073364258 71.9677200317383 72.1567153930664 72.1824035644531 72.4688491821289 72.0672302246094 72.3101119995117 72.5162353515625 71.9695129394531 71.9207382202148 72.144287109375 72.0982666015625 72.3153610229492 72.2951278686523 72.8638076782227 73.4409866333008 73.4105072021484 73.9065093994141 74.5749053955078 74.4932403564453 73.8774108886719 73.7022705078125 73.5535354614258 73.5787048339844 73.7838973999023 74.0449981689453 74.0916061401367 73.5532073974609
68.4559783935547 68.6793823242188 68.7748870849609 69.1613388061523 69.1385650634766 69.2257461547852 69.4317779541016 69.4418411254883 69.6363143920898 69.7701187133789 70.0243988037109 70.1426696777344 70.2040176391602 70.1616897583008 70.562385559082 70.716911315918 70.9687118530273 70.916130065918 71.2589263916016 71.4552230834961 71.4473571777344 71.7674102783203 72.0869140625 72.334716796875 72.7861328125 72.9871292114258 72.1618881225586 72.3332977294922 72.5918884277344 72.0826721191406 72.2210159301758 72.2978515625 72.3034973144531 72.4618682861328 72.5301361083984 73.1654891967773 73.8333892822266 73.9880065917969 74.1495819091797 74.6178894042969 74.3248901367188 73.8246078491211 74.1908950805664 74.4298553466797 74.2704620361328 74.3780517578125 74.2473678588867 74.2359924316406 73.8513565063477
68.3825607299805 68.5955963134766 68.7373199462891 69.3229217529297 69.3926315307617 69.3969573974609 69.584342956543 69.6840438842773 69.8200149536133 70.0085372924805 70.2023468017578 70.291633605957 70.3888244628906 70.5683746337891 70.61572265625 70.8394546508789 71.1122436523438 71.1458053588867 71.4409408569336 71.574592590332 71.8672409057617 71.8595809936523 72.0826873779297 72.3504943847656 72.8951034545898 73.0460357666016 72.1863403320312 72.0935211181641 72.3885650634766 72.3672027587891 72.6337814331055 72.4604873657227 72.5736312866211 72.760627746582 72.9838333129883 73.3273315429688 74.1591339111328 74.5840301513672 74.7201385498047 74.9935607910156 74.0797576904297 74.2575378417969 74.9664535522461 75.0483245849609 74.7727737426758 74.6014404296875 74.4127044677734 74.1438980102539 74.0506134033203
68.2500457763672 68.6317520141602 68.8851776123047 69.2575607299805 69.4135131835938 69.4872436523438 69.6221466064453 69.7077865600586 69.92333984375 70.0132598876953 70.2317199707031 70.2693939208984 70.3147964477539 70.5849533081055 70.8480453491211 70.9714736938477 70.9162521362305 71.140251159668 71.490478515625 71.791862487793 71.9245300292969 71.8698272705078 72.2142639160156 72.5037460327148 73.0923080444336 73.1438522338867 72.2607040405273 72.286865234375 72.5120544433594 72.4655609130859 72.7086791992188 72.7302703857422 72.9460144042969 72.8988342285156 73.1823501586914 73.4530181884766 74.1095581054688 74.7617721557617 75.0035018920898 75.0433807373047 74.1337814331055 74.336784362793 74.8845443725586 74.8988647460938 74.908561706543 74.742073059082 74.4711532592773 74.345588684082 74.1907272338867
68.3163757324219 68.6363906860352 68.8965682983398 69.3285446166992 69.4006652832031 69.5852966308594 69.7909774780273 69.872444152832 70.0806503295898 70.1114883422852 70.0617828369141 70.0107879638672 -3.4e+38 70.5358276367188 70.510368347168 70.6936721801758 70.8875885009766 71.1870956420898 71.5377502441406 71.7319564819336 71.5767593383789 72.0228881835938 72.4209823608398 72.9273986816406 73.0107574462891 72.4725494384766 72.4481964111328 72.4578323364258 72.9110870361328 73.0331497192383 72.9996643066406 72.935302734375 73.2606811523438 73.5515365600586 73.7230987548828 73.5912094116211 74.0820617675781 74.5625534057617 74.6733093261719 74.3324813842773 74.4386825561523 74.4987945556641 74.7520294189453 74.990348815918 74.9334716796875 74.7808380126953 74.7655410766602 74.6586761474609 74.1305389404297
68.3821411132812 68.673713684082 68.8445358276367 69.0601348876953 69.4871368408203 69.287109375 69.6090927124023 69.9245071411133 70.1116638183594 69.7878341674805 69.7899780273438 69.9701232910156 70.2581787109375 70.5676422119141 70.5508499145508 70.7155914306641 70.8625640869141 71.0154342651367 71.5271530151367 71.4245529174805 71.5992202758789 72.0165252685547 72.5934829711914 73.3903961181641 72.5287246704102 72.4516448974609 72.6715545654297 72.9578018188477 73.1886672973633 73.1308517456055 73.0715942382812 72.9635620117188 -3.4e+38 73.8003845214844 74.2346649169922 73.6535034179688 73.9940719604492 74.5252380371094 74.5368728637695 74.4405975341797 74.5974502563477 74.681884765625 74.7245788574219 75.1421432495117 74.9846801757812 74.9027709960938 74.7686309814453 74.8185348510742 74.5486221313477
68.2871017456055 68.4909973144531 68.841796875 69.2091674804688 69.4975204467773 69.3135604858398 69.5495529174805 69.8387756347656 70.0458984375 69.843017578125 69.9229736328125 70.0298919677734 70.3908004760742 70.7696380615234 70.5007247924805 70.7214050292969 70.8217010498047 71.0818862915039 71.3082580566406 71.1123275756836 71.3341369628906 71.8890686035156 73.0143432617188 73.2331848144531 72.2828140258789 72.3815307617188 72.7990493774414 73.1026382446289 73.2560577392578 73.2874069213867 73.1397018432617 73.1619720458984 73.5307540893555 74.0348434448242 74.2740173339844 73.6857757568359 74.1019134521484 74.6635513305664 74.5873489379883 74.5382919311523 74.5135269165039 74.8118515014648 74.968017578125 75.2420196533203 74.9253845214844 75.0517425537109 75.0082397460938 75.1252517700195 74.7352523803711
68.2785720825195 68.5193176269531 68.721305847168 69.0353775024414 69.1559295654297 69.2218551635742 69.3976974487305 69.6051025390625 69.6965408325195 69.7722320556641 69.9014663696289 69.9421234130859 70.3180618286133 70.7434234619141 70.4654846191406 70.4850921630859 70.6577758789062 70.991325378418 71.002067565918 71.1264343261719 71.5241851806641 72.5037307739258 72.8186264038086 72.5825424194336 72.1192321777344 72.3421096801758 72.8860778808594 73.2153549194336 73.4043884277344 73.3035202026367 73.3369903564453 73.5957946777344 73.6285171508789 73.9827728271484 74.0835342407227 74.0529556274414 74.2068023681641 74.6867370605469 74.6889953613281 74.6630172729492 74.674690246582 74.912467956543 75.00146484375 -3.4e+38 75.191764831543 75.283576965332 75.1113586425781 75.2217330932617 74.5896606445312
68.1644058227539 68.4081497192383 68.4060592651367 69.0461044311523 68.8006439208984 68.9804611206055 69.4552459716797 69.6967010498047 69.7062301635742 69.8322677612305 69.6048812866211 69.7425231933594 70.0463485717773 70.2472610473633 70.4751739501953 70.4488067626953 70.7414093017578 70.9580841064453 70.8458251953125 71.1563568115234 71.528450012207 72.260498046875 72.1056137084961 72.1428985595703 71.8500595092773 72.1749114990234 72.8245239257812 73.2314300537109 73.4265823364258 73.3937225341797 73.371711730957 73.6667327880859 73.5795211791992 -3.4e+38 73.8801498413086 74.2061462402344 74.3122100830078 74.7870178222656 74.7806091308594 74.8331451416016 75.0157318115234 75.0338897705078 75.1779174804688 75.3602600097656 75.3138427734375 75.4616851806641 75.2872161865234 75.2806167602539 74.6171722412109
68.0275573730469 68.4217300415039 68.5605697631836 69.0613021850586 68.8747024536133 69.1044616699219 69.3759155273438 69.6383514404297 69.7195510864258 69.7628555297852 -3.4e+38 69.8528442382812 70.1315155029297 70.2316284179688 70.2527847290039 70.3129730224609 70.6352233886719 70.8391342163086 70.9241027832031 71.1040420532227 71.1294631958008 71.4309539794922 71.6380310058594 71.8370056152344 71.9187698364258 72.1717681884766 72.7441864013672 72.8865966796875 73.1723937988281 73.4087829589844 73.3258590698242 73.3203964233398 73.5478210449219 73.6984939575195 73.9787216186523 74.2679901123047 74.3255157470703 74.8017959594727 74.8392562866211 74.8455047607422 75.059455871582 75.2779312133789 75.4830932617188 75.4038543701172 75.4872360229492 75.612548828125 75.3857574462891 75.3717575073242 74.711669921875
68.0230178833008 68.3234329223633 68.5573043823242 68.8021850585938 68.7994918823242 69.0699691772461 69.5009078979492 69.6215667724609 69.7381896972656 69.4268951416016 69.4966812133789 69.7686157226562 70.0627212524414 70.1975402832031 70.3010177612305 70.4530639648438 70.6576766967773 70.5179672241211 70.825080871582 70.9906539916992 71.1105575561523 71.3291931152344 71.6340408325195 71.7727203369141 71.8172607421875 72.0337448120117 72.6624450683594 72.8360443115234 73.2009201049805 73.469482421875 73.2696075439453 73.3746566772461 73.7289428710938 73.9937286376953 73.9796295166016 74.3017959594727 74.3794021606445 74.5334167480469 74.7983551025391 74.8355178833008 74.8889923095703 75.2425994873047 75.4293975830078 75.4682998657227 75.5089721679688 75.7283935546875 75.4349670410156 75.1954727172852 -3.4e+38
67.9561004638672 68.0982208251953 68.6181716918945 68.785270690918 68.8405990600586 69.0637664794922 69.4774856567383 69.496467590332 69.6811599731445 69.4747848510742 69.5771179199219 69.7806167602539 69.9468536376953 -3.4e+38 70.2360916137695 70.4521026611328 70.6605911254883 70.5393524169922 70.8440628051758 70.9855880737305 71.0275802612305 71.246337890625 71.5502853393555 71.7374420166016 71.9390258789062 72.0741424560547 72.4757690429688 72.7502365112305 73.1341018676758 73.4909210205078 73.3497314453125 73.3693389892578 73.7296752929688 74.0346069335938 74.0756607055664 74.4454956054688 74.7212448120117 74.5170059204102 74.5325927734375 74.7914733886719 74.8486862182617 74.9131240844727 75.2017822265625 75.4593658447266 75.3997192382812 75.4398422241211 75.3558349609375 75.1158676147461 74.6271896362305
68.090576171875 68.1247787475586 68.4808197021484 68.6941299438477 68.8692321777344 68.9471817016602 69.1720809936523 69.190185546875 69.4181823730469 69.4136047363281 69.5620956420898 69.6884002685547 69.8417205810547 69.932502746582 70.2624816894531 70.4769744873047 70.6851501464844 70.5738296508789 70.8769073486328 71.0402908325195 71.1571960449219 71.3742828369141 71.5969543457031 71.5741653442383 71.9360275268555 72.0932235717773 72.5423049926758 72.6996231079102 72.8855819702148 73.2395172119141 73.3453063964844 73.3960113525391 73.8273391723633 74.0887908935547 74.0230407714844 74.2802124023438 74.6372909545898 74.5098876953125 74.4371795654297 74.5241470336914 74.7835388183594 74.9249114990234 75.2479248046875 75.4266586303711 75.3130035400391 75.3501892089844 75.2689514160156 75.0264434814453 74.3569488525391
68.0515747070312 68.1106948852539 68.1447143554688 68.7673950195312 69.010986328125 69.0784683227539 69.1502914428711 69.2185287475586 69.3905792236328 69.382080078125 69.3494033813477 69.7429580688477 69.5614166259766 69.8026962280273 70.2994079589844 70.5131378173828 70.7598266601562 70.7646408081055 70.9775161743164 71.1167221069336 71.1566467285156 71.3736953735352 71.6174240112305 71.648307800293 71.9685745239258 72.2572326660156 72.5670623779297 72.7387390136719 72.9249420166016 73.1696548461914 73.323844909668 73.33154296875 73.8003387451172 74.0229568481445 73.9144973754883 73.8742599487305 74.2236480712891 74.2423934936523 74.3465805053711 74.44482421875 74.7262954711914 74.7399597167969 75.0611267089844 75.1701736450195 74.9203643798828 75.0942306518555 74.9864349365234 74.6026077270508 74.2954406738281
68.2373428344727 68.2422027587891 68.2335739135742 68.6856918334961 68.8668365478516 68.9666290283203 69.0360488891602 69.1377182006836 69.2979736328125 69.4512634277344 69.4754638671875 69.7793960571289 69.6948547363281 69.858642578125 69.9975204467773 70.2790603637695 70.5766220092773 70.7736968994141 71.0110168457031 71.1464004516602 71.1748199462891 71.416145324707 71.8195877075195 72.0025329589844 72.0123825073242 72.3277816772461 72.652229309082 72.8634948730469 73.0724258422852 73.0335693359375 73.2876739501953 73.4105224609375 73.6621475219727 73.606819152832 73.8505783081055 73.7845993041992 73.8450317382812 74.0775680541992 74.0613021850586 74.2790451049805 74.4514236450195 74.2579956054688 74.6223754882812 74.7783203125 74.6920852661133 74.5304946899414 74.5497131347656 74.38671875 74.1514663696289
68.5956039428711 68.5356063842773 68.5414505004883 68.7351837158203 68.8638229370117 68.9587707519531 69.0888595581055 69.1169967651367 69.0876083374023 69.6234970092773 69.765266418457 69.8132095336914 69.7240753173828 69.9241409301758 69.9822463989258 70.2889404296875 70.5349273681641 70.8161849975586 71.0349349975586 71.0487594604492 71.4655609130859 71.4151916503906 71.7296752929688 72.0041885375977 72.1026763916016 72.3968353271484 72.6186676025391 72.9564895629883 73.0902633666992 73.0631866455078 73.3657455444336 73.3857192993164 73.58740234375 73.4619979858398 73.5151443481445 73.6112289428711 73.4244918823242 73.8599090576172 73.8934326171875 73.9273529052734 74.1315612792969 74.1672592163086 74.4026718139648 74.3628463745117 74.5104675292969 74.284049987793 74.2160720825195 74.2332611083984 73.9034881591797
68.6294021606445 68.6807250976562 68.7322158813477 68.9176483154297 68.9959182739258 69.133659362793 69.1856307983398 69.2219161987305 69.2499542236328 69.1291885375977 69.2858276367188 69.4127807617188 69.6875610351562 69.8861465454102 69.9501037597656 70.2376861572266 70.4463882446289 70.7706909179688 70.9844360351562 70.9382247924805 71.1874771118164 71.2273635864258 71.4366302490234 71.6281051635742 71.6828002929688 71.9285049438477 72.4975509643555 72.66650390625 72.8786773681641 73.1260604858398 73.0984649658203 73.2418365478516 73.3605728149414 73.4621124267578 73.2930145263672 73.3004455566406 73.1496353149414 73.4301834106445 73.4683303833008 73.5714263916016 73.6203994750977 73.794792175293 73.8046646118164 73.8581619262695 73.8344268798828 73.7159957885742 73.8639373779297 73.8123245239258 73.4601440429688
68.9714202880859 69.0604476928711 69.1362380981445 69.3173217773438 69.2758636474609 -3.4e+38 69.2049789428711 69.2532653808594 69.3053436279297 69.1912460327148 69.3661346435547 69.4449691772461 69.6684112548828 69.9298477172852 69.8861846923828 70.1716232299805 70.3793334960938 70.681755065918 70.869743347168 70.8398361206055 70.7276763916016 70.9448623657227 71.2490005493164 71.4696273803711 71.5766067504883 71.732307434082 72.1102981567383 72.3870086669922 72.7359848022461 73.0238189697266 72.9411544799805 72.953971862793 73.160400390625 73.1529998779297 72.8985290527344 73.1476821899414 73.0206069946289 73.2474746704102 73.210075378418 73.1953811645508 73.3917846679688 73.6130218505859 73.5498199462891 73.4731826782227 73.5590515136719 73.6213836669922 73.6921310424805 73.4872283935547 73.3779907226562
68.8390426635742 69.0186767578125 69.1404495239258 69.3204040527344 69.2425537109375 69.1509170532227 69.2581405639648 69.3059997558594 69.397705078125 69.1524810791016 69.3700103759766 69.376594543457 69.5659408569336 69.8273086547852 70.0115280151367 70.1323928833008 70.0779495239258 70.3388977050781 70.4652633666992 70.6791305541992 70.6477203369141 70.9814682006836 71.2371826171875 71.2437286376953 71.5317153930664 71.7014541625977 72.0724182128906 72.3964385986328 72.6172790527344 72.6181564331055 72.8010635375977 72.7546310424805 72.6942825317383 72.8588562011719 72.7949523925781 72.8339385986328 72.9254760742188 72.8958435058594 73.0263595581055 73.1179580688477 73.2249755859375 73.2888107299805 73.4280776977539 73.3855590820312 73.4480438232422 73.3986892700195 73.5708312988281 73.45703125 -3.4e+38
68.5535736083984 69.0248565673828 69.1921081542969 69.4078140258789 69.4673233032227 69.5319061279297 69.487678527832 69.2974395751953 69.3667373657227 69.1924591064453 69.3606109619141 69.3559188842773 69.2777786254883 69.6247711181641 70.0347747802734 70.1767044067383 70.1150894165039 70.3798675537109 70.4248275756836 70.3729553222656 70.5819931030273 70.9013900756836 71.1435852050781 71.2152099609375 71.3759994506836 71.4275131225586 71.9991607666016 72.2996139526367 72.4777755737305 72.4625091552734 72.4584350585938 72.6256408691406 72.5639114379883 72.6026611328125 72.6899871826172 72.5843505859375 72.5720596313477 72.7108764648438 72.6755599975586 73.3066711425781 74.0136566162109 73.0950469970703 73.0710830688477 73.2525482177734 73.3586959838867 73.3219604492188 73.4675140380859 73.2977600097656 73.0471038818359
