rcp8.5models/CNRM-CM5/sc1gr5.6
NCOLS 261 
NROWS 433 
XLLCORNER 336357.134 
YLLCORNER 654653.479 
CELLSIZE 1000 
NODATA_value -9999 
[rows 308 to 329 of 433, columns 200 to 249 of 261]
262.67946743699 271.743036244937 277.543078181632 277.292354336828 279.391097153709 280.039056776049 279.396928471316 279.359984703391 277.253470236197 271.544670492165 263.3170987762 263.555979299001 265.003786089389 263.21940176738 279.259073445764 280.853069474848 280.943927274399 279.911770357679 281.60386174538 282.783787151915 283.168724666654 280.597474445575 276.32539990933 277.240262039648 282.030654986918 281.735936292745 281.794388131616 282.084965553111 281.88568970178 282.423995946078 283.439022706063 284.29560659319 283.979497474161 283.520705385277 284.324530465334 285.096911616424 285.164377424573 283.588089441052 283.989950781162 284.837189326044 285.531269569262 286.451135682273 286.947370734352 287.569479354996 287.433117006228 287.793126636272 288.485604679032 288.568985774592 288.890196202483 289.399722355131
269.612548237497 272.902369156239 270.436424645291 278.121666512149 279.467991559848 279.618970425564 279.4565197894 277.780194266037 273.448174513279 269.642711744164 264.042181994142 266.378672155047 266.68100354899 263.384146367921 276.368637752124 281.010954344886 281.402431476609 280.811898012912 282.255229290487 282.729047068656 281.797387510116 279.121078608425 278.682757336717 277.057174369408 277.959336598048 282.194312806254 282.380763618165 282.376921310235 282.453378344575 283.073357943825 284.434565784173 284.484815170926 283.718399045562 283.847686566901 284.461349714498 285.044743639868 285.442804478547 284.394063434296 285.109898078919 285.32533109616 285.557180818046 286.255638272088 286.789072230822 287.25358351173 287.408503656437 287.712593318895 288.18363206541 288.616405480485 -9999 289.459653548958
267.627587925281 270.67173862481 264.793623791767 275.447461533244 277.566170807241 279.581709909606 278.255283724961 273.673890016461 268.817472233547 266.626280587501 264.122667737318 266.223141648526 268.758062432349 267.952553390358 274.921520067918 280.427437231098 281.599091111378 282.165342455698 282.573466867123 282.426802189757 280.807923813699 279.355512296468 280.351158754655 278.198728509357 273.89034286519 277.521668017152 283.295806856651 283.08362890233 283.40624878728 283.825372803116 284.33803130121 284.419623883297 283.751544840153 283.931043897432 284.67872631716 284.795561187256 286.006110222513 285.23877164174 285.600767425435 285.59793106876 285.758203930555 286.219446891311 286.364918813457 286.97211765325 287.117704765786 287.267378623569 287.510706417103 288.031494375063 288.740690901335 288.946521249694
264.538000752683 268.119463396966 268.108637157089 274.235123632499 277.930227337494 279.765015451989 278.206396843466 273.854916529702 268.75929428041 267.26836246396 266.392150717761 266.035978329905 268.205249633088 268.150913172121 278.129383774122 280.415150538371 281.361728154878 281.966966176812 282.408940082223 281.866522056646 280.75344647233 280.759979875025 280.997409451922 279.499703115143 272.912697631565 274.667244452372 283.8866135118 284.129350668843 -9999 -9999 284.486517863868 284.807390750918 284.373326650573 284.137981893417 284.766737311579 285.268680643385 286.066064640891 285.551719958172 285.806419623307 285.786215188317 286.272314694288 286.368087605978 285.827809085996 286.266456028644 286.600736320563 286.422756405569 286.777378710427 287.449471193281 288.000682019378 288.491899448429
267.371979237227 269.85467556065 272.249512681656 276.760490264753 279.41596755944 279.136559640195 278.753930778683 276.47676626678 273.69845136054 272.927975807593 272.426629968735 270.758981197857 267.749817542164 268.193524068157 280.382322938831 280.973686299237 281.33896697458 281.870975665561 282.190762340833 281.64306803264 281.318783736245 281.062395049308 280.439828198893 280.401203379911 275.220569837336 275.205114760144 283.370402924027 283.485272717667 283.910520309468 284.533153166646 284.97261565503 285.115851940501 284.444180760354 284.314964508555 284.883294879121 285.644608005423 286.360925982709 285.825295431596 286.027474977327 286.20505021423 286.530016125235 286.508209056518 286.192057948176 286.326456557893 286.423635350314 286.049095417462 286.578497595341 287.105304715216 287.509368347895 287.950668162148
265.638060544623 269.899953686961 275.183041508218 278.415717494221 278.009755004118 276.62775022639 277.571149585837 276.960544686127 273.89774898868 275.027524641891 276.930991755402 275.221504480351 273.616728068133 268.570632607925 274.027250731865 280.120444820729 281.524929896185 281.840246125473 282.278285955419 282.392061368597 282.172128427142 281.182061430766 279.559943265104 282.284057322833 281.536975529613 279.546410400156 282.475450866901 283.188002263613 283.750402167928 284.16459728873 284.538422478555 284.868897913806 285.246696577179 284.494459382574 284.470890067912 285.533285572224 285.842219917146 286.337108786582 286.752050574371 286.935677419155 286.579638488723 286.585362825145 286.604749960799 286.672120106124 286.734852454961 286.878571191968 286.94396581849 287.489176215182 287.688822459458 288.026592576599
263.180824643088 265.272394704444 276.265169342251 277.714866302725 276.710690429306 275.641130563358 276.482410596422 276.286420442202 274.505028601872 277.453149316814 277.1830463628 276.842362622243 278.058732107386 276.30430026894 271.080728547936 280.111077244102 281.638191517117 282.310894968497 282.552147401474 -9999 282.174590611467 281.827646505726 281.646648406145 282.502141569399 283.182642206207 282.911788665405 283.215044609173 283.893982221446 284.130549821685 284.294202551606 284.708979593528 284.850019643232 285.227889160653 284.717193583617 284.653293370766 285.159654094685 285.434584277062 286.396936695882 286.831199374643 286.876550957813 286.631467326184 286.849118588012 286.778368252037 286.797925094176 286.905738680525 287.126477657142 287.284132836495 287.465838949409 287.737291172968 288.315519173766
263.237160889657 264.474375392169 275.922929900142 276.450369223298 275.851998972933 275.912409609054 276.943646889419 277.499646544917 277.026108246355 277.97028308409 277.728269446431 277.776304993368 278.422831582432 278.016016044106 275.681121621099 280.6060679883 281.819862244662 -9999 -9999 -9999 282.017231753467 282.080162923871 281.87568582905 282.496347897867 283.320551435956 283.507831115033 283.945543139191 284.159144975958 284.509862267566 284.667524503108 284.986805598154 285.297814548782 285.247817377327 284.958989303735 285.219881962141 284.915201883755 284.829075945325 285.904815267922 286.233463106182 286.602869373299 286.898511480793 287.063667311772 287.048408065161 287.209486049633 287.192976895769 287.161430586048 287.43822648026 287.4787825805 288.00946865086 288.517830652109
265.495076919971 266.077773494535 274.830686812647 275.909515325209 275.625530763012 275.868551609167 276.79735289761 277.824164077773 277.879727493059 278.48411936017 278.611881191997 278.649191987754 278.821594022106 278.152255920209 280.28846352666 280.911770520726 281.846769019417 -9999 -9999 -9999 282.34050814265 282.113839384072 281.779455991106 282.297596279809 282.924099072641 283.693801782147 284.224562390154 284.284647756407 284.59239920513 284.987336050866 285.043157845618 285.50731860114 285.5375500594 285.529706152975 285.365409478775 285.231967788574 284.748290493906 285.978161726721 286.25137780054 286.600623712703 287.049074404559 287.032416539859 287.296837658945 287.435763936812 287.493151407262 287.392532501866 287.434138782927 287.534617941912 287.855072144872 288.513283457844
266.579813917777 265.384335981897 273.173000241638 275.952061605295 275.251816765254 274.368035375483 273.031193452184 275.38239325977 277.552833119927 278.601695196117 279.133109680069 279.089780089774 279.273293726296 278.503250221592 279.86753036735 280.361407144226 281.494096338727 282.127452545309 -9999 282.979587876203 282.969580179642 282.310615009506 281.40538097323 281.869458124263 282.575302367396 283.467794980036 284.051943739162 283.859365270864 284.066442945374 284.64015137483 284.853273052872 285.050697365675 285.260326793998 285.823278756193 285.8300949477 285.640903598093 284.800733244668 285.975683620989 286.264898791704 286.693394716423 286.877486343832 287.014828242653 287.485458388587 287.444509374976 287.585756040318 287.560816770134 287.429933851001 287.554612725938 287.90792698427 288.313474205233
268.495606444692 269.369312754428 273.652852927156 275.423688002224 274.141196441481 273.094835186512 269.711372635668 271.717346486067 274.188607268461 277.70106988029 278.776190120836 279.197683299518 279.884124033145 279.100711824996 279.707415814556 280.349254139112 281.236413435164 281.646636437034 281.775450993781 282.684869429104 283.279403588589 282.231315400503 281.326063854353 282.098154810703 282.952800615339 283.263562605146 282.774437121942 281.350522679101 283.462445796676 283.959534815413 284.730274189125 285.011852950986 285.093837942136 285.775980387197 286.166392458902 285.997765330907 285.482295124983 285.700216405008 286.120146340963 286.322357670265 286.336077568143 286.81466712204 287.306095548854 287.422211476062 287.485449794964 287.443127068952 287.284558479056 287.611644377092 288.349011337745 288.153739772648
268.94782142849 273.840330775576 275.61565859642 275.153746831424 273.666308918445 273.139654962397 271.301303956397 269.973910693574 272.26271814733 277.139287622054 278.914574904103 279.341333839804 280.222077912304 279.774031714664 280.339449770274 281.177195209085 281.396452909452 281.562583503993 281.889315504384 282.900364784295 283.505337013842 282.630792941717 282.248161238393 282.733673383654 283.128290268198 282.97445372213 278.863303817048 280.838412079409 283.025210381224 283.644644980553 284.652364972839 284.715860848148 285.042566914972 285.638967584308 285.654215532288 286.182950367807 286.146436326754 285.70076466109 286.383378436701 286.246272958687 286.012554575737 286.688351249603 287.30021545951 287.517699948979 287.58460982313 287.486569033536 287.414480328642 287.651822143266 288.762151945978 288.558067207524
271.273964207775 274.532196478294 275.882664610603 274.830059924848 273.284692631715 273.848818180854 273.926777736007 271.465644639116 273.02059515345 276.95975891394 278.926540922116 279.769667019973 280.347301159285 280.249717948544 280.714429163961 281.589245390894 282.074619254624 282.214226947195 281.589358478077 282.780573950364 283.434220916435 283.392383085577 283.274327835233 283.018425568589 282.994293591289 282.654600389006 279.590544860775 282.105926024864 283.023715875308 283.66734980747 284.320095730857 284.252166198786 284.747035855037 285.140642263531 285.460400066003 286.21472966551 286.335222830251 286.026695884337 286.518992352855 286.394180708633 286.291279965188 286.906394389706 287.251505255341 287.483909603983 287.568953042742 287.690983148653 287.742057187177 287.596251888967 288.529769640885 288.853202100971
274.788561108716 275.69009898985 276.196117275671 274.759652275995 273.489003506902 273.587156981943 275.107331067977 274.254150427566 272.938063616763 274.662373300839 275.748437064043 279.314817595769 280.457079006096 280.399710894647 281.273640400018 281.840344605422 282.029813540055 282.557775234716 281.944831491862 282.952741862996 283.444137623549 283.700110458261 283.842977405948 283.516733361196 283.043645040322 282.648188763284 282.497939598033 282.873841608603 283.605432477313 283.456859528848 283.936105526163 284.357352486369 284.856014130585 284.955722961098 285.146841585864 285.586468706777 285.690803840641 286.36771155953 286.724641137704 286.749562219451 286.73967722348 286.739763190149 287.081957860408 287.238447628505 287.460175676853 287.786077363972 287.933294817598 287.538584360506 287.975731225245 288.411958653156
275.430678935043 276.295703241821 276.460518497994 272.796153354068 267.700503997322 274.227205395835 275.780634528707 276.31522586535 274.830290618147 274.232184163556 274.015437207057 279.288401259723 280.491072584538 280.956114584112 281.586651800675 281.939426182974 281.194213663477 282.880275039211 283.041181993007 283.376778528134 283.423465091621 283.465626621061 283.914941508152 283.884590861021 283.136838906597 282.833427149484 282.62868867953 283.007877399836 283.969827028837 283.814195034435 284.098663792732 284.550582395052 284.920288280859 285.443530803512 285.54163532198 285.720778591544 285.868033000492 286.865001477907 286.973963818526 286.707660611353 286.908975556268 286.810518468453 287.051083445708 287.150365328396 287.663124254733 288.030814014893 288.020666459218 287.814338344423 287.881601434447 288.191528729572
275.246316268924 276.530813633296 275.184688160047 262.295335550353 255.172805302223 268.632354321481 276.072399503471 276.862798130132 277.118438773935 276.580190418343 276.685513282794 279.692257405803 280.582024433729 281.247686036148 281.092004977225 281.548530006099 280.910169756426 282.391456343863 282.713359306833 282.465046418276 282.809279104033 282.896070184566 283.506306943654 283.977036009721 283.656315753608 283.466724034633 283.107619816069 283.087348528395 283.62905242435 284.286778455025 284.710095420988 284.910698572048 285.043506753818 285.56228996432 285.633074948266 285.871192099781 286.189705790173 286.618102273322 286.59075179497 286.460704832209 286.5879759138 287.005808825976 286.906652826286 287.248268288214 287.795054008315 288.155045046499 288.249228448307 288.228382027808 287.930082492163 288.093425252987
275.008158077294 275.706217973033 270.306112440767 248.981016590287 244.365579690765 257.431334321818 271.949596822279 277.167808093106 277.80476667134 278.062979922294 279.101609648341 280.068523763562 280.557745389882 280.555955615632 280.452792374276 281.205870168672 280.806527928758 281.506289072854 281.79151454001 281.638194510589 282.163140414415 282.591937490881 283.291561164841 283.949531267649 284.224063582507 284.081795923864 283.865386699465 283.649032272313 283.035527120292 284.279999316303 284.729315333989 285.330714626386 285.387230153147 285.261263301683 285.249808024619 285.682585945387 285.702267816072 286.023513756831 286.296301155619 286.779212302674 286.733544015799 286.907309153543 286.432395108752 286.998222246294 287.427731950938 287.874378692404 287.949231046324 288.118002378434 288.301335823035 288.298710679047
276.370939569293 276.645479412298 270.431376455549 252.130216811909 240.787442074241 238.445862882509 243.579953414195 268.69021333174 278.052459250177 278.583910504605 279.174350436772 278.917656803942 278.711239524356 277.66206372553 280.620664593827 279.544873743831 279.340795864699 280.519745217796 281.136462136577 281.823897121396 281.857178980796 281.958270172292 282.877056075201 283.332880254195 283.565010973396 283.677513748512 284.496281832683 284.565974280271 284.129791385705 284.817529015564 284.768528892433 284.817300260168 285.956379750899 285.977980262697 286.080150859179 286.286852158389 286.526150769028 286.845662495874 286.236005552774 286.675118515956 287.311913199772 287.084461186543 286.504097990103 287.105217952659 286.767593397824 286.903724985939 287.39256689702 -9999 288.592712568459 288.772180776211
276.764757459482 277.217060093112 272.620571818853 260.082391731286 252.145291615578 241.492457699392 238.731609365653 264.24008283514 277.033135676837 278.62401789498 277.389767789425 273.161970253943 276.805801592786 273.209298787716 279.870140238119 279.249449862933 279.053755836714 280.821608818772 281.808804037373 281.970986963085 281.716282972948 281.813002581769 282.902375298833 283.051490204899 283.11338731204 283.23688305 284.601162945139 284.968642173223 284.452587617792 285.242017305432 285.117400151452 285.00193511274 285.523847075524 285.76827527304 286.160908494694 286.292218191744 286.672894618885 286.926268224309 286.64120127765 286.744664461444 287.038260743235 286.877858776275 287.187731013809 287.457413386837 287.060962769358 286.865105698714 287.106558249379 287.496076411505 288.321002731058 288.649193362509
276.490962773931 277.055385939932 275.422220261591 264.747064650998 255.896071347075 241.713520797696 237.202615954607 260.24864818434 275.489204929726 277.103129827572 271.557610451782 269.940013035911 277.490295119043 275.427426604376 279.25593725613 278.288072184378 275.725581065251 280.081274182379 281.765230811512 282.255108738898 282.032425329496 282.099079916725 283.072956690579 283.331365604421 283.457150996347 283.525943740122 284.416150635714 285.067600437202 284.792870503235 285.165264200392 285.186914284936 285.24846654294 285.472952568167 285.574387856222 286.005287260145 285.736772094727 286.453098528615 286.117303669059 286.403725948818 286.382038195369 286.825244195913 286.943351731901 287.293653037121 287.287829535026 287.447377289309 287.084396395434 287.283473393609 287.089913670181 287.604134236966 288.39753798525
276.122119700512 277.154732574104 277.121822809858 262.319043513529 254.198705552812 243.679258455764 241.119685233349 263.333118264759 275.938671006914 276.397798464998 271.070596827323 274.3307749929 278.446657529237 278.90262846353 278.294740083316 278.198756143651 275.422697056228 278.325477708717 281.831143582971 282.279835697313 282.785462002641 282.867263136372 283.261046312327 283.895238128516 283.965763013178 284.022509824003 284.423367070048 285.215184172177 285.145396537948 285.095005840912 285.163160909332 285.23158423329 285.570907131797 285.827302741432 285.436930142037 285.331717064789 285.800012389772 285.433290388006 286.020562014586 286.266015393654 286.724884135665 287.006821775492 287.045272498151 287.261422979513 287.48988879025 287.384405233673 287.710079675235 287.531558567165 287.246764489414 287.818661693327
276.115027976152 276.970218779467 277.141056021872 265.249429284813 259.101156150401 254.144318820262 252.209957999281 267.643808930006 276.661018490682 277.147797294896 275.746822526294 277.467986108326 278.194931116448 278.402326166544 278.133688810462 279.027601041788 278.78043770948 279.519137055039 282.106079801677 282.259960352041 283.06113464484 283.136856312072 283.358716283156 284.106013967021 284.187092513911 284.196468384883 284.851656624726 285.114556666278 284.776444631884 285.075822243527 284.714315803597 284.823615757598 285.278708550478 285.19780600847 284.604454248627 284.818451220593 284.883162710635 285.580095671475 286.056253148773 286.424144277612 286.562219791118 287.000878724717 287.063251373373 287.374495472096 287.519594262728 287.533210321969 287.634933500392 287.900630282705 287.66042387906 287.417300351632
