rcp8.5models/CNRM-CM5/sc1gr10.37
NCOLS 261 
NROWS 433 
XLLCORNER 336357.134 
YLLCORNER 654653.479 
CELLSIZE 1000 
NODATA_value -3.4e+38 
[rows 220 to 241 of 433, columns 147 to 195 of 261]
669.378845214844 671.633544921875 673.824951171875 676.337036132812 680.245300292969 687.015258789062 692.835388183594 688.075256347656 686.876892089844 687.963073730469 689.658874511719 691.957885742188 693.076721191406 694.419494628906 696.039489746094 697.9541015625 698.767578125 701.145812988281 -3.4e+38 704.500061035156 707.1005859375 709.371337890625 712.634155273438 714.899658203125 718.368347167969 721.554626464844 724.207641601562 726.653503417969 728.745056152344 732.143127441406 736.499877929688 740.811584472656 743.100463867188 751.1171875 756.031494140625 758.674194335938 759.825988769531 761.425354003906 763.163940429688 765.575927734375 767.472473144531 770.756530761719 773.7197265625 778.145812988281 782.486206054688 790.134033203125 795.180480957031 800.358032226562 803.1513671875
669.815002441406 671.081237792969 672.530822753906 675.606262207031 680.611633300781 687.504089355469 693.443908691406 687.535888671875 688.026672363281 688.328063964844 689.808288574219 690.751281738281 692.006774902344 693.567443847656 694.691589355469 696.629760742188 698.143188476562 699.729187011719 701.400573730469 703.777038574219 705.842651367188 707.716796875 711.236755371094 714.077209472656 718.155212402344 722.004272460938 725.035400390625 727.057250976562 728.304565429688 731.568176269531 734.979431152344 739.003234863281 742.998413085938 750.408508300781 755.041748046875 758.473510742188 759.879089355469 762.232788085938 764.266296386719 765.651794433594 767.232421875 770.483276367188 773.680236816406 778.513549804688 782.6904296875 790.061706542969 794.599365234375 799.082763671875 802.505004882812
669.060546875 670.716125488281 672.163513183594 675.076782226562 680.299560546875 685.069213867188 687.533325195312 686.677490234375 687.332580566406 687.15283203125 688.898803710938 689.560485839844 690.627685546875 691.805114746094 692.963989257812 695.363159179688 697.5927734375 698.761413574219 701.330627441406 703.833618164062 704.693481445312 706.662109375 711.120849609375 713.841613769531 718.442077636719 723.536804199219 727.740356445312 727.952087402344 728.806518554688 732.232482910156 734.344177246094 738.548889160156 743.650695800781 752.227355957031 755.93603515625 758.647033691406 760.989074707031 763.176574707031 764.944213867188 765.428527832031 766.953002929688 770.28076171875 773.496704101562 778.3193359375 782.459838867188 790.325744628906 793.464416503906 798.157592773438 802.423950195312
667.36572265625 669.5478515625 670.722534179688 673.997924804688 679.363586425781 683.384094238281 684.544189453125 684.710266113281 684.884460449219 684.955688476562 686.300170898438 688.380187988281 689.451232910156 690.419494628906 692.13818359375 694.364685058594 696.759643554688 698.066101074219 701.146240234375 702.530883789062 703.326232910156 705.338073730469 711.889526367188 713.806030273438 718.634460449219 724.390625 728.747314453125 727.898559570312 729.133361816406 733.167602539062 734.679016113281 737.973571777344 743.0166015625 752.537231445312 756.139038085938 758.685180664062 759.8330078125 762.222717285156 763.080993652344 764.320068359375 766.495239257812 769.816040039062 773.665161132812 777.964477539062 781.925354003906 790.074340820312 794.009643554688 799.864929199219 802.981872558594
664.751647949219 667.127502441406 669.315307617188 673.275024414062 680.796813964844 687.416198730469 686.084838867188 683.149780273438 683.352600097656 683.617553710938 684.780639648438 686.600646972656 688.527526855469 690.205932617188 691.674987792969 694.07421875 697.063049316406 697.760559082031 700.367919921875 701.735656738281 702.786682128906 704.750366210938 712.230346679688 714.711853027344 718.581604003906 722.599243164062 726.113830566406 726.241943359375 728.273132324219 732.446533203125 735.504699707031 737.678833007812 741.813659667969 750.079223632812 754.364624023438 756.997619628906 757.622863769531 760.554016113281 761.230285644531 763.198181152344 766.4443359375 769.234130859375 773.366516113281 777.724243164062 781.765747070312 789.428466796875 794.294128417969 799.066528320312 800.619140625
662.98583984375 665.098999023438 668.541809082031 672.839965820312 680.640502929688 688.512512207031 684.692321777344 681.569519042969 682.206970214844 683.007507324219 684.773742675781 686.43701171875 688.3564453125 689.564025878906 690.694030761719 694.00439453125 697.447570800781 697.955932617188 700.178161621094 701.285339355469 702.243408203125 704.369506835938 710.879638671875 714.11376953125 716.991271972656 720.240844726562 723.562744140625 724.849487304688 727.837951660156 731.082214355469 734.921691894531 737.993225097656 741.038696289062 748.439880371094 752.876098632812 754.993957519531 756.15087890625 758.538879394531 760.562744140625 762.908996582031 766.151794433594 768.733581542969 772.739685058594 777.499450683594 781.155700683594 788.640747070312 793.365844726562 797.2587890625 797.881042480469
661.410217285156 664.153198242188 668.329528808594 672.892028808594 678.799499511719 683.597106933594 680.165771484375 679.890319824219 681.079345703125 682.906188964844 684.833435058594 685.86865234375 687.537475585938 688.513793945312 690.236267089844 692.948791503906 696.603881835938 698.174987792969 699.372253417969 699.57568359375 701.1396484375 703.916870117188 709.758239746094 712.642333984375 715.699951171875 720.565185546875 723.528930664062 725.271484375 728.640686035156 730.773681640625 734.319885253906 738.020874023438 741.117980957031 747.667419433594 751.31982421875 754.226867675781 756.546569824219 758.298583984375 760.210083007812 762.376098632812 765.518859863281 768.51025390625 772.541259765625 777.266357421875 780.872253417969 787.917053222656 792.657592773438 796.480590820312 797.056335449219
660.123596191406 664.660705566406 670.221374511719 676.586486816406 679.053466796875 682.513000488281 678.889953613281 679.055725097656 680.150634765625 681.828979492188 683.041320800781 684.547424316406 685.603149414062 687.350036621094 689.483337402344 691.52197265625 695.943298339844 698.343322753906 698.208801269531 698.939392089844 700.73291015625 703.300842285156 710.061645507812 712.814086914062 716.114440917969 720.903381347656 723.961120605469 725.286560058594 728.135925292969 730.931762695312 734.711730957031 738.095703125 741.719177246094 747.145629882812 749.627990722656 752.465209960938 755.553100585938 757.744506835938 759.818115234375 762.059814453125 765.231384277344 768.249877929688 772.115844726562 776.866821289062 781.205139160156 788.011901855469 792.534423828125 795.468994140625 796.759887695312
659.85107421875 665.288696289062 674.547668457031 684.71826171875 683.372131347656 686.452514648438 678.732360839844 679.178161621094 679.920227050781 679.822509765625 680.002319335938 683.107360839844 684.151062011719 686.689453125 688.464721679688 691.031066894531 695.219177246094 697.634521484375 697.19189453125 698.6650390625 700.066772460938 702.027648925781 710.132751464844 713.797241210938 716.290283203125 719.681579589844 723.056762695312 725.212585449219 728.592956542969 731.850708007812 735.271362304688 738.839965820312 742.449401855469 746.62548828125 749.383728027344 752.133911132812 753.982482910156 756.129699707031 759.024475097656 762.036926269531 765.667724609375 767.990417480469 771.798767089844 776.605224609375 780.88330078125 787.795104980469 791.2109375 794.8251953125 797.093872070312
659.335571289062 664.562805175781 676.081359863281 688.816467285156 688.084411621094 692.097412109375 679.980346679688 678.025085449219 678.980834960938 678.528442382812 678.560668945312 681.54833984375 684.277099609375 687.425048828125 687.915832519531 689.693359375 693.161560058594 696.165710449219 696.710510253906 697.848937988281 699.513916015625 701.615905761719 708.693237304688 712.270202636719 715.210815429688 718.901489257812 722.645874023438 726.180847167969 729.457763671875 732.400817871094 735.110778808594 738.764099121094 741.826477050781 746.9013671875 749.549682617188 751.533264160156 753.564147949219 755.738647460938 758.663330078125 761.842895507812 765.801025390625 767.976745605469 771.06103515625 774.902954101562 779.245910644531 786.187194824219 789.658081054688 794.288818359375 798.0595703125
659.004455566406 663.517211914062 672.232238769531 684.090270996094 690.347961425781 693.143127441406 678.419250488281 675.584167480469 676.467712402344 676.876159667969 677.29638671875 681.420715332031 684.233093261719 686.192932128906 686.635986328125 688.208557128906 691.897705078125 695.414611816406 696.060241699219 696.978881835938 698.848876953125 701.076416015625 707.258239746094 711.064880371094 715.096618652344 718.982971191406 723.052490234375 725.984985351562 728.574829101562 732.712890625 735.839050292969 738.533630371094 741.570434570312 746.841857910156 748.27294921875 750.427490234375 753.367248535156 755.506652832031 757.883972167969 761.854248046875 766.2880859375 767.643127441406 770.492614746094 773.636474609375 778.169311523438 784.984130859375 789.685607910156 794.704406738281 798.80615234375
656.677734375 665.340759277344 677.647216796875 690.170349121094 703.80517578125 685.377075195312 678.382141113281 672.512329101562 672.562194824219 673.960205078125 675.667602539062 680.337524414062 680.998718261719 682.468627929688 684.229553222656 685.992126464844 690.383239746094 695.495727539062 695.557189941406 697.538635253906 698.676086425781 700.29052734375 704.467468261719 708.241760253906 711.904846191406 715.045471191406 719.163391113281 723.093139648438 726.609191894531 730.325256347656 735.421691894531 739.355224609375 742.757751464844 746.149475097656 748.202331542969 751.594665527344 753.97607421875 756.762390136719 758.010009765625 761.650756835938 767.373840332031 770.476257324219 770.645874023438 772.474548339844 777.222778320312 784.764770507812 788.327087402344 791.590026855469 795.900939941406
656.025817871094 663.414306640625 674.462219238281 690.881652832031 713.304260253906 693.702087402344 681.235778808594 671.834838867188 671.939880371094 673.456176757812 675.375366210938 678.908386230469 680.299438476562 681.921508789062 683.431091308594 684.698425292969 688.476257324219 693.803161621094 695.236999511719 696.34619140625 697.122619628906 699.100708007812 703.227355957031 707.066711425781 710.283569335938 713.73486328125 717.95458984375 722.560913085938 727.532165527344 731.199035644531 734.17626953125 739.236755371094 742.470275878906 745.920593261719 748.950561523438 750.450317382812 -3.4e+38 -3.4e+38 758.49951171875 762.925048828125 768.024719238281 770.023681640625 770.333862304688 771.981262207031 775.930603027344 783.17236328125 787.501220703125 791.538024902344 795.3671875
653.8212890625 658.876708984375 665.312805175781 679.906311035156 695.690063476562 680.638366699219 673.535827636719 670.396728515625 670.750305175781 672.476196289062 673.99365234375 676.07958984375 678.187438964844 681.052062988281 682.138549804688 -3.4e+38 685.963256835938 689.554809570312 693.258911132812 695.037109375 696.036682128906 697.78125 702.708679199219 706.260375976562 710.052917480469 714.073181152344 717.640319824219 721.616027832031 730.022399902344 734.943786621094 733.4658203125 737.769714355469 741.602233886719 745.214294433594 748.260681152344 749.785827636719 751.351806640625 -3.4e+38 -3.4e+38 763.476196289062 766.957275390625 768.1103515625 769.124816894531 771.391418457031 775.589721679688 783.264282226562 786.408508300781 791.000671386719 794.660461425781
652.750793457031 660.040771484375 664.753234863281 673.281188964844 675.537963867188 667.446411132812 665.916809082031 667.063049316406 667.918762207031 669.664978027344 670.607421875 673.662231445312 676.21484375 678.641906738281 680.136962890625 681.837707519531 684.447631835938 688.503662109375 692.319030761719 694.593566894531 695.644836425781 696.775634765625 702.330322265625 704.812133789062 708.916137695312 713.842346191406 717.480041503906 720.395263671875 728.918151855469 735.960144042969 733.548522949219 736.340759277344 740.658386230469 744.565612792969 746.700866699219 748.731140136719 750.505187988281 -3.4e+38 758.027893066406 762.230651855469 764.248107910156 765.489685058594 767.148986816406 770.281188964844 774.417358398438 784.359130859375 786.173645019531 789.58984375 793.666320800781
650.475158691406 658.543395996094 665.128540039062 674.695739746094 674.128112792969 665.43212890625 663.208190917969 664.791442871094 665.424438476562 667.187072753906 669.25341796875 672.742553710938 674.426696777344 676.241882324219 678.837280273438 -3.4e+38 682.972473144531 687.456848144531 691.336608886719 692.924011230469 694.040832519531 695.631286621094 701.342102050781 703.720764160156 707.468811035156 712.551086425781 716.783752441406 719.25 727.195495605469 736.75390625 734.766540527344 736.516357421875 739.368041992188 742.725341796875 745.084777832031 747.609985351562 -3.4e+38 753.695861816406 758.430114746094 761.602233886719 764.176025390625 764.529479980469 765.944152832031 769.804382324219 774.023071289062 785.685974121094 788.373901367188 790.782592773438 793.298034667969
648.353820800781 657.185852050781 668.748229980469 684.974304199219 682.383178710938 662.770629882812 661.697082519531 663.247985839844 664.722961425781 666.820617675781 669.138549804688 671.054321289062 672.351196289062 674.92041015625 677.987487792969 679.690002441406 681.44384765625 685.452575683594 689.911254882812 691.958068847656 693.240295410156 695.494262695312 700.884094238281 703.088012695312 706.344909667969 711.025573730469 715.6259765625 719.2890625 727.165710449219 735.614685058594 734.828247070312 736.15380859375 738.060791015625 741.648498535156 743.247619628906 746.214599609375 -3.4e+38 758.674987792969 767.057312011719 766.886108398438 766.237365722656 765.188110351562 766.359069824219 769.769165039062 774.307373046875 784.047790527344 788.955871582031 794.025939941406 796.0478515625
647.112670898438 654.361450195312 667.092224121094 685.160827636719 676.618347167969 660.322021484375 659.801452636719 660.608581542969 662.727966308594 664.872619628906 666.864624023438 668.556030273438 670.897888183594 674.032653808594 676.441101074219 677.777099609375 680.090087890625 683.343688964844 687.589904785156 690.902770996094 693.136413574219 696.141174316406 700.147399902344 702.237182617188 706.082946777344 710.511535644531 714.765441894531 720.413818359375 725.578735351562 730.859741210938 733.086791992188 734.644348144531 736.546264648438 742.15625 742.631225585938 744.71044921875 748.463562011719 759.756530761719 775.698120117188 776.444885253906 763.857482910156 764.572143554688 766.51904296875 769.162536621094 774.156982421875 782.472717285156 787.945678710938 794.035766601562 797.212829589844
644.946655273438 652.0732421875 661.559997558594 668.664916992188 661.048278808594 657.334289550781 656.989929199219 658.065185546875 659.840576171875 661.989440917969 664.328125 667.839416503906 670.879577636719 673.080627441406 674.951110839844 675.974365234375 -3.4e+38 681.272338867188 685.21240234375 689.598205566406 692.758605957031 695.604553222656 698.588012695312 701.095764160156 705.617126464844 710.402526855469 715.653747558594 723.442749023438 731.102172851562 732.222717285156 731.771484375 733.136535644531 734.689453125 739.997985839844 741.140502929688 743.327453613281 747.350402832031 759.525268554688 781.521911621094 786.474670410156 769.281005859375 762.609497070312 764.906127929688 768.011474609375 -3.4e+38 781.513916015625 786.150512695312 790.608947753906 795.518615722656
642.639892578125 650.365966796875 667.090026855469 678.67431640625 655.28125 654.792663574219 655.342529296875 656.339721679688 657.688842773438 660.41552734375 662.592163085938 667.312744140625 669.620056152344 670.957641601562 672.686645507812 674.006103515625 676.237548828125 679.390930175781 682.923522949219 687.452819824219 691.377380371094 695.225891113281 697.181091308594 699.914489746094 704.080749511719 709.174560546875 714.47900390625 722.103515625 731.568603515625 732.138793945312 730.079956054688 -3.4e+38 733.180053710938 738.154541015625 739.086181640625 742.006103515625 747.114318847656 758.630310058594 777.176513671875 781.794189453125 766.675170898438 760.711975097656 763.42236328125 -3.4e+38 772.57666015625 780.724609375 784.260375976562 789.452026367188 795.36865234375
642.831604003906 651.828186035156 668.711486816406 682.780090332031 655.009399414062 653.402404785156 653.801879882812 654.886840820312 656.289489746094 658.979919433594 660.887268066406 665.06884765625 666.846923828125 668.920349121094 671.301025390625 672.674560546875 675.231384277344 677.463256835938 680.532592773438 684.547302246094 688.20556640625 693.118408203125 697.044494628906 699.039978027344 703.245300292969 708.733642578125 711.934631347656 717.314331054688 722.955078125 726.675598144531 728.372009277344 730.231262207031 732.44482421875 738.456970214844 739.2392578125 742.206787109375 747.71337890625 754.358337402344 762.249145507812 767.878479003906 764.807250976562 759.853454589844 763.381774902344 -3.4e+38 -3.4e+38 779.914001464844 783.162109375 788.264343261719 792.611694335938
643.43994140625 657.646545410156 671.800598144531 673.159057617188 656.387634277344 653.530578613281 652.0625 653.794250488281 655.028381347656 655.922058105469 658.194030761719 662.313232421875 665.379699707031 667.067321777344 669.779357910156 671.70166015625 673.929138183594 676.421203613281 679.841674804688 683.699768066406 686.383483886719 690.126342773438 696.591186523438 698.096740722656 702.598693847656 708.130981445312 711.312194824219 715.570007324219 719.585021972656 724.097961425781 727.48486328125 729.356079101562 731.938903808594 737.060241699219 738.152465820312 741.899108886719 747.291381835938 752.025512695312 -3.4e+38 -3.4e+38 764.420227050781 759.620910644531 763.899047851562 766.696960449219 769.783935546875 779.198364257812 782.297668457031 785.991882324219 790.938110351562
