rcp8.5models/CNRM-CM5/sc1gr8.38
NCOLS 261 
NROWS 433 
XLLCORNER 336357.134 
YLLCORNER 654653.479 
CELLSIZE 1000 
NODATA_value -3.4e+38 
[rows 66 to 87 of 433, columns 98 to 146 of 261]
56.2051124572754 56.3051567077637 56.4339790344238 58.1167945861816 58.2201461791992 58.3419609069824 58.8158493041992 60.5516128540039 61.6239776611328 62.2288780212402 63.1343002319336 63.9155006408691 64.085319519043 64.8158187866211 66.4571762084961 68.8063888549805 69.2297668457031 69.853515625 70.7889556884766 71.7136154174805 72.9600296020508 73.4003143310547 74.1247940063477 76.5281524658203 77.3609848022461 78.0894012451172 79.7411575317383 81.1573104858398 82.4234924316406 83.2994537353516 84.5852737426758 85.2141799926758 86.1555938720703 87.310302734375 88.2055511474609 90.5186614990234 92.7186737060547 94.5500869750977 95.4613189697266 96.5184326171875 98.225959777832 99.5504684448242 100.408493041992 -3.4e+38 -3.4e+38 103.258522033691 104.73477935791 106.453239440918 -3.4e+38
56.1442108154297 56.2437171936035 56.3434867858887 58.0528182983398 58.1558799743652 58.2592086791992 58.4386367797852 59.5591087341309 60.6386222839355 62.1607475280762 63.0654220581055 63.8461494445801 64.0107040405273 64.6840667724609 66.0662536621094 67.9611587524414 68.2061080932617 69.3900756835938 70.7875289916992 72.0738983154297 72.7821731567383 73.3009948730469 73.7184753417969 75.7538070678711 76.9722213745117 78.2416152954102 79.4509811401367 80.9517974853516 81.4003448486328 82.2707214355469 84.3022689819336 85.0909576416016 85.7046661376953 87.0365676879883 88.0681915283203 90.0616226196289 92.5956954956055 94.5678405761719 95.3407821655273 96.032585144043 97.7598571777344 99.5262680053711 100.410522460938 101.364151000977 -3.4e+38 -3.4e+38 105.143043518066 106.524230957031 -3.4e+38
55.576358795166 56.122615814209 56.2214050292969 57.2438621520996 58.0291404724121 58.1320724487305 58.256175994873 58.7093620300293 59.9629325866699 60.2183532714844 61.9345664978027 63.048641204834 63.9067764282227 64.8202667236328 65.7815017700195 66.5320739746094 67.4999542236328 67.9655075073242 70.5779724121094 71.2464904785156 71.6074676513672 72.5526733398438 73.3600616455078 73.8854751586914 74.83544921875 76.1231307983398 78.7780685424805 79.7725296020508 80.9446716308594 81.3592224121094 83.0812835693359 84.7502593994141 86.087158203125 87.1238174438477 88.7936248779297 90.4572525024414 92.8258590698242 94.6169052124023 95.8216934204102 96.6940765380859 98.7112503051758 99.8701934814453 100.513618469238 101.489013671875 102.640594482422 -3.4e+38 105.635452270508 106.582763671875 108.243934631348
55.2730865478516 56.0630912780762 56.1613883972168 56.6903877258301 57.5341148376465 58.0695304870605 58.1728439331055 58.4024810791016 59.8992462158203 60.0998115539551 61.2290878295898 62.2821311950684 63.4301300048828 64.7544784545898 66.1515808105469 66.396598815918 67.4373626708984 67.8141632080078 69.7925338745117 70.6089706420898 71.1607666015625 72.4315032958984 72.874626159668 73.5150604248047 -3.4e+38 75.593147277832 78.4350128173828 79.3752975463867 80.5333251953125 81.2393264770508 82.6278686523438 84.4728927612305 86.0469665527344 87.0032653808594 88.542854309082 91.019905090332 92.9546813964844 94.9822769165039 95.7326278686523 96.784065246582 99.028923034668 99.6203308105469 100.515838623047 101.478691101074 102.527099609375 104.042465209961 105.676231384277 106.589469909668 107.827713012695
55.2162399291992 56.0043449401855 56.1021499633789 56.8122711181641 57.1937408447266 57.578857421875 58.1109733581543 58.3037719726562 59.4155235290527 59.9693260192871 60.4452743530273 61.8031311035156 63.1205863952637 64.6404876708984 65.8923873901367 66.110595703125 66.9784469604492 67.6408996582031 68.8430709838867 69.7690811157227 70.0880432128906 71.5171661376953 -3.4e+38 -3.4e+38 74.4164505004883 75.3806762695312 78.397575378418 79.3370513916016 80.3389892578125 81.5673446655273 82.4437561035156 84.8509750366211 86.0224761962891 86.9743499755859 88.167236328125 90.4894714355469 92.7946090698242 94.8274230957031 95.7595138549805 97.7689895629883 99.0641326904297 100.122749328613 100.915863037109 101.512809753418 102.688659667969 104.590789794922 105.68830871582 106.65746307373 -3.4e+38
54.4285621643066 54.798225402832 55.380744934082 56.5546073913574 57.1138343811035 57.2730941772461 58.0499420166016 58.2211494445801 59.1085166931152 59.8826141357422 60.1400451660156 61.6692543029785 62.4108238220215 64.5459213256836 65.1238632202148 65.7473907470703 66.6740188598633 67.5472412109375 68.4218673706055 68.8588333129883 69.6182632446289 71.3777923583984 72.5559997558594 73.5970687866211 74.2969741821289 74.8814392089844 78.3572082519531 79.3276901245117 80.2771072387695 81.4389495849609 82.46630859375 85.0868530273438 85.9939041137695 87.0796813964844 88.5983352661133 90.660758972168 92.8332901000977 94.6786651611328 96.3346405029297 98.3752975463867 98.8921737670898 100.361473083496 100.842956542969 -3.4e+38 102.938438415527 105.301727294922 106.091819763184 106.834671020508 -3.4e+38
53.9977722167969 54.5190315246582 54.4729690551758 55.4946594238281 55.9451217651367 57.1773300170898 57.5656280517578 58.1620903015137 59.0484733581543 59.8217391967773 60.0363426208496 61.1534233093262 61.8876266479492 63.8395729064941 64.8768157958984 66.1250228881836 66.558464050293 67.0322189331055 67.8943939208984 68.5606994628906 69.6106643676758 71.5953140258789 72.5266571044922 73.6815719604492 74.2813720703125 75.0186462402344 78.3640975952148 79.2824401855469 80.1841201782227 81.1598663330078 82.4286575317383 85.0608901977539 86.1150131225586 87.5248641967773 89.0467224121094 91.4565582275391 92.7123718261719 94.7260818481445 96.492561340332 98.1279907226562 99.2737426757812 100.272193908691 100.61979675293 101.591743469238 103.063415527344 105.547485351562 106.164939880371 107.206443786621 108.572761535645
53.934196472168 54.2550621032715 54.150276184082 55.0538940429688 55.6559638977051 56.3900947570801 56.614013671875 58.1040000915527 58.9467849731445 59.3464965820312 59.9509811401367 60.8489036560059 61.6815299987793 62.466983795166 64.799919128418 65.9361343383789 66.4647674560547 66.6330413818359 67.1794281005859 68.5071487426758 69.5600128173828 71.5414123535156 72.4328002929688 73.3892517089844 74.2836532592773 75.2454986572266 78.3527145385742 79.249885559082 80.1976470947266 81.2112808227539 82.8085327148438 85.0312805175781 86.1840133666992 87.7658081054688 89.0831832885742 91.7161636352539 92.6856307983398 94.6068878173828 96.1786193847656 98.3577728271484 99.4303131103516 100.039237976074 101.01823425293 101.939010620117 104.05345916748 105.589134216309 106.418388366699 107.39656829834 108.952301025391
53.8679466247559 53.9587326049805 54.0678405761719 55.0228843688965 55.8300552368164 55.9268417358398 56.083625793457 56.9399681091309 58.4176063537598 59.0431480407715 59.8935508728027 60.7428398132324 61.1548881530762 61.8512992858887 64.7083053588867 65.6333999633789 66.4072799682617 66.5406188964844 66.8833389282227 68.4618988037109 69.5540161132812 71.5623397827148 72.8078460693359 73.4175109863281 74.6597442626953 75.1996002197266 78.3073883056641 79.2145538330078 80.1926879882812 81.2332763671875 83.0606079101562 85.1478805541992 86.5613403320312 87.8317947387695 89.2222290039062 90.6281509399414 92.2896499633789 94.5840835571289 95.6227569580078 97.1644515991211 99.0071640014648 99.8741607666016 101.39835357666 102.539268493652 104.755790710449 105.739128112793 106.575561523438 107.201118469238 109.148208618164
53.818042755127 53.9083557128906 53.9992065429688 54.9723243713379 55.7770538330078 55.8736000061035 55.9712753295898 56.1753692626953 57.4613075256348 58.9409523010254 59.3755874633789 60.2170181274414 60.8536605834961 61.7452011108398 63.8727378845215 64.4577178955078 65.9575729370117 66.4860687255859 66.7707977294922 68.0291290283203 69.5326538085938 71.5586547851562 73.104850769043 73.7739715576172 74.5108337402344 75.1648483276367 77.5678558349609 78.807975769043 80.1523590087891 81.1162033081055 82.6757507324219 85.2139129638672 86.8012847900391 87.7805480957031 88.9553070068359 89.8961486816406 91.9571685791016 94.5100631713867 95.2869110107422 -3.4e+38 99.2769546508789 100.277641296387 101.536109924316 102.697731018066 104.431434631348 105.672019958496 106.168739318848 -3.4e+38 -3.4e+38
53.7693138122559 53.8591613769531 53.9495658874512 54.884593963623 55.2772102355957 55.8215446472168 55.9190559387207 56.0431289672852 56.5504951477051 58.2239761352539 59.0449485778809 59.8984718322754 60.7478790283203 61.2571716308594 63.4008598327637 64.1466522216797 65.6005706787109 66.1090850830078 67.1092071533203 67.7369079589844 69.3786392211914 70.8877639770508 73.1048965454102 74.0228958129883 74.6783142089844 75.5476684570312 77.7771377563477 78.9452819824219 80.1252899169922 81.0811386108398 82.4043273925781 85.1781616210938 86.6819686889648 87.3399658203125 88.7931671142578 90.2871322631836 92.0172805786133 94.5326843261719 95.6325531005859 98.0302886962891 99.633415222168 100.618850708008 101.466911315918 102.409812927246 104.48461151123 105.262344360352 -3.4e+38 -3.4e+38 -3.4e+38
53.7218360900879 53.8434524536133 54.3673553466797 54.3863258361816 54.9705200195312 55.7707481384277 55.8680877685547 55.9668922424316 56.2159385681152 57.7240219116211 58.3138313293457 59.4384689331055 60.6625366210938 60.9606666564941 62.9289474487305 63.8414535522461 64.8880615234375 65.856803894043 67.3270568847656 67.6894607543945 69.1983795166016 69.9997863769531 72.6800155639648 73.9516754150391 74.5546951293945 75.7768478393555 77.9987258911133 79.2680130004883 80.5097427368164 81.1741714477539 82.878791809082 85.5548095703125 86.6906280517578 87.4827728271484 88.9884185791016 91.248649597168 92.4682312011719 94.9886474609375 96.0007095336914 98.3130722045898 99.1751251220703 100.148452758789 101.051071166992 102.255912780762 104.672897338867 -3.4e+38 106.434715270996 107.346519470215 -3.4e+38
53.6756896972656 53.7831649780273 54.1178436279297 54.0571556091309 54.4999313354492 55.7212982177734 55.8184432983398 55.917163848877 56.1683502197266 57.6306419372559 57.9597625732422 59.9830551147461 60.6093788146973 60.9103813171387 62.6019630432129 63.5042877197266 64.517448425293 66.2342529296875 67.2777328491211 67.6436157226562 69.2497024536133 70.4735260009766 72.3930816650391 73.8614883422852 74.2718276977539 75.7351531982422 77.8302536010742 79.2107696533203 80.3845901489258 81.2016525268555 83.1845092773438 85.8927383422852 87.1342086791992 87.8290252685547 89.5764999389648 92.1093368530273 92.71630859375 95.755744934082 96.4601745605469 98.6167297363281 99.3625946044922 100.184585571289 100.930404663086 102.536552429199 104.46110534668 105.521659851074 106.436370849609 107.93896484375 111.390571594238
53.6309432983398 53.7194595336914 53.8085479736328 53.9890289306641 54.2107810974121 55.6732902526855 55.7702102661133 55.8688278198242 56.0262565612793 56.7357597351074 57.7964286804199 58.9784622192383 60.557689666748 60.807300567627 62.5568389892578 63.478343963623 64.5132827758789 66.4529037475586 67.230110168457 67.5344390869141 68.773681640625 70.1438217163086 72.2804794311523 73.443717956543 74.1594085693359 75.2511825561523 77.4289321899414 79.1224975585938 80.2017669677734 81.5799179077148 83.0710678100586 85.4871597290039 87.124885559082 88.27587890625 89.8066787719727 92.1163635253906 93.3103790283203 96.0850448608398 96.6195983886719 98.3411331176758 99.6021423339844 100.233261108398 101.296226501465 102.526229858398 104.705604553223 105.841079711914 106.687950134277 108.442810058594 112.053291320801
53.5459785461426 53.653564453125 54.0406265258789 54.8946723937988 55.4871520996094 55.5819435119629 55.6783714294434 55.7766952514648 55.8771667480469 56.093391418457 57.1901817321777 57.796630859375 58.824161529541 60.679370880127 62.465389251709 63.4532470703125 64.7543411254883 65.6880569458008 66.826545715332 67.8284225463867 68.4811019897461 70.1359710693359 71.5696563720703 73.0837020874023 73.8385391235352 74.9709930419922 77.6814117431641 79.9393768310547 81.1189498901367 81.8651657104492 83.4443206787109 85.9119567871094 87.217643737793 88.17041015625 89.7928009033203 91.6765518188477 92.6317367553711 95.0880279541016 96.5529174804688 98.5804901123047 99.1368255615234 100.749755859375 102.063423156738 104.163352966309 105.566795349121 106.708908081055 108.033248901367 110.607009887695 112.623229980469
52.8265190124512 52.9657783508301 53.7247772216797 55.3513374328613 55.4443626403809 55.5388069152832 55.634952545166 55.7330932617188 55.8847579956055 56.4527854919434 56.8511238098145 57.2949523925781 58.2170562744141 59.6265754699707 62.0292015075684 63.4524726867676 64.9163360595703 65.1229705810547 65.9158020019531 67.6728744506836 68.3754196166992 69.7714080810547 71.8027191162109 73.0986862182617 74.0725555419922 75.0674362182617 77.9220581054688 79.8545684814453 80.9413223266602 82.2836685180664 83.5864639282227 85.9496841430664 87.405029296875 87.9091415405273 89.6793441772461 91.379997253418 92.762336730957 95.0015182495117 97.0204162597656 98.3447799682617 99.6368637084961 101.54972076416 103.534400939941 104.757789611816 106.246116638184 106.860427856445 108.393974304199 110.931167602539 112.879264831543
51.9769287109375 52.5217590332031 53.059196472168 54.8896408081055 55.4034156799316 55.4975090026855 55.5933456420898 55.6912689208984 55.9234962463379 57.1263275146484 57.1818008422852 56.9753265380859 57.8312187194824 58.8210144042969 61.7449150085449 63.4130401611328 64.8759994506836 65.0207366943359 65.4536590576172 67.4651489257812 68.7117919921875 69.4250259399414 71.4735794067383 73.4769668579102 74.1216430664062 75.5820617675781 77.8142013549805 79.462646484375 80.8926544189453 82.2343215942383 83.833122253418 85.8370666503906 87.1287841796875 88.1999359130859 89.3541030883789 91.5236206054688 92.7517547607422 -3.4e+38 97.7352752685547 98.6921615600586 100.375617980957 101.992172241211 104.318046569824 105.501808166504 106.526123046875 107.226318359375 109.494987487793 111.408058166504 113.322387695312
51.7014923095703 52.4571380615234 52.5963439941406 55.028636932373 55.3644256591797 55.4581565856934 55.5536727905273 55.6513481140137 55.865161895752 56.9034042358398 56.9813041687012 56.9363250732422 57.7930908203125 58.6348686218262 61.0435485839844 62.857837677002 64.0314102172852 64.9841766357422 65.4204864501953 67.476936340332 69.0121459960938 69.7236022949219 71.2522277832031 73.7114334106445 74.1447296142578 75.8016204833984 77.4604568481445 79.6023635864258 80.8106994628906 81.9696731567383 83.8210067749023 85.8050003051758 86.9361877441406 88.4930267333984 89.5708465576172 91.7909698486328 92.7887954711914 -3.4e+38 98.3098220825195 99.4285049438477 100.934638977051 103.012985229492 104.555603027344 105.78685760498 106.711616516113 107.969047546387 110.548637390137 111.492637634277 114.040283203125
52.0996551513672 52.4247856140137 52.5491256713867 54.0976600646973 54.189640045166 54.3963623046875 55.5656814575195 56.0947685241699 56.226978302002 56.5895690917969 56.6985015869141 56.8444862365723 57.3590621948242 58.5627937316895 60.5965995788574 62.5647087097168 63.9080467224121 65.0208129882812 65.700553894043 66.8455276489258 69.1002731323242 70.4976501464844 72.0094985961914 73.7613220214844 74.4505157470703 75.3557815551758 78.0248260498047 79.8567276000977 80.8322448730469 81.9456634521484 83.8066711425781 85.9148864746094 87.2280502319336 88.1937561035156 89.9303817749023 92.1803588867188 92.9185180664062 97.1113204956055 99.0438842773438 99.8058013916016 101.644302368164 104.163055419922 104.94214630127 106.182968139648 107.160491943359 109.301132202148 110.871719360352 111.880477905273 115.249610900879
52.3117561340332 52.3943481445312 52.5013694763184 53.4042205810547 53.5364875793457 54.271369934082 56.4497871398926 56.7539863586426 56.4473762512207 56.6052322387695 57.0636863708496 56.775074005127 57.0817909240723 58.528133392334 60.5660209655762 62.5741081237793 64.2086181640625 65.4504623413086 65.8675918579102 66.5097808837891 69.5328521728516 70.832878112793 72.572135925293 74.1958084106445 74.8011627197266 75.8632888793945 79.1048355102539 79.8383865356445 80.9335403442383 82.4234390258789 84.1887969970703 85.9599609375 87.6094436645508 88.9430999755859 90.9744033813477 92.5419387817383 93.4841537475586 98.1548461914062 99.0826873779297 100.562347412109 102.868522644043 104.216972351074 105.409881591797 106.762939453125 108.349990844727 110.001541137695 111.15998840332 112.834922790527 116.456321716309
52.2834053039551 52.365894317627 52.44873046875 53.4186782836914 53.948974609375 54.4972724914551 56.533203125 56.9626960754395 56.5188140869141 -3.4e+38 57.7533950805664 57.2226753234863 57.4141387939453 58.1016540527344 60.0532569885254 61.9493522644043 64.2233276367188 65.6844787597656 65.9127044677734 66.9468536376953 69.8478546142578 71.4115371704102 73.6024780273438 74.5185394287109 75.2891387939453 76.5124588012695 79.9704055786133 80.3120269775391 81.3783798217773 82.8801727294922 85.1287841796875 86.4410247802734 88.0311813354492 89.2631607055664 91.7382659912109 93.1972045898438 94.8290481567383 98.5569305419922 99.7625961303711 101.42293548584 103.587898254395 104.452194213867 105.798866271973 107.493255615234 109.543563842773 110.398742675781 111.296714782715 113.383796691895 116.652000427246
52.2970542907715 52.7761344909668 52.4655265808105 53.4181251525879 54.2806396484375 55.4745025634766 56.2594146728516 57.034065246582 57.3818626403809 57.8790321350098 57.1907539367676 57.4854621887207 57.6068115234375 57.8921852111816 60.2085990905762 62.1424903869629 64.060920715332 64.8612594604492 66.0412216186523 67.7803573608398 69.8727951049805 71.780632019043 74.3107376098633 75.0311431884766 75.9862442016602 77.2191696166992 80.0060806274414 81.0259704589844 81.7229156494141 83.370979309082 85.6216659545898 86.7621536254883 88.4775543212891 90.099853515625 92.0994567871094 93.15625 95.1703720092773 99.1985473632812 100.904037475586 102.386436462402 104.051795959473 104.838401794434 106.578262329102 108.818099975586 110.029609680176 111.185157775879 112.010566711426 114.438247680664 116.91015625
