rcp8.5models/CNRM-CM5/sc1gr3.6
NCOLS 261 
NROWS 433 
XLLCORNER 336357.134 
YLLCORNER 654653.479 
CELLSIZE 1000 
NODATA_value -9999 
[rows 308 to 329 of 433, columns 200 to 249 of 261]
236.143779319127 246.081921776002 252.213881807738 251.124942850742 253.56542302823 254.070108287122 253.373117776078 253.596659725974 251.003971240354 244.681136578587 236.032382948851 236.055508514769 237.173860171298 235.157075013345 252.198662912594 253.612686391843 253.759173966359 252.418467896571 254.236823381254 255.142190614498 255.452554184965 252.857812000782 248.128211384528 249.079946105105 253.95728392408 253.530375483653 253.764470548509 253.803786478554 253.573659859756 253.940451511877 254.666143649866 255.140282104327 254.92068080732 254.336046407459 255.400326051346 256.375144383294 256.302630730523 254.161282191851 254.709311488183 255.615398734114 256.141290754997 256.801027316681 257.093296558462 257.159818185951 257.561488812176 257.837942955811 258.281436773434 258.243264398877 258.962586146979 259.151531997011
243.816690888002 247.510235575922 244.434649570414 252.164139883528 253.560190478007 253.396412347964 253.338966356795 251.869184956571 247.204890233248 242.948795912461 236.7730592469 239.093527496006 239.152190314885 235.185291524651 249.089167938515 254.080169158582 254.396189216871 253.371374714653 254.733255150028 255.310132245647 254.285202173673 251.472465192797 250.692381803872 249.098441999491 249.772515827619 254.113034316829 254.300028266761 254.23229767298 254.068619653537 254.627213745019 255.808827754929 255.785628194474 254.691824599314 254.67491358019 255.393722568052 256.303626709665 256.872550776618 255.190411277883 255.917621746805 256.00479274194 256.228809559793 256.751377894897 257.303741411394 257.203021277954 257.460315976209 257.961319040802 258.25187653917 258.697346945148 -9999 259.30281010403
241.303665500334 244.842760430443 238.256705798283 249.477254110031 251.626348447562 253.719016717155 252.308079345779 247.450479562441 242.289305484411 239.634956366144 236.684266405443 238.834151330014 241.586156432744 240.215771539104 247.608173888531 253.736390738533 254.599275793448 254.878050902356 255.360589839181 255.236752718884 253.478639295798 251.735828306731 252.713719535366 250.481577612639 245.604356860099 249.483433001163 255.244580413585 254.79737285677 254.898106191041 255.357217230926 255.843269390069 256.027218406778 254.977987843949 254.963120592869 255.783326499969 256.121744842283 257.279254486403 256.116141842587 256.508129209192 256.303979451823 256.21633477526 256.653219694229 256.800445370401 257.050463355031 257.167969282315 257.577870542365 257.727689276548 258.392467694687 258.74346269536 258.800279847545
238.129625036932 241.935749129866 241.908075434875 248.303054280182 252.281116677297 254.145781199184 252.2879317326 247.546146093642 242.113685156963 240.28844045528 239.109379181769 238.660563640154 240.813432812918 240.628380212645 251.064341574259 253.591221572365 254.265355101707 254.983814641637 255.29811169189 254.658642857315 253.566197696711 253.288478442576 253.597141066176 251.76870772875 244.646381534218 246.509070132597 255.742662693852 255.800582755067 -9999 -9999 256.37431604041 256.569786939963 255.986274953287 255.424948887389 256.149096531814 256.562351032044 257.390293278786 256.562170111795 256.921594111902 256.487763581933 256.826059916767 257.011496456253 256.299744479332 256.572613779365 256.735393276638 256.571300761462 256.826540606764 257.70297903339 258.292166429609 258.593668926126
241.502275886796 244.132446249504 246.552984736316 251.103836382991 253.844428804093 253.51206735824 253.049097531528 250.493474484274 247.570826647943 246.501012452942 245.840333517526 243.908538321818 240.410126637077 240.805728855027 253.51567238263 254.018291679764 254.242975848291 255.044806308374 255.015003383761 254.438733787614 254.132308262147 253.558402078816 252.930390144883 252.612410127684 247.064406720365 247.017469050714 255.369185235124 255.421852422046 255.920116489919 256.611439470112 257.080913985736 256.929864281837 256.254710352698 255.679205351199 256.263092594642 256.904793827437 257.603327403881 256.982107224411 257.190962908953 256.958625579159 257.211233363786 257.240513200921 256.914844361674 256.93931428229 256.878136019735 256.284287401446 256.898977142625 257.402461654217 257.764507501607 258.332424720615
239.657381221359 244.116773037393 249.90840196935 252.723223865593 252.331772059036 251.044934855692 251.99793748619 251.08718823974 247.934935351061 248.641400305533 250.535871628072 248.808898563358 246.9751847221 241.136774552112 247.184691385741 253.662160153089 254.944217059195 255.116148533047 255.462863923511 255.409897946161 254.927825906838 253.87929801571 252.066056488472 254.854920488512 254.05277472364 251.748578592682 254.743849189345 255.205567153369 255.844814571326 256.361837504613 256.83607864267 256.77345391062 256.926976431248 256.051819086464 256.09474404167 256.920548007683 257.128865319902 257.283328561188 257.449631159328 257.83934271359 257.58761351267 257.568895591349 257.469966293142 257.283453063392 257.164676682156 257.178417043727 257.413456670254 257.996027634701 258.249389219079 258.52825196923
236.791683246429 238.998487833808 251.185311614733 252.213013835876 251.245298812326 250.102335444671 250.870294218656 250.492533763907 248.6629591043 251.391515112915 250.82971948554 250.426047936703 251.646471431154 249.696054202676 244.027086896392 253.716004345182 255.122067828609 255.580782009701 255.77692661421 -9999 255.134619596822 254.564139209451 254.353935727512 255.05838790105 255.748369612556 255.520458394495 255.598623552136 256.094499060287 256.398275117833 256.615395652569 256.962291048717 256.951173688 257.101363605082 256.331442995783 256.283941316955 256.648327006297 256.835551266564 257.381514607655 257.538589138838 257.878616808259 257.872658612453 257.905607025595 258.028634214956 257.856132157789 257.565125747732 257.375974544791 257.663616501174 257.96374340523 258.277770438214 258.565536442053
236.997271627271 238.187635709061 250.887464036325 251.091117658178 250.414883927469 250.259954652888 251.271003570224 251.907566515702 251.253906462769 251.922316220316 251.283549526159 251.477475111915 252.151508166529 251.626781869818 248.964448794041 254.313934700036 255.533438873297 -9999 -9999 -9999 255.07167155292 254.805880626257 254.723177044561 255.125245650377 255.864569510141 256.04855908079 256.29991596311 256.607201238875 256.99537430441 257.023650620673 257.171810183236 257.298922303881 257.144046481496 256.634788848506 256.791435033502 256.420312688764 256.326079891801 257.127689325803 257.121612893361 257.631288597505 258.200071567148 258.299943750019 258.410512495857 258.365711285543 258.095877782541 257.765447620412 258.076299793845 257.970426303789 258.368290687795 258.902438518137
239.900539305591 240.256374146228 249.771171266785 250.676728328444 250.177853340236 250.167272189438 251.152303275299 252.316513140967 252.228792205582 252.665991773476 252.51701771002 252.665533029304 252.793383334517 252.018626530539 253.870226468763 254.656733120212 255.82339571908 -9999 -9999 -9999 255.507996259223 255.20002592441 254.695826039941 254.957364240502 255.638886897269 256.315784750349 256.766977408505 256.845535253403 257.234244947396 257.289495240152 257.500568059052 257.482423240536 257.432750145706 257.19269177731 256.943982240386 256.737280167202 256.144474485525 257.12994692464 257.306673907984 257.967165452425 258.265968333239 258.337121193438 258.409640311047 258.387112258981 258.24727725856 258.048855762736 258.251725438488 258.06628098825 258.404836944756 258.967296190518
240.97807854552 239.475326136994 247.973236407956 250.86392298579 249.906316336183 248.789287507668 247.3352555447 249.738871903161 251.946694534965 253.060810871152 253.401474129863 253.308215657521 253.307652680358 252.395594165819 253.399892453376 254.130364255783 255.338770524801 255.842676488463 -9999 256.258854095951 256.1638818581 255.26009473031 254.265456648218 254.62642370336 255.368612246847 256.236958615228 256.779372911762 256.510083966718 256.793027901538 257.000047570563 257.28637905717 257.384789572806 257.255120058095 257.578518773696 257.426189241775 257.211347861411 256.254355423379 257.42395330524 257.798883143124 258.273577453598 258.345803554228 258.337019395871 258.312979163162 258.366232151764 258.533034037441 258.170804945749 258.193819160255 258.122202597451 258.693846298295 258.915179543029
243.144683570987 243.828325724098 248.477644389772 250.349824076088 248.663427463166 247.423201107333 243.741997878536 246.048956030225 248.641572515199 252.157244258562 253.256698006129 253.456798107917 253.846504830527 252.895469362557 253.406951693226 254.125657851182 254.973075759429 255.434031160798 255.477364294336 256.062363192013 256.400235487134 255.213945214008 254.404927168043 255.007928855117 255.620792926305 256.059519294045 255.408663005951 254.153293021182 256.353923232199 256.691569439682 257.32330546113 257.466388248119 257.179984806475 257.66984361058 257.914460365255 257.884634926248 257.044591146399 257.454693983469 257.933985236241 257.870456997143 257.918173148247 258.243349260981 258.317981955597 258.34116942955 258.698007347327 258.227168773417 258.192968668789 258.170164963432 259.054258658248 259.039325731486
243.971320554406 249.085289967794 250.60367546705 249.974586925433 248.072780960611 247.570205874752 245.590734022489 244.269357889624 246.807319843693 251.509863368509 253.291665537222 253.555338636608 254.289652637698 253.730008707788 254.349478519378 255.03224808174 255.371434948096 255.467462627793 255.543170026986 256.330609717253 256.616295852342 255.767652955877 255.279468948531 255.656358379872 255.916452472993 255.925124500635 251.272554156127 253.494894572123 255.714736997839 256.502368579737 257.287410620134 257.097333813241 257.352563255636 257.587533458516 257.651919855158 258.250696434261 257.800707106128 257.40284053452 258.007379161181 257.954488407407 257.669708450465 258.405908248976 258.653193311455 258.942557023868 259.022903935295 258.541251929972 258.191830881777 258.167802100484 259.421485140508 259.061699513452
246.679914300843 250.042260568898 251.188593859366 249.634768775829 247.645534498735 248.433409086555 248.502785574177 245.711123067799 247.416845329208 251.470466821399 253.307426681959 253.921951941786 254.406735816076 254.242805003176 254.930351447187 255.777268707315 256.279228465194 256.013133855209 255.201565355978 256.331708480671 256.778284865242 256.582983542145 256.293269335082 256.369477377595 256.293093887877 255.769390316649 251.980533628099 254.81851716728 255.515583415409 256.348243516463 256.783663932658 256.695175137548 257.311120284279 257.380515519884 257.413422270819 258.222327876359 258.048181390117 257.895697121472 258.244126519031 258.347811918566 258.13271142057 258.474557737864 258.50271498641 258.747235205744 258.884842467468 259.128628251403 258.813972957132 258.416921643976 259.451534232683 259.571939760971
250.597766652579 251.413007346237 251.806622489763 249.777896361689 247.942763344503 248.26299139401 249.801698968691 248.665567184415 247.4759793035 249.150976649146 250.127869099884 253.6002919699 254.811219558891 254.68422684167 255.365106229563 255.8256082234 256.107154677814 256.516129669066 255.744503749362 256.465790246084 256.950788043566 257.174050018239 257.216061798526 256.995633897173 256.513887760209 255.822922484067 255.081262645085 255.563949782645 256.179786412526 256.283048633156 256.63640351488 256.841743623789 257.407268687838 257.478430354201 257.282307258921 257.600323515354 257.442088643248 258.550328390609 258.605572576134 258.584331805867 258.486117891312 258.391676371254 258.312035190572 258.259963096747 258.536497794135 259.230323406784 259.234608564983 258.455625833646 258.71647243222 259.676245813626
251.358500816261 252.050170671189 252.236865013286 247.751397832251 241.65982722771 249.064508724054 250.608459162242 250.848010401712 249.543196014594 248.763131729548 248.609293078349 254.086012216187 255.228476516608 255.314349339392 255.685096648123 255.819886685268 255.042286737907 256.880707479167 256.863039877117 256.812609892774 256.867184079099 256.97922693252 257.455829146895 257.293697536735 256.56683190959 256.255917004891 255.504851121345 255.829803135488 256.629274310933 256.713848328173 256.942141566587 257.205893444913 257.561722257229 257.989778084152 257.765376489956 257.769106166113 257.780856603956 258.751010327757 258.6942068118 258.446392172275 258.369969052357 258.358855159201 258.62706007138 258.829957847348 259.048359091757 259.427989853139 259.292628105099 258.865434386839 258.712905282241 259.347241392036
251.152481670295 252.488971199004 250.990556946239 236.178595903824 227.813371321782 242.697977977003 251.10020043961 251.851707929914 252.161228745228 251.529537132581 251.391828836747 254.449514958963 255.065891512216 255.533339110583 255.226338009838 255.648133037783 254.90318801274 256.445666565098 256.724935332979 256.249107574268 256.275172709684 256.490173684702 257.080164051078 257.524688670104 257.125031931454 256.776775321783 256.09375785454 256.144654809695 256.278667715574 257.166911944985 257.433080326643 257.62299570331 257.656978621183 257.80103317573 257.814645208249 257.953323018255 258.298052618323 258.465490043841 258.403163380724 258.180155414014 258.31349923818 258.288208488643 258.661373913208 259.254080405652 259.412334000576 259.550504132584 259.606936867508 259.317796909056 259.067462547642 259.301238043042
250.938404549301 251.613356757013 245.611978501272 221.396997189102 216.198486407969 230.454946183015 246.841298601041 252.485807635031 253.185057653812 253.035871689208 253.456855211646 254.530775636667 255.119454063245 255.006876570003 254.487016048035 255.408703973907 254.90972878095 255.522642322599 255.859058859273 255.780439038289 255.832556205384 256.163920626733 256.845189229722 257.422589793456 257.657890171206 257.340681023592 256.989557973036 256.69445102182 255.876407193563 257.003928038565 257.415016551115 257.839775550153 258.086146381962 257.836445893007 257.677884481803 258.019994023574 258.245163091454 258.319783390613 258.313169392687 258.610479533834 258.480817207923 258.431467999868 258.533496469678 258.807361284972 259.147434670723 259.417313954864 259.536570032177 259.260976180537 259.459509939872 259.579884541917
252.483357516836 252.837607212074 245.843898235459 224.85613248527 211.977853740738 209.517664546853 215.353684249169 242.79326659834 253.106844098087 253.485728957072 254.142009439835 253.985109721569 253.213330550456 252.205693206747 254.955687214331 253.618614078053 253.508074179503 254.829513455069 255.471247699111 255.81480213159 255.970769489485 256.101880201288 256.887272654387 256.941259305662 257.389153963236 257.384928205815 257.973518274943 257.537586015307 257.187381988096 257.666937978288 257.481402606302 257.77361013497 258.585913643221 258.608779962208 259.011339552086 259.008842603281 259.178513175715 259.039311246966 258.445223321444 258.758387865382 259.220685307501 259.039225012236 258.405368866262 258.907659450946 258.698967060772 258.826145432491 259.183276883357 -9999 260.146956583367 260.260544644036
252.897291707637 253.531348434392 248.406356731337 233.7865892718 224.710008990256 213.191722585889 210.761197966355 237.916339961129 251.9943344702 253.575571443596 252.732652387926 247.861601409319 251.131098867928 247.581913965706 254.562277477717 253.534073238416 253.295415276188 255.177796829294 256.05132609233 256.105431400945 255.648583346653 255.545360526871 256.653286061566 256.88547545078 256.911937618571 257.033966157329 258.027541673015 258.087691800413 257.555012180705 258.092913881432 258.053153470724 257.864257662505 258.231070437218 258.519337091124 258.985134551454 258.798491281113 259.32621918809 259.299635327968 258.855462265318 258.873180975232 259.063149264562 258.769646064166 258.886650117344 259.31638242216 258.937535071459 258.557145320028 258.709646463605 259.078466680188 259.606519509768 260.106352094178
252.879103607235 253.580070515577 251.610811585019 239.039047854627 229.228524422921 213.660238217707 209.369706548984 233.698026116598 250.768436848002 252.328213518708 246.467887434506 244.454150413596 252.2816658858 250.049801175587 253.921423817277 252.426956390404 249.798540444023 254.552114114127 256.067063340376 256.585247421618 256.198290954389 256.049298403345 256.834796724137 257.345761858908 257.041932133702 257.214464594026 257.863852170562 258.17309471479 257.949836699934 258.328452420252 258.565382869699 258.415103705787 258.283653573066 258.346634489829 258.666274149983 258.198109634159 258.870566117982 258.849568707976 258.913785015548 258.803952525095 258.87180138224 258.974443050709 259.23814606704 259.373251409679 259.310588000541 258.984508388851 258.799901254065 258.568246982546 259.28108339071 259.701790262103
252.512261011156 253.816509295337 253.678703181776 236.422117291422 227.011512662994 215.74387436749 213.233438023614 237.48691490147 251.452497825365 251.770119164784 245.985830251611 249.297216106758 253.672225569487 253.861283853156 252.780006333745 252.475419369258 249.552798226664 252.509753023839 256.372046897218 256.814539754801 257.06484101708 256.979437979765 257.221035392679 257.709769159247 257.798228712071 257.62470605321 258.212389052928 258.332399489136 258.364447136724 258.5443379064 258.701330457321 258.568773984069 258.668805679996 258.723545778739 258.364413827053 258.057878790598 258.388149940273 258.010664165193 258.484579612187 258.730073498105 258.875476952219 259.207968103562 259.217284808692 259.289737598722 259.381798410949 259.431370083512 259.29410964455 259.214890627147 259.321170838292 259.212568577604
252.516321310627 253.458886575623 253.728862153974 239.925627160988 232.55669532135 227.195164098945 225.060426959172 242.544098422609 251.930389477247 252.377796422703 250.769923994341 252.840388285751 253.429726528202 253.643290617648 252.929154018138 253.889216752369 253.160100608885 253.754279468452 256.705168763949 256.80084365127 257.319394271358 257.095526065433 257.398087087527 257.872256040753 258.322117082436 258.098432572191 258.473210008533 258.381660686343 258.358213210602 258.489699686767 258.149797525532 258.07600980738 258.304312432798 258.256919749114 257.669762738049 257.678462918186 257.72328251411 258.049917100822 258.298690767543 258.70452446285 258.7572258497 259.12454156291 259.24813506925 259.510458859348 259.659186757189 259.674028160895 259.481946661508 259.629452789172 259.132874486221 258.933581267305
