rcp8.5models/CNRM-CM5/sc1gr6.4
NCOLS 261 
NROWS 433 
XLLCORNER 336357.134 
YLLCORNER 654653.479 
CELLSIZE 1000 
NODATA_value -9999 
[rows 352 to 373 of 433, columns 200 to 249 of 261]
1328.17930785652 1324.77776483115 1327.40501551221 1317.95204411264 1304.13427243949 1299.15991113054 1296.87282003618 1296.72935027865 1294.01436839583 1293.96656248863 1291.70491976078 1289.40517706141 1286.43304623917 1286.84388423047 1287.64781946903 1290.18933122722 1289.89453405005 1302.21003999907 1310.03202991395 1291.42213042262 1292.79526824616 1290.95501027042 1293.45318005347 1296.45396276644 1300.37941680944 1294.53852111352 1285.65953910414 1283.80639911003 1285.71511438128 1285.07680900894 1289.87599863669 1296.79960069795 1297.55260343447 1294.51410465675 1302.27716924059 1298.9751377887 1289.6713508957 1288.4343617927 1285.84426678479 -9999 -9999 -9999 -9999 1294.23886226225 1291.48436008632 1295.85067696745 1293.53877752101 1289.4689090262 1281.70754870113 -9999
1318.48448283854 1314.98089177858 1313.43635463754 1302.92458262104 1298.97894937385 1294.38200754193 1292.72385689119 1295.86450516869 1292.53146665911 1292.29736252477 1287.20261833767 1287.48903585283 1281.59367135254 1280.47232075269 1279.35859066966 1280.15956875005 1282.00206466958 1291.26533779914 1296.55585280784 1282.75770448157 1282.15559330208 1282.21519218063 1281.96775328297 1284.89610979821 1287.91959503245 1284.93283680841 1279.40928617312 1276.53771207696 1278.12975558218 1278.08067266903 1283.16550118279 1288.95372501283 1286.72678748088 1286.23638908753 1290.69445388561 1291.61535968891 -9999 -9999 -9999 -9999 -9999 -9999 -9999 1290.42409650206 1284.31714504383 1284.44776021679 1285.36720712626 1282.9616009812 1279.28046063338 -9999
1306.22911369248 1302.92963190902 1308.74240447115 1304.72280989865 1298.63315392233 1298.16354794566 1294.28673994309 1294.29470010246 1291.43070479753 1289.4229020328 1284.14687826527 1282.01478933614 1275.94702530119 1274.74823699658 1272.50197503952 1270.38176158105 1274.31147170312 1278.97181598124 1278.70109297808 1275.10828994556 1273.0889159788 1275.84622679398 1275.44661583524 1273.95930365606 1276.23297465912 1276.39708562823 1273.96414611066 1270.34041315692 1271.9123463073 1271.34943119608 1276.36553563443 1281.12377056526 1277.24912038684 1279.47772477705 1284.3038426913 -9999 -9999 -9999 -9999 -9999 -9999 -9999 -9999 -9999 1281.57502667184 1276.15352694425 1273.99133588771 1275.3638027086 1272.76177531047 -9999
1293.76639374375 1294.7411577531 1302.18188359093 1307.28301756868 1303.50284104817 1296.17173046456 1291.71558752599 1288.61691300072 1288.9771482358 1284.65203555677 1280.49715425182 1276.41358468904 1273.06224218765 1273.00193277197 1267.08760738478 1264.13362704014 1267.43825198294 1270.73888018874 1269.58005843288 1266.42582688282 1265.84258374591 1266.75121148067 1268.94639309409 1267.04621534826 1265.58550380594 1268.60174319344 1268.66715847259 1266.48577419601 1264.58945971614 1264.11171104156 1268.2356116694 1273.39865091076 1273.36245915728 1271.38779610947 -9999 -9999 -9999 -9999 -9999 -9999 -9999 -9999 -9999 -9999 -9999 1272.4145523086 1268.51967226974 1269.15460338807 -9999 -9999
1286.36299962919 1287.87655448993 1291.82055200356 1299.62811970042 1305.34286209883 1293.08521733288 1281.96567767527 1279.00371584434 1282.89361029258 1283.31608094645 1279.63609724649 1274.67678485658 1272.58613671219 1276.33929766866 1265.65283338988 1261.03190223362 1260.89688117471 1263.64761407476 1261.55355205616 1259.68707224503 1259.23070154168 1258.89759443737 1258.96825622941 1259.63600861925 1258.06990860899 1259.4371435497 1260.67423797636 1259.19071617129 1258.48183718018 1259.98705680729 1259.60727985368 1263.47073218384 -9999 -9999 -9999 -9999 -9999 -9999 -9999 -9999 -9999 -9999 -9999 -9999 -9999 -9999 -9999 -9999 -9999 -9999
1279.41558891883 1278.5032310873 1282.72651669349 1282.82213955917 1291.77192508022 1285.81610306405 1272.24043405185 1269.55037567329 1273.55566429086 1276.28160746359 1274.58674609905 1274.25069661528 1274.63339986484 1275.8163553585 1264.88345409699 1258.98950284402 1255.12753009645 1255.51891844561 1254.11890456619 1253.22005693267 1253.81392328143 1252.20053912198 1252.11990272382 1253.33957520447 1252.61918660469 1252.33264990434 1253.71621489302 1253.37258942846 1252.81960400627 1254.42574622055 1253.13641677652 1256.13660139954 -9999 -9999 -9999 -9999 -9999 -9999 -9999 -9999 -9999 -9999 -9999 -9999 -9999 -9999 -9999 -9999 -9999 -9999
1270.37152512893 1270.10903381503 1276.11847464583 1268.62525806513 1273.8983680926 1273.25099010884 1265.95255862442 1262.35441390433 1263.96177270145 1265.81762707754 1264.22975541793 1268.6372155574 1271.45320895263 1268.61267594119 1258.30825014551 1254.13836246001 1253.13123988529 1251.08392946047 1250.21551923961 1248.89952298783 1251.83026189406 1247.59485220918 1251.00523642036 1254.85230341111 1248.1789643965 1249.5174857284 1249.84196891283 1250.01245490424 1246.83909489815 1248.24214876853 1246.96732261167 -9999 -9999 -9999 -9999 -9999 -9999 -9999 -9999 -9999 -9999 -9999 -9999 -9999 -9999 -9999 -9999 -9999 -9999 -9999
1260.5390894963 1260.52365211499 1266.585170472 1258.32438470291 1264.70026504112 1264.61182677794 1258.64399194971 1254.85612043941 1255.39316853616 1258.25182537067 1253.94399602623 1257.46797751552 1261.70637374252 1261.67965631535 1252.2543368663 1250.18570580408 1251.3216711293 1248.30283669195 1247.48808438455 1250.18036333059 1249.75716194721 1248.68538774438 1251.08997821331 1256.97121737936 1245.91382755588 1248.64860680957 1246.34238682963 1244.19747555843 1243.93652655522 1241.76422838424 1241.11342465063 1242.48721288807 -9999 -9999 -9999 -9999 -9999 -9999 -9999 -9999 -9999 -9999 -9999 -9999 -9999 -9999 -9999 -9999 -9999 -9999
1243.38764105238 1240.30482822186 1241.40187436965 1238.76282170839 1243.30732546296 1249.03467369212 1244.09407157923 1237.24440417334 1238.64115946856 1241.5498711685 1238.86123607471 1238.25761738717 1243.00716644696 1248.31201976778 1256.3121723715 1245.58981619068 1244.72979549762 1247.09792244898 1260.72507398517 1270.05623563028 1252.36253115622 1251.53534219752 1249.39678055104 1246.4575760176 1241.48063893782 1242.318252094 1242.20431692174 1243.7828023307 1234.83155554236 1231.56223424749 1228.11578467395 1227.91794540522 -9999 -9999 -9999 -9999 -9999 -9999 -9999 -9999 -9999 -9999 -9999 -9999 -9999 -9999 -9999 -9999 -9999 -9999
1239.29005325584 1233.82669391977 1229.25674371849 1229.01959047608 1233.41005345803 1238.5130352331 1231.86828870162 1231.97373416741 1250.91171569097 1254.13879472173 1231.64626045352 1228.9193258922 1235.02410766513 1241.90262093684 1251.34265973862 1243.25515911747 1242.34611137124 1255.37515165561 1283.18701951712 1289.12445680078 1256.78893028229 1243.81796767443 1237.2458532532 1234.09131087052 1234.20381443606 1235.02578524628 1239.3765312323 1238.03141281231 1230.26125250132 1225.55835488521 1224.31721018759 1225.07252883008 1221.72696991124 -9999 -9999 -9999 -9999 -9999 -9999 -9999 -9999 -9999 -9999 -9999 -9999 -9999 -9999 -9999 -9999 -9999
1237.17790481038 1231.10205522056 1222.46281708148 1222.52743140492 1223.57589362569 1226.2752945259 1222.28864034876 1223.78917269064 1246.94450882514 1263.19784035418 1222.28367431685 1219.88882987571 1226.13001531063 1233.65201779287 1243.81366595921 1242.53059566134 1241.7667123973 1253.83260560105 1272.8061259552 1269.00986283498 1263.11697906923 1237.91450193215 1227.81712543212 1226.19790277793 1225.56248156098 1230.8272202074 1233.01976340554 1231.65437085197 1225.20069656592 1224.06966119748 1223.01688738123 1219.01507066802 1215.58535219648 1217.8031550668 1218.78116359557 1217.92400580877 1214.96751163015 -9999 -9999 -9999 -9999 -9999 -9999 -9999 -9999 -9999 -9999 -9999 -9999 -9999
1228.98828674825 1226.19858212182 1218.62123899839 1215.69242044759 1214.35695181913 1217.8951747887 1217.26122136305 1213.71898364313 1217.93646528783 1231.81331844393 1213.75515112719 1213.42980874006 1219.19770057213 1224.19137862544 1231.02952384763 1234.97285102615 1240.05675167118 1245.53999197075 1247.8218578243 1239.21700415633 1247.42960286684 1227.8753971552 1221.99000778208 1219.44887765648 1216.87008965671 1224.46472235498 1222.77224539968 1224.7872337308 1223.12208304609 1219.37020192685 1215.63127125241 1209.97500766821 1209.80690775536 1212.09376285127 1212.15528045494 1210.03660372411 1209.24094611053 1213.21293857734 -9999 -9999 -9999 -9999 -9999 -9999 -9999 -9999 -9999 -9999 -9999 -9999
1213.89039510615 1214.97989647523 1211.39415931236 1206.71992599837 1205.33653515078 1209.86275838624 1214.67849399227 1216.50663380709 1209.13564150503 1204.7080756727 1205.37588549901 1208.1904595371 1212.95941219807 1215.10976735479 1217.99457752876 1225.86981837098 1233.04068574538 1237.6954605346 1234.74093139964 1226.54910346597 1225.07341567865 1217.50672594133 1214.65143077812 1211.51154706783 1210.09523933769 1214.51655501658 1211.83350817827 1215.02285085502 1216.94383834273 1213.79907233759 1208.2411298262 1204.49859975262 1205.51531168782 1204.88271919914 1204.91248750981 1204.20048813902 1206.35309689718 1206.38291604696 1206.2871230742 -9999 -9999 -9999 -9999 -9999 -9999 -9999 -9999 -9999 -9999 -9999
1201.74369435674 1203.9610357359 1204.18468212331 1198.64206266103 1197.57870988563 1201.20908657254 1205.50206182308 1207.61508295454 1201.35618772533 1198.74386405704 1197.62258947772 1203.38334246671 1203.90069971868 1206.58268151091 1215.39267759514 1218.29433335758 1222.85921708648 1227.55581518267 1224.96096983983 1220.03292087146 1216.2645787995 1212.2136648236 1209.93615453359 1206.73419312981 1203.79269298417 1204.74892650528 1202.151667109 1205.82474993012 1207.51479334889 1208.36070895593 1202.37076935318 1197.56235850295 1198.12410359638 1197.06753613605 1199.055174562 1200.27373968957 1199.16813766049 1199.27858983903 1198.55700060803 1200.32871348807 1202.43885160817 -9999 -9999 -9999 -9999 -9999 -9999 -9999 -9999 -9999
1196.51985931253 1195.06302941918 1195.05457267938 1191.17964567502 1189.35092526653 1191.17403041136 1191.37501798195 1190.62798362008 1188.70653278901 1189.69720564356 1189.57793548797 1196.79553505616 1194.17180598049 1199.52427844983 1213.32872175108 1209.7241731627 1212.89061698745 1216.15145870221 1217.29001657955 1214.10217786371 1212.4346235941 1212.54916944229 1213.28141137733 1210.33290829945 1210.63838176581 1195.85456337128 1196.06079659323 1196.6078334235 1197.10913334554 1198.52253675243 1196.47116475083 1191.26761541671 1190.83770134043 1190.5082847587 1192.81591970411 1193.87959185256 1192.59830575494 1193.07203210449 1192.39667827792 1194.8445948531 1193.12268264668 -9999 -9999 -9999 -9999 -9999 -9999 -9999 -9999 -9999
1190.34993928796 1185.85401060327 1183.57579772374 1186.2161624655 1182.87961002649 1182.25550613077 1181.66183531582 1181.94681655545 1181.44597534097 1181.66845056989 1182.28487806693 1184.82592374256 1186.02196450881 1194.52595268844 1207.26978167314 1200.57695562595 1202.55635912833 1204.98656902589 1207.36149292182 1204.97504600429 1204.53100187878 1209.91493910736 1211.62249368841 1207.44266409994 1207.58651380489 1191.41298289393 1190.67432301838 1189.02312055323 1186.98043977229 1188.95518625216 1191.5882092142 1194.10558004248 1184.69226805625 1185.58600281361 1186.7012334579 1188.20113695921 1186.94460103107 1187.97178130398 1188.27267687256 1188.36339573648 1186.70026055751 1189.72778126337 -9999 -9999 -9999 -9999 -9999 -9999 -9999 -9999
1182.53228240616 1181.02329504944 1175.83244976566 1178.01812475984 1177.79796086101 1178.13883472985 1176.05621887053 1173.58103517748 1175.77286370507 1175.56695899316 1175.74731014776 1176.0335040931 1180.79742067949 1187.40968585152 1198.88932681376 1195.00200334388 1193.49890469342 1196.20021756068 1199.1647759992 1195.69681844483 1192.44085964422 1201.87393334125 1206.90878684942 1199.97567202393 1191.44505800009 1189.42673221468 1189.78865805031 1185.52763414512 1180.1944258151 1180.14378343438 1189.80204326666 1187.7468754051 1181.2579514068 1184.09458482022 1184.34475157303 1181.87545828481 1181.74448645465 1180.92051530821 1181.57732631711 1181.88264214516 1183.09358647116 -9999 -9999 -9999 -9999 -9999 -9999 -9999 -9999 -9999
1178.09114645344 1177.34480027084 1173.05166418101 1166.59106581272 1170.15521990033 1171.91286966988 1169.26306022921 1168.89679876244 1171.00247655613 1168.71140311755 1167.30982217203 1169.61654900891 1174.28506591758 1178.85219811735 1190.47937512874 1188.58662437583 1186.04649835699 1192.77803008474 1191.93532833658 1188.76740265257 1185.84497975911 1191.48776769711 1192.89252721162 1188.61409504475 1181.47918394794 1183.98126375265 1185.50494149129 1179.80474422365 1175.04057334012 1174.33898214303 1181.31813867434 1177.77002698549 1180.26132154415 1182.513963362 1179.21240558113 1176.49429883418 1177.86685852756 1174.50990279301 1175.73353024299 1174.82942482518 1177.92812406748 -9999 -9999 -9999 -9999 -9999 -9999 -9999 -9999 -9999
1169.67968509301 1167.70652871008 1169.64012108731 1160.40252339353 1160.16985992633 1159.80831883062 1161.08546849665 1163.51109210984 1165.81931910029 1161.57788377246 1159.33131672415 1161.89401783819 1166.55547955357 1170.62256394024 1179.45536414004 1178.96176318385 1178.55637411134 1186.56349858758 1181.37328099316 1178.84537018324 1178.15527362276 1176.61190993181 1175.20176789334 1176.2274940728 1175.64484136494 1178.42584913825 1175.55208789422 1171.54747556412 1168.77610574073 1167.93697415064 1168.97225766005 1172.6259194242 1174.70394517946 1176.31183571478 1173.31650559515 1171.0326331163 1172.29397651092 1168.64944481181 1170.23181601592 1170.79268042197 -9999 -9999 -9999 -9999 -9999 -9999 -9999 -9999 -9999 -9999
1145.14104002767 1146.25774761827 1151.25591154267 1152.26719913165 1148.02755958286 1147.40243911847 1147.84142298035 1146.89394194522 1146.31553778271 1146.0398846214 1146.53517938958 1150.15410783027 1153.31001684956 1156.01517212472 1158.73291738804 1163.39359823039 1164.68159371204 1165.73377227843 1163.66189229142 1164.17320302363 1163.64023200895 1162.33767192242 1160.84942349344 1159.05559550208 1160.68745690773 1162.24694773312 1158.76029837264 1160.87220024552 1158.76049007461 1156.00508059973 1158.13773004492 1158.4453425392 1161.92024676549 1161.33492194066 1163.67152787589 1165.81476076707 1163.28883332149 1162.14115285513 1162.06595752844 -9999 -9999 -9999 -9999 -9999 -9999 -9999 -9999 -9999 -9999 -9999
1134.35724795175 1137.76789703106 1142.8296874666 1147.28270325464 1142.23853896663 1140.71757424262 1142.44083472367 1139.18806647255 1139.33532209362 1138.1799429088 1141.6067104945 1144.8532743274 1148.59653020676 1150.5405284939 1150.60912169098 1154.59043114037 1155.38505715849 1156.98378855149 1157.43288318883 1156.82439445023 1157.55704023523 1153.97533958699 1155.07554507584 1153.17815593937 1151.98090601189 1153.45430745288 1153.24198014334 1153.03620993361 1154.09362975289 1151.43560469862 1150.39731415569 1152.42216300388 1154.56336449709 1156.13701876962 1158.37792075197 1163.90588861013 1159.65295226333 1157.87682897357 -9999 -9999 -9999 -9999 -9999 -9999 -9999 -9999 -9999 -9999 -9999 -9999
1129.6606302699 1130.18933626929 1134.36326300681 1138.61924712296 1134.58635283691 1132.10374250825 1134.44542977366 1131.65768539207 1131.75892835056 1132.0375447696 1133.38239327445 1137.45208798624 1143.38912009959 1145.76676507106 1144.77998509293 1145.23494723909 1146.20228221625 1150.27655811353 1152.30161766805 1151.29585820711 1149.53787133589 1147.91251873181 1148.95323717877 1147.80852765043 1146.83578457241 1146.76994575859 1146.92783079592 1143.90050105959 1146.34731032502 1147.32564596503 1146.39411050331 -9999 1149.32230826356 -9999 1154.00258407627 1162.5107444669 1158.10369912727 -9999 -9999 -9999 -9999 -9999 -9999 -9999 -9999 -9999 -9999 -9999 -9999 -9999
