rcp8.5models/CNRM-CM5/sc1gr0.32
NCOLS 261 
NROWS 433 
XLLCORNER 336357.134 
YLLCORNER 654653.479 
CELLSIZE 1000 
NODATA_value -3.4e+38 
[rows 352 to 373 of 433, columns 147 to 195 of 261]
84.5778579711914 84.7618713378906 83.7284088134766 81.1602249145508 80.7921752929688 80.6549682617188 80.6269836425781 80.8132781982422 80.9600067138672 80.7891464233398 81.3737258911133 83.7940063476562 85.369873046875 86.1412963867188 84.3453369140625 82.2995452880859 82.1187362670898 82.9972381591797 82.9195175170898 81.9518661499023 81.6537475585938 80.9957580566406 81.8033905029297 83.0144195556641 82.4612426757812 80.5268783569336 79.4464645385742 79.1019897460938 78.9516296386719 78.7382354736328 78.5826416015625 78.4388885498047 78.2753753662109 77.9020156860352 77.7620849609375 77.8052520751953 77.7975845336914 77.4661102294922 77.2346649169922 76.998908996582 76.7068252563477 76.460693359375 76.1578826904297 76.1037521362305 76.1457290649414 75.8376770019531 75.9531478881836 75.9144897460938 75.8488311767578
84.893424987793 84.7196197509766 83.2020568847656 80.7309799194336 80.3906021118164 80.3131561279297 80.4221496582031 80.4425506591797 80.4030532836914 80.5375289916992 80.8171844482422 81.7239608764648 82.7628707885742 83.4984130859375 82.3105087280273 80.7883605957031 80.8313446044922 82.4047012329102 84.2659454345703 82.6793518066406 79.9459228515625 79.5543746948242 80.7115859985352 81.0873947143555 81.0607376098633 80.0859680175781 79.1050567626953 78.8024291992188 78.7062683105469 78.5390930175781 78.3421401977539 78.1811981201172 77.9749984741211 77.6271514892578 77.5763778686523 77.5609970092773 77.4389724731445 77.2316513061523 77.0462112426758 76.7124404907227 76.4807434082031 76.2565612792969 76.0168914794922 75.919677734375 75.8721694946289 75.6842498779297 75.6576232910156 75.6637115478516 75.6237258911133
84.7670288085938 84.1406555175781 82.1565399169922 80.2536239624023 80.0727081298828 79.9954681396484 80.0603485107422 80.08837890625 80.1964874267578 80.2606582641602 80.3149490356445 80.3188095092773 80.5493850708008 80.6796417236328 80.4651031494141 80.305305480957 80.1462326049805 80.5567169189453 81.7977600097656 81.2910995483398 79.8135833740234 79.083251953125 79.20947265625 79.2530899047852 79.1262359619141 78.7846298217773 78.6477813720703 78.5028991699219 78.436149597168 78.2691879272461 78.0356903076172 77.7624282836914 77.5701293945312 77.3706359863281 77.3498687744141 77.2882232666016 77.0698471069336 76.9346771240234 76.8015899658203 76.518424987793 76.244987487793 76.001953125 75.8352890014648 75.8400955200195 75.6875686645508 75.4072875976562 75.4031143188477 75.5216522216797 75.3389892578125
84.6767272949219 83.9877395629883 81.8191452026367 80.0870590209961 79.9098358154297 79.8416137695312 79.8410263061523 79.8960952758789 79.9608154296875 79.9729614257812 80.0099182128906 80.0157623291016 80.361083984375 80.7940444946289 80.9824523925781 81.0611038208008 79.6078872680664 79.4759521484375 79.3118438720703 79.734130859375 80.0359954833984 78.9361343383789 79.1977233886719 79.2653656005859 78.860725402832 78.3852462768555 78.3355255126953 78.1783218383789 78.0577621459961 77.894416809082 77.7955703735352 77.4689483642578 77.2420425415039 77.1614456176758 77.1756057739258 77.260612487793 76.8020324707031 76.6548309326172 76.5151672363281 76.3030776977539 76.02734375 75.6810913085938 75.5067520141602 75.5604858398438 75.3787078857422 75.1111373901367 75.148307800293 75.3833389282227 75.3608856201172
84.7833404541016 83.2927551269531 80.7884826660156 79.8978042602539 79.7855529785156 79.7058334350586 79.7471237182617 79.7559814453125 79.6859283447266 79.6837615966797 79.7655715942383 79.8374404907227 80.2430877685547 81.2015533447266 81.2520904541016 80.6539001464844 79.5145416259766 79.3972702026367 79.1651382446289 79.2490386962891 79.2816009521484 79.3151168823242 79.6261291503906 79.0630569458008 78.8309936523438 78.435661315918 77.9944000244141 77.8412628173828 77.6751861572266 77.5660018920898 77.5505142211914 77.2464218139648 76.9432754516602 76.9226150512695 76.9185943603516 77.0445327758789 76.606201171875 76.4413299560547 76.3090667724609 76.0366973876953 75.7493133544922 75.3855056762695 75.2081909179688 75.1814575195312 75.0738677978516 74.9200286865234 74.9983749389648 75.0931701660156 75.1711654663086
84.0839691162109 81.0669021606445 79.5139389038086 79.5874557495117 79.604866027832 79.5166778564453 79.6383514404297 79.6471633911133 79.5626907348633 79.548210144043 79.6432876586914 79.4257431030273 79.703987121582 80.3497085571289 80.0775909423828 79.3322219848633 79.50634765625 79.3470840454102 79.0212097167969 78.6367111206055 78.4304656982422 79.2383728027344 79.8603973388672 78.614128112793 78.4224166870117 78.4375534057617 78.0009765625 77.5293807983398 77.3760528564453 77.3085479736328 77.298225402832 76.9476776123047 76.7346649169922 76.5524673461914 76.5259780883789 76.5483856201172 76.3564224243164 76.1190872192383 76.0026168823242 75.8414764404297 75.5583877563477 75.2968673706055 75.1181793212891 74.9774856567383 74.8397903442383 74.8105773925781 74.8036346435547 74.6948394775391 74.7521362304688
82.5487976074219 79.4312591552734 79.1812438964844 79.258659362793 79.434326171875 79.4882431030273 79.5597686767578 79.6079483032227 79.4822311401367 79.4409103393555 79.4640808105469 78.9717025756836 79.0364379882812 79.0582733154297 78.9554672241211 78.921257019043 79.0817260742188 78.9909896850586 78.749153137207 78.32373046875 78.046257019043 78.3802185058594 79.4032211303711 78.308219909668 77.8540115356445 77.9728927612305 78.0544967651367 77.201042175293 77.093620300293 76.9848175048828 76.9700012207031 76.751350402832 76.6072158813477 76.1767349243164 76.299919128418 76.3110961914062 76.0658798217773 75.7464294433594 75.6375045776367 75.6806259155273 75.5031051635742 75.3311233520508 75.0040893554688 74.6991424560547 74.5533599853516 74.6581878662109 74.5499725341797 74.5673294067383 74.58056640625
80.4199447631836 79.0125732421875 78.9473571777344 79.0250396728516 79.2159881591797 79.2672805786133 79.2851943969727 79.3481521606445 79.2493743896484 79.1793365478516 79.119758605957 78.7526092529297 78.8188781738281 78.8811721801758 78.6543045043945 78.6196060180664 78.6971435546875 78.5788955688477 78.4072723388672 78.064338684082 77.8993225097656 77.8364791870117 78.2764892578125 77.6122283935547 77.4284896850586 77.5133056640625 77.5525436401367 76.8808364868164 76.7443695068359 76.7538070678711 76.6073150634766 76.5049133300781 76.2253112792969 75.9436950683594 76.1679992675781 76.1162719726562 75.7348709106445 75.6416931152344 75.4344940185547 75.5608825683594 75.4218139648438 75.1875152587891 74.8857269287109 74.6119232177734 74.3827438354492 74.4238967895508 74.3995666503906 74.3722915649414 74.3350372314453
78.650749206543 78.5341110229492 78.5221176147461 78.5245971679688 78.4776763916016 78.4320831298828 78.6110534667969 78.7040100097656 78.6745223999023 78.6026992797852 78.5900344848633 78.1635284423828 78.1055908203125 78.2548446655273 78.3600692749023 78.2841720581055 78.2097854614258 77.9512405395508 -3.4e+38 77.630859375 77.4297332763672 -3.4e+38 76.9510879516602 76.9133682250977 76.8721084594727 76.7861404418945 76.5435638427734 76.4369049072266 76.3295974731445 76.3398056030273 76.1327056884766 75.9438934326172 75.7527618408203 75.6929092407227 75.7865905761719 75.7754592895508 75.4366149902344 75.0384063720703 74.9605178833008 75.0483627319336 74.9600982666016 74.7522430419922 74.5917282104492 74.2755661010742 73.9627151489258 74.0185546875 73.888313293457 73.9571533203125 -3.4e+38
-3.4e+38 78.2439498901367 78.1903076171875 78.227180480957 78.3167266845703 78.2651596069336 78.3376388549805 78.3863143920898 78.2614822387695 78.177619934082 78.2207107543945 77.9617614746094 78.0124969482422 77.9656219482422 77.8510665893555 77.9006576538086 77.9086837768555 77.7622680664062 77.5910949707031 77.3565368652344 77.3514251708984 77.1071624755859 76.6550140380859 76.5469207763672 76.4509048461914 76.3827743530273 76.264274597168 76.055061340332 76.0142135620117 76.087890625 75.8951110839844 75.8471908569336 75.5675201416016 75.4480514526367 75.5666580200195 75.4427108764648 75.0901489257812 74.8472137451172 74.7695465087891 74.6373825073242 74.6542663574219 74.5464477539062 74.3680953979492 74.1659469604492 73.8336791992188 73.7828674316406 73.6132736206055 73.6397552490234 73.5838317871094
78.0329742431641 77.9276580810547 77.9200897216797 77.9908294677734 78.0613555908203 78.0412902832031 77.9507064819336 77.9755477905273 77.8750610351562 77.7806091308594 77.8481826782227 77.6065063476562 77.6725997924805 77.6393432617188 77.481559753418 77.5588684082031 77.7060241699219 77.6158218383789 77.4853210449219 77.3203506469727 77.2888107299805 76.979133605957 76.37060546875 76.2470550537109 76.15478515625 76.0431213378906 75.9159927368164 75.6683502197266 75.6947784423828 75.6766967773438 75.5429992675781 75.5073471069336 75.3172607421875 75.2458419799805 75.1919784545898 75.0315704345703 74.7967300415039 74.659065246582 74.4605484008789 74.2953338623047 74.2315292358398 74.1986389160156 74.1443328857422 73.9945755004883 -3.4e+38 73.4240798950195 73.4530487060547 73.3972854614258 73.2779998779297
77.6908645629883 77.6578216552734 77.7137832641602 77.7434768676758 77.7574234008789 77.7148590087891 77.6326293945312 77.621223449707 77.6017456054688 77.4932861328125 77.504753112793 77.2084426879883 77.2315444946289 77.1722793579102 77.1954193115234 77.3559494018555 77.4069747924805 77.3448944091797 77.3625259399414 77.4142837524414 77.1183853149414 76.7327194213867 76.2537155151367 76.0760192871094 75.9136123657227 75.7338714599609 75.5204849243164 75.3115921020508 75.376350402832 75.2776565551758 75.2076797485352 75.149658203125 75.0368423461914 75.1273803710938 74.9124450683594 74.7685775756836 74.6085510253906 74.3729248046875 74.2469482421875 74.0788269042969 73.9020080566406 73.8291778564453 73.8460845947266 73.7503967285156 -3.4e+38 -3.4e+38 73.3336410522461 73.2151489257812 73.0772476196289
77.3903503417969 77.4453506469727 77.5458145141602 77.5303573608398 77.5598220825195 77.3725051879883 77.3473968505859 77.3454742431641 77.2606658935547 77.1788177490234 77.1473388671875 -3.4e+38 -3.4e+38 77.0107574462891 77.0895233154297 77.1550903320312 77.051513671875 77.0595016479492 77.1718826293945 77.542610168457 77.2139739990234 76.5015563964844 76.2430801391602 76.1278762817383 75.8127517700195 75.5481567382812 75.3091354370117 75.0165405273438 75.0357894897461 74.9912109375 74.9684371948242 74.8569641113281 74.7210693359375 74.793083190918 74.7396240234375 74.6144104003906 74.4015808105469 74.1511306762695 74.1464691162109 73.9675750732422 73.7604370117188 73.6229934692383 73.4881744384766 73.5056381225586 73.3672485351562 -3.4e+38 73.1519317626953 72.9282302856445 72.8531646728516
77.1739730834961 77.2092361450195 77.2766571044922 77.3103179931641 77.3773956298828 77.2591934204102 77.0893249511719 77.0995635986328 77.03076171875 76.9435806274414 76.7500915527344 76.5665283203125 76.7295455932617 76.8788299560547 76.9300918579102 76.7872314453125 76.5720748901367 76.7474746704102 76.7522506713867 77.1297378540039 77.2396774291992 76.3596878051758 76.0735778808594 75.9284210205078 75.6437149047852 75.2943954467773 75.0610656738281 74.888801574707 74.8374252319336 74.7395935058594 74.6703262329102 74.5882873535156 74.5002136230469 74.5069732666016 74.5484161376953 74.4674530029297 74.1914978027344 74.0470962524414 73.9098892211914 73.7339401245117 73.6189270019531 73.45947265625 73.2311553955078 73.1775360107422 73.100944519043 72.8578262329102 72.7810134887695 72.6119003295898 72.5353012084961
76.9576797485352 76.9883270263672 77.0187454223633 77.063720703125 77.1046371459961 76.9877166748047 76.8020935058594 76.8152313232422 76.801399230957 76.6700210571289 76.4229888916016 76.5035400390625 76.6111831665039 76.5374603271484 76.3965835571289 76.3219833374023 76.1600875854492 76.419807434082 76.3451766967773 76.4126434326172 76.6965484619141 76.2583312988281 75.6810607910156 75.4616317749023 75.2584762573242 75.0128784179688 74.8127212524414 74.7738647460938 74.6810913085938 74.5170440673828 74.384162902832 74.3495712280273 74.2206039428711 74.2026519775391 74.3061065673828 74.1443023681641 74.0492630004883 73.8484191894531 73.5709381103516 73.4479827880859 73.3828964233398 73.2151870727539 73.0056762695312 72.828498840332 72.794807434082 72.6238098144531 72.5392684936523 72.4213104248047 72.3034820556641
76.7266998291016 76.7422180175781 76.6853408813477 76.7012405395508 76.8134460449219 76.6194000244141 76.4880828857422 76.4719161987305 76.3895034790039 76.2896423339844 76.2087707519531 76.2047653198242 76.2426300048828 76.1686630249023 76.0111923217773 75.9243850708008 75.9730377197266 76.0818176269531 75.9619598388672 76.0250701904297 -3.4e+38 76.0849990844727 75.4905319213867 75.3064804077148 75.013542175293 74.8506698608398 74.7218704223633 74.7003555297852 74.5785598754883 74.3904342651367 74.1866226196289 74.0868988037109 73.8569183349609 73.893180847168 73.9737701416016 73.7862854003906 73.7821807861328 73.5703201293945 73.3073806762695 73.2732772827148 73.1057586669922 72.9398193359375 72.8122406005859 72.6049346923828 72.5923080444336 72.3584976196289 72.2818908691406 72.1969223022461 72.0695037841797
76.392219543457 76.3188781738281 76.2572708129883 76.2508316040039 76.4619064331055 76.3327178955078 76.1301574707031 76.0486526489258 76.02197265625 76.0046997070312 75.9505310058594 75.8633499145508 75.9289321899414 75.8977966308594 75.8249740600586 75.749870300293 75.772590637207 75.7550582885742 75.5933685302734 75.6026840209961 75.8549423217773 76.3415679931641 75.2769927978516 75.1594467163086 74.9900741577148 74.9398422241211 74.7938690185547 74.5862655639648 74.4109039306641 74.1642837524414 73.9120559692383 73.7421951293945 73.6541290283203 73.6435546875 73.7109146118164 73.5980453491211 73.4961853027344 73.379035949707 73.1850280761719 73.0679397583008 72.8394622802734 72.673942565918 72.5678482055664 -3.4e+38 72.3367919921875 72.0940246582031 71.9242324829102 71.9433059692383 71.8378067016602
76.1196823120117 75.9997253417969 75.9669189453125 76.0683822631836 76.147819519043 76.0487899780273 75.8544692993164 75.7220993041992 75.7353210449219 75.7070999145508 75.592643737793 75.57861328125 75.6311721801758 75.5715026855469 75.4573669433594 75.4948883056641 75.3797760009766 75.2771377563477 75.3091201782227 75.3728256225586 75.6292266845703 76.1348724365234 74.9649429321289 74.9128875732422 74.9014053344727 74.8929138183594 74.7509155273438 74.4463729858398 74.1345977783203 73.783332824707 73.5843505859375 73.5092010498047 73.5112380981445 73.412727355957 73.3838119506836 73.342529296875 73.2595748901367 73.146110534668 72.9988479614258 72.7820510864258 72.6370391845703 72.4897079467773 72.2603073120117 72.0935363769531 72.0193939208984 71.8180618286133 71.7221527099609 71.7081832885742 71.6883392333984
75.8069152832031 75.7026443481445 75.7416610717773 75.8775253295898 75.9217529296875 75.886962890625 75.6668090820312 75.4756698608398 75.3527603149414 75.3129653930664 75.2936630249023 75.2657318115234 75.318115234375 75.2860870361328 75.1718292236328 75.0853729248047 74.955078125 74.9460067749023 75.0939712524414 75.0781784057617 75.0769348144531 75.2859191894531 74.8098297119141 74.6308898925781 74.5785598754883 74.5668563842773 74.5076217651367 74.2249603271484 73.8249130249023 73.5213012695312 73.4285278320312 73.3014831542969 73.2322311401367 73.2830429077148 73.0859451293945 73.0639343261719 72.9624786376953 72.8682479858398 72.7352828979492 72.6298370361328 72.4541702270508 72.317985534668 72.0881042480469 71.8389129638672 71.7960510253906 71.5528335571289 71.5420913696289 71.3917846679688 71.3388442993164
75.1393280029297 75.1276016235352 75.2779083251953 75.2893981933594 75.1944808959961 75.219352722168 75.2320175170898 74.8889846801758 74.7144088745117 74.6862716674805 74.6444854736328 74.6971435546875 74.7209930419922 74.6638946533203 74.5755615234375 74.2385559082031 74.3018646240234 74.5465698242188 74.5981140136719 74.4830017089844 74.3331451416016 74.3405075073242 74.2807388305664 74.1723098754883 73.8839645385742 73.961669921875 73.882453918457 73.6994705200195 73.4036865234375 73.2780609130859 73.1253890991211 72.8373336791992 72.7267837524414 72.7006683349609 72.5707778930664 72.4202346801758 72.1603393554688 72.1716232299805 72.1719818115234 72.1856079101562 72.2339019775391 72.0258102416992 71.7759246826172 71.5160598754883 71.3280029296875 71.232063293457 71.1058654785156 70.9580917358398 70.8819274902344
74.8841400146484 74.8836898803711 74.9327011108398 74.8879547119141 74.924072265625 74.9192199707031 74.9532699584961 74.7579116821289 74.5074691772461 74.276741027832 74.2369384765625 74.4124069213867 74.3550338745117 74.324348449707 74.2512664794922 74.0927810668945 74.1844711303711 74.2927322387695 74.234001159668 74.0993347167969 74.0680770874023 73.9319839477539 73.78515625 73.8218154907227 73.5558090209961 73.6684417724609 73.5823593139648 73.5033950805664 73.1405258178711 72.9139785766602 72.7442169189453 72.4865036010742 72.3761138916016 72.5420913696289 72.2392425537109 72.0288009643555 71.7910690307617 71.8863830566406 71.9365997314453 71.9193572998047 71.9898834228516 71.8435363769531 71.6364593505859 71.4903869628906 71.2508926391602 70.9357681274414 70.8516998291016 70.7458648681641 70.6803588867188
74.4799270629883 74.4846954345703 74.4684295654297 74.5111083984375 74.6690521240234 74.645263671875 74.6594467163086 74.5576248168945 74.3088760375977 74.0420913696289 73.8703460693359 74.0298919677734 73.9062881469727 73.9430541992188 73.8156051635742 73.9074249267578 74.0835647583008 74.0086212158203 73.894645690918 73.7446670532227 73.7853317260742 73.5932846069336 73.4113922119141 73.322639465332 73.2381210327148 73.2718963623047 73.2834320068359 73.2594909667969 72.9309692382812 72.6221466064453 72.3938751220703 72.1476745605469 72.0787200927734 72.2576217651367 71.956413269043 71.6865158081055 71.656982421875 71.6277008056641 71.6313781738281 71.7150497436523 71.6917114257812 71.5067443847656 71.4756774902344 71.3706588745117 71.1207427978516 70.6919555664062 70.681022644043 70.5967178344727 70.5006866455078
