rcp8.5models/CNRM-CM5/sc1gr7.2
NCOLS 261 
NROWS 433 
XLLCORNER 336357.134 
YLLCORNER 654653.479 
CELLSIZE 1000 
NODATA_value -9999 
[rows 374 to 395 of 433, columns 50 to 99 of 261]
-9999 -9999 64.9138059044248 64.8348587760164 64.7352835817152 64.6513098582608 64.4180600473609 64.2468987726093 64.1801370541239 64.1286683061719 64.0283099728246 63.9569950806859 63.9373922281502 63.7740984898408 63.6870005659111 63.4933809790605 63.330339853933 63.2548664785613 62.7354930534581 62.517475786328 62.810522240873 63.0178907611638 62.8319319169178 62.8747084154094 63.0854719727505 63.1498320886297 63.108179951433 62.5892624560448 61.4883723320999 61.3442196013236 62.0152171171598 62.6888229264648 62.8171825233006 62.7513586539747 62.5634997049101 62.3292846724495 62.1630100865978 62.1934748926187 62.2166615674169 61.968524005449 61.5185899281554 61.5326213783052 61.6374108454704 62.6003314399032 62.7669972448706 63.1930038265696 63.7539820496482 63.1263409595322 62.4221003947522 62.2924159511077
-9999 -9999 64.6388636651506 64.4954444061549 64.4100973487784 64.2907528127331 64.1019153978256 63.9879399209881 63.933007920509 63.8489854574556 63.7174635753532 63.6599212240242 63.6193682129983 63.4759604934145 63.400937893977 63.3081524128217 62.9958500591544 63.0422499416188 62.6295444441434 62.5469535440395 62.7488372634039 62.471995555136 62.1914414598688 62.4875409198722 62.7550139040138 62.8237472757612 62.8001385161435 62.6706783261055 61.1747742151586 61.3437015421453 61.713804067376 62.146122449371 62.4141011398113 62.4424182273985 62.2995073893475 62.101803812427 61.7575599936269 61.7579714109179 61.8846528570906 61.6986262606765 61.332402983235 61.4590866554967 61.5489987131167 62.59438678162 63.6028942454038 63.0680517294119 62.9823913408637 62.9975522134154 62.3813084516844 62.0954881182926
-9999 -9999 64.2434966030113 64.1834882069426 64.058941014603 63.9467092607976 63.7986350559211 63.6871942953007 63.6121521579132 63.5207731306952 63.4566146392515 63.3847181425609 63.2735708210346 63.0838172721026 62.8544038382279 62.7165113229114 62.529036804994 62.1433806474578 62.3645707780935 62.231946031447 62.2513574355132 61.944802446495 61.6980804298519 62.1960524729674 62.4340520121698 62.4382555396546 62.4737534013902 62.4350168794231 61.3353011088873 61.3296864264395 61.4259578700475 61.7747178656887 62.1139062439423 62.0282935814345 61.8978631199602 61.8716654124578 61.624502137064 61.5100731486289 61.5821986860244 61.5010581826582 61.1552130485032 61.8328889416285 61.8879032293352 61.9287655426723 63.3085108661979 63.5326118567785 62.7154803111123 62.563851130827 62.77430289111 63.0776897229224
-9999 -9999 -9999 63.9064008952971 63.7246541281992 63.627520599895 63.4684132833095 63.3907058400046 63.3137810791383 63.1746358903386 63.1102471487012 63.055534963648 62.929386142684 62.7746532576498 62.3856025774356 62.2412258045927 62.1442002276725 61.8312244875118 61.8476966707689 61.693177154766 61.7760098736605 61.6174633485058 61.3088215511217 61.6521852593145 62.023505888446 62.0883187789307 62.1308243907337 62.1173521632479 61.782895523394 61.5979303374765 61.5036265197533 61.6512641239894 61.7993304146105 61.6473992149595 61.6368259298202 61.6396738672499 61.5057816457645 61.3082528286517 61.2977173896585 61.3304070426254 61.0738756345471 61.468458039485 61.5009579152073 61.5177161463065 62.3931357589533 63.9181695324508 63.9011568388827 63.0677582177012 63.3815563100825 64.1415420274283
-9999 -9999 -9999 63.5160035214813 63.4198667040757 63.338015899691 -9999 63.090558912048 -9999 -9999 62.8170610921203 62.7179602911806 62.5834719765913 62.4786472311652 62.2811806265494 62.0975150860447 62.0243147039373 61.9593152157413 61.3910845780943 61.0642184310009 61.3991691747949 61.6109651171927 61.2518420051309 61.3367993071026 61.7008015921473 61.7804366647336 61.8050502054277 61.8119322307978 61.7450305995259 61.7274624273378 61.3893118816623 61.3481111814359 61.4803910650258 61.4053488442666 61.3391463443505 61.3496380672456 61.2522397859672 61.0333322232546 60.9010352738843 60.9892927172296 60.9890787987861 60.903611601989 60.8353884280735 61.8566074024683 62.2503420844232 62.8488361179802 64.3386357289494 63.5553234238194 62.8500634735121 63.9180346142765
-9999 -9999 -9999 63.2311992414169 63.1342444215174 -9999 62.8556326389131 62.7684181130537 62.6593057616792 62.5668631186625 62.5027574274237 62.4164119387121 62.2842554617805 62.1678612769049 62.1381946396556 62.0033042613083 61.8355637813816 61.7512570407095 61.2037551713036 60.863755242165 60.9572596818508 61.3043399937881 61.374119629404 61.2745662624188 61.3746347050493 61.4646261795349 61.5159036134361 61.5217807392143 61.443176919572 61.3582108947985 60.9815359953229 60.7073334433389 60.9021831007881 61.0357944730075 61.0465831380711 61.0912195439238 61.0244505479756 60.8536526671446 60.6706879348896 60.6986348948183 60.7249299565755 60.6496636980854 60.7259963257359 61.4272873742593 61.4025778712185 61.0321065821954 62.427300284892 63.5833956987944 63.4843900852711 63.5287455106992
-9999 -9999 -9999 -9999 62.91783878886 62.7513926359535 -9999 62.3968839037743 62.3046384219378 62.2255804563147 62.1435588868022 62.0689256993693 61.9777192169741 61.9057926620062 61.8592911133811 61.7835114652052 61.6086861499986 61.3009545465221 61.0647410664702 60.7377675762225 60.4225714768145 60.5952772067572 61.0121818815797 61.1457385601466 61.1730453928322 61.1875249294435 61.2088621081428 61.1923470515975 61.1168587989019 60.958428056464 60.7387972061254 60.3054672311148 60.2761235267252 60.5681144502652 60.6112187624992 60.6737941189511 60.7523209587241 60.68751281792 60.577002016164 60.4874899157291 60.611918088555 60.3914834782053 60.4029017273955 60.4996822689108 60.6249649331044 60.7497092274992 60.9059323915213 62.0265558123608 63.0194759750741 63.3116103793323
-9999 -9999 -9999 -9999 62.5058702478329 62.4563846651133 62.2151020863246 62.1003820298833 61.9734524493754 61.8983086449122 61.7988428336465 61.7214895719457 61.6662839991425 61.5949225339514 61.526296315333 61.4739891209859 61.2901867077354 60.7953087513148 60.5245869436595 60.283776487772 60.0374427730292 60.1602853037781 60.4084260385241 60.7885012544134 60.917133531003 60.8674804416569 60.8846239490357 60.8755591743351 60.7457073632882 60.6211206982416 60.444420153524 60.2616797546514 60.042350062349 60.2627950203902 60.2112840464101 60.318759805953 60.5359455237424 60.527628532095 60.3969303114837 60.2209319939665 60.3568326329272 60.2952656634078 60.2362832688138 60.3606688103662 60.5569561937169 60.6902271309303 60.4630348118848 60.4623427142842 61.1253210140499 62.982305049934
-9999 -9999 -9999 -9999 62.2240351982224 62.0930641536024 61.8806726165277 61.8317148490058 61.6885933459219 61.5692474670766 61.4887243261836 61.4084022969523 61.3603401746068 61.274772851963 61.1834159596268 61.1126619464658 60.9869558246989 60.5062700055707 60.1446202477559 59.9234559531036 59.8892067531537 60.0381344063051 60.1367876850041 60.4100851440401 60.5611830430418 60.5643585934675 60.5787293214293 60.5584165290192 60.4563281748171 60.2613591635374 60.076922044561 60.0531157003227 59.855476518043 60.034815960323 59.947362512877 60.0414453721503 60.2934416521249 60.3287369318469 60.137616464714 59.9298400617704 60.0653542639181 60.2076433850684 60.2535747514074 60.3218540939653 60.3879086416271 60.3932889831027 60.3047016209929 60.1947109205712 60.2936436086454 61.3838192343447
-9999 -9999 -9999 -9999 -9999 61.5352202665644 61.2515352625446 61.1902380459952 61.0795815619566 60.972862685863 60.9302227349162 60.8285342231327 60.727065834482 60.6077281305217 60.5394037506908 60.4607849493329 60.3979076041322 60.3569778867883 60.2742291583038 60.1931881461536 60.1467261853658 59.9497700773287 59.7619446111419 59.8066071488888 59.9576220461788 59.9904823240293 59.9591110442368 59.9204632574876 59.9286693303219 59.5556861781826 59.4468827788609 59.5058268734118 59.360249239564 59.3771797696787 59.3298692711173 59.3268358870604 59.5311733088797 59.7498861530616 59.8348797924269 59.7111194201031 59.6579746289073 59.7170827460278 59.7357929637059 59.6671178968462 59.7601674230637 59.8660970343495 59.8851344044503 59.9783867346018 60.0165598243488 60.0712188679989
-9999 -9999 -9999 -9999 -9999 61.1730860476766 60.9534173115928 60.8819668342225 60.7656729770762 60.6967747445726 60.6217706017796 60.4921763772036 60.3752836337136 60.2869556630751 60.1765642092273 60.1279699184936 60.0716777966772 60.0445418748925 59.9386008230112 59.8701788262027 59.8296368432679 59.7670395485119 59.6871464419634 59.6665406028287 59.6951149997235 59.7061856480385 59.6545573086423 59.608203915291 59.6374200258541 59.4190731340841 59.2839420456203 59.2321653020494 59.0429624839386 59.0391101499521 59.0866415796446 59.3080231664598 59.3486360815123 59.3281025266993 59.4615970337032 59.5247275817631 59.362684441539 59.3774030811428 59.5370337793851 59.4986903099276 59.4890004713333 59.539138419852 59.5847455846099 59.7128467684963 59.7782547328028 59.7349136296419
-9999 -9999 -9999 -9999 -9999 -9999 60.7163254536769 60.5903874342109 60.4684366266131 60.3807834796368 60.2783200585325 60.1690238247222 60.040187795502 60.0072079768169 59.9270514230448 59.8345318189821 59.7924788281055 59.7624296963163 59.6383700699029 59.499417978877 59.4218342790506 59.432184723221 59.4534849113271 59.2750099378168 59.1835156385937 59.2674067372433 59.3182733975233 59.3138447428574 59.3137480354479 59.1802510360569 58.9363826629188 58.8409171835971 58.7578743638962 58.7172732474177 58.7635915852934 58.9967252451031 59.0348836481295 58.9503120529112 59.0606924633591 59.2186886700905 59.2076156426893 59.1371670244571 59.1614881774237 59.2013848081454 59.2337388794162 59.2282735606201 59.2865903021415 59.411580211561 59.5334183853949 59.6046104007836
-9999 -9999 -9999 -9999 -9999 -9999 60.4389678048621 60.3233156361812 60.2242339724574 60.1100884225986 60.002584908095 59.8987783407249 59.7743378039146 59.701507928202 59.6656380081574 59.567442584973 59.4981662893182 59.4604639759168 59.3467258294436 59.2189189642014 59.0966830532733 59.042154049532 59.0869674641501 58.9417961557562 58.9111599028134 58.9465991711899 58.9969037753053 59.0281762802575 59.0138889757068 58.9281762585959 58.6803257494416 58.5781560501122 58.6127578197635 58.5304783667606 58.5772756119322 58.6639721827258 58.644778671703 58.6578199734828 58.7500692284098 58.862731793798 59.0387063673131 58.9478035137987 58.8418387588713 58.8604230734867 58.9521300686099 59.0077124538592 59.0332423625035 59.3364882311829 59.412792163805 59.3655704073039
-9999 -9999 -9999 -9999 -9999 -9999 60.1637712316889 60.1039021110564 59.9962705808913 59.8862963964211 59.7415707451465 59.6238111936746 59.5409723137729 59.4564779308596 59.3829658887743 59.2782853578341 59.1760038093082 59.1485791271697 59.074476289049 58.9820558885405 58.8889636004848 58.7592650130209 58.7178413791651 58.7451692797476 58.6729434626147 58.5616268804016 58.6044737497943 58.7232005402015 58.7295548233883 58.7207664823758 58.6198327462983 58.4594048096432 58.4205118389868 58.3402568689621 58.3520347138958 58.4934464792172 58.7598595946709 58.6626740371804 58.5323046570626 58.5593007584969 58.7289772215425 58.7315860099057 58.614885071265 58.6011302940975 58.6570509875179 58.7412793384419 58.7929725019801 59.279108677952 60.0941123798745 59.7461311299729
-9999 -9999 -9999 -9999 -9999 -9999 59.9588973815139 59.8608350460848 59.7391409043608 59.6498732676966 59.5263686271889 59.4198364374347 59.3456413264087 59.2321673434807 59.1422590337959 59.0218507478985 58.9047085441501 58.8548166148948 58.799941923046 58.7065509210869 58.6381856336277 58.5804560813847 58.3894315844776 58.4008017988154 58.3291076746843 58.2038401949653 58.2936720393014 58.4309864970179 58.3773335657397 58.4232072528181 58.3841251985756 58.1890233433997 58.0926086476471 58.0893853250447 58.0702689150343 58.140420501458 58.4112922273761 58.4438871620753 58.3706546521358 58.336136299497 58.3724207528158 58.5065175065113 58.3934490508479 58.3572603525772 58.4238800548093 58.4703995224271 58.5575886164476 58.8808606715962 59.7648119855357 59.5722585677715
-9999 -9999 -9999 -9999 -9999 -9999 -9999 59.6047013100109 59.4972039349565 59.4068989005179 -9999 59.1882323710057 59.0856500042345 58.96698386302 58.8926661323069 58.7809005956679 58.6457500485203 58.5609752588569 58.5167937755152 58.4456162951178 58.3643678858648 58.3385163925614 58.0830863159695 57.9966867422452 58.0128203024359 57.9848674655352 58.0627651045209 58.1465597938575 58.0044949239473 58.1145349978929 58.0252023169155 57.8708720802642 57.8273319853598 57.849178400688 57.835929161477 57.8325790383631 57.8414538814656 58.0340636717079 58.1643540731944 58.0935000044369 58.0526810550734 58.1898196830281 58.2142143902923 58.1981934650816 58.3120347536749 58.3478649536541 58.3558292667668 58.455168681886 58.650196905884 58.7307236967702
-9999 -9999 -9999 -9999 -9999 -9999 -9999 59.3788078983716 59.2640206755953 -9999 59.0435431706946 58.8943761526431 58.7877363442735 58.7053408073084 58.6233519472369 58.5121234713829 58.3898641110709 58.2568064607601 58.2070892954972 58.1953269581233 58.1313941723226 58.0545090755114 57.893086105315 57.7778837715463 57.7438365851008 57.7840585765704 57.841015778164 57.8768149047295 57.7788445290925 57.8428696037133 57.7297971115139 57.6312682160819 57.5889966106176 57.6115512499648 57.6200330625165 57.6341028123623 57.6426561096126 57.8049345279654 57.9227411124847 57.8558962430122 57.8167525779238 57.8440379982051 57.9697697735812 58.0154170431173 58.1016792594074 58.1375129190842 58.1338454466749 58.1858362540733 58.27300902235 58.3980253327253
-9999 -9999 -9999 -9999 -9999 -9999 -9999 59.1539845866028 59.0370104547867 58.9544773365051 58.7995602331246 58.6681723700584 58.5537756093727 58.4413393255797 58.3300762816807 58.2193493037842 58.1341421367911 57.9778987768704 57.8941952245752 57.8802433934107 57.8559222219167 57.8159290216505 57.7563954017387 57.6177753497789 57.5146317309799 57.5303229956981 57.5526937822475 57.5873254340027 57.5681659968694 57.5833583816659 57.507033093953 57.4748277320681 57.3999205465725 57.3636874488051 57.401083993483 57.4177154258313 57.4318786314516 57.5704237409955 57.6673635192046 57.6411643726025 57.5790354306927 57.6207828731958 57.6964234062933 57.777112480023 57.7991677850093 57.8199587892449 57.8946666208723 57.9655039798607 58.0573628118125 58.1788919909537
-9999 -9999 -9999 -9999 -9999 -9999 -9999 58.9470907075733 58.8234326886727 58.7312869032468 58.5942845175535 58.4480239788375 58.3197024125976 58.1853753271119 58.0623088533173 57.9723177329984 57.9106430485277 57.7262623310023 57.6453490010492 57.6102695493446 57.5764563496147 57.5390293293567 57.4883031569387 57.4130297362875 57.2751190002833 57.2358658026876 57.2395184293528 57.2880824699162 57.2680386714852 57.2849119845644 57.2974910091473 57.3228922575708 57.2256922289888 57.138915979947 57.1709614960016 57.2052329100093 57.3186459146947 57.3610695871188 57.3790960237771 57.398401398291 57.3579715075349 57.4158951315506 57.5970409376661 57.697662252531 57.6426445867662 57.65722102052 57.7205005169159 57.7738095023752 57.8508880307097 57.9575154930614
-9999 -9999 -9999 -9999 -9999 -9999 -9999 58.7506418436795 58.6207189993101 58.5085499601585 58.3422385317778 58.2112813392102 58.0999319750415 57.9714259615238 57.8686398406967 57.7700387798127 57.6807457049372 57.4744142222936 57.4170683765448 57.3959208913694 57.3119574491051 57.2454135072553 57.2302433411181 57.1844007050683 57.0807346404877 56.9951962004059 56.9784959904196 56.9871404473088 57.0189194377668 57.0372495775721 57.0528010958637 57.0703470850774 57.0173053854078 56.9596170259297 56.9589363722594 56.9785117097402 57.0732553467407 57.0932852402691 57.1195808248573 57.1396545890302 57.1987352323188 57.4778504928739 57.943658208945 57.9537117295894 57.622710669819 57.5213303926919 57.5291580229604 57.582003447175 57.6441958600186 57.7621724014446
-9999 -9999 -9999 -9999 -9999 -9999 -9999 58.5489714397434 58.3995538317556 58.2763608486208 58.1040602250082 57.991639412667 57.9043529805978 57.7901652424377 57.6626895362258 57.5378467843259 57.43828620784 57.244715357937 57.1960189995541 57.148760626767 57.0279953461309 56.9818240316699 56.9930945734316 56.9291868720231 56.8662066953404 56.8103196230923 56.7746402483188 56.7342789177742 56.7943382776611 56.7832244100229 56.7808530282428 56.7770820614168 56.7950082679614 56.7729495912867 56.7613880725658 56.7520801178892 56.9178095142023 56.9643398854576 56.8912784466568 56.8715957512698 57.4994623468257 57.360193845615 57.7794660193706 57.7555086065787 57.4395575034583 57.2895513134104 57.262089059181 57.3453523198683 57.4405936187114 57.5364686869912
-9999 -9999 -9999 -9999 -9999 -9999 -9999 58.2492659039503 58.0421353472071 57.8893925381044 57.762453268014 57.6458331985053 57.4963799821395 57.3569429057748 57.2392672605876 57.126947967193 57.010750516768 56.8242907961267 56.7462986052187 56.6714905422325 56.5922326086601 56.547091477992 56.5081521014025 56.4813718404553 56.4243355263503 56.3777420280481 56.3825408128395 56.3579654567312 56.3367474438026 56.3224301721123 56.3352840651016 56.3404356763703 56.3238601962924 56.3346497093017 56.3491451199378 56.3550973235123 56.4177683816987 56.7149325951173 56.6247524201234 56.4365207316393 56.8408476225197 56.8200947932643 56.7251699903885 56.8132130101863 56.9418225249187 56.9060855489219 56.8403828893908 56.9539668689735 57.0205657266917 57.0735671542646
