rcp8.5models/CNRM-CM5/sc1gr7.35
NCOLS 261 
NROWS 433 
XLLCORNER 336357.134 
YLLCORNER 654653.479 
CELLSIZE 1000 
NODATA_value -9999 
[rows 253 to 275 of 433, columns 100 to 149 of 261]
83.2014617919922 82.9908676147461 82.9281387329102 82.9682388305664 82.7985000610352 82.7294921875 82.7366943359375 82.6664962768555 82.548942565918 82.4701385498047 82.2169570922852 81.839714050293 81.6066436767578 81.0272674560547 79.4601745605469 77.0844955444336 74.9599838256836 76.0779266357422 76.4642562866211 74.9563598632812 72.8242111206055 74.4236831665039 75.8925704956055 75.9494934082031 75.9308395385742 75.690803527832 73.352165222168 70.4043045043945 69.3586044311523 65.743034362793 64.3645553588867 64.8664779663086 65.5003280639648 67.1090850830078 68.2420883178711 63.4786376953125 63.6541862487793 64.7630386352539 65.7116165161133 65.6570281982422 65.1970367431641 65.3346939086914 66.7860260009766 69.6438140869141 69.5812377929688 69.985969543457 69.4118270874023 69.0564804077148 68.641471862793 66.6560668945312
82.4153518676758 82.3831176757812 82.2685317993164 -9999 82.1814041137695 82.1551284790039 82.1100082397461 81.9412460327148 81.8139343261719 81.8444137573242 81.7143630981445 81.4765777587891 80.8538360595703 80.2303085327148 77.9327926635742 74.9184036254883 74.9943618774414 75.6143417358398 76.1925430297852 73.1615600585938 69.1377410888672 73.2883377075195 75.6816787719727 75.8618316650391 75.401008605957 75.3266220092773 74.0994644165039 71.0387344360352 69.8074264526367 66.0997467041016 65.3090667724609 64.4845809936523 64.338493347168 66.7737045288086 68.4766082763672 62.8724670410156 63.636043548584 64.8722610473633 65.151969909668 64.494140625 64.8950119018555 66.9943008422852 68.2233047485352 70.0930480957031 69.9669036865234 69.90771484375 69.4553985595703 68.8177795410156 68.8193359375 67.4032211303711
81.0693359375 81.0478668212891 81.0119552612305 -9999 80.9561920166016 80.8884124755859 80.7880401611328 80.5599136352539 80.4549789428711 80.4701232910156 80.3847579956055 80.2582473754883 79.4933929443359 78.8565979003906 78.2782440185547 74.6453323364258 70.3317565917969 72.4530334472656 74.6201934814453 73.2191467285156 70.6185531616211 73.2206954956055 75.0079116821289 74.8771896362305 74.2760848999023 73.4033050537109 73.630859375 73.0008087158203 71.1862182617188 68.555305480957 66.6473617553711 63.9460067749023 62.5022430419922 64.6257476806641 70.1572341918945 62.0164756774902 63.351993560791 63.2120208740234 62.0194892883301 63.1099128723145 66.3050308227539 68.5574264526367 67.6361923217773 63.9300384521484 63.309757232666 65.9179458618164 66.9493637084961 66.400146484375 66.7039642333984 65.6303176879883
80.2536392211914 80.3772048950195 80.3450469970703 80.3254318237305 80.2852630615234 80.0413589477539 79.8742446899414 79.9980697631836 79.7786026000977 79.8860321044922 79.8046493530273 79.7190246582031 78.9021759033203 78.0912094116211 77.9105758666992 74.9866333007812 70.4474563598633 72.39306640625 74.4538116455078 72.7425537109375 69.9993362426758 72.2924041748047 74.4687271118164 74.4726333618164 73.4492950439453 72.0546112060547 72.5591583251953 71.7705612182617 69.9476089477539 69.7439956665039 66.6980819702148 63.7488784790039 61.9339942932129 62.4031677246094 66.7999038696289 61.4470596313477 62.5022735595703 62.1154441833496 62.3692665100098 64.9645843505859 67.823600769043 67.8488388061523 65.5385513305664 62.6448249816895 62.190616607666 64.3216400146484 66.1384887695312 65.0287399291992 66.1300430297852 64.7353897094727
79.6179275512695 79.7194671630859 79.7322769165039 79.6890487670898 79.6655807495117 79.2273864746094 78.8585815429688 79.1031951904297 78.528076171875 79.1075820922852 79.2156982421875 79.0914764404297 78.6873092651367 78.0417098999023 77.3110733032227 74.2002868652344 69.6621704101562 71.4858245849609 73.6637802124023 71.9989547729492 69.143440246582 71.7243041992188 74.1859817504883 74.282585144043 72.9965744018555 71.5288772583008 71.8701171875 71.442497253418 69.3608016967773 68.2853393554688 66.3459777832031 63.9799041748047 61.765567779541 60.7903938293457 63.7622108459473 61.0208053588867 61.560733795166 61.1999549865723 62.9473838806152 66.6890640258789 67.5691986083984 64.3131561279297 62.7833251953125 61.4641380310059 61.6063270568848 63.546501159668 64.9059524536133 63.5484733581543 64.3110733032227 64.2376861572266
79.0492858886719 79.0899963378906 79.0998153686523 79.1531677246094 79.0940246582031 78.4279861450195 77.1473159790039 75.7376251220703 75.1222457885742 77.674446105957 78.6112899780273 78.466796875 77.8990173339844 77.9159545898438 76.7516403198242 72.7961196899414 66.8552474975586 66.5602874755859 69.3384170532227 68.6794815063477 65.6026763916016 69.5932540893555 73.9660949707031 73.7112121582031 72.298454284668 71.3245086669922 71.6543502807617 71.2897796630859 68.3964996337891 65.1937408447266 64.4640274047852 62.4272994995117 61.777515411377 64.2855758666992 66.615592956543 60.390510559082 60.7257041931152 60.6244125366211 62.329044342041 65.0832061767578 64.7141342163086 61.2111473083496 60.8192863464355 60.7236671447754 61.0592041015625 62.0192260742188 62.3730583190918 62.0495719909668 63.1005744934082 63.8669586181641
78.4934997558594 78.5344314575195 78.5256958007812 78.5449676513672 78.4989318847656 78.1832656860352 75.9803085327148 71.519660949707 71.2456893920898 76.4965286254883 78.1056594848633 77.9565887451172 76.692138671875 76.4971542358398 75.3173751831055 72.3834533691406 65.2997436523438 61.8091468811035 63.5626831054688 63.8790245056152 61.617733001709 66.8536834716797 73.4556579589844 73.3466567993164 71.7555084228516 71.0915222167969 71.2666168212891 70.2169799804688 66.6175765991211 63.0917129516602 62.9338150024414 61.2010498046875 62.4307975769043 67.6615753173828 67.8898315429688 60.585132598877 61.6335372924805 60.4991455078125 61.8069381713867 63.2462196350098 62.4575691223145 60.4621047973633 60.3010940551758 60.3488349914551 60.4244575500488 60.361759185791 60.0579833984375 60.5054397583008 61.8858413696289 62.4402656555176
77.9561767578125 78.0182418823242 78.0437622070312 77.9929733276367 77.9594573974609 77.8774490356445 75.3927154541016 70.1028366088867 70.7723999023438 76.3508605957031 77.5464401245117 77.4466705322266 76.2854156494141 74.8318939208984 72.0085678100586 70.1641464233398 65.5316772460938 61.2633323669434 62.1220817565918 62.2383499145508 61.7691535949707 67.4263000488281 72.9455947875977 72.7900924682617 71.6392517089844 70.4731063842773 69.6418304443359 68.9470520019531 66.0260696411133 61.4430122375488 60.8136138916016 59.8642997741699 61.9155578613281 66.4602584838867 66.3364944458008 63.7164993286133 63.2354927062988 59.9156723022461 61.2242698669434 62.4357261657715 61.2064247131348 60.1063270568848 60.3817138671875 60.800464630127 60.1447334289551 59.9023284912109 59.3690528869629 59.3334121704102 59.6983757019043 60.5927505493164
77.4259567260742 77.4455642700195 77.4662322998047 77.5121459960938 77.432861328125 77.2781982421875 74.909049987793 71.0224838256836 72.9774627685547 76.6518020629883 76.974365234375 76.9254837036133 75.837516784668 74.1185302734375 70.8744583129883 67.0542678833008 64.4535675048828 62.2861328125 63.383960723877 64.0216369628906 65.0519790649414 70.7510681152344 72.7751541137695 72.4390563964844 71.0274047851562 68.9827651977539 67.5546875 67.1410522460938 64.9598693847656 60.3469505310059 58.8863945007324 59.7707633972168 63.4516830444336 65.9099044799805 65.798225402832 66.8491058349609 64.4213485717773 59.3091049194336 60.397346496582 61.1026840209961 60.3106498718262 61.1742095947266 65.0791015625 66.3397064208984 63.5376586914062 59.6780319213867 59.3831939697266 58.9483985900879 59.0417366027832 61.4175987243652
76.8383636474609 76.8895797729492 76.9174118041992 76.9411315917969 76.926513671875 76.8617324829102 75.5535430908203 72.9032974243164 73.6222534179688 76.3379974365234 76.4159164428711 76.3696365356445 74.4934539794922 73.4107360839844 70.7381210327148 66.7065200805664 64.0735397338867 64.1670608520508 66.4419479370117 68.2008285522461 68.6784286499023 72.5867538452148 72.5471572875977 72.220947265625 70.2002182006836 67.3450088500977 66.2867279052734 65.7775039672852 63.2766876220703 60.3205413818359 59.2199897766113 61.7568855285645 64.4860534667969 66.4310760498047 65.1038436889648 65.9206924438477 65.2396697998047 59.0162467956543 59.2023773193359 59.4755668640137 59.6475791931152 60.9380073547363 66.4557952880859 70.6697235107422 66.8025741577148 60.7575988769531 59.1237754821777 58.6801223754883 60.3659858703613 63.9558372497559
76.3723220825195 76.4060974121094 76.4114685058594 76.4190826416016 76.4544677734375 76.4208602905273 76.088134765625 73.9358367919922 72.3346710205078 75.0801467895508 75.9818801879883 75.8829727172852 70.8885269165039 69.7741241455078 68.2324676513672 65.8839797973633 65.1614456176758 65.2179641723633 67.2375564575195 70.4738159179688 71.3202896118164 72.4178237915039 72.1597595214844 71.7169723510742 70.3168869018555 66.8022232055664 64.1525573730469 63.4625473022461 61.5335998535156 59.9797630310059 59.6294822692871 61.355396270752 61.198055267334 64.4959869384766 64.8734436035156 62.4545593261719 64.8707962036133 63.0358619689941 61.9683799743652 59.3535537719727 59.248649597168 60.1038665771484 63.3360290527344 67.1314315795898 63.3914566040039 60.2441825866699 58.288272857666 58.6316375732422 61.8683547973633 63.9923362731934
75.9995651245117 75.9017639160156 75.9083099365234 75.9030685424805 75.9287109375 75.9126052856445 75.6813125610352 74.0067291259766 72.1381149291992 73.9132766723633 75.5792541503906 75.4945983886719 69.5967102050781 65.4618530273438 65.0335159301758 65.3144683837891 65.4445571899414 65.7579498291016 69.4000854492188 71.3741149902344 72.2799377441406 72.1148300170898 71.8026580810547 71.3585739135742 70.5852127075195 67.5912780761719 63.7436714172363 61.727897644043 59.8903160095215 58.5584754943848 59.2802848815918 60.2795181274414 58.1882057189941 60.6941452026367 64.3178253173828 60.7463264465332 62.5700225830078 65.11279296875 65.8994140625 61.5403823852539 61.1594848632812 64.6098175048828 65.9089202880859 64.3618469238281 59.359375 58.327880859375 58.2641716003418 59.3319816589355 62.6407432556152 60.3843307495117
75.4665908813477 75.347412109375 75.4527435302734 75.4454345703125 75.4837493896484 75.4575271606445 75.2689743041992 74.1204147338867 72.2331848144531 72.9678344726562 74.962028503418 74.9462509155273 71.9340744018555 66.8661651611328 64.1016235351562 64.7304840087891 65.2353057861328 65.7014007568359 70.5509643554688 72.0362854003906 71.8601760864258 71.7111892700195 71.5273056030273 70.8994216918945 70.128662109375 68.3129577636719 65.5306167602539 61.8098564147949 59.444278717041 57.7640342712402 58.8913078308105 60.4529991149902 57.421630859375 57.8994064331055 61.4073753356934 63.3032989501953 63.0342445373535 62.8097877502441 64.8700637817383 64.1734085083008 65.7037200927734 68.5115737915039 68.64208984375 64.6754379272461 58.6141700744629 58.1786308288574 59.0952453613281 60.3968963623047 61.1942176818848 57.6499404907227
74.4882736206055 74.4265060424805 74.4868621826172 74.5645599365234 74.5687637329102 74.53955078125 74.5305480957031 74.4690322875977 73.7208633422852 72.0765228271484 71.4228363037109 72.505012512207 73.3978958129883 70.1564788818359 64.6433563232422 63.3211250305176 63.9482307434082 64.355094909668 62.8475952148438 63.4861335754395 66.2605056762695 70.0117340087891 70.8443222045898 70.5477523803711 69.6970443725586 67.8754119873047 66.0479888916016 63.6049346923828 60.5216941833496 58.3695640563965 58.7308654785156 63.1552734375 61.7075347900391 56.7102012634277 57.0335998535156 61.4999504089355 63.6996688842773 65.0079345703125 65.6729202270508 63.6687469482422 62.7427635192871 64.9831161499023 64.0085906982422 59.2356567382812 57.7390823364258 57.2465705871582 57.9422149658203 58.0114097595215 56.3855056762695 57.5604133605957
73.8001174926758 73.7278747558594 73.7744674682617 74.1484909057617 74.1615829467773 74.164306640625 74.1269226074219 74.0773849487305 73.808235168457 72.4031982421875 70.0185165405273 69.0598220825195 72.4492416381836 70.1991195678711 65.588737487793 62.7708053588867 63.6797142028809 64.2491683959961 63.4278564453125 64.9123764038086 66.5885391235352 67.3327865600586 69.6090545654297 70.3523635864258 69.7165374755859 68.3804321289062 65.6652603149414 62.3575897216797 59.7690773010254 58.320873260498 59.313304901123 62.7854270935059 61.659595489502 57.5349464416504 57.388370513916 58.0549240112305 59.5191993713379 60.0261268615723 63.2480773925781 64.9285202026367 62.9421691894531 64.6379241943359 65.6173400878906 62.5712623596191 57.8097648620605 57.1415710449219 57.1171684265137 56.246898651123 56.1855621337891 57.8976707458496
73.3460388183594 73.4923706054688 73.4787902832031 73.6821746826172 73.7213134765625 73.5112991333008 73.0612106323242 73.2097091674805 73.5801544189453 73.0852203369141 71.6908111572266 69.1115112304688 69.3495483398438 69.1438980102539 66.6288681030273 64.7939224243164 63.9490356445312 64.2677917480469 64.8357543945312 64.8791961669922 65.5182571411133 65.4982681274414 66.7780532836914 67.8719863891602 69.5596542358398 68.6681213378906 66.1180648803711 62.0931243896484 59.1398963928223 57.9128227233887 58.9497985839844 62.2008438110352 61.2078971862793 57.4635810852051 57.5994911193848 57.861499786377 57.5775489807129 57.2281684875488 58.8251914978027 60.9618911743164 62.2193489074707 65.8088150024414 64.7900390625 62.9664001464844 61.726619720459 61.2532196044922 56.1784934997559 56.4390106201172 57.1326675415039 58.110424041748
73.2857055664062 73.3908386230469 73.2897567749023 73.1852493286133 73.2203140258789 73.0802993774414 72.3565444946289 71.791130065918 72.3557281494141 73.0502395629883 72.8796768188477 71.0662536621094 66.9801559448242 67.2358322143555 65.6678771972656 65.4094467163086 64.1043930053711 64.8010482788086 65.9488143920898 64.3367233276367 64.7066192626953 65.2110061645508 64.8892669677734 64.4873962402344 66.7989120483398 68.6132202148438 67.1583786010742 63.4097862243652 59.066104888916 57.2751579284668 58.3973083496094 62.4648284912109 60.7624320983887 56.6185264587402 57.3194122314453 57.9539413452148 57.6369209289551 57.5982055664062 57.2153205871582 57.8043441772461 62.0183601379395 65.8221817016602 62.5250129699707 61.4483451843262 64.0127487182617 60.8608474731445 56.6078681945801 59.4065628051758 62.8622398376465 61.2512283325195
73.1247787475586 73.0485076904297 72.8854522705078 72.6874618530273 72.6835403442383 72.8046646118164 72.3946380615234 71.1857223510742 70.3128509521484 71.1470489501953 72.3412094116211 71.07958984375 67.2906265258789 67.120735168457 65.9651565551758 64.8853530883789 64.2388229370117 64.7769088745117 66.0683822631836 65.4416198730469 64.9218597412109 64.8965682983398 65.1832809448242 64.4303283691406 62.8896446228027 66.2997512817383 66.835090637207 62.5876655578613 58.5405731201172 57.7223587036133 59.2331047058105 60.0529136657715 59.9701271057129 57.4160308837891 57.3915824890137 58.1454467773438 57.8695907592773 57.5639610290527 57.0256690979004 59.2222480773926 64.4771194458008 65.1181259155273 62.8668251037598 63.0364952087402 63.3355407714844 57.4229393005371 59.264778137207 64.4459838867188 67.9086303710938 64.5410842895508
72.5964431762695 72.5312194824219 72.3713531494141 72.1298294067383 72.1103973388672 72.2076873779297 71.975830078125 71.5255889892578 70.4860610961914 70.5033874511719 71.7795028686523 71.1479110717773 67.7674713134766 67.3432006835938 66.9478302001953 65.9250717163086 65.5866165161133 65.7947387695312 66.5596313476562 66.8684387207031 65.517692565918 64.9310684204102 66.1995620727539 65.6908645629883 62.3548622131348 64.4317092895508 66.5759124755859 61.9652519226074 58.186336517334 57.7260208129883 58.2105445861816 57.3778991699219 58.6038131713867 58.0610580444336 57.861629486084 58.0610504150391 57.7067527770996 57.2938194274902 56.6536865234375 58.3757400512695 62.2682914733887 63.6692047119141 63.2891082763672 64.6190795898438 64.0628204345703 60.3384704589844 63.5321083068848 67.1082229614258 67.1998748779297 64.7971267700195
71.8594207763672 71.7839431762695 71.5730056762695 71.5068283081055 71.6644439697266 71.5516204833984 71.3205032348633 71.2741851806641 71.2823638916016 71.236083984375 71.4169845581055 71.2963943481445 67.7066802978516 67.0300674438477 67.3543395996094 67.0131530761719 67.1117935180664 66.9818420410156 67.0131454467773 67.7075576782227 67.1744384765625 66.3882446289062 67.073356628418 66.2447052001953 63.606273651123 64.3215637207031 66.3563461303711 63.674976348877 58.8870582580566 58.0297889709473 57.6572341918945 57.5871124267578 57.9832191467285 57.8762969970703 58.096794128418 58.2369422912598 57.5288581848145 57.3293380737305 56.8481483459473 57.0778770446777 58.0735473632812 60.9214782714844 63.6320991516113 64.155647277832 62.3964805603027 62.5669593811035 62.0054359436035 62.8834686279297 61.6359062194824 60.283504486084
71.5129165649414 70.9360961914062 70.6640548706055 70.5273208618164 70.9836654663086 71.1293258666992 70.9448089599609 70.6487350463867 70.7567291259766 71.0570678710938 71.0195846557617 70.8999176025391 67.6700592041016 66.7505722045898 67.0278091430664 66.9302825927734 67.6342849731445 67.5476684570312 67.5553741455078 68.2805328369141 68.3811645507812 67.9354858398438 67.0063705444336 65.0741500854492 64.3176193237305 63.8262023925781 64.7502517700195 64.8523559570312 60.6408538818359 58.8473663330078 58.7048835754395 58.2627830505371 57.9987754821777 57.9703369140625 58.312126159668 58.1115684509277 57.2875480651855 57.2397308349609 57.2225723266602 57.2080459594727 58.0699348449707 61.3328132629395 63.2386512756348 63.2093315124512 63.4040298461914 64.5353240966797 58.2007942199707 58.2813415527344 57.168758392334 55.5796928405762
71.5190200805664 70.5840682983398 70.094482421875 69.8549880981445 70.6351623535156 70.8578262329102 70.69482421875 70.634521484375 70.2303619384766 70.1594543457031 70.4438629150391 70.5032196044922 67.8340072631836 66.3693542480469 66.5897064208984 66.2859039306641 67.1094360351562 67.4997482299805 67.8398284912109 68.1097946166992 68.3349761962891 68.5036392211914 67.0910415649414 64.8298950195312 65.3354568481445 64.2331619262695 63.7638511657715 64.5830917358398 62.5048141479492 59.3519248962402 58.9452247619629 58.390941619873 58.0510520935059 57.9759979248047 58.2427825927734 57.4566879272461 57.1652565002441 57.220401763916 57.084831237793 56.905460357666 58.3478927612305 61.6968193054199 62.6984596252441 63.8509483337402 64.600944519043 64.867805480957 57.6492500305176 56.8851776123047 55.6782264709473 54.0817031860352
71.2816009521484 70.7917098999023 70.1752700805664 69.7937927246094 70.5676956176758 70.7322158813477 70.6650924682617 70.6672286987305 70.0514526367188 69.5127334594727 69.613410949707 69.9250335693359 68.2677917480469 66.2935791015625 66.3431243896484 66.0880126953125 66.5767440795898 66.9742889404297 67.7488555908203 67.9230194091797 68.2653427124023 68.4619598388672 67.720344543457 66.5784378051758 66.0413589477539 65.3996124267578 64.5844421386719 64.3908157348633 63.5770149230957 60.4260101318359 58.8924446105957 58.3945693969727 58.0229835510254 57.9932899475098 58.606128692627 57.1540107727051 57.0830841064453 57.1999435424805 57.0052795410156 56.7916297912598 57.4394302368164 59.0986175537109 62.4211921691895 64.1590881347656 62.6328582763672 64.3858032226562 57.7149505615234 57.1005592346191 55.8585052490234 54.8706741333008
