rcp8.5models/CNRM-CM5/sc1gr8.40
NCOLS 261 
NROWS 433 
XLLCORNER 336357.134 
YLLCORNER 654653.479 
CELLSIZE 1000 
NODATA_value -9999 
[rows 308 to 329 of 433, columns 200 to 249 of 261]
161.86257769038 145.455355349752 133.663623476374 137.790641146556 133.912999098994 133.312383579405 135.752884148331 135.542851834578 140.79923723966 149.18217221775 157.714303519828 157.662998607014 156.39660240437 156.841211382516 141.820448732845 139.217091125877 139.952814134974 142.110324673531 139.761797489017 137.022361320299 136.822384967851 140.927320475659 147.42117512079 145.092964780396 138.326082891463 138.462503645539 138.618549881842 137.58118077186 137.866971354934 137.322303676923 136.310578992818 134.677007014648 134.527177697991 134.731180956389 133.812970313855 131.77597289222 131.46181588738 132.218215576678 131.436930799151 129.582835137592 128.883605629192 128.32110173368 127.616762537354 127.014912494611 126.3713352345 126.061010635009 125.590716761512 124.973857395606 123.177308405171 122.247344728503
148.28553608161 140.48613449025 145.494503402961 133.301596017156 131.420972398257 132.120209002097 133.636971494999 136.320800877818 144.916614007586 149.468323874375 154.89022367266 153.21169629489 152.383350706703 154.209586340756 143.388579352741 135.992373915042 135.852838258292 137.427996082492 135.698347076228 134.906243338692 136.726183932293 140.59185608028 141.414795217102 143.065168379252 140.767176702637 135.770468402936 135.473349628465 134.699759513658 135.114258518918 134.272241031363 132.220552498442 131.994611460807 132.98759638907 131.865108166781 131.155391992587 129.56365417966 128.937045877568 129.462006930164 128.71662923534 128.065465557836 127.713253087292 127.110189732604 126.422281000839 125.962233871304 125.413929596623 123.971451097877 123.24480856906 122.639085311409 -9999 120.828284330763
149.156802200387 143.177945352874 154.197406099775 136.106781669618 132.807617244892 129.734092098199 133.003991096949 140.762371122628 148.80072267829 151.214168147006 152.898494364228 151.453641673127 149.136666558448 149.307595096394 142.921940209618 134.837861081599 133.002147182969 132.921085379269 133.031112283024 133.020495932598 135.851318484133 137.860552715136 136.507683548268 138.665589038674 142.947123392718 137.763523411464 131.692413894405 131.704134803868 131.523166872649 131.194574397679 130.002105003086 129.453823848352 130.602875676094 129.58937136951 128.760592179417 128.029771365329 126.153158989899 127.296010320963 126.068515075818 125.794135867552 125.49858695524 124.851310382062 124.505342062215 123.973077093326 123.417304207729 122.339924176523 121.61958133421 121.007647546222 120.334836443629 119.834162052092
152.354888587009 146.798068780075 146.234311341999 136.485400367564 130.186676379993 127.315211093544 131.045214147088 138.492210376646 146.561244597195 148.185033179227 148.778849337815 148.952987187202 146.848653752215 146.134805705544 136.144689439084 132.827581500801 131.653375995249 131.371889070938 130.758288232349 130.927075473864 132.796587961224 133.184043730691 132.946556803219 134.457554566622 141.266277039063 138.271426934654 128.903948493416 128.803556448071 -9999 -9999 127.756018279418 126.626945283198 127.205473388057 127.700035013511 126.088425358458 125.662322650567 123.934243669411 124.646210194723 123.721214198405 123.992369970806 123.393540017678 122.817347626082 122.792700138051 122.46556221091 122.074516540464 121.96841237735 121.251600772719 120.337154830877 118.672423388953 117.934183561483
144.399844845173 140.609711051265 136.227412299125 129.196170337311 125.270045593326 125.966660404844 127.269840783055 132.088645476189 137.247456342429 138.610748164336 139.828313214403 141.606228131421 144.746520874416 143.288809136718 130.442402482889 129.877038164929 129.198098586311 129.101616424957 128.437525401949 129.198282453029 129.813734250783 130.682598319377 130.95352738872 130.840267151302 136.695174867709 135.696768801725 127.699061246887 127.605165729039 126.758037509952 125.607326847983 124.889778748 124.390444031169 124.644453810649 125.092009750157 123.897207476655 123.399748915297 122.693282755127 122.773552791944 122.709926509153 122.515764818342 121.87738672371 121.659453704888 121.383387040701 120.080018770214 119.991404766145 119.882888212475 119.163272347188 118.364711143442 116.98641306801 116.681512826472
142.981336334478 135.819997258316 126.640796330323 121.740336276027 122.385865713396 125.519437603151 124.698293975223 126.268589978896 131.879316809399 130.183352049008 128.291437940589 130.523386813882 132.176738883051 136.647715677574 132.382308567982 125.371169068785 124.094660305913 123.854537825476 123.576176000868 123.92146870399 124.284078469711 125.928148457451 127.983662582188 124.870538623548 124.989071608212 126.796021758779 124.369906102382 123.899141564442 122.57605250821 121.998944630322 120.708317287911 120.654535634723 120.338157814073 120.69862389765 120.613938593789 119.648259583981 118.930953405039 118.394368486382 117.741117959876 117.410548790618 117.332327736176 117.384339972115 117.286696145575 116.7204364204 116.708577089755 116.231381386843 114.988954883286 114.420533253405 113.959396744349 112.803751297103
144.525030109852 140.085997103044 122.492428638162 120.842507707138 122.880657679999 125.117464343715 125.020679112458 125.495966941983 128.507648261413 124.406045825876 125.887319250021 126.98028237877 125.260374789561 127.291204670958 132.973653049038 123.812715046691 121.426479261764 120.525440589202 120.77317037954 -9999 122.009540589118 122.558142757042 122.855548169659 122.07898578265 121.34509109092 121.619856038203 120.595752039028 120.105237220159 119.856789969721 119.487038204807 118.586602992378 118.529998273373 118.109492452555 118.297431645161 118.666985089861 118.092675018963 117.805201124343 117.16011329066 116.345363672988 115.380171702411 115.348367287724 115.047095378334 114.950764150285 114.384142342948 114.433205570063 114.206477140293 113.006081409054 112.718667492866 112.326246317367 111.412262249227
142.43722013972 138.749237714243 120.729919104749 121.412330599364 122.619675078448 122.747564666452 122.646786531239 121.949289991449 122.657219954408 121.904488945027 122.958057509105 123.118893376461 122.500884240075 123.287092852631 125.866017043726 121.073964782628 119.054102052584 -9999 -9999 -9999 119.705788264642 119.995023233782 120.504466598863 119.920537340449 118.619750728164 118.76853326713 117.869453755921 117.583967715697 117.286168390242 117.226857750255 117.262783423729 117.088140415122 116.888419779986 116.766162715661 116.076652203034 116.069619678879 115.812994879724 114.91058751305 114.473030966406 113.605603669708 113.513921313078 112.951941416056 112.9051722888 112.525611270456 112.581140264832 112.495383906468 111.935296490775 111.632557651322 109.99790034299 109.227587292981
136.213263840574 134.572078884165 120.152809213614 120.221532805069 120.489711261722 120.587438518343 120.489236856947 119.31545967449 118.979927236751 119.235528896402 119.766264692273 119.434920195434 118.860035386105 119.95382923176 119.116811211226 117.992452529678 117.167838315104 -9999 -9999 -9999 117.012716637251 117.556508034783 117.833285386339 117.729869395913 116.940453816687 116.529536486223 115.25140639979 115.338498013072 114.798303809433 114.793408310268 114.490048561135 114.471540767836 114.628496504335 114.261964028868 113.891595703397 113.699250488735 113.994008508178 112.901680049495 112.990800039676 112.433840663331 112.349005056796 111.792275488527 111.600781396825 110.492995593732 110.192771890186 110.186908796539 109.901094300693 109.38352904767 108.391185960546 107.757946558454
131.69407243671 133.458789814038 121.203851142515 117.652329063791 119.253890702134 121.039186862266 122.895943569945 120.294397103353 117.628343084469 116.013407307718 116.568897153399 116.871122003719 116.424921510083 117.574554858004 116.934533282891 116.478024227514 115.828014553729 115.026394073878 -9999 114.182425936409 114.603117560093 115.262398783481 116.006379071429 115.8329601999 115.725558396432 114.363092695283 113.099440028072 113.257502632383 113.021113752842 112.856820211752 112.666481610964 112.789794409989 112.845737698493 112.281060192216 112.259200124076 112.389276252344 112.93118865467 110.561165799509 110.609990767026 110.051763122295 110.092460735593 109.984349357337 109.526937672353 108.735275009279 108.179032497633 108.238573718002 108.161426730665 107.605727949232 107.019936994696 105.766392376949
126.366943459982 125.270498033356 119.044131647042 116.187263859588 118.940988410885 120.371771578507 125.008718907428 122.125111619832 120.005397801646 115.332124417892 114.47589213024 113.98849747218 114.171553376028 115.07537159782 114.589753142491 113.818462803518 113.701465848974 113.259410085506 113.376858914565 112.872086873948 111.797356421941 112.859192078165 114.591343767329 113.527258694419 113.069305775968 112.269143882394 112.889536666166 114.159658044604 112.141727337702 111.769255254716 110.60024911081 110.504439552543 110.514807347173 110.157166360484 109.643620639865 109.92365646891 110.202196441072 108.984087263324 108.637712985503 108.437673446909 108.454609060163 108.15972266539 107.606718655824 107.532024344736 106.979752587415 106.828690423773 105.898973240778 105.806380870559 104.746226777981 104.3753923473
123.198732668183 115.929806017249 113.672821505333 114.386236876603 117.2509884878 117.66395696956 120.369639512009 121.852046833582 119.813890271457 114.401551432553 112.144565514886 111.511937279331 110.940084343828 111.896406665759 111.985256509332 111.312639170605 111.447364469807 110.840844363302 110.851199496387 110.566710544886 109.320054964397 110.450444494827 111.560591786031 111.100361639697 110.944359790602 111.072577053313 114.728298957155 113.275791950045 111.055665781596 109.765493160814 108.493108418742 108.439247124592 108.482189130506 108.318404948927 108.038692547346 107.770986162975 107.850680263413 108.021103976425 107.514256290624 107.76353192256 107.473525119602 105.840872745086 105.287732325345 105.293405906438 105.016633728676 104.569445817344 103.949432787753 104.091385527827 103.195577207976 103.176044728132
117.159916122183 112.771765846948 110.686222832603 112.680651441979 115.642598473103 114.697902553985 114.85982401413 118.328959576693 116.769232224205 112.388177694373 110.036675863549 109.057722411713 108.74016469051 109.54995643866 109.630040238362 109.016904967808 108.698559157792 108.413413172847 109.093221320408 108.676390841303 107.410153026949 107.523489786879 107.815087083487 108.44192967171 108.622089387956 108.91148096739 111.850534431978 109.541347992518 109.043690099479 107.830775243334 107.465669248422 107.561744069365 107.617784005975 107.255032810318 105.991394655125 105.61866671219 105.698263968136 105.350307712723 105.185073519272 105.392320668714 105.156705718495 103.83671145972 103.603369882247 103.501275226758 103.513200870602 103.243928307763 102.957393671348 103.024617350133 101.162495094933 101.020480246853
109.89441823526 109.570765943219 108.133457133289 111.51263216044 113.41505049734 112.824952669169 111.705562329004 113.3923396949 114.81672496933 112.673866136506 111.179476531725 107.364847500636 106.570503638232 106.930443190198 107.061578314203 106.66456519493 106.609766854811 105.894252653298 106.646260563362 106.434732819465 105.618969747096 105.146116988872 105.390240551068 105.930505881354 106.456267581295 106.723408022981 107.463002435745 106.973578345517 106.035185401746 106.445915555999 105.451723166622 105.240856099798 105.414055193287 104.909697168047 103.983405616585 103.929419402455 103.845670987 103.188232891473 103.268897155768 103.347264516334 103.283012499231 102.739238377439 102.785571060267 102.443798987945 101.203691276027 101.214192878679 101.019565798933 101.010968728071 99.6138019569915 99.6460093560947
107.65783891674 107.049499310649 106.585804682413 111.927963877368 117.666922467429 110.126121080418 108.410918671839 108.935186261257 110.765580334734 110.766701232834 110.419859061885 105.230404070091 104.556293628774 104.593219395548 104.771159970544 104.443654966214 105.751396047764 103.707594715193 103.913243053537 104.146751880943 104.380021405456 103.980231275318 103.158140922922 103.48678880128 104.267234950403 104.399658502302 104.815730892115 104.623520523651 103.75513449081 104.286392996153 103.273924285798 103.127338073959 103.246180552583 102.884029816132 102.893059273291 102.418639637561 101.477838211528 100.830187682625 100.909925235243 100.98732489258 101.042596053805 100.950882975685 100.672469221814 100.456630222805 99.20062602789 99.2737840919262 99.2713597128664 98.9329376567878 98.8150074895164 98.5902809490839
106.355257859694 104.506574456949 106.731294913054 121.243032747871 128.153316150369 114.322183941335 106.179873116701 105.59342209916 106.204582822201 106.360456985826 105.465742537903 103.308674348047 103.155355542922 102.497503152973 102.90406521858 102.563592610276 103.71446453541 102.524569828695 102.096341012491 103.187830502381 102.493229251264 102.0822500436 101.359196354654 101.407077192731 101.845288902242 102.076992120272 102.240454481496 102.411776000315 102.678225255395 102.22859946107 100.849990195035 100.951385754269 101.01362963731 100.880452283075 100.557504468628 100.245250850201 99.7218261328395 99.2110197650079 99.2169542471394 98.9494071574766 99.0615762210583 99.2183535467776 98.9544080164391 98.6617579547933 98.5834584396804 98.104883406624 97.1571697753481 96.8956500081873 97.0367658000476 96.556915856658
104.980480873473 103.889454892745 111.118135517365 133.373322808547 137.554027339946 123.177115543754 108.946587924638 102.881546643137 102.818365580156 102.803718047682 101.815775024671 100.97900079261 100.91570658823 100.794147633172 101.308370870941 100.77705383684 101.772585784202 100.642365596515 100.296594523901 101.304452075136 100.892612027215 100.673369877242 100.448513443825 100.13388492573 99.174226844621 99.5529520044555 99.7371107021749 100.023173767177 100.644327923189 100.010382932993 99.0974570069107 98.9371846995199 98.6924513067516 98.7256298151595 98.5464718702895 98.6752083353458 98.8402602960443 98.3575544708189 98.481714239621 97.948599624277 97.8303387302685 96.9799852816829 97.0005205198054 96.7663391855323 96.5695802136583 96.2344541059729 95.5248606746587 95.1923859651295 95.2705870835026 94.7296519805439
99.1360828509409 99.4391807140297 106.456552089784 125.166704100529 137.443497104004 139.385770833034 134.310428933419 109.091636708367 98.880935117153 98.1169029986441 98.0514581939059 98.4530379414683 99.5623452764542 100.719355522189 97.4039245674947 98.2617719233982 99.3090947346212 98.2485011352306 97.2590668867096 97.1515007502942 97.1855521716696 96.7885044885858 96.724364608226 96.4598521270099 96.3232813943396 96.3816397889934 95.4480234242235 95.6167327431087 95.9034496319932 95.934735593977 95.7172065111496 95.8096946804877 95.2830904869461 94.2003731163236 94.3454102138925 94.6188704368731 94.6382457479827 94.1466582181878 94.2413525229663 94.304636429321 94.2626264932631 94.3526837538754 94.3666479018099 94.1002286810908 94.1309623664589 93.7941305083504 93.0246192535498 -9999 91.3120171777836 91.3408255987945
96.6284730322017 96.9317855491 101.881982443725 115.755978249127 122.569088614692 132.307967880252 136.140857570079 110.089164707376 98.4079059950327 97.0281670105832 97.6644451594512 101.956057863927 98.8650269741753 102.466259290682 96.476155893047 97.192633658616 97.5216215772237 96.0717105368427 94.9712206053528 95.1651766432148 95.3510437963937 95.5659013087118 95.4825106513735 94.2552450591707 94.5680707372166 94.6388888413111 93.3322276282157 93.4987208842425 93.7613078596092 93.8548832660454 93.842341289525 93.8254246752822 93.591396020831 93.3422361169324 93.1362146487445 93.3798348140894 93.4218022194867 92.3816908054418 92.1256859051132 92.2178706304966 92.3078384844961 92.3215271566138 91.9999429471695 91.8195462814933 91.904246624091 91.87126197573 91.3245585619422 91.0762266045224 90.5752215578732 90.625054910859
95.1154627067022 95.2020698223495 96.6863007463401 109.646268619509 117.084177449133 130.002464641762 135.093098535557 111.153492789349 97.7343743435358 96.3311899164505 101.539879381085 103.260061148069 96.270092593189 98.5638457847952 94.8052651937487 96.3520756114608 98.8330741949124 94.562716518504 93.9630359783961 93.050475012256 93.234218231834 93.4104034145508 93.2259709842202 92.1146976642643 92.406399033179 92.5989636963909 92.249573320543 92.3875864383775 92.5208185893608 92.3903000911181 91.3876882499856 91.262384560052 91.5448225100736 91.5906892969472 91.4214596626382 91.449050506357 91.2046927147217 90.6515384294981 90.4775754926809 90.4995063289696 90.2813731623967 90.4976024523587 90.3235176649244 90.3442664084011 90.0819920984319 90.1712297655877 90.2588403830898 90.2947606271219 89.9539533059161 88.6664951269866
94.4737434284192 93.6102102025519 93.3255741663784 109.707273978209 116.189192011247 126.367793207738 129.923817595753 107.140330586852 95.1006444034675 95.1903403958756 100.371896808731 97.3620737861266 93.435112796423 93.3934911449967 93.4677476320275 94.2549474299496 96.9109432774961 94.1044733309426 92.0295277742699 91.0765485026857 91.2626978637111 91.3485399702263 91.0972913403456 90.7614797003159 90.1267088488618 90.3118075009661 90.4863847934411 90.2776526391969 90.4107121752734 90.3014863829238 89.454008370252 89.6090418912508 89.7823836843592 89.5505078340981 89.6634083974347 89.7497265633739 89.7545114721381 89.8908454221546 89.6437094736535 89.6870116854373 89.4719379637917 89.355730321397 89.2607821918291 88.3969072743106 88.402140929081 88.4212920918383 88.1539911933004 88.2392824686607 88.2248157171885 87.3346680882225
92.8989176131599 91.9691154655347 91.6145309490233 104.314922900253 109.764801830868 114.808165743762 116.743986935268 101.796174696837 93.0905547285327 93.1845935259358 94.3304738060834 92.1176546399649 91.6855709878587 91.8405483338252 92.4035696994746 91.3350536533498 91.836101516702 91.5579433475257 90.1592807244396 89.8850256114877 89.0056347299788 89.260141185732 89.1374525036097 89.036731974361 88.1806166736776 88.3348784298581 88.6386976629629 88.2723273213919 88.8353388285583 88.6226030142852 88.7524918318054 88.8786348832381 88.9359522066043 88.7765901515481 88.8950483910403 89.0412304351358 89.2129563177306 88.1411179909396 87.89528727545 87.6452981559269 87.6875970054634 87.4439918260765 87.0447965828896 86.4570549358794 86.6870444001154 86.7275377818684 86.5555702092679 86.5793079535888 86.4007797680875 86.4870267460342
