rcp8.5models/CNRM-CM5/sc1gr2.19
NCOLS 261 
NROWS 433 
XLLCORNER 336357.134 
YLLCORNER 654653.479 
CELLSIZE 1000 
NODATA_value -3.4e+38 
[rows 220 to 241 of 433, columns 98 to 146 of 261]
340.441650390625 340.292694091797 339.791534423828 339.131744384766 337.873168945312 337.214202880859 336.812194824219 335.6845703125 335.279388427734 335.087554931641 333.951599121094 333.075347900391 335.622253417969 336.274810791016 335.369171142578 335.932434082031 335.458282470703 334.896881103516 334.259735107422 334.312530517578 334.366363525391 334.421203613281 334.477020263672 334.533782958984 334.5263671875 334.444274902344 334.094299316406 334.261291503906 334.389404296875 330.580413818359 326.030883789062 332.12158203125 334.586212158203 334.851013183594 333.966003417969 332.210052490234 331.694732666016 332.247192382812 331.470825195312 327.508331298828 321.6728515625 323.907836914062 331.251220703125 324.321166992188 326.148681640625 338.128997802734 338.394805908203 338.89453125 342.351531982422
340.376495361328 340.098693847656 339.435943603516 338.791564941406 338.226715087891 337.570190429688 337.475982666016 337.087890625 336.521392822266 335.514617919922 334.146942138672 333.739379882812 336.029876708984 336.42431640625 335.693511962891 335.906127929688 335.479339599609 334.830932617188 333.844848632812 333.478973388672 334.302886962891 334.358245849609 334.414581298828 334.471923828125 334.479553222656 334.279235839844 333.764587402344 333.438415527344 333.826751708984 328.76318359375 323.520355224609 333.205352783203 334.096466064453 334.326416015625 333.73388671875 331.636474609375 329.096710205078 331.332336425781 329.075988769531 322.828552246094 320.949066162109 326.932647705078 331.797393798828 323.089782714844 325.534393310547 338.131683349609 338.718841552734 339.40380859375 342.182861328125
340.311248779297 340.031707763672 339.370025634766 338.834289550781 337.979949951172 336.569671630859 336.348693847656 337.577850341797 337.306671142578 335.858673095703 333.861755371094 334.068054199219 336.098114013672 336.520446777344 335.750610351562 335.412475585938 335.327056884766 334.764892578125 333.679504394531 333.195831298828 334.2392578125 334.295135498047 334.35205078125 334.234985351562 333.894256591797 333.616302490234 333.495697021484 333.172973632812 332.989532470703 328.40380859375 323.275909423828 332.649047851562 333.571594238281 333.836181640625 333.239562988281 331.931335449219 330.034698486328 330.264068603516 326.888946533203 322.397552490234 326.366149902344 333.762817382812 333.840545654297 328.492736816406 328.685943603516 337.210571289062 339.409027099609 339.936950683594 342.038482666016
340.065093994141 339.923248291016 340.287017822266 339.05712890625 337.779998779297 335.635467529297 335.010101318359 337.510681152344 337.238220214844 335.832885742188 334.380218505859 335.082489013672 335.854827880859 336.063201904297 335.724212646484 335.296905517578 334.784454345703 334.313781738281 333.751525878906 331.147003173828 328.852264404297 333.468688964844 334.289398193359 334.032135009766 333.407318115234 333.326507568359 333.574890136719 333.287078857422 331.452667236328 326.672729492188 325.07958984375 332.189331054688 333.081329345703 333.311737060547 332.89404296875 332.094482421875 329.598999023438 327.734802246094 326.766967773438 329.545227050781 332.665679931641 336.079559326172 335.12109375 334.496032714844 333.387359619141 336.061157226562 340.046569824219 340.617736816406 342.217102050781
340.051239013672 340.232116699219 340.926696777344 339.387390136719 337.350372314453 335.359710693359 336.41552734375 337.837585449219 337.169647216797 335.718078613281 334.486907958984 335.608093261719 335.652679443359 335.698608398438 335.794403076172 -3.4e+38 334.757385253906 334.508605957031 333.539154052734 -3.4e+38 327.611328125 333.562805175781 334.050750732422 333.589752197266 333.170166015625 332.854522705078 332.983062744141 332.898529052734 331.486175537109 328.602752685547 329.033020019531 331.482391357422 331.264770507812 332.623718261719 331.695251464844 328.391967773438 326.623870849609 325.468109130859 326.839080810547 335.358856201172 335.522247314453 336.278533935547 335.864379882812 336.410491943359 336.538543701172 337.213470458984 340.198516845703 341.107604980469 342.371643066406
340.698852539062 340.855621337891 341.040832519531 339.608123779297 337.195251464844 335.998779296875 338.440582275391 338.242095947266 337.672973632812 335.365997314453 333.134460449219 335.930328369141 335.585601806641 335.453338623047 335.72802734375 -3.4e+38 335.213836669922 334.705078125 333.679931640625 331.946533203125 332.234924316406 334.105377197266 334.022979736328 333.602233886719 332.790405273438 331.969604492188 332.335601806641 332.205017089844 332.505126953125 332.090881347656 331.610229492188 330.346771240234 329.333862304688 331.58740234375 328.486175537109 322.444396972656 325.159271240234 325.021301269531 328.239440917969 334.537445068359 332.567474365234 335.282135009766 336.13037109375 335.367126464844 338.297302246094 338.82958984375 340.201568603516 341.260650634766 342.202331542969
341.633117675781 341.476379394531 341.105743408203 340.116729736328 338.014953613281 337.282684326172 338.956268310547 338.308715820312 338.212646484375 335.750091552734 332.534118652344 335.769104003906 335.339294433594 334.861694335938 335.276550292969 335.533874511719 335.0634765625 334.499816894531 333.871490478516 333.927154541016 333.984039306641 -3.4e+38 334.101226806641 334.019561767578 332.962493896484 331.427581787109 331.803802490234 331.887451171875 332.461639404297 332.013458251953 331.455291748047 328.809722900391 324.849792480469 324.976898193359 320.267333984375 315.615173339844 324.045745849609 329.813751220703 332.004821777344 331.73828125 329.066589355469 333.837799072266 335.838195800781 335.611267089844 338.569213867188 339.508209228516 340.204559326172 341.264251708984 342.23095703125
341.984344482422 341.696044921875 341.039611816406 340.651763916016 339.260284423828 338.586700439453 339.069152832031 338.632720947266 338.2802734375 336.645446777344 333.976379394531 335.973968505859 335.520904541016 334.497802734375 334.912933349609 335.328063964844 334.876678466797 334.993499755859 334.187622070312 333.86279296875 333.920166015625 333.978759765625 334.038482666016 334.099304199219 333.379241943359 331.599853515625 331.400695800781 331.788879394531 332.2451171875 331.519927978516 330.369750976562 325.885528564453 318.586364746094 313.365844726562 309.734008789062 314.933624267578 325.768524169922 333.108551025391 330.882598876953 326.841125488281 327.398071289062 330.301452636719 334.118194580078 337.925598144531 338.772644042969 339.822204589844 340.207458496094 341.267791748047 342.211669921875
341.919006347656 341.62890625 340.789825439453 340.717132568359 339.932281494141 -3.4e+38 -3.4e+38 338.856353759766 338.031433105469 336.955322265625 335.706939697266 336.338989257812 335.747406005859 334.250823974609 335.231018066406 335.081665039062 334.390869140625 334.986114501953 334.422302246094 333.798431396484 333.678283691406 333.537506103516 333.798126220703 333.483245849609 333.260162353516 332.394744873047 331.293121337891 331.540679931641 331.833801269531 331.247406005859 330.093811035156 326.198669433594 316.005645751953 306.670257568359 310.96435546875 323.298248291016 328.889068603516 331.926879882812 328.638793945312 324.799591064453 329.191253662109 330.621185302734 332.771240234375 336.878326416016 339.086120605469 339.998565673828 340.573150634766 341.271240234375 342.065338134766
341.853729248047 341.377105712891 340.194152832031 340.649169921875 339.816558837891 339.642486572266 339.750701904297 338.970123291016 338.215087890625 337.048522949219 336.433410644531 335.8857421875 335.316314697266 333.095184326172 334.899749755859 334.491882324219 333.887023925781 334.621185302734 334.535461425781 333.93408203125 332.915313720703 332.61767578125 333.215545654297 332.975158691406 332.683013916016 331.499725341797 329.798156738281 329.095916748047 331.431945800781 331.160522460938 330.327178955078 327.095184326172 316.377227783203 307.667419433594 317.874755859375 329.331695556641 330.004730224609 331.287261962891 331.614013671875 331.141174316406 334.016052246094 334.674041748047 335.114990234375 336.777069091797 338.912780761719 339.787841796875 340.713134765625 340.737854003906 342.069519042969
342.184783935547 341.361022949219 340.420959472656 340.188995361328 339.613311767578 339.103118896484 339.47607421875 339.427947998047 338.620330810547 337.687683105469 337.269744873047 336.295227050781 334.423126220703 330.241394042969 334.014221191406 334.126678466797 333.822448730469 334.376312255859 334.054138183594 333.648712158203 332.228149414062 331.734497070312 332.672119140625 332.359893798828 -3.4e+38 328.281097412109 323.754272460938 325.691497802734 331.310516357422 330.917785644531 329.551239013672 324.571655273438 312.906005859375 310.537231445312 322.994018554688 330.266723632812 330.527404785156 330.525573730469 334.746704101562 335.759399414062 336.352416992188 336.257263183594 337.13427734375 338.212585449219 338.400817871094 339.478179931641 340.739227294922 340.639526367188 341.89892578125
342.052825927734 341.361450195312 340.710174560547 340.445922851562 339.292205810547 338.444641113281 338.868255615234 338.398345947266 337.512878417969 337.891357421875 338.026306152344 337.424530029297 333.714874267578 326.871704101562 329.405151367188 333.811614990234 332.991607666016 333.245300292969 332.602111816406 330.474182128906 328.890197753906 331.929046630859 331.005584716797 329.36328125 326.889739990234 322.547027587891 317.624694824219 327.507873535156 330.69287109375 329.541320800781 327.269134521484 318.987640380859 311.264007568359 318.234069824219 329.143280029297 331.403106689453 329.790069580078 327.499237060547 332.355133056641 336.065490722656 336.673553466797 337.254760742188 337.958984375 338.850189208984 339.252197265625 339.517974853516 340.045562744141 340.771606445312 340.906616210938
342.458465576172 341.874694824219 341.223022460938 340.564788818359 339.846374511719 339.050964355469 339.373291015625 338.945892333984 337.646667480469 337.241027832031 337.775604248047 336.972808837891 335.061676025391 331.379913330078 327.803466796875 333.223205566406 332.266540527344 330.833465576172 328.35986328125 327.84716796875 326.210174560547 328.684265136719 328.844451904297 328.069915771484 323.278930664062 321.108673095703 324.304534912109 328.381408691406 329.392303466797 328.146179199219 327.630279541016 321.293426513672 313.574615478516 322.527069091797 330.128509521484 331.586120605469 329.225219726562 330.465911865234 331.783752441406 334.849975585938 336.459106445312 337.212860107422 337.058654785156 337.986480712891 337.667816162109 338.386749267578 340.071319580078 340.799346923828 340.758117675781
342.529479980469 342.228698730469 341.579376220703 340.636138916016 340.528778076172 340.272857666016 340.120544433594 339.631683349609 338.728729248047 337.743225097656 338.318267822266 337.742462158203 336.744293212891 334.994934082031 329.644927978516 333.419586181641 331.563903808594 327.331207275391 324.049163818359 324.200988769531 323.836120605469 325.056457519531 325.932495117188 325.491241455078 322.192260742188 319.255035400391 325.928924560547 327.239501953125 327.334167480469 326.742492675781 327.751007080078 322.867919921875 317.960571289062 326.734680175781 331.317779541016 331.915191650391 328.723205566406 327.197906494141 -3.4e+38 334.077209472656 335.795166015625 336.360504150391 336.647155761719 337.547760009766 336.975677490234 337.32666015625 339.689453125 340.602355957031 340.761413574219
342.465270996094 342.162689208984 341.514343261719 341.145477294922 340.987731933594 340.6337890625 340.528411865234 340.088775634766 339.276123046875 338.4921875 338.640960693359 337.05615234375 333.510833740234 330.766845703125 328.525482177734 332.856567382812 330.1103515625 324.241760253906 322.58935546875 322.350952148438 322.55810546875 322.887023925781 323.604217529297 323.8173828125 320.942077636719 318.144348144531 326.429016113281 326.110198974609 325.0869140625 325.88818359375 328.566619873047 325.034210205078 321.262268066406 328.366088867188 330.945922851562 332.057952880859 329.549468994141 324.259094238281 -3.4e+38 334.075256347656 335.667419433594 336.250274658203 336.781921386719 337.162078857422 337.078338623047 337.313232421875 338.691802978516 339.932830810547 340.405456542969
342.9814453125 342.675689697266 341.837799072266 341.504913330078 341.395660400391 340.952514648438 340.602111816406 340.310852050781 339.349182128906 338.531219482422 338.236541748047 336.958526611328 331.687164306641 325.053375244141 328.433746337891 331.119049072266 328.970092773438 323.580230712891 323.157501220703 322.661254882812 322.35009765625 322.267547607422 322.979736328125 323.89794921875 321.386810302734 319.143432617188 326.453979492188 326.270080566406 325.239227294922 326.779754638672 328.400360107422 323.407623291016 319.575012207031 328.067810058594 331.327301025391 332.415161132812 330.991516113281 324.508392333984 326.996398925781 333.52587890625 336.17822265625 336.383056640625 336.268432617188 336.5224609375 336.406646728516 337.162506103516 338.053619384766 339.088470458984 339.737091064453
343.337707519531 343.031494140625 342.245941162109 341.439697265625 341.469879150391 341.173187255859 340.5361328125 340.430694580078 339.663116455078 338.135681152344 337.4560546875 336.630218505859 332.465850830078 328.400390625 330.952514648438 331.061218261719 329.312164306641 323.546966552734 323.461791992188 323.261138916016 323.031951904297 322.533874511719 323.264282226562 323.276733398438 321.132019042969 317.658905029297 325.913360595703 326.321228027344 325.170715332031 324.711303710938 328.461761474609 325.485321044922 323.796203613281 328.956787109375 331.576873779297 332.530059814453 331.852172851562 329.321594238281 331.022125244141 334.510162353516 334.880706787109 334.072265625 335.059448242188 336.009338378906 335.919464111328 336.804229736328 338.078277587891 338.809356689453 339.786041259766
343.2744140625 342.966400146484 342.320922851562 341.759338378906 341.404663085938 340.917785644531 339.900177001953 340.125183105469 339.884643554688 337.924957275391 336.957061767578 336.809417724609 335.385345458984 334.366424560547 333.330963134766 332.518005371094 330.795227050781 324.716888427734 323.473205566406 323.491943359375 323.566955566406 322.984527587891 324.460998535156 323.686645507812 321.451263427734 319.285614013672 326.622344970703 326.65673828125 324.407409667969 322.035614013672 329.370544433594 328.931457519531 328.494537353516 329.050659179688 331.46826171875 332.729278564453 332.988372802734 333.250274658203 335.489044189453 -3.4e+38 -3.4e+38 330.425994873047 332.315460205078 334.08935546875 334.865112304688 336.852783203125 338.056854248047 338.612365722656 339.744140625
343.019348144531 342.515594482422 342.257141113281 342.168975830078 341.532806396484 340.705291748047 340.356201171875 339.964111328125 339.43701171875 338.04443359375 337.457702636719 337.983428955078 337.652923583984 336.976806640625 334.88916015625 333.939483642578 331.419494628906 325.980834960938 324.451049804688 323.24755859375 323.498657226562 323.778442382812 324.927490234375 324.374389648438 322.797973632812 324.179656982422 327.867706298828 327.600952148438 325.044738769531 320.581390380859 326.519165039062 329.750854492188 329.889526367188 330.033111572266 331.134674072266 331.323486328125 333.436431884766 333.430725097656 334.794708251953 -3.4e+38 329.871368408203 328.352325439453 329.358551025391 332.337249755859 333.908172607422 336.807067871094 338.080902099609 338.660034179688 339.434356689453
343.008728027344 342.363250732422 341.809509277344 342.246124267578 341.800231933594 340.830352783203 340.059020996094 338.904968261719 339.269775390625 338.499420166016 337.828430175781 338.208770751953 337.587860107422 337.264282226562 334.289001464844 334.650817871094 332.497833251953 328.879364013672 327.391540527344 323.409027099609 323.434539794922 324.169342041016 324.202972412109 323.758483886719 323.406066894531 326.135192871094 -3.4e+38 -3.4e+38 -3.4e+38 322.21337890625 323.697967529297 329.035400390625 330.869537353516 331.602569580078 330.0810546875 328.639373779297 332.436645507812 334.121978759766 334.866668701172 -3.4e+38 329.656707763672 324.769012451172 327.014129638672 332.737487792969 334.473114013672 336.143676757812 337.343566894531 338.616424560547 339.261779785156
343.087036132812 342.632080078125 341.655944824219 341.990875244141 341.496368408203 341.289398193359 340.032653808594 337.978332519531 339.348724365234 339.099151611328 338.517303466797 338.142761230469 337.523162841797 337.093292236328 334.461700439453 335.478393554688 334.202209472656 331.55908203125 327.031524658203 323.644805908203 323.374786376953 323.925872802734 323.294342041016 323.2451171875 323.836883544922 324.918640136719 329.903198242188 329.613159179688 -3.4e+38 327.883728027344 327.492584228516 329.368347167969 330.484313964844 331.387573242188 329.863464355469 328.466979980469 331.752044677734 332.963958740234 334.066772460938 334.403442382812 329.954528808594 321.798858642578 323.956512451172 333.173675537109 -3.4e+38 336.013244628906 336.924591064453 338.129577636719 339.110382080078
343.219787597656 343.480682373047 342.6904296875 341.975830078125 341.527526855469 341.322357177734 340.729614257812 339.049285888672 339.284210205078 339.324249267578 339.220916748047 338.640228271484 338.020812988281 337.922546386719 336.398803710938 336.003295898438 333.243560791016 328.640441894531 324.630706787109 323.213989257812 322.578826904297 322.245056152344 322.785461425781 323.004699707031 323.562774658203 323.480285644531 329.602020263672 -3.4e+38 329.424194335938 329.622863769531 330.791076660156 330.718231201172 330.4638671875 330.668426513672 329.936004638672 328.467926025391 330.795501708984 330.494995117188 332.982269287109 334.218017578125 331.535766601562 324.101898193359 323.220794677734 333.020568847656 335.226928710938 336.524871826172 337.237854003906 337.976745605469 338.936889648438
