rcp8.5models/CNRM-CM5/sc1gr3.34
NCOLS 261 
NROWS 433 
XLLCORNER 336357.134 
YLLCORNER 654653.479 
CELLSIZE 1000 
NODATA_value -9999 
[rows 264 to 285 of 433, columns 200 to 249 of 261]
271.732635498047 272.499389648438 273.184234619141 272.230133056641 273.140289306641 272.285430908203 271.947570800781 272.686706542969 273.219177246094 268.013610839844 255.617431640625 253.992141723633 261.311828613281 265.934143066406 272.163146972656 272.833190917969 272.939361572266 271.340393066406 266.289367675781 260.697631835938 265.548156738281 272.243988037109 272.137023925781 272.224029541016 273.543670654297 274.108520507812 269.926666259766 270.847229003906 -9999 -9999 274.305877685547 274.500732421875 274.731964111328 274.900512695312 274.885101318359 274.960906982422 274.561553955078 274.481079101562 274.928771972656 275.017211914062 275.413269042969 275.50927734375 275.451538085938 275.314422607422 275.371368408203 275.492828369141 275.478881835938 275.349609375 275.429779052734 275.456024169922
271.829742431641 272.957427978516 272.800445556641 271.669769287109 272.359527587891 271.427032470703 270.746978759766 271.777770996094 273.163543701172 269.566619873047 260.511932373047 258.724334716797 268.216186523438 269.507537841797 272.310028076172 273.083709716797 272.625396728516 271.517181396484 268.146759033203 265.543548583984 267.726135253906 272.767700195312 272.777374267578 273.403625488281 273.798522949219 274.126708984375 273.958099365234 273.992126464844 273.794769287109 273.859985351562 274.102416992188 273.995941162109 274.422882080078 274.518951416016 274.274841308594 274.443756103516 274.475433349609 274.530029296875 275.177398681641 275.205139160156 275.361724853516 275.489227294922 275.234527587891 275.1513671875 275.251281738281 275.437377929688 275.445098876953 275.187866210938 275.395568847656 275.431335449219
272.628662109375 272.979248046875 272.302032470703 268.693908691406 265.895324707031 268.372650146484 270.876037597656 271.862426757812 272.770904541016 271.258026123047 268.776794433594 268.656005859375 268.084014892578 270.491485595703 272.054443359375 271.31396484375 270.210235595703 269.591766357422 272.343811035156 272.453765869141 272.048400878906 271.686279296875 272.09716796875 271.026031494141 272.355255126953 272.745208740234 273.762390136719 273.281372070312 273.129302978516 273.267608642578 273.594482421875 273.482604980469 274.010101318359 274.126342773438 274.042755126953 274.174224853516 274.357482910156 275.236480712891 275.214508056641 275.081024169922 274.956909179688 275.07666015625 274.751281738281 274.615264892578 274.428283691406 274.841522216797 275.149017333984 275.071868896484 275.412872314453 275.405364990234
272.929962158203 272.881988525391 271.96337890625 268.496490478516 264.548583984375 267.223022460938 271.262512207031 271.899047851562 272.125701904297 267.52587890625 259.257995605469 260.754119873047 263.351989746094 270.892883300781 265.195404052734 263.990142822266 265.068725585938 266.333343505859 271.887054443359 270.284362792969 269.588775634766 272.060363769531 272.480072021484 271.540740966797 271.315307617188 271.788757324219 273.171875 272.256561279297 272.400024414062 272.717041015625 273.239929199219 273.499084472656 274.125579833984 274.289703369141 274.468017578125 274.650421142578 274.822967529297 275.230072021484 275.14697265625 274.901458740234 274.883636474609 274.888549804688 274.378021240234 274.224700927734 274.295257568359 274.299865722656 274.699462890625 274.981323242188 275.458221435547 275.525939941406
272.684020996094 272.845642089844 271.436096191406 265.70556640625 264.677276611328 267.760437011719 271.152069091797 271.955139160156 271.939910888672 267.396026611328 256.947540283203 256.597869873047 262.614929199219 271.541076660156 254.532653808594 256.226257324219 261.566528320312 266.480102539062 271.380279541016 269.983459472656 269.486755371094 271.94677734375 272.358367919922 271.619140625 271.11669921875 271.467163085938 272.302612304688 271.384124755859 271.716552734375 272.481781005859 273.414276123047 273.763092041016 273.763305664062 274.075500488281 274.592742919922 275.083984375 275.081848144531 274.923187255859 274.659881591797 274.736785888672 274.802490234375 274.774658203125 274.428802490234 274.173645019531 274.587249755859 274.736022949219 274.840393066406 275.164764404297 275.517944335938 275.549163818359
272.614501953125 272.732086181641 270.249176025391 262.414581298828 263.138885498047 267.351501464844 270.5673828125 271.423126220703 271.734375 271.068511962891 266.359893798828 263.918975830078 267.706207275391 271.626983642578 255.276016235352 255.461654663086 258.487518310547 263.058563232422 270.393371582031 271.223968505859 270.91943359375 271.4716796875 271.463775634766 271.146789550781 270.963043212891 271.198425292969 270.528991699219 269.500274658203 270.863433837891 273.055755615234 273.796142578125 273.98974609375 273.874420166016 274.192169189453 274.571472167969 275.066589355469 275.152770996094 274.561218261719 274.218200683594 274.329650878906 274.557922363281 274.437744140625 274.40576171875 274.185668945312 274.535919189453 275.101623535156 275.192291259766 275.393798828125 275.437561035156 275.507659912109
272.703979492188 272.392730712891 271.008544921875 262.780181884766 261.373809814453 265.233337402344 270.487365722656 271.291717529297 271.895477294922 272.264282226562 271.328033447266 270.238952636719 270.746704101562 271.260650634766 258.979705810547 253.549819946289 252.987167358398 255.250671386719 265.361511230469 271.229583740234 270.636901855469 270.078674316406 269.797058105469 271.106109619141 271.232635498047 270.889038085938 265.598083496094 267.497833251953 272.014984130859 273.540618896484 274.082183837891 274.115478515625 274.290618896484 274.443817138672 274.717590332031 275.116912841797 275.085235595703 274.383361816406 274.118072509766 273.946411132812 274.212554931641 274.360870361328 274.2197265625 274.277740478516 274.845855712891 275.115753173828 275.390350341797 275.394866943359 275.381774902344 275.501068115234
272.632446289062 271.730926513672 270.833221435547 266.195190429688 261.700988769531 264.339508056641 270.398956298828 271.400054931641 272.211303710938 271.917022705078 270.689117431641 270.78173828125 270.774658203125 270.713226318359 254.989685058594 249.496810913086 246.474563598633 248.244338989258 255.513793945312 262.387908935547 267.229522705078 268.163482666016 269.179870605469 271.653442382812 271.913940429688 271.25732421875 268.756134033203 271.014617919922 273.817840576172 273.968078613281 274.232269287109 274.312622070312 274.456848144531 274.476135253906 274.721313476562 274.732299804688 274.633148193359 274.203460693359 273.970153808594 273.813293457031 273.871215820312 274.365295410156 274.171203613281 274.322479248047 274.920745849609 275.066070556641 275.193634033203 275.165832519531 275.374908447266 275.546508789062
272.206329345703 270.201721191406 264.072387695312 265.148315429688 266.184356689453 266.430877685547 267.790222167969 270.822937011719 272.012969970703 271.942230224609 270.78662109375 271.013763427734 270.71826171875 267.964660644531 258.179931640625 253.381530761719 251.547164916992 247.160781860352 251.022476196289 257.664611816406 267.503204345703 268.368072509766 271.054779052734 271.986511230469 272.144683837891 272.236785888672 273.272277832031 273.917816162109 274.087707519531 274.22216796875 274.265472412109 274.377502441406 274.363891601562 274.391510009766 274.383575439453 274.25146484375 274.204071044922 273.650817871094 273.577484130859 273.874053955078 274.004791259766 274.314483642578 274.503265380859 -9999 275.007965087891 275.079223632812 275.002624511719 275.068237304688 275.368041992188 275.573669433594
269.635009765625 265.234313964844 261.035949707031 259.4296875 267.836791992188 267.834167480469 267.788055419922 270.472473144531 271.652282714844 272.119110107422 271.060455322266 270.495971679688 270.618072509766 268.711547851562 264.989105224609 260.708526611328 262.700073242188 258.806335449219 262.376129150391 266.021148681641 270.534912109375 270.448974609375 272.307952880859 272.117797851562 272.435943603516 272.935363769531 272.6142578125 273.074493408203 273.771209716797 274.216186523438 274.129730224609 273.960479736328 274.132690429688 274.110626220703 273.967620849609 274.085632324219 273.998474121094 273.198150634766 273.463226318359 274.038299560547 274.33203125 274.501831054688 274.622161865234 274.854370117188 275.169799804688 275.123016357422 274.99609375 275.104248046875 275.335510253906 275.414886474609
266.329254150391 260.439239501953 261.254058837891 255.159362792969 265.236419677734 267.836608886719 269.599487304688 270.762023925781 271.351409912109 271.762481689453 270.742889404297 269.565704345703 270.1416015625 271.012054443359 264.163726806641 258.119293212891 261.005798339844 261.251647949219 262.837341308594 263.02490234375 264.152770996094 264.647613525391 265.201904296875 270.864807128906 272.088806152344 272.15576171875 272.30419921875 273.048156738281 273.829803466797 274.072509765625 274.000885009766 273.604522705078 274.061614990234 274.064788818359 273.824035644531 273.592437744141 273.409973144531 273.198425292969 273.357177734375 273.977966308594 274.158935546875 274.217651367188 274.376342773438 274.545104980469 274.600982666016 274.995666503906 275.063201904297 275.037719726562 275.259002685547 274.755828857422
268.171844482422 263.887054443359 259.903411865234 251.214721679688 262.483367919922 264.572540283203 269.402160644531 270.269378662109 271.181365966797 271.365936279297 270.885589599609 269.697540283203 269.623870849609 270.811889648438 263.880676269531 253.85905456543 253.529891967773 253.621231079102 254.287017822266 255.664215087891 256.553436279297 256.518737792969 256.590087890625 262.193176269531 263.641571044922 269.099853515625 272.850372314453 273.667419433594 274.114654541016 273.945281982422 273.587066650391 273.512390136719 273.668029785156 273.825164794922 273.916687011719 273.215240478516 272.775360107422 273.166900634766 273.269775390625 273.469451904297 273.523651123047 273.754150390625 274.420562744141 274.614929199219 274.665985107422 274.707916259766 274.959625244141 274.979400634766 275.294708251953 274.659301757812
270.962493896484 267.751373291016 258.471008300781 251.517288208008 263.631713867188 265.48095703125 268.65966796875 270.074157714844 270.907928466797 270.509704589844 270.857147216797 269.584350585938 268.824310302734 270.449096679688 267.575317382812 261.897583007812 260.241455078125 261.042114257812 259.556213378906 256.533508300781 257.285308837891 257.6728515625 255.039093017578 257.048492431641 257.005981445312 270.17529296875 273.024383544922 273.342987060547 273.634979248047 273.514373779297 273.234313964844 273.317230224609 273.312713623047 273.519195556641 273.587005615234 273.000396728516 272.434875488281 273.185882568359 273.023681640625 272.757141113281 273.087982177734 273.751556396484 274.704040527344 274.855072021484 275.080535888672 274.934783935547 275.1240234375 275.121124267578 275.389801025391 275.111694335938
271.114929199219 267.980834960938 258.980010986328 261.641845703125 267.756103515625 269.222290039062 269.271301269531 270.441436767578 270.414947509766 268.833923339844 270.486785888672 269.762115478516 268.677459716797 269.669738769531 269.534332275391 269.324859619141 268.994018554688 268.364318847656 263.864105224609 259.122314453125 262.012542724609 263.278961181641 258.091125488281 254.5009765625 253.362121582031 266.561950683594 272.866363525391 272.826965332031 272.774322509766 273.010223388672 273.258941650391 273.186950683594 273.247589111328 273.375366210938 273.104858398438 272.566223144531 272.378356933594 273.175354003906 272.924652099609 272.870056152344 273.482574462891 274.192535400391 274.867492675781 275.045166015625 275.118804931641 275.108734130859 275.303253173828 275.265655517578 275.367065429688 275.388153076172
269.902099609375 267.024566650391 258.868347167969 268.687164306641 269.022277832031 269.643035888672 270.363342285156 270.552856445312 269.454071044922 266.902191162109 266.496276855469 269.132720947266 268.744995117188 269.431884765625 268.522979736328 267.586151123047 269.521087646484 268.379852294922 266.752136230469 264.817993164062 265.048950195312 268.861572265625 261.440704345703 258.150146484375 266.846221923828 272.72021484375 271.973419189453 272.471252441406 272.241760253906 272.537322998047 273.536407470703 273.857421875 -9999 273.413024902344 273.092498779297 273.420532226562 273.807006835938 273.649383544922 273.632751464844 273.841033935547 274.400939941406 274.909973144531 275.064727783203 275.134307861328 275.130737304688 275.110107421875 275.089385986328 275.129150390625 275.079315185547 275.140167236328
267.926116943359 268.673248291016 262.110412597656 265.258850097656 268.877105712891 269.610168457031 270.300018310547 270.075042724609 267.015655517578 261.085052490234 259.271301269531 268.626312255859 269.13134765625 269.986175537109 267.756103515625 265.229034423828 268.903839111328 269.942108154297 269.758331298828 269.682250976562 268.335693359375 -9999 261.0068359375 260.8203125 271.805847167969 272.917877197266 271.708984375 271.672271728516 272.151916503906 272.593627929688 273.375305175781 273.724609375 274.058288574219 273.821594238281 273.317413330078 273.663055419922 274.178924560547 273.916900634766 273.687164306641 274.204071044922 274.392730712891 274.654693603516 274.688842773438 274.833953857422 275.124176025391 275.120513916016 275.116821289062 275.071990966797 274.938659667969 275.015838623047
266.939971923828 267.823486328125 264.569549560547 256.229278564453 262.861968994141 269.632476806641 270.149688720703 269.370330810547 265.274383544922 256.473785400391 255.158203125 266.331359863281 269.824768066406 270.378509521484 268.632385253906 265.575744628906 266.431304931641 269.979187011719 270.797424316406 -9999 271.16650390625 -9999 259.986114501953 264.2744140625 272.58642578125 272.460540771484 271.439819335938 271.315826416016 272.122253417969 272.887176513672 273.469848632812 273.775329589844 273.966278076172 274.064239501953 273.766723632812 273.871734619141 274.404510498047 274.047088623047 273.700073242188 273.867309570312 274.420471191406 274.750366210938 274.702117919922 274.91455078125 275.117614746094 275.113922119141 275.110198974609 275.08984375 274.931945800781 275.008544921875
268.089294433594 266.283294677734 264.032409667969 250.766189575195 254.503707885742 266.003204345703 268.965667724609 266.193695068359 264.084136962891 259.377410888672 253.570327758789 261.622894287109 270.284088134766 270.629364013672 268.37451171875 264.424194335938 265.058929443359 269.433685302734 269.997161865234 270.714813232422 -9999 -9999 266.158599853516 269.888641357422 272.103790283203 272.041442871094 271.402587890625 272.231414794922 272.741638183594 273.358306884766 -9999 274.073638916016 274.117553710938 -9999 274.181976318359 274.166839599609 274.581085205078 274.411346435547 274.304443359375 274.029907226562 274.645782470703 275.087219238281 275.014312744141 275.090484619141 275.037048339844 275.107299804688 275.103546142578 275.099700927734 274.925231933594 275.001190185547
265.500396728516 267.327514648438 265.556121826172 250.490188598633 253.832183837891 265.819580078125 264.257934570312 255.103042602539 253.090469360352 258.416473388672 261.390563964844 262.916473388672 266.529846191406 271.049530029297 268.029479980469 263.972015380859 265.370056152344 265.806060791016 269.275085449219 270.697540283203 -9999 -9999 271.291168212891 271.728973388672 271.793518066406 272.364593505859 271.681854248047 272.511444091797 272.622711181641 273.328582763672 -9999 273.43212890625 273.848754882812 -9999 -9999 274.526214599609 -9999 274.545989990234 274.739501953125 274.589813232422 274.742950439453 275.115234375 275.111663818359 275.067169189453 274.978454589844 275.100646972656 275.096862792969 275.093017578125 274.91845703125 274.946319580078
259.720764160156 267.189239501953 265.929229736328 254.720123291016 258.693145751953 266.919708251953 257.511169433594 246.498153686523 240.979705810547 249.566558837891 264.035522460938 267.891387939453 267.044403076172 271.056213378906 269.176208496094 266.342987060547 263.8740234375 261.306732177734 266.044525146484 270.910919189453 271.222961425781 271.856903076172 271.388671875 271.312316894531 271.943572998047 272.815277099609 272.162109375 272.561981201172 272.235595703125 273.144317626953 272.971740722656 272.680084228516 273.356048583984 274.189086914062 274.587219238281 274.50048828125 274.510528564453 274.683380126953 274.833770751953 274.958404541016 274.930786132812 275.011474609375 275.007629394531 275.0107421875 275.02197265625 275.019470214844 275.090148925781 274.991546630859 275.011077880859 275.030883789062
257.320159912109 265.246398925781 264.400146484375 260.237701416016 262.754089355469 265.416534423828 254.040008544922 243.393188476562 236.806488037109 248.085556030273 261.536529541016 269.233428955078 269.934448242188 271.047882080078 270.078369140625 267.006225585938 262.648681640625 262.910278320312 266.767913818359 271.011749267578 271.380462646484 271.843597412109 271.462646484375 271.069671630859 271.959381103516 273.060302734375 272.457489013672 272.9228515625 272.6748046875 273.031005859375 272.89990234375 272.708160400391 273.105987548828 274.114868164062 274.277893066406 274.334381103516 274.563385009766 274.638122558594 274.861724853516 275.109161376953 275.040985107422 274.838256835938 274.858093261719 274.968505859375 275.050872802734 274.937042236328 275.008483886719 274.873870849609 274.750122070312 274.778289794922
259.582946777344 264.220581054688 264.037475585938 261.02685546875 260.897399902344 256.702239990234 254.960540771484 246.252044677734 243.029541015625 256.418609619141 266.827301025391 269.689544677734 270.138488769531 271.297821044922 270.439270019531 266.861083984375 263.371734619141 268.101623535156 270.491790771484 271.71142578125 271.757415771484 271.924346923828 271.6904296875 271.1689453125 272.020874023438 273.199737548828 272.685821533203 272.632843017578 273.351684570312 273.62890625 273.603515625 273.39892578125 273.315460205078 274.196655273438 274.164459228516 274.327758789062 274.454956054688 274.453948974609 274.636779785156 275.078948974609 274.968170166016 274.835693359375 274.798767089844 274.938079833984 -9999 -9999 274.93115234375 274.558227539062 274.846710205078 274.901123046875
