rcp8.5models/CNRM-CM5/sc1gr8.23
NCOLS 261 
NROWS 433 
XLLCORNER 336357.134 
YLLCORNER 654653.479 
CELLSIZE 1000 
NODATA_value -3.4e+38 
[rows 154 to 175 of 433, columns 147 to 195 of 261]
198.246154785156 198.355499267578 199.16828918457 199.404342651367 200.229522705078 201.28596496582 202.752822875977 203.580657958984 202.82649230957 202.215759277344 203.075378417969 203.806762695312 203.023300170898 204.711547851562 208.233428955078 206.389083862305 204.133209228516 205.201248168945 207.379318237305 204.35920715332 -3.4e+38 209.464736938477 207.690383911133 208.98193359375 210.097015380859 210.872436523438 211.825790405273 212.880844116211 214.100982666016 215.318420410156 217.040954589844 218.623016357422 219.801910400391 221.896286010742 221.422943115234 219.803451538086 217.913589477539 215.489074707031 214.538696289062 213.036315917969 -3.4e+38 208.649948120117 206.23323059082 204.939804077148 202.956497192383 199.224151611328 197.229034423828 194.860443115234 193.55778503418
198.197036743164 198.344909667969 199.163375854492 199.293426513672 199.743927001953 201.109329223633 202.248901367188 203.102584838867 -3.4e+38 202.532409667969 203.475616455078 203.520492553711 201.552291870117 203.411056518555 206.439071655273 203.259368896484 203.220199584961 204.408630371094 -3.4e+38 205.591949462891 208.841598510742 208.5693359375 207.729766845703 208.410614013672 209.837890625 210.930084228516 212.062728881836 213.06575012207 214.506149291992 215.721817016602 217.442489624023 218.994888305664 220.18310546875 221.737640380859 221.58024597168 219.827285766602 217.922073364258 215.477432250977 214.45671081543 212.840744018555 210.389724731445 208.41552734375 205.977203369141 204.66926574707 202.668991088867 198.900741577148 196.888916015625 194.499450683594 192.807739257812
197.534957885742 197.930068969727 199.099258422852 199.969116210938 200.301193237305 201.150268554688 202.071655273438 202.448989868164 202.861190795898 203.252182006836 204.073501586914 202.838165283203 201.158569335938 202.611145019531 204.567794799805 202.669418334961 202.784118652344 204.256774902344 204.56510925293 -3.4e+38 211.083404541016 206.075561523438 208.044036865234 208.696701049805 209.743743896484 210.679916381836 212.111831665039 213.314910888672 214.904296875 216.244094848633 217.682907104492 219.126693725586 220.351760864258 221.851181030273 221.544021606445 220.389541625977 -3.4e+38 216.006256103516 214.771408081055 212.799102783203 210.328063964844 208.730041503906 206.526275634766 204.560104370117 202.239593505859 198.253295898438 196.774627685547 194.085876464844 191.878829956055
197.255813598633 197.739730834961 199.200134277344 200.578552246094 201.192047119141 201.178009033203 202.13639831543 202.244735717773 203.078369140625 204.136672973633 205.115661621094 201.986114501953 200.734771728516 201.454025268555 202.320465087891 202.112487792969 203.324279785156 203.508499145508 204.405258178711 207.042037963867 208.950912475586 206.093643188477 207.908126831055 208.982330322266 209.975845336914 210.719161987305 212.148666381836 213.349258422852 215.186782836914 217.018051147461 218.218322753906 218.992568969727 219.975173950195 221.608261108398 220.528015136719 219.726226806641 -3.4e+38 215.743240356445 214.495803833008 212.508010864258 210.016784667969 208.707702636719 206.683349609375 204.20051574707 201.935317993164 197.960464477539 196.338806152344 193.6982421875 191.85693359375
197.183502197266 197.670318603516 199.131378173828 200.598937988281 201.588989257812 201.731750488281 202.258087158203 202.471588134766 203.25471496582 205.265335083008 206.677124023438 202.603912353516 201.129013061523 200.572479248047 201.237213134766 201.882949829102 203.332336425781 202.732971191406 207.016403198242 211.087326049805 205.451156616211 205.958038330078 207.542785644531 208.738800048828 210.055786132812 211.048599243164 212.47541809082 213.67317199707 215.480987548828 217.228912353516 218.429321289062 219.339004516602 219.937576293945 221.222381591797 220.059799194336 219.071350097656 217.462753295898 214.957321166992 213.696029663086 211.691482543945 209.441543579102 208.559371948242 206.521224975586 204.020156860352 201.976181030273 198.114807128906 196.429275512695 194.201049804688 192.204299926758
196.820175170898 197.405548095703 198.914474487305 199.855590820312 201.242584228516 202.09602355957 202.43669128418 203.082778930664 203.595718383789 205.699676513672 207.342437744141 203.036514282227 201.218078613281 200.404647827148 200.926956176758 201.777206420898 202.658401489258 -3.4e+38 206.945068359375 209.060241699219 204.879302978516 205.423675537109 207.681793212891 209.024230957031 210.19921875 211.382446289062 213.082931518555 214.6474609375 215.932388305664 216.979873657227 217.950180053711 219.385986328125 220.260528564453 221.679229736328 220.628356933594 219.430648803711 217.463592529297 214.937835693359 213.663864135742 211.643829345703 209.315521240234 208.322341918945 206.266983032227 203.744171142578 202.066177368164 197.785583496094 196.644393920898 195.007949829102 192.54914855957
196.823822021484 197.283401489258 198.530334472656 199.579818725586 200.700378417969 201.657821655273 203.661911010742 204.355346679688 204.772872924805 206.400741577148 206.092010498047 203.76643371582 201.312835693359 201.048370361328 -3.4e+38 -3.4e+38 202.597610473633 -3.4e+38 204.163482666016 204.021286010742 205.199203491211 205.816040039062 207.741027832031 209.309494018555 210.52946472168 211.709686279297 213.500030517578 215.39404296875 216.720092773438 217.32731628418 218.343673706055 219.635940551758 220.592926025391 222.081787109375 220.719665527344 219.486541748047 218.004379272461 215.459320068359 214.173629760742 212.139053344727 209.587112426758 208.239227294922 206.168533325195 203.625930786133 202.229537963867 197.620361328125 196.401260375977 194.64533996582 192.165634155273
197.442520141602 197.102981567383 198.726287841797 199.197250366211 199.042617797852 200.551345825195 201.830871582031 204.505447387695 206.161392211914 206.369201660156 203.931060791016 200.833938598633 200.563034057617 200.492218017578 -3.4e+38 -3.4e+38 202.869598388672 203.664642333984 204.029525756836 204.508483886719 205.483535766602 206.367034912109 208.314025878906 209.784057617188 211.191299438477 212.466400146484 214.339553833008 215.798522949219 216.811874389648 217.73323059082 218.762969970703 220.154510498047 221.485290527344 221.885406494141 219.694763183594 218.458618164062 216.44367980957 214.055435180664 213.31510925293 211.638595581055 209.044281005859 207.930908203125 206.268890380859 203.986099243164 203.059661865234 198.385208129883 196.929260253906 195.173202514648 192.565795898438
197.794235229492 197.690246582031 198.649627685547 197.961822509766 197.892333984375 198.738174438477 200.98844909668 203.168075561523 203.196823120117 203.485107421875 203.034759521484 200.277389526367 200.349624633789 -3.4e+38 -3.4e+38 -3.4e+38 202.917205810547 203.808547973633 204.074783325195 204.617813110352 205.751419067383 206.681594848633 208.819610595703 210.4794921875 212.029693603516 213.198944091797 -3.4e+38 215.753631591797 216.808135986328 217.896270751953 218.88818359375 220.716278076172 222.248245239258 222.051147460938 220.255966186523 219.00830078125 216.978759765625 214.371154785156 213.045684814453 210.963012695312 208.348922729492 207.165481567383 205.39128112793 203.0205078125 202.236999511719 197.968002319336 196.49885559082 195.010070800781 192.626220703125
197.605880737305 197.786529541016 198.384094238281 198.028900146484 197.935882568359 197.844543457031 199.111282348633 200.166275024414 199.89192199707 200.156463623047 201.148681640625 199.921798706055 200.112060546875 -3.4e+38 -3.4e+38 -3.4e+38 202.476013183594 203.354568481445 204.174011230469 204.982635498047 206.031921386719 206.785873413086 209.356674194336 210.735473632812 212.399185180664 213.968215942383 215.180053710938 216.253005981445 217.349029541016 218.15007019043 219.469329833984 220.9912109375 222.499053955078 221.559539794922 219.351837158203 218.621520996094 217.511520385742 214.884399414062 213.546981811523 211.449645996094 208.816192626953 207.415893554688 205.283081054688 202.660293579102 201.419570922852 197.643310546875 195.532135009766 194.305938720703 192.588973999023
197.829040527344 197.732406616211 198.265563964844 197.956604003906 198.608474731445 198.290161132812 198.397018432617 198.457702636719 198.393478393555 198.920028686523 199.4140625 199.703796386719 200.272186279297 -3.4e+38 -3.4e+38 201.947174072266 202.766952514648 203.397369384766 204.302108764648 205.293823242188 206.321258544922 207.145614624023 210.124465942383 211.278778076172 212.406814575195 214.173294067383 215.670318603516 216.758651733398 218.149948120117 218.942901611328 220.360855102539 221.135314941406 221.942337036133 -3.4e+38 218.747192382812 217.893859863281 216.858062744141 214.707000732422 213.608963012695 211.93376159668 209.280914306641 207.868469238281 206.11882019043 203.74560546875 201.618270874023 197.954635620117 195.341079711914 194.037902832031 192.202484130859
198.369079589844 197.87336730957 197.949554443359 198.064270019531 199.008392333984 198.654251098633 198.767318725586 199.470947265625 198.454055786133 198.198028564453 198.811645507812 199.461517333984 200.335632324219 201.196899414062 201.783798217773 202.04850769043 203.054092407227 203.732009887695 204.513137817383 205.269989013672 206.32551574707 207.334548950195 210.85221862793 212.137634277344 213.088394165039 214.751937866211 216.156707763672 217.330932617188 218.605041503906 219.407089233398 220.588348388672 221.291717529297 221.824661254883 221.948211669922 219.302490234375 218.015563964844 216.163375854492 213.887741088867 213.009567260742 212.133117675781 210.00910949707 208.318374633789 206.866027832031 204.686172485352 202.022415161133 198.332427978516 195.700439453125 194.172622680664 192.346710205078
198.01139831543 197.675857543945 197.730377197266 198.102600097656 199.208190917969 198.664947509766 199.311859130859 200.960968017578 199.242050170898 198.801666259766 199.536895751953 199.85514831543 200.731628417969 201.549118041992 202.316787719727 202.920715332031 203.308380126953 203.809555053711 204.748916625977 205.41242980957 206.821365356445 207.988021850586 211.047149658203 212.181182861328 213.334243774414 214.848770141602 216.119125366211 217.566024780273 218.726715087891 219.344284057617 220.44140625 -3.4e+38 221.979690551758 221.587020874023 -3.4e+38 218.556640625 216.463958740234 213.773773193359 212.623077392578 211.894348144531 210.4248046875 208.067718505859 206.600250244141 204.66650390625 202.423782348633 198.707412719727 196.056991577148 194.51708984375 192.958694458008
197.205841064453 196.679901123047 197.384536743164 198.715270996094 199.494827270508 199.995712280273 201.978805541992 201.365631103516 199.587051391602 199.386749267578 200.049392700195 200.106292724609 201.117706298828 202.012420654297 202.403686523438 203.126861572266 203.74967956543 204.463577270508 205.217269897461 206.015045166016 207.355026245117 208.985153198242 211.388732910156 212.315979003906 212.977066040039 214.370376586914 215.531005859375 217.320114135742 218.721984863281 219.459915161133 -3.4e+38 221.247482299805 222.41162109375 220.88996887207 219.228088378906 -3.4e+38 217.411743164062 215.02262878418 212.887786865234 211.693084716797 209.901275634766 207.468643188477 206.483123779297 204.872711181641 202.781372070312 199.461669921875 197.039276123047 194.858688354492 193.288192749023
196.593200683594 196.176086425781 197.311065673828 200.548110961914 201.361801147461 203.372756958008 204.619842529297 200.280242919922 199.43342590332 199.484634399414 199.771957397461 200.253799438477 201.376770019531 202.108367919922 202.523742675781 202.818161010742 203.580825805664 204.690780639648 205.770874023438 206.920761108398 207.916656494141 209.520080566406 211.782958984375 212.841323852539 213.359481811523 214.494918823242 215.164825439453 216.779006958008 218.260620117188 219.752059936523 -3.4e+38 221.789001464844 223.259292602539 221.041900634766 218.556304931641 218.105239868164 217.588043212891 215.68376159668 213.376876831055 211.942169189453 209.743621826172 207.229934692383 206.418045043945 205.392974853516 203.149520874023 199.417541503906 197.438278198242 195.197418212891 193.614807128906
196.090148925781 196.343704223633 198.070220947266 201.800521850586 203.943130493164 205.98893737793 205.989151000977 201.621704101562 200.181701660156 199.861740112305 199.458389282227 201.06364440918 202.182037353516 202.349685668945 202.721221923828 203.436279296875 203.620712280273 204.218444824219 205.81721496582 207.173355102539 208.189712524414 209.715927124023 211.968231201172 213.138946533203 214.226760864258 215.155456542969 215.814468383789 217.078567504883 218.470825195312 219.911560058594 220.956588745117 222.172393798828 223.831939697266 222.044311523438 219.663681030273 218.044692993164 217.565383911133 215.593704223633 213.175369262695 211.978775024414 210.202697753906 207.440658569336 206.163970947266 205.02018737793 203.055541992188 199.232711791992 197.556381225586 195.439544677734 193.219390869141
196.300857543945 197.011749267578 198.013885498047 200.766067504883 203.62239074707 205.350296020508 205.829086303711 203.05256652832 199.883987426758 199.520568847656 199.567642211914 201.944183349609 202.698318481445 202.63981628418 203.192611694336 204.073043823242 204.286605834961 204.766296386719 -3.4e+38 206.826110839844 207.936279296875 209.55403137207 211.947387695312 213.376281738281 214.878341674805 216.158508300781 217.104202270508 217.775405883789 219.16877746582 220.223037719727 221.56364440918 222.963012695312 223.984466552734 222.525299072266 220.839660644531 218.295333862305 217.586212158203 215.898910522461 213.11279296875 211.85009765625 210.378601074219 208.149078369141 206.35888671875 204.813720703125 202.771270751953 199.105361938477 197.992614746094 195.704010009766 192.984848022461
195.509994506836 196.264007568359 197.348541259766 199.506393432617 201.422546386719 202.363571166992 203.150390625 202.166534423828 198.913162231445 198.850616455078 199.498657226562 201.847351074219 202.042984008789 202.613555908203 203.62043762207 204.150894165039 204.80598449707 205.493850708008 206.062652587891 207.345489501953 -3.4e+38 209.199996948242 211.693588256836 213.444961547852 -3.4e+38 216.483947753906 217.807159423828 218.696990966797 219.823547363281 220.858154296875 222.369400024414 224.020431518555 224.174942016602 -3.4e+38 220.95426940918 218.599884033203 217.423355102539 216.327835083008 214.342178344727 212.117919921875 210.610855102539 208.545211791992 206.082641601562 204.782272338867 202.935195922852 198.78662109375 197.850219726562 196.040313720703 193.30305480957
192.838226318359 193.696548461914 195.970962524414 197.872955322266 198.774841308594 199.535415649414 200.11962890625 200.429351806641 199.047348022461 199.135345458984 199.39469909668 201.05549621582 201.393707275391 202.492248535156 203.329742431641 204.134246826172 204.881942749023 205.922668457031 206.701370239258 207.932556152344 208.858352661133 -3.4e+38 212.06428527832 213.659576416016 214.968811035156 216.108825683594 217.872634887695 219.365921020508 220.303146362305 221.862213134766 223.251541137695 224.725372314453 224.786010742188 -3.4e+38 220.909652709961 218.447265625 217.276931762695 216.768676757812 215.420333862305 212.583114624023 211.063522338867 209.190551757812 206.656051635742 204.581329345703 203.281402587891 198.91535949707 197.516128540039 195.958251953125 193.745132446289
188.112228393555 189.42024230957 192.073638916016 192.309204101562 193.779861450195 196.761184692383 197.184722900391 197.832763671875 198.876052856445 200.587768554688 199.884307861328 201.355529785156 201.567657470703 -3.4e+38 202.980728149414 203.914916992188 204.998123168945 206.350128173828 207.327972412109 208.538024902344 209.672790527344 210.8046875 213.924423217773 215.052993774414 215.777038574219 216.574844360352 218.11247253418 219.708526611328 220.876419067383 222.524948120117 223.872955322266 224.961471557617 225.225326538086 -3.4e+38 222.590454101562 220.373672485352 217.503997802734 216.222747802734 214.946075439453 213.318786621094 211.959091186523 210.384140014648 208.459167480469 205.879257202148 203.55485534668 199.234664916992 197.527114868164 196.295181274414 193.942901611328
186.348129272461 188.104858398438 189.943389892578 190.174285888672 191.485778808594 194.115493774414 194.765121459961 196.291152954102 197.767318725586 199.108413696289 199.513778686523 201.087097167969 201.626403808594 202.651779174805 203.534896850586 204.87890625 205.847366333008 206.945388793945 207.852600097656 208.857894897461 210.126541137695 211.304885864258 214.259979248047 215.518798828125 216.226531982422 217.170989990234 218.275985717773 219.892684936523 221.470413208008 222.947235107422 223.992324829102 224.941116333008 -3.4e+38 -3.4e+38 222.631484985352 221.335235595703 218.793685913086 216.516555786133 214.990081787109 213.380355834961 211.96403503418 210.81428527832 209.197845458984 206.832931518555 203.938720703125 199.902160644531 197.252349853516 195.909118652344 194.18132019043
184.514450073242 186.401428222656 187.289199829102 188.399108886719 190.149795532227 191.968856811523 192.744689941406 194.721740722656 196.101791381836 197.083740234375 198.999908447266 200.918228149414 201.699401855469 203.159378051758 204.508163452148 205.740173339844 206.241790771484 206.98307800293 208.139862060547 209.238159179688 210.734954833984 211.881103515625 214.224029541016 215.586608886719 216.711227416992 217.970855712891 218.895950317383 220.529495239258 221.867324829102 222.843704223633 224.184539794922 225.46272277832 226.39631652832 -3.4e+38 -3.4e+38 222.20881652832 219.929763793945 217.00422668457 215.465072631836 213.358245849609 211.307739257812 210.802383422852 209.611907958984 207.232482910156 204.319244384766 -3.4e+38 -3.4e+38 -3.4e+38 194.163513183594
