rcp8.5models/CNRM-CM5/sc1gr0.36
NCOLS 261 
NROWS 433 
XLLCORNER 336357.134 
YLLCORNER 654653.479 
CELLSIZE 1000 
NODATA_value -3.4e+38 
[rows 110 to 131 of 433, columns 98 to 146 of 261]
85.9601898193359 86.1552734375 86.1566009521484 86.6059722900391 86.8929061889648 87.0992813110352 87.5665588378906 87.6542053222656 87.939582824707 88.0395736694336 88.1117324829102 88.0577850341797 88.2358093261719 88.264778137207 88.1971282958984 88.0663223266602 87.9028930664062 87.7642974853516 87.6412734985352 87.5524291992188 87.3224868774414 87.1171417236328 86.8693008422852 86.6962203979492 86.3652954101562 86.022102355957 85.596923828125 85.3468322753906 85.2308349609375 84.7576065063477 84.2733383178711 84.0712661743164 83.9413223266602 83.3836898803711 83.0168533325195 82.6785583496094 82.3618392944336 81.8645629882812 81.666877746582 81.3457946777344 81.0341262817383 80.99169921875 80.7849349975586 80.4535064697266 80.3008422851562 79.7887573242188 79.4612045288086 79.1370544433594 78.4241409301758
86.2861785888672 86.6247940063477 86.6659622192383 86.9760360717773 87.2389297485352 87.6055297851562 87.9722671508789 88.0702972412109 88.2268753051758 88.3545837402344 88.5083541870117 88.5458221435547 88.7509002685547 88.7741775512695 88.6895065307617 88.5393142700195 88.3859558105469 88.1404495239258 87.8453674316406 87.8054275512695 87.67041015625 87.455436706543 87.1644058227539 86.9948043823242 86.7600326538086 86.483757019043 85.8787078857422 85.7393646240234 85.3741149902344 85.0151901245117 84.6541290283203 84.4381790161133 84.2378005981445 83.7444839477539 83.2209320068359 82.9242172241211 82.6555709838867 82.0200805664062 81.8731994628906 81.6001663208008 81.2798690795898 81.2597732543945 80.9891052246094 80.6784515380859 80.4089813232422 79.993766784668 79.7143478393555 79.3829956054688 78.5517807006836
86.6307144165039 87.0287399291992 87.1897430419922 87.5314102172852 87.8421478271484 88.1561737060547 88.3470001220703 88.398078918457 88.4858169555664 88.7111282348633 89.0036849975586 88.9693756103516 88.9782257080078 89.0864105224609 88.9506072998047 -3.4e+38 88.5575866699219 88.5378646850586 88.3752975463867 88.2157516479492 87.9280395507812 87.7755584716797 87.5712738037109 87.3514022827148 87.0383834838867 86.8345260620117 86.1400833129883 85.8660583496094 85.476188659668 85.1803894042969 84.9372711181641 84.7011413574219 84.2918243408203 83.9264450073242 83.5049667358398 83.3871765136719 82.9077606201172 82.2917709350586 82.118408203125 81.8148193359375 81.482666015625 81.417350769043 81.1756286621094 80.8979415893555 80.33349609375 80.0956649780273 79.794075012207 79.4733352661133 78.7306289672852
87.0978775024414 87.4033813476562 87.7336273193359 88.0083847045898 88.3875045776367 88.6257095336914 88.8324584960938 88.800422668457 88.9717330932617 89.1849670410156 89.4897079467773 89.3910675048828 89.3339996337891 89.3859558105469 89.2474060058594 89.2018585205078 88.946533203125 88.9403610229492 88.7294235229492 88.5784530639648 88.2341537475586 88.1797637939453 87.9173202514648 87.6075897216797 87.2595062255859 87.0947341918945 86.5278472900391 86.0578460693359 85.5566558837891 85.3219223022461 85.1475677490234 84.9589462280273 84.5368576049805 84.2436447143555 83.9190139770508 83.6301345825195 83.1633453369141 -3.4e+38 -3.4e+38 -3.4e+38 -3.4e+38 81.5022506713867 81.3208999633789 80.9363784790039 80.4576187133789 80.1952743530273 79.7841262817383 79.4312591552734 78.8483123779297
87.3258819580078 87.7987442016602 88.1156997680664 88.492301940918 88.8710403442383 89.1109390258789 89.3384704589844 89.3765563964844 89.5814971923828 89.6553421020508 89.8193511962891 89.7398910522461 89.7892227172852 89.8967666625977 89.6555252075195 89.5138854980469 89.3331451416016 89.3456039428711 89.0597610473633 88.7813491821289 88.5356292724609 88.4853439331055 88.1975479125977 87.9395217895508 87.5129852294922 87.2310256958008 86.7719879150391 86.3808746337891 85.9607467651367 85.5415496826172 85.5146865844727 85.2298278808594 84.968391418457 84.5671234130859 84.1940994262695 83.7019424438477 -3.4e+38 -3.4e+38 -3.4e+38 -3.4e+38 -3.4e+38 81.5780181884766 81.4220123291016 81.0676727294922 80.7596054077148 80.3679885864258 79.974983215332 79.4822082519531 78.9950180053711
87.9318923950195 88.2900772094727 88.6819305419922 89.3569946289062 89.6318969726562 90.0396270751953 90.2069854736328 90.440299987793 90.3937454223633 90.5779647827148 90.8079605102539 90.8505096435547 90.833740234375 90.6786270141602 90.5309295654297 90.3881378173828 90.2020263671875 89.9346237182617 89.6090240478516 89.3237838745117 89.2088851928711 88.9185791015625 88.7960662841797 88.3385391235352 88.0631484985352 87.5920715332031 87.2575378417969 86.7596282958984 86.4315414428711 85.912223815918 85.8950119018555 85.6564025878906 85.2887191772461 85.0965194702148 84.6634750366211 84.269401550293 83.6971435546875 83.1336135864258 82.8337936401367 82.5823211669922 82.2388381958008 81.9211349487305 81.6061630249023 81.3049468994141 80.9545822143555 80.5373687744141 79.9783096313477 79.8301391601562 79.3809661865234
88.3525009155273 88.6171340942383 88.8631973266602 89.7490844726562 90.0895233154297 90.3559494018555 90.5677261352539 90.842529296875 90.8624725341797 91.1386108398438 91.330207824707 91.3313140869141 91.3894348144531 91.2420196533203 90.8597717285156 90.7146759033203 90.5829010009766 90.3029098510742 89.9234848022461 89.6479110717773 89.5619430541992 89.1970748901367 89.0045547485352 88.5870971679688 88.3373031616211 87.9418106079102 87.4111785888672 87.1742477416992 86.7096862792969 86.2052459716797 86.0898361206055 85.742073059082 85.3034591674805 85.0117340087891 84.6593856811523 84.4100799560547 83.9001159667969 83.3746871948242 83.0627212524414 82.8099365234375 82.3439102172852 82.0680694580078 81.7732162475586 81.4007949829102 81.0597610473633 80.6939849853516 80.2373123168945 80.1132583618164 79.3309783935547
88.7798767089844 89.0173950195312 89.2544860839844 90.1652297973633 90.3435440063477 90.6319961547852 91.0757675170898 91.3268280029297 91.4172134399414 91.6350555419922 91.8433837890625 91.9152069091797 91.9007339477539 91.7272415161133 91.2526016235352 91.1443481445312 90.9334487915039 90.6419982910156 90.1762619018555 89.9377517700195 89.6713104248047 89.517463684082 -3.4e+38 88.7677993774414 88.5496139526367 88.2604370117188 87.7256851196289 87.3540649414062 86.9806442260742 86.6791763305664 86.3047256469727 85.8795013427734 85.4013671875 85.0923004150391 84.7886352539062 84.4398040771484 84.0096206665039 83.5054244995117 83.305908203125 82.9419403076172 82.4522705078125 82.2179260253906 81.8963088989258 81.4511795043945 81.2385940551758 80.8949813842773 80.5659637451172 80.321159362793 79.3356323242188
88.9350204467773 89.3823165893555 89.5529174804688 90.3752212524414 90.6572570800781 90.9988555908203 91.4421463012695 91.744873046875 91.9703826904297 92.2022933959961 92.3278045654297 92.3803482055664 92.2160034179688 92.0660552978516 91.6352081298828 91.4642715454102 91.2467651367188 90.8059768676758 90.3662338256836 90.2188720703125 89.8488082885742 89.5907821655273 89.4477615356445 89.2433471679688 88.8317489624023 88.5059204101562 88.022590637207 87.5711822509766 87.2390213012695 86.9095458984375 86.5067138671875 86.0968704223633 85.6231231689453 85.4315338134766 85.0442886352539 84.6580429077148 84.2546234130859 83.5532073974609 83.4538040161133 83.0763320922852 82.5931243896484 82.3400802612305 81.9861221313477 81.5236053466797 81.3509750366211 81.1117248535156 80.7138595581055 80.3498916625977 79.3872299194336
88.9783935546875 89.5062026977539 89.888671875 90.6831970214844 90.9860153198242 91.3180923461914 91.7070846557617 92.0498962402344 92.4623947143555 92.6184844970703 92.8954010009766 92.7105407714844 92.5365371704102 92.3182220458984 91.8882675170898 91.5795974731445 91.3034591674805 90.9314727783203 90.6164321899414 90.4795303344727 90.0697250366211 89.7420959472656 89.7422027587891 89.4393997192383 88.9293899536133 88.5942916870117 87.8740234375 87.5881500244141 87.3958740234375 87.0109786987305 86.5264892578125 86.1423034667969 85.7788162231445 85.6687088012695 85.2993469238281 84.8945693969727 84.3307952880859 83.6869354248047 83.5114974975586 83.145263671875 82.7153701782227 82.4359970092773 82.1663055419922 81.8761520385742 81.5061111450195 81.2275009155273 80.8249130249023 80.4368667602539 79.5878601074219
89.1872863769531 89.4576263427734 89.9639511108398 90.9706726074219 91.061279296875 91.4886245727539 91.9289703369141 92.3141250610352 92.7429885864258 92.9763259887695 93.1612701416016 93.1620330810547 92.9141235351562 92.6532287597656 91.9900894165039 -3.4e+38 91.4192962646484 91.1475143432617 90.8883209228516 90.6470642089844 90.2930755615234 90.059211730957 89.7020416259766 89.284797668457 88.9819717407227 88.7265167236328 88.0259094238281 87.6658325195312 87.4482650756836 87.1060791015625 86.6806030273438 86.2072525024414 85.8788299560547 85.6557769775391 85.3491363525391 84.8015289306641 84.4014892578125 84.1009979248047 83.7669372558594 83.2987670898438 82.8593139648438 82.5673751831055 82.3052368164062 82.1210708618164 81.6702651977539 81.3066482543945 80.9395904541016 80.5243911743164 79.884033203125
89.3271560668945 89.5997543334961 90.1396102905273 91.1362075805664 91.2596206665039 91.7294540405273 92.0909805297852 92.3562316894531 92.6984939575195 92.9877243041992 93.2124710083008 93.3049392700195 93.0566558837891 92.8059005737305 92.1358642578125 91.8502960205078 91.6332321166992 91.3711013793945 91.1197128295898 90.7605361938477 90.4740219116211 90.1973571777344 89.723876953125 89.579719543457 89.3723373413086 88.8935699462891 88.248664855957 87.8623962402344 87.4808807373047 87.0939636230469 86.8988571166992 86.5102767944336 86.0519027709961 85.655891418457 85.3767242431641 84.9035568237305 84.7784957885742 84.3424377441406 83.7936172485352 83.349723815918 83.1097564697266 82.7372589111328 82.4019165039062 82.1456832885742 81.7973556518555 81.2588577270508 80.9245376586914 80.6025619506836 80.1447906494141
89.5261459350586 89.9576873779297 90.402214050293 91.248664855957 91.4134979248047 91.6741409301758 92.0688552856445 92.3501510620117 92.6963958740234 92.7476043701172 93.082160949707 93.0716705322266 92.9225692749023 92.719108581543 92.3026885986328 92.0214157104492 91.7638168334961 91.498664855957 91.2405548095703 90.9039993286133 90.6112442016602 90.3759460449219 89.9295959472656 89.6729736328125 89.5696182250977 88.9547119140625 88.2480697631836 87.8233261108398 87.5299835205078 87.2687606811523 86.8960037231445 86.5396575927734 86.3127593994141 85.7523040771484 85.5559844970703 85.3548049926758 85.140380859375 84.3429565429688 83.7843399047852 83.3798828125 83.3041610717773 82.7725677490234 82.4471588134766 82.2050399780273 81.8240966796875 81.2952728271484 -3.4e+38 -3.4e+38 80.2229156494141
89.696159362793 90.1648101806641 90.4956130981445 91.2274703979492 91.3296585083008 91.6911163330078 91.9867935180664 92.3418045043945 92.5792541503906 92.6557998657227 92.9331130981445 92.8681335449219 92.7841567993164 92.572509765625 92.3777389526367 92.1901702880859 91.81103515625 91.5491409301758 91.2975234985352 90.9782867431641 90.8003463745117 90.4004821777344 90.1417465209961 89.7274169921875 89.5244979858398 88.8777160644531 88.3330841064453 87.8349456787109 87.6199493408203 87.3669815063477 86.8316116333008 86.3727798461914 86.2152404785156 85.9799880981445 85.9127044677734 85.7123336791992 85.2475967407227 84.3948364257812 83.9551086425781 83.5663299560547 83.2424392700195 82.8953018188477 82.6886367797852 82.3587799072266 81.9465026855469 81.6253204345703 81.375602722168 -3.4e+38 -3.4e+38
89.8536987304688 90.3535690307617 90.5943145751953 91.1211547851562 91.2973022460938 91.6527862548828 91.9491271972656 92.1818542480469 92.3591079711914 92.6472015380859 92.8252792358398 92.8133010864258 92.7177734375 92.5294876098633 92.3478546142578 92.1998443603516 91.8841400146484 91.6396560668945 91.2915573120117 90.972297668457 90.8523406982422 90.4545822143555 90.2187805175781 89.905632019043 89.459228515625 88.8841094970703 88.38525390625 88.0797958374023 87.68994140625 87.4272079467773 87.045654296875 86.6910400390625 86.4221496582031 86.208122253418 86.1787872314453 85.9660491943359 85.5162658691406 84.4667739868164 84.1347732543945 83.7574615478516 83.1913070678711 82.9929885864258 82.9115447998047 82.426025390625 81.9699172973633 81.6618118286133 -3.4e+38 80.86328125 -3.4e+38
89.9204788208008 90.3465118408203 90.5341567993164 91.0702590942383 91.2206497192383 91.4926605224609 91.9048004150391 92.1073226928711 92.3171997070312 92.5400161743164 92.6158828735352 92.5783233642578 92.5307312011719 92.5085754394531 92.1594619750977 91.9911956787109 91.9184417724609 91.6108932495117 91.2679290771484 91.1009140014648 90.8616790771484 90.5333786010742 90.3362426757812 89.9894638061523 89.5591888427734 89.0245590209961 88.5513000488281 88.1511535644531 87.7219848632812 87.5585174560547 87.3076629638672 86.9672088623047 86.6264190673828 86.452880859375 86.2732620239258 85.8914260864258 85.4448318481445 84.6770782470703 84.3007125854492 83.760139465332 83.2455749511719 83.0591812133789 82.9877624511719 82.5877990722656 82.0976257324219 81.5368041992188 81.1749038696289 81.0016098022461 80.3839263916016
89.7615585327148 90.1555023193359 -3.4e+38 -3.4e+38 91.2521133422852 91.4954147338867 91.7136917114258 92.052116394043 92.1909255981445 92.3777160644531 92.3703994750977 92.4293670654297 92.2551193237305 92.2567672729492 92.1051483154297 92.0366592407227 91.7690887451172 91.5546722412109 91.4541854858398 91.1437606811523 90.7410583496094 90.5324478149414 90.2227096557617 89.8489456176758 89.5411148071289 89.4069290161133 88.5012054443359 88.2931060791016 88.0889739990234 87.8348388671875 87.4111022949219 87.3101272583008 87.0964736938477 86.6313095092773 86.0796813964844 85.8559494018555 85.2967529296875 84.808235168457 84.4450378417969 84.0221481323242 83.4960174560547 83.4300689697266 83.121696472168 82.4904327392578 82.2245407104492 81.862663269043 81.6125717163086 81.4219360351562 80.3970184326172
89.9657669067383 -3.4e+38 -3.4e+38 91.1165390014648 91.4509887695312 91.6224060058594 91.6247482299805 91.872428894043 92.0115509033203 92.1065139770508 92.2404327392578 92.2495422363281 92.1373901367188 92.272331237793 92.0326843261719 91.9028091430664 91.7148971557617 91.5095672607422 91.441650390625 91.1329498291016 90.9061508178711 90.7377548217773 90.3386306762695 89.9435958862305 89.6828079223633 89.3293838500977 88.6733474731445 88.2795104980469 88.2333908081055 87.9061889648438 87.6186141967773 87.4333724975586 87.0604248046875 86.5432586669922 86.0097274780273 85.7993545532227 85.5770492553711 84.8249206542969 84.460334777832 84.1315994262695 83.7312469482422 83.5194778442383 83.006965637207 82.5730667114258 82.2754058837891 81.9580841064453 81.737548828125 81.4345092773438 80.4785614013672
89.9861145019531 -3.4e+38 90.5496673583984 91.1837997436523 91.5978698730469 91.6175308227539 91.5672760009766 91.85400390625 91.9367294311523 92.1423950195312 92.1733016967773 92.0953216552734 92.2105026245117 92.3258209228516 91.9623947143555 91.8924179077148 91.6720123291016 91.4113540649414 91.2564239501953 91.0922088623047 90.9239959716797 90.7758712768555 90.396110534668 90.0261001586914 89.717414855957 89.3844223022461 88.9093704223633 88.3302536010742 88.3448867797852 87.986083984375 87.7501220703125 87.370719909668 86.9513092041016 86.4729537963867 86.0934906005859 85.9165573120117 85.7321166992188 84.8242645263672 84.5975646972656 84.2408981323242 83.9575958251953 83.5573043823242 83.0280990600586 82.6967086791992 82.3662948608398 82.06494140625 81.7952728271484 81.5456390380859 80.6037292480469
90.0470809936523 -3.4e+38 90.5521774291992 91.2233581542969 91.5068664550781 91.5642852783203 91.7101669311523 91.8229370117188 92.0029525756836 92.0969085693359 91.9770660400391 92.0156402587891 92.1507797241211 92.2294692993164 91.8591232299805 91.80615234375 91.6478271484375 91.3759765625 91.2405166625977 91.1155014038086 90.9546203613281 90.7080154418945 90.4267349243164 90.1073303222656 89.7458038330078 89.4160995483398 88.8766937255859 88.55419921875 88.3805313110352 88.1214447021484 87.805908203125 87.406623840332 86.9916381835938 86.5884552001953 86.2770385742188 86.0117111206055 85.7962417602539 85.0632629394531 84.7627716064453 84.306884765625 84.0439987182617 83.7093276977539 83.3280715942383 82.9157562255859 82.4667587280273 82.1975631713867 81.856803894043 81.7130584716797 80.8379364013672
90.065055847168 90.2285919189453 90.5648422241211 91.2017440795898 91.3925933837891 91.4206237792969 91.7026443481445 91.8000335693359 91.8866271972656 92.0054550170898 91.8829193115234 91.9979400634766 91.9596786499023 91.9110336303711 91.72607421875 91.6490325927734 91.6378707885742 91.4489364624023 91.228889465332 91.1149978637695 90.9062652587891 90.692626953125 90.4747314453125 90.1159973144531 89.8099746704102 89.545295715332 88.8921432495117 88.800895690918 88.5135955810547 88.22509765625 87.7393417358398 87.4669799804688 87.1290588378906 86.703010559082 86.3710403442383 86.0928802490234 85.9389953613281 85.1218185424805 84.8456573486328 84.3452453613281 84.0653915405273 83.8233642578125 83.5872573852539 83.0640029907227 82.6237030029297 82.3905410766602 81.9503707885742 81.7523498535156 80.9541320800781
90.2681427001953 90.2388000488281 90.5660781860352 91.1144104003906 91.235481262207 91.3191070556641 91.5307846069336 91.6828689575195 91.733039855957 91.9268112182617 91.8366317749023 91.9076766967773 91.8404922485352 91.7339324951172 91.5823516845703 91.5619659423828 91.5804901123047 91.2780303955078 91.1778411865234 91.0538940429688 90.759635925293 90.5876235961914 90.4298629760742 90.0802841186523 89.7584991455078 89.5831527709961 89.000602722168 88.8310775756836 88.5286560058594 88.2022476196289 87.6519393920898 87.4096450805664 87.1330718994141 86.7547454833984 86.4610824584961 86.2934112548828 85.8753433227539 85.1460723876953 84.8750228881836 84.5834274291992 84.2680969238281 83.978271484375 83.5950012207031 83.0507583618164 82.6650161743164 82.4703979492188 82.100212097168 81.7679443359375 81.1108779907227
