rcp8.5models/CNRM-CM5/sc1gr1.38
NCOLS 261 
NROWS 433 
XLLCORNER 336357.134 
YLLCORNER 654653.479 
CELLSIZE 1000 
NODATA_value -3.4e+38 
[rows 242 to 263 of 433, columns 196 to 244 of 261]
64.532585144043 64.0330657958984 63.6346092224121 63.5040092468262 63.0244255065918 62.9143333435059 62.6387023925781 62.1529731750488 62.0610275268555 62.0514640808105 61.766487121582 61.2221298217773 61.0814208984375 61.0500869750977 61.176456451416 60.9861869812012 60.7908058166504 60.4974479675293 59.7828140258789 -3.4e+38 -3.4e+38 59.5170135498047 59.3791007995605 58.9085731506348 58.7002067565918 58.6446723937988 58.0524215698242 58.0442428588867 58.0051574707031 57.9918365478516 57.4932594299316 57.1312713623047 56.6665000915527 56.4993171691895 56.705436706543 56.843391418457 56.7716026306152 56.3397598266602 56.2119560241699 55.9634208679199 55.4895782470703 54.9707679748535 54.9829139709473 55.2687149047852 -3.4e+38 -3.4e+38 -3.4e+38 -3.4e+38 54.6969032287598
64.8726577758789 64.2213897705078 64.1144332885742 63.6992530822754 63.5691604614258 63.3064880371094 62.9165573120117 62.8327598571777 62.5855941772461 62.1279945373535 62.2497520446777 61.9372711181641 61.6719169616699 60.9240112304688 60.9842109680176 60.6978187561035 60.6313934326172 60.6202812194824 60.2239837646484 -3.4e+38 -3.4e+38 59.6558876037598 59.6311149597168 59.5509414672852 59.2639541625977 58.8304023742676 58.6773071289062 58.5509490966797 58.3400268554688 58.2216835021973 57.6997718811035 57.5691337585449 57.3453369140625 57.1071243286133 56.7535133361816 56.9758682250977 57.0136795043945 56.6229591369629 56.3117904663086 56.1534233093262 55.9548988342285 55.334342956543 55.237060546875 55.283634185791 -3.4e+38 -3.4e+38 55.3532218933105 -3.4e+38 -3.4e+38
64.78173828125 64.3618850708008 64.512565612793 63.9052314758301 63.5946388244629 63.6492614746094 62.9855499267578 62.7141151428223 62.4621810913086 62.1740875244141 62.1132278442383 61.8820266723633 61.8626136779785 61.5531196594238 61.2908172607422 60.9248886108398 60.7891273498535 60.7016410827637 60.4501686096191 60.195858001709 -3.4e+38 -3.4e+38 59.6636848449707 59.5093727111816 59.3701171875 59.2573585510254 58.9011306762695 58.5618057250977 58.5554275512695 58.4960670471191 57.8545799255371 57.7651748657227 57.6079864501953 57.4666328430176 57.0555839538574 56.9431228637695 57.0797882080078 56.9776382446289 56.4767761230469 56.3117141723633 56.2098846435547 55.8150749206543 55.5569076538086 55.4303359985352 -3.4e+38 55.1421737670898 55.0502433776855 54.9435119628906 -3.4e+38
64.7763824462891 64.2400131225586 64.3271560668945 64.191764831543 63.7386283874512 63.6137428283691 63.1765403747559 62.7544174194336 62.2848587036133 62.1235771179199 62.1484756469727 61.9128036499023 62.0155181884766 61.9935035705566 61.3840293884277 61.1142463684082 60.7465400695801 60.5311889648438 60.6784133911133 60.3402290344238 59.9929008483887 59.8642120361328 59.7071800231934 59.4845848083496 59.493579864502 59.2808151245117 -3.4e+38 -3.4e+38 58.6782493591309 58.7272758483887 57.9720306396484 58.2167205810547 57.8276863098145 57.5770797729492 57.2869834899902 57.1118278503418 57.4231872558594 57.2558135986328 56.6942291259766 56.5366897583008 56.3525352478027 56.1862907409668 55.8896064758301 55.7589645385742 -3.4e+38 55.3105506896973 54.9151039123535 55.1070022583008 55.1042633056641
64.9063262939453 64.3250885009766 64.0210113525391 63.9973526000977 63.6101722717285 63.6802062988281 63.274471282959 62.6345672607422 62.5039749145508 62.260627746582 61.9281387329102 61.8434791564941 61.9872245788574 61.8682479858398 61.4824867248535 61.1160011291504 60.667911529541 60.7741317749023 60.8550338745117 60.6413421630859 60.2522239685059 59.9749755859375 59.8578453063965 59.6842041015625 59.5797004699707 59.3849449157715 -3.4e+38 -3.4e+38 58.6866912841797 58.6907196044922 57.9624786376953 58.2649955749512 57.9143486022949 57.6864967346191 57.4029350280762 57.2564582824707 57.2990608215332 57.266185760498 57.0195770263672 56.493293762207 56.5157775878906 56.2577514648438 56.0790252685547 55.9092445373535 55.7300872802734 55.459587097168 55.1660308837891 55.2929382324219 55.0603256225586
64.9414291381836 64.4875869750977 63.9204216003418 63.7731246948242 63.5838928222656 63.8023796081543 63.0998649597168 62.9004592895508 62.9251480102539 62.4091911315918 61.9654426574707 61.7794876098633 61.9657821655273 61.8076019287109 -3.4e+38 61.1620254516602 61.0397567749023 61.174991607666 61.0670204162598 60.8783760070801 60.4247970581055 59.8644561767578 59.854118347168 59.7707061767578 60.0458335876465 59.8039932250977 -3.4e+38 -3.4e+38 58.934383392334 58.8632431030273 57.9826164245605 58.1894454956055 57.9653129577637 57.8887252807617 57.5684204101562 57.3518028259277 57.2642822265625 57.1637763977051 57.0023384094238 56.6177253723145 56.9548988342285 56.3298301696777 56.1380805969238 55.9728775024414 55.8899383544922 55.7135925292969 55.5028228759766 55.4726829528809 55.1551742553711
64.463996887207 64.4047088623047 64.0644989013672 63.7836151123047 63.8229141235352 63.5725364685059 63.0084381103516 62.8968048095703 62.8581008911133 62.6417961120605 62.224609375 61.93994140625 62.0478057861328 61.9840621948242 61.6705856323242 61.5223350524902 61.2923851013184 61.0737915039062 61.1574935913086 60.8104286193848 60.2961883544922 59.7040252685547 59.7535743713379 59.938102722168 60.031608581543 59.5221252441406 59.2548904418945 -3.4e+38 59.0626411437988 59.0401611328125 58.3959426879883 58.2783355712891 58.0504875183105 58.0927810668945 57.7105751037598 57.5810394287109 57.5037040710449 57.2960243225098 57.1331939697266 56.9513282775879 57.1169967651367 56.7110061645508 56.2834396362305 56.0992469787598 56.0100212097168 55.9441184997559 55.8354148864746 55.617805480957 55.1977348327637
64.3914566040039 64.30322265625 64.4824829101562 63.8660850524902 63.7760429382324 63.4903945922852 63.5062637329102 63.0856056213379 62.8605346679688 62.7554702758789 62.3926315307617 62.2849426269531 62.3392105102539 62.1008453369141 62.0747833251953 61.9312934875488 61.2866973876953 61.1182479858398 61.1024932861328 60.8305587768555 60.5446510314941 60.2118339538574 59.9998779296875 59.8100318908691 59.5170555114746 59.409236907959 59.7968673706055 59.3485908508301 59.1735877990723 59.2088241577148 58.4663581848145 -3.4e+38 58.5924224853516 58.3695526123047 58.3462600708008 58.054443359375 57.7239608764648 57.6072540283203 57.4022026062012 57.1485176086426 57.127758026123 56.9821891784668 56.3950271606445 56.215087890625 56.1094055175781 56.0480308532715 55.9673843383789 55.7607727050781 55.4635848999023
65.1603469848633 64.7727127075195 64.708984375 64.0730285644531 63.6449508666992 63.5978622436523 63.7376327514648 63.1872978210449 63.1503028869629 62.9878730773926 62.7625160217285 62.5193672180176 62.4187965393066 62.0209846496582 62.2472229003906 62.0710220336914 61.5078582763672 61.446346282959 61.1955986022949 61.0219268798828 60.9624366760254 60.8003005981445 60.3748512268066 59.8780212402344 59.4901885986328 59.7322731018066 60.2251853942871 59.4979286193848 59.3619384765625 59.2987327575684 58.8626480102539 58.7255973815918 58.6116943359375 58.3616714477539 58.2982215881348 58.3238983154297 58.0701599121094 57.7248878479004 57.5264854431152 57.2584838867188 57.165283203125 57.0313720703125 56.4906730651855 56.4213218688965 56.3747673034668 56.2862205505371 56.1001243591309 55.9372596740723 55.7864837646484
65.4158935546875 65.1123123168945 64.7266693115234 64.4466857910156 63.7374420166016 63.716178894043 63.8074836730957 63.3599243164062 63.5054740905762 63.0768585205078 62.8871269226074 62.7631149291992 62.5009460449219 62.2679901123047 62.4138603210449 62.2852935791016 62.024600982666 61.7850914001465 -3.4e+38 61.5500373840332 61.2751274108887 60.8115653991699 60.6936492919922 60.1456413269043 59.7150726318359 59.8884696960449 60.0690078735352 60.1771011352539 59.9398651123047 59.6910858154297 59.2924461364746 58.7897911071777 58.4066276550293 58.6068954467773 58.321907043457 58.2691421508789 58.1152305603027 57.8175582885742 57.8810729980469 57.3377647399902 57.1921615600586 57.2246208190918 56.968448638916 56.8561515808105 56.8276023864746 56.7234077453613 56.4243240356445 56.0412712097168 55.9328193664551
65.5177459716797 65.2383651733398 64.7605285644531 64.6998748779297 64.2078399658203 64.0733871459961 63.8010063171387 63.6892395019531 63.6553573608398 63.3518981933594 63.124397277832 62.9859237670898 62.5849227905273 62.5417442321777 62.595043182373 62.6694107055664 62.6081237792969 62.1437911987305 61.771728515625 61.7853355407715 61.3406715393066 60.8745231628418 60.7662620544434 60.3950500488281 60.1529998779297 60.0626564025879 60.0082969665527 60.1255836486816 59.9972953796387 60.0590324401855 59.3633155822754 59.0087394714355 58.7546768188477 58.8619003295898 58.5727729797363 58.0035057067871 57.9217529296875 58.0862808227539 58.1231536865234 57.4465293884277 57.2652473449707 57.2126159667969 57.2087669372559 56.9000358581543 57.1702651977539 57.1043891906738 56.7385330200195 56.1875190734863 56.0291023254395
65.7392349243164 65.3813934326172 65.115119934082 64.7119903564453 64.5902557373047 64.486442565918 63.9023628234863 63.6713714599609 63.3720855712891 63.4681396484375 63.4312515258789 63.2083320617676 62.8850288391113 62.916130065918 62.8194694519043 62.6952323913574 62.6780624389648 62.2458801269531 61.8645858764648 61.5992050170898 61.0871772766113 60.9344825744629 60.8082427978516 60.7429275512695 60.4408798217773 60.2530860900879 60.2216720581055 60.0812110900879 59.9021263122559 60.3573913574219 59.795238494873 59.3768119812012 59.249080657959 58.9558753967285 58.6687355041504 58.2993316650391 58.3462829589844 58.1575164794922 58.0294418334961 57.9550018310547 57.7462501525879 57.3531684875488 57.2813873291016 57.0552291870117 57.002124786377 57.1886253356934 56.909309387207 56.6655540466309 56.5727195739746
65.6824188232422 65.3592987060547 65.0578308105469 64.7104568481445 64.5725555419922 64.7121887207031 64.3039169311523 63.407787322998 63.3601455688477 63.5560035705566 63.5251579284668 63.4522895812988 63.1459770202637 62.7879333496094 62.691478729248 62.7178230285645 62.3844184875488 62.3382377624512 62.0032806396484 61.620059967041 61.2479515075684 61.550895690918 61.1405563354492 60.926212310791 60.6419639587402 60.3990592956543 60.2758407592773 60.2582702636719 59.9515113830566 60.1772994995117 60.2142715454102 59.7090835571289 59.1236839294434 59.0840301513672 58.8210678100586 58.7224807739258 58.8712997436523 58.4580917358398 58.1124076843262 58.3088607788086 57.9750328063965 57.4786949157715 57.328556060791 57.1785545349121 57.0494270324707 57.2774200439453 57.0913848876953 56.9118766784668 56.6129150390625
65.7600708007812 65.2795181274414 64.7157592773438 64.9028701782227 64.8197631835938 64.6555404663086 64.5528259277344 63.3989067077637 63.3720703125 63.5754127502441 63.6238021850586 63.504077911377 63.4158592224121 63.1039390563965 62.3619079589844 62.6197853088379 62.8593101501465 63.2931518554688 61.8192253112793 61.9835510253906 61.6682815551758 61.6673965454102 61.5264739990234 61.3281707763672 61.3000259399414 60.7391471862793 60.3014297485352 60.0890922546387 60.1849212646484 59.9480094909668 59.4489440917969 59.7336120605469 59.6754188537598 59.3578681945801 59.0350494384766 58.9818382263184 58.8289947509766 58.6019897460938 58.4316825866699 58.2090759277344 58.3355026245117 57.3827514648438 57.2162704467773 57.362979888916 57.5752296447754 57.2647399902344 57.2665367126465 57.1579895019531 57.0312347412109
65.8982772827148 65.5993728637695 65.276611328125 65.1591415405273 65.1095275878906 64.8232879638672 64.6799240112305 63.7537422180176 63.6849174499512 63.4713668823242 63.5688400268555 63.6679878234863 63.6472625732422 63.4250907897949 63.2353210449219 63.2155113220215 62.7647323608398 63.3348274230957 62.1876220703125 62.1132125854492 61.6330947875977 61.5967140197754 61.5367279052734 61.4909439086914 61.769588470459 60.7536087036133 60.4880790710449 60.2155723571777 60.1556549072266 60.1398811340332 59.7750244140625 59.5971717834473 60.0901222229004 59.4656524658203 59.1078605651855 58.9656829833984 59.1455230712891 58.6181221008301 58.644660949707 58.4843101501465 58.2371559143066 57.949520111084 57.6710472106934 57.3120498657227 57.4066619873047 57.1665382385254 57.3083839416504 57.1732902526855 57.286922454834
65.8724060058594 65.9218215942383 65.7732238769531 65.7078475952148 65.5356140136719 65.0369186401367 64.7644348144531 64.239387512207 64.1250610351562 63.7334327697754 63.7062835693359 63.8297920227051 63.8136863708496 64.0582275390625 64.0076675415039 63.3338241577148 62.5927696228027 63.0233497619629 62.5628471374512 62.2511596679688 61.8535346984863 61.574893951416 61.7034759521484 61.9783897399902 61.828498840332 60.8372573852539 61.1689720153809 60.5526695251465 60.579719543457 60.5897331237793 60.2014846801758 59.9214057922363 60.0703353881836 59.3876686096191 59.1697044372559 59.3831214904785 59.521800994873 58.8155937194824 58.9459495544434 58.8420295715332 58.3871459960938 58.3025283813477 57.9267539978027 57.2544059753418 57.1745948791504 57.3016395568848 57.8271026611328 57.5210113525391 57.6600456237793
66.0405502319336 66.1610870361328 65.9147720336914 65.8644638061523 65.207878112793 64.8332214355469 64.871955871582 64.5223922729492 64.3788299560547 64.0953369140625 63.904182434082 64.0095138549805 63.9401550292969 64.2793579101562 63.9474792480469 63.7977447509766 63.6425476074219 63.3991203308105 62.6698303222656 62.0718040466309 61.8044013977051 61.5873794555664 -3.4e+38 62.7579078674316 61.6879005432129 60.8104858398438 60.9219245910645 60.6889572143555 60.9845733642578 60.7102928161621 60.2399673461914 60.0446281433105 59.816162109375 59.9076690673828 59.7545700073242 60.3006362915039 60.0828704833984 59.328742980957 59.2187957763672 59.0140113830566 58.6475257873535 58.3617668151855 58.2023849487305 57.7088470458984 57.3602027893066 57.6440467834473 57.9858360290527 57.9873275756836 57.9468231201172
66.4465255737305 66.4372024536133 66.1792526245117 65.960075378418 65.3334045410156 65.137809753418 65.2287292480469 64.6189270019531 64.3732681274414 63.9855422973633 63.9846382141113 64.0987777709961 64.5170516967773 64.5524749755859 63.7169036865234 63.9998664855957 63.9952278137207 63.6925277709961 63.4379806518555 62.557201385498 62.3033790588379 61.9123764038086 61.7648048400879 62.1340522766113 61.6640777587891 61.2191047668457 60.3600540161133 60.7993354797363 61.0140953063965 60.8689346313477 60.3140144348145 60.1347427368164 59.8702926635742 60.1534080505371 60.4698905944824 61.0079689025879 60.5095901489258 59.3561096191406 58.9880065917969 58.9054641723633 58.7806129455566 58.5038185119629 58.4322814941406 58.1784439086914 57.7767448425293 57.5267295837402 57.4570236206055 57.5456237792969 57.64306640625
66.8258666992188 66.5727157592773 66.1481323242188 66.0681915283203 65.5735321044922 65.2794189453125 65.5475616455078 64.9169616699219 64.5013198852539 64.1898040771484 64.1149215698242 64.2683639526367 65.1253662109375 64.7969589233398 63.5631942749023 63.8359298706055 64.2817306518555 64.2745590209961 64.1982955932617 62.6314888000488 62.6575698852539 62.1548805236816 61.8753929138184 61.5645904541016 61.7021903991699 61.5028266906738 61.1984519958496 61.3184852600098 61.1931838989258 61.2621955871582 60.3710975646973 60.3275260925293 60.2256393432617 60.119197845459 60.2850189208984 60.8690719604492 59.951774597168 58.9610786437988 58.8895111083984 58.9572257995605 58.807975769043 58.5257835388184 58.5405654907227 58.348876953125 57.96533203125 57.395336151123 57.2718086242676 57.2488021850586 57.4727516174316
66.9359817504883 66.4698333740234 66.0258407592773 66.1047515869141 65.8247146606445 65.4696807861328 65.5609283447266 65.2576370239258 64.7080917358398 64.5542526245117 64.4318161010742 64.348991394043 64.9171676635742 64.4338989257812 63.6734962463379 64.6649856567383 64.7877426147461 64.4809722900391 63.6459579467773 62.4472618103027 62.4143943786621 62.3284111022949 61.9522933959961 61.8175010681152 62.2073631286621 62.047046661377 61.7550811767578 61.4306106567383 61.1742210388184 61.2566566467285 60.2310523986816 60.3297119140625 60.1940231323242 60.2039909362793 60.036190032959 60.154109954834 59.635871887207 58.9926719665527 59.1964073181152 58.8793830871582 58.9634132385254 58.6123123168945 58.6348686218262 58.461669921875 58.1434936523438 57.7363204956055 57.3816375732422 57.2872886657715 57.3985939025879
67.0003433227539 66.5523223876953 66.3752670288086 66.4375076293945 66.0758972167969 65.6190338134766 65.6164855957031 65.0420837402344 64.9457397460938 64.8081436157227 64.4957046508789 63.8322143554688 63.988395690918 64.5361175537109 65.0097427368164 66.0283813476562 65.1348342895508 64.2111740112305 62.9261093139648 62.8168907165527 62.6535682678223 62.5372161865234 62.0793762207031 62.3835334777832 62.1847686767578 61.9665565490723 61.302562713623 61.1644096374512 61.3764953613281 61.2463340759277 60.7381820678711 60.7057991027832 60.0984191894531 -3.4e+38 -3.4e+38 -3.4e+38 59.8689270019531 59.453197479248 59.5074615478516 59.158561706543 59.3223648071289 58.5656776428223 58.6730880737305 58.605785369873 58.4619102478027 58.0732269287109 57.5393180847168 57.562629699707 57.4462203979492
67.1285400390625 66.9967193603516 66.5719985961914 66.5134353637695 66.4226150512695 65.7461929321289 65.5770568847656 64.512077331543 64.8006591796875 64.7303771972656 64.3553161621094 63.8514633178711 63.9282913208008 64.8477478027344 66.2900695800781 66.9652328491211 65.8596115112305 64.5267791748047 62.7950782775879 63.0900955200195 62.9712562561035 62.3506622314453 62.3296432495117 62.819766998291 61.9740715026855 61.5590515136719 61.4551849365234 61.4536666870117 61.4711112976074 -3.4e+38 61.613109588623 61.3287467956543 59.9170341491699 -3.4e+38 -3.4e+38 60.1627197265625 60.0135536193848 59.8203811645508 59.7232131958008 59.4500999450684 59.2912559509277 58.8928680419922 59.1026649475098 59.0217514038086 58.5727386474609 58.2055702209473 57.8425941467285 57.7506675720215 57.9102516174316
