rcp8.5models/CNRM-CM5/sc1gr4.32
NCOLS 261 
NROWS 433 
XLLCORNER 336357.134 
YLLCORNER 654653.479 
CELLSIZE 1000 
NODATA_value -3.4e+38 
[rows 242 to 263 of 433, columns 49 to 97 of 261]
285.296936035156 285.072265625 285.139221191406 285.124481201172 285.109588623047 285.559967041016 285.730773925781 285.393798828125 285.348083496094 285.465362548828 285.477722167969 285.124420166016 285.053100585938 284.951568603516 284.861175537109 284.691162109375 284.588256835938 284.440185546875 284.4013671875 284.242919921875 284.164916992188 283.822601318359 283.916564941406 284.040802001953 283.599945068359 283.547760009766 283.817169189453 284.124969482422 283.693023681641 283.885498046875 283.668487548828 282.989349365234 282.819458007812 283.159118652344 283.429656982422 283.794281005859 284.213806152344 283.74853515625 283.306518554688 283.323211669922 283.230285644531 282.643859863281 282.2421875 282.244445800781 282.174560546875 282.083587646484 281.347930908203 278.613830566406 276.760772705078
285.46142578125 285.237243652344 285.155517578125 285.054840087891 285.267578125 285.776763916016 285.658020019531 285.529144287109 285.488555908203 285.492401123047 285.551177978516 285.711700439453 285.247772216797 285.196533203125 285.126922607422 285.116424560547 285.045257568359 284.839569091797 284.276519775391 284.144622802734 284.204406738281 283.867095947266 283.838775634766 283.741394042969 283.674530029297 283.408172607422 283.540893554688 283.739135742188 283.543914794922 283.358551025391 283.281341552734 283.337310791016 283.067535400391 282.905120849609 283.335632324219 283.294891357422 283.598815917969 283.97412109375 283.408050537109 283.336273193359 283.26416015625 283.135925292969 283.061676025391 282.774261474609 282.503570556641 282.272094726562 282.023559570312 281.223419189453 279.700805664062
285.496063232422 285.502288818359 285.667938232422 285.550476074219 285.734497070312 285.930297851562 285.741455078125 285.399475097656 285.25 285.287384033203 285.304534912109 285.495330810547 285.414764404297 285.351348876953 285.464477539062 285.458557128906 285.160339355469 285.041351318359 284.484771728516 284.281585693359 284.302612304688 284.199157714844 284.301361083984 284.123321533203 284.075500488281 283.688446044922 283.40673828125 283.444427490234 283.360595703125 282.994903564453 283.294769287109 283.237060546875 282.891632080078 282.662872314453 283.089294433594 283.571258544922 284.050476074219 284.030578613281 282.320007324219 280.889953613281 282.599884033203 283.220031738281 283.065185546875 283.016082763672 282.898193359375 282.758422851562 282.508117675781 281.877471923828 279.882263183594
286.032531738281 285.926788330078 285.864898681641 285.9697265625 286.088043212891 286.052062988281 285.899871826172 285.426116943359 285.240661621094 285.318115234375 285.287750244141 285.375122070312 285.653076171875 285.660491943359 285.583221435547 285.804443359375 285.414978027344 285.068511962891 284.733367919922 284.583831787109 284.446075439453 284.484283447266 284.606658935547 284.406188964844 284.428619384766 284.332794189453 283.881896972656 283.274353027344 283.082702636719 283.046173095703 283.123138427734 283.213592529297 282.976318359375 282.793701171875 283.213684082031 283.474639892578 283.915710449219 283.931274414062 281.267486572266 279.179260253906 282.603546142578 283.291931152344 283.205627441406 282.981201171875 282.701049804688 282.677368164062 282.558410644531 282.032592773438 280.669647216797
286.412902832031 286.317993164062 286.081085205078 286.023254394531 285.658325195312 285.327819824219 285.50244140625 285.564575195312 285.332672119141 285.199371337891 285.207763671875 285.288360595703 285.434631347656 285.503601074219 285.40380859375 285.505920410156 285.539093017578 285.504516601562 285.233428955078 284.881988525391 284.990051269531 284.959716796875 284.948211669922 284.660797119141 284.382141113281 284.391387939453 284.022155761719 283.442260742188 283.580932617188 283.427612304688 283.320465087891 283.330963134766 283.285491943359 283.1923828125 283.259063720703 283.424346923828 283.893035888672 283.877777099609 281.967407226562 280.704925537109 282.937896728516 283.337799072266 283.332122802734 283.164947509766 282.789184570312 282.412780761719 282.358856201172 282.253875732422 281.770599365234
286.243743896484 286.070190429688 286.055236816406 285.989440917969 285.561737060547 285.269683837891 285.150390625 285.483428955078 285.23583984375 285.092498779297 285.013214111328 285.097534179688 285.187286376953 285.201812744141 285.26953125 285.169006347656 285.244781494141 285.300506591797 285.477783203125 285.288452148438 285.111785888672 285.139953613281 284.950958251953 284.862030029297 284.762023925781 284.479339599609 283.928558349609 283.898864746094 284.364654541016 283.729919433594 283.936889648438 283.825805664062 283.609680175781 283.384155273438 283.419799804688 283.548919677734 283.934295654297 284.014892578125 282.958129882812 282.335693359375 283.080627441406 283.170654296875 283.267242431641 283.181488037109 283.162231445312 282.918395996094 282.800354003906 282.469116210938 282.1201171875
285.968231201172 285.618347167969 285.642517089844 285.807891845703 285.7041015625 285.46337890625 285.185821533203 285.18603515625 285.191772460938 285.170013427734 285.110198974609 285.297393798828 285.271606445312 285.115203857422 285.236511230469 284.906127929688 284.648101806641 284.858276367188 285.050048828125 285.21435546875 285.362548828125 285.289886474609 285.07861328125 285.156341552734 285.071594238281 284.538940429688 284.062347412109 284.382781982422 284.799896240234 284.056640625 283.800903320312 283.711212158203 283.550323486328 283.52392578125 283.508331298828 283.523559570312 284.003295898438 284.051422119141 283.32373046875 280.72509765625 278.751739501953 283.305541992188 283.329895019531 283.197479248047 283.261596679688 283.260406494141 283.251190185547 282.828094482422 282.055236816406
285.630310058594 285.245208740234 285.187194824219 285.673461914062 285.619659423828 285.404022216797 285.353820800781 285.146911621094 285.381500244141 285.365692138672 285.417633056641 285.540618896484 285.344696044922 285.241638183594 285.224853515625 284.977081298828 284.777465820312 284.699981689453 284.584991455078 284.940032958984 285.165252685547 285.029357910156 285.183654785156 285.316131591797 285.045196533203 284.695007324219 284.549194335938 284.784637451172 284.683746337891 284.183685302734 283.8125 283.080078125 282.463104248047 282.70947265625 283.320220947266 283.479034423828 283.824310302734 284.083557128906 283.705291748047 281.833618164062 279.109558105469 283.454437255859 283.270843505859 283.174835205078 283.303802490234 283.214874267578 283.23876953125 283.042602539062 281.69091796875
285.091003417969 284.908721923828 284.959289550781 285.463256835938 285.566284179688 285.620422363281 285.576202392578 285.387908935547 285.545837402344 285.612213134766 285.633117675781 285.769470214844 285.622222900391 285.520721435547 285.620727539062 285.625793457031 285.038848876953 284.5634765625 283.478179931641 284.680725097656 284.795288085938 284.964172363281 285.144744873047 285.18701171875 285.049560546875 284.915130615234 284.820434570312 284.809967041016 284.504364013672 283.817993164062 283.8310546875 283.313415527344 282.697448730469 282.861267089844 281.818389892578 280.632659912109 283.702880859375 284.123107910156 284.002288818359 283.492736816406 282.681365966797 280.182189941406 283.225708007812 283.112976074219 282.900909423828 282.686553955078 283.043273925781 283.12841796875 282.464050292969
285.094390869141 285.147705078125 284.953063964844 285.434326171875 285.564117431641 285.703918457031 285.665374755859 286.050476074219 285.756622314453 285.885070800781 285.926910400391 285.968444824219 285.87451171875 285.814178466797 285.964569091797 285.789916992188 285.174591064453 284.851196289062 284.167327880859 284.561157226562 284.670806884766 284.912048339844 284.993743896484 285.204223632812 285.292907714844 285.066955566406 284.963256835938 285.007995605469 284.73095703125 283.793243408203 284.084167480469 283.949615478516 283.5517578125 283.337463378906 282.217803955078 281.418182373047 283.678192138672 283.982696533203 284.151489257812 283.481170654297 283.254608154297 280.277801513672 282.218505859375 283.275207519531 283.000274658203 282.568511962891 282.551452636719 283.02294921875 283.052337646484
285.484100341797 285.266479492188 285.246002197266 285.502014160156 285.625427246094 285.837860107422 285.939147949219 286.291320800781 286.236236572266 286.100982666016 285.992828369141 286.1923828125 286.069458007812 286.042236328125 286.023162841797 285.73974609375 285.373229980469 285.217193603516 285.291076660156 284.994873046875 284.834442138672 284.813293457031 284.674163818359 284.565063476562 284.898254394531 285.153442382812 285.101593017578 285.021270751953 284.656951904297 284.282867431641 284.501281738281 284.226959228516 283.965240478516 283.723571777344 283.643737792969 283.329467773438 283.428894042969 284.041687011719 284.268646240234 283.636901855469 283.383117675781 282.845886230469 282.660766601562 283.374237060547 283.253479003906 282.917572021484 282.589477539062 282.767974853516 283.152160644531
285.631958007812 285.460876464844 285.557006835938 285.750366210938 286.094268798828 286.230834960938 286.304870605469 286.342132568359 286.110412597656 286.113586425781 286.104187011719 285.954742431641 285.857818603516 285.932342529297 285.944305419922 285.710388183594 285.455352783203 285.438140869141 285.508544921875 285.323181152344 284.919128417969 284.574676513672 284.701019287109 284.510498046875 284.850891113281 285.022338867188 284.960693359375 284.958435058594 284.841369628906 284.489044189453 284.353607177734 284.367523193359 284.369567871094 284.179290771484 284.215026855469 283.721710205078 283.542358398438 284.136596679688 284.435089111328 284.109222412109 283.948028564453 283.715789794922 282.567199707031 281.952056884766 283.340179443359 283.150939941406 282.914367675781 282.712188720703 283.092864990234
285.603149414062 285.716461181641 285.860656738281 286.041412353516 286.337219238281 286.315582275391 286.333984375 286.374725341797 285.804321289062 285.756652832031 286.052703857422 286.102020263672 286.186920166016 286.211639404297 286.214447021484 285.993774414062 285.807281494141 285.924407958984 285.821380615234 285.646942138672 285.094268798828 284.885986328125 284.910278320312 284.93017578125 284.902862548828 284.763031005859 284.831298828125 284.844055175781 284.933624267578 284.332855224609 284.353424072266 284.817199707031 284.837371826172 284.579315185547 284.400665283203 283.869049072266 283.220001220703 284.092956542969 284.542877197266 284.160003662109 283.541534423828 283.778625488281 282.539855957031 280.431579589844 280.650695800781 283.283874511719 282.866302490234 282.611785888672 282.928314208984
286.062377929688 286.418853759766 286.582458496094 286.250457763672 286.032531738281 285.925659179688 285.871704101562 285.693237304688 285.122039794922 285.148590087891 285.844177246094 285.862915039062 286.169525146484 286.402099609375 285.964721679688 285.623687744141 285.611236572266 285.846008300781 285.442047119141 285.646850585938 285.741149902344 285.684661865234 285.440673828125 285.033203125 285.196655273438 284.906005859375 284.673034667969 284.721008300781 284.904174804688 285.282318115234 284.980712890625 284.875701904297 284.864471435547 284.529418945312 284.313812255859 283.940460205078 283.383544921875 283.459136962891 284.435791015625 284.324920654297 283.600189208984 282.422546386719 282.697021484375 282.536468505859 282.383087158203 283.111175537109 282.986511230469 282.509887695312 282.400939941406
286.305358886719 286.562042236328 286.414581298828 286.184906005859 285.841033935547 285.537109375 285.712982177734 285.414428710938 284.961212158203 284.806213378906 284.775817871094 285.4296875 285.731353759766 285.916534423828 285.886749267578 285.676422119141 285.314819335938 285.210998535156 285.238098144531 285.296600341797 285.267333984375 285.561889648438 285.633087158203 285.453002929688 285.567718505859 285.301116943359 284.931915283203 284.877685546875 284.684387207031 284.889343261719 284.951446533203 284.7978515625 284.534149169922 284.468170166016 284.596588134766 284.381103515625 283.656127929688 283.585479736328 284.347900390625 284.303619384766 283.915710449219 282.650909423828 282.431701660156 281.667236328125 281.068634033203 281.052185058594 282.905731201172 282.012451171875 281.813629150391
286.693695068359 286.587127685547 286.189239501953 285.836181640625 285.934234619141 285.665924072266 285.537902832031 285.498413085938 285.260650634766 285.281890869141 285.172149658203 285.44189453125 285.543487548828 285.425689697266 285.530548095703 285.722747802734 285.542877197266 285.369689941406 284.986480712891 285.090240478516 284.981109619141 285.422180175781 285.595031738281 285.598449707031 285.574493408203 285.407867431641 285.270111083984 285.1533203125 284.907653808594 284.639526367188 285.007019042969 284.804656982422 284.290313720703 284.096984863281 284.284271240234 284.419952392578 283.924652099609 283.589233398438 284.121124267578 284.151916503906 284.009613037109 283.280151367188 282.685913085938 281.85205078125 281.397399902344 281.472564697266 283.091461181641 281.821929931641 280.896759033203
286.807678222656 286.509338378906 286.458831787109 286.263488769531 286.033477783203 285.958740234375 285.685485839844 285.671203613281 285.638366699219 285.636413574219 285.762268066406 285.718902587891 285.640747070312 285.185607910156 285.043060302734 285.439178466797 285.640533447266 285.670196533203 285.268493652344 285.415557861328 285.085784912109 285.153350830078 285.323608398438 285.224761962891 285.411071777344 285.203796386719 285.506744384766 285.490539550781 284.942199707031 284.638427734375 284.907592773438 284.738800048828 284.128875732422 283.863830566406 283.757476806641 283.883972167969 283.900024414062 283.365844726562 283.869476318359 284.031066894531 283.912628173828 283.55517578125 283.025299072266 282.688293457031 282.675933837891 282.966705322266 283.194854736328 282.120574951172 281.125152587891
285.966888427734 286.241760253906 286.4814453125 286.531646728516 286.291412353516 285.99267578125 285.894195556641 285.867889404297 285.800628662109 285.793304443359 286.101837158203 285.851257324219 285.636383056641 285.103454589844 284.809997558594 285.250213623047 285.652069091797 285.598815917969 285.167572021484 285.364685058594 284.978118896484 284.955780029297 284.790618896484 284.886505126953 285.347930908203 285.047637939453 285.37158203125 285.448059082031 284.890563964844 283.28125 284.647003173828 284.647674560547 284.191436767578 284.040649414062 283.707763671875 283.555450439453 283.571838378906 283.337158203125 283.829895019531 284.206604003906 284.187072753906 283.714782714844 283.475463867188 283.337860107422 282.081512451172 281.192504882812 283.177062988281 282.256805419922 281.395690917969
285.627258300781 286.132080078125 286.361968994141 286.310302734375 286.3037109375 286.244445800781 286.278381347656 286.101928710938 286.082824707031 285.820922851562 285.73828125 285.573394775391 285.498016357422 285.237915039062 284.905639648438 285.079681396484 285.283569335938 285.175476074219 284.939331054688 285.128936767578 284.866882324219 284.708587646484 284.531219482422 284.717987060547 285.089233398438 284.742462158203 285.156341552734 285.298553466797 284.925933837891 283.59033203125 284.412353515625 284.540252685547 284.455444335938 284.183715820312 284.014739990234 283.821685791016 283.539611816406 283.361846923828 283.636383056641 284.065032958984 283.891784667969 283.448211669922 283.500671386719 283.715972900391 282.757934570312 281.814544677734 282.890869140625 282.334899902344 281.370239257812
285.629180908203 286.101745605469 286.15185546875 286.045196533203 285.971588134766 286.085205078125 286.221435546875 286.153106689453 286.079498291016 285.905364990234 285.7626953125 285.810821533203 285.720367431641 285.11962890625 284.773712158203 284.956359863281 284.999237060547 284.476593017578 284.533355712891 285.126708984375 285.081573486328 284.833099365234 284.438354492188 284.570159912109 284.984497070312 284.716094970703 285.107482910156 284.858764648438 284.751190185547 284.358184814453 284.209411621094 284.176513671875 284.416198730469 284.206390380859 284.098236083984 284.162322998047 283.783325195312 283.502868652344 283.677001953125 283.755554199219 283.632019042969 283.514526367188 283.252655029297 283.467102050781 283.828643798828 283.052612304688 282.156890869141 282.328216552734 280.934906005859
285.676239013672 285.792175292969 285.786285400391 285.756652832031 285.824920654297 285.708831787109 285.636474609375 286.216796875 286.042572021484 285.9599609375 286.208801269531 286.155395507812 286.075408935547 285.571472167969 285.121307373047 285.090454101562 285.013916015625 284.377258300781 284.172088623047 284.947113037109 285.204193115234 284.855743408203 284.303894042969 284.655090332031 284.984954833984 284.748718261719 284.954864501953 284.602020263672 284.674285888672 284.551116943359 283.669555664062 283.838623046875 284.264099121094 284.382965087891 284.457580566406 284.203063964844 283.679809570312 283.33251953125 283.7587890625 283.867156982422 283.824310302734 283.625915527344 283.330932617188 282.815704345703 283.264373779297 282.9228515625 282.399322509766 282.397705078125 281.021179199219
285.632110595703 285.637451171875 285.729675292969 285.776885986328 285.945861816406 285.911346435547 285.49365234375 286.056121826172 286.097259521484 285.800354003906 285.900238037109 286.022125244141 286.181274414062 285.883819580078 285.420043945312 285.240386962891 285.0390625 284.768768310547 284.325286865234 284.612335205078 285.104614257812 284.910491943359 284.452911376953 284.704437255859 284.624938964844 284.497619628906 284.719665527344 284.758972167969 285.099395751953 284.923248291016 283.629577636719 283.452819824219 283.853454589844 284.354919433594 284.490173339844 284.199584960938 283.605499267578 283.139282226562 283.710205078125 283.843231201172 283.6884765625 282.838684082031 282.419464111328 281.736114501953 282.427001953125 282.707916259766 282.342987060547 282.047332763672 280.144989013672
