rcp8.5models/CNRM-CM5/sc1gr3.24
NCOLS 261 
NROWS 433 
XLLCORNER 336357.134 
YLLCORNER 654653.479 
CELLSIZE 1000 
NODATA_value -3.4e+38 
[rows 396 to 417 of 433, columns 147 to 195 of 261]
263.131042480469 264.142028808594 264.772277832031 265.140106201172 264.930755615234 264.86669921875 265.249145507812 265.560333251953 265.846313476562 266.308685302734 266.555328369141 266.6357421875 266.567474365234 266.366485595703 266.285614013672 265.974975585938 265.404418945312 265.793426513672 266.230712890625 266.357360839844 266.556213378906 266.177490234375 265.866241455078 265.619171142578 265.318176269531 265.662719726562 266.294006347656 -3.4e+38 -3.4e+38 267.191375732422 266.902435302734 -3.4e+38 -3.4e+38 267.491607666016 267.171875 266.868865966797 266.593505859375 266.208892822266 266.155303955078 266.788116455078 266.966033935547 266.889709472656 266.815460205078 266.760681152344 266.988525390625 -3.4e+38 267.855377197266 267.797393798828 267.822387695312
262.629913330078 263.670104980469 264.380828857422 265.182098388672 265.427795410156 265.242462158203 265.220336914062 265.791961669922 266.097564697266 266.095001220703 266.370330810547 266.676422119141 266.453918457031 266.2470703125 265.955749511719 265.745758056641 265.424072265625 266.166656494141 266.664947509766 266.590393066406 266.594879150391 266.341400146484 266.503967285156 265.895355224609 265.050994873047 265.097137451172 266.311065673828 266.323699951172 -3.4e+38 -3.4e+38 267.161437988281 -3.4e+38 -3.4e+38 267.723999023438 267.466583251953 267.285247802734 266.792694091797 266.476287841797 266.825500488281 267.328491210938 266.926391601562 266.913757324219 267.171234130859 266.931915283203 266.90771484375 -3.4e+38 -3.4e+38 267.760498046875 267.739410400391
263.381774902344 264.124420166016 264.401062011719 265.149536132812 265.753875732422 265.605010986328 265.149444580078 265.358123779297 265.760681152344 266.114044189453 266.591888427734 266.513763427734 266.12451171875 266.272338867188 266.291259765625 266.337310791016 266.079315185547 266.180450439453 266.810974121094 266.931762695312 266.933441162109 266.623474121094 266.515808105469 265.959594726562 264.982818603516 264.678527832031 265.970703125 266.161407470703 266.396423339844 267.238403320312 267.296142578125 267.446960449219 267.566986083984 267.819305419922 267.822570800781 267.648284912109 267.612426757812 267.348510742188 267.185272216797 267.70849609375 267.092651367188 267.407012939453 267.735656738281 267.512908935547 -3.4e+38 267.253234863281 267.799377441406 -3.4e+38 267.775909423828
264.229858398438 264.586700439453 264.771423339844 265.436614990234 265.930816650391 265.827758789062 265.543029785156 265.432098388672 265.596557617188 265.992706298828 266.420867919922 266.442169189453 266.249298095703 266.651245117188 266.725402832031 266.905181884766 266.294036865234 266.181854248047 267.125061035156 267.163513183594 267.415405273438 267.1376953125 266.242950439453 265.887329101562 265.192291259766 264.891540527344 265.225616455078 266.113983154297 266.270599365234 266.811828613281 267.304351806641 267.636322021484 267.956085205078 267.832397460938 267.611450195312 267.887145996094 268.097808837891 267.855529785156 267.597137451172 267.816223144531 267.633728027344 267.901702880859 267.656890869141 267.979888916016 -3.4e+38 267.152252197266 267.699096679688 267.687683105469 268.045227050781
264.602905273438 264.738891601562 265.121429443359 265.337005615234 265.761505126953 265.874786376953 265.75830078125 265.725250244141 265.687683105469 265.803314208984 266.254119873047 266.401824951172 266.369232177734 266.636779785156 -3.4e+38 -3.4e+38 266.707489013672 266.577880859375 267.363372802734 267.288330078125 267.529907226562 267.526611328125 266.192199707031 265.856964111328 265.536743164062 265.446228027344 265.020172119141 265.566009521484 265.886810302734 266.601226806641 267.283020019531 267.704711914062 268.272369384766 268.119537353516 267.849639892578 268.176086425781 268.350708007812 268.296173095703 268.284484863281 268.210968017578 268.119567871094 267.860412597656 267.567230224609 268.040100097656 268.050415039062 267.450653076172 267.679412841797 267.744262695312 268.21484375
264.764404296875 265.057769775391 265.378784179688 265.292419433594 265.47412109375 265.726501464844 265.811004638672 265.918975830078 265.668090820312 265.963470458984 266.650543212891 266.548126220703 266.489929199219 266.810272216797 -3.4e+38 -3.4e+38 -3.4e+38 266.877593994141 267.395812988281 267.522094726562 267.566314697266 267.384002685547 266.205902099609 266.049285888672 266.020446777344 266.087677001953 265.606384277344 265.300170898438 265.998474121094 266.965759277344 267.395263671875 267.91650390625 268.445068359375 268.408447265625 268.353759765625 268.227233886719 268.465362548828 268.780426025391 268.706756591797 268.469909667969 268.35205078125 267.945709228516 267.967956542969 268.475402832031 268.499786376953 267.859558105469 267.847503662109 267.955902099609 268.381439208984
264.839477539062 265.101715087891 265.55322265625 265.685638427734 265.487762451172 265.559112548828 265.930847167969 266.023040771484 265.790008544922 265.919097900391 266.599914550781 266.783599853516 266.721496582031 -3.4e+38 -3.4e+38 -3.4e+38 267.292175292969 267.132476806641 267.543701171875 267.545379638672 267.231903076172 266.895050048828 266.182647705078 266.258941650391 266.646606445312 266.48095703125 266.035583496094 265.729766845703 266.276794433594 267.093475341797 267.369049072266 267.631500244141 268.192810058594 268.434265136719 268.453186035156 268.20166015625 268.425079345703 268.727844238281 268.773284912109 268.593078613281 268.5849609375 267.927673339844 267.952117919922 -3.4e+38 268.7275390625 267.961975097656 268.115844726562 268.207458496094 268.280853271484
264.752655029297 265.195465087891 265.582977294922 265.69873046875 265.745269775391 265.736602783203 266.194274902344 266.329742431641 266.044281005859 265.857269287109 266.337524414062 266.909057617188 266.845916748047 266.837646484375 267.017822265625 267.309020996094 267.387786865234 267.401306152344 267.642150878906 267.339599609375 266.805328369141 267.016510009766 266.439514160156 266.572509765625 267.024108886719 266.918212890625 266.563232421875 266.475738525391 266.323760986328 267.087585449219 266.800262451172 267.088714599609 267.613555908203 268.461883544922 268.692810058594 268.638793945312 268.649169921875 268.681732177734 268.694183349609 268.602447509766 268.754425048828 268.402801513672 268.306030273438 -3.4e+38 -3.4e+38 -3.4e+38 268.258697509766 -3.4e+38 -3.4e+38
264.985198974609 265.40576171875 265.638092041016 265.626739501953 265.917602539062 265.980895996094 266.262512207031 266.822174072266 266.585693359375 266.266693115234 266.207733154297 266.758453369141 266.779174804688 267.143463134766 267.331909179688 267.547515869141 267.505767822266 267.548583984375 267.625183105469 267.319854736328 266.891876220703 267.473602294922 266.942504882812 267.010437011719 267.092895507812 266.994598388672 266.911804199219 266.669097900391 266.754669189453 266.896118164062 266.468231201172 266.992828369141 267.362426757812 268.264709472656 268.720855712891 268.793670654297 -3.4e+38 -3.4e+38 -3.4e+38 268.618896484375 -3.4e+38 268.376922607422 -3.4e+38 -3.4e+38 -3.4e+38 -3.4e+38 -3.4e+38 -3.4e+38 -3.4e+38
265.132415771484 265.329559326172 265.620208740234 265.861907958984 266.210876464844 266.375366210938 266.531097412109 266.951721191406 266.918365478516 266.7548828125 266.445343017578 266.564483642578 266.469451904297 267.310943603516 267.542694091797 267.559509277344 267.604217529297 267.649963378906 267.608367919922 267.305694580078 266.879272460938 267.584777832031 267.412322998047 267.249176025391 267.37548828125 267.285186767578 266.87451171875 266.726226806641 267.339660644531 266.915618896484 266.960235595703 267.217132568359 267.457977294922 268.113800048828 268.500427246094 268.669464111328 -3.4e+38 -3.4e+38 -3.4e+38 268.793640136719 268.533355712891 268.013214111328 -3.4e+38 -3.4e+38 -3.4e+38 -3.4e+38 -3.4e+38 -3.4e+38 -3.4e+38
265.399719238281 264.755004882812 264.838256835938 265.092498779297 265.417907714844 265.681274414062 266.190185546875 266.818786621094 266.859710693359 266.825622558594 266.872039794922 266.397857666016 266.425720214844 266.793609619141 267.225036621094 267.585571289062 267.655212402344 267.559478759766 267.601440429688 267.723724365234 267.795196533203 267.931671142578 267.863067626953 267.518463134766 267.849487304688 268.056274414062 268.072265625 267.98779296875 267.801116943359 267.27734375 267.627624511719 267.735809326172 267.802947998047 268.696655273438 268.5126953125 268.264984130859 -3.4e+38 -3.4e+38 -3.4e+38 -3.4e+38 -3.4e+38 -3.4e+38 -3.4e+38 -3.4e+38 -3.4e+38 -3.4e+38 -3.4e+38 -3.4e+38 -3.4e+38
265.964996337891 265.501708984375 265.511688232422 265.497344970703 265.152221679688 265.228912353516 265.785217285156 266.343994140625 266.583312988281 266.777770996094 266.773193359375 266.634399414062 266.622985839844 267.094177246094 267.576812744141 267.455596923828 267.503692626953 267.462188720703 267.610168457031 267.957824707031 268.140747070312 268.320068359375 268.0068359375 267.435974121094 267.359893798828 267.911804199219 268.151275634766 268.068359375 267.575317382812 267.726409912109 268.009857177734 268.105621337891 268.220703125 268.372314453125 -3.4e+38 268.227386474609 -3.4e+38 -3.4e+38 -3.4e+38 -3.4e+38 -3.4e+38 -3.4e+38 -3.4e+38 -3.4e+38 -3.4e+38 -3.4e+38 -3.4e+38 -3.4e+38 -3.4e+38
265.901580810547 265.881103515625 265.997406005859 266.398406982422 265.63671875 265.255584716797 265.580352783203 265.96826171875 266.504577636719 266.939025878906 267.072082519531 266.817260742188 266.889068603516 267.023803710938 267.455078125 267.385955810547 267.371490478516 267.415161132812 267.486663818359 267.889251708984 268.238006591797 268.309722900391 268.225738525391 267.545318603516 267.556457519531 267.755065917969 268.267333984375 268.267150878906 267.827850341797 268.253570556641 268.310821533203 268.306121826172 268.645294189453 268.108001708984 268.118713378906 -3.4e+38 -3.4e+38 -3.4e+38 -3.4e+38 -3.4e+38 -3.4e+38 -3.4e+38 -3.4e+38 -3.4e+38 -3.4e+38 -3.4e+38 -3.4e+38 -3.4e+38 -3.4e+38
265.592864990234 265.931396484375 266.242980957031 266.561584472656 265.953460693359 265.854248046875 266.071533203125 266.230712890625 266.853729248047 267.365600585938 267.391571044922 267.045349121094 266.820648193359 266.868011474609 267.108551025391 267.232208251953 267.329620361328 267.589050292969 267.634307861328 267.617095947266 268.169738769531 268.287078857422 268.285552978516 267.849304199219 267.864898681641 267.665679931641 268.229156494141 268.491333007812 268.622955322266 268.543121337891 268.482147216797 268.435821533203 -3.4e+38 -3.4e+38 -3.4e+38 -3.4e+38 -3.4e+38 -3.4e+38 -3.4e+38 -3.4e+38 -3.4e+38 -3.4e+38 -3.4e+38 -3.4e+38 -3.4e+38 -3.4e+38 -3.4e+38 -3.4e+38 -3.4e+38
265.613677978516 266.294586181641 266.661895751953 266.360046386719 265.949096679688 266.170654296875 266.559875488281 266.435180664062 266.849456787109 267.368927001953 267.518218994141 267.333984375 266.990081787109 266.736785888672 266.678100585938 267.211578369141 267.609985351562 267.526428222656 267.634338378906 267.570709228516 268.16845703125 268.418823242188 268.033721923828 268.07275390625 267.954162597656 267.865570068359 268.056030273438 268.216247558594 268.542083740234 268.386810302734 -3.4e+38 -3.4e+38 -3.4e+38 -3.4e+38 -3.4e+38 -3.4e+38 -3.4e+38 -3.4e+38 -3.4e+38 -3.4e+38 -3.4e+38 -3.4e+38 -3.4e+38 -3.4e+38 -3.4e+38 -3.4e+38 -3.4e+38 -3.4e+38 -3.4e+38
265.932922363281 266.304718017578 266.662475585938 266.475311279297 265.957885742188 266.165130615234 266.711364746094 266.52490234375 266.825805664062 267.337127685547 267.684997558594 267.409851074219 267.070251464844 266.801025390625 266.649627685547 267.119934082031 267.6962890625 267.422424316406 267.328460693359 267.609588623047 268.271148681641 268.379180908203 267.807952880859 267.973999023438 267.902069091797 267.976776123047 268.185516357422 -3.4e+38 -3.4e+38 -3.4e+38 -3.4e+38 -3.4e+38 -3.4e+38 -3.4e+38 -3.4e+38 -3.4e+38 -3.4e+38 -3.4e+38 -3.4e+38 -3.4e+38 -3.4e+38 -3.4e+38 -3.4e+38 -3.4e+38 -3.4e+38 -3.4e+38 -3.4e+38 -3.4e+38 -3.4e+38
266.312744140625 266.460052490234 266.721405029297 266.706451416016 266.026062011719 266.115203857422 266.638946533203 266.789733886719 267.204345703125 267.654235839844 267.699432373047 267.337463378906 267.129302978516 267.172729492188 267.158752441406 267.176330566406 267.635192871094 267.686096191406 -3.4e+38 267.624847412109 268.181243896484 268.005981445312 -3.4e+38 -3.4e+38 -3.4e+38 -3.4e+38 -3.4e+38 -3.4e+38 -3.4e+38 -3.4e+38 -3.4e+38 -3.4e+38 -3.4e+38 -3.4e+38 -3.4e+38 -3.4e+38 -3.4e+38 -3.4e+38 -3.4e+38 -3.4e+38 -3.4e+38 -3.4e+38 -3.4e+38 -3.4e+38 -3.4e+38 -3.4e+38 -3.4e+38 -3.4e+38 -3.4e+38
266.271911621094 266.346893310547 266.552307128906 266.594207763672 266.017761230469 265.799133300781 265.953918457031 266.557373046875 267.283843994141 267.721405029297 267.76806640625 -3.4e+38 267.427490234375 -3.4e+38 267.295745849609 267.283538818359 -3.4e+38 -3.4e+38 -3.4e+38 -3.4e+38 -3.4e+38 -3.4e+38 -3.4e+38 -3.4e+38 -3.4e+38 -3.4e+38 -3.4e+38 -3.4e+38 -3.4e+38 -3.4e+38 -3.4e+38 -3.4e+38 -3.4e+38 -3.4e+38 -3.4e+38 -3.4e+38 -3.4e+38 -3.4e+38 -3.4e+38 -3.4e+38 -3.4e+38 -3.4e+38 -3.4e+38 -3.4e+38 -3.4e+38 -3.4e+38 -3.4e+38 -3.4e+38 -3.4e+38
265.750701904297 266.067413330078 266.464508056641 266.564849853516 266.304168701172 266.118408203125 266.067016601562 266.432983398438 267.136657714844 267.793487548828 -3.4e+38 267.531524658203 -3.4e+38 -3.4e+38 267.218414306641 -3.4e+38 -3.4e+38 -3.4e+38 -3.4e+38 -3.4e+38 -3.4e+38 -3.4e+38 -3.4e+38 -3.4e+38 -3.4e+38 -3.4e+38 -3.4e+38 -3.4e+38 -3.4e+38 -3.4e+38 -3.4e+38 -3.4e+38 -3.4e+38 -3.4e+38 -3.4e+38 -3.4e+38 -3.4e+38 -3.4e+38 -3.4e+38 -3.4e+38 -3.4e+38 -3.4e+38 -3.4e+38 -3.4e+38 -3.4e+38 -3.4e+38 -3.4e+38 -3.4e+38 -3.4e+38
265.598571777344 266.234191894531 266.726379394531 266.874053955078 266.850402832031 266.714630126953 266.790435791016 -3.4e+38 267.288787841797 -3.4e+38 -3.4e+38 -3.4e+38 -3.4e+38 -3.4e+38 -3.4e+38 -3.4e+38 -3.4e+38 -3.4e+38 -3.4e+38 -3.4e+38 -3.4e+38 -3.4e+38 -3.4e+38 -3.4e+38 -3.4e+38 -3.4e+38 -3.4e+38 -3.4e+38 -3.4e+38 -3.4e+38 -3.4e+38 -3.4e+38 -3.4e+38 -3.4e+38 -3.4e+38 -3.4e+38 -3.4e+38 -3.4e+38 -3.4e+38 -3.4e+38 -3.4e+38 -3.4e+38 -3.4e+38 -3.4e+38 -3.4e+38 -3.4e+38 -3.4e+38 -3.4e+38 -3.4e+38
266.015075683594 266.328216552734 266.779632568359 266.973907470703 266.786346435547 266.600067138672 266.721862792969 267.103973388672 -3.4e+38 -3.4e+38 -3.4e+38 -3.4e+38 -3.4e+38 -3.4e+38 -3.4e+38 -3.4e+38 -3.4e+38 -3.4e+38 -3.4e+38 -3.4e+38 -3.4e+38 -3.4e+38 -3.4e+38 -3.4e+38 -3.4e+38 -3.4e+38 -3.4e+38 -3.4e+38 -3.4e+38 -3.4e+38 -3.4e+38 -3.4e+38 -3.4e+38 -3.4e+38 -3.4e+38 -3.4e+38 -3.4e+38 -3.4e+38 -3.4e+38 -3.4e+38 -3.4e+38 -3.4e+38 -3.4e+38 -3.4e+38 -3.4e+38 -3.4e+38 -3.4e+38 -3.4e+38 -3.4e+38
266.257781982422 266.285705566406 266.656127929688 266.794677734375 -3.4e+38 -3.4e+38 -3.4e+38 -3.4e+38 -3.4e+38 -3.4e+38 -3.4e+38 -3.4e+38 -3.4e+38 -3.4e+38 -3.4e+38 -3.4e+38 -3.4e+38 -3.4e+38 -3.4e+38 -3.4e+38 -3.4e+38 -3.4e+38 -3.4e+38 -3.4e+38 -3.4e+38 -3.4e+38 -3.4e+38 -3.4e+38 -3.4e+38 -3.4e+38 -3.4e+38 -3.4e+38 -3.4e+38 -3.4e+38 -3.4e+38 -3.4e+38 -3.4e+38 -3.4e+38 -3.4e+38 -3.4e+38 -3.4e+38 -3.4e+38 -3.4e+38 -3.4e+38 -3.4e+38 -3.4e+38 -3.4e+38 -3.4e+38 -3.4e+38
