rcp8.5models/CNRM-CM5/sc1gr4.11
NCOLS 261 
NROWS 433 
XLLCORNER 336357.134 
YLLCORNER 654653.479 
CELLSIZE 1000 
NODATA_value -3.4e+38 
[rows 220 to 241 of 433, columns 147 to 195 of 261]
288.046630859375 288.524688720703 288.753326416016 288.886962890625 288.709106445312 287.721771240234 286.638977050781 288.95556640625 289.698913574219 289.908325195312 289.869293212891 290.270111083984 290.720062255859 291.179840087891 291.183227539062 291.325317382812 291.747406005859 292.026336669922 -3.4e+38 292.144226074219 292.090576171875 292.374298095703 292.962829589844 292.90625 292.775848388672 292.714752197266 292.713195800781 292.715576171875 292.598571777344 292.420776367188 292.345611572266 292.202697753906 292.418395996094 291.738830566406 291.689117431641 291.701049804688 292.200164794922 292.836975097656 293.039245605469 293.307495117188 293.750671386719 293.8037109375 293.844635009766 293.509796142578 293.120239257812 293.018402099609 292.456024169922 291.870727539062 292.102752685547
287.539703369141 288.264923095703 288.698425292969 288.684356689453 288.231781005859 286.829925537109 285.615081787109 288.710174560547 289.116882324219 289.612884521484 289.743621826172 290.433471679688 290.908172607422 291.172271728516 291.205017089844 291.286193847656 291.523498535156 291.988800048828 292.137237548828 292.137451171875 292.113342285156 292.449157714844 292.892852783203 292.874572753906 292.554107666016 292.181274414062 292.008728027344 292.130004882812 292.387237548828 292.3896484375 292.451751708984 292.385559082031 292.081176757812 291.704406738281 291.645111083984 291.490966796875 292.056823730469 292.428588867188 292.6484375 293.122650146484 293.566101074219 293.567474365234 293.456115722656 293.185180664062 292.988800048828 292.622161865234 292.253173828125 291.8984375 292.00390625
287.268798828125 287.760406494141 288.260223388672 288.365142822266 287.779174804688 287.2666015625 287.108764648438 288.438415527344 288.956695556641 289.539764404297 289.729339599609 290.499755859375 291.101165771484 291.135589599609 291.192504882812 291.347564697266 291.461059570312 291.986938476562 291.856323242188 291.832061767578 292.073486328125 292.378997802734 292.838806152344 292.661590576172 292.018249511719 291.555725097656 291.100006103516 291.801025390625 292.381958007812 292.294860839844 292.5576171875 292.277557373047 291.554382324219 291.165679931641 291.175323486328 291.178985595703 291.667510986328 291.955627441406 292.244995117188 292.785003662109 293.25927734375 293.351104736328 293.300079345703 293.080749511719 292.856872558594 292.387573242188 292.190093994141 291.797424316406 291.650451660156
287.330902099609 287.576232910156 288.05322265625 288.205627441406 287.536926269531 287.274475097656 287.734466552734 288.550933837891 289.190490722656 289.663635253906 289.883331298828 290.339569091797 291.101440429688 291.102752685547 291.070892333984 291.234771728516 291.520111083984 291.918518066406 291.652801513672 291.864105224609 292.133422851562 292.415374755859 292.322723388672 292.3564453125 291.694519042969 291.251251220703 290.728607177734 291.813049316406 292.287750244141 291.825103759766 292.126892089844 292.213409423828 291.617218017578 290.963409423828 290.778381347656 291.114715576172 291.628997802734 291.931030273438 292.4716796875 292.806335449219 292.917510986328 293.086608886719 293.236663818359 293.016174316406 292.733795166016 292.237274169922 291.832397460938 291.269500732422 291.363037109375
287.571136474609 287.923553466797 288.069946289062 287.924713134766 286.537658691406 285.052307128906 286.546600341797 288.375823974609 288.965362548828 289.504638671875 289.868865966797 290.360687255859 290.877532958984 291.064819335938 291.076385498047 290.988708496094 291.108795166016 291.596374511719 291.426574707031 291.759521484375 292.111877441406 292.217071533203 291.762603759766 291.919403076172 291.607360839844 291.261108398438 290.816436767578 291.666839599609 292.115753173828 291.69384765625 291.709716796875 292.038024902344 291.685424804688 291.313507080078 290.902038574219 291.328094482422 291.846801757812 292.132110595703 292.77099609375 293.105010986328 293.005310058594 293.084503173828 293.182556152344 292.900604248047 292.479187011719 292.012451171875 291.636932373047 291.311431884766 291.883453369141
287.4794921875 287.961273193359 287.830291748047 287.448944091797 285.920532226562 284.239807128906 286.281921386719 288.228393554688 288.785217285156 289.136047363281 289.468841552734 290.237823486328 290.458068847656 290.911346435547 291.146942138672 290.873413085938 290.639007568359 291.262939453125 291.250366210938 291.649108886719 292.092163085938 292.040771484375 291.798858642578 291.806762695312 291.694763183594 291.506591796875 291.242004394531 291.525543212891 291.675811767578 291.660736083984 291.645599365234 291.721527099609 291.744537353516 291.467651367188 291.111450195312 291.524261474609 291.885467529297 292.221313476562 292.684692382812 292.959320068359 293.021453857422 293.14306640625 292.997985839844 292.575958251953 292.289245605469 291.969635009766 291.714141845703 291.335205078125 292.177215576172
287.353942871094 287.508972167969 287.226440429688 286.722961425781 285.808502197266 285.318695068359 287.160400390625 288.145141601562 288.623962402344 288.768005371094 289.133697509766 290.098266601562 290.119140625 290.444122314453 290.901062011719 290.873962402344 290.391632080078 290.705169677734 291.202453613281 291.676055908203 292.104034423828 292.053680419922 291.659484863281 291.688507080078 291.586090087891 291.154724121094 291.163909912109 291.351135253906 291.152282714844 291.504760742188 291.559692382812 291.447296142578 291.459533691406 291.25048828125 291.337585449219 291.464263916016 291.471435546875 291.986297607422 292.381896972656 292.725616455078 292.779022216797 292.882843017578 292.630950927734 292.103759765625 292.054656982422 291.956695556641 291.676696777344 291.199157714844 291.963073730469
287.13330078125 286.790618896484 285.855224609375 284.959899902344 285.124176025391 284.919921875 287.070892333984 287.894989013672 288.255920410156 288.632843017578 289.029937744141 289.826446533203 290.016204833984 290.187408447266 290.566009521484 290.859924316406 290.015838623047 289.979400634766 291.093872070312 291.362182617188 291.897369384766 291.936920166016 291.359039306641 291.123596191406 291.073181152344 290.646881103516 290.787811279297 291.361602783203 291.115478515625 291.140014648438 290.963592529297 291.008483886719 290.848266601562 291.040252685547 291.487518310547 291.584045410156 291.518096923828 291.918243408203 292.155822753906 292.542236328125 292.604400634766 292.666107177734 292.299377441406 291.746368408203 291.7490234375 291.84130859375 291.414184570312 291.448303222656 291.998382568359
286.778076171875 286.016723632812 284.039978027344 281.8046875 283.185333251953 283.046356201172 286.499877929688 287.277160644531 287.674133300781 288.531188964844 289.136749267578 289.878448486328 290.061676025391 290.114624023438 290.338134765625 290.563598632812 289.9267578125 290.013916015625 291.058288574219 291.230834960938 291.643371582031 291.759887695312 291.188507080078 290.625732421875 290.722808837891 290.564117431641 290.524383544922 290.894989013672 290.824890136719 290.561889648438 290.438781738281 290.486541748047 290.34765625 290.916809082031 291.244903564453 291.469573974609 291.822174072266 291.991516113281 291.959716796875 292.085693359375 292.169036865234 292.431884765625 292.229339599609 291.856536865234 291.859283447266 291.637939453125 291.505798339844 291.329132080078 291.678039550781
286.398559570312 285.605407714844 283.154724121094 279.922698974609 280.980346679688 280.798126220703 285.522705078125 286.952392578125 287.362152099609 288.419403076172 289.118560791016 289.781311035156 289.611938476562 289.705078125 290.229309082031 290.348114013672 290.103118896484 290.238159179688 290.787322998047 291.192932128906 291.297912597656 291.382446289062 290.9560546875 290.617126464844 290.606842041016 290.469421386719 290.281463623047 290.012756347656 290.101257324219 290.230834960938 290.260864257812 290.033630371094 290.195770263672 290.750396728516 290.886138916016 291.199951171875 291.758758544922 291.898193359375 291.969055175781 291.886199951172 291.854217529297 292.12548828125 292.127563476562 292.057525634766 291.909332275391 291.659301757812 291.701232910156 291.183502197266 291.256286621094
285.977508544922 285.3740234375 283.731109619141 280.933044433594 279.742614746094 279.913299560547 285.301605224609 286.893829345703 287.497680664062 288.294342041016 288.944641113281 289.281768798828 289.127166748047 289.377410888672 290.164520263672 290.222595214844 289.918243408203 289.706573486328 290.33642578125 290.868438720703 291.025665283203 291.025390625 290.790863037109 290.560333251953 290.37353515625 289.971710205078 289.927551269531 289.849731445312 289.845886230469 289.826538085938 289.770629882812 289.766540527344 290.006164550781 290.456390380859 290.783142089844 291.085357666016 291.345825195312 291.5185546875 291.863311767578 291.725036621094 291.645446777344 292.024597167969 291.966918945312 291.874572753906 291.809173583984 291.542205810547 291.372283935547 290.959625244141 290.754455566406
285.174072265625 283.562347412109 280.759582519531 277.820251464844 274.883636474609 280.847503662109 283.910095214844 286.514495849609 287.321807861328 287.806427001953 288.023345947266 288.405914306641 288.885406494141 289.301940917969 289.743591308594 290.105621337891 289.551910400391 288.800323486328 289.558715820312 289.708099365234 290.096313476562 290.341339111328 290.920654296875 290.600524902344 290.249542236328 290.380950927734 290.233856201172 289.974609375 289.800048828125 289.594085693359 289.145324707031 288.93603515625 288.93994140625 289.901214599609 290.111877441406 290.070648193359 290.308654785156 290.74658203125 291.130126953125 291.015472412109 290.323913574219 290.479156494141 291.195404052734 291.835815429688 291.596313476562 291.461547851562 291.228118896484 290.958862304688 290.719573974609
284.906463623047 283.492523193359 280.908630371094 277.054809570312 271.90576171875 277.888458251953 282.428009033203 286.000335693359 286.818634033203 287.321899414062 287.595031738281 288.330871582031 288.839965820312 288.911071777344 289.423278808594 290.099639892578 289.625244140625 288.773071289062 288.970825195312 289.247650146484 290.071228027344 290.329406738281 290.828063964844 290.520050048828 290.479309082031 290.457824707031 290.219177246094 289.660186767578 289.215179443359 289.1904296875 289.265075683594 288.7626953125 288.766357421875 289.499481201172 289.439331054688 290.091094970703 -3.4e+38 -3.4e+38 290.624755859375 290.166137695312 289.859497070312 290.193298339844 291.170349121094 291.815490722656 291.8017578125 291.521881103516 291.225311279297 290.907592773438 290.706817626953
284.840118408203 284.090423583984 282.840606689453 279.427001953125 276.036682128906 281.027984619141 284.056579589844 285.885009765625 286.722869873047 287.115203857422 287.407318115234 288.579986572266 289.001373291016 288.926239013672 289.300903320312 -3.4e+38 289.941345214844 289.427764892578 288.975891113281 289.223663330078 290.028900146484 290.278228759766 290.567901611328 290.329315185547 290.239929199219 289.859039306641 289.753753662109 289.539733886719 288.330413818359 287.937652587891 289.004364013672 288.688903808594 288.690765380859 289.265899658203 289.513336181641 290.063385009766 290.477081298828 -3.4e+38 -3.4e+38 289.729583740234 289.911071777344 290.39599609375 291.159362792969 291.621704101562 291.285675048828 290.982086181641 290.973449707031 290.808532714844 290.660675048828
284.432525634766 283.064758300781 282.431640625 280.740112304688 280.942626953125 284.144134521484 285.579650878906 286.093841552734 286.879211425781 287.395355224609 287.817108154297 288.820953369141 289.012786865234 289.077575683594 289.105133056641 289.462341308594 289.892944335938 289.360656738281 289.048645019531 289.066925048828 289.530883789062 289.999572753906 290.257110595703 290.329315185547 289.9697265625 289.368469238281 289.314147949219 289.48876953125 288.297485351562 287.030151367188 288.334228515625 288.557403564453 288.408020019531 289.107513427734 289.698822021484 289.905242919922 290.360809326172 -3.4e+38 289.923400878906 289.721923828125 290.265411376953 290.941864013672 291.170501708984 291.362945556641 290.974426269531 290.406127929688 290.604400634766 290.801818847656 290.678192138672
284.469848632812 282.867797851562 281.606109619141 279.730346679688 280.833679199219 284.279998779297 285.771545410156 286.080169677734 286.807556152344 287.183837890625 287.492614746094 288.480621337891 288.716766357422 289.07177734375 289.051452636719 -3.4e+38 289.433044433594 288.888244628906 288.74658203125 288.881927490234 289.158935546875 289.862823486328 289.766876220703 290.026428222656 289.822357177734 289.535705566406 289.215118408203 289.358001708984 288.048248291016 286.15869140625 287.748352050781 288.255950927734 288.393890380859 289.127014160156 289.685760498047 289.78369140625 -3.4e+38 290.060363769531 289.516815185547 289.486450195312 289.788879394531 290.666107177734 290.942077636719 291.087005615234 290.949035644531 289.838592529297 289.81884765625 290.352203369141 290.595306396484
284.505249023438 282.59228515625 279.846008300781 276.065185546875 277.76953125 284.503845214844 285.626159667969 286.02392578125 286.344329833984 286.547119140625 286.984039306641 288.226013183594 288.709564208984 288.948577880859 288.952911376953 289.073791503906 289.020904541016 288.585723876953 288.125427246094 288.668670654297 289.009765625 289.300506591797 289.271728515625 289.793731689453 289.769561767578 289.517456054688 289.112243652344 288.904174804688 287.637268066406 286.183441162109 287.457305908203 287.931060791016 288.436248779297 289.130218505859 289.756469726562 289.885223388672 -3.4e+38 288.232238769531 286.60693359375 287.689849853516 288.8564453125 290.132232666016 290.631866455078 290.773742675781 290.638122558594 289.838684082031 289.557647705078 289.454345703125 289.684112548828
283.997009277344 282.493927001953 279.612518310547 275.222869873047 278.699890136719 284.387969970703 285.447448730469 286.165344238281 286.497375488281 286.691070556641 287.130432128906 288.119598388672 288.327484130859 288.426177978516 288.605255126953 289.046112060547 288.970062255859 288.739379882812 288.341491699219 288.479583740234 288.790344238281 288.589538574219 289.022705078125 289.546417236328 289.468414306641 289.113037109375 288.694610595703 288.108032226562 287.614807128906 287.110931396484 287.547393798828 287.933807373047 288.413543701172 288.641357421875 289.488067626953 289.974029541016 289.822631835938 287.319274902344 283.361785888672 284.333282470703 289.177947998047 289.968597412109 290.384796142578 290.682647705078 290.276184082031 289.900573730469 289.479431152344 289.115417480469 289.168334960938
283.843994140625 282.388916015625 280.469207763672 279.159851074219 282.471557617188 284.387603759766 285.515838623047 286.081604003906 286.729675292969 286.996520996094 287.1591796875 287.81640625 287.707092285156 288.055236816406 288.389892578125 289.066741943359 -3.4e+38 289.025451660156 288.722473144531 288.093688964844 288.206329345703 288.140014648438 288.881988525391 289.253082275391 289.118255615234 288.732940673828 288.034912109375 286.731811523438 285.251831054688 286.114776611328 287.320587158203 288.041229248047 288.584320068359 288.685699462891 289.276611328125 289.865661621094 289.644134521484 286.941162109375 280.987396240234 280.324951171875 286.953216552734 289.914428710938 290.424743652344 290.669677734375 -3.4e+38 289.881439208984 289.713714599609 289.487945556641 289.181274414062
283.795074462891 282.337493896484 278.444702148438 276.030792236328 283.513854980469 284.612396240234 285.430511474609 285.951904296875 286.656005859375 286.934753417969 287.024963378906 287.497741699219 287.774536132812 288.224334716797 288.740386962891 289.061767578125 289.067565917969 289.044281005859 288.726531982422 288.134735107422 287.905670166016 287.780212402344 288.855682373047 289.106079101562 288.856140136719 288.535705566406 288.061431884766 286.692504882812 284.721313476562 285.673278808594 287.237762451172 -3.4e+38 288.620574951172 288.875549316406 289.364135742188 289.573699951172 289.036346435547 286.975891113281 282.038665771484 281.319061279297 287.355712890625 290.151611328125 290.467620849609 -3.4e+38 289.974975585938 289.686981201172 289.925933837891 289.299682617188 288.739227294922
282.918975830078 280.911346435547 276.851379394531 273.812042236328 282.822723388672 284.409484863281 285.214935302734 285.852081298828 286.316680908203 286.490783691406 286.723114013672 287.395385742188 287.986297607422 288.199768066406 288.46337890625 288.350952148438 288.589050292969 289.04296875 288.944580078125 288.706512451172 288.326110839844 288.001983642578 288.493743896484 288.968109130859 288.526702880859 288.006958007812 288.233306884766 287.621551513672 286.820648193359 286.774291992188 287.241607666016 287.656158447266 288.067321777344 288.351989746094 289.143341064453 289.192596435547 288.441772460938 287.721893310547 286.271331787109 285.530517578125 287.631469726562 290.149505615234 290.117645263672 -3.4e+38 -3.4e+38 289.781280517578 289.824829101562 289.237426757812 289.036376953125
282.091918945312 278.268402099609 274.670440673828 275.3916015625 281.602874755859 283.438354492188 284.974151611328 285.451416015625 286.031860351562 286.56201171875 286.692138671875 287.59033203125 287.678771972656 288.040069580078 287.994598388672 288.011444091797 288.373626708984 288.681304931641 288.689666748047 288.323272705078 288.168487548828 288.166412353516 288.120849609375 288.672760009766 288.334075927734 287.731262207031 287.824035644531 287.582672119141 287.345642089844 286.867706298828 286.903991699219 287.391632080078 287.560760498047 288.014617919922 288.88232421875 288.970245361328 288.31689453125 287.752319335938 -3.4e+38 -3.4e+38 287.439636230469 289.760345458984 289.707855224609 289.952239990234 289.980621337891 289.618713378906 289.728271484375 289.760375976562 289.313690185547
