rcp8.5models/CNRM-CM5/sc1gr3.15
NCOLS 261 
NROWS 433 
XLLCORNER 336357.134 
YLLCORNER 654653.479 
CELLSIZE 1000 
NODATA_value -3.4e+38 
[rows 286 to 307 of 433, columns 196 to 244 of 261]
255.626571655273 256.036254882812 252.779861450195 251.54167175293 257.713195800781 259.143707275391 259.080963134766 256.51953125 254.068161010742 246.4453125 249.672454833984 242.605590820312 244.607421875 255.427627563477 265.121826171875 265.447235107422 265.573120117188 265.206573486328 -3.4e+38 256.323699951172 255.303268432617 257.285247802734 257.9853515625 258.815765380859 259.511688232422 259.717407226562 259.392974853516 259.359954833984 259.515899658203 260.412078857422 260.570495605469 260.070983886719 260.582794189453 260.778381347656 260.959259033203 260.986999511719 260.954559326172 261.344268798828 261.381317138672 261.501678466797 261.455627441406 261.730682373047 262.008697509766 262.126495361328 261.951232910156 261.561431884766 261.525848388672 261.640502929688 -3.4e+38
257.082427978516 257.503112792969 256.594818115234 257.35302734375 258.487823486328 258.968414306641 259.432281494141 258.397918701172 254.356689453125 243.91813659668 243.300903320312 238.984725952148 242.26155090332 255.294158935547 264.778747558594 265.529235839844 266.069000244141 266.5625 -3.4e+38 256.957763671875 254.722640991211 256.855346679688 257.687255859375 258.680053710938 259.479064941406 259.738464355469 260.001922607422 260.288787841797 260.035949707031 260.330780029297 -3.4e+38 260.666931152344 260.917114257812 260.961303710938 261.039459228516 261.049896240234 261.204650878906 261.182891845703 261.028778076172 261.243469238281 261.36279296875 261.965087890625 262.278289794922 262.030181884766 261.573608398438 261.395660400391 261.702789306641 -3.4e+38 -3.4e+38
258.174499511719 257.782806396484 256.903656005859 257.448547363281 257.7900390625 259.049774169922 259.672210693359 259.433868408203 255.209686279297 244.843994140625 242.055755615234 239.844329833984 241.339218139648 249.908218383789 264.330505371094 265.248474121094 266.033142089844 266.491149902344 -3.4e+38 257.624603271484 255.244293212891 256.382507324219 258.019195556641 258.606231689453 259.043121337891 259.432983398438 259.980041503906 260.616638183594 260.649230957031 260.292846679688 260.861663818359 261.103576660156 261.227233886719 261.258880615234 261.139923095703 260.992736816406 261.002166748047 260.752899169922 260.906585693359 261.073944091797 261.342254638672 261.981781005859 261.966705322266 261.830078125 261.04833984375 260.864135742188 261.132720947266 261.646636962891 261.886199951172
258.180114746094 258.392730712891 257.849365234375 257.741088867188 257.339752197266 259.682464599609 259.897552490234 259.631439208984 257.791229248047 254.270217895508 250.106628417969 243.74626159668 242.327758789062 244.688323974609 264.838897705078 265.710357666016 265.898223876953 266.078155517578 265.524261474609 260.447540283203 256.240753173828 256.763732910156 -3.4e+38 -3.4e+38 258.631927490234 -3.4e+38 -3.4e+38 260.698577880859 260.917816162109 260.564758300781 261.057189941406 261.217559814453 261.260589599609 261.396575927734 261.374328613281 261.245483398438 260.886535644531 260.569183349609 260.970092773438 261.166625976562 261.381896972656 261.57958984375 261.523040771484 261.55029296875 261.027191162109 260.845825195312 260.88623046875 261.241180419922 261.416839599609
258.814727783203 259.269744873047 259.521636962891 256.951538085938 251.084411621094 254.060684204102 259.896209716797 260.211791992188 259.755493164062 260.205841064453 258.081695556641 254.974838256836 247.958953857422 241.14241027832 258.179351806641 266.122314453125 266.274078369141 266.564178466797 -3.4e+38 265.559356689453 260.995635986328 -3.4e+38 -3.4e+38 -3.4e+38 -3.4e+38 -3.4e+38 -3.4e+38 259.236785888672 259.394439697266 259.781677246094 260.537841796875 261.203125 261.206756591797 261.288818359375 260.66162109375 260.160461425781 259.965881347656 259.229095458984 260.190826416016 261.045135498047 260.783447265625 260.621154785156 260.993041992188 260.817565917969 260.20947265625 260.186584472656 260.68798828125 261.139404296875 261.202606201172
258.073516845703 258.523193359375 258.950286865234 258.448089599609 254.917541503906 254.903305053711 259.977508544922 260.614044189453 260.003173828125 261.162780761719 261.592987060547 260.390747070312 255.075439453125 250.201248168945 256.964813232422 266.465911865234 266.5361328125 267.087799072266 -3.4e+38 -3.4e+38 -3.4e+38 -3.4e+38 -3.4e+38 -3.4e+38 -3.4e+38 -3.4e+38 -3.4e+38 258.567291259766 258.413421630859 258.742492675781 260.416076660156 261.119262695312 260.820526123047 260.798736572266 260.162139892578 259.569671630859 259.476165771484 259.164031982422 260.048706054688 260.747802734375 260.250244140625 259.908630371094 260.035980224609 -3.4e+38 260.490905761719 260.738403320312 260.913635253906 261.339019775391 261.230621337891
256.551086425781 256.784881591797 256.992980957031 258.079925537109 259.542663574219 259.068756103516 259.881317138672 260.718994140625 261.205810546875 261.543243408203 262.124481201172 262.639282226562 263.063690185547 262.302978515625 262.258850097656 266.123687744141 266.470703125 266.593414306641 266.645446777344 266.560485839844 267.071136474609 -3.4e+38 -3.4e+38 258.897979736328 -3.4e+38 -3.4e+38 -3.4e+38 258.704986572266 258.926086425781 259.122467041016 260.572662353516 261.045837402344 260.372528076172 260.107971191406 259.964874267578 259.228088378906 259.448760986328 259.827728271484 260.608642578125 -3.4e+38 259.920745849609 259.845703125 260.212158203125 -3.4e+38 260.502746582031 260.888275146484 261.091430664062 261.416717529297 261.221893310547
256.378143310547 255.983337402344 255.94221496582 257.331329345703 259.577087402344 259.726348876953 260.020416259766 260.463012695312 261.617523193359 262.155883789062 262.666809082031 263.557098388672 264.856536865234 264.041625976562 263.339447021484 264.778594970703 265.578552246094 265.904388427734 266.741943359375 266.593902587891 -3.4e+38 -3.4e+38 -3.4e+38 -3.4e+38 -3.4e+38 -3.4e+38 258.85546875 258.313171386719 258.923950195312 259.019409179688 261.020874023438 261.032257080078 260.149230957031 259.446105957031 259.0849609375 257.971740722656 260.163146972656 260.427093505859 260.687774658203 260.368804931641 259.728729248047 259.766723632812 260.326599121094 260.602020263672 260.401123046875 260.727661132812 261.048004150391 261.239837646484 261.132141113281
256.970062255859 255.584915161133 254.892471313477 256.961883544922 259.404968261719 260.091735839844 260.119171142578 258.893463134766 258.708129882812 261.944549560547 263.143920898438 263.757080078125 264.250946044922 263.50439453125 262.954406738281 264.751708984375 265.550811767578 265.498474121094 266.488220214844 266.850372314453 -3.4e+38 -3.4e+38 -3.4e+38 -3.4e+38 -3.4e+38 -3.4e+38 258.391967773438 258.217163085938 259.168792724609 259.364990234375 261.108551025391 260.592620849609 260.093017578125 259.281860351562 258.674407958984 -3.4e+38 260.431518554688 260.376159667969 260.317962646484 259.901092529297 259.667602539062 259.646697998047 260.104583740234 260.538757324219 260.935882568359 261.048858642578 261.092102050781 261.167572021484 261.354553222656
258.053863525391 255.73551940918 252.296279907227 256.423553466797 259.614501953125 260.10595703125 260.035430908203 259.057159423828 258.850341796875 261.376739501953 262.653106689453 263.122406005859 262.671875 262.8671875 262.402648925781 265.12451171875 265.543731689453 265.669158935547 266.093353271484 266.688659667969 -3.4e+38 -3.4e+38 -3.4e+38 -3.4e+38 -3.4e+38 258.082550048828 257.670776367188 258.143188476562 259.544403076172 260.270904541016 260.210784912109 259.969512939453 259.283599853516 258.987976074219 259.340667724609 -3.4e+38 260.030670166016 260.282989501953 259.808868408203 259.593078613281 259.704010009766 260.109619140625 260.630218505859 -3.4e+38 -3.4e+38 261.422882080078 261.415679931641 261.452117919922 261.90234375
258.986328125 257.761291503906 254.693878173828 258.175842285156 260.151336669922 260.082580566406 259.418853759766 260.100219726562 260.595123291016 261.524383544922 261.998321533203 261.024169921875 261.619323730469 261.170562744141 261.486663818359 264.109588623047 264.802276611328 266.118103027344 266.492370605469 -3.4e+38 265.687530517578 265.744384765625 -3.4e+38 -3.4e+38 -3.4e+38 258.569610595703 257.539672851562 258.390380859375 259.655853271484 260.483764648438 259.726013183594 259.24365234375 258.491577148438 259.011352539062 -3.4e+38 -3.4e+38 259.611358642578 259.801147460938 259.6962890625 259.345092773438 259.641754150391 260.372406005859 -3.4e+38 261.113342285156 -3.4e+38 261.60009765625 261.610626220703 261.622009277344 262.134124755859
259.614868164062 259.591217041016 258.893218994141 259.471435546875 260.27001953125 259.823028564453 258.965789794922 259.465789794922 259.932952880859 261.630340576172 261.634887695312 259.3720703125 262.156066894531 260.748352050781 260.109191894531 262.256958007812 264.606201171875 265.487457275391 266.920501708984 266.520599365234 265.350067138672 265.713836669922 -3.4e+38 265.450286865234 261.318969726562 257.857147216797 256.939147949219 258.767181396484 259.275238037109 260.522827148438 259.564086914062 258.975830078125 258.760284423828 258.698516845703 257.619995117188 258.8212890625 259.116668701172 259.343902587891 259.674438476562 259.474029541016 259.884918212891 260.094421386719 260.581115722656 -3.4e+38 -3.4e+38 261.183990478516 261.557434082031 261.632904052734 261.779083251953
259.482940673828 259.381103515625 259.318878173828 259.354919433594 260.199493408203 259.620239257812 258.878326416016 259.279846191406 260.424926757812 260.852478027344 259.296020507812 260.432434082031 262.757843017578 260.392608642578 259.1298828125 262.066497802734 265.104644775391 265.591491699219 265.779418945312 265.674194335938 264.931701660156 265.140197753906 -3.4e+38 264.277862548828 262.426727294922 260.425140380859 257.306793212891 258.257415771484 258.913604736328 260.396484375 259.368194580078 258.988677978516 259.087463378906 258.031494140625 256.875549316406 258.164459228516 258.391906738281 258.873291015625 259.085998535156 259.513458251953 259.756439208984 259.687713623047 260.222564697266 -3.4e+38 -3.4e+38 260.721923828125 261.240173339844 261.144775390625 261.500183105469
257.993621826172 258.518157958984 259.375671386719 259.681732177734 260.048583984375 259.466827392578 258.409027099609 259.876007080078 260.855895996094 257.966583251953 251.776260375977 258.519012451172 262.666961669922 260.265258789062 259.916595458984 263.130523681641 265.786926269531 266.635223388672 264.867004394531 263.869720458984 264.399383544922 264.316986083984 264.449371337891 260.782379150391 258.929351806641 262.7998046875 258.252044677734 258.157989501953 -3.4e+38 259.748199462891 258.432739257812 258.594055175781 258.574340820312 258.157562255859 257.788482666016 257.188903808594 255.632537841797 256.525268554688 258.757507324219 259.438415527344 259.302947998047 259.537475585938 260.149627685547 260.133026123047 260.436340332031 260.550445556641 260.842529296875 261.206726074219 261.632537841797
252.758361816406 258.368560791016 259.859161376953 259.829071044922 259.478393554688 259.160308837891 258.156097412109 259.829223632812 258.578430175781 252.885177612305 246.033096313477 254.92643737793 261.362640380859 263.414886474609 262.892272949219 264.645812988281 266.315765380859 265.8935546875 263.522521972656 258.473602294922 261.099212646484 264.063385009766 263.044647216797 256.787719726562 256.358764648438 263.528076171875 -3.4e+38 -3.4e+38 -3.4e+38 259.196746826172 257.907348632812 257.369995117188 256.020538330078 257.691711425781 257.235565185547 255.912704467773 252.617568969727 249.182891845703 255.298599243164 258.937683105469 258.866424560547 259.684265136719 260.165985107422 260.096527099609 260.084106445312 260.496978759766 261.000122070312 261.551452636719 261.706085205078
259.073486328125 258.881378173828 258.989654541016 258.273193359375 256.199340820312 255.363876342773 256.723419189453 259.53955078125 260.121978759766 258.463256835938 259.762023925781 261.328430175781 264.571411132812 265.436706542969 266.288818359375 265.910369873047 264.008209228516 263.253173828125 261.612884521484 253.149551391602 252.004135131836 261.725982666016 259.830932617188 246.490661621094 245.678787231445 257.541320800781 -3.4e+38 -3.4e+38 258.590545654297 257.690368652344 257.265502929688 257.330230712891 257.280639648438 257.1669921875 257.149658203125 256.664215087891 256.3388671875 254.923217773438 253.371200561523 259.177185058594 259.279296875 260.201019287109 260.237823486328 260.473022460938 260.442443847656 260.293640136719 260.771667480469 259.797668457031 260.418090820312
259.025329589844 256.476013183594 254.807708740234 252.07633972168 252.486297607422 252.535369873047 255.449127197266 259.525909423828 263.321197509766 262.734588623047 261.506072998047 263.328765869141 265.117736816406 265.726867675781 266.224792480469 265.567901611328 264.128295898438 263.813049316406 262.734497070312 256.018493652344 252.10124206543 257.72900390625 257.68798828125 249.06428527832 242.893218994141 253.842498779297 -3.4e+38 259.240020751953 258.108062744141 257.265747070312 256.259460449219 256.172485351562 255.959716796875 256.24267578125 257.156921386719 257.436218261719 257.686584472656 256.533172607422 255.293258666992 259.750457763672 259.992919921875 260.142456054688 260.058227539062 260.032470703125 260.359252929688 260.268493652344 258.103271484375 258.273254394531 260.596862792969
257.519836425781 253.328994750977 249.905090332031 248.970001220703 251.018585205078 251.337417602539 253.829010009766 259.080261230469 263.296722412109 263.539337158203 262.751129150391 264.391387939453 265.584411621094 265.666595458984 265.621948242188 265.636688232422 264.783233642578 263.769195556641 265.245941162109 262.60546875 259.203826904297 253.920059204102 255.014526367188 248.934921264648 246.706878662109 260.557952880859 265.819946289062 262.444366455078 258.432525634766 257.736083984375 256.066955566406 255.741195678711 255.621841430664 255.397445678711 254.634994506836 256.962310791016 -3.4e+38 257.834594726562 257.122833251953 260.022827148438 260.369537353516 259.707885742188 259.671478271484 259.924224853516 260.339202880859 260.028930664062 258.010467529297 259.479858398438 261.220458984375
256.07275390625 247.646774291992 242.528244018555 248.059265136719 250.711776733398 252.339538574219 254.057815551758 261.837524414062 263.767150878906 264.216186523438 264.269073486328 264.629241943359 265.031280517578 265.151794433594 265.195709228516 265.556732177734 264.643737792969 263.516632080078 265.931457519531 264.886016845703 259.817077636719 251.266448974609 254.678726196289 255.678619384766 258.217315673828 266.552307128906 266.807556152344 264.493713378906 258.548645019531 258.040313720703 256.884094238281 256.899871826172 256.777221679688 255.494155883789 252.855819702148 256.607482910156 256.940734863281 -3.4e+38 -3.4e+38 258.692077636719 259.739074707031 259.252593994141 259.383850097656 259.345123291016 258.767333984375 259.412750244141 259.689300537109 260.436737060547 260.954376220703
256.009063720703 248.347290039062 245.837112426758 245.811706542969 251.54460144043 255.505004882812 256.588287353516 263.581817626953 263.536346435547 264.134002685547 264.867065429688 264.728698730469 263.936889648438 262.795257568359 264.128601074219 263.652801513672 264.638763427734 263.379180908203 265.517547607422 264.929046630859 259.520843505859 250.15576171875 256.998779296875 263.678802490234 266.062408447266 266.487548828125 265.402984619141 265.025848388672 260.996337890625 257.554870605469 257.188110351562 257.499206542969 257.520050048828 257.020477294922 255.807235717773 257.750518798828 -3.4e+38 -3.4e+38 257.979217529297 256.881286621094 259.197418212891 258.755950927734 258.900451660156 258.678924560547 257.756805419922 259.537261962891 260.117858886719 260.116638183594 259.932861328125
257.752227783203 255.211791992188 253.527557373047 243.728652954102 250.612686157227 257.589385986328 259.094909667969 263.095458984375 262.827331542969 263.795928955078 264.925537109375 264.701843261719 263.222808837891 259.729766845703 258.414886474609 257.479400634766 261.666931152344 260.883239746094 264.654907226562 264.915191650391 261.614776611328 254.168518066406 259.908721923828 264.941650390625 266.336120605469 265.474487304688 263.534851074219 265.6611328125 262.923156738281 256.759124755859 256.849609375 256.974029541016 257.137603759766 257.620910644531 258.08984375 258.426177978516 258.050720214844 257.558227539062 257.627990722656 257.346588134766 258.624908447266 258.114013671875 258.515655517578 258.806091308594 258.632263183594 259.762115478516 260.228912353516 259.903350830078 259.909454345703
258.895568847656 256.589324951172 248.982025146484 240.567276000977 245.257141113281 256.18505859375 261.624664306641 261.846160888672 263.228424072266 264.126495361328 264.151306152344 264.502044677734 262.941986083984 257.254089355469 250.505416870117 249.790725708008 253.42008972168 254.016815185547 263.107879638672 263.954132080078 263.541259765625 261.153167724609 262.790771484375 265.188690185547 266.274322509766 264.221740722656 259.712097167969 262.141937255859 263.836303710938 259.494110107422 256.526245117188 256.306457519531 256.475677490234 257.028228759766 257.106262207031 257.868225097656 257.481506347656 256.895751953125 258.075653076172 258.348724365234 258.686431884766 257.197784423828 257.509735107422 258.718353271484 258.894714355469 259.510375976562 260.007598876953 260.032897949219 260.320495605469
