rcp8.5models/CNRM-CM5/sc1gr9.30
NCOLS 261 
NROWS 433 
XLLCORNER 336357.134 
YLLCORNER 654653.479 
CELLSIZE 1000 
NODATA_value -3.4e+38 
[rows 374 to 395 of 433, columns 196 to 244 of 261]
42.0255393981934 42.1596527099609 42.2973022460938 42.8015823364258 43.0298728942871 43.5725326538086 43.8843040466309 44.7327766418457 45.0315170288086 45.4652099609375 45.8487701416016 46.1552734375 46.7272262573242 47.1051635742188 47.3564300537109 47.7964134216309 48.3129615783691 48.5614166259766 49.252555847168 49.6165580749512 49.9064979553223 50.0929985046387 50.5818786621094 50.8619499206543 51.0622901916504 50.9045677185059 51.1203918457031 51.158634185791 51.3383255004883 51.3693580627441 51.7397499084473 52.1640815734863 52.5135154724121 52.4875755310059 52.8664207458496 53.0076522827148 52.9276962280273 53.0710639953613 53.460018157959 53.8113670349121 -3.4e+38 -3.4e+38 -3.4e+38 -3.4e+38 -3.4e+38 -3.4e+38 -3.4e+38 -3.4e+38 -3.4e+38
42.5504188537598 42.8133010864258 43.0118293762207 43.2811012268066 43.5090293884277 44.0123481750488 44.2227249145508 45.0586547851562 45.5392799377441 46.040657043457 46.1695327758789 46.5897636413574 47.0366249084473 47.5639839172363 47.8055267333984 48.2532272338867 48.7308311462402 48.810920715332 49.5273666381836 50.0519561767578 50.3551292419434 50.5007133483887 50.769775390625 50.8998413085938 51.2807769775391 51.1514930725098 51.5531692504883 51.5454444885254 51.5857543945312 51.7969932556152 52.1699409484863 52.3638305664062 52.712158203125 52.6829376220703 53.0906524658203 53.4656028747559 53.5999336242676 53.5320701599121 -3.4e+38 -3.4e+38 -3.4e+38 -3.4e+38 -3.4e+38 -3.4e+38 -3.4e+38 -3.4e+38 -3.4e+38 -3.4e+38 -3.4e+38
43.0482330322266 43.342227935791 43.6359405517578 43.945629119873 44.2984085083008 44.7342567443848 44.6606864929199 45.5367393493652 46.0024070739746 46.5033378601074 46.673282623291 47.1674003601074 47.308464050293 47.8318138122559 48.1032943725586 48.6975326538086 49.1754722595215 49.2251968383789 49.7667922973633 50.3247337341309 50.7976150512695 50.929801940918 51.254035949707 51.5092353820801 51.4990005493164 51.3619194030762 51.762580871582 51.788875579834 52.0653648376465 52.4049034118652 52.6113777160645 52.796314239502 52.9481010437012 53.1177978515625 53.2842788696289 53.6873550415039 -3.4e+38 -3.4e+38 -3.4e+38 -3.4e+38 -3.4e+38 -3.4e+38 -3.4e+38 -3.4e+38 -3.4e+38 -3.4e+38 -3.4e+38 -3.4e+38 -3.4e+38
43.4641342163086 43.9629211425781 44.1983985900879 44.7000885009766 44.9217147827148 45.394172668457 45.3866539001465 46.1143226623535 46.2936859130859 46.8265075683594 47.1308898925781 47.6246032714844 47.7691612243652 48.253791809082 48.3658409118652 48.9558525085449 49.4647026062012 49.6653747558594 50.1761474609375 50.5600090026855 51.0290756225586 51.1899490356445 51.7147560119629 52.1207275390625 51.9051246643066 51.5721664428711 51.9717102050781 52.0275573730469 52.4829025268555 52.8277244567871 53.0578117370605 53.200740814209 53.1785163879395 53.5082626342773 -3.4e+38 -3.4e+38 -3.4e+38 -3.4e+38 -3.4e+38 -3.4e+38 -3.4e+38 -3.4e+38 -3.4e+38 -3.4e+38 -3.4e+38 -3.4e+38 -3.4e+38 -3.4e+38 -3.4e+38
43.9350318908691 44.3781585693359 44.8238143920898 45.1917381286621 45.4120445251465 45.9523658752441 46.1922492980957 46.5834426879883 46.7269554138184 47.1149215698242 47.4132843017578 47.9382820129395 48.2206802368164 48.7455978393555 48.9564208984375 49.2146492004395 49.719181060791 49.9484367370605 50.7980308532715 50.9677429199219 51.260799407959 51.4164123535156 51.9380378723145 52.3747406005859 52.3928718566895 52.346118927002 52.3744888305664 52.2336235046387 52.6877136230469 53.063159942627 53.4794311523438 53.6527671813965 53.6140823364258 53.7990760803223 54.217658996582 54.1106185913086 -3.4e+38 -3.4e+38 -3.4e+38 -3.4e+38 -3.4e+38 -3.4e+38 -3.4e+38 -3.4e+38 -3.4e+38 -3.4e+38 -3.4e+38 -3.4e+38 -3.4e+38
44.5650329589844 44.8815727233887 45.2905693054199 45.5987930297852 46.0385513305664 46.4770660400391 46.8492584228516 47.1850852966309 47.1928100585938 47.583740234375 47.8417930603027 48.2579612731934 48.659854888916 49.0876121520996 49.5670280456543 49.6682014465332 50.1346206665039 50.1972618103027 51.2466354370117 51.3988494873047 51.7035026550293 51.820915222168 52.1617698669434 52.5959625244141 52.6998825073242 53.0692329406738 52.7929267883301 52.6360740661621 52.8924674987793 53.3052520751953 53.7095832824707 54.0731468200684 54.0575256347656 54.2586517333984 -3.4e+38 -3.4e+38 -3.4e+38 -3.4e+38 -3.4e+38 -3.4e+38 -3.4e+38 -3.4e+38 -3.4e+38 -3.4e+38 -3.4e+38 -3.4e+38 -3.4e+38 -3.4e+38 -3.4e+38
45.1997108459473 45.3838729858398 45.7917938232422 46.0975685119629 46.5522918701172 47.0149116516113 47.3741607666016 47.8586616516113 48.0215950012207 48.3639907836914 48.4621658325195 48.7600135803223 49.2426261901855 49.3570594787598 49.866584777832 50.1106643676758 50.6174049377441 50.7926368713379 51.4874076843262 51.6673164367676 52.1700096130371 52.4468002319336 52.5661277770996 52.8177261352539 52.9176292419434 53.347713470459 53.3801689147949 53.0528678894043 53.2963752746582 53.5427436828613 53.909236907959 54.3056373596191 54.5011291503906 -3.4e+38 -3.4e+38 -3.4e+38 -3.4e+38 -3.4e+38 -3.4e+38 -3.4e+38 -3.4e+38 -3.4e+38 -3.4e+38 -3.4e+38 -3.4e+38 -3.4e+38 -3.4e+38 -3.4e+38 -3.4e+38
45.5910835266113 45.898609161377 46.3315238952637 46.9751586914062 48.158519744873 48.3913803100586 47.9147911071777 48.4485702514648 48.9431838989258 49.0354309082031 49.2212905883789 49.2159805297852 49.6975898742676 49.7790031433105 50.172966003418 50.5476341247559 50.9086112976074 51.2462158203125 51.7288627624512 51.902961730957 52.4387626647949 52.8913459777832 52.9909858703613 53.2621955871582 53.346492767334 53.620532989502 53.9683151245117 53.6437377929688 53.7132568359375 53.9819183349609 54.1089897155762 -3.4e+38 -3.4e+38 -3.4e+38 -3.4e+38 -3.4e+38 -3.4e+38 -3.4e+38 -3.4e+38 -3.4e+38 -3.4e+38 -3.4e+38 -3.4e+38 -3.4e+38 -3.4e+38 -3.4e+38 -3.4e+38 -3.4e+38 -3.4e+38
46.1480827331543 46.5513153076172 46.893367767334 47.7134704589844 48.9168128967285 48.8337516784668 48.3805122375488 49.0126457214355 49.1976013183594 49.7039222717285 49.8974494934082 50.0249671936035 50.3441734313965 50.4018096923828 50.6316833496094 51.0173187255859 51.3886108398438 51.765697479248 52.1786193847656 52.3341751098633 52.6713371276855 53.1205291748047 53.2475090026855 53.7223129272461 53.9434776306152 53.8373413085938 54.2393989562988 54.2338256835938 54.3094940185547 54.3574714660645 -3.4e+38 -3.4e+38 -3.4e+38 -3.4e+38 -3.4e+38 -3.4e+38 -3.4e+38 -3.4e+38 -3.4e+38 -3.4e+38 -3.4e+38 -3.4e+38 -3.4e+38 -3.4e+38 -3.4e+38 -3.4e+38 -3.4e+38 -3.4e+38 -3.4e+38
47.3473663330078 47.7502365112305 48.054988861084 48.4075584411621 48.5654106140137 48.9870185852051 49.4044952392578 50.0732269287109 50.4604873657227 50.6698608398438 50.9489212036133 51.4720344543457 51.688549041748 51.8185424804688 51.7255210876465 51.9205894470215 52.3007545471191 52.6073112487793 53.1179008483887 53.4321708679199 53.7298240661621 53.830322265625 54.0830307006836 54.1994514465332 54.6193046569824 54.6951446533203 55.1712951660156 55.5393371582031 55.3655166625977 55.4891891479492 -3.4e+38 -3.4e+38 -3.4e+38 -3.4e+38 -3.4e+38 -3.4e+38 -3.4e+38 -3.4e+38 -3.4e+38 -3.4e+38 -3.4e+38 -3.4e+38 -3.4e+38 -3.4e+38 -3.4e+38 -3.4e+38 -3.4e+38 -3.4e+38 -3.4e+38
48.1265296936035 48.2671012878418 48.568359375 48.9140434265137 49.067554473877 49.4821434020996 49.8631324768066 50.5575942993164 50.9456062316895 51.1557769775391 51.4123611450195 51.8380432128906 52.3163833618164 52.3563270568848 52.5315704345703 52.6042060852051 53.0249710083008 52.8720703125 53.5431098937988 53.7038726806641 54.1577606201172 54.2912368774414 54.6984786987305 54.6041259765625 54.8410682678223 -3.4e+38 -3.4e+38 -3.4e+38 -3.4e+38 -3.4e+38 -3.4e+38 -3.4e+38 -3.4e+38 -3.4e+38 -3.4e+38 -3.4e+38 -3.4e+38 -3.4e+38 -3.4e+38 -3.4e+38 -3.4e+38 -3.4e+38 -3.4e+38 -3.4e+38 -3.4e+38 -3.4e+38 -3.4e+38 -3.4e+38 -3.4e+38
48.9473304748535 48.9909362792969 49.3861045837402 49.5887603759766 49.6565132141113 49.8352203369141 50.3576469421387 50.9100608825684 51.4265251159668 51.671630859375 52.0490646362305 52.2773094177246 52.6395454406738 52.8833503723145 53.351001739502 53.3943138122559 53.6618385314941 53.4859466552734 53.7943420410156 54.1128349304199 54.3947944641113 54.5229606628418 54.9581489562988 55.0279884338379 -3.4e+38 -3.4e+38 -3.4e+38 -3.4e+38 -3.4e+38 -3.4e+38 -3.4e+38 -3.4e+38 -3.4e+38 -3.4e+38 -3.4e+38 -3.4e+38 -3.4e+38 -3.4e+38 -3.4e+38 -3.4e+38 -3.4e+38 -3.4e+38 -3.4e+38 -3.4e+38 -3.4e+38 -3.4e+38 -3.4e+38 -3.4e+38 -3.4e+38
49.5147552490234 49.7141494750977 50.1912879943848 50.3060913085938 50.5562782287598 50.8430061340332 51.1794891357422 51.3993148803711 51.8781089782715 52.0128059387207 52.5222396850586 52.7466468811035 53.1176605224609 53.343620300293 53.7034378051758 54.0310096740723 54.1870918273926 54.2828598022461 54.383228302002 54.5449905395508 54.8369407653809 54.9294204711914 55.1879272460938 -3.4e+38 -3.4e+38 -3.4e+38 -3.4e+38 -3.4e+38 -3.4e+38 -3.4e+38 -3.4e+38 -3.4e+38 -3.4e+38 -3.4e+38 -3.4e+38 -3.4e+38 -3.4e+38 -3.4e+38 -3.4e+38 -3.4e+38 -3.4e+38 -3.4e+38 -3.4e+38 -3.4e+38 -3.4e+38 -3.4e+38 -3.4e+38 -3.4e+38 -3.4e+38
50.2754249572754 50.4985313415527 50.7136039733887 50.8990783691406 51.4564361572266 51.8454856872559 52.035514831543 52.2574577331543 52.6617050170898 52.4950408935547 52.9672660827637 53.0764503479004 53.6233444213867 53.947380065918 54.0223007202148 54.5117530822754 54.6774559020996 54.9853973388672 55.2152633666992 55.2319488525391 55.6151733398438 55.3570976257324 55.5766410827637 -3.4e+38 -3.4e+38 -3.4e+38 -3.4e+38 -3.4e+38 -3.4e+38 -3.4e+38 -3.4e+38 -3.4e+38 -3.4e+38 -3.4e+38 -3.4e+38 -3.4e+38 -3.4e+38 -3.4e+38 -3.4e+38 -3.4e+38 -3.4e+38 -3.4e+38 -3.4e+38 -3.4e+38 -3.4e+38 -3.4e+38 -3.4e+38 -3.4e+38 -3.4e+38
50.8484230041504 51.1648788452148 51.3126525878906 51.6850967407227 51.9706535339355 52.3575897216797 52.6157760620117 53.1148796081543 53.519401550293 53.2801971435547 53.4834442138672 53.6894683837891 53.9490280151367 54.412036895752 54.488582611084 54.9420967102051 54.985668182373 55.4614295959473 55.9159278869629 56.032585144043 56.2517051696777 -3.4e+38 -3.4e+38 -3.4e+38 -3.4e+38 -3.4e+38 -3.4e+38 -3.4e+38 -3.4e+38 -3.4e+38 -3.4e+38 -3.4e+38 -3.4e+38 -3.4e+38 -3.4e+38 -3.4e+38 -3.4e+38 -3.4e+38 -3.4e+38 -3.4e+38 -3.4e+38 -3.4e+38 -3.4e+38 -3.4e+38 -3.4e+38 -3.4e+38 -3.4e+38 -3.4e+38 -3.4e+38
51.5893402099609 52.0912704467773 52.3618011474609 52.7144050598145 52.7770919799805 52.8686408996582 53.1215400695801 53.6107788085938 54.0849456787109 54.1069450378418 54.2502517700195 54.6451530456543 54.3888702392578 54.7336158752441 54.9072875976562 55.2146606445312 55.4460716247559 55.8867568969727 56.3580665588379 56.4728507995605 56.7636642456055 -3.4e+38 -3.4e+38 -3.4e+38 -3.4e+38 -3.4e+38 -3.4e+38 -3.4e+38 -3.4e+38 -3.4e+38 -3.4e+38 -3.4e+38 -3.4e+38 -3.4e+38 -3.4e+38 -3.4e+38 -3.4e+38 -3.4e+38 -3.4e+38 -3.4e+38 -3.4e+38 -3.4e+38 -3.4e+38 -3.4e+38 -3.4e+38 -3.4e+38 -3.4e+38 -3.4e+38 -3.4e+38
52.6051826477051 52.9868927001953 53.2530326843262 53.6039085388184 53.6630821228027 53.6457977294922 53.5007514953613 54.1110153198242 54.6217575073242 54.8351097106934 55.0715141296387 55.3344230651855 55.2567558288574 55.5336074829102 55.3760757446289 55.6861915588379 55.8979530334473 56.337646484375 56.7792701721191 -3.4e+38 -3.4e+38 -3.4e+38 -3.4e+38 -3.4e+38 -3.4e+38 -3.4e+38 -3.4e+38 -3.4e+38 -3.4e+38 -3.4e+38 -3.4e+38 -3.4e+38 -3.4e+38 -3.4e+38 -3.4e+38 -3.4e+38 -3.4e+38 -3.4e+38 -3.4e+38 -3.4e+38 -3.4e+38 -3.4e+38 -3.4e+38 -3.4e+38 -3.4e+38 -3.4e+38 -3.4e+38 -3.4e+38 -3.4e+38
53.4375419616699 53.5303764343262 53.790283203125 54.1364784240723 54.2677803039551 54.5761070251465 54.5491409301758 54.60888671875 55.1153106689453 55.3226585388184 55.5172462463379 55.7196426391602 56.1183319091797 56.392017364502 56.2832374572754 56.6606712341309 56.3264122009277 -3.4e+38 -3.4e+38 -3.4e+38 -3.4e+38 -3.4e+38 -3.4e+38 -3.4e+38 -3.4e+38 -3.4e+38 -3.4e+38 -3.4e+38 -3.4e+38 -3.4e+38 -3.4e+38 -3.4e+38 -3.4e+38 -3.4e+38 -3.4e+38 -3.4e+38 -3.4e+38 -3.4e+38 -3.4e+38 -3.4e+38 -3.4e+38 -3.4e+38 -3.4e+38 -3.4e+38 -3.4e+38 -3.4e+38 -3.4e+38 -3.4e+38 -3.4e+38
54.3913383483887 54.5668563842773 54.6227569580078 54.6710433959961 54.7957305908203 55.2183151245117 55.5931053161621 55.5544052124023 55.4384765625 55.6501884460449 56.0152702331543 56.2370872497559 56.5964050292969 56.9422760009766 57.114013671875 -3.4e+38 -3.4e+38 -3.4e+38 -3.4e+38 -3.4e+38 -3.4e+38 -3.4e+38 -3.4e+38 -3.4e+38 -3.4e+38 -3.4e+38 -3.4e+38 -3.4e+38 -3.4e+38 -3.4e+38 -3.4e+38 -3.4e+38 -3.4e+38 -3.4e+38 -3.4e+38 -3.4e+38 -3.4e+38 -3.4e+38 -3.4e+38 -3.4e+38 -3.4e+38 -3.4e+38 -3.4e+38 -3.4e+38 -3.4e+38 -3.4e+38 -3.4e+38 -3.4e+38 -3.4e+38
55.2913284301758 55.4896278381348 55.5415382385254 55.5481605529785 55.4782257080078 55.7435874938965 56.1233940124512 56.6055908203125 56.3444137573242 56.5007133483887 56.5422630310059 56.8940162658691 57.0787811279297 57.4166679382324 57.58447265625 -3.4e+38 -3.4e+38 -3.4e+38 -3.4e+38 -3.4e+38 -3.4e+38 -3.4e+38 -3.4e+38 -3.4e+38 -3.4e+38 -3.4e+38 -3.4e+38 -3.4e+38 -3.4e+38 -3.4e+38 -3.4e+38 -3.4e+38 -3.4e+38 -3.4e+38 -3.4e+38 -3.4e+38 -3.4e+38 -3.4e+38 -3.4e+38 -3.4e+38 -3.4e+38 -3.4e+38 -3.4e+38 -3.4e+38 -3.4e+38 -3.4e+38 -3.4e+38 -3.4e+38 -3.4e+38
55.9959487915039 -3.4e+38 -3.4e+38 56.5109443664551 56.468563079834 56.2710189819336 56.6450462341309 57.1954078674316 57.2759132385254 57.5603332519531 57.4416923522949 57.7129173278809 57.5584182739258 57.8657646179199 -3.4e+38 -3.4e+38 -3.4e+38 -3.4e+38 -3.4e+38 -3.4e+38 -3.4e+38 -3.4e+38 -3.4e+38 -3.4e+38 -3.4e+38 -3.4e+38 -3.4e+38 -3.4e+38 -3.4e+38 -3.4e+38 -3.4e+38 -3.4e+38 -3.4e+38 -3.4e+38 -3.4e+38 -3.4e+38 -3.4e+38 -3.4e+38 -3.4e+38 -3.4e+38 -3.4e+38 -3.4e+38 -3.4e+38 -3.4e+38 -3.4e+38 -3.4e+38 -3.4e+38 -3.4e+38 -3.4e+38
57.8160514831543 57.6373596191406 57.9262733459473 57.8081665039062 57.8960037231445 58.1205062866211 58.3705101013184 58.2243499755859 58.2935752868652 58.6451148986816 58.8334312438965 59.1443824768066 59.1374092102051 -3.4e+38 -3.4e+38 -3.4e+38 -3.4e+38 -3.4e+38 -3.4e+38 -3.4e+38 -3.4e+38 -3.4e+38 -3.4e+38 -3.4e+38 -3.4e+38 -3.4e+38 -3.4e+38 -3.4e+38 -3.4e+38 -3.4e+38 -3.4e+38 -3.4e+38 -3.4e+38 -3.4e+38 -3.4e+38 -3.4e+38 -3.4e+38 -3.4e+38 -3.4e+38 -3.4e+38 -3.4e+38 -3.4e+38 -3.4e+38 -3.4e+38 -3.4e+38 -3.4e+38 -3.4e+38 -3.4e+38 -3.4e+38
