rcp8.5models/CNRM-CM5/sc1gr2.36
NCOLS 261 
NROWS 433 
XLLCORNER 336357.134 
YLLCORNER 654653.479 
CELLSIZE 1000 
NODATA_value -3.4e+38 
[rows 198 to 219 of 433, columns 147 to 195 of 261]
335.341735839844 335.437530517578 335.701293945312 -3.4e+38 -3.4e+38 -3.4e+38 336.193054199219 336.626983642578 336.770080566406 336.671508789062 337.296722412109 337.365081787109 337.834075927734 338.134368896484 338.166870117188 338.199096679688 338.381561279297 338.720611572266 338.751922607422 338.782897949219 338.993560791016 339.386138916016 339.446166992188 339.629150390625 339.991058349609 340.231140136719 340.562866210938 340.591369628906 340.619567871094 340.647521972656 340.675201416016 340.702606201172 340.729705810547 341.127624511719 341.809387207031 341.646240234375 341.157043457031 340.886566162109 340.911743164062 340.745025634766 340.412445068359 340.629150390625 341.009613037109 341.033386230469 341.056854248047 342.102966308594 342.125610351562 342.14794921875 342.170013427734
335.808929443359 335.761840820312 -3.4e+38 -3.4e+38 -3.4e+38 336.430145263672 337.061096191406 336.982940673828 336.901214599609 337.054473876953 337.312194824219 337.353790283203 337.785003662109 338.114471435547 338.126861572266 338.159362792969 338.191558837891 338.223449707031 338.255004882812 338.286254882812 338.649139404297 339.347869873047 339.408294677734 339.619903564453 340.163879394531 340.496887207031 340.525848388672 340.554534912109 340.582977294922 340.611114501953 340.638977050781 340.666534423828 340.69384765625 340.904083251953 341.416595458984 341.454498291016 340.826141357422 340.851745605469 340.877075195312 340.553131103516 339.926879882812 340.109466552734 340.619079589844 340.999450683594 341.023071289062 341.713195800781 342.092224121094 341.917602539062 341.582855224609
335.821136474609 -3.4e+38 -3.4e+38 -3.4e+38 -3.4e+38 336.358123779297 336.989624023438 336.444854736328 336.016998291016 337.379760742188 337.327575683594 337.39697265625 337.857482910156 338.116333007812 338.095489501953 338.11962890625 337.97412109375 337.821166992188 338.216003417969 338.247497558594 338.430816650391 338.767883300781 339.551574707031 340.095947265625 340.430206298828 340.459655761719 340.488830566406 340.517730712891 340.546325683594 340.574676513672 340.602722167969 340.630462646484 340.657958984375 340.712097167969 340.895324707031 341.062377929688 340.791107177734 340.81689453125 340.842376708984 340.519104003906 339.892486572266 339.917114257812 340.099578857422 340.608978271484 340.9892578125 341.389862060547 342.058807373047 341.725891113281 341.103729248047
335.833282470703 -3.4e+38 -3.4e+38 -3.4e+38 335.471405029297 335.199188232422 335.809020996094 335.680633544922 334.869262695312 336.85302734375 336.976379394531 337.561767578125 338.182800292969 338.127807617188 337.906372070312 337.538696289062 337.598480224609 337.837310791016 338.177001953125 338.387878417969 338.781433105469 338.812622070312 339.485687255859 339.821014404297 340.032684326172 340.422393798828 340.451782226562 340.480865478516 340.509674072266 340.538208007812 340.566436767578 340.408966064453 340.264007568359 340.676544189453 340.703338623047 340.729858398438 340.756072998047 340.782012939453 340.617767333984 340.128112792969 339.858062744141 339.882843017578 339.907318115234 -3.4e+38 340.955413818359 341.160827636719 341.473297119141 341.336639404297 341.070526123047
335.301574707031 335.428009033203 -3.4e+38 -3.4e+38 335.339019775391 334.783020019531 335.569915771484 335.895629882812 335.161254882812 336.584625244141 337.047943115234 337.40185546875 337.834014892578 337.967529296875 337.398712158203 337.234680175781 337.764831542969 338.105712890625 338.137969970703 338.500854492188 339.201538085938 339.232879638672 339.294647216797 339.50634765625 340.050659179688 340.385131835938 340.414733886719 340.260864257812 340.114135742188 340.501739501953 340.530181884766 340.217559814453 339.927642822266 -3.4e+38 340.667938232422 340.694641113281 340.721008300781 340.747100830078 340.615692138672 340.345520019531 340.180541992188 339.848541259766 339.873168945312 340.055450439453 340.371673583984 340.968719482422 340.991882324219 341.014739990234 341.037292480469
334.857574462891 335.128936767578 335.765716552734 -3.4e+38 334.983062744141 334.769958496094 -3.4e+38 -3.4e+38 335.972076416016 337.114227294922 337.373504638672 337.268493652344 337.364440917969 337.469635009766 337.281799316406 337.746215820312 338.038330078125 338.066375732422 338.098876953125 338.461975097656 338.983612060547 338.833435058594 339.256713867188 339.440887451172 339.776397705078 339.988250732422 340.377655029297 340.069641113281 339.591156005859 340.106628417969 340.309478759766 -3.4e+38 339.891357421875 340.605377197266 340.632537841797 340.659393310547 340.685913085938 340.712158203125 340.738128662109 340.763793945312 340.441467285156 339.814208984375 339.838989257812 339.863464355469 340.080291748047 340.935089111328 340.958343505859 340.981323242188 341.004028320312
335.041778564453 335.512451171875 335.778594970703 -3.4e+38 335.422821044922 334.4638671875 334.715850830078 -3.4e+38 335.96044921875 336.898895263672 336.847900390625 336.743621826172 336.866363525391 337.176361083984 337.448394775391 337.887634277344 337.482849121094 337.664672851562 338.059753417969 338.244232177734 338.431457519531 338.488342285156 339.218780517578 339.249664306641 339.280242919922 339.464599609375 339.981292724609 340.032989501953 339.399658203125 339.583801269531 339.759796142578 339.486083984375 339.855072021484 340.569793701172 340.597137451172 340.436950683594 340.293426513672 340.488983154297 340.157318115234 340.371978759766 340.407501220703 339.779876708984 339.804779052734 340.021026611328 340.368469238281 340.544311523438 340.9248046875 340.947906494141 340.970703125
335.397705078125 335.466766357422 335.79150390625 335.891479492188 335.517395019531 334.309814453125 -3.4e+38 335.691558837891 335.461029052734 336.454833984375 336.403961181641 336.475555419922 336.936584472656 337.192352294922 337.287780761719 337.390167236328 337.027130126953 337.151336669922 337.658813476562 338.053253173828 338.085601806641 338.270385742188 339.180816650391 339.2119140625 339.061614990234 338.913818359375 339.457763671875 339.637390136719 339.362945556641 339.392242431641 339.421264648438 -3.4e+38 339.818786621094 340.534210205078 340.561676025391 340.245635986328 339.772247314453 339.940338134766 339.668548583984 340.040466308594 340.563049316406 340.102691650391 339.770538330078 339.952758789062 340.304962158203 340.218414306641 341.084808349609 341.465972900391 341.294769287109
335.206420898438 335.167633056641 335.977172851562 335.781433105469 334.335815429688 334.132904052734 334.728698730469 334.14697265625 334.990661621094 336.104156494141 336.419158935547 336.640808105469 337.262298583984 337.208282470703 337.153289794922 337.097229003906 337.040069580078 336.991088867188 337.13330078125 337.474517822266 337.685974121094 338.079223632812 338.782745361328 339.174194335938 339.051391601562 338.930694580078 339.266357421875 339.296447753906 339.326263427734 339.355743408203 339.384918212891 339.413818359375 339.597961425781 340.498596191406 340.526245117188 340.397308349609 339.938110351562 339.607299804688 339.633728027344 339.628082275391 339.781860351562 340.007049560547 339.736297607422 339.761169433594 339.943145751953 340.541442871094 341.208343505859 341.687194824219 341.194274902344
335.276672363281 335.008087158203 335.421905517578 335.422485351562 334.461639404297 334.173614501953 334.876953125 334.326873779297 334.857391357422 335.633636474609 336.069488525391 336.480865478516 336.738464355469 336.684661865234 336.806457519531 337.113403320312 336.879058837891 336.636840820312 337.139465332031 337.514892578125 337.521575927734 337.680236816406 338.258178710938 338.596343994141 338.808197021484 339.198608398438 339.229217529297 339.259521484375 339.289520263672 339.319213867188 339.348602294922 339.377655029297 339.406402587891 339.919952392578 340.133056640625 340.518280029297 340.202453613281 339.572326660156 339.411193847656 339.110992431641 339.354064941406 339.676696777344 339.702026367188 339.917388916016 340.109161376953 340.800140380859 340.981353759766 341.138916015625 341.064361572266
334.422332763672 335.256744384766 335.163360595703 335.452606201172 334.871704101562 335.247650146484 334.530609130859 333.272735595703 334.090057373047 335.150238037109 335.789489746094 336.362426757812 336.636047363281 337.256164550781 337.201538085938 337.145874023438 337.089141845703 337.031341552734 337.302398681641 337.928344726562 337.930816650391 337.9638671875 338.388610839844 338.214538574219 338.733306884766 339.123962402344 339.154998779297 339.185729980469 339.216094970703 339.246185302734 339.275909423828 339.305328369141 339.334442138672 339.391693115234 339.419830322266 339.447631835938 339.475128173828 339.315826416016 339.015197753906 339.444702148438 339.939514160156 339.796295166016 340.180023193359 340.205871582031 340.388275146484 341.281555175781 341.306213378906 341.138275146484 340.803558349609
334.581481933594 335.581634521484 334.830932617188 334.436950683594 334.062591552734 334.641357421875 333.802429199219 332.907684326172 334.753753662109 335.218841552734 335.805084228516 336.378234863281 336.476257324219 336.909698486328 -3.4e+38 336.800415039062 337.105712890625 337.225433349609 337.680206298828 337.933013916016 337.904388427734 337.925415039062 338.837463378906 338.562347412109 338.748291015625 339.086639404297 338.936950683594 338.608825683594 338.820892333984 339.209655761719 339.239593505859 339.269195556641 -3.4e+38 339.356048583984 339.384338378906 339.227111816406 339.082244873047 339.311126708984 339.19482421875 339.864410400391 340.203277587891 339.729827880859 340.052673339844 340.2666015625 340.649475097656 341.340606689453 341.722778320312 341.397888183594 340.77001953125
334.618133544922 334.685424804688 334.529052734375 334.560394287109 334.128570556641 334.467956542969 333.392547607422 333.515930175781 335.28271484375 335.720397949219 336.184631347656 336.394165039062 336.341827392578 336.615539550781 336.906585693359 -3.4e+38 337.122406005859 337.394256591797 338.006439208984 337.946899414062 337.895660400391 337.885345458984 338.593414306641 338.985412597656 339.017547607422 339.04931640625 338.926483154297 338.651611328125 338.837280273438 339.173126220703 339.203247070312 -3.4e+38 -3.4e+38 339.320404052734 339.348846435547 339.221160888672 339.103790283203 339.432220458984 339.459381103516 339.642425537109 339.998596191406 339.896636962891 339.752868652344 340.104614257812 340.25732421875 341.369842529297 341.498199462891 341.006439208984 340.736450195312
334.995910644531 335.008575439453 335.259460449219 335.198211669922 334.438903808594 335.279937744141 334.243591308594 334.668701171875 335.609710693359 335.885498046875 336.511749267578 336.585723876953 336.896270751953 336.994110107422 336.923095703125 -3.4e+38 336.778137207031 337.234100341797 337.485595703125 337.603973388672 337.903991699219 337.865783691406 338.068481445312 338.409027099609 338.621002197266 338.831878662109 338.504486083984 -3.4e+38 339.105987548828 339.136627197266 339.166931152344 -3.4e+38 339.043640136719 338.926849365234 339.313354492188 339.157073974609 339.011779785156 339.397186279297 339.424468994141 339.637786865234 340.178894042969 340.160797119141 339.686553955078 339.853240966797 339.926361083984 341.082672119141 341.140197753906 341.228637695312 341.253021240234
335.302581787109 335.767669677734 335.357879638672 335.192321777344 335.011901855469 334.903472900391 334.354309082031 335.170349121094 336.163757324219 336.265045166016 336.527648925781 337.115142822266 -3.4e+38 -3.4e+38 -3.4e+38 -3.4e+38 336.846069335938 337.099243164062 337.041076660156 337.312255859375 337.921752929688 337.867370605469 337.877075195312 337.909973144531 338.096435546875 338.281951904297 -3.4e+38 338.192565917969 338.529907226562 -3.4e+38 338.590637207031 338.802642822266 338.852783203125 338.404479980469 338.736175537109 338.608581542969 338.674743652344 339.362121582031 339.389556884766 339.758575439453 340.256927490234 339.955657958984 340.041351318359 340.067687988281 -3.4e+38 -3.4e+38 340.608764648438 341.645416259766 341.478302001953
-3.4e+38 335.633758544922 334.911895751953 335.190307617188 335.502593994141 334.805114746094 334.960906982422 335.525268554688 336.277008056641 336.592712402344 336.543731689453 337.080596923828 -3.4e+38 -3.4e+38 -3.4e+38 -3.4e+38 337.173645019531 337.11669921875 337.058715820312 337.330017089844 337.939788818359 337.878845214844 337.839172363281 337.872283935547 337.905059814453 337.937469482422 -3.4e+38 338.001251220703 338.032623291016 338.063598632812 338.094268798828 338.461486816406 338.817138671875 338.213439941406 338.242340087891 338.270935058594 338.454772949219 338.784393310547 338.996673583984 339.723297119141 340.252838134766 340.135833740234 340.461456298828 340.4873046875 -3.4e+38 339.921600341797 340.088958740234 341.062744140625 340.929870605469
334.616821289062 335.087371826172 335.292175292969 335.378631591797 335.88232421875 335.117919921875 335.749786376953 335.703674316406 335.806518554688 336.245635986328 336.559997558594 -3.4e+38 -3.4e+38 -3.4e+38 -3.4e+38 -3.4e+38 337.191162109375 337.134399414062 337.076599121094 337.348022460938 337.9580078125 337.897277832031 337.812072753906 337.834625244141 337.867614746094 337.900238037109 337.932495117188 337.964416503906 337.995941162109 338.027130126953 338.057983398438 338.243377685547 338.423522949219 337.994995117188 337.848937988281 338.235565185547 338.263946533203 338.2919921875 338.66015625 339.502716064453 340.015869140625 340.400695800781 340.240417480469 339.907501220703 -3.4e+38 340.184600830078 339.709411621094 340.218658447266 340.411895751953
334.563171386719 334.990966796875 335.618774414062 335.542266845703 336.209259033203 334.959533691406 335.575500488281 336.083129882812 335.847259521484 336.312957763672 336.576538085938 336.939331054688 336.887969970703 -3.4e+38 -3.4e+38 337.440795898438 337.745880126953 337.512512207031 337.271789550781 337.725982666016 337.798919677734 337.556640625 337.803985595703 337.797027587891 337.830200195312 337.863006591797 337.895477294922 337.927581787109 337.959320068359 337.990692138672 338.021667480469 338.052337646484 338.082641601562 337.804473876953 337.326629638672 337.658996582031 337.870758056641 338.256927490234 338.440277099609 338.954040527344 339.494964599609 339.822052001953 339.692260742188 339.232025146484 -3.4e+38 339.433197021484 339.519622802734 339.699676513672 339.863464355469
334.670989990234 334.971374511719 334.902404785156 335.557830810547 336.571716308594 335.206176757812 334.701446533203 336.411376953125 336.013824462891 336.641693115234 336.593322753906 -3.4e+38 -3.4e+38 -3.4e+38 337.336791992188 337.434539794922 337.690399169922 337.4814453125 337.265899658203 337.518005371094 337.482788085938 337.625030517578 337.812744140625 337.767547607422 337.774963378906 337.825836181641 337.679016113281 337.532531738281 337.922668457031 337.954223632812 337.985412597656 338.016235351562 338.046691894531 337.411254882812 337.135864257812 337.164886474609 337.532165527344 338.221832275391 338.433898925781 338.9755859375 339.304656982422 339.33154296875 339.358093261719 339.414978027344 339.283355712891 339.163055419922 339.485656738281 339.510162353516 339.534301757812
334.565582275391 334.670837402344 335.196105957031 335.764526367188 336.347351074219 335.53173828125 334.820281982422 336.427551269531 335.856109619141 336.296234130859 -3.4e+38 336.837768554688 337.284606933594 337.047149658203 337.354797363281 337.300598144531 337.245391845703 337.189147949219 337.131866455078 337.073577880859 337.16748046875 337.417510986328 337.830780029297 -3.4e+38 337.742767333984 337.788696289062 337.488037109375 337.008331298828 337.348114013672 337.379577636719 337.049591064453 336.725311279297 337.471588134766 337.070861816406 337.100402832031 337.129547119141 337.313537597656 337.82861328125 338.3701171875 338.700103759766 338.726959228516 338.938385009766 339.323608398438 339.505279541016 339.519989013672 339.4267578125 339.451690673828 339.476287841797 339.500518798828
335.091217041016 335.227203369141 335.794372558594 336.134216308594 335.537445068359 335.708221435547 335.651153564453 336.081298828125 335.897186279297 336.363189697266 336.627746582031 336.855651855469 337.326324462891 337.114166259766 337.373107910156 337.319122314453 337.087829589844 336.848388671875 337.15087890625 337.0927734375 -3.4e+38 336.973571777344 337.672668457031 337.251068115234 337.379577636719 337.739837646484 -3.4e+38 337.175384521484 336.849517822266 335.801727294922 332.359680175781 329.1474609375 330.805877685547 337.035247802734 337.246856689453 337.634582519531 337.663940429688 337.848083496094 338.36328125 338.566131591797 338.235229492188 338.602111816406 339.289123535156 339.315521240234 339.341583251953 339.392669677734 339.417694091797 339.254821777344 338.918579101562
335.768341064453 335.718841552734 335.646789550781 336.486877441406 335.604705810547 335.874481201172 335.830535888672 335.785705566406 336.065155029297 336.693176269531 336.645446777344 336.698669433594 336.960357666016 337.084228515625 337.391754150391 337.161987304688 336.770812988281 336.915740966797 337.170227050781 337.112274169922 337.053314208984 336.993408203125 337.180725097656 336.808013916016 336.8984375 337.355102539062 337.747711181641 337.447082519531 336.81298828125 335.917938232422 333.234527587891 329.367156982422 328.908630371094 336.460357666016 336.644683837891 337.16064453125 337.547424316406 337.758331298828 338.483032226562 339.017852783203 338.742919921875 338.925720214844 339.254608154297 339.281127929688 339.307312011719 339.358551025391 339.197021484375 338.706451416016 338.245330810547
