rcp8.5models/CNRM-CM5/sc1gr8.8
NCOLS 261 
NROWS 433 
XLLCORNER 336357.134 
YLLCORNER 654653.479 
CELLSIZE 1000 
NODATA_value -3.4e+38 
[rows 176 to 197 of 433, columns 98 to 146 of 261]
68.5935211181641 67.8909378051758 67.9151840209961 68.6456527709961 68.5846862792969 68.3466873168945 68.3651123046875 -3.4e+38 -3.4e+38 -3.4e+38 67.9868621826172 67.1949310302734 67.3743591308594 67.8043060302734 67.5572204589844 67.4717864990234 67.22021484375 67.2215805053711 67.3117904663086 67.5647430419922 67.5149307250977 67.1938552856445 66.5071029663086 65.8956680297852 65.6518478393555 65.8434448242188 66.0199127197266 65.9812240600586 65.8171310424805 65.7294464111328 65.8456573486328 66.1137313842773 66.0458297729492 65.8306045532227 65.8105926513672 65.6585693359375 65.514762878418 65.3162994384766 65.2661514282227 65.4760055541992 66.2475967407227 65.6250915527344 65.8743896484375 66.4448776245117 66.0324096679688 65.9957046508789 66.0220489501953 66.4590301513672 66.457893371582
68.5110092163086 68.7222366333008 68.5704193115234 68.7438888549805 68.6831512451172 68.4455718994141 68.4643249511719 68.5657501220703 68.8383560180664 68.8508605957031 68.6470489501953 67.8309478759766 67.4672012329102 67.8937606811523 67.6410903930664 67.5519561767578 67.2968521118164 67.3458633422852 67.5258941650391 -3.4e+38 67.5372619628906 67.2848281860352 66.9500961303711 65.9430618286133 65.6951217651367 65.8305435180664 66.0509262084961 65.96728515625 65.7326049804688 65.7485656738281 65.7545700073242 65.8506546020508 66.0540542602539 65.8357162475586 65.5681381225586 64.8854370117188 64.9108657836914 64.7481002807617 64.6939392089844 64.8590850830078 65.521598815918 65.1415863037109 65.6555023193359 65.5471572875977 65.3833618164062 65.2655181884766 65.3674774169922 65.7241744995117 65.718994140625
68.5125503540039 68.9273223876953 -3.4e+38 -3.4e+38 68.7790832519531 68.5419235229492 68.5609893798828 68.6627197265625 68.9340896606445 68.9458389282227 68.8687286376953 68.4888458251953 68.0968856811523 67.9804458618164 67.7220764160156 67.6291732788086 67.370491027832 67.3505859375 67.4089202880859 67.691780090332 67.5946426391602 67.3380584716797 66.9453506469727 65.844612121582 65.7350463867188 65.7213439941406 66.0785140991211 65.9905319213867 65.7521362304688 65.7104339599609 65.5447235107422 65.5919952392578 65.9206085205078 65.6365585327148 64.9021224975586 -3.4e+38 64.6329193115234 64.6788558959961 64.5412445068359 64.6773986816406 65.1606750488281 65.4794540405273 65.9393081665039 64.9873657226562 65.3084411621094 65.1260681152344 65.2890625 65.5816650390625 65.5739974975586
68.0317153930664 68.5843963623047 69.0219192504883 -3.4e+38 69.424430847168 68.6356201171875 68.6549835205078 -3.4e+38 69.1786041259766 69.0380935668945 68.9591674804688 68.7079238891602 68.5678024291992 68.0642471313477 67.7483825683594 67.5563888549805 67.4410095214844 67.3411865234375 67.2588577270508 67.698127746582 67.5046539306641 67.3879089355469 66.9499206542969 65.7781524658203 65.771484375 -3.4e+38 66.0491638183594 65.8703308105469 -3.4e+38 65.6807632446289 65.4455490112305 65.5550079345703 65.6139221191406 64.9157791137695 -3.4e+38 -3.4e+38 -3.4e+38 64.6176910400391 64.4136276245117 64.6562957763672 65.1823120117188 65.3433151245117 65.3424835205078 64.7909774780273 65.1415481567383 65.0350646972656 65.1195449829102 65.4873809814453 65.5370025634766
68.1872863769531 68.0960845947266 68.6485824584961 70.2346801757812 70.0725326538086 69.2757034301758 68.8472595214844 69.2373428344727 69.3747634887695 69.1275024414062 69.0467224121094 68.7936859130859 68.7853240966797 68.7189254760742 67.7852783203125 67.5204315185547 67.5082626342773 67.4041290283203 67.3186264038086 67.7141418457031 67.4481506347656 67.4342346191406 66.9902191162109 65.8152465820312 65.7511825561523 65.5604248046875 66.0284271240234 65.7792816162109 -3.4e+38 65.5502166748047 65.4503707885742 65.448616027832 65.1813735961914 64.4709396362305 64.246223449707 -3.4e+38 64.1500396728516 64.5974655151367 64.3912353515625 64.5752487182617 64.9627151489258 64.965446472168 64.8046112060547 64.7120819091797 64.9981536865234 64.9520645141602 64.9731903076172 65.4011764526367 65.4370651245117
68.6321258544922 68.2440338134766 68.1520309448242 69.8517227172852 70.2691116333008 70.0426483154297 69.7361831665039 70.0812911987305 69.4621963500977 69.2139358520508 69.1312637329102 68.8764266967773 68.9625396728516 69.2095031738281 67.8562774658203 67.5879440307617 67.5196533203125 67.4224014282227 67.6629180908203 67.7652816772461 67.4951095581055 67.4768981933594 67.0268096923828 65.8486328125 65.7396774291992 65.4778442382812 66.0447692871094 65.7918701171875 65.6934585571289 65.4476623535156 65.4514846801758 65.3618392944336 64.9617767333984 64.4614410400391 64.2338943481445 -3.4e+38 64.1324005126953 64.438102722168 64.3653717041016 64.5020370483398 64.778450012207 64.8242416381836 64.7700042724609 64.6764526367188 64.9029846191406 64.7783813476562 64.8748779296875 65.2251205444336 65.3451919555664
68.3452606201172 68.6871490478516 68.2926406860352 69.4284439086914 69.8894882202148 70.2799606323242 70.3291473388672 70.5454788208008 69.5465240478516 69.2972564697266 69.2126693725586 68.9560012817383 69.0403137207031 69.2841110229492 68.4546890258789 67.6519927978516 67.541015625 67.448860168457 67.8752059936523 67.6684494018555 67.5383071899414 67.4625854492188 66.9171524047852 65.878173828125 65.764533996582 65.498664855957 65.7790069580078 65.8006134033203 65.6979904174805 65.4487228393555 65.4487991333008 65.3553161621094 64.9517288208008 64.4482116699219 64.2178802490234 64.1364898681641 64.1111526489258 64.303337097168 64.2797393798828 64.3356781005859 64.7449111938477 64.7313232421875 64.5401458740234 64.2919540405273 64.1118011474609 63.9238395690918 64.0807800292969 64.368034362793 65.0830230712891
68.0685729980469 68.7833251953125 68.7341156005859 69.3061294555664 69.4619979858398 69.8905639648438 70.4124374389648 70.8120193481445 70.1683654785156 69.3773498535156 69.2908020019531 69.1360321044922 69.4097366333008 69.3553161621094 68.90380859375 67.7124252319336 67.5971145629883 67.3965530395508 67.5967025756836 67.6048431396484 67.5776062011719 67.4572067260742 66.8388671875 65.9037246704102 65.7853927612305 65.5155029296875 65.4667510986328 65.5285034179688 65.6985855102539 65.4458847045898 65.3877639770508 65.0061264038086 64.4330596923828 64.4311828613281 64.1429824829102 63.9778938293457 64.0862197875977 64.2730178833008 64.2017517089844 64.1931533813477 64.651123046875 64.5119171142578 64.1338882446289 63.4780349731445 63.49853515625 63.3084983825684 63.4632606506348 63.7486000061035 64.3698120117188
67.923454284668 68.2524490356445 68.4502410888672 69.4408187866211 69.3359298706055 69.4815673828125 70.0865631103516 71.0123138427734 70.8123397827148 69.9921112060547 69.3655242919922 69.283935546875 69.6919326782227 69.4229888916016 69.0067977905273 68.2964859008789 67.6493530273438 67.4727020263672 67.7147674560547 67.6444854736328 67.6128387451172 67.4876098632812 66.8637390136719 -3.4e+38 65.6613616943359 -3.4e+38 65.3881683349609 65.316047668457 65.6951293945312 65.4390487670898 65.132942199707 64.2210388183594 64.0202407836914 64.410285949707 64.0757522583008 63.8442840576172 64.0575561523438 64.2390289306641 64.2213134765625 64.177734375 64.3008499145508 64.1514129638672 63.5384254455566 63.2962951660156 63.4510650634766 63.3149070739746 63.5395317077637 63.6392288208008 63.7262573242188
67.5938262939453 -3.4e+38 -3.4e+38 69.5875930786133 69.6060256958008 69.5913848876953 69.8512420654297 70.1143569946289 70.2266159057617 70.4451904296875 70.5768661499023 70.6304702758789 69.8216094970703 69.5471038818359 69.1486129760742 69.0241394042969 -3.4e+38 67.973747253418 67.5041122436523 67.7111129760742 67.6166610717773 67.3933715820312 67.2469253540039 66.9636306762695 66.0888061523438 65.6931915283203 65.2451705932617 65.1126556396484 65.1873092651367 65.4130020141602 64.9397354125977 63.7851905822754 63.8759078979492 64.1148223876953 64.1156158447266 64.0214385986328 63.9887504577637 64.1598739624023 64.181999206543 64.3083953857422 64.0934448242188 62.994873046875 63.1321983337402 63.3022155761719 63.1055526733398 63.2531852722168 63.533561706543 63.480354309082 63.9215850830078
68.0458145141602 67.7628784179688 68.0790557861328 69.1825866699219 69.6115951538086 69.8021087646484 70.0581436157227 69.6998291015625 70.119026184082 70.1665191650391 70.4194946289062 70.8995056152344 70.4780731201172 70.1320648193359 69.1972961425781 69.0683670043945 68.7764587402344 68.5906982421875 68.0559234619141 67.7377700805664 67.5979461669922 67.3036575317383 67.2599258422852 66.9238510131836 65.9710083007812 65.5404815673828 65.1298828125 65.1002426147461 65.0622100830078 65.1200256347656 65.1185913085938 64.261962890625 63.8465614318848 64.0825347900391 64.0801544189453 63.9828834533691 63.9485092163086 64.1146011352539 64.134147644043 64.0488586425781 63.5480155944824 62.9416160583496 63.0773696899414 63.2461700439453 63.048511505127 63.1949501037598 63.4744186401367 63.4199180603027 63.8598365783691
67.7788772583008 68.1731185913086 68.2291870117188 68.7673721313477 69.2067565917969 69.8073043823242 70.2334060668945 69.8036041259766 69.573974609375 69.7510223388672 70.3439178466797 70.8923873901367 70.9189453125 70.7596282958984 69.2416152954102 69.1081466674805 68.812141418457 68.7666931152344 68.4697189331055 67.7597503662109 67.6149826049805 67.3164825439453 67.2682418823242 66.9741134643555 66.0904083251953 65.5354919433594 65.8290023803711 67.024299621582 65.3244857788086 64.8831253051758 65.2501602172852 64.6258316040039 63.7575187683105 63.9105453491211 64.0406188964844 63.940299987793 63.9043006896973 64.0654678344727 64.0824661254883 64.0356826782227 63.5871658325195 62.9406852722168 63.1488723754883 63.1865653991699 62.9879570007324 63.1332359313965 63.4118499755859 63.2543983459473 63.0923385620117
67.5121078491211 68.2993469238281 68.6897888183594 68.6495971679688 68.8941116333008 69.7038879394531 70.328254699707 70.0471496582031 69.1760177612305 69.4182434082031 70.0924758911133 70.344482421875 70.3833847045898 70.5446701049805 69.9518051147461 69.1432647705078 68.8431091308594 68.7931289672852 68.4905624389648 67.7768707275391 67.6271438598633 67.324462890625 67.2716979980469 67.1244735717773 66.4755783081055 65.525764465332 67.9246063232422 72.6279144287109 68.4234619140625 64.8552780151367 65.2182998657227 64.5901336669922 63.6755218505859 63.762523651123 63.9969520568848 63.8936386108398 63.8560829162598 64.0124435424805 64.0269165039062 63.9371452331543 63.4332313537598 62.9258079528809 63.1925354003906 63.123363494873 63.0373687744141 63.3269004821777 63.1305084228516 -3.4e+38 63.0618171691895
67.3705978393555 67.9824676513672 68.9179611206055 68.2529983520508 68.8475646972656 69.4925308227539 69.9246292114258 70.1974563598633 69.6663284301758 69.3556671142578 69.8994598388672 69.9370651245117 69.9739990234375 70.1077423095703 70.0314636230469 68.9803619384766 68.8691558837891 68.814567565918 68.7039642333984 68.3053436279297 67.6342620849609 67.3274307250977 67.2701568603516 67.1182556152344 66.4642868041992 65.5111770629883 70.1345901489258 -3.4e+38 68.4615783691406 64.9579238891602 65.236686706543 64.8892593383789 64.1330261230469 63.7172546386719 63.949104309082 63.8428535461426 63.8038139343262 63.9554862976074 63.9674606323242 63.7052040100098 62.9721488952637 62.91845703125 63.257740020752 63.1134338378906 63.1927528381348 63.2546577453613 62.3974761962891 62.1478385925293 62.880687713623
67.8167572021484 67.715950012207 68.8984909057617 68.703857421875 69.3571014404297 69.3690032958984 69.5012359619141 69.7985610961914 69.8320617675781 69.8428649902344 69.8532943725586 69.8889007568359 69.9240341186523 69.958625793457 69.881103515625 69.3337326049805 68.8426132202148 68.8233032226562 68.755126953125 68.4167175292969 67.6361465454102 67.3252182006836 67.2634582519531 67.1069259643555 66.4479675292969 65.4916076660156 72.4269104003906 -3.4e+38 67.3925094604492 64.9155578613281 64.9676742553711 65.1127395629883 64.4808349609375 63.6676788330078 63.897029876709 63.7879028320312 63.7474594116211 63.8153839111328 63.3133354187012 63.4102897644043 63.0181884765625 63.1581573486328 63.2943572998047 63.0893135070801 63.2275199890137 63.0056953430176 62.0395469665527 62.3884086608887 62.298656463623
-3.4e+38 68.1166687011719 68.5124435424805 69.0559463500977 69.3377227783203 69.3379669189453 69.3748626708984 69.4107055664062 69.64794921875 70.1739196777344 69.8435516357422 69.349609375 69.3834457397461 69.4169235229492 69.9722213745117 69.8567733764648 69.3017578125 68.8009643554688 68.6792907714844 68.4042282104492 68.1460037231445 67.3176574707031 67.2514419555664 67.0903396606445 66.6284332275391 65.974365234375 72.4524765014648 -3.4e+38 74.9503402709961 64.8967056274414 64.9801483154297 65.118766784668 64.7678833007812 64.1115646362305 63.840690612793 63.8407554626465 63.952880859375 63.685245513916 62.7694053649902 63.1554565429688 63.0394668579102 63.2989158630371 63.2772903442383 63.2576751708984 63.4677925109863 63.1147918701172 62.1854667663574 62.569206237793 62.3928985595703
68.1132202148438 68.5760116577148 68.9777297973633 68.9422607421875 69.1192626953125 69.6736526489258 69.875 69.3753280639648 69.5933609008789 70.1298065185547 70.0203628540039 69.4739990234375 68.9790496826172 69.0095672607422 69.4311370849609 69.5963287353516 69.6311264038086 68.7534103393555 68.660026550293 68.4414978027344 68.2984390258789 67.4443130493164 67.2339630126953 67.1230621337891 66.8956756591797 66.5382995605469 68.4947052001953 72.7679672241211 72.0853652954102 64.9366912841797 65.1436004638672 65.1088714599609 64.7734222412109 64.0060653686523 63.9109954833984 63.922477722168 64.2313232421875 63.6698265075684 62.8274345397949 63.0818824768066 63.021167755127 63.3520545959473 63.2460327148438 63.4341354370117 64.1034164428711 64.2009963989258 62.8810157775879 63.0048828125 62.8369941711426
67.9635314941406 68.9988250732422 69.3359451293945 69.0288543701172 69.4374847412109 69.7716217041016 70.0531539916992 69.8713684082031 69.4487380981445 69.7980804443359 70.1204833984375 70.007194519043 69.457160949707 68.9628829956055 69.02001953125 69.148323059082 69.0896530151367 68.3492202758789 68.6745758056641 68.4895629882812 68.3132553100586 68.041877746582 67.2108688354492 67.1377563476562 66.9701080322266 66.4567642211914 65.5716400146484 65.1101913452148 65.4992904663086 65.1559295654297 65.0888748168945 65.0509643554688 64.7546234130859 64.087776184082 64.0047988891602 64.0294036865234 64.2661361694336 63.8507194519043 63.3472633361816 63.1177062988281 63.4049415588379 63.7886848449707 63.2926025390625 63.3978576660156 64.1224746704102 64.2334289550781 63.1189155578613 -3.4e+38 64.2664108276367
68.4416427612305 68.8306655883789 69.2323684692383 69.2582244873047 69.6232299804688 69.6530380249023 69.7757339477539 69.919677734375 69.373291015625 69.0615386962891 69.7256164550781 70.108283996582 69.9916152954102 69.4382400512695 68.971794128418 68.9982147216797 68.8741149902344 68.4130249023438 68.1832504272461 68.2193984985352 68.446159362793 68.4046020507812 67.1820220947266 66.9938201904297 66.6567230224609 -3.4e+38 65.2424926757812 65.3035430908203 65.4611968994141 65.3122482299805 65.029411315918 64.9883880615234 64.9087829589844 64.545783996582 63.978401184082 64.0614395141602 64.2467956542969 64.0562362670898 63.9269332885742 63.1841163635254 63.6342391967773 63.6844940185547 63.4232025146484 63.6214408874512 64.265983581543 64.2942810058594 62.8981170654297 63.4400444030762 65.6720809936523
69.2115707397461 69.3069076538086 69.7571029663086 69.4248657226562 69.7749710083008 69.6287994384766 69.6547012329102 69.6799087524414 69.6730880737305 69.6900405883789 69.8222198486328 69.5810241699219 69.6079559326172 69.6234359741211 68.9248733520508 68.9500427246094 68.9743118286133 68.6447143554688 67.7661743164062 67.8386993408203 68.1215438842773 68.3516311645508 67.7923812866211 66.9803161621094 66.6203384399414 66.4345932006836 65.2768173217773 65.4614486694336 65.4023361206055 65.3047027587891 65.0962753295898 64.9211196899414 64.7861099243164 64.3484954833984 63.9035949707031 63.9846267700195 64.212532043457 64.3291778564453 64.1100006103516 63.2711524963379 63.5801277160645 63.5466194152832 63.7426147460938 63.974925994873 64.2500686645508 63.9573059082031 63.166130065918 63.3538017272949 65.1429061889648
70.4475250244141 69.6662139892578 70.0781860351562 70.4775161743164 69.9692535400391 69.9452896118164 69.9769439697266 70.2617263793945 70.1270294189453 70.3564987182617 70.2321548461914 69.6732711791992 69.175048828125 69.1981658935547 69.0951309204102 68.6326599121094 68.5351943969727 68.900146484375 68.7654418945312 68.1913604736328 67.6967697143555 67.7954025268555 67.9538421630859 67.5398254394531 66.7725143432617 66.4850387573242 66.0333862304688 65.2989120483398 65.2694244384766 65.2088088989258 65.0554962158203 64.8853988647461 64.821662902832 64.0608825683594 63.8684043884277 63.9165267944336 64.3268280029297 64.4770736694336 63.9681854248047 63.9040412902832 63.8362655639648 64.0397109985352 64.1540603637695 64.4607620239258 64.7902526855469 63.9239959716797 63.4459800720215 64.1077728271484 63.6837997436523
70.6419677734375 -3.4e+38 70.3571395874023 71.0340270996094 70.4831695556641 69.9733428955078 70.0868988037109 70.5392913818359 70.832893371582 70.3267059326172 70.3451995849609 70.2183685302734 69.6572265625 69.1607284545898 69.2050094604492 68.8721008300781 68.0973587036133 68.3752212524414 68.5298767089844 68.5275421142578 67.7575836181641 67.9343109130859 67.8650970458984 68.1283111572266 67.2401962280273 66.5251007080078 66.0824890136719 65.4542236328125 65.0553512573242 65.1317901611328 65.0300216674805 64.9098052978516 64.8932800292969 64.5111618041992 63.9365005493164 63.9530563354492 64.2783660888672 64.7126083374023 64.9650115966797 64.8344955444336 64.4860076904297 64.367805480957 64.5193481445312 65.0097351074219 65.4673767089844 64.7720108032227 63.6927642822266 64.4976348876953 63.9015655517578
