rcp8.5models/CNRM-CM5/sc1gr0.1
NCOLS 261 
NROWS 433 
XLLCORNER 336357.134 
YLLCORNER 654653.479 
CELLSIZE 1000 
NODATA_value -9999 
[rows 286 to 307 of 433, columns 100 to 149 of 261]
80.0170113554429 79.977343634458 79.9301306897712 80.1405008997812 80.3042454344833 80.2797003471727 80.1733149738674 80.3732134860083 80.7987497721804 81.3112549161707 81.8685374899091 82.0812662601068 81.9077606877044 81.9391544329713 81.7421211356249 81.7865476130427 81.9139543600931 81.7690241485155 81.7004205965097 82.1450544307131 82.9627393468637 83.4831208152748 83.6821553057846 83.8343632007842 83.306491440888 83.0707103042293 83.0113586802455 82.9531375681726 82.7732158522302 82.579646120973 82.840868737802 82.9911216255831 83.1708995961626 82.9182528512605 82.4484488017083 -9999 -9999 82.9380647081117 82.8678204351949 -9999 -9999 83.1413828203445 83.802988317839 84.6751631916999 85.0651842536144 85.0427109511042 84.6911314301166 83.368831950172 82.0720751879605 83.0152496827801
80.1952414640994 80.0260504938205 79.9784942361156 80.099768650861 80.1733726609536 80.1526209553653 80.2512621731704 80.279270130848 80.2918623215199 80.7279438092295 81.5211614706288 81.994634706609 81.9781555459328 82.0673295346617 81.9088409153158 81.9602755413372 82.0301849313461 81.985989745333 81.7957699161485 82.1578180814573 83.0959377757711 83.6645486409484 83.6934119952155 83.7273442972755 83.7819529044269 83.7154422164241 83.7337833747799 83.6101020225837 83.1083479607354 82.934487463604 83.0072149266361 82.8188182548581 82.7228951689221 82.5812571765373 82.5337577656348 82.4992537677991 82.6682436305052 -9999 83.4799356184259 82.8289645026434 82.6404836362358 83.5120020407977 84.0477831272834 84.7622149845211 84.8682552434687 84.8385956316137 84.6602850517406 83.4077614509663 82.1173356775556 82.9940195837067
80.3555647142013 79.8992951673061 79.8854290981133 79.9797293661332 80.0045645020502 80.0891945740969 80.3095471682918 80.277107360626 80.2167264377986 80.5157712122342 80.9940053841324 81.5651051430203 81.9447109084299 82.0427528896239 82.2305015414539 82.0306629194682 81.9818365778072 82.1412786602232 81.9263419938457 81.9032190243128 82.5909629784056 83.5700852864436 83.5874977455547 83.5908315106798 83.9568853421156 83.9595332453658 83.9593877776547 83.9282885690326 83.6532767910709 83.362031405321 83.0289176268198 82.7967202417551 82.5828208896595 82.6932210413552 82.8650574359322 83.1959200948443 83.2754889401336 83.0496854121534 83.7485902255856 83.9485421964246 82.9263689622711 82.7580760545969 83.7569322685745 84.4465771538863 83.9051291279994 84.4402228178371 83.995154327053 82.343625404634 81.7355820429726 83.248923561689
80.2064207017059 79.8136399296058 79.7480245538052 79.7829351937628 79.868392201886 79.9451641597769 80.1282579566266 80.4695406109854 80.7771160302997 80.8764802981795 81.175098509826 81.505636686961 81.9436600512528 82.1605413794404 82.2426352517659 81.9521025254927 81.9283177616978 82.051742457359 82.0444912866997 81.8761738729646 82.1698864566114 83.2552546808709 83.6407423902769 83.6441827448622 83.8527240158035 83.9501096482707 83.9945439856315 84.0507107194452 84.0857638976339 83.8820469368066 83.5952761008141 83.4184976047312 83.0573123172594 82.9197057778435 83.1622676903038 83.4779178410678 83.4182715019812 83.0875904887509 83.4308940029375 84.2851585653607 -9999 82.6256937322611 83.01608612993 83.8076576748026 82.9623360497377 83.4990798563061 83.4514894694628 81.3039318676836 81.6564328868175 82.8840644227925
79.9778012472362 80.0739025430322 80.0122134646998 79.7927062775025 79.9266480241818 79.9999564200357 79.9964844269906 80.288435234 80.8110031147543 81.2378332309788 81.4126079587466 81.8769435970819 81.9253291548883 82.1188749116996 82.1242474350334 82.1270241659287 81.9738742512722 81.8966311520651 81.9112974257264 81.9057090445886 82.1062806828419 82.5090405511912 83.0085622618807 83.4092985997569 83.8912515153914 83.9868172693825 83.9976133302725 84.0781075069793 84.0414634719511 83.8413001724839 83.9772006443445 84.2437483701291 84.3910438544575 84.2417895236306 83.7302254841518 84.0042630437137 84.2398155349108 84.2225322319798 84.0491634402295 84.2786272092847 84.3651389837588 83.0320196490909 -9999 82.8406334545429 82.1900173572873 81.9358165024432 82.2129595237708 81.612600738395 82.4561239742116 -9999
80.2115643115854 80.1525518590922 79.958068720481 79.8431128253056 79.9146362836079 80.0422974548659 80.0073800588747 80.1047355880657 80.357930911023 81.0591987733616 81.6275103799596 81.8324231661139 82.0528870972067 82.1578120505935 82.1843855076371 82.1959497424305 82.0353677014045 81.935317204958 81.9852394284954 81.9144900014372 82.2009118020394 82.6368857459444 82.925814694208 83.2393650874896 83.9688406312929 83.94125994002 83.8944846121892 84.0360064989642 84.1541658781315 83.8427937259892 83.6157535715568 83.7118713045972 84.1697250792484 84.5189845051601 84.352623003774 84.0721872936927 84.3047056175196 84.3689194337785 84.2588794780886 84.3973267314724 84.3801893546906 82.9274435155341 81.2864412066302 81.145996515044 80.6284038259188 80.6298905314787 81.7534494977038 80.7845324382633 80.9313459783161 80.9293285377788
80.6452089703947 80.6208561268271 80.2098527579656 79.940770654479 80.0518049396082 80.0772947928114 80.0137600432092 80.0020505455239 80.1162217872648 80.8983695588348 81.683722464987 81.6688624949584 82.3429205010824 82.3488038429429 82.1303395845188 82.1474455403617 82.0600136641258 82.1286672956021 82.2065711170661 82.0139062377993 82.164364235372 82.7276548322758 83.0382546220027 83.1082852503056 83.7328274073614 83.9220367485361 84.0397118757505 84.1393742839472 84.1821920510584 83.9983666746028 83.6353882156994 83.5243414201959 83.9468368860996 84.4547928666845 -9999 84.1578402945785 84.0555802253388 84.141448050914 84.5583702516537 84.7428129260272 84.8626068074048 84.0857262205585 82.534862413628 81.22376363564 -9999 -9999 -9999 -9999 -9999 -9999
80.6105242629905 80.3772559113612 79.9908672964632 79.888439319708 79.9987513158613 80.0609697219514 80.1358980523141 80.2310045291157 80.1368749007634 80.4491971969821 81.0671653422724 81.1809502516136 82.5518913728884 82.5500708293285 82.2434323965499 82.2882571653917 81.972196482295 81.9960698633793 82.0990783944367 82.0804808939451 82.3073337385764 82.931089203619 83.2236297354853 83.1840783198582 83.5189005024224 83.9228896244551 84.0716140068363 84.0040841879335 83.9445674447168 84.1754240876805 84.0206776132393 83.9931869580888 84.1393418357663 84.4397269381233 84.6151558081218 84.1642453861531 84.1104912601614 84.3043252978926 84.7846600070609 85.0211160050175 85.1198022355277 84.9276558852647 84.3356584373833 83.7557182948853 82.5387861793476 81.2275068895539 -9999 -9999 -9999 80.1830473905614
79.8918283576188 79.9028187712137 79.7656631171617 79.7916807849354 79.846777879009 79.9444721597455 80.093313483785 80.2335077001433 80.1969774328257 80.2388117423678 80.4256318936629 80.6645856656119 82.2762878969925 82.4600704301128 82.0647275959001 82.1121904674286 81.746797400441 81.8292289465929 82.0658448609479 82.3243493006162 82.7058314525924 83.1699453651919 83.4776181357952 83.4266100522141 83.4917691233641 83.8622729908157 83.9855632939707 83.9108315819576 83.7890947038859 83.9880889048478 84.2383804223584 84.3373561048027 84.4172043360147 84.5768434582694 84.6188577971679 84.2208897472684 84.4905899767482 84.6003194305851 84.8185176038189 85.1231106609107 84.8816343818372 84.3799941938719 84.4947737021773 85.0724581296294 84.6853792699377 82.7216676613427 82.4506077379496 -9999 82.3870928715131 80.378288012436
79.9829045953721 80.0735910025936 80.0867094162373 79.881121018509 79.8481836991982 79.9633779107498 80.0661737924229 80.0882361787848 80.2437498275475 80.3396589264386 80.1880224279219 80.4909814258553 81.9554222945344 82.3363037665081 81.7552713053384 81.7830974450004 81.7522173718051 81.8929590976548 82.3574064312353 82.7696153450624 83.0938920582936 83.4232408091582 83.5691544150144 83.5938333127447 83.6494889569326 83.8255035316661 84.0048639678316 83.9881393332397 83.622951833264 83.4387209031262 83.884139595802 84.3260839910304 84.5162563407562 84.5783487164291 84.518700432679 84.4770177219902 84.8127179150075 84.8167753960342 84.8756140914805 85.075628389336 84.6168685914969 83.6409507648969 83.8452353432803 84.8004572452106 84.8193023207985 82.8677399740664 82.6492530018995 84.5174457325878 83.0307137967207 81.0745962136372
80.7168889430389 80.8051280026882 80.5215301964591 79.9918665208951 79.8011888390871 79.9458578229211 80.0459214200171 80.1449600248274 80.5075725736096 80.7841696742234 80.7070994232995 80.9657848636824 82.22637817548 82.3685178007975 81.7874619955953 81.6886351897008 81.7814335100129 82.0359735655896 82.6932158458645 83.1708008620449 83.3536343218902 83.5392923945603 83.5822816168233 83.6854266370676 83.8374080784806 83.9271123164258 84.006149311989 83.9714496939203 83.4372263795172 83.1031198237547 83.3822249910781 84.1758912562408 84.5308229653107 84.5269437732497 84.3463325251094 84.7288437482695 84.8965778326458 84.8188640665871 84.9175785313578 85.0436337284882 84.6430190787378 83.8743569997454 83.9013849175887 84.8160124892709 84.720913444797 82.7647255111206 82.4670879606613 83.7104064075036 82.7634553611794 81.7033304984133
81.1381175210053 81.3013460440478 80.6541401149209 79.8063988134013 79.6623963956527 79.7968264322896 79.9200127570332 79.9967540811157 80.3908909553182 81.2363245298525 81.6268554490865 81.6376265493221 82.4240683175061 82.2893643304638 81.8950310790259 81.705705829992 81.748467348032 82.1893809736671 82.9196906735983 83.3980953416113 83.4164074760007 83.3274022739885 83.4573296797435 83.7202861882638 83.742762745302 83.9070982974974 84.0312374290452 83.9771167847535 83.4713724263641 82.9588173370579 82.9175353040314 83.5709115358911 84.4134297687756 84.5276453796888 84.4963675012824 84.83709222605 84.7926471012268 84.6452826980361 84.6186977507731 84.8257273378865 84.6881164732298 84.2169616952844 84.2471542810671 85.0199686123582 84.6559029241336 82.6507717648338 82.6413776504431 83.0557389312746 83.5017679108608 83.3178227345422
81.0452734201568 81.1494742528102 80.5612621057736 79.894871957066 79.6602707888673 79.7292894658399 79.9976098842594 80.3601626664276 80.8279158132597 81.4645419507361 82.1821718099248 82.1226251171937 82.5963163915005 82.5157199656952 82.2259364680044 81.8724472737728 81.8909952584498 82.2043902906422 82.7950255175062 83.0599977879589 83.2975378258468 83.3208172994557 83.4514616285145 83.7129703917856 83.6918252613909 83.8184749150434 83.9247724449041 83.8545958355174 83.4858969963879 82.8202308861938 82.5694883318934 83.0932768709926 84.0245699232224 84.4389478477132 84.6507935215591 84.8718648873934 84.8135038417878 84.749681949132 84.6491915191656 84.7659773781196 84.9808083414704 84.8340675651857 84.9291025285416 85.0802432198724 84.1596214417711 82.3673656662629 83.6610656104774 83.274925758006 84.283409179415 83.7002280830843
81.0055030944612 81.2253069957983 81.1086025044903 80.847270630819 80.289202855718 80.0744622379125 80.6268428908848 81.5566953802462 81.7924275176061 81.8663476315598 82.2932100523032 82.2666362221348 82.7478098072096 82.6582256352906 82.3109294048397 82.0160310483254 82.1026509705126 82.2377989362081 82.6950565758373 82.9606673650627 83.2435404777298 83.3702417488059 83.386735596397 83.5108216507516 83.6827845383227 83.7787021089109 83.7418195524875 83.5706875813395 83.2470788328927 82.6082146343065 82.3771566261169 83.0568514406443 83.6498653521375 83.9267238008492 84.1546174079566 84.6123448808554 84.7200599886194 84.6991987384605 84.5933398934774 84.8927025803791 85.193948802773 85.2252360151657 85.0521932251714 84.4034649022139 83.2366118115399 83.0626091800478 84.6519300945629 84.1920049090003 84.2317495759025 83.2378518648671
81.2325214648778 81.566611697101 81.6041568571916 81.6066728488498 81.3435193772021 80.9931952951488 81.07643619211 81.8980690237312 82.2595269677805 82.1144562591528 82.1486092783003 82.353331879142 82.6820471129641 82.5735590880702 82.2192264547231 82.0860142685838 82.3187290393182 82.3905067102673 82.5002877408993 83.0102141357586 83.2994152557238 83.261220416612 83.1911629034813 83.3083115364736 83.5757443506196 83.7714016216716 83.7661304678289 83.3590436397125 82.8498844640677 82.3725797381993 82.2301231565478 82.9210495000648 83.2088180418068 83.0281358155926 83.3043127220592 84.1426885465994 84.326335878296 84.3372417010313 84.2764012827103 84.5461716936875 84.9876817528445 85.0554396328447 84.5444572745398 84.1494910097522 84.1022897165486 84.571972424559 85.2336105496273 85.2908197553861 84.4051280173848 83.3059113081739
81.4547906645158 81.533549471493 81.5574585898106 81.6337456704081 81.730608354149 81.8707258242115 81.9274490522752 81.9072871392399 82.0647130478732 82.1969082039362 82.2457057507913 82.4250417917316 82.427572612288 82.5903345021752 82.2144756216007 81.9455211531645 82.4006931411672 82.912906262225 83.0301549761633 83.120830403424 83.2496968033709 83.247143832398 83.3786536305702 83.5613532790012 83.1216596135471 83.012279514528 83.1254605733054 83.1199582303654 82.8834302791829 82.4614194221105 81.9717240309011 81.8356438816644 81.6358798584385 81.5169430878009 82.000880485998 83.0479450721069 83.444884145821 83.3647952330787 83.2852052064661 83.5753204223198 84.353324293258 85.1107776404463 85.0898425466053 85.4221392475148 85.2533798037196 84.7861382876345 84.4403411821824 85.429217718621 85.8222605121017 85.3384418231147
81.2672877496393 81.5345571704916 81.5435296213694 81.7043004702392 81.8034820934205 81.8143776635189 81.8595351493987 81.9402697119107 81.9892489748451 82.0285508100729 82.1389241891422 82.3470864858693 82.5003805320749 82.4710743265505 82.0043255812142 82.1141483067807 82.5074475528278 82.9863087128933 83.0495763930582 83.0936044967667 83.2286362652882 83.1532435306692 83.1291027661189 83.3192455955563 83.244843541855 83.1017878941024 82.9294027791451 82.541471297567 82.3771405424091 82.3847613194836 81.9402320483233 81.4151069126608 81.0159520863421 80.8569695466282 81.5046552770223 82.560267240724 82.6998817315339 82.7349660271843 82.5799218441176 82.8209273265813 83.9250409917247 85.0640500675304 85.2515132122778 85.1412806709668 84.6679452090493 84.1303770614932 83.9695876093719 85.2296367928461 85.8823847373456 85.9490857104853
81.2114092416071 81.4821799076965 81.5019116859103 81.6458439552583 81.7630956669341 81.7927676340317 81.8666308955907 81.9782384420599 82.0715904463911 82.1340274729454 82.2775711666014 82.35669493013 82.4754856894898 82.4511315602674 82.1614446492969 82.3355531177471 82.5575738155859 82.8747091056512 82.9106777390402 82.8672637694008 82.8789720960048 82.775316887696 82.5197689920517 82.6783567035031 83.3585182511688 83.3108202343386 83.1047887740284 82.5033472658994 82.1508079066548 82.1872343980054 81.8387583234926 81.3956062215309 80.8642415383716 80.6194612371828 81.23317149848 82.1441265507387 82.0916851131275 82.1377178030335 82.376856086377 82.9415143037433 84.1859328094363 85.1714489670199 85.2220985112865 84.5406284400717 83.8830705816194 83.5207673432235 84.0260807462442 84.8646710269598 85.5333418408156 85.7702763530966
80.9718267618541 81.1766401674357 81.424435126685 81.5483423781769 81.6695234453306 81.7659229032366 81.7412860405922 81.8204411009849 81.980105066435 82.1250749831484 82.2738923656433 82.3766494067337 82.186979635413 82.098050072334 82.1448288969653 82.3147508284295 82.4932001819473 82.7980120039892 82.7926605035638 82.6454795247182 82.4733210473916 82.3895248915908 82.2426113344808 82.446898676784 83.5092932164303 83.5216654314602 83.4872909252884 83.0219500764346 82.3958757073683 81.9335060657444 81.824789432497 81.6456603143949 81.2205738681597 80.809508097208 80.8820815347692 81.5586821044921 81.6020252563614 81.810188797852 82.745488617444 84.0013449607038 84.9696523942031 85.2429929061025 84.9284632464874 83.9635308884247 83.1193632554838 82.6879661213294 83.3006509314236 83.654697790796 84.3994917266086 84.8884191172499
80.5887616344796 80.9641822973744 81.4110702127205 81.4527282312896 81.5535387876426 81.6567382130258 81.4786390382861 81.5532152849767 81.6874150486675 81.7926767347945 82.1071949994849 82.2430555468694 81.9343730426778 81.9321213208184 82.1441914535468 82.3814406128929 82.5034850383312 82.6173300185567 82.7646477104673 82.7974362530216 82.7705840128007 82.8011951731036 82.7582634805178 82.8726261385217 83.5973788134258 83.5510824997863 83.7647156655793 83.5863899818086 83.09812017702 82.4289656765833 82.0922562467868 81.8294540624245 81.528542202693 81.1301748911136 80.5957627787863 81.3094223160041 81.7857272155861 82.2285158811915 83.2501640349202 84.467932975361 84.8814892019076 84.7372587227554 84.303529940623 83.4521334848201 82.7689215964094 82.2143852786694 82.3358468455642 82.6145463430885 83.5526983741783 84.0706907623374
80.5841726193412 80.9773139270504 81.3920321119713 81.4717109472329 81.5190789870602 81.5367868608151 81.5111005401189 81.547435953669 81.4796695627976 81.7517931396405 82.0874111885214 82.2011369284275 81.860065020715 81.9935101621011 82.2550793697224 82.5839312001634 82.6345730125089 82.5800187227251 82.6881038513367 82.8554049884274 83.003405915495 83.0821792075118 83.1831786391993 83.2446229847527 83.4800154570588 -9999 83.6348599856462 83.860482940466 83.7662874496766 83.3788018913747 82.6891494906095 82.1111913465187 81.7405823988952 81.3398008008716 80.7179497361513 81.2597024807383 82.4006448814121 83.0020743147521 83.6666753251858 84.0746027112493 83.7996275218798 83.742618745899 83.4584142598076 82.8407004131662 82.357211345252 82.0444877988409 82.0653047563909 82.0766438913019 82.7681941402495 83.3016600880165
80.7692754452237 81.0403617901831 81.2069080013724 81.4015152589404 81.5024841482912 81.4799474751525 81.4954778160778 81.6316205293188 81.6954666860095 81.9660397746305 82.0176306673098 81.9998630968206 81.8137412766451 81.9204502397228 82.1543938182632 82.519843725979 82.6257008637743 82.6752748034473 82.6731317765949 -9999 -9999 -9999 -9999 -9999 -9999 83.4124247013926 -9999 -9999 83.9447513871163 83.8861806848135 83.2795630966699 82.4717861847922 81.9256223750394 81.4302575824481 80.9263082675899 81.4656293708177 82.6590261149188 83.3919237231822 83.8285198473353 83.5895162373028 82.784500567627 82.6194759781664 82.5580881028091 82.1382046478772 81.7986160525446 81.7473715098992 81.849923431587 81.9537684906802 81.981384489238 82.5918086394002
