rcp8.5models/CNRM-CM5/sc1gr10.12
NCOLS 261 
NROWS 433 
XLLCORNER 336357.134 
YLLCORNER 654653.479 
CELLSIZE 1000 
NODATA_value -3.4e+38 
[rows 264 to 285 of 433, columns 98 to 146 of 261]
660.900512695312 661.118103027344 636.042358398438 647.643493652344 653.640197753906 659.875305175781 666.354064941406 673.032287597656 683.426025390625 737.045166015625 797.714233398438 746.945007324219 710.334228515625 717.612854003906 923.476440429688 1106.279296875 1134.54125976562 1121.56005859375 1116.83239746094 1109.27819824219 939.480224609375 844.779113769531 805.829406738281 811.451171875 821.460876464844 836.060546875 865.813720703125 992.171997070312 1180.39208984375 1304.05297851562 1401.1201171875 1411.86437988281 1423.77368164062 1436.11303710938 1420.64318847656 1445.80456542969 1449.12768554688 1220.03918457031 1344.25598144531 1436.12548828125 1500.94470214844 1475.68090820312 1471.64697265625 1492.35693359375 1500.15551757812 1495.42529296875 1433.74426269531 1344.17822265625 1196.30102539062
696.219665527344 700.419799804688 639.201171875 650.613891601562 654.952880859375 661.193420410156 667.442016601562 673.309265136719 682.565490722656 718.828491210938 776.724731445312 762.985290527344 711.099975585938 717.547485351562 820.085754394531 1030.55090332031 1156.06787109375 1126.81689453125 1104.54907226562 1089.24084472656 863.010986328125 798.067993164062 804.48779296875 810.359619140625 817.162414550781 839.028076171875 863.997436523438 932.9267578125 1056.23107910156 1261.69897460938 1390.23876953125 1400.50183105469 1413.42346191406 1436.05517578125 1410.22961425781 1418.34020996094 1449.33874511719 1368.3017578125 1354.61340332031 1350.76831054688 1432.20520019531 1446.68688964844 1486.0166015625 1508.27880859375 1513.84521484375 1492.44458007812 1424.64196777344 1354.66003417969 1109.95837402344
794.755432128906 759.33740234375 642.232482910156 655.182800292969 659.191711425781 663.1875 669.335266113281 675.782165527344 682.677795410156 689.708740234375 709.50244140625 755.716003417969 787.836120605469 761.933227539062 733.048522949219 851.527893066406 1085.53967285156 1157.90087890625 1124.83923339844 1104.40637207031 1186.25390625 1157.65026855469 1025.3544921875 851.320068359375 812.175109863281 822.380004882812 851.281860351562 916.825927734375 982.901000976562 1103.57824707031 1298.74096679688 1385.37939453125 1403.16442871094 1452.74353027344 1437.25244140625 1397.22058105469 1404.97253417969 1452.8583984375 1474.93005371094 1478.38916015625 1458.49633789062 1385.66467285156 1354.23852539062 1427.72338867188 1467.95007324219 1428.14111328125 1374.68664550781 1284.53576660156 1102.814453125
729.903015136719 702.945617675781 649.26025390625 661.395568847656 666.51220703125 664.317626953125 670.362731933594 676.962097167969 683.113403320312 689.572204589844 699.400512695312 738.635620117188 818.7314453125 862.816101074219 744.579345703125 831.408203125 1033.84460449219 1167.96032714844 1121.01928710938 1089.28112792969 1131.02270507812 1057.75207519531 979.440185546875 947.41015625 850.383972167969 816.815551757812 834.966186523438 880.219055175781 985.867980957031 1154.19189453125 1324.94445800781 1391.09399414062 1412.4130859375 1450.64636230469 1440.06127929688 1406.29577636719 1405.73120117188 1419.85717773438 1441.0107421875 1443.55322265625 1468.51196289062 1459.45092773438 1416.14001464844 1435.25500488281 1460.35217285156 1467.10095214844 1398.65100097656 1293.80187988281 1113.10070800781
777.25830078125 677.597900390625 650.940063476562 658.940063476562 665.046264648438 666.021545410156 671.628479003906 680.616394042969 692.454711914062 696.029052734375 697.097778320312 712.496643066406 754.602844238281 849.265747070312 844.044555664062 855.23681640625 962.292053222656 1049.11755371094 1083.04602050781 1069.93640136719 1043.81018066406 1035.47985839844 1006.44921875 1005.9365234375 950.669982910156 900.693054199219 826.65380859375 855.0712890625 953.504943847656 1155.17797851562 1344.84643554688 1384.05578613281 1402.84521484375 1447.27429199219 1436.43884277344 1400.77160644531 1397.91955566406 1407.81164550781 1412.31213378906 1409.71728515625 1428.65576171875 1451.32214355469 1467.83728027344 1476.96105957031 1416.86401367188 1389.95397949219 1424.06005859375 1424.5859375 1186.36010742188
742.228210449219 651.393798828125 646.5673828125 655.426574707031 660.934387207031 667.949279785156 673.913818359375 681.923156738281 698.620178222656 716.412658691406 714.693115234375 705.116271972656 712.103637695312 772.448913574219 917.89501953125 914.069152832031 977.552062988281 993.579711914062 1054.62182617188 1026.24963378906 972.597839355469 1039.9208984375 1024.79138183594 1001.09899902344 1009.52124023438 1028.68786621094 928.8583984375 846.497802734375 895.63525390625 1072.904296875 1315.95837402344 1369.73522949219 1385.57299804688 1440.52905273438 1425.97619628906 1381.70983886719 1388.42639160156 1343.03454589844 1380.15344238281 1399.11181640625 1404.62036132812 1417.8291015625 1461.75854492188 1466.19140625 1352.47729492188 1311.98291015625 1448.43237304688 1426.90625 1306.22106933594
707.716674804688 654.659606933594 647.395874023438 656.851806640625 662.673217773438 670.510009765625 676.842651367188 680.975524902344 692.383544921875 723.300537109375 758.050415039062 745.600219726562 712.299072265625 754.899169921875 890.293395996094 901.354675292969 950.811096191406 997.153503417969 1029.19250488281 1004.97216796875 951.547424316406 981.245910644531 999.91650390625 995.188171386719 980.435974121094 1013.48834228516 1082.54821777344 924.859191894531 893.151062011719 1094.77709960938 1315.62585449219 1369.99267578125 1400.17321777344 1411.99426269531 1421.07739257812 1390.96142578125 1384.20092773438 1259.26708984375 1349.13269042969 1388.63293457031 1397.61242675781 1427.42590332031 1475.66735839844 1452.49548339844 1377.49926757812 1379.76403808594 1471.50427246094 1386.443359375 1408.79650878906
687.973327636719 651.871459960938 650.319641113281 658.969970703125 665.345153808594 673.253295898438 678.846801757812 682.968994140625 690.491455078125 705.30029296875 739.781372070312 744.404479980469 712.088073730469 734.841918945312 858.994506835938 877.31787109375 897.463562011719 939.150451660156 954.902648925781 947.605163574219 919.073547363281 909.255737304688 956.842224121094 975.81396484375 927.985046386719 942.030212402344 1078.08142089844 982.746337890625 889.445861816406 1111.83288574219 1336.42492675781 1363.17700195312 1379.07824707031 1375.68774414062 1409.95629882812 1389.54040527344 1351.39709472656 1219.58312988281 1334.2763671875 1380.85583496094 1387.60900878906 1410.60632324219 1451.89758300781 1462.07849121094 1443.59802246094 1444.05554199219 1452.14782714844 1415.62072753906 1468.70141601562
670.562744140625 646.795776367188 654.920288085938 664.474914550781 672.104553222656 677.902893066406 679.865295410156 686.200256347656 694.830749511719 699.65283203125 704.287658691406 710.723937988281 712.329223632812 717.775024414062 847.273742675781 875.208068847656 867.940979003906 883.451110839844 882.228149414062 889.344543457031 890.338989257812 869.183349609375 886.495056152344 911.37841796875 886.324829101562 911.307861328125 995.915954589844 965.338317871094 883.538024902344 1016.15258789062 1272.64526367188 1322.53161621094 1326.98547363281 1351.99499511719 1378.54418945312 1344.51672363281 1256.89050292969 1155.8515625 1309.49182128906 1372.01086425781 1376.32568359375 1377.0615234375 1405.43103027344 1444.58557128906 1469.21887207031 1430.65698242188 1372.0546875 1403.17687988281 1449.05798339844
664.673828125 650.037963867188 656.648559570312 673.038879394531 683.594360351562 690.910522460938 686.407043457031 687.171203613281 695.465576171875 704.676696777344 708.13818359375 707.134887695312 712.488647460938 717.833618164062 837.621765136719 874.547912597656 868.61376953125 874.249755859375 852.828430175781 859.893493652344 861.025207519531 837.530151367188 835.564086914062 850.069763183594 879.194580078125 939.168640136719 950.767150878906 963.961669921875 927.118957519531 928.33935546875 1128.947265625 1253.34606933594 1251.74462890625 1306.14538574219 1338.75561523438 1285.15649414062 1144.67199707031 1123.98095703125 1262.85998535156 1324.12426757812 1353.30529785156 1370.12646484375 1399.32946777344 1437.82922363281 1434.439453125 1414.80334472656 1412.67102050781 1438.12487792969 1401.34008789062
650.011962890625 652.876281738281 655.4091796875 674.426330566406 689.707824707031 699.283874511719 687.448852539062 687.040344238281 694.669921875 700.916076660156 712.135925292969 717.718872070312 714.835876464844 718.150085449219 817.681823730469 875.113342285156 871.75537109375 884.635498046875 858.148132324219 848.822570800781 840.928955078125 832.526794433594 826.9462890625 822.735717773438 865.2763671875 933.657043457031 904.597900390625 936.856079101562 944.414916992188 907.624633789062 1000.62390136719 1153.36767578125 1171.53649902344 1243.10119628906 1296.72033691406 1248.48315429688 1116.42102050781 1169.30847167969 1251.15649414062 1324.4814453125 1352.55334472656 1371.97521972656 1403.97668457031 1447.90344238281 1436.74047851562 1453.11169433594 1485.92053222656 1486.22863769531 1381.80895996094
650.375244140625 652.551574707031 655.501831054688 668.979553222656 684.023315429688 694.492980957031 684.537292480469 687.3564453125 693.808898925781 698.313293457031 710.14208984375 725.115905761719 726.972351074219 721.848388671875 788.388977050781 863.606567382812 864.962890625 877.184143066406 863.682189941406 853.010375976562 834.565979003906 829.899719238281 818.598693847656 813.494506835938 834.561584472656 867.2626953125 873.753356933594 886.16748046875 903.35546875 902.538513183594 926.650329589844 1050.814453125 1139.25109863281 1194.66979980469 1246.07971191406 1205.83154296875 1067.1689453125 1189.34875488281 1254.583984375 1323.82641601562 1363.07885742188 1369.359375 1387.84289550781 1415.21520996094 1463.84216308594 1481.80236816406 1463.65686035156 1481.07202148438 1381.01135253906
655.514892578125 656.24951171875 660.368713378906 667.722351074219 676.594604492188 684.385803222656 685.129638671875 690.502258300781 695.046081542969 700.09814453125 707.325378417969 736.542175292969 806.120361328125 821.02099609375 786.799377441406 875.058410644531 863.482971191406 863.969299316406 870.286743164062 861.104675292969 838.772216796875 838.319091796875 825.784484863281 807.294799804688 813.992492675781 823.646057128906 850.939514160156 853.669250488281 860.761596679688 884.223693847656 909.05712890625 980.708435058594 1087.79650878906 1210.55908203125 1261.36096191406 1207.025390625 1067.73986816406 1185.61279296875 1249.33715820312 1299.94287109375 1352.56579589844 1362.30114746094 1366.1220703125 1371.16943359375 1408.17919921875 1427.76098632812 1447.11682128906 1494.89807128906 1428.845703125
657.41845703125 658.757873535156 663.105163574219 670.205932617188 675.189575195312 680.582153320312 686.38330078125 693.281188964844 698.362060546875 702.283386230469 706.622619628906 727.356750488281 791.510314941406 820.947204589844 844.638488769531 902.767700195312 884.966796875 886.395263671875 897.565368652344 891.646362304688 869.006713867188 858.545349121094 840.908081054688 807.619323730469 799.207580566406 798.562377929688 826.976257324219 830.63134765625 846.26318359375 865.343017578125 896.24462890625 939.221130371094 1012.67022705078 1151.28234863281 1252.62573242188 1243.32873535156 1140.56591796875 1103.08276367188 1205.9873046875 1285.19873046875 1320.28137207031 1317.55322265625 1312.46313476562 1296.43103027344 1350.57214355469 1366.98156738281 1409.25500488281 1454.45446777344 1478.8818359375
660.758239746094 659.845458984375 665.701232910156 692.981872558594 707.583679199219 721.445678710938 710.802734375 702.21630859375 707.288696289062 722.83984375 727.918090820312 726.130615234375 719.740417480469 722.42529296875 845.908813476562 971.637023925781 948.617065429688 945.266174316406 972.072204589844 1008.58673095703 975.481201171875 872.384460449219 841.351928710938 800.072814941406 790.971618652344 793.407287597656 794.241882324219 814.341979980469 839.538696289062 859.213439941406 856.997985839844 870.900024414062 888.896728515625 911.000915527344 987.527160644531 1078.27954101562 1012.34228515625 908.295776367188 977.661437988281 1096.3681640625 1179.26147460938 1185.16979980469 1158.52465820312 1126.25061035156 1166.33947753906 1271.56787109375 1353.38232421875 1409.15930175781 1491.82165527344
661.572998046875 661.957702636719 669.43701171875 678.495239257812 716.273010253906 835.57080078125 904.388854980469 797.945129394531 770.890319824219 853.728576660156 873.336364746094 825.706298828125 758.484558105469 791.662902832031 953.130432128906 1041.75244140625 988.537109375 923.061706542969 926.871643066406 1001.36627197266 988.03662109375 869.350036621094 813.457214355469 804.559387207031 812.713928222656 843.831359863281 787.346008300781 805.715454101562 833.312194824219 845.89697265625 835.784240722656 842.016967773438 867.580383300781 894.666687011719 943.233032226562 983.105651855469 958.403930664062 897.56884765625 916.043701171875 963.283203125 1044.53356933594 1137.05017089844 1219.88415527344 1175.12072753906 -3.4e+38 1227.37243652344 1342.30163574219 1386.6591796875 1424.15051269531
666.489501953125 669.447631835938 674.757446289062 681.501403808594 704.375 803.571594238281 958.253601074219 950.084533691406 862.867065429688 909.122192382812 928.429077148438 908.042236328125 879.054382324219 887.73291015625 1026.54223632812 978.144287109375 921.190002441406 884.359069824219 888.6435546875 929.35888671875 953.377502441406 884.065856933594 790.125732421875 821.872741699219 860.952758789062 881.798095703125 833.345275878906 800.679809570312 824.853149414062 812.976318359375 821.761901855469 830.682434082031 844.286315917969 866.377075195312 898.102661132812 924.860107421875 944.013916015625 894.862915039062 902.140747070312 -3.4e+38 977.171630859375 1110.66223144531 1250.81433105469 1199.48767089844 1071.0048828125 1134.81188964844 1257.26538085938 1319.66052246094 1343.5263671875
674.892211914062 681.529235839844 682.91845703125 684.583679199219 691.853332519531 711.365478515625 800.879089355469 889.918518066406 864.8193359375 866.736572265625 869.812927246094 879.258544921875 886.6328125 874.301086425781 926.35302734375 867.349731445312 846.364013671875 869.57421875 911.838195800781 901.580261230469 908.996398925781 906.562561035156 789.434753417969 825.022033691406 864.098937988281 842.695922851562 895.950561523438 873.738708496094 800.927734375 785.647277832031 813.232788085938 828.49560546875 825.059997558594 832.051574707031 854.99609375 883.328979492188 928.284729003906 917.22265625 914.713562011719 924.778259277344 -3.4e+38 1043.12219238281 1161.83459472656 1129.84741210938 1042.02807617188 1079.71936035156 1211.17614746094 1309.55358886719 1333.62097167969
673.721740722656 681.205810546875 687.2939453125 691.832336425781 694.475341796875 702.603088378906 718.81787109375 759.84033203125 823.642028808594 864.518615722656 853.561340332031 838.823303222656 827.722106933594 831.041564941406 842.749328613281 845.603454589844 837.169616699219 848.834899902344 883.29443359375 870.340637207031 820.244201660156 847.519165039062 792.441650390625 805.752136230469 842.697570800781 897.143493652344 994.833557128906 968.5107421875 854.077209472656 774.125732421875 802.885986328125 823.439636230469 821.407653808594 821.161560058594 835.698974609375 863.527404785156 914.72802734375 919.245483398438 922.885314941406 928.334411621094 927.199768066406 971.069152832031 1038.26196289062 1028.39208984375 1017.93719482422 1073.6611328125 1211.24865722656 1318.76867675781 1325.22290039062
673.014831542969 678.062377929688 683.3740234375 693.412719726562 695.803344726562 703.396850585938 709.863708496094 734.4287109375 796.893310546875 845.321228027344 856.501403808594 842.861572265625 833.789367675781 824.395874023438 829.012451171875 829.413818359375 827.968017578125 827.806518554688 842.836120605469 851.116394042969 798.728942871094 787.363952636719 790.983093261719 834.801086425781 949.912841796875 1070.38708496094 1135.75720214844 1003.60681152344 899.746032714844 823.703674316406 828.361511230469 800.98828125 806.85986328125 813.791625976562 825.616516113281 848.219909667969 896.102661132812 908.350769042969 -3.4e+38 926.864624023438 934.419677734375 -3.4e+38 -3.4e+38 1041.88696289062 1021.63861083984 1071.17883300781 1216.0283203125 1311.49011230469 1314.63513183594
676.080627441406 681.708679199219 686.098083496094 693.817932128906 698.905151367188 704.585510253906 709.344543457031 721.903991699219 749.184265136719 785.521118164062 857.850158691406 912.122253417969 898.912109375 858.960144042969 819.293579101562 820.748718261719 824.755676269531 825.406066894531 829.894348144531 839.478149414062 809.238037109375 811.059997558594 854.164001464844 930.291198730469 1098.46228027344 1212.04541015625 1215.77319335938 1065.33630371094 939.291687011719 882.750793457031 843.859802246094 815.094299316406 837.570251464844 835.563232421875 828.549682617188 838.738403320312 868.189025878906 899.562072753906 901.232788085938 -3.4e+38 934.647583007812 937.921203613281 1004.35168457031 1086.15991210938 1041.21484375 1095.9228515625 1223.40478515625 1324.50329589844 1311.92236328125
686.449829101562 687.682373046875 689.599426269531 697.980895996094 703.564636230469 707.159545898438 710.779968261719 715.774108886719 722.498718261719 743.854064941406 809.79833984375 872.998657226562 884.119140625 898.080505371094 822.464782714844 828.943481445312 826.908935546875 826.194763183594 819.274658203125 810.482727050781 795.306945800781 829.967041015625 931.146301269531 1036.5078125 1165.37280273438 1243.71520996094 1129.93896484375 1016.07269287109 920.497009277344 884.376037597656 856.886108398438 844.138732910156 893.196411132812 904.316711425781 916.648010253906 918.254699707031 -3.4e+38 882.095947265625 -3.4e+38 -3.4e+38 -3.4e+38 934.655517578125 -3.4e+38 -3.4e+38 1038.86401367188 1149.44226074219 1249.64587402344 1310.66723632812 1272.84436035156
