rcp8.5models/CNRM-CM5/sc1gr10.FIL
NCOLS 261 
NROWS 433 
XLLCORNER 336357.134 
YLLCORNER 654653.479 
CELLSIZE 1000 
NODATA_value -3.4e+38 
[rows 396 to 417 of 433, columns 49 to 97 of 261]
-3.4e+38 -3.4e+38 -3.4e+38 -3.4e+38 -3.4e+38 -3.4e+38 -3.4e+38 -3.4e+38 -3.4e+38 503.616302490234 505.848571777344 506.383636474609 510.119720458984 514.951049804688 520.972717285156 523.7958984375 526.700439453125 528.997375488281 536.278503417969 538.208374023438 540.962707519531 547.011901855469 556.924438476562 563.604553222656 554.952941894531 553.236022949219 562.985229492188 568.708679199219 565.640197753906 567.962219238281 568.449096679688 566.743103027344 569.072570800781 570.801574707031 572.794982910156 578.789428710938 579.38134765625 575.393920898438 610.189758300781 604.855102539062 581.175415039062 560.311645507812 553.588500976562 577.657470703125 640.759704589844 651.426025390625 652.553039550781 648.718627929688 576.609436035156
-3.4e+38 -3.4e+38 -3.4e+38 -3.4e+38 -3.4e+38 -3.4e+38 -3.4e+38 -3.4e+38 -3.4e+38 501.967926025391 503.406372070312 505.290283203125 510.613067626953 513.467407226562 518.636962890625 522.108215332031 525.893859863281 528.635192871094 535.54248046875 537.818908691406 539.286865234375 541.755859375 546.897216796875 554.892761230469 552.275146484375 552.669982910156 556.141845703125 555.957824707031 557.852478027344 565.361328125 568.105041503906 566.140197753906 566.316589355469 567.670288085938 568.958984375 571.778930664062 571.685485839844 570.985473632812 591.877807617188 591.047485351562 583.6650390625 564.298522949219 560.734741210938 580.596862792969 547.573486328125 574.565490722656 646.600891113281 651.341552734375 568.40087890625
-3.4e+38 -3.4e+38 -3.4e+38 -3.4e+38 -3.4e+38 -3.4e+38 -3.4e+38 -3.4e+38 -3.4e+38 -3.4e+38 502.924926757812 504.782592773438 508.810791015625 510.793426513672 515.700927734375 520.255981445312 523.815490722656 527.494384765625 533.798706054688 535.86474609375 536.082824707031 537.993225097656 541.601013183594 547.550170898438 548.690856933594 549.105102539062 555.09130859375 564.723083496094 560.087585449219 559.958435058594 567.2431640625 563.920593261719 561.366516113281 562.928649902344 563.886169433594 564.313903808594 565.171447753906 568.132202148438 575.24365234375 576.141235351562 578.623962402344 609.190856933594 629.084167480469 629.346435546875 554.438232421875 571.094055175781 634.834045410156 646.16845703125 573.284240722656
-3.4e+38 -3.4e+38 -3.4e+38 -3.4e+38 -3.4e+38 -3.4e+38 -3.4e+38 -3.4e+38 -3.4e+38 -3.4e+38 502.727264404297 504.163299560547 506.729156494141 509.027435302734 513.05322265625 518.167114257812 522.097106933594 525.886657714844 532.697265625 533.888427734375 533.766906738281 535.379638671875 539.869018554688 545.490600585938 545.213317871094 545.698486328125 550.148620605469 557.689270019531 553.336059570312 555.926635742188 559.722290039062 557.953552246094 558.667114257812 561.792297363281 561.599914550781 561.292114257812 564.966796875 566.894470214844 567.752868652344 574.058471679688 574.414428710938 604.673889160156 622.271301269531 539.082641601562 563.967102050781 627.3544921875 628.291809082031 640.431701660156 648.668151855469
-3.4e+38 -3.4e+38 -3.4e+38 -3.4e+38 -3.4e+38 -3.4e+38 -3.4e+38 -3.4e+38 -3.4e+38 -3.4e+38 -3.4e+38 503.521484375 505.7099609375 508.036590576172 510.356384277344 515.274475097656 519.782897949219 524.265380859375 530.920043945312 532.540588378906 534.455444335938 535.113403320312 536.153503417969 540.785461425781 542.460632324219 546.546508789062 544.628051757812 544.053588867188 545.980285644531 550.311584472656 554.428771972656 554.997619628906 557.527587890625 561.603393554688 560.139099121094 561.622436523438 563.411804199219 563.415649414062 564.813415527344 570.342651367188 570.064086914062 589.569641113281 606.196594238281 543.85546875 570.908630371094 545.0986328125 561.364379882812 632.59033203125 645.600830078125
-3.4e+38 -3.4e+38 -3.4e+38 -3.4e+38 -3.4e+38 -3.4e+38 -3.4e+38 -3.4e+38 -3.4e+38 -3.4e+38 -3.4e+38 502.256774902344 505.603332519531 508.377868652344 509.327301025391 512.154663085938 517.219848632812 523.046447753906 528.147583007812 530.936401367188 532.821655273438 533.936096191406 533.984069824219 538.584350585938 540.138854980469 546.227355957031 553.349426269531 547.120666503906 543.059020996094 546.647644042969 552.191589355469 553.41796875 556.289611816406 564.094421386719 559.802978515625 560.068725585938 560.165832519531 559.379699707031 561.798706054688 568.359802246094 570.559509277344 571.282653808594 594.959838867188 614.184753417969 622.242004394531 556.733520507812 490.560455322266 563.043029785156 634.96923828125
-3.4e+38 -3.4e+38 -3.4e+38 -3.4e+38 -3.4e+38 -3.4e+38 -3.4e+38 -3.4e+38 -3.4e+38 -3.4e+38 -3.4e+38 499.580139160156 503.512847900391 507.792114257812 509.155090332031 511.752868652344 516.383422851562 521.308776855469 526.761657714844 530.026611328125 532.315307617188 532.103515625 532.679870605469 535.717895507812 536.16552734375 539.131530761719 546.749633789062 542.722595214844 546.142211914062 544.21142578125 546.16455078125 548.710327148438 552.938537597656 557.958129882812 554.567016601562 553.868591308594 556.172790527344 560.557983398438 561.767211914062 565.720703125 569.582580566406 580.435913085938 587.695983886719 604.181640625 619.6455078125 626.691284179688 555.973266601562 570.682495117188 623.589721679688
-3.4e+38 -3.4e+38 -3.4e+38 -3.4e+38 -3.4e+38 -3.4e+38 -3.4e+38 -3.4e+38 -3.4e+38 -3.4e+38 -3.4e+38 -3.4e+38 501.952117919922 506.647277832031 508.512725830078 511.419952392578 515.382751464844 518.253173828125 525.415588378906 528.068054199219 530.804077148438 530.850708007812 531.583374023438 532.53173828125 534.823364257812 537.437255859375 536.767211914062 536.603942871094 543.314270019531 540.714782714844 548.478820800781 547.907958984375 546.922973632812 547.921081542969 548.744262695312 553.319030761719 562.160888671875 564.793395996094 565.561706542969 567.202941894531 572.506103515625 597.847290039062 596.075866699219 589.169677734375 599.923034667969 610.800354003906 617.745239257812 625.505493164062 619.301635742188
-3.4e+38 -3.4e+38 -3.4e+38 -3.4e+38 -3.4e+38 -3.4e+38 -3.4e+38 -3.4e+38 -3.4e+38 -3.4e+38 -3.4e+38 -3.4e+38 -3.4e+38 503.606109619141 506.558776855469 510.156860351562 512.980285644531 515.985961914062 522.122802734375 525.544860839844 528.128112792969 529.722961425781 530.468078613281 531.306030273438 532.742065429688 534.812133789062 533.377380371094 535.184387207031 536.648071289062 537.394287109375 544.262084960938 543.247436523438 541.455139160156 546.8994140625 553.115600585938 557.055786132812 559.629760742188 561.018981933594 568.798034667969 574.495910644531 577.657897949219 598.481750488281 602.617370605469 594.565673828125 584.085021972656 596.132141113281 607.715393066406 615.069030761719 618.720581054688
-3.4e+38 -3.4e+38 -3.4e+38 -3.4e+38 -3.4e+38 -3.4e+38 -3.4e+38 -3.4e+38 -3.4e+38 -3.4e+38 -3.4e+38 -3.4e+38 -3.4e+38 -3.4e+38 503.832244873047 507.613189697266 509.848937988281 513.992553710938 519.755737304688 523.834716796875 526.073120117188 527.293701171875 528.125549316406 528.508422851562 528.301391601562 529.056274414062 529.0888671875 531.045654296875 534.732849121094 534.6982421875 538.211608886719 543.18310546875 540.643615722656 548.462951660156 554.850463867188 551.029113769531 552.757263183594 556.138366699219 563.988403320312 571.418395996094 571.634094238281 589.050231933594 592.167175292969 597.907897949219 591.885498046875 588.528259277344 599.941162109375 604.160522460938 524.11474609375
-3.4e+38 -3.4e+38 -3.4e+38 -3.4e+38 -3.4e+38 -3.4e+38 -3.4e+38 -3.4e+38 -3.4e+38 -3.4e+38 -3.4e+38 -3.4e+38 -3.4e+38 -3.4e+38 501.231018066406 502.847930908203 504.757202148438 506.707855224609 516.0185546875 519.900756835938 522.334838867188 521.882507324219 521.6259765625 521.1494140625 521.314819335938 522.157836914062 523.418884277344 524.924499511719 525.580993652344 530.088684082031 529.945373535156 530.007995605469 533.851501464844 536.34765625 536.25341796875 538.968505859375 547.210266113281 552.765991210938 556.154663085938 556.01708984375 557.433410644531 570.900695800781 574.393127441406 572.475158691406 582.729431152344 583.210571289062 570.989685058594 569.423950195312 578.036560058594
-3.4e+38 -3.4e+38 -3.4e+38 -3.4e+38 -3.4e+38 -3.4e+38 -3.4e+38 -3.4e+38 -3.4e+38 -3.4e+38 -3.4e+38 -3.4e+38 -3.4e+38 -3.4e+38 -3.4e+38 499.376068115234 501.774291992188 503.891845703125 510.246978759766 515.739379882812 519.33642578125 519.313720703125 518.496765136719 517.319580078125 517.665649414062 517.980102539062 518.997924804688 520.571594238281 524.675903320312 525.388977050781 528.221740722656 528.563659667969 529.449768066406 531.910949707031 536.003662109375 536.234558105469 542.677001953125 551.272583007812 563.571594238281 564.523742675781 554.378234863281 562.696228027344 566.951171875 572.301635742188 583.189086914062 585.449951171875 579.204345703125 574.498840332031 573.133728027344
-3.4e+38 -3.4e+38 -3.4e+38 -3.4e+38 -3.4e+38 -3.4e+38 -3.4e+38 -3.4e+38 -3.4e+38 -3.4e+38 -3.4e+38 -3.4e+38 -3.4e+38 -3.4e+38 -3.4e+38 496.241119384766 499.308685302734 501.217132568359 506.387603759766 510.912231445312 514.371398925781 514.570007324219 513.972351074219 513.299072265625 513.784423828125 514.224975585938 514.2060546875 517.991088867188 523.421569824219 523.584594726562 522.651977539062 523.358581542969 525.044677734375 528.075927734375 532.172668457031 532.109497070312 535.801330566406 545.335754394531 555.911010742188 561.579284667969 557.358825683594 554.582641601562 558.402526855469 575.469299316406 582.293395996094 577.619995117188 583.409912109375 584.18994140625 579.596862792969
-3.4e+38 -3.4e+38 -3.4e+38 -3.4e+38 -3.4e+38 -3.4e+38 -3.4e+38 -3.4e+38 -3.4e+38 -3.4e+38 -3.4e+38 -3.4e+38 -3.4e+38 -3.4e+38 -3.4e+38 494.354217529297 496.242950439453 499.113220214844 503.351165771484 506.656463623047 508.260284423828 507.789855957031 508.801910400391 509.401702880859 508.992553710938 509.391784667969 510.061859130859 514.685485839844 518.0869140625 521.722839355469 519.862731933594 518.488220214844 520.605651855469 522.940246582031 526.00390625 527.09326171875 529.656677246094 534.271667480469 538.937377929688 541.784790039062 546.707336425781 545.741943359375 550.063598632812 561.914916992188 571.260681152344 563.88623046875 574.316345214844 506.439727783203 526.900512695312
-3.4e+38 -3.4e+38 -3.4e+38 -3.4e+38 -3.4e+38 -3.4e+38 -3.4e+38 -3.4e+38 -3.4e+38 -3.4e+38 -3.4e+38 -3.4e+38 -3.4e+38 -3.4e+38 -3.4e+38 -3.4e+38 493.033935546875 495.446136474609 498.077331542969 500.8798828125 502.350494384766 501.852966308594 502.673706054688 503.879302978516 503.747833251953 505.269653320312 507.559112548828 509.759460449219 513.135864257812 515.780456542969 517.285034179688 516.36474609375 516.603515625 516.575256347656 520.033752441406 522.148559570312 526.601440429688 531.587890625 532.007141113281 531.295593261719 531.003234863281 533.788208007812 537.921752929688 543.506591796875 553.046264648438 555.991760253906 559.017028808594 500.894958496094 534.788696289062
-3.4e+38 -3.4e+38 -3.4e+38 -3.4e+38 -3.4e+38 -3.4e+38 -3.4e+38 -3.4e+38 -3.4e+38 -3.4e+38 -3.4e+38 -3.4e+38 -3.4e+38 -3.4e+38 -3.4e+38 -3.4e+38 -3.4e+38 -3.4e+38 492.860443115234 495.502227783203 497.181060791016 497.253875732422 497.323822021484 498.031768798828 498.508361816406 500.24462890625 503.531005859375 504.219390869141 506.555816650391 510.345672607422 511.051483154297 512.610717773438 514.330017089844 515.716674804688 516.299072265625 517.506042480469 521.380798339844 526.344665527344 525.139526367188 523.690002441406 524.280883789062 524.664123535156 526.925048828125 540.840576171875 553.132690429688 556.354248046875 548.03125 554.384948730469 568.415832519531
-3.4e+38 -3.4e+38 -3.4e+38 -3.4e+38 -3.4e+38 -3.4e+38 -3.4e+38 -3.4e+38 -3.4e+38 -3.4e+38 -3.4e+38 -3.4e+38 -3.4e+38 -3.4e+38 -3.4e+38 -3.4e+38 -3.4e+38 -3.4e+38 487.985015869141 489.632843017578 491.72705078125 493.038787841797 493.500305175781 493.491455078125 493.588775634766 495.055572509766 497.24365234375 497.670989990234 499.936187744141 505.881042480469 507.071868896484 507.737213134766 508.605041503906 512.933715820312 516.206970214844 516.81982421875 518.012084960938 519.761474609375 519.111206054688 517.226257324219 519.75048828125 518.836669921875 519.300170898438 539.314270019531 556.560180664062 548.235290527344 537.641723632812 537.664611816406 538.320556640625
-3.4e+38 -3.4e+38 -3.4e+38 -3.4e+38 -3.4e+38 -3.4e+38 -3.4e+38 -3.4e+38 -3.4e+38 -3.4e+38 -3.4e+38 -3.4e+38 -3.4e+38 -3.4e+38 -3.4e+38 -3.4e+38 -3.4e+38 -3.4e+38 -3.4e+38 484.335906982422 486.160186767578 487.360717773438 487.902191162109 488.372436523438 488.784515380859 490.547271728516 491.641448974609 492.409576416016 494.649383544922 499.936614990234 502.432220458984 503.879150390625 505.92724609375 507.096038818359 511.147674560547 514.640197753906 516.027099609375 516.899108886719 516.094482421875 518.07080078125 521.708923339844 521.797607421875 516.609497070312 523.543334960938 532.601684570312 526.141418457031 524.784545898438 524.995056152344 524.839050292969
-3.4e+38 -3.4e+38 -3.4e+38 -3.4e+38 -3.4e+38 -3.4e+38 -3.4e+38 -3.4e+38 -3.4e+38 -3.4e+38 -3.4e+38 -3.4e+38 -3.4e+38 -3.4e+38 -3.4e+38 -3.4e+38 -3.4e+38 -3.4e+38 -3.4e+38 -3.4e+38 480.763366699219 481.650512695312 482.233917236328 483.218566894531 484.421936035156 486.454315185547 487.524261474609 488.648590087891 489.650939941406 493.811187744141 496.261444091797 498.375274658203 503.080749511719 503.959167480469 505.459838867188 508.529632568359 508.677581787109 510.469848632812 516.944030761719 523.035034179688 520.147766113281 518.811401367188 513.749267578125 510.734130859375 511.586547851562 514.742065429688 519.739318847656 523.6064453125 526.004638671875
-3.4e+38 -3.4e+38 -3.4e+38 -3.4e+38 -3.4e+38 -3.4e+38 -3.4e+38 -3.4e+38 -3.4e+38 -3.4e+38 -3.4e+38 -3.4e+38 -3.4e+38 -3.4e+38 -3.4e+38 -3.4e+38 -3.4e+38 -3.4e+38 -3.4e+38 -3.4e+38 -3.4e+38 477.212799072266 477.718688964844 478.950286865234 480.283752441406 483.560852050781 486.092132568359 486.401123046875 486.358612060547 488.564117431641 490.772216796875 491.854187011719 495.394653320312 499.876434326172 501.635040283203 503.214569091797 503.109130859375 505.2998046875 511.343811035156 516.528930664062 517.603149414062 514.11767578125 511.793090820312 510.015686035156 507.817657470703 511.792785644531 521.617980957031 527.341125488281 538.678527832031
-3.4e+38 -3.4e+38 -3.4e+38 -3.4e+38 -3.4e+38 -3.4e+38 -3.4e+38 -3.4e+38 -3.4e+38 -3.4e+38 -3.4e+38 -3.4e+38 -3.4e+38 -3.4e+38 -3.4e+38 -3.4e+38 -3.4e+38 -3.4e+38 -3.4e+38 -3.4e+38 -3.4e+38 -3.4e+38 474.003479003906 475.887023925781 476.611968994141 480.121307373047 484.124237060547 484.27783203125 483.509399414062 484.946746826172 486.244903564453 487.004455566406 489.287506103516 493.347839355469 495.028594970703 496.744750976562 498.175842285156 500.091278076172 501.790405273438 507.137756347656 516.655029296875 519.176818847656 517.431091308594 511.115447998047 504.701751708984 505.444976806641 519.358764648438 522.585754394531 536.617980957031
-3.4e+38 -3.4e+38 -3.4e+38 -3.4e+38 -3.4e+38 -3.4e+38 -3.4e+38 -3.4e+38 -3.4e+38 -3.4e+38 -3.4e+38 -3.4e+38 -3.4e+38 -3.4e+38 -3.4e+38 -3.4e+38 -3.4e+38 -3.4e+38 -3.4e+38 -3.4e+38 -3.4e+38 -3.4e+38 -3.4e+38 473.085174560547 473.383850097656 476.401031494141 479.143035888672 479.196136474609 479.573486328125 482.298095703125 482.783813476562 482.897888183594 484.736114501953 487.726531982422 490.178344726562 491.532897949219 496.473205566406 497.046691894531 500.122802734375 510.247314453125 428.990081787109 433.529571533203 465.098907470703 512.18359375 502.808715820312 502.931579589844 507.663879394531 506.735473632812 517.307189941406
