rcp8.5models/CNRM-CM5/sc1gr1.7
NCOLS 261 
NROWS 433 
XLLCORNER 336357.134 
YLLCORNER 654653.479 
CELLSIZE 1000 
NODATA_value -9999 
[rows 220 to 241 of 433, columns 150 to 199 of 261]
69.6201129880516 69.900119940521 69.8927434492266 69.8527433320281 69.5682602785465 69.1832854454202 69.0914879066675 69.2392655387331 69.2512958832183 68.9476618018523 68.0746274390944 68.0754633430381 67.9340619718451 67.5857497485866 67.2639977960039 -9999 68.155849721009 67.9696825949282 67.513025042126 66.9939612154378 67.1538289941664 67.2029684909516 66.8131226282763 66.5171196943415 66.8245948201298 66.6560120452791 66.4106112822599 66.258049098664 66.2353440464839 66.1586963051518 65.7880633891443 66.0868855167569 65.7657612708527 65.5444518623165 65.1388010204581 65.1471069939674 65.240945035308 64.9207365625738 64.6695768011499 64.3984743781304 64.2497658904392 63.9955813341688 64.2817637717663 64.3609808965255 64.1760661368053 63.7008464832055 63.4450150477677 63.694006163535 63.5092989603093 63.295773350751
69.6785359764344 69.9352685544349 70.2560667224982 70.3914577950276 70.1245200642743 69.7718569947315 69.1364739381645 68.863623988212 69.1214159574061 68.5643334292595 68.0173780072759 67.9449510073458 67.888815598956 67.507022028828 67.4452964159845 67.7395030438986 68.0359719081481 68.1354953053666 67.8149476321636 66.9626801405006 67.0704973539854 67.3780301382028 67.1735633472431 67.0103985088812 66.9990811401969 66.8835582354782 66.6242426067133 66.2533523992039 66.5829573108476 66.6328509946837 65.9456785906879 65.8820828009494 65.8594924612411 65.6973950839693 65.3573120247021 65.2826079555925 65.1975693311305 65.0255174953888 64.8807194170041 64.7272214286386 64.4053985885639 64.0661519656493 64.7057101552881 64.5739148686603 64.2215246223648 63.9322914059668 63.7069562980967 63.5704725857755 63.4520263905902 63.7155748886416
70.1003419297784 70.0826917904109 70.2026826049276 70.3785293813239 70.1842960798504 69.9211653632777 69.4587415929562 68.965345814128 69.0488337048718 68.4692403711719 68.1759660389131 68.3127539334808 68.4528938545742 68.3050714243395 67.8206293202963 67.9310248160454 67.9298990647382 68.1482829904492 67.8242492012318 67.0258761418783 67.0415740778811 67.270548982039 67.319509224283 67.4845258696275 67.1145087905051 66.8115788467396 66.4450701932204 66.2606295412429 66.6068324969964 66.8657105285662 66.0480817083237 65.8865563355106 66.0193411397811 66.0247847981742 65.5530568248427 65.2986224217834 65.1098314730825 65.08273702539 64.9611033537082 64.6849843753242 64.2228489301042 64.2874954537473 64.6830774621715 64.5522105055882 64.2541837441986 64.0248361583837 63.9261656634901 63.5206669005438 63.2385206594779 63.3926316508244
70.2428241395054 70.358665887622 70.3434383750827 70.3715246067642 69.9927760157654 69.5258154367853 69.7600529051373 69.1080177339213 68.7301636249517 68.5310219864 68.3726208003112 68.6077173360268 68.4956624139212 68.4637423781547 68.0882847055442 68.009171450379 67.9514818307152 67.8311359850022 67.5779981486068 67.2378537251962 67.0728095460135 67.1411714866484 67.3753954585254 67.648892257267 67.1449120589716 66.9211145723389 66.7170687260035 66.4425531876449 66.3758898326495 66.6675074169898 66.2960192246581 66.1735966586439 66.1541868524076 66.1551951743383 65.7607817310543 65.369178822355 65.1738519096461 65.1931180148179 65.1784448342148 64.6699127038295 64.2843919475363 64.5910637877788 64.4397689588255 64.203499161134 64.2308020118342 64.2208054817826 63.9940098472822 63.6526661545735 63.4447043065085 63.3748607759424
69.9727557967729 70.3184644875119 70.730727896559 70.3508509505009 69.9542947732947 69.7479421646612 70.1487049170009 69.4515174492036 68.8025966292381 68.6722217588664 68.517222013892 68.4724379125717 68.5708589699176 68.5999889506679 68.3869848181344 68.1232890502722 67.9649976863394 67.6912539900471 67.6035180775388 67.4304781089451 67.2141907598723 67.1660647178794 67.3941827362957 67.7347845116691 67.2624436061813 66.8535756255796 66.9154252761335 66.7002048663296 66.2992268882459 66.6998837305569 66.3815105155821 66.3552185316912 66.0490151032244 65.6650289269001 65.4710483393874 65.5372575656437 65.0793518316853 65.0995165368109 65.1859880258572 64.6420141678666 64.3552304623786 64.9086210083847 64.4248425624499 64.1428637543063 64.4299537307502 64.4408552344367 64.2539037751031 63.8242373643053 63.8042371987505 63.4911209295829
70.3654032073611 70.2896080244446 70.8638789063113 70.5423387213252 69.6886333263148 69.6817965752809 69.7539865712063 69.5933222463141 69.0359447673192 69.1618097980451 68.8339653074551 68.3547797828104 68.8261548158883 68.7899443900933 68.2142796098451 68.0578173044968 68.0304157540313 67.8755423625884 67.7653317522213 67.7703617563509 67.6412646929464 67.4411884207668 67.1810417224423 67.3764725293042 67.2652681730387 67.0908706153471 66.9549205119736 66.7852855699154 66.6607956975745 66.7494474328275 66.1992927371117 66.2979039171195 66.0912218475975 65.6811193050711 65.7844983544043 65.6352351320979 65.2286314966937 65.1322501316829 64.8696677456656 64.5898943043967 64.5500334851891 65.0766150606541 64.6241630894335 64.5244264952099 64.5347068289804 64.1750683286 64.2192683390055 63.8524647386104 63.7717029485265 63.4443411907329
70.7861942325037 70.3827413466893 70.6575320621443 70.4500863178008 70.0179772537921 69.7608384080455 69.627312929851 69.5335462395092 68.9210984767874 68.9197134846244 68.8940529844424 68.9054202777523 68.8295837419043 68.6278145928651 68.1766477947404 68.0709924877666 68.3294580710892 68.0036111746016 67.9059337093259 68.0028601269734 68.1176272610624 67.899959204707 67.5787522799494 67.4406547465566 67.4937616839244 67.6660370418999 67.1343758055983 66.9462736138765 66.8907861141082 66.5261142810988 66.453081864771 66.2551479242282 66.1547790217503 66.0932781081911 65.7881016454605 65.4544174035595 65.6195476255876 65.4691899371048 65.1428133450317 64.8892477528965 64.8384619351959 65.129869649015 64.773956025569 64.717264163149 64.6220577596558 64.357224367126 64.434468026093 64.1288499494565 63.6860030594374 63.4351459686712
71.2386097962222 70.9532202981824 71.1549556417618 70.7291768311325 70.3608277888515 69.9742794505296 70.0329254494432 69.8187932344859 69.3207389692833 68.6575279307157 68.8499190400272 68.9631456678782 68.8941603165788 68.8309442337433 68.5759804824742 68.2343604148195 68.6300272418168 68.1169207308523 67.9934215828148 67.9636996506567 68.2606816920638 68.1579645611046 68.0778671091647 67.7609472550235 67.5529438530973 67.7381433770615 67.3525076024998 67.1879468994226 66.8157012340531 66.6343799152482 66.7516890885158 66.4866189766845 66.3156726978046 66.1843157596134 65.704856313936 65.819870529546 65.7881314558052 65.7175310818498 65.5269701644811 65.1811074395436 64.9822089640694 65.2050034387739 64.9401994003966 64.9495954286116 64.7994387342013 64.5075197004675 64.3248481169558 64.3952757249746 64.1097556470015 63.6463645077123
71.8326671199515 71.4543847558801 71.3741211029457 70.8826157035127 70.4905905373276 70.0497741201948 69.9091563378643 70.0523686708942 69.3534229418209 68.936810542283 69.0447985682456 68.6853574751969 68.9580153314132 68.9799254747937 68.7910169547095 68.4733489992053 68.5611431737476 68.1664865595 67.9874292154709 68.0336468388113 68.3450487887083 68.2198378872289 68.1922948397168 67.95588621883 67.5633611507315 67.430308280436 67.4197002350037 67.4334198026953 67.1625148734737 67.0199390287691 66.73581121241 66.4010529666448 66.2569458391727 66.0127435892011 65.9347381828029 66.3190869846522 66.1174432362252 65.8411765517003 65.7019906804504 65.2597520319501 65.0359112408935 65.2867489841017 64.922494551411 65.0406515628824 64.8779659597576 64.433775594779 64.003694558295 64.3816518969314 64.7937283668571 64.2938364322834
72.0233520930633 72.0080336067299 71.511792695768 70.9268863359956 70.8127883655647 70.5590806741996 69.8529688403757 70.0524737920413 69.6636292234855 69.4495252137591 69.0225762022998 68.9378850785193 69.1954044278181 68.9893264311401 68.9021065226532 68.7000583567297 68.7440543813114 68.5818575708834 68.3550977783862 68.3162147056918 68.3482857342356 68.1481888049139 68.1742180119089 67.9541932715965 67.9948702523433 67.7068503741687 67.6142875810516 67.6343925451241 67.5790815741235 67.251263498304 66.7845002091996 66.6504902603268 66.2989931206167 65.9817699314158 65.9885937869308 65.9502622974026 65.9919462650727 65.8126290584875 65.5908645968826 65.5542662696004 65.2044864836437 65.1157844377744 64.988845406819 64.9872139929171 64.9962576403235 64.7378587367048 64.4747086978395 64.4622587587864 64.6409453016964 64.5765681115604
72.0375128099584 72.3278507964501 71.9106800446736 71.0900531820604 71.2218045424685 70.795236629314 69.9426530646243 70.1710041012758 70.0937233698503 69.7643043072402 69.1064404169525 69.0933149633792 69.4118378231604 69.1600459708486 69.2498654296138 68.7885740628961 68.8433659912076 68.8055827832207 68.7040080181204 68.4986597164415 68.2997396842314 68.3097371162549 68.3475567908613 68.0335816830951 67.9432222462134 67.8103771560081 67.6179515448478 67.5695933763142 67.6371707129551 67.3280927575352 66.7601195275038 66.6620056488478 66.3279986023262 66.1187095917225 66.1083386329031 65.9425629770609 65.8373234683918 65.5716288433832 65.1191958252196 65.479446180824 65.5287626203395 65.2943925093404 65.5300270096601 65.314395746812 65.0824815106035 64.9875786948775 64.9181356386334 64.7173819542795 64.4177522322823 64.4080149626544
72.1381644244978 72.3008942420353 72.1376652206438 71.5062702013802 71.1588018996028 71.1384716561353 70.5480379386098 70.1728018043533 70.5098622539846 70.2968026926869 69.5533240444501 69.1964894899153 68.9416874666748 68.9747826548784 69.2579388940525 69.0938193076358 69.0819498513914 68.5877249697169 68.5638984717924 68.7000929885896 68.4805929927996 68.2676775478404 68.2883151102434 68.3643782794971 68.0679193648106 67.8275399878564 68.0731676905771 67.8394686156136 67.7659945534739 67.6837046360914 67.0909493239791 67.0382647205696 66.5977165402547 66.9300375684835 66.8028175258727 66.274715824381 65.9675459435848 66.1556532898889 66.2057518652079 65.9994368200571 65.5242871786392 65.4658797279786 64.897322472257 65.2589916823501 65.4189495967484 65.097580690793 65.1506792197443 64.7253749588266 64.4705549669709 65.4182992855661
72.2708742859266 72.6606619780559 72.6650355781564 72.0152233427425 71.3700812052025 71.0987395058399 70.8070748524083 70.4116822817313 70.0329247945776 70.5503313417815 70.109303540479 69.4415055409206 68.9741016077298 69.1621973509492 69.2335772749017 69.3740191642453 69.4179316230053 68.8003302044116 68.8257035010332 68.848155168453 68.5243021927304 68.0572381417697 68.2055061458486 68.4802312639107 68.394551601055 68.2907984106942 68.2273345277433 68.114164920308 67.9112639627215 67.8990722306147 67.2635129858484 67.3114715270889 66.8265557300118 -9999 -9999 66.6317784102438 66.2550782636233 66.4175885716977 66.2770159339096 66.0125389669684 65.5870354772465 65.3261760399775 65.3178924932269 65.5416839177218 65.5100489623534 65.1107085083511 65.1179266309375 65.2944419152993 65.2221853939193 65.5242885944319
72.2528469979815 72.554105189191 72.4724821560254 71.745119546863 71.3926295939173 71.1259095647093 70.9057847943663 70.8883347176154 70.4584885787541 70.1663842582812 70.1787035589522 69.6762300601623 -9999 69.3508039845554 69.2902367456423 69.6984960048063 69.4979392054808 68.9173980030392 68.9444563340904 69.000131618704 68.7136239832553 68.3111295585677 68.5376698664272 68.7252030227365 68.7611013326905 68.4384051184115 68.2642946354852 67.9280213937623 67.7405836283554 67.7461382258264 67.3171555651791 67.177642596899 66.8792659558254 66.9435538987371 -9999 -9999 66.7343705243131 66.6854646912565 66.1683171078537 65.9493454270176 65.8775779496122 65.758991235326 65.5308729435312 65.6094759461167 65.4196646250285 65.2569534911036 65.3022400252188 65.7642966173816 65.8526260162189 64.8748950243658
72.2569977215841 72.3316793285658 72.1746595899463 71.6038781715725 71.4079659572898 70.911810884666 70.929566380184 70.8212365482579 70.7408182919689 70.3013071180383 70.0922446289734 70.16671304885 69.8879509335024 69.5185432625178 69.5984660242985 69.9296149212141 69.7287744268732 69.3312336415947 69.2451047974974 69.1069131163895 68.7774072209923 68.4946958067672 68.7517977514065 68.5611315317012 68.4786012247427 68.2760426153568 68.4936198226982 68.0848765502081 67.6922893258946 67.6212855125877 67.563419567377 67.1644640526955 67.0858998230515 66.9012140592554 -9999 67.1228043691231 67.0234520052669 66.6412934318159 66.0856281177278 65.8820079202351 65.9166100244536 66.0412120749837 65.7759242486147 65.6106715019489 65.2619068034942 65.3783275213993 65.4229484741194 65.5199468622451 65.4972746063266 64.7345887277107
72.2713902700646 72.2974943100732 72.1586397278753 71.6983725307393 71.7108488686943 70.9368257413647 70.6188259739465 70.7457021870229 70.5457417756809 70.4361212122098 69.9370542868288 70.1686976290668 -9999 69.9238121973726 69.7810758927019 69.8510982425577 69.9031798799984 69.5863609042431 69.2319760687845 69.1288957316349 68.774332962227 68.7055555377638 68.6447729519043 68.3917378553713 68.2233086178163 68.5763194771556 68.8862110063715 68.3539392912406 67.8487063156171 67.8496961773173 67.7864779846585 67.5567608940336 67.3533379557216 -9999 67.0211987146871 67.2806658235588 67.1057932026183 66.8212079924778 66.2836741693256 65.9300945277759 65.9338553370367 66.1262188003171 66.0267917442261 65.648392956338 65.6880711837648 65.6710934800218 65.1701398058655 65.235917426918 65.1001459676469 64.7415907083613
72.2325002127949 72.2079905157837 72.1239241807083 71.8166283895927 71.6634118267152 71.4022586265066 71.2222794476777 71.283711587316 70.5807782122146 70.3807721900249 70.07951573137 70.1520664544908 69.9667027781428 70.2159876828838 69.9733319485059 69.9598701116621 69.828003399147 69.7195484649513 69.4113026644994 69.4615723229756 68.9010645745102 68.8475344668665 68.8741406843091 68.8083337366617 68.637389089553 68.7562664402462 68.9022461815169 68.4127727030215 68.2560407574865 68.0485967371727 67.9449677844292 67.8182731434957 67.4672649460081 -9999 67.2430158448333 67.6625833530049 67.5077910005309 67.1189837043356 66.4899039227192 66.1831483238812 66.1696845723839 66.4226544532211 66.0522995512669 65.84671712204 65.9505147671802 65.8301163375077 65.2872329302807 65.2250056730505 65.4028291564998 65.0620030828977
72.4444720479792 72.4603273193737 72.3417861073187 72.1283733126575 71.660510286245 71.3784725809381 71.4652499135297 71.251701073827 70.6065447058938 70.4719954917875 70.6484668833335 70.5481397720127 70.232750977416 70.3569596276024 70.1890766738952 69.9133489653383 69.9509475400737 69.9208910240015 69.9126832710403 69.6023059419399 69.1948097298128 69.0462269694171 69.0240906558714 69.040506490456 68.7657409663725 68.5215843641872 68.4542691113284 68.4438506607179 68.338789507662 67.9893346892389 67.9372524988403 67.8118410028018 67.551407013823 67.0085449545949 67.4977240777108 68.3168928683236 68.1868756375302 67.1800525308136 66.7454537903891 66.4728991551246 66.2736122059155 66.5018059117745 66.1823831699092 65.951454074078 65.9480061045693 65.7060191905603 65.4701301650188 65.3997780792472 65.5595068620028 65.3442298036812
72.6532405855857 72.6086158025816 72.5969377404708 72.29800112234 72.0184406958359 71.5380646705949 71.1626963011041 71.1585480131153 71.0607372873246 70.7930040837462 70.6661944982168 70.7278002297195 70.4961859348711 -9999 70.0707676457457 69.747019009786 70.2010046165112 70.097803887142 70.0873531699335 69.5069315626917 69.3984257147422 69.3565908953001 69.1993765909909 69.0252265583391 68.9810335943065 69.3283164037501 68.9802653117538 68.7890137330674 68.4423900980338 67.9292007672393 67.8083614728202 67.9729509231674 67.7512724060426 67.3045198182435 67.6568077815478 68.9028851968948 68.8204600480114 67.3548084282539 67.0651351018208 66.6258431715908 66.2684396421723 -9999 66.3284712316563 66.093848693916 66.1555942036546 65.8733292710106 65.573930591366 65.6179414960272 65.4691023368101 65.1523786364256
72.6880715177274 72.5188300807904 72.3942912976739 71.9673701554025 72.1694966863241 71.8866457226579 71.50150003315 71.4234414736763 71.4813661513388 71.1170977309818 70.525494436935 70.6476400684893 70.5873607710086 70.4840852149801 70.2818682941412 70.0389763957808 70.1582313055239 70.2763916624479 70.2521185677004 69.5985344402227 69.3258810721359 69.6613508075792 69.4942830232719 69.301717402111 69.4709137474894 69.8142953509565 69.3011333500035 68.9914005821579 -9999 68.0211095158851 67.9872289729431 68.1603932983595 67.9677879558457 67.7887232043539 67.9078760823301 68.5972781771727 68.5812315181431 67.1553938996066 67.046220493734 66.786011692255 -9999 66.4617416565193 66.4402601043105 66.3209266452082 66.312621114577 66.1583462927234 65.5242661563534 65.1746891455024 65.0716030645063 65.065120673963
72.4589884458851 72.4327743134996 72.1397434375126 71.9149475164284 72.1558579269201 71.7936957455037 71.6856566240661 71.7439812215948 71.3555967690999 70.9460592120755 70.5626826770141 70.4709313796376 70.5903349832226 70.6316214601563 70.4692334070376 70.1858863128671 69.9483017885837 70.3305275648242 70.3355283152876 69.760350177306 69.2238308442977 69.4953301618388 69.4315208242213 69.5716386072678 69.4767870072813 69.1417677442962 68.9307039075187 68.7191081645219 68.5237242158019 68.5733228127912 68.3178382251872 68.0905511562934 68.1236071266858 68.107583069803 67.9460210641227 67.8612668648274 68.0961337998435 67.4170556131197 67.0596472499834 67.0051635645165 -9999 -9999 66.3562463269114 66.4494072716298 66.3184451549829 66.0110608737695 65.6762852726763 65.4777588191299 65.0720226660062 64.7715961078443
72.602910376784 72.7204077059485 72.2734168253876 72.0587745174858 72.1425356355867 71.828014554425 71.5037037673049 71.6583061983277 71.2148071484555 70.9944770763952 70.5672949973638 70.4123723352323 70.4580049256717 70.5415510471416 70.3504113657799 70.1792068755344 70.261935868171 70.4577252632436 70.4601384645509 69.7957642868264 69.5991559302216 69.5705688957812 69.4750722391699 69.4385501453398 69.2604510796615 69.0345932416723 69.1949629603295 68.7652025443095 68.6920174900601 69.0359213470816 68.2856099061817 67.9771908291378 68.2546687533722 68.2871104369841 68.0603660399492 -9999 -9999 67.7317961482811 67.1774829235363 67.1164261821711 67.0132196343534 66.7626334466764 66.4323357153665 66.3816419192312 66.0221129083804 65.8827788875803 65.9041686315707 65.8296140728294 65.2732354521424 64.7487471613902
