rcp8.5models/CNRM-CM5/sc1gr7.3
NCOLS 261 
NROWS 433 
XLLCORNER 336357.134 
YLLCORNER 654653.479 
CELLSIZE 1000 
NODATA_value -9999 
[rows 132 to 153 of 433, columns 50 to 99 of 261]
92.4111342511547 92.1918178429501 91.9367354528482 91.6786660365875 91.2051864170568 90.5941893580075 90.1415152476044 89.7551224681919 89.5757941871655 89.2686505030317 88.7537954158378 88.4450665772614 88.2730937207276 87.5572691278511 87.1674526071952 86.8830517709985 86.5020458150699 85.9010134402644 85.2287574894893 85.0927238463014 84.6939739875913 84.17625457268 83.8009814524604 83.2081086449724 82.6934560440231 82.1816763761518 82.0089773551476 81.5654686027134 80.6703600203102 80.3761733540148 79.7412911244074 79.3765889724636 78.962796027868 78.5580727567014 77.986351434818 77.4623573361717 77.125513975458 76.8680996155037 76.243102344003 75.555926177505 74.6728737172208 74.1733669458898 73.5767839340248 73.2598534684262 72.8044805739395 72.3824718078713 71.8012933108497 71.2318241045021 71.0425624131974 70.5705470626847
92.3546892427561 92.3133242031959 91.5799041402438 91.4869188004808 91.2490391152872 90.723263235317 90.2141784708375 89.6830241137234 89.5026101195662 89.2703142306221 88.8497428410818 88.1917358916297 87.6486251830951 87.6973518554401 87.2316215386344 86.6611987642197 86.2270018055278 85.8005686198411 85.2297812372849 85.0382015709721 84.5959580248053 83.9830476456122 83.5922648479453 83.0750532974351 82.5098659584161 81.9481892589316 81.7725213169078 81.3204652719641 80.52026610903 80.3036226877444 79.6952309095028 79.1861815227217 78.8228634671389 78.4333077639789 77.7050369513555 77.4760709156487 77.0771018332485 76.6124783254743 76.0373955345958 75.4406582395326 74.7115130849632 73.9803377416803 73.4658218550517 73.2956983651815 72.7641478550977 72.2388416073449 71.6382734363917 71.2351827656132 71.0351779295929 70.5223207109123
92.2950764423645 92.072196139313 91.4913858765516 91.417487788908 91.0534070970023 90.8344644759023 90.1913695421104 89.6092906776702 89.366258713618 89.2018241679425 88.6761894414561 88.2727276455061 87.4924560363878 87.6130559325811 87.1163081442107 86.7688642995925 86.0662385124498 85.6928826719192 85.2583043206077 84.8333860111881 84.3028516763375 84.0365725955058 83.5640280917318 83.0429871187888 82.5842653238124 81.9363918581523 81.6681891528134 81.1758715251328 80.3904430236182 80.0582524499757 79.593411423837 79.1480874628174 78.6848559496435 78.3839941935596 77.7827298903649 77.3476964708864 76.8063768034376 76.3895521411298 75.8326412857811 75.2623294916788 74.55292037695 73.8790145351515 73.4500768588946 73.087771442262 72.6484413308995 72.0664615581666 71.56110880123 71.2457987182946 70.9327470288723 70.4144776685139
92.4804238297586 92.0092998939634 91.7679776006992 91.4049226152521 91.1453014181166 90.5577148246019 90.0668076877428 89.6571249150612 89.4868040724859 89.2198201987937 88.8423877658394 88.3055755698304 87.824100591731 87.4726459605755 87.1354462323409 86.7436460571382 86.1927011102573 85.5186031010351 85.2594330604128 84.8632479783738 84.1644354000548 83.9567931713216 83.4114366858968 82.8496232864942 82.4773314784992 81.8537375562338 81.58241014683 81.055242862174 80.3148285426606 79.9253694084295 79.5020835972409 79.0964391559405 78.4662810255534 78.1902822325161 77.7716085232831 77.2265753828163 76.48738897163 76.2928611147105 75.7244647602753 75.2110020837588 74.4238286452844 73.9599781495112 73.4238815319592 72.8351733027948 72.4242584255264 71.9302669870684 71.4692710250765 71.1578718716111 70.7398458380274 70.381712527585
92.2533538502046 91.8914262847611 91.6335156340697 91.2255650073025 91.1834117683405 90.6016869076926 90.1747811096173 89.6177464351187 89.444336654144 88.9542808957023 88.6123479536802 88.0945602641373 87.7508999841888 87.3908426665449 87.0609131222314 86.7555613242718 86.3038250408598 85.5712287192383 85.0404480732617 84.686917477697 84.0988528348289 83.6247103198724 83.3276938529888 82.7639541477478 82.4168068301116 82.0058362362154 81.5766064096025 81.0393397047129 80.2929358370749 79.9258722199359 79.4851129029838 79.054734802447 78.4232858400065 78.0241211419508 77.4063494454366 76.9778178606852 76.3446721381309 76.1148055538321 75.5570614500515 75.0992445947323 74.4235914740272 73.8789550668711 73.3995494098199 72.9423882461163 72.2937989080902 71.8412182160681 71.4000058606195 71.0604971248609 70.724846527519 70.5098083442555
92.1140389952015 91.8614602320592 91.5028396125073 91.3511184026982 91.1128908217511 90.6255031041708 90.1249946911776 89.5804979917197 89.1035458419423 88.5861526190485 88.3913539088862 87.9573627102318 87.4486271353569 87.2623732547675 86.948945390735 86.8832412469031 86.1960670503432 85.5466219068191 84.9477438572719 84.4892358861667 84.0792359734546 83.5684590295836 83.1611988339916 82.7295616357082 82.4125903130883 81.9956986089439 81.5360631459706 81.1523669904104 80.1558499018742 79.869440720367 79.4676656185537 79.0254750006955 78.3557405503282 77.9381757316689 77.3044065406611 76.8870094493016 76.1880989208006 75.9108368176562 75.3668489038267 74.9352744184976 74.3431049000448 73.7511218541219 73.3161989727798 72.7926585823486 72.2107877149963 71.9356162488105 71.4737710627739 71.0997010870601 70.8663756642952 70.538265235381
92.2274522121232 92.12302628384 91.4170887446494 91.2756808020086 91.0387450359752 90.6528512113368 90.1793259990117 89.3895941910843 89.2529221068579 88.6892256509218 88.3208387580161 87.925762338436 87.7124143845601 87.195289810369 86.9873333142721 86.4421916440576 85.8719586279266 85.0733303790568 84.57694050887 84.3213053391728 83.8748141255826 83.5380464227399 83.240176014819 82.666555683676 82.2184431003019 81.7368043208018 81.5433694719742 81.1601658103168 80.1927930435591 79.6815575382834 78.9595115676912 78.6637959602714 78.003121529233 77.6592437887782 77.324257282688 76.7441349600012 76.2047211673636 75.8152024286707 75.2956270973308 75.0428565607937 73.9815899905516 73.3668132357871 73.1483841283501 72.552682307023 72.1659380570463 71.817111253025 71.3950607034171 71.0841652221544 70.7005348581456 70.2451445470607
92.3815312305919 92.075899838369 91.2949456630817 91.1612200199842 91.0673398992279 90.6822480621343 89.9098989970467 89.2677200546461 89.1539562381028 88.5811261488633 88.4194080996713 87.9570036042133 87.6345737201728 87.1891738078957 87.0099498665194 86.5163013512004 85.8256590033005 85.302247089453 84.5853888286799 84.2546590538518 83.7046528170374 83.5394358169487 83.0376362459322 82.6381648858637 82.2904747201397 81.7509452103993 81.4207199884318 80.7852676604486 79.9273019727594 79.3720352829137 78.8996122769922 78.5642988763997 77.998143719537 77.688058584001 77.3291342320722 76.5788811157164 76.1542750768886 75.8129639794734 75.1742174074702 74.9994148171742 74.080104862262 73.3173902522493 73.0289265162192 72.4534193031324 72.244279944557 71.8397328723729 71.4818032135652 71.1186186829037 70.7050009993458 70.3253906831443
92.2808771057255 -9999 91.700316507058 91.3296328786779 91.1597225378061 90.4534713005127 89.8487456108591 89.3102145321762 89.2040961068281 88.7836298420152 88.4267431262842 87.9283670967858 87.7998621735139 87.3622872177731 86.9479389620889 86.4690649430656 85.824068928748 85.2888740381058 84.6005697465664 84.2057102012403 83.7733263539085 83.4935140324151 83.1890481198905 82.5452357667965 82.215689899932 81.7181153251346 81.1606858757373 80.4532063742227 79.7675456639297 79.1739246805815 78.943129542718 78.6680008974901 78.0227094811604 -9999 77.0736288047531 76.6104777340261 76.3241675969399 75.7969308236833 75.3965650752817 74.9285060851968 73.9636879578128 73.3295349662809 72.9841703514938 72.4200274853233 72.2522979044024 71.7977975957594 71.5505541776695 71.0292181353437 70.6184253760898 70.3455496902248
92.2460853381749 -9999 91.9649586611138 91.5405198513613 91.2791822958467 90.313376228631 89.8813570598881 89.326751701353 89.2153111446791 88.9688956579888 88.5481895885579 88.1999173231153 87.8681065819282 87.4953495441613 86.9901999491441 86.2882397666184 85.769757585414 85.2064740569422 84.6740230293622 84.3008903222126 83.784178749037 83.5244105398964 83.2642844070457 82.6023387520218 82.1395892002468 81.4911244840033 80.9559793005432 80.5374532378829 79.7437699408855 79.0995097266621 78.9115081412312 78.6751611759123 77.9914111727673 77.5788240247626 77.1911578694555 76.717622956697 76.3398346280302 75.7318077688245 75.4879971106407 74.880863250391 73.7924101592166 73.2928495667271 72.9686819041105 72.4876316923993 72.1250794794584 71.8482255505211 71.4695119978186 70.9666483375699 70.592981593973 70.2157142959979
92.323233754525 92.2041749634652 91.8521213111209 91.5563097174094 91.2225125032587 90.6610795748046 89.9192286451138 89.4330615301829 89.2821932019469 88.9229380822472 88.5582649566408 88.1798370729804 87.8564255788231 87.5563235048859 86.8065557925605 86.2901854880513 85.9218943185627 85.2736785226053 84.7615789292006 84.3337558811654 83.8698906945041 83.5578623881543 83.1863305686284 82.5100267520598 82.0584613689999 81.3747453516345 81.0080456010201 80.6643466760056 79.7228473419098 79.2487401644699 78.8562156853181 78.5088289043168 77.9935922313634 77.5665512416641 77.1985643960594 76.6693166923048 76.2098889323779 75.6614944837336 75.249294905244 74.7954860399646 73.7956897470573 73.277118525237 72.9516846125983 72.5708302648112 72.0513542610204 71.8207929963034 71.3482681266878 71.0049561443187 70.5383951185282 70.2312790413643
92.2842424410326 92.0679699028919 91.7703832656624 91.2258873887673 90.9765725731973 90.6869458951682 90.0482625437117 89.562580796092 89.1874675930478 88.9221502502251 88.6497272844781 88.1867989315335 87.6034758274517 87.3586171317209 86.7736925369753 86.3914553886156 86.0157842158666 85.1819632696105 84.7232383723109 84.4149391400454 83.9991194120696 83.5436020679252 82.9747723224588 82.3192292892994 81.8896668421882 81.4260676027294 81.0159722325418 80.6540747535831 79.6928903625025 79.2445424762549 78.8360401694532 78.4108503086941 77.8552178656955 77.603976405832 77.1455440996474 76.5936507740521 76.1196943681577 75.5140742519374 75.1749229604358 74.6703862623745 73.7714356075303 73.3511578495089 72.991462101745 72.5950739532035 72.0729728670478 71.7585441964353 71.343471788108 70.9817567810314 70.6302649078657 70.2738393521283
92.1020487422989 91.8698995156093 91.4166016269574 91.0843544780033 90.9073755223824 90.6056249592076 90.1290987482378 89.6965960472452 89.2217486833733 88.9387163791564 88.713900930121 87.9666091374098 87.4798590628993 87.2673693294244 86.6719479516518 86.5316521530451 86.0071466522116 85.2637033429376 84.6262548656549 84.4273441354122 83.706809860985 83.43175064492 82.9486047467472 82.3229500648304 81.9494708331626 81.5238664575073 81.024111206463 80.6977890960266 79.7566821787405 79.3093161110436 78.8208667603216 78.5186796358425 77.8734020784402 77.6174305874573 77.1266131241182 76.5970156504132 75.9554702606804 75.3372537304286 75.0942317995416 74.5587265972479 73.7366364287999 -9999 72.9396970041974 72.5013175873509 72.1611151588404 71.7420949825949 71.4252713172852 71.0087657068223 70.6417578197696 70.1748334322575
91.7900193445395 91.6456673461466 91.267247066466 91.091467035341 90.8624136714502 90.5049405574613 89.9558352787801 89.6346839379876 89.220311815535 89.0076690408631 88.3908527819607 87.9808800773184 87.5165673261818 87.2656723101093 86.6583232098299 86.4513617122525 85.9658871400429 85.2868243258823 84.7505817089937 84.1767656685066 83.742136920479 83.2426584128722 82.959380068461 82.4203074275171 81.9436590640829 81.5934198309784 81.106886068727 80.7695161279168 79.7032634333178 79.3480541879336 78.8517254090699 78.6147425151331 77.9020854752893 77.5866199625513 77.2249760105218 76.5276052030151 76.0028742503752 75.3843152748219 75.1015021925471 74.5968929376918 73.6918614499498 73.4703530823634 72.889467126565 72.4804432295539 72.1173125512798 71.7250657311519 71.5038821024714 71.0374020498523 70.6464521077974 70.0479350282176
91.830794898287 91.6078069375419 91.3523154114044 90.8835054779228 90.6750902966026 90.3669817352937 89.7541429824817 89.2771783292475 88.9915058489526 88.8698086800801 88.2499576131079 87.9425972764848 87.5045080058745 87.2654600756501 86.7484250078616 86.332721620995 85.9739246873934 85.1874915830998 84.4823515604927 84.0959873881357 83.8491655861952 83.202169404838 82.8255698971832 82.3320065509723 81.9734559346579 -9999 81.1192937156962 80.6416954955826 79.7131693594677 79.4213320087554 78.8604581876862 78.4018683558934 77.7601905281584 77.4122782372586 76.9967746255009 76.4026346023145 76.056677346168 75.457569402583 75.0819342415969 74.5214334146007 73.6093286640454 73.4217721212434 72.8469352719158 72.633923285933 72.0695629224951 71.7053667948363 71.4548760891402 70.8999930257127 70.5557959032093 70.0251612724424
91.7708797246998 91.43161409188 91.2366546310486 91.0358725797795 90.3340479510642 90.1506272864355 89.426481759076 89.1762620146639 88.7792810262764 88.6240444703889 88.1500765530768 87.9604588800767 87.5036766134572 87.2812016313669 86.8136930209101 86.3970380445341 86.1427565470756 85.0153521531476 84.4221544307474 84.1788642461125 83.8572139400851 83.2273165816605 82.9131944262371 82.5128077754056 81.9776242174946 81.5585574936261 81.1030428432801 80.7269960364126 79.7534652896338 79.1983499029117 78.6552911509791 78.2361122610256 77.7251645546414 77.3805683614274 76.7634474462623 76.3720001804913 76.0410088728597 75.4140701113889 75.119081527494 74.4834925396839 73.7168626597612 73.420151220295 72.8346271925623 72.6045051091603 72.1356759142343 71.7961536413588 71.3426832748682 70.8456356012418 70.4637898057202 70.1645611916919
91.7178573916918 91.1866460759437 91.0025364360021 90.982301829778 90.3576192979904 90.1315676936608 89.5250343317123 89.1369851565455 88.9341008923191 88.5647832276554 88.2078691217847 88.0196768540699 87.7235960163896 87.3106521312269 86.7183833943796 86.5088108057875 86.0628263794308 85.0416384775099 84.5507649256715 84.2037705145029 83.8329094495223 83.2682028036123 82.9380919811157 82.5713955355488 82.050920841105 81.6513688573324 81.1638567151688 80.8263214248944 79.6455165718489 78.9779720394315 78.592463988721 78.2488984397703 77.7530676263867 77.3290677008049 76.7904550923832 76.3451403388954 76.067455465445 75.440573586 75.1372631180555 74.5575473642042 73.7488044039351 73.4137522183518 72.9433686210381 72.4903802162195 71.9654182025573 71.6409439631138 71.3685718442473 70.8473711710129 70.5528153762562 70.1088137513061
91.3657900178726 91.1076453263026 90.9904885913423 90.7428816372144 90.4400307434043 90.1064927879369 89.3375537010843 88.894360141325 88.6523491551247 88.195603620847 88.1544361487022 87.9995130019236 87.6191076783064 87.1517182224309 86.6327386868413 86.3990504706872 85.890369997256 85.1935385721716 84.7390211221323 84.2029336736611 83.8100803764516 83.2638649711045 82.8916074413517 82.6410007076359 82.1682166271869 81.6465754262225 81.0671131786988 80.6142187261754 79.5595704349913 79.0963925163645 78.6922831425254 78.2448453136272 77.793338849363 77.3161881521096 76.8146834315364 76.4550667216317 76.1910658441899 75.5122375805888 75.0982336498481 74.6608141684106 73.7497255974557 73.4088322834047 72.9831991172022 72.2687078831698 71.8433822117871 71.5571685578694 71.3383430927579 70.7622754057802 70.512691623692 69.9509682422251
91.1317999395578 91.1204018639296 91.1444320627982 90.4603328371243 90.1609155651056 89.955167803178 89.0376996627845 88.5218410129811 88.534292754535 88.3245337484004 88.07439938085 87.789885076707 87.5816319524061 87.0382945667475 86.776655856055 86.3016228849892 85.9347463936687 85.2103050749469 84.548011389396 84.4547852369074 84.0226197942636 83.2425410116527 82.8462840378689 82.3783578579496 81.9506455181278 81.3726543492297 81.019408542555 80.6638633191824 79.7140258639974 79.3758377530481 78.7802004589005 78.2923937481422 77.8008927442129 77.437860790281 77.0093531931554 76.5094695696555 76.0196186742541 75.4768868063114 75.1471206168121 74.7383066239762 73.7043121465523 73.2454097784595 72.884187506726 72.4233916568286 72.0524794535545 71.514928544595 71.3117619545551 70.8233642711135 70.4121507559032 70.2209656653618
91.2896309380919 91.2464468870425 90.7544143792391 90.2793025408303 90.2446524224276 89.9882487183854 89.2020623216014 88.466238137547 88.5191584445369 88.3070256056548 88.1134342972076 87.8443725932939 87.520532152396 87.0911668461857 86.6595113288516 86.3119599979182 85.9242452966727 85.12069236531 84.5457536264675 84.2926713793116 83.8371221345906 83.1479288484639 82.9202478051021 82.2250172167249 -9999 -9999 81.1719221748788 80.6295393030171 79.8053956721131 79.424907446305 78.91280625177 78.2778168375901 77.744199515815 77.3917989557219 76.9123557005741 76.4412514111162 75.8422627076481 75.4017121520167 75.2335727148242 74.6466616799625 73.615955066028 73.2952987653804 72.8523198735896 72.426244161214 72.0535834045556 71.5559538705433 71.2967715388697 70.8542240633635 70.5694401786921 70.2049841576726
91.1237592238464 90.9776826564513 90.7612895546736 90.3233584703352 90.0547373631407 89.7714068529427 89.1475465481432 88.5355495404454 88.4789508865233 88.2566950742206 88.2771859784114 87.8981074673252 87.2783815110625 87.122706039374 86.4855660137842 86.2946584514345 85.8355818081224 84.9967030052156 84.5767026280031 84.2633098790114 83.7671558435367 83.3604036784767 83.0134963585005 82.3032599665439 81.9431515698231 -9999 -9999 80.6397944029211 79.7486766308197 79.5198659407082 78.9382632301559 78.1724425773546 77.6690294741422 77.2855048052869 76.8203829442192 76.4918948620227 76.0120261790543 75.4686103477456 75.2255200098517 74.5787127078086 73.5897921282671 73.2792180350475 72.8836786308781 72.4582721153684 72.1648615761957 71.593685143576 71.3237738295459 70.9427938219579 70.5842127573479 70.2198794649201
91.028188516579 90.7822170965435 90.6355770555827 90.2743138700009 89.8748406883947 89.5664012369545 89.0915257009028 88.5793296873523 88.4216140272026 88.1930591419595 88.1041716156659 87.7398219479224 87.0233784150881 86.9841036488141 86.4316625254824 86.1842189958677 85.9200283769036 85.0127455524364 84.6017583783094 84.2584235908002 83.8521525863369 83.4774493251072 83.1590541178945 82.5194719057826 82.0807174457648 81.8019813563032 81.1316100411024 80.7885330857684 79.7324372695007 79.3200667356947 78.7147969924027 78.2836557934099 77.7907839268299 77.3466756138365 76.9177345750416 76.6145503680118 76.0763892158398 75.5264541231533 75.2257683198182 74.560351383906 73.679341975323 73.3183777378504 73.0284304499004 72.4720840217292 72.2103694699529 71.5535531873675 71.3257504655587 71.0152898715021 70.5861011576582 70.2450110690309
