rcp8.5models/CNRM-CM5/sc1gr6.36
NCOLS 261 
NROWS 433 
XLLCORNER 336357.134 
YLLCORNER 654653.479 
CELLSIZE 1000 
NODATA_value -3.4e+38 
[rows 220 to 241 of 433, columns 49 to 97 of 261]
1466.59460449219 1469.03564453125 1468.46899414062 1465.28576660156 1465.99438476562 1465.07751464844 1462.58068847656 1456.2138671875 1456.30139160156 1454.06262207031 1448.72998046875 1446.36474609375 1447.25866699219 1446.78918457031 1444.42553710938 1443.64599609375 1444.3525390625 1441.38427734375 1435.28833007812 1434.88024902344 1437.42602539062 1437.83020019531 1440.12719726562 1437.52404785156 1435.56652832031 1434.75769042969 1434.92797851562 1432.08312988281 1430.33361816406 1428.60510253906 1425.87182617188 1423.99060058594 1422.7822265625 1423.48754882812 1422.615234375 1420.01550292969 1418.99108886719 1421.20837402344 1425.54089355469 1430.70166015625 1432.83728027344 1435.22937011719 1435.02429199219 1437.150390625 1436.20556640625 1434.72033691406 1435.39379882812 1436.212890625 1438.12121582031
1481.40734863281 1480.23754882812 1479.36303710938 1477.40759277344 1478.5654296875 1479.697265625 1473.78625488281 1468.13696289062 1464.94213867188 1460.12609863281 1457.14660644531 1455.11804199219 1454.22399902344 1452.54040527344 1451.39392089844 1453.30151367188 1452.70092773438 1447.42431640625 1439.23083496094 1440.96545410156 1443.36950683594 1443.37243652344 1445.03051757812 1441.93420410156 1440.85729980469 1442.94934082031 1443.27368164062 1438.73156738281 1436.28637695312 1437.58825683594 1436.72595214844 1433.50964355469 1430.65759277344 1429.11401367188 1429.349609375 1426.94836425781 1426.68408203125 1429.18872070312 1432.92248535156 1436.12145996094 1437.72448730469 1450.13488769531 1448.38073730469 1444.27795410156 1444.9287109375 1443.69494628906 1444.767578125 1444.41247558594 1444.88037109375
1496.15258789062 1495.88073730469 1494.86157226562 1492.90344238281 1490.63623046875 1492.02734375 1487.0830078125 1478.17333984375 1472.32312011719 1469.06225585938 1469.67248535156 1467.71960449219 1465.9853515625 1464.16479492188 1462.04565429688 1461.4404296875 1457.86352539062 1451.4853515625 1446.42822265625 1447.49426269531 1448.98010253906 1450.85754394531 1449.53466796875 1445.72705078125 1447.75134277344 1450.60571289062 1450.34594726562 1447.45642089844 1444.92858886719 1446.50817871094 1445.20666503906 1441.8232421875 1438.27600097656 1435.73181152344 1435.5400390625 1433.9951171875 1435.87805175781 1439.43981933594 1440.90063476562 1442.32775878906 1443.66589355469 1458.05786132812 1460.61059570312 1454.12048339844 1451.50732421875 1455.55847167969 1467.20300292969 1454.44348144531 1454.86596679688
1512.59240722656 1512.11572265625 1510.47827148438 1508.82702636719 1506.27575683594 1503.35302734375 1499.82678222656 1486.3896484375 1482.97485351562 1482.31103515625 1481.50109863281 1478.6865234375 1477.45861816406 1476.47033691406 1472.78125 1469.01098632812 1464.07751464844 1458.82861328125 1454.93664550781 1454.71984863281 1457.33618164062 1457.92553710938 1455.49499511719 1454.38989257812 1458.12060546875 1458.81750488281 1459.17639160156 1456.48022460938 1452.76232910156 1455.39428710938 1450.48962402344 1448.21362304688 1445.63842773438 1444.33410644531 1445.41125488281 1442.96752929688 1445.83032226562 1447.90234375 1448.99328613281 1450.93322753906 1451.40710449219 1460.38403320312 1463.14526367188 1463.69702148438 1459.15881347656 1470.50158691406 1496.35083007812 1469.79736328125 1464.76647949219
1533.02416992188 1528.83032226562 1527.23815917969 1523.6142578125 1518.90698242188 1514.34606933594 1509.14392089844 1496.98059082031 1495.41259765625 1493.20129394531 1490.36389160156 1486.75427246094 1486.0078125 1483.57495117188 1479.21264648438 1475.08264160156 1470.99670410156 1464.97802734375 1461.78881835938 1462.17053222656 1464.60424804688 1463.7119140625 1463.64770507812 1464.73107910156 1465.90869140625 1465.71069335938 1465.19763183594 1462.7734375 1460.814453125 1465.08081054688 1458.74523925781 1456.24963378906 1454.74255371094 1454.00769042969 1455.32238769531 1452.8203125 1453.80310058594 1455.51989746094 1457.14697265625 1458.25402832031 1459.57946777344 1465.68811035156 1465.26916503906 1466.9384765625 1465.57373046875 1472.64599609375 1486.6513671875 1472.72912597656 1470.85571289062
1552.39916992188 1546.16845703125 1541.53735351562 1537.25866699219 1530.95202636719 1524.14147949219 1517.74340820312 1510.62194824219 1508.19750976562 1505.46826171875 1502.95043945312 1499.69677734375 1494.90246582031 1489.77197265625 1485.72253417969 1481.11901855469 1476.73657226562 1471.033203125 1471.41076660156 1470.47009277344 1470.00866699219 1470.03601074219 1472.02416992188 1473.39147949219 1474.8505859375 1473.49768066406 1471.52307128906 1470.58215332031 1472.38610839844 1474.5771484375 1469.60717773438 1464.41162109375 1463.34423828125 1463.630859375 1463.82629394531 1463.46472167969 1462.92456054688 1464.74645996094 1465.90698242188 1467.49353027344 1468.71813964844 1472.3544921875 1471.94140625 1472.52612304688 1471.59143066406 1472.66418457031 1474.30920410156 -3.4e+38 1477.16967773438
1567.14172363281 1559.35815429688 1554.33239746094 1548.98815917969 1543.52795410156 1535.05908203125 1528.81579589844 1522.21142578125 1521.01623535156 1518.17468261719 1514.40979003906 1509.51879882812 1501.66247558594 1495.88122558594 1493.06005859375 1487.25170898438 1482.24096679688 1479.38720703125 1480.07336425781 1478.04577636719 1478.10278320312 1479.7392578125 1481.39404296875 1482.97766113281 1485.64221191406 1482.18139648438 1479.83422851562 1480.99548339844 1483.94738769531 1482.81640625 1477.98767089844 1474.31213378906 1473.49987792969 1474.45104980469 1472.28271484375 1473.85803222656 1473.96997070312 1474.03442382812 1476.431640625 1477.84802246094 1477.46350097656 1480.97692871094 1480.29907226562 1479.65625 1478.74658203125 1480.40063476562 1481.40258789062 1481.62353515625 1482.48803710938
1581.34716796875 1571.81652832031 1565.35864257812 1560.74206542969 1552.90197753906 1543.64306640625 1538.72937011719 1534.15454101562 1528.85314941406 1527.79968261719 1525.8955078125 1521.21606445312 1508.64770507812 1503.48364257812 1499.95056152344 1492.58312988281 1489.75451660156 1492.06567382812 1491.29553222656 1490.50048828125 1491.66040039062 1492.40283203125 1491.68298339844 1492.23193359375 1493.42834472656 1490.63354492188 1491.07836914062 1490.82727050781 1491.89440917969 1490.64782714844 1487.27734375 1485.25598144531 1483.80847167969 1485.44555664062 1482.30737304688 1482.79821777344 1484.47119140625 1485.82458496094 1486.73217773438 1485.71606445312 1488.20080566406 1489.80322265625 1490.04382324219 1488.58557128906 1497.58825683594 1511.92749023438 1491.59790039062 1490.05065917969 1489.67199707031
1594.99743652344 1582.55603027344 1576.16979980469 1570.70983886719 1560.11181640625 1553.40185546875 1550.97692871094 1542.89575195312 1539.474609375 1537.35534667969 1537.09790039062 1529.10583496094 1515.28210449219 1513.43884277344 1509.30212402344 1501.1552734375 1500.37463378906 1507.76257324219 1504.25915527344 1501.62121582031 1502.7216796875 1502.81091308594 1499.85876464844 1500.880859375 1499.90783691406 1499.31616210938 1500.70275878906 1499.72351074219 1500.40881347656 1500.84899902344 1498.54125976562 1494.69262695312 1493.55944824219 1495.32336425781 1494.25939941406 1494.99938964844 1495.25341796875 1495.60827636719 1496.35766601562 1495.48767089844 1497.40075683594 1498.51318359375 1500.76220703125 1499.41235351562 1505.22607421875 1515.27478027344 1500.87707519531 1500.15502929688 1498.91638183594
1603.44372558594 1589.28161621094 1583.6806640625 1577.32995605469 1569.79931640625 1567.93225097656 1565.68029785156 1554.95959472656 1549.19482421875 1546.57080078125 1545.52270507812 1538.46325683594 1524.76501464844 1520.49694824219 1517.56640625 1508.19055175781 1507.27429199219 1514.68444824219 1511.67431640625 1509.78796386719 1512.40930175781 1511.01049804688 1508.56591796875 1509.33459472656 1509.31567382812 1510.26611328125 1510.10290527344 1510.02075195312 1510.42895507812 1509.54992675781 1509.49743652344 1505.60510253906 1504.10534667969 1504.90588378906 1505.01428222656 1505.56579589844 1506.36376953125 1504.46435546875 1506.12951660156 1505.94995117188 1505.93859863281 1507.31774902344 1510.5283203125 1507.58972167969 1506.52185058594 1510.08093261719 1509.38146972656 1508.89526367188 1508.24780273438
1610.21508789062 1595.75854492188 1590.78857421875 1587.0634765625 1581.51965332031 1581.17724609375 1577.48254394531 1568.29016113281 1559.21850585938 1552.10034179688 1548.17565917969 1542.57885742188 1533.1708984375 1527.06506347656 1524.23681640625 1515.89001464844 1516.24633789062 1521.68957519531 1517.02331542969 1518.09887695312 1520.69580078125 1518.97131347656 1519.30529785156 1519.64416503906 1520.87463378906 1521.00915527344 1520.15454101562 1520.615234375 1520.59155273438 1518.72741699219 1518.58020019531 1517.45910644531 1514.11560058594 1515.24206542969 1516.18420410156 1515.21960449219 1515.61669921875 1516.05285644531 1517.83276367188 1518.17736816406 1517.0322265625 1517.51220703125 1517.57080078125 1515.26245117188 1515.64233398438 1518.35034179688 1517.5615234375 1517.75500488281 1517.6728515625
1616.6015625 1614.85070800781 1612.90173339844 1610.47106933594 1602.96325683594 1594.01892089844 1591.63439941406 1580.65380859375 1569.87194824219 1561.47338867188 1556.70422363281 1552.43273925781 1550.14147949219 1544.62390136719 1538.55932617188 1535.20825195312 1534.99450683594 1536.86340332031 -3.4e+38 -3.4e+38 1537.67932128906 1539.61889648438 1540.62548828125 1540.94140625 1537.91467285156 1536.6376953125 1536.71936035156 1538.30017089844 1537.83386230469 1538.40417480469 1537.55590820312 1537.24108886719 1538.50280761719 1538.98156738281 1539.74841308594 1539.33825683594 1540.79272460938 1542.08386230469 1541.96252441406 1541.90856933594 1541.9931640625 1540.68090820312 1537.6103515625 1538.18188476562 1538.08337402344 1537.92297363281 1537.71447753906 1538.16381835938 1537.369140625
1622.24865722656 1624.09362792969 1621.67663574219 1615.56274414062 1608.99133300781 1599.46008300781 1593.69616699219 1583.98815917969 1575.15661621094 1569.23083496094 1564.78955078125 1563.87976074219 1562.04235839844 1554.97045898438 1550.26110839844 1545.08837890625 1545.54870605469 1548.99243164062 1546.38061523438 1545.09851074219 1544.31372070312 1546.61901855469 1549.63525390625 1548.99584960938 1545.81665039062 1546.90441894531 1547.275390625 1548.81262207031 1547.44970703125 1550.12072753906 1551.16174316406 1548.80920410156 1549.6806640625 1550.06726074219 1550.93676757812 1551.38366699219 1552.64379882812 1552.642578125 1552.23229980469 1552.12658691406 1553.05090332031 1549.54650878906 1548.53796386719 1550.37768554688 1550.72570800781 1550.64416503906 1550.79138183594 1549.9345703125 1548.63073730469
1630.9296875 1627.74963378906 1626.76684570312 1621.68579101562 1611.9873046875 1604.30432128906 1597.5673828125 1588.23217773438 1584.3935546875 1579.79333496094 1575.1650390625 1573.36767578125 1568.92456054688 1564.52453613281 1561.71032714844 1557.626953125 1555.4443359375 1556.68127441406 1557.05688476562 1555.18627929688 1554.43627929688 1555.67065429688 1559.400390625 1561.35168457031 1561.12329101562 1561.02038574219 1561.94140625 1564.02111816406 1562.51379394531 1563.18542480469 1565.88024902344 1563.26098632812 1561.09057617188 1562.37854003906 1561.09375 1562.26916503906 1563.99731445312 1563.47900390625 1563.76684570312 1563.57763671875 1564.43005371094 1560.21997070312 1560.00305175781 1561.41101074219 1561.53833007812 1561.267578125 1561.95666503906 1562.33837890625 1561.67529296875
1636.25183105469 1632.47119140625 1625.76281738281 1619.48413085938 1614.98571777344 1608.82189941406 1604.77734375 1595.75622558594 1591.92724609375 1589.44018554688 1585.72131347656 1580.31518554688 1577.4541015625 1575.95751953125 1575.0908203125 1572.07458496094 1569.12585449219 1568.13623046875 1568.47497558594 1568.95129394531 1568.85986328125 1568.44189453125 1570.103515625 1573.52819824219 1577.33630371094 1577.98486328125 1578.30651855469 1579.04418945312 1575.59582519531 1577.4111328125 1578.30126953125 1579.84155273438 1577.97229003906 1577.220703125 1574.91748046875 -3.4e+38 1575.01477050781 1576.43029785156 1576.68664550781 1575.7890625 1575.31066894531 1571.85705566406 1571.71020507812 1571.38110351562 1571.31030273438 1571.81750488281 1571.55346679688 1573.58081054688 1573.16271972656
1638.76489257812 1636.41455078125 1627.45092773438 1622.47766113281 1620.43469238281 1615.90478515625 1612.48510742188 1609.87841796875 1604.15673828125 1598.21899414062 1598.83227539062 1598.44250488281 1596.01940917969 1595.38598632812 1592.64587402344 1587.84057617188 1586.70751953125 1587.57165527344 1586.55456542969 1586.32934570312 1585.12890625 1584.65380859375 1585.13403320312 1586.37084960938 1591.05993652344 1593.60949707031 1593.69201660156 1594.09655761719 1590.38793945312 1591.97314453125 1591.21313476562 1592.37182617188 1595.00817871094 1595.91845703125 1590.02075195312 -3.4e+38 -3.4e+38 1586.53649902344 1586.76843261719 1586.41674804688 1585.12133789062 1582.94665527344 1583.04431152344 1582.0888671875 1583.18859863281 1583.90148925781 1582.91333007812 1585.29125976562 1583.97619628906
1641.38488769531 1636.2958984375 1630.087890625 1629.38671875 1626.58447265625 1622.52001953125 1622.82641601562 1620.93811035156 1617.39489746094 1609.97290039062 1608.40832519531 1611.85192871094 1609.06359863281 1606.75280761719 1604.4658203125 1601.18774414062 1599.17907714844 1598.33569335938 1596.53955078125 1596.37890625 1596.31896972656 1596.79382324219 1597.87292480469 1598.70874023438 1603.8203125 1606.76696777344 1607.24060058594 1609.33581542969 1609.13940429688 1606.78881835938 1606.92041015625 1606.67919921875 1608.80322265625 1608.43212890625 -3.4e+38 -3.4e+38 1599.49389648438 -3.4e+38 -3.4e+38 1597.52954101562 1596.41235351562 1595.12023925781 1594.73937988281 1595.07080078125 1596.19079589844 1596.5703125 1595.45715332031 1594.68347167969 1594.18395996094
1640.09814453125 1636.51220703125 1633.794921875 1633.8486328125 1636.83117675781 1638.81689453125 1637.53637695312 1632.72229003906 1630.69702148438 1623.57470703125 1616.783203125 1617.15356445312 1615.89318847656 1612.86584472656 1611.94213867188 1609.98046875 1609.43188476562 1609.79528808594 1606.02868652344 1605.87670898438 1607.39770507812 1610.71569824219 1612.75549316406 1612.94458007812 1613.25012207031 1617.68664550781 1619.19372558594 1621.94921875 1624.37890625 1623.67895507812 1623.75756835938 1623.18786621094 1620.65771484375 1621.95422363281 -3.4e+38 -3.4e+38 -3.4e+38 1612.84143066406 1613.78466796875 1612.94396972656 1610.9287109375 1609.24926757812 1607.69616699219 1607.94116210938 1608.10668945312 1608.61096191406 1607.16845703125 1605.5517578125 1606.69836425781
1640.17822265625 1639.49768066406 1640.15991210938 1642.16357421875 1645.51550292969 1647.97668457031 1647.173828125 1643.42407226562 1640.28259277344 1635.79077148438 1632.15954589844 1628.86206054688 1625.271484375 1625.3154296875 1622.50378417969 1621.232421875 1623.50134277344 1624.71411132812 1623.38696289062 1621.84313964844 1622.25793457031 1625.32922363281 1626.51794433594 1627.37805175781 1625.18237304688 1629.05334472656 1632.6484375 1635.84106445312 1637.27209472656 1639.49401855469 1639.98815917969 1638.74475097656 1635.83654785156 1636.36779785156 -3.4e+38 -3.4e+38 1628.83520507812 1627.25537109375 1626.46691894531 1627.72473144531 1627.6630859375 1623.23474121094 1622.18420410156 1620.93017578125 1619.03601074219 1618.84448242188 1619.0986328125 1618.48193359375 1619.23522949219
1644.31286621094 1644.34741210938 1646.17211914062 1652.10180664062 1653.28100585938 1651.06042480469 1651.27795410156 1649.71838378906 1646.54870605469 1642.79370117188 1640.89672851562 1638.85583496094 1637.83239746094 1639.16638183594 1637.59143066406 1637.00024414062 1639.72277832031 1640.59899902344 1640.06335449219 1639.20129394531 1638.62365722656 1641.046875 1642.41772460938 1642.39147949219 1639.89758300781 1640.51208496094 1643.33630371094 1645.54528808594 1648.77221679688 1653.76110839844 1657.69543457031 1656.99279785156 1653.23974609375 1650.69323730469 1645.16064453125 -3.4e+38 1642.30249023438 1642.68640136719 1639.06201171875 1638.5244140625 1640.6142578125 1636.74499511719 1636.16796875 1635.51428222656 1633.40966796875 1632.80151367188 1631.80358886719 1630.50561523438 1631.13354492188
1647.92504882812 1650.36376953125 1653.92126464844 1660.03076171875 1659.462890625 1658.9296875 1656.81640625 1652.21704101562 1651.14831542969 1651.11706542969 1651.62353515625 1649.37817382812 1648.70703125 1649.73388671875 1650.34240722656 1651.03479003906 1653.15466308594 1652.75549316406 1653.26586914062 1653.88757324219 1654.44348144531 1657.55749511719 1659.04150390625 1658.52380371094 1655.93701171875 1656.97583007812 1655.62084960938 1655.2841796875 1658.8779296875 1667.84729003906 1672.48046875 1673.6005859375 1670.37231445312 1667.10876464844 1661.87219238281 1657.29016113281 -3.4e+38 1657.32336425781 1654.96813964844 1651.62475585938 1652.10607910156 1651.35729980469 1648.24255371094 1648.01232910156 1648.7021484375 1647.66381835938 1646.9970703125 1646.15234375 1643.66845703125
1657.591796875 1659.47717285156 1662.87768554688 1667.05798339844 1667.29321289062 1665.51782226562 1661.24926757812 1660.67932128906 1660.39050292969 1661.18811035156 1661.47143554688 1661.24291992188 1660.88415527344 1659.95849609375 1658.05004882812 1659.22546386719 1660.5009765625 1660.12316894531 1664.98913574219 1668.26525878906 1668.16711425781 1668.82275390625 1671.4111328125 1673.3916015625 1673.189453125 1673.412109375 1673.7919921875 1673.14624023438 1675.60144042969 1680.42114257812 1685.36535644531 1685.98413085938 1685.83129882812 1683.08386230469 1678.19873046875 1673.46142578125 1670.36682128906 1672.47387695312 1669.72546386719 1665.45666503906 1664.24597167969 1665.85546875 1663.93395996094 1662.21264648438 1662.51171875 1662.03479003906 1662.23034667969 1662.07263183594 1657.43798828125
