rcp4.5models/GFDL_CM3/sc1gr7.18
NCOLS 261 
NROWS 433 
XLLCORNER 336357.134 
YLLCORNER 654653.479 
CELLSIZE 1000 
NODATA_value -3.4e+38 
[rows 154 to 175 of 433, columns 147 to 195 of 261]
67.6237030029297 67.7229919433594 67.777458190918 67.8863143920898 68.0519027709961 68.1923370361328 68.2959213256836 68.4554672241211 68.5257263183594 68.7114410400391 68.916015625 69.2407073974609 69.4580001831055 69.5354232788086 69.5758743286133 69.852897644043 70.2098159790039 70.3399200439453 70.3665771484375 70.7456130981445 -3.4e+38 70.7506103515625 71.24072265625 71.392578125 71.4888000488281 71.6890335083008 71.8830490112305 72.1017990112305 72.2593460083008 72.4725189208984 72.6240997314453 72.812141418457 72.942008972168 73.2989196777344 73.5876922607422 73.8497161865234 73.9941253662109 74.1842956542969 74.3564147949219 74.461296081543 -3.4e+38 74.8841781616211 75.0991744995117 75.2302856445312 75.3898010253906 75.7198028564453 75.9497451782227 76.1602554321289 76.2634963989258
67.7820281982422 67.8675384521484 67.9397430419922 68.0983123779297 68.1861419677734 68.3041458129883 68.4919509887695 68.6400146484375 -3.4e+38 68.8476638793945 69.0123672485352 69.3681793212891 69.6984329223633 69.773551940918 69.8116302490234 70.1157302856445 70.3821411132812 70.5025177001953 -3.4e+38 70.7370223999023 70.7653503417969 70.9463729858398 71.3366928100586 71.4831771850586 71.6845169067383 71.8524627685547 72.0331954956055 72.1679000854492 72.2910690307617 72.4441680908203 72.5425491333008 72.7745361328125 72.936882019043 73.3576278686523 73.6066284179688 73.8285980224609 73.9343948364258 74.1270446777344 74.3015747070312 74.480842590332 74.6924743652344 74.8976058959961 75.1046829223633 75.1939468383789 75.3641738891602 75.7231140136719 75.905876159668 76.1109313964844 76.2425231933594
67.9577255249023 68.058349609375 68.1646957397461 68.3349456787109 68.3421936035156 68.4177017211914 68.5768051147461 68.7749786376953 68.9162368774414 69.0154190063477 69.0922393798828 69.4822311401367 69.7835006713867 69.9784545898438 70.0844497680664 70.3513641357422 70.4977874755859 70.6289672851562 70.7917251586914 -3.4e+38 70.7790679931641 71.2127075195312 71.4384460449219 71.5835113525391 71.7106704711914 71.8727416992188 72.0766830444336 72.2133102416992 72.3659439086914 72.5075912475586 72.661979675293 72.8586654663086 72.9204788208008 73.3769760131836 73.6312866210938 73.7792434692383 -3.4e+38 74.0992660522461 74.2762222290039 74.5175170898438 74.7127685546875 74.8366775512695 75.0151519775391 75.1728439331055 75.3760986328125 75.7795715332031 75.8821029663086 76.0565719604492 76.2321090698242
68.0484313964844 68.2320785522461 68.2977752685547 68.4530334472656 68.5089645385742 68.678596496582 68.7927932739258 68.8733596801758 69.0292282104492 69.1598129272461 69.1685409545898 69.7265472412109 69.9342727661133 70.0859603881836 70.228874206543 70.4999389648438 70.5572509765625 70.7357788085938 70.8483963012695 70.89794921875 70.9809036254883 71.3046493530273 71.5333404541016 71.6677093505859 71.7870407104492 72.0012283325195 72.1316452026367 72.2287750244141 72.3655471801758 72.4875869750977 72.7073822021484 72.9323959350586 73.059684753418 73.4360656738281 73.6948776245117 73.7943420410156 -3.4e+38 74.1155014038086 74.2959365844727 74.4662170410156 74.6356353759766 74.7463607788086 74.9584732055664 75.2204513549805 75.4322357177734 75.7649612426758 75.8875274658203 76.1018753051758 76.2556991577148
68.3000259399414 68.3838729858398 68.4204559326172 68.5170059204102 68.6636428833008 68.8793563842773 68.9864959716797 69.0719833374023 69.0944061279297 69.2452697753906 69.2778396606445 69.8610610961914 70.1494293212891 70.2648010253906 70.3792037963867 70.5482482910156 70.6870574951172 70.8955154418945 70.8775863647461 70.8171310424805 71.2033462524414 71.3709945678711 71.6390151977539 71.7210464477539 71.8900146484375 72.1400909423828 72.2071990966797 72.2970657348633 72.4606781005859 72.5209350585938 72.6431121826172 72.8406143188477 73.092887878418 73.544075012207 73.7710952758789 73.8745040893555 73.9912796020508 74.1842498779297 74.3530578613281 74.4928207397461 74.6376571655273 74.7015838623047 74.9200744628906 75.1913757324219 75.3517532348633 75.6680755615234 75.8254089355469 76.0673522949219 76.2513732910156
68.5792694091797 68.6135406494141 68.658935546875 68.7305908203125 68.9073104858398 69.0104446411133 69.1444091796875 69.2595901489258 69.3033065795898 69.3837203979492 69.4756622314453 69.9381408691406 70.2560806274414 70.4629669189453 70.59130859375 70.6707000732422 70.8398132324219 -3.4e+38 71.0017623901367 70.9744186401367 71.2876739501953 71.4703063964844 71.7737426757812 71.8390579223633 71.9556274414062 72.1174621582031 72.2046585083008 72.3058624267578 72.5217437744141 72.6946640014648 72.8360443115234 72.9470367431641 73.1456527709961 73.4828872680664 73.7124176025391 73.8449249267578 73.9913330078125 74.1698226928711 74.3174285888672 74.519645690918 74.7115173339844 74.7867279052734 75.0077743530273 75.2302703857422 75.3290634155273 75.7098999023438 75.7965240478516 75.9131469726562 76.1117248535156
68.7180786132812 68.8023529052734 68.9178619384766 68.9840927124023 69.1229248046875 69.1164474487305 69.2107009887695 69.3540420532227 69.5236663818359 69.5361709594727 69.7374038696289 70.0251312255859 70.2890396118164 70.5433197021484 -3.4e+38 -3.4e+38 70.968635559082 -3.4e+38 71.1792831420898 71.3109970092773 71.4494934082031 71.601692199707 71.9030151367188 72.0279541015625 72.1508865356445 72.2262191772461 72.2792510986328 72.3631210327148 72.5141830444336 72.7490844726562 72.9029312133789 73.0029602050781 73.2141952514648 73.5210342407227 73.6846542358398 73.7927474975586 73.9277801513672 74.1310195922852 74.2300720214844 74.4605331420898 74.6822814941406 74.806510925293 74.9961013793945 75.2435684204102 75.3801422119141 75.754150390625 75.8432922363281 75.9662017822266 76.1287231445312
69.08740234375 69.1662673950195 69.2481002807617 69.3914413452148 69.4674453735352 69.6403656005859 69.6976089477539 69.7425079345703 69.7180709838867 69.8938446044922 70.0836181640625 70.5337448120117 70.6769180297852 70.8109664916992 -3.4e+38 -3.4e+38 71.2380828857422 71.3158569335938 71.4153289794922 71.5369644165039 71.6873626708984 71.7923431396484 72.0972366333008 72.1350173950195 72.264518737793 72.2500534057617 72.4029922485352 72.5770416259766 72.6842041015625 72.7504425048828 73.036865234375 73.1225814819336 73.2055969238281 73.5282135009766 73.7563858032227 73.8905715942383 74.0696792602539 74.2993392944336 74.3559875488281 74.502555847168 74.7331771850586 74.8136520385742 74.9581451416016 75.1234283447266 75.2148742675781 75.5770416259766 75.6830902099609 75.8300247192383 76.0492630004883
69.3602828979492 69.4609451293945 69.4368743896484 69.5708770751953 69.6445693969727 69.7894439697266 69.8510360717773 70.0062484741211 70.0157012939453 70.1304168701172 70.2587127685547 70.6969375610352 70.8759155273438 -3.4e+38 -3.4e+38 -3.4e+38 71.2459411621094 71.3930053710938 71.5511169433594 71.6985244750977 71.8215713500977 71.9159393310547 72.1153717041016 72.2157440185547 72.3700714111328 72.36279296875 -3.4e+38 72.5888519287109 72.7325668334961 72.8756561279297 73.1257171630859 73.2221298217773 73.3368225097656 73.5666656494141 73.7305908203125 73.8584060668945 74.0368881225586 74.2966918945312 74.4180450439453 74.5610580444336 74.7712554931641 74.8787155151367 75.0180969238281 75.2239227294922 75.2560501098633 75.5737380981445 75.6890258789062 75.8755798339844 76.1034164428711
69.625244140625 69.7085571289062 69.7366256713867 69.8563385009766 69.907470703125 69.9607391357422 70.0615081787109 70.2542190551758 70.3440856933594 70.404052734375 70.5573043823242 70.7952270507812 71.0164108276367 -3.4e+38 -3.4e+38 -3.4e+38 71.4461135864258 71.5516662597656 71.587516784668 71.7750091552734 71.9373779296875 72.0682373046875 72.1058578491211 72.2446212768555 72.3655471801758 72.5106811523438 72.5712738037109 72.6924285888672 72.8117065429688 72.997428894043 73.1555404663086 73.2610244750977 73.4300003051758 73.6818542480469 73.8271408081055 73.9176635742188 74.0546340942383 74.2498168945312 74.337028503418 74.5046234130859 74.7041091918945 74.8429107666016 75.0326538085938 75.2273483276367 75.2662658691406 75.59423828125 75.7832717895508 75.9037017822266 75.9860687255859
69.7939529418945 69.8779754638672 69.9931640625 70.1744918823242 70.201171875 70.1638488769531 70.3454208374023 70.4459533691406 70.5547485351562 70.5975112915039 70.8059768676758 71.0303115844727 71.099235534668 -3.4e+38 -3.4e+38 71.4819107055664 71.6005859375 71.7477645874023 71.7688217163086 71.7926025390625 71.9874954223633 72.1000900268555 72.2108535766602 72.3537750244141 72.4549789428711 72.5428314208984 72.673469543457 72.8025207519531 72.8860626220703 73.0665054321289 73.2301559448242 73.3048477172852 73.4638595581055 -3.4e+38 73.9462738037109 74.0447540283203 74.1410751342773 74.2534866333008 74.3260650634766 74.4278869628906 74.665771484375 74.8210906982422 74.9839401245117 75.1278610229492 75.2561416625977 75.6085586547852 75.8197631835938 75.8901672363281 75.9676742553711
69.9958343505859 70.1028823852539 70.2329025268555 70.3332138061523 70.4045715332031 70.4078063964844 70.5509719848633 70.6447067260742 70.8168640136719 70.8513717651367 71.0046463012695 71.273811340332 71.3261260986328 71.3498764038086 71.5896377563477 71.6432647705078 71.6840362548828 71.8815155029297 71.9782257080078 72.0294189453125 72.1678924560547 72.16259765625 72.2947311401367 72.3999862670898 72.600715637207 72.6508255004883 72.6323547363281 72.8396682739258 72.9623565673828 73.1087875366211 73.2769775390625 73.4049072265625 73.5963973999023 73.7955932617188 73.9805526733398 74.0691604614258 74.1815414428711 74.3059692382812 74.3965530395508 74.4427261352539 74.6041107177734 74.7621841430664 74.8954696655273 75.0259628295898 75.2063369750977 75.5591506958008 75.7732696533203 75.8880081176758 76.0206985473633
70.1756744384766 70.297233581543 70.4203643798828 70.5304336547852 70.6025695800781 70.6197738647461 70.6897125244141 70.8677520751953 71.0576629638672 71.1066360473633 71.1863021850586 71.3470916748047 71.5206909179688 71.5451965332031 71.7467956542969 71.7882308959961 71.8241806030273 71.9636459350586 72.0777740478516 72.2583236694336 72.2969970703125 72.3237686157227 72.3884658813477 72.5191497802734 72.6749725341797 72.809928894043 72.8542098999023 72.9861755371094 73.0306167602539 73.1693878173828 73.2436676025391 -3.4e+38 73.6597290039062 73.8072128295898 -3.4e+38 73.975227355957 74.1610336303711 74.3637771606445 74.4389495849609 74.5476913452148 74.6699371337891 74.8324508666992 74.9040298461914 75.0327224731445 75.1429061889648 75.4740524291992 75.6825256347656 75.8183517456055 75.9306716918945
70.5697784423828 70.6632995605469 70.6915054321289 70.7388916015625 70.7784576416016 70.8208541870117 70.8525848388672 71.0322875976562 71.2004165649414 71.3561019897461 71.3506011962891 71.4550704956055 71.6439361572266 71.7245407104492 71.8507614135742 71.9924087524414 72.0388946533203 72.0757064819336 72.1454391479492 72.3202133178711 72.3935165405273 72.4830322265625 72.5932235717773 72.6504592895508 72.8036193847656 72.9459228515625 73.1136627197266 73.1079025268555 73.1802291870117 73.2944793701172 -3.4e+38 73.4940872192383 73.7018280029297 73.8620758056641 73.9801254272461 -3.4e+38 74.1184539794922 74.3201065063477 74.4306869506836 74.5946350097656 74.7257614135742 74.8212661743164 74.8775787353516 75.0005111694336 75.1209259033203 75.3953857421875 75.5963592529297 75.7364501953125 75.8392562866211
70.9299087524414 70.9703216552734 70.9840393066406 70.9131393432617 70.9024810791016 70.9339294433594 70.978759765625 71.1943435668945 71.3744583129883 71.5099411010742 71.5471496582031 71.7360076904297 71.8155059814453 71.8983306884766 71.9258804321289 72.1541519165039 72.2140884399414 72.238395690918 72.2569580078125 72.4187240600586 72.4744033813477 72.5400238037109 72.690803527832 72.7713394165039 72.9259719848633 72.981315612793 73.1718292236328 73.1611862182617 73.2752456665039 73.4185409545898 -3.4e+38 73.5477905273438 73.6565322875977 73.8934783935547 74.1022491455078 74.1525192260742 74.1629409790039 74.3042907714844 74.4193496704102 74.5161972045898 74.6658782958984 74.8007507324219 74.8459320068359 74.9634399414062 75.176643371582 75.3918609619141 75.5261077880859 75.6961135864258 75.8479537963867
71.1023483276367 71.1356735229492 71.2399063110352 71.201904296875 71.0976181030273 71.0471038818359 71.140022277832 71.3749160766602 71.5590591430664 71.6417770385742 71.8002777099609 71.9461441040039 72.0217056274414 72.1226425170898 72.1162643432617 72.2187652587891 72.3573913574219 72.4294891357422 72.4948883056641 72.612419128418 72.5929641723633 72.5839309692383 72.7607955932617 72.9118194580078 73.0722045898438 73.1137237548828 73.209846496582 73.2125778198242 73.3034057617188 73.4555053710938 73.6009368896484 73.6370544433594 73.6471862792969 73.8710784912109 74.042121887207 74.1665115356445 74.1819152832031 74.33154296875 74.4329376220703 74.451774597168 74.6054840087891 74.8474349975586 74.9409561157227 75.0420150756836 75.1912002563477 75.3917007446289 75.4888763427734 75.6871185302734 75.8929290771484
71.3130874633789 71.3250503540039 71.5114059448242 71.5423889160156 71.3154983520508 71.2186431884766 71.2863082885742 71.6413192749023 71.806022644043 71.8897094726562 71.9914779663086 72.036262512207 72.1355361938477 72.352165222168 72.3980407714844 72.3843460083008 72.4125518798828 72.513801574707 -3.4e+38 72.7891616821289 72.7944717407227 72.778076171875 72.8866271972656 72.9846572875977 73.1255340576172 73.1689910888672 73.215934753418 73.3062133789062 73.3456192016602 73.4916000366211 73.6438674926758 73.6869812011719 73.7390975952148 73.9363632202148 74.0023651123047 74.1357040405273 74.1717987060547 74.2975387573242 74.4698944091797 74.5188140869141 74.6252365112305 74.8177185058594 74.9327850341797 75.0235061645508 75.1090240478516 75.3769302368164 75.4790420532227 75.703971862793 75.8394241333008
71.5730972290039 71.6197204589844 71.6886901855469 71.7182693481445 71.6224746704102 71.6388320922852 71.712760925293 71.8868255615234 72.0771484375 72.1577835083008 72.2311630249023 72.2385711669922 72.3174514770508 72.5101852416992 72.6072387695312 72.6029434204102 72.5654067993164 72.6460266113281 72.7771072387695 72.9145812988281 -3.4e+38 72.9675445556641 73.0548629760742 73.0396194458008 -3.4e+38 73.1845855712891 73.2649993896484 73.4328384399414 73.4287567138672 73.5423583984375 73.6348114013672 73.7234725952148 73.8342971801758 -3.4e+38 74.039665222168 74.1161499023438 74.2048492431641 74.2793579101562 74.3810424804688 74.532470703125 74.654914855957 74.8188858032227 74.9633941650391 74.9858169555664 75.0874786376953 75.4122543334961 75.4748992919922 75.6182556152344 75.7591094970703
71.9424514770508 71.9376068115234 71.8851699829102 71.9246215820312 71.8674392700195 71.9288482666016 72.1497421264648 72.1560745239258 72.2980728149414 72.3308486938477 72.4751281738281 72.5951232910156 72.5908050537109 72.6043014526367 72.6971282958984 72.7521362304688 72.8129577636719 72.7785873413086 72.8740615844727 72.9866638183594 72.9918899536133 -3.4e+38 73.2022476196289 73.216667175293 73.3249435424805 73.3086776733398 73.3805923461914 73.4675140380859 73.5385894775391 73.6185607910156 73.6898040771484 73.6825942993164 73.7873306274414 -3.4e+38 74.1247253417969 74.2075347900391 74.2337112426758 74.268440246582 74.2856674194336 74.4601058959961 74.5853958129883 74.7268295288086 74.9028091430664 74.9837188720703 75.0559310913086 75.4267883300781 75.5022964477539 75.5846099853516 75.6973571777344
72.5178527832031 72.5946578979492 72.4523620605469 72.5751342773438 72.5697555541992 72.3201904296875 72.5564193725586 72.7306213378906 72.7783889770508 72.6630935668945 72.8305587768555 72.92529296875 73.0756225585938 -3.4e+38 73.0851440429688 73.1485824584961 73.1368255615234 73.2133636474609 73.1780319213867 73.3093872070312 73.2847061157227 73.2850799560547 73.270378112793 73.4087219238281 73.5427169799805 73.5368270874023 73.5750350952148 73.5852966308594 73.6429672241211 73.703254699707 73.8110961914062 73.8518981933594 73.9260025024414 -3.4e+38 73.992073059082 74.1402359008789 74.3076782226562 74.3594207763672 74.411994934082 74.5125274658203 74.5718154907227 74.6734237670898 74.7732696533203 74.8874816894531 75.0505294799805 75.3495025634766 75.359375 75.4488677978516 75.6569137573242
72.777587890625 72.7914962768555 72.7502975463867 72.8230285644531 72.8498306274414 72.741455078125 72.8745956420898 73.0042266845703 73.0532455444336 73.0400238037109 73.0591812133789 73.1030731201172 73.1902618408203 73.2715148925781 73.3259429931641 73.3063888549805 73.2941131591797 73.3083801269531 73.260856628418 73.3898239135742 73.4367980957031 73.46337890625 73.4195327758789 73.4595031738281 73.5962448120117 73.5685348510742 73.6884994506836 73.7477493286133 73.6969757080078 73.7054977416992 73.8367614746094 73.910758972168 -3.4e+38 -3.4e+38 74.062255859375 74.1118240356445 74.2367782592773 74.374755859375 74.4799194335938 74.5491180419922 74.572883605957 74.5914459228516 74.6547775268555 74.7750473022461 74.9799652099609 75.3463897705078 75.4297027587891 75.516845703125 75.6592712402344
73.0039596557617 73.0612335205078 73.0858154296875 73.0558471679688 73.070182800293 73.0940933227539 73.1769027709961 73.2311477661133 73.2164993286133 73.3513031005859 73.2910919189453 73.3487854003906 73.3869476318359 73.4527435302734 73.4310455322266 73.4346313476562 73.4557189941406 73.5256423950195 73.4350128173828 73.4923934936523 73.5294647216797 73.5509567260742 73.6405181884766 73.6023025512695 73.6096878051758 73.5581741333008 73.7169418334961 73.8146667480469 73.7611618041992 73.7787170410156 73.8150634765625 73.920166015625 73.9539031982422 -3.4e+38 -3.4e+38 74.0436553955078 74.1493988037109 74.3296661376953 74.417839050293 74.5493087768555 74.670654296875 74.6535034179688 74.6358489990234 74.7639846801758 74.9608306884766 -3.4e+38 -3.4e+38 -3.4e+38 75.658447265625
