rcp4.5models/GFDL_CM3/sc1gr9.40
NCOLS 261 
NROWS 433 
XLLCORNER 336357.134 
YLLCORNER 654653.479 
CELLSIZE 1000 
NODATA_value -9999 
[rows 176 to 197 of 433, columns 50 to 99 of 261]
229.130145167625 229.539620455543 229.988846120369 230.400790506895 230.832157721156 231.158082400798 232.21277829377 232.229373199573 232.645536183429 233.442314121466 235.422211261809 236.447483706285 236.815372373099 236.334564695296 237.013100218 237.779861126778 237.912570835723 239.09419642542 239.644362242826 240.824801272577 242.057485758677 243.035139892279 243.923055947032 244.084205837433 244.955901215792 245.730975407563 246.909134179099 247.908525195793 251.079082204533 252.43276494657 254.152544971526 255.47986193971 256.133542758209 257.655895370447 259.126182827667 260.683470946518 261.167182511595 263.294611499893 264.414200889247 264.433171567506 266.124732750575 266.555664808528 266.886557994355 268.009352483924 268.124795430606 269.122002301335 269.035042409718 268.710584939386 268.084660579758 267.302028413515
229.527650069084 229.716559736234 230.266867562951 230.746764604443 230.848603990351 231.671406200362 232.081086766866 233.278690043474 233.770310457587 234.415742879897 235.399477310178 235.959991817908 236.126412954063 236.303629894219 236.655842987205 237.558824809117 237.597631855754 239.185252720129 240.01107917718 241.515469196847 242.587083145424 243.36246978846 243.516195317318 243.727961497445 244.968146001142 246.271874950648 247.007285488276 248.669125184522 251.516196125838 253.080198412151 254.018447834289 255.443034424936 255.907298945029 257.322539608714 258.845462936797 259.599959113721 260.719879821459 262.796398264842 264.078386258681 264.45220145403 266.143693679932 266.525643081313 266.529569644254 266.781085823902 267.594793282222 268.377104525373 268.656649432637 268.569007533273 268.047879259893 267.299755381558
229.938167977804 229.970195728777 230.803602685649 232.358889183738 232.334975921071 232.629094562873 233.036413932543 233.880824767386 234.356227903409 234.592753322257 235.174418931971 235.601745918053 236.044277938296 236.688068524754 237.256610087912 237.241850572093 237.755165299574 240.340401476972 240.963905997367 241.928020553608 242.579626645925 243.139474054961 243.196400767483 243.939541012367 245.70012400834 246.402265080291 247.356294610216 248.880106534952 251.591708341872 253.236474183106 253.649385629315 255.392403042113 256.140008885268 256.949249038054 258.498857698705 258.868289739003 260.565946992471 262.292240834899 264.049935327939 264.390163220147 265.836526987922 266.676381262877 266.705876722288 266.965202143939 267.403027357771 267.831097222667 268.615267475909 268.495115569988 268.13903542528 268.013885468503
232.051426131842 231.987782457753 232.284757326477 233.216948215679 233.217894728543 233.558555998455 233.933146274827 234.110892150795 234.680116049594 235.091608250393 235.5898081044 236.222125147057 236.867071097834 236.491927084228 237.33468546296 238.609687545263 238.881309635051 241.059383957247 241.466963284477 241.748974996992 242.35455346482 242.998494406288 244.221839177724 245.172373491684 245.853045669615 246.188302444725 247.788707897144 248.982759622613 251.290728275625 252.473142254849 252.962410782328 255.069556960615 256.094200888236 256.517869829666 258.061396598238 258.490176084477 260.324699210731 261.555145022002 262.476181968183 263.304606072352 265.103726458254 266.276876597982 266.914759152098 267.269220618364 267.652931973174 268.053971938947 268.430017908158 268.532678333092 268.870293432908 268.503662547261
232.709514761565 233.006469094058 232.949718740127 233.115204191562 233.515553509726 233.960707520442 234.422022610707 234.765326551862 234.971545319116 235.736346213142 237.067214443927 236.467740702837 238.021443942529 237.683166972843 238.024728610298 239.216209334402 239.825910746018 240.519191575281 241.235950575363 241.335530078738 242.123284808128 243.429843461129 244.483427965603 245.199205596196 245.708241496202 247.020369955395 248.254711369959 248.946756906287 251.824622354942 251.942015590564 252.715276212503 254.63601439225 255.749028280071 -9999 257.898915222494 259.109723737393 260.20463350101 260.984699864302 261.495632216853 262.239030112243 264.44230715992 265.54806015604 265.905806194404 266.266417929132 267.617933302964 268.303086835002 267.975508768011 268.268929311862 269.079468624148 268.348599581043
232.840232133306 233.359014271531 233.532922386171 233.566517913764 234.057145542216 234.219110651877 236.020489254176 236.488681244235 236.530315392552 237.189328520333 237.964055568761 237.617096887621 238.586588935459 238.527670698511 238.516396428831 238.881003835697 239.861646568026 240.986705055378 241.538335577322 242.668888017863 243.299944590202 244.170764471549 244.371403409148 244.911638563221 246.463788591894 247.182684302731 248.087879994227 249.244016885238 251.722232198248 252.080359778474 253.130925501286 254.198984043594 255.363293828121 256.258804261686 257.948692283734 259.208620112372 259.631977447467 260.497637447942 261.019687134247 262.138873778796 263.80058737471 264.366753731469 264.964552043768 265.418331264452 267.034226633278 267.538251244366 267.821814663526 267.812168074189 268.715644320995 268.43477781037
234.839464693282 234.920945456338 235.021847565142 235.255045568532 235.032893188154 235.426435255423 236.874374980301 237.49954164911 238.105291466321 238.237263244486 238.294798614463 238.431957206205 239.11099251998 238.85458206111 239.061680896727 239.087800943906 239.490356859659 241.300380758986 242.198837426808 243.166078809415 243.577157749866 243.821151993516 244.318939198059 245.323469227045 246.598272464779 246.900728116118 248.381539463017 249.526180200224 251.14796171198 251.944259340043 253.093350964669 253.924398415253 255.245404774676 255.872441343089 257.696292613127 258.698748377667 258.985222375846 260.079556014485 260.74677820322 261.938323214936 263.317928490736 263.829261960606 264.788021985677 265.872009512248 266.637175629828 267.343793557335 267.844721988193 268.342948722735 268.617641182391 268.293618353724
235.842728209352 235.734101310229 -9999 235.851222819295 236.275846622596 236.379719171058 237.141888412441 237.838318966865 238.695330026728 238.531011525783 238.187393504383 238.72560479886 239.563338996585 239.408740116749 239.389962455861 239.072350537255 239.612869748667 241.677698418558 242.141349737762 242.671171802979 242.84165905068 243.396179227424 244.675121938516 245.196368369543 245.908510827523 246.669955639671 248.640578792539 -9999 250.613794709461 251.175234645522 252.567014908326 253.177970503658 255.017354313107 256.385167724578 257.24499411756 258.242365426331 258.626857724665 259.998272570468 260.486375062511 261.476257134279 263.131008842784 263.351013346162 264.816865293018 265.993697157093 266.293699224011 267.265591692667 267.376009092522 267.942901274465 268.446638637875 268.316372857653
236.070116898674 236.345656970084 236.237309361877 236.294636972468 236.861313628896 236.767226583005 237.007060582547 238.08856686224 239.51442736444 239.482329983908 238.526018895458 240.161638487935 240.668374395646 240.338693151998 240.498304223551 240.045506338068 240.785043384982 241.708127705087 242.158860775207 242.64870223609 242.904058495691 244.189783439627 245.049251813999 245.233357348286 246.211648569066 247.199154304275 248.014837936404 248.828240755463 250.398893056958 251.613365336365 252.675206214288 253.460568326288 254.58569318721 256.503834450722 256.790036364404 -9999 258.547059332335 260.016520094253 261.051813442736 261.610221082293 263.084478540321 263.660617566537 264.643767016127 265.826864883363 265.631830781901 266.19973455638 266.776012267659 267.07933138588 268.037335775963 268.173708170188
237.607759844836 237.522301841404 238.213899724095 238.194839780172 238.619200445628 239.054430249529 238.526380003529 238.873146768825 240.551922244981 240.822437020664 240.891257219834 240.941688615748 241.821561655309 240.96693902303 240.812958443873 240.748295084503 241.874269588504 242.80083274598 243.201655974712 244.157196127003 244.348298688047 244.703552736161 245.040145272964 245.938288159589 247.001846821456 247.49504816745 247.859080309137 249.355996663092 251.875686075212 252.139125496316 253.245885571811 254.197146123595 255.64222499418 256.188190157659 257.063476030043 258.126517635037 258.902206665771 259.769851456202 260.807082794221 261.400579325466 262.983519439424 263.287680329124 263.592224520382 264.557470742575 264.54745578877 264.855243243239 265.813146974553 266.121247165068 267.072335778391 -9999
238.363818688943 238.023559365982 238.661358218904 238.970176626674 239.030531438573 239.026270190854 239.469718125744 239.409792242913 240.515076862717 241.205417879575 242.597409501451 242.475743752383 242.515193695942 241.373688009689 242.035174372188 241.071677652151 242.344489429829 -9999 243.560389726524 244.185290493089 244.827343096464 245.979990688168 246.115511167133 246.733983431587 247.181180535408 248.322169180649 248.396153508179 248.905932061994 251.419347467876 -9999 253.34959524808 253.909520948545 255.801123129498 256.088724687023 257.223137654173 258.026728439685 258.999976572444 259.29575847259 -9999 261.038948815135 262.034427491969 262.801982433963 263.108384495848 264.069266078673 264.060352359867 264.37024398093 265.324270402255 265.63467349837 266.481948823068 266.295639340835
238.354026496557 238.107128885954 238.290812229426 238.719412396078 238.70833156958 239.089251814291 239.910007961087 240.069901366838 241.411755109342 241.840454014143 243.120909576698 243.313652932877 242.747560915345 242.30379512607 242.625035365194 242.233902740061 242.980876793476 243.409977263057 244.19062973368 245.002217334777 245.466450018733 246.658732783968 246.99851799059 247.290891447951 248.068193843921 248.682824277284 248.885043485983 248.931874380846 -9999 -9999 -9999 -9999 255.083010044478 255.619650045616 256.749433552147 257.553032630712 258.520671814409 258.817795690469 259.845397979129 260.342939056953 261.35191210935 262.311769722327 262.428221284579 262.994481713036 263.568430841649 263.880340054988 264.830413202938 265.143037668437 266.019106296613 266.129719935502
237.987830365857 237.859829600421 237.878436244302 238.4004974546 238.774066295645 239.12313755763 240.649319089888 240.793299159039 241.750227830172 242.465156377374 243.092640654452 243.148611645085 242.907276830408 242.745295683367 242.333015178809 242.425922335826 242.999237641355 244.523392317033 244.987090963026 245.638654090542 245.760185535461 246.441623271779 247.216957854005 248.272636618806 248.596084033215 248.982492016647 250.298833958826 250.285637443945 -9999 -9999 -9999 -9999 254.709242767354 255.247081119097 256.588961397215 257.0757994519 258.037694654416 258.336001588468 259.295757352074 259.598244387726 260.962591731371 262.122625043148 261.809526098374 262.121214052246 263.364950947012 264.25881867604 264.331538512999 264.64629640304 265.586563238892 265.9006946484
237.679728196992 238.189482042785 239.136495526739 -9999 239.737553584794 239.840791914833 241.10934282744 241.163414033557 241.760151979453 242.372473213609 242.829964616468 242.759975440859 242.693873797083 242.581715446907 242.345165348447 242.702872190081 244.151989374189 245.287010720096 245.290880142997 245.599250308071 246.376547583781 247.2763901351 247.914289182572 248.417548308167 248.74872653168 250.138159491026 250.791873910701 -9999 -9999 252.396443185666 252.73662378723 -9999 -9999 255.439950929351 256.300155180312 256.595080695838 257.551096555515 257.850429975971 258.804533023174 259.108187846371 260.432819496496 261.514642184755 261.310909082262 261.624173637225 262.764339925916 263.463110836891 264.122264988504 265.107502290893 265.376728509814 265.397300827012
239.065188468155 239.677105829914 240.365824015611 240.320639724913 240.314620445538 240.348356551437 241.427413659085 241.633234855606 242.046932553657 243.29498953135 243.74373427753 243.666828212259 243.593922015835 243.524622974997 243.530478468515 244.004823350479 244.946010291496 245.173101491895 245.539235414647 246.026793286617 247.256324583436 248.293776683205 248.434573453146 248.588017752484 249.468807820315 250.46111128608 250.949329606795 251.64377746775 252.188679527182 253.110083020633 253.81114189632 254.149854036128 254.482451886965 255.641529518931 256.007862020003 256.707533226438 257.162198742016 257.773010059071 258.720016066441 259.023402777427 260.27631990551 261.219744357726 261.405024899086 262.096586984731 262.556807890938 262.94680188877 263.516437201835 264.283542780642 264.76946888211 264.888513932478
239.781014824426 239.946579629829 240.348008748395 240.321861235042 240.569760720357 240.6724253992 241.694255318862 242.525854858141 243.037977687519 244.037841351848 244.735449163234 244.4870002412 243.886959371361 244.170247481665 244.491975739305 244.609161613531 244.831351367413 246.150739527751 246.9024838111 247.087422295369 247.601679762339 248.628669767771 249.704187765293 249.537287660654 250.224838642703 250.382200048017 250.838515082275 251.947620922835 252.870213443463 254.120085056311 254.236551823919 254.724432446286 255.420474223348 255.66077143351 255.740797000166 257.292099067281 258.239127115109 258.43352379849 258.672490221677 259.365479898302 260.914439479261 260.973842862267 261.287375641952 262.224382151585 262.473504311792 263.209191300946 263.397451523334 264.080532743314 -9999 264.374270698518
239.530898799823 239.533036707328 240.031649369775 240.385141189432 240.676938828223 240.942710251591 242.179095374787 242.666424450843 243.68519765863 244.458774207898 244.671651487348 244.512507063608 244.181284308472 244.587961225879 245.717280779636 245.651768047176 245.817364278452 247.008052727325 247.368089197649 247.656495091474 247.859631325664 249.016891087566 250.263704100065 250.323415265721 250.137669221043 250.397697160594 251.421061171722 251.876162431367 253.831485364908 254.288781183624 254.327069761101 255.31171091569 255.964831710574 255.9707791115 256.218543129681 257.235326853605 258.674610637876 258.788210666967 259.282697790928 259.533627137177 261.070672416771 261.059881016006 261.64288467242 261.707572838855 262.025715250791 262.955229720995 263.276028651545 264.202189499537 264.321996250216 264.799484228955
239.918192057665 240.118507043197 241.274514693988 241.329470751916 241.415075674492 241.796816012575 242.176894597756 242.639309774487 243.503104083719 244.509673981028 245.112752385987 245.034021684711 244.959372592782 245.143498394525 246.113585276425 246.639276483472 246.772159761945 247.304661654828 247.606329410609 248.788598483184 249.085491621719 249.481647723829 249.912379575962 250.522147092201 250.920543440044 251.226352064515 252.189325552364 252.171252351426 254.317454668366 254.48078344713 255.167853578758 255.559813862781 255.918807941532 256.542605867504 256.586854771084 256.737474086146 258.16901787145 258.652331505464 259.941103064343 259.318498354698 260.619803557881 261.117124702517 262.326803435394 261.782488450939 262.463991978327 262.72620314734 262.752046384046 263.673736153545 263.997615815192 264.91499648731
240.888183915661 241.235272508951 241.565984650768 241.531898250859 241.813122757841 241.856631177086 242.150956270889 242.446691431417 243.515643006982 244.95532840412 245.554955717545 245.371675242309 245.053007519542 245.381580361089 245.579451501268 246.099599754923 247.020117003554 248.685722539235 249.269072897038 250.950424466752 249.816026142699 249.766935942139 249.974302737761 251.026025143166 251.898709252912 252.258465160455 253.314391024699 252.937934286465 254.274903435562 255.06219721913 255.703668137698 255.76511808965 256.235790360238 256.777517650603 256.378555571901 256.545925923251 257.76388604441 258.567176474481 259.870694687546 259.47115170821 260.09839016263 260.5324253882 261.786337362835 262.052096150189 262.866412534459 262.690995139978 263.170538835071 263.433039108691 263.465302946305 264.378571783866
240.925599240384 241.401608119487 241.616348878113 241.519859760497 241.550357997661 241.427100861779 241.99129466968 242.607394841737 243.977766264204 244.895644045828 245.229001863471 244.855330905434 245.007611213635 245.109418060753 245.220594435593 246.189925118809 247.593498124313 248.497117641387 250.046848993632 252.709354101105 250.748395239966 250.468144912194 250.932261854638 251.570544883526 251.843749951395 252.275578555617 253.643049257405 253.41731946248 254.007629007234 256.165505479853 258.141131764027 256.204162898846 257.40894806399 256.803152450097 256.546704406359 257.117435486634 257.212941837292 257.861656488656 -9999 259.652082400874 260.487887386982 261.081335610962 261.354876626109 262.101245877873 263.244941458652 263.829763332031 263.667157860319 263.683007234982 263.864481934202 264.426379208365
241.269719875737 242.145920814016 241.897340988555 241.743162072754 241.756695993258 242.242541568474 243.578579012769 243.879314087954 243.950825573623 243.86048054404 243.934820986213 244.371321258562 244.571854875509 245.494122929819 246.063221327074 247.016657785108 247.125047110464 248.158089414962 249.527061560341 249.97821693086 250.112656586764 250.724291810254 250.984708805096 251.240665351389 252.295730030256 252.881979362946 253.433813575897 254.549294153857 255.316120393741 255.90072123611 257.302001930296 257.161331163488 256.81829699299 257.107090804797 257.942440566974 257.57041330566 257.570952684108 258.922875772092 -9999 258.801332989508 260.18996568 261.516939077867 261.508871078671 -9999 262.329478137156 262.943316051111 263.123684605598 263.321270116258 264.066258546562 264.395675188385
242.213289922952 242.473430526248 242.308226844389 242.512089061285 242.415837162188 242.555132794459 243.089829239525 243.262195744595 243.515742947422 243.424060727287 243.703572888233 244.86493938069 245.268519626422 246.035000404823 246.297278626447 246.739418580409 246.670989459115 248.796550169268 249.636492199147 249.804354050675 250.073430216584 250.562876177492 250.816693931691 251.866936505256 252.339031320435 252.457891866931 253.352740019909 254.785103861216 255.508426885124 256.440766569092 256.731879085329 257.141674581503 257.385893711779 257.164226160361 257.593571067346 257.700548069657 257.56629029112 258.651514534412 258.760474974679 259.230317787748 259.950144739634 261.040200936034 261.356649859401 262.18274685265 262.414359173889 263.496317769654 263.340097793545 263.849365825113 264.406288946232 -9999
