rcp4.5models/GFDL_CM3/sc1gr8.7
NCOLS 261 
NROWS 433 
XLLCORNER 336357.134 
YLLCORNER 654653.479 
CELLSIZE 1000 
NODATA_value -9999 
[rows 352 to 373 of 433, columns 200 to 249 of 261]
39.6905537819121 39.5527681331497 39.3744828792957 38.7753280923703 38.3358636311946 37.7616656028843 37.3496642410176 37.0239861481186 36.9541004241882 36.9450266826894 36.5318147112659 36.254758884523 36.3614214652166 36.3594671509003 36.1529789417342 36.1668156146774 35.8611790288248 35.9518463501167 36.194542576662 34.991247908578 34.8945300455425 34.9142208026607 34.633958693144 34.7451165383696 34.7590464613673 34.4181465458204 33.9400286961505 34.0532199465535 34.0736620315389 33.7204286165996 33.8324938461919 33.944555650463 33.982665128891 33.7723936114342 34.2086289346836 33.8920704600022 33.8496027154766 34.1052803189318 34.5348591482193 -9999 -9999 -9999 -9999 34.7182586988428 34.8907438109125 35.3451642231654 35.0606349780483 35.1736769600475 35.270503575666 -9999
38.8623210113943 38.8442008330331 38.5679258867885 37.5286008483052 37.578521970606 37.2830388843852 36.5991644786526 36.7004735784068 36.8027350071255 36.6886662351457 35.9958890040729 36.1003663456052 36.0958462521999 35.681186002651 35.4626169645556 35.3768962762804 35.362577971265 34.9507199896016 34.8245128285341 34.1102033783147 34.0367244126923 34.0451424360647 33.7089632028616 33.8184139731067 33.8442397518869 33.5635401815468 33.2348529331368 33.3467932770048 33.3807444096377 33.0991621122616 33.2125843886437 33.3260443255574 33.3513514574917 33.0735142777605 33.5799288573384 33.1393888747092 -9999 -9999 -9999 -9999 -9999 -9999 -9999 34.499280416933 34.1005809939974 34.2132982045497 34.3254534185942 34.4370454591492 34.6164620977909 -9999
38.052650123886 37.5828040014754 37.7979365068888 37.1648694878005 37.262940574661 37.1368754374574 36.4513342974224 36.5514188280274 36.5391053122105 36.1242373775448 35.8437216962368 35.7871584703113 35.1838287395525 34.9025683207214 34.9634500696698 34.4659757505227 34.4505979877996 33.9569161166271 33.672193930308 33.6764074092644 33.3424887469732 33.3618853937894 33.0794206846215 33.1896802799727 33.2042729142551 32.8624214817211 32.6106790327001 32.723817814765 32.7457804414283 32.3921845507564 32.504379259583 32.6166131041962 32.6560816121074 32.4435435200129 32.8825693473276 -9999 -9999 -9999 -9999 -9999 -9999 -9999 -9999 -9999 33.0873772099699 33.6167462287315 33.7306909632558 33.8440904338746 34.0577731083288 -9999
37.1817843628077 36.7367343936175 36.9440333729414 37.0214312763649 37.0015978437041 36.5866523866226 36.1898898011898 35.8801739953132 35.8242975740445 35.3599601371321 35.3491556885393 34.8865452015547 34.431344198095 34.5339039640035 34.11317266716 33.8314336746086 33.8171952048365 33.3153875831673 32.9829489005491 32.9972534002492 32.7125934297595 32.8203523569093 32.8314480180519 32.4928090122241 32.5191856909882 32.2369688722108 32.4623243870759 32.4413982571329 31.7974967599816 31.513156097293 31.6251086741124 31.7371257123063 31.849124283044 31.8755824092682 -9999 -9999 -9999 -9999 -9999 -9999 -9999 -9999 -9999 -9999 -9999 32.7687260367041 33.3008487913256 33.4131207052043 -9999 -9999
36.5064543388697 36.5981248943768 36.5717627152892 36.4782163166081 36.749221491559 35.8972758925299 35.3042807948162 35.0190046510773 35.0699057512333 34.9993198568524 34.8858099615244 34.184120943544 34.2212764172654 34.0764267498464 33.3219955252503 33.5767334343387 33.1313308667652 32.6407824319679 32.3532758756863 32.4576927007811 32.4643779422647 32.1279940427625 32.106129984113 31.6196246609348 31.728986670195 31.745079680891 31.5094717833057 31.5061309645666 31.038147338364 31.061119366605 30.7027242116464 30.9000674806766 -9999 -9999 -9999 -9999 -9999 -9999 -9999 -9999 -9999 -9999 -9999 -9999 -9999 -9999 -9999 -9999 -9999 -9999
36.4486103660656 35.946480120092 35.9241307608799 35.6202402507726 35.9825164751561 35.4271199665497 34.5698729053399 34.6643843069969 34.6481228687527 34.3315555845347 34.3263961401134 34.0394464711056 34.0185352120802 33.6485650008923 32.944144662526 33.3343055783353 32.5004907003362 32.0589661653737 31.9685759246603 31.9716251293231 31.5469486930084 31.2597116377535 31.3282781071654 31.2590533663818 31.2736937956312 30.848237603762 30.6741109414882 30.7857011540989 30.808424907408 30.3779470905426 30.091826300204 30.2759148196906 -9999 -9999 -9999 -9999 -9999 -9999 -9999 -9999 -9999 -9999 -9999 -9999 -9999 -9999 -9999 -9999 -9999 -9999
36.0065310907885 35.3049815941069 35.1927035428658 34.64660971982 34.7367454876697 34.7204224216593 34.3184826099754 34.0031628627132 33.9926596815382 33.7035413906831 33.7992150601156 33.8960557551002 33.8297885118371 33.2824741486438 32.7162766954429 32.4636630840823 31.8613112392762 31.6844712098738 31.5125438042672 31.08708995966 30.7977834086625 30.9028193792338 31.0094897472257 31.0226657793237 30.598036446309 30.3121888684879 30.4433931863185 30.0925879525355 30.1277562487716 29.8416080797423 29.9536943292379 -9999 -9999 -9999 -9999 -9999 -9999 -9999 -9999 -9999 -9999 -9999 -9999 -9999 -9999 -9999 -9999 -9999 -9999 -9999
35.3427405851848 35.2177263594932 34.9376966851888 34.0239604049876 34.1132898486499 34.0898728377459 33.6688560643072 33.3778547025222 33.4702547067139 33.4539929063876 33.086885458194 33.003721658844 33.0003094606061 32.7095143771472 32.0717134060706 31.665419233741 31.2748978108409 31.2721197021162 30.8458278411422 30.5544250660134 30.6574786556553 30.76243595832 30.8691361613208 30.8003579308244 30.0628988075658 30.1728029051505 29.7664039861851 29.4801257420921 29.5920002069267 29.704217569261 29.7310433858162 29.3696193015918 -9999 -9999 -9999 -9999 -9999 -9999 -9999 -9999 -9999 -9999 -9999 -9999 -9999 -9999 -9999 -9999 -9999 -9999
34.2999190552175 34.0115034440648 34.100745797743 33.6624658991579 33.2208611470792 32.7155984666475 32.6912702856792 32.3274064455557 32.1523416379591 31.8567701313365 31.9472710116218 32.0389545725337 32.0263441267767 31.8026671094775 31.5129116434115 31.2184619157533 31.0655202379459 30.1789240547893 30.8123324398974 31.1593690865965 30.3805901283624 30.390344558512 29.9667672954505 29.6783636967691 29.6956464629723 29.3507857875426 28.8558257429761 28.9662577731046 28.8840570486791 27.9499824240333 28.0603087387718 28.1707849676924 -9999 -9999 -9999 -9999 -9999 -9999 -9999 -9999 -9999 -9999 -9999 -9999 -9999 -9999 -9999 -9999 -9999 -9999
33.7959568322119 33.8353239079686 33.6463389514724 32.8912644265094 32.7676529763196 32.5974559915922 32.2552248997251 31.6604944024107 32.158841115512 32.1403320214093 31.7083613156667 31.3810709376013 31.3747986657724 31.1741461037144 31.2683963935002 31.2652923716462 30.8289397428258 30.6665441616372 31.6831870669666 31.8127540525648 30.1486290092359 29.6846320182031 29.2047105193743 29.2188510275268 28.7940745888561 28.5044892114487 28.5165069077512 28.5400715103834 28.1112444761057 27.8210581221895 27.9316423331608 27.9601678046401 27.5253161146817 -9999 -9999 -9999 -9999 -9999 -9999 -9999 -9999 -9999 -9999 -9999 -9999 -9999 -9999 -9999 -9999 -9999
33.4650207126686 33.3878959229564 32.8141529372837 32.6086457210962 32.6970865415637 32.6189860295721 31.9955652246219 31.8030425392435 32.3268464618472 32.290184304903 31.0627887294125 30.7640483254394 30.8541398495502 30.9456416151821 31.133522115845 31.0388330449547 30.2914173386211 30.3813094343643 30.8304615024927 30.7096865247938 30.3333885382102 28.9325696909163 28.776583078681 28.3517810267663 28.060789987086 28.168841756187 28.3006157838512 27.8732932568256 27.5828385253306 27.6933849973113 27.7215887509112 27.2887924178203 26.9964772719952 27.106707095934 27.1389115097803 26.6988249751921 26.4112376381251 -9999 -9999 -9999 -9999 -9999 -9999 -9999 -9999 -9999 -9999 -9999 -9999 -9999
33.1454955739064 33.0014337684795 32.3125016999825 32.370853752004 32.0560859264594 32.038141436137 31.7433159167077 31.8330416322456 31.8621265518637 31.458372227478 30.546926625124 30.634741716213 30.7238463912161 30.7115229395154 30.4709199962136 30.4338505968354 29.8503176977896 29.4590379017731 29.518100170923 29.4778306600939 29.4923213441088 28.5431380134675 28.1182897839586 27.825996842658 27.9329636425985 27.952477359593 27.6367845911114 27.3459218378495 27.3721122920668 27.0133985646471 27.0530875062411 26.760699820459 26.8711326635387 26.9032257100855 26.4654593406315 26.1160909369195 25.8296148566815 25.7418418238364 -9999 -9999 -9999 -9999 -9999 -9999 -9999 -9999 -9999 -9999 -9999 -9999
32.7671955399038 32.6825614664763 32.1915059089321 31.7398251573644 31.4434103850675 31.5299943957771 31.6176351949616 31.7063480112666 31.5876774935489 30.824653501705 30.6465606807634 30.507072287642 30.4503647338829 29.8528210673246 29.6423766705242 29.6985303245178 29.5807639516931 29.4461346997898 29.3913289500548 28.7035961947376 28.3133450433986 27.8879661808135 27.5940321510897 27.6996013592378 27.7175546532093 27.2929466622334 27.1106100000108 27.2205836428964 27.17589679983 26.4155693737351 26.5258891031824 26.5564532993076 26.1888488101185 26.232652649247 25.8506097266853 25.3596656291724 25.172662915003 24.804420860333 24.845282628919 -9999 -9999 -9999 -9999 -9999 -9999 -9999 -9999 -9999 -9999 -9999
32.3991662352939 32.4295333117266 32.2693062891214 31.2367394061505 31.3212741364686 31.4068662146997 31.3843458295723 31.0631880140517 31.0502797712883 30.7523721999841 30.7474705324742 30.2986775703314 29.6021558062645 29.1417517530663 29.3201609056388 29.4121762312112 29.5064693984924 29.5071819523226 29.0322759125337 28.5017199259385 28.3726250538671 27.3654152595507 27.4692108649655 27.4852733413306 27.0612113299543 26.7686471717384 26.9866285971886 27.0128116925383 26.5851601054677 26.2923038322031 26.3223659880951 25.8565947266822 25.3584861823049 25.4667927952132 25.4498226388324 24.6781888704715 24.2884329470789 24.0200942864582 24.1191044260988 24.2178300569181 24.316248891066 -9999 -9999 -9999 -9999 -9999 -9999 -9999 -9999 -9999
32.2810648760847 32.2508243012875 31.8862843211746 31.3195223528039 31.2006678707979 31.1755608610508 30.751829797976 30.4101056472288 30.3363668789121 30.4238366473368 30.3694532737668 29.7377910219324 29.1659258785895 29.0203738934524 29.1970646425858 29.1903285148741 28.8509481174297 28.8588902296179 28.5616342053208 28.6640248054942 28.4887612231581 27.2423301723483 27.3461755297262 27.3731497721014 26.9931903653916 26.6461443320397 26.3170260648372 26.3535089145967 26.0602260030947 26.1366379379152 25.9017298484791 25.1029527979191 25.0393496257237 25.1473841359527 25.0841141807419 24.015495195215 23.7084506080022 23.907533009291 24.0067323974624 24.105658632471 24.2042867207063 -9999 -9999 -9999 -9999 -9999 -9999 -9999 -9999 -9999
32.1644435833871 32.0232857832702 31.3329561387667 31.4505745000663 31.2324590721457 30.7123449427564 30.0464762399925 30.0912911714625 30.0255556350106 30.007107915471 29.5818384305177 29.2802509457845 29.3174139734239 29.1350255883255 28.9775206948778 28.5484346786223 28.2453517521114 28.3397989263756 28.4376692114663 28.4468694196878 27.9776765008749 27.3906592488318 27.2250265492551 27.242420395801 26.8190535274236 26.5253211055266 25.7207256071574 25.7960842063334 25.7136719897691 25.7134596745705 25.1917960027197 25.2926880645184 24.9235388085569 24.9563698142084 24.4225402570119 23.496660601579 23.5965932363068 23.7268918259403 23.3263155743871 23.4235599598199 23.5857501938487 24.1917254610022 -9999 -9999 -9999 -9999 -9999 -9999 -9999 -9999
32.0493189050226 31.9079379489056 31.216299819403 31.3438607472797 31.0625275020285 30.2678489459737 30.0070840761623 30.037624659504 29.8034563341656 29.3775226156125 29.0743404251536 29.1616888956896 29.2504039510927 29.2889465650244 28.769038013438 28.0342061185173 28.125188479319 28.2188449885976 28.2226285723794 27.8005122542419 27.5072007019626 27.5117399128964 27.1058551405596 27.0460650616818 26.2987911886604 26.4062163456913 25.3812098700847 25.4596790591425 25.321370092245 24.8908506855177 24.6599431371279 25.1073645769685 24.8089786714124 24.7798035868221 23.9026719173312 23.3857743281427 23.4857950767824 23.0627018408376 22.7520120415157 22.8504271556188 23.0006036071541 -9999 -9999 -9999 -9999 -9999 -9999 -9999 -9999 -9999
32.0101872234813 31.3568682006939 30.9093692496346 31.0357622416792 30.7608173683396 30.0581306469907 30.1447070669758 30.1798416119193 29.8056972980975 28.8730365405479 28.9583465565775 29.0449578330497 29.1329543243442 29.2224427075221 28.2238015097758 27.9169844632188 28.0073612225415 28.100403584631 28.0201520951691 27.2831073955125 27.3879262761265 27.3579542694789 26.7764897240001 26.8072627913133 26.4817031696754 26.2740811165624 25.0738808047675 25.1808884863998 25.1396003704763 24.3723483288595 24.479893193186 24.5876977555312 24.6956814817786 24.6678260507673 23.8413082919185 23.6150420776368 23.3060955286432 22.544226293981 22.6429890892323 22.7415203495268 22.8397884638485 -9999 -9999 -9999 -9999 -9999 -9999 -9999 -9999 -9999
31.8372777490446 30.9226609641534 30.8072000849667 30.6679429474966 30.245933586612 29.9452646176892 30.0310051784282 30.1179690828208 29.9510656075499 29.0325358246298 29.0655586984797 28.9300693904821 28.9173630042832 28.5829953256219 28.0075560530426 28.0988129944275 28.1383279596932 27.8913363305237 27.4656948405925 27.1669415749402 27.1813706961037 26.7631514651707 26.4710994652931 26.548112445468 26.4527287439088 26.2008440426609 24.9622535486137 24.9887215145821 24.5596642183636 24.2606357180888 24.3680528243149 24.4757546575019 24.5094457195218 24.0733557396558 23.7719503509188 23.7889666457263 23.1406828674956 22.4361196445162 22.5349550640288 22.6335734750161 -9999 -9999 -9999 -9999 -9999 -9999 -9999 -9999 -9999 -9999
30.7197797343907 30.8017599811259 30.8851001400258 30.7896958983904 29.8972277984202 29.9287380464363 29.8086512612317 29.6903056651774 28.9770781090577 29.0643445732617 29.1530147676933 29.1926521192821 28.8274563165041 27.8719429197685 28.0513472478531 28.0498189964226 27.6264501634783 27.2774585626185 27.1484859614648 27.1986572081227 26.8763827882572 26.1020222667571 26.0085797632291 25.9614822808045 25.9128801496885 25.1632673890727 25.3421270649019 24.9983615081237 23.9348449182591 24.0414392137514 24.1484652878013 24.1186049604604 23.3381684188672 23.4451361280696 23.552213222475 23.6593379264137 23.6424849781251 22.6207718549644 22.6853961609683 -9999 -9999 -9999 -9999 -9999 -9999 -9999 -9999 -9999 -9999 -9999
30.8560609047419 30.8854255015611 30.7782815445573 30.7343791349765 30.0337688674854 30.0691865962369 29.9604341436104 29.7915262804307 28.8674888825151 28.9541123385919 29.042175988437 29.1317547590529 28.9827725648558 27.9915431045167 27.9407939932384 27.8532295847604 27.1178144176577 27.2151739256947 27.3159993602197 27.2841501341323 26.5492654995781 25.7941326831735 25.7463793035878 25.7692135178932 25.3497767953557 25.0546432671442 25.2772577129727 25.1997347785539 24.1772293885741 24.2386777307358 24.0407186685644 24.0119232152509 23.2304365151265 23.3372300610579 23.4441603495108 23.5511628052544 23.6024005674875 22.8489527980792 -9999 -9999 -9999 -9999 -9999 -9999 -9999 -9999 -9999 -9999 -9999 -9999
30.9861265965784 31.0182865953907 30.8648117689116 30.2272900850079 29.9265327384415 30.0127988628127 30.1004572883574 29.936701049865 29.0250282199376 29.0610397150503 28.9331619634874 28.9231858935224 28.5013882063651 28.1492639619791 28.0680727754531 27.7454543180671 27.009284343645 27.1064422778771 27.2069453147329 27.1421783555296 26.2961445136382 25.8508969639633 25.9083489020262 25.5890217870184 24.8387621685761 24.9477173416303 25.090503970043 24.6691980357283 24.3735001461297 24.4440796077669 24.2429420637636 -9999 23.1239862355617 -9999 23.337319000765 23.4441660670828 23.5510522022891 -9999 -9999 -9999 -9999 -9999 -9999 -9999 -9999 -9999 -9999 -9999 -9999 -9999
