rcp4.5models/GFDL_CM3/sc1gr5.19
NCOLS 261 
NROWS 433 
XLLCORNER 336357.134 
YLLCORNER 654653.479 
CELLSIZE 1000 
NODATA_value -3.4e+38 
[rows 66 to 87 of 433, columns 49 to 97 of 261]
-3.4e+38 -3.4e+38 -3.4e+38 -3.4e+38 -3.4e+38 -3.4e+38 -3.4e+38 -3.4e+38 -3.4e+38 -3.4e+38 -3.4e+38 -3.4e+38 -3.4e+38 -3.4e+38 -3.4e+38 -3.4e+38 -3.4e+38 -3.4e+38 297.889984130859 298.601226806641 -3.4e+38 298.083587646484 298.366546630859 298.060455322266 298.054016113281 297.944488525391 297.415863037109 297.324462890625 297.124725341797 297.660003662109 297.857055664062 298.381561279297 298.069244384766 297.614837646484 298.031616210938 298.371826171875 298.540222167969 298.318328857422 297.982604980469 297.982788085938 -3.4e+38 297.753601074219 297.765533447266 298.154418945312 -3.4e+38 -3.4e+38 297.690795898438 297.688781738281 297.675323486328
-3.4e+38 -3.4e+38 -3.4e+38 -3.4e+38 -3.4e+38 -3.4e+38 -3.4e+38 -3.4e+38 -3.4e+38 -3.4e+38 -3.4e+38 -3.4e+38 -3.4e+38 -3.4e+38 -3.4e+38 -3.4e+38 -3.4e+38 -3.4e+38 297.930877685547 298.381439208984 298.375427246094 -3.4e+38 298.046752929688 297.900054931641 297.937042236328 297.781890869141 297.517669677734 297.343933105469 297.445068359375 297.384490966797 297.433868408203 298.459197998047 297.940521240234 297.49560546875 297.872406005859 298.482421875 -3.4e+38 -3.4e+38 297.929229736328 298.039428710938 298.370086669922 297.753204345703 297.533966064453 297.648284912109 297.815216064453 297.821716308594 298.230041503906 298.105102539062 297.667572021484
-3.4e+38 -3.4e+38 -3.4e+38 -3.4e+38 -3.4e+38 -3.4e+38 -3.4e+38 -3.4e+38 -3.4e+38 -3.4e+38 -3.4e+38 -3.4e+38 -3.4e+38 -3.4e+38 -3.4e+38 -3.4e+38 -3.4e+38 -3.4e+38 298.752075195312 297.916595458984 298.340942382812 298.064514160156 298.106781005859 297.953308105469 297.462707519531 297.394195556641 297.170104980469 297.109985351562 297.057464599609 297.008819580078 296.615081787109 298.232055664062 298.11865234375 297.615051269531 297.547454833984 297.710754394531 297.874267578125 298.042388916016 298.151184082031 297.929718017578 298.035827636719 297.591705322266 297.635345458984 297.372528076172 297.693237304688 297.643890380859 297.689788818359 297.462432861328 297.244873046875
-3.4e+38 -3.4e+38 -3.4e+38 -3.4e+38 -3.4e+38 -3.4e+38 -3.4e+38 -3.4e+38 -3.4e+38 -3.4e+38 -3.4e+38 -3.4e+38 -3.4e+38 -3.4e+38 -3.4e+38 -3.4e+38 -3.4e+38 -3.4e+38 298.949829101562 297.818206787109 298.329864501953 298.037445068359 297.949890136719 297.898193359375 297.3759765625 297.419281005859 297.185455322266 297.283843994141 296.843383789062 296.643890380859 296.998962402344 298.192932128906 298.492034912109 298.059936523438 297.775115966797 297.713012695312 297.711151123047 298.15380859375 297.874084472656 297.816558837891 297.758392333984 -3.4e+38 -3.4e+38 297.254425048828 297.267608642578 297.51806640625 297.304595947266 297.244140625 297.191040039062
-3.4e+38 -3.4e+38 -3.4e+38 -3.4e+38 -3.4e+38 -3.4e+38 -3.4e+38 -3.4e+38 -3.4e+38 -3.4e+38 -3.4e+38 -3.4e+38 -3.4e+38 -3.4e+38 -3.4e+38 -3.4e+38 -3.4e+38 -3.4e+38 298.913970947266 297.923950195312 298.134094238281 298.070953369141 297.907409667969 297.565155029297 297.430847167969 297.51904296875 297.460754394531 296.951171875 296.842468261719 296.998016357422 297.215423583984 297.866424560547 298.206787109375 298.327758789062 297.884796142578 297.713897705078 297.711700439453 297.875549316406 297.818115234375 297.651031494141 297.593444824219 297.481262207031 -3.4e+38 297.512756347656 297.146728515625 297.408630371094 297.194854736328 297.291046142578 297.199188232422
-3.4e+38 -3.4e+38 -3.4e+38 -3.4e+38 -3.4e+38 -3.4e+38 -3.4e+38 -3.4e+38 -3.4e+38 -3.4e+38 -3.4e+38 -3.4e+38 -3.4e+38 -3.4e+38 -3.4e+38 -3.4e+38 -3.4e+38 299.072296142578 298.907043457031 298.410217285156 297.9765625 297.949737548828 297.680694580078 297.328155517578 297.404998779297 297.334136962891 297.663299560547 297.31591796875 296.6494140625 296.871032714844 297.103057861328 297.821228027344 -3.4e+38 298.045654296875 297.882995605469 297.714080810547 297.712158203125 297.710754394531 297.758911132812 297.209564208984 297.319427490234 297.373138427734 297.587799072266 297.687652587891 297.410491943359 297.343627929688 296.995025634766 297.459503173828 297.412200927734
-3.4e+38 -3.4e+38 -3.4e+38 -3.4e+38 -3.4e+38 -3.4e+38 -3.4e+38 -3.4e+38 -3.4e+38 -3.4e+38 -3.4e+38 -3.4e+38 -3.4e+38 -3.4e+38 -3.4e+38 -3.4e+38 -3.4e+38 298.957336425781 298.573425292969 298.458862304688 297.935760498047 297.901977539062 297.473907470703 297.477081298828 297.401885986328 297.2373046875 296.932342529297 297.206146240234 296.898132324219 296.603729248047 296.935821533203 297.985260009766 -3.4e+38 297.884674072266 297.658874511719 297.602416992188 297.713043212891 297.8203125 297.595397949219 297.369750976562 297.201965332031 297.261047363281 297.370727539062 297.367462158203 297.287292480469 296.723175048828 297.098297119141 297.628540039062 297.628845214844
-3.4e+38 -3.4e+38 -3.4e+38 -3.4e+38 -3.4e+38 -3.4e+38 -3.4e+38 -3.4e+38 -3.4e+38 -3.4e+38 -3.4e+38 -3.4e+38 -3.4e+38 -3.4e+38 -3.4e+38 -3.4e+38 299.077392578125 298.810485839844 298.408630371094 298.405792236328 297.933135986328 297.818603515625 297.644775390625 297.570648193359 297.517913818359 297.131225585938 296.582824707031 297.046722412109 296.726287841797 296.889587402344 297.672027587891 297.938323974609 297.886993408203 297.772888183594 297.550140380859 297.548767089844 297.824157714844 297.765472412109 297.648895263672 -3.4e+38 297.425659179688 297.420288085938 297.4033203125 296.994262695312 297.400146484375 297.101898193359 296.76513671875 296.970458984375 297.684295654297
-3.4e+38 -3.4e+38 -3.4e+38 -3.4e+38 -3.4e+38 -3.4e+38 -3.4e+38 -3.4e+38 -3.4e+38 -3.4e+38 -3.4e+38 -3.4e+38 -3.4e+38 -3.4e+38 -3.4e+38 -3.4e+38 299.078582763672 298.656372070312 298.183349609375 298.504638671875 298.273376464844 298.220642089844 298.204742431641 297.707794189453 297.683532714844 297.311431884766 297.146331787109 297.177062988281 296.465545654297 297.390472412109 298.047821044922 298.226501464844 297.777313232422 297.606781005859 297.550415039062 297.660797119141 297.767150878906 297.598937988281 297.485168457031 297.313659667969 297.104278564453 297.534301757812 297.498046875 296.573852539062 297.527313232422 297.513916015625 297.241760253906 296.530181884766 296.74658203125
-3.4e+38 -3.4e+38 -3.4e+38 -3.4e+38 -3.4e+38 -3.4e+38 -3.4e+38 -3.4e+38 -3.4e+38 -3.4e+38 -3.4e+38 -3.4e+38 -3.4e+38 -3.4e+38 -3.4e+38 -3.4e+38 298.963287353516 298.493438720703 298.430389404297 298.567230224609 298.527557373047 298.411804199219 298.516265869141 298.326873779297 298.315277099609 298.213317871094 297.982269287109 297.921508789062 297.325958251953 297.896575927734 298.280059814453 -3.4e+38 297.722534179688 297.552734375 297.775024414062 -3.4e+38 297.600524902344 297.431549072266 297.265472412109 297.260131835938 297.081298828125 297.304595947266 296.983245849609 296.906005859375 296.908508300781 297.610046386719 297.105743408203 296.297424316406 296.231811523438
-3.4e+38 -3.4e+38 -3.4e+38 -3.4e+38 -3.4e+38 -3.4e+38 -3.4e+38 -3.4e+38 -3.4e+38 -3.4e+38 -3.4e+38 -3.4e+38 -3.4e+38 -3.4e+38 -3.4e+38 299.083648681641 298.815338134766 298.772827148438 298.575347900391 298.465240478516 298.457977294922 298.40966796875 298.453796386719 298.566650390625 298.681518554688 298.4599609375 298.239440917969 298.343780517578 297.967041015625 298.286895751953 298.390747070312 298.005401611328 297.722259521484 297.665588378906 297.885528564453 298.10107421875 297.546508789062 297.48681640625 297.324676513672 297.530944824219 297.182983398438 296.749694824219 296.385772705078 296.746490478516 296.431671142578 296.707733154297 296.513000488281 296.209686279297 296.62353515625
-3.4e+38 -3.4e+38 -3.4e+38 -3.4e+38 -3.4e+38 -3.4e+38 -3.4e+38 -3.4e+38 -3.4e+38 -3.4e+38 -3.4e+38 -3.4e+38 -3.4e+38 -3.4e+38 -3.4e+38 -3.4e+38 298.748657226562 298.682006835938 298.579528808594 298.531768798828 298.415618896484 298.072998046875 297.945343017578 298.549133300781 298.619873046875 298.296844482422 298.235595703125 298.283416748047 298.292846679688 298.506530761719 298.168395996094 298.170135498047 297.722198486328 298.057373046875 298.220520019531 298.213806152344 297.984527587891 297.435333251953 297.489440917969 297.587493896484 297.200286865234 296.959289550781 296.65185546875 297.07958984375 297.178741455078 296.193359375 296.272583007812 296.742828369141 297.059722900391
-3.4e+38 -3.4e+38 -3.4e+38 -3.4e+38 -3.4e+38 -3.4e+38 -3.4e+38 -3.4e+38 -3.4e+38 -3.4e+38 -3.4e+38 -3.4e+38 -3.4e+38 -3.4e+38 299.088226318359 298.731597900391 298.636993408203 298.586578369141 298.580902099609 298.579437255859 298.530822753906 298.271606445312 297.985382080078 298.552703857422 298.010681152344 297.781097412109 297.999633789062 298.004119873047 297.829772949219 298.328582763672 297.948516845703 298.111175537109 297.94775390625 298.110321044922 298.494476318359 298.212158203125 297.874389648438 297.490661621094 297.540557861328 297.424621582031 297.210296630859 297.313537597656 297.407531738281 297.367126464844 297.460845947266 297.151458740234 296.952270507812 297.135162353516 297.288696289062
-3.4e+38 -3.4e+38 -3.4e+38 -3.4e+38 -3.4e+38 -3.4e+38 -3.4e+38 -3.4e+38 -3.4e+38 -3.4e+38 -3.4e+38 -3.4e+38 -3.4e+38 298.757904052734 298.733734130859 298.865264892578 298.603942871094 298.585174560547 298.582214355469 298.356292724609 298.569122314453 298.641967773438 298.208465576172 297.881713867188 297.630737304688 298.022064208984 297.680297851562 297.784210205078 297.343627929688 297.546600341797 298.117736816406 298.170959472656 298.280639648438 298.167388916016 298.328460693359 298.327178955078 298.264892578125 297.983764648438 297.75146484375 297.265502929688 297.316741943359 297.476165771484 297.484100341797 297.5634765625 297.250946044922 297.256805419922 297.248352050781 297.294830322266 297.340484619141
-3.4e+38 -3.4e+38 -3.4e+38 -3.4e+38 -3.4e+38 -3.4e+38 -3.4e+38 -3.4e+38 -3.4e+38 -3.4e+38 -3.4e+38 -3.4e+38 -3.4e+38 298.657135009766 298.595123291016 298.591003417969 298.589477539062 298.587890625 298.472106933594 298.690795898438 298.746185302734 298.633697509766 298.418029785156 298.247467041016 298.241119384766 297.850372314453 297.739196777344 297.745391845703 297.403656005859 297.515075683594 298.066925048828 298.391754150391 298.275665283203 297.558380126953 297.892456054688 298.439819335938 298.491271972656 298.431915283203 298.318450927734 298.247619628906 297.785491943359 297.573425292969 297.19677734375 297.194030761719 297.197052001953 297.296234130859 297.309814453125 297.546722412109 297.294525146484
-3.4e+38 -3.4e+38 -3.4e+38 -3.4e+38 -3.4e+38 -3.4e+38 -3.4e+38 -3.4e+38 -3.4e+38 -3.4e+38 -3.4e+38 -3.4e+38 -3.4e+38 -3.4e+38 298.481658935547 298.585601806641 298.590789794922 298.701904296875 298.421264648438 298.737823486328 298.636260986328 298.582305908203 298.304107666016 298.019165039062 297.785003662109 297.740753173828 297.285919189453 297.330444335938 297.174102783203 297.72998046875 298.340148925781 298.053344726562 297.827545166016 297.664428710938 297.499786376953 297.729797363281 298.378479003906 298.268127441406 298.264221191406 298.210601806641 298.320404052734 297.44287109375 297.8486328125 297.849670410156 297.908508300781 297.259399414062 297.493499755859 297.955993652344 297.285583496094
-3.4e+38 -3.4e+38 -3.4e+38 -3.4e+38 -3.4e+38 -3.4e+38 -3.4e+38 -3.4e+38 -3.4e+38 -3.4e+38 -3.4e+38 -3.4e+38 -3.4e+38 -3.4e+38 298.538726806641 298.366180419922 298.693023681641 298.754821777344 298.646331787109 298.748260498047 298.702056884766 298.698181152344 298.032073974609 297.687286376953 297.691192626953 297.626739501953 297.078948974609 296.843566894531 296.613586425781 297.391571044922 297.8310546875 297.890930175781 297.667358398438 297.496246337891 297.388061523438 297.51220703125 298.263031005859 298.000732421875 298.3232421875 298.432769775391 298.590209960938 297.295654296875 -3.4e+38 -3.4e+38 298.333160400391 297.948638916016 298.035369873047 297.753875732422 297.779815673828
-3.4e+38 -3.4e+38 -3.4e+38 -3.4e+38 -3.4e+38 -3.4e+38 -3.4e+38 -3.4e+38 -3.4e+38 -3.4e+38 -3.4e+38 -3.4e+38 -3.4e+38 298.23095703125 298.57666015625 298.505187988281 298.747436523438 298.531951904297 298.751037597656 298.299987792969 298.736663818359 298.635925292969 297.704559326172 297.694122314453 297.629180908203 297.462066650391 297.303466796875 297.081451416016 296.971496582031 297.796142578125 297.675537109375 297.777648925781 297.499938964844 297.494262695312 297.169006347656 297.444580078125 297.672912597656 298.115112304688 298.594268798828 298.535675048828 298.420715332031 297.839050292969 -3.4e+38 297.727661132812 298.051452636719 298.346374511719 298.222991943359 297.954528808594 298.12158203125
-3.4e+38 -3.4e+38 -3.4e+38 -3.4e+38 -3.4e+38 -3.4e+38 -3.4e+38 -3.4e+38 -3.4e+38 -3.4e+38 -3.4e+38 -3.4e+38 -3.4e+38 298.266540527344 298.353942871094 298.698059082031 298.532287597656 298.43017578125 298.751617431641 298.448822021484 298.629547119141 298.357696533203 298.052093505859 297.751525878906 297.466339111328 297.409301757812 297.065795898438 297.123382568359 297.121856689453 297.948852539062 297.503479003906 297.503326416016 297.614013671875 297.551879882812 297.38671875 297.383483886719 297.392639160156 297.786895751953 298.266723632812 298.216979980469 298.36767578125 298.188690185547 297.983215332031 297.464447021484 297.434661865234 297.595275878906 297.55322265625 297.781860351562 298.176177978516
-3.4e+38 -3.4e+38 -3.4e+38 -3.4e+38 -3.4e+38 -3.4e+38 -3.4e+38 -3.4e+38 -3.4e+38 -3.4e+38 -3.4e+38 -3.4e+38 298.269500732422 298.494964599609 298.391540527344 298.746551513672 298.443420410156 298.654449462891 298.641510009766 298.589630126953 298.472564697266 298.255828857422 297.907775878906 297.749267578125 297.415557861328 297.295532226562 297.250701904297 297.527252197266 297.297485351562 298.009887695312 297.846374511719 297.845886230469 298.059204101562 297.994384765625 297.6708984375 297.925537109375 297.503814697266 297.862152099609 297.4921875 297.495788574219 297.614349365234 297.690979003906 -3.4e+38 297.396697998047 297.080383300781 297.084686279297 297.182708740234 297.263336181641 298.175323486328
-3.4e+38 -3.4e+38 -3.4e+38 -3.4e+38 -3.4e+38 -3.4e+38 -3.4e+38 -3.4e+38 -3.4e+38 -3.4e+38 -3.4e+38 -3.4e+38 -3.4e+38 298.357971191406 298.430511474609 298.392517089844 298.308166503906 298.744537353516 298.706390380859 298.592254638672 298.424346923828 298.482818603516 298.331512451172 298.210968017578 297.875854492188 297.93115234375 297.865295410156 298.080657958984 297.971801757812 298.177978515625 298.175231933594 298.171478271484 298.112487792969 298.111663818359 298.168609619141 298.324096679688 298.21630859375 298.352386474609 297.735626220703 297.21044921875 297.327880859375 297.382446289062 297.6962890625 297.438415527344 297.020904541016 297.029052734375 297.176879882812 297.189483642578 298.017639160156
-3.4e+38 -3.4e+38 -3.4e+38 -3.4e+38 -3.4e+38 -3.4e+38 -3.4e+38 -3.4e+38 -3.4e+38 -3.4e+38 -3.4e+38 -3.4e+38 298.272277832031 298.384429931641 298.433013916016 298.494781494141 298.498779296875 298.639312744141 298.643188476562 298.477111816406 298.650390625 298.5869140625 298.241333007812 298.184539794922 298.080047607422 298.014617919922 298.302947998047 298.239074707031 298.236724853516 298.23193359375 298.227691650391 298.11376953125 298.065216064453 298.389526367188 298.389068603516 298.492156982422 298.436584472656 298.427490234375 298.244354248047 297.844879150391 297.478485107422 297.356872558594 297.248596191406 297.195098876953 297.1279296875 297.113525390625 296.966033935547 297.035278320312 297.837310791016
