rcp4.5models/GFDL_CM3/sc1gr7.16
NCOLS 261 
NROWS 433 
XLLCORNER 336357.134 
YLLCORNER 654653.479 
CELLSIZE 1000 
NODATA_value -3.4e+38 
[rows 396 to 417 of 433, columns 49 to 97 of 261]
-3.4e+38 -3.4e+38 -3.4e+38 -3.4e+38 -3.4e+38 -3.4e+38 -3.4e+38 -3.4e+38 -3.4e+38 56.9597549438477 56.3629112243652 55.8260154724121 55.1728172302246 54.4240837097168 53.6295013427734 52.9789390563965 52.3642234802246 51.8159408569336 50.5471115112305 50.030445098877 49.5088500976562 48.7979202270508 47.907169342041 47.2557220458984 47.2652053833008 46.9328460693359 46.1600952148438 45.5278091430664 45.2782707214355 44.5139389038086 44.1670303344727 43.8711013793945 43.4778823852539 43.0725975036621 42.7192306518555 42.230842590332 41.9217414855957 41.8174057006836 40.5527648925781 40.4261054992676 40.869571685791 39.3399925231934 38.7072715759277 38.4638404846191 38.4321975708008 38.0608139038086 37.9019889831543 37.8743476867676 37.7660102844238
-3.4e+38 -3.4e+38 -3.4e+38 -3.4e+38 -3.4e+38 -3.4e+38 -3.4e+38 -3.4e+38 -3.4e+38 57.0208435058594 56.4470901489258 55.9035530090332 55.1727256774902 54.5043296813965 53.7483940124512 53.060661315918 52.4264755249023 51.8895797729492 50.6503028869629 50.1279029846191 49.6156806945801 49.0986213684082 48.4305992126465 47.6613883972168 47.4328002929688 47.0378875732422 46.5140380859375 46.132495880127 45.6650161743164 44.6691818237305 44.2131690979004 43.950325012207 43.613639831543 43.2157554626465 42.8687210083008 42.4525260925293 42.1993637084961 41.9619140625 41.0402336120605 40.8383827209473 40.8689346313477 39.5060958862305 38.9064445495605 38.7108612060547 38.7924423217773 38.4760131835938 38.1145095825195 37.8164901733398 37.6764640808105
-3.4e+38 -3.4e+38 -3.4e+38 -3.4e+38 -3.4e+38 -3.4e+38 -3.4e+38 -3.4e+38 -3.4e+38 -3.4e+38 56.503776550293 55.9526252746582 55.2568740844727 54.6668090820312 53.9392776489258 53.2030067443848 52.5746231079102 51.9719505310059 50.7887649536133 50.2975044250488 49.8145332336426 49.2924346923828 48.7616233825684 48.0839462280273 47.661792755127 47.2178268432617 46.5922966003418 45.854133605957 45.6524238586426 44.9579963684082 44.3453636169434 44.106014251709 43.8338966369629 43.4270896911621 43.0905685424805 42.7734794616699 42.4771041870117 42.0869789123535 41.5813217163086 41.3086090087891 41.0508155822754 39.7918357849121 39.1086349487305 38.9960708618164 38.9548988342285 38.8166656494141 38.459831237793 38.0168418884277 37.841438293457
-3.4e+38 -3.4e+38 -3.4e+38 -3.4e+38 -3.4e+38 -3.4e+38 -3.4e+38 -3.4e+38 -3.4e+38 -3.4e+38 56.3853607177734 55.9631042480469 55.3397598266602 54.7672843933105 54.1289329528809 53.3940315246582 52.7467002868652 52.1067390441895 50.9256477355957 50.4460563659668 49.9953384399414 49.4855041503906 48.9181365966797 48.2680740356445 47.8568801879883 47.4434204101562 46.8720092773438 46.2036399841309 45.976505279541 45.1556167602539 44.6720352172852 44.3782691955566 43.9743995666504 43.5316314697266 43.194709777832 42.9140892028809 42.5214920043945 42.1802101135254 41.8641777038574 41.3872680664062 41.1674919128418 39.9516372680664 39.3038368225098 39.0359230041504 38.831844329834 38.84033203125 38.6990966796875 38.257884979248 37.9921264648438
-3.4e+38 -3.4e+38 -3.4e+38 -3.4e+38 -3.4e+38 -3.4e+38 -3.4e+38 -3.4e+38 -3.4e+38 -3.4e+38 -3.4e+38 56.0388031005859 55.4131011962891 54.8225708007812 54.3196716308594 53.5891647338867 52.8863754272461 52.2574043273926 51.0956764221191 50.6069297790527 50.0856513977051 49.626781463623 49.1568870544434 48.558895111084 48.0529670715332 47.5299797058105 47.1764373779297 46.8193664550781 46.3488998413086 45.4063568115234 44.8997573852539 44.5124168395996 44.0619277954102 43.5958480834961 43.2663192749023 42.9026870727539 42.5939102172852 42.3180122375488 41.9894409179688 41.5298652648926 41.2898330688477 40.3633041381836 39.746410369873 39.2280616760254 38.8429908752441 38.6554985046387 38.7230796813965 38.5595588684082 38.1131248474121
-3.4e+38 -3.4e+38 -3.4e+38 -3.4e+38 -3.4e+38 -3.4e+38 -3.4e+38 -3.4e+38 -3.4e+38 -3.4e+38 -3.4e+38 56.209041595459 55.5040130615234 54.8562812805176 54.3822288513184 53.7645568847656 53.076789855957 52.4245719909668 51.2950057983398 50.7774085998535 50.2509422302246 49.7816314697266 49.3777732849121 48.7765579223633 48.2668685913086 47.6348609924316 47.0017929077148 46.8359603881836 46.531135559082 45.6172370910645 45.0518264770508 44.6119995117188 44.1779899597168 43.5723457336426 43.3621597290039 43.03515625 42.7358169555664 42.4571723937988 42.097728729248 41.6341400146484 41.3375968933105 40.8572082519531 40.0582046508789 39.4480476379395 39.0774688720703 38.6505508422852 38.5446434020996 38.609489440918 38.313346862793
-3.4e+38 -3.4e+38 -3.4e+38 -3.4e+38 -3.4e+38 -3.4e+38 -3.4e+38 -3.4e+38 -3.4e+38 -3.4e+38 -3.4e+38 56.3579597473145 55.6615219116211 54.9923133850098 54.4280624389648 53.863883972168 53.2244644165039 52.5877838134766 51.4711799621582 50.9161186218262 50.3891906738281 49.9806289672852 49.5267791748047 48.9650459289551 48.5022773742676 47.9998931884766 47.3401107788086 47.0861930847168 46.5542640686035 45.7809944152832 45.3272895812988 44.8682060241699 44.3611640930176 43.8286476135254 43.6120796203613 43.2877883911133 42.8813400268555 42.4633598327637 42.1207885742188 41.712516784668 41.379337310791 40.6296882629395 40.2947006225586 39.7302589416504 39.1696548461914 38.8374557495117 38.6185302734375 38.5483322143555 38.6669273376465
-3.4e+38 -3.4e+38 -3.4e+38 -3.4e+38 -3.4e+38 -3.4e+38 -3.4e+38 -3.4e+38 -3.4e+38 -3.4e+38 -3.4e+38 -3.4e+38 55.8027725219727 55.1645774841309 54.5791778564453 54.0002059936523 53.3594360351562 52.7743263244629 51.6497192382812 51.1434593200684 50.5893478393555 50.1568565368652 49.6948127746582 49.2458229064941 48.7323226928711 48.2169532775879 47.7719650268555 47.3797988891602 46.7708702087402 45.9850425720215 45.3720970153809 45.0090141296387 44.6137390136719 44.2475471496582 43.8806381225586 43.3355102539062 42.7297477722168 42.3849754333496 42.0430335998535 41.7019805908203 41.3012733459473 40.2043724060059 40.1009216308594 40.0918235778809 39.6516456604004 39.2317924499512 38.9502868652344 38.6633529663086 38.8073043823242
-3.4e+38 -3.4e+38 -3.4e+38 -3.4e+38 -3.4e+38 -3.4e+38 -3.4e+38 -3.4e+38 -3.4e+38 -3.4e+38 -3.4e+38 -3.4e+38 -3.4e+38 55.3420066833496 54.7619514465332 54.1657867431641 53.5460510253906 52.9529228210449 51.883903503418 51.3484954833984 50.8135795593262 50.3531150817871 49.8874588012695 49.4213790893555 48.9514198303223 48.443000793457 48.056999206543 47.5898399353027 47.1103057861328 46.24072265625 45.6546974182129 45.3012542724609 44.9267349243164 44.3988952636719 43.8079071044922 43.2946815490723 42.8883209228516 42.540225982666 41.9826545715332 41.5468482971191 41.213306427002 40.2089767456055 39.9031257629395 39.911075592041 40.0147323608398 39.5775337219238 39.2095794677734 38.9364624023438 38.7371864318848
-3.4e+38 -3.4e+38 -3.4e+38 -3.4e+38 -3.4e+38 -3.4e+38 -3.4e+38 -3.4e+38 -3.4e+38 -3.4e+38 -3.4e+38 -3.4e+38 -3.4e+38 -3.4e+38 54.9465484619141 54.3587341308594 53.7832679748535 53.1829795837402 52.1117858886719 51.5408897399902 51.0878982543945 50.6299057006836 50.0956687927246 49.6372528076172 49.1909103393555 48.7720069885254 48.3656387329102 47.8660430908203 47.341194152832 46.4726676940918 45.9645347595215 45.4260368347168 45.0848274230957 44.469554901123 43.8337707519531 43.5578765869141 43.1673011779785 42.727367401123 42.1608657836914 41.6596221923828 41.3791160583496 40.4263114929199 40.1673355102539 39.817195892334 39.8019065856934 39.7653427124023 39.4121971130371 39.2148628234863 39.10888671875
-3.4e+38 -3.4e+38 -3.4e+38 -3.4e+38 -3.4e+38 -3.4e+38 -3.4e+38 -3.4e+38 -3.4e+38 -3.4e+38 -3.4e+38 -3.4e+38 -3.4e+38 -3.4e+38 55.1740417480469 54.7759475708008 54.2244606018066 53.6833801269531 52.5553855895996 52.0471229553223 51.5636978149414 51.0959854125977 50.6794891357422 50.2076721191406 49.7607040405273 49.3193550109863 48.8459587097168 48.3301162719727 47.9132766723633 46.8693351745605 46.4050483703613 45.9407997131348 45.4262351989746 44.9666786193848 44.5786476135254 44.103931427002 43.4616241455078 42.8984680175781 42.4388046264648 42.0984268188477 41.7774047851562 40.9050941467285 40.5547409057617 40.3760681152344 40.0074234008789 39.8593063354492 39.9428939819336 39.8427238464355 39.536190032959
-3.4e+38 -3.4e+38 -3.4e+38 -3.4e+38 -3.4e+38 -3.4e+38 -3.4e+38 -3.4e+38 -3.4e+38 -3.4e+38 -3.4e+38 -3.4e+38 -3.4e+38 -3.4e+38 -3.4e+38 55.0150566101074 54.4908714294434 53.9629287719727 52.8465919494629 52.3677139282227 51.8458290100098 51.3650093078613 50.9359130859375 50.5190658569336 50.0475540161133 49.5746841430664 49.1298599243164 48.6405029296875 48.1619606018066 47.2192459106445 46.6540718078613 46.1624794006348 45.7019462585449 45.2738342285156 44.7497253417969 44.2559852600098 43.6577758789062 43.0062408447266 42.3962593078613 42.0398750305176 41.9363975524902 41.1026840209961 40.7010307312012 40.378532409668 39.9925384521484 39.7670211791992 39.7093658447266 39.6868019104004 39.6016654968262
-3.4e+38 -3.4e+38 -3.4e+38 -3.4e+38 -3.4e+38 -3.4e+38 -3.4e+38 -3.4e+38 -3.4e+38 -3.4e+38 -3.4e+38 -3.4e+38 -3.4e+38 -3.4e+38 -3.4e+38 55.2358016967773 54.7648277282715 54.2306213378906 53.1598358154297 52.6372489929199 52.1567268371582 51.7181816101074 51.2050361633301 50.7913131713867 50.3568878173828 49.8644256591797 49.4300880432129 48.982494354248 48.4781646728516 47.5627670288086 46.9751892089844 46.4461402893066 45.9568328857422 45.4806442260742 44.967643737793 44.5018501281738 43.9447021484375 43.2365036010742 42.608570098877 42.1353530883789 41.8793640136719 41.2717628479004 40.8581619262695 40.3502388000488 40.0497436523438 39.9107284545898 39.667594909668 39.5117721557617 39.4209060668945
-3.4e+38 -3.4e+38 -3.4e+38 -3.4e+38 -3.4e+38 -3.4e+38 -3.4e+38 -3.4e+38 -3.4e+38 -3.4e+38 -3.4e+38 -3.4e+38 -3.4e+38 -3.4e+38 -3.4e+38 55.3564605712891 55.0034370422363 54.5009498596191 53.4877014160156 52.9270057678223 52.5056190490723 52.0739631652832 51.5670700073242 51.0948219299316 50.6238136291504 50.1722602844238 49.7481498718262 49.3126564025879 48.8169136047363 47.838321685791 47.2974433898926 46.7372665405273 46.2177886962891 45.71630859375 45.2126274108887 44.7476005554199 44.2053031921387 43.5844917297363 43.0299377441406 42.5726470947266 42.1346473693848 41.422737121582 41.0616035461426 40.6157836914062 40.2235870361328 40.1307106018066 39.8372459411621 39.7625617980957 39.5468978881836
-3.4e+38 -3.4e+38 -3.4e+38 -3.4e+38 -3.4e+38 -3.4e+38 -3.4e+38 -3.4e+38 -3.4e+38 -3.4e+38 -3.4e+38 -3.4e+38 -3.4e+38 -3.4e+38 -3.4e+38 -3.4e+38 55.2431449890137 54.7870330810547 53.7859649658203 53.2561378479004 52.8268928527832 52.4077758789062 51.9131240844727 51.3943138122559 50.9223403930664 50.5031700134277 50.0803718566895 49.6497535705566 49.2324256896973 48.155876159668 47.6347160339355 47.1236572265625 46.5797538757324 46.0603370666504 45.4995460510254 44.9433746337891 44.3771514892578 43.7438468933105 43.2769927978516 42.8999671936035 42.5603103637695 41.7494964599609 41.3681907653809 40.9200630187988 40.4846267700195 40.2130432128906 40.0373802185059 39.9258117675781 39.5785636901855
-3.4e+38 -3.4e+38 -3.4e+38 -3.4e+38 -3.4e+38 -3.4e+38 -3.4e+38 -3.4e+38 -3.4e+38 -3.4e+38 -3.4e+38 -3.4e+38 -3.4e+38 -3.4e+38 -3.4e+38 -3.4e+38 -3.4e+38 -3.4e+38 54.1002578735352 53.6218719482422 53.1437683105469 52.7469444274902 52.2634506225586 51.7500419616699 51.2889823913574 50.8247604370117 50.4529075622559 50.0181045532227 49.5700569152832 48.5025978088379 47.9295997619629 47.4636383056641 46.9834213256836 46.3725967407227 45.8177795410156 45.2003440856934 44.5994110107422 44.0125617980957 43.5690765380859 43.1476593017578 42.7354164123535 42.0339317321777 41.6623611450195 40.9651069641113 40.4923286437988 40.2308502197266 40.2029190063477 39.9451141357422 39.6236953735352
-3.4e+38 -3.4e+38 -3.4e+38 -3.4e+38 -3.4e+38 -3.4e+38 -3.4e+38 -3.4e+38 -3.4e+38 -3.4e+38 -3.4e+38 -3.4e+38 -3.4e+38 -3.4e+38 -3.4e+38 -3.4e+38 -3.4e+38 -3.4e+38 54.4059143066406 53.9918327331543 53.5977020263672 53.1513023376465 52.6399230957031 52.0926704406738 51.6225051879883 51.1202430725098 50.7255096435547 50.2542037963867 49.8017082214355 48.8958282470703 48.3619842529297 47.831298828125 47.2892684936523 46.6772308349609 46.0640602111816 45.4897918701172 44.8471450805664 44.2479553222656 43.8054542541504 43.387508392334 42.9027786254883 42.2249526977539 41.8865509033203 41.0598258972168 40.4367179870605 40.3947677612305 40.3786544799805 40.1719436645508 40.0196495056152
-3.4e+38 -3.4e+38 -3.4e+38 -3.4e+38 -3.4e+38 -3.4e+38 -3.4e+38 -3.4e+38 -3.4e+38 -3.4e+38 -3.4e+38 -3.4e+38 -3.4e+38 -3.4e+38 -3.4e+38 -3.4e+38 -3.4e+38 -3.4e+38 -3.4e+38 54.3576126098633 53.9455299377441 53.5179061889648 52.9829216003418 52.4349174499512 51.9719314575195 51.489688873291 51.028980255127 50.549015045166 50.0798225402832 49.283374786377 48.8299331665039 48.3377380371094 47.7623062133789 47.0473899841309 46.3748016357422 45.7753295898438 45.1155242919922 44.4490547180176 43.9518356323242 43.3642921447754 42.8218002319336 42.0821876525879 41.8950691223145 41.434326171875 40.9306869506836 40.8538780212402 40.6362953186035 40.3417816162109 40.1898155212402
-3.4e+38 -3.4e+38 -3.4e+38 -3.4e+38 -3.4e+38 -3.4e+38 -3.4e+38 -3.4e+38 -3.4e+38 -3.4e+38 -3.4e+38 -3.4e+38 -3.4e+38 -3.4e+38 -3.4e+38 -3.4e+38 -3.4e+38 -3.4e+38 -3.4e+38 -3.4e+38 54.2773017883301 53.8878974914551 53.2755012512207 52.7897911071777 52.3527336120605 51.9520149230957 51.4505844116211 50.965087890625 50.4353485107422 49.6100425720215 49.1545867919922 48.6569557189941 48.2317962646484 47.5155563354492 46.8325119018555 46.1548728942871 45.4955101013184 44.8130760192871 44.0014343261719 43.1822967529297 42.8530464172363 42.1590881347656 41.9243392944336 41.6821899414062 41.4260406494141 41.0758399963379 40.6587562561035 40.2741508483887 39.9943771362305
-3.4e+38 -3.4e+38 -3.4e+38 -3.4e+38 -3.4e+38 -3.4e+38 -3.4e+38 -3.4e+38 -3.4e+38 -3.4e+38 -3.4e+38 -3.4e+38 -3.4e+38 -3.4e+38 -3.4e+38 -3.4e+38 -3.4e+38 -3.4e+38 -3.4e+38 -3.4e+38 -3.4e+38 54.1929626464844 53.6001510620117 53.0752220153809 52.6396141052246 52.5363006591797 52.2446746826172 51.5906677246094 50.8951377868652 49.8189468383789 49.477954864502 48.9535942077637 48.449405670166 47.9658203125 47.3081436157227 46.6021003723145 45.8759384155273 45.1322746276855 44.3130912780762 43.4742813110352 42.9517707824707 42.2327842712402 41.9308738708496 41.7026824951172 41.5062522888184 41.0416831970215 40.5343780517578 40.1602325439453 39.9868812561035
-3.4e+38 -3.4e+38 -3.4e+38 -3.4e+38 -3.4e+38 -3.4e+38 -3.4e+38 -3.4e+38 -3.4e+38 -3.4e+38 -3.4e+38 -3.4e+38 -3.4e+38 -3.4e+38 -3.4e+38 -3.4e+38 -3.4e+38 -3.4e+38 -3.4e+38 -3.4e+38 -3.4e+38 -3.4e+38 53.9977111816406 53.4952163696289 52.9585342407227 52.9319686889648 52.8949089050293 52.223087310791 51.4477462768555 50.2853240966797 49.7887916564941 49.248649597168 48.7121124267578 48.3629875183105 47.7109375 46.990779876709 46.2445449829102 45.5069465637207 44.8022003173828 43.9026870727539 42.9855804443359 42.0597648620605 41.7366943359375 41.6430816650391 41.5584526062012 41.2358589172363 40.650203704834 40.2932815551758 40.1255264282227
-3.4e+38 -3.4e+38 -3.4e+38 -3.4e+38 -3.4e+38 -3.4e+38 -3.4e+38 -3.4e+38 -3.4e+38 -3.4e+38 -3.4e+38 -3.4e+38 -3.4e+38 -3.4e+38 -3.4e+38 -3.4e+38 -3.4e+38 -3.4e+38 -3.4e+38 -3.4e+38 -3.4e+38 -3.4e+38 -3.4e+38 53.8580513000488 53.3606948852539 53.2475624084473 53.0418815612793 52.4150047302246 51.809513092041 50.9563255310059 50.2560691833496 49.5440254211426 49.0866928100586 48.7049102783203 48.1452217102051 47.4665374755859 46.5018157958984 45.8283233642578 44.8572158813477 43.926628112793 43.1993675231934 42.1820297241211 41.830207824707 41.7416038513184 41.6398544311523 41.3155212402344 40.9331741333008 40.6263008117676 40.2326850891113
