rcp4.5models/GFDL_CM3/sc1gr1.32
NCOLS 261 
NROWS 433 
XLLCORNER 336357.134 
YLLCORNER 654653.479 
CELLSIZE 1000 
NODATA_value -3.4e+38 
[rows 44 to 65 of 433, columns 49 to 97 of 261]
-3.4e+38 -3.4e+38 -3.4e+38 -3.4e+38 -3.4e+38 -3.4e+38 -3.4e+38 -3.4e+38 -3.4e+38 -3.4e+38 -3.4e+38 -3.4e+38 -3.4e+38 -3.4e+38 -3.4e+38 -3.4e+38 -3.4e+38 -3.4e+38 -3.4e+38 -3.4e+38 -3.4e+38 53.4743347167969 53.1451644897461 -3.4e+38 -3.4e+38 53.0603103637695 53.0567359924316 53.0626258850098 53.5604209899902 53.3984031677246 53.7175178527832 53.8465728759766 54.0761070251465 -3.4e+38 -3.4e+38 54.3459281921387 54.5169105529785 54.4211044311523 54.6437683105469 54.4152183532715 54.6316452026367 55.0042152404785 54.7862586975098 54.830379486084 54.8563842773438 54.9836883544922 55.2407608032227 55.630786895752 55.7094497680664
-3.4e+38 -3.4e+38 -3.4e+38 -3.4e+38 -3.4e+38 -3.4e+38 -3.4e+38 -3.4e+38 -3.4e+38 -3.4e+38 -3.4e+38 -3.4e+38 -3.4e+38 -3.4e+38 -3.4e+38 -3.4e+38 -3.4e+38 -3.4e+38 -3.4e+38 53.2499008178711 53.0096626281738 52.7494354248047 52.8866996765137 52.9627914428711 53.3098907470703 53.4438552856445 53.5437965393066 53.450252532959 53.539249420166 53.8124809265137 -3.4e+38 54.1415939331055 -3.4e+38 54.103099822998 54.3171043395996 54.0763130187988 54.1094818115234 54.6274871826172 54.6235237121582 54.636962890625 54.841480255127 54.6681518554688 54.9015579223633 55.0082702636719 55.1886138916016 55.6015396118164 55.7861213684082 55.6484031677246 55.646125793457
-3.4e+38 -3.4e+38 -3.4e+38 -3.4e+38 -3.4e+38 -3.4e+38 -3.4e+38 -3.4e+38 -3.4e+38 -3.4e+38 -3.4e+38 -3.4e+38 -3.4e+38 -3.4e+38 -3.4e+38 -3.4e+38 -3.4e+38 -3.4e+38 53.2545051574707 53.1376876831055 53.1202430725098 53.1342964172363 53.0332679748535 52.7618675231934 52.9795112609863 53.5149040222168 53.7682304382324 53.7962875366211 53.9485054016113 53.6175117492676 54.0556755065918 53.965991973877 54.0807304382324 54.1109809875488 54.3393936157227 54.1009750366211 54.2333679199219 54.7592163085938 54.6690406799316 54.4322776794434 54.6247444152832 54.7465019226074 55.0547180175781 55.3160438537598 55.4985580444336 55.7327651977539 55.5966911315918 55.6245994567871 55.6179161071777
-3.4e+38 -3.4e+38 -3.4e+38 -3.4e+38 -3.4e+38 -3.4e+38 -3.4e+38 -3.4e+38 -3.4e+38 -3.4e+38 -3.4e+38 -3.4e+38 -3.4e+38 -3.4e+38 -3.4e+38 -3.4e+38 52.6854667663574 53.043155670166 52.9277420043945 53.0957641601562 53.1864624023438 53.3988609313965 53.214168548584 53.176944732666 53.2238159179688 53.6066703796387 53.9256591796875 53.7788619995117 53.8333129882812 54.0820999145508 54.0899505615234 53.8888397216797 54.0759429931641 54.3953971862793 -3.4e+38 54.2386779785156 54.3404769897461 54.3519630432129 54.4927597045898 54.389461517334 54.5610771179199 55.3946647644043 55.5872955322266 55.4764099121094 55.7050247192383 55.569507598877 55.5978851318359 55.6730079650879 55.4108619689941
-3.4e+38 -3.4e+38 -3.4e+38 -3.4e+38 -3.4e+38 -3.4e+38 -3.4e+38 -3.4e+38 -3.4e+38 -3.4e+38 -3.4e+38 -3.4e+38 52.4177131652832 52.6299858093262 52.6216812133789 52.6939697265625 52.9606399536133 52.7312850952148 52.9856224060059 53.220531463623 53.3314056396484 53.5345764160156 53.2954940795898 53.4634246826172 53.6185989379883 53.7765312194824 53.7312660217285 53.7084693908691 53.8874549865723 54.4055557250977 54.0086784362793 -3.4e+38 54.2652969360352 54.6227874755859 54.5431175231934 54.6886863708496 -3.4e+38 54.6025924682617 54.8014945983887 54.885498046875 55.1159057617188 55.7783546447754 55.9432334899902 56.0047569274902 55.7594680786133 55.7879447937012 55.7244720458984 55.7470474243164 55.7242050170898
-3.4e+38 -3.4e+38 -3.4e+38 -3.4e+38 -3.4e+38 -3.4e+38 -3.4e+38 -3.4e+38 -3.4e+38 -3.4e+38 -3.4e+38 52.2058525085449 52.7637367248535 52.7634963989258 52.7420997619629 52.6227569580078 -3.4e+38 52.7896347045898 53.2001647949219 53.3959693908691 53.469539642334 53.1019515991211 53.0938148498535 53.6158905029297 53.9523506164551 53.6031265258789 53.9996299743652 54.4314079284668 54.095043182373 54.3641548156738 54.4432678222656 54.5918579101562 54.7550888061523 -3.4e+38 54.8776245117188 -3.4e+38 -3.4e+38 55.0079956054688 55.1788902282715 55.2871780395508 -3.4e+38 55.885871887207 56.0723190307617 56.3338928222656 55.9905204772949 56.1157684326172 55.8245239257812 55.8483123779297 56.0786209106445
-3.4e+38 -3.4e+38 -3.4e+38 -3.4e+38 -3.4e+38 -3.4e+38 -3.4e+38 -3.4e+38 -3.4e+38 -3.4e+38 -3.4e+38 52.2948684692383 52.5462532043457 -3.4e+38 52.9446792602539 52.6367034912109 52.6951904296875 52.8833808898926 53.392505645752 53.4861106872559 53.6277122497559 53.5998725891113 53.4846878051758 53.8258743286133 53.7535743713379 53.7671318054199 54.2575836181641 54.5309028625488 54.2510604858398 54.5587272644043 54.5433044433594 54.7446937561035 -3.4e+38 54.8356285095215 55.0324401855469 -3.4e+38 55.4129638671875 55.1157264709473 55.2807197570801 55.3891181945801 55.6225700378418 56.0426750183105 56.1762275695801 56.1396598815918 56.1683044433594 56.3218688964844 56.1305999755859 56.6003379821777 56.4082145690918
-3.4e+38 -3.4e+38 -3.4e+38 -3.4e+38 -3.4e+38 -3.4e+38 -3.4e+38 -3.4e+38 -3.4e+38 -3.4e+38 -3.4e+38 52.465087890625 52.5710830688477 52.7061004638672 -3.4e+38 52.7141723632812 52.8309707641602 52.9810218811035 53.5921516418457 53.6383743286133 53.8146553039551 54.0615310668945 54.1500854492188 54.4025955200195 54.0284042358398 53.9077796936035 54.3184547424316 54.564811706543 54.7110595703125 54.3934173583984 54.4966773986816 54.7549705505371 54.8734359741211 54.9580612182617 55.1910705566406 55.480525970459 55.2304573059082 55.1831436157227 55.3078460693359 55.4655418395996 55.7256546020508 55.9308433532715 56.1346282958984 56.2445411682129 56.1285018920898 56.2050285339355 -3.4e+38 56.6943016052246 56.7143135070801
-3.4e+38 -3.4e+38 -3.4e+38 -3.4e+38 -3.4e+38 -3.4e+38 -3.4e+38 -3.4e+38 -3.4e+38 -3.4e+38 -3.4e+38 52.6594085693359 52.7145500183105 53.3564682006836 53.0517730712891 52.7566223144531 52.908073425293 53.0880088806152 53.6706619262695 53.816837310791 53.9555740356445 54.3714447021484 54.5423622131348 54.7525978088379 54.3258438110352 54.0524101257324 54.5633392333984 54.8117523193359 55.0282859802246 54.7632102966309 54.5971336364746 54.8369560241699 55.0060386657715 55.1168022155762 55.4265747070312 55.3531303405762 55.2896690368652 55.3882026672363 55.4932060241699 55.7261161804199 55.9363670349121 56.1185455322266 56.1664657592773 -3.4e+38 -3.4e+38 56.6321640014648 56.9609069824219 56.6653175354004 56.9142951965332
-3.4e+38 -3.4e+38 -3.4e+38 -3.4e+38 -3.4e+38 -3.4e+38 -3.4e+38 -3.4e+38 -3.4e+38 -3.4e+38 -3.4e+38 -3.4e+38 52.9208374023438 53.2983360290527 53.065185546875 52.9587478637695 53.0676765441895 53.2556953430176 53.8487281799316 53.9592323303223 54.0179595947266 53.9991683959961 53.8215217590332 54.7491683959961 54.1702003479004 54.1558952331543 54.7930679321289 55.1313514709473 55.2285804748535 54.9965057373047 55.1025009155273 54.9168510437012 55.286808013916 55.4103927612305 55.589298248291 55.3986053466797 55.4395294189453 55.4914512634277 55.6980247497559 56.0111427307129 56.2497901916504 56.2728691101074 56.4232330322266 56.3966979980469 56.6043128967285 -3.4e+38 56.8430366516113 56.6911010742188 57.043285369873
-3.4e+38 -3.4e+38 -3.4e+38 -3.4e+38 -3.4e+38 -3.4e+38 -3.4e+38 -3.4e+38 -3.4e+38 -3.4e+38 -3.4e+38 -3.4e+38 53.2657852172852 -3.4e+38 53.406608581543 53.4743919372559 53.3041763305664 53.3970832824707 53.9373054504395 54.172492980957 54.2763481140137 54.2947235107422 54.3349304199219 54.259204864502 54.095401763916 54.5381278991699 55.0032196044922 55.2622718811035 55.3094367980957 55.1267166137695 -3.4e+38 55.1127052307129 55.4168167114258 55.6917457580566 55.514232635498 55.4157257080078 55.489086151123 55.6719169616699 55.9323043823242 56.2202377319336 56.1349716186523 56.7006034851074 56.6567840576172 -3.4e+38 56.7796783447266 56.7658996582031 57.1410980224609 57.2363891601562 57.191291809082
-3.4e+38 -3.4e+38 -3.4e+38 -3.4e+38 -3.4e+38 -3.4e+38 -3.4e+38 -3.4e+38 -3.4e+38 -3.4e+38 -3.4e+38 -3.4e+38 52.9702415466309 53.4189834594727 53.5531463623047 53.6618499755859 53.8292465209961 54.0548286437988 53.86572265625 54.3551025390625 54.5122718811035 54.6260719299316 54.8648986816406 -3.4e+38 54.527156829834 54.6957778930664 54.981315612793 55.2865295410156 55.3378410339355 55.3423042297363 55.5026245117188 55.367618560791 55.6626091003418 55.9037551879883 55.5346717834473 55.5190391540527 55.6201705932617 55.8261489868164 56.294490814209 56.4067802429199 56.493968963623 56.7275352478027 56.8355522155762 57.0147171020508 56.8941841125488 57.399585723877 -3.4e+38 57.0544204711914 57.0199203491211
-3.4e+38 -3.4e+38 -3.4e+38 -3.4e+38 -3.4e+38 -3.4e+38 -3.4e+38 -3.4e+38 -3.4e+38 -3.4e+38 -3.4e+38 -3.4e+38 -3.4e+38 -3.4e+38 -3.4e+38 53.3283195495605 54.0661125183105 54.005443572998 -3.4e+38 54.5599136352539 54.3571510314941 54.7782745361328 55.0753517150879 55.1664810180664 54.8024444580078 55.0488624572754 55.4208068847656 55.656364440918 55.4499664306641 55.523365020752 55.39306640625 -3.4e+38 55.3442535400391 55.6601486206055 56.1242141723633 56.2429046630859 56.3474426269531 56.5778160095215 56.6155586242676 56.3743934631348 56.4966583251953 57.2226867675781 57.1686668395996 57.0995788574219 57.0186004638672 57.0098495483398 56.8463439941406 57.0943946838379 57.2927093505859
-3.4e+38 -3.4e+38 -3.4e+38 -3.4e+38 -3.4e+38 -3.4e+38 -3.4e+38 -3.4e+38 -3.4e+38 -3.4e+38 -3.4e+38 -3.4e+38 -3.4e+38 -3.4e+38 -3.4e+38 -3.4e+38 -3.4e+38 54.1941947937012 54.1288909912109 -3.4e+38 54.2762184143066 54.7704162597656 54.759593963623 55.1083297729492 55.0559158325195 55.4249114990234 55.7301826477051 55.8472671508789 55.4559364318848 55.4986801147461 55.2471389770508 55.5640335083008 55.5475807189941 56.194206237793 56.433895111084 56.4000816345215 56.5009574890137 56.3149299621582 56.4636917114258 56.9039840698242 56.5524978637695 57.2731018066406 57.4779891967773 57.1707496643066 57.0617523193359 56.868896484375 56.9938774108887 57.293342590332 57.4406623840332
-3.4e+38 -3.4e+38 -3.4e+38 -3.4e+38 -3.4e+38 -3.4e+38 -3.4e+38 -3.4e+38 -3.4e+38 -3.4e+38 -3.4e+38 -3.4e+38 -3.4e+38 -3.4e+38 -3.4e+38 -3.4e+38 -3.4e+38 -3.4e+38 54.0512008666992 54.5691452026367 54.9565963745117 54.8522300720215 54.8547782897949 55.0962791442871 55.2724914550781 55.6336708068848 55.8620567321777 55.7124977111816 55.6504096984863 55.4775581359863 55.6087074279785 55.9663543701172 56.0838775634766 56.2054061889648 56.2879829406738 56.4799194335938 56.7427978515625 56.5755195617676 56.8535346984863 56.9329681396484 56.7563285827637 57.3741226196289 57.3022041320801 57.2235565185547 57.3918533325195 57.0224685668945 57.5899810791016 57.5217132568359 57.6642532348633
-3.4e+38 -3.4e+38 -3.4e+38 -3.4e+38 -3.4e+38 -3.4e+38 -3.4e+38 -3.4e+38 -3.4e+38 -3.4e+38 -3.4e+38 -3.4e+38 -3.4e+38 -3.4e+38 -3.4e+38 -3.4e+38 -3.4e+38 -3.4e+38 54.6061935424805 54.9925956726074 54.9721412658691 54.8770179748535 54.917896270752 55.2032089233398 55.0596885681152 -3.4e+38 56.0057411193848 55.7158126831055 55.7447166442871 55.6527404785156 -3.4e+38 56.1382637023926 56.4048767089844 56.2307090759277 56.5319633483887 56.6649017333984 56.896671295166 56.6786308288574 56.851993560791 57.0398139953613 -3.4e+38 -3.4e+38 -3.4e+38 57.4445381164551 57.03857421875 57.6196098327637 57.6208877563477 57.352653503418 57.5829620361328
-3.4e+38 -3.4e+38 -3.4e+38 -3.4e+38 -3.4e+38 -3.4e+38 -3.4e+38 -3.4e+38 -3.4e+38 -3.4e+38 -3.4e+38 -3.4e+38 -3.4e+38 -3.4e+38 -3.4e+38 -3.4e+38 -3.4e+38 -3.4e+38 -3.4e+38 55.1654281616211 54.8955879211426 54.9473457336426 54.7447662353516 55.0488739013672 55.506664276123 55.9318389892578 55.8406410217285 55.4583358764648 55.6163063049316 55.9189338684082 56.2450218200684 56.4653739929199 56.8048248291016 56.3689994812012 56.7599105834961 56.6004028320312 56.3748016357422 56.8022422790527 57.0657272338867 57.2718391418457 -3.4e+38 -3.4e+38 57.6049728393555 57.4043083190918 57.5007667541504 57.9225921630859 57.6210136413574 57.7807121276855 57.6536102294922
-3.4e+38 -3.4e+38 -3.4e+38 -3.4e+38 -3.4e+38 -3.4e+38 -3.4e+38 -3.4e+38 -3.4e+38 -3.4e+38 -3.4e+38 -3.4e+38 -3.4e+38 -3.4e+38 -3.4e+38 -3.4e+38 -3.4e+38 -3.4e+38 55.0177116394043 55.2723007202148 54.9842071533203 55.0557518005371 54.9623680114746 55.3613586425781 -3.4e+38 56.4121742248535 56.1974601745605 55.7753753662109 55.7025489807129 56.1378555297852 55.9741554260254 56.4268608093262 57.027774810791 56.6841239929199 56.8709754943848 57.0153923034668 56.3486366271973 56.9535713195801 57.2960929870605 57.6086883544922 -3.4e+38 -3.4e+38 57.3772850036621 57.3803215026855 57.9277153015137 57.8293533325195 57.9411315917969 57.857852935791 58.1967468261719
-3.4e+38 -3.4e+38 -3.4e+38 -3.4e+38 -3.4e+38 -3.4e+38 -3.4e+38 -3.4e+38 -3.4e+38 -3.4e+38 -3.4e+38 -3.4e+38 -3.4e+38 -3.4e+38 -3.4e+38 -3.4e+38 -3.4e+38 -3.4e+38 54.8133430480957 55.0582885742188 55.1184196472168 55.223316192627 55.1095581054688 -3.4e+38 55.9550323486328 56.7328910827637 56.1181831359863 55.8806114196777 55.884838104248 56.3737411499023 56.4895401000977 56.6842918395996 56.8351402282715 56.8759078979492 56.3808975219727 57.4046401977539 57.1855163574219 57.2231025695801 57.4005012512207 57.6062393188477 -3.4e+38 57.3524436950684 57.4793434143066 57.7766304016113 57.9298782348633 57.9780082702637 58.2354354858398 57.7502479553223 58.205997467041
-3.4e+38 -3.4e+38 -3.4e+38 -3.4e+38 -3.4e+38 -3.4e+38 -3.4e+38 -3.4e+38 -3.4e+38 -3.4e+38 -3.4e+38 -3.4e+38 -3.4e+38 -3.4e+38 -3.4e+38 -3.4e+38 -3.4e+38 -3.4e+38 54.830940246582 54.9403266906738 55.1773071289062 55.4052581787109 55.3069839477539 -3.4e+38 -3.4e+38 56.488353729248 55.8043556213379 55.9537239074707 56.0662002563477 56.5900039672852 56.8793869018555 57.0735397338867 57.0607299804688 56.8272819519043 56.898998260498 56.8086700439453 57.2358322143555 57.6577072143555 57.8158493041992 57.8148422241211 57.4791526794434 57.7801170349121 57.5789031982422 57.7802963256836 57.9317245483398 58.2530822753906 58.3359642028809 57.8827247619629 58.6825218200684
-3.4e+38 -3.4e+38 -3.4e+38 -3.4e+38 -3.4e+38 -3.4e+38 -3.4e+38 -3.4e+38 -3.4e+38 -3.4e+38 -3.4e+38 -3.4e+38 -3.4e+38 -3.4e+38 -3.4e+38 -3.4e+38 -3.4e+38 -3.4e+38 -3.4e+38 55.472110748291 55.3561630249023 56.0014533996582 55.4973907470703 56.1079216003418 55.7772369384766 55.8871307373047 55.8644332885742 56.0838737487793 56.3020172119141 56.7950744628906 56.737606048584 56.9382362365723 57.0230102539062 56.9061241149902 57.2850799560547 57.3140258789062 56.8694801330566 -3.4e+38 58.0710716247559 57.712345123291 57.6052474975586 58.0872459411621 57.9495582580566 57.6999053955078 57.9564018249512 58.3960075378418 58.1737403869629 58.3036689758301 59.0201263427734
-3.4e+38 -3.4e+38 -3.4e+38 -3.4e+38 -3.4e+38 -3.4e+38 -3.4e+38 -3.4e+38 -3.4e+38 -3.4e+38 -3.4e+38 -3.4e+38 -3.4e+38 -3.4e+38 -3.4e+38 -3.4e+38 -3.4e+38 -3.4e+38 55.4912872314453 55.903865814209 55.9737815856934 56.3970680236816 56.0294799804688 56.271068572998 55.6418075561523 55.8475379943848 56.4160003662109 56.2681694030762 56.5107917785645 56.6043395996094 56.9700393676758 56.9588508605957 57.2154846191406 57.3508567810059 57.4767646789551 57.8385925292969 -3.4e+38 -3.4e+38 57.5024681091309 57.555362701416 57.9363441467285 57.8353500366211 58.0526466369629 57.7745361328125 58.127254486084 58.4422950744629 58.1971397399902 58.5940589904785 58.8448257446289
