rcp4.5models/GFDL_CM3/sc1gr10.28
NCOLS 261 
NROWS 433 
XLLCORNER 336357.134 
YLLCORNER 654653.479 
CELLSIZE 1000 
NODATA_value -9999 
[rows 396 to 417 of 433, columns 153 to 203 of 261]
401.762481689453 487.698272705078 434.442352294922 340.082794189453 338.139007568359 336.890533447266 336.6884765625 337.268493652344 337.8349609375 340.074462890625 341.783142089844 341.384582519531 388.124328613281 488.926849365234 446.600708007812 394.032318115234 348.68310546875 352.154876708984 355.336669921875 355.869689941406 356.157012939453 -9999 -9999 361.80615234375 364.249053955078 -9999 -9999 376.442626953125 380.111602783203 383.536499023438 387.239074707031 391.862396240234 396.256103515625 399.589111328125 404.121856689453 408.442901611328 412.529602050781 454.092895507812 540.875244140625 -9999 432.620758056641 436.445281982422 440.79443359375 445.456573486328 449.440673828125 454.132080078125 458.982421875 463.3505859375 468.283538818359 473.580535888672 482.334838867188
404.073455810547 492.623718261719 487.54833984375 480.602844238281 429.555969238281 337.691223144531 337.423583984375 337.800811767578 339.567626953125 340.941802978516 341.736114501953 341.287811279297 390.155578613281 444.390075683594 342.433837890625 391.130737304688 449.051422119141 351.858612060547 355.90380859375 358.868713378906 357.249481201172 357.844146728516 -9999 -9999 364.673919677734 -9999 -9999 376.697204589844 380.281036376953 383.717926025391 388.259735107422 392.797302246094 396.82958984375 399.702270507812 403.817687988281 408.307952880859 412.317901611328 455.114288330078 543.364929199219 -9999 -9999 436.743347167969 440.837463378906 444.785308837891 449.440093994141 454.252166748047 458.581298828125 463.260345458984 468.185943603516 473.560852050781 482.519226074219
351.335601806641 347.938629150391 445.396728515625 576.265808105469 433.784973144531 338.815856933594 339.002868652344 338.397308349609 339.349761962891 339.274505615234 341.084838867188 341.392150878906 340.363830566406 341.189819335938 388.842132568359 492.259826660156 554.800048828125 351.909790039062 356.815826416016 360.471954345703 358.532318115234 359.127563476562 361.075592041016 363.418640136719 365.728210449219 367.909362792969 371.389709472656 376.931488037109 380.716735839844 384.435150146484 388.081268310547 392.390106201172 396.510650634766 399.709533691406 403.917297363281 407.800048828125 411.595275878906 416.068878173828 -9999 429.458557128906 432.346221923828 -9999 441.293609619141 444.784210205078 449.557830810547 453.847717285156 458.487579345703 463.075775146484 467.695831298828 473.203247070312 481.766204833984
399.771331787109 437.346801757812 396.925933837891 435.459930419922 339.509948730469 339.111785888672 338.829132080078 385.333679199219 431.025482177734 337.908081054688 340.926086425781 388.272033691406 436.161437988281 387.215850830078 532.910339355469 546.462768554688 454.980743408203 353.319030761719 357.043975830078 360.085296630859 360.647399902344 360.660522460938 362.346832275391 364.495971679688 366.230346679688 368.123352050781 371.47314453125 377.835784912109 382.010620117188 384.58251953125 388.056762695312 392.455932617188 396.165771484375 399.705871582031 404.202789306641 408.154205322266 412.108703613281 415.999389648438 -9999 429.634124755859 433.237548828125 437.559326171875 441.295593261719 445.064514160156 449.759613037109 453.753295898438 458.467163085938 463.353332519531 467.734802246094 -9999 -9999
536.258728027344 526.509765625 345.859161376953 343.66015625 340.532989501953 339.140808105469 338.869689941406 387.6630859375 -9999 -9999 340.351165771484 436.244171142578 582.039611816406 530.636779785156 588.153930664062 447.086578369141 450.395874023438 354.042327880859 356.691864013672 359.317810058594 361.835601806641 362.518798828125 364.333862304688 365.373229980469 367.015563964844 369.1142578125 371.675323486328 378.265838623047 381.998077392578 385.015747070312 388.76416015625 392.452789306641 396.419982910156 399.869659423828 404.354949951172 408.941650390625 412.395599365234 416.284423828125 419.914276123047 429.480682373047 433.968597412109 437.386169433594 441.121307373047 445.799407958984 449.666229248047 453.731353759766 458.739624023438 463.542327880859 -9999 -9999 -9999
489.578247070312 436.774383544922 345.950286865234 343.976654052734 340.603179931641 385.975524902344 476.737915039062 476.360107421875 -9999 -9999 -9999 389.344146728516 489.211822509766 490.082336425781 444.666290283203 390.509368896484 455.492706298828 353.633056640625 355.633850097656 357.847869873047 361.475128173828 363.971252441406 365.089050292969 365.547698974609 367.341278076172 369.605804443359 372.275299072266 378.189483642578 381.637115478516 385.804168701172 388.909973144531 392.40185546875 396.85986328125 400.600708007812 404.349822998047 409.213836669922 412.461883544922 416.12548828125 420.715057373047 429.165863037109 434.078430175781 437.055450439453 441.398376464844 445.826202392578 449.026397705078 454.000213623047 458.765777587891 -9999 -9999 -9999 -9999
346.912078857422 344.822235107422 345.783813476562 344.532318115234 341.1240234375 525.305053710938 573.760864257812 -9999 -9999 -9999 576.107482910156 434.331604003906 342.489135742188 343.369995117188 344.950805664062 439.132720947266 352.057586669922 353.73583984375 354.696350097656 357.261962890625 361.853759765625 364.698120117188 365.473114013672 366.276733398438 367.713470458984 370.450164794922 372.973114013672 378.595642089844 382.314514160156 385.768127441406 389.320159912109 393.212646484375 397.100860595703 400.853424072266 404.579406738281 409.461791992188 412.894561767578 -9999 420.387512207031 429.2470703125 433.742156982422 437.325866699219 441.584838867188 445.950408935547 449.978149414062 -9999 -9999 -9999 -9999 -9999 -9999
395.785308837891 429.318511962891 393.138427734375 432.741058349609 343.220367431641 483.285888671875 434.56103515625 386.469177246094 431.291748046875 434.597839355469 623.729309082031 532.471435546875 343.582733154297 344.945007324219 346.539276123047 395.492034912109 451.351440429688 354.170928955078 355.375091552734 357.308715820312 361.341796875 363.884796142578 366.425750732422 367.820190429688 370.389282226562 371.993438720703 374.160858154297 379.560455322266 382.991088867188 385.890960693359 390.118988037109 393.339477539062 397.052795410156 401.247955322266 405.346893310547 409.717864990234 413.047424316406 -9999 -9999 -9999 433.720397949219 -9999 -9999 -9999 -9999 -9999 -9999 -9999 -9999 -9999 -9999
531.079711914062 565.444091796875 527.214172363281 570.829284667969 479.923919677734 341.291381835938 341.420532226562 389.774841308594 436.983978271484 389.715179443359 486.564971923828 440.779449462891 344.801788330078 346.166870117188 347.325225830078 348.243682861328 456.219268798828 354.856231689453 356.007537841797 358.152130126953 360.590881347656 363.424468994141 366.27099609375 369.474212646484 372.074615478516 373.640838623047 375.498870849609 380.824432373047 383.574951171875 387.174987792969 -9999 -9999 -9999 401.997497558594 -9999 409.836303710938 -9999 -9999 -9999 -9999 -9999 -9999 -9999 -9999 -9999 -9999 -9999 -9999 -9999 -9999 -9999
569.053649902344 530.348327636719 614.758361816406 617.52001953125 573.597473144531 342.932250976562 343.837005615234 341.973693847656 341.986297607422 342.403564453125 343.280120849609 389.57177734375 483.536834716797 440.601806640625 392.350219726562 444.065826416016 352.720184326172 355.766021728516 356.905548095703 358.835052490234 361.158081054688 364.318206787109 365.7705078125 369.745880126953 372.141235351562 375.289276123047 376.636657714844 382.269958496094 384.469085693359 388.135803222656 -9999 -9999 -9999 402.920288085938 406.373565673828 410.309387207031 -9999 -9999 -9999 -9999 -9999 -9999 -9999 -9999 -9999 -9999 -9999 -9999 -9999 -9999 -9999
432.357513427734 345.792694091797 343.509857177734 343.026458740234 343.031707763672 345.878051757812 346.184417724609 345.346252441406 344.707580566406 344.795684814453 438.027496337891 583.099243164062 446.095672607422 348.882171630859 395.993408203125 451.190307617188 354.212066650391 357.509033203125 358.345245361328 359.675079345703 361.828796386719 364.806488037109 368.191223144531 371.738098144531 373.123687744141 375.129699707031 377.662414550781 383.131805419922 387.401794433594 390.004058837891 -9999 -9999 -9999 -9999 -9999 -9999 -9999 -9999 -9999 -9999 -9999 -9999 -9999 -9999 -9999 -9999 -9999 -9999 -9999 -9999 -9999
440.675506591797 349.124359130859 346.638977050781 344.738067626953 344.639068603516 347.160675048828 347.537750244141 345.883178710938 345.080841064453 345.742584228516 393.724670410156 444.935394287109 349.275726318359 350.209594726562 350.646392822266 352.040161132812 355.576873779297 358.83984375 360.321807861328 360.895843505859 362.717224121094 365.314910888672 369.189117431641 371.091918945312 372.707183837891 375.823333740234 378.000061035156 384.506805419922 -9999 390.665344238281 -9999 -9999 -9999 -9999 -9999 -9999 -9999 -9999 -9999 -9999 -9999 -9999 -9999 -9999 -9999 -9999 -9999 -9999 -9999 -9999 -9999
356.98193359375 352.302124023438 348.781768798828 346.847259521484 346.175354003906 348.516815185547 347.586730957031 347.581878662109 347.080535888672 347.681945800781 347.9189453125 349.088592529297 350.582977294922 351.7626953125 352.201995849609 353.599731445312 356.928253173828 359.719299316406 361.433654785156 362.170989990234 363.362121582031 366.234375 369.667785644531 370.648559570312 373.214935302734 377.456787109375 379.44189453125 385.350219726562 389.699737548828 -9999 -9999 -9999 -9999 -9999 -9999 -9999 -9999 -9999 -9999 -9999 -9999 -9999 -9999 -9999 -9999 -9999 -9999 -9999 -9999 -9999 -9999
355.454498291016 352.940795898438 350.036193847656 394.579803466797 431.708190917969 348.826110839844 348.845733642578 349.282012939453 395.006927490234 484.957275390625 440.836364746094 351.540313720703 352.584411621094 353.779479980469 354.333038330078 355.979034423828 358.592590332031 360.877227783203 362.039825439453 363.5458984375 364.235137939453 366.918518066406 370.086853027344 371.772583007812 374.539916992188 378.111694335938 -9999 -9999 -9999 -9999 -9999 -9999 -9999 -9999 -9999 -9999 -9999 -9999 -9999 -9999 -9999 -9999 -9999 -9999 -9999 -9999 -9999 -9999 -9999 -9999 -9999
354.640075683594 354.105224609375 352.422912597656 445.438262939453 567.745544433594 434.985809326172 351.110687255859 352.338531494141 446.043975830078 584.502624511719 448.034545898438 353.98681640625 354.884765625 355.825408935547 356.500122070312 358.409393310547 360.737579345703 362.239044189453 363.118713378906 365.132049560547 366.063232421875 368.888702392578 371.174163818359 373.591125488281 -9999 -9999 -9999 -9999 -9999 -9999 -9999 -9999 -9999 -9999 -9999 -9999 -9999 -9999 -9999 -9999 -9999 -9999 -9999 -9999 -9999 -9999 -9999 -9999 -9999 -9999 -9999
357.024108886719 355.78369140625 400.475280761719 484.689666748047 488.923583984375 442.1318359375 353.647644042969 355.260803222656 403.446960449219 450.183807373047 354.687438964844 355.046264648438 356.435455322266 357.380493164062 357.944610595703 359.72607421875 362.811553955078 363.816741943359 364.493865966797 366.235656738281 367.676116943359 -9999 -9999 -9999 -9999 -9999 -9999 -9999 -9999 -9999 -9999 -9999 -9999 -9999 -9999 -9999 -9999 -9999 -9999 -9999 -9999 -9999 -9999 -9999 -9999 -9999 -9999 -9999 -9999 -9999 -9999
440.867309570312 404.3271484375 487.925537109375 443.136016845703 355.035095214844 355.146026611328 356.519378662109 357.123626708984 401.430725097656 446.132110595703 357.821807861328 358.122467041016 -9999 358.638946533203 360.444396972656 362.586334228516 -9999 -9999 -9999 -9999 -9999 -9999 -9999 -9999 -9999 -9999 -9999 -9999 -9999 -9999 -9999 -9999 -9999 -9999 -9999 -9999 -9999 -9999 -9999 -9999 -9999 -9999 -9999 -9999 -9999 -9999 -9999 -9999 -9999 -9999 -9999
452.084777832031 411.929870605469 447.370208740234 358.402160644531 358.17138671875 -9999 358.735260009766 -9999 407.213317871094 497.808349609375 -9999 -9999 -9999 -9999 -9999 -9999 -9999 -9999 -9999 -9999 -9999 -9999 -9999 -9999 -9999 -9999 -9999 -9999 -9999 -9999 -9999 -9999 -9999 -9999 -9999 -9999 -9999 -9999 -9999 -9999 -9999 -9999 -9999 -9999 -9999 -9999 -9999 -9999 -9999 -9999 -9999
371.236297607422 367.654937744141 365.247772216797 362.364044189453 -9999 361.772674560547 -9999 -9999 449.472717285156 -9999 -9999 -9999 -9999 -9999 -9999 -9999 -9999 -9999 -9999 -9999 -9999 -9999 -9999 -9999 -9999 -9999 -9999 -9999 -9999 -9999 -9999 -9999 -9999 -9999 -9999 -9999 -9999 -9999 -9999 -9999 -9999 -9999 -9999 -9999 -9999 -9999 -9999 -9999 -9999 -9999 -9999
373.524566650391 -9999 369.762969970703 -9999 -9999 -9999 -9999 -9999 -9999 -9999 -9999 -9999 -9999 -9999 -9999 -9999 -9999 -9999 -9999 -9999 -9999 -9999 -9999 -9999 -9999 -9999 -9999 -9999 -9999 -9999 -9999 -9999 -9999 -9999 -9999 -9999 -9999 -9999 -9999 -9999 -9999 -9999 -9999 -9999 -9999 -9999 -9999 -9999 -9999 -9999 -9999
379.338653564453 376.046417236328 -9999 -9999 -9999 -9999 -9999 -9999 -9999 -9999 -9999 -9999 -9999 -9999 -9999 -9999 -9999 -9999 -9999 -9999 -9999 -9999 -9999 -9999 -9999 -9999 -9999 -9999 -9999 -9999 -9999 -9999 -9999 -9999 -9999 -9999 -9999 -9999 -9999 -9999 -9999 -9999 -9999 -9999 -9999 -9999 -9999 -9999 -9999 -9999 -9999
-9999 -9999 -9999 -9999 -9999 -9999 -9999 -9999 -9999 -9999 -9999 -9999 -9999 -9999 -9999 -9999 -9999 -9999 -9999 -9999 -9999 -9999 -9999 -9999 -9999 -9999 -9999 -9999 -9999 -9999 -9999 -9999 -9999 -9999 -9999 -9999 -9999 -9999 -9999 -9999 -9999 -9999 -9999 -9999 -9999 -9999 -9999 -9999 -9999 -9999 -9999
