rcp4.5models/GFDL_CM3/sc1gr6.20
NCOLS 261 
NROWS 433 
XLLCORNER 336357.134 
YLLCORNER 654653.479 
CELLSIZE 1000 
NODATA_value -3.4e+38 
[rows 0 to 21 of 433, columns 49 to 97 of 261]
-3.4e+38 -3.4e+38 -3.4e+38 -3.4e+38 -3.4e+38 -3.4e+38 -3.4e+38 -3.4e+38 -3.4e+38 -3.4e+38 -3.4e+38 -3.4e+38 -3.4e+38 -3.4e+38 -3.4e+38 -3.4e+38 -3.4e+38 -3.4e+38 -3.4e+38 -3.4e+38 -3.4e+38 -3.4e+38 -3.4e+38 -3.4e+38 -3.4e+38 -3.4e+38 -3.4e+38 -3.4e+38 -3.4e+38 -3.4e+38 -3.4e+38 -3.4e+38 -3.4e+38 -3.4e+38 -3.4e+38 -3.4e+38 -3.4e+38 -3.4e+38 -3.4e+38 -3.4e+38 -3.4e+38 -3.4e+38 -3.4e+38 -3.4e+38 -3.4e+38 -3.4e+38 -3.4e+38 -3.4e+38 -3.4e+38
-3.4e+38 -3.4e+38 -3.4e+38 -3.4e+38 -3.4e+38 -3.4e+38 -3.4e+38 -3.4e+38 -3.4e+38 -3.4e+38 -3.4e+38 -3.4e+38 -3.4e+38 -3.4e+38 -3.4e+38 -3.4e+38 -3.4e+38 -3.4e+38 -3.4e+38 -3.4e+38 -3.4e+38 1367.19189453125 1371.81311035156 1379.10791015625 1387.3154296875 1393.95861816406 1399.525390625 1407.35437011719 1414.70690917969 1426.60693359375 1433.63549804688 1439.91723632812 -3.4e+38 -3.4e+38 -3.4e+38 -3.4e+38 -3.4e+38 -3.4e+38 -3.4e+38 -3.4e+38 -3.4e+38 -3.4e+38 -3.4e+38 -3.4e+38 -3.4e+38 -3.4e+38 -3.4e+38 -3.4e+38 -3.4e+38
-3.4e+38 -3.4e+38 -3.4e+38 -3.4e+38 -3.4e+38 -3.4e+38 -3.4e+38 -3.4e+38 -3.4e+38 -3.4e+38 -3.4e+38 -3.4e+38 -3.4e+38 -3.4e+38 -3.4e+38 -3.4e+38 -3.4e+38 -3.4e+38 -3.4e+38 -3.4e+38 1358.46374511719 1365.1279296875 1372.54028320312 1378.95239257812 1386.49731445312 1393.89575195312 1399.63061523438 1406.93078613281 1412.66320800781 1426.923828125 1433.83374023438 1439.99792480469 1446.70361328125 -3.4e+38 -3.4e+38 -3.4e+38 -3.4e+38 -3.4e+38 -3.4e+38 -3.4e+38 -3.4e+38 -3.4e+38 -3.4e+38 -3.4e+38 -3.4e+38 -3.4e+38 -3.4e+38 -3.4e+38 -3.4e+38
-3.4e+38 -3.4e+38 -3.4e+38 1252.33703613281 1254.27587890625 1258.640625 1263.08154296875 1269.38745117188 1274.60168457031 1279.09997558594 1283.61938476562 -3.4e+38 -3.4e+38 1299.15417480469 1308.94372558594 1317.11669921875 1323.08935546875 1329.59802246094 1342.244140625 1349.85986328125 1357.68737792969 1364.68200683594 1372.68725585938 1379.21313476562 1385.66284179688 1393.05737304688 1399.46301269531 1405.86279296875 1412.0205078125 1425.1640625 1433.392578125 1440.39245605469 1446.31787109375 -3.4e+38 -3.4e+38 -3.4e+38 -3.4e+38 -3.4e+38 -3.4e+38 -3.4e+38 -3.4e+38 -3.4e+38 -3.4e+38 -3.4e+38 -3.4e+38 -3.4e+38 -3.4e+38 -3.4e+38 -3.4e+38
1236.68371582031 1243.06970214844 1247.77258300781 1250.47399902344 1253.99060058594 1258.1337890625 1262.33483886719 1269.65783691406 1273.99572753906 1279.36413574219 1286.30297851562 1292.24975585938 1297.80334472656 1302.54260253906 1309.77416992188 1316.93139648438 1323.49084472656 1329.25988769531 1343.21374511719 1349.1494140625 1357.05249023438 1364.35217285156 1371.63781738281 1378.50231933594 1385.21691894531 1392.23010253906 1399.47412109375 1404.98974609375 1412.3466796875 1425.47802734375 1432.71716308594 1439.84191894531 1449.07299804688 1456.15148925781 -3.4e+38 -3.4e+38 -3.4e+38 -3.4e+38 -3.4e+38 -3.4e+38 -3.4e+38 -3.4e+38 -3.4e+38 -3.4e+38 -3.4e+38 -3.4e+38 -3.4e+38 -3.4e+38 -3.4e+38
1237.00317382812 1242.39050292969 1245.92626953125 1248.92907714844 1253.30590820312 1257.70458984375 1261.18493652344 1269.18627929688 1275.80920410156 1282.009765625 1286.73291015625 1292.69104003906 1298.66369628906 1305.00207519531 1310.46899414062 1317.60559082031 1323.39697265625 1328.40979003906 1343.0302734375 -3.4e+38 1355.765625 -3.4e+38 1370.5146484375 1377.5380859375 1384.85266113281 1391.13623046875 1399.61669921875 1404.35217285156 1411.46325683594 1428.86157226562 1435.63659667969 1442.10107421875 1449.53356933594 1456.54553222656 -3.4e+38 -3.4e+38 -3.4e+38 -3.4e+38 -3.4e+38 -3.4e+38 -3.4e+38 -3.4e+38 -3.4e+38 -3.4e+38 -3.4e+38 -3.4e+38 -3.4e+38 -3.4e+38 -3.4e+38
1238.24255371094 1242.26940917969 1246.24304199219 1249.54870605469 1252.52038574219 1256.64721679688 1259.97607421875 1271.27758789062 1277.08081054688 1282.79870605469 1287.48876953125 1292.11181640625 1297.69982910156 1304.65307617188 1310.71459960938 1316.99523925781 1322.92053222656 1329.486328125 1341.11303710938 -3.4e+38 -3.4e+38 -3.4e+38 -3.4e+38 1375.72375488281 -3.4e+38 1389.89697265625 1396.78955078125 1406.74963378906 1414.15222167969 1430.04833984375 1436.86181640625 1443.99084472656 1450.28039550781 1456.72033691406 1463.43090820312 -3.4e+38 -3.4e+38 -3.4e+38 -3.4e+38 -3.4e+38 -3.4e+38 -3.4e+38 -3.4e+38 -3.4e+38 -3.4e+38 -3.4e+38 -3.4e+38 -3.4e+38 -3.4e+38
1240.58520507812 1243.53332519531 1247.15795898438 1250.43420410156 1253.59851074219 1256.0517578125 1262.77905273438 1273.21411132812 1277.36853027344 1281.51489257812 1286.72729492188 1291.66735839844 1297.64367675781 1303.96618652344 1310.44677734375 1315.6796875 1321.853515625 1328.73229980469 1340.82287597656 -3.4e+38 -3.4e+38 -3.4e+38 -3.4e+38 -3.4e+38 -3.4e+38 1392.51086425781 1399.24389648438 1407.85290527344 1414.60583496094 -3.4e+38 1436.3359375 1444.55993652344 1451.11547851562 1458.07995605469 1463.58984375 -3.4e+38 -3.4e+38 -3.4e+38 -3.4e+38 -3.4e+38 -3.4e+38 -3.4e+38 -3.4e+38 -3.4e+38 -3.4e+38 -3.4e+38 -3.4e+38 -3.4e+38 -3.4e+38
1240.10314941406 1243.21215820312 1246.74755859375 1249.37341308594 1252.1748046875 1257.17590332031 1262.32531738281 1271.72387695312 1276.16052246094 1280.70166015625 1286.22082519531 1291.02197265625 1295.75720214844 1302.60791015625 1309.146484375 1315.30651855469 1321.92858886719 1328.27600097656 -3.4e+38 1347.23657226562 1354.80261230469 1364.12561035156 1371.79614257812 1378.87072753906 1384.80224609375 -3.4e+38 1401.10729980469 1408.80163574219 1414.80041503906 -3.4e+38 -3.4e+38 1443.8271484375 1451.11840820312 1458.6474609375 1463.08129882812 1469.82141113281 -3.4e+38 -3.4e+38 -3.4e+38 -3.4e+38 -3.4e+38 -3.4e+38 -3.4e+38 -3.4e+38 -3.4e+38 -3.4e+38 -3.4e+38 -3.4e+38 -3.4e+38
1241.79418945312 1242.67041015625 1246.04650878906 1251.29321289062 1256.06567382812 1258.51123046875 1261.21228027344 1270.57470703125 1275.18676757812 1279.65942382812 1284.80126953125 1290.31005859375 1295.837890625 1301.52014160156 1308.23718261719 1315.04760742188 1320.96081542969 1327.77600097656 -3.4e+38 1350.74389648438 1357.57666015625 -3.4e+38 -3.4e+38 1380.46704101562 1387.43811035156 -3.4e+38 -3.4e+38 1408.05126953125 1414.76623535156 -3.4e+38 1436.20043945312 1443.75073242188 1450.49304199219 1458.38818359375 1463.59777832031 1469.36572265625 1480.75158691406 -3.4e+38 -3.4e+38 -3.4e+38 -3.4e+38 -3.4e+38 -3.4e+38 -3.4e+38 -3.4e+38 -3.4e+38 -3.4e+38 -3.4e+38 -3.4e+38
1243.55297851562 1248.15002441406 1249.65808105469 1252.4921875 1255.53735351562 1257.21264648438 1261.02197265625 1268.69470214844 1274.75048828125 1278.76525878906 1284.01037597656 1290.11108398438 1294.42041015625 1302.57202148438 1310.22521972656 1317.48901367188 1324.79223632812 1330.52954101562 -3.4e+38 1352.32275390625 1358.73803710938 1365.38562011719 -3.4e+38 1379.81469726562 1387.2294921875 1393.88781738281 1400.77270507812 1407.30627441406 1415.29760742188 1430.04565429688 1438.822265625 -3.4e+38 -3.4e+38 1461.71435546875 1468.58715820312 1475.6982421875 1481.96948242188 1488.01293945312 -3.4e+38 -3.4e+38 -3.4e+38 -3.4e+38 -3.4e+38 -3.4e+38 -3.4e+38 -3.4e+38 -3.4e+38 -3.4e+38 -3.4e+38
1246.4501953125 1247.58264160156 1248.62023925781 1250.64782714844 1254.43933105469 1256.47045898438 1259.37719726562 1268.18591308594 1274.36059570312 1278.52514648438 1283.61767578125 1289.21447753906 1298.27062988281 1305.28308105469 1310.91979980469 1317.61950683594 1324.138671875 1331.39208984375 1344.45666503906 1351.07116699219 1358.82153320312 -3.4e+38 -3.4e+38 -3.4e+38 1387.28686523438 -3.4e+38 1401.67077636719 1407.63928222656 1414.8095703125 1433.14123535156 1441.10424804688 1448.83813476562 -3.4e+38 1462.10412597656 1468.84204101562 1476.32373046875 1483.50402832031 1488.87707519531 -3.4e+38 -3.4e+38 -3.4e+38 -3.4e+38 -3.4e+38 -3.4e+38 -3.4e+38 -3.4e+38 -3.4e+38 -3.4e+38 -3.4e+38
1246.94873046875 1248.11352539062 1247.71545410156 1250.35278320312 1253.13806152344 1254.32592773438 1258.12414550781 1266.23608398438 1272.31579589844 1278.23132324219 1285.64709472656 1292.31274414062 1299.41760253906 1305.36877441406 1310.69201660156 1317.40014648438 1324.10217285156 1331.52844238281 1344.89709472656 1351.84338378906 -3.4e+38 -3.4e+38 -3.4e+38 1380.14916992188 1387.90930175781 -3.4e+38 -3.4e+38 1409.50085449219 -3.4e+38 1434.580078125 1441.75805664062 1449.27978515625 -3.4e+38 -3.4e+38 -3.4e+38 1476.30249023438 1483.556640625 1489.87927246094 1496.72741699219 -3.4e+38 -3.4e+38 -3.4e+38 -3.4e+38 -3.4e+38 -3.4e+38 -3.4e+38 -3.4e+38 -3.4e+38 -3.4e+38
1246.46325683594 1246.97595214844 1247.76965332031 1249.79626464844 1251.30163574219 1252.49597167969 1256.43188476562 1266.07153320312 1271.56188964844 1279.08239746094 1286.30786132812 1293.08544921875 1299.52160644531 1304.59057617188 1310.634765625 1316.94470214844 -3.4e+38 1331.13293457031 1344.31237792969 -3.4e+38 -3.4e+38 1365.67907714844 -3.4e+38 -3.4e+38 -3.4e+38 1397.52099609375 1405.54113769531 1413.16857910156 1421.2734375 1435.1142578125 1442.23156738281 1449.39599609375 -3.4e+38 -3.4e+38 -3.4e+38 -3.4e+38 1482.943359375 1490.84033203125 1497.27697753906 1503.29943847656 -3.4e+38 -3.4e+38 -3.4e+38 -3.4e+38 -3.4e+38 -3.4e+38 -3.4e+38 -3.4e+38 -3.4e+38
1246.44567871094 1246.28991699219 1246.27172851562 1246.283203125 1249.29602050781 1250.14672851562 1253.8056640625 1267.34619140625 1273.68676757812 1280.62658691406 1285.90161132812 1292.0654296875 1297.78759765625 1304.03918457031 1310.01000976562 -3.4e+38 -3.4e+38 -3.4e+38 1344.56140136719 -3.4e+38 1358.39367675781 1365.72937011719 1372.00170898438 1382.24328613281 1390.11010742188 1399.29772949219 1407.99951171875 1415.01049804688 1421.28051757812 1436.03930664062 1441.90295410156 1449.57800292969 1456.49157714844 -3.4e+38 -3.4e+38 -3.4e+38 -3.4e+38 1492.40075683594 1499.91650390625 1506.03198242188 1512.73937988281 -3.4e+38 -3.4e+38 -3.4e+38 -3.4e+38 -3.4e+38 -3.4e+38 -3.4e+38 -3.4e+38
-3.4e+38 1245.48461914062 1245.39672851562 1244.65246582031 1246.74475097656 1249.22058105469 1253.74072265625 1268.64990234375 1274.02294921875 1280.61633300781 1285.45349121094 1291.48852539062 1297.80676269531 1303.14855957031 -3.4e+38 -3.4e+38 1323.36743164062 -3.4e+38 -3.4e+38 1352.61608886719 1362.30590820312 1370.16296386719 1376.42138671875 1383.87512207031 1390.82739257812 1399.66760253906 1408.27746582031 1415.193359375 1422.15283203125 1436.43823242188 1442.44177246094 1450.150390625 1455.6005859375 1463.34265136719 1469.75708007812 -3.4e+38 -3.4e+38 -3.4e+38 1501.48950195312 1509.43420410156 1515.0380859375 -3.4e+38 -3.4e+38 -3.4e+38 -3.4e+38 -3.4e+38 -3.4e+38 -3.4e+38 -3.4e+38
-3.4e+38 -3.4e+38 -3.4e+38 -3.4e+38 -3.4e+38 1249.19506835938 1256.607421875 1269.13061523438 1274.21984863281 1279.53002929688 1284.91296386719 1290.2353515625 1297.73449707031 -3.4e+38 -3.4e+38 1318.50402832031 1324.51599121094 1330.095703125 1343.72839355469 1355.25476074219 1363.80590820312 1372.28515625 1379.80651855469 1385.06970214844 1391.24755859375 1399.63793945312 1408.18322753906 1414.841796875 1422.76025390625 1437.18566894531 1442.0498046875 1449.25561523438 1455.74645996094 1466.97094726562 1473.2685546875 1479.224609375 -3.4e+38 -3.4e+38 -3.4e+38 1509.85998535156 1516.3779296875 -3.4e+38 -3.4e+38 -3.4e+38 -3.4e+38 -3.4e+38 -3.4e+38 -3.4e+38 -3.4e+38
-3.4e+38 -3.4e+38 -3.4e+38 -3.4e+38 -3.4e+38 1248.07373046875 1255.77917480469 1268.45861816406 1273.36291503906 1279.09436035156 1283.69067382812 1289.59643554688 -3.4e+38 -3.4e+38 -3.4e+38 1318.65222167969 1324.50158691406 -3.4e+38 1347.42272949219 1357.58349609375 1365.06567382812 1372.84704589844 1379.17309570312 1386.89990234375 1393.48522949219 1400.568359375 1408.36633300781 1415.4375 1423.65893554688 1436.77990722656 1444.51525878906 1453.10900878906 1459.87756347656 1469.4599609375 1475.80639648438 1482.37927246094 1489.22839355469 -3.4e+38 -3.4e+38 -3.4e+38 1516.75280761719 1527.98217773438 -3.4e+38 -3.4e+38 -3.4e+38 -3.4e+38 -3.4e+38 -3.4e+38 -3.4e+38
-3.4e+38 -3.4e+38 -3.4e+38 -3.4e+38 -3.4e+38 1252.1611328125 1256.44873046875 1268.34411621094 1273.43408203125 1278.99243164062 1283.41577148438 1289.81884765625 -3.4e+38 1303.19885253906 -3.4e+38 1317.41760253906 1322.62268066406 1332.32934570312 1349.04248046875 1357.75842285156 1365.53283691406 1373.14794921875 1379.09143066406 1387.23986816406 1394.35290527344 1400.64233398438 1408.54357910156 1415.01330566406 1422.96044921875 1440.13256835938 1447.87609863281 1455.35827636719 1461.38562011719 1470.10620117188 1477.11743164062 1483.99047851562 1489.30187988281 -3.4e+38 -3.4e+38 -3.4e+38 -3.4e+38 1528.34362792969 1538.78088378906 1547.20849609375 -3.4e+38 -3.4e+38 -3.4e+38 -3.4e+38 -3.4e+38
-3.4e+38 -3.4e+38 -3.4e+38 -3.4e+38 -3.4e+38 -3.4e+38 1256.02087402344 1268.51062011719 1273.76708984375 1279.13989257812 1284.533203125 1290.08435058594 -3.4e+38 1303.79418945312 1310.52844238281 -3.4e+38 1324.75598144531 1333.12609863281 -3.4e+38 1357.30383300781 1364.28405761719 1372.73620605469 1379.30822753906 1387.31359863281 1394.08984375 1401.29663085938 1407.87658691406 1416.64831542969 1425.60363769531 1442.00915527344 1448.22058105469 1454.80444335938 1461.40637207031 1469.37182617188 1476.470703125 1484.90588378906 1490.35046386719 1496.40930175781 -3.4e+38 -3.4e+38 -3.4e+38 -3.4e+38 1540.92199707031 1547.634765625 1554.40710449219 -3.4e+38 -3.4e+38 -3.4e+38 -3.4e+38
-3.4e+38 -3.4e+38 -3.4e+38 -3.4e+38 -3.4e+38 -3.4e+38 -3.4e+38 1267.921875 1273.21423339844 1279.46252441406 1285.21655273438 1290.70715332031 1296.75830078125 -3.4e+38 1314.73828125 1320.47229003906 1327.98791503906 1334.54162597656 1349.17346191406 1356.04956054688 1363.18542480469 1371.59338378906 1378.92553710938 -3.4e+38 -3.4e+38 1401.80346679688 1410.84350585938 1419.13464355469 1426.39135742188 1442.17846679688 1448.61071777344 1454.27185058594 1461.53869628906 1469.18127441406 1475.40612792969 1484.90600585938 1492.61694335938 1498.1328125 1504.84020996094 1511.87219238281 -3.4e+38 -3.4e+38 -3.4e+38 1548.39294433594 1555.8955078125 1561.4677734375 -3.4e+38 -3.4e+38 -3.4e+38
-3.4e+38 -3.4e+38 -3.4e+38 -3.4e+38 -3.4e+38 -3.4e+38 -3.4e+38 -3.4e+38 -3.4e+38 -3.4e+38 -3.4e+38 -3.4e+38 1297.77075195312 1305.48706054688 -3.4e+38 -3.4e+38 1329.70202636719 1337.55798339844 1348.90930175781 1356.94580078125 1363.79772949219 1371.20153808594 -3.4e+38 1386.06652832031 -3.4e+38 -3.4e+38 -3.4e+38 1418.91088867188 1426.75500488281 1441.65502929688 1450.29736328125 1457.21630859375 1463.48083496094 1471.03015136719 1478.88940429688 1487.37109375 1496.56286621094 1504.5966796875 1512.29382324219 1516.83142089844 1524.52490234375 -3.4e+38 -3.4e+38 -3.4e+38 1556.63745117188 1564.04345703125 1569.55639648438 -3.4e+38 -3.4e+38
