rcp4.5models/GFDL_CM3/sc1gr7.20
NCOLS 261 
NROWS 433 
XLLCORNER 336357.134 
YLLCORNER 654653.479 
CELLSIZE 1000 
NODATA_value -3.4e+38 
[rows 44 to 65 of 433, columns 98 to 146 of 261]
122.614479064941 122.72248840332 122.639518737793 122.833404541016 122.785995483398 122.754165649414 122.99861907959 122.950584411621 123.050186157227 123.21907043457 123.075798034668 123.270477294922 123.176300048828 123.197799682617 123.033195495605 123.28003692627 123.100219726562 123.182571411133 123.326248168945 123.193862915039 123.329360961914 123.167343139648 123.321762084961 123.267295837402 -3.4e+38 -3.4e+38 -3.4e+38 -3.4e+38 -3.4e+38 -3.4e+38 -3.4e+38 -3.4e+38 -3.4e+38 -3.4e+38 -3.4e+38 -3.4e+38 -3.4e+38 -3.4e+38 -3.4e+38 -3.4e+38 -3.4e+38 -3.4e+38 -3.4e+38 -3.4e+38 -3.4e+38 -3.4e+38 -3.4e+38 -3.4e+38 -3.4e+38
122.352928161621 122.374282836914 122.304679870605 122.573234558105 122.675048828125 122.741203308105 122.699058532715 122.706604003906 122.897636413574 123.037536621094 122.932586669922 122.898620605469 123.017906188965 122.885192871094 122.946235656738 122.828872680664 122.944854736328 122.889503479004 122.971939086914 123.000648498535 122.826515197754 122.80623626709 122.84846496582 122.862678527832 122.821868896484 -3.4e+38 -3.4e+38 -3.4e+38 -3.4e+38 -3.4e+38 -3.4e+38 -3.4e+38 -3.4e+38 -3.4e+38 -3.4e+38 -3.4e+38 -3.4e+38 -3.4e+38 -3.4e+38 -3.4e+38 -3.4e+38 -3.4e+38 -3.4e+38 -3.4e+38 -3.4e+38 -3.4e+38 -3.4e+38 -3.4e+38 -3.4e+38
122.257217407227 122.211769104004 122.349960327148 122.459144592285 122.621627807617 122.687088012695 122.629707336426 122.790519714355 122.766441345215 122.828063964844 122.791488647461 122.690032958984 122.863021850586 122.850593566895 122.906379699707 122.843063354492 122.998886108398 122.80534362793 122.889915466309 122.799453735352 122.61466217041 122.626152038574 122.713737487793 122.665115356445 122.667877197266 122.681610107422 122.604850769043 -3.4e+38 -3.4e+38 -3.4e+38 -3.4e+38 -3.4e+38 -3.4e+38 -3.4e+38 -3.4e+38 -3.4e+38 -3.4e+38 -3.4e+38 -3.4e+38 -3.4e+38 -3.4e+38 -3.4e+38 -3.4e+38 -3.4e+38 -3.4e+38 -3.4e+38 -3.4e+38 -3.4e+38 -3.4e+38
122.210517883301 122.308799743652 122.416763305664 122.352752685547 122.57494354248 122.580741882324 122.619697570801 122.635147094727 122.569053649902 122.623245239258 122.74861907959 122.632751464844 122.7265625 122.824691772461 122.798118591309 122.792304992676 122.91870880127 122.64143371582 122.589233398438 122.584747314453 122.510139465332 122.483551025391 122.659774780273 122.557914733887 122.562553405762 122.550384521484 122.396820068359 -3.4e+38 122.213203430176 -3.4e+38 -3.4e+38 -3.4e+38 -3.4e+38 -3.4e+38 -3.4e+38 -3.4e+38 -3.4e+38 -3.4e+38 -3.4e+38 -3.4e+38 -3.4e+38 -3.4e+38 -3.4e+38 -3.4e+38 -3.4e+38 -3.4e+38 -3.4e+38 -3.4e+38 -3.4e+38
122.118324279785 122.170562744141 122.311477661133 122.371627807617 122.561553955078 122.409561157227 122.41724395752 122.407638549805 122.43009185791 122.446960449219 122.665412902832 122.515472412109 122.582328796387 122.761878967285 122.768592834473 122.544456481934 122.68628692627 122.597290039062 122.445877075195 122.457870483398 122.397819519043 122.380912780762 122.461540222168 122.405517578125 122.521865844727 122.486801147461 122.231971740723 122.246002197266 -3.4e+38 -3.4e+38 -3.4e+38 -3.4e+38 -3.4e+38 -3.4e+38 -3.4e+38 -3.4e+38 -3.4e+38 -3.4e+38 -3.4e+38 -3.4e+38 -3.4e+38 -3.4e+38 -3.4e+38 -3.4e+38 -3.4e+38 -3.4e+38 -3.4e+38 -3.4e+38 -3.4e+38
121.947700500488 121.990455627441 121.966293334961 122.158340454102 122.258972167969 122.283790588379 122.201354980469 122.37084197998 122.381156921387 122.310256958008 122.588821411133 122.503532409668 122.497665405273 122.639427185059 122.508941650391 122.404541015625 122.445335388184 122.517715454102 122.411659240723 -3.4e+38 122.400894165039 122.311187744141 122.40168762207 122.171432495117 122.350730895996 122.179756164551 122.067810058594 122.087272644043 121.936592102051 121.977752685547 121.84211730957 -3.4e+38 -3.4e+38 -3.4e+38 -3.4e+38 -3.4e+38 -3.4e+38 -3.4e+38 -3.4e+38 -3.4e+38 -3.4e+38 -3.4e+38 -3.4e+38 -3.4e+38 -3.4e+38 -3.4e+38 -3.4e+38 -3.4e+38 -3.4e+38
121.662208557129 121.887229919434 121.740783691406 121.860343933105 121.989608764648 122.073631286621 122.271911621094 122.336791992188 122.337791442871 122.164894104004 122.46524810791 122.424026489258 122.202987670898 122.384407043457 122.280921936035 122.369804382324 122.379066467285 122.38516998291 122.407501220703 -3.4e+38 122.251045227051 122.012802124023 122.167541503906 122.002021789551 122.117431640625 121.93677520752 122.026016235352 121.956939697266 121.978080749512 122.003265380859 121.710433959961 121.665237426758 -3.4e+38 -3.4e+38 -3.4e+38 -3.4e+38 -3.4e+38 -3.4e+38 -3.4e+38 -3.4e+38 -3.4e+38 -3.4e+38 -3.4e+38 -3.4e+38 -3.4e+38 -3.4e+38 -3.4e+38 -3.4e+38 -3.4e+38
121.435882568359 121.716522216797 121.714385986328 121.825904846191 121.911773681641 121.978309631348 122.261131286621 122.161460876465 122.19157409668 122.013092041016 122.079513549805 121.922508239746 121.948219299316 122.085289001465 122.150848388672 122.052307128906 122.253440856934 122.389572143555 122.34593963623 122.089256286621 122.007301330566 121.911979675293 121.9375 121.889419555664 122.010162353516 121.900840759277 122.019752502441 121.840507507324 121.793060302734 121.893478393555 121.669036865234 121.490463256836 -3.4e+38 -3.4e+38 -3.4e+38 -3.4e+38 -3.4e+38 -3.4e+38 -3.4e+38 -3.4e+38 -3.4e+38 -3.4e+38 -3.4e+38 -3.4e+38 -3.4e+38 -3.4e+38 -3.4e+38 -3.4e+38 -3.4e+38
121.423301696777 121.621124267578 121.643745422363 121.92554473877 121.904685974121 121.945442199707 121.938278198242 121.927040100098 121.905799865723 121.942642211914 122.001861572266 121.780349731445 121.839172363281 121.894859313965 122.026588439941 121.865341186523 122.092140197754 122.065948486328 121.94034576416 121.927742004395 121.919189453125 121.939353942871 121.920677185059 121.779808044434 121.88890838623 121.807273864746 121.778526306152 121.681907653809 121.637878417969 121.609527587891 121.475616455078 121.293342590332 121.267189025879 -3.4e+38 -3.4e+38 -3.4e+38 -3.4e+38 -3.4e+38 -3.4e+38 -3.4e+38 -3.4e+38 -3.4e+38 -3.4e+38 -3.4e+38 -3.4e+38 -3.4e+38 -3.4e+38 -3.4e+38 -3.4e+38
121.297882080078 121.511009216309 121.616325378418 121.826278686523 121.721343994141 121.821334838867 121.657493591309 121.767654418945 121.679817199707 121.803611755371 121.884590148926 121.874885559082 121.839233398438 121.883018493652 121.716300964355 121.697471618652 121.844017028809 121.834602355957 121.689094543457 121.80891418457 121.736488342285 121.799583435059 121.788955688477 121.683433532715 121.653335571289 121.543930053711 121.482543945312 121.413467407227 121.409858703613 121.416519165039 121.343727111816 121.191352844238 121.130355834961 121.007789611816 -3.4e+38 -3.4e+38 120.824127197266 -3.4e+38 -3.4e+38 -3.4e+38 -3.4e+38 -3.4e+38 -3.4e+38 -3.4e+38 -3.4e+38 -3.4e+38 -3.4e+38 -3.4e+38 -3.4e+38
121.221313476562 121.238052368164 121.539764404297 121.483215332031 121.528282165527 121.552185058594 121.649848937988 121.666931152344 121.707511901855 121.656066894531 121.801200866699 121.63037109375 121.734764099121 121.75032043457 121.435157775879 -3.4e+38 121.546463012695 121.737495422363 121.587661743164 121.740219116211 121.699073791504 121.647354125977 121.566604614258 -3.4e+38 121.550567626953 121.332763671875 121.283264160156 121.183006286621 121.178344726562 121.176567077637 121.21150970459 121.20223236084 120.94165802002 120.940048217773 120.92374420166 -3.4e+38 -3.4e+38 120.542251586914 -3.4e+38 -3.4e+38 -3.4e+38 -3.4e+38 -3.4e+38 -3.4e+38 -3.4e+38 -3.4e+38 -3.4e+38 -3.4e+38 -3.4e+38
121.211204528809 -3.4e+38 121.222564697266 121.253364562988 121.482025146484 -3.4e+38 121.519905090332 121.482963562012 -3.4e+38 121.457565307617 121.551582336426 121.342948913574 -3.4e+38 121.641098022461 121.508583068848 -3.4e+38 121.467529296875 121.638961791992 121.514358520508 121.430061340332 121.585121154785 121.622848510742 121.411560058594 121.369194030762 121.320846557617 121.116203308105 121.173454284668 121.024978637695 121.031303405762 120.98494720459 120.926170349121 120.995254516602 120.835258483887 120.758041381836 120.514938354492 -3.4e+38 120.556015014648 -3.4e+38 120.160850524902 -3.4e+38 -3.4e+38 -3.4e+38 -3.4e+38 -3.4e+38 -3.4e+38 -3.4e+38 -3.4e+38 -3.4e+38 -3.4e+38
120.924278259277 120.757675170898 121.01416015625 121.185562133789 -3.4e+38 -3.4e+38 121.098579406738 121.047401428223 121.052314758301 121.183570861816 121.122764587402 121.206443786621 -3.4e+38 121.393241882324 121.379302978516 121.160987854004 121.15983581543 121.092895507812 120.92325592041 121.18189239502 121.111358642578 121.023124694824 120.990852355957 121.077713012695 120.963218688965 120.980812072754 120.804191589355 120.61979675293 120.570892333984 120.575218200684 120.521263122559 120.457595825195 120.268928527832 120.059944152832 120.115730285645 120.107070922852 120.013710021973 119.953285217285 -3.4e+38 -3.4e+38 -3.4e+38 -3.4e+38 -3.4e+38 -3.4e+38 -3.4e+38 -3.4e+38 -3.4e+38 -3.4e+38 -3.4e+38
120.774276733398 120.742340087891 120.81388092041 121.003486633301 -3.4e+38 -3.4e+38 121.017631530762 120.971824645996 121.068977355957 121.024955749512 121.095512390137 121.075393676758 121.172821044922 121.101669311523 121.166244506836 120.955787658691 120.974098205566 120.893363952637 120.710357666016 120.996170043945 -3.4e+38 120.80199432373 120.777198791504 120.887977600098 120.679260253906 120.746994018555 -3.4e+38 120.478630065918 120.366958618164 120.443542480469 120.406120300293 120.404266357422 120.141304016113 120.047317504883 120.071640014648 119.929862976074 -3.4e+38 -3.4e+38 -3.4e+38 -3.4e+38 -3.4e+38 -3.4e+38 -3.4e+38 -3.4e+38 -3.4e+38 -3.4e+38 -3.4e+38 -3.4e+38 -3.4e+38
120.635314941406 120.679801940918 120.590896606445 120.906784057617 -3.4e+38 121.011528015137 120.92317199707 120.86897277832 120.993377685547 120.80094909668 120.829078674316 120.974174499512 121.093688964844 120.828125 120.870361328125 120.813362121582 120.894950866699 120.872932434082 120.765647888184 -3.4e+38 -3.4e+38 120.574798583984 120.651000976562 120.604469299316 120.480659484863 120.529670715332 120.282608032227 120.285255432129 120.244415283203 120.120292663574 120.013076782227 120.053268432617 119.970359802246 119.823173522949 119.701950073242 119.592346191406 -3.4e+38 -3.4e+38 -3.4e+38 -3.4e+38 -3.4e+38 119.06143951416 118.862686157227 -3.4e+38 -3.4e+38 -3.4e+38 -3.4e+38 -3.4e+38 -3.4e+38
120.416450500488 120.232780456543 120.361312866211 120.681549072266 120.854377746582 120.92529296875 120.744529724121 120.880828857422 120.94270324707 120.806228637695 120.66658782959 120.788284301758 120.878463745117 120.740417480469 120.770988464355 120.672981262207 120.769546508789 120.78369140625 120.715942382812 120.617683410645 120.516044616699 120.423057556152 120.4921875 120.364753723145 120.280395507812 120.3193359375 119.995674133301 119.939849853516 119.896141052246 119.818710327148 119.724502563477 119.726287841797 119.718284606934 119.580360412598 119.434982299805 119.450798034668 -3.4e+38 -3.4e+38 -3.4e+38 -3.4e+38 -3.4e+38 -3.4e+38 118.743324279785 118.64306640625 -3.4e+38 -3.4e+38 -3.4e+38 -3.4e+38 -3.4e+38
120.214462280273 119.965232849121 120.218551635742 120.584548950195 120.652145385742 120.738105773926 120.717109680176 120.658264160156 120.625526428223 120.677207946777 120.628829956055 120.700546264648 120.602432250977 120.658386230469 120.706825256348 120.544158935547 120.598014831543 120.592651367188 120.459579467773 120.441993713379 120.277770996094 120.268630981445 120.36336517334 120.267196655273 120.177864074707 120.177543640137 119.719253540039 119.694671630859 119.612426757812 119.6494140625 119.478576660156 119.550468444824 119.488304138184 119.512977600098 119.45352935791 119.299263000488 -3.4e+38 -3.4e+38 -3.4e+38 -3.4e+38 -3.4e+38 -3.4e+38 118.598258972168 118.349983215332 -3.4e+38 -3.4e+38 -3.4e+38 -3.4e+38 -3.4e+38
120.017562866211 119.853660583496 120.097434997559 120.493812561035 120.519889831543 120.628913879395 120.658721923828 120.491577148438 120.430023193359 120.381378173828 120.596557617188 120.603698730469 120.549789428711 120.478248596191 120.563102722168 120.346221923828 120.327835083008 120.37133026123 120.257385253906 120.261138916016 120.199409484863 120.060508728027 120.148017883301 120.054069519043 119.984718322754 120.039978027344 119.557670593262 119.55989074707 119.519790649414 119.504890441895 119.366912841797 119.43440246582 119.3203125 119.340545654297 119.326889038086 119.08674621582 119.113380432129 -3.4e+38 -3.4e+38 -3.4e+38 -3.4e+38 -3.4e+38 -3.4e+38 118.099098205566 118.00617980957 -3.4e+38 -3.4e+38 -3.4e+38 -3.4e+38
119.894683837891 119.885795593262 119.939636230469 120.321144104004 120.323722839355 120.529396057129 120.438285827637 120.320274353027 120.275398254395 120.193222045898 120.368980407715 120.332740783691 120.45735168457 120.34383392334 120.198135375977 120.17448425293 120.116996765137 120.248985290527 120.076934814453 120.187438964844 120.162872314453 119.978996276855 119.892601013184 119.751350402832 119.706817626953 119.755699157715 119.577743530273 119.381797790527 119.402435302734 119.325332641602 119.17618560791 119.140747070312 119.126609802246 119.193061828613 119.090362548828 118.82568359375 118.85718536377 118.52010345459 118.511268615723 118.393524169922 -3.4e+38 -3.4e+38 -3.4e+38 -3.4e+38 117.837989807129 -3.4e+38 -3.4e+38 -3.4e+38 -3.4e+38
119.885246276855 119.892593383789 120.072425842285 120.062286376953 120.097839355469 120.37329864502 120.193771362305 120.22339630127 120.140045166016 120.160438537598 120.107490539551 120.102867126465 120.091606140137 120.060516357422 119.854202270508 120.028053283691 119.920379638672 120.028289794922 119.978309631348 120.102340698242 120.017784118652 119.762420654297 119.542556762695 119.452590942383 119.579048156738 119.521560668945 119.518135070801 119.43928527832 119.136680603027 118.98868560791 118.91934967041 118.886329650879 118.969924926758 118.997230529785 118.871566772461 118.718185424805 118.590644836426 118.278953552246 118.272338867188 118.132110595703 117.934310913086 -3.4e+38 -3.4e+38 -3.4e+38 117.664924621582 117.436103820801 -3.4e+38 -3.4e+38 -3.4e+38
119.803779602051 119.867057800293 120.060440063477 119.94026184082 120.098564147949 120.035621643066 120.03556060791 119.960464477539 119.948150634766 120.008285522461 120.013175964355 119.927215576172 119.901382446289 119.865936279297 119.70246887207 119.79402923584 119.762840270996 119.826889038086 119.749176025391 119.791656494141 119.780815124512 119.564888000488 119.460433959961 119.218124389648 119.322563171387 119.134292602539 119.260597229004 119.049644470215 118.747756958008 118.627532958984 118.726303100586 118.764068603516 118.780609130859 118.685737609863 118.554817199707 118.361915588379 118.163528442383 117.972023010254 118.061614990234 117.927253723145 117.530265808105 117.571243286133 -3.4e+38 -3.4e+38 -3.4e+38 117.127616882324 -3.4e+38 -3.4e+38 -3.4e+38
119.449546813965 119.594337463379 119.751853942871 119.785537719727 119.902687072754 119.842727661133 120.012603759766 119.820983886719 119.876266479492 119.714141845703 119.810157775879 119.718818664551 119.75936126709 119.745361328125 119.769111633301 119.536224365234 119.557426452637 119.578147888184 119.464401245117 119.474136352539 119.497131347656 119.377166748047 119.329696655273 119.04052734375 118.986206054688 118.850479125977 119.001251220703 118.753135681152 118.516082763672 118.358268737793 118.571769714355 118.556274414062 118.488822937012 118.448547363281 118.298561096191 118.00658416748 117.77751159668 117.788932800293 117.749862670898 117.594245910645 117.331283569336 117.330726623535 -3.4e+38 -3.4e+38 -3.4e+38 116.912734985352 116.791641235352 -3.4e+38 -3.4e+38
