rcp4.5models/GFDL_CM3/sc1gr8.40
NCOLS 261 
NROWS 433 
XLLCORNER 336357.134 
YLLCORNER 654653.479 
CELLSIZE 1000 
NODATA_value -9999 
[rows 198 to 219 of 433, columns 50 to 99 of 261]
71.1491969764896 71.1467605603238 71.3278161015784 71.7282640052955 71.1979705502285 71.279638900873 71.4511888507309 71.4057857284903 71.5836932342125 71.8456904739581 71.4504080092622 71.8763494455287 72.0744060419824 72.4931134869735 72.4365020652312 72.4337500099601 72.1820336842518 72.7607464471849 73.73424090114 73.8080510569762 73.3721066944521 73.5167710436164 73.8050702868599 73.9650245058153 73.5842511489814 74.0223184169004 74.6793177383685 74.5093903942828 75.6507630545543 75.4996345468412 75.7653535561404 76.3313804552887 76.2502322333197 75.7226099694245 76.161646724048 75.6692207150799 75.2981436236643 75.2865715582474 76.4292521787458 76.3231820884055 76.0014288897752 77.0748955274188 76.9779286569299 77.1900613126036 77.5833837967667 77.6615437873073 77.7868183286489 78.2276108370408 78.5013491594174 78.116088357102
73.1578036572458 73.523156820018 73.4542265800036 73.1617644273738 73.0297511473042 73.3484844945261 72.7600684843957 73.3902765237474 73.8836619810639 74.0411931121986 73.8350774805178 73.9392587845768 73.8967243340026 73.5167791877897 73.443291912534 73.7394536828868 73.247979564107 74.20282302338 74.9580584248835 74.4204626088167 74.3649633071935 74.7664828816403 74.7042497498106 75.2684922562108 75.5628815836041 75.8097969975499 75.5306819964627 75.6239859076761 76.5116218038979 76.3255427077605 76.4975797141568 76.9924530092318 77.6387898650424 77.271014035924 76.7761917085288 76.4040988245238 76.1957236873342 76.9796645068206 77.4249772973104 76.9327442731305 77.4472420863505 77.9605017433413 77.5724819306388 77.4190357630149 78.2880643392288 78.7975213267539 78.683157265386 78.5276571704678 79.1009773268832 78.6848695249917
75.1293436539905 75.2889920269169 75.2852915664684 75.2698553768988 75.34363281865 75.5456368523338 74.6809036569188 75.3860126134354 75.4420445895205 75.0556162537747 75.6243452557041 76.0531546058927 75.9791597443055 75.5943194728992 75.7454676951762 75.7555907890713 75.1314737438976 75.906657725669 75.5753122140894 75.5195768266104 75.9147637786647 75.7472946477682 76.1928447038518 77.0159508410731 77.1779169843469 76.6632030983495 76.4374769755308 76.7430682653996 77.4509664889157 77.5337547461595 77.6698455657086 78.0303483845674 77.8813162684935 78.0390631715118 78.0825347303564 77.5873314161333 77.5306444897234 78.0392325843482 78.0399631052742 77.8111417727942 78.7483661178726 78.6767127683229 78.1807115589077 78.3464712826132 79.4085961962178 79.3131580333438 79.4225322577061 79.6440691425278 79.79592484481 79.4465242266419
77.3221261391822 77.4938803186905 76.9297229839412 77.3222046268635 78.1848982778693 78.2164238327102 76.6114845013256 77.117841771956 77.7306299331854 76.9994718515295 77.4555507629515 78.1355471154742 77.999822783724 77.4301134002111 77.3335187962888 76.9019062486885 77.1646861854282 77.4206119243968 77.0764750312096 77.2152173964311 77.3197911436096 77.3475958708107 78.1661880160937 78.3221435244976 77.9441397598954 77.9797894495885 77.6912578884188 78.2301147242804 79.0731880997033 78.6565672132467 78.7596730126509 78.8946203767381 78.5228413080986 78.3763935033685 79.0556042349205 78.8214716125753 78.7988627442093 78.9932261665335 79.3431492587896 79.0851407030204 79.78791339605 79.290543234438 79.0523969846279 79.4275137816777 80.3032074810911 79.8992567639828 79.6088382946421 80.0800042200603 80.5631358933827 80.6762226560462
79.4657396239245 79.8209335702783 78.9533679711766 79.2076562682383 79.9855816868113 80.022392673037 78.8090167372438 79.1797714268286 78.9755207539989 78.8916467023328 79.5561990499776 80.2704734827909 80.3848573063168 80.3761329892572 79.8057008312513 79.4859071320485 79.2274290669393 79.1851072946663 79.0205025220349 78.6986015001382 79.1377128364545 79.3251620043001 79.4749865372401 79.093722259573 79.3491399313608 79.475192853742 79.3731397942995 79.6867718366729 80.0326816798849 79.6643295904122 79.3901536349651 79.8006841322655 79.7114308349904 79.6108109583531 79.943234531043 79.9210285736404 80.116113994734 80.5603188908386 80.4711046517429 80.7358811423109 80.5639559939174 80.5885452939476 80.3318799546445 80.6742941052781 80.5387461654813 80.5105495393082 80.5766227390849 81.3599553326049 81.5081163762963 82.0414746637609
81.5966940161812 81.887840560182 81.0239321613988 81.0919002102921 81.5621817028911 82.4328659357253 81.4392044132787 81.7073128263972 81.6721118498529 81.2279451410129 81.6914103592348 82.3732325168726 82.5232417304586 82.6496433265424 82.0896282249347 81.5324272918457 81.3412243032312 80.8290856671489 81.03676478471 80.3828064470174 80.5234623623569 80.1010881378768 80.3977144735935 -9999 81.2367685465743 80.9032390689827 81.4233245062495 81.3325178184922 80.4307119820984 80.8399119636781 80.6990192866114 80.9354913166014 80.8124287740421 80.4277989450005 80.6625062936434 -9999 81.1910941838137 81.4530560651818 81.2996954144095 81.6988747889156 81.8136814300898 81.5892556007898 81.4238378703679 81.5388250751825 81.3124339053813 81.3813899881624 81.7591033853727 82.6201721929326 82.5017475557944 82.5950277567812
83.3301099568876 84.0453245116618 83.1825542341264 83.3178902862067 83.838531055035 84.2630179574875 83.3426123511587 83.8361943800723 83.7956374356057 83.1429304710728 83.6615154113077 83.7410284194482 83.5482334567332 84.28023455052 83.5562750084334 82.8112056410415 83.1968927065014 83.1605914820369 83.184564805322 82.5945303382841 82.8038200710075 82.0813691366264 82.3553702755106 82.8825375808595 82.7637275284894 82.663584720079 82.8285159768849 82.3197181936248 81.3274431002085 81.9785310422207 82.076163188644 81.948875719491 81.4483682988291 81.2217073979805 81.4809116419527 82.2078868228719 82.0849489818607 81.7038565672826 82.0870036455106 83.0203496127925 82.7138799367327 82.3153574401663 82.047370102549 82.6015071049717 82.9283528231303 82.5281932170904 82.8143417065197 83.3274676288199 82.9362524982492 82.8842675487064
84.7637658561604 85.1718117784936 85.2772108397409 85.3497946545428 85.347881148406 84.8011888105588 84.8959822432177 84.7159518809384 85.2713117093085 85.5001702754735 85.5679101972904 85.1179915734263 85.4429364944011 85.8756205955281 85.4496488453114 84.8366704989661 85.2788263538153 85.1191573462745 85.3210313458077 84.6720185346735 84.704849585206 84.1282985313777 84.6393237853202 84.6884094880878 84.6167512136563 84.5451666101343 84.0308303953589 83.8019821126695 82.866714316254 83.1615353805667 83.0936393637718 82.5905826753741 82.3627624322706 82.5095395631733 83.0497599749973 83.5615271475488 83.7825759025135 83.2295460546008 83.9128411789171 84.3473424199225 83.4470954428638 83.2450414793858 83.9062510049781 84.1702360627474 83.9423049473436 83.6688978032601 83.7432103706928 83.947019467563 83.5167135356824 83.1208311642763
86.2705660598663 86.9241362676219 87.4602188370267 87.2748482563268 86.6201187736064 86.5097861823746 86.3384440535539 86.3267802332607 87.0497086476272 87.1096637659475 86.6556643758464 86.899756458702 86.9839857547484 86.6536192452476 87.0311121350254 86.7176434385934 86.3698539631763 86.1531405374194 86.3719205259419 86.4826001762679 87.1082524683225 86.468625477166 86.6135156299196 86.1782504062859 86.0394313886902 85.6694414793779 85.6929434082384 85.268225058434 84.3171316631004 84.3973629899446 84.2971902880413 83.9178344259885 83.6555279736758 84.1961819308937 84.7079565195571 85.1410025555108 85.0469278345369 85.1350798676838 84.9987383556092 84.9856781735689 85.6579573264005 84.9688476010822 85.1084558789046 85.0793015582799 84.9920259253022 85.232142724334 84.583433204665 84.3543075405815 84.7177400188711 84.2792832322223
88.6451612875449 88.7088235597128 88.2910227635739 88.3461165779171 88.4697051165789 88.5672955820589 87.8200478602954 88.3152796344053 88.5654239081993 88.4730584895152 88.144071715388 88.4184003799015 88.3427501140244 88.0395363366469 88.1371870376723 87.8764459117511 88.3503496173063 87.8583673505062 88.1082154679613 88.5744580110115 88.4946307917388 88.1201550970993 87.7422253387159 87.7612541637042 87.2438388269248 86.9530588999712 86.6723095336326 86.2969407180036 85.9608172804004 85.6950829122488 86.1487253556592 85.959180260291 85.3510114234315 85.6734773042581 85.9405568679025 86.581826323544 86.2840624189438 86.0258595342772 85.9756781112088 86.3033826433516 87.1405334408337 86.6094978935442 85.9040688722794 -9999 86.3806848788219 87.2891121366091 86.2609787089898 85.6561570700901 85.8303355186581 85.4481177029637
92.7013502954209 93.0761883485585 93.5904378285091 92.9022930653851 93.0437037381706 93.8480208455393 94.2166424613698 93.6945015366552 93.0552126768034 93.3667184872002 92.9715011136746 92.9135887814032 93.437205423602 93.480408585145 92.9681626434686 92.7220489452598 91.9724597340035 91.937610687908 -9999 -9999 91.2527159506216 90.9468231109198 90.5704659158869 90.1987891631844 90.2558089833554 89.9603755467323 90.0506694032514 89.9014508375392 90.194197155048 89.5876976744985 89.6397181580777 88.7503653892318 88.246374145002 87.8585662171146 87.8763135392315 88.9080931782164 88.6131437877487 88.3688430487248 88.3093216931899 88.700094382126 89.1061882758053 88.9480566149325 89.1820093988854 89.200201068692 89.0958763834836 89.9945013067692 91.6996148821164 87.7614124943682 87.9706325599826 88.1331229412501
94.2805612948317 95.3307618579962 95.4071369830448 95.1138559079398 95.9775424796225 96.2483233455369 97.3440740804711 97.0606982947625 96.1700055252054 96.130847180016 95.9291130865948 96.0151805207031 96.1970477994053 96.2114620816479 95.4604834778701 95.224450614244 94.5264502073086 94.051463800203 -9999 93.46035632944 -9999 93.0850798472584 -9999 92.26489024289 92.386782751094 92.0711315722357 92.3892104448033 91.8776086363317 91.3172384167931 91.4378998936386 91.8871536565242 90.4778835826881 89.9333857846149 90.1249471675576 89.6193026996205 -9999 89.5328279724837 89.6360545968607 90.4354636971729 90.1730803490098 89.9031314736918 90.347362413645 90.3672617234997 90.2625322938496 95.6442841440425 -9999 91.7755945610284 89.7192065494926 89.846933888398 89.4268981297295
96.0292152806383 96.6978529477083 97.1465281151793 97.4778422778133 98.6953083305909 -9999 99.466207410145 100.069933682331 99.9362744607706 99.475291428956 99.3668404487206 99.5593811759693 99.7259237874843 98.7941423282557 97.620231755894 97.4129504197906 96.7599346908662 96.4578909893153 -9999 -9999 -9999 -9999 94.3247876962415 94.0946299891576 93.9686353888471 93.676369267622 93.3950381014145 93.0146407693314 93.4271914906024 93.5358305863899 93.4205410727984 92.6676908095174 91.8696813111135 91.6080574492594 91.3721615851856 91.4209554284316 91.6024444399378 91.7140010827123 91.7147771451944 91.5000463923836 91.2016300152957 91.7059585571946 92.008982458144 91.4874862949871 101.227619227885 116.2187419089 91.8698202572338 91.4247724035601 90.8900470693386 90.4349990834071
97.6062433901346 98.6776110713367 99.3701571958526 99.9244657352918 101.14412763459 101.317820856448 101.805970304307 102.615487986501 102.923846825205 103.206559914938 103.2033275088 103.153345476236 102.402221073036 100.822747466423 -9999 100.376229085409 99.9859829370049 99.4852902904606 99.3327458877703 98.9483556087531 98.2149155535099 97.0263444685326 96.0608097443919 96.7161063185388 96.9469697750225 96.4295169728961 96.0437321337991 95.327880102186 95.2147683297003 94.706441864207 94.4747800977697 94.3654772444337 93.8505712816428 93.1524694149201 93.1989935010357 93.2431887968656 93.403194479499 92.8929680087393 92.8416790211175 93.4986597050947 93.2945240393043 93.2996470854589 93.2037198489439 93.3403014919461 -9999 108.813487069198 92.6072640127803 92.0722303397196 91.9587833348135 92.2219868997938
100.082404394372 100.98497529251 101.586073426531 102.729486097821 103.601432920311 103.779992425956 103.5783037663 104.079145144463 104.701108474366 105.205845010143 105.737797155685 105.637830694291 104.693878163759 103.618051227423 103.131034789462 102.765372669759 103.202268798543 101.92701346607 101.735165971273 102.178441137303 100.728663773511 99.8158988755103 99.2868578286909 99.2082223349999 99.2354604741117 98.6900404407427 98.8835657568195 97.8653033789804 96.9671568017653 96.2697315092996 96.1615960904898 95.5115485719796 95.0045040131126 94.7656728675139 94.9074480611938 -9999 -9999 94.4317225117734 94.5973153553853 94.9590032543866 94.910600324896 94.7674246996998 94.7987062854094 95.3426191489557 96.8287736737633 99.3013003735315 93.9870720515954 94.09392436667 94.0630527919487 93.8904493894801
103.039792081462 103.507751538511 104.43413987945 105.715438880044 106.067330441605 106.250783878118 106.504946940147 106.078241577624 106.813271617317 107.214303753096 107.961079017175 108.075553891215 107.717232183919 106.77248139515 105.918999449979 105.127776266558 105.407497502577 104.837241257586 104.980068917598 105.305830623593 103.565981565227 102.94806447733 102.442031674376 101.488112289481 101.700018034244 101.089224193613 101.116729677279 100.094877154962 99.1916869111944 98.6515884806369 98.8383348068164 97.8151597262282 97.1164031757864 97.0010514008333 96.6508470166801 96.6885856228295 96.1459264295376 96.6365067523393 96.6743580622164 96.6204606376371 97.1156088060609 96.6533566897524 96.8473083195978 96.8725258267986 96.3488251280585 96.5278171754928 95.7977551535408 95.9204482416905 95.3763907126892 94.9096977180755
106.593595965545 108.012624720968 108.481878471702 108.956096926328 109.175037522304 109.577444197582 109.075877764537 108.936860152458 109.452548628208 110.085785535899 110.467999727423 110.492942459118 110.129718862818 109.767604137772 109.133829491059 108.452824986966 107.343372082467 108.074725512069 108.426477420868 108.698761932146 107.250194448093 105.836438942929 104.515344415335 103.464391182095 103.188266490727 103.164382914439 103.349292502619 102.692690389325 101.420399928018 100.616985616991 100.349291976189 99.8287741573717 99.1321947509751 99.0783935905474 98.5767733065689 -9999 98.5053432631345 98.6571556379605 98.2469948521417 98.2483042302167 98.5576980955462 98.4796628705303 98.9076963138916 98.5815067485794 97.8307061342938 97.8313752058763 97.6996479958562 97.3099071411767 97.2114732487634 96.6584343367353
110.664846164669 111.389779350719 111.402710399712 111.387270252421 112.171452673942 112.127070687563 111.419984835886 111.618143352278 112.031223661781 112.782414883465 112.983593552483 112.921736208778 112.320698835153 111.944439880132 111.497933452348 111.220681625004 110.283377023042 110.617287496009 110.612460365234 110.301440563973 109.715798928982 108.373500842442 107.312595432019 106.80160146392 105.889793932574 105.583312737383 105.761213736229 105.551754918436 104.216912817957 103.026638567251 102.091840493859 102.274646680178 101.371520030704 100.959373063702 100.8777985947 100.569421741451 100.432483107473 100.362318034084 100.207403266687 100.472839264756 100.260240439009 100.629070627622 100.464944785582 100.159590360845 -9999 99.6604746222159 99.7613370070909 99.1331860835835 99.6560798341657 99.6587867264891
112.659716632163 113.218421212188 113.335396195383 113.723879326682 114.897405404463 114.936856545051 114.398652148251 114.28921563436 114.098626388124 115.302712565803 115.332281851452 115.004590440109 114.605010544005 113.770736088486 113.742836450931 113.714599354907 113.159600818446 113.0800367823 113.445819863272 113.270922184888 113.058974352915 112.022610415549 110.940150118661 109.793092373324 108.763668182685 108.066845620637 107.950414224944 107.487543603586 107.204694597981 105.512711079706 104.441324328952 104.863856027556 104.038882621293 103.632205770798 103.245746646385 -9999 102.865588664347 102.733621066984 102.385813184212 102.76898951823 102.230956197317 101.955453288397 102.039652068658 102.55464798904 101.826610737214 101.799897070249 101.510558580371 101.39708573865 102.062412922365 102.105843978806
116.345169361858 116.025621479864 116.445958680565 116.564752024515 117.463333482195 117.816664198551 117.653141954208 117.707258943682 117.371388463717 117.532526823516 118.140628124276 117.310791339118 117.047386614893 116.079343936922 116.284335967093 116.109083898982 115.279117253379 115.385511259939 115.586590230811 115.950571235605 115.31359587488 114.497197769304 114.104137270278 113.138724263251 111.58811686839 110.891961693529 110.888307118566 110.491505837788 109.313393877984 107.937409549484 107.099205672297 107.490658612708 107.312395214789 106.730407503514 106.77538422036 105.36713517574 105.080270410305 105.401185510242 105.080064072747 105.276919559593 104.971795387069 104.525878997283 104.345417229521 104.607469409004 103.879842257101 103.764721549098 103.401686701631 103.364984546911 103.206680188797 103.110302764755
119.260837536023 119.163830359743 119.621050677077 119.949535978224 120.11945114824 120.581430881612 120.426802558016 120.462998509463 120.072882550787 119.745989822078 119.431524691589 119.2322268718 119.149000439651 118.626125485954 118.834333293328 118.564478336607 117.599341873617 117.622118901008 116.977875386092 117.324767444739 117.389275392888 117.507789888663 117.292078888989 116.831986496213 115.495181060807 114.415626459398 113.784638951927 113.977088100029 112.118120070535 111.208155497312 109.607267854891 109.990691265301 110.30409732505 109.564523761942 109.621551100276 108.074185432377 107.474600554058 107.75945238996 107.691000667056 107.576103737686 107.898414655742 108.017886381491 107.292332675563 107.020596864693 106.086774590361 105.647885912828 105.636662281702 105.705662683958 105.592146962785 104.965910484933
121.949881462904 122.114145400299 122.629442609903 121.939688848362 122.423694704312 122.732768283956 122.77601169732 122.456819993741 122.272049388846 121.749800752758 121.2420245933 121.278878321574 121.164666014187 121.330072113245 120.778385805952 120.688080705908 120.161011927934 119.661048146219 119.124339917739 119.213671092751 119.236843529473 -9999 119.639173221011 119.61091472467 119.332706298909 118.537544205005 117.07543869038 116.975645109149 115.775209434168 114.245254934818 112.554423894405 112.661604030627 112.849004963586 112.544974829912 112.307094543123 111.467599282238 111.247524007047 111.105443518192 110.810363316022 110.734158988181 110.100287188942 110.091847967962 109.366883878889 109.255472648438 108.759996459894 108.289153409039 107.872273000218 107.830129033658 107.52700262269 106.894330115652
