rcp4.5models/GFDL_CM3/sc1gr10.4
NCOLS 261 
NROWS 433 
XLLCORNER 336357.134 
YLLCORNER 654653.479 
CELLSIZE 1000 
NODATA_value -9999 
[rows 198 to 219 of 433, columns 100 to 149 of 261]
373.127571006192 381.176091364141 384.176928336999 386.651849405521 389.69944999477 393.912766605639 396.597320443595 400.152010657009 404.310718412264 409.0894984469 413.648369151129 418.0558804961 429.482330051149 435.053078833511 439.129144508109 443.1339518322 447.922553589772 452.462477134456 458.069934594463 463.353001291259 468.929896578629 474.987896238234 481.901475068383 487.839288133967 497.828038056573 503.69563297972 509.940980776249 515.079242021414 519.195381910147 525.567065965093 533.411060983746 540.173071832277 546.393322518527 553.693725970308 558.886749639613 566.127159307753 573.017494959207 579.288815191584 586.104898676286 589.750367824733 590.078532256312 594.130183708456 604.75513900997 608.428218485128 605.05648533113 616.291872554049 618.99364874697 622.559530284329 626.722657267626 630.7555586643
372.662398765219 380.571519333437 383.410403382727 387.098283153954 389.995275481406 394.177612300016 396.62705980764 399.785679920087 403.301166947887 407.77084732456 412.027554323413 416.425213552938 428.276405002054 432.982327867826 437.436328356324 441.640711712154 446.903420021631 451.250351708572 456.620208709093 462.178123798648 468.03878143138 474.313049020199 481.627652509614 486.753146364224 498.277760002189 504.339180300665 510.840642248618 515.026523496053 519.045856578971 525.317901977951 532.940744293245 540.449329846438 547.333061782371 554.250801647619 558.457458266862 566.811896602229 574.643807310067 579.745478470767 585.593609303316 589.083141531326 588.77634066438 591.170672378221 599.001346035404 603.346270513116 603.673258678913 612.940474106055 617.695824921458 620.796148535295 624.45049593392 -9999
372.982826917524 -9999 382.523475394694 386.789174278876 390.087816106534 393.84011908488 397.111172423938 400.095659974429 402.912931666534 406.611219978921 411.022987054018 416.082889058988 426.595459078838 -9999 435.781639772615 -9999 445.925020620134 450.534164770176 455.755142831037 461.391691892071 466.763718457165 472.864124720772 479.643796284689 484.907000826283 497.329662025157 503.571717602449 510.689231877305 513.98415115978 518.819261209118 525.109145005687 531.796974241735 538.801194859613 545.971307778872 552.831012703114 556.474823018339 566.867178925701 574.181781638488 580.201106117588 585.779612296013 588.66241590134 587.029760119568 588.702580520241 594.096789639347 599.492457384111 601.916510591436 608.043294299222 615.7934828566 618.871836018475 -9999 -9999
372.778405516446 378.388744255733 382.543306816113 385.822255927879 389.540975422412 393.583506190262 397.138395664398 399.903798575737 402.887977122544 406.453482541314 410.797549232838 415.304923461086 425.563705633536 -9999 -9999 -9999 -9999 449.581995185777 454.946641576396 460.21114861473 464.751875723107 470.844431300901 477.192413594241 483.391611403469 497.492880854245 502.480048961899 510.013522015784 513.436273214514 518.929736434695 524.875836140578 531.593344453732 538.111832228216 544.721346020652 551.093527902464 554.891284821744 566.82257787234 573.693420497081 580.082749347968 586.262989319718 589.841964915262 588.608606737662 588.300698480952 592.567115362362 597.770712994438 601.316664425915 607.152669788567 615.584753070406 619.257658671128 -9999 -9999
372.935645268315 377.571314832467 382.14346838852 385.307540449693 389.467984012371 393.031605520253 396.486635571261 399.991105313103 403.265546456847 407.150213212576 411.497631572481 415.226327611476 -9999 -9999 -9999 -9999 444.162349968847 -9999 454.157249935319 458.963767733924 464.167417962825 469.735009545453 475.987354530547 482.783006386539 496.636073095779 502.145015765315 508.67753786159 513.077699090802 -9999 525.401617675345 532.800737970281 540.136680731344 545.06708935469 551.708181451733 555.501355952696 566.236324056975 574.54959635819 581.278483608952 587.125590625317 590.692055478165 590.79205378086 589.685174455286 592.811255552192 596.868885315814 602.253174408035 611.041463312789 618.188438374981 621.567832371906 624.390647615311 -9999
373.525487664961 377.30573446912 381.21281197268 385.320152950385 389.393493025199 393.182352060298 396.647983839483 400.427635014669 404.138026551159 407.431133254069 411.181514499659 415.14147146332 424.944936453732 -9999 435.310961164403 -9999 -9999 448.393255774979 453.797100059626 459.543790189775 465.297269237972 469.711252426117 475.674021211087 481.9131672379 495.134964622647 503.011317758123 508.878978491178 513.886521197525 519.427252978732 525.904750973065 534.543008931446 542.073347486453 545.61940015406 552.08602754364 555.39268193299 565.772010425194 574.570439597558 581.981148157912 587.874725448976 591.222358766548 593.123966088601 593.566009946366 593.774986351189 597.288553708208 604.590134583447 617.483364023048 618.678098040013 622.591119767668 625.814088531372 629.308102659882
372.41914161663 377.405182307565 381.079972348842 385.8770164418 389.792999529926 393.88790156352 396.474210428128 400.631088484246 404.662071925098 407.179206149494 410.478106463609 414.395332784249 424.886675675402 -9999 435.173789542098 439.192984474799 443.142571150513 448.082321034367 453.433039390212 459.79532764968 465.745621158217 470.660348020168 475.848989241485 481.74029484193 495.947145559875 504.750689445392 510.787367604105 515.131359307324 520.044980994136 526.733506869754 534.276018546117 541.386666799669 547.526683688629 553.005809934519 554.906790437274 565.887990186426 573.852871783354 581.341239609652 587.520019288405 591.315546212701 594.493741142035 595.683744400344 594.534554248934 598.565725052624 606.831336462751 619.823244493685 617.861438816509 622.524627196208 625.890788461362 629.604005438471
371.27243661203 378.442288101052 381.430851259861 386.343244270027 390.064850994826 393.075738164605 396.644832509613 401.185919679686 404.72527401417 407.576217817701 410.946174933389 414.912145082323 -9999 -9999 434.379861436978 439.185820240693 443.275138098589 447.907533640217 453.018424404315 459.060781283495 465.681861760777 470.71367107494 476.392250868109 482.689506084196 497.290679726431 506.050768502748 513.512543046171 516.719512649205 521.613947695776 528.612335115404 534.386216125912 540.24434404054 547.412105474623 551.79655868729 555.019455483967 565.751222716579 573.050707425979 580.494346080363 587.382169722121 592.26428298596 596.775529725852 600.962122767656 601.736508741748 600.187846919389 608.559208754008 617.338961648709 618.925223068068 623.072868488749 626.077617621092 629.786889885687
370.093066195652 378.820248368886 381.986900512596 386.743518703442 390.690940333883 392.907572672966 397.703903349179 401.965497581999 405.2437521846 408.109761385666 411.785516566635 415.187255813186 -9999 -9999 -9999 439.235136687192 443.682605704261 448.050327382831 452.812410768304 458.492519630305 464.56858542039 469.90180774654 475.948870828732 482.961323106973 502.445070853967 516.084252697552 517.154837493294 518.225479866033 523.088172736716 530.606431339395 536.710049561512 541.957009982787 546.913478544319 550.540619478446 555.103939692131 566.816566805341 573.239261533426 580.891483038488 587.621838643456 593.715492951445 599.05223216171 605.767189005318 610.440586297443 603.341006421246 610.967540589178 618.402385446987 626.222595653191 623.798897576416 627.196089499802 630.918020651547
369.323945005398 378.353835620231 382.375811786941 386.98696919476 391.364894431393 393.588801606054 397.955188962931 402.417836483957 405.867624115232 408.609878994978 411.824740953154 415.756049628541 424.045188502482 -9999 -9999 438.770155611367 444.001025962725 447.985338432608 452.938639254926 457.762325487561 462.944368165681 468.840762112094 474.823712250316 482.364912043373 506.579676374012 527.097423514352 522.401347928154 519.50634675847 524.634032016597 531.971640781055 538.586112402451 542.319848876313 546.338682280353 551.327014116745 556.43695801965 567.82786576854 575.322159857856 584.017452589187 588.679816861041 594.950425072901 599.645602187384 606.216203318114 611.297828669921 605.009959020718 615.578241519506 628.245218970534 635.143741256091 625.166091489955 628.954947654209 633.336112876228
368.536846624453 376.418504752192 380.506799602428 384.873637099313 389.941087516657 394.919822217679 399.868971287069 406.748572157516 413.268885007074 411.68262621217 413.632606244371 417.021942428935 424.31089101553 429.216082520684 434.127000927151 438.440152253288 443.795689972643 448.477444124266 453.688123577693 457.845905617719 462.763386158316 467.884104784554 474.004489946665 481.692634502871 500.941981945822 514.675636781902 513.182514293695 515.551108478445 520.367282200521 528.757972159976 534.119191795246 538.520737743742 542.657045566739 549.458419329701 555.911425339299 570.215295829895 575.959269596009 583.813506067684 589.773781462979 593.515158427004 596.20268447669 599.714009701741 604.003476477737 614.128962575931 628.99370016425 633.004609495209 626.279819424663 627.982915241136 631.970085823546 637.908604147049
368.876929142253 377.038521178553 381.757351106553 386.362415679156 -9999 394.076900059983 399.810462183043 407.483526607293 415.311990672487 414.057261563936 414.106425372098 417.087774007043 424.493751495297 429.85701005494 435.209641771812 439.217287525299 443.881279862489 448.810766002524 454.347910454857 459.102930094504 463.150477668281 468.194303893788 473.755611695009 480.804484500565 496.842149889316 506.311955668171 508.967284116846 512.659210541889 517.544852898373 525.257176334724 531.541845746511 536.623103820882 541.443955707284 547.512819349763 554.120517564053 569.269754163876 575.773420898818 583.26837917829 590.508950507532 595.31038469137 597.394856298064 602.323652261267 609.823944559048 623.511438661519 638.375714823555 634.549367007707 626.925841712249 630.340894261553 635.149681743493 641.071526953636
369.859912317153 377.758820990157 382.997814113382 389.624603980504 391.51666519885 394.455971796313 399.325410241302 407.36888233994 416.659701973271 418.051417060033 414.455273139298 417.922404104923 425.057380968119 429.747881446178 435.58578109904 440.758620220159 444.306563585685 449.3276035974 455.002992239591 460.330755396074 464.033952023499 468.579852327286 473.62171208452 479.909191984521 496.129305233863 505.020143274258 506.068342702329 510.604432867549 516.638109472979 524.000820520349 529.223638220266 534.788755702452 540.239068600045 545.836419127492 553.199579220599 568.492209402944 576.395346047715 584.221858318625 591.106526007015 596.044736771925 598.038439291612 602.386570172874 609.94180738168 620.843211118003 626.861591385062 625.673476799062 629.104444149805 632.678296219512 637.586348392721 643.168712937446
370.854645147691 378.79148598361 384.202121258335 392.305235225627 394.530216248216 395.765339894816 399.230630120416 408.480745082205 427.020277847243 434.968615356358 415.780199239903 419.313536311218 425.940351243892 429.993753633102 436.263083138814 442.795488320905 446.704575908099 450.328608770784 455.950039008533 461.202128029848 465.502378154342 469.472228837245 473.956454372872 480.297903058547 496.442367629429 504.413539700713 504.677543507902 510.731201845534 -9999 523.570223399882 527.39767306077 533.44850927136 540.146114306837 546.45055900445 553.58405294031 568.781379494163 577.212774517999 585.861867506676 591.177766546964 594.695551702364 598.118929549817 604.024531606893 614.335516289945 619.396347654693 615.843050008522 619.987038896016 630.497238534492 634.164532851763 638.107196549242 643.069083582149
371.054761264373 380.105681523578 -9999 391.815928437095 396.526153868511 396.953725951982 399.319772023736 408.740630352959 425.655757142267 429.402054679045 417.160573578284 420.278289554334 426.528431595056 430.843482517874 436.609549417858 443.081576233368 451.003378646487 457.752676298277 -9999 463.179106193722 466.87341101356 470.163253397995 475.374193238529 482.854009895104 495.922044914372 503.297521635655 504.580521248803 511.263174344917 517.63083819034 522.658029252623 527.074327932661 534.558071115461 542.06141222823 548.018901469649 554.129306411602 569.595246192961 578.396866162965 586.682101256566 591.418135074504 593.599925956334 599.282004756744 608.327501635606 622.105241966437 627.34557693933 616.643130195629 619.633558286916 630.598513981098 634.96089888601 638.380207632642 643.621716386003
370.64329851129 380.138854771553 384.768301366981 391.683396865149 397.960871044036 400.860225848511 400.955195306612 407.33564155846 418.694717727752 422.217468850152 417.468041813357 419.919888310885 427.066312895127 431.983577940152 437.199011991151 443.349295756452 453.084092925141 462.18466308869 459.34854378751 463.594367347544 467.768620791791 470.156485995716 475.447414615035 482.137049005317 493.550070453927 499.590238941035 504.150778138692 510.497717837601 515.994968526389 522.027693977804 527.281924371624 534.969790834294 542.738271823201 549.681953519564 555.179497622687 569.456033599476 577.600949960786 585.786937015602 592.370467584381 595.32838866048 602.527835293419 615.884776097668 628.757388234183 634.240800412435 619.922234318407 621.361747300818 631.014888414874 -9999 639.948575584391 644.525071721949
370.225713951511 380.68622810516 388.25727267198 394.763626634439 398.576569887872 402.343217231676 402.743708727658 406.838505269025 416.204706178638 422.535608416572 417.82372052688 419.703333915565 427.793290982309 433.193328395805 439.441115336385 444.660767202224 451.016169935595 457.746765850336 459.703635269257 463.345556300527 468.273507286143 470.254668977692 475.329577945856 480.324920114583 491.927658926874 497.798263805168 504.377019041996 510.068120428698 515.892404669477 521.073196220246 527.253793338702 535.455711727721 542.675967186535 550.378827374838 556.983280294393 571.161985149773 577.482145445099 585.209928070165 591.883743260026 597.131508056605 603.957535033796 623.573753547041 648.940306739733 643.372549075122 620.28947585709 623.379085889894 631.925307103882 637.028052986355 642.04421268294 646.938992273673
-9999 381.655846676412 391.166019087237 399.234281649768 401.098294153098 404.291041365945 404.134859042911 406.841894263681 413.856224330585 419.44225603496 418.169131678489 420.588596770126 429.166344382331 433.937568991688 440.672108411731 446.241866186077 451.074453393104 455.542628455061 459.407118192827 464.380261093953 468.87244786277 470.648340306513 476.079372818929 481.603974931094 491.805057149393 498.15897312266 504.049808578645 509.681785610563 515.77523637454 520.869138017982 527.721283706965 535.742289004576 542.363654652115 549.075872577016 557.070515389522 571.713061124701 578.447736392962 586.177089817169 591.958329898976 597.813456713478 604.315521234086 625.894866009008 670.248897872701 665.876783304838 618.994937722067 624.774846802879 634.062234005177 639.003886670195 644.521220338426 649.628406440311
371.377842053503 382.483681277272 390.077135475679 398.501516208153 402.913098046323 407.403881932101 408.43121931657 408.57861336222 414.743421058364 420.346228305897 417.730568138855 421.230103182077 430.707330942695 434.448848520061 440.575905456681 446.60838297933 452.203639484756 456.842666877493 460.482395073238 465.188782787946 468.19353079323 471.663691480224 477.055537775003 482.648936649657 492.297518625678 497.970239494454 503.747979148318 509.712893900866 515.490543872798 522.026864292218 -9999 -9999 541.826354296972 549.87607829331 559.546060802508 576.885749068256 579.347151573135 587.623797215508 594.160356219068 599.58525982498 608.375541111119 631.9918154334 671.395715777453 656.646553364976 622.439700388816 626.55555487071 635.98510372747 641.676880930658 647.028640062315 651.922806141453
372.693528704881 383.167650312158 389.303960585918 395.583549523301 401.792335913409 408.833014402436 412.594974178626 410.936714728365 417.231085837906 423.180630368886 420.697717533958 421.873256791622 432.341584106166 435.180726984641 441.576673179018 448.622849347064 453.025287748295 457.696009933025 461.908206830679 465.097349821052 467.877011250921 472.610258262812 477.795939963551 483.496403608909 493.391881125202 498.69642963027 505.235139744614 511.118134530863 516.99285025607 524.219924304769 -9999 536.116454019109 543.300033278959 553.121560070274 575.052768888165 578.54017275727 580.773822832769 588.795370471048 596.799040702401 603.603933296386 612.10423895477 634.740141973768 659.894463282322 634.969109813336 623.808822891377 628.164355841745 636.045109020463 642.901867764729 648.477114861526 654.00025636589
373.076388612089 383.401208498581 390.528910347526 397.928001882242 404.286348335968 409.068623976548 412.402894698293 412.895609111926 420.192960851502 428.213307027611 428.381295021721 423.861857814004 433.184515706827 436.046881280316 442.63102304135 451.022312693082 454.4470585668 459.292909342898 464.831335638802 466.431272989618 469.267863235506 473.495357289138 478.870454941981 485.249288960712 495.210941451785 500.276491178214 507.168694727282 513.102058968826 519.120603989186 525.752615982142 -9999 537.468968616679 545.36238322782 572.457198282434 612.954203489393 575.662838292026 581.775913102519 590.424621635647 602.519704479263 614.413375079617 615.669991121204 633.203818476929 658.723496469535 641.391330642489 624.043955632811 629.477534403171 636.181669363398 643.451849910237 649.329077169531 655.212010249364
373.946625999208 384.291027587774 391.241451656022 397.177473401469 403.727794014747 409.03463957884 412.700368329383 415.139960106591 423.629624618034 434.236271659359 437.12202765703 425.763349241061 433.856619772719 437.045644825785 442.639371874817 450.470650086663 456.197587496802 460.986798819574 467.231922421379 470.386866378714 470.984539597009 -9999 480.356336290705 486.95198815382 498.011080559617 501.670463561706 508.697459028131 515.113173307418 520.778767755216 526.65384324039 531.868818165437 538.77354792977 559.199125393516 596.129468900632 597.245225261611 575.412373438817 583.070466945754 592.570366303285 607.757469296286 625.584192587602 624.828448087733 636.951099161034 655.187190503379 633.371492992416 626.365778518316 632.182496900736 636.713874048558 643.666035898629 649.894650339539 656.198001215895
