rcp4.5models/GFDL_CM3/sc1gr4.5
NCOLS 261 
NROWS 433 
XLLCORNER 336357.134 
YLLCORNER 654653.479 
CELLSIZE 1000 
NODATA_value -9999 
[rows 110 to 131 of 433, columns 50 to 99 of 261]
294.515878175992 294.688816598965 294.692194381438 294.648553635053 294.527478864789 294.316283010081 294.768634687881 294.815559745904 294.57664867775 294.413373563249 294.603679278706 294.651223046971 294.57239383513 294.336594767364 294.129789133793 293.560692851457 293.716902639025 293.549227630433 293.638182580295 293.281230799927 293.596229515985 293.381186443404 293.229129209095 293.345119853408 293.443249083204 293.264414254849 293.865175385584 294.165837996198 293.561402650673 293.371139068295 293.538316685966 292.980379060762 293.102776777725 292.660412652748 292.185176514575 292.049761735623 290.393506486564 266.777271989392 266.621852359505 266.728424402167 266.553242323375 266.459455928628 266.568717316649 266.575511344066 266.6515522302 266.922452971388 266.889794353595 266.724614711404 266.510415356191 266.070051284167
294.639472712997 294.642104233285 294.641821475761 294.520816174202 294.354589118657 294.549874075301 294.688670823905 294.688419781064 294.358439265202 294.549692182735 294.646312654444 294.764773941942 294.807855350952 294.479062831486 294.357395947572 294.001693966233 294.035258450678 293.492537683256 293.597453741467 293.383239526373 293.272970558788 293.425682836773 293.064592229757 293.336278688581 293.354114151115 292.777654107037 293.754356996193 294.182905108201 293.880714415711 293.552284423427 293.274566965112 292.964628918079 292.892914654979 292.570704193547 290.972062207427 275.220950308751 274.6761833906 266.386328665821 266.648092999566 265.849381643098 265.96538380951 266.266898361503 266.387775024138 266.585940518602 266.642118291922 266.663957218054 266.806077466892 266.682045430924 266.147597968161 266.003249780977
294.635463001874 294.635721484621 294.514205608345 294.347851397345 294.544096478838 294.635171320894 294.635156125298 294.396237500364 294.306618550319 294.637751288997 294.639256543928 294.684079441382 294.447550310902 294.129910657385 294.422412066982 294.25765899603 294.139683734149 293.933128689946 293.653262300872 293.691800930666 293.159210964944 293.260173498737 293.224127463957 293.327444385548 293.283688431653 292.546625216674 293.368735415674 293.971424030469 293.667731882512 293.538951912368 293.14701567894 292.73500018243 292.689505417067 292.748906737601 290.589762616828 266.41944045927 266.545272284472 266.355861481436 266.322364413503 265.493087471489 265.578160067302 265.649388951999 266.489946980582 266.669775412873 266.447556282683 266.215539899936 266.576451685564 266.711799293851 266.297278229509 265.920911124532
294.632820595099 294.386091248255 294.340258570872 294.417048759052 294.507143333324 294.507953444718 294.50807171217 294.298750585645 294.536956338739 294.631343188772 294.630177905477 294.513191158783 294.418928695321 294.441307198329 294.585446005737 294.525485406797 294.139501749666 294.145693545067 294.216282929082 294.112316684104 293.148293512985 293.158486952698 293.319067207085 293.321225810394 293.27566163925 292.532444379444 293.203281582011 293.855934444678 293.509992445057 293.606948319851 293.466305203058 292.988769878116 292.829382492439 293.299571167287 291.13674930826 266.936491114075 266.726454737826 266.456023949845 265.791143397919 265.6060643274 265.683896092547 265.642450156035 266.164527305349 266.126152685233 266.131120156014 266.310714601769 266.728353604018 266.515643075825 266.144811304164 265.762987796106
294.377635232034 294.411891481194 294.289696634024 294.333719687393 294.45570602578 294.576049156181 294.336878744604 294.412229779274 294.622456312385 294.508009232344 294.620199178511 294.349771259115 294.700284752264 294.863235154384 294.867224806638 294.97574738969 294.828848193642 294.476748249393 294.349464925975 294.143844227111 293.141963200605 293.146696726288 293.205582802938 293.302106142618 293.062548096224 292.618880013045 292.967492246284 293.48968773559 293.73781509642 -9999 293.976227333486 293.701278322825 293.506621141196 292.124190250375 275.558227975787 266.694486386295 266.532804919389 266.426529392015 265.892912517152 265.769754429009 265.764840287353 265.785662633035 265.868809849864 265.405166331492 265.857412454338 266.09649072285 266.634220269701 266.554032546959 265.838546126503 265.662101880885
294.655564381351 294.521561976383 294.609241269821 294.654206685627 294.699371793674 294.609171481708 294.656524837742 294.657875099388 294.682876530699 294.708182136756 294.731948688274 294.781490108802 294.837467598019 295.062398164205 294.952194610341 295.006685081272 295.124713953317 295.287194794069 295.187290297749 294.347198003871 294.165484495305 293.699687517204 293.157850566135 292.735164908788 293.366055236409 293.404096350827 293.210758745503 293.331687541777 293.052427132302 293.257730072889 293.777693846115 293.895848247707 294.036238997253 292.303128304026 275.632401927643 267.175075045545 267.304086704906 267.056991051755 266.807257557893 266.769960818668 266.405461219959 -9999 265.737047660468 264.916715654391 265.061157442155 265.7949504686 265.845323018296 266.138025283172 265.929981330794 266.054194181327
294.603837777385 294.725391731119 294.845740015361 294.602348347947 294.602336728182 294.602447907663 294.603090144596 294.60449594614 294.650875774043 294.60901317244 294.778844541191 295.002094542782 294.785266728997 295.099348415536 294.835949619268 295.063390217542 295.125438774794 295.166065255915 295.108144387756 294.883704927647 294.38203285386 293.972804912911 293.154594603951 293.612597554767 294.018929156335 293.911163915878 293.856855034346 293.781096765835 293.543033027732 293.681966004856 293.562380507679 293.823265620002 293.878437070033 -9999 267.723050050382 267.319737517508 267.271946098359 267.196168660952 266.865019383163 266.546882897487 266.021956167633 265.952023287104 265.857706091217 265.544862833788 265.59856603763 265.540473409651 265.273536597898 265.90884371656 265.883770280313 265.932574778527
294.965214261836 295.129196342893 294.927756863606 294.717076800825 294.716645152636 294.711304406081 294.598588942765 294.71618496302 294.707785856828 -9999 -9999 294.409699395992 294.892576268134 295.09874812405 295.007325061633 295.110120201049 295.221836549306 295.110167682892 295.11198400776 295.108601623205 295.001786099503 294.695105858861 294.026873010471 294.082858973544 294.287664588946 294.231088349999 294.11727603632 293.961129267382 293.932481919028 294.111596373604 293.815225574487 293.911637154216 292.228403386168 275.745086896493 267.593194832385 267.334527476684 267.234125925897 266.773641048307 266.550537561593 266.35051069289 265.710777005674 265.911601834848 266.2368813881 265.94628431617 266.400093372362 265.57684222555 264.928343954625 265.608268666673 265.225855920499 265.438829463922
295.335329623077 -9999 295.040457579896 294.63255203695 294.515074190732 294.632669148774 294.710193910441 294.753789855778 294.625124383383 294.145919548342 294.351634874076 294.219333614334 294.456515092969 294.394965195123 294.398731555717 294.410009675835 294.581672125453 295.103450994911 295.11157774594 295.217747866293 295.155879720489 295.026669456299 294.552788435438 294.46478645189 294.62929366652 294.722408089484 294.573185265602 294.590917387228 294.705038906073 294.320270693174 294.008225203209 294.39470039629 291.741749836788 267.538894781594 267.306920396286 267.008654863824 267.375087280378 267.159202350601 267.065649439446 266.722635432954 266.284719237952 266.381436763283 266.660878144696 266.49462526431 266.691130946443 265.787606587336 265.591125709142 265.760624252635 265.402032075716 265.09708782023
295.661434135056 -9999 -9999 -9999 294.542840981273 294.943387736398 294.623858293192 294.390923392641 294.342018741437 294.20439148664 294.252081776958 294.253111836168 294.247675123265 294.088814989488 294.085013300193 293.972678783874 293.929846972 294.662780696007 295.10806082646 295.264006432567 295.216121343673 295.214798392461 295.163527028911 295.047122169027 294.886046440136 294.822862694676 294.675828804339 294.729983572842 294.865168307829 294.464479730344 294.531995126977 294.715871783783 -9999 267.406469810393 267.340814061665 266.820720450112 267.046174352569 267.134658995871 267.011284570928 266.802981659783 266.754189521522 266.764574751047 266.834345515839 266.929995090621 266.803571963 265.958289214896 266.077880342314 265.949346720323 266.170341445799 265.64342466117
295.618618850819 295.497059785147 -9999 -9999 294.33346115944 294.360391823873 294.786577624738 293.780294585547 294.243460227766 294.244238256182 294.240811932742 294.128740949515 294.128198193303 294.061229886006 293.616001122703 293.568092775308 293.527449333414 294.231781653334 294.873052256894 295.046639167716 295.262366132592 295.275690913032 295.429635197048 295.365479410565 295.149691861537 294.992936687841 294.934769070906 294.825020918902 294.572844454015 294.693496537485 294.909283625915 294.916765777093 291.434937466902 267.49958693078 267.346400035685 267.201730550474 266.909171199092 266.886225003377 267.00830669029 266.878488744293 267.289812897461 266.83947686369 266.943226744862 267.000101946021 266.858661500401 265.994843242243 266.592903962454 266.55427236547 266.372580288589 266.110217513757
295.445622318475 295.401591894924 295.408270474066 295.777211572608 294.110048878179 293.948052994316 294.051100079281 293.58654361026 294.113758096088 293.992147302592 293.783608353574 294.184984983765 294.073672834285 294.071025357469 293.990428436524 293.965987692292 293.515593119005 293.778644868104 294.433237898592 294.8130727202 294.930296829954 295.156125069205 295.321935766916 295.416459040883 295.286172927944 295.520269805827 295.182216282149 294.808984640731 294.59395408282 294.924147058264 294.239639009612 294.757160476061 291.769754628494 267.626635140963 267.49671787632 267.231342605186 266.950753736635 266.795867336463 267.419183680278 266.971317237158 267.575465027917 266.948423214226 266.991792633571 266.917412438242 266.885573636102 266.166316094968 266.862089647741 266.855258388109 266.440977530537 266.262176734919
295.760531922779 295.619592455878 294.54111612579 294.432178783269 294.053649234525 293.772674948707 293.730471154632 293.804870511946 293.933650485263 293.652137729532 293.454895848394 293.664236110184 294.072088000942 294.186867682746 294.229973640793 294.110751158293 293.892891966025 293.710354572557 294.055581083977 294.632742818044 294.642547860883 294.773120133249 295.152675909172 295.314118995498 295.417969226325 295.933402778223 295.350539221974 295.064204631362 294.639575409907 294.953997943747 294.570228943035 294.847067813765 292.262904502499 268.068315862633 267.885223824915 267.18070575486 267.357482798706 266.938299940321 267.382700174398 266.948777675715 267.762197641184 267.577805369156 267.097943826604 266.950652087614 266.875281209911 266.645011779636 266.862867333957 266.819339781667 266.468024663533 266.014467534582
295.753905600232 295.093243304258 294.218363100829 294.121110174858 293.8065531802 293.603742785743 293.722654079097 293.764952532983 293.64351648569 293.436291854507 293.380219094554 293.166491368182 293.372612036482 293.651464853778 293.755841714652 293.588222560171 293.351353856168 293.044905386441 293.043469225635 293.816148437013 294.356377981235 294.484381994715 294.745743694249 294.839127717994 295.368781757712 296.068089163549 295.852641325343 295.617912164764 294.617936666469 294.812775759379 294.727781544703 294.835424340009 292.13733835406 268.278461116217 267.88958521414 267.514228386181 267.743285365081 267.536998719148 267.516478614881 267.341938660971 267.9618180048 267.979566757532 267.611794118291 266.913414735215 266.864184165734 266.897255154535 267.036731066114 266.754224055034 266.538029807383 265.865459134774
295.577209216808 294.867791669943 294.331528827367 294.199277990784 293.711626101987 293.671945895076 293.841876177022 294.045402617712 293.427961986686 293.382495593909 293.367868128554 293.056939799555 293.192322412972 293.609801469997 293.429725281033 293.268375353541 293.167067910249 292.717445957959 292.613148412086 293.320493070342 293.810487189383 294.207491253314 294.572327584241 294.601394500545 294.98719946754 295.866287331995 295.975945957015 295.983211978461 294.70557573763 294.753945939603 294.721812179376 294.885472379513 292.182336310697 268.380566770554 267.919303360467 267.805326807954 268.039395021693 267.92815658101 267.777524860078 267.750425364481 268.009713350882 267.907952162564 267.735770673632 267.170158232194 267.082932925174 267.104029569853 267.173388536419 266.851618373009 266.334894699984 265.956386693907
295.527486633525 294.978876549431 294.371317937774 294.3079282891 293.709647502699 293.827508661287 293.919509557841 294.988143776942 293.858191303812 294.07705436713 293.947161763545 293.625788389989 293.557278087479 293.474898679463 293.3713882781 293.216087418541 293.23972214578 292.749072255937 293.149249369969 293.451856124067 293.476908297845 293.894146407741 294.574315074366 294.67490340113 294.653199206488 295.023334091461 295.721557097309 296.062264237113 294.739060370175 294.653928137681 294.761287754095 294.844910832262 292.269693137866 268.734180150778 268.033391408273 268.272620043216 268.30347426819 268.43631046008 268.386408113834 268.389029185183 268.194454844796 267.8613004024 267.810026794511 267.760962794312 267.515408700719 267.399409748797 267.185333235726 266.896827248587 266.478826038921 266.196475546663
294.737257613849 294.343208247311 293.875184751252 293.941666208347 294.198034859332 294.369829464359 294.212842692013 293.647632132121 293.646044557773 293.571055729304 293.830177942248 293.629424320116 293.903695192276 293.48531238602 293.531484725042 293.338080705472 293.791795449249 293.39264012947 292.953308438401 292.793481412512 293.802573111981 294.111025894925 293.659974577511 293.718329559602 294.301255969986 294.578750173664 294.868133287611 295.692008447178 295.737396009823 295.268641679818 295.144444144152 294.359118967586 284.339988087678 269.174162456652 269.119178090933 269.057950274601 268.941078718101 268.723371552811 268.458313254374 268.240513989421 267.851331658089 267.939624462891 267.899880538344 267.949157901187 267.850353390912 267.503404147989 267.22237954624 267.220070343453 267.170325828886 267.028926659674
294.394519527719 294.34471262675 294.162705277504 294.023298719308 294.183576712653 294.171470608221 293.691772264557 293.357533062884 293.47040900303 293.476144367071 293.557957108746 293.367021047141 293.555295164602 293.527695710832 293.574486871342 293.506681542714 293.051242352175 292.831569762205 293.27004104148 293.263827351858 293.194688044667 293.237747809172 293.650841250961 293.620724362441 293.881787205421 294.471400560333 294.796987369732 295.031564357269 295.576861981569 295.6564099282 295.539939891775 293.895160592843 277.674761553296 268.984225530178 269.071587721388 268.961340784949 268.765607232192 268.369670278373 268.269965665605 268.231510408248 267.472160990555 267.895445884118 267.900271787858 267.905115531973 267.885874701829 267.714488394766 267.508132492565 267.414890970636 267.318146454087 -9999
294.465653433069 294.460343938123 294.325447814679 293.890754931065 293.935811817758 293.965141765511 294.559609352827 294.16322469762 294.002840947196 294.288624743768 293.503467896678 293.354961651267 293.461159127563 293.378082214632 293.05185350729 293.014653861565 293.253958400501 293.084636817682 293.013953368546 293.597216411771 293.062149955986 292.778411313751 293.045298261957 293.249479683036 293.770698381853 294.425400795337 294.852361172397 294.627961483702 294.921229191349 295.608576754797 295.597234901791 294.829853272193 284.369965185341 268.773376716705 268.89214144034 268.622218078137 268.351509581577 268.119970216856 268.204139838065 268.07254594789 267.371548822971 267.602788055703 267.728764551691 267.884034691862 267.685817602802 267.539799065149 267.482419324915 267.434141324509 267.345039498756 -9999
294.498432759859 294.379279661783 294.3347342636 294.322430420609 294.440948863506 294.555122525074 293.926268390006 293.787923673341 293.747710195199 294.533568055767 294.205341094754 294.108053580654 293.396275222301 293.448337228459 293.269979047599 292.821680768669 293.183610052058 293.220576619473 293.072374816008 293.542910429861 293.147541138307 292.693314164548 292.726204546414 293.083554410054 293.621263656307 293.975103149764 294.463193295092 294.756885864497 294.948716633731 295.550240591206 295.56612706107 293.640055046863 276.975847449799 268.873706801905 268.549266371606 268.570191022109 268.730483497906 268.554628660756 268.296599538875 268.033954815465 267.575095752933 267.286658452439 267.212491806071 267.516843118309 267.524119770344 267.168051368016 267.359459160653 266.941753370823 266.995598604753 -9999
294.605724339732 294.323119716538 294.246042030854 295.070736039373 294.514227617654 293.97408847979 293.488569882672 293.377426809363 293.403039004769 293.829003270274 294.381230796824 294.359501433614 294.04269198364 294.196875465607 294.18097933334 293.966505670754 293.684878226897 293.528225722029 293.651833628582 293.834908108772 293.549716942782 292.696181616732 292.810523653999 292.928239329728 293.09776694685 293.313573963558 293.923954340588 294.432499735718 295.387597924629 295.530663699681 295.387015034771 291.943654733508 268.827236489772 268.90648437447 268.711171975041 268.803113185969 269.049737088993 268.937004858073 268.434475254398 267.915200145657 267.407519054559 267.252527737447 267.214118391132 267.0284222892 266.883280722033 266.971525433915 267.07234652822 266.733699944343 266.792147478462 266.797297787433
294.989978032443 294.35607867896 295.09531074715 294.592570227725 294.468598822096 294.100844664858 293.366076802051 293.328468571353 293.435599258544 293.365493283765 293.302621143005 293.766476589204 294.064668702241 293.684272551544 293.723442136253 294.140623683312 293.990927532196 294.015588085227 294.040325591606 293.776350872173 293.654321609663 292.908105821074 292.948642278628 292.849914687126 292.869195326568 293.113056187454 293.952998027561 294.345478326615 295.240970668715 295.516517612713 295.319480603265 291.841646755925 268.973916944172 268.896915259247 268.955451642295 268.686599188177 268.744425546621 268.712481270385 268.436729464934 268.134588626954 267.348854874635 267.242379617952 267.063460717427 266.720139513695 266.699645256794 266.936474933115 266.811989408918 266.58964177471 266.595551416922 266.634911517641
