rcp4.5models/GFDL_CM3/sc1gr2.3
NCOLS 261 
NROWS 433 
XLLCORNER 336357.134 
YLLCORNER 654653.479 
CELLSIZE 1000 
NODATA_value -9999 
[rows 330 to 351 of 433, columns 50 to 99 of 261]
326.912618603739 327.567378232184 327.89083421994 327.666009407616 327.959047456703 328.0686056089 328.443304422139 328.457219439927 328.808966505483 329.645863379279 330.323150386139 330.514319198186 330.529066537671 330.333438830117 330.051884011514 329.970799197462 330.416825923935 328.433756662834 329.165754256222 329.347018695435 328.040864985369 327.929649846698 328.104143994056 -9999 -9999 327.217475748182 -9999 327.872614958439 328.089345618294 331.264868473108 333.783120209553 334.449137212493 334.193313383675 332.383714705798 328.150715768593 324.37742807548 325.674873076142 329.725054185584 331.150065156429 328.431157914295 327.333133801902 325.854405005964 323.108397428979 319.64017474235 319.97286465992 317.332305855106 316.432440768646 320.439835974123 314.647884712762 304.337530931815
327.139184964396 327.667605350801 328.161197243632 328.126822872084 328.183063245581 328.15121276868 328.385313129456 328.398002109881 328.620978721858 329.019049954734 329.210320745952 329.890939351479 330.463037718393 330.476533617803 330.278497179637 330.107941062075 330.544687285408 329.744569649755 329.968988837148 329.337035874372 328.479935465836 326.964338756027 326.174103297745 -9999 324.850964793047 327.022181089293 -9999 326.174038131679 328.952743534668 332.376029420852 333.745318648858 334.058230827163 333.870972851721 333.472884629466 331.575465352048 329.013413928711 329.564538970475 332.189879628674 333.392233158943 330.326029948019 326.109463871422 324.318592342958 323.496725074191 320.366487465025 321.230205014281 320.245872679084 319.766775150921 325.452118849455 321.421571515364 309.848401071664
326.972777049661 327.466258141918 327.63884238225 327.65251575404 328.369447879154 328.57974026781 328.327198266654 328.338657766158 328.350139266001 328.36166496212 328.708363586243 329.752655966957 330.396835753617 330.40883865287 330.421031954114 330.1096513468 330.166240993008 330.472387540589 330.486051365454 330.072842236556 329.913504471583 325.441042380115 324.590614684056 -9999 323.518222498261 326.005109427759 326.647603293533 325.946662378792 329.704555270712 331.827232151081 332.358724623422 333.453468630054 333.763877212901 334.072332097024 334.103002481691 332.644612584189 332.419306280024 333.679558403957 333.386091953602 330.479227135609 324.822225620767 322.805592528194 324.410099288594 322.887568539669 322.478763344993 323.450853173779 322.191124979124 325.344512743967 325.009398474385 318.975766555666
326.767011969405 327.566557367 327.489854526861 327.582846487877 328.285317218045 328.413356945973 328.268999507785 327.936099322213 328.013819806758 328.299579298018 328.522507507387 329.256340621391 330.05339055245 330.011784967641 330.073774070701 329.823935260252 329.587521165307 330.396427215212 330.408352429638 330.420654926184 330.121643006443 325.326871302521 323.15955906233 -9999 322.795529525216 322.726481607301 326.195988603108 325.398305920013 328.148977073752 330.240894350325 331.905983043142 332.8487332374 333.085174478472 333.891812998013 334.207494587682 333.300708065332 333.3140543903 334.059840126384 333.672864357631 330.746911651579 325.616466660988 322.461614818393 325.857143297944 327.10402447319 326.088816962794 325.761744336811 320.560882874981 318.968185842531 321.02130700563 321.226898431677
326.98881600293 327.726166977837 327.953751917545 328.012977918681 328.183318658774 327.84121427558 327.864206222663 327.388970028467 327.441656955371 327.962828268555 328.583325917993 329.079158972575 329.478168907681 329.782495009309 329.773258338462 328.497041423182 328.468690886494 330.320289321255 330.647324103625 330.619904667285 328.886057878193 325.462590606585 322.626767656434 324.500919065626 324.169661927643 323.306788162982 326.344072487312 321.586775983331 325.841337086837 329.239111678155 330.273795844199 329.959433754296 331.981277915731 333.568773821359 333.525624128045 333.328598571593 333.359645827134 333.038269999944 333.340653561626 332.92054628641 326.32017232273 324.018790359058 326.206092946226 328.97019031916 328.238109886242 325.8692575305 317.974401811422 312.289034725781 314.419557298351 317.392153886045
327.093949337719 327.314122461873 327.481951747807 327.849917139635 328.128501294008 327.571448488162 327.319446983258 327.160102607099 327.510445088109 328.003148087264 328.397248703018 328.916016652253 329.197503657994 329.751356753521 329.668188449592 328.573144798728 328.352373801806 330.244029081846 330.786404941049 330.413685925099 328.186152130847 325.502601283506 323.330697020516 324.693423466508 325.337910883087 324.851489040075 326.576842782336 321.784241617869 325.45889081778 328.361029986753 328.295167938024 326.498802554082 330.031980898595 333.174456151253 333.262023717798 333.561867268571 333.590114891921 332.336208786072 332.826180148277 334.095210419465 327.586386489383 327.628403362581 329.261191289272 329.774824874571 329.637989708503 325.443912708764 315.808854585783 306.756059561201 305.783643688673 309.618288108519
326.99230564092 327.577223766484 328.006190951012 328.226661368686 327.965257410468 327.507712347207 327.035735520944 327.603765593658 327.701120123955 327.563903669886 328.099282218177 328.450830881518 328.792475323756 329.068721693188 329.403794462652 329.350668728148 328.864300825171 330.170443388377 330.558588079985 329.783912770979 329.200575943588 327.434977441867 324.220010374545 322.84762430649 324.706394124294 325.616019574285 328.489850890905 328.928546501191 326.461510216251 326.317926433285 328.91577007718 327.030141810526 328.556959760659 332.67215750343 333.250747153706 333.549586934067 333.784371778807 333.802015063474 332.955675350253 333.163479517241 332.87584820763 332.597536574963 333.994076222499 334.23586862777 332.314317327046 326.205626350383 318.706734242716 310.333311857269 306.301474741257 310.135488377805
327.309790555029 327.426804973047 327.324934842671 327.332442068853 327.339584240542 327.130673474406 327.595817668825 327.814401898218 327.422291919547 327.548977741723 328.33263568513 328.603442740999 328.822405382915 329.000591601309 329.221675605348 329.186529189947 329.336028120458 329.775014749739 329.884573349501 329.527998059386 329.396068351912 327.51253984371 324.844119783899 323.702860721154 324.898008710212 325.217298576147 326.697326874309 329.291314541864 328.160776886522 327.18247077701 328.603479336773 326.042315528607 327.463713452856 332.416223846898 332.851528229903 333.087086797918 333.665363634602 333.961357600226 333.981053517777 333.993744337943 334.257883851551 334.280361842253 334.304280305738 334.329699247345 333.012892532708 327.970684077177 320.585224344577 314.826525582356 313.9129159359 317.9405630856
327.737854285928 327.313981965317 326.900800912986 326.905218636671 327.26837138898 327.534926985667 327.567517381994 327.305741176669 327.438896138064 327.756542634294 327.804547110676 328.052626552156 328.661936084212 328.932494381839 329.266249110569 329.535741413863 329.754564325112 329.430120185891 329.447357939189 329.114956572977 329.079170806696 327.532145961358 326.351642703943 325.863725768526 325.867263666513 325.790884948045 327.29953828274 330.459319304585 329.498569877666 327.459673375997 327.94350225771 325.050589266909 325.58921050179 331.400572953552 333.089649587186 333.098517697125 333.265387589704 333.778616964383 334.074975445413 334.09097846041 333.843441398459 334.146959700395 334.168465909726 334.191487912294 333.99962600297 331.535163987873 323.019255561039 316.96000360623 320.019785255213 324.781982235645
327.208098462815 326.998294359368 327.213480575033 327.477300047413 327.335382369722 327.235436822736 327.377656123791 327.478011209077 327.695964878205 327.864096252565 327.645174678926 328.032768992666 328.690544454688 328.864474227193 329.084251180046 329.594284244486 329.534277634937 328.668434139904 328.539743367433 328.508073293505 328.399415281834 328.829030640137 328.295244076103 327.419665989388 326.940501230056 326.335820283262 328.188908014387 331.115522168085 326.639068435577 321.829007184584 322.920810691962 324.915207591654 323.034607196636 327.646722458502 332.849424700754 333.133604052469 332.927794411512 333.439169276497 333.672263390836 333.683225618451 333.496770631924 333.730412325886 334.032538260846 334.053147998059 334.341574555445 333.421602548736 328.351811668118 322.823361460102 323.863573634839 328.433036497139
326.78938640062 326.79276888823 327.379617611179 327.43425539609 327.31955061778 327.063935869846 327.375798700259 327.8029682436 327.802696634061 327.802061576323 327.45724233848 327.754236839461 328.531685402357 328.796564840247 328.794615131554 329.345787939093 329.239234166551 328.256735476272 327.443980709189 327.106530740109 328.366860499613 329.808632144932 327.953439182708 326.956597918226 326.311836677221 325.114587481885 327.606900523502 330.821938434371 322.588773316726 321.425588738181 322.813384542901 327.314783516348 325.332199357362 327.087832160477 332.015459730922 332.80802422022 333.088209785914 333.319370676348 333.048446231474 332.777659991928 333.09000489678 333.370994756156 333.89660072118 333.914783038623 334.152478453902 333.754248585189 331.587754378402 326.177606277167 324.412512756212 328.698666190561
326.480346097264 326.741282265432 326.961797317554 326.900683054788 326.964731326708 326.905196986765 327.319797367384 327.743725369574 327.74213935735 327.392897390965 327.252219585189 327.563788040701 328.293740485409 328.728771615878 328.725245016614 328.943679046461 328.897400568206 328.526532466602 327.066579985274 326.245704009384 328.004187651779 329.423398859839 328.891482118509 328.233721798394 325.51159787084 324.247773978589 326.063877343004 329.058712700231 326.096413534622 326.741690599721 326.603617320738 329.325465982019 330.188666194337 329.03669250493 330.859912744346 332.691569481895 332.90691444953 333.199728031624 332.141687957139 331.373608622869 333.289311055909 333.247410970913 333.478987359917 333.776511041412 333.793911256433 333.813032740429 331.643327431603 325.211669725789 322.657803513613 327.451158942967
325.907143226026 326.061227569711 326.432772841569 326.6912483874 326.327715207642 326.430480617666 327.52477482591 328.037798370138 327.943664989443 327.108181054772 326.896858585261 327.406959557605 327.888579567489 328.396584086654 328.656042551985 328.984550270682 328.911304019446 328.960628120663 328.549804836578 327.885382509297 328.561113296179 329.421159973547 330.144165944524 330.152280605731 328.417100856139 326.975734470294 326.518895929849 328.26244282125 331.00191528475 330.561953861037 329.835535521623 331.04583643396 332.343772219683 330.661645508933 330.95108108418 332.569201117432 332.571995783585 332.797496572342 332.135948059734 331.702803745944 333.323351361457 333.393125934722 333.397582690009 333.63845091243 333.921353812676 334.218764187891 331.556981221085 324.381972928697 319.342031193663 324.317276740398
326.268353522849 326.266948386513 326.485484531728 326.638042336152 326.415494828698 326.476637981569 327.629327887029 328.202314643976 328.047102271145 326.695469652607 326.696721632839 327.43594463054 327.941952624986 328.420209323052 328.587043050229 328.804089929235 328.751506909286 328.782314833152 329.283933083918 329.318327080783 327.743128756116 328.187238624946 329.427824622218 329.660005323888 330.23571366529 329.825228201825 329.227162776502 329.664506771685 331.425864808998 331.672980746622 331.762111139275 332.253706254494 332.45792094936 331.717718008038 331.465004605015 332.177777030236 332.168557140283 332.178523413016 332.739446677424 333.019145363237 332.415247643881 332.927116329871 333.209823031407 333.500711190261 333.733306750732 333.979295735066 332.151135156787 325.598096223694 317.44533403911 319.105108210704
326.963704739013 326.842132449741 326.586604827199 326.584987685043 326.582686817992 326.942522273596 327.313706681582 328.145517788593 327.985119087781 327.107597854248 327.213222469429 327.541855490656 327.75888214462 327.924091509765 328.255714214399 328.509723698544 328.500891938693 328.811212153919 329.290075721316 329.463721421193 328.327525014081 328.503686613131 329.527246841051 329.502267530006 329.954953034069 330.096960715171 328.586341514904 327.507766367808 329.546391597709 329.866859812741 329.032334043099 329.807269992623 328.61049898498 329.657033732642 331.615705035378 331.850134637494 332.112952786104 332.402719737641 332.834847088275 333.059691840732 331.566692131499 331.516439769274 332.570042470993 333.363421999142 333.373540671227 333.652717275138 332.975253984889 327.128166633936 318.957212693852 316.162262979732
327.136521485708 326.93996020113 326.534698065844 326.532108508081 326.528775268688 326.748300850058 327.354051926874 327.376644172394 327.407572623035 327.494270226601 327.486341945814 327.131712161439 327.208769350222 327.459564311503 328.01442504075 328.439620489123 328.429140388891 328.6335463036 329.132207380314 329.385026833306 328.083173990743 327.338243921104 328.778339342344 329.530723197398 328.613480120516 328.708194982169 327.474487654621 324.336295709354 327.032312063198 329.597813767159 325.747654621332 325.598182475131 325.937922680644 327.873725060625 331.440419722933 331.159578351536 331.670501553215 332.439899445436 332.431508441429 332.435754327381 332.322238004172 331.272154334538 331.933443898133 333.226703509916 333.234387764485 333.465025077203 332.203621476532 326.580845725147 321.405193936398 317.552548995172
327.088649411588 326.887071562272 326.482963605868 326.849497712896 327.096064192283 326.724089369764 327.457402367023 327.224681599741 326.569603693735 326.919056296335 327.074464573294 326.929647028578 327.233723970147 327.392888416735 327.948036554319 328.369804115047 328.357695905131 328.332624708242 328.218794072269 328.779777963033 328.385064100143 327.529375843769 328.435521724877 327.670278870093 325.97030120812 325.704858689153 325.069178660941 323.340689321087 324.440859512478 328.207481149826 323.166553662123 321.530874642468 324.717864256404 326.564446076143 329.755638084712 330.305856075181 330.854226561782 331.811735992496 330.967430996859 330.418693988891 333.085057899079 332.415592225619 332.409814141505 333.090671019216 333.095912567554 332.834706562394 332.082490399335 328.840140663662 324.102904395653 321.134027056994
327.04093158925 326.834355797667 326.80521721678 327.274459779628 327.421533521287 327.189799765089 326.785871483787 326.779264670603 326.318743999537 326.435143703582 326.878622419734 327.531050653604 327.596523487758 327.326518047784 327.881957982832 327.962015777125 328.02663248365 328.258192033513 327.686734844289 328.337929946732 329.213831996417 328.648757758075 327.452399414978 326.652924380872 325.441999232207 323.164791689121 322.591083988475 322.800333379308 320.300098190643 324.145730590735 321.511540615067 317.281116045617 321.139101444129 323.796887889282 326.949011936565 328.242485439638 326.286021858017 327.878409625424 329.984375727799 328.660079289322 332.406444201658 332.955070083612 332.954435258933 332.955446467016 332.958246777133 332.331426413116 332.426617285588 332.47596523865 328.84116106925 325.194688228227
326.338814500479 326.334326916192 326.55546458345 326.700611087112 327.065828093586 327.306886958844 326.766944606336 326.436368590929 325.549861066714 325.619638177854 326.378844235122 326.97039964631 327.439351155806 327.364807533803 327.178898186602 327.502550586982 327.403112718159 327.880828427162 328.013051964967 327.922448107491 327.872082784891 328.360762938908 327.039797232025 326.662585772068 326.165470164542 322.626841004705 320.207136830715 321.23279457586 317.857795336376 319.038081223627 321.253073148939 316.160925053359 315.793155655558 321.838770407999 323.088167469777 325.364497413967 324.061740821203 321.322847346171 325.876372930072 329.271954556879 328.072124263158 331.651930923203 332.691844723896 331.241612665183 329.196366793932 330.62306973935 332.687663233232 332.811515429023 332.824234789158 332.707758407628
326.28955567444 326.28425396189 326.27795141425 326.270653824261 326.490566053353 326.635550788665 326.025338465655 325.968833125896 325.388975417912 324.318167806223 325.609357072693 326.996434525833 327.146279695667 327.475354779744 327.367176516522 327.324647613126 327.250263717985 326.931012246807 327.990309135036 328.179269995419 327.977597568266 328.187837422371 327.892551255607 325.257977189031 324.775879192782 324.091598441092 322.665220830894 322.233752006139 319.994957536227 319.601553528974 320.643492373119 315.807964912831 313.258494580017 319.036305488893 320.757338262005 322.781275196376 325.4416172533 319.804845782856 319.496780406634 326.897528362593 328.241162163382 330.258372812428 332.012142996056 331.830452051297 330.370985055192 329.711360066187 331.442721342031 332.550241531851 332.439587830269 332.440800995409
326.240476639797 326.234397622498 326.227248767942 325.843776532544 325.963251293583 326.199485908529 325.94580703589 326.365984015515 326.167711663962 325.27924673228 326.211220403879 326.748581249413 326.830279317439 327.295825465206 327.216280510994 327.026268684008 327.006266523115 325.684384191598 326.993348879669 328.251769484992 328.158238351342 327.877799182896 327.855439822484 325.89219518502 324.168507592755 324.224927986603 323.630491393258 321.703184102276 320.182977792542 319.106329576869 317.570975480807 311.453567397643 310.232764563559 316.288996532921 320.991869410757 320.761302495934 323.642229819521 321.373587649546 314.070302142444 319.085795776268 329.714011730611 330.011838275807 331.434002705861 331.651419129186 331.746462369886 330.026577134187 330.117711519548 331.331698083327 331.484125921036 332.314555137707
325.706956405462 326.184749812953 326.176783157658 325.937804901075 326.006451413034 326.146203402781 326.120362662755 326.33709335299 326.250067054495 326.074051099968 326.643767111462 326.454053262598 326.251801976156 326.74817870551 326.979792370367 326.9588539462 326.937334313111 325.580041375192 326.233488965706 327.82258696628 328.005010464599 327.799085166217 327.774988563174 327.518411746124 324.780509184749 324.750598683733 322.246966938043 318.944125816542 318.974381849177 318.66533070827 318.232672421538 313.645941308889 311.140611691705 314.060419305853 320.841829920283 323.987068919483 324.079802591754 323.865276425707 316.581899050357 313.613505642795 327.386248569749 329.496113835172 330.213133421916 331.023125226488 331.135824638694 330.579243266934 329.636429423374 328.915476380917 329.136800843529 330.361245348551
