rcp4.5models/GFDL_CM3/sc1gr2.21
NCOLS 261 
NROWS 433 
XLLCORNER 336357.134 
YLLCORNER 654653.479 
CELLSIZE 1000 
NODATA_value -3.4e+38 
[rows 264 to 285 of 433, columns 196 to 244 of 261]
350.888763427734 351.323333740234 352.618743896484 352.029937744141 353.056671142578 354.606719970703 354.871887207031 354.890594482422 355.201354980469 354.898529052734 354.410827636719 355.10205078125 355.132904052734 351.005645751953 339.798309326172 338.352783203125 345.365753173828 349.867553710938 355.596771240234 356.175537109375 356.445739746094 355.539733886719 351.051086425781 345.786163330078 350.365814208984 356.917724609375 356.835876464844 357.175689697266 358.522705078125 358.379272460938 355.271087646484 355.879577636719 -3.4e+38 -3.4e+38 359.252014160156 359.748992919922 360.188781738281 360.055267333984 359.8369140625 360.282531738281 360.150360107422 360.380004882812 360.577514648438 361.149017333984 361.479431152344 361.512786865234 361.659790039062 361.873138427734 361.890045166016
351.193023681641 351.298583984375 351.054260253906 351.942687988281 353.51513671875 354.819244384766 354.481567382812 353.718933105469 353.988067626953 354.212219238281 353.300262451172 354.051544189453 355.100433349609 352.375793457031 344.069946289062 342.946075439453 351.711975097656 353.381378173828 355.903411865234 356.74365234375 356.208435058594 355.229736328125 352.322784423828 349.282379150391 351.957092285156 357.119384765625 356.789489746094 358.036437988281 358.525238037109 358.654541015625 358.295013427734 358.297668457031 358.872894287109 358.818328857422 359.336364746094 358.993682861328 359.985778808594 359.483001708984 359.329650878906 359.825927734375 360.155731201172 360.338562011719 360.650817871094 361.404418945312 361.437561035156 361.470825195312 361.504150390625 361.537475585938 361.682434082031
352.457336425781 352.426208496094 352.699829101562 353.384368896484 353.685119628906 354.134307861328 353.726348876953 350.889373779297 348.605346679688 350.918426513672 353.401763916016 354.369934082031 354.904663085938 353.7451171875 351.826141357422 351.510040283203 351.453125 353.9775390625 355.574035644531 354.690124511719 353.607971191406 352.9521484375 355.800109863281 356.531646728516 355.823699951172 356.245544433594 356.446350097656 355.11181640625 356.988525390625 357.602416992188 358.757873535156 358.374420166016 358.274871826172 358.153015136719 358.710784912109 358.76416015625 358.475433349609 359.290374755859 358.947937011719 359.586364746094 359.777618408203 360.375457763672 360.707763671875 360.738830566406 360.931640625 361.229064941406 360.832885742188 360.753204345703 360.600494384766
352.385803222656 353.303924560547 353.043273925781 353.638397216797 354.301940917969 353.966613769531 353.236358642578 350.584381103516 347.278564453125 349.981903076172 353.211120605469 353.960174560547 354.689697265625 350.471282958984 343.096221923828 344.675506591797 346.83544921875 353.989776611328 349.008239746094 347.615661621094 348.509582519531 350.054168701172 355.445617675781 354.122100830078 353.81591796875 356.090728759766 356.396667480469 355.472930908203 355.870971679688 356.572235107422 357.878082275391 356.936553955078 357.204650878906 357.261260986328 358.574005126953 358.731353759766 358.480133056641 359.483642578125 359.259002685547 359.70703125 359.855743408203 360.222717285156 360.254791259766 360.287139892578 360.432525634766 360.651458740234 360.224761962891 359.98681640625 360.451354980469
352.734252929688 353.161773681641 352.805084228516 353.237609863281 354.437164306641 354.315185546875 352.723571777344 348.000854492188 346.952667236328 350.273284912109 353.209259033203 353.83154296875 354.334136962891 350.307891845703 341.117004394531 341.227844238281 346.405364990234 354.538116455078 339.271728515625 340.634002685547 345.4609375 350.408050537109 354.835662841797 353.469268798828 353.242340087891 355.666931152344 356.499176025391 355.509796142578 355.25244140625 356.190185546875 356.888458251953 356.002532958984 356.213500976562 356.488159179688 358.072662353516 358.447204589844 358.657989501953 358.926605224609 359.341125488281 360.094085693359 360.12451171875 360.027282714844 359.794250488281 360.250640869141 360.282928466797 360.315460205078 360.077758789062 359.650512695312 360.413757324219
352.539733886719 351.974243164062 352.313873291016 352.886505126953 354.227386474609 353.864044189453 351.798065185547 344.957061767578 345.739349365234 349.703857421875 352.778198242188 353.610534667969 354.258148193359 353.724761962891 349.503143310547 347.195465087891 350.879669189453 354.674560546875 339.891296386719 339.82470703125 342.72998046875 346.946197509766 353.964599609375 354.623992919922 354.594940185547 355.406341552734 355.677124023438 355.327423095703 354.62890625 355.424163818359 355.101989746094 353.744812011719 354.964996337891 357.435272216797 358.333923339844 358.066925048828 358.601013183594 359.110992431641 359.148193359375 359.641845703125 360.090759277344 359.456359863281 359.296813964844 359.788818359375 360.088836669922 359.849914550781 360.043304443359 359.612609863281 360.377288818359
351.677612304688 351.623962402344 352.450439453125 353.072174072266 353.548706054688 353.3525390625 352.702880859375 345.173675537109 344.770080566406 348.237365722656 352.676086425781 353.264099121094 354.234039306641 354.751373291016 353.805694580078 352.602386474609 353.259002685547 353.974426269531 343.241455078125 338.238342285156 338.09423828125 339.915802001953 349.353881835938 354.572052001953 354.142059326172 353.617736816406 353.263488769531 355.097351074219 354.846893310547 354.772491455078 350.395202636719 352.079040527344 356.128570556641 357.578094482422 358.203948974609 358.076385498047 358.910888671875 359.697204589844 359.000061035156 359.144378662109 359.637329101562 359.119018554688 359.149993896484 359.293243408203 359.515563964844 359.355377197266 359.577972412109 359.575805664062 360.341888427734
351.328216552734 351.437927246094 352.193786621094 353.232604980469 353.2001953125 353.146026611328 352.281341552734 348.284118652344 344.714538574219 347.214569091797 352.59521484375 353.240966796875 354.211242675781 354.437469482422 353.318511962891 353.319030761719 353.334136962891 353.114410400391 339.714874267578 334.690155029297 332.217559814453 333.772430419922 340.128295898438 346.490936279297 351.277862548828 351.905120849609 352.406951904297 355.410064697266 355.613342285156 355.469116210938 352.542083740234 355.292877197266 357.857788085938 357.941711425781 357.86572265625 358.165130615234 359.033020019531 359.251983642578 359.126892089844 359.41845703125 359.298278808594 358.930328369141 358.534637451172 358.564086914062 358.750366210938 359.367950439453 359.676055908203 359.540100097656 360.307556152344
351.094696044922 351.323913574219 350.937133789062 352.835662841797 353.016967773438 351.029541015625 345.771392822266 347.309539794922 347.871002197266 348.378540039062 349.800872802734 352.836456298828 354.030822753906 353.900634765625 352.843170166016 353.108978271484 353.189147949219 350.572784423828 342.677917480469 338.433898925781 336.322235107422 332.708465576172 335.89501953125 342.472564697266 351.533782958984 352.322540283203 354.428649902344 355.705993652344 355.87255859375 356.568572998047 356.971954345703 357.21044921875 357.661071777344 358.541900634766 357.839569091797 358.136901855469 358.888397216797 358.758361816406 358.481262207031 358.857147216797 359.111175537109 358.788238525391 358.086303710938 358.428009033203 359.273651123047 359.443817138672 360.102081298828 -3.4e+38 360.274291992188
350.725494384766 351.456604003906 351.39990234375 352.540985107422 350.668334960938 346.376617431641 343.176910400391 342.339691162109 349.593109130859 349.526031494141 349.604553222656 352.490875244141 353.877319335938 353.55908203125 352.508483886719 352.157379150391 352.838073730469 350.937194824219 348.450531005859 345.049591064453 346.208160400391 342.880340576172 346.108001708984 350.073760986328 353.979614257812 354.000640869141 355.68017578125 355.686828613281 355.974456787109 356.673065185547 356.487640380859 356.499389648438 357.732513427734 358.674560546875 358.0732421875 357.539276123047 358.290100097656 358.353820800781 358.488708496094 358.631195068359 358.968841552734 358.488830566406 358.638488769531 359.045166015625 359.852935791016 359.256500244141 359.744842529297 360.210388183594 360.242034912109
351.093444824219 351.902160644531 352.177947998047 351.500732421875 347.521301269531 342.408996582031 343.760833740234 338.774383544922 347.613952636719 349.913177490234 351.3662109375 352.695587158203 353.474609375 353.541900634766 352.385223388672 351.747314453125 352.760345458984 352.739868164062 347.241149902344 342.274688720703 344.594329833984 345.044891357422 347.153411865234 347.611572265625 348.306274414062 348.751953125 349.411651611328 354.055267333984 355.643951416016 355.599304199219 356.279144287109 356.535369873047 357.302276611328 357.943817138672 358.402465820312 357.500213623047 357.991516113281 358.395660400391 358.31298828125 358.18408203125 357.786529541016 358.109252929688 358.445373535156 358.736755371094 359.239685058594 358.684417724609 359.255737304688 359.589691162109 359.772552490234
351.540008544922 352.367889404297 352.410888671875 351.24169921875 348.935821533203 345.56640625 342.769500732422 335.326080322266 345.160705566406 347.010864257812 350.783477783203 352.101989746094 352.974304199219 353.140106201172 352.50146484375 351.897308349609 352.355346679688 352.724151611328 347.051361083984 338.690551757812 338.306396484375 338.178741455078 339.350646972656 340.661285400391 341.381042480469 341.737701416016 341.668212890625 346.246612548828 347.973541259766 352.505676269531 356.849945068359 357.122314453125 356.729125976562 357.136474609375 358.083374023438 357.790405273438 357.928436279297 358.303588867188 358.130249023438 357.352996826172 357.339263916016 358.12353515625 358.428344726562 357.985137939453 358.085662841797 358.7822265625 359.118804931641 359.3017578125 359.724670410156
351.518920898438 352.328186035156 352.485076904297 351.986785888672 351.4697265625 348.813751220703 341.381317138672 335.494842529297 346.081146240234 347.295074462891 350.327850341797 351.815643310547 352.668304443359 352.412902832031 352.642791748047 351.827087402344 351.080596923828 352.318878173828 350.294525146484 345.953460693359 344.141296386719 344.984344482422 343.749633789062 340.736541748047 341.478057861328 342.235443115234 340.325378417969 341.681610107422 341.570373535156 353.573181152344 356.642852783203 356.598480224609 356.862243652344 357.411346435547 357.441650390625 356.934265136719 357.638092041016 357.5078125 358.038391113281 357.399291992188 357.353668212891 357.474731445312 357.852508544922 357.892852783203 357.981994628906 359.060241699219 359.090240478516 359.377197265625 360.046508789062
351.870574951172 352.010070800781 351.763793945312 352.106567382812 351.779510498047 349.019866943359 341.916717529297 343.593841552734 349.252624511719 350.812683105469 350.826507568359 352.125 352.209045410156 351.142730712891 352.371856689453 352.190032958984 351.063934326172 351.979370117188 351.396301269531 351.718475341797 350.961090087891 350.783355712891 347.149230957031 343.183654785156 345.340240478516 346.638702392578 342.896881103516 339.568450927734 338.552032470703 350.204071044922 356.388671875 355.791900634766 356.394104003906 357.141174316406 356.927825927734 356.698272705078 357.654968261719 357.325744628906 357.241943359375 357.153411865234 356.976867675781 357.498657226562 357.636596679688 358.125762939453 358.695098876953 359.033050537109 359.062622070312 359.347595214844 360.122802734375
350.845764160156 350.24560546875 350.614013671875 350.380920410156 350.287475585938 347.937835693359 340.922027587891 349.711700439453 349.798400878906 351.016632080078 351.504943847656 351.518981933594 350.447448730469 348.971374511719 348.319274902344 350.8017578125 351.079223632812 351.080078125 350.177185058594 349.843688964844 351.964996337891 351.398406982422 350.156707763672 348.344573974609 348.389129638672 351.468994140625 345.062103271484 342.212707519531 350.516174316406 355.725280761719 355.333618164062 355.960235595703 355.655334472656 356.087799072266 357.371368408203 357.594665527344 -3.4e+38 356.855865478516 357.033843994141 357.796203613281 357.969879150391 357.763244628906 357.586212158203 358.032348632812 358.518432617188 358.981506347656 359.114715576172 359.451232910156 359.479064941406
349.546691894531 348.055206298828 350.413848876953 349.288757324219 348.481109619141 349.471557617188 343.745025634766 346.550994873047 350.061096191406 350.597259521484 351.280700683594 350.812316894531 348.521484375 343.823425292969 342.468963623047 350.498809814453 351.311126708984 351.875946044922 350.030029296875 348.024993896484 351.084899902344 352.343170166016 352.086242675781 352.242706298828 351.055725097656 -3.4e+38 344.813018798828 345.012573242188 354.617767333984 355.592559814453 354.729553222656 355.211791992188 355.639190673828 356.034057617188 356.955383300781 356.702606201172 357.140167236328 357.196716308594 357.436370849609 357.627014160156 357.481628417969 358.131713867188 357.443267822266 358.049743652344 358.617858886719 358.957092285156 358.985321044922 359.014007568359 359.043029785156
349.115020751953 347.538940429688 349.692260742188 349.33056640625 347.8212890625 348.797027587891 346.3193359375 339.122039794922 344.844879150391 350.120178222656 350.959869384766 350.901428222656 347.642761230469 340.451843261719 339.418090820312 348.500061035156 351.618438720703 352.49462890625 350.832794189453 348.561676025391 349.076263427734 352.182830810547 352.697204589844 -3.4e+38 353.362213134766 -3.4e+38 343.914367675781 348.189697265625 355.572875976562 355.429840087891 354.598388671875 354.875305175781 355.772827148438 356.318725585938 356.6904296875 356.922302246094 357.113525390625 356.823577880859 357.30908203125 357.646179199219 357.463134765625 358.035003662109 357.392608642578 357.550811767578 358.470092773438 358.933532714844 358.961303710938 358.989532470703 359.018157958984
348.242370605469 347.844818115234 346.784606933594 344.466613769531 348.58154296875 347.639343261719 346.173522949219 334.59619140625 337.264129638672 347.269958496094 349.926086425781 348.481781005859 346.424102783203 342.689208984375 338.034851074219 344.300354003906 351.782745361328 351.965148925781 350.570983886719 347.506042480469 347.805725097656 351.446746826172 352.56396484375 352.830871582031 -3.4e+38 -3.4e+38 349.205352783203 352.728820800781 355.003479003906 354.890869140625 354.733581542969 355.422668457031 356.1396484375 356.354431152344 -3.4e+38 357.509216308594 356.994415283203 -3.4e+38 357.250335693359 357.456970214844 358.187896728516 358.238861083984 357.726165771484 357.543792724609 358.133972167969 358.910797119141 358.938110351562 358.965881347656 358.994049072266
347.309722900391 344.801086425781 338.642669677734 337.214813232422 346.337249755859 348.540161132812 347.0556640625 334.256530761719 336.826934814453 347.030670166016 345.782775878906 338.597717285156 337.206420898438 342.177185058594 344.909240722656 345.622222900391 348.271697998047 352.170867919922 350.089965820312 346.705841064453 347.9599609375 348.412719726562 351.753356933594 352.820129394531 -3.4e+38 -3.4e+38 353.663238525391 353.989837646484 354.289459228516 354.966003417969 354.68798828125 355.283294677734 355.917877197266 355.835968017578 -3.4e+38 356.815124511719 356.382873535156 -3.4e+38 -3.4e+38 357.9365234375 -3.4e+38 358.103607177734 357.811767578125 357.836853027344 358.110992431641 358.888885498047 358.915710449219 358.943023681641 358.970733642578
346.770324707031 340.839141845703 336.616516113281 336.389801025391 341.955841064453 348.246307373047 347.125823974609 337.592681884766 341.225463867188 348.254272460938 340.232421875 330.877716064453 326.485443115234 334.545532226562 346.569427490234 349.241241455078 348.399627685547 352.224182128906 350.811859130859 348.384307861328 346.3046875 344.490020751953 348.681854248047 352.809936523438 353.805145263672 354.265991210938 353.534027099609 353.683685302734 354.478881835938 355.427978515625 354.707336425781 355.246978759766 355.582397460938 355.741943359375 356.142181396484 356.093536376953 356.432891845703 357.237060546875 357.789978027344 358.020629882812 357.974914550781 357.768280029297 357.792144775391 357.816711425781 357.945190429688 358.427825927734 358.894073486328 358.9208984375 358.948181152344
344.784423828125 338.769927978516 335.776000976562 334.297821044922 339.828796386719 346.7197265625 346.08935546875 342.211120605469 344.885314941406 346.891357421875 337.472717285156 328.403411865234 322.709197998047 332.874420166016 344.165405273438 350.163391113281 350.510711669922 351.884460449219 351.700042724609 349.200164794922 345.482818603516 346.127532958984 349.506408691406 352.800201416016 353.795227050781 354.258148193359 353.524719238281 353.643890380859 354.383422851562 355.387542724609 354.955963134766 356.120361328125 356.132904052734 356.259216308594 356.485137939453 356.144714355469 356.204986572266 356.755432128906 357.094024658203 357.256469726562 357.8125 357.75 357.773284912109 357.797302246094 357.821990966797 358.091583251953 358.873168945312 358.899536132812 358.926391601562
342.769317626953 339.787078857422 334.566101074219 332.584136962891 341.802581787109 345.752807617188 345.345703125 343.012542724609 343.197265625 339.459686279297 338.350311279297 331.095672607422 328.501800537109 339.969146728516 348.333251953125 350.508850097656 350.561920166016 351.874969482422 351.875030517578 348.651031494141 346.282012939453 350.365905761719 352.347381591797 353.341552734375 354.190277099609 354.397705078125 353.923248291016 353.663421630859 354.455444335938 355.262664794922 355.181182861328 355.71484375 356.558074951172 356.425567626953 356.162750244141 356.344085693359 355.867706298828 356.631561279297 356.649780273438 356.919189453125 357.54638671875 357.732391357422 357.755126953125 357.778625488281 357.802795410156 357.928894042969 358.268798828125 358.434051513672 -3.4e+38
