rcp4.5models/GFDL_CM3/sc1gr9.26
NCOLS 261 
NROWS 433 
XLLCORNER 336357.134 
YLLCORNER 654653.479 
CELLSIZE 1000 
NODATA_value -9999 
[rows 264 to 285 of 433, columns 100 to 149 of 261]
313.014129638672 306.749969482422 304.99560546875 302.292236328125 299.766479492188 296.142150878906 287.572875976562 266.514007568359 248.091354370117 256.211151123047 275.964233398438 273.46337890625 256.970397949219 280.183898925781 283.093048095703 278.529663085938 276.184722900391 274.318084716797 246.634536743164 231.283172607422 225.191864013672 225.646057128906 226.361114501953 227.47021484375 232.962875366211 248.891784667969 277.346618652344 280.562194824219 272.939300537109 288.358093261719 281.346405029297 270.475280761719 286.694885253906 265.900695800781 230.609573364258 212.539352416992 212.662124633789 216.638488769531 225.1552734375 246.332641601562 247.84049987793 228.698425292969 220.311782836914 227.355285644531 246.563903808594 242.86701965332 229.136444091797 219.493804931641 191.681823730469 205.52571105957
310.759979248047 304.487640380859 304.741607666016 302.768005371094 300.643829345703 297.469116210938 289.83447265625 268.007751464844 246.439407348633 256.221557617188 274.145172119141 272.872192382812 253.649108886719 268.965393066406 287.218292236328 280.587738037109 274.797912597656 271.531768798828 235.164703369141 225.311233520508 225.096481323242 225.286071777344 225.848815917969 227.98876953125 232.127487182617 240.393981933594 259.622131347656 276.093536376953 276.292114257812 297.673126220703 286.634216308594 267.626983642578 293.212219238281 288.424957275391 256.273651123047 212.026428222656 210.370208740234 209.596130371094 212.466674804688 219.654449462891 219.103378295898 205.808990478516 205.995071411133 225.351531982422 250.130783081055 244.876022338867 218.166748046875 208.487091064453 200.40397644043 226.946533203125
310.691497802734 301.194549560547 302.440155029297 302.792205810547 299.715515136719 297.789825439453 295.534423828125 291.802459716797 274.214691162109 247.670745849609 249.117721557617 260.129516601562 256.425262451172 253.063705444336 276.213745117188 286.914215087891 280.004516601562 274.915496826172 287.489837646484 281.265594482422 258.519378662109 231.069396972656 225.95036315918 227.235397338867 231.53498840332 238.745620727539 249.644653320312 268.651031494141 284.298248291016 286.875335693359 290.066680908203 241.746444702148 255.083877563477 299.017150878906 292.322448730469 254.195983886719 233.693222045898 222.467071533203 210.175827026367 204.753295898438 202.921310424805 204.17317199707 221.511505126953 246.697494506836 250.123245239258 244.096221923828 224.707366943359 222.474227905273 239.717132568359 241.084442138672
304.896697998047 294.793884277344 294.157653808594 302.960327148438 300.221771240234 297.981567382812 296.027770996094 292.634918212891 283.472198486328 261.518035888672 245.7900390625 253.974166870117 246.115280151367 244.994445800781 268.556640625 289.878875732422 280.322265625 273.097778320312 278.911956787109 265.379760742188 250.785461425781 245.233123779297 230.678146362305 226.70947265625 229.361602783203 234.590347290039 250.720916748047 270.279388427734 279.199920654297 286.902709960938 278.687042236328 242.664993286133 252.079803466797 286.885040283203 285.574920654297 276.243560791016 261.640991210938 259.073455810547 233.8271484375 213.529159545898 216.138305664062 207.221054077148 205.93229675293 232.393020629883 255.048721313477 246.914215087891 231.350570678711 238.042892456055 242.20915222168 241.378753662109
304.272918701172 300.922546386719 298.22998046875 302.049926757812 300.75390625 292.287414550781 279.014404296875 281.818023681641 289.53271484375 278.560272216797 261.419006347656 257.957122802734 246.206100463867 241.573287963867 256.554779052734 269.741394042969 274.188629150391 270.362762451172 264.60791015625 262.449615478516 256.150054931641 255.095809936523 245.834915161133 238.653030395508 229.098968505859 231.995269775391 246.130432128906 265.127685546875 274.498229980469 293.705383300781 283.802337646484 245.209808349609 255.129608154297 287.286468505859 280.98681640625 273.335754394531 276.989471435547 277.800140380859 263.881256103516 248.489456176758 237.931488037109 208.51806640625 199.598587036133 209.344390869141 225.819183349609 232.947357177734 242.999893188477 245.876403808594 244.083465576172 241.027267456055
312.325927734375 310.552734375 306.068939208984 300.3642578125 298.645477294922 292.651336669922 273.157440185547 261.528289794922 274.634765625 285.549774169922 278.746795654297 262.533172607422 252.970672607422 250.295974731445 259.443084716797 260.68701171875 269.952758789062 263.399780273438 252.733520507812 263.815795898438 259.918731689453 254.838623046875 255.866729736328 259.058624267578 244.906967163086 230.626495361328 237.584716796875 259.996246337891 287.115753173828 304.091003417969 289.532897949219 235.513412475586 258.602142333984 300.201385498047 286.306701660156 263.678131103516 269.594665527344 269.801452636719 274.028411865234 269.248229980469 236.506942749023 203.641555786133 199.893035888672 201.979415893555 213.769439697266 236.380325317383 247.955383300781 238.006256103516 222.989959716797 228.380996704102
321.023468017578 313.745910644531 306.620880126953 296.328460693359 292.806823730469 294.687774658203 283.552093505859 259.385009765625 254.293395996094 268.657623291016 274.109405517578 261.463562011719 248.417709350586 248.338623046875 255.291641235352 261.967681884766 266.125915527344 260.551910400391 249.532318115234 253.609405517578 256.183776855469 254.689575195312 251.432800292969 256.824493408203 269.412017822266 243.95378112793 238.73046875 264.455627441406 296.093902587891 302.786834716797 273.368133544922 259.471130371094 261.550415039062 288.432159423828 284.800201416016 269.219451904297 260.859375 268.840301513672 276.780426025391 258.060180664062 215.303039550781 201.828460693359 199.775024414062 202.907379150391 225.758499145508 253.795959472656 241.017837524414 215.406219482422 197.120239257812 211.800033569336
317.091003417969 310.028594970703 301.884429931641 291.656280517578 288.039306640625 288.091796875 280.934234619141 272.433227539062 259.081756591797 256.806121826172 268.304473876953 261.569274902344 243.371978759766 244.420608520508 246.206741333008 251.901992797852 253.046524047852 250.558731079102 244.152252197266 241.044357299805 249.192993164062 252.113784790039 242.610916137695 244.822463989258 269.336761474609 254.296829223633 239.132080078125 262.742736816406 290.820770263672 303.641143798828 292.115600585938 298.271270751953 271.292266845703 274.737884521484 271.511749267578 266.613983154297 261.315124511719 272.958953857422 282.953247070312 265.163665771484 231.57389831543 215.691436767578 211.605010986328 199.441452026367 209.228805541992 233.212936401367 219.795059204102 199.882278442383 199.332565307617 209.770584106445
307.788269042969 300.6591796875 292.449249267578 287.444946289062 287.744659423828 282.521240234375 273.628845214844 271.065368652344 269.368286132812 266.711578369141 267.633850097656 264.235443115234 242.171310424805 244.739624023438 241.401824951172 242.186828613281 240.255554199219 240.115463256836 239.135986328125 234.410552978516 236.998947143555 240.699234008789 235.551391601562 240.04328918457 255.893402099609 251.431442260742 238.272888183594 254.820068359375 284.380859375 287.455291748047 292.074981689453 291.286193847656 277.903686523438 273.978698730469 267.068969726562 262.718963623047 260.927154541016 271.531341552734 278.220153808594 270.741119384766 263.976989746094 242.013168334961 216.639984130859 198.254440307617 197.228973388672 207.378646850586 226.964935302734 220.406066894531 227.067031860352 230.142440795898
307.654144287109 291.914764404297 283.650756835938 278.686920166016 282.411804199219 282.218231201172 274.51416015625 265.544769287109 265.166870117188 269.487915039062 266.399627685547 264.03466796875 241.127792358398 244.972412109375 241.768569946289 240.916580200195 235.230682373047 235.022872924805 233.898162841797 229.278793334961 228.216217041016 229.929138183594 235.221252441406 246.206756591797 248.817291259766 251.832397460938 246.16423034668 246.855667114258 268.503295898438 266.553985595703 265.194122314453 271.086853027344 274.857360839844 275.461303710938 277.985321044922 274.295318603516 259.215789794922 264.192810058594 266.998840332031 268.003143310547 264.910827636719 233.369659423828 205.742919921875 200.735565185547 201.981872558594 200.670913696289 247.610366821289 244.093719482422 246.788909912109 249.804321289062
317.933807373047 292.457122802734 282.08642578125 275.770263671875 284.072906494141 285.310852050781 279.3671875 276.041015625 263.123596191406 258.545623779297 261.078430175781 261.03173828125 240.624450683594 245.469009399414 242.773040771484 243.39143371582 236.680557250977 233.382217407227 230.62629699707 228.51057434082 226.968887329102 225.761581420898 233.224975585938 245.779998779297 240.867294311523 247.582611083984 249.759246826172 244.048538208008 255.309158325195 272.172454833984 268.465789794922 264.519500732422 269.014465332031 269.856597900391 269.201690673828 267.379241943359 260.525848388672 265.718078613281 271.110809326172 275.840942382812 261.416076660156 226.501571655273 210.728469848633 207.253845214844 212.37776184082 209.853073120117 249.737442016602 248.404327392578 250.856414794922 257.002258300781
320.091369628906 304.824890136719 290.893646240234 281.481994628906 290.684600830078 291.826690673828 289.604888916016 285.523651123047 266.928741455078 253.223892211914 251.165161132812 254.466583251953 244.473876953125 243.668884277344 242.113433837891 242.653091430664 238.108184814453 234.618423461914 229.668701171875 227.956344604492 225.741928100586 224.57307434082 227.928985595703 233.840347290039 235.5859375 238.883834838867 243.137115478516 243.990142822266 249.610458374023 272.831024169922 275.873107910156 261.383819580078 265.335998535156 267.384918212891 266.286926269531 258.957000732422 262.093872070312 268.095977783203 277.238952636719 278.297485351562 266.428497314453 250.092254638672 224.169342041016 213.829284667969 222.252838134766 210.034133911133 249.648483276367 247.358200073242 249.719848632812 254.057281494141
322.023651123047 312.386047363281 307.078308105469 299.063079833984 300.713897705078 301.589141845703 296.438842773438 285.577697753906 271.078308105469 256.003814697266 251.982330322266 256.310699462891 247.990112304688 247.013885498047 242.308944702148 240.559722900391 240.124664306641 236.945434570312 230.867965698242 229.928207397461 227.338760375977 223.702407836914 224.790008544922 226.240692138672 232.247085571289 233.500442504883 236.034194946289 241.76188659668 248.060180664062 262.846496582031 269.091766357422 265.37744140625 269.371612548828 268.272583007812 272.265655517578 260.185241699219 262.205932617188 265.054656982422 273.039855957031 276.31787109375 269.971771240234 263.441955566406 248.790023803711 237.699554443359 227.811431884766 201.239822387695 224.631744384766 236.291580200195 243.324096679688 247.330932617188
327.208343505859 311.383636474609 312.892303466797 308.699371337891 308.889617919922 306.865783691406 299.989227294922 289.825286865234 279.288421630859 264.460021972656 254.390075683594 249.338363647461 250.700180053711 253.894027709961 247.753845214844 246.268402099609 247.037857055664 244.39729309082 238.138885498047 234.595611572266 230.256958007812 223.66633605957 222.373886108398 222.348693847656 228.362091064453 229.796051025391 233.867080688477 239.201889038086 246.991668701172 257.121459960938 265.127105712891 269.868316650391 270.094848632812 266.954437255859 270.746215820312 267.720642089844 262.108734130859 264.255920410156 266.790100097656 268.395965576172 266.306091308594 262.992248535156 262.980743408203 257.227447509766 242.48844909668 220.27685546875 201.024429321289 215.431167602539 237.384140014648 247.778015136719
328.961273193359 301.437622070312 289.487976074219 282.501770019531 282.391265869141 285.587951660156 282.870910644531 273.538391113281 269.866729736328 275.362457275391 282.339904785156 273.191558837891 250.0107421875 271.009887695312 264.388092041016 261.873474121094 265.797668457031 271.386749267578 262.410186767578 239.810882568359 231.721176147461 222.736572265625 221.283798217773 221.893295288086 223.404815673828 228.129837036133 234.569213867188 240.470993041992 241.902450561523 246.952270507812 252.925567626953 259.555480957031 267.909210205078 273.269317626953 273.234008789062 274.195617675781 274.943817138672 262.440216064453 264.497406005859 264.195220947266 265.67822265625 268.699432373047 266.184356689453 259.761505126953 256.292510986328 236.372131347656 192.826080322266 205.469390869141 237.474609375 247.166000366211
333.898559570312 320.06787109375 300.036315917969 283.200347900391 292.988708496094 279.632751464844 272.739410400391 273.132659912109 272.857330322266 267.617950439453 262.212707519531 262.162841796875 271.021911621094 285.952209472656 274.011199951172 258.307891845703 257.058532714844 271.519714355469 267.089294433594 240.586074829102 226.316619873047 224.193283081055 226.400741577148 233.41455078125 222.709381103516 227.27751159668 234.137054443359 238.839752197266 238.878845214844 242.523986816406 250.152770996094 258.256103515625 269.648620605469 278.962371826172 278.761108398438 274.922485351562 276.766174316406 276.3388671875 285.186096191406 279.650115966797 264.050170898438 268.688720703125 -9999 263.036071777344 255.062408447266 242.131469726562 220.601470947266 225.334869384766 239.66242980957 250.245681762695
335.260772705078 322.590759277344 318.639343261719 299.104064941406 298.212463378906 293.666412353516 276.687347412109 279.425598144531 280.063995361328 273.580963134766 265.227752685547 263.484741210938 286.240814208984 273.874053955078 260.440887451172 250.84553527832 249.769134521484 257.834869384766 262.712829589844 245.276992797852 221.772674560547 228.645385742188 238.566223144531 243.521789550781 234.120544433594 227.375305175781 233.806823730469 233.196960449219 237.193237304688 241.466613769531 247.096099853516 254.467483520508 263.850524902344 271.830291748047 278.939971923828 277.414947509766 281.173767089844 -9999 283.741058349609 281.060546875 262.462585449219 268.340881347656 281.386383056641 275.652099609375 260.546203613281 252.038162231445 247.788482666016 245.945953369141 247.192428588867 258.782928466797
340.121063232422 326.834869384766 328.169464111328 317.609008789062 297.192535400391 285.179962158203 276.358581542969 273.287292480469 270.520660400391 269.03564453125 267.370086669922 261.846466064453 266.755767822266 252.276000976562 245.039703369141 248.915512084961 257.024719238281 252.445510864258 252.785507202148 251.221817016602 221.620590209961 230.237243652344 240.316528320312 235.202728271484 248.715377807617 244.275985717773 230.019271850586 228.843994140625 236.863647460938 242.675979614258 245.107513427734 249.529220581055 257.797088623047 266.784912109375 278.838104248047 284.257934570312 287.734039306641 287.875396728516 -9999 270.436126708984 268.271759033203 273.918090820312 288.801239013672 284.690826416016 263.795135498047 252.708953857422 246.230606079102 249.68098449707 261.450012207031 281.24755859375
344.764343261719 334.766021728516 329.946197509766 328.947906494141 316.745239257812 287.665222167969 272.136169433594 274.815704345703 268.893341064453 262.194061279297 256.659240722656 254.112442016602 250.579513549805 248.539489746094 243.855499267578 244.59553527832 251.428955078125 246.416946411133 231.294219970703 236.543441772461 222.758377075195 226.486358642578 236.323287963867 249.151565551758 265.574096679688 266.632995605469 243.402053833008 228.508117675781 236.266662597656 243.405197143555 246.163833618164 249.501739501953 256.224212646484 265.318511962891 278.661560058594 288.171600341797 293.969635009766 293.338684082031 285.359924316406 285.783416748047 281.515563964844 286.005889892578 296.290618896484 288.487457275391 263.877136230469 252.048080444336 245.865707397461 260.774139404297 292.427124023438 303.333099365234
340.126312255859 333.912475585938 326.354034423828 325.028259277344 325.556701660156 299.698486328125 270.255950927734 273.515655517578 271.613342285156 265.162139892578 259.672821044922 254.136688232422 248.808013916016 246.195251464844 242.921951293945 240.357116699219 242.626815795898 243.622283935547 227.284713745117 222.197372436523 223.22802734375 234.457412719727 261.617858886719 282.404022216797 283.855194091797 271.322845458984 256.127746582031 241.502716064453 244.090698242188 240.806503295898 245.8408203125 250.541839599609 256.329620361328 264.586639404297 277.576080322266 289.082733154297 -9999 291.723480224609 287.650817871094 -9999 -9999 284.574523925781 297.697875976562 291.923431396484 262.081573486328 250.844711303711 246.867858886719 267.769134521484 308.968017578125 310.949401855469
331.480377197266 332.793518066406 327.249664306641 322.835235595703 320.198272705078 305.456970214844 284.706756591797 270.975219726562 274.452239990234 281.552978515625 276.021179199219 263.790802001953 247.961624145508 245.514007568359 244.123764038086 241.642837524414 240.507873535156 241.302963256836 230.517074584961 230.235046386719 242.790863037109 259.736114501953 290.188568115234 299.282043457031 293.639617919922 277.23583984375 266.208099365234 256.178955078125 249.880859375 246.288803100586 254.666122436523 257.443298339844 259.475708007812 265.301330566406 275.164947509766 290.154968261719 290.266357421875 -9999 296.875 293.946350097656 282.62890625 281.039916992188 294.574310302734 284.446166992188 260.401489257812 247.008728027344 245.491394042969 273.304901123047 323.122406005859 314.031524658203
336.790863037109 336.816986083984 333.073059082031 326.470184326172 315.792602539062 310.190795898438 308.280517578125 284.535186767578 270.220428466797 275.729461669922 275.561737060547 275.490112304688 251.011734008789 249.890487670898 246.742218017578 243.944595336914 239.11897277832 233.810272216797 226.868362426758 236.973434448242 264.464233398438 282.872528076172 300.184753417969 306.588806152344 287.985229492188 275.309448242188 264.27734375 258.752014160156 255.056106567383 254.970489501953 267.851318359375 272.528533935547 270.849060058594 269.763488769531 -9999 289.386871337891 -9999 -9999 -9999 296.582733154297 -9999 -9999 296.998870849609 271.673065185547 257.467956542969 247.781539916992 253.22834777832 280.11279296875 310.687683105469 315.849456787109
