rcp4.5models/GFDL_CM3/sc1gr8.27
NCOLS 261 
NROWS 433 
XLLCORNER 336357.134 
YLLCORNER 654653.479 
CELLSIZE 1000 
NODATA_value -9999 
[rows 207 to 229 of 433, columns 150 to 199 of 261]
57.8234176635742 58.371410369873 57.8943214416504 57.647144317627 58.2555847167969 57.1806221008301 56.0130767822266 56.0407638549805 55.3180351257324 55.1746520996094 55.3207473754883 56.1515960693359 56.6289024353027 56.7217636108398 56.5713806152344 56.328369140625 56.7468681335449 57.6640396118164 58.1409339904785 58.1432113647461 58.5563011169434 59.6281127929688 60.1945266723633 60.2139320373535 60.4000511169434 60.978630065918 62.0351181030273 62.6431770324707 62.5949287414551 62.6810989379883 62.6829643249512 62.4510955810547 62.4992485046387 62.521614074707 62.7107162475586 62.865608215332 63.0781326293945 63.0080337524414 62.9849319458008 62.8382301330566 62.8298110961914 62.810230255127 62.6027183532715 62.5437126159668 62.5245132446289 62.4042129516602 62.4749488830566 62.4923362731934 62.4398231506348 62.2272109985352
60.0471343994141 59.6275405883789 59.1008834838867 59.5597839355469 60.1696014404297 58.5108489990234 57.4906883239746 56.7521209716797 56.2402381896973 56.7511940002441 57.1063575744629 56.9770126342773 57.0653495788574 57.1382904052734 57.3373527526855 58.0141944885254 58.3478889465332 58.42724609375 58.4204521179199 59.1394538879395 60.446590423584 60.5290451049805 60.620433807373 60.6801643371582 61.1966552734375 62.3900108337402 63.0022087097168 63.1075668334961 63.2225685119629 63.2906494140625 63.1960258483887 63.3854522705078 63.3721237182617 63.2989883422852 63.3225173950195 63.4643478393555 63.5836143493652 63.3884391784668 63.3390274047852 63.3283538818359 63.2090072631836 63.1705093383789 63.0262184143066 63.0444107055664 62.9008369445801 63.0229911804199 62.9807319641113 62.9592094421387 62.8003959655762 62.797176361084
60.7271423339844 60.3655052185059 59.810375213623 60.5259628295898 61.2017974853516 58.3990478515625 57.66015625 57.2980155944824 57.4831314086914 57.7797203063965 57.5096244812012 -9999 57.4332084655762 57.6444129943848 58.2600288391113 58.7474632263184 58.6450500488281 58.6206398010254 58.5660095214844 59.8937454223633 60.6139945983887 60.7646446228027 60.7975463867188 61.2399635314941 62.4542770385742 63.127613067627 63.2137413024902 63.2538032531738 63.4082984924316 -9999 63.6227149963379 63.7032089233398 63.7277488708496 63.7536430358887 63.711051940918 63.7622451782227 63.7734565734863 63.5193672180176 63.478687286377 63.5353851318359 63.5909194946289 63.4964561462402 63.313346862793 63.2892303466797 63.1804885864258 63.247745513916 63.2253379821777 63.1348724365234 63.2395858764648 63.1467666625977
61.0921020507812 60.7861633300781 60.6024322509766 61.5114822387695 61.7062301635742 59.4473876953125 58.7232971191406 58.2940216064453 58.2898635864258 58.2413139343262 57.9349632263184 57.8571548461914 -9999 58.736270904541 59.0207443237305 59.0076293945312 58.9658813476562 58.9506797790527 59.2272605895996 60.7006340026855 60.8797187805176 60.8717918395996 60.9972229003906 61.8430938720703 63.2200698852539 63.2672386169434 63.3763961791992 63.5309753417969 -9999 -9999 63.8902549743652 63.9367179870605 64.0734786987305 64.2838821411133 64.1936492919922 63.9847030639648 63.9528961181641 63.7966499328613 63.7662239074707 63.7860488891602 63.7947616577148 63.8403663635254 63.6189575195312 63.651309967041 63.5473518371582 63.4460296630859 63.4689064025879 63.4680480957031 63.4865341186523 63.4982452392578
62.2383117675781 61.9325485229492 61.7931060791016 62.1854782104492 61.6035842895508 60.4951820373535 59.8213691711426 59.1560134887695 58.5336380004883 58.4247283935547 58.2004356384277 58.5853576660156 -9999 59.6081199645996 59.4238777160645 59.3837547302246 59.2821617126465 59.5862236022949 60.410831451416 60.9539337158203 61.0035858154297 61.101016998291 61.5815391540527 62.6917877197266 -9999 63.4601783752441 63.6106414794922 63.9659309387207 -9999 64.2441711425781 64.1941223144531 64.1949005126953 64.3449630737305 64.5311889648438 64.5460433959961 64.3299560546875 64.2475357055664 64.1949615478516 64.14501953125 64.0627288818359 64.0614242553711 64.0382919311523 64.034309387207 63.98291015625 63.9168739318848 63.9220886230469 64.0189895629883 63.9960403442383 63.8154029846191 63.8250045776367
63.4791526794434 63.1354217529297 62.7168121337891 62.4927253723145 61.6659355163574 60.9692459106445 60.3093719482422 59.7583656311035 58.8858757019043 -9999 -9999 -9999 -9999 59.9759559631348 59.9162292480469 59.7455558776855 59.909839630127 60.8216705322266 61.3042221069336 61.2159042358398 61.196044921875 61.7305068969727 62.741325378418 -9999 63.6416130065918 63.7432022094727 -9999 64.6219863891602 64.6505813598633 64.4970855712891 64.7052536010742 64.5261688232422 64.7069931030273 64.8662643432617 64.8325119018555 64.6554336547852 64.5126037597656 64.4872360229492 64.4875640869141 64.4012832641602 64.411750793457 -9999 -9999 64.3873596191406 64.3559722900391 64.6336059570312 64.8169479370117 64.5807723999023 64.3583679199219 64.4301147460938
63.9196472167969 63.4858627319336 63.2192687988281 62.9986152648926 62.2919006347656 61.5660552978516 60.8575019836426 60.2856483459473 60.3608207702637 -9999 -9999 -9999 -9999 60.3209342956543 60.3050308227539 60.3601913452148 61.0722045898438 61.5742225646973 61.6091995239258 61.5809478759766 61.9326286315918 62.9832954406738 63.5757675170898 -9999 63.899284362793 64.3284912109375 65.0121994018555 65.2551193237305 65.0853042602539 64.9464797973633 65.0537796020508 64.9925537109375 65.1958999633789 65.3123397827148 65.1063995361328 64.9514846801758 64.7315521240234 64.7134628295898 64.6995697021484 64.7442626953125 64.7538604736328 -9999 64.9798049926758 64.8811569213867 64.9573822021484 65.1224365234375 65.1684265136719 65.092658996582 64.9410018920898 64.89990234375
64.4266891479492 63.883602142334 63.8017959594727 63.5759773254395 62.9358711242676 62.4121742248535 62.3942070007324 61.8218536376953 -9999 -9999 -9999 -9999 -9999 60.5144805908203 60.7357635498047 61.559455871582 61.8787879943848 61.7655220031738 61.8245048522949 62.2667198181152 63.2178764343262 63.8230438232422 63.9912528991699 64.1233825683594 64.1143341064453 64.6984405517578 65.6170272827148 65.6604537963867 65.486083984375 65.3265228271484 65.5147247314453 65.6284942626953 65.5871810913086 65.544075012207 65.3885192871094 65.3137359619141 65.1111755371094 65.0526580810547 65.0256881713867 65.163688659668 65.175895690918 -9999 65.3440856933594 65.1902313232422 65.3831100463867 65.5961990356445 65.6208419799805 65.5306396484375 65.5344467163086 65.3044052124023
65.9065093994141 65.4351348876953 65.2532653808594 65.0185012817383 64.3373336791992 63.8836517333984 63.8448715209961 63.3321762084961 62.1409721374512 61.807731628418 -9999 -9999 61.2486190795898 61.6016616821289 61.772331237793 62.3982086181641 62.179817199707 62.1037445068359 62.2000541687012 63.4260673522949 64.0735015869141 64.0655517578125 64.2739868164062 64.3677291870117 64.6450881958008 65.3223724365234 65.7550888061523 65.9118499755859 65.8926467895508 65.6920013427734 66.0892868041992 66.1356506347656 65.9735794067383 65.8151550292969 65.692741394043 65.6403274536133 65.5663375854492 65.4160385131836 65.3852615356445 65.5336837768555 65.5730361938477 -9999 65.7801361083984 65.6960754394531 65.8689346313477 65.9222259521484 66.0480117797852 66.0010299682617 66.0039901733398 65.7494201660156
67.2202682495117 66.9203262329102 66.9090042114258 66.9742584228516 65.7600784301758 65.0444564819336 64.3993148803711 63.8339424133301 -9999 -9999 -9999 62.4146575927734 62.4030342102051 62.7142562866211 62.6606597900391 62.6877784729004 62.5066184997559 62.4425354003906 62.7793617248535 64.2228469848633 64.4023056030273 64.3196182250977 64.4061431884766 65.0004348754883 66.0057525634766 66.2024536132812 66.1388778686523 66.187614440918 66.1782608032227 66.2703704833984 66.6377258300781 66.603759765625 66.4557723999023 66.2461318969727 66.0889282226562 66.1015930175781 65.9177474975586 65.7737884521484 65.7712554931641 65.9362716674805 65.9278564453125 65.9498443603516 66.3095016479492 66.3577194213867 66.3675308227539 66.3072052001953 66.3021011352539 66.2853469848633 66.2364044189453 66.1405181884766
67.8246994018555 67.5995178222656 67.5612716674805 67.5782318115234 66.5749893188477 65.8322448730469 65.0162124633789 -9999 63.3564643859863 63.6144676208496 63.5285224914551 63.5591316223145 63.2968864440918 63.1275100708008 63.0990524291992 62.9720039367676 63.1421165466309 63.7671928405762 64.0266571044922 64.4884490966797 -9999 64.6049346923828 64.9395065307617 66.1909103393555 66.9858322143555 66.7987442016602 66.6709213256836 66.9330444335938 67.18212890625 66.7842864990234 66.9690704345703 67.0490798950195 66.8494186401367 66.6087951660156 66.6594543457031 66.6631317138672 66.153450012207 66.0655975341797 66.0968475341797 66.2278671264648 66.2883148193359 66.2974090576172 66.7220840454102 66.7797775268555 66.8740386962891 66.8462829589844 66.7284317016602 66.7068939208984 66.7525482177734 66.4739608764648
68.3800430297852 68.2375564575195 68.3440017700195 68.2233352661133 67.0750045776367 66.3371429443359 65.6949615478516 65.4144821166992 64.6670913696289 64.7787170410156 64.3084259033203 63.8929176330566 63.718505859375 63.6889610290527 63.5544586181641 63.6581764221191 64.4063262939453 -9999 64.8221588134766 64.756706237793 65.1301498413086 65.8368835449219 66.1680221557617 -9999 67.077392578125 67.2588119506836 67.996826171875 70.2226638793945 72.2141418457031 71.0128555297852 67.279296875 67.3528060913086 67.171875 67.0485458374023 67.1803894042969 66.9581069946289 66.4137573242188 66.3659896850586 66.4462051391602 66.5637283325195 66.733039855957 66.7943420410156 67.0735855102539 67.2741394042969 67.4573822021484 67.5647277832031 67.4960784912109 67.1592178344727 67.2545852661133 67.050666809082
69.5829315185547 69.6253967285156 69.8566741943359 69.5979232788086 68.2811126708984 67.4864730834961 66.7672958374023 66.667854309082 65.5021209716797 65.0759429931641 64.6518707275391 64.387336730957 64.2086334228516 64.4290237426758 64.8459701538086 64.9220504760742 65.2967834472656 65.1329803466797 64.981575012207 65.2922668457031 66.3584747314453 66.9738845825195 67.1212921142578 67.0442810058594 67.2584609985352 67.5274887084961 68.1630783081055 70.0309219360352 72.4671401977539 72.6333770751953 67.6564712524414 67.654167175293 67.5815200805664 67.5925216674805 67.4793472290039 67.1881637573242 66.8762969970703 66.7265243530273 66.8062133789062 66.9261322021484 67.1137237548828 67.1844711303711 67.5246505737305 67.6836700439453 67.9893188476562 68.3243637084961 68.4129409790039 68.036506652832 67.7580184936523 67.5074157714844
70.7805862426758 70.9327545166016 71.189208984375 71.2052688598633 69.8489685058594 68.9920883178711 68.2371597290039 67.7071228027344 67.4614715576172 66.9772491455078 66.6741943359375 66.9709014892578 66.6695938110352 66.2744827270508 66.056526184082 -9999 65.6903228759766 65.8896484375 66.4639434814453 67.1877975463867 67.3121109008789 67.4370346069336 67.7835006713867 68.0345230102539 67.8718338012695 67.9145050048828 67.9329147338867 68.0829238891602 68.1948928833008 67.9617004394531 68.3287353515625 68.5689163208008 68.4477005004883 68.1881637573242 67.9784393310547 67.6986465454102 67.5693817138672 67.4024429321289 67.4695205688477 67.6532974243164 67.8229141235352 68.0262832641602 68.411018371582 68.7468414306641 69.1502151489258 69.2303085327148 68.8806228637695 68.6688003540039 68.7127456665039 68.6846694946289
71.5212478637695 71.6115798950195 71.6819458007812 71.5552597045898 70.6703643798828 70.0534439086914 69.462158203125 68.9389419555664 68.3952865600586 67.8793411254883 67.3815689086914 67.0475692749023 66.7633590698242 66.4220352172852 66.2082977294922 66.2962112426758 66.7890472412109 66.9644241333008 67.4444580078125 67.2910995483398 67.4683609008789 67.9089431762695 68.7481994628906 68.8238906860352 68.5687561035156 68.2369537353516 68.1581497192383 68.1572113037109 68.229621887207 68.3003387451172 68.6220550537109 68.6883697509766 68.7500457763672 68.4920196533203 68.359489440918 68.1606063842773 67.9972534179688 67.723747253418 67.7632827758789 68.0405502319336 68.2761764526367 68.4907836914062 68.8064346313477 69.1714630126953 69.4922866821289 69.5031051635742 69.4025497436523 69.322395324707 69.3679733276367 69.1813659667969
72.1248321533203 72.097785949707 71.9375076293945 71.5271072387695 71.3246841430664 70.7879867553711 70.1989517211914 69.6710891723633 68.4577178955078 67.9491195678711 67.4527206420898 67.1387939453125 66.9307250976562 66.9714279174805 67.3265380859375 67.5577011108398 67.9013214111328 67.7241439819336 67.7762832641602 67.6014022827148 68.0161514282227 69.0439910888672 69.5720443725586 69.6958312988281 69.1325988769531 68.6231689453125 68.5840911865234 68.4021301269531 68.5526123046875 68.8323135375977 69.311149597168 69.3220520019531 69.1463851928711 68.9495849609375 69.0730667114258 68.7823257446289 68.4092407226562 68.0748138427734 68.1316299438477 68.4809417724609 68.752326965332 68.8548736572266 69.2576065063477 69.4310150146484 69.8240966796875 69.9935760498047 69.9660339355469 69.831428527832 69.7500076293945 69.657096862793
71.9714813232422 72.2347106933594 72.6959228515625 72.0223083496094 71.1104507446289 70.5846557617188 70.0106582641602 69.486686706543 68.4626617431641 68.0071716308594 67.8300476074219 68.1371459960938 67.9432830810547 67.9682769775391 68.2913589477539 68.2911071777344 68.0655899047852 67.8212585449219 67.8662185668945 69.0062255859375 69.2095413208008 69.795654296875 69.9494171142578 70.1147308349609 69.3736038208008 68.9740371704102 69.0476303100586 68.8615875244141 68.8142166137695 68.9065628051758 69.6690444946289 69.9207382202148 69.6368789672852 69.2268218994141 69.3197784423828 68.9659576416016 68.6334686279297 68.4743957519531 68.5847091674805 68.7862243652344 69.0487823486328 69.1574401855469 69.6462631225586 69.8789291381836 70.3674621582031 70.5168228149414 70.129508972168 70.0227127075195 70.0469818115234 70.1095199584961
72.6240921020508 73.123779296875 73.9899597167969 73.1561965942383 71.781867980957 71.2941665649414 70.7846603393555 70.2505569458008 69.2231369018555 68.911262512207 68.8349075317383 69.0313110351562 68.9289093017578 68.8458786010742 68.5375289916992 68.4036254882812 68.2587432861328 68.375862121582 68.9197082519531 70.1427307128906 70.1167831420898 70.0294876098633 70.1398620605469 70.1123733520508 69.5341339111328 69.2337417602539 69.2312698364258 69.2303009033203 69.0248260498047 69.0436172485352 69.5652542114258 69.8839721679688 69.7134017944336 69.2381820678711 69.2997436523438 69.0558547973633 68.8126678466797 68.8124618530273 68.932487487793 69.0933837890625 69.2681045532227 69.5357971191406 69.9992828369141 70.3234405517578 70.7329025268555 70.5424423217773 70.200065612793 70.0877075195312 70.2569046020508 70.3468627929688
73.2677536010742 73.6849365234375 74.2437591552734 73.192985534668 72.4109268188477 71.936653137207 71.4900436401367 71.0220718383789 70.107063293457 69.80615234375 69.4171829223633 69.1492691040039 69.0642852783203 69.0869979858398 68.9935760498047 69.4574127197266 69.3531341552734 69.5023345947266 69.9581985473633 70.1182022094727 70.2897872924805 70.2491073608398 70.1959686279297 70.10546875 69.7415771484375 69.6153869628906 69.4615783691406 69.5986557006836 69.471435546875 69.5498504638672 69.7019958496094 69.8832244873047 69.737174987793 69.3981857299805 69.391227722168 69.2675170898438 69.1451797485352 69.1625747680664 69.2937469482422 69.4401931762695 69.6500778198242 69.8910751342773 70.2981109619141 70.5641784667969 70.9996795654297 70.5754699707031 70.3908004760742 70.232307434082 70.2527008056641 70.3181686401367
73.8943481445312 74.1101455688477 74.2358474731445 73.39697265625 72.765739440918 71.8356628417969 71.4680557250977 71.0729446411133 70.1863098144531 69.8454971313477 69.5078125 69.2237167358398 69.3065490722656 70.0482330322266 70.0855026245117 70.4123382568359 70.1638336181641 70.0876007080078 70.0748519897461 70.2291793823242 70.4862518310547 70.4556579589844 70.444953918457 70.3572616577148 70.1625366210938 70.1990509033203 69.9246063232422 69.9033279418945 69.9107208251953 69.8916168212891 70.0324859619141 70.0185775756836 69.9446792602539 69.8763809204102 69.7167053222656 69.6008071899414 69.4742202758789 69.4955673217773 69.6366195678711 69.9070053100586 70.1903762817383 70.2712478637695 70.4667358398438 70.8228378295898 71.1875076293945 70.8543243408203 70.7395248413086 70.6706390380859 70.535285949707 70.4977493286133
75.2964477539062 75.2540893554688 74.8569946289062 73.9442520141602 73.2398071289062 72.4879989624023 72.2306213378906 71.8955535888672 70.9748992919922 70.6662292480469 70.480339050293 70.2170333862305 70.2389526367188 70.9336318969727 70.8732604980469 70.4943923950195 70.2731628417969 70.2044906616211 70.1930999755859 70.8790664672852 70.8696594238281 70.7124938964844 70.8157653808594 70.6277389526367 70.3355255126953 70.4036483764648 70.1867752075195 70.1858673095703 70.2423782348633 70.2746734619141 70.3023071289062 70.1162643432617 70.010139465332 70.0323486328125 69.9692764282227 69.8329238891602 69.8012008666992 69.7891693115234 69.8909759521484 70.2357025146484 70.5407562255859 70.6918029785156 70.9845428466797 71.2923049926758 71.2904434204102 71.1904830932617 71.188346862793 71.2770614624023 71.3496780395508 71.0714645385742
78.126335144043 77.0472412109375 76.7487106323242 74.6791839599609 74.2763442993164 73.7216262817383 72.660758972168 72.3356628417969 71.6151809692383 71.4243011474609 71.3024749755859 71.0241546630859 70.9095993041992 71.031867980957 70.9245223999023 70.4349670410156 70.3594818115234 70.5583801269531 70.9620742797852 71.3933486938477 71.3445663452148 71.0256576538086 70.9758834838867 70.8155288696289 70.549690246582 70.630729675293 70.5337142944336 70.682861328125 70.6521682739258 70.7868347167969 70.5139389038086 70.342041015625 70.3212509155273 70.1028671264648 70.0320358276367 70.0013885498047 70.1752243041992 70.2256469726562 70.2080459594727 70.4621963500977 70.751823425293 71.0245132446289 71.5743713378906 71.6834411621094 71.7329254150391 71.626220703125 71.7288284301758 72.0094223022461 72.3311538696289 72.5460052490234
80.0938262939453 78.8997650146484 78.9881896972656 75.8382797241211 74.8908996582031 74.3401489257812 72.9818801879883 72.0366897583008 71.4602279663086 71.6992645263672 72.0243759155273 71.034049987793 71.1318740844727 71.8749465942383 71.841796875 71.5047912597656 71.3321380615234 71.5206451416016 71.685905456543 71.3253707885742 71.3657150268555 71.1719131469727 71.1355514526367 71.0727005004883 71.0499649047852 71.0860137939453 71.0076217651367 71.0212478637695 71.0637817382812 71.0167541503906 70.818733215332 70.6999130249023 70.5771408081055 70.3839263916016 70.345588684082 70.3112258911133 70.4891586303711 70.5935134887695 70.6509552001953 70.7533264160156 70.8642044067383 71.0861511230469 71.6286315917969 71.815544128418 72.1964492797852 72.2724838256836 72.4453964233398 72.7365798950195 73.1153182983398 73.9098663330078
