rcp4.5models/GFDL_CM3/sc1gr9.32
NCOLS 261 
NROWS 433 
XLLCORNER 336357.134 
YLLCORNER 654653.479 
CELLSIZE 1000 
NODATA_value -3.4e+38 
[rows 132 to 153 of 433, columns 147 to 195 of 261]
114.240242004395 115.445159912109 116.143730163574 -3.4e+38 117.844902038574 118.619888305664 120.005302429199 120.522659301758 121.906753540039 122.779136657715 123.905540466309 125.555793762207 126.360427856445 126.798469543457 127.736251831055 128.432022094727 128.820175170898 129.924102783203 130.434646606445 130.711441040039 131.446350097656 132.03076171875 132.807815551758 132.595504760742 132.472915649414 132.461227416992 132.330276489258 131.525650024414 130.877410888672 130.844436645508 130.395294189453 129.353912353516 128.676895141602 127.444564819336 126.71110534668 126.090721130371 126.06600189209 125.46174621582 124.537315368652 124.28157043457 123.724990844727 -3.4e+38 -3.4e+38 -3.4e+38 -3.4e+38 -3.4e+38 -3.4e+38 -3.4e+38 -3.4e+38
113.315132141113 114.43049621582 115.025688171387 116.187759399414 116.826095581055 117.704559326172 118.838722229004 119.861511230469 120.905120849609 122.186012268066 123.326820373535 125.06421661377 125.90983581543 126.58031463623 127.484275817871 128.574920654297 128.962783813477 130.003067016602 130.446868896484 131.112838745117 132.102294921875 132.153045654297 133.596374511719 133.22883605957 132.665435791016 132.707534790039 132.663864135742 132.373657226562 131.612823486328 130.957107543945 130.505493164062 129.460235595703 128.780960083008 127.678558349609 127.182121276855 126.130500793457 126.07014465332 125.550674438477 124.552284240723 124.253845214844 123.75456237793 -3.4e+38 -3.4e+38 -3.4e+38 -3.4e+38 -3.4e+38 -3.4e+38 -3.4e+38 -3.4e+38
112.257286071777 113.254035949707 113.903633117676 115.19849395752 115.878067016602 117.208465576172 118.085609436035 119.085586547852 120.235694885254 121.088478088379 122.468284606934 124.505790710449 125.412673950195 126.102333068848 127.09358215332 128.076461791992 128.853469848633 129.54719543457 130.41032409668 131.299880981445 132.337036132812 132.564376831055 133.934127807617 134.015380859375 133.616134643555 133.700820922852 133.286376953125 132.689682006836 132.084381103516 131.06803894043 130.613983154297 129.564910888672 128.883422851562 127.775253295898 127.276885986328 126.290878295898 125.971343994141 125.145660400391 124.127746582031 -3.4e+38 123.346229553223 -3.4e+38 -3.4e+38 -3.4e+38 -3.4e+38 -3.4e+38 -3.4e+38 -3.4e+38 -3.4e+38
111.662437438965 112.473922729492 113.28141784668 113.983947753906 115.043556213379 116.300148010254 117.450256347656 118.324798583984 119.454681396484 120.656425476074 -3.4e+38 -3.4e+38 124.719657897949 125.760520935059 126.881637573242 127.84716796875 128.797912597656 129.290084838867 130.802749633789 131.944702148438 132.47233581543 132.950454711914 134.064346313477 134.415649414062 134.337951660156 134.191879272461 134.069122314453 133.322967529297 132.572280883789 132.080123901367 131.220764160156 129.667846679688 128.984222412109 127.870414733887 127.370162963867 126.364097595215 125.733596801758 124.439643859863 123.374237060547 -3.4e+38 -3.4e+38 -3.4e+38 -3.4e+38 -3.4e+38 -3.4e+38 -3.4e+38 -3.4e+38 -3.4e+38 -3.4e+38
110.629486083984 111.35205078125 112.498504638672 112.898666381836 114.219062805176 115.412811279297 116.490951538086 117.815704345703 118.68603515625 119.864105224609 121.456649780273 -3.4e+38 124.354057312012 125.65160369873 126.383651733398 127.730575561523 128.934066772461 129.425704956055 131.13655090332 132.474609375 132.86540222168 133.590347290039 134.136627197266 134.485534667969 134.459915161133 134.134155273438 134.399978637695 134.155090332031 133.546035766602 132.601119995117 131.495880126953 130.268997192383 129.373199462891 128.079788208008 127.461921691895 126.399810791016 125.680938720703 124.136749267578 122.969612121582 122.467437744141 122.405075073242 -3.4e+38 -3.4e+38 -3.4e+38 -3.4e+38 -3.4e+38 -3.4e+38 -3.4e+38 -3.4e+38
109.354370117188 109.916984558105 111.31616973877 112.282913208008 113.259460449219 114.581237792969 115.639457702637 116.89476776123 118.038604736328 119.180351257324 120.817420959473 -3.4e+38 124.021583557129 125.08032989502 126.048065185547 127.71883392334 129.068069458008 129.559188842773 -3.4e+38 132.381927490234 132.938552856445 133.606552124023 134.606521606445 135.261962890625 134.704116821289 134.482376098633 134.515823364258 134.483322143555 134.044326782227 132.773086547852 131.934799194336 130.754104614258 129.693054199219 128.818954467773 128.346466064453 126.841026306152 125.386543273926 123.784156799316 123.033050537109 123.038848876953 122.468795776367 -3.4e+38 -3.4e+38 -3.4e+38 -3.4e+38 -3.4e+38 -3.4e+38 -3.4e+38 -3.4e+38
107.078712463379 107.978950500488 108.767883300781 110.07935333252 111.484596252441 112.790840148926 113.635322570801 115.285850524902 116.944427490234 117.630638122559 -3.4e+38 -3.4e+38 122.751014709473 124.166870117188 125.482223510742 126.700553894043 128.018249511719 -3.4e+38 130.874801635742 131.555679321289 132.990966796875 132.755859375 135.273956298828 135.816955566406 135.747116088867 134.414916992188 134.109085083008 133.623870849609 133.635696411133 133.199340820312 132.524887084961 131.03874206543 129.952865600586 129.97819519043 127.676010131836 126.37215423584 125.565948486328 124.807640075684 124.31063079834 124.110687255859 123.675094604492 -3.4e+38 -3.4e+38 -3.4e+38 -3.4e+38 -3.4e+38 -3.4e+38 -3.4e+38 -3.4e+38
105.794311523438 106.964904785156 107.559860229492 108.970016479492 -3.4e+38 111.989936828613 112.891525268555 113.868766784668 115.687644958496 117.043640136719 118.007438659668 -3.4e+38 122.065307617188 123.376792907715 124.790031433105 126.424369812012 128.034255981445 -3.4e+38 -3.4e+38 131.566192626953 132.252319335938 130.815628051758 134.509643554688 135.747940063477 135.552688598633 134.278381347656 133.727676391602 132.764831542969 132.830368041992 132.820602416992 132.26091003418 130.577850341797 129.034164428711 128.544036865234 127.334342956543 126.573112487793 125.946060180664 125.310562133789 -3.4e+38 124.170471191406 -3.4e+38 123.517295837402 -3.4e+38 -3.4e+38 -3.4e+38 -3.4e+38 -3.4e+38 -3.4e+38 -3.4e+38
104.518966674805 105.720695495605 106.874320983887 108.27286529541 109.299613952637 110.685394287109 112.084861755371 113.25853729248 114.581985473633 115.780075073242 117.316909790039 120.05445098877 121.369651794434 122.949104309082 124.502182006836 126.012580871582 127.177513122559 128.53059387207 129.859649658203 131.276885986328 131.322738647461 130.5263671875 135.043869018555 135.707595825195 134.842300415039 134.021194458008 133.206192016602 132.769104003906 132.320846557617 131.693664550781 131.388442993164 130.30842590332 128.784805297852 127.631004333496 127.625915527344 127.152503967285 125.709266662598 124.796379089355 -3.4e+38 -3.4e+38 -3.4e+38 -3.4e+38 123.257629394531 -3.4e+38 -3.4e+38 -3.4e+38 -3.4e+38 -3.4e+38 -3.4e+38
103.302963256836 104.602638244629 105.974891662598 107.463981628418 108.817276000977 109.904563903809 110.771690368652 112.350051879883 113.747688293457 114.899291992188 116.617294311523 118.760566711426 120.317398071289 122.034057617188 123.423149108887 124.324325561523 125.607322692871 127.597511291504 129.704681396484 131.143203735352 131.405426025391 132.726196289062 136.412704467773 136.429748535156 135.039505004883 134.107467651367 133.383117675781 132.471115112305 131.69499206543 131.126754760742 130.663635253906 129.753814697266 128.783279418945 127.715408325195 127.693260192871 127.207855224609 125.806213378906 125.26203918457 -3.4e+38 -3.4e+38 -3.4e+38 -3.4e+38 123.388938903809 -3.4e+38 -3.4e+38 -3.4e+38 -3.4e+38 -3.4e+38 -3.4e+38
102.394119262695 103.377082824707 104.678352355957 106.096870422363 107.76390838623 109.169082641602 110.209579467773 111.599426269531 112.94750213623 114.00691986084 115.564552307129 118.224632263184 119.586929321289 120.895736694336 121.944229125977 122.970489501953 124.259056091309 126.705612182617 128.874420166016 130.395095825195 131.722442626953 -3.4e+38 136.451461791992 136.662033081055 135.638595581055 134.077880859375 132.909805297852 131.685211181641 131.083724975586 130.871627807617 130.533905029297 129.31999206543 128.43879699707 127.429153442383 126.988128662109 126.212219238281 125.438056945801 124.403823852539 -3.4e+38 -3.4e+38 -3.4e+38 -3.4e+38 123.755493164062 123.527694702148 -3.4e+38 -3.4e+38 -3.4e+38 -3.4e+38 -3.4e+38
101.538520812988 102.67741394043 104.185852050781 105.267150878906 106.122497558594 107.733528137207 109.361175537109 110.734939575195 112.075248718262 113.25114440918 114.592948913574 117.218757629395 118.88028717041 119.80004119873 120.425346374512 122.233757019043 124.218238830566 126.280296325684 128.117416381836 129.715866088867 131.283325195312 132.506393432617 134.415145874023 135.818511962891 134.217712402344 132.678680419922 132.199569702148 130.978302001953 130.423385620117 129.707183837891 129.639175415039 128.786544799805 127.685035705566 -3.4e+38 -3.4e+38 125.52912902832 124.995071411133 123.902572631836 123.772384643555 -3.4e+38 -3.4e+38 -3.4e+38 123.546058654785 -3.4e+38 -3.4e+38 -3.4e+38 -3.4e+38 -3.4e+38 -3.4e+38
100.404121398926 101.765625 103.314414978027 104.65258026123 105.551849365234 106.932098388672 108.502319335938 109.842590332031 110.739349365234 112.190483093262 113.717712402344 116.041946411133 117.167907714844 118.515922546387 119.679992675781 121.421485900879 123.577171325684 125.330337524414 127.067459106445 128.770690917969 129.943344116211 130.368347167969 132.447372436523 132.732177734375 131.08805847168 130.473159790039 132.053344726562 130.514556884766 129.607513427734 128.745315551758 128.167465209961 127.962539672852 127.086280822754 -3.4e+38 -3.4e+38 -3.4e+38 125.070091247559 124.345016479492 124.5107421875 -3.4e+38 -3.4e+38 -3.4e+38 -3.4e+38 -3.4e+38 -3.4e+38 -3.4e+38 -3.4e+38 -3.4e+38 -3.4e+38
99.9019470214844 101.195114135742 102.561134338379 104.114845275879 105.403991699219 106.190254211426 107.573883056641 108.965744018555 110.08447265625 111.209777832031 112.183052062988 115.295463562012 116.247016906738 117.552177429199 118.741958618164 120.307647705078 121.844795227051 123.584030151367 125.326507568359 126.942008972168 127.94507598877 128.470291137695 130.1064453125 128.799072265625 128.544555664062 129.54084777832 130.994934082031 129.691360473633 128.771041870117 127.744766235352 127.338172912598 -3.4e+38 -3.4e+38 -3.4e+38 -3.4e+38 -3.4e+38 -3.4e+38 123.955261230469 124.050315856934 123.660453796387 -3.4e+38 -3.4e+38 -3.4e+38 -3.4e+38 -3.4e+38 -3.4e+38 -3.4e+38 -3.4e+38 -3.4e+38
98.8371047973633 100.33487701416 101.631759643555 103.00218963623 104.383514404297 105.491523742676 106.801597595215 108.012825012207 109.196281433105 110.537956237793 111.443283081055 114.325439453125 115.393692016602 116.683967590332 117.573745727539 118.757362365723 120.567779541016 122.357040405273 123.567680358887 124.95240020752 125.921379089355 127.319381713867 127.791236877441 126.97388458252 127.574577331543 130.058319091797 129.694900512695 128.092086791992 127.641227722168 -3.4e+38 -3.4e+38 -3.4e+38 -3.4e+38 -3.4e+38 -3.4e+38 -3.4e+38 -3.4e+38 123.452201843262 123.359199523926 123.421875 -3.4e+38 -3.4e+38 -3.4e+38 -3.4e+38 -3.4e+38 -3.4e+38 -3.4e+38 -3.4e+38 -3.4e+38
97.9339828491211 99.4706039428711 100.97176361084 102.271415710449 103.418182373047 104.593284606934 106.287162780762 107.148468017578 108.227561950684 109.470397949219 110.359634399414 113.274917602539 114.393203735352 115.657730102539 116.570510864258 117.768783569336 119.599327087402 121.222763061523 121.810363769531 123.212745666504 124.538558959961 126.118835449219 126.298866271973 126.750717163086 128.262268066406 -3.4e+38 128.144805908203 127.278945922852 126.81226348877 -3.4e+38 -3.4e+38 -3.4e+38 -3.4e+38 -3.4e+38 124.112983703613 123.625579833984 123.533699035645 123.506881713867 -3.4e+38 -3.4e+38 -3.4e+38 -3.4e+38 -3.4e+38 -3.4e+38 -3.4e+38 -3.4e+38 -3.4e+38 -3.4e+38 -3.4e+38
97.7423400878906 98.8787536621094 99.8971405029297 -3.4e+38 102.526092529297 103.599578857422 105.265815734863 106.31957244873 107.317939758301 108.442428588867 109.419479370117 111.907875061035 113.216949462891 114.469657897949 115.562133789062 116.656036376953 118.138671875 119.610458374023 120.427543640137 121.671783447266 123.185836791992 124.296691894531 125.749740600586 126.899360656738 127.837615966797 127.172119140625 126.124908447266 126.097671508789 125.806488037109 -3.4e+38 -3.4e+38 -3.4e+38 -3.4e+38 124.186279296875 123.702079772949 123.694511413574 123.601913452148 123.666725158691 -3.4e+38 -3.4e+38 -3.4e+38 -3.4e+38 -3.4e+38 -3.4e+38 -3.4e+38 -3.4e+38 -3.4e+38 -3.4e+38 119.60173034668
97.435920715332 98.0277099609375 98.9784317016602 100.435722351074 101.825813293457 103.336814880371 104.456665039062 105.232856750488 106.390533447266 107.673728942871 108.461448669434 111.011535644531 112.287612915039 113.118865966797 114.465141296387 115.393676757812 116.374809265137 117.834518432617 118.570625305176 119.972648620605 121.60408782959 122.814826965332 -3.4e+38 126.009941101074 126.053634643555 125.659378051758 125.136070251465 125.118614196777 124.804298400879 124.214179992676 -3.4e+38 -3.4e+38 -3.4e+38 123.497116088867 123.404556274414 123.394393920898 123.299018859863 123.377624511719 -3.4e+38 -3.4e+38 -3.4e+38 -3.4e+38 -3.4e+38 -3.4e+38 -3.4e+38 -3.4e+38 -3.4e+38 -3.4e+38 119.633346557617
96.0711135864258 97.1933898925781 98.689826965332 99.7601318359375 100.35432434082 101.358406066895 102.786521911621 103.590423583984 104.482841491699 105.608383178711 106.595527648926 108.834541320801 109.614486694336 110.845764160156 111.868171691895 112.839080810547 114.02180480957 115.084007263184 116.009918212891 117.142471313477 118.204544067383 120.039733886719 122.362495422363 -3.4e+38 122.340148925781 122.314430236816 122.340675354004 122.440795898438 122.737274169922 123.167747497559 123.175338745117 -3.4e+38 -3.4e+38 -3.4e+38 -3.4e+38 122.204116821289 121.710090637207 -3.4e+38 -3.4e+38 -3.4e+38 -3.4e+38 -3.4e+38 -3.4e+38 -3.4e+38 -3.4e+38 -3.4e+38 -3.4e+38 -3.4e+38 -3.4e+38
95.4587478637695 96.8141860961914 98.1283950805664 98.9243545532227 99.8658752441406 101.064041137695 101.729866027832 102.782745361328 103.944519042969 104.79150390625 105.782791137695 107.674827575684 108.47338104248 109.646675109863 111.021774291992 112.048492431641 112.915222167969 113.963279724121 114.831512451172 115.618759155273 117.109565734863 118.746574401855 120.510963439941 120.776473999023 121.389122009277 121.597320556641 121.566528320312 121.542442321777 121.724090576172 122.096725463867 122.049713134766 122.01016998291 122.058097839355 121.620079040527 121.456634521484 -3.4e+38 121.404663085938 -3.4e+38 -3.4e+38 -3.4e+38 -3.4e+38 -3.4e+38 -3.4e+38 -3.4e+38 -3.4e+38 -3.4e+38 -3.4e+38 -3.4e+38 119.218574523926
95.2316207885742 96.4258346557617 97.0823287963867 98.1226959228516 99.3239212036133 100.22193145752 101.108123779297 102.231826782227 103.02417755127 104.17293548584 105.444793701172 106.670265197754 107.374954223633 108.690368652344 110.230712890625 111.105033874512 111.601928710938 112.271217346191 113.780403137207 114.677001953125 115.606376647949 117.147636413574 118.73494720459 119.200897216797 120.272087097168 120.475936889648 120.398376464844 120.693550109863 121.247764587402 121.481796264648 121.393661499023 121.394630432129 121.30135345459 121.286064147949 121.183906555176 121.083099365234 121.17985534668 121.15746307373 -3.4e+38 -3.4e+38 -3.4e+38 -3.4e+38 -3.4e+38 -3.4e+38 -3.4e+38 -3.4e+38 -3.4e+38 -3.4e+38 119.272254943848
94.9207534790039 -3.4e+38 96.4617691040039 97.5821762084961 98.3689804077148 99.5033569335938 100.774711608887 101.409675598145 102.396438598633 103.534233093262 104.285545349121 105.998489379883 106.878189086914 108.075866699219 109.107025146484 109.998390197754 110.466041564941 111.194190979004 112.366134643555 113.511878967285 114.537033081055 115.593864440918 117.660949707031 118.044654846191 118.75749206543 119.001472473145 119.494720458984 119.675804138184 120.211822509766 120.395774841309 120.304412841797 120.715805053711 121.361801147461 120.964942932129 120.438774108887 120.336463928223 120.366561889648 120.297073364258 120.300971984863 120.036033630371 119.534606933594 119.502029418945 119.393051147461 -3.4e+38 -3.4e+38 119.41187286377 -3.4e+38 -3.4e+38 119.313652038574
