rcp4.5models/GFDL_CM3/sc1gr5.33
NCOLS 261 
NROWS 433 
XLLCORNER 336357.134 
YLLCORNER 654653.479 
CELLSIZE 1000 
NODATA_value -3.4e+38 
[rows 330 to 351 of 433, columns 49 to 97 of 261]
291.204223632812 291.488433837891 291.520172119141 291.378997802734 291.464172363281 291.621368408203 291.447418212891 291.424194335938 291.412109375 291.807739257812 292.203369140625 292.298828125 292.582977294922 292.629730224609 292.252288818359 292.021911621094 291.681060791016 291.380706787109 288.815460205078 289.264251708984 289.242126464844 287.439636230469 287.014434814453 287.120971679688 -3.4e+38 -3.4e+38 285.608245849609 -3.4e+38 285.438995361328 285.420532226562 289.413269042969 291.867980957031 292.446807861328 292.652923583984 290.391967773438 284.838806152344 280.320770263672 281.686401367188 286.109436035156 287.899627685547 284.656036376953 282.920928955078 280.863037109375 277.579833984375 274.10400390625 274.215881347656 271.194641113281 269.978485107422 274.128784179688
291.312622070312 291.706817626953 291.594207763672 291.559478759766 291.5283203125 291.480133056641 291.466003417969 291.318511962891 291.480560302734 291.686614990234 291.558990478516 291.179260253906 292.055938720703 292.659698486328 292.283447265625 292.120300292969 291.872711181641 291.963958740234 290.608123779297 290.334228515625 289.235717773438 288.447479248047 286.385711669922 284.865325927734 -3.4e+38 282.536102294922 285.144683837891 -3.4e+38 283.650634765625 286.873870849609 291.025909423828 292.358001708984 292.870391845703 292.989562988281 292.401214599609 289.471252441406 285.990203857422 286.566314697266 289.531890869141 290.854187011719 286.907379150391 281.606781005859 278.944061279297 278.312652587891 275.002777099609 275.644622802734 274.80712890625 274.194763183594 280.220886230469
291.042877197266 291.402709960938 291.643585205078 291.689117431641 291.432159423828 291.707580566406 291.972778320312 291.472106933594 291.251434326172 291.267303466797 291.118865966797 290.88330078125 291.815063476562 292.70166015625 292.510162353516 292.220733642578 291.847259521484 291.962463378906 291.5419921875 291.188323974609 290.385864257812 290.316833496094 284.572082519531 282.741516113281 -3.4e+38 281.104248046875 283.934783935547 285.015991210938 284.231811523438 287.887420654297 290.840698242188 291.36474609375 292.517517089844 292.590728759766 292.663421630859 292.406311035156 290.670928955078 290.147979736328 291.507720947266 290.861328125 286.993194580078 280.427856445312 277.463592529297 279.441925048828 277.848815917969 277.043090820312 278.415161132812 277.015106201172 279.979217529297
291.02001953125 291.21337890625 291.873107910156 291.674346923828 291.346893310547 291.847869873047 291.888366699219 291.638671875 290.925628662109 290.931823730469 291.087341308594 291.149017333984 291.823394775391 292.385375976562 292.137145996094 292.054534912109 291.711639404297 291.4560546875 291.257629394531 291.082092285156 291.013336181641 290.333923339844 283.968994140625 280.98681640625 -3.4e+38 280.817626953125 280.531188964844 284.4560546875 283.185760498047 286.34716796875 288.668426513672 290.532684326172 291.858673095703 292.143646240234 292.381530761719 292.586273193359 291.898468017578 291.552551269531 292.095794677734 291.507263183594 287.668304443359 281.370635986328 277.578002929688 281.305053710938 282.838073730469 281.532165527344 281.355316162109 275.290832519531 272.941009521484
291.258850097656 291.419708251953 292.013458251953 291.731811523438 291.594207763672 291.877014160156 291.481964111328 291.084228515625 290.432037353516 290.486572265625 290.969146728516 291.555358886719 292.009704589844 291.812652587891 291.713806152344 291.818481445312 290.070770263672 289.755889892578 291.067718505859 291.366790771484 291.297790527344 288.801239013672 284.248046875 280.764190673828 282.765472412109 282.291870117188 281.189544677734 284.614990234375 278.746185302734 283.870269775391 287.446929931641 288.571899414062 288.244476318359 290.692413330078 292.327789306641 291.835388183594 291.879608154297 291.843017578125 290.866973876953 290.978637695312 290.408752441406 282.315521240234 279.496063232422 282.124450683594 285.507507324219 284.369354248047 281.676849365234 272.554779052734 265.712341308594
291.526458740234 291.522277832031 291.833251953125 291.808288574219 291.862091064453 291.944885253906 291.457641601562 290.687805175781 290.415191650391 290.700897216797 291.067260742188 291.407287597656 291.542785644531 291.429595947266 291.768310546875 291.75634765625 290.345855712891 289.816284179688 291.154693603516 291.610900878906 291.122619628906 288.227966308594 284.680480957031 281.528503417969 282.891845703125 283.849914550781 283.202117919922 285.448974609375 279.530059814453 283.593475341797 286.510162353516 286.172149658203 283.836242675781 288.266052246094 292.213806152344 292.100463867188 292.323516845703 292.107177734375 290.171691894531 290.294738769531 292.065856933594 284.164703369141 283.870971679688 285.850250244141 286.666046142578 286.001037597656 280.933868408203 270.109710693359 259.572326660156
291.897308349609 291.73974609375 292.227752685547 291.898651123047 291.630126953125 291.587188720703 291.193359375 290.755187988281 290.992279052734 290.916595458984 290.724945068359 291.078918457031 291.215148925781 291.156921386719 291.154968261719 291.499786376953 291.421356201172 290.831634521484 291.446105957031 291.434661865234 290.72021484375 289.665771484375 286.621185302734 282.645263671875 281.372406005859 283.440277099609 284.335235595703 287.917938232422 287.985504150391 285.254302978516 284.707733154297 287.494384765625 284.593200683594 286.03466796875 291.461975097656 292.772155761719 292.947113037109 292.627807617188 292.3486328125 291.356903076172 291.291259765625 290.806823730469 290.1484375 291.577606201172 291.952697753906 289.956512451172 282.865386962891 274.135009765625 264.549652099609
292.068603515625 292.012329101562 292.0556640625 291.592254638672 291.148956298828 291.000335693359 291.021728515625 291.282745361328 291.315460205078 290.805633544922 290.782836914062 291.140899658203 291.211273193359 291.206481933594 291.168182373047 291.421417236328 291.355743408203 291.379241943359 291.562103271484 291.454864501953 290.858612060547 290.200775146484 287.347778320312 283.760009765625 282.478240966797 284.166015625 284.408721923828 286.291442871094 289.349578857422 287.235900878906 285.699890136719 287.150177001953 283.766387939453 285.4638671875 291.676391601562 292.548217773438 292.565490722656 292.725799560547 292.889251708984 292.575073242188 292.223419189453 292.566314697266 292.287628173828 292.308349609375 292.400024414062 290.691802978516 284.75830078125 276.330047607422 269.954833984375
292.385375976562 292.346405029297 291.89111328125 291.330718994141 291.122406005859 291.072662353516 291.399871826172 291.613677978516 291.010711669922 290.811126708984 291.01806640625 290.82177734375 290.770904541016 291.232025146484 291.340850830078 291.578643798828 291.7734375 291.849822998047 291.403076171875 291.246246337891 290.460815429688 290.179168701172 287.939025878906 285.967224121094 284.958343505859 284.912750244141 284.980407714844 286.766784667969 290.652404785156 288.64111328125 286.185272216797 286.867523193359 283.072113037109 283.348571777344 290.528778076172 292.64404296875 292.560150146484 292.459686279297 292.489044189453 292.742309570312 292.564819335938 292.229187011719 292.446502685547 292.419006347656 292.365692138672 291.789398193359 288.714874267578 279.354248046875 272.708984375
292.067321777344 291.815826416016 291.590545654297 291.718444824219 291.890655517578 291.655670166016 291.484283447266 291.335662841797 291.051574707031 291.096160888672 291.152801513672 290.718841552734 290.783081054688 291.367004394531 291.37744140625 291.448852539062 291.955657958984 291.817535400391 290.326904296875 290.186859130859 289.931274414062 289.593322753906 289.655090332031 288.581420898438 287.229095458984 286.0302734375 285.637451171875 288.326873779297 291.498229980469 285.387878417969 279.908386230469 281.217712402344 283.372833251953 280.667266845703 286.058288574219 292.25634765625 292.595520019531 292.407836914062 292.498870849609 292.664825439453 292.418853759766 292.069091796875 292.282592773438 292.325439453125 292.352416992188 292.348937988281 291.054901123047 285.602111816406 279.351989746094
292.054046630859 291.657806396484 291.707366943359 292.139190673828 291.770629882812 291.395416259766 291.141265869141 291.286071777344 291.625946044922 291.389434814453 290.982727050781 290.537322998047 290.654510498047 291.191070556641 291.585510253906 291.464874267578 291.868011474609 291.7412109375 289.976837158203 289.146850585938 288.482879638672 289.655944824219 291.354400634766 289.017761230469 287.162353515625 285.802520751953 284.815734863281 288.134887695312 291.225646972656 280.611694335938 279.292175292969 281.229217529297 286.700958251953 284.089385986328 285.976196289062 291.933990478516 292.34912109375 292.676361083984 292.843566894531 291.963836669922 291.651214599609 292.087005615234 292.100341796875 292.298065185547 292.275787353516 292.231872558594 291.589263916016 289.240142822266 283.119232177734
291.737426757812 291.397583007812 291.842315673828 292.137969970703 291.292144775391 290.837158203125 290.76904296875 291.061309814453 291.722381591797 291.578033447266 290.908996582031 290.668762207031 290.856903076172 291.247283935547 291.554870605469 291.695648193359 291.73876953125 291.399749755859 290.461059570312 288.643737792969 287.569427490234 289.676971435547 291.510192871094 290.328125 288.905944824219 285.490570068359 283.916961669922 286.230072021484 289.596557617188 285.405548095703 285.66455078125 285.599884033203 289.003448486328 289.856048583984 288.2578125 290.509033203125 292.29296875 292.53173828125 292.682983398438 291.042266845703 290.398010253906 292.203247070312 292.041961669922 292.221405029297 292.399353027344 292.262176513672 292.032897949219 289.452880859375 282.245361328125
291.865753173828 291.140045166016 291.03857421875 291.414581298828 291.33251953125 290.75927734375 290.598602294922 291.381011962891 291.962646484375 291.941345214844 290.838317871094 290.499633789062 291.133422851562 291.198028564453 291.274108886719 291.612609863281 291.793060302734 291.471832275391 291.267700195312 290.652648925781 289.615875244141 290.490142822266 291.750579833984 291.705810546875 291.384918212891 289.544555664062 287.321960449219 286.504516601562 288.638702392578 291.397277832031 290.488555908203 289.74658203125 290.952819824219 292.156677246094 289.935424804688 290.333862304688 292.461242675781 292.373321533203 292.27294921875 291.342041015625 290.682952880859 292.014099121094 291.970489501953 292.253784179688 292.602661132812 292.601837158203 292.329986572266 289.537017822266 281.721160888672
291.989349365234 291.512390136719 291.303894042969 291.066650390625 291.240264892578 291.117950439453 290.797821044922 291.654083251953 292.165710449219 292.064758300781 290.385711669922 290.236175537109 291.306457519531 291.571044921875 291.739135742188 291.8720703125 292.013824462891 291.64013671875 291.403106689453 291.852630615234 291.632751464844 289.409088134766 290.079742431641 291.219085693359 291.479187011719 292.254486083984 291.254364013672 290.168090820312 290.581970214844 292.193786621094 292.25830078125 292.247711181641 292.399230957031 292.363220214844 291.243988037109 291.194305419922 292.262145996094 292.106201171875 292.035949707031 292.259216308594 292.048583984375 291.21240234375 291.358062744141 291.886138916016 292.480499267578 292.279052734375 292.181060791016 290.405822753906 283.087677001953
292.367431640625 292.291870117188 291.844268798828 291.300964355469 291.185943603516 291.277099609375 291.333862304688 291.805633544922 292.2958984375 292.025146484375 291.062591552734 290.913787841797 291.246917724609 291.375213623047 291.463623046875 291.834594726562 291.864440917969 291.433898925781 291.487731933594 291.882202148438 292.063323974609 290.495544433594 290.675445556641 291.514068603516 291.578948974609 292.065826416016 291.786315917969 289.78271484375 288.031127929688 290.409393310547 290.299957275391 289.238677978516 290.016235351562 288.281768798828 289.19580078125 291.492279052734 291.761291503906 291.96240234375 292.112243652344 292.476745605469 292.451568603516 290.470703125 290.1025390625 291.385803222656 292.480285644531 292.239532470703 292.0576171875 291.174377441406 284.707275390625
292.414764404297 292.738891601562 292.052368164062 291.527404785156 291.625427246094 291.517517089844 291.461761474609 292.191711425781 291.589141845703 291.244171142578 291.35400390625 291.287963867188 290.946105957031 290.967224121094 291.123046875 291.377838134766 291.716552734375 291.375701904297 291.498992919922 292.032440185547 292.036071777344 290.47265625 289.231567382812 290.692749023438 291.572814941406 290.263092041016 290.287261962891 288.493743896484 284.322113037109 287.397644042969 289.997192382812 285.848175048828 285.754241943359 285.628540039062 287.527648925781 291.65625 291.071258544922 291.381408691406 292.162872314453 292.290435791016 292.311065673828 291.471160888672 289.913665771484 290.7880859375 292.477813720703 292.337982177734 291.889099121094 290.436553955078 284.728973388672
292.336120605469 292.813720703125 292.074279785156 291.485717773438 291.956176757812 292.123382568359 291.701995849609 291.952331542969 291.452850341797 290.308319091797 290.675415039062 291.035888671875 290.953369140625 291.245391845703 291.222137451172 291.471801757812 291.935394287109 291.692169189453 291.728820800781 291.428833007812 291.425964355469 290.657501220703 289.529846191406 290.440002441406 289.269073486328 287.314453125 286.973510742188 285.932830810547 283.865386962891 284.442687988281 288.894683837891 283.033477783203 280.978057861328 284.466430664062 286.416900634766 290.009429931641 290.238677978516 290.499969482422 291.574371337891 290.748809814453 290.117767333984 292.405944824219 291.322540283203 291.500610351562 292.520843505859 292.333801269531 291.550964355469 290.440093994141 287.257354736328
292.528228759766 292.814727783203 292.0341796875 291.984100341797 292.508392333984 292.483245849609 292.198974609375 291.321197509766 291.478576660156 290.409790039062 290.240692138672 290.792205810547 291.501678466797 291.666839599609 291.248992919922 291.661224365234 291.741638183594 291.619079589844 291.735107421875 290.679534912109 290.926452636719 291.631256103516 291.225158691406 289.244232177734 287.886779785156 286.61279296875 283.885162353516 283.294372558594 283.197235107422 279.993011474609 284.397857666016 281.182281494141 276.232177734375 280.657562255859 283.768005371094 287.079528808594 288.212066650391 285.522186279297 287.064849853516 289.623260498047 288.008758544922 291.888793945312 292.156677246094 292.244354248047 292.335693359375 292.238647460938 291.145935058594 291.025604248047 291.047271728516
292.496246337891 292.614624023438 292.602752685547 292.540954589844 292.335052490234 292.401611328125 292.362823486328 291.707733154297 291.471130371094 290.350219726562 289.857849121094 290.716339111328 291.331024169922 291.646820068359 291.631530761719 291.356842041016 291.488250732422 291.32177734375 291.0732421875 291.006408691406 290.854461669922 290.887512207031 291.304046630859 289.760070800781 289.303436279297 288.055419921875 283.652191162109 280.443542480469 280.870788574219 277.984283447266 278.68994140625 280.876373291016 275.006164550781 274.324981689453 281.175598144531 282.462646484375 285.335479736328 284.055297851562 280.413635253906 285.174346923828 288.910369873047 287.615234375 291.410919189453 292.164581298828 290.560546875 288.235656738281 289.775268554688 292.205505371094 292.132598876953
292.240844726562 292.196838378906 292.312835693359 292.307525634766 291.982574462891 291.786926269531 291.831390380859 291.190460205078 291.091400146484 290.106384277344 288.542419433594 290.008636474609 291.470306396484 291.444671630859 291.653076171875 291.68896484375 291.521301269531 291.237701416016 290.411529541016 291.30615234375 291.2587890625 290.879089355469 291.140167236328 290.788024902344 287.405578613281 286.617889404297 285.60595703125 283.2470703125 282.531341552734 280.271484375 279.686950683594 280.673706054688 274.788940429688 271.89453125 278.393493652344 280.330352783203 282.787658691406 285.509460449219 279.204711914062 278.948699951172 286.9208984375 287.884185791016 290.109680175781 291.793121337891 291.439880371094 289.938507080078 289.084289550781 290.899536132812 292.004791259766
291.927917480469 291.949371337891 292.013458251953 292.050811767578 291.424377441406 291.307647705078 291.528930664062 291.106109619141 291.514373779297 290.974090576172 289.952026367188 290.822784423828 291.453796386719 291.412933349609 291.604309082031 291.574829101562 291.246673583984 291.062164306641 289.007537841797 290.322479248047 291.5234375 291.451995849609 291.511779785156 291.187286376953 288.393524169922 285.889190673828 285.988647460938 284.939270019531 282.653869628906 280.314727783203 279.177429199219 277.714385986328 270.340057373047 268.580291748047 275.505187988281 280.733032226562 280.711853027344 283.797454833984 281.333435058594 273.459655761719 278.726043701172 289.792724609375 290.124542236328 291.640441894531 291.607238769531 291.695892333984 289.846374511719 289.668548583984 290.804901123047
291.156555175781 291.627166748047 291.938201904297 291.925994873047 291.607086181641 291.498382568359 291.555053710938 291.384094238281 291.539428710938 291.461822509766 291.06005859375 291.516296386719 291.521301269531 291.273864746094 291.437713623047 291.521697998047 291.373138427734 291.202697753906 288.729431152344 289.697387695312 291.332977294922 291.255920410156 291.375518798828 291.276397705078 290.788879394531 286.9111328125 286.909606933594 283.843292236328 279.740509033203 279.406921386719 279.049163818359 278.547393798828 272.7666015625 269.696990966797 273.356689453125 281.066528320312 284.537994384766 284.655181884766 284.222503662109 275.982391357422 272.724395751953 287.403259277344 290.034851074219 290.694702148438 291.450805664062 291.379913330078 290.677398681641 289.252319335938 288.340637207031
