rcp4.5models/GFDL_CM3/sc1gr3.38
NCOLS 261 
NROWS 433 
XLLCORNER 336357.134 
YLLCORNER 654653.479 
CELLSIZE 1000 
NODATA_value -3.4e+38 
[rows 220 to 241 of 433, columns 196 to 244 of 261]
273.546813964844 273.922698974609 273.889129638672 274.072937011719 274.36083984375 274.880737304688 274.703521728516 274.892303466797 275.337432861328 275.772033691406 275.333587646484 275.32568359375 275.757934570312 275.631011962891 275.15283203125 275.32080078125 275.457733154297 274.039306640625 274.261566162109 274.003509521484 273.845336914062 273.958923339844 273.955749511719 273.784149169922 273.668823242188 273.64794921875 273.704467773438 -3.4e+38 273.900573730469 273.885925292969 273.651672363281 273.328430175781 -3.4e+38 -3.4e+38 -3.4e+38 -3.4e+38 -3.4e+38 -3.4e+38 -3.4e+38 -3.4e+38 -3.4e+38 -3.4e+38 -3.4e+38 -3.4e+38 -3.4e+38 -3.4e+38 -3.4e+38 -3.4e+38 -3.4e+38
273.330505371094 273.527923583984 273.682220458984 273.960693359375 274.196319580078 274.771667480469 274.635467529297 274.984588623047 275.306213378906 275.313812255859 274.906524658203 275.109161376953 275.388885498047 274.946685791016 274.538848876953 275.230987548828 275.012054443359 273.60400390625 274.050506591797 273.838562011719 273.801666259766 273.745269775391 273.732482910156 274.100128173828 274.144165039062 273.792449951172 273.782196044922 -3.4e+38 274.024719238281 273.860076904297 273.677703857422 273.418334960938 -3.4e+38 -3.4e+38 -3.4e+38 -3.4e+38 -3.4e+38 -3.4e+38 -3.4e+38 -3.4e+38 -3.4e+38 -3.4e+38 -3.4e+38 -3.4e+38 -3.4e+38 -3.4e+38 -3.4e+38 -3.4e+38 -3.4e+38
273.183258056641 273.324981689453 273.591430664062 273.726257324219 273.836791992188 274.345794677734 274.295837402344 275.032470703125 275.080535888672 275.003204345703 274.889038085938 274.972747802734 274.902435302734 274.704681396484 274.294525146484 274.367767333984 274.634246826172 273.524749755859 273.902954101562 273.782043457031 273.842132568359 273.977355957031 274.034576416016 274.086578369141 -3.4e+38 -3.4e+38 -3.4e+38 -3.4e+38 273.878295898438 273.839294433594 273.761627197266 273.605712890625 273.422149658203 -3.4e+38 -3.4e+38 -3.4e+38 -3.4e+38 -3.4e+38 -3.4e+38 -3.4e+38 -3.4e+38 -3.4e+38 -3.4e+38 -3.4e+38 -3.4e+38 -3.4e+38 -3.4e+38 -3.4e+38 -3.4e+38
273.392639160156 273.604919433594 273.394439697266 273.396697998047 273.776123046875 274.027709960938 274.001251220703 274.903289794922 275.075042724609 275.121185302734 274.814636230469 274.606689453125 274.886169433594 275.003448486328 275.089630126953 274.527221679688 274.097381591797 273.645263671875 273.865264892578 273.772674560547 273.832611083984 274.084106445312 274.367736816406 274.351745605469 -3.4e+38 -3.4e+38 -3.4e+38 -3.4e+38 274.129302978516 273.947174072266 273.734375 273.561553955078 273.449096679688 273.430633544922 273.476928710938 -3.4e+38 -3.4e+38 -3.4e+38 -3.4e+38 -3.4e+38 -3.4e+38 -3.4e+38 -3.4e+38 -3.4e+38 -3.4e+38 -3.4e+38 -3.4e+38 -3.4e+38 -3.4e+38
273.876770019531 273.968292236328 273.680908203125 273.735717773438 274.309265136719 274.595184326172 274.614807128906 274.877410888672 275.058898925781 275.287933349609 274.988311767578 274.558380126953 274.580108642578 275.017791748047 275.092163085938 274.483764648438 273.920135498047 273.922637939453 273.884552001953 273.763366699219 273.758148193359 273.957977294922 274.415069580078 -3.4e+38 -3.4e+38 274.674072265625 274.589508056641 274.537048339844 274.482971191406 274.295288085938 273.614471435547 273.462371826172 273.464904785156 273.43359375 273.406158447266 273.472473144531 273.498748779297 -3.4e+38 -3.4e+38 -3.4e+38 -3.4e+38 -3.4e+38 -3.4e+38 -3.4e+38 -3.4e+38 -3.4e+38 -3.4e+38 -3.4e+38 -3.4e+38
274.212646484375 274.238433837891 274.449768066406 274.591339111328 274.681060791016 -3.4e+38 -3.4e+38 274.481414794922 274.952545166016 275.14794921875 275.222259521484 275.079406738281 274.289154052734 273.779449462891 273.598602294922 273.477783203125 273.942779541016 273.975006103516 273.941192626953 273.848388671875 273.761596679688 273.780792236328 274.17626953125 274.330535888672 274.496520996094 274.425537109375 274.416778564453 274.550262451172 274.467834472656 274.468017578125 273.847412109375 273.517486572266 273.456604003906 273.435302734375 273.416717529297 273.464477539062 273.467102050781 273.584075927734 -3.4e+38 -3.4e+38 -3.4e+38 -3.4e+38 -3.4e+38 -3.4e+38 -3.4e+38 -3.4e+38 -3.4e+38 -3.4e+38 -3.4e+38
274.142333984375 274.222564697266 274.509155273438 274.691131591797 274.344390869141 274.129608154297 273.982543945312 272.835083007812 273.367401123047 274.670440673828 275.311462402344 275.713745117188 274.886108398438 273.420440673828 273.178955078125 273.159271240234 273.864807128906 273.952178955078 273.782928466797 273.723083496094 273.675872802734 273.535522460938 273.566955566406 273.852416992188 273.956420898438 273.982269287109 274.040832519531 274.128265380859 274.113739013672 274.118530273438 274.243499755859 273.842712402344 273.512054443359 273.451049804688 273.487396240234 273.520690917969 273.459289550781 273.509124755859 -3.4e+38 -3.4e+38 -3.4e+38 -3.4e+38 -3.4e+38 -3.4e+38 -3.4e+38 -3.4e+38 -3.4e+38 -3.4e+38 -3.4e+38
273.830444335938 274.086029052734 274.216217041016 274.252563476562 273.825042724609 273.40380859375 272.873046875 272.503112792969 273.238983154297 274.729766845703 275.361236572266 275.393249511719 274.214965820312 273.859893798828 273.689117431641 273.574066162109 273.843994140625 273.894836425781 273.676513671875 273.633087158203 273.728179931641 273.562805175781 273.273040771484 273.298797607422 273.669036865234 273.712799072266 273.833435058594 273.811248779297 273.7099609375 273.7470703125 274.283325195312 274.17236328125 273.710601806641 273.540252685547 273.533599853516 273.493865966797 273.451477050781 273.454345703125 273.456115722656 -3.4e+38 -3.4e+38 -3.4e+38 -3.4e+38 -3.4e+38 -3.4e+38 -3.4e+38 -3.4e+38 -3.4e+38 -3.4e+38
273.290008544922 273.459289550781 273.318450927734 272.952301025391 273.141235351562 273.318420410156 272.459106445312 273.684600830078 274.33642578125 274.944854736328 275.143615722656 274.633087158203 273.321411132812 273.875762939453 273.878234863281 273.849182128906 273.789794921875 273.823791503906 273.793334960938 273.829254150391 273.933563232422 273.769653320312 273.508026123047 273.357757568359 273.620269775391 273.632385253906 273.801849365234 273.801177978516 273.6494140625 273.901489257812 274.206359863281 274.324493408203 274.078491210938 273.857849121094 273.547607421875 273.474182128906 273.508270263672 273.446716308594 273.449676513672 273.451599121094 -3.4e+38 -3.4e+38 -3.4e+38 -3.4e+38 -3.4e+38 -3.4e+38 -3.4e+38 -3.4e+38 -3.4e+38
272.987091064453 272.828308105469 272.366760253906 271.533508300781 271.649658203125 273.803039550781 273.315582275391 271.829681396484 272.921630859375 273.304870605469 272.663238525391 273.259155273438 272.663757324219 273.371185302734 273.499237060547 273.595458984375 273.274444580078 273.671478271484 273.787750244141 273.846435546875 273.934692382812 273.864959716797 273.763610839844 273.624145507812 273.564147949219 273.591094970703 273.697418212891 273.794525146484 273.815246582031 273.853210449219 273.878753662109 274.397003173828 -3.4e+38 -3.4e+38 -3.4e+38 -3.4e+38 273.546051025391 273.439147949219 273.442230224609 273.445281982422 273.390533447266 273.283782958984 -3.4e+38 -3.4e+38 -3.4e+38 -3.4e+38 -3.4e+38 -3.4e+38 -3.4e+38
272.714752197266 272.430938720703 272.62744140625 272.258361816406 272.265167236328 273.771209716797 273.404083251953 270.619873046875 270.963256835938 272.424346923828 270.199615478516 270.599945068359 272.1357421875 272.876342773438 273.070526123047 273.293914794922 273.262603759766 273.341522216797 273.643676757812 273.732971191406 273.783569335938 273.817840576172 273.858795166016 273.725769042969 273.555297851562 273.558135986328 273.585113525391 273.723602294922 273.835540771484 273.648193359375 273.600494384766 273.768371582031 -3.4e+38 -3.4e+38 -3.4e+38 -3.4e+38 -3.4e+38 273.626312255859 273.434844970703 273.438018798828 273.384643554688 273.392852783203 273.613311767578 -3.4e+38 -3.4e+38 -3.4e+38 -3.4e+38 -3.4e+38 -3.4e+38
272.667053222656 271.892547607422 270.527008056641 268.409698486328 269.691101074219 271.515625 271.734588623047 272.93701171875 273.709411621094 273.975616455078 273.07763671875 272.104400634766 272.523132324219 273.018737792969 272.541381835938 273.289978027344 273.760375976562 273.558441162109 273.688079833984 273.690673828125 273.693298339844 273.696014404297 273.722961425781 273.781188964844 273.711761474609 273.477081298828 273.305389404297 273.317138671875 273.533569335938 273.666625976562 274.282348632812 -3.4e+38 -3.4e+38 -3.4e+38 -3.4e+38 -3.4e+38 -3.4e+38 -3.4e+38 -3.4e+38 -3.4e+38 273.689392089844 273.201110839844 273.3154296875 273.4072265625 -3.4e+38 -3.4e+38 -3.4e+38 -3.4e+38 -3.4e+38
272.552734375 270.749908447266 268.635864257812 267.349273681641 268.356475830078 271.391021728516 271.974731445312 273.058929443359 274.096130371094 274.013244628906 273.033142089844 273.122467041016 273.075592041016 273.269775390625 272.870758056641 273.466369628906 273.789459228516 273.638671875 273.679260253906 273.681884765625 273.653167724609 273.624450683594 273.690063476562 273.74853515625 273.814605712891 273.579284667969 273.265411376953 273.324554443359 273.717864990234 274.174621582031 274.306030273438 274.227416992188 -3.4e+38 -3.4e+38 -3.4e+38 -3.4e+38 -3.4e+38 -3.4e+38 -3.4e+38 -3.4e+38 -3.4e+38 273.215454101562 273.263732910156 273.267059326172 273.292663574219 273.373504638672 -3.4e+38 -3.4e+38 -3.4e+38
272.695465087891 269.816375732422 267.307250976562 270.570404052734 270.793487548828 272.282592773438 272.671508789062 272.246612548828 274.470855712891 274.255950927734 273.801055908203 -3.4e+38 273.227966308594 273.025970458984 273.337615966797 273.697662353516 273.891906738281 273.776794433594 273.608032226562 273.673156738281 273.620422363281 273.567321777344 273.681427001953 273.73974609375 273.822479248047 273.690551757812 273.431823730469 273.458312988281 274.081481933594 274.361663818359 274.257720947266 -3.4e+38 -3.4e+38 -3.4e+38 -3.4e+38 -3.4e+38 273.735961914062 -3.4e+38 -3.4e+38 -3.4e+38 -3.4e+38 273.253692626953 -3.4e+38 273.59326171875 273.264038085938 -3.4e+38 -3.4e+38 -3.4e+38 -3.4e+38
272.712127685547 270.957397460938 269.554992675781 271.7705078125 272.341369628906 273.096923828125 273.167633056641 272.929016113281 274.202484130859 274.816925048828 273.928680419922 272.631469726562 273.615020751953 273.331604003906 273.587707519531 273.762481689453 273.963409423828 273.861572265625 273.613006591797 273.633453369141 273.549163818359 273.558532714844 273.6103515625 273.5419921875 273.695007324219 273.776916503906 273.740753173828 273.870239257812 274.287475585938 274.338134765625 274.204437255859 273.556854248047 273.85498046875 274.316009521484 -3.4e+38 273.837188720703 273.418579101562 273.486480712891 273.705810546875 -3.4e+38 -3.4e+38 273.346282958984 273.362823486328 -3.4e+38 273.124786376953 -3.4e+38 273.330810546875 -3.4e+38 -3.4e+38
272.872344970703 272.569702148438 272.122741699219 272.250915527344 273.04150390625 273.911437988281 273.900329589844 273.636932373047 273.60302734375 274.968505859375 274.19482421875 272.015533447266 273.494079589844 273.726104736328 273.438720703125 273.412048339844 273.886260986328 273.894989013672 273.746887207031 273.694671630859 273.585906982422 -3.4e+38 273.553436279297 273.515625 273.582580566406 273.745452880859 273.772186279297 273.77587890625 273.808074951172 274.130096435547 274.037414550781 273.609039306641 274.002990722656 274.0361328125 273.909332275391 273.696990966797 273.403411865234 273.549560546875 -3.4e+38 -3.4e+38 -3.4e+38 273.407379150391 273.311737060547 273.136077880859 273.097045898438 -3.4e+38 273.2255859375 273.259796142578 -3.4e+38
272.929962158203 272.704956054688 272.183441162109 272.519622802734 273.446685791016 274.3271484375 274.285919189453 273.772186279297 273.933532714844 274.318511962891 274.704498291016 274.090911865234 273.575958251953 273.804473876953 273.328125 273.038177490234 273.772399902344 273.923889160156 273.811553955078 273.790161132812 273.682342529297 273.535125732422 273.482147216797 273.446411132812 -3.4e+38 273.383483886719 273.222351074219 273.539154052734 273.396301269531 273.701507568359 273.944641113281 273.577972412109 273.843658447266 273.8017578125 273.761932373047 273.810424804688 273.4892578125 273.5908203125 -3.4e+38 273.573150634766 -3.4e+38 -3.4e+38 273.382720947266 -3.4e+38 -3.4e+38 -3.4e+38 273.165283203125 273.076629638672 -3.4e+38
272.586090087891 272.997589111328 272.974578857422 273.062530517578 273.434234619141 273.887878417969 274.164306640625 274.182067871094 274.362030029297 274.433227539062 274.848602294922 -3.4e+38 273.531707763672 273.694732666016 273.137390136719 273.296936035156 273.7705078125 273.902374267578 273.80322265625 273.805847167969 273.606994628906 273.288543701172 273.457275390625 -3.4e+38 273.502410888672 273.162963867188 272.627349853516 273.105407714844 273.517456054688 273.4423828125 273.542053222656 273.443420410156 273.580474853516 273.620635986328 273.380493164062 273.463836669922 273.448852539062 273.539855957031 273.583343505859 273.382720947266 273.386779785156 -3.4e+38 -3.4e+38 -3.4e+38 -3.4e+38 -3.4e+38 -3.4e+38 272.993225097656 273.207641601562
272.261169433594 273.205047607422 273.845550537109 274.151031494141 274.072784423828 274.144134521484 274.304718017578 274.213073730469 274.262817382812 275.246002197266 275.158203125 274.509429931641 273.026306152344 273.622924804688 273.404998779297 273.593139648438 273.664459228516 273.719299316406 273.794952392578 273.736419677734 273.493682861328 273.138793945312 273.092559814453 273.314758300781 272.929840087891 272.740478515625 272.681518554688 273.142639160156 273.574615478516 273.355346679688 273.324310302734 273.277740478516 273.392517089844 273.453979492188 273.350708007812 273.344085693359 273.451812744141 273.468627929688 273.516326904297 273.442443847656 273.348419189453 -3.4e+38 -3.4e+38 -3.4e+38 -3.4e+38 -3.4e+38 -3.4e+38 272.933227539062 273.002563476562
272.281097412109 273.163055419922 273.735046386719 274.332977294922 274.577209472656 274.864715576172 274.678558349609 274.496704101562 274.4443359375 275.280120849609 275.601165771484 274.601379394531 273.034515380859 273.722869873047 273.750946044922 273.673095703125 273.588836669922 273.613586425781 273.786804199219 273.680877685547 273.336822509766 272.852355957031 272.573699951172 272.824554443359 272.4169921875 272.324035644531 272.731262207031 273.551940917969 273.606018066406 273.482971191406 273.324798583984 273.222747802734 273.339569091797 273.366577148438 273.332550048828 273.275329589844 273.501068115234 273.449584960938 273.466094970703 273.514312744141 273.482177734375 -3.4e+38 273.495910644531 273.618499755859 -3.4e+38 -3.4e+38 -3.4e+38 -3.4e+38 272.942443847656
272.836822509766 273.178680419922 273.623626708984 274.259094238281 274.650695800781 274.891723632812 275.102935791016 275.233489990234 275.164276123047 275.352478027344 275.598876953125 275.298645019531 274.165313720703 273.76513671875 273.586944580078 273.159759521484 273.259460449219 273.639801025391 273.80908203125 273.675689697266 -3.4e+38 272.528533935547 272.461761474609 272.664245605469 272.63134765625 272.371429443359 272.751190185547 273.640930175781 273.644836425781 273.625823974609 273.269989013672 273.215393066406 273.332550048828 273.212188720703 272.877807617188 272.882751464844 273.225128173828 273.269470214844 273.381408691406 273.4638671875 273.556701660156 273.436920166016 273.313690185547 273.353088378906 -3.4e+38 -3.4e+38 -3.4e+38 -3.4e+38 273.062591552734
272.792388916016 273.021087646484 273.680908203125 274.360107421875 274.790161132812 274.885864257812 275.456024169922 275.037017822266 275.173461914062 275.538360595703 275.290893554688 275.545227050781 275.283111572266 274.165313720703 273.060791015625 272.887542724609 273.321075439453 -3.4e+38 273.575347900391 273.604675292969 -3.4e+38 272.950714111328 272.630004882812 272.665679931641 272.818695068359 272.779327392578 272.625244140625 272.937957763672 273.06005859375 273.51220703125 273.389770507812 273.369354248047 273.390930175781 273.053680419922 272.483154296875 272.728942871094 273.236206054688 273.289337158203 273.255279541016 273.250183105469 273.328491210938 273.317443847656 273.325225830078 -3.4e+38 -3.4e+38 -3.4e+38 -3.4e+38 273.52294921875 273.190643310547
