rcp4.5models/GFDL_CM3/sc1gr7.0
NCOLS 261 
NROWS 433 
XLLCORNER 336357.134 
YLLCORNER 654653.479 
CELLSIZE 1000 
NODATA_value -9999 
[rows 88 to 109 of 433, columns 50 to 99 of 261]
-9999 -9999 -9999 -9999 -9999 -9999 -9999 -9999 -9999 153.92366027832 -9999 153.538253600917 152.947409112658 152.695124891157 152.407110379295 152.21079151555 151.536692464481 150.76676112437 150.093961509408 149.774831661093 149.287222465478 148.950871494885 148.641252894241 147.899969198516 147.478752815448 146.991877634919 146.623249115306 146.18023649422 145.239440119646 144.711157271886 144.341585608391 -9999 143.088723647636 142.594698551853 142.072744842882 141.572576860725 141.072909967629 140.558442044186 139.779027339709 139.307373186764 138.207159622348 137.624084297494 137.017367708446 136.443073009435 136.074191473449 135.578291111019 135.098803849528 134.744231762269 134.166824703805 133.570757980931
-9999 -9999 -9999 -9999 -9999 -9999 -9999 -9999 -9999 153.99353265735 153.734142783639 153.348028371416 152.880039183334 152.7001976532 152.375789871897 151.824745991046 151.293036319814 150.543932294184 149.922433439971 149.490414536932 149.189303909348 148.834442242053 148.354335568983 147.572952574431 147.297549483471 146.794388122364 146.453443687415 145.843158415529 144.834551451734 144.294579489012 143.913199764839 143.123991764607 142.737066548798 142.275488088661 141.913571846954 141.454240972187 140.749563157866 140.328714661242 139.492835313748 139.130534301737 137.853993743248 137.284731902069 136.812062917206 136.172676630796 135.815348789888 135.253507310178 134.778155190581 134.218216333954 133.655076057177 133.1969616185
-9999 -9999 -9999 -9999 -9999 -9999 -9999 -9999 -9999 153.884236701277 153.594250816057 153.157120834813 152.928901852942 152.579057742142 152.266771386308 151.549234060805 151.222023488622 150.321066432676 149.768577627336 149.379525800369 149.106972155565 148.603664662707 147.972017161645 147.459587160192 147.183040032378 146.677997321662 146.323790625575 145.635007660509 144.581048695193 144.018470160303 143.392600789399 142.842860537841 142.438883769079 142.102094117451 141.656237262867 141.023853427308 140.541492819682 140.017408954856 139.354955927213 138.972028439236 137.766264592979 137.095521266111 136.653509839231 136.073805829274 135.702391144911 134.908512521931 134.445354368945 133.804182104194 133.205715705491 132.700170658071
-9999 -9999 -9999 -9999 -9999 -9999 -9999 -9999 154.09093494496 153.695516505206 153.413512742683 152.957441528688 152.593677471701 152.43128047674 151.694293492389 151.442848232446 150.94128365072 150.084280683196 149.576527503159 149.139750936599 148.785449126575 148.248501450139 147.665342815884 147.286737463827 146.931369045182 146.399685674313 145.9839975244 145.108735163046 144.193125766745 143.680345960472 142.838324819189 142.310202529645 141.658299064302 141.328908789765 140.653728801682 140.30974255452 139.900484244557 139.511336373349 139.152372819585 138.476097077191 137.294933669797 136.744451222634 136.285026881613 135.799577350894 134.862256153464 134.266856039095 133.804013200929 132.965357354893 132.511685370686 132.178366081287
-9999 -9999 -9999 -9999 -9999 -9999 -9999 154.329339343515 153.943089882145 153.598628354918 153.19574136999 152.866361373689 152.650046429002 152.199751293226 151.634779634837 151.369866051685 150.84523992991 149.958620744175 149.445964361979 148.969083444037 148.662529411174 148.067975023839 147.555019177339 147.126561852528 146.749100646392 146.254460025381 145.548479488796 144.952976277412 143.965663484568 143.461018399973 142.478067082026 141.945781014345 141.493170791197 141.031366571975 140.371467013761 140.075685739124 139.714289114888 139.356232480211 138.900440625111 138.260317076648 137.062879441456 136.520459369425 135.823294282457 135.364240283217 134.61397170365 134.078328911714 133.368899242667 132.717625871247 132.335698177915 131.762332389963
-9999 -9999 -9999 -9999 155.398362817405 154.941763718947 154.515190708939 -9999 153.850657728505 153.447236419808 153.109501034035 152.791053443537 152.652499667509 152.012232990956 151.516767456049 151.150370016096 -9999 -9999 149.453732620842 148.961148361357 148.600542255757 147.939502438813 147.425962488889 -9999 146.505231157201 146.010445214197 145.308083359297 144.886833228383 143.780941432203 143.149918130595 142.582072228805 141.981295008336 141.288064120236 140.861811786098 140.0998682852 139.7090295003 139.466457582737 138.780231149098 138.442472219629 137.945628620765 136.870282097813 136.367693664079 135.507832808106 135.008482935991 134.349013854838 133.590896879237 133.044837562019 132.64207133064 132.112634703442 131.364135689256
-9999 -9999 -9999 155.604429978555 -9999 154.950145665928 154.393297302095 154.06616810518 153.78406837574 153.346410902288 153.067277288616 152.784136249307 152.519579016998 151.939125559714 151.312522695885 151.014802391394 150.556532096931 149.795085599392 149.338893652288 148.810072809095 148.525928044395 147.910354667261 147.342011996141 -9999 -9999 145.814304957018 145.182159558076 144.794487681343 143.431327491433 142.904012589832 142.505822847082 141.709238572368 141.110549139268 140.559502038438 139.90637858147 139.453650615173 138.969118648318 138.128668132935 138.044343489993 137.581498629613 136.637206249315 135.975829619196 135.240642873541 134.722200608772 134.173893707378 133.360553289246 132.929194674732 132.422703832476 131.704056412622 131.008872397656
-9999 -9999 -9999 155.541537661298 155.410664289878 155.054810374462 154.400303251505 154.11226103648 153.732965628321 153.362500160438 152.923075262193 152.752138157041 152.339820387853 151.737512319209 151.187109046376 150.97328838687 150.461090983065 149.68690538208 149.122146493479 148.593062685846 148.362141355241 147.593996076187 147.121682328778 146.699292868346 146.150337612989 -9999 145.114585402497 144.658796797298 143.254621186636 142.810342996951 142.203005246636 141.509187407984 140.981350161913 140.144582159056 139.57572755129 139.125695785019 138.509731173667 137.998283772774 137.750570344942 137.37685883303 136.261836675706 135.602889266875 135.050768552712 134.552572643067 133.758395989716 133.230908839474 132.684781218652 132.089988493694 131.395056147111 130.761759674297
156.895263671875 156.493277571381 156.145283073486 155.713093509738 155.259519384785 155.122863656384 154.38803433788 154.114451746876 153.704621002678 153.303457538961 152.83257879895 152.565617335169 152.218636141702 151.617306153692 151.093373278198 150.878060057609 150.368646999444 149.394916684407 148.921398492058 148.476715546779 148.051245181764 147.3534287013 146.951198067312 146.318069523202 145.864131722364 145.325055131844 144.976399238616 144.528211326674 143.238845293013 142.564177186015 141.913853189238 141.406300498807 140.769030092773 139.930312822324 139.301992878781 138.891138703212 138.316222767913 137.726745086429 137.513530416131 136.880828527771 136.008062545307 135.35517754091 134.808180366638 134.131019167305 133.509858710514 133.125456036242 132.507658117497 131.784959172514 131.212935805718 130.557172997302
156.921867564005 156.431318130132 156.22780568213 155.874799780711 155.272497445248 155.115854394793 154.484641060822 154.058711517579 153.653556545654 153.333260146296 152.842341961308 152.385543192046 152.10544960408 151.7280639402 151.082063401953 150.676805435361 150.267126429704 149.172969614037 148.78194979187 148.369887871203 147.746030930521 147.247955263655 146.667446831694 146.023090562802 145.590990828562 145.10658233587 144.758292182481 144.356228415938 143.054033289429 142.377422378134 141.68458759184 141.25927858993 140.505895430339 139.720850552754 139.135768880001 138.701133861248 138.080791487083 137.447465013999 137.055756085235 136.575705502203 135.699008293629 135.16516538477 134.50739735547 133.863198061257 133.333061715622 132.876616433089 132.322551424005 131.520700605106 130.856995078218 130.390483283221
156.999316747716 156.581776613009 156.249823308071 155.95333921003 155.535572601818 155.016514413445 154.382326413206 154.160427443259 153.736445129424 153.313605032127 152.858061781779 152.257446075042 151.919136996835 151.695030505994 151.01809901413 150.654324498862 150.168964139772 149.043700130957 148.566653470561 148.153567313553 147.579043920814 147.131402982001 146.55808539913 145.979910476457 145.445312325892 144.988599050055 144.522199249076 144.206484926225 142.869491986491 142.300694723431 141.517824545043 141.175777725537 140.407178563672 139.582751795 139.082538067446 138.560698700027 137.840062124446 137.247853629518 136.791031654841 136.439900543628 135.237950658435 134.694185280215 134.212996212884 133.642763180595 133.198622779714 132.451392517434 131.943360078468 131.191701844299 130.569166977314 130.016822914858
157.226472663268 156.710420244054 156.400492127776 155.904996111682 155.655582319525 155.111258579314 154.392069456596 154.060746952728 153.848460932283 153.373952951836 152.892771914079 152.269518029571 151.829790719985 151.507173506819 151.116763636409 150.584117065357 150.05930184207 148.93187233661 148.432681580516 148.016245291764 147.427930866733 146.990793895131 146.485927261769 145.775923915987 145.32565743651 144.714287493104 144.373445507766 143.90396968792 142.669199878266 142.190725078316 141.44603397807 140.909828203786 140.314865286539 139.57855440999 138.913549579676 138.481080519234 137.564146370179 137.065869949625 136.467871149893 135.984437164583 134.874451875081 134.382688705131 133.84979934624 133.295923222204 132.762928552087 132.172612742975 131.577554104857 130.873932370212 130.263883657296 129.58025608813
157.329012970518 156.830606755721 156.331019633486 155.99808409382 155.642549918166 155.272377748462 154.48143826795 154.049342732372 153.703420772878 153.447744776711 153.022402529868 152.111718506345 151.683329598352 151.354931986356 151.013092537621 150.364947227186 149.869536667694 148.698981192754 148.325631823968 147.875061649334 147.232549693269 146.784435176904 146.369662255192 145.717384231737 145.218459918113 144.574665038665 144.157173323895 143.629465593281 142.46327610301 141.923030252792 141.28092575776 140.571274140964 139.921254205245 139.206235666283 138.531094795891 138.032376518299 137.341351642338 136.705875498417 136.013712025024 135.576576699697 134.587134595663 133.93370040768 133.526422191587 132.900631869214 132.178913271863 131.818366566562 131.235309039543 130.618989279757 130.011874887082 129.317768116905
157.443104501835 156.948808818661 156.499531117388 156.073527805169 155.709097359981 155.248617402058 154.505322143797 154.097046157172 153.696333731847 153.289130569742 152.980957962403 152.155703313887 151.450310550388 151.136406986536 150.87497788103 150.219321213649 149.697087850338 148.556110940219 148.091343985443 147.743572086257 147.168718029061 146.54941034966 146.144625137215 145.631476437701 -9999 144.425331136955 143.686396527202 143.249334943102 142.220179657638 141.715082132085 141.041869489082 140.465814707156 139.540294863747 138.800800945159 138.128638761977 137.692429228125 137.118528047597 136.535810077476 135.722511035758 135.111372891068 134.136615357937 133.552215569744 133.166013046724 132.555788379822 131.881570397262 131.203581025173 130.909210678061 130.212959345787 129.748386404833 129.09492360252
157.473625650336 157.012716753853 156.604218247248 156.313128585925 155.813106834112 155.486432824661 154.56112133822 154.087274246402 153.733212112177 153.377711522753 152.856339849336 152.07778439543 151.513765004827 150.995935119512 150.68888019092 150.236607853582 149.598432991033 148.545045704497 148.030396394007 147.527352489279 146.989279300354 146.373522859088 145.976316451016 145.304101403689 144.873000408663 144.19080069746 143.50320416812 143.094817161201 142.069363474539 141.274973208244 140.761364993151 140.280417159707 139.452868139435 138.811624535468 137.892562032754 137.365145973489 136.706868148437 136.186047645182 135.591896617811 134.854803478627 133.76172634072 133.121350001503 132.753092722429 132.178682720197 131.623054693241 130.801362171362 130.504328518632 129.782959971082 129.351928806026 128.675022877414
157.632801096236 157.165662221999 156.757395051964 156.389884437132 155.940840496491 155.407934462391 154.47178095683 154.234621231616 153.861039587064 153.241515815901 152.721373197444 151.837171848554 151.466270395573 151.062089095275 150.483314319408 150.150174056418 149.544070469278 148.472699358856 147.865439493882 147.290667035397 146.7613994064 145.974906119271 145.483354013725 144.937322998777 144.139194501443 143.756555670315 143.378161837798 142.733257842887 141.587355930153 140.889008321889 140.318771109172 139.36910529592 138.722734493894 138.125958836375 137.600848512574 137.017045162238 136.296826595292 135.674615475907 134.820347168344 134.064450141699 132.720595535745 132.407262337479 131.916612973203 131.29501818325 130.73811372846 130.056959353313 129.292321515458 128.791847462542 128.363045023294 127.723739341663
157.787079840219 157.402207660271 156.846661768378 156.4424818134 155.938280301927 155.570382083629 154.672706485927 154.178133600954 153.737327977517 153.060384412457 152.668743451596 151.963941232649 151.343798440556 151.024491783403 150.407647404696 149.962908033375 149.583878477503 148.412481801414 147.809101130911 147.008157701534 146.632085671775 145.946991845046 145.321328452568 144.640629239195 143.906328220426 143.57172093983 143.203844170836 142.579860259562 141.251754428828 140.718435957675 139.811893601232 138.937920721576 138.311727227549 137.790067633531 137.314141351639 136.623736673265 136.11856474905 135.481749251394 134.631540316289 133.8636255215 132.315942913909 131.970125541873 131.428383846002 130.879413563518 130.359964401677 129.770249679172 128.86352906502 128.304370350303 127.834350617363 127.272678772196
157.838370738569 157.328989921381 156.898963928152 156.334850497804 155.952811971648 155.585066694641 154.76806570554 -9999 -9999 153.142175739054 152.547781257174 152.018326750838 151.385506103864 150.927174452044 150.322039410037 149.8028261171 149.378856963552 148.351066176349 147.669343445007 146.98927854002 146.47908511471 145.751478094615 145.219757983779 144.494411971217 143.757612559744 143.344557041072 -9999 142.287000314775 -9999 140.494158988535 139.568349312321 138.554051077108 137.886980266086 137.407252587162 136.7879894821 136.293232682119 135.626310888553 -9999 134.43171226432 133.692451569092 132.169314992642 131.501838862607 131.08739630515 130.546107726198 130.163265779693 129.380917382218 128.436326225379 127.849588921741 127.302196842804 126.952130276958
157.868344294753 157.408602460907 157.026274939057 156.511908834874 156.110124903176 155.631007207706 -9999 -9999 -9999 153.190118355153 152.721686675863 152.06196502347 151.356025243773 150.904238813507 150.330836929552 149.668482973032 149.163066559466 148.107141557744 147.629836959606 146.913158166083 146.240063711228 145.567629353473 145.080708496517 144.323318959808 143.823557171629 143.262619194683 142.882653753932 141.974824843406 140.792804016075 140.289499436082 139.286166078082 138.320739489697 137.60132484585 136.853031525816 136.485285904006 135.940898156748 135.036272883272 134.539386616853 134.118995897513 133.434876078237 131.774410173947 131.106680826707 130.724233091879 -9999 129.693209978255 128.895756339468 128.020355367686 127.37607017308 126.870878668385 126.517638675883
157.953061021039 157.528470865916 157.092784898994 156.554259193384 156.074231764892 -9999 -9999 -9999 -9999 153.186366605389 152.727155835471 152.011773714769 151.435227256646 150.831271673965 150.204325756474 149.735948480521 148.929170778982 147.898411327673 147.431345912143 146.783365049242 146.126032772276 145.41477333098 144.757681832771 144.245444335988 143.65759847654 143.058798001154 142.686110023342 141.793867701885 140.648988463582 140.039558545011 138.913714117648 138.095832283755 137.434622503657 136.641490692672 136.233246026757 135.522212660434 134.705682277975 134.276476024819 133.80816499685 133.016017410105 131.372690151766 130.876829507721 130.227093243323 129.561906299907 128.992116792646 128.442703180437 127.7300330527 126.977686160088 126.440536308293 125.981338557502
158.00983525005 157.495150641808 157.041335724241 156.713713391672 156.203840585066 -9999 -9999 -9999 -9999 153.300703634622 152.693556698129 152.159662426513 151.344741887264 150.97269722999 150.150940903108 149.572332880505 148.928312809843 147.93581546729 147.334911685685 146.728211922564 146.136086625944 145.457744502917 144.636314223636 144.052790798547 143.460849975223 142.852585457737 142.331133274067 141.649680396291 140.243811330535 139.518406066387 138.787113008459 137.825732102431 137.095845823895 136.385725278378 135.681199302373 135.173292445252 134.441305946165 134.019750854285 133.416106140245 132.667262613969 131.102113037097 130.394107304526 129.789923663212 129.178733725698 128.63857755366 127.961922963963 127.485090123274 126.64731763018 125.939848624619 125.502653768887
157.935193488471 157.579030533436 157.208286010542 156.867387846089 156.149462667352 155.820448926817 -9999 154.28253494481 -9999 153.341773053071 152.765694975188 152.176629894384 151.443562193355 150.833027361345 150.30270426496 149.411836388777 148.965028637029 147.95306581718 147.230759683706 146.564375330106 145.929150585069 145.306467142126 144.546835305721 143.934263626977 143.303541188404 142.587530840287 141.99093475447 141.389806074662 139.836682825871 139.18058146172 138.593778247855 137.563806878187 136.759763271461 136.096600445505 135.290643581068 134.703243717488 134.029250854534 133.592371766219 132.903948430595 132.290683872826 130.801751233885 129.945330385762 129.398312034996 128.766938932963 128.224095353512 127.550264337394 127.01073229243 126.35083741199 125.587813572022 124.911692475267
