rcp4.5models/GFDL_CM3/sc1gr3.25
NCOLS 261 
NROWS 433 
XLLCORNER 336357.134 
YLLCORNER 654653.479 
CELLSIZE 1000 
NODATA_value -3.4e+38 
[rows 286 to 307 of 433, columns 98 to 146 of 261]
272.645111083984 272.341705322266 271.419464111328 272.733093261719 270.532897949219 266.859588623047 265.680389404297 265.174072265625 266.261474609375 263.776336669922 258.963256835938 253.359893798828 246.449676513672 244.0625 247.93376159668 247.703231811523 248.630432128906 248.54899597168 248.382568359375 249.278442382812 250.587677001953 247.397705078125 239.388092041016 232.577392578125 225.425323486328 223.054306030273 237.858352661133 241.323715209961 243.023788452148 243.612274169922 246.414672851562 247.766555786133 245.310989379883 245.05891418457 244.318252563477 245.805068969727 250.356185913086 -3.4e+38 -3.4e+38 245.956756591797 246.961700439453 -3.4e+38 -3.4e+38 247.618377685547 243.004913330078 233.876434326172 225.666748046875 224.295104980469 224.786636352539
267.382049560547 267.955383300781 268.729339599609 272.075561523438 270.219635009766 266.514099121094 266.507385253906 266.328582763672 265.192687988281 264.812286376953 264.527923583984 260.2451171875 251.400054931641 245.172424316406 246.930572509766 246.047882080078 247.514266967773 247.639221191406 247.473739624023 247.898300170898 249.716506958008 246.595962524414 236.534545898438 226.32844543457 219.173889160156 218.163543701172 232.181121826172 233.581787109375 233.79264831543 237.511749267578 243.007385253906 244.587310791016 244.486129760742 246.141571044922 247.712799072266 248.38151550293 249.219696044922 249.875701904297 248.977233886719 -3.4e+38 243.562896728516 248.210586547852 250.178298950195 245.653244018555 241.404663085938 235.202819824219 232.962646484375 231.40022277832 225.626190185547
266.789703369141 266.491760253906 267.068542480469 271.554931640625 270.141204833984 266.601257324219 266.438232421875 266.089691162109 264.817565917969 264.330413818359 265.015502929688 263.518402099609 258.276428222656 250.554550170898 247.114822387695 244.996856689453 244.262237548828 246.982315063477 247.161331176758 247.310455322266 249.015670776367 248.713485717773 241.458465576172 228.912155151367 220.279403686523 213.813430786133 223.177719116211 225.174240112305 224.027618408203 229.241012573242 236.781127929688 240.67073059082 244.521636962891 246.471664428711 248.370742797852 247.953231811523 247.09977722168 245.659729003906 245.176666259766 247.068023681641 241.848892211914 240.146118164062 248.191741943359 249.465377807617 243.6240234375 239.043563842773 243.089935302734 237.811325073242 236.308364868164
267.864929199219 267.857574462891 268.089874267578 271.413238525391 270.003997802734 266.98193359375 266.541473388672 266.011962890625 265.275970458984 261.98974609375 258.488372802734 258.658416748047 255.084014892578 250.424102783203 247.856369018555 244.731521606445 244.996597290039 248.032348632812 248.106689453125 248.118392944336 249.008544921875 250.191955566406 246.899017333984 236.652313232422 227.802032470703 217.31755065918 217.977630615234 219.162246704102 219.010330200195 221.532531738281 229.810775756836 236.132781982422 238.732360839844 241.082153320312 244.802368164062 246.430679321289 245.539535522461 243.752243041992 244.490020751953 247.263320922852 244.322860717773 238.371154785156 -3.4e+38 250.461410522461 248.445709228516 243.644943237305 248.616409301758 244.37956237793 244.512939453125
265.655975341797 267.697967529297 269.042602539062 269.126129150391 268.713684082031 266.733123779297 266.136108398438 265.925476074219 265.527557373047 264.003662109375 258.378814697266 254.35334777832 252.768661499023 245.863876342773 246.549530029297 244.936828613281 245.679931640625 247.641571044922 249.136871337891 249.554443359375 249.477493286133 250.558197021484 249.623046875 244.729263305664 239.985870361328 233.771255493164 219.558792114258 224.763412475586 227.055770874023 225.872467041016 219.923095703125 211.61962890625 213.91438293457 221.602798461914 225.518127441406 232.91471862793 241.015151977539 238.93293762207 236.407897949219 238.534652709961 241.879028320312 238.799682617188 237.782135009766 247.082763671875 -3.4e+38 249.973449707031 253.375564575195 254.245742797852 253.083709716797
251.771133422852 261.251708984375 265.809844970703 264.485412597656 268.881134033203 267.287322998047 265.532409667969 265.512786865234 265.501281738281 265.338226318359 262.836242675781 255.526397705078 249.149505615234 246.809494018555 244.187072753906 244.09228515625 244.98779296875 245.886184692383 247.751800537109 249.33544921875 249.273651123047 249.89421081543 249.109649658203 244.843444824219 242.16960144043 238.352661132812 222.819900512695 225.5 229.488021850586 228.147842407227 223.015060424805 212.777770996094 208.152770996094 210.565490722656 215.906951904297 223.950012207031 233.060440063477 239.20751953125 237.119873046875 237.967727661133 239.933166503906 237.542053222656 238.040008544922 248.125915527344 257.251983642578 257.686553955078 260.404113769531 260.362274169922 255.453125
241.865386962891 249.236709594727 256.259399414062 256.079681396484 264.229919433594 266.413940429688 264.968048095703 265.164733886719 265.074493408203 265.016387939453 264.416259765625 256.752044677734 248.188003540039 249.034225463867 240.478775024414 240.783264160156 244.568344116211 245.366500854492 247.299209594727 247.842208862305 248.387435913086 249.483627319336 249.143783569336 244.036911010742 240.474380493164 239.422988891602 230.729537963867 228.845947265625 228.049179077148 225.607940673828 223.510238647461 217.073226928711 209.209136962891 207.411026000977 214.107147216797 219.637771606445 -3.4e+38 238.48811340332 240.599349975586 239.661972045898 235.71305847168 233.705627441406 233.21501159668 239.364776611328 251.064224243164 257.690216064453 -3.4e+38 -3.4e+38 -3.4e+38
251.379241943359 248.363555908203 254.28141784668 261.018829345703 265.821258544922 266.945770263672 265.495086669922 265.199523925781 264.374267578125 264.071258544922 264.700653076172 261.680023193359 255.822341918945 254.35383605957 238.637023925781 238.366165161133 242.734619140625 243.457382202148 247.699752807617 249.047302246094 249.493545532227 249.59309387207 246.880249023438 241.07096862793 238.460372924805 239.555770874023 236.799285888672 230.390151977539 223.826278686523 219.075759887695 217.466766357422 218.193725585938 213.975433349609 213.10725402832 217.205429077148 219.31005859375 222.05598449707 238.522994995117 240.390274047852 238.689010620117 233.269348144531 228.140197753906 226.407165527344 230.586273193359 237.67106628418 243.064987182617 249.133026123047 257.873474121094 -3.4e+38
265.836242675781 261.369262695312 264.060333251953 268.913940429688 270.088958740234 268.788848876953 265.753204345703 265.220703125 263.99853515625 263.414794921875 264.415191650391 264.278259277344 262.375366210938 259.906280517578 241.72868347168 239.377075195312 245.125885009766 244.804077148438 249.338607788086 250.338302612305 248.777084350586 246.642120361328 242.584289550781 237.757400512695 235.669342041016 235.620651245117 237.090255737305 230.669021606445 222.151123046875 217.079895019531 211.877075195312 213.814575195312 216.970840454102 219.624740600586 223.032028198242 224.090087890625 227.060577392578 238.347030639648 236.672271728516 236.632995605469 234.201919555664 226.599960327148 219.933288574219 214.996109008789 217.461303710938 225.204895019531 234.241516113281 251.276229858398 251.494705200195
269.233337402344 265.678680419922 261.916076660156 266.982055664062 266.748382568359 268.087066650391 264.902770996094 264.080230712891 263.151580810547 262.962219238281 263.610137939453 263.720275878906 264.107757568359 261.161224365234 244.89289855957 239.866409301758 249.103408813477 249.181884765625 250.682113647461 249.409408569336 245.21907043457 240.999465942383 237.665084838867 234.300430297852 231.708465576172 230.16813659668 235.070266723633 232.950531005859 224.850021362305 217.69856262207 209.469848632812 207.21891784668 213.913711547852 221.430816650391 226.304550170898 229.767013549805 233.988754272461 233.654342651367 228.73046875 229.521957397461 230.515029907227 225.476547241211 214.985092163086 202.779449462891 204.789642333984 216.838027954102 230.661865234375 250.07112121582 250.759994506836
267.132141113281 260.968719482422 248.533554077148 252.491134643555 258.996368408203 266.612976074219 264.828033447266 264.078674316406 263.492279052734 262.837158203125 260.974304199219 257.689788818359 257.572326660156 256.442169189453 237.59358215332 236.129257202148 248.672637939453 250.777587890625 250.384170532227 247.744018554688 240.919540405273 233.586791992188 230.58903503418 230.655197143555 228.688415527344 227.179550170898 227.853469848633 231.369720458984 228.748428344727 219.686141967773 209.459060668945 203.510467529297 207.63215637207 218.708892822266 225.984619140625 231.339508056641 234.765884399414 230.006790161133 223.388000488281 221.183319091797 222.471908569336 222.951934814453 214.697967529297 205.06266784668 204.711029052734 217.041732788086 232.763229370117 250.252532958984 252.192733764648
265.324249267578 257.716766357422 239.664367675781 240.767120361328 253.643692016602 266.525726318359 265.505310058594 265.088897705078 264.633972167969 264.054351806641 261.159454345703 251.599899291992 245.861907958984 248.005798339844 235.553024291992 238.209182739258 247.239761352539 249.957153320312 249.679321289062 246.054809570312 238.574661254883 230.846374511719 228.47248840332 232.022598266602 231.194473266602 227.828231811523 219.551818847656 225.341781616211 228.839431762695 222.214492797852 211.060455322266 202.006408691406 200.547515869141 209.698516845703 221.380432128906 227.699249267578 232.000610351562 230.118133544922 227.321243286133 220.459197998047 217.223770141602 218.851623535156 216.910003662109 210.081787109375 209.35270690918 220.432144165039 236.044082641602 251.296905517578 251.777374267578
259.080596923828 252.907928466797 240.930419921875 240.649780273438 255.121002197266 266.323364257812 266.630218505859 265.171569824219 264.364105224609 260.441070556641 254.992813110352 247.085479736328 237.824462890625 240.345291137695 234.656311035156 235.977493286133 242.765869140625 248.78450012207 248.663879394531 245.949462890625 240.455307006836 236.576019287109 234.032699584961 233.228698730469 230.305374145508 226.433715820312 219.8447265625 219.979995727539 220.741790771484 218.412033081055 209.826553344727 199.456970214844 194.574096679688 202.132583618164 215.45280456543 221.943054199219 226.581558227539 227.021926879883 228.250885009766 221.805999755859 217.723251342773 218.13850402832 221.176895141602 219.822052001953 220.714279174805 227.576812744141 241.407958984375 252.632186889648 246.569473266602
261.123657226562 253.232513427734 242.274871826172 238.851455688477 245.285400390625 250.16096496582 259.748809814453 264.624206542969 256.630950927734 242.556976318359 240.305572509766 239.980285644531 235.708877563477 236.456741333008 232.255020141602 232.744903564453 241.054382324219 247.940505981445 247.362365722656 246.400756835938 241.53889465332 237.147888183594 231.333801269531 224.642425537109 220.373779296875 219.25244140625 220.099670410156 218.603607177734 215.185363769531 212.282897949219 206.237457275391 196.699020385742 191.731750488281 200.107864379883 209.38346862793 212.063491821289 215.25732421875 220.385360717773 221.797180175781 218.134246826172 216.142471313477 220.405853271484 224.872222900391 229.439254760742 233.94841003418 238.857223510742 248.067520141602 248.408477783203 241.05029296875
256.576354980469 244.502944946289 235.968292236328 228.120620727539 230.626708984375 233.248489379883 241.491607666016 251.01904296875 250.743301391602 236.046478271484 230.611633300781 237.022964477539 237.760696411133 234.293518066406 232.944885253906 235.054763793945 243.142608642578 246.386611938477 244.41828918457 244.772735595703 242.986129760742 234.963928222656 224.652694702148 218.695419311523 215.16943359375 213.653945922852 216.365829467773 218.165756225586 215.865127563477 209.100997924805 200.747436523438 192.972320556641 190.161468505859 199.289123535156 203.452499389648 199.991806030273 202.34309387207 213.837127685547 215.523818969727 213.395919799805 211.733306884766 216.772903442383 224.353469848633 233.031982421875 241.122344970703 242.790985107422 241.106735229492 235.36506652832 231.892166137695
233.915267944336 225.53483581543 223.095565795898 216.808990478516 216.401641845703 221.035583496094 222.559967041016 227.054244995117 233.714065551758 237.699783325195 234.953048706055 232.281845092773 231.959777832031 231.661102294922 234.301559448242 235.492568969727 241.99153137207 244.6572265625 240.628509521484 234.896926879883 232.515762329102 232.754669189453 227.53271484375 221.232421875 219.821960449219 220.264694213867 209.62126159668 205.799011230469 206.733016967773 206.80012512207 203.388671875 196.677642822266 187.898895263672 184.640182495117 181.984588623047 179.576095581055 185.792114257812 198.603210449219 203.417022705078 203.584747314453 202.107635498047 204.256973266602 214.518951416016 230.515182495117 235.317642211914 227.287338256836 221.946258544922 216.015701293945 210.166763305664
244.362426757812 233.430389404297 228.148056030273 220.085906982422 215.942306518555 218.695297241211 225.138305664062 228.989440917969 231.107391357422 232.91845703125 233.352661132812 232.821426391602 232.470977783203 232.022964477539 233.631896972656 235.413223266602 244.940399169922 243.831420898438 238.796752929688 230.531936645508 227.133987426758 226.778717041016 222.370101928711 216.323089599609 212.264190673828 215.413528442383 212.88298034668 209.251190185547 205.041915893555 199.562118530273 195.955825805664 194.169708251953 187.466995239258 178.449111938477 173.146926879883 172.918746948242 180.126907348633 192.777145385742 194.900375366211 194.152893066406 192.4189453125 196.231384277344 208.631881713867 223.912963867188 229.606948852539 220.972610473633 214.640060424805 208.50569152832 205.438812255859
244.184371948242 234.604156494141 230.222122192383 218.770111083984 216.520156860352 218.428497314453 224.596588134766 228.249359130859 226.554702758789 226.904998779297 228.293563842773 230.364639282227 230.280532836914 230.725982666016 232.686599731445 234.227996826172 241.958190917969 240.809005737305 238.283355712891 229.764236450195 221.774505615234 217.193115234375 214.714553833008 210.867889404297 204.269760131836 207.223876953125 216.824859619141 213.689788818359 208.4541015625 198.763153076172 191.796279907227 191.543899536133 186.305404663086 178.341674804688 171.687362670898 169.735916137695 176.437576293945 188.599349975586 187.647247314453 186.219879150391 188.95979309082 198.76496887207 213.752182006836 224.354034423828 223.618637084961 213.778762817383 206.091094970703 201.127960205078 205.64892578125
241.738220214844 240.567108154297 234.784133911133 227.110412597656 222.78678894043 223.380508422852 223.100128173828 222.979843139648 219.765319824219 217.730621337891 219.886901855469 222.207427978516 224.525512695312 228.309448242188 236.591217041016 240.291793823242 241.810440063477 240.259002685547 237.988250732422 229.430160522461 218.004272460938 210.820327758789 209.057525634766 206.548736572266 201.528732299805 203.110900878906 221.991302490234 217.665832519531 213.715118408203 207.061096191406 197.132675170898 190.574768066406 187.013732910156 182.081207275391 176.728210449219 170.938339233398 172.299270629883 180.153747558594 179.845901489258 183.581848144531 196.208724975586 210.239227294922 222.172760009766 225.651107788086 219.124481201172 208.272171020508 198.565643310547 192.452285766602 199.328765869141
251.759689331055 250.782699584961 242.781295776367 235.033065795898 224.850341796875 223.897155761719 220.09065246582 216.655197143555 212.063903808594 206.850372314453 209.899841308594 212.115875244141 220.021331787109 229.255569458008 240.736129760742 243.59228515625 241.163360595703 237.769027709961 236.484313964844 233.08171081543 223.560348510742 217.214019775391 215.10563659668 214.181793212891 210.313613891602 210.647369384766 228.794647216797 226.141754150391 220.911361694336 217.300735473633 209.347244262695 199.769989013672 192.402374267578 186.126647949219 181.729919433594 175.007720947266 170.111709594727 176.407257080078 182.543792724609 190.120956420898 203.223495483398 216.495101928711 220.586959838867 217.694000244141 212.80680847168 203.288497924805 194.188705444336 187.777191162109 189.703536987305
245.529602050781 239.205642700195 239.475967407227 235.256423950195 226.550994873047 221.972534179688 217.023162841797 213.711563110352 210.795700073242 205.531234741211 204.614624023438 211.997802734375 222.483459472656 230.893905639648 241.742813110352 242.569061279297 239.094314575195 232.930328369141 231.975448608398 235.0791015625 233.571899414062 230.343521118164 228.964157104492 229.434356689453 226.892715454102 227.436630249023 233.29768371582 -3.4e+38 229.777984619141 226.968078613281 221.760848999023 213.624130249023 201.919082641602 192.256332397461 186.652954101562 178.913009643555 171.351928710938 176.979721069336 192.089538574219 200.668106079102 208.796829223633 213.998565673828 209.781158447266 207.171920776367 204.279495239258 196.171691894531 188.821105957031 185.478210449219 185.816253662109
228.350616455078 224.984649658203 232.686248779297 234.188827514648 231.59162902832 225.253952026367 219.576568603516 215.524948120117 213.024673461914 214.434646606445 215.401031494141 222.093444824219 228.93977355957 235.237594604492 242.259475708008 241.471374511719 238.590728759766 232.116653442383 227.973434448242 229.571884155273 232.153228759766 -3.4e+38 -3.4e+38 -3.4e+38 -3.4e+38 -3.4e+38 -3.4e+38 232.301528930664 -3.4e+38 -3.4e+38 228.253311157227 222.077239990234 211.300827026367 199.539001464844 190.636047363281 181.060684204102 172.911193847656 180.56623840332 195.999359130859 205.51953125 210.991836547852 208.301879882812 197.913330078125 194.235504150391 193.494812011719 187.403503417969 182.480026245117 181.600631713867 182.763549804688
