rcp4.5models/GFDL_CM3/sc1gr4.15
NCOLS 261 
NROWS 433 
XLLCORNER 336357.134 
YLLCORNER 654653.479 
CELLSIZE 1000 
NODATA_value -3.4e+38 
[rows 132 to 153 of 433, columns 49 to 97 of 261]
302.239837646484 302.273223876953 302.193176269531 302.458923339844 301.582122802734 301.511016845703 301.310821533203 300.385162353516 300.529937744141 300.889251708984 300.464874267578 299.685699462891 299.868377685547 301.033386230469 300.202545166016 300.113922119141 300.275085449219 301.034942626953 301.110565185547 301.191345214844 300.850402832031 300.852142333984 300.724945068359 300.314178466797 300.164398193359 300.093475341797 300.372100830078 301.414367675781 301.743103027344 302.061126708984 302.705200195312 302.628509521484 302.283111572266 301.856018066406 302.127319335938 302.240570068359 302.160034179688 301.927734375 302.786010742188 302.825103759766 302.281036376953 301.916412353516 301.768157958984 301.554016113281 301.50537109375 301.638488769531 301.603393554688 301.598602294922 301.461853027344
301.418853759766 301.630401611328 302.454864501953 301.769134521484 301.663909912109 301.511566162109 301.430541992188 300.405303955078 300.903839111328 300.913543701172 300.521026611328 299.905395507812 299.679443359375 300.106842041016 300.794006347656 300.703857421875 300.156494140625 300.469055175781 301.058135986328 300.581787109375 300.458129882812 301.077270507812 300.970855712891 300.364837646484 300.187103271484 299.891387939453 300.329528808594 301.038452148438 301.472259521484 302.287841796875 302.651428222656 302.664398193359 302.555450439453 301.757659912109 301.860961914062 301.760345458984 301.638305664062 301.745849609375 302.036987304688 302.119079589844 301.965759277344 301.843994140625 301.548400878906 301.428833007812 301.572601318359 301.541473388672 301.1904296875 301.133819580078 301.229583740234
301.492980957031 301.332824707031 301.751098632812 301.615661621094 301.657684326172 301.508483886719 301.497863769531 300.853240966797 301.015411376953 300.643005371094 300.541717529297 300.304901123047 300.26220703125 299.600372314453 301.090362548828 300.973449707031 300.683013916016 300.058502197266 300.911773681641 300.725494384766 300.217346191406 300.663726806641 301.010498046875 300.750335693359 300.0830078125 299.888519287109 300.303192138672 300.829498291016 301.422485351562 301.980072021484 302.456848144531 302.682952880859 302.786163330078 302.370208740234 302.145935058594 301.820007324219 301.754211425781 301.583953857422 301.622406005859 301.909362792969 302.65966796875 301.901428222656 301.738403320312 301.878173828125 302.078826904297 301.987030029297 301.627899169922 301.22900390625 301.195709228516
302.319946289062 301.556335449219 301.749969482422 302.207550048828 301.425689697266 301.502807617188 301.485382080078 300.7998046875 300.909149169922 300.764373779297 300.578094482422 300.779724121094 299.77001953125 299.931915283203 300.532623291016 300.70849609375 300.682556152344 300.297119140625 300.571929931641 300.401947021484 300.221069335938 300.686309814453 300.715484619141 300.882843017578 300.44482421875 300.034271240234 300.263916015625 300.515655517578 301.269622802734 302.000274658203 302.353179931641 302.680572509766 302.819671630859 302.673461914062 302.561950683594 302.435607910156 302.467651367188 301.964569091797 301.727233886719 301.954956054688 302.423583984375 301.865081787109 301.765258789062 301.949310302734 302.091430664062 301.929046630859 301.450073242188 301.376647949219 301.142547607422
302.462646484375 301.742553710938 301.596374511719 302.078887939453 301.445190429688 301.466613769531 301.035614013672 300.904571533203 300.629730224609 300.597351074219 300.103118896484 300.330444335938 300.009948730469 300.296508789062 300.160125732422 300.360656738281 300.252593994141 300.108032226562 300.148986816406 300.279998779297 300.391937255859 300.420196533203 300.601287841797 300.354278564453 300.655670166016 300.167022705078 300.194030761719 300.741088867188 301.121765136719 301.957702636719 302.310516357422 302.380218505859 302.736480712891 302.779937744141 302.701019287109 302.709594726562 302.577850341797 301.901794433594 301.786041259766 301.944946289062 301.996673583984 301.980590820312 301.718627929688 301.974853515625 302.018249511719 301.811950683594 301.326904296875 301.029602050781 301.142456054688
302.407836914062 301.652404785156 301.369506835938 301.718444824219 301.483337402344 301.479034423828 301.291473388672 300.989837646484 300.635650634766 300.484619140625 299.855010986328 299.640747070312 300.216644287109 300.072601318359 300.205352783203 300.237426757812 299.924285888672 299.266326904297 299.995178222656 300.222198486328 300.384735107422 300.428863525391 300.640350341797 300.256195068359 300.261901855469 300.206634521484 300.104370117188 300.426422119141 300.905364990234 302.032470703125 302.163391113281 301.988006591797 302.352416992188 302.368591308594 302.140991210938 302.691070556641 302.431671142578 301.668487548828 301.814544677734 301.565948486328 301.838256835938 301.904937744141 301.695159912109 301.833770751953 301.896331787109 301.582550048828 301.076599121094 301.197662353516 301.331390380859
301.606964111328 301.629150390625 301.829833984375 301.507263183594 301.458709716797 301.262054443359 300.909454345703 301.252807617188 300.800659179688 300.72607421875 299.811889648438 299.939147949219 300.070251464844 300.222045898438 300.143280029297 300.254455566406 299.775329589844 299.807708740234 300.223236083984 299.597076416016 299.724334716797 299.478118896484 299.793518066406 299.835052490234 300.107574462891 300.218811035156 300.225616455078 300.178466796875 300.209442138672 301.309448242188 301.461578369141 301.398406982422 301.544189453125 301.681762695312 301.526550292969 302.671234130859 302.419616699219 302.179443359375 301.821746826172 301.732818603516 301.506011962891 301.568267822266 301.706970214844 301.866546630859 301.735748291016 301.858947753906 301.682830810547 301.567596435547 301.425567626953
302.329437255859 302.294372558594 301.725891113281 301.552947998047 301.220520019531 301.134735107422 301.023834228516 300.922241210938 300.266845703125 300.297027587891 299.402160644531 300.005004882812 300.181793212891 300.381439208984 300.723419189453 300.331604003906 300.035095214844 300.020141601562 300.237030029297 299.775421142578 299.849212646484 299.257019042969 299.934173583984 299.419738769531 299.931304931641 300.007537841797 300.111755371094 300.075805664062 300.118957519531 300.891479492188 301.168365478516 301.053283691406 301.274261474609 301.984771728516 301.987091064453 302.476837158203 302.319702148438 301.900604248047 301.778472900391 301.615875244141 301.440032958984 301.692016601562 301.642669677734 301.482025146484 301.474365234375 301.87158203125 301.644897460938 300.947723388672 300.864929199219
302.951049804688 302.803955078125 -3.4e+38 302.2939453125 301.680633544922 301.127166748047 300.996337890625 300.809844970703 300.557586669922 300.187164306641 300.264129638672 300.505187988281 300.554077148438 300.546813964844 300.932159423828 300.722229003906 300.391906738281 300.087707519531 300.117370605469 299.674072265625 299.98681640625 299.652130126953 299.961669921875 299.670074462891 299.963256835938 299.899200439453 300.059051513672 300.045074462891 299.846343994141 300.506744384766 301.201263427734 300.985809326172 301.204986572266 302.151306152344 -3.4e+38 302.189605712891 302.368713378906 302.262298583984 302.220306396484 302.016571044922 301.570892333984 301.849517822266 301.466613769531 301.502258300781 301.560699462891 301.805603027344 301.701263427734 300.775970458984 301.171508789062
303.311859130859 303.041625976562 -3.4e+38 302.572387695312 302.047485351562 301.703430175781 301.401092529297 300.727386474609 300.944885253906 300.892578125 301.069152832031 301.340057373047 300.829986572266 300.919250488281 301.103057861328 300.873229980469 300.521331787109 300.066009521484 300.511169433594 300.046600341797 300.183166503906 300.014709472656 299.812744140625 300.064788818359 300.035675048828 300.089874267578 300.042053222656 299.931365966797 299.757232666016 300.325775146484 300.612670898438 300.524627685547 301.125915527344 301.426910400391 302.113098144531 302.070373535156 302.288940429688 302.363861083984 302.419128417969 302.362731933594 302.072692871094 302.051788330078 301.897338867188 302.036651611328 301.758758544922 301.99365234375 301.712677001953 301.349975585938 301.687103271484
302.943389892578 303.082733154297 302.978179931641 302.947326660156 302.690856933594 302.397613525391 301.93408203125 300.800323486328 301.149627685547 301.555572509766 301.851776123047 301.552612304688 301.326354980469 301.294616699219 301.408966064453 300.982543945312 300.672515869141 300.540649414062 300.852233886719 300.519927978516 300.551330566406 300.679656982422 300.385803222656 300.031433105469 300.545104980469 300.295196533203 300.155639648438 300.183441162109 300.528869628906 300.271453857422 300.858520507812 300.450531005859 301.01513671875 300.998474121094 301.978881835938 302.075866699219 302.308502197266 302.243621826172 302.295379638672 302.230224609375 302.294403076172 302.344909667969 302.284851074219 302.295562744141 302.06689453125 302.206939697266 301.646270751953 301.726837158203 301.816955566406
302.751525878906 302.831970214844 302.7099609375 302.959838867188 302.698303222656 302.608154296875 302.457763671875 301.871643066406 301.863983154297 301.91552734375 302.030914306641 301.742126464844 301.619384765625 301.416931152344 301.707305908203 300.9931640625 300.450622558594 300.849243164062 300.807342529297 300.637451171875 300.761871337891 300.864562988281 300.775024414062 300.480316162109 300.930145263672 300.019805908203 300.656341552734 300.692199707031 300.732269287109 300.253479003906 301.124450683594 300.819610595703 301.008544921875 301.287445068359 302.073577880859 302.174163818359 302.3251953125 302.004241943359 301.906036376953 301.809600830078 301.984741210938 302.10791015625 302.335998535156 302.360931396484 302.388305664062 302.161010742188 301.640838623047 301.960113525391 301.894104003906
302.739013671875 302.714630126953 302.336578369141 302.244812011719 302.616271972656 302.733856201172 302.73828125 302.422821044922 302.382507324219 302.312438964844 302.001556396484 301.949371337891 301.799255371094 301.709197998047 301.588989257812 301.019958496094 300.69287109375 300.678375244141 301.33251953125 301.234893798828 300.813354492188 300.910675048828 300.804992675781 300.735504150391 301.007476806641 299.961761474609 300.975463867188 300.886566162109 300.826934814453 300.696319580078 301.018585205078 301.060668945312 300.9853515625 301.134521484375 301.909454345703 302.207366943359 302.214233398438 301.838714599609 301.493469238281 301.325622558594 301.581939697266 301.778472900391 -3.4e+38 302.087371826172 302.309112548828 302.179321289062 302.003479003906 302.064605712891 301.935211181641
302.612457275391 302.58984375 302.221893310547 301.941497802734 302.128326416016 302.172119140625 302.119384765625 302.471527099609 302.470001220703 302.371551513672 302.338714599609 302.214782714844 301.935394287109 301.626251220703 301.540679931641 301.444305419922 300.851013183594 300.518737792969 301.505004882812 301.52978515625 300.901153564453 300.857330322266 300.815277099609 300.815643310547 300.9990234375 300.561920166016 300.816467285156 300.811737060547 301.02294921875 300.966339111328 301.159790039062 301.108306884766 300.956909179688 300.891479492188 301.361175537109 302.01611328125 302.160888671875 301.850738525391 301.520477294922 301.028564453125 301.254791259766 301.670593261719 301.764343261719 301.719909667969 302.064666748047 301.931060791016 302.024291992188 301.979858398438 301.94677734375
302.561096191406 302.55126953125 302.345947265625 302.169555664062 302.275268554688 302.159820556641 302.024200439453 302.008575439453 302.120666503906 302.092071533203 302.167572021484 302.330291748047 302.207855224609 301.861907958984 301.750274658203 301.562164306641 301.220489501953 301.114715576172 301.454040527344 301.517333984375 300.910400390625 301.363311767578 301.360473632812 301.225006103516 300.938751220703 301.241973876953 -3.4e+38 300.922821044922 301.490814208984 301.058197021484 301.149139404297 300.981994628906 300.787933349609 300.944915771484 301.106964111328 301.733459472656 302.158630371094 301.868103027344 301.644470214844 301.132446289062 301.123413085938 301.491271972656 301.275421142578 301.501556396484 301.875122070312 301.667236328125 301.871276855469 301.777801513672 302.030548095703
302.203643798828 302.319213867188 302.26025390625 302.00244140625 301.9208984375 301.657379150391 301.467529296875 301.014251708984 301.399230957031 301.528228759766 301.630340576172 301.614471435547 302.361541748047 302.453247070312 302.162414550781 301.757110595703 301.620758056641 301.618469238281 301.661895751953 301.701599121094 301.606689453125 301.844055175781 301.723571777344 301.495483398438 301.528015136719 301.718017578125 301.872924804688 301.566711425781 301.694458007812 301.081298828125 300.995849609375 300.927642822266 300.736755371094 300.688690185547 300.957275390625 301.883514404297 302.067199707031 301.866271972656 301.713714599609 301.531799316406 301.339508056641 301.377777099609 300.953216552734 301.280609130859 301.378570556641 301.173034667969 301.800659179688 301.778198242188 301.710784912109
302.515411376953 302.301879882812 301.876800537109 301.871154785156 301.504669189453 301.365020751953 300.778839111328 300.206176757812 300.634735107422 300.422088623047 300.818695068359 301.204437255859 302.482788085938 302.649475097656 302.347503662109 302.159393310547 301.708984375 301.628784179688 302.083038330078 301.989349365234 301.952117919922 301.958129882812 301.893615722656 301.72900390625 301.824676513672 301.743957519531 301.71240234375 301.468688964844 301.542510986328 300.777252197266 300.819366455078 300.718658447266 300.592193603516 300.607696533203 300.800659179688 301.577514648438 301.962982177734 301.599060058594 301.724914550781 301.634155273438 301.595123291016 301.124389648438 300.958129882812 301.080383300781 301.028594970703 300.790832519531 301.154144287109 301.294891357422 301.254180908203
302.428558349609 301.975036621094 301.527557373047 301.832611083984 301.198913574219 301.362701416016 300.774536132812 300.140014648438 299.733062744141 299.56201171875 300.165496826172 301.418975830078 302.050720214844 302.084106445312 301.931274414062 302.092529296875 301.712097167969 301.698028564453 302.038513183594 302.080535888672 301.904541015625 301.657653808594 301.857025146484 301.807464599609 301.749206542969 301.873107910156 301.627380371094 301.198486328125 301.076385498047 300.617309570312 300.732818603516 300.490509033203 300.42529296875 300.746185302734 300.75244140625 301.203826904297 301.31005859375 301.480285644531 301.906341552734 301.679351806641 301.666870117188 301.323699951172 300.979797363281 300.931732177734 300.975708007812 300.721710205078 300.752838134766 300.874847412109 301.113800048828
301.904052734375 302.070648193359 301.888488769531 301.654937744141 301.199096679688 300.818084716797 300.255554199219 299.395935058594 298.421752929688 300.014770507812 301.011047363281 301.415283203125 301.719146728516 301.432464599609 301.745513916016 301.421051025391 301.802032470703 301.619995117188 301.498840332031 301.734497070312 301.828338623047 301.121856689453 301.135620117188 301.181396484375 301.413909912109 301.556060791016 301.432891845703 301.207061767578 301.225830078125 301.252258300781 300.976318359375 300.881500244141 300.6123046875 300.765106201172 300.539459228516 300.746551513672 300.781768798828 300.848937988281 300.750396728516 301.224548339844 301.734100341797 301.882629394531 302.060455322266 301.940032958984 300.868438720703 300.876037597656 300.836303710938 300.839416503906 300.879547119141
301.402862548828 302.049163818359 302.160614013672 301.982238769531 300.751647949219 300.667877197266 300.263580322266 299.215026855469 298.614685058594 300.387756347656 301.14404296875 301.326599121094 301.382110595703 301.096069335938 301.387115478516 301.381317138672 301.519561767578 301.388885498047 301.291595458984 301.286102294922 301.484954833984 301.405212402344 301.132385253906 301.162353515625 301.279144287109 -3.4e+38 -3.4e+38 301.213958740234 301.302856445312 300.860076904297 300.795043945312 300.856994628906 300.539581298828 300.050354003906 299.978485107422 300.065490722656 300.183013916016 300.350616455078 300.806060791016 300.714904785156 301.078002929688 301.457885742188 301.955352783203 301.882293701172 301.37255859375 300.868377685547 300.812072753906 300.907257080078 300.926727294922
301.741058349609 301.330017089844 301.503631591797 301.545257568359 300.863525390625 300.440338134766 300.342529296875 299.15625 298.47412109375 299.657104492188 300.266204833984 301.093566894531 301.150695800781 300.820770263672 301.199615478516 301.327606201172 301.157836914062 301.254852294922 301.203155517578 300.999237060547 301.172210693359 301.258331298828 301.145111083984 301.245880126953 301.230743408203 301.355560302734 -3.4e+38 -3.4e+38 301.235931396484 301.128082275391 300.625549316406 300.772277832031 300.592712402344 299.914764404297 300.215087890625 300.23974609375 299.921081542969 300.246154785156 300.515563964844 300.673797607422 300.627899169922 300.86328125 301.405548095703 301.848236083984 301.796478271484 301.376129150391 300.835968017578 300.857238769531 300.884918212891
301.837432861328 300.338409423828 300.597900390625 300.535583496094 300.440704345703 300.292938232422 300.369323730469 299.040313720703 298.224639892578 298.164184570312 300.199310302734 300.690856933594 301.116119384766 300.925842285156 301.195953369141 301.309112548828 301.039398193359 301.114074707031 300.805389404297 300.909759521484 300.907104492188 301.111907958984 301.150329589844 301.282348632812 301.114044189453 300.906677246094 301.012390136719 301.27685546875 301.398559570312 301.329742431641 300.623657226562 300.744689941406 300.550903320312 300.436553955078 300.577728271484 300.363128662109 299.897033691406 300.019744873047 299.902435302734 300.397399902344 300.690551757812 300.260192871094 300.988098144531 301.434356689453 301.455078125 301.363861083984 300.875274658203 300.7734375 300.840698242188
