rcp4.5models/GFDL_CM3/sc1gr6.33
NCOLS 261 
NROWS 433 
XLLCORNER 336357.134 
YLLCORNER 654653.479 
CELLSIZE 1000 
NODATA_value -3.4e+38 
[rows 308 to 329 of 433, columns 98 to 146 of 261]
4641.89404296875 4729.9736328125 4728.6962890625 4573.03564453125 4620.07958984375 4587.23095703125 4535.1796875 4497.3515625 4489.94091796875 4430.06591796875 4425.83154296875 4526.82421875 4552.76611328125 4647.4892578125 4546.19970703125 4327.0029296875 4216.677734375 3991.85668945312 3745.31640625 3733.57861328125 3704.07348632812 3715.14990234375 3692.53198242188 3701.04418945312 3523.22045898438 3389.48217773438 3278.9697265625 3348.13793945312 3309.76342773438 3142.92944335938 3122.92651367188 3029.94360351562 2931.24340820312 2970.20971679688 3232.14819335938 3217.14086914062 2757.64477539062 2829.34765625 2903.12353515625 2619.03881835938 2529.11767578125 2552.99291992188 2678.5556640625 2758.13256835938 2656.28930664062 2575.93603515625 2537.61572265625 2504.53735351562 2345.96704101562
4646.666015625 4711.55517578125 4871.26708984375 4811.68017578125 4734.5576171875 4744.8837890625 4598.74951171875 4495.57861328125 4466.94921875 4420.76904296875 4626.68798828125 4875.3193359375 4862.6591796875 4826.72119140625 4536.33251953125 4221.18310546875 4061.6533203125 4009.25537109375 3899.71313476562 3956.09790039062 3863.31225585938 3778.38842773438 3670.95141601562 3578.02661132812 3444.16088867188 3338.06079101562 3264.87866210938 3354.52880859375 3211.26586914062 3173.76904296875 3384.92944335938 3276.88134765625 2947.47045898438 3083.73461914062 3331.34692382812 3088.26391601562 2770.08642578125 2718.84497070312 2965.77416992188 2844.84741210938 2609.0673828125 2561.52197265625 2726.95849609375 2674.09765625 2482.97900390625 2461.88403320312 2485.10815429688 2456.20068359375 2268.779296875
5071.421875 5038.744140625 5125.26806640625 5036.07861328125 4717.3544921875 4684.8076171875 4640.03662109375 4665.46728515625 4566.376953125 4589.19775390625 4832.69580078125 4991.0126953125 4916.31298828125 4859.17822265625 4484.4375 4180.77685546875 4001.77319335938 3914.32983398438 3874.6591796875 3833.98876953125 3775.7666015625 3741.1298828125 3681.32397460938 3666.12036132812 3534.169921875 3454.53784179688 3269.41137695312 3316.57934570312 3252.42626953125 3442.32543945312 3769.49658203125 3534.02124023438 3330.22045898438 3447.76171875 3393.82202148438 2891.64575195312 2609.43237304688 2611.25244140625 2742.607421875 2792.68188476562 2663.025390625 2555.82153320312 2647.34033203125 2629.30688476562 2357.20068359375 2414.11743164062 2451.5234375 2382.384765625 2372.2119140625
5383.08544921875 5226.4658203125 5279.3759765625 5304.603515625 5018.63818359375 4759.15771484375 4710.2763671875 4839.94189453125 4809.95458984375 4881.7392578125 5054.677734375 5088.0107421875 4961.2841796875 4812.884765625 4562.1845703125 4295.66650390625 4117.248046875 4067.79028320312 3913.28051757812 3776.22534179688 3811.33251953125 3791.52563476562 3788.93798828125 3846.6201171875 3556.56469726562 3415.37451171875 3238.24291992188 3239.3330078125 3244.93994140625 3465.11743164062 3786.49682617188 3655.3515625 3562.21313476562 3537.52001953125 3427.87060546875 3052.62768554688 2614.53588867188 2429.294921875 2448.04052734375 2578.4794921875 2769.19702148438 2725.03076171875 2595.935546875 2477.74243164062 2295.29370117188 2331.98046875 2371.2431640625 2361.58129882812 2491.9921875
5227.30078125 4951.26025390625 5275.9873046875 5515.83251953125 5290.486328125 4983.5078125 4891.13232421875 4862.7529296875 4991.82470703125 5125.7705078125 5146.6494140625 5061.57373046875 4871.35009765625 4664.28369140625 4555.4580078125 4275.52734375 4220.61474609375 4316.41015625 4140.6005859375 4006.47338867188 3994.4365234375 3877.85864257812 3764.0302734375 3791.12622070312 3579.02294921875 3430.50219726562 3343.99951171875 3298.68115234375 3266.51123046875 3281.10717773438 3422.55883789062 3547.58471679688 3547.58764648438 3460.51293945312 3308.43090820312 3129.58740234375 2806.21533203125 2342.81787109375 2332.23168945312 2455.06030273438 2643.53857421875 2586.93530273438 2442.33056640625 2297.51147460938 2260.6494140625 2263.7578125 2318.58056640625 2438.48291015625 2525.14086914062
4849.15869140625 4905.2294921875 5349.59375 5715.57861328125 5572.2626953125 5374.416015625 5438.560546875 5450.9482421875 5243.47412109375 5149.89794921875 4916.99560546875 4654.37939453125 4557.68359375 4591.8134765625 4539.04833984375 4575.34912109375 4510.052734375 4338.017578125 4119.0205078125 3990.25366210938 3952.51245117188 3822.71606445312 3739.39575195312 3777.87963867188 3699.88891601562 3554.5537109375 3492.30883789062 3453.6640625 3387.39428710938 3493.57397460938 3391.74072265625 3342.37109375 3553.0966796875 3527.2607421875 3179.35498046875 2861.76000976562 2666.52954101562 2391.09399414062 2329.626953125 2288.42602539062 2265.1845703125 2251.74682617188 2260.82446289062 2281.31689453125 2283.49462890625 2276.12841796875 2279.8056640625 2287.62915039062 2503.37353515625
4857.26416015625 4807.05126953125 5085.1845703125 5344.4833984375 5534.8359375 5658.6708984375 5700.923828125 5653.5361328125 5542.40087890625 5290.74267578125 4908.0048828125 4798.94873046875 4822.5205078125 4623.41259765625 4653.734375 4665.19921875 4460.4814453125 4234.16064453125 4030.56372070312 4028.35205078125 3922.46850585938 3795.48315429688 3821.8408203125 3806.49853515625 3699.9169921875 3684.70751953125 3514.49389648438 3570.73950195312 3591.78637695312 3566.41723632812 3634.1181640625 3490.53051757812 3409.29614257812 3421.34790039062 3197.07006835938 2884.77465820312 2586.34619140625 2400.75317382812 2374.43115234375 2324.009765625 2287.87158203125 2264.55249023438 2268.60815429688 2290.5888671875 2294.83520507812 2279.2509765625 2257.45092773438 2233.9951171875 2374.60375976562
5492.35595703125 5327.09814453125 5261.85205078125 5484.88427734375 5413.71044921875 5437.93603515625 5760.84423828125 5666.486328125 5642.49853515625 5492.072265625 4981.263671875 5011.275390625 5224.07177734375 4990.9697265625 4707.76220703125 4747.232421875 4461.365234375 4213.40869140625 4092.09375 4122.33251953125 4042.97021484375 3863.265625 3805.17846679688 3790.15161132812 3744.16552734375 3725.982421875 3426.22729492188 3584.251953125 3553.52685546875 3076.43994140625 3247.50903320312 3126.2919921875 2920.57177734375 2959.49560546875 2805.62255859375 2688.34594726562 2504.18115234375 2404.36767578125 2414.69921875 2385.35400390625 2326.2392578125 2290.12744140625 2285.47485351562 2296.91162109375 2302.654296875 2279.2744140625 2247.39331054688 2234.10083007812 2276.0048828125
6001.05029296875 5951.34130859375 5847.806640625 5863.92724609375 5568.47021484375 5504.78076171875 5724.0859375 5638.2783203125 5631.31201171875 5615.2802734375 5183.2529296875 4937.77001953125 5255.70751953125 5261.1591796875 4882.7978515625 4826.54931640625 4384.10986328125 4156.7451171875 4102.37353515625 4027.79736328125 4052.298828125 3965.01245117188 3786.44653320312 3795.98559570312 3880.40063476562 3734.677734375 3489.43286132812 3530.93188476562 3495.24487304688 3101.26928710938 2879.94921875 2703.96655273438 2621.65869140625 2623.98095703125 2538.67822265625 2510.51391601562 2445.30493164062 2409.07177734375 2415.96362304688 2425.86865234375 2379.544921875 2357.091796875 2349.27954101562 2336.5869140625 2316.47875976562 2269.51635742188 2248.40307617188 2306.09252929688 2407.5126953125
6137.46142578125 6111.15673828125 6098.8818359375 5832.74755859375 5689.86279296875 5760.7158203125 5710.5703125 5755.046875 5711.2421875 5790.20361328125 5622.95947265625 5221.666015625 5156.11572265625 5229.5107421875 4680.21630859375 4650.23828125 4276.16748046875 4076.16552734375 4093.91064453125 3997.7783203125 3974.7001953125 3964.2861328125 3803.0869140625 3782.26611328125 3876.64038085938 3777.12377929688 3497.48852539062 3451.81958007812 3481.90014648438 3436.8056640625 3222.62133789062 2867.1298828125 2574.3505859375 2575.67407226562 2525.51977539062 2463.4677734375 2444.353515625 2430.07788085938 2408.673828125 2429.10302734375 2418.68090820312 2400.78759765625 2385.2822265625 2386.240234375 2363.1787109375 2285.9462890625 2261.80981445312 2377.21752929688 2405.65380859375
6204.25927734375 6157.576171875 6155.1982421875 6001.6748046875 5919.79248046875 5905.04150390625 5871.96240234375 5847.17626953125 5769.97509765625 5950.10595703125 5877.19189453125 5541.90185546875 5186.24951171875 5353.74755859375 4468.939453125 4461.59423828125 4267.63916015625 4089.65502929688 4095.87182617188 4034.88403320312 3977.56005859375 3890.72509765625 3785.24243164062 3740.740234375 3753.3623046875 3785.76831054688 3454.80908203125 3408.5078125 3386.5947265625 3402.55322265625 3454.86840820312 3300.52905273438 3094.40478515625 2995.43090820312 2791.8623046875 2610.6533203125 2512.46435546875 2503.80004882812 2449.5546875 2421.96850585938 2421.1943359375 2395.52075195312 2372.58178710938 2377.24658203125 2382.10571289062 2381.90625 2410.34716796875 2499.75415039062 2293.49926757812
6273.9775390625 6191.142578125 6204.73388671875 6175.58154296875 6082.9697265625 6031.79931640625 6046.21923828125 5849.3505859375 5543.79541015625 5782.6015625 5902.873046875 5577.08056640625 5412.39453125 5274.76025390625 4986.568359375 4749.46533203125 4279.85888671875 4076.42895507812 4046.64038085938 4009.10180664062 3964.35888671875 3873.55078125 3796.65966796875 3739.6357421875 3680.28491210938 3675.83862304688 3463.7138671875 3389.55810546875 3330.00415039062 3280.99633789062 3276.90698242188 3325.28466796875 3366.41137695312 3344.9248046875 3247.9365234375 3061.21435546875 2893.55541992188 2809.154296875 2601.8408203125 2469.16430664062 2440.72412109375 2398.3759765625 2377.72119140625 2356.78979492188 2343.10205078125 2393.50830078125 2496.90502929688 2528.38745117188 2206.10766601562
6396.37451171875 6348.07275390625 6300.0615234375 6260.10791015625 5988.1904296875 5952.64013671875 6198.01611328125 6040.25927734375 5552.76806640625 5278.6171875 5461.6142578125 5336.1123046875 5204.0126953125 4929.65869140625 5302.76708984375 4967.3603515625 4274.3984375 4059.19921875 4007.26098632812 3968.61743164062 3911.55078125 3860.27124023438 3800.60131835938 3740.57641601562 3672.3037109375 3604.015625 3482.02197265625 3401.291015625 3328.7724609375 3282.81103515625 3261.3740234375 3223.27856445312 3159.92797851562 3174.69580078125 3254.271484375 3261.31225585938 3232.37573242188 2952.16650390625 2590.32006835938 2457.76831054688 2436.7666015625 2415.3740234375 2420.88427734375 2416.1044921875 2371.52807617188 2335.76196289062 2410.34497070312 2414.31103515625 2116.64282226562
6391.94189453125 6442.708984375 6422.56396484375 6360.7099609375 5907.85595703125 5517.76318359375 5915.9921875 6169.2578125 5917.24267578125 5400.3095703125 5139.7705078125 5151.52197265625 4923.39599609375 4810.85693359375 4882.45703125 4689.27392578125 4392.41162109375 4058.65771484375 4001.63720703125 3956.0732421875 3910.8759765625 3860.6845703125 3804.71166992188 3747.90161132812 3696.50341796875 3645.83349609375 3514.28491210938 3431.083984375 3348.45458984375 3296.36840820312 3258.98217773438 3232.13598632812 3236.88818359375 3176.92138671875 3087.99243164062 3103.69213867188 3200.26806640625 2791.5322265625 2484.31274414062 2405.04565429688 2411.17114257812 2407.59594726562 2422.62060546875 2458.43701171875 2460.45385742188 2413.59497070312 2459.82104492188 2461.86791992188 2086.53540039062
6402.232421875 6486.8388671875 6494.50927734375 6410.029296875 5955.5 5304.796875 5682.11572265625 6243.861328125 6144.83349609375 5965.375 5461.97265625 5121.40576171875 5243.36669921875 5276.27099609375 4433.21240234375 4397.33984375 4518.64599609375 4306.14404296875 4040.99780273438 3955.578125 3917.60961914062 3869.51391601562 3807.07983398438 3748.48779296875 3720.19580078125 3716.18872070312 3552.13647460938 3477.74780273438 3414.63061523438 3345.8505859375 3246.05151367188 3203.6474609375 3256.13110351562 3229.2802734375 3104.26098632812 3028.33715820312 3102.3154296875 2869.466796875 2582.88110351562 2422.43383789062 2411.07983398438 2388.52099609375 2379.37866210938 2398.619140625 2402.126953125 2399.64794921875 2503.17260742188 2519.61499023438 2109.04321289062
6359.4404296875 6464.7626953125 6527.07568359375 6409.82177734375 6015.19921875 5502.23876953125 5675.17236328125 6123.44482421875 6383.22216796875 6365.994140625 5787.09423828125 5087.7412109375 5285.76416015625 5405.76513671875 4261.85546875 4243.56103515625 4320.03466796875 4435.25146484375 4233.73974609375 3969.0869140625 3917.7099609375 3869.97705078125 3815.50634765625 3763.38452148438 3725.51635742188 3728.96899414062 3621.2998046875 3522.87036132812 3454.71484375 3374.18090820312 3274.8115234375 3221.35913085938 3203.57250976562 3155.3544921875 3126.81787109375 3067.86962890625 3053.51196289062 3025.25390625 2759.2216796875 2478.31396484375 2399.36499023438 2384.46337890625 2376.65942382812 2363.78173828125 2325.18041992188 2301.20068359375 2442.484375 2496.94482421875 2116.37353515625
6433.28173828125 6506.015625 6570.3701171875 6414.25439453125 6223.8916015625 5747.28076171875 5394.173828125 5573.8388671875 5895.75732421875 5871.00390625 5478.7373046875 5020.19287109375 5174.4384765625 5463.25634765625 4420.27392578125 4170.09033203125 4101.1220703125 4179.60205078125 4192.740234375 4004.23095703125 3926.18432617188 3871.13256835938 3824.84497070312 3774.97436523438 3731.431640625 3726.95703125 3605.03393554688 3511.73364257812 3427.23315429688 3342.9150390625 3259.80859375 3200.11669921875 3166.54028320312 3122.3876953125 3111.75415039062 3057.84912109375 3008.54052734375 3076.26025390625 2912.01098632812 2629.12890625 2445.369140625 2407.90942382812 2388.89404296875 2369.03930664062 2364.51245117188 2375.9453125 2479.88159179688 2520.05883789062 2150.24243164062
6732.5244140625 6665.5810546875 6543.2197265625 6522.3681640625 6234.349609375 5879.83642578125 5663.0390625 5557.22216796875 5405.697265625 4948.12158203125 5048.18359375 5392.44677734375 5122.00439453125 4652.919921875 4713.5751953125 4538.388671875 4181.89892578125 4011.62182617188 3982.943359375 3949.64892578125 3909.4638671875 3864.484375 3818.14135742188 3775.23266601562 3725.65673828125 3692.65063476562 3404.1357421875 3556.5791015625 3505.94018554688 3437.3310546875 3316.16333007812 3230.20971679688 3157.07592773438 3094.8583984375 3025.78369140625 3000.76196289062 2975.45336914062 2997.84423828125 2966.11010742188 2827.10571289062 2670.71923828125 2502.6962890625 2446.2392578125 2407.24072265625 2385.14770507812 2412.43310546875 2509.88940429688 2475.44653320312 2273.82739257812
6657.00537109375 6724.79248046875 6587.31591796875 6523.29248046875 6321.6240234375 5840.32177734375 5382.369140625 5266.48095703125 5100.4345703125 4568.31396484375 4746.3310546875 5416.62744140625 5305.0146484375 4891.36181640625 4319.14892578125 4562.33984375 4478.05810546875 4190.93212890625 3961.07666015625 3929.275390625 3900.7802734375 3855.97192382812 3807.28173828125 3764.25048828125 3711.67431640625 3661.89428710938 3377.39111328125 3513.29174804688 3529.7578125 3434.947265625 3292.70922851562 3218.42163085938 3149.99609375 3108.92016601562 3083.66821289062 3087.13500976562 3071.0166015625 2846.38403320312 2793.36791992188 2740.28100585938 2625.8779296875 2518.06958007812 2481.11840820312 2436.1240234375 2399.11889648438 2393.86450195312 2461.27856445312 2464.25 2086.63598632812
6552.072265625 6666.9677734375 6609.8515625 6468.44384765625 6035.5576171875 5378.17529296875 5153.73193359375 4918.31640625 4653.0595703125 4355.9697265625 4331.14892578125 4695.53466796875 4924.1904296875 5010.28076171875 4111.0654296875 4137.025390625 4380.90234375 4353.3271484375 4111.30029296875 3952.81860351562 3887.94165039062 3852.24975585938 3805.654296875 3754.7353515625 3716.4521484375 3646.8525390625 3529.91650390625 3466.75146484375 3447.34057617188 3363.33422851562 3254.97241210938 3188.84521484375 3130.33032226562 3090.46752929688 3069.79858398438 3078.34448242188 3083.69677734375 2771.24633789062 2583.51806640625 2522.03271484375 2471.04516601562 2465.13305664062 2450.55444335938 2438.734375 2411.60522460938 2376.33569335938 2391.37939453125 2426.35473632812 2066.421875
6465.61962890625 6445.63671875 6438.42626953125 6304.9287109375 5799.19921875 5305.20458984375 4984.06298828125 4391.0078125 4300.76708984375 4211.03857421875 4095.24951171875 4130.0595703125 4497.96875 5119.828125 4317.3046875 3991.26098632812 4030.18823242188 4191.828125 -3.4e+38 4225.62548828125 4049.42944335938 3888.06420898438 3799.71801757812 3749.25244140625 3709.84912109375 3639.05517578125 3511.1259765625 3463.96435546875 3375.7041015625 3308.1337890625 3241.4033203125 3175.10327148438 3116.60424804688 3068.82421875 3019.97387695312 2990.50170898438 2998.2333984375 2908.310546875 2760.6962890625 2638.52172851562 2495.26147460938 2442.18579101562 2391.04345703125 2402.01586914062 2403.60986328125 2365.3837890625 2343.58276367188 2357.0654296875 2220.70092773438
6190.4921875 5792.43017578125 5713.6572265625 5643.3544921875 5443.66796875 5310.49365234375 4873.4375 4098.06201171875 4047.9375 4089.81079101562 4045.93432617188 4046.6279296875 4214.6904296875 4610.1533203125 4365.3916015625 4088.21459960938 3912.25952148438 3936.314453125 4205.62841796875 -3.4e+38 -3.4e+38 4028.68969726562 3856.189453125 3746.2060546875 3690.15551757812 3617.73706054688 3440.53759765625 3301.6298828125 3226.48486328125 3290.65625 3230.84399414062 3191.40478515625 3156.96508789062 3108.74389648438 3053.91479492188 2973.87890625 2937.7568359375 2867.65502929688 2831.568359375 2780.63891601562 2664.91137695312 2506.11962890625 2369.41357421875 2346.94384765625 2364.38500976562 2362.73754882812 2329.68579101562 2339.48388671875 2343.32666015625
