rcp4.5models/GFDL_CM3/sc1gr6.4
NCOLS 261 
NROWS 433 
XLLCORNER 336357.134 
YLLCORNER 654653.479 
CELLSIZE 1000 
NODATA_value -9999 
[rows 176 to 197 of 433, columns 50 to 99 of 261]
763.240611824121 763.634920012209 764.661528425258 766.625184518752 768.134359679942 768.653832770107 772.301890142491 772.326165905791 774.158134317944 775.410870712743 780.033928574262 783.308218910137 785.20813548121 785.106437460292 788.213240379509 790.437100575364 791.231569763343 797.471340583323 800.541766062237 804.788912340819 808.18102098493 813.000631409482 817.02849583021 818.890911399395 822.780773926223 826.440865870274 831.261523782404 836.044719691413 848.460107943322 855.169763704357 861.443397401552 867.839109554526 872.082993637847 877.503861544941 884.644108185758 891.019722961797 896.287499261425 903.904474185406 908.987392198073 913.046530553489 924.470568160689 929.097824940494 934.316333431831 939.896550152878 945.493492356701 952.04448610624 955.432880655118 959.447835701173 962.791061594777 965.658648984434
763.710935233265 763.243103145272 764.838245428883 766.701980526064 767.405370964273 768.557415665502 770.418964587253 771.949403229898 774.053307835674 775.662639751212 778.488274994888 780.764929459575 782.145128306678 783.482889309159 786.202436634898 788.987411539807 789.330696711186 797.234642589751 799.753977171058 803.915113159074 807.626180319659 811.355609623544 814.08464041775 816.954556304483 821.377367314512 826.055586423804 829.481111272965 835.437125678277 847.975833881726 854.354781753892 858.936376579119 864.843504011177 869.1470100848 874.139340788515 880.915928320811 886.974391625043 892.168552537936 899.574289956241 906.504701083408 911.117295430102 922.41902298712 925.922627595647 931.117628541798 935.109129194722 941.310901777365 947.77727176665 952.653083560116 957.05618106201 960.975144009301 963.365653503797
764.961052916944 763.648259802379 765.648063039295 767.803128911437 767.740539192794 768.395682158372 770.217099003052 772.126391065206 773.57824799712 775.619150113826 776.836946315575 778.287057823838 780.509027212143 784.226080215708 786.134961916156 787.090393462798 789.239444528544 797.061913053077 800.381887835242 803.665515469304 807.06667383575 809.894367628658 812.022937721407 815.539612743377 820.638236472553 824.965554140815 829.572303821619 834.731683545761 846.571157284799 852.069195036809 855.305046565192 861.69269482587 866.253070594298 870.642399080387 877.610521229705 882.616580509587 889.17317405381 896.088318001433 904.291602636289 908.962480313306 919.056230583358 924.557179001869 929.881451427219 932.682281647522 937.920078669497 944.431642057255 949.942189047742 954.484651208173 958.698924246132 961.304754308968
768.800421284897 767.856848559932 768.074930870518 769.303178899234 769.204997810503 769.629028361881 771.969751037382 772.262875627986 774.253845532495 776.030160656911 776.856113092407 779.527743524201 782.4110256927 782.275066291342 785.200568318836 788.104501163702 789.515285044842 797.001954356508 800.504741609261 802.273006908111 805.641777192545 808.254425639824 812.003775217242 815.93998480713 818.852147563031 823.063321429696 827.98424149922 833.697988649912 844.730435924237 848.508524227637 852.103405342147 858.105202392347 863.413275368664 868.297548499063 874.202081396716 879.39436149084 886.18761241483 892.20328369252 898.719197008576 903.773404346534 914.215124745861 921.069171756077 927.628230380162 930.737181906173 936.827294391014 941.5204981859 946.068598154589 951.070970430696 956.312264610449 959.305735396704
769.05527344734 769.441432187259 768.571165441668 768.256678870095 769.873627529327 771.260921882825 773.022609227355 773.240800506187 774.52418904985 776.775153851887 778.996552430314 779.426688460534 783.474282127318 782.484221229393 784.475098876062 787.942206603443 791.132733157793 794.810778177559 798.300887066983 800.232631816107 803.304440127191 806.800661591021 810.879404384343 814.770588728731 818.389143289933 822.81648278754 828.105129095458 833.002146950734 843.133567136178 845.700457810462 850.403790193885 855.471679257565 860.766872673676 -9999 871.466338441251 878.712071313175 884.993393175814 889.389967603078 893.840906799083 897.836793590527 910.481952619181 916.583300520827 922.244322495008 926.924816272407 934.532021053648 939.904284482932 943.020040066522 947.625208271941 953.992815119687 956.943252813427
769.431507397683 770.048300627343 770.156773444271 769.635046237725 771.4529573964 771.975516356853 775.024234791357 775.548365788477 776.077629555046 779.180268749243 781.364023931884 780.911142742248 784.161362449658 783.156803633614 783.724549670704 786.682888228088 790.268646068975 795.754041923656 798.278633358095 801.746114071825 804.077603658068 807.653356793958 810.021727051842 813.107438685165 817.989829950988 821.815821506028 826.419667317437 831.649981694117 839.939011874852 844.47576961222 848.832007549299 853.461142950404 858.237440084352 863.765521232495 869.789885456553 876.170017903774 881.329535540268 885.902246417965 890.402318702337 894.705796171544 907.009894168624 912.184462873233 917.314654844903 923.435430352539 930.492804302732 936.349537863143 941.433788614003 945.079260739815 951.372687337849 955.851117478009
772.760731086114 773.113472870792 773.203523693425 772.745109218831 771.955811615258 773.089427621717 776.472413257681 777.917866309534 780.329372630448 781.07722307014 781.849451825592 783.369684508876 785.611404068449 784.017250140595 785.339960177036 785.77190849418 788.469177047925 795.444286490048 797.957065747212 800.620808563916 803.957498702942 806.354826221996 808.974324036439 811.920849026454 816.987091822973 820.325212997062 825.081923509209 829.723560805554 837.644800185189 842.853398891192 846.923606429287 851.671157805575 856.326042195492 861.775003735786 867.792067917363 873.097660204447 877.052426414816 882.169498940276 887.215981463152 892.852122359239 903.251620439268 909.021759138221 914.402183025677 921.198510769245 927.557007711133 933.13197578024 939.708963656849 944.298100672215 949.232825269995 953.828775890904
776.067191958147 774.973992138693 -9999 773.337509870203 774.781643488787 775.443102994387 776.430594970586 779.412106432819 782.450696033271 781.439464349227 781.471735865168 783.355789061807 786.730616548159 786.022696028443 787.208091609873 786.102802244483 787.997631797927 794.295254903894 795.645554177351 798.352201866117 801.739106186707 803.978698270507 807.431835179178 810.666982004725 814.707037574157 818.318996888727 823.733384339104 -9999 835.361096890745 839.160960076463 844.731950879614 848.399404127625 853.640806585497 860.256716553682 865.23673087311 869.530021952789 873.901099494538 880.588433457922 885.611936172681 890.746678335472 901.268002138725 905.753698990816 912.543527647681 918.391989830795 923.961609508597 930.488038556517 935.871966981019 940.704320056552 947.240346669128 952.262658084962
776.948446862353 776.326834537005 775.553336183368 774.877445426408 777.23387779861 776.757015561179 776.746233839876 780.118274542186 782.950553042844 783.205450493547 782.029299462846 784.850128406331 787.975764078517 786.988694115974 787.921628077857 786.644562112604 789.074412189371 793.462213937237 795.749333828119 798.593335856268 800.756090493573 803.982329338439 806.755448913835 810.391366808363 813.973001012544 817.177187409562 822.044004232239 825.905904367319 833.29927167219 837.840767551805 843.609135401991 846.78091742328 851.296752984208 857.74487349578 862.80986501026 -9999 873.031157899562 878.921139941448 884.841494146197 890.072556245073 899.923912770642 904.581302636492 910.443815880449 916.051167336794 919.793069383674 926.026543797003 931.110831067847 936.286541827863 943.553576659519 948.361295615688
778.887699621102 778.138989226728 780.000444495247 779.665526054725 780.265682868835 780.59535194589 779.749905451417 780.033691695103 784.835524103371 786.754162431696 786.733900945996 787.286292429747 789.844672109198 787.703392434649 787.796064741538 787.675587533717 792.041804560008 795.036457963829 797.387346119969 800.668127524966 802.133703226267 803.946744674619 806.421032588178 809.18738166304 813.156824420822 817.342980599092 820.263945033048 824.271115896054 834.22664936027 838.830689215263 842.382032677174 846.432154137522 852.720552332962 856.23780366922 861.11619817692 866.32555335584 871.668602217987 875.917922836178 881.586556006076 886.725500149458 897.02278066291 899.736138063914 903.492885786723 908.743902605419 912.042040998606 917.721381507125 923.619920367471 929.540993400121 935.559108307116 -9999
780.10735686044 778.687626863549 779.945300816362 780.896479500388 780.700624572863 781.367701143071 781.75197466333 781.212573858864 785.375026812126 787.748834002088 790.105758949668 789.89612218893 791.200333015103 788.602774465185 789.355731718129 788.205423721117 791.44622977961 -9999 797.121335975801 800.007009429617 803.220500824415 805.985877831198 808.26334458796 811.205697027952 813.522163244967 817.652582927483 819.849214662555 822.34654075357 831.957255604669 -9999 841.004280009289 844.590956685821 850.295235750657 854.298696079871 859.231063704631 864.5346845726 870.185180154493 873.199631093721 -9999 884.17409860613 892.17716194472 896.317262453073 900.089764743215 905.409087724678 909.630267068095 914.427884652962 920.215649681622 926.678842594618 931.210265133254 935.234130711066
779.548106639365 778.143333798622 779.485567469932 780.92836107014 780.225646491817 780.696724468257 783.576971702648 784.21779922729 786.139796158724 787.484254716263 791.872299140523 792.516116550381 791.695481120855 790.352814558633 790.299137075674 789.785698481109 791.939736080796 796.246252275363 798.459680198253 801.202326151637 803.750863899245 807.716273027148 810.0824578084 812.656358158025 814.880308268077 817.950895525219 819.611515343325 822.040880948614 -9999 -9999 -9999 -9999 847.843918717477 851.79830271601 856.933874125386 861.910775285375 867.293208843784 871.048317832067 875.479580405626 880.398698700527 888.541373779458 893.256944404839 897.447273287572 901.836332769748 907.060034213061 912.265099735385 917.395397589282 923.221447800585 927.303910242786 932.149222061208
779.169968431684 778.05239829308 778.683946647611 780.133973453676 780.208757983011 781.452443912248 783.806784560514 784.482285539624 786.440956911639 789.759144841072 792.710443996282 792.492808034157 791.542998404721 790.640492814915 789.669211371882 790.498687804408 792.637193067908 797.518316026507 800.038015370364 802.551256169211 804.330448625014 807.476914148088 810.448981667648 813.732609350426 815.610360675822 818.209477785481 821.966187546993 824.597295478703 -9999 -9999 -9999 -9999 846.702070610069 850.828775784301 855.94870337584 859.825337160509 864.630279384732 868.275583001159 872.740848712524 876.403613872505 885.352840947713 891.016948222373 894.048098755064 898.968776273477 904.813809436553 910.982068140277 914.669279030103 919.660564184479 924.722335303584 930.752921360308
779.352196011174 778.921360718992 780.501894124423 -9999 781.515795477264 781.821377265794 784.635859803312 784.800387526024 786.389414486872 790.27218585383 792.569403872459 791.099146781507 790.601688332143 790.856251466371 790.210071623486 791.524953123602 794.879429072144 798.357501323666 801.006423788891 803.040112611875 806.743857221996 809.199397348117 811.011464513263 813.108248296817 816.234013931944 819.719239701865 823.298114890377 -9999 -9999 834.126757083235 837.777401783159 -9999 -9999 849.883768804492 854.980506701157 857.548625637948 861.574549035296 865.366472067785 869.75148465883 873.936016069659 882.641763234531 887.950740197598 890.90021173281 895.721433496741 901.783992146946 907.071804562767 911.896028115023 918.245299246491 923.108154961566 927.933778644832
781.02511399957 782.850753229429 784.44332178954 782.957039115257 782.937951143258 783.48305072289 786.872935027639 787.541596164957 788.098566201726 791.151859804739 793.125383469482 792.259370025425 792.105990414545 791.757842977984 792.235525430321 794.204027290943 796.527101602051 799.55619457198 802.299510582226 803.852853575246 807.914463855869 811.176466644671 812.290130106692 813.91369721632 816.710603051445 820.31800456231 824.399929961305 827.217940818756 831.73094653479 835.936250951219 839.02476104983 842.004983330246 844.337662167774 848.289397512278 852.807195743028 856.297790409933 860.227265220451 864.552111097983 868.64709868598 872.561987059231 881.782871228742 885.652133797637 889.432424941711 894.734326329692 899.03111323107 903.371421666712 908.522834907406 914.999082827849 920.133511509316 923.998373950696
782.941578184591 783.982497499694 785.04489078366 784.66487810118 784.638205438706 785.041664759254 787.647580593432 788.67273782999 790.75290549566 793.465000844876 796.170906157882 794.802255471383 792.635390720629 793.777984883595 795.008246794342 796.013992822861 797.220495652075 801.432200491307 803.990290810491 805.565270893602 808.052676492602 811.527586699735 815.423026614365 816.450241195438 818.334302253446 820.588198626613 824.105667004784 827.611610613062 833.723331599476 837.716354968059 839.729737569765 842.904516333991 845.530985728935 849.259573884095 851.581095587503 856.721261060401 862.33786842768 865.389128705893 868.458061910828 871.525547709956 882.851258701915 884.865406456808 888.046849119488 893.188695432372 897.957169491657 903.086417105539 907.217184514181 912.558456611955 -9999 921.160287635488
783.565088380933 783.373479351504 784.988053986354 786.048516264183 787.038506828349 786.431699347705 787.339322240681 788.484702148239 792.120826596636 795.613344899089 796.575491386292 795.621966645613 795.144225243302 796.03396396422 797.651410677611 798.755256851131 799.605061474964 803.842743333706 806.096271056513 807.202427832199 809.062890364552 811.748505292905 817.11108713492 818.373467195576 818.939668438338 820.959980236074 825.21867927592 827.701396842769 836.234436218345 838.719819689924 839.683322706241 843.465147433484 848.480792872027 850.952868356099 851.888253562112 855.930953562086 862.530885931258 865.128352879465 868.195783004244 871.21817295182 880.951706345038 884.115565101129 887.521050435492 891.244556687166 896.004318792613 900.993578541293 906.395738339675 910.739082408876 915.717358622524 920.779526682327
785.857813296887 785.524446319759 786.366297365567 786.260050820572 787.361225517831 788.381867789845 787.558727055561 789.402154599799 792.68931893841 795.467964831734 796.803524955308 796.068499699039 796.15203698121 796.312930995233 798.611138732421 802.223749535285 802.791475244924 806.515774904924 807.698928887537 809.78472677957 812.428901615061 813.527969194424 816.317426114078 819.514743139981 820.487632446448 822.98853575729 827.748477834261 827.944034095106 837.196084394099 839.617628553548 840.988430699407 844.006855704488 848.890879851994 851.160969784897 852.169166707821 854.330922097768 859.798401300999 864.582981013045 870.373409179576 870.950327444391 878.429182087204 883.545956173472 888.859065868196 890.501619823906 894.671784592043 898.914370606037 904.045220576224 908.082026272814 913.367243459109 918.876731885633
787.786250732262 787.04064523083 786.871432923728 786.740351192038 788.155878857861 788.2570521327 788.127870535437 790.859638199821 792.950831708123 794.729813072734 797.171054322692 795.918354279058 795.344278240896 796.293946605338 798.831167419126 801.259625464785 804.455530230894 810.036897715444 811.743880796931 816.52808244493 815.374330366728 815.670474835636 816.65211791963 820.454793862599 823.944646862083 825.91371342836 829.347751184227 829.017523361689 836.436095457589 840.37620940613 842.716149119167 844.40157072851 847.866111956761 850.571936009625 851.236809457301 853.199017648177 857.779512331206 863.98217938663 869.810591044409 870.430222100332 877.095141177823 881.915285540031 886.661544716149 890.011564024561 894.66944927736 898.749273419995 902.643397744371 906.257893154826 910.31796673363 915.71906211878
788.073158216717 788.671815004849 788.750789688325 788.945151328759 788.342711955413 787.161334854681 789.527752021816 791.267828047537 793.428059105501 795.214445541277 796.028302005206 795.301834458305 797.310036115243 797.006536956428 798.220822826574 800.850025293856 804.934363778281 808.105514270963 814.159987011075 824.051461784042 816.371377185093 816.640481159708 818.91630930366 821.780205728332 824.516659929582 826.735877965502 830.328716772043 830.806283991428 836.126855739185 843.747122929306 852.995248223498 846.579479347803 852.077196066177 850.850372342623 851.61169895906 854.025289350614 856.309561084969 860.721241761651 -9999 870.126877974471 877.898520819249 882.657501805412 885.176699158192 890.280204870961 895.935711889876 900.909016478646 902.663994755136 906.680022754392 910.491133201014 915.238466879293
790.748742062786 790.736548292416 789.815287433505 788.85122555651 788.728434081472 789.362706731914 792.723397904466 793.94088865535 794.12172953883 793.867677495524 794.771392289267 796.042437274666 796.344941496109 797.175925087303 798.8509448766 802.479354139821 803.881203827429 807.644076443371 811.492323334377 814.184735312373 814.278637275641 817.9020875464 819.407810311172 820.011970290785 823.638479360338 826.782289469855 830.190614736012 834.421060975217 838.715894875819 842.711484658588 847.471137863967 848.644833346319 849.672477330426 851.118752597837 853.271720897348 855.148893069196 856.772394721888 861.243823384044 -9999 867.03833603867 876.385692770853 882.420068935451 884.878815748324 -9999 892.782354091764 896.620219364522 900.744579986805 906.116743797446 910.863352905653 914.674975114749
793.887163438656 793.212968665979 791.911915281064 791.322193022082 790.779383857751 790.964239505627 792.686636278911 793.624338240781 793.576738540357 793.610843940945 794.023491913057 795.502913220817 796.476168190117 798.345175725712 800.510657297278 802.749949265361 803.338721344601 809.044284203646 812.057855259787 813.941915895319 815.226095177215 817.796066630392 818.287673684291 821.389984095488 824.336405553472 825.898654638717 830.136198709526 834.362498875669 840.336771950631 844.178522495815 846.579800636145 848.740568944961 849.021487867296 849.906214623638 853.564327143436 856.382467151092 857.213867704661 861.192934835923 865.363719913128 868.155608157454 874.982502897906 880.102252496239 883.731347081704 887.822812273597 892.64889539181 897.579575921388 900.575026913863 906.316529039455 911.555266506681 -9999
