rcp4.5models/GFDL_CM3/sc1gr9.35
NCOLS 261 
NROWS 433 
XLLCORNER 336357.134 
YLLCORNER 654653.479 
CELLSIZE 1000 
NODATA_value -3.4e+38 
[rows 352 to 373 of 433, columns 196 to 244 of 261]
62.5123634338379 62.5024833679199 62.2860145568848 62.2039489746094 57.2391395568848 46.575325012207 61.8834266662598 37.3862342834473 27.0814590454102 41.2973442077637 38.1363563537598 27.0277767181396 42.2956199645996 38.0823554992676 22.9207572937012 22.924388885498 23.1298370361328 23.2752418518066 23.4497013092041 23.5976676940918 23.5222148895264 27.2178497314453 39.1369323730469 23.2385520935059 23.2843532562256 23.4172992706299 23.3707580566406 23.5529861450195 23.6747646331787 23.5786952972412 23.481143951416 23.6541652679443 23.7675743103027 23.6430015563965 23.8102912902832 23.9769058227539 24.0947513580322 24.0503196716309 24.4255390167236 24.3184947967529 24.4339542388916 24.798641204834 25.2558250427246 -3.4e+38 -3.4e+38 -3.4e+38 -3.4e+38 25.7773456573486 25.9745979309082
57.5088081359863 47.095703125 62.0294570922852 62.1123542785645 57.1836433410645 47.1128158569336 61.587287902832 22.4966163635254 27.1419734954834 42.1674575805664 41.1931648254395 42.1456031799316 40.8963279724121 41.1121826171875 38.2050666809082 27.0115280151367 42.4579391479492 38.4058990478516 23.1769485473633 23.2409515380859 23.3255615234375 26.3212375640869 36.7584609985352 22.8124694824219 22.870777130127 22.9931182861328 22.9080238342285 23.0853252410889 23.2104167938232 23.1471290588379 23.1484870910645 23.3168792724609 23.435001373291 23.3520431518555 23.5167675018311 23.6808643341064 23.7867012023926 23.6936912536621 24.1123638153076 23.9062023162842 -3.4e+38 -3.4e+38 -3.4e+38 -3.4e+38 -3.4e+38 -3.4e+38 -3.4e+38 25.7203216552734 25.5117034912109
57.7082672119141 47.7057037353516 61.9392929077148 61.8815231323242 61.7181816101074 56.6182746887207 41.3932952880859 37.9126777648926 31.2505149841309 52.5481224060059 30.9608974456787 56.9731826782227 42.523250579834 46.5178070068359 52.5289573669434 30.707239151001 56.013599395752 36.7116508483887 22.9824466705322 22.815221786499 22.8954315185547 22.567512512207 22.5280170440674 22.6506023406982 22.5721244812012 22.6974258422852 22.6407737731934 22.81516456604 22.9295978546143 22.8237724304199 22.8653678894043 23.0310592651367 23.1378192901611 23.0041217803955 23.164270401001 23.3237953186035 23.4351291656494 23.3810749053955 23.7520656585693 -3.4e+38 -3.4e+38 -3.4e+38 -3.4e+38 -3.4e+38 -3.4e+38 -3.4e+38 -3.4e+38 -3.4e+38 24.8106517791748
62.6028823852539 62.5023536682129 57.2658996582031 46.1333961486816 61.443115234375 56.8541679382324 42.4369087219238 52.6357231140137 31.2889175415039 52.6885757446289 30.9935855865479 56.7438774108887 45.1267356872559 60.7449378967285 52.4458961486816 30.3435020446777 52.3554840087891 26.5131034851074 22.5979995727539 22.5713405609131 26.3787784576416 37.9040336608887 22.2383575439453 22.3634719848633 22.3105525970459 22.4852924346924 22.5999946594238 22.5009899139404 22.6189250946045 22.545970916748 22.8773555755615 22.9536418914795 22.6202545166016 22.5267963409424 22.6832599639893 22.8391418457031 22.9944458007812 23.0926094055176 -3.4e+38 -3.4e+38 -3.4e+38 -3.4e+38 -3.4e+38 -3.4e+38 -3.4e+38 -3.4e+38 -3.4e+38 -3.4e+38 -3.4e+38
62.5964698791504 62.5533714294434 57.7639961242676 47.1358261108398 61.218563079834 61.4890480041504 61.6805801391602 57.3358001708984 42.5088691711426 41.469654083252 41.9911499023438 36.8575477600098 26.2419872283936 45.0279426574707 52.6642456054688 30.0391082763672 52.4360504150391 25.9011840820312 22.1755771636963 22.5403251647949 25.7074108123779 36.020206451416 21.9824275970459 22.15749168396 22.2724647521973 22.1801433563232 22.2665405273438 22.0524845123291 22.2176837921143 22.3236064910889 22.3625259399414 22.4465255737305 22.2234954833984 22.3220233917236 22.1733779907227 22.3813648223877 -3.4e+38 -3.4e+38 -3.4e+38 -3.4e+38 -3.4e+38 -3.4e+38 -3.4e+38 -3.4e+38 -3.4e+38 -3.4e+38 -3.4e+38 -3.4e+38 -3.4e+38
62.6711578369141 62.7922019958496 62.4917793273926 57.4300117492676 46.0241432189941 61.6208152770996 61.7373352050781 61.527515411377 57.223072052002 46.510570526123 52.3631057739258 22.0049686431885 22.1414909362793 26.0336875915527 36.9278450012207 25.9860019683838 36.7574768066406 22.0816020965576 21.9918193817139 22.5163135528564 22.1200790405273 21.7996215820312 21.8363208770752 21.9499416351318 21.8064136505127 21.7397155761719 21.8779106140137 21.9161128997803 22.0214462280273 21.8522815704346 21.9222526550293 22.0784339904785 22.1766834259033 21.982385635376 21.8767929077148 22.0728626251221 -3.4e+38 -3.4e+38 -3.4e+38 -3.4e+38 -3.4e+38 -3.4e+38 -3.4e+38 -3.4e+38 -3.4e+38 -3.4e+38 -3.4e+38 -3.4e+38 -3.4e+38
62.8091278076172 62.8487205505371 62.293098449707 52.732551574707 31.2873229980469 61.7824440002441 61.7172584533691 61.1686515808105 56.6291656494141 40.844856262207 36.6052551269531 26.1259098052979 37.887825012207 21.8955364227295 26.2619972229004 38.2786064147949 22.3591289520264 22.1065349578857 38.0850028991699 22.0752105712891 21.735782623291 21.6601409912109 21.6500072479248 21.5081157684326 21.4418849945068 21.6068553924561 21.7711315155029 21.8761577606201 21.7090797424316 21.6229820251465 21.8775901794434 21.7385120391846 21.8411235809326 21.7362003326416 21.8846797943115 -3.4e+38 -3.4e+38 -3.4e+38 -3.4e+38 -3.4e+38 -3.4e+38 -3.4e+38 -3.4e+38 -3.4e+38 -3.4e+38 -3.4e+38 -3.4e+38 -3.4e+38 -3.4e+38
62.8651580810547 62.6167488098145 62.0329246520996 57.5131149291992 46.7427787780762 61.6548347473145 61.6231117248535 40.6206321716309 36.539379119873 21.6487979888916 21.5696411132812 25.6110057830811 36.6477203369141 21.8759937286377 25.6533679962158 36.6376762390137 26.078254699707 38.1610107421875 36.4419059753418 21.678882598877 21.3921432495117 21.5047950744629 21.3648281097412 21.2994003295898 21.4641208648682 21.6281185150146 21.7914028167725 21.844612121582 21.4823627471924 21.63840675354 21.5502986907959 21.4486541748047 21.5973014831543 21.7454528808594 21.8370151519775 21.6732273101807 -3.4e+38 -3.4e+38 -3.4e+38 -3.4e+38 -3.4e+38 -3.4e+38 -3.4e+38 -3.4e+38 -3.4e+38 -3.4e+38 -3.4e+38 -3.4e+38 -3.4e+38
62.4332618713379 58.2564697265625 47.3931159973145 62.2784996032715 52.5373497009277 30.6138515472412 61.8367347717285 42.3093070983887 41.8972206115723 40.9717750549316 37.4183769226074 21.1761341094971 29.5932197570801 52.8676872253418 25.4723281860352 37.5996894836426 25.7664489746094 42.1970367431641 21.6284828186035 25.4062652587891 37.930606842041 24.9010105133057 38.4245872497559 21.8768138885498 21.5105686187744 21.6141872406006 24.5657348632812 36.250244140625 21.4591960906982 21.3271427154541 21.1463356018066 21.2926177978516 21.3101444244385 20.7604274749756 20.8999824523926 21.0391101837158 -3.4e+38 -3.4e+38 -3.4e+38 -3.4e+38 -3.4e+38 -3.4e+38 -3.4e+38 -3.4e+38 -3.4e+38 -3.4e+38 -3.4e+38 -3.4e+38 -3.4e+38
62.6548614501953 57.9608039855957 46.87744140625 57.5300025939941 41.4611015319824 46.8020172119141 61.7414779663086 61.6488952636719 57.1561546325684 45.9984169006348 52.5276069641113 25.370735168457 46.5038261413574 57.8111228942871 45.6210289001465 52.5081329345703 29.2801208496094 60.9206352233887 21.7062969207764 25.2835159301758 36.4548988342285 24.9042911529541 37.353157043457 22.3780307769775 21.4762763977051 21.2831172943115 21.0544204711914 21.1499843597412 20.968879699707 20.8678569793701 21.0060005187988 21.094970703125 20.8896026611328 20.770191192627 20.9089794158936 20.9926662445068 20.7671241760254 -3.4e+38 -3.4e+38 -3.4e+38 -3.4e+38 -3.4e+38 -3.4e+38 -3.4e+38 -3.4e+38 -3.4e+38 -3.4e+38 -3.4e+38 -3.4e+38
62.9286346435547 58.0344276428223 47.0499649047852 57.9039001464844 46.9792976379395 62.2433319091797 61.7280921936035 61.5909690856934 61.3258209228516 57.0265083312988 40.856502532959 46.054931640625 57.7961616516113 45.5356063842773 56.6818237304688 40.3262825012207 41.4900779724121 40.3667488098145 21.7396945953369 25.7349834442139 38.4406471252441 21.4140319824219 21.7835102081299 21.7949256896973 21.6897296905518 24.4437026977539 37.8404922485352 20.6856136322021 24.0027866363525 37.9796867370605 20.9642391204834 20.7608833312988 20.6419849395752 20.7804050445557 20.8636798858643 20.6403884887695 20.5066032409668 20.6384658813477 20.7169361114502 20.4734706878662 20.3157653808594 -3.4e+38 -3.4e+38 -3.4e+38 -3.4e+38 -3.4e+38 -3.4e+38 -3.4e+38 -3.4e+38
63.0831909179688 58.0253219604492 46.4676361083984 62.754711151123 62.4012145996094 62.264778137207 61.8580513000488 57.1420288085938 45.1610832214355 57.4683380126953 41.9100875854492 45.2164764404297 53.4087257385254 25.3476581573486 36.3324890136719 29.0082015991211 53.061164855957 25.4693946838379 21.4638195037842 25.1132164001465 40.5685234069824 41.9415283203125 38.3454933166504 21.1259479522705 21.2488765716553 23.8702545166016 35.6048469543457 20.4571762084961 23.5827922821045 35.7840042114258 20.6338043212891 20.5153865814209 20.5981941223145 20.42746925354 20.5150928497314 20.3818321228027 20.5133876800537 20.5914936065674 20.3504409790039 20.1505756378174 19.8969345092773 19.8572196960449 -3.4e+38 -3.4e+38 -3.4e+38 -3.4e+38 -3.4e+38 -3.4e+38 -3.4e+38
46.8340797424316 58.2391967773438 42.225471496582 41.6870613098145 46.064525604248 62.3124351501465 61.9874877929688 41.0133209228516 41.5730934143066 45.4044342041016 57.9139938354492 46.5869750976562 53.4885559082031 21.2414741516113 21.1587829589844 24.9186458587646 40.6454811096191 41.6552696228027 37.9275016784668 21.1910152435303 24.6897430419922 40.1214294433594 36.7544555664062 20.7530918121338 20.6066741943359 20.4308433532715 20.331226348877 20.4761486053467 20.5637683868408 20.3678245544434 20.3904075622559 20.5280151367188 20.5632705688477 20.1269245147705 20.2584896087646 20.3360748291016 20.1457691192627 20.2286682128906 20.0040664672852 19.5923233032227 19.433967590332 19.272087097168 19.3449535369873 -3.4e+38 -3.4e+38 -3.4e+38 -3.4e+38 -3.4e+38 -3.4e+38
31.0213890075684 63.2282485961914 53.1601829528809 26.050048828125 46.9386024475098 62.4178352355957 62.3844795227051 29.7204723358154 57.4119682312012 46.3866348266602 57.7282180786133 41.0280838012695 36.86279296875 21.3362731933594 21.4303092956543 21.1572208404541 24.5844230651855 36.2516021728516 53.6327819824219 21.1016407012939 21.2680892944336 21.3753509521484 21.1704864501953 20.8552303314209 20.8450698852539 20.2069282531738 20.3515186309814 20.4386348724365 20.2444477081299 20.1294727325439 20.4042224884033 20.486011505127 20.2689075469971 20.1365966796875 20.2137126922607 19.9548816680908 19.653528213501 19.7773494720459 19.785249710083 19.113826751709 18.8924045562744 18.7941780090332 18.9053611755371 19.0162334442139 19.1267929077148 -3.4e+38 -3.4e+38 -3.4e+38 -3.4e+38
47.4761085510254 63.1026649475098 58.2676048278809 42.3310966491699 46.4128150939941 57.7854042053223 46.2182273864746 29.956449508667 61.8257789611816 57.5566635131836 36.7594375610352 20.994930267334 25.3211708068848 42.0895614624023 38.0550994873047 21.0204582214355 20.7004222869873 20.636173248291 54.0491523742676 25.0132102966309 42.2649040222168 38.3506774902344 21.0090770721436 21.1667881011963 21.1085681915283 20.2285060882568 20.3721160888672 20.4651794433594 20.2976665496826 20.1452884674072 20.062614440918 20.1480388641357 20.0161609649658 20.1203422546387 19.9977130889893 19.514892578125 19.5057601928711 19.6287574768066 19.6062278747559 18.7408046722412 18.5734958648682 18.795768737793 18.9064655303955 19.0168628692627 19.1269588470459 -3.4e+38 -3.4e+38 -3.4e+38 -3.4e+38
63.6117286682129 63.1575698852539 63.2617874145508 53.7539329528809 30.6372394561768 53.3030738830566 25.6417655944824 30.2401809692383 62.2058181762695 53.5726699829102 20.7465152740479 20.8885898590088 29.2104663848877 61.5651168823242 57.7912063598633 41.8704032897949 37.9721183776855 20.9064598083496 58.0913963317871 41.7627906799316 43.9180717468262 57.6384811401367 38.4608497619629 21.1360645294189 20.9144458770752 20.5208034515381 20.392972946167 20.4786376953125 20.2806453704834 20.1614093780518 19.7667999267578 19.8705787658691 19.8497219085693 19.9024600982666 19.5905647277832 19.711353302002 19.513053894043 19.5838813781738 19.2379817962646 18.4653835296631 18.5764312744141 18.7489757537842 18.5062141418457 18.61252784729 18.7653541564941 19.2368106842041 -3.4e+38 -3.4e+38 -3.4e+38
63.8021011352539 63.5166397094727 63.5737037658691 58.7879829406738 47.2711715698242 53.7165298461914 25.8101005554199 47.0158042907715 62.7039260864258 58.3281059265137 37.8479080200195 21.0326347351074 29.2384128570557 61.6828117370605 61.7998428344727 57.3623847961426 36.8644180297852 21.2164764404297 40.4704551696777 36.5181846618652 24.2081871032715 43.8103790283203 54.2584762573242 20.8377075195312 20.7410697937012 20.7854137420654 20.4140453338623 20.4493560791016 20.0423259735107 20.1778125762939 19.6047706604004 19.7104454040527 19.6547241210938 19.422981262207 19.3212585449219 19.6720104217529 19.5206909179688 19.5482769012451 18.9654541015625 18.4691619873047 18.5796947479248 18.3616752624512 18.1795253753662 18.2842407226562 18.4260215759277 -3.4e+38 -3.4e+38 -3.4e+38 -3.4e+38
63.9394645690918 63.7046356201172 58.9373321533203 42.3210983276367 47.0506248474121 58.8773727416992 46.9119911193848 62.9405746459961 62.9527435302734 62.6741790771484 54.2495498657227 21.3373508453369 29.483377456665 57.5377883911133 40.6609115600586 36.7329788208008 21.1366882324219 21.3058643341064 24.6366519927979 41.9919052124023 38.3747253417969 24.334508895874 36.8227348327637 20.6165103912354 20.7649726867676 20.806884765625 20.4233264923096 20.5147285461426 20.3703937530518 20.2550201416016 19.4658966064453 19.5934906005859 19.6214141845703 19.1635055541992 19.285493850708 19.4072132110596 19.5286617279053 19.5563011169434 19.0210399627686 18.8085975646973 18.5342273712158 18.0755863189697 18.180118560791 18.2843933105469 18.3884048461914 -3.4e+38 -3.4e+38 -3.4e+38 -3.4e+38
58.9235725402832 47.3635101318359 59.2744331359863 43.2939682006836 42.8940620422363 46.820671081543 58.4767761230469 58.3037528991699 41.4933128356934 41.4132652282715 41.7610969543457 38.2793998718262 29.7726497650146 53.9540557861328 21.0660953521729 21.0081729888916 21.1162853240967 21.032190322876 41.7980995178223 44.4322814941406 54.7927627563477 24.6931781768799 38.5721282958984 20.6412754058838 20.731990814209 20.545166015625 20.433349609375 20.5467967987061 20.519567489624 20.380464553833 19.4799652099609 19.5533065795898 19.3218460083008 19.1736488342285 19.2950115203857 19.4161148071289 19.4859809875488 19.2323894500732 19.0681076049805 19.0941467285156 18.4982070922852 18.0769309997559 18.1810169219971 18.2848529815674 -3.4e+38 -3.4e+38 -3.4e+38 -3.4e+38 -3.4e+38
59.9125175476074 48.5028762817383 59.4144744873047 42.6530647277832 47.5897979736328 54.4686431884766 26.1178398132324 59.2155838012695 42.7185401916504 41.8141021728516 46.0808219909668 54.3409843444824 21.1312217712402 21.3006553649902 21.4709377288818 21.5901508331299 21.3743495941162 20.8161392211914 24.7242679595947 37.3946342468262 24.5523300170898 37.1525039672852 20.8595237731934 20.9561767578125 20.7295818328857 20.3068389892578 20.281795501709 20.2934722900391 20.3274688720703 19.9011554718018 20.1193542480469 19.8377304077148 19.0744304656982 19.1948146820068 19.3149528503418 19.3407039642334 18.8505840301514 18.965353012085 19.0798797607422 19.1941680908203 19.2207050323486 18.4769821166992 18.5387592315674 -3.4e+38 -3.4e+38 -3.4e+38 -3.4e+38 -3.4e+38 -3.4e+38
65.035270690918 64.9482040405273 59.8083267211914 48.242504119873 64.1963653564453 59.2892990112305 38.4732360839844 59.2081451416016 42.495491027832 43.1684913635254 47.2821655273438 54.6922760009766 21.1777496337891 21.3458995819092 21.5149002075195 21.6846199035645 21.6888828277588 21.0907955169678 21.1723899841309 21.2207584381104 20.865406036377 21.0196151733398 21.1729984283447 21.2196731567383 20.7131843566895 20.1645851135254 20.1767845153809 20.258825302124 20.0498695373535 19.9180870056152 20.1802997589111 20.1679172515869 19.4438152313232 19.5171375274658 19.3253650665283 19.351131439209 18.8580055236816 18.9722309112549 19.0862236022949 19.1999855041504 19.2740898132324 18.8063201904297 -3.4e+38 -3.4e+38 -3.4e+38 -3.4e+38 -3.4e+38 -3.4e+38 -3.4e+38
65.3228302001953 64.997184753418 64.8409881591797 64.9705352783203 59.7817077636719 47.5034828186035 59.7541236877441 55.2029876708984 30.4383220672607 63.7938117980957 63.9223937988281 59.444164276123 43.0878410339355 42.9900283813477 43.0160522460938 39.0906753540039 25.5900173187256 39.0267753601074 21.4533157348633 25.1313858032227 38.9723205566406 21.0478382110596 24.8754367828369 39.3729133605957 20.7542667388916 20.3889408111572 20.4767379760742 20.2309188842773 19.8043060302734 19.935266494751 20.1432304382324 19.9144744873047 19.7665843963623 19.8483390808105 19.6522407531738 -3.4e+38 18.8657150268555 -3.4e+38 19.0928688049316 19.2061061859131 19.3191184997559 -3.4e+38 -3.4e+38 -3.4e+38 -3.4e+38 -3.4e+38 -3.4e+38 -3.4e+38 -3.4e+38
