rcp4.5models/GFDL_CM3/sc1gr10.1
NCOLS 261 
NROWS 433 
XLLCORNER 336357.134 
YLLCORNER 654653.479 
CELLSIZE 1000 
NODATA_value -9999 
[rows 198 to 219 of 433, columns 150 to 199 of 261]
-9999 -9999 -9999 675.620059169127 675.909809107577 680.747065236085 685.523618436582 687.146513397759 698.214619787204 700.081168699347 703.781341952016 707.79919311242 712.17635976114 717.13892436156 722.296797602407 727.986170880252 733.747789287531 739.002225694366 743.386036796095 753.647196852801 757.609390792524 761.552738434707 766.230498670271 770.207591082935 774.180406428652 778.626602914173 783.631252647294 788.543595344697 793.737223027478 798.491597987015 807.335691011038 810.732076072428 815.957897811003 822.217155471286 828.163073347638 833.459349457691 839.277821908658 845.401899104496 848.404467728323 852.290319555545 857.718693464554 859.793008485626 862.531835315666 865.874883329738 870.478030089964 874.880706822473 877.234649864449 877.794673269719 879.358648394514 883.066071947469
-9999 -9999 669.351883345365 671.910342449145 676.329743327511 681.344933333721 684.927038813461 687.874817273252 698.822284580951 701.309636330964 705.326716215806 710.236125803816 714.7265829711 719.652281004419 725.359249618463 732.394697018855 738.693576880096 743.094547298262 746.413997669786 755.478428645463 759.589002270064 762.912003373442 767.502625609686 772.805070078234 777.090607270746 781.759454811811 786.576523799103 791.951403614722 796.873376171728 801.194903779738 810.520982776244 814.45971521603 818.905241516314 825.013201730579 830.575668085084 837.227331017454 843.296095632196 848.955723773954 852.813584506215 856.821436964682 860.053198621557 862.503985450468 866.151013289026 869.475356000817 874.143086352773 879.024453430025 881.664783853399 882.838455900829 884.300564955145 887.622935134365
-9999 -9999 674.524826969406 674.461757065476 681.573657502383 689.72686718734 685.776236381133 690.595850099621 699.377058863267 703.375690732089 707.511677695863 711.952230822485 717.294998067961 723.427167303571 731.160872699519 736.715823258715 740.994935784145 745.671662559525 750.51097555783 757.016978148051 761.340925184518 764.447587488113 769.228244854645 774.244241018371 779.201420860084 784.603940967519 790.195534454757 795.822801201063 800.152550644611 803.963331830361 814.009442764573 818.758504409652 821.978358803451 827.688149228303 833.982229248474 840.198597740021 846.444094452095 852.03768963549 856.543629550917 860.417721136731 863.041573761404 865.498248051812 869.762640909462 872.946158130517 877.443633918791 882.517831760985 885.821380333464 888.849969425427 -9999 891.609450261344
-9999 682.10977188677 690.278958959318 684.673660924478 689.807456391722 701.762500109055 690.778111148292 695.036493428476 700.56495519291 704.957409961497 710.027616788047 715.172673500086 721.669771767752 728.045912691969 734.894390810578 738.794162792922 742.166517794988 747.001630644834 752.319815488332 759.915860501939 763.796934209208 767.872188173746 772.265585124989 776.633322766281 782.240233352176 788.02237237864 793.61028516648 798.977901958186 803.797768479221 808.630704951547 817.472395462563 823.01771392401 826.716392389069 830.670122640416 837.145541399075 843.036227070836 848.76919677702 854.390859803856 859.757320176466 862.240069812835 -9999 868.673892824959 872.845695160707 876.734778996193 881.559633450781 885.861766747829 888.101249324509 890.313922119187 891.899402975008 895.202786308121
-9999 685.043557159986 693.958178185456 690.272114143076 693.196964594379 703.044287714813 695.014327218982 696.916541301 703.205890356559 707.596646215868 713.063518137223 719.947468074498 727.116429783221 730.197559809815 736.109097720865 740.969072598861 743.391539037004 747.789379251225 752.528498146575 763.171346546115 767.137467826814 770.977020201872 774.931986187284 779.634088319288 785.857653536864 791.904029041614 796.626179259918 801.30842358918 807.005729360241 812.586180160705 -9999 825.731924163894 830.519536752031 833.54467674212 838.839915030087 845.162546618394 850.993538135687 856.374337095597 861.590914028795 865.250121283738 868.629150579669 872.235621284729 876.28138635773 880.42039369138 885.894001146296 888.551448172657 889.976664896226 891.693658463832 894.111758208923 898.639871465677
-9999 687.706815946452 693.162349942928 -9999 -9999 699.390397250351 696.33321885236 698.527151308314 706.667669284762 711.627428599843 717.094427441985 722.910640526484 727.842853073265 730.840748553917 736.874151104684 742.345192721977 745.518189524689 750.387126002114 755.550788709121 765.410663288468 769.82992087415 773.814015245559 778.014225323973 783.157950001482 789.354040664616 795.568146758761 800.329645233064 804.625384308647 -9999 815.245070283942 823.460410620433 828.115156742249 833.382445018794 838.687402329296 842.368646510187 847.481021262468 852.775409029672 858.39451738677 863.210191570414 868.651225619472 873.164034394101 876.091617091375 879.937275265377 884.324621206765 889.927235174766 892.089463099313 893.055709198824 895.567718444704 899.658001829329 903.574235190435
-9999 691.200814594386 698.57567736528 701.704659671562 -9999 701.810405932412 699.571784533594 703.019183915701 713.729843232146 718.154169952455 722.085094787059 725.433394912359 728.859535226761 735.114051863565 739.999723352786 743.972022909312 748.896588745317 754.014051152934 759.380584858847 768.021631473185 772.181397267533 777.482653084908 783.059978788716 787.019459724436 792.579243335143 798.844632001159 804.758247370201 809.132071988699 813.982020881372 818.314775358096 826.511767105179 831.172045952455 837.481547106062 843.472732609487 847.014205096422 851.799895344609 856.519102982323 861.202016171447 866.431860098593 871.650998192985 877.19562758421 880.084013997013 885.456125494688 889.221198105807 893.105846360614 895.968737661422 897.760052761305 900.445345560127 903.212301400315 906.336864657993
687.240309780963 698.196612999622 705.911922997115 -9999 705.080962279576 709.247946905325 706.876267692035 711.113952026417 719.426256681318 722.212254262904 725.672448258571 729.465299034394 734.64973647096 741.664956214684 746.736697260821 748.879522713887 753.964387968598 758.647848023185 762.849343983953 772.469572607453 776.906544058973 782.343973077581 788.767808683738 791.467173564992 796.141327459775 802.379238721843 808.183517431756 812.554874935803 -9999 821.106707604261 828.867769280099 833.886264019006 840.543495008852 846.355842103321 851.569303318537 857.403705479103 862.275950340755 865.66322858291 871.11227443435 876.550426719139 881.340930970869 884.295437157105 889.044372482042 891.354124785265 894.541967425486 898.244604686159 902.249529226753 905.266560515034 905.682792985903 907.450981259562
694.367082680478 707.633249309621 714.549061200936 718.980258936039 722.986384175542 722.140579983273 715.029634736772 717.332676562175 722.153302283095 724.617167172754 729.939978766494 734.16378022203 740.659073839806 747.536723073628 752.259113543186 755.021159617792 760.246381604346 764.218449440775 767.586678424874 776.798014022906 781.366148721596 786.425968906832 792.60022126836 795.062894407334 800.271106589205 806.093634767362 811.040984695626 815.580786170603 820.34057664338 824.334836583515 832.686965203506 837.808813971482 843.005851929811 848.27982782497 854.593241319207 861.483902910623 868.098925240158 871.938168199745 875.95125659246 881.541674184168 884.519834297504 886.45732222257 890.715030791101 892.939381546762 895.54455527336 899.101868255216 903.191592562505 907.465627183228 909.231335359533 909.781839289938
701.008307698154 712.234764963208 717.560498868763 720.870866168138 728.592538870612 727.116406793982 722.150327803289 722.263909990824 726.705545242711 731.006049617705 735.308110841444 740.408821691853 745.692240855812 752.560501346902 756.482968623248 758.54451466542 763.185049945207 768.997538505485 773.282597139285 781.731981344269 786.85656911729 791.435576840912 795.001540126216 798.182514405068 804.251043512911 810.589377648692 815.108565237189 820.094612466388 823.969568874984 828.154835175256 838.179758728497 842.252344499684 846.382167038135 851.064713343925 856.933440985814 864.292903006817 871.642695619195 874.994090996274 877.981882135269 881.961683840706 884.578714122893 887.042031208737 892.795386490456 895.718922233505 897.693233912913 901.066882396913 905.265155098499 908.696448265403 911.292200525232 912.648774976814
715.865113597843 721.571069821201 723.301337638092 734.450103591412 749.277828682765 741.676387180854 734.228818930276 731.887158838385 735.812549111506 737.227811445378 741.204330293163 746.757225672242 753.8869025234 759.577451966308 762.873960933992 766.113677503411 768.037113697906 772.057048780926 776.787366352238 787.459175902254 793.990042075305 797.281277214804 801.299496095507 806.714128664856 812.589886887322 818.540697785569 822.623676480219 826.625855144373 831.507915126412 836.995020239361 845.136823425858 850.783026187296 856.263133483639 860.638015715397 865.650588527753 872.620375268505 876.653255278768 878.590802920455 881.813143752153 885.015361100633 888.340595770429 892.238810972795 897.543334454201 900.723726556153 903.451296865686 906.516396688521 909.200838549544 912.393266355051 915.138545896132 918.156916042892
723.126999082029 729.449279063154 732.18663583118 744.85780944351 757.415111570615 741.229736431456 738.625475541602 737.071059890795 740.828667739447 744.268706886014 747.148998513828 -9999 759.404578580739 762.754760694071 764.639087548588 768.776490961719 771.864694637154 776.167942171111 780.21004203573 789.97909791314 795.954268346116 800.208966577143 804.476585290171 811.085004069308 817.613968320979 822.054060729366 825.951344592268 829.923785963243 834.692041939009 -9999 849.738244298078 854.374017168197 860.254896050162 865.861190736737 870.245992166168 875.887312591256 879.495022810461 881.053285249436 884.742614699049 888.767992114485 891.749139699979 894.686428129323 900.09330109635 903.632857445619 906.942416076129 909.641957426926 912.231259949428 915.345095580263 918.661540006308 921.271814317089
728.678889428803 734.443544187757 738.242489880002 750.505885047113 758.838640436069 742.480650309796 740.867427738884 738.688660299399 744.466697995403 751.062690152247 754.142565334321 759.019099668317 -9999 765.42303463788 767.728579535676 771.73822562389 776.549252102745 781.954516663729 786.533905279506 793.984568759628 799.056157609373 803.658348444008 808.883727180333 815.414219634983 821.446609922338 825.181852646986 829.543432281485 834.138417883242 -9999 -9999 853.398677406741 857.963910204884 863.61388503214 870.410681766663 875.449206269703 878.103292935162 881.899802857363 884.92786624237 887.793851749217 890.813353187447 894.427796052711 897.58353925077 903.936350026415 907.017687475578 909.476545537475 912.669104255406 915.741414534659 918.451475698468 921.61976479659 924.297203622996
733.291326421303 739.718918639465 744.445691000331 753.689422206019 752.922597726939 744.334504943691 744.179409727328 742.655690132436 748.562286734916 753.068396986446 756.95078187624 764.114467397948 -9999 771.867758255969 775.223291465191 779.799702834999 783.506657031779 786.834755079746 791.037419888603 798.736545189893 803.364798104288 808.36945119642 814.126278610167 820.189881606712 -9999 828.624845778032 833.856998685425 838.464536735433 -9999 848.389106400704 858.258185918328 862.159569975424 868.310871536851 874.637708447334 879.961532131367 880.959525355308 883.337707307096 887.385273851372 890.831666047351 893.964436832454 897.629288755661 901.018973335697 908.409536857381 911.146431025212 912.992775392437 916.796439778222 920.391923424462 923.207373316785 926.10017284089 928.52779504507
738.440270494266 744.576770708546 750.23787541637 757.362304716576 753.888095175865 750.861680906125 749.047182622467 750.374644991745 752.756510989281 -9999 -9999 -9999 -9999 779.153728062828 783.036430799279 786.295021752804 789.419172729957 791.66244382313 795.323970792869 803.03045390336 808.203430961969 813.62815181238 818.570780146159 -9999 828.037950306037 833.063437573201 -9999 843.538375327076 848.390292365517 852.085112497012 863.796991571362 867.423235749566 873.798351854536 879.612179292878 883.855168126073 885.587702125144 886.283232560057 890.123456664967 894.15152315215 898.049075544056 902.45004186076 -9999 -9999 915.674132371161 917.444241607848 922.376008963337 928.342633936752 930.592232163365 931.707197455173 934.348603784563
743.139475528776 748.518386583728 755.906319011097 763.057035115916 762.118533820232 757.844999003749 755.649473142217 757.314515392906 760.38502173653 -9999 -9999 -9999 -9999 783.719572299105 787.642816231199 790.099497205475 793.143222712793 795.818256072094 800.846500289265 809.951139632965 814.930686000259 819.119825228718 823.50115542689 -9999 832.808486928864 838.190434786215 843.698371990535 849.67500312363 853.94798228798 856.120630459807 868.277257445096 872.795132137737 878.409251376379 883.804828964714 886.55610524845 889.173962507772 890.126468183294 893.781084199853 897.446005472697 901.54643950699 906.230738065578 -9999 918.757381325398 920.119142657883 923.469950201923 928.514399335456 933.093352648875 936.125232148422 937.331151590443 940.101453374312
750.619623360582 754.291464064956 762.772333953813 770.435621042859 770.714555256564 765.55000222424 765.233574217846 765.50906201208 -9999 -9999 -9999 -9999 -9999 786.449343195602 790.874797056001 795.023515445457 797.746475094468 800.248771158843 804.650492569637 816.008881532751 820.153916788071 823.962687529441 828.734415169715 833.511213334238 838.129071188352 842.468828115896 847.881284609886 854.504832377525 858.476372856461 860.725660395231 873.482934688338 879.025912618507 883.240521169967 887.082585992755 888.842093899246 891.789959545253 894.096205188975 897.71100294838 901.290682957561 905.728538424827 910.780674936718 -9999 922.041172444287 923.622637298614 927.662472271806 933.30321209346 936.854302721319 939.913007803978 942.87755472691 944.468405036648
758.460685900811 762.839283651236 771.835043304626 779.036316654241 777.593647167936 775.470171734957 775.114413298315 775.93879111058 777.681378223817 780.09062705352 -9999 -9999 785.482938655811 788.907350486876 793.529547750005 798.465541307601 802.829675417283 806.819873203748 810.710679318018 820.40173170107 824.325031534943 828.525953238939 833.193200288265 838.18451751848 842.697042994923 846.00478077377 851.020351375851 857.635427971812 862.847220250729 866.920742721308 878.778439589063 885.695216249459 889.002857035808 891.328687861201 893.336160128779 896.235071340852 898.901647363642 901.462114714699 905.296650182683 909.903203929419 914.974595240799 -9999 927.059262754995 929.487329159583 933.053868617663 937.041499009868 941.114502377781 944.163998458671 947.226747678272 948.563897156823
766.474683803342 772.342388967471 782.061453854828 789.857831228286 784.919967421338 784.490307975081 783.359686085278 783.565471267536 -9999 -9999 -9999 788.424407448775 790.126145881553 794.027448864564 799.127107242354 803.551789751674 809.037071814695 813.264998343918 816.538202186159 825.623176591382 829.811144762103 833.998820395134 837.783153371475 843.211629989917 848.546767753813 851.734713708878 856.768271750344 861.250691255842 866.975251440435 873.004405665636 885.563044387672 890.90062826188 893.754307107601 895.646884232151 898.609701151524 901.829793064777 904.215991495177 905.39632679101 909.281937864937 913.357305814362 917.493698860745 922.777034466615 932.585616310141 935.842418540542 939.740894544431 942.141117994157 945.439124680604 948.069861994511 949.735719000389 951.255880492595
776.028316668337 781.937788650843 789.051897942694 796.684456976024 794.724242368457 795.149628197908 793.399798340585 -9999 790.500259823317 792.165162370085 795.338511658287 795.456141186719 797.208851432523 801.044313223499 806.750493900816 810.069765084998 814.30097707757 818.853672750431 821.912159643654 830.39746790774 -9999 838.973965249922 842.101670566184 847.587253212161 854.132978070117 858.515437166891 863.709558921525 870.201240873461 878.085953305324 877.593596868093 891.658353633589 895.472791317465 896.862849093459 899.309949097973 903.915830886511 907.285194565727 907.508932631098 909.82446296105 914.229575117653 917.914751003034 922.387079988563 926.522287653694 937.056315634813 941.095295187378 944.977308671618 947.997124661964 950.664906292267 952.864676118211 954.205955859145 953.966544236803
783.948757837807 791.53300284685 797.07356868145 802.970370174139 803.304266503281 803.62942578379 800.50767098918 797.4937548393 797.921018576763 799.452248063154 801.795099239471 803.064617131682 805.164996466614 810.594627418504 815.602154606734 817.292844401205 820.640452916783 -9999 827.876292095534 835.230219053515 840.137877175211 843.646264045082 846.765469784624 -9999 857.228779830275 863.514627881357 878.247208277744 907.739785341324 934.136821413088 926.041285162672 895.298323085036 899.61634194546 900.676700187192 904.311701158197 909.729401619486 912.586112602638 910.919956788759 914.324822590872 918.370436063548 922.830814294986 927.869058329803 931.874763540554 941.060133349128 946.495655998993 950.953011634906 955.753132930499 958.198177111394 957.360247503637 959.661504127283 959.100389406217
790.140666860348 799.748348827596 807.146582387578 811.004415849359 808.834364531934 808.209770664348 804.960427388628 804.602155682154 805.240919591382 806.781060100596 809.072020399591 810.391537434262 813.734630341236 819.148760413736 822.573632524993 824.151919380914 827.256712923226 829.755719572308 833.129668671878 839.742522789823 844.681261840171 849.428397328787 853.486419021467 855.161983836328 861.074798435419 867.657268742899 881.043418148318 906.724911861627 937.631252822221 945.401135698843 899.748029611423 904.327283980359 906.972359723642 910.832999124815 914.819545202127 916.508593620834 916.081126817297 918.812930555538 922.488501647593 926.829693900096 932.395787664756 937.286854689612 945.914052365709 951.662528642925 957.605027620875 963.785377217666 967.41281443499 965.617544789381 964.5010725831 964.698963631734
