rcp4.5models/GFDL_CM3/sc1gr4.17
NCOLS 261 
NROWS 433 
XLLCORNER 336357.134 
YLLCORNER 654653.479 
CELLSIZE 1000 
NODATA_value -3.4e+38 
[rows 374 to 395 of 433, columns 98 to 146 of 261]
254.224456787109 254.467971801758 254.650115966797 257.669372558594 255.408828735352 251.08332824707 241.473403930664 234.201110839844 235.847091674805 243.352096557617 248.076919555664 249.691146850586 250.930297851562 246.282592773438 232.591934204102 229.866409301758 226.973297119141 222.412612915039 215.593612670898 211.623046875 210.091873168945 207.393142700195 208.489059448242 212.290924072266 218.116973876953 222.959335327148 227.643203735352 228.196899414062 227.182250976562 228.827163696289 232.658782958984 236.627914428711 242.122161865234 243.422439575195 245.117935180664 252.582244873047 261.356628417969 262.989044189453 255.854995727539 256.277770996094 265.287628173828 269.437622070312 269.877746582031 270.275024414062 270.29638671875 -3.4e+38 -3.4e+38 -3.4e+38 -3.4e+38
252.748962402344 254.608108520508 252.862838745117 252.70361328125 257.274780273438 257.176208496094 248.482833862305 240.604827880859 239.596572875977 240.869033813477 242.928283691406 247.386322021484 251.235153198242 247.904281616211 230.489440917969 220.242813110352 215.355743408203 208.488494873047 202.380599975586 201.047561645508 201.617828369141 200.439468383789 200.988693237305 206.193298339844 214.127822875977 222.757537841797 236.917922973633 238.191116333008 238.568984985352 237.490951538086 235.0029296875 234.314834594727 237.846405029297 240.530639648438 243.951629638672 247.078018188477 249.990188598633 267.526214599609 265.055938720703 262.884521484375 267.108551025391 269.478515625 270.036712646484 270.265075683594 270.335601806641 270.612365722656 270.736785888672 -3.4e+38 -3.4e+38
249.665603637695 248.906356811523 249.437103271484 249.39680480957 253.696197509766 257.28662109375 255.904724121094 253.369125366211 249.544250488281 246.824890136719 246.745208740234 249.474700927734 251.219635009766 250.459045410156 239.366912841797 227.135162353516 219.557052612305 211.951629638672 208.279846191406 208.517150878906 206.462417602539 204.903106689453 204.899871826172 208.622863769531 217.321914672852 226.097122192383 237.957183837891 241.377166748047 243.447479248047 242.005447387695 242.863571166992 246.152755737305 243.608520507812 239.053695678711 243.539840698242 250.132095336914 250.793411254883 265.80810546875 269.344512939453 269.6708984375 269.811309814453 269.704498291016 269.945983886719 270.387115478516 270.612915039062 -3.4e+38 -3.4e+38 -3.4e+38 -3.4e+38
246.327880859375 243.925033569336 242.849868774414 249.440521240234 251.154052734375 253.422317504883 254.548156738281 251.373352050781 248.653335571289 246.801483154297 244.050964355469 248.074462890625 251.232269287109 250.580596923828 247.069961547852 241.992752075195 235.442245483398 229.71630859375 225.030899047852 221.722030639648 217.302124023438 214.243927001953 212.237060546875 214.709350585938 223.710601806641 231.673416137695 242.735092163086 245.135375976562 248.581039428711 246.968795776367 244.696640014648 249.554443359375 252.334091186523 248.710891723633 249.164489746094 255.160568237305 255.82292175293 262.665740966797 268.538452148438 269.980285644531 270.155151367188 269.913665771484 269.753814697266 270.510559082031 270.726623535156 270.446594238281 270.666351318359 271.036499023438 270.953887939453
247.816757202148 244.318862915039 241.29377746582 241.242523193359 245.167938232422 247.672424316406 249.452651977539 245.358840942383 241.799194335938 238.111831665039 234.1826171875 236.16242980957 240.095611572266 243.353897094727 244.957061767578 242.773300170898 236.72770690918 231.888656616211 227.582427978516 223.335372924805 218.69792175293 214.154907226562 210.787017822266 212.345687866211 219.266693115234 228.180526733398 244.69612121582 246.527481079102 250.99592590332 253.631851196289 249.870040893555 250.270889282227 254.198867797852 257.106292724609 258.58837890625 261.132843017578 260.939147949219 255.693130493164 264.260345458984 269.183929443359 270.199554443359 270.2236328125 270.230499267578 270.570922851562 270.783721923828 270.554748535156 270.527069091797 271.003326416016 271.409698486328
245.350814819336 245.406799316406 244.229431152344 236.654739379883 238.217163085938 241.776794433594 243.069580078125 241.905334472656 237.851959228516 232.65837097168 229.229095458984 223.930130004883 222.80256652832 226.224945068359 229.833969116211 230.50032043457 224.189102172852 218.533172607422 216.829742431641 215.585388183594 213.362487792969 211.063827514648 209.746109008789 210.00910949707 212.624740600586 219.306365966797 234.048065185547 234.579498291016 243.022155761719 251.549713134766 255.549026489258 255.727981567383 255.299057006836 256.955474853516 260.817138671875 265.231292724609 265.756713867188 254.636764526367 259.825256347656 267.693542480469 270.094696044922 270.468322753906 270.742248535156 270.832427978516 270.971038818359 271.097717285156 270.969360351562 271.226257324219 271.358825683594
246.839080810547 245.963302612305 244.706008911133 240.66145324707 239.518768310547 239.625015258789 239.431350708008 238.761764526367 235.110870361328 230.846603393555 228.206527709961 223.929840087891 220.843048095703 218.586029052734 218.184417724609 219.829559326172 215.13395690918 210.604843139648 210.502975463867 211.290283203125 211.808792114258 211.719772338867 210.815719604492 210.087432861328 210.648101806641 213.239334106445 221.050369262695 224.64338684082 236.850204467773 246.933929443359 253.289962768555 256.022430419922 256.696350097656 257.116363525391 258.547729492188 263.450927734375 266.799713134766 263.562072753906 262.656402587891 266.053009033203 269.392181396484 269.966186523438 270.538146972656 270.662445068359 270.785766601562 271.167327880859 271.757202148438 271.949432373047 271.261962890625
254.828201293945 247.346450805664 242.672348022461 243.188446044922 242.393707275391 241.347579956055 240.403625488281 239.708419799805 239.835815429688 238.194580078125 234.088638305664 228.841720581055 225.473876953125 223.102554321289 224.926147460938 223.711227416992 219.057601928711 214.409729003906 211.767852783203 212.16975402832 213.659103393555 212.78971862793 211.766418457031 210.19401550293 208.075775146484 208.951416015625 209.979766845703 218.0390625 231.170959472656 238.491836547852 243.686004638672 250.053070068359 254.093338012695 256.582977294922 256.980590820312 259.127777099609 261.496917724609 265.011871337891 263.363586425781 258.568206787109 262.150634765625 268.880187988281 269.900512695312 269.906524658203 269.981842041016 270.442199707031 271.552185058594 271.932525634766 271.615539550781
261.342681884766 257.013397216797 251.162078857422 246.52116394043 247.661010742188 242.970596313477 240.385681152344 242.010528564453 245.420883178711 243.101806640625 237.722534179688 232.751327514648 228.979293823242 228.01203918457 235.247116088867 233.58772277832 228.490966796875 224.056335449219 218.12239074707 217.624099731445 222.802734375 221.710754394531 219.379104614258 217.901245117188 214.501373291016 212.1953125 206.163131713867 211.229110717773 219.997375488281 225.610458374023 233.401382446289 243.079879760742 251.037414550781 256.540130615234 257.186340332031 257.204193115234 257.114624023438 258.298034667969 258.725311279297 254.620101928711 257.319732666016 267.579864501953 269.146148681641 269.450378417969 269.524017333984 269.884704589844 270.843017578125 271.290618896484 271.810272216797
270.562316894531 264.771545410156 255.376037597656 253.112930297852 254.392532348633 257.450225830078 255.862152099609 255.801116943359 255.59016418457 249.445526123047 248.434188842773 248.943862915039 248.150039672852 249.479553222656 247.686538696289 249.590454101562 247.607803344727 245.484008789062 244.366668701172 242.671340942383 242.065567016602 241.382934570312 240.106109619141 240.896606445312 240.240966796875 236.051818847656 227.315628051758 227.123748779297 229.87548828125 236.328033447266 248.002578735352 257.323577880859 258.700958251953 257.648284912109 256.958648681641 258.065948486328 259.429382324219 261.945190429688 261.656707763672 259.671325683594 261.787689208984 266.126312255859 267.141479492188 267.861877441406 268.916412353516 269.317352294922 269.693023681641 270.046661376953 271.255889892578
271.114959716797 268.038208007812 258.370422363281 245.551025390625 243.940689086914 246.948638916016 250.468627929688 253.785919189453 256.739715576172 254.751541137695 255.204025268555 255.248062133789 253.375686645508 251.401031494141 249.453811645508 248.180877685547 246.091720581055 246.887649536133 249.069564819336 248.774169921875 247.688751220703 246.639144897461 245.60009765625 243.863189697266 241.851013183594 237.882217407227 229.003051757812 230.107986450195 232.382263183594 238.695266723633 250.547882080078 257.298522949219 258.892150878906 258.891174316406 257.954162597656 259.807830810547 263.247528076172 264.929595947266 265.71240234375 264.415588378906 262.951446533203 265.61279296875 265.689361572266 266.384887695312 268.509216308594 268.954742431641 269.453125 269.564239501953 270.904632568359
270.614715576172 269.993286132812 263.579925537109 249.745162963867 246.942184448242 244.483413696289 247.205963134766 251.802047729492 256.085510253906 258.014099121094 257.382690429688 253.425064086914 248.937515258789 246.612243652344 249.202346801758 250.08137512207 249.197174072266 248.901748657227 249.704437255859 250.236099243164 248.547760009766 246.871063232422 242.883804321289 238.361770629883 239.089584350586 237.43359375 237.487701416016 235.942794799805 234.413055419922 238.470809936523 248.043991088867 255.164794921875 259.921844482422 261.941345214844 261.574615478516 261.360687255859 264.60400390625 266.719146728516 266.363372802734 266.220153808594 266.712707519531 266.551483154297 265.197601318359 266.262756347656 268.222473144531 269.072937011719 269.416595458984 269.491241455078 270.833404541016
264.474670410156 268.907989501953 267.2353515625 258.686584472656 254.539520263672 248.361724853516 246.536239624023 247.359756469727 252.003173828125 256.375518798828 255.818542480469 253.408248901367 250.098449707031 249.391540527344 250.100921630859 249.725082397461 250.752014160156 249.950790405273 247.174468994141 243.989440917969 239.776062011719 239.911102294922 240.223419189453 239.487808227539 243.231216430664 244.698440551758 248.70686340332 247.38655090332 246.299087524414 246.630737304688 247.768508911133 249.964630126953 253.092422485352 256.496978759766 262.245086669922 262.629669189453 263.9931640625 267.542388916016 267.120758056641 266.820068359375 267.449066162109 267.550964355469 266.938415527344 266.851287841797 267.134796142578 268.820098876953 269.310119628906 269.666717529297 270.71337890625
255.186721801758 261.796020507812 268.883392333984 265.707092285156 261.127349853516 252.997695922852 245.080917358398 240.706390380859 242.876205444336 249.390197753906 252.938903808594 253.10807800293 252.994171142578 253.292449951172 246.052719116211 246.189956665039 250.924301147461 252.035217285156 247.307052612305 242.132614135742 239.382171630859 242.515350341797 248.363327026367 251.001937866211 251.736419677734 252.042572021484 251.045822143555 251.836471557617 252.576446533203 251.734909057617 249.565017700195 248.181838989258 247.770294189453 250.088439941406 258.275604248047 263.437622070312 264.397521972656 267.305297851562 267.694091796875 267.985778808594 268.073486328125 268.228179931641 268.448486328125 267.929107666016 267.238464355469 268.56689453125 269.205017089844 269.746246337891 270.128570556641
254.838043212891 258.172149658203 266.354125976562 268.883453369141 266.789916992188 259.174530029297 244.717239379883 236.193542480469 237.073455810547 243.221130371094 249.465484619141 251.200332641602 252.563415527344 250.762832641602 247.22966003418 254.755569458008 258.553527832031 256.826232910156 250.640396118164 246.795745849609 248.300582885742 253.321563720703 255.641128540039 255.660858154297 254.298522949219 253.400741577148 252.695663452148 252.606048583984 251.412200927734 250.175048828125 249.899429321289 247.630416870117 247.107711791992 250.884567260742 256.004547119141 262.110870361328 264.752014160156 267.417449951172 267.523498535156 267.764221191406 268.049591064453 268.362701416016 268.796417236328 268.701202392578 268.248596191406 268.730316162109 269.135986328125 269.500915527344 270.130645751953
262.310089111328 262.056549072266 263.740203857422 264.470703125 260.642242431641 256.971618652344 250.134094238281 240.927322387695 237.369186401367 241.084594726562 246.750701904297 250.706161499023 253.361221313477 250.14338684082 255.559036254883 265.022186279297 264.571533203125 259.579895019531 254.003204345703 251.986450195312 253.45881652832 255.897796630859 256.247039794922 255.712097167969 254.333236694336 253.652709960938 252.932144165039 252.443283081055 251.32373046875 250.399612426758 249.607330322266 247.020217895508 247.588943481445 253.359268188477 258.4208984375 262.822357177734 265.189361572266 264.392822265625 265.929870605469 266.888153076172 266.618194580078 267.448974609375 268.503173828125 268.368988037109 268.530914306641 269.081604003906 269.430633544922 269.628875732422 270.772277832031
266.238098144531 265.908111572266 264.299468994141 258.365203857422 255.716323852539 255.957611083984 255.362106323242 248.854400634766 244.656677246094 245.895858764648 247.538040161133 250.290832519531 252.879959106445 249.28742980957 259.800659179688 266.23681640625 263.1884765625 258.500579833984 255.686309814453 255.411819458008 255.721374511719 256.037445068359 256.718688964844 254.562881469727 252.802734375 253.742370605469 251.371765136719 248.372467041016 247.063278198242 247.711318969727 249.611785888672 250.076797485352 250.214859008789 256.226776123047 261.395202636719 263.410949707031 263.767303466797 258.049865722656 262.019226074219 266.261322021484 266.01220703125 266.169281005859 266.995178222656 267.951721191406 268.516571044922 269.376953125 269.979736328125 270.179962158203 270.740783691406
267.267333984375 267.726654052734 266.429992675781 257.272491455078 256.315032958984 261.247039794922 262.223236083984 257.294586181641 250.8896484375 249.229019165039 250.208618164062 251.107696533203 249.924087524414 246.071166992188 262.374572753906 266.705688476562 264.186370849609 260.727081298828 258.167358398438 256.667602539062 256.783599853516 258.080047607422 257.227294921875 253.253768920898 251.809829711914 253.380828857422 252.165573120117 251.1650390625 250.627212524414 250.091110229492 253.020721435547 256.383666992188 256.200317382812 259.571960449219 261.771514892578 262.089538574219 262.030792236328 258.714324951172 262.054046630859 265.696166992188 266.436218261719 266.442779541016 266.816925048828 268.048767089844 268.563415527344 269.496398925781 269.941314697266 269.738372802734 270.402923583984
267.632141113281 268.604309082031 267.695037841797 261.520538330078 259.108428955078 263.009429931641 266.662261962891 265.562805175781 258.195556640625 252.300140380859 250.201446533203 247.51057434082 244.18017578125 245.939682006836 262.779266357422 267.302276611328 266.941619873047 265.515167236328 261.914764404297 258.837310791016 258.79296875 259.335174560547 256.789093017578 253.168243408203 252.526336669922 253.362060546875 252.443389892578 256.019256591797 256.632720947266 258.306793212891 262.276641845703 264.670623779297 264.353179931641 262.457733154297 261.478057861328 262.397186279297 263.447845458984 263.309478759766 264.585906982422 265.822143554688 266.872711181641 267.202972412109 267.655181884766 268.12158203125 268.536285400391 269.266693115234 269.406829833984 269.13134765625 270.01806640625
267.91845703125 268.693328857422 269.355712890625 266.027435302734 264.946624755859 265.218811035156 264.739990234375 266.121856689453 266.331817626953 261.300567626953 255.987045288086 246.91471862793 244.565612792969 253.289459228516 264.333892822266 267.462097167969 267.344177246094 266.643371582031 263.519500732422 260.030914306641 259.645629882812 259.551971435547 256.552001953125 253.985092163086 253.725509643555 253.275894165039 246.266693115234 250.735916137695 253.580917358398 260.202819824219 265.513397216797 267.005462646484 266.392211914062 264.111999511719 263.328521728516 264.275756835938 265.533172607422 264.681274414062 265.362884521484 266.380920410156 266.983093261719 267.542938232422 267.672668457031 267.493194580078 267.889739990234 268.690093994141 268.91796875 269.098083496094 269.585144042969
269.876525878906 268.853942871094 269.293548583984 266.666320800781 266.237884521484 267.013397216797 266.376678466797 266.4921875 267.599731445312 267.264434814453 266.121826171875 259.163543701172 257.291534423828 263.318298339844 266.862365722656 266.758697509766 266.989135742188 265.486358642578 261.979919433594 260.335083007812 260.731231689453 259.561828613281 256.604766845703 254.646835327148 254.900329589844 254.772018432617 245.44482421875 252.156188964844 258.923065185547 264.116241455078 265.658081054688 267.002746582031 267.202819824219 266.218292236328 265.929016113281 266.016815185547 266.225952148438 264.98095703125 265.391784667969 266.1875 266.404968261719 266.974212646484 267.260833740234 267.074462890625 267.602752685547 268.088439941406 268.511871337891 269.274353027344 269.620391845703
269.029571533203 270.024078369141 268.043701171875 261.951782226562 261.580810546875 264.809356689453 267.084442138672 266.802490234375 268.047393798828 268.791351318359 268.556793212891 268.170562744141 266.130004882812 260.940612792969 256.109375 259.054565429688 259.067352294922 257.560882568359 258.015319824219 261.115875244141 262.795379638672 261.090148925781 259.975555419922 258.505279541016 255.124282836914 245.982269287109 254.061019897461 263.22021484375 266.434906005859 266.795928955078 267.063262939453 267.174072265625 266.672515869141 266.377044677734 266.637420654297 267.24560546875 266.305053710938 265.976684570312 266.02294921875 266.136016845703 265.225921630859 264.972106933594 266.273529052734 266.898712158203 267.276885986328 267.743133544922 268.236114501953 268.868011474609 269.286224365234
