rcp4.5models/GFDL_CM3/sc1gr0.24
NCOLS 261 
NROWS 433 
XLLCORNER 336357.134 
YLLCORNER 654653.479 
CELLSIZE 1000 
NODATA_value -9999 
[rows 264 to 285 of 433, columns 200 to 249 of 261]
73.7988739013672 73.4234619140625 73.1377029418945 73.044677734375 72.6799468994141 72.7376022338867 72.7115707397461 72.275276184082 71.9477615356445 73.2991714477539 76.6928482055664 76.9587478637695 74.6908493041992 73.1492691040039 70.9596557617188 70.5690002441406 70.3600845336914 70.6630325317383 71.9651947021484 73.5089416503906 71.8877029418945 69.6917572021484 69.5014801025391 69.3357162475586 68.7858963012695 68.6439056396484 69.3368835449219 68.8604736328125 -9999 -9999 67.3956909179688 67.2794570922852 67.1786346435547 66.9907608032227 66.733268737793 66.6429595947266 66.5229797363281 66.1861419677734 65.9880905151367 65.882438659668 65.7041625976562 65.5292663574219 65.4750213623047 65.3817672729492 65.2076110839844 64.9237594604492 64.8657760620117 64.8462524414062 64.6007308959961 64.5322036743164
73.9377899169922 73.4580307006836 73.277946472168 73.2546844482422 73.0857238769531 73.0353622436523 73.0584487915039 72.5782928466797 72.0592498779297 72.9255294799805 75.2984619140625 75.6405792236328 72.6744995117188 72.0838394165039 71.0679092407227 70.6326065063477 70.5100708007812 70.7088241577148 71.5362548828125 72.2167739868164 71.4186401367188 69.6725845336914 69.4498138427734 69.1035614013672 68.865966796875 68.7696533203125 68.3421859741211 68.1891174316406 68.0041198730469 67.729736328125 67.6323089599609 67.5557632446289 67.3147201538086 67.143310546875 66.9486846923828 66.843132019043 66.6587905883789 66.275749206543 66.1625900268555 65.9602737426758 65.7994155883789 65.7185974121094 65.6392211914062 65.4985885620117 65.324836730957 65.1141052246094 65.0469818115234 65.0220489501953 64.6627044677734 64.5963821411133
73.743782043457 73.3909606933594 73.5746917724609 74.389762878418 75.146484375 74.1502990722656 73.2879867553711 72.7469329833984 72.3657302856445 72.5699157714844 73.0895080566406 72.9131164550781 72.9317626953125 71.9287033081055 71.1499328613281 71.1873016357422 71.3834838867188 71.3977432250977 70.5221252441406 70.1683883666992 70.0537567138672 69.9653244018555 69.7360153198242 69.8717346191406 69.3635864257812 69.1814651489258 68.6327819824219 68.5733032226562 68.4958953857422 68.3179626464844 67.9706420898438 67.9136657714844 67.5264053344727 67.3469161987305 67.3180084228516 67.0356292724609 66.9524002075195 66.4554977416992 66.3202972412109 66.2049026489258 66.0782165527344 65.9281845092773 65.9153671264648 65.7851104736328 65.697021484375 65.5193176269531 65.3431396484375 65.1982955932617 64.8705139160156 64.7171859741211
73.952278137207 73.6103134155273 73.8006439208984 74.5003890991211 75.5861892700195 74.5534591674805 73.0840148925781 72.8154449462891 72.5722198486328 73.6564178466797 75.9614486694336 75.3538818359375 74.4457092285156 71.9378662109375 73.3974075317383 73.5056381225586 73.083610534668 72.4617309570312 70.8108062744141 70.9470901489258 70.9087905883789 70.1264038085938 69.8385314941406 69.8803100585938 69.6819534301758 69.4375305175781 68.8947982788086 68.9675216674805 68.8473205566406 68.4219055175781 68.1078948974609 67.9365921020508 67.6335754394531 67.492561340332 67.2481079101562 66.9957962036133 66.9339065551758 66.5859985351562 66.4703521728516 66.3665618896484 66.2084350585938 66.0512161254883 66.0372085571289 65.9650115966797 65.7613143920898 65.7096405029297 65.4618530273438 65.2741546630859 64.9412155151367 64.7751083374023
74.2518768310547 73.9042587280273 74.1239471435547 75.4275970458984 75.5488815307617 74.3494873046875 73.1851196289062 73.06298828125 72.8076171875 73.8391799926758 76.8237457275391 76.7095108032227 74.6917419433594 71.8750381469727 76.5911026000977 75.8362350463867 74.1509323120117 72.5054321289062 70.973518371582 71.2147064208984 71.137580871582 70.3230972290039 69.8605804443359 69.9541473388672 69.9870300292969 69.6054229736328 69.2791519165039 69.2412414550781 68.9594116210938 68.3627395629883 68.1039505004883 67.9617385864258 67.8114547729492 67.5977554321289 67.254508972168 67.0431442260742 66.9487152099609 66.7494354248047 66.6543884277344 66.4481430053711 66.2964782714844 66.1360778808594 66.1622314453125 66.1168746948242 65.8199310302734 65.7262344360352 65.5780792236328 65.378791809082 65.0703277587891 64.8898162841797
74.3259887695312 73.9976348876953 74.6053848266602 76.5376968383789 76.0595245361328 74.6642761230469 73.5107955932617 73.2590560913086 72.8738174438477 72.8823013305664 74.1726303100586 74.6480026245117 73.2752075195312 72.001091003418 76.4610137939453 76.2211074829102 75.1193695068359 73.5862274169922 71.1631774902344 70.9281921386719 70.8165969848633 70.4491729736328 70.1366577148438 70.1854095458984 70.3491592407227 69.8180084228516 69.7826309204102 69.8610534667969 69.3605651855469 68.527587890625 68.1854553222656 68.0096435546875 67.8847503662109 67.5957870483398 67.3604888916016 67.1704788208008 67.0218811035156 66.9211196899414 66.8274459838867 66.6216812133789 66.4321823120117 66.3420181274414 66.2519760131836 66.2390060424805 65.8978729248047 65.7171859741211 65.5968933105469 65.4394226074219 65.133674621582 65.0100021362305
74.1419906616211 74.1208953857422 74.526985168457 76.5628509521484 76.849967956543 75.5332260131836 73.5963134765625 73.2470245361328 72.883171081543 72.5700607299805 72.652587890625 72.8607330322266 72.5521011352539 72.2587509155273 75.5420379638672 76.8280258178711 76.7967758178711 76.0059661865234 72.8614501953125 71.0641479492188 71.0102081298828 71.0146408081055 70.8762741088867 70.3175582885742 70.2935409545898 70.0188598632812 71.1940841674805 70.5502014160156 69.1311111450195 68.4985504150391 68.2570114135742 68.0055618286133 67.8073196411133 67.6720809936523 67.463005065918 67.2887191772461 67.1802062988281 67.0478591918945 66.8901748657227 66.8779754638672 66.6910552978516 66.5289611816406 66.4133987426758 66.312385559082 66.0506210327148 65.8274536132812 65.6391448974609 65.5308837890625 65.1505508422852 65.0598068237305
74.1403732299805 74.4219360351562 74.5978240966797 75.6498413085938 76.8723373413086 75.7902526855469 73.6228561401367 73.298095703125 72.9151153564453 72.7329559326172 72.8539657592773 72.7195892333984 72.5890045166016 72.5935592651367 76.7704238891602 78.0813598632812 78.6589050292969 78.0109481811523 75.9602813720703 73.7607803344727 72.0155181884766 71.5923690795898 71.1617965698242 70.1667327880859 70.0283432006836 69.9720611572266 70.4705123901367 69.6711578369141 68.7346649169922 68.5892639160156 68.3146133422852 68.0468063354492 67.8152618408203 67.6952667236328 67.4861679077148 67.394645690918 67.3553314208984 67.0802154541016 67.0474472045898 67.0458984375 66.9240798950195 66.6071929931641 66.4274215698242 66.3846206665039 66.1653213500977 65.9574356079102 65.7805328369141 65.663948059082 65.2459030151367 65.1051712036133
74.4614028930664 75.0091705322266 76.600227355957 76.0525741577148 75.5087280273438 75.1236801147461 74.519172668457 73.4920654296875 73.0339126586914 72.8298263549805 73.044563293457 72.8006210327148 72.6463165283203 73.4775314331055 75.8184356689453 77.0978317260742 77.2797393798828 78.3786315917969 77.2704238891602 75.2354431152344 72.099967956543 71.6408767700195 70.6316986083984 70.0820999145508 69.9452590942383 69.8296051025391 69.2681503295898 68.9330520629883 68.8319931030273 68.7055130004883 68.3737335205078 68.2021636962891 68.0536193847656 67.7565841674805 67.6713638305664 67.6672515869141 67.6493072509766 67.3403472900391 67.3099899291992 67.0599060058594 66.8690567016602 66.5935897827148 66.4158782958984 -9999 66.2454071044922 66.1208190917969 65.9794464111328 65.7720108032227 65.3994140625 65.1753768920898
75.4033737182617 76.582763671875 77.5512542724609 77.779899597168 74.9713287353516 74.8164291381836 74.6450881958008 73.640007019043 73.1171112060547 72.8850173950195 73.0991287231445 73.1023178100586 72.851921081543 73.2500381469727 74.0091247558594 75.1653137207031 74.2512741088867 75.2411117553711 74.0490188598633 72.8042221069336 71.2856216430664 71.1630096435547 70.4354553222656 70.2023849487305 69.9606399536133 69.7393951416016 69.4110488891602 69.2437210083008 68.9710845947266 68.7846908569336 68.4887466430664 68.3561096191406 68.2422943115234 67.9871444702148 67.9625854492188 67.8110733032227 67.7651519775391 67.6695175170898 67.3861618041992 67.0932388305664 66.9791641235352 66.7530517578125 66.578742980957 66.3757934570312 66.3464431762695 66.2427215576172 66.0719604492188 65.827278137207 65.5417785644531 65.3847274780273
76.4060974121094 78.1659545898438 77.7024688720703 79.0804290771484 75.9509353637695 74.9791030883789 74.1732711791992 73.6816940307617 73.3049240112305 73.0710830688477 73.1499481201172 73.408935546875 73.0734405517578 72.5948791503906 74.4612350463867 76.0872497558594 74.8665771484375 74.6369552612305 74.0463027954102 73.7392654418945 73.1706390380859 72.9414215087891 72.6791534423828 70.6903610229492 70.0948486328125 69.9962615966797 69.5843505859375 69.3410263061523 68.9933013916016 68.9189758300781 68.7219848632812 68.4530639648438 68.3202438354492 68.2050552368164 68.0670013427734 67.9107437133789 67.8898773193359 67.7272872924805 67.467414855957 67.1979141235352 67.1165313720703 66.937614440918 66.6517639160156 66.5643157958984 66.3766098022461 66.265625 66.1800918579102 65.9441452026367 65.6634063720703 65.5971832275391
75.9300689697266 77.2268447875977 78.2917633056641 80.0794448852539 76.8673934936523 76.0043792724609 74.3893890380859 73.8867034912109 73.5107192993164 73.242561340332 73.1957702636719 73.3930130004883 73.2293090820312 72.7624588012695 74.535400390625 77.2757720947266 77.0757217407227 76.9383392333984 76.6317672729492 76.0136032104492 75.5737457275391 75.4116744995117 75.1763381958008 73.3060607910156 72.6545944213867 70.9785308837891 69.6970672607422 69.2339706420898 68.9862213134766 68.9253311157227 68.9292373657227 68.549919128418 68.4417114257812 68.3315887451172 68.130744934082 68.0711059570312 68.0144958496094 67.8337478637695 67.5621871948242 67.4693222045898 67.3853302001953 67.1885147094727 66.8016662597656 66.6021499633789 66.4149627685547 66.3641052246094 66.2198791503906 66.0456085205078 65.7389678955078 65.7766418457031
75.220817565918 76.0448608398438 78.6437072753906 79.9995269775391 76.5251235961914 75.7730178833008 74.6492538452148 74.0069122314453 73.6914443969727 73.6544876098633 73.3175735473633 73.477653503418 73.5410461425781 73.0110168457031 73.4465179443359 75.022087097168 75.3258361816406 74.9509201049805 75.0657196044922 75.8277816772461 75.4730606079102 75.0577545166016 75.6875076293945 74.9780426025391 74.8698196411133 70.9228744506836 69.6775283813477 69.3558807373047 69.2179107666016 69.122184753418 69.1008071899414 68.8686752319336 68.7580490112305 68.415771484375 68.3545837402344 68.372917175293 68.2391891479492 67.8942947387695 67.7867584228516 67.6951141357422 67.5232009887695 67.26025390625 66.9223785400391 66.6827850341797 66.4741363525391 66.3658676147461 66.1055603027344 66.0959701538086 65.7638397216797 65.722412109375
75.2860107421875 75.9636688232422 78.5429382324219 77.2972106933594 75.4217376708984 74.8191070556641 74.5358276367188 74.03369140625 73.9966430664062 74.2439575195312 73.5782012939453 73.5855026245117 73.6616439819336 73.2535171508789 72.9249267578125 72.8702697753906 72.9016571044922 72.899299621582 73.8939437866211 75.2428283691406 74.2463073730469 73.3912048339844 74.8633728027344 75.7703475952148 75.9603881835938 72.1206893920898 69.6388626098633 69.5236206054688 69.5471038818359 69.4516067504883 69.2208786010742 69.0648193359375 68.9303588867188 68.5273895263672 68.5701446533203 68.4768829345703 68.3337249755859 68.0254898071289 67.8971939086914 67.8193817138672 67.4643020629883 67.1500015258789 66.9316101074219 66.6804656982422 66.5241622924805 66.324836730957 66.1454925537109 66.0845184326172 65.8348922729492 65.7270812988281
75.6716232299805 76.4675674438477 78.7939987182617 75.411491394043 75.0951766967773 74.7509613037109 74.4214859008789 74.2372589111328 74.6078033447266 75.1064682006836 74.8500747680664 73.8594970703125 73.8894729614258 73.3926391601562 73.4501953125 73.5526504516602 72.6400146484375 72.827033996582 73.2098693847656 73.5728378295898 73.5524444580078 72.2482757568359 74.341682434082 75.026741027832 72.3348007202148 70.2197113037109 70.1700897216797 70.0897521972656 69.8766555786133 69.5059509277344 69.0802917480469 68.938117980957 -9999 68.7878112792969 68.7192764282227 68.4555816650391 68.2728652954102 68.1396865844727 67.7643356323242 67.6660842895508 67.3772811889648 67.1349334716797 66.9450531005859 66.7877502441406 66.6728591918945 66.5481643676758 66.4428634643555 66.2838668823242 66.0397644042969 65.9657440185547
76.3807678222656 75.8824081420898 77.8191070556641 76.6144943237305 75.2979431152344 74.8366851806641 74.5445556640625 74.5631408691406 75.3112640380859 76.8376617431641 77.1060638427734 74.1429290771484 73.8120880126953 73.3332214355469 73.7637252807617 74.4084091186523 73.1289825439453 72.5579605102539 72.4064865112305 72.2143249511719 72.6058578491211 -9999 74.5113220214844 74.389274597168 70.9835433959961 70.3260879516602 70.3472290039062 70.2684097290039 69.9696197509766 69.5843658447266 69.2632522583008 69.1682891845703 69.0305099487305 68.8236389160156 68.7050476074219 68.5390701293945 68.2290267944336 68.0965881347656 67.8339385986328 67.6889495849609 67.3894729614258 67.2701873779297 67.1213607788086 66.9221572875977 66.6982650756836 66.6143112182617 66.5112991333008 66.4197082519531 66.1655426025391 66.053581237793
76.8443603515625 76.2169723510742 77.0791244506836 79.552734375 77.1730728149414 74.9392395019531 74.7084732055664 74.8114242553711 75.8733978271484 78.2236404418945 78.4217529296875 75.1007843017578 73.738151550293 73.4005508422852 73.5160217285156 74.3162841796875 74.0404663085938 72.7306747436523 72.2250671386719 -9999 71.868293762207 -9999 74.8472213745117 73.4834060668945 70.6659698486328 70.5174789428711 70.4854888916016 70.2500152587891 69.8949508666992 69.5767974853516 69.4161605834961 69.1744995117188 69.002571105957 68.7726135253906 68.7402191162109 68.6300659179688 68.2507858276367 68.0432815551758 67.8894424438477 67.6210784912109 67.4011154174805 67.3143844604492 67.2367248535156 66.9957733154297 66.7736968994141 66.7121047973633 66.5326614379883 66.4662322998047 66.2494735717773 66.1342239379883
76.642448425293 76.9581909179688 77.3693313598633 81.0833282470703 79.6669998168945 76.2285842895508 75.0906600952148 75.7876510620117 76.2720794677734 77.4640426635742 78.9907760620117 76.5243988037109 73.6347427368164 73.4559173583984 73.7117004394531 74.6372680664062 74.4069976806641 72.8807907104492 72.4819717407227 72.1426773071289 -9999 -9999 72.9378509521484 71.7450561523438 70.9223709106445 70.7125091552734 70.58984375 70.1905975341797 69.8853073120117 69.5764617919922 -9999 69.1114196777344 69.0337753295898 -9999 68.6382141113281 68.6472396850586 68.3539733886719 68.0444488525391 67.8195266723633 67.5709381103516 67.4300231933594 67.2685317993164 67.2358627319336 67.026237487793 66.8542785644531 66.7715606689453 66.6367721557617 66.5625991821289 66.2746200561523 66.2101211547852
77.5244216918945 76.7203979492188 77.0114440917969 81.0887603759766 79.9537582397461 76.3423767089844 76.5541381835938 79.0108032226562 79.367561340332 77.7831726074219 76.6407699584961 76.0120620727539 74.7456436157227 73.3298950195312 73.8508377075195 74.9234619140625 74.3523864746094 73.8753662109375 72.7608795166016 72.1094207763672 -9999 -9999 71.4416732788086 71.2303314208984 71.0684204101562 70.7020034790039 70.5746383666992 70.2566375732422 70.0118637084961 69.8484191894531 -9999 69.4001541137695 69.2848892211914 -9999 -9999 68.6110305786133 -9999 68.1269607543945 67.8662261962891 67.6219482421875 67.5148010253906 67.3061752319336 67.2437515258789 67.118278503418 66.8776473999023 66.760498046875 66.6938552856445 66.576416015625 66.2716293334961 66.2091598510742
79.3608627319336 76.7204055786133 76.8841781616211 79.9558486938477 78.6571502685547 76.0809783935547 78.721305847168 81.3876953125 82.5649185180664 80.2283630371094 75.8734817504883 74.6212692260742 74.7266082763672 73.3876419067383 73.5690078735352 74.2777786254883 74.8337783813477 75.3258056640625 73.7519302368164 72.0869827270508 71.7983169555664 71.6856231689453 71.607780456543 71.3996810913086 71.0714797973633 70.6906890869141 70.5614395141602 70.2868576049805 70.1667022705078 70.0412750244141 69.7258071899414 69.6667861938477 69.3711242675781 68.9554977416992 68.7474594116211 68.6127853393555 68.3958358764648 68.1902542114258 67.9972305297852 67.7779083251953 67.6083145141602 67.4026947021484 67.3678817749023 67.3018646240234 67.0511703491211 66.8184814453125 66.7069549560547 66.6565933227539 66.3720474243164 66.2883682250977
80.0884170532227 77.4909057617188 77.5354537963867 78.5333709716797 77.4913635253906 76.4490585327148 79.7973480224609 82.1864318847656 83.361457824707 80.7201614379883 76.8117904663086 74.3687286376953 74.0155868530273 73.577392578125 73.4678268432617 74.2262115478516 75.419548034668 74.9881210327148 73.7053909301758 72.1905822753906 71.8549194335938 71.6558837890625 71.6861877441406 71.4871368408203 71.2193222045898 70.7518005371094 70.5810394287109 70.2509994506836 70.1605758666992 69.9481430053711 69.7432098388672 69.7355651855469 69.4906768798828 68.9484405517578 68.7581481933594 68.6236114501953 68.4063186645508 68.1764755249023 68.0851287841797 67.9341430664062 67.7018508911133 67.4924163818359 67.4348678588867 67.3603973388672 67.1818161010742 66.8799591064453 66.7245407104492 66.7433776855469 66.6733322143555 66.4708023071289
79.5008850097656 77.9029235839844 77.8114318847656 78.3060073852539 77.9914474487305 79.0232315063477 79.552734375 81.7495727539062 82.0740356445312 78.5311737060547 75.3672561645508 74.3669281005859 74.1024627685547 73.6044998168945 73.3298492431641 74.2736740112305 75.1006698608398 73.4886016845703 72.7945556640625 72.2067413330078 71.8103408813477 71.6030960083008 71.6180801391602 71.5601043701172 71.2186584472656 70.7239990234375 70.5963897705078 70.4488296508789 70.1060791015625 69.936393737793 69.6496353149414 69.5683135986328 69.6195297241211 69.1285858154297 68.8757019042969 68.6702346801758 68.5602264404297 68.3255004882812 68.1754837036133 68.0177154541016 67.8308181762695 67.6874313354492 67.4731597900391 67.3556900024414 -9999 -9999 66.9800338745117 66.9600524902344 66.6218948364258 66.4808807373047
