rcp4.5models/GFDL_CM3/sc1gr6.22
NCOLS 261 
NROWS 433 
XLLCORNER 336357.134 
YLLCORNER 654653.479 
CELLSIZE 1000 
NODATA_value -3.4e+38 
[rows 352 to 373 of 433, columns 98 to 146 of 261]
3402.34545898438 3362.79174804688 3247.25830078125 3182.07934570312 3388.47827148438 3470.01123046875 3375.41552734375 3352.85913085938 3308.3134765625 3165.52514648438 3120.3955078125 3136.70556640625 3124.19677734375 3086.171875 3082.63549804688 3010.25927734375 2929.611328125 2864.6806640625 2786.7939453125 2720.07299804688 2609.24633789062 -3.4e+38 2378.8154296875 2215.02880859375 2140.208984375 2064.71850585938 2091.28735351562 2204.87353515625 2302.58666992188 2332.41723632812 2295.53930664062 2242.46142578125 2219.59619140625 2198.85522460938 2185.017578125 2166.8798828125 2143.22241210938 2107.99462890625 2092.96313476562 2073.89379882812 2051.1318359375 2031.50451660156 2010.59545898438 -3.4e+38 -3.4e+38 1966.01391601562 1936.21923828125 1921.22790527344 1854.154296875
3425.76025390625 3406.76513671875 3350.77294921875 3115.1318359375 3266.431640625 3407.80078125 3284.59130859375 3186.18188476562 3238.4794921875 3215.03149414062 3123.79809570312 3045.60498046875 3033.88647460938 3035.07446289062 3005.173828125 3027.85498046875 3012.56494140625 2931.36206054688 2814.08129882812 2728.98779296875 2730.09765625 2772.724609375 2670.62890625 2477.93994140625 2373.28466796875 2252.00805664062 2248.40502929688 2276.69897460938 2300.759765625 2320.80932617188 2331.30419921875 2264.29516601562 2220.35864257812 2204.3369140625 2175.79663085938 2159.7822265625 2141.55493164062 2104.75341796875 2088.61181640625 2067.02221679688 2046.40649414062 2027.99304199219 -3.4e+38 -3.4e+38 -3.4e+38 1960.92370605469 1943.02087402344 1928.9931640625 1859.41857910156
3394.1533203125 3421.07641601562 3465.232421875 3230.01049804688 3186.4716796875 3206.7724609375 3256.48193359375 3206.6708984375 3163.32739257812 3208.07153320312 3213.90991210938 3127.95190429688 3035.04321289062 2972.33740234375 2911.6962890625 2924.53002929688 2960.22241210938 2937.04272460938 2824.33081054688 2757.76171875 2784.80493164062 2763.89184570312 2715.28686523438 2661.48608398438 2574.27905273438 2483.3916015625 2472.49584960938 2473.19580078125 2424.77734375 2384.1943359375 2374.67553710938 2318.1962890625 2265.01782226562 2229.28833007812 2171.35375976562 2152.0234375 2138.25732421875 2117.49926757812 2091.35595703125 2072.99194335938 2050.15869140625 2025.09777832031 -3.4e+38 1987.04235839844 1975.31079101562 1972.46655273438 1965.82238769531 1935.09069824219 1847.76147460938
3309.06127929688 3354.26293945312 3450.59350585938 3330.9638671875 3186.82275390625 3074.45776367188 3177.61743164062 3277.80078125 3258.9345703125 3158.07275390625 3105.12963867188 3125.96044921875 3120.78271484375 3056.18798828125 2884.22802734375 2847.02368164062 2832.96435546875 2873.93286132812 2882.4794921875 2828.98364257812 2767.83862304688 2682.41088867188 2674.09594726562 2676.44580078125 2612.36572265625 2581.298828125 2514.84301757812 2508.49536132812 2450.88720703125 2390.24243164062 2365.16845703125 2329.31176757812 2287.86743164062 2229.36279296875 2175.44848632812 2153.07080078125 2137.50927734375 2114.73657226562 2088.52026367188 2076.98681640625 2055.57397460938 2032.8466796875 2011.57543945312 1995.0693359375 1992.77685546875 1988.70263671875 1975.35388183594 1940.04467773438 1842.52001953125
3270.41674804688 3223.87426757812 3269.9462890625 3343.47680664062 3233.34423828125 3066.84448242188 3041.51000976562 3117.45190429688 3231.65600585938 3195.6611328125 3036.43505859375 2920.50903320312 2982.2353515625 3094.3203125 2925.87182617188 2844.77270507812 2782.81274414062 2792.1005859375 2816.509765625 2780.94995117188 2700.53955078125 2648.94091796875 2626.62744140625 2600.99340820312 2549.15991210938 2526.5986328125 2503.201171875 2456.83422851562 2398.32958984375 2352.578125 2306.08203125 2258.99731445312 2261.5244140625 2235.65014648438 2191.75708007812 2161.01245117188 2143.9091796875 2105.36547851562 2083.08374023438 2067.90869140625 2048.771484375 2032.57666015625 2016.38464355469 2007.47424316406 1998.013671875 1971.66369628906 1946.92321777344 1917.94775390625 1847.29052734375
3317.23510742188 3225.37280273438 3179.48461914062 3309.28686523438 3228.11254882812 3133.76220703125 3153.400390625 3093.71264648438 3058.68872070312 3151.171875 3126.7236328125 3003.83813476562 2996.73876953125 3070.51733398438 2984.33032226562 2874.48217773438 2825.67700195312 2806.4384765625 2772.9150390625 2729.83447265625 2674.23559570312 2629.35693359375 2581.57275390625 2539.08984375 2497.4365234375 2465.34765625 2480.04370117188 2447.96044921875 2416.7353515625 2364.38500976562 2287.96044921875 2238.81323242188 2232.0517578125 2236.8466796875 2216.92724609375 2178.57080078125 2149.61059570312 2120.71435546875 2084.310546875 2060.87084960938 2041.28833007812 2022.5693359375 2007.13525390625 1996.14624023438 1977.67407226562 1946.49145507812 1916.76428222656 1892.8544921875 1855.04614257812
3379.36743164062 3262.12182617188 3167.21484375 3154.29565429688 3123.23364257812 3114.67724609375 3164.98095703125 3079.01635742188 2949.2578125 3009.88012695312 3054.56860351562 3102.56494140625 3143.85424804688 3082.64697265625 2983.03466796875 2889.02294921875 2835.296875 2802.470703125 2775.06689453125 2752.59375 2716.73657226562 2640.14306640625 2547.74047851562 2526.45263671875 2514.99072265625 2494.71411132812 2509.19482421875 2486.53149414062 2456.98095703125 2380.86450195312 2301.21118164062 2279.80029296875 2258.30786132812 2235.83203125 2217.80688476562 2180.291015625 2159.19262695312 2128.5908203125 2087.7900390625 2063.11645507812 2041.71301269531 2019.5400390625 1998.1103515625 1978.47961425781 1957.06164550781 1933.62536621094 1907.78381347656 1882.091796875 1849.11755371094
3368.42919921875 3301.18359375 3211.93359375 3071.58935546875 3059.76440429688 3016.666015625 3048.22216796875 3073.57739257812 2993.26635742188 2951.81372070312 2914.04077148438 2970.71655273438 3079.04296875 3066.80615234375 2957.92529296875 2879.93603515625 2831.25390625 2781.73950195312 2763.44458007812 2781.97680664062 2744.03393554688 2634.05493164062 2541.9462890625 2530.4736328125 2525.39672851562 2537.97900390625 2519.89501953125 2488.94897460938 2448.43701171875 2378.09765625 2304.54150390625 2297.75634765625 2300.31372070312 2254.13989257812 2219.41748046875 2189.46630859375 2166.76489257812 2116.13012695312 2086.7158203125 2065.921875 1991.49108886719 1927.03149414062 1953.01501464844 1889.73315429688 1858.61547851562 1861.45642089844 1772.29504394531 1742.56213378906 1708.21484375
3416.74853515625 3365.30688476562 3341.68237304688 3263.54760742188 3159.10400390625 3062.3779296875 2984.82470703125 3043.94116210938 3089.74755859375 3033.37548828125 2999.5625 2977.52197265625 2946.7958984375 2873.29174804688 2857.23217773438 2822.92700195312 2793.8740234375 2726.15551757812 2667.93579101562 2619.9541015625 2585.67041015625 2553.4921875 2583.92749023438 2608.57275390625 2553.73681640625 2485.72998046875 2439.951171875 2430.3388671875 2415.18310546875 2375.984375 2294.55004882812 2280.45776367188 2301.55688476562 2266.10205078125 2227.59838867188 2185.6572265625 2145.12426757812 2066.38452148438 1967.31079101562 1876.61218261719 1827.48950195312 1759.60229492188 1711.02270507812 1674.28063964844 1644.28454589844 1612.75183105469 1579.02697753906 1551.66296386719 1509.39306640625
3416.50561523438 3398.21923828125 3306.83837890625 3315.74682617188 3305.94482421875 3234.73950195312 3131.0625 3058.99609375 3003.00830078125 3019.15405273438 3060.18188476562 3066.77612304688 3060.33520507812 2983.84130859375 2928.07958984375 2877.75708007812 2870.71948242188 2820.6904296875 2718.57006835938 2650.482421875 2622.14086914062 2587.09985351562 2582.9873046875 2587.32568359375 2586.728515625 2545.77001953125 2460.76342773438 2427.64477539062 2401.52856445312 2382.07983398438 2333.734375 2249.04321289062 2232.20141601562 2242.55908203125 2207.0224609375 2192.21264648438 2166.45141601562 2094.7548828125 2024.34851074219 1941.58386230469 1873.47521972656 1775.06103515625 1719.14404296875 1687.21728515625 1661.49353027344 1617.30297851562 1576.12231445312 1542.03149414062 1488.07727050781
3435.27172851562 3398.87866210938 3350.89477539062 3284.3642578125 3298.4033203125 3327.06909179688 3271.62060546875 3182.91137695312 3109.20703125 3110.70336914062 3138.51293945312 3141.79516601562 3108.91162109375 3071.75244140625 3008.04370117188 2948.02709960938 2906.79296875 2881.58764648438 2768.10302734375 2680.83935546875 2657.32763671875 2624.58984375 2603.52905273438 2589.33813476562 2572.46655273438 2535.76586914062 2494.3935546875 2451.65844726562 2389.85229492188 2315.17626953125 2289.07373046875 2228.49169921875 2157.78637695312 2179.08129882812 2169.19921875 2172.27221679688 2155.85668945312 2105.70043945312 2069.66162109375 1998.14587402344 1879.70007324219 1779.80444335938 1718.88098144531 1709.66357421875 1686.52966308594 1611.05310058594 1575.24194335938 1542.56628417969 1480.34594726562
3461.61303710938 3409.93603515625 3347.12670898438 3311.98315429688 3280.97509765625 3280.94213867188 3232.66870117188 3224.78955078125 3217.46752929688 3166.17822265625 3117.2724609375 3120.64111328125 3106.87084960938 3072.62573242188 2992.580078125 2937.162109375 2894.43603515625 2881.982421875 2798.71459960938 2699.4345703125 2649.38134765625 2635.76440429688 2613.98266601562 2605.70776367188 2574.51098632812 2515.61865234375 2487.76489257812 2447.97705078125 2355.89965820312 2245.07690429688 2190.1943359375 2161.05078125 2100.04248046875 2099.6337890625 2141.76831054688 2160.85083007812 2148.8681640625 2097.07006835938 2027.01086425781 1947.80969238281 1863.927734375 1765.10107421875 1713.96179199219 1705.2236328125 1671.02526855469 1590.52172851562 1558.36926269531 1532.99194335938 1467.97399902344
3438.8623046875 3422.7578125 3365.43481445312 3328.3330078125 3284.0234375 3207.53271484375 3192.83374023438 3204.56079101562 3187.2275390625 3169.14526367188 3128.84985351562 3077.72216796875 3045.88745117188 3015.0146484375 2969.39770507812 2952.31713867188 2918.62231445312 2883.13208007812 2821.92138671875 2732.97827148438 2650.41967773438 2612.6337890625 2591.79711914062 2605.0595703125 2601.7080078125 2558.93725585938 2489.85864257812 2457.97534179688 2386.11279296875 2274.02368164062 2169.47680664062 2109.64990234375 2043.83288574219 2028.13903808594 2049.478515625 2095.62768554688 2142.29931640625 2105.08520507812 1979.14978027344 1841.50952148438 1820.29821777344 1756.64318847656 1705.32922363281 1674.20007324219 1626.43334960938 1575.0673828125 1537.12133789062 1508.69799804688 1448.43225097656
3417.76782226562 3405.58959960938 3391.01831054688 3330.16186523438 3292.39282226562 3198.53857421875 3163.48779296875 3191.37768554688 3165.2294921875 3100.30493164062 3101.91967773438 3097.544921875 3043.98779296875 2989.72680664062 2922.30712890625 2918.712890625 2911.71142578125 2878.85766601562 2830.09399414062 2756.56201171875 2660.43286132812 2604.009765625 2597.734375 2588.92065429688 2580.8662109375 2564.12036132812 2506.14721679688 2474.18627929688 2432.966796875 2319.109375 2192.43896484375 2132.86547851562 2047.01611328125 1989.896484375 1951.46911621094 1962.91638183594 2027.63061523438 2045.40954589844 1906.01135253906 1755.78869628906 1756.27734375 1743.625 1679.68200683594 1645.697265625 1595.99169921875 1557.02685546875 1516.15661621094 1484.50537109375 1428.99890136719
3406.8681640625 3395.177734375 3345.09741210938 3320.10131835938 3310.32641601562 3234.39794921875 3138.68823242188 3136.38208007812 3150.53735351562 3105.49731445312 3104.78344726562 3118.21166992188 3080.853515625 3028.97802734375 2903.07836914062 2876.30615234375 2876.90258789062 2860.04736328125 2833.07373046875 2768.61499023438 2664.4619140625 2609.71484375 2599.95166015625 2566.52294921875 2540.68896484375 2519.65454101562 2473.11450195312 2439.07543945312 2389.80053710938 2299.41333007812 2222.09985351562 2173.9521484375 2077.9169921875 1995.57421875 1931.25256347656 1890.76696777344 1892.08984375 1932.20617675781 1820.65466308594 1728.40551757812 1709.009765625 1690.13439941406 1644.29309082031 1612.19201660156 1576.75244140625 1539.42248535156 1495.18530273438 1466.380859375 1413.52258300781
3391.13989257812 3378.84423828125 3333.720703125 3109.306640625 3182.02807617188 3228.01000976562 3181.24462890625 3165.34545898438 3164.85913085938 3156.10864257812 3132.34985351562 3095.91186523438 3062.900390625 3044.83325195312 2916.3173828125 2860.2626953125 2835.23486328125 2830.71337890625 2829.99560546875 2781.09497070312 2694.09912109375 2640.8662109375 2601 2540.51440429688 2497.55590820312 2465.68139648438 2421.51538085938 2383.97290039062 2326.68505859375 2274.12255859375 2221.24389648438 2174.34033203125 2092.12036132812 2024.57934570312 1956.0068359375 1881.40014648438 1848.39331054688 1822.94287109375 1762.55151367188 1708.78210449219 1674.35131835938 1642.37817382812 1611.54211425781 1582.60168457031 1552.28161621094 1517.25769042969 1479.66552734375 1446.96240234375 1407.39306640625
3378.78076171875 3323.37182617188 3313.02954101562 3102.421875 3082.58227539062 3067.84204101562 3001.3857421875 2984.33520507812 3016.79760742188 3041.4267578125 3061.75927734375 3079.38354492188 3064.95825195312 3043.84130859375 2946.7314453125 2880.75610351562 2835.24072265625 2811.95971679688 2792.38525390625 2771.08569335938 2734.615234375 2699.84301757812 2649.60717773438 2577.07592773438 2505.763671875 2440.27416992188 2357.37817382812 2319.94799804688 2290.94506835938 2258.97729492188 2212.15185546875 2164.25366210938 2086.18334960938 2047.58752441406 1983.02416992188 1884.564453125 1839.67700195312 1755.03698730469 1721.4091796875 1688.39514160156 1655.87585449219 1622.39294433594 1587.82568359375 1561.13366699219 1528.54809570312 1492.67211914062 1460.89526367188 1429.14965820312 1404.03186035156
3363.419921875 3225.51977539062 3148.89868164062 3238.658203125 3180.89477539062 3036.32055664062 2816.20239257812 2686.87939453125 2683.52319335938 2742.13647460938 2779.57958984375 2805.89721679688 2902.42163085938 2959.0966796875 2951.63647460938 2928.869140625 2888.02563476562 2834.890625 2781.30517578125 2757.6318359375 2733.17749023438 2709.5341796875 2679.03271484375 2625.31567382812 2551.07080078125 2477.52026367188 2318.75415039062 2273.03100585938 2248.37915039062 2226.40063476562 2193.90356445312 2145.73754882812 2077.08129882812 2051.14965820312 1989.82897949219 1897.68298339844 1872.84216308594 1763.29528808594 1715.55456542969 1676.51452636719 1641.12719726562 1608.93981933594 1571.10803222656 1540.10290527344 1512.38488769531 1480.49560546875 -3.4e+38 1416.19970703125 1398.85375976562
3351.685546875 3199.07739257812 3042.96166992188 3173.95336914062 3230.42602539062 3180.24291992188 3022.46020507812 2821.30444335938 2612.36840820312 2552.17797851562 2546.15063476562 2522.1435546875 2587.22241210938 2628.81005859375 2807.85131835938 2864.48046875 2872.587890625 2854.25756835938 2826.84594726562 2791.64233398438 2747.57397460938 2698.15991210938 2663.04833984375 2640.73754882812 2580.6884765625 2502.72143554688 2333.41235351562 2292.03955078125 2252.24658203125 2201.537109375 2149.63061523438 2104.11767578125 2052.609375 2036.93371582031 2003.935546875 1931.11145019531 1910.28137207031 1775.08154296875 1715.96081542969 1671.47607421875 1629.74768066406 1595.27368164062 1557.74877929688 1521.95471191406 1493.99328613281 1467.7138671875 -3.4e+38 1404.88647460938 1385.00964355469
3321.07885742188 3297.50561523438 3246.44360351562 2956.64501953125 2894.91137695312 3099.19189453125 3167.07543945312 3153.3212890625 3125.81127929688 3088.77368164062 3056.35888671875 3023.70971679688 2945.42041015625 2770.0419921875 2469.642578125 2334.80200195312 2360.8291015625 2481.32153320312 2575.9521484375 2602.173828125 2663.23120117188 2741.42260742188 2715.19311523438 2676.01318359375 2640.74243164062 2601.84887695312 2494.49829101562 2435.80541992188 2388.51977539062 2369.04711914062 2292.189453125 2181.35473632812 2067.02319335938 1969.72668457031 1931.08520507812 1888.8076171875 1847.77551269531 1818.67651367188 1797.78100585938 1695.45153808594 1621.36511230469 1577.58483886719 1536.61743164062 1510.55798339844 1479.22668457031 1442.53308105469 1411.662109375 -3.4e+38 1349.47265625
3307.21533203125 3295.97729492188 3272.8447265625 3115.31323242188 3028.89575195312 3070.87060546875 3062.17553710938 3056.51245117188 3105.470703125 3118.50708007812 3096.791015625 3073.42578125 3047.35961914062 2996.47143554688 2778.42236328125 2533.404296875 2396.72119140625 2366.75048828125 2368.04638671875 2377.9697265625 2508.24072265625 2695.55908203125 2688.93823242188 2613.17456054688 2594.36694335938 2601.58374023438 2482.1279296875 2476.69970703125 2477.69799804688 2465.57348632812 2408.50268554688 2315.46655273438 2196.21264648438 2086.587890625 1998.16003417969 1877.02514648438 1805.87683105469 1876.70434570312 1909.55200195312 1778.03686523438 1622.95837402344 1563.34252929688 1528.54870605469 1501.38342285156 1466.34326171875 1431.09094238281 -3.4e+38 -3.4e+38 -3.4e+38
3297.25024414062 3277.62768554688 3252.25073242188 3220.76953125 3171.849609375 3092.64819335938 3005.64282226562 2957.94458007812 3001.13500976562 3074.37060546875 3089.35107421875 3065.603515625 3045.13134765625 3023.033203125 2882.57763671875 2747.75854492188 2605.41918945312 2493.32885742188 2379.35717773438 2340.90161132812 2376.15966796875 2408.97924804688 2400.66918945312 2355.93041992188 2391.056640625 2417.84912109375 2293.65161132812 2344.31372070312 2341.01953125 2361.14501953125 2410.40234375 2390.92797851562 2334.16577148438 2274.59692382812 2174.86010742188 1953.83020019531 1760.66589355469 1954.27856445312 2032.45812988281 1881.5556640625 1654.68896484375 1554.46667480469 1514.34692382812 1483.12463378906 1447.31713867188 1414.77709960938 1392.66162109375 -3.4e+38 -3.4e+38
