rcp4.5models/GFDL_CM3/sc1gr7.37
NCOLS 261 
NROWS 433 
XLLCORNER 336357.134 
YLLCORNER 654653.479 
CELLSIZE 1000 
NODATA_value -3.4e+38 
[rows 198 to 219 of 433, columns 147 to 195 of 261]
83.8138809204102 83.9084930419922 83.9319763183594 -3.4e+38 -3.4e+38 -3.4e+38 84.2507171630859 84.2406921386719 84.2730941772461 84.3262481689453 84.3097915649414 84.5475082397461 84.5377960205078 84.5449829101562 84.6215515136719 84.6695785522461 84.7878952026367 84.9375305175781 85.0187530517578 85.1995468139648 85.3285140991211 85.4774475097656 85.6980895996094 85.8923110961914 86.0796508789062 86.1963424682617 86.3388748168945 86.400260925293 86.5629196166992 86.7876281738281 86.9323959350586 87.0980224609375 87.2756576538086 87.6082000732422 87.7397537231445 87.8985443115234 88.0610961914062 88.2481155395508 88.4601364135742 88.7664184570312 88.866828918457 88.8945693969727 89.1308212280273 89.4210968017578 89.5603485107422 89.8324508666992 89.9026794433594 90.0962905883789 90.2928466796875
83.883171081543 83.9027328491211 -3.4e+38 -3.4e+38 -3.4e+38 84.1994171142578 84.271354675293 84.3120040893555 84.3551254272461 84.3689727783203 84.3863067626953 84.62109375 84.6265640258789 84.6479949951172 84.7763519287109 84.8893203735352 85.0295486450195 85.1689682006836 85.2856750488281 85.4657135009766 85.6078872680664 85.711067199707 85.9006195068359 86.0314483642578 86.156623840332 86.3041839599609 86.5271530151367 86.5781097412109 86.7606430053711 86.946647644043 87.1578140258789 87.3051986694336 87.3985824584961 87.7142715454102 87.9190673828125 88.1006011962891 88.2117080688477 88.4011383056641 88.6983642578125 88.9633178710938 89.1102447509766 89.1626892089844 89.4077987670898 89.5897064208984 89.7570343017578 90.0059661865234 90.1570892333984 90.3495254516602 90.53662109375
83.8742294311523 -3.4e+38 -3.4e+38 -3.4e+38 -3.4e+38 84.3204193115234 84.3623352050781 84.3990020751953 84.4981918334961 84.3415832519531 84.4247436523438 84.6633911132812 84.7288513183594 84.7433624267578 84.825439453125 84.9611740112305 85.1932067871094 85.4067230224609 85.4728698730469 85.5492401123047 85.7203750610352 85.8458480834961 86.0319061279297 86.1548309326172 86.293830871582 86.4712524414062 86.6173553466797 86.7264175415039 86.9284439086914 87.1044921875 87.3440246582031 87.4520721435547 87.5335464477539 87.8834381103516 88.1238708496094 88.2874145507812 88.4078750610352 88.6219635009766 88.8292694091797 89.0595092773438 89.283935546875 89.4205627441406 89.5890274047852 89.7389450073242 89.9648056030273 90.1989898681641 90.3660736083984 90.5762176513672 90.7705764770508
83.8845672607422 -3.4e+38 -3.4e+38 -3.4e+38 84.4719543457031 84.6298904418945 84.6166763305664 84.5545349121094 84.7143249511719 84.465446472168 84.5799560546875 84.6962127685547 84.8071670532227 84.8591079711914 84.9374847412109 85.0813064575195 85.3110427856445 85.4910125732422 85.5338439941406 85.6461639404297 85.8125228881836 85.9896850585938 86.170051574707 86.3315200805664 86.4676055908203 86.6313552856445 86.6957550048828 86.8561477661133 87.0426864624023 87.2965698242188 87.5008010864258 87.6187744140625 87.7956924438477 88.1375122070312 88.3069000244141 88.4248504638672 88.6005935668945 88.8809814453125 89.0001602172852 89.1695709228516 89.3525924682617 89.5836715698242 89.7230377197266 -3.4e+38 90.153190612793 90.3398284912109 90.54638671875 90.7234497070312 90.9410247802734
84.0278015136719 84.0750045776367 -3.4e+38 -3.4e+38 84.5033874511719 84.7547760009766 84.7219696044922 84.6968841552734 84.8149108886719 84.6616287231445 84.6714782714844 84.7467193603516 84.839729309082 84.9434204101562 85.0966873168945 85.3341751098633 85.4082183837891 85.5425415039062 85.6736450195312 85.7567672729492 85.956901550293 86.1061096191406 86.3676834106445 86.5332565307617 86.6241073608398 86.7189254760742 86.8296813964844 87.0518341064453 87.2691421508789 87.4602584838867 87.5815963745117 87.7021102905273 87.9384307861328 -3.4e+38 88.4422836303711 88.5950469970703 88.740104675293 88.9650726318359 89.1827697753906 89.379264831543 89.5266494750977 89.730339050293 89.9116668701172 90.1005554199219 90.3161926269531 90.4562683105469 90.7025604248047 90.9332122802734 91.1349105834961
84.113410949707 84.1412658691406 84.1622009277344 -3.4e+38 84.4338302612305 84.6285705566406 -3.4e+38 -3.4e+38 84.7855606079102 84.7054672241211 84.6937789916992 84.8348236083984 84.8893661499023 85.0626754760742 85.2356796264648 85.4280166625977 85.4380722045898 85.5769424438477 85.7542953491211 85.8348846435547 86.0593032836914 86.1281509399414 86.4550552368164 86.6872711181641 86.7738723754883 86.8530502319336 87.010368347168 87.2320861816406 87.436393737793 87.5888824462891 87.6825714111328 -3.4e+38 88.0982437133789 88.4369430541992 88.5624237060547 88.7331314086914 88.9338684082031 89.1383209228516 89.3265609741211 89.5084381103516 89.7124786376953 89.8920516967773 90.0417327880859 90.2564239501953 90.4231033325195 90.6831283569336 90.8732299804688 91.1612091064453 91.3550338745117
84.1465148925781 84.2087707519531 84.1386108398438 -3.4e+38 84.4559707641602 84.6066436767578 84.7674102783203 -3.4e+38 84.8444976806641 84.8008499145508 84.8304443359375 85.041389465332 85.0939407348633 85.220817565918 85.352668762207 85.4579315185547 85.5831146240234 85.7004470825195 85.8435821533203 85.9833374023438 86.1595001220703 86.2552795410156 86.5387191772461 86.7496185302734 86.8635559082031 87.0255279541016 87.154655456543 87.366096496582 87.5600051879883 87.7913131713867 87.8884124755859 88.0599365234375 88.2728805541992 88.6282577514648 88.7139739990234 88.967399597168 89.216796875 89.3772354125977 89.519775390625 89.6432342529297 89.8620529174805 90.1085662841797 90.2654266357422 90.4697875976562 90.6091918945312 90.9111251831055 91.0964202880859 91.3102722167969 91.4976272583008
84.1885070800781 84.2369689941406 84.2045211791992 84.3048324584961 84.5811080932617 84.7664184570312 -3.4e+38 84.8417587280273 84.9701843261719 84.9787445068359 85.0091934204102 85.1902542114258 85.2874298095703 85.3965835571289 85.4943542480469 85.6408157348633 85.7894287109375 85.9081878662109 86.0037994384766 86.1461181640625 86.2560806274414 86.338508605957 86.7343063354492 86.9281005859375 87.0699310302734 87.2228012084961 87.2935485839844 87.543342590332 87.7683181762695 87.9537582397461 88.0526123046875 -3.4e+38 88.3644790649414 88.7972793579102 88.8895568847656 89.1433181762695 89.3683929443359 89.5279159545898 89.7301406860352 89.8744430541992 90.0657577514648 90.3159713745117 90.5286865234375 90.6621398925781 90.7618026733398 91.0491180419922 91.2396850585938 91.4585037231445 91.6234817504883
84.1753540039062 84.2674942016602 84.3056564331055 84.4236297607422 84.7510452270508 84.9744033813477 85.0259399414062 85.0814971923828 85.1781921386719 85.0332794189453 85.0287780761719 85.2449111938477 85.3377380371094 85.5745315551758 85.6646041870117 85.7861480712891 85.9090194702148 86.0870895385742 86.1951522827148 86.3296737670898 86.4307327270508 86.4570465087891 86.8980255126953 87.1075820922852 87.2252502441406 87.3996963500977 87.5299682617188 87.7515487670898 87.9121170043945 88.0363388061523 88.1849136352539 88.4176788330078 88.5404510498047 88.9268112182617 89.1019744873047 89.2614517211914 89.4593887329102 89.6765823364258 89.9362182617188 90.1364669799805 90.2716293334961 90.4504470825195 90.722785949707 90.8052520751953 90.8830490112305 91.2491760253906 91.3630294799805 91.5353927612305 91.7615509033203
84.226936340332 84.3214111328125 84.3846664428711 84.4686584472656 84.7395706176758 84.9695510864258 85.0112075805664 85.1328582763672 85.1865844726562 85.1398544311523 85.1540908813477 85.3367004394531 85.4353332519531 85.562629699707 85.6819839477539 85.7904281616211 85.9638290405273 86.1429138183594 86.2798461914062 86.3833160400391 86.5675964355469 86.6643829345703 87.1193008422852 87.2677154541016 87.3300628662109 87.4760131835938 87.6408996582031 87.8628692626953 88.0679626464844 88.2305297851562 88.4145889282227 88.5810623168945 88.7373657226562 89.0728302001953 89.2992630004883 89.4352035522461 89.6139984130859 89.817985534668 90.0373458862305 90.272087097168 90.4310302734375 90.6007995605469 90.8345336914062 90.8793792724609 90.9997329711914 91.3850555419922 91.569938659668 91.6886672973633 91.8879241943359
84.4210586547852 84.4042587280273 84.4964370727539 84.7070083618164 84.9143600463867 84.9073715209961 85.2270202636719 85.6054153442383 85.3773345947266 85.2201919555664 85.2529144287109 85.4766235351562 85.5853042602539 85.6737518310547 85.8431549072266 86.0115356445312 86.1827239990234 86.2877197265625 86.4392395019531 86.5702438354492 86.6952743530273 86.9029312133789 87.2646102905273 87.4457015991211 87.5509414672852 87.7273025512695 87.9508514404297 88.1242599487305 88.3811416625977 88.5347595214844 88.6828155517578 88.9015274047852 89.0877380371094 89.3185882568359 89.5092239379883 89.7536010742188 89.9917755126953 90.1315307617188 90.3995819091797 90.5236282348633 90.7033615112305 90.845588684082 90.9828491210938 91.1500015258789 91.3598861694336 91.7390289306641 91.8564376831055 92.0374298095703 92.180778503418
84.5306625366211 84.5806579589844 84.6724243164062 84.7446060180664 84.9459609985352 85.0546951293945 85.4152526855469 85.7802505493164 85.358772277832 85.3432922363281 85.3210983276367 85.5474014282227 85.663444519043 85.7960433959961 -3.4e+38 86.1449279785156 86.2297134399414 86.3039855957031 86.4896621704102 86.6980438232422 86.8418273925781 87.0006790161133 87.3892669677734 87.5313110351562 87.6553039550781 87.8483657836914 88.0873031616211 88.2709045410156 88.4616394042969 88.6279525756836 88.8794097900391 89.0553436279297 -3.4e+38 89.5260391235352 89.6983489990234 89.905632019043 90.109260559082 90.284782409668 90.5537338256836 90.737419128418 90.9042663574219 91.0426864624023 91.1549606323242 91.3194885253906 91.5413208007812 91.8491439819336 91.9962844848633 92.192497253418 92.3336334228516
84.6025695800781 84.6832504272461 84.766975402832 84.8452758789062 84.9712905883789 85.0725479125977 85.4559478759766 85.7061996459961 85.2792892456055 85.3135528564453 85.2987518310547 85.5809936523438 85.7678985595703 85.9237060546875 86.0747299194336 -3.4e+38 86.2540817260742 86.4355850219727 86.5616836547852 86.7864074707031 87.0459594726562 87.1840744018555 87.4736557006836 87.6077041625977 87.8131332397461 88.0814208984375 88.2563552856445 88.4415664672852 88.5521469116211 88.7530822753906 89.0195159912109 -3.4e+38 -3.4e+38 89.6750259399414 89.8812026977539 90.0536193847656 90.1963729858398 90.4685668945312 90.6952438354492 90.8867263793945 91.0725173950195 91.1784286499023 91.3054351806641 91.4737548828125 91.645881652832 92.0472412109375 92.1457672119141 92.2966079711914 92.5203170776367
84.6460342407227 84.6271896362305 84.6736831665039 84.851432800293 85.0433959960938 85.142219543457 85.411247253418 85.4231033325195 85.1878433227539 85.2856140136719 85.3194198608398 85.6262512207031 85.7851333618164 85.9434509277344 86.156005859375 -3.4e+38 86.437744140625 86.7141342163086 86.8096771240234 86.9754638671875 87.1822967529297 87.2852935791016 87.6556701660156 87.7901992797852 87.9775695800781 88.2411651611328 88.4486541748047 -3.4e+38 88.7302322387695 88.9590911865234 89.1128463745117 -3.4e+38 89.4483795166016 89.8943710327148 90.0696792602539 90.2363357543945 90.4263305664062 90.6658248901367 90.8224258422852 90.9334259033203 91.0760726928711 91.2385330200195 91.4330062866211 91.6068115234375 91.7929382324219 92.194221496582 92.3280715942383 92.4727401733398 92.7060623168945
84.6796340942383 84.6117248535156 84.6724243164062 84.8198394775391 85.0095977783203 85.1801834106445 85.4085693359375 85.329231262207 85.3063201904297 85.3377227783203 85.4498901367188 85.6391677856445 -3.4e+38 -3.4e+38 -3.4e+38 -3.4e+38 86.6436614990234 86.896240234375 87.0040283203125 87.1235580444336 87.2276992797852 87.3192520141602 87.738899230957 88.0021743774414 88.1837387084961 88.3194274902344 -3.4e+38 88.7107315063477 88.9059677124023 -3.4e+38 89.2214279174805 89.4418182373047 89.6142501831055 90.0578460693359 90.2262115478516 90.4133834838867 90.6565475463867 90.8459167480469 90.9725875854492 91.0158538818359 91.1889724731445 91.3718643188477 91.568717956543 91.8141479492188 -3.4e+38 -3.4e+38 92.5095672607422 92.6561813354492 92.8363037109375
-3.4e+38 84.7041320800781 84.7167282104492 84.7978057861328 84.9658508300781 85.1981964111328 85.4399871826172 85.4468460083008 85.3482360839844 85.3460464477539 85.5575637817383 85.7072296142578 -3.4e+38 -3.4e+38 -3.4e+38 -3.4e+38 86.7162399291992 86.867073059082 87.0429840087891 87.163330078125 87.285285949707 87.4852600097656 87.9305114746094 88.1595916748047 88.3270950317383 88.441520690918 -3.4e+38 88.8548355102539 88.983039855957 89.17626953125 89.4365081787109 89.6442031860352 89.7408981323242 90.1608734130859 90.4204330444336 90.5751647949219 90.7738494873047 90.984733581543 91.1021118164062 91.1433792114258 91.3696594238281 91.5684967041016 91.7311477661133 91.9532318115234 -3.4e+38 92.5185012817383 92.6712341308594 92.8084182739258 93.0181045532227
84.7482986450195 84.7462768554688 84.800537109375 84.8770065307617 84.9542465209961 85.2208404541016 85.5194091796875 85.5923004150391 85.4072341918945 85.410270690918 85.5594863891602 -3.4e+38 -3.4e+38 -3.4e+38 -3.4e+38 -3.4e+38 86.7616806030273 86.9005508422852 87.0844879150391 87.2591552734375 87.4286727905273 87.6070404052734 88.1208343505859 88.1970291137695 88.4080581665039 88.562744140625 88.8012847900391 89.0431518554688 89.1389541625977 89.3378219604492 89.6240310668945 89.8212814331055 89.9016189575195 90.3359680175781 90.5924072265625 90.7668380737305 90.9306716918945 91.0823516845703 91.1756744384766 91.2924957275391 91.5101165771484 91.7422485351562 91.8932647705078 92.0732803344727 -3.4e+38 92.6901092529297 92.8341751098633 92.9792251586914 93.168083190918
84.8564529418945 84.8910369873047 84.8879241943359 84.9073181152344 84.9907379150391 85.3497772216797 85.6640701293945 85.576774597168 85.4897766113281 85.5195846557617 85.6712799072266 86.090934753418 86.2481460571289 -3.4e+38 -3.4e+38 86.6542587280273 86.7919769287109 87.0018615722656 87.1393280029297 87.4212036132812 87.6200714111328 87.775634765625 88.193115234375 88.3154220581055 88.5333480834961 88.6999588012695 88.9577789306641 89.1585388183594 89.3359680175781 89.4966812133789 89.7160034179688 89.9317092895508 90.1064071655273 90.498664855957 90.761474609375 90.9476852416992 91.0698013305664 91.2046585083008 91.3287353515625 91.4835052490234 91.6785659790039 91.8874740600586 91.9989318847656 92.2120819091797 -3.4e+38 92.845085144043 92.9942932128906 93.1072998046875 93.2907028198242
85.1145782470703 85.118782043457 85.0417022705078 84.9943008422852 85.1093063354492 85.5940628051758 85.9850921630859 85.5865325927734 85.6062927246094 85.6814117431641 85.8282012939453 -3.4e+38 -3.4e+38 -3.4e+38 86.6220397949219 86.6962661743164 86.8913040161133 87.122200012207 87.3350601196289 87.6288909912109 87.8091278076172 87.9505462646484 88.3545913696289 88.5085372924805 88.6995010375977 88.9003295898438 89.088981628418 89.2554397583008 89.4851913452148 89.6818695068359 89.8366546630859 90.0681762695312 90.2397613525391 90.6480484008789 90.8833694458008 91.0389862060547 91.1660919189453 91.3424301147461 91.5122451782227 91.6972961425781 91.8052520751953 91.9723129272461 92.0879669189453 92.3034439086914 92.5902481079102 92.9637985229492 93.0687942504883 93.2600708007812 93.4678497314453
85.1818923950195 85.2508316040039 85.2363586425781 85.2542266845703 85.3094863891602 85.5775680541992 85.9506072998047 85.7427291870117 85.8739547729492 85.9345550537109 -3.4e+38 86.2259979248047 86.3403625488281 86.5672912597656 86.7311859130859 86.8058013916016 87.0598602294922 87.3003387451172 87.5404510498047 87.7276077270508 87.9403457641602 88.0457305908203 88.4796524047852 -3.4e+38 88.8530883789062 89.0508193969727 89.2026138305664 89.4065322875977 89.6486282348633 89.8740539550781 90.0642776489258 90.2540130615234 90.3417663574219 90.8181610107422 90.9819641113281 91.1281356811523 91.2953414916992 91.4688110351562 91.6574172973633 91.8449554443359 91.9257125854492 92.1425094604492 92.2989883422852 92.5126342773438 92.7391738891602 93.0756607055664 93.2514877319336 93.4213409423828 93.6294860839844
85.1920394897461 85.2693634033203 85.2937088012695 85.3701858520508 85.4893569946289 85.6039886474609 85.8394088745117 85.8710708618164 86.0212249755859 86.1159286499023 86.1858444213867 86.3820037841797 86.5170211791992 86.7106781005859 86.9212493896484 87.0412216186523 87.2966537475586 87.5246276855469 87.6527709960938 87.8167572021484 -3.4e+38 88.2256774902344 88.5799713134766 88.848747253418 88.9912414550781 89.1562194824219 -3.4e+38 89.5083694458008 89.7712020874023 90.1629409790039 90.7852783203125 91.4323043823242 91.447509765625 90.9847030639648 91.1189117431641 91.2633438110352 91.4625930786133 91.6764602661133 91.8668594360352 91.9855270385742 92.1090698242188 92.2837524414062 92.5263366699219 92.698844909668 92.8364334106445 93.2178039550781 93.4688186645508 93.6088104248047 93.8157348632812
85.1726150512695 85.2217102050781 85.3145141601562 85.4288177490234 85.6032257080078 85.8208389282227 85.9484252929688 85.9545593261719 86.080436706543 86.2007369995117 86.2540130615234 86.6005935668945 86.7774124145508 86.950065612793 87.0781326293945 87.273681640625 87.5140609741211 87.6419525146484 87.7793426513672 88.007194519043 88.1998138427734 88.3862380981445 88.7537002563477 88.9119873046875 89.1182556152344 89.3296051025391 89.4811706542969 89.6671524047852 89.9171524047852 90.2986679077148 90.8464508056641 91.5888366699219 91.8702774047852 91.1205062866211 91.2534942626953 91.4384384155273 91.6577987670898 91.874641418457 92.0161209106445 92.1390838623047 92.3112411499023 92.4224624633789 92.596565246582 92.7991714477539 93.0287780761719 93.3613433837891 93.6158294677734 93.7918243408203 93.9712677001953
