rcp4.5models/GFDL_CM3/sc1gr2.26
NCOLS 261 
NROWS 433 
XLLCORNER 336357.134 
YLLCORNER 654653.479 
CELLSIZE 1000 
NODATA_value -9999 
[rows 0 to 21 of 433, columns 50 to 99 of 261]
-9999 -9999 -9999 -9999 -9999 -9999 -9999 -9999 -9999 -9999 -9999 -9999 -9999 -9999 -9999 -9999 -9999 -9999 -9999 -9999 -9999 -9999 -9999 -9999 -9999 -9999 -9999 -9999 -9999 -9999 -9999 -9999 -9999 -9999 -9999 -9999 -9999 -9999 -9999 -9999 -9999 -9999 -9999 -9999 -9999 -9999 -9999 -9999 -9999 -9999
-9999 -9999 -9999 -9999 -9999 -9999 -9999 -9999 -9999 -9999 -9999 -9999 -9999 -9999 -9999 -9999 -9999 -9999 -9999 -9999 344.881591796875 344.859771728516 344.830993652344 345.574157714844 345.773712158203 345.745239257812 345.144073486328 345.539581298828 345.632232666016 345.604217529297 345.576324462891 -9999 -9999 -9999 -9999 -9999 -9999 -9999 -9999 -9999 -9999 -9999 -9999 -9999 -9999 -9999 -9999 -9999 -9999 -9999
-9999 -9999 -9999 -9999 -9999 -9999 -9999 -9999 -9999 -9999 -9999 -9999 -9999 -9999 -9999 -9999 -9999 -9999 -9999 344.918426513672 344.889190673828 345.423278808594 345.566680908203 345.1748046875 345.04345703125 345.017303466797 344.774200439453 345.485168457031 344.913391113281 344.887573242188 345.446746826172 345.548034667969 -9999 -9999 -9999 -9999 -9999 -9999 -9999 -9999 -9999 -9999 -9999 -9999 -9999 -9999 -9999 -9999 -9999 -9999
-9999 -9999 346.480285644531 346.460144042969 346.429321289062 346.398559570312 346.337310791016 346.306854248047 346.276153564453 345.55224609375 -9999 -9999 345.866119384766 345.410034179688 345.096069335938 345.066314697266 345.036651611328 345.721008300781 345.199035644531 344.918853759766 344.889709472656 345.626342773438 345.831726074219 345.026062011719 345.345184326172 345.473022460938 345.442077636719 345.632690429688 345.349975585938 345.319519042969 345.524322509766 345.547546386719 -9999 -9999 -9999 -9999 -9999 -9999 -9999 -9999 -9999 -9999 -9999 -9999 -9999 -9999 -9999 -9999 -9999 -9999
346.555816650391 346.524597167969 346.493133544922 346.461944580078 345.907623291016 345.614532470703 345.558929443359 345.53125 345.503601074219 345.316711425781 345.379577636719 345.255340576172 345.325744628906 345.194183349609 345.096801757812 345.066986083984 345.037231445312 345.166870117188 345.012115478516 344.919311523438 344.890075683594 345.063110351562 345.097534179688 344.862121582031 345.558868408203 345.745330810547 345.716644287109 345.688110351562 344.913513183594 345.472778320312 345.574829101562 345.546722412109 345.518524169922 -9999 -9999 -9999 -9999 -9999 -9999 -9999 -9999 -9999 -9999 -9999 -9999 -9999 -9999 -9999 -9999 -9999
346.557678222656 346.5263671875 346.495147705078 345.940979003906 344.978240966797 344.616943359375 344.561126708984 345.067901611328 344.742309570312 345.017028808594 345.218292236328 345.18798828125 345.157775878906 345.127655029297 345.09765625 345.067749023438 345.037902832031 344.419616699219 -9999 344.919586181641 -9999 344.861022949219 344.831878662109 344.231048583984 344.832061767578 345.018402099609 345.570129394531 345.107391357422 345.214996337891 345.550994873047 345.573944091797 345.545776367188 345.517669677734 -9999 -9999 -9999 -9999 -9999 -9999 -9999 -9999 -9999 -9999 -9999 -9999 -9999 -9999 -9999 -9999 -9999
346.559844970703 346.008026123047 345.180908203125 344.745758056641 344.504943847656 344.403686523438 344.341857910156 344.466033935547 344.349212646484 344.411193847656 344.451873779297 344.424255371094 344.396697998047 344.369201660156 344.893676757812 345.068298339844 345.038360595703 344.041961669922 -9999 -9999 -9999 -9999 344.831665039062 -9999 344.716369628906 344.744506835938 344.357360839844 344.601043701172 345.44677734375 345.601257324219 345.572875976562 344.952758789062 344.808563232422 344.533782958984 -9999 -9999 -9999 -9999 -9999 -9999 -9999 -9999 -9999 -9999 -9999 -9999 -9999 -9999 -9999 -9999
344.963836669922 344.804443359375 344.568878173828 344.467498779297 344.436279296875 344.405120849609 344.343078613281 344.312194824219 344.281402587891 344.250732421875 344.220153808594 344.189636230469 344.159240722656 344.128936767578 344.277374267578 344.315277099609 344.845733642578 343.795440673828 -9999 -9999 -9999 -9999 -9999 -9999 344.772857666016 344.743835449219 343.911895751953 344.494476318359 -9999 344.886016845703 344.859802246094 344.590972900391 344.515014648438 344.486846923828 -9999 -9999 -9999 -9999 -9999 -9999 -9999 -9999 -9999 -9999 -9999 -9999 -9999 -9999 -9999 -9999
344.563507080078 344.531890869141 344.500366210938 344.468933105469 344.437561035156 344.406311035156 344.344085693359 344.313110351562 344.2822265625 343.706909179688 344.001068115234 343.641296386719 343.398742675781 343.371063232422 343.343444824219 343.315887451172 343.474700927734 -9999 344.145141601562 344.7470703125 344.889556884766 344.288116455078 344.098175048828 344.0712890625 -9999 344.017761230469 343.767852783203 343.91162109375 -9999 -9999 344.570220947266 344.541778564453 344.513427734375 344.485168457031 344.45654296875 -9999 -9999 -9999 -9999 -9999 -9999 -9999 -9999 -9999 -9999 -9999 -9999 -9999 -9999 -9999
344.564971923828 344.533233642578 344.501617431641 344.470092773438 344.438629150391 344.407287597656 343.804962158203 343.539459228516 343.511291503906 343.318817138672 343.388793945312 343.256408691406 343.159851074219 343.129364013672 343.098968505859 343.068664550781 343.038452148438 -9999 343.206512451172 343.949188232422 -9999 -9999 343.829803466797 343.800384521484 -9999 -9999 343.712738037109 343.683715820312 -9999 343.884094238281 344.451171875 344.540069580078 344.511627197266 344.483306884766 344.455047607422 344.426361083984 -9999 -9999 -9999 -9999 -9999 -9999 -9999 -9999 -9999 -9999 -9999 -9999 -9999 -9999
344.038604736328 343.741485595703 343.712646484375 343.683898925781 342.970642089844 342.626586914062 342.412750244141 342.314422607422 342.283264160156 342.252197265625 342.221221923828 342.190368652344 342.159576416016 342.12890625 342.098297119141 342.816192626953 343.037475585938 -9999 342.946899414062 342.916931152344 342.887054443359 -9999 343.040405273438 343.069427490234 343.624572753906 343.739105224609 343.709808349609 343.680603027344 343.622528076172 343.593627929688 -9999 -9999 343.801940917969 343.775604248047 344.352966308594 344.422271728516 344.39404296875 -9999 -9999 -9999 -9999 -9999 -9999 -9999 -9999 -9999 -9999 -9999 -9999 -9999
343.635894775391 343.535919189453 343.503997802734 342.935028076172 342.5078125 342.408782958984 342.345764160156 342.314422607422 342.283172607422 342.251983642578 342.220947265625 342.189971923828 342.159118652344 342.128356933594 342.09765625 342.254241943359 342.288421630859 342.976013183594 342.945831298828 342.915771484375 -9999 -9999 -9999 342.796478271484 -9999 343.01416015625 343.574584960938 343.678771972656 342.906524658203 342.879821777344 343.450225830078 -9999 343.505157470703 343.4765625 343.706268310547 344.32763671875 344.391357421875 -9999 -9999 -9999 -9999 -9999 -9999 -9999 -9999 -9999 -9999 -9999 -9999 -9999
343.035675048828 342.743621826172 342.714599609375 342.539489746094 342.440551757812 341.865509033203 341.570526123047 342.091400146484 341.731323242188 341.484954833984 341.456573486328 341.428283691406 341.400054931641 341.933471679688 342.096801757812 342.066162109375 342.035583496094 342.232269287109 342.777923583984 -9999 -9999 -9999 342.824523925781 342.794769287109 -9999 -9999 342.9345703125 -9999 342.618286132812 342.589263916016 343.404083251953 -9999 -9999 -9999 343.445373535156 344.287322998047 344.388519287109 344.360198974609 -9999 -9999 -9999 -9999 -9999 -9999 -9999 -9999 -9999 -9999 -9999 -9999
342.6357421875 342.536499023438 342.504364013672 341.931243896484 341.657165527344 341.474761962891 341.34521484375 341.476776123047 341.347045898438 341.250915527344 341.219665527344 341.188537597656 341.718780517578 342.064331054688 341.530517578125 -9999 342.034332275391 341.400390625 -9999 -9999 342.882659912109 -9999 -9999 -9999 342.763122558594 342.733459472656 342.703918457031 342.674499511719 342.615905761719 342.586761474609 343.403778076172 -9999 -9999 -9999 -9999 343.677642822266 343.689788818359 343.663482666016 344.251678466797 -9999 -9999 -9999 -9999 -9999 -9999 -9999 -9999 -9999 -9999 -9999
342.568695068359 342.536407470703 342.504211425781 341.780853271484 341.440063476562 341.408142089844 341.344604492188 341.31298828125 341.281463623047 341.250030517578 341.218719482422 341.1875 341.336730957031 341.370666503906 -9999 -9999 -9999 341.029968261719 -9999 342.117919921875 342.146820068359 342.119171142578 341.874572753906 342.011138916016 342.036682128906 342.009338378906 342.573486328125 342.672058105469 342.613311767578 342.584075927734 342.802581787109 342.820037841797 -9999 -9999 -9999 -9999 343.298767089844 343.353790283203 343.600463867188 343.32861328125 -9999 -9999 -9999 -9999 -9999 -9999 -9999 -9999 -9999 -9999
342.568511962891 342.536071777344 341.960754394531 341.537261962891 341.439453125 341.407470703125 340.570220947266 340.541351318359 340.512542724609 341.042724609375 341.217529296875 341.186187744141 341.154998779297 -9999 -9999 341.061981201172 -9999 -9999 341.721923828125 341.908996582031 341.878692626953 341.848480224609 341.818389892578 341.788391113281 341.758483886719 341.728698730469 342.523345947266 342.669403076172 342.610534667969 342.581207275391 342.552032470703 342.522918701172 342.493896484375 342.464996337891 -9999 -9999 -9999 343.350311279297 343.321868896484 343.293548583984 -9999 -9999 -9999 -9999 -9999 -9999 -9999 -9999 -9999 -9999
-9999 -9999 -9999 -9999 340.656951904297 340.627777099609 339.787780761719 340.097503662109 340.279144287109 340.420196533203 340.454284667969 340.990112304688 -9999 -9999 341.091125488281 341.060150146484 341.029266357422 340.967803955078 341.722320556641 341.90673828125 341.293273925781 341.700469970703 341.81591796875 341.785858154297 341.755889892578 341.726013183594 342.52294921875 342.666564941406 342.607543945312 342.578155517578 342.548889160156 342.519683837891 342.490600585938 342.461608886719 342.432739257812 -9999 -9999 -9999 343.318115234375 343.289703369141 -9999 -9999 -9999 -9999 -9999 -9999 -9999 -9999 -9999 -9999
-9999 -9999 -9999 -9999 340.437774658203 339.852478027344 339.404846191406 339.476623535156 339.510803222656 340.044342041016 340.214416503906 -9999 -9999 -9999 340.517395019531 340.310241699219 -9999 340.386413574219 340.404083251953 340.434295654297 340.195373535156 341.502960205078 341.225128173828 341.057922363281 341.0302734375 341.596252441406 341.927001953125 341.947784423828 342.493835449219 342.574890136719 342.545532226562 342.516265869141 342.487121582031 342.458068847656 343.040435791016 343.364044189453 -9999 -9999 -9999 343.285705566406 343.22900390625 -9999 -9999 -9999 -9999 -9999 -9999 -9999 -9999 -9999
-9999 -9999 -9999 -9999 339.728210449219 339.467681884766 339.339721679688 339.307769775391 339.275909423828 339.418884277344 340.017791748047 -9999 340.903778076172 -9999 340.322418212891 340.630981445312 340.967254638672 340.018951416016 339.932250976562 339.901641845703 339.871124267578 340.276428222656 340.724426269531 340.780151367188 340.750030517578 340.951416015625 340.972503662109 340.945007324219 342.339050292969 341.364105224609 342.34033203125 342.512664794922 342.483428955078 342.454315185547 342.690765380859 343.315032958984 -9999 -9999 -9999 -9999 343.224670410156 343.196380615234 343.166900634766 -9999 -9999 -9999 -9999 -9999 -9999 -9999
-9999 -9999 -9999 -9999 -9999 338.845977783203 339.126892089844 339.305877685547 339.27392578125 339.242126464844 339.389404296875 -9999 339.578002929688 339.611511230469 -9999 340.825561523438 341.022155761719 -9999 340.082092285156 339.898742675781 339.868133544922 339.837646484375 340.620513916016 340.776977539062 340.746765136719 340.716705322266 340.686706542969 340.656799316406 341.799713134766 340.755950927734 342.257171630859 342.508880615234 341.869506835938 342.362884521484 342.421264648438 342.662200927734 343.287353515625 -9999 -9999 -9999 -9999 343.191833496094 343.16357421875 343.133972167969 -9999 -9999 -9999 -9999 -9999 -9999
-9999 -9999 -9999 -9999 -9999 -9999 338.5029296875 338.53564453125 339.072326660156 339.239807128906 339.2080078125 339.176300048828 -9999 339.113189697266 339.275085449219 339.500762939453 340.112030029297 340.373626708984 340.565826416016 340.629180908203 340.596038818359 341.153625488281 -9999 -9999 340.743316650391 340.713165283203 340.68310546875 340.653137207031 340.989196777344 340.605834960938 342.257690429688 341.895385742188 341.513793945312 341.710357666016 341.720367431641 341.693359375 342.558929443359 342.639617919922 343.234313964844 -9999 -9999 -9999 343.158721923828 343.762359619141 344.080902099609 -9999 -9999 -9999 -9999 -9999
-9999 -9999 -9999 -9999 -9999 -9999 -9999 -9999 -9999 -9999 -9999 339.171234130859 339.138946533203 -9999 -9999 339.625915527344 339.37451171875 339.95068359375 339.919677734375 339.888763427734 340.076721191406 -9999 340.941375732422 -9999 -9999 -9999 340.83447265625 340.645233154297 340.585327148438 340.555541992188 341.391998291016 342.367462158203 341.853302001953 341.473175048828 341.408020019531 341.378814697266 341.626190185547 341.351196289062 341.858367919922 342.516937255859 -9999 -9999 -9999 343.1201171875 343.091827392578 344.011169433594 -9999 -9999 -9999 -9999
