rcp4.5models/GFDL_CM3/sc1gr5.29
NCOLS 261 
NROWS 433 
XLLCORNER 336357.134 
YLLCORNER 654653.479 
CELLSIZE 1000 
NODATA_value -9999 
[rows 242 to 263 of 433, columns 100 to 149 of 261]
296.109466552734 295.139556884766 294.942810058594 294.787231445312 294.518341064453 -9999 293.425476074219 293.502471923828 292.992462158203 292.520263671875 292.160400390625 292.049743652344 291.093566894531 289.789031982422 284.731262207031 277.913482666016 276.678070068359 276.111022949219 275.625640869141 276.061859130859 277.680511474609 277.70849609375 277.133422851562 276.768463134766 283.863952636719 -9999 283.500823974609 283.407287597656 287.621124267578 286.837829589844 285.565032958984 286.554534912109 286.161285400391 284.941711425781 287.301879882812 283.630432128906 288.365081787109 289.637451171875 287.865295410156 282.268859863281 280.780517578125 288.239196777344 288.949859619141 289.974151611328 290.787078857422 290.729705810547 290.675689697266 289.426788330078 286.030731201172 280.884552001953
294.011383056641 295.324920654297 294.799957275391 294.469329833984 293.613250732422 293.430786132812 293.734954833984 293.533966064453 292.827972412109 292.403778076172 291.822418212891 291.001770019531 287.585632324219 285.898620605469 285.142761230469 276.987518310547 275.643463134766 275.011138916016 275.407318115234 276.182647705078 277.767486572266 277.670074462891 277.063354492188 278.985687255859 280.934631347656 283.737731933594 283.311279296875 281.123931884766 281.489837646484 276.082946777344 270.93896484375 271.272552490234 277.789001464844 284.846282958984 285.647705078125 278.482574462891 278.441314697266 288.141723632812 287.604370117188 280.915954589844 274.964416503906 282.317687988281 286.298706054688 289.657562255859 290.688262939453 290.705963134766 290.429534912109 289.272369384766 286.014526367188 282.108123779297
293.816314697266 294.770141601562 293.385467529297 294.407684326172 293.327514648438 293.027038574219 293.328063964844 293.377471923828 292.474792480469 291.901306152344 291.284423828125 290.355987548828 285.223754882812 283.029663085938 283.165313720703 271.825042724609 268.528167724609 268.787170410156 275.154632568359 276.816192626953 277.821105957031 277.236938476562 277.481689453125 279.881561279297 283.303070068359 284.926849365234 283.219177246094 279.520416259766 277.958038330078 275.617614746094 269.76220703125 263.921997070312 270.658233642578 282.584411621094 282.349578857422 276.226440429688 275.647399902344 287.834106445312 286.497863769531 279.86767578125 273.027648925781 278.580932617188 283.785430908203 288.707061767578 290.415374755859 290.658569335938 289.902618408203 288.696929931641 284.850006103516 281.4638671875
295.286376953125 293.143646240234 291.827850341797 294.042938232422 292.778015136719 292.496032714844 292.990661621094 292.960968017578 292.281463623047 292.051116943359 291.094909667969 290.051147460938 281.361541748047 281.808074951172 281.41650390625 264.508880615234 253.66748046875 256.667663574219 273.949005126953 277.027191162109 277.41552734375 275.942779541016 276.356842041016 279.846649169922 283.814056396484 284.185394287109 283.520080566406 280.292419433594 276.305358886719 271.31494140625 266.047271728516 260.765197753906 263.564239501953 273.764068603516 274.683715820312 274.319732666016 275.345458984375 284.125030517578 283.977294921875 279.092590332031 272.2734375 275.403656005859 282.585327148438 287.030334472656 290.078369140625 290.722473144531 289.468841552734 287.785430908203 283.065887451172 279.533935546875
295.117980957031 292.848815917969 292.552673339844 293.67529296875 292.559387207031 292.276733398438 292.902160644531 292.906890869141 292.619415283203 292.329284667969 291.395782470703 290.256408691406 277.094207763672 279.741943359375 282.838195800781 266.052001953125 243.816070556641 246.911926269531 270.380706787109 275.402618408203 276.349975585938 274.145965576172 274.499786376953 279.391784667969 281.380859375 282.050598144531 281.615295410156 277.349029541016 272.455291748047 262.161346435547 253.52766418457 251.302947998047 248.573974609375 251.848983764648 256.966278076172 270.311981201172 271.721801757812 278.133483886719 282.218994140625 279.530303955078 272.477355957031 274.005249023438 282.995178222656 287.902862548828 289.998168945312 290.631805419922 289.233825683594 287.967193603516 283.281585693359 277.996185302734
294.948333740234 294.019958496094 293.505004882812 293.354522705078 292.685913085938 292.063323974609 292.663879394531 292.867004394531 292.974395751953 292.528869628906 291.280578613281 289.996398925781 278.326446533203 280.485717773438 283.547546386719 267.149353027344 246.414657592773 255.233428955078 272.274169921875 274.929321289062 275.269256591797 274.001098632812 275.302734375 278.432373046875 278.916931152344 280.645477294922 280.73193359375 276.083343505859 269.882202148438 258.979766845703 250.759460449219 243.707336425781 234.621520996094 239.260864257812 248.106735229492 268.698852539062 271.639343261719 278.305297851562 281.719207763672 281.087921142578 273.714385986328 271.192138671875 281.101715087891 289.018676757812 289.803558349609 290.417602539062 289.269226074219 288.453948974609 284.795440673828 280.538421630859
295.034606933594 294.770874023438 294.071624755859 293.481994628906 292.978912353516 292.460876464844 292.410125732422 292.787933349609 293.226989746094 292.520477294922 291.299591064453 290.321075439453 285.813323974609 286.213897705078 285.944610595703 271.607452392578 253.373031616211 264.095764160156 274.703186035156 276.302368164062 275.796630859375 275.353820800781 277.040161132812 277.623229980469 279.60302734375 281.496978759766 282.020416259766 278.492279052734 268.349060058594 253.651092529297 246.865936279297 238.122116088867 234.003921508789 245.016799926758 253.676879882812 272.894500732422 276.56982421875 279.256530761719 279.155090332031 279.513763427734 274.698028564453 269.615539550781 279.012878417969 287.785217285156 288.999786376953 290.078704833984 289.450012207031 288.4453125 286.132171630859 284.435852050781
295.166107177734 291.572998046875 294.303680419922 294.139556884766 293.598663330078 292.924102783203 292.395477294922 293.297210693359 293.334777832031 292.64208984375 292.162139892578 291.567016601562 289.669128417969 290.052551269531 288.939788818359 278.595031738281 260.1220703125 262.263732910156 273.284759521484 276.460205078125 276.22705078125 275.552307128906 276.797882080078 277.274993896484 280.895202636719 282.266693115234 282.183776855469 277.709808349609 265.547729492188 251.316009521484 245.704559326172 240.070053100586 240.635040283203 255.224380493164 265.252532958984 275.028747558594 274.737396240234 275.522766113281 274.036712646484 273.676605224609 272.815185546875 269.330841064453 277.889526367188 286.435882568359 288.966461181641 289.730987548828 289.167144775391 288.286895751953 285.554534912109 282.353118896484
294.113586425781 287.414123535156 294.158996582031 294.336059570312 293.369110107422 292.298828125 292.177368164062 293.221649169922 293.372863769531 292.902893066406 292.352935791016 291.824340820312 289.595611572266 288.896179199219 287.445587158203 280.185729980469 268.497283935547 268.931213378906 274.880218505859 275.832611083984 275.030548095703 275.850524902344 278.042083740234 278.987609863281 281.855407714844 280.979064941406 278.311004638672 275.024261474609 266.389984130859 257.371398925781 253.23942565918 246.762481689453 244.742935180664 260.345397949219 268.359619140625 272.289855957031 269.912719726562 272.109436035156 270.878204345703 269.347137451172 269.863220214844 267.003051757812 276.748840332031 286.082336425781 287.933532714844 289.131042480469 288.286376953125 287.504089355469 284.959777832031 279.844665527344
294.569641113281 288.946655273438 293.857543945312 294.370422363281 293.089874267578 292.059997558594 292.835388183594 293.224304199219 293.351348876953 292.758605957031 291.648712158203 290.160858154297 290.592376708984 289.226531982422 286.824462890625 279.799560546875 273.851196289062 275.530700683594 276.514434814453 275.295135498047 273.224884033203 275.383331298828 277.735107421875 278.926696777344 281.052490234375 279.258483886719 272.686340332031 271.159942626953 267.319915771484 259.430206298828 250.977951049805 244.308197021484 246.415298461914 257.315856933594 259.229339599609 265.661254882812 264.180999755859 270.534210205078 269.790557861328 267.778381347656 268.568634033203 265.441101074219 275.732543945312 284.511688232422 285.142303466797 287.514282226562 287.425537109375 287.032287597656 286.55517578125 282.002655029297
295.886901855469 292.556030273438 293.681915283203 294.551452636719 293.175537109375 292.210754394531 293.453216552734 293.546569824219 293.423767089844 292.800750732422 291.376220703125 288.8310546875 291.049072265625 289.941131591797 286.082641601562 278.869995117188 272.661499023438 274.846160888672 276.142486572266 274.517974853516 272.006988525391 273.900085449219 276.698150634766 277.453155517578 280.586944580078 278.748016357422 271.1328125 267.526245117188 266.005065917969 258.502410888672 245.51123046875 237.792083740234 242.99006652832 247.27522277832 246.285339355469 258.089202880859 257.521240234375 266.061798095703 267.872131347656 268.231109619141 268.089294433594 266.164947509766 274.385345458984 282.224426269531 282.103546142578 285.3896484375 286.197418212891 286.9892578125 286.37646484375 282.1103515625
296.082061767578 294.354339599609 294.198394775391 294.562561035156 293.473297119141 292.988494873047 293.673004150391 293.461151123047 293.182250976562 292.781921386719 291.684753417969 289.222503662109 290.050598144531 288.238098144531 281.711212158203 276.147766113281 271.932891845703 274.507476806641 276.026245117188 273.327362060547 269.442993164062 273.243469238281 276.8291015625 277.814117431641 279.445495605469 279.600402832031 274.942047119141 268.777374267578 266.690490722656 257.264129638672 247.213714599609 235.797607421875 236.14208984375 234.683135986328 233.842956542969 250.457504272461 253.015701293945 260.862030029297 266.853668212891 268.009735107422 267.437286376953 269.004547119141 274.506927490234 283.718719482422 284.395111083984 286.165740966797 286.045715332031 286.048583984375 285.864685058594 281.124786376953
295.960479736328 295.018310546875 294.571838378906 -9999 293.831634521484 293.730804443359 293.728454589844 292.752593994141 292.246185302734 292.636657714844 292.049560546875 290.753723144531 288.841339111328 286.773254394531 279.717926025391 272.389007568359 272.918273925781 274.460144042969 276.33447265625 270.258178710938 262.197601318359 271.876739501953 277.429321289062 278.710418701172 279.215393066406 279.755645751953 277.741180419922 271.188842773438 268.739471435547 260.064056396484 255.955688476562 246.222534179688 240.104690551758 234.583862304688 231.297668457031 249.631469726562 255.068572998047 263.65576171875 266.668823242188 265.359161376953 267.331146240234 275.202606201172 279.398620605469 285.472290039062 286.020904541016 286.712890625 286.965911865234 285.990203857422 286.750701904297 283.586181640625
295.845825195312 295.771881103516 295.047576904297 -9999 294.289855957031 293.776092529297 293.148651123047 291.773895263672 290.94482421875 291.288909912109 291.353454589844 291.624877929688 287.792022705078 284.706024169922 283.566986083984 274.79248046875 265.298675537109 269.688690185547 274.717071533203 272.450592041016 267.124725341797 272.931854248047 277.662689208984 278.312469482422 278.481689453125 276.888732910156 278.538909912109 277.742980957031 274.348327636719 269.186187744141 264.638153076172 256.527740478516 249.502624511719 238.020706176758 229.027221679688 246.495376586914 259.183135986328 257.747528076172 248.759780883789 258.243774414062 274.931976318359 281.556488037109 280.271270751953 271.258056640625 270.147216796875 278.223907470703 282.320831298828 281.465545654297 282.625427246094 280.661926269531
295.587097167969 295.301879882812 294.809234619141 294.603363037109 294.08740234375 292.134094238281 290.444976806641 291.871978759766 290.397369384766 291.378692626953 291.457550048828 291.450775146484 287.425506591797 283.707397460938 283.895965576172 277.335388183594 266.563140869141 270.505798339844 274.977630615234 272.215301513672 266.885803222656 272.225524902344 277.592712402344 278.418090820312 277.347015380859 274.36669921875 276.850402832031 275.954528808594 272.392242431641 272.702484130859 265.724853515625 257.220672607422 249.624237060547 242.116912841797 232.454849243164 246.586288452148 256.731811523438 253.782363891602 253.181488037109 267.124786376953 279.786926269531 280.923889160156 275.704925537109 268.467407226562 267.991333007812 275.040069580078 281.283630371094 279.070251464844 281.848236083984 279.332214355469
295.436584472656 295.141876220703 294.877410888672 294.691101074219 294.250946044922 290.461090087891 287.261627197266 289.739044189453 286.321044921875 289.761474609375 291.568206787109 290.742218017578 289.623657226562 286.130340576172 283.239410400391 276.230010986328 265.940643310547 269.524993896484 273.965606689453 271.330200195312 266.161956787109 272.077392578125 278.022705078125 279.263916015625 277.499603271484 274.161193847656 276.176055908203 276.197143554688 272.144470214844 270.229339599609 266.183074951172 259.733428955078 251.354782104492 244.723037719727 235.325531005859 244.747207641602 252.511138916016 250.854064941406 261.460327148438 277.110748291016 280.034545898438 272.066528320312 266.923950195312 262.983978271484 266.21435546875 274.437622070312 279.305572509766 276.794158935547 278.777770996094 279.189666748047
295.101043701172 295.098754882812 294.859100341797 294.784729003906 294.384704589844 289.708099365234 282.587921142578 279.950408935547 277.338317871094 285.341644287109 290.951293945312 290.069244384766 288.221435546875 288.686096191406 283.000549316406 273.347534179688 260.628204345703 259.372619628906 266.204315185547 264.848937988281 258.111328125 268.225463867188 278.443481445312 278.952270507812 276.335998535156 274.471832275391 276.508972167969 276.528045654297 270.669250488281 263.664794921875 262.270172119141 255.233489990234 243.049270629883 235.284942626953 230.3291015625 243.565292358398 248.790130615234 248.757354736328 260.359527587891 274.178863525391 272.317657470703 257.868713378906 253.550308227539 258.048248291016 265.960235595703 271.732238769531 274.101348876953 274.284729003906 277.092590332031 279.098846435547
294.692962646484 294.896240234375 294.591369628906 294.269805908203 293.966156005859 291.408966064453 282.137573242188 269.539245605469 269.095855712891 282.663696289062 290.891693115234 290.251190185547 283.877044677734 284.581451416016 279.646026611328 273.181427001953 255.445037841797 243.306732177734 251.036148071289 253.416809082031 246.138595581055 262.700897216797 277.965026855469 278.715759277344 275.699340820312 274.617645263672 276.019287109375 274.384765625 266.72216796875 258.935760498047 258.896850585938 251.527465820312 236.787078857422 223.866790771484 220.133697509766 239.851608276367 242.30989074707 250.980514526367 261.576141357422 270.422668457031 266.171295166016 250.929122924805 245.781204223633 253.329483032227 256.969421386719 261.855590820312 267.745056152344 270.708831787109 275.163909912109 276.937927246094
294.483764648438 294.818878173828 294.581268310547 294.197143554688 293.494293212891 292.13037109375 283.018157958984 267.427581787109 269.247314453125 283.950744628906 291.075592041016 290.839782714844 283.744049072266 279.919952392578 272.179992675781 269.230133056641 256.956329345703 243.746078491211 248.898773193359 250.56135559082 247.552886962891 264.773803710938 277.324554443359 277.927703857422 276.190521240234 273.731384277344 272.639587402344 271.988800048828 265.339935302734 253.750183105469 250.947952270508 246.520538330078 237.290176391602 221.365234375 215.97087097168 232.822021484375 235.365264892578 247.491607666016 259.412719726562 269.519897460938 262.849212646484 248.727920532227 241.022735595703 243.101837158203 245.696166992188 252.823379516602 260.059722900391 263.604370117188 270.012786865234 274.12841796875
293.634643554688 294.658752441406 294.217834472656 293.991363525391 293.246368408203 291.632873535156 282.569427490234 269.906402587891 275.703247070312 287.725524902344 290.894165039062 290.930694580078 283.942810058594 278.195770263672 270.539672851562 263.364990234375 257.587860107422 252.188552856445 255.573303222656 257.592712402344 259.405792236328 272.899536132812 277.88427734375 277.919250488281 275.549438476562 271.286773681641 269.000244140625 268.942565917969 263.741241455078 249.310958862305 240.849319458008 238.558059692383 231.808090209961 219.474685668945 215.701690673828 222.602569580078 229.520217895508 245.039794921875 256.023223876953 264.384552001953 259.021728515625 242.642807006836 231.282180786133 229.490707397461 238.510391235352 250.983978271484 253.884536743164 257.843414306641 266.187469482422 276.403839111328
292.612518310547 294.317047119141 293.887176513672 293.678070068359 293.157501220703 292.328918457031 286.362976074219 275.512451171875 278.376770019531 288.496856689453 289.623291015625 290.144226074219 280.133453369141 276.711639404297 270.755279541016 263.122436523438 258.147308349609 258.226715087891 263.100677490234 267.305084228516 268.960906982422 277.844818115234 278.683868408203 278.524108886719 274.649444580078 268.824798583984 267.339569091797 266.646453857422 261.226226806641 250.516540527344 236.936676025391 231.631393432617 227.179428100586 218.627792358398 213.473159790039 213.566146850586 228.100814819336 245.714126586914 248.084243774414 252.514617919922 255.214508056641 241.259521484375 228.189117431641 222.337677001953 230.388122558594 243.878601074219 253.132308959961 263.093658447266 271.130554199219 281.412139892578
292.883880615234 293.829711914062 293.593139648438 293.406036376953 293.221801757812 292.733245849609 290.667297363281 281.363372802734 275.294708251953 284.695983886719 289.658020019531 289.581604003906 271.995056152344 269.849945068359 266.412933349609 262.303192138672 261.449035644531 261.857666015625 265.654388427734 272.206207275391 275.384552001953 278.522064208984 278.623474121094 278.054504394531 275.741668701172 267.798645019531 263.337280273438 261.879455566406 257.098266601562 250.888244628906 238.51496887207 230.709091186523 231.154571533203 225.058212280273 215.70671081543 205.036117553711 221.881210327148 235.020980834961 234.50569152832 241.255996704102 246.875991821289 238.524551391602 231.218765258789 226.644378662109 233.012344360352 243.654815673828 258.162567138672 268.997955322266 278.219055175781 282.140350341797
