rcp4.5models/GFDL_CM3/sc1gr10.6
NCOLS 261 
NROWS 433 
XLLCORNER 336357.134 
YLLCORNER 654653.479 
CELLSIZE 1000 
NODATA_value -9999 
[rows 396 to 417 of 433, columns 150 to 199 of 261]
530.1077437316 530.032933539275 528.84250100362 525.462111137622 521.943329671846 519.466848785891 515.408071079409 513.070859207306 512.602604878961 512.584981322823 513.655397173653 514.455649000353 517.455466018298 519.997348159362 518.946502270091 517.050265324493 516.859662184967 516.750359552677 519.048238577843 522.399670859864 525.259182494122 528.477095083782 526.849392259824 523.976576483 -9999 -9999 523.610828019949 524.321222752711 -9999 -9999 529.013253406564 531.515619262595 533.039418723146 535.123001038579 538.582634937224 540.369654970182 540.80866929997 542.546660819892 544.599169043697 546.501315717816 547.496543792237 547.35535481962 -9999 550.430333686238 550.930020331166 551.910774712618 553.53833178854 554.972958771756 557.296088502508 558.806840284557
526.330411733779 523.079047594987 524.459258573084 522.766151167595 517.104374190198 514.474545521983 512.676473272023 511.035921502696 510.149395449931 509.965587562951 511.641718419444 514.186542412232 515.632635247768 517.028550105327 515.394205997085 513.641482602999 513.54152768474 513.837014023829 516.881156127782 517.974211862382 521.621956217271 526.740162574749 528.937697024863 522.819248392091 521.786617980749 -9999 -9999 522.345828367833 -9999 -9999 526.99227431449 529.327283010407 530.662080980304 533.601596250691 536.360914482593 537.456466160956 537.748154928185 540.43685997611 542.486634886315 543.716264041668 545.365074052486 546.330546379386 -9999 -9999 549.88040751226 550.579667442708 551.329781705902 553.115556528407 554.778313972976 556.236932449454
523.448326940941 518.629685248681 519.182207008216 520.458353831594 517.045775429993 512.174170492682 509.091399621984 507.817112956009 508.432302501691 509.037819752749 508.919002678361 510.073621812265 509.767302268227 512.120870202924 512.094571933563 510.261914314912 510.207359572264 510.770315780178 513.900988093755 515.586512251563 519.522284206755 525.414009165932 528.681345089328 522.749810859246 521.012896406634 520.264407989644 520.949547835709 521.319399154168 521.797568444845 523.859463680047 524.729360887626 526.906298449819 528.909877357526 530.608227061679 532.819276946365 534.556162129099 535.263772224247 538.263655455074 539.497321568927 540.578910953705 542.57116110728 -9999 548.056334673101 547.095803185589 -9999 549.760527505833 550.287264318423 551.805219267747 552.577844281177 554.541712379641
519.525013127218 514.761791724215 513.313589464646 514.483953877483 514.76943821537 511.401581901488 507.626375000076 505.237553328504 505.932365412185 506.211328527078 504.683642936043 504.706417715237 504.629010386114 508.589596256267 510.296205078207 506.583463434251 507.096183969134 507.318577649845 509.524191229474 514.193909133327 518.559850438723 522.525732598612 525.139404901336 524.162797607418 521.181887749958 520.431272327062 520.846847143895 520.122113320328 519.32895970107 520.624084559444 523.541980728104 526.0525548415 526.693811322185 527.87640279936 530.210223385805 532.358276522421 533.140666865468 535.62863284455 537.287751446884 539.44384567405 540.298045051312 -9999 546.638482330236 547.005614703961 547.869719806454 548.147609884665 549.232847824363 550.762405533634 551.400682583978 552.830553916806
517.063429634751 511.503235281965 507.992334282483 507.643450885983 508.124520918633 509.181910070115 507.006197789849 502.877101471639 502.769221946202 503.507109024701 502.05405786177 -9999 -9999 504.15582118289 507.228651182926 503.815730488904 504.088784772189 504.383908748065 506.11472080334 512.510155463536 516.493163124478 518.860617648117 520.909897428526 522.602225794 521.739930803467 521.078011015188 519.320869336604 518.667884532191 517.630547460956 517.954507197524 521.722595417953 523.489062024459 524.608875980817 525.565729432814 527.484378724094 529.842988089556 530.982676016691 533.372917478666 536.123831167296 537.557009757178 538.411800085154 538.897910466205 544.554647198299 546.131041739714 546.643631404443 546.638835448266 548.243331408464 549.156911322689 550.356184346558 551.941504082625
513.079156119716 509.310706126604 506.021244061286 504.047192510122 503.340583925114 505.758140544869 503.972407658218 499.439495530556 499.24055700621 500.252467415163 499.280691319669 -9999 -9999 -9999 502.571329690733 501.442893674371 500.853553156008 502.10551629964 504.874713706024 510.858886013425 513.114588876425 514.498384398836 515.767376943847 518.813905477265 520.87753194324 519.113915217045 516.358475251054 516.133479095943 516.110916635332 516.579330266332 519.137221465735 520.248761074679 523.186412907688 524.057780579722 525.259206752867 527.443446351011 529.459898989806 531.424225482304 534.020729518637 534.922449687584 536.103739025353 537.407868235115 542.22538664345 543.998524681275 543.945002528194 545.539874651267 547.025142675851 547.58946085571 549.294637332835 550.620183590079
507.380227092945 506.067742106554 505.40502924469 501.724591569843 499.87990591581 502.299058343978 501.598082220846 497.281702211321 496.377131698824 496.966400500728 -9999 -9999 -9999 497.792907459048 498.834497935089 498.909054726585 499.003456701052 501.633683753616 504.33452601037 509.640690857717 509.931425788713 509.860608012644 512.012055489097 515.773335511846 518.021476269202 517.228325969498 515.298131195926 514.813479514365 515.26639404755 515.571865593797 517.370461852851 519.124960715455 521.309268469113 522.880883870983 524.211446832223 525.430146803844 527.46568812034 529.249418787794 531.67601444553 533.596401437262 -9999 535.19768807353 540.205931638798 541.82055953527 542.807760783944 544.266555384486 545.435394627009 546.805222573123 -9999 -9999
504.326335132395 501.879492894018 502.381911668668 498.186236534864 495.500452535963 497.551894082462 499.384437735027 496.891763991081 493.986454585435 494.710133027513 495.079043469995 494.895479711127 495.235815973603 495.464039788626 495.734228507889 496.910670464934 498.485966975335 501.204757333946 502.394060022591 507.072681681585 507.234470750662 506.988218728568 508.093724250004 511.329099352694 513.945550191737 515.626189632069 514.459072487356 515.631716062404 515.250086522796 515.145479841331 516.047296316709 518.006069573551 519.365508094338 521.272994169508 522.359382098937 524.098241249624 526.050622108575 527.490400957787 529.708771415747 531.645413391846 -9999 -9999 -9999 540.110177210974 -9999 -9999 -9999 -9999 -9999 -9999
500.546934855667 497.329215236869 496.60851244324 494.102416506218 490.777771877643 491.981749454268 494.95893161455 495.599481585188 492.886569525251 493.744766197539 492.769178250591 492.893069427406 493.082968235247 493.719339951403 494.20894278622 495.640975278102 497.49820106241 499.277827075068 499.123754138963 502.944275501455 504.67510605342 504.627770286999 505.853712534082 507.72841501475 510.892243284426 511.848400053842 513.333242302459 515.103620168697 514.711755703241 514.467697867585 515.619209604667 516.125908995394 517.935450174558 -9999 -9999 -9999 524.981161606887 -9999 528.313527487179 -9999 -9999 -9999 -9999 -9999 -9999 -9999 -9999 -9999 -9999 -9999
495.82592624991 492.43588862462 490.847828141807 489.683489858034 487.6884699453 487.930797833592 490.032807986022 492.563419463778 492.441761504555 493.730871216095 490.799812202751 490.549922549738 491.33307657018 492.176455105819 492.910855424661 494.508984960377 495.782415505402 497.67714668484 496.764729199261 499.459210206403 502.169523598724 502.371694127282 503.983341131904 505.90869453691 509.052476313003 507.947062929185 511.452777059971 513.097948217298 514.129633618365 513.246428886044 514.967992886219 514.888519391932 516.347315946762 -9999 -9999 -9999 523.493031339249 525.59958517797 527.808048917927 -9999 -9999 -9999 -9999 -9999 -9999 -9999 -9999 -9999 -9999 -9999
499.300327841073 496.539458007867 494.55500997054 487.774718530106 485.12786662403 482.748707654949 482.757574422883 484.028724006179 489.799492145949 490.340602851067 488.933190989787 488.022746408358 487.410332678909 488.366427557983 490.732883624682 490.91735944453 491.009266411404 492.202555338098 492.728554393523 495.991115940599 499.15871022828 499.264555663095 499.233518220305 499.778289135426 502.493265963163 505.604203051173 508.441062357007 507.922452052046 508.502771514361 509.687062396462 510.753663075721 513.287038076207 515.134427165538 -9999 -9999 -9999 -9999 -9999 -9999 -9999 -9999 -9999 -9999 -9999 -9999 -9999 -9999 -9999 -9999 -9999
498.517375716854 496.78532518398 496.785424439279 488.739045170828 485.481798384103 483.279431999955 481.991509293718 482.647488896609 487.466582599128 488.23144078706 486.310223630856 484.820074407629 485.734650528673 486.256999911983 488.143258675936 488.890635822762 489.647612987209 489.605274568307 490.705130429139 493.915800261917 498.023298133923 499.062773591025 497.794112475462 497.856649157715 500.091670922517 504.176743898819 505.151012218798 504.88246990454 505.929762312588 507.267101964188 510.190876396679 -9999 514.056058113068 -9999 -9999 -9999 -9999 -9999 -9999 -9999 -9999 -9999 -9999 -9999 -9999 -9999 -9999 -9999 -9999 -9999
494.060324182879 494.301318810858 493.527827878371 489.894459687833 485.998238681728 482.895707201489 481.012609540543 480.834820846988 484.870923004069 484.832954519661 485.161783464057 484.29941545547 484.889531868706 485.2518141015 486.575433769689 487.824910774923 488.10738723383 488.302794270458 489.917671536062 492.299293892505 496.028394713833 497.130216356347 496.76245804319 496.125010234167 498.178439248401 501.296794869965 501.335914955642 502.300388370214 504.388041418552 505.335774855496 510.281342094043 512.488444936372 -9999 -9999 -9999 -9999 -9999 -9999 -9999 -9999 -9999 -9999 -9999 -9999 -9999 -9999 -9999 -9999 -9999 -9999
488.769830191545 492.0456015655 488.172377157366 484.675884529612 483.310991824245 480.522991376542 478.933088021568 479.214503675147 482.000638442134 483.410419509772 484.377260913354 485.087277567762 485.6673676055 486.049884808638 486.807543076876 487.11867614475 487.868616079753 488.088539976722 489.506671787156 491.528986065126 493.89727102684 494.395099024683 495.958222888248 495.085888830242 496.214544030418 497.35711529476 498.678799963907 501.044690844345 503.308809571075 -9999 -9999 -9999 -9999 -9999 -9999 -9999 -9999 -9999 -9999 -9999 -9999 -9999 -9999 -9999 -9999 -9999 -9999 -9999 -9999 -9999
487.189015660112 487.597147170784 483.754419556165 480.186909206722 480.49997384127 478.957534113548 477.961890356153 477.952509032586 479.664337524102 482.054065502333 484.273834012691 486.081612248398 485.81485724599 484.940177566857 485.887325350911 486.398185675216 487.69951374351 487.69110940794 488.82757108151 491.440670699865 492.527105305979 493.196864965328 494.720349779574 494.569056375964 495.847844680881 496.390554900273 498.129238915243 -9999 -9999 -9999 -9999 -9999 -9999 -9999 -9999 -9999 -9999 -9999 -9999 -9999 -9999 -9999 -9999 -9999 -9999 -9999 -9999 -9999 -9999 -9999
486.284232614819 486.131796306122 483.462102122658 478.989941672447 478.613219076432 477.785361353453 477.54003593489 477.126835673954 478.587547740278 481.406803947614 483.525992415236 485.386268105921 485.29111756833 483.358760721883 483.835047552053 485.3445307299 486.37155436899 486.633649149818 487.530253025963 490.924116640313 491.757615299947 492.152018277265 493.039250276939 493.50583728368 -9999 -9999 -9999 -9999 -9999 -9999 -9999 -9999 -9999 -9999 -9999 -9999 -9999 -9999 -9999 -9999 -9999 -9999 -9999 -9999 -9999 -9999 -9999 -9999 -9999 -9999
484.694384838027 485.890528107908 484.496756328549 478.383387169764 477.550983120943 477.435908463392 476.880830548523 477.140259198724 479.079786528421 481.116996837026 481.705629137171 482.617781423941 484.291068740841 483.440500126884 483.861568564126 -9999 485.666627360757 486.315867831926 487.505749553325 -9999 -9999 -9999 -9999 -9999 -9999 -9999 -9999 -9999 -9999 -9999 -9999 -9999 -9999 -9999 -9999 -9999 -9999 -9999 -9999 -9999 -9999 -9999 -9999 -9999 -9999 -9999 -9999 -9999 -9999 -9999
484.675919608512 485.917287464041 486.325038834601 482.683023315968 479.871504704891 477.805222581598 476.887671260523 477.168374895116 -9999 479.995074223385 -9999 482.572019902961 483.733160609193 -9999 -9999 -9999 -9999 -9999 -9999 -9999 -9999 -9999 -9999 -9999 -9999 -9999 -9999 -9999 -9999 -9999 -9999 -9999 -9999 -9999 -9999 -9999 -9999 -9999 -9999 -9999 -9999 -9999 -9999 -9999 -9999 -9999 -9999 -9999 -9999 -9999
485.907144107359 485.25810278384 485.292340136182 484.51926045457 481.5976395054 479.08501959711 477.287490813916 -9999 479.658848569509 -9999 -9999 483.208760610702 -9999 -9999 -9999 -9999 -9999 -9999 -9999 -9999 -9999 -9999 -9999 -9999 -9999 -9999 -9999 -9999 -9999 -9999 -9999 -9999 -9999 -9999 -9999 -9999 -9999 -9999 -9999 -9999 -9999 -9999 -9999 -9999 -9999 -9999 -9999 -9999 -9999 -9999
488.122014962965 486.805860432531 483.460206530829 482.251411712622 -9999 480.073456225484 -9999 -9999 -9999 -9999 -9999 -9999 -9999 -9999 -9999 -9999 -9999 -9999 -9999 -9999 -9999 -9999 -9999 -9999 -9999 -9999 -9999 -9999 -9999 -9999 -9999 -9999 -9999 -9999 -9999 -9999 -9999 -9999 -9999 -9999 -9999 -9999 -9999 -9999 -9999 -9999 -9999 -9999 -9999 -9999
491.527394375514 489.303964887255 485.049688281261 483.654371264309 481.791670296792 -9999 -9999 -9999 -9999 -9999 -9999 -9999 -9999 -9999 -9999 -9999 -9999 -9999 -9999 -9999 -9999 -9999 -9999 -9999 -9999 -9999 -9999 -9999 -9999 -9999 -9999 -9999 -9999 -9999 -9999 -9999 -9999 -9999 -9999 -9999 -9999 -9999 -9999 -9999 -9999 -9999 -9999 -9999 -9999 -9999
492.580205118322 -9999 -9999 -9999 -9999 -9999 -9999 -9999 -9999 -9999 -9999 -9999 -9999 -9999 -9999 -9999 -9999 -9999 -9999 -9999 -9999 -9999 -9999 -9999 -9999 -9999 -9999 -9999 -9999 -9999 -9999 -9999 -9999 -9999 -9999 -9999 -9999 -9999 -9999 -9999 -9999 -9999 -9999 -9999 -9999 -9999 -9999 -9999 -9999 -9999
