rcp4.5models/GFDL_CM3/sc1gr21.27
NCOLS 261 
NROWS 433 
XLLCORNER 336357.134 
YLLCORNER 654653.479 
CELLSIZE 1000 
NODATA_value -9999 
[rows 184 to 206 of 433, columns 150 to 199 of 261]
11.9642667770386 14.4430541992188 28.181489944458 83.9042282104492 -9999 -9999 203.802673339844 183.171112060547 235.198486328125 485.053924560547 671.7841796875 485.618774414062 248.862503051758 252.398300170898 396.064880371094 428.672576904297 409.385986328125 376.664367675781 325.130828857422 306.219604492188 288.857299804688 251.168685913086 192.70100402832 102.588409423828 29.8111820220947 5.90168809890747 5.79355716705322 5.40140867233276 5.2065544128418 5.2065544128418 5.2065544128418 5.20655488967896 5.20655488967896 5.20661783218384 5.20921802520752 5.24109029769897 5.40266084671021 6.24968338012695 7.62101554870605 10.8797082901001 13.915018081665 14.8244094848633 14.8951950073242 14.8951950073242 14.8951959609985 14.8951950073242 14.9102554321289 15.0674018859863 16.0478210449219 16.1813182830811
14.219578742981 26.6918830871582 55.856861114502 86.8771362304688 -9999 -9999 224.057052612305 210.387008666992 293.350616455078 539.574157714844 793.007690429688 744.259216308594 506.183532714844 434.376617431641 586.935974121094 550.132629394531 433.001647949219 318.49072265625 278.301330566406 273.949859619141 271.321350097656 250.59797668457 194.173004150391 102.939064025879 28.6898937225342 5.90168762207031 5.7938175201416 5.40157413482666 5.2065544128418 5.2065544128418 5.20925092697144 5.24053430557251 5.37988805770874 5.69556570053101 6.02665710449219 6.00988817214966 5.91229152679443 6.93829345703125 9.12199878692627 12.611515045166 14.6341428756714 14.8242883682251 14.8951940536499 14.8951940536499 14.8951940536499 14.8951940536499 14.9125356674194 15.0888957977295 16.0938701629639 16.1813182830811
17.9716110229492 36.8458633422852 67.5330047607422 91.6541976928711 -9999 -9999 172.478439331055 185.862976074219 296.976928710938 565.002563476562 833.775207519531 772.792907714844 519.579895019531 416.563385009766 546.672058105469 577.049194335938 429.183654785156 262.92236328125 255.625061035156 255.044174194336 245.982391357422 224.1767578125 175.573013305664 101.573997497559 35.4495887756348 5.90169811248779 5.79548072814941 5.41708278656006 5.26436567306519 5.30504465103149 5.34677076339722 5.91846036911011 7.99352979660034 10.3367557525635 9.62693881988525 7.28219413757324 6.65239286422729 7.31026458740234 9.08530616760254 12.3433866500854 14.5366306304932 14.8242282867432 14.8951950073242 14.8951940536499 14.8951950073242 14.8951950073242 14.9139108657837 15.1018466949463 16.1218757629395 16.181468963623
34.3851852416992 60.1093978881836 79.7301712036133 90.9558029174805 -9999 -9999 171.786560058594 217.768493652344 327.966491699219 549.020690917969 778.158325195312 713.720397949219 462.299346923828 357.491821289062 465.338775634766 527.524230957031 409.609588623047 242.833480834961 247.805236816406 247.718002319336 232.851303100586 206.488922119141 162.193923950195 99.7559585571289 37.3589401245117 6.04626417160034 5.9033579826355 5.76666736602783 6.52920055389404 7.43327856063843 7.29510736465454 7.92930746078491 11.5772504806519 14.6167879104614 11.936315536499 7.85755634307861 7.09992265701294 7.3120288848877 8.26413059234619 10.7824192047119 13.606333732605 14.8184404373169 14.8951950073242 14.8951950073242 14.8951940536499 14.8952102661133 14.9154815673828 15.1155691146851 16.1519584655762 16.1950378417969
67.7673568725586 96.9828720092773 92.5649261474609 94.9580154418945 -9999 -9999 286.61865234375 314.010528564453 355.044281005859 425.176239013672 534.563659667969 568.145202636719 438.201477050781 311.247039794922 388.187805175781 411.585998535156 334.290893554688 239.801651000977 246.529251098633 245.045272827148 225.248153686523 189.443008422852 139.74821472168 81.3604583740234 30.5497627258301 9.3074254989624 8.0047607421875 7.61970806121826 11.0884561538696 14.1445465087891 14.0793447494507 14.3022117614746 15.9629688262939 16.2248020172119 12.1046447753906 7.90235090255737 7.18189668655396 7.22150659561157 7.59721279144287 9.22936916351318 12.3668737411499 14.6635389328003 14.8951950073242 14.8951950073242 14.8951950073242 14.8957567214966 14.9225759506226 15.1472406387329 -9999 -9999
90.6732864379883 125.895736694336 109.513954162598 99.8455810546875 -9999 -9999 352.647003173828 362.318328857422 349.680358886719 328.650329589844 341.316070556641 387.196197509766 368.563354492188 288.312103271484 305.104919433594 297.569183349609 247.710418701172 221.668807983398 239.486038208008 239.12956237793 217.622222900391 179.772109985352 131.144195556641 75.3500137329102 32.6089973449707 23.9364986419678 20.7606258392334 -9999 16.5115909576416 18.4839859008789 18.5053081512451 18.5185012817383 18.4755306243896 16.8470191955566 12.1842708587646 8.00778007507324 7.26330900192261 7.26893520355225 7.41631746292114 8.49426460266113 11.5352268218994 14.7629919052124 15.5767250061035 15.5774068832397 15.5781097412109 15.5826482772827 15.6639060974121 -9999 -9999 19.036340713501
98.6168594360352 139.928909301758 129.488433837891 101.590110778809 150.168380737305 280.622253417969 361.715576171875 394.442810058594 411.420562744141 394.037506103516 356.276519775391 335.941253662109 311.106475830078 275.030364990234 234.50358581543 212.086044311523 184.760269165039 181.946548461914 196.914428710938 199.037033081055 187.704345703125 164.567886352539 125.902336120605 74.3075866699219 37.3618927001953 34.2932319641113 31.1351318359375 24.1169490814209 19.8256130218506 19.2117977142334 19.216381072998 19.1659507751465 -9999 16.0587177276611 11.1556043624878 7.65611696243286 7.31021308898926 7.31102514266968 7.3802752494812 8.05383014678955 10.5206575393677 14.2420635223389 15.9781713485718 15.9782104492188 15.97825050354 15.988507270813 16.1709613800049 17.2495765686035 21.3973217010498 21.8516540527344
95.9209213256836 141.972427368164 138.384506225586 101.046714782715 133.839157104492 257.661804199219 388.999176025391 440.408660888672 469.290496826172 480.509643554688 459.017791748047 408.108856201172 356.144836425781 334.08056640625 244.964904785156 215.5205078125 183.723526000977 154.811645507812 160.29264831543 162.529876708984 159.918045043945 147.90966796875 115.498626708984 72.4619369506836 43.9433364868164 35.3375358581543 30.9741821289062 23.7777786254883 19.9215793609619 19.2244243621826 19.2083034515381 18.9344444274902 17.2983913421631 13.1367835998535 8.81297397613525 7.35611486434937 7.31295347213745 7.32414054870605 7.49445676803589 8.45716953277588 11.1068344116211 14.562575340271 15.9992380142212 15.9992380142212 15.9992370605469 16.0149097442627 16.2669925689697 17.6650314331055 22.8437480926514 22.8984775543213
84.6903228759766 134.966659545898 142.077362060547 104.865913391113 123.034652709961 239.448211669922 404.56884765625 481.909912109375 471.261108398438 467.50390625 460.791351318359 431.812377929688 407.5849609375 408.453826904297 402.663543701172 344.996154785156 217.802993774414 144.937072753906 146.234649658203 146.565704345703 144.726821899414 138.273239135742 120.722221374512 92.3770904541016 58.5755729675293 34.0215911865234 27.9397792816162 21.2300128936768 19.330005645752 19.2238292694092 19.1796779632568 18.645076751709 16.1316604614258 11.0900754928589 7.51972436904907 7.31295347213745 7.31295347213745 7.38333368301392 8.08852863311768 10.3594579696655 13.341420173645 15.3982048034668 15.9992380142212 15.9992380142212 15.9992380142212 16.0189113616943 16.3079319000244 17.7992362976074 23.0102272033691 23.0102272033691
69.8768997192383 122.988525390625 142.584259033203 102.767135620117 104.034523010254 198.218566894531 381.896484375 471.495544433594 415.820831298828 401.584564208984 398.334930419922 383.219085693359 371.178009033203 385.773498535156 496.134918212891 413.628356933594 210.883178710938 138.064682006836 138.503677368164 139.22834777832 138.844116210938 136.378204345703 134.606430053711 126.508804321289 84.7619400024414 31.506139755249 25.1248073577881 20.0995807647705 19.224250793457 19.2047271728516 18.976936340332 17.7310085296631 14.2901287078857 9.67635631561279 7.31888246536255 7.31295347213745 7.31295347213745 7.4287109375 8.51492118835449 11.6288270950317 14.6252870559692 15.7227249145508 15.9992370605469 15.9992370605469 15.9992370605469 16.0228271484375 16.3451843261719 17.9014835357666 23.0102272033691 23.0102272033691
58.4646377563477 106.45287322998 135.991165161133 101.53050994873 115.517066955566 230.379135131836 453.115570068359 548.237182617188 429.161529541016 366.693389892578 356.376159667969 323.539459228516 298.437591552734 308.387756347656 608.242797851562 630.198059082031 331.105712890625 163.13899230957 164.501953125 187.931930541992 232.312316894531 242.506469726562 259.308380126953 350.74853515625 303.544708251953 25.7288341522217 22.4592552185059 19.793363571167 19.2110061645508 19.0117053985596 17.888801574707 14.8880710601807 10.8905143737793 8.17404842376709 7.31295347213745 7.31295347213745 7.31295347213745 7.49113130569458 8.77428245544434 12.0878953933716 14.9346332550049 15.7564525604248 15.9992370605469 15.9992370605469 15.9992370605469 16.0256519317627 16.3687191009521 17.9426765441895 22.8772678375244 22.9018936157227
48.9887962341309 79.8826065063477 111.478736877441 159.797653198242 240.2666015625 373.729614257812 578.445495605469 638.514282226562 471.331298828125 365.139251708984 353.510864257812 317.707641601562 281.225280761719 254.839660644531 428.377136230469 471.717559814453 308.665313720703 201.920211791992 215.366119384766 312.391784667969 515.406372070312 572.526489257812 513.175476074219 578.98828125 416.545806884766 21.9244346618652 21.1244659423828 19.7579746246338 19.1216163635254 18.1983947753906 15.1378316879272 10.8670988082886 8.24031257629395 7.44588851928711 7.31658029556274 7.34162425994873 7.40876197814941 7.85935497283936 9.51783180236816 12.7193765640259 15.0243940353394 15.756251335144 15.9992380142212 16.0035972595215 16.065092086792 -9999 17.0078201293945 17.4647254943848 18.622594833374 19.2370910644531
45.5826301574707 -9999 73.3252944946289 195.798324584961 314.523162841797 448.1240234375 655.205871582031 703.989440917969 486.233978271484 356.321044921875 366.105621337891 377.311096191406 356.278991699219 281.18017578125 271.631286621094 277.435882568359 257.850708007812 257.171234130859 276.719055175781 343.295440673828 489.594848632812 565.429443359375 580.595642089844 627.595764160156 407.853912353516 22.427001953125 22.0641899108887 20.8212795257568 19.6957588195801 17.2603855133057 12.2827062606812 8.23303318023682 7.40326642990112 7.36720752716064 7.5385570526123 8.11568450927734 9.45952033996582 -9999 11.6713247299194 13.6158504486084 15.0443172454834 15.7560482025146 16.0047969818115 16.1965751647949 18.2212753295898 27.3527851104736 44.4865570068359 48.9518585205078 10.8912124633789 11.2906370162964
-9999 -9999 -9999 539.388366699219 491.934875488281 424.791351318359 561.143005371094 787.2548828125 963.044616699219 1079.37390136719 1037.64953613281 832.560302734375 505.916687011719 297.327362060547 307.068298339844 352.886932373047 374.690673828125 357.015625 361.262390136719 392.726531982422 351.710571289062 273.983703613281 242.09342956543 209.474655151367 153.128860473633 63.7796249389648 62.7352752685547 58.8745574951172 54.1498107910156 45.981559753418 40.9793663024902 50.8523979187012 -9999 67.947135925293 76.0055541992188 -9999 34.1442413330078 14.7941217422485 -9999 14.7997016906738 15.0449113845825 15.7946348190308 17.4027271270752 28.5571250915527 62.9189414978027 105.141387939453 118.253684997559 89.5129470825195 6.79777002334595 6.79776954650879
-9999 -9999 -9999 631.573974609375 553.212951660156 442.307189941406 497.170562744141 778.115783691406 1038.33166503906 1037.70935058594 865.006530761719 666.413879394531 381.858154296875 254.651473999023 345.176361083984 409.535827636719 420.115173339844 383.627014160156 385.080627441406 428.525268554688 395.850982666016 317.090850830078 307.213256835938 287.630889892578 213.526229858398 70.5062408447266 69.8967132568359 67.0118179321289 67.2090759277344 71.9486618041992 87.0062484741211 121.162734985352 144.479476928711 133.017807006836 115.934638977051 85.8126983642578 40.8885498046875 15.9424877166748 14.999683380127 14.8389329910278 15.0444097518921 16.0248203277588 20.3262996673584 42.017032623291 90.1337203979492 127.746635437012 123.641555786133 88.7685012817383 6.91154193878174 6.86728239059448
-9999 -9999 346.059356689453 450.486511230469 440.070465087891 393.279418945312 418.741119384766 562.540222167969 678.814819335938 622.761108398438 508.241821289062 419.057250976562 286.242340087891 242.345779418945 439.231109619141 544.844299316406 546.308349609375 470.022003173828 411.141876220703 414.371612548828 384.750701904297 341.002349853516 334.498840332031 301.805877685547 211.942337036133 83.3234481811523 87.0749893188477 85.7330932617188 86.4355850219727 91.7966766357422 107.969818115234 146.297592163086 177.369216918945 151.230987548828 95.4160614013672 57.3959007263184 36.6814155578613 22.7120685577393 17.2735290527344 14.8389329910278 15.043906211853 16.2616119384766 22.7566204071045 50.29150390625 101.183715820312 133.116607666016 124.394386291504 90.168327331543 10.467381477356 9.19707107543945
-9999 -9999 168.760345458984 276.339782714844 338.039703369141 370.196472167969 418.711212158203 470.185974121094 489.356170654297 469.394409179688 449.9697265625 434.452972412109 361.648010253906 295.182312011719 431.532867431641 459.796905517578 486.370391845703 482.098297119141 457.426208496094 487.233306884766 519.143798828125 489.161499023438 374.213256835938 231.085800170898 143.707855224609 100.554489135742 102.824867248535 99.4708480834961 97.6802444458008 98.4150466918945 104.528457641602 128.488235473633 162.769500732422 152.597625732422 86.2475433349609 40.6188735961914 35.4662628173828 27.3147869110107 18.9789218902588 14.8389329910278 15.0434036254883 16.7035999298096 26.8721122741699 61.87353515625 110.862579345703 133.96516418457 128.517532348633 103.249092102051 -9999 17.5939846038818
-9999 121.919982910156 126.286277770996 219.324691772461 342.488006591797 444.3818359375 459.644775390625 428.75830078125 416.660522460938 408.314270019531 441.413787841797 503.410308837891 471.152709960938 415.434051513672 532.119384765625 357.469757080078 380.982025146484 447.304992675781 472.328521728516 523.648132324219 611.220397949219 627.305419921875 438.814666748047 189.978942871094 112.189697265625 107.907775878906 107.193740844727 102.158294677734 100.466049194336 101.531745910645 102.438972473145 110.584297180176 136.241683959961 157.623611450195 123.898544311523 61.0812492370605 37.0134925842285 28.2993545532227 19.5104351043701 14.8389320373535 -9999 17.1158332824707 30.1760234832764 70.6280899047852 117.762306213379 134.300186157227 132.202178955078 117.212127685547 34.2193069458008 22.554479598999
-9999 119.40202331543 115.658615112305 202.27458190918 401.031799316406 550.418579101562 475.487365722656 375.079498291016 366.647369384766 376.263488769531 470.833343505859 626.561462402344 589.506225585938 455.16455078125 511.030090332031 323.860931396484 317.23291015625 367.293182373047 417.910827636719 478.208038330078 573.438903808594 676.508422851562 578.117431640625 283.505004882812 126.510520935059 100.275421142578 101.244285583496 99.7956771850586 112.09880065918 128.923095703125 -9999 128.505920410156 136.02278137207 161.726425170898 166.402633666992 117.438507080078 60.6914176940918 28.9196949005127 20.0234394073486 14.8877639770508 15.5240077972412 20.3004360198975 40.3629875183105 86.0292587280273 126.470680236816 134.36833190918 133.700958251953 126.48592376709 51.7776489257812 24.9064407348633
-9999 110.05379486084 100.071800231934 -9999 -9999 447.746643066406 390.447937011719 337.230499267578 348.375701904297 380.479827880859 490.874877929688 590.17138671875 507.082824707031 372.359954833984 357.632781982422 291.652496337891 277.251861572266 284.150634765625 316.688049316406 378.673156738281 467.456329345703 568.86669921875 556.419372558594 379.591949462891 212.069976806641 48.7511138916016 51.3302688598633 64.3791656494141 -9999 154.174957275391 162.577377319336 159.821640014648 158.442886352539 159.462844848633 143.904510498047 104.597709655762 64.1000061035156 33.2777519226074 24.0824966430664 18.4748821258545 25.145393371582 48.2451858520508 84.059440612793 117.257865905762 135.820297241211 137.612030029297 137.897888183594 135.362594604492 82.6706695556641 68.134521484375
-9999 103.251899719238 91.2170715332031 116.523315429688 -9999 329.106231689453 402.592254638672 532.835571289062 622.189453125 545.367736816406 469.469177246094 400.355651855469 345.18603515625 308.731567382812 287.50634765625 284.662719726562 288.547760009766 279.888824462891 275.705932617188 300.355590820312 336.653594970703 394.802154541016 426.700653076172 358.827209472656 227.208587646484 14.572395324707 18.3722286224365 43.0167961120605 106.374984741211 162.820755004883 170.817337036133 169.510955810547 169.108261108398 162.241958618164 126.807373046875 78.3102493286133 54.676929473877 41.5234451293945 41.3762016296387 52.1302108764648 70.7967834472656 90.6958618164062 110.440139770508 121.482795715332 126.100151062012 130.798095703125 137.405242919922 139.478805541992 112.124794006348 110.049171447754
73.4710540771484 85.3214340209961 83.7768325805664 -9999 193.970352172852 318.548156738281 455.507690429688 671.495300292969 794.350463867188 654.961791992188 467.596221923828 349.264251708984 390.663513183594 427.181640625 327.774322509766 326.913177490234 355.132110595703 338.409942626953 298.143249511719 273.67138671875 271.195739746094 307.075042724609 311.04736328125 225.506149291992 129.40251159668 10.6456165313721 17.0792598724365 48.0694427490234 -9999 152.558532714844 154.369644165039 156.221160888672 166.694488525391 178.590103149414 159.074935913086 104.123626708984 63.7693099975586 54.8970413208008 66.3098220825195 86.8683242797852 102.834320068359 110.516654968262 113.34220123291 114.711357116699 117.20246887207 125.153244018555 135.854797363281 140.322952270508 131.771377563477 132.060028076172
100.69344329834 68.819465637207 72.3058013916016 109.014892578125 194.994216918945 303.003387451172 383.296020507812 489.063140869141 554.69482421875 502.581298828125 452.167358398438 502.421142578125 623.977905273438 613.353271484375 492.08349609375 455.025970458984 440.917205810547 385.072387695312 315.660552978516 265.561614990234 257.40771484375 292.938781738281 259.138275146484 148.418563842773 89.9261703491211 19.5944976806641 24.4656963348389 52.2212181091309 88.9447402954102 108.079116821289 114.242637634277 133.099197387695 163.584075927734 185.131454467773 176.895812988281 141.336395263672 120.92552947998 104.870407104492 93.3559265136719 103.582748413086 116.936767578125 119.558151245117 113.210990905762 113.381401062012 115.473594665527 123.246994018555 134.243286132812 139.453811645508 139.102203369141 142.030044555664
