rcp4.5models/GFDL_CM3/sc1gr0.26
NCOLS 261 
NROWS 433 
XLLCORNER 336357.134 
YLLCORNER 654653.479 
CELLSIZE 1000 
NODATA_value -9999 
[rows 396 to 417 of 433, columns 150 to 199 of 261]
63.8250160217285 64.0039672851562 63.958683013916 63.8185653686523 63.7682266235352 63.691764831543 63.6007385253906 63.512580871582 63.5111846923828 63.5733833312988 63.5912742614746 63.5128059387207 63.5857582092285 63.7579116821289 63.7401161193848 63.5092735290527 63.3707618713379 63.3878059387207 63.4206581115723 63.566593170166 63.6585502624512 63.5759048461914 63.4456748962402 63.2722663879395 -9999 -9999 63.1095504760742 63.0775833129883 -9999 -9999 62.9109764099121 63.0648040771484 63.1570854187012 63.1991157531738 63.3125991821289 63.2510108947754 63.1355934143066 63.1135940551758 63.1954689025879 63.0782928466797 63.1172103881836 63.0879058837891 -9999 62.8818778991699 62.8565559387207 62.8488235473633 62.7253532409668 62.7907638549805 62.9179763793945 62.8968849182129
63.4998016357422 63.566234588623 63.6257858276367 63.5698699951172 63.4718170166016 63.4327735900879 63.2858238220215 63.1716079711914 63.2639007568359 63.2446212768555 63.3318977355957 63.3631057739258 63.3442573547363 63.433479309082 63.4093132019043 63.2171211242676 63.1258277893066 63.0860824584961 63.1350250244141 63.1193161010742 63.2789268493652 63.396915435791 63.4255599975586 63.0362930297852 63.0305480957031 -9999 -9999 62.8404808044434 -9999 -9999 62.6445465087891 62.849967956543 62.9215316772461 62.9751243591309 63.0245552062988 62.9380302429199 62.8038177490234 62.8848075866699 62.9267845153809 62.8722686767578 62.923038482666 62.9050064086914 -9999 -9999 62.5991325378418 62.5780334472656 62.5100135803223 62.5248718261719 62.5781288146973 62.5680313110352
63.3111763000488 63.2753028869629 63.2717666625977 63.334400177002 63.3299293518066 63.1587982177734 62.942985534668 62.8459091186523 63.0868339538574 62.9825668334961 62.9925765991211 63.066276550293 63.026180267334 63.1130256652832 63.0670166015625 62.9189338684082 62.8111610412598 62.7957077026367 62.8719940185547 62.8291778564453 63.0988426208496 63.3139038085938 63.4227485656738 62.9460716247559 62.874340057373 62.8339309692383 62.6811637878418 62.6478652954102 62.4134063720703 62.4255104064941 62.3927040100098 62.4993133544922 62.5992813110352 62.5380554199219 62.6133308410645 62.7215576171875 62.494930267334 62.711296081543 62.6367454528809 62.6771469116211 62.5829277038574 -9999 62.6412391662598 62.4602165222168 -9999 62.431583404541 62.4197082519531 62.3663330078125 62.306568145752 62.3533477783203
63.0161781311035 63.002758026123 62.900634765625 62.9604988098145 63.0930671691895 62.9141311645508 62.7546005249023 62.691032409668 62.791202545166 62.7387428283691 62.687084197998 62.693286895752 62.7276763916016 62.8300437927246 62.8181266784668 62.5738868713379 62.465648651123 62.4842147827148 62.529613494873 62.664478302002 62.8661842346191 63.0730895996094 63.2021865844727 62.9418563842773 62.7031745910645 62.60498046875 62.5514678955078 62.4127082824707 62.2004890441895 62.2244682312012 62.2985153198242 62.3403472900391 62.3287658691406 62.2065010070801 62.2490425109863 62.2891387939453 62.1118812561035 62.3398590087891 62.3784713745117 62.4392204284668 62.4310455322266 -9999 62.4873504638672 62.3368339538574 62.2794075012207 62.3095054626465 62.288444519043 62.1932678222656 62.1269454956055 62.2464599609375
62.7470207214355 62.6976699829102 62.5502853393555 62.6380577087402 62.6975135803223 62.7176132202148 62.7187232971191 62.6136283874512 62.4866905212402 62.4391174316406 62.4584350585938 -9999 -9999 62.4153480529785 62.4950752258301 62.2598457336426 62.1516990661621 62.1115226745605 62.1943893432617 62.5091552734375 62.5812530517578 62.6776161193848 62.8154640197754 62.7240257263184 62.5517082214355 62.4575538635254 62.3374977111816 62.2002105712891 62.0726203918457 62.0556449890137 62.0826797485352 62.0185585021973 62.0690116882324 61.8265571594238 61.9175567626953 61.9152412414551 61.933837890625 62.0377082824707 62.1521873474121 62.1297836303711 62.0918426513672 61.8955688476562 62.214111328125 62.2378349304199 62.1158409118652 62.1540832519531 62.1655578613281 62.0884704589844 62.061466217041 62.0996932983398
62.5558662414551 62.4996490478516 62.4142913818359 62.4486656188965 62.4400215148926 62.4930648803711 62.5154190063477 62.3346557617188 62.2855033874512 62.2198829650879 62.1978721618652 -9999 -9999 -9999 62.1186752319336 61.9964485168457 61.9575729370117 61.9069023132324 61.9726715087891 62.2601509094238 62.3094863891602 62.246826171875 62.2370338439941 62.3993034362793 62.3834915161133 62.3067398071289 62.0412139892578 61.9955635070801 61.839786529541 61.6834144592285 61.6458892822266 61.5726852416992 61.8229446411133 61.6556510925293 61.6483612060547 61.710205078125 61.7523078918457 61.8541412353516 61.8320159912109 61.8844566345215 61.6322402954102 61.5843849182129 61.934440612793 62.0095291137695 61.941837310791 61.9763641357422 62.0403060913086 61.8091239929199 61.8055648803711 61.8193206787109
62.2600173950195 62.2538986206055 62.2543716430664 62.2063064575195 62.1662979125977 62.2258796691895 62.2921104431152 62.0206527709961 62.0546646118164 62.0048980712891 -9999 -9999 -9999 61.8561325073242 61.9292907714844 61.8480758666992 61.8515930175781 61.8401145935059 61.8788986206055 61.922924041748 61.9777450561523 61.9600601196289 61.887321472168 62.1366233825684 62.1432914733887 62.0026626586914 61.7835845947266 61.7427291870117 61.7247200012207 61.5919570922852 61.3503684997559 61.4243927001953 61.5599098205566 61.5576705932617 61.4634017944336 61.462963104248 61.533374786377 61.6691665649414 61.4892425537109 61.6579132080078 -9999 61.336311340332 61.6267433166504 61.6754570007324 61.7187080383301 61.6873054504395 61.7516937255859 61.5193672180176 -9999 -9999
61.9726028442383 61.9227256774902 61.9070205688477 61.933464050293 61.8711967468262 61.9532432556152 62.0728416442871 61.8658790588379 61.7572822570801 61.719669342041 61.705982208252 61.5593223571777 61.4675674438477 61.6083717346191 61.7113265991211 61.6598472595215 61.6472015380859 61.6831283569336 61.5772399902344 61.6944885253906 61.7723274230957 61.6629753112793 61.5240707397461 61.7093772888184 61.773609161377 61.6425476074219 61.5006370544434 61.6000518798828 61.596305847168 61.3961639404297 61.1785888671875 61.3221588134766 61.3820381164551 61.3604583740234 61.2989273071289 61.2874755859375 61.3204002380371 61.4645385742188 61.3659553527832 61.4303321838379 -9999 -9999 -9999 61.4175796508789 -9999 -9999 -9999 -9999 -9999 -9999
61.8306083679199 61.7265129089355 61.6552696228027 61.7231864929199 61.5628509521484 61.6480751037598 61.7118759155273 61.7203369140625 61.551342010498 61.5412673950195 61.4266891479492 61.3172492980957 61.290641784668 61.3802604675293 61.452938079834 61.4560775756836 61.4424438476562 61.4386405944824 61.2265396118164 61.476375579834 61.4103240966797 61.3515396118164 61.2679901123047 61.2644577026367 61.3598747253418 61.325267791748 61.4167747497559 61.4642906188965 61.3134117126465 61.1833152770996 61.0528182983398 61.077751159668 61.1505393981934 -9999 -9999 -9999 61.152717590332 -9999 61.1537780761719 -9999 -9999 -9999 -9999 -9999 -9999 -9999 -9999 -9999 -9999 -9999
61.5243263244629 61.4622116088867 61.3710823059082 61.4058303833008 61.3196029663086 61.4178123474121 61.4641876220703 61.4673728942871 61.4107704162598 61.4072074890137 61.134895324707 61.1387176513672 61.1445350646973 61.1339683532715 61.1520080566406 61.2518424987793 61.2564277648926 61.203426361084 61.1524620056152 61.0478057861328 60.9986839294434 61.103343963623 61.0977363586426 61.0570259094238 61.1157875061035 61.0431251525879 61.2133598327637 61.101619720459 60.9362297058105 61.0241737365723 60.8800773620605 60.7934837341309 60.6756820678711 -9999 -9999 -9999 61.0546798706055 61.011116027832 60.9037666320801 -9999 -9999 -9999 -9999 -9999 -9999 -9999 -9999 -9999 -9999 -9999
61.355770111084 61.1508293151855 61.0962944030762 60.9353370666504 60.8007392883301 60.7967147827148 60.837516784668 60.7893142700195 61.0470962524414 61.0467834472656 60.8849411010742 60.7085914611816 60.5720520019531 60.6731567382812 60.8049621582031 60.6667900085449 60.7075653076172 60.7717971801758 60.6397819519043 60.516529083252 60.6450614929199 60.4317092895508 60.3728713989258 60.4699440002441 60.4999504089355 60.412971496582 60.5266532897949 60.4427833557129 60.4545288085938 60.4720039367676 60.266170501709 60.4129905700684 60.4997100830078 -9999 -9999 -9999 -9999 -9999 -9999 -9999 -9999 -9999 -9999 -9999 -9999 -9999 -9999 -9999 -9999 -9999
61.0113906860352 61.0209884643555 60.9051132202148 60.7496376037598 60.7085380554199 60.6339492797852 60.5654067993164 60.4663619995117 60.7221641540527 60.7661933898926 60.6551322937012 60.4651565551758 60.3852157592773 60.3615417480469 60.3946800231934 60.4051208496094 60.5350646972656 60.4572067260742 60.3187789916992 60.3175010681152 60.4348793029785 60.3614959716797 60.2127799987793 60.2613868713379 60.2570877075195 60.3137092590332 60.2366218566895 60.026237487793 60.0272178649902 60.051700592041 60.139892578125 -9999 60.3329010009766 -9999 -9999 -9999 -9999 -9999 -9999 -9999 -9999 -9999 -9999 -9999 -9999 -9999 -9999 -9999 -9999 -9999
60.5026206970215 60.7145156860352 60.7165374755859 60.7322158813477 60.7011528015137 60.5101852416992 60.3249664306641 60.2995719909668 60.4878921508789 60.4780044555664 60.4124298095703 60.3026008605957 60.222469329834 60.155574798584 60.1435279846191 60.1902656555176 60.2499732971191 60.2659606933594 60.1565132141113 60.0070571899414 60.1172790527344 60.1933517456055 60.1056251525879 60.0594749450684 59.9930381774902 60.0676155090332 59.910758972168 59.8210487365723 59.8208847045898 59.8313941955566 60.1957321166992 60.3396148681641 -9999 -9999 -9999 -9999 -9999 -9999 -9999 -9999 -9999 -9999 -9999 -9999 -9999 -9999 -9999 -9999 -9999 -9999
60.1919097900391 60.4287948608398 60.4635734558105 60.5068092346191 60.4548034667969 60.254020690918 60.0197715759277 60.1362037658691 60.249626159668 60.2371940612793 60.2379264831543 60.2254829406738 60.0914268493652 60.0658340454102 60.0404624938965 60.0436477661133 59.9741401672363 60.0757942199707 60.0644454956055 59.758544921875 59.8436851501465 59.9200172424316 59.9369621276855 59.8590774536133 59.7180633544922 59.6247329711914 59.5493354797363 59.5659828186035 59.6158103942871 -9999 -9999 -9999 -9999 -9999 -9999 -9999 -9999 -9999 -9999 -9999 -9999 -9999 -9999 -9999 -9999 -9999 -9999 -9999 -9999 -9999
60.0638427734375 60.1495552062988 60.1376457214355 60.0986709594727 60.0584831237793 59.9588470458984 59.8110389709473 59.8044509887695 59.8948211669922 59.9387969970703 60.0262451171875 60.0814437866211 59.9305725097656 59.8386764526367 59.8254547119141 59.8435707092285 59.7762680053711 59.7483100891113 59.8760719299316 59.6109466552734 59.7107925415039 59.7014236450195 59.5949745178223 59.5019264221191 59.4129867553711 59.3870124816895 59.3723220825195 -9999 -9999 -9999 -9999 -9999 -9999 -9999 -9999 -9999 -9999 -9999 -9999 -9999 -9999 -9999 -9999 -9999 -9999 -9999 -9999 -9999 -9999 -9999
59.8792457580566 59.8894920349121 59.8509902954102 59.8424072265625 59.8568115234375 59.7740745544434 59.6136894226074 59.5233726501465 59.6242828369141 59.6813926696777 59.740478515625 59.8802452087402 59.8254547119141 59.6194190979004 59.6363716125488 59.6233978271484 59.5615921020508 59.4056663513184 59.5458183288574 59.4803352355957 59.5186576843262 59.5902519226074 59.3772163391113 59.2761344909668 -9999 -9999 -9999 -9999 -9999 -9999 -9999 -9999 -9999 -9999 -9999 -9999 -9999 -9999 -9999 -9999 -9999 -9999 -9999 -9999 -9999 -9999 -9999 -9999 -9999 -9999
59.591136932373 59.7488021850586 59.7199440002441 59.6268424987793 59.5670280456543 59.4902153015137 59.2890510559082 59.2490043640137 59.503303527832 59.5324516296387 59.5244216918945 59.6116981506348 59.5869598388672 59.5019302368164 59.4760704040527 -9999 59.4403800964355 59.2013473510742 59.3017463684082 -9999 -9999 -9999 -9999 -9999 -9999 -9999 -9999 -9999 -9999 -9999 -9999 -9999 -9999 -9999 -9999 -9999 -9999 -9999 -9999 -9999 -9999 -9999 -9999 -9999 -9999 -9999 -9999 -9999 -9999 -9999
59.2699737548828 59.474365234375 59.5526428222656 59.5049667358398 59.3825302124023 59.2044906616211 59.0503921508789 59.0760955810547 -9999 59.3765106201172 -9999 59.3251304626465 59.3389472961426 -9999 -9999 -9999 -9999 -9999 -9999 -9999 -9999 -9999 -9999 -9999 -9999 -9999 -9999 -9999 -9999 -9999 -9999 -9999 -9999 -9999 -9999 -9999 -9999 -9999 -9999 -9999 -9999 -9999 -9999 -9999 -9999 -9999 -9999 -9999 -9999 -9999
59.0103416442871 59.1899490356445 59.2727470397949 59.2629241943359 59.2359428405762 59.1120796203613 58.9159126281738 -9999 59.1467819213867 -9999 -9999 59.21728515625 -9999 -9999 -9999 -9999 -9999 -9999 -9999 -9999 -9999 -9999 -9999 -9999 -9999 -9999 -9999 -9999 -9999 -9999 -9999 -9999 -9999 -9999 -9999 -9999 -9999 -9999 -9999 -9999 -9999 -9999 -9999 -9999 -9999 -9999 -9999 -9999 -9999 -9999
58.8194847106934 58.900520324707 58.9989814758301 58.9310340881348 -9999 58.9913864135742 -9999 -9999 -9999 -9999 -9999 -9999 -9999 -9999 -9999 -9999 -9999 -9999 -9999 -9999 -9999 -9999 -9999 -9999 -9999 -9999 -9999 -9999 -9999 -9999 -9999 -9999 -9999 -9999 -9999 -9999 -9999 -9999 -9999 -9999 -9999 -9999 -9999 -9999 -9999 -9999 -9999 -9999 -9999 -9999
58.6290664672852 58.6561698913574 58.8203659057617 58.8432083129883 58.7926406860352 -9999 -9999 -9999 -9999 -9999 -9999 -9999 -9999 -9999 -9999 -9999 -9999 -9999 -9999 -9999 -9999 -9999 -9999 -9999 -9999 -9999 -9999 -9999 -9999 -9999 -9999 -9999 -9999 -9999 -9999 -9999 -9999 -9999 -9999 -9999 -9999 -9999 -9999 -9999 -9999 -9999 -9999 -9999 -9999 -9999
58.4492607116699 -9999 -9999 -9999 -9999 -9999 -9999 -9999 -9999 -9999 -9999 -9999 -9999 -9999 -9999 -9999 -9999 -9999 -9999 -9999 -9999 -9999 -9999 -9999 -9999 -9999 -9999 -9999 -9999 -9999 -9999 -9999 -9999 -9999 -9999 -9999 -9999 -9999 -9999 -9999 -9999 -9999 -9999 -9999 -9999 -9999 -9999 -9999 -9999 -9999
