rcp4.5models/GFDL_CM3/sc1gr1.28
NCOLS 261 
NROWS 433 
XLLCORNER 336357.134 
YLLCORNER 654653.479 
CELLSIZE 1000 
NODATA_value -9999 
[rows 220 to 241 of 433, columns 150 to 199 of 261]
66.4205093383789 66.614372253418 66.6785278320312 66.5989837646484 65.9086837768555 65.9057846069336 65.8280944824219 65.7676239013672 65.2825241088867 65.1520614624023 65.0157318115234 64.8187026977539 64.6697616577148 64.4970092773438 64.5300979614258 -9999 64.3662414550781 64.5418930053711 64.0935745239258 63.7036628723145 63.9291610717773 63.7537384033203 63.3783988952637 62.9947166442871 63.2435493469238 63.4425086975098 63.2163009643555 62.9877891540527 62.8276023864746 62.9084053039551 62.8465003967285 62.2792282104492 62.4948043823242 62.2666168212891 61.9718475341797 61.9729232788086 61.6759452819824 61.3669090270996 61.2020225524902 61.1853485107422 61.3112869262695 61.282096862793 61.1244926452637 61.0912704467773 61.1097526550293 60.8302307128906 60.7516288757324 60.5253028869629 60.1480598449707 60.0838623046875
66.508918762207 66.569580078125 66.5307693481445 66.609130859375 65.936408996582 65.783805847168 65.6711120605469 65.7043762207031 65.5011138916016 65.2743530273438 65.3115158081055 65.0266189575195 64.847541809082 64.982307434082 64.6023864746094 64.4801635742188 64.4647598266602 64.5256271362305 64.0263442993164 63.7653961181641 63.9344940185547 63.72412109375 63.7194442749023 63.4708557128906 63.3530616760254 63.4006118774414 63.3337669372559 63.0616722106934 62.7907295227051 63.1192932128906 62.7985877990723 62.5027275085449 62.5330810546875 62.263744354248 62.1161193847656 61.9131355285645 61.6466789245605 61.4705505371094 61.320686340332 61.2622146606445 61.312671661377 61.2131080627441 61.242618560791 61.1282577514648 61.1573600769043 60.9535942077637 60.8065757751465 60.6013793945312 60.3809127807617 60.0368881225586
66.6632766723633 66.7275085449219 66.5507507324219 66.5231018066406 66.2428894042969 65.8656539916992 65.6928787231445 65.7871627807617 65.6598052978516 65.1694869995117 65.4612731933594 65.1973648071289 64.6053085327148 64.7759399414062 64.6638870239258 64.5735855102539 64.5493469238281 64.6385269165039 64.2375793457031 63.7293357849121 63.7286529541016 63.7646484375 64.0662384033203 64.0019378662109 63.5377235412598 63.3406257629395 63.573543548584 63.0909385681152 62.8337783813477 63.2092590332031 62.9341087341309 62.8407402038574 62.5539016723633 62.3561019897461 62.2926177978516 62.0673408508301 61.7707061767578 61.6284484863281 61.5976524353027 61.4122467041016 61.4245681762695 61.0962867736816 61.1694259643555 61.3184852600098 61.1978340148926 60.8698348999023 60.6600341796875 60.6431083679199 60.5573501586914 60.2799758911133
66.7549896240234 66.9498443603516 66.9239273071289 66.4904708862305 66.3038177490234 66.0030059814453 65.7754898071289 65.9370727539062 65.9519424438477 65.2579574584961 65.6484222412109 65.6720733642578 65.0182876586914 64.772705078125 64.7390594482422 64.6501312255859 64.5772247314453 64.4450225830078 64.0961151123047 63.8486289978027 63.6782989501953 63.8166770935059 64.0058517456055 63.9614791870117 63.4843902587891 63.1507835388184 63.5796012878418 63.4487495422363 63.1101722717285 63.1802787780762 63.1419639587402 63.1277389526367 62.7332344055176 62.4262962341309 62.3045845031738 62.0925941467285 61.9045753479004 62.015266418457 62.0686302185059 61.6853179931641 61.5572052001953 61.1893768310547 61.140625 61.4677925109863 61.3846015930176 60.9801979064941 60.567813873291 60.6706466674805 60.627628326416 60.4435920715332
67.0882415771484 67.2814636230469 67.4385452270508 66.9294586181641 66.4074554443359 66.2723617553711 65.8364868164062 65.8326873779297 65.8745956420898 65.3675918579102 65.3787841796875 65.6251678466797 65.2925109863281 64.9064788818359 64.8127136230469 64.8606185913086 64.7993087768555 64.4262466430664 64.3403244018555 64.3348236083984 64.0161514282227 63.856315612793 64.0664443969727 64.0730133056641 63.801944732666 63.5370635986328 63.7534370422363 63.6766738891602 63.5883255004883 63.3599853515625 62.9560508728027 63.0839424133301 62.8005447387695 62.5515670776367 62.3511810302734 62.0977325439453 61.9369583129883 62.1055641174316 62.1658401489258 61.9314346313477 61.7468223571777 61.3283233642578 61.4138336181641 61.4677505493164 61.2470932006836 60.8882064819336 60.615535736084 60.755802154541 60.7279586791992 60.4310340881348
67.3028411865234 67.3683166503906 67.2904891967773 67.1173400878906 66.7531051635742 66.5431289672852 66.2279739379883 65.9428024291992 65.6409378051758 65.3432312011719 65.1099853515625 65.434928894043 65.2966918945312 65.0753936767578 64.9914779663086 64.9986267089844 64.8386611938477 64.5877685546875 64.6530685424805 64.6078186035156 64.3853302001953 64.0987014770508 64.0302886962891 64.2219467163086 64.0896835327148 63.9691696166992 63.830192565918 63.4818420410156 63.6091766357422 63.1469993591309 62.812671661377 62.9799919128418 62.7556228637695 62.6135864257812 62.3870391845703 62.1808013916016 61.9543914794922 61.9509811401367 61.8856086730957 61.7791976928711 61.712703704834 61.4947547912598 61.5724182128906 61.2698860168457 61.1386260986328 60.991527557373 60.8178367614746 60.7881240844727 60.7009620666504 60.4588241577148
67.3351593017578 67.4460601806641 67.1091842651367 66.9987945556641 66.7110900878906 66.5521087646484 66.5167083740234 66.050048828125 65.7598724365234 65.8750915527344 65.5088882446289 65.3337326049805 65.4801864624023 65.3645095825195 65.2082748413086 65.0067138671875 64.7373123168945 64.6267013549805 64.5026779174805 64.5689544677734 64.6555480957031 64.4400787353516 64.0199737548828 63.8491630554199 64.0883102416992 63.9509468078613 63.6491737365723 63.4624328613281 63.5978622436523 63.4672584533691 63.0348777770996 62.9197387695312 62.7281646728516 62.7497100830078 62.4876556396484 62.3341026306152 62.0718231201172 62.0050430297852 61.8552780151367 61.8040313720703 61.9577865600586 61.8487129211426 61.6516723632812 61.3221168518066 61.2940788269043 61.3684349060059 60.9534454345703 60.6571960449219 60.7271118164062 60.5751457214355
67.5586700439453 67.4662170410156 67.4432525634766 67.3115539550781 66.904899597168 66.7220458984375 66.5397720336914 66.1287994384766 65.9758758544922 66.3236618041992 65.820442199707 65.471565246582 65.5448608398438 65.4712219238281 65.4084548950195 65.1741485595703 65.0434494018555 64.7382507324219 64.5165786743164 64.5445785522461 64.7959365844727 64.6858444213867 64.3273086547852 63.7420806884766 63.8919410705566 63.8523483276367 63.8575897216797 63.6941680908203 63.5143432617188 63.592643737793 63.2268829345703 62.9665870666504 62.7966842651367 62.8433990478516 62.6356735229492 62.4202461242676 62.2389717102051 62.1610336303711 61.9676818847656 61.901180267334 62.0570602416992 61.9798889160156 61.8023872375488 61.5200576782227 61.2841644287109 61.2731628417969 61.1294555664062 60.7856178283691 60.7208213806152 60.8525314331055
68.1180191040039 67.9908294677734 68.012580871582 67.3973770141602 67.1848831176758 66.84716796875 66.640983581543 66.2433242797852 65.964714050293 66.1109237670898 65.7108535766602 65.6628646850586 65.4077529907227 65.6167144775391 65.5139312744141 65.2875595092773 65.1691818237305 64.7893447875977 64.6058731079102 64.5159378051758 64.6788177490234 64.7491683959961 64.6247329711914 64.3034362792969 64.114372253418 64.0896377563477 64.1374816894531 63.8342704772949 63.472728729248 63.5254249572754 63.3206253051758 63.1978492736816 62.9503326416016 62.6948051452637 62.7016258239746 62.4787521362305 62.3500289916992 62.285472869873 62.1416893005371 61.8976402282715 61.8626327514648 61.7972526550293 61.7169876098633 61.4482269287109 61.2822647094727 61.2174949645996 61.4462661743164 61.1516227722168 60.7608757019043 60.8980331420898
68.550163269043 68.6374282836914 68.3027877807617 67.425651550293 67.3081207275391 66.9428100585938 66.5739135742188 66.3613815307617 65.9123687744141 66.1089096069336 65.9326477050781 65.7165298461914 65.2456283569336 65.6295700073242 65.533332824707 65.2229461669922 65.038330078125 64.9708938598633 64.9502868652344 64.7919158935547 64.8164825439453 64.89794921875 64.7037811279297 64.4874420166016 64.59521484375 64.4922637939453 64.3014068603516 63.9409828186035 63.688892364502 63.747615814209 63.2705841064453 63.2008094787598 62.9721031188965 62.5763130187988 62.7455253601074 62.6377296447754 62.3750877380371 62.2700996398926 62.5473594665527 62.2836723327637 61.9281272888184 61.8606872558594 61.886531829834 61.601245880127 61.402717590332 61.3143310546875 61.4884948730469 61.513240814209 61.2707633972168 61.2740058898926
68.3275527954102 68.4487762451172 68.384391784668 67.5959091186523 67.2649917602539 67.1712036132812 66.6820755004883 66.544807434082 65.9861450195312 66.3257522583008 66.5850601196289 65.8751068115234 65.4681243896484 65.6905364990234 65.7530517578125 65.5290832519531 65.1765823364258 65.2105026245117 65.2732772827148 65.0537796020508 64.849739074707 64.8289184570312 64.7742080688477 64.3704223632812 64.5755462646484 64.5392684936523 64.2420349121094 64.0956573486328 63.7545127868652 63.8324241638184 63.4897193908691 63.2878875732422 63.0348358154297 62.8288879394531 63.084114074707 62.6824264526367 62.5016746520996 62.4571571350098 62.5406532287598 62.4071617126465 62.2556648254395 61.9925270080566 61.8775787353516 61.781135559082 61.6921081542969 61.4924163818359 61.7001800537109 61.7499542236328 61.5358123779297 61.4328002929688
69.0707092285156 69.5208435058594 69.0386047363281 68.0952377319336 67.5524597167969 67.5034255981445 67.0241928100586 67.0598373413086 66.7587127685547 66.377815246582 66.1080017089844 66.1585540771484 66.0195999145508 66.0407028198242 65.9095077514648 65.6116485595703 65.4779281616211 65.300910949707 65.250846862793 65.2514877319336 65.0354766845703 64.8312683105469 64.83447265625 64.7986450195312 64.5115814208984 64.4465408325195 64.3772277832031 64.3414154052734 64.2343978881836 64.0587463378906 63.5161895751953 63.6312446594238 63.679573059082 63.2528877258301 62.9834060668945 63.1205940246582 62.935359954834 62.828426361084 62.7478790283203 62.8007392883301 62.4509582519531 62.2045478820801 62.0702095031738 62.1089172363281 62.0881690979004 61.712890625 61.6397743225098 61.7649612426758 61.8127861022949 61.8967742919922
69.3841400146484 69.8929595947266 69.2330093383789 68.4628219604492 67.6061553955078 67.7772064208984 67.6102600097656 67.2977523803711 66.7363052368164 66.1202392578125 66.0523910522461 65.99853515625 65.936408996582 65.9933395385742 65.8536148071289 65.8917007446289 65.9194641113281 65.6230392456055 65.2331161499023 65.3987426757812 65.087760925293 64.6502075195312 64.6714096069336 64.9014205932617 65.0200119018555 64.5244369506836 64.3655853271484 64.1277923583984 64.1591262817383 64.0329132080078 63.6751098632812 63.7836418151855 63.700626373291 -9999 -9999 63.3920669555664 63.4095726013184 63.1579093933105 62.9397010803223 62.5496520996094 62.3040008544922 62.0646667480469 61.9349594116211 62.0617561340332 62.3024940490723 62.0063400268555 61.741943359375 61.8736915588379 61.9863815307617 61.9356994628906
69.3142166137695 69.7547912597656 68.8035659790039 68.2419052124023 67.5914688110352 67.5772552490234 67.5462646484375 67.3248596191406 66.7792587280273 66.3653182983398 66.0615081787109 65.8562316894531 -9999 66.0152816772461 65.7571105957031 65.7762222290039 65.9649047851562 65.7163238525391 65.3520355224609 65.5501174926758 65.2749404907227 64.7942810058594 64.7938995361328 64.9482192993164 64.9452133178711 64.8913650512695 64.8285980224609 64.1090393066406 64.279167175293 64.2823715209961 63.9541893005371 63.6010932922363 63.5858535766602 63.2802047729492 -9999 -9999 63.5514373779297 63.2287368774414 62.8183326721191 62.4231262207031 62.333812713623 62.2981643676758 62.1826438903809 62.2242240905762 62.4030532836914 62.1404571533203 61.894889831543 62.169750213623 62.2635192871094 61.6020317077637
69.000602722168 69.1956176757812 68.3621063232422 67.9794998168945 67.885856628418 67.5454940795898 67.2360687255859 67.1104202270508 66.6920852661133 66.6552658081055 66.3748550415039 66.2155456542969 66.1324462890625 66.1504287719727 65.9124069213867 65.7466659545898 65.9160690307617 65.9213409423828 65.7346878051758 65.6587295532227 65.4423294067383 65.0874862670898 64.9100341796875 64.9282531738281 64.6559143066406 64.8192901611328 64.9009552001953 64.4124603271484 64.3436431884766 64.3544692993164 64.2520904541016 63.6892852783203 63.6843528747559 63.4030570983887 -9999 63.4140625 63.3836479187012 63.0088577270508 62.7814903259277 62.3815841674805 62.3910369873047 62.5909957885742 62.1967277526855 62.3371124267578 62.4693908691406 62.180248260498 61.9442176818848 62.2371864318848 62.1185607910156 61.5233039855957
68.7842178344727 68.6884002685547 68.1901016235352 67.9032516479492 67.7500152587891 67.7172546386719 67.5555801391602 67.5495758056641 66.83154296875 67.2099380493164 66.6288909912109 66.3251800537109 -9999 66.1440353393555 66.3302993774414 66.0726013183594 66.0838470458984 66.162712097168 65.8236236572266 65.5878372192383 65.644157409668 65.3662338256836 65.0332489013672 64.9689102172852 64.7920455932617 64.9216156005859 65.0275497436523 64.9091339111328 64.4884872436523 64.4765167236328 64.3987731933594 63.7582054138184 63.7519493103027 -9999 63.4467582702637 63.4471855163574 63.284538269043 63.2040672302246 63.0497512817383 62.6413497924805 62.4260787963867 62.766716003418 62.2040824890137 62.3800086975098 62.2523460388184 62.160514831543 61.902645111084 61.9172592163086 61.7046356201172 61.3811836242676
69.5110092163086 69.1553802490234 68.3763961791992 68.2081069946289 68.090461730957 67.8207778930664 67.7367095947266 67.7991943359375 66.8529586791992 67.1157760620117 66.6451950073242 66.2040557861328 66.3287048339844 66.3373870849609 66.7656631469727 66.4696884155273 66.1346206665039 66.0905990600586 66.0001449584961 65.6055221557617 65.4563674926758 65.3189849853516 65.1287155151367 65.0553894042969 64.9821014404297 65.1038284301758 65.2317657470703 65.2355194091797 64.58251953125 64.5839691162109 64.2387313842773 63.8453941345215 63.8833465576172 -9999 64.0461959838867 63.7822456359863 63.6025314331055 63.6871681213379 63.2694625854492 62.9534568786621 62.7583045959473 62.7483558654785 62.5215377807617 62.6019287109375 62.1480674743652 62.1823425292969 62.0121574401855 61.874755859375 61.8334465026855 61.5865440368652
70.2526016235352 69.3423156738281 68.5145034790039 68.4134063720703 68.3934555053711 67.6166305541992 67.5421142578125 67.430290222168 67.1165390014648 67.0640029907227 66.7902755737305 66.4920959472656 66.459716796875 66.4631118774414 66.5804290771484 66.4212875366211 66.1444244384766 66.0027465820312 66.265983581543 65.7722549438477 65.274169921875 65.3232803344727 65.3127517700195 65.3130187988281 65.1435470581055 65.1059188842773 65.1373138427734 65.0826187133789 64.6969528198242 64.6403274536133 64.2939376831055 64.251091003418 63.9589042663574 63.8399658203125 64.0845413208008 64.4933547973633 64.4765701293945 63.7412261962891 63.4070663452148 63.1456565856934 63.056079864502 62.6823387145996 62.6268653869629 62.7979431152344 62.4167900085449 62.2795028686523 62.3171539306641 62.2240791320801 61.8857803344727 61.6629791259766
69.6979370117188 68.8499374389648 68.5761642456055 68.3888473510742 68.2392120361328 67.6356201171875 67.4750213623047 67.4501724243164 67.2807006835938 67.3267669677734 66.9276428222656 66.755973815918 66.524772644043 -9999 66.2967681884766 66.2867736816406 66.5056381225586 66.2955017089844 66.2579574584961 65.882698059082 65.4831619262695 65.6299285888672 65.5556869506836 65.5902481079102 65.4407577514648 65.636848449707 65.3912811279297 65.0140838623047 64.7781829833984 64.5794296264648 64.6423110961914 64.4783096313477 63.9659805297852 64.1101455688477 64.28857421875 65.181755065918 65.3813095092773 64.0554504394531 63.5426330566406 63.3031806945801 63.1518669128418 -9999 62.9125328063965 62.736759185791 62.6128730773926 62.4298286437988 62.3037376403809 62.2362899780273 61.8256530761719 61.510627746582
69.9091644287109 68.8122863769531 68.7215270996094 68.493896484375 68.2300872802734 67.852912902832 67.4768829345703 67.5948028564453 67.2291564941406 67.1511917114258 67.0014877319336 66.7000961303711 66.6185836791992 66.5087661743164 66.399040222168 66.450553894043 66.6546401977539 66.4491271972656 66.2216186523438 65.9778213500977 65.823600769043 65.7000579833984 65.2542953491211 65.3498306274414 65.609016418457 65.8415679931641 65.5600280761719 65.1511764526367 -9999 64.5899658203125 64.6081695556641 64.2780990600586 64.092903137207 64.2836303710938 64.3908004760742 65.0849685668945 65.2503051757812 64.056640625 63.5349617004395 63.3646697998047 -9999 63.0759010314941 63.0845413208008 62.7866249084473 62.7710418701172 62.6243286132812 62.1203308105469 62.0713348388672 62.0638542175293 61.7362594604492
70.3438186645508 69.0487976074219 68.8220138549805 68.6229705810547 68.2309341430664 67.9900894165039 68.0761108398438 67.8934326171875 67.6294708251953 67.2396469116211 67.1513290405273 66.9659423828125 67.1576156616211 66.8642959594727 66.490966796875 66.5118255615234 66.5888900756836 66.3255462646484 66.1313018798828 66.0399017333984 65.9200286865234 65.7031707763672 65.3606262207031 65.356201171875 65.5395355224609 65.5192718505859 65.4996948242188 65.2989730834961 65.0094985961914 64.8091659545898 64.5605163574219 64.2576370239258 64.1531448364258 64.3189926147461 64.3774871826172 64.4862976074219 64.3765335083008 63.8060302734375 63.3571166992188 63.5980644226074 -9999 -9999 62.7530784606934 62.6223411560059 62.5913047790527 62.6023101806641 62.4647827148438 62.3093872070312 62.1953201293945 61.8512802124023
70.2755584716797 69.4477767944336 68.9813537597656 68.7207489013672 68.5520706176758 68.4173889160156 68.3626556396484 68.0195693969727 67.7783203125 67.4526901245117 67.2537078857422 67.2868423461914 67.5143356323242 67.0883255004883 66.7104034423828 66.6137008666992 66.7571563720703 66.6626052856445 66.3517150878906 66.1053619384766 65.8835678100586 65.8462448120117 65.6589126586914 65.5356750488281 65.7528991699219 65.7188110351562 65.5458374023438 65.4337005615234 65.2529525756836 64.9809494018555 64.7571868896484 64.6498184204102 64.5058212280273 64.515754699707 64.4531860351562 -9999 -9999 63.9749298095703 63.5094299316406 63.7031402587891 63.7725257873535 63.4417953491211 62.8511276245117 62.6180458068848 62.3619918823242 62.5824356079102 62.7849731445312 62.4183044433594 62.2442207336426 61.9145774841309
