rcp4.5models/GFDL_CM3/sc1gr6.23
NCOLS 261 
NROWS 433 
XLLCORNER 336357.134 
YLLCORNER 654653.479 
CELLSIZE 1000 
NODATA_value -3.4e+38 
[rows 154 to 175 of 433, columns 98 to 146 of 261]
1430.03771972656 1437.62060546875 1445.81774902344 1455.95471191406 1461.5625 1466.60729980469 1472.73315429688 1475.44873046875 1478.51489257812 1482.01196289062 1486.25817871094 1491.01782226562 1494.38696289062 1499.71716308594 1511.43713378906 1517.39123535156 1522.41564941406 1526.80090332031 1531.49694824219 1534.79907226562 1538.21105957031 1542.29064941406 1547.36047363281 1551.32336425781 1554.15563964844 1558.17504882812 1567.07958984375 1570.9384765625 1571.50610351562 1574.85583496094 1576.76770019531 1579.46752929688 1581.37524414062 1583.38977050781 1583.81726074219 1581.68176269531 1580.6279296875 1583.85583496094 1583.23742675781 1591.55041503906 1605.39831542969 1585.74182128906 1584.486328125 1585.30615234375 1586.43481445312 1586.39636230469 1586.7626953125 1586.88623046875 1579.62048339844
1431.587890625 1435.98559570312 1442.83923339844 1454.7734375 1461.35046386719 1467.72412109375 1473.458984375 1475.564453125 1478.53051757812 1481.01794433594 -3.4e+38 1490.3955078125 1493.07067871094 1498.69299316406 1509.76696777344 1514.65356445312 1520.39807128906 1525.14404296875 1530.36181640625 1534.95178222656 1537.6513671875 -3.4e+38 1545.89282226562 1550.17492675781 1553.12390136719 1556.52307128906 1564.45568847656 1567.21044921875 1568.07922363281 1571.0830078125 1574.83508300781 1578.27526855469 1580.1103515625 1582.09924316406 1581.66064453125 1579.47302246094 1579.31079101562 1580.67846679688 1580.05603027344 1585.59594726562 1591.69384765625 1583.36315917969 1582.86499023438 1582.09155273438 1582.80554199219 1583.86315917969 1585.23107910156 1586.30993652344 1579.42333984375
1431.02795410156 -3.4e+38 1442.26110839844 1454.40014648438 1461.53198242188 1468.07104492188 1472.20971679688 1476.00256347656 1478.43469238281 1481.19213867188 1485.67919921875 1489.73217773438 1492.28967285156 1497.25402832031 1507.69006347656 1512.05834960938 1518.13806152344 1524.13464355469 1527.74548339844 1533.17492675781 1535.73864746094 1539.72509765625 1544.5126953125 1547.85314941406 1551.80041503906 1555.17956542969 1561.99047851562 1563.0791015625 1564.92614746094 1569.24645996094 1572.44567871094 1576.33850097656 1578.294921875 1579.06262207031 1577.96240234375 1577.24475097656 1577.57495117188 1577.53271484375 1577.92211914062 1578.5517578125 1580.09790039062 1580.64685058594 1580.39575195312 1580.31115722656 1580.06774902344 1580.91052246094 1581.78686523438 1582.53234863281 1577.01782226562
1428.59851074219 1435.34460449219 1441.08190917969 1454.93957519531 1461.03503417969 1465.59252929688 1470.07849121094 1476.45080566406 1479.68835449219 1483.12377929688 1485.70361328125 1490.287109375 1493.458984375 1495.3505859375 1505.46997070312 1512.04553222656 1517.55944824219 1522.27319335938 1524.37316894531 1529.29089355469 1533.1123046875 1537.73901367188 1542.2421875 1543.64318847656 1548.06616210938 1551.08862304688 1557.87829589844 1559.77087402344 1563.26782226562 1567.90393066406 1570.30065917969 1574.51354980469 1577.87084960938 1577.25817871094 1576.54895019531 1574.44104003906 1574.68920898438 1576.63366699219 1576.09399414062 1576.1904296875 1578.61376953125 1578.72290039062 1578.95617675781 1578.68212890625 1578.86352539062 1578.50817871094 1577.51489257812 1578.11535644531 1574.4375
1427.93908691406 1435.8369140625 1440.00573730469 1453.68823242188 1459.42504882812 1462.86596679688 1468.48120117188 1475.294921875 1480.84375 1483.98693847656 1485.10925292969 1491.01354980469 1492.55834960938 1494.46875 1503.43078613281 1511.06469726562 1515.927734375 1519.65832519531 1521.66223144531 1525.52526855469 1529.7314453125 1534.7216796875 1538.20690917969 1540.32177734375 1543.71984863281 1546.82409667969 1556.27392578125 1559.14050292969 1562.52990722656 1565.60290527344 1568.99377441406 1573.55017089844 1578.26928710938 1576.09326171875 1574.59350585938 1572.43798828125 1572.36767578125 1573.85021972656 1573.26684570312 1574.74841308594 1576.89306640625 1578.38317871094 1578.37731933594 1577.38000488281 1578.32885742188 1577.42553710938 -3.4e+38 1576.98681640625 1573.39501953125
1429.5693359375 1435.00024414062 1440.29663085938 1451.78552246094 1459.15368652344 1463.06604003906 1467.41052246094 1474.09558105469 1480.40881347656 1483.40478515625 1486.73669433594 1491.44934082031 1492.87390136719 1495.26391601562 1502.18530273438 -3.4e+38 -3.4e+38 1515.56225585938 1519.59521484375 1523.064453125 1527.00085449219 1531.18054199219 1535.44177246094 1539.66479492188 1542.15002441406 1543.931640625 1554.33837890625 1558.77307128906 1561.197265625 1563.65856933594 1566.84619140625 1571.83959960938 1577.67639160156 1574.70739746094 1571.48425292969 1569.54333496094 1571.13439941406 1569.94897460938 1570.19250488281 1571.96948242188 1573.71081542969 1575.39685058594 1577.14953613281 1577.37072753906 1578.00134277344 1576.60571289062 1575.5185546875 1575.87719726562 1572.43603515625
1430.36010742188 1435.1728515625 1441.91271972656 1454.43884277344 1459.62475585938 1465.28466796875 1467.75427246094 1472.83703613281 1480 1484.46557617188 1487.34033203125 1489.55773925781 1492.31042480469 1495.32641601562 -3.4e+38 -3.4e+38 1511.23718261719 1514.27575683594 1518.41174316406 1521.9794921875 1526.01220703125 1530.46325683594 1535.05798339844 1537.58679199219 1541.40563964844 1543.53198242188 1550.23181152344 1555.99072265625 1558.16735839844 1561.52941894531 1564.99865722656 1569.40905761719 1574.6123046875 1571.68994140625 1569.65197753906 1567.60461425781 1569.0322265625 1567.525390625 1568.72216796875 1571.60986328125 1572.23669433594 1572.36474609375 1574.93139648438 1576.90405273438 1576.20349121094 1575.92395019531 1575.50244140625 1575.64880371094 1573.01672363281
1431.4599609375 1437.35803222656 1443.16455078125 1453.3759765625 1457.10729980469 1463.72778320312 1469.76342773438 1475.27185058594 1481.2802734375 1486.97973632812 1487.66687011719 1490.2099609375 1494.16967773438 1496.64636230469 1501.46630859375 -3.4e+38 1509.57299804688 1514.38159179688 1519.90649414062 1524.06579589844 1527.5791015625 1528.59704589844 1532.4638671875 1536.87390136719 1538.21459960938 1543.18933105469 1550.38134765625 1553.16516113281 1555.06066894531 1558.21496582031 1560.69641113281 1564.09643554688 1563.04028320312 1562.36950683594 1564.15991210938 1565.08862304688 1563.93103027344 1564.38232421875 1565.81787109375 1568.11682128906 1570.51196289062 1570.95056152344 1570.89208984375 1572.99169921875 1575.18371582031 1576.49755859375 1577.21911621094 1582.36157226562 1575.10986328125
1435.45385742188 1438.42749023438 1444.69494628906 1455.66906738281 1457.52978515625 1462.75866699219 1470.078125 1476.80920410156 1483.42175292969 1487.47570800781 1489.67126464844 1491.86193847656 1493.48706054688 1495.44860839844 1501.39880371094 -3.4e+38 1509.42895507812 1513.00256347656 1516.95764160156 1523.11767578125 1527.31469726562 1530.16430664062 1533.10229492188 1537.80041503906 1539.44592285156 1544.2607421875 1549.09265136719 1553.35180664062 1555.22302246094 1558.59887695312 1560.91577148438 1562.77709960938 1561.20947265625 1560.45068359375 1560.39099121094 1561.97924804688 1561.75073242188 1564.04760742188 1565.67175292969 1565.70886230469 1568.16674804688 1570.92370605469 1569.76342773438 1571.28662109375 1573.841796875 1576.76672363281 1579.55895996094 1581.18029785156 1577.07019042969
1436.21630859375 1438.20458984375 1446.02185058594 1456.74060058594 1460.14611816406 1463.66857910156 1469.05847167969 1474.88610839844 1481.19372558594 1484.86352539062 1490.70520019531 1493.412109375 1497.11352539062 1495.84936523438 1500.25402832031 1503.5029296875 1509.88452148438 1513.17236328125 1516.01330566406 1520.19458007812 1525.4794921875 1528.83361816406 1533.55261230469 1538.81433105469 1540.66491699219 1542.38439941406 1547.37243652344 1552.35034179688 1554.72448730469 1558.09826660156 1561.16259765625 1562.02404785156 1559.24987792969 1561.32092285156 1560.87512207031 1560.27075195312 1560.44116210938 1563.25183105469 1565.01696777344 1565.060546875 1566.14038085938 1569.83337402344 1569.88305664062 1570.75073242188 1573.61535644531 1579.39416503906 1583.90710449219 1582.65283203125 1578.92236328125
1435.73352050781 1439.79248046875 1446.11791992188 1454.96911621094 1460.5712890625 1465.32373046875 1468.67199707031 1472.7265625 1478.40490722656 1482.55847167969 1488.275390625 1492.49060058594 1497.6953125 1496.69104003906 1500.36706542969 1503.65148925781 1509.990234375 1514.28735351562 1516.75573730469 1519.1484375 1524.1689453125 1527.02282714844 1532.76416015625 1536.63024902344 1540.6962890625 1541.72216796875 1547.43713378906 1550.43762207031 1554.0166015625 1557.31274414062 1562.14208984375 1563.17614746094 1558.10949707031 1562.4990234375 1562.40246582031 1559.63098144531 1559.10522460938 1562.84790039062 1565.41516113281 1566.5966796875 1566.15637207031 1569.06005859375 1571.29443359375 1571.90905761719 1575.72375488281 1580.986328125 1585.70812988281 1584.18017578125 1580.24438476562
1435.72937011719 1440.77746582031 1446.31530761719 1453.587890625 1459.44970703125 1463.89025878906 1467.13818359375 1470.65417480469 1475.43286132812 1481.56762695312 1487.21997070312 1490.57922363281 1493.78686523438 1495.07409667969 1499.37536621094 1503.42626953125 1508.31665039062 1512.8623046875 1516.95361328125 1520.13745117188 1525.26684570312 1528.17114257812 1532.8671875 1536.36999511719 1541.15356445312 1542.71276855469 1548.69836425781 1550.94799804688 1555.28125 1557.16271972656 1561.94641113281 1563.62951660156 1559.07958984375 1562.30725097656 1560.95581054688 1559.23913574219 1558.48510742188 1562.15466308594 1565.58068847656 1566.90124511719 1565.64392089844 1568.09204101562 1571.78173828125 1572.82336425781 1577.28210449219 1581.96936035156 1584.69836425781 1584.69567871094 1581.79431152344
1436.77587890625 1442.0869140625 1446.09545898438 1451.94274902344 1457.92651367188 1461.33422851562 1465.27795410156 1470.42468261719 1474.64685058594 1480.28723144531 1485.84045410156 1489.892578125 1499.82507324219 1515.7255859375 1500.12292480469 1503.69189453125 1507.83874511719 1510.02099609375 1516.3076171875 1521.10046386719 1525.46533203125 1529.03735351562 1531.39599609375 1535.86840820312 1540.69689941406 1541.21484375 1550.17614746094 1553.79663085938 1557.86169433594 1557.78894042969 1560.54272460938 1561.11022949219 1559.22680664062 1561.75695800781 1561.53002929688 1559.66015625 1558.11926269531 1562.14428710938 1563.87646484375 1565.99108886719 1564.90417480469 1566.46215820312 1569.23999023438 1570.99462890625 1575.00964355469 1580.25964355469 1581.31005859375 1582.85656738281 1583.97399902344
1435.28833007812 1442.43395996094 1446.06958007812 1450.62463378906 1455.775390625 1460.24169921875 1465.703125 1470.82629394531 1474.5400390625 1479.74450683594 1485.44812011719 1490.28393554688 1499.001953125 1510.98217773438 1501.02136230469 1504.53173828125 1507.13293457031 1510.15222167969 1515.31079101562 1521.3203125 1524.86059570312 1527.14367675781 1529.40966796875 1533.91748046875 1538.00390625 1541.31994628906 1548.75439453125 1552.876953125 1556.61022949219 1558.70593261719 1559.79321289062 1557.87854003906 1558.16772460938 1559.26550292969 1559.32006835938 1559.0087890625 1557.95520019531 1562.80212402344 1563.84118652344 1566.07250976562 1566.10083007812 1566.81164550781 1568.06677246094 1570.77124023438 -3.4e+38 1575.46752929688 1576.95922851562 1579.16821289062 1583.64208984375
1435.29907226562 1442.38220214844 1446.81005859375 1451.68518066406 1454.69409179688 1458.98095703125 1465.97668457031 1472.02575683594 1475.47595214844 1480.26171875 1485.673828125 1491.4267578125 1495.31616210938 1496.69775390625 1502.29797363281 1505.72766113281 1507.22900390625 1509.86975097656 1514.33471679688 1518.88659667969 1523.19055175781 1525.45886230469 1528.26794433594 1532.69848632812 1535.29968261719 1540.99658203125 1545.45056152344 1549.63549804688 1553.35217285156 1558.69702148438 1559.99487304688 1556.89990234375 1557.35693359375 1557.02941894531 1557.3974609375 1559.02587890625 1557.25305175781 1561.35754394531 1563.49133300781 1565.79602050781 1567.00439453125 1569.6611328125 1570.09704589844 1571.2275390625 -3.4e+38 -3.4e+38 1577.31335449219 1578.67492675781 1583.28601074219
1434.73266601562 1442.26013183594 1448.41491699219 1452.89184570312 1455.529296875 1459.32861328125 1464.56164550781 1470.80114746094 1475.41845703125 1479.73352050781 1484.55102539062 1490.55676269531 1495.94616699219 1498.20080566406 1502.39453125 1506.44934082031 1507.03930664062 1510.7197265625 1514.15710449219 1518.2568359375 1522.36218261719 1525.68176269531 1529.23876953125 1532.91748046875 1534.44055175781 1538.63244628906 1544.40270996094 1549.81359863281 1553.095703125 1558.59313964844 1562.71826171875 1556.5498046875 1556.27770996094 1557.3427734375 1557.76770019531 1557.64074707031 1557.48034667969 1561.44311523438 1563.125 1565.44189453125 1567.96130371094 1572.34326171875 1572.08410644531 1572.56555175781 1575.71862792969 1577.06958007812 1578.17138671875 1580.79541015625 1582.00158691406
1432.77978515625 1440.47229003906 1447.49682617188 1454.3193359375 1458.20922851562 1461.36010742188 1464.47692871094 1469.21411132812 1475.34533691406 1479.091796875 1484.10571289062 1490.05554199219 1495.70983886719 1499.43957519531 1503.87927246094 1507.97351074219 1507.77404785156 1513.03552246094 1516.79675292969 1520.89465332031 1522.53918457031 1527.28686523438 1531.74658203125 1533.95300292969 1536.0166015625 1538.27795410156 1543.50817871094 1549.15148925781 1552.51281738281 1557.76806640625 1566.89819335938 1568.84985351562 1556.63232421875 1558.06018066406 1556.7470703125 1556.95776367188 1557.58056640625 1563.43249511719 1565.78466796875 1565.45178222656 1569.52648925781 1576.73449707031 1575.6650390625 1575.46704101562 1578.068359375 1578.62634277344 1578.90612792969 1584.28076171875 1581.01794433594
1430.69860839844 1437.34130859375 1444.12170410156 1453.94360351562 1459.1494140625 1461.75451660156 1466.44702148438 1470.13024902344 1475.97485351562 1480.72338867188 1485.61779785156 1490.501953125 1496.03576660156 1500.76794433594 1507.78100585938 1508.96923828125 1509.49975585938 1514.51708984375 1518.15161132812 1521.61450195312 1522.38562011719 1527.9501953125 1532.67211914062 1535.44396972656 1537.36669921875 1540.02392578125 1544.28881835938 1548.10131835938 1550.94653320312 1555.76721191406 1563.38305664062 1568.97180175781 1557.41674804688 1557.07641601562 1557.3359375 1557.43725585938 1557.54345703125 1562.98864746094 1566.23742675781 1567.24108886719 1572.3740234375 1578.57922363281 1578.6396484375 1580.11987304688 1581.6240234375 1580.4111328125 1581.21948242188 1586.20495605469 1585.85852050781
1430.71496582031 1435.08422851562 1442.044921875 1453.40454101562 1458.59375 1461.73364257812 1467.86437988281 1472.73022460938 1476.35583496094 1481.84130859375 1485.91271972656 1490.95373535156 1499.06005859375 1503.10571289062 1507.40771484375 1509.34375 1511.24389648438 1514.896484375 1518.55859375 1521.76257324219 1524.50939941406 1530.27917480469 1533.83813476562 1536.61669921875 1539.48425292969 1541.2216796875 1547.5556640625 1550.02026367188 1551.75256347656 1554.77197265625 1558.00793457031 1561.09606933594 1559.64343261719 1557.27478027344 1558.53405761719 1558.24731445312 1558.10400390625 1563.216796875 1567.107421875 1570.21533203125 -3.4e+38 1576.40563964844 1581.08654785156 1586.06616210938 1589.54272460938 1584.5458984375 1583.80456542969 1586.03991699219 1590.3857421875
1432.94030761719 1439.62951660156 1442.2431640625 1452.20703125 1455.85815429688 1460.70520019531 1465.70886230469 1472.41735839844 -3.4e+38 1480.43103027344 1486.16430664062 1491.18627929688 1496.02478027344 1500.15966796875 1505.11083984375 1509.49084472656 1513.81713867188 1517.06579589844 1519.97387695312 1524.48291015625 1526.16442871094 1530.47375488281 1534.59997558594 1537.52429199219 1541.36169433594 1542.49047851562 1549.39782714844 1553.97253417969 1558.18371582031 1557.91455078125 1561.74426269531 1564.76684570312 1563.22131347656 1561.90441894531 1561.87316894531 1561.06994628906 1562.19360351562 1570.11486816406 1574.05505371094 1577.31884765625 -3.4e+38 1577.85339355469 1585.29321289062 1595.97021484375 1600.79028320312 1592.39807128906 1592.01501464844 1591.20837402344 1592.33154296875
1433.6259765625 1438.35314941406 1444.67822265625 1452.81030273438 1457.35302734375 1460.50390625 1466.71630859375 1472.38171386719 -3.4e+38 1480.35925292969 1485.12109375 1489.47351074219 1494.45251464844 1496.76635742188 1504.40161132812 1508.75134277344 1511.08715820312 1515.12255859375 1520.64697265625 1525.43432617188 1526.10510253906 1527.98315429688 1534.439453125 1536.86669921875 1539.48449707031 1542.22448730469 1551.21215820312 1553.43127441406 1558.35974121094 1560.43298339844 1564.6787109375 1566.990234375 1564.69079589844 1563.29016113281 1562.08764648438 1562.40869140625 1562.41088867188 1570.95666503906 1574.74291992188 1580.41027832031 1580.45520019531 1580.59594726562 1591.10107421875 1603.79479980469 1601.04565429688 1595.32763671875 1595.94995117188 1593.3994140625 1591.36682128906
1435.00439453125 1438.46948242188 1445.06750488281 1454.20056152344 1461.26977539062 1464.17163085938 1468.31567382812 -3.4e+38 -3.4e+38 -3.4e+38 1483.83251953125 1487.50207519531 1492.16015625 1495.09155273438 1503.11120605469 1507.49072265625 1510.56140136719 1515.24963378906 1521.46301269531 1526.24963378906 1526.30200195312 1528.35852050781 1532.10925292969 1535.73010253906 1539.53894042969 1541.6943359375 1550.35522460938 -3.4e+38 1560.27697753906 1562.82958984375 1565.35815429688 1565.96215820312 1564.57177734375 1564.36828613281 1563.23205566406 1563.11218261719 1563.94836425781 1572.88354492188 1576.4345703125 1581.85681152344 1586.63208007812 1584.21911621094 1592.71997070312 1600.87731933594 1595.95593261719 1594.9697265625 1596.19360351562 1594.52600097656 1591.61962890625
