rcp4.5models/GFDL_CM3/sc1gr3.18
NCOLS 261 
NROWS 433 
XLLCORNER 336357.134 
YLLCORNER 654653.479 
CELLSIZE 1000 
NODATA_value -3.4e+38 
[rows 264 to 285 of 433, columns 147 to 195 of 261]
252.867401123047 261.952178955078 257.637268066406 251.163848876953 249.306655883789 255.446365356445 265.278381347656 268.532531738281 269.151031494141 271.953216552734 273.429718017578 274.346221923828 274.535339355469 274.729248046875 274.681915283203 274.054718017578 273.602386474609 273.544647216797 273.193267822266 272.706909179688 272.403198242188 273.120330810547 272.270599365234 -3.4e+38 -3.4e+38 -3.4e+38 271.568145751953 271.178588867188 270.787170410156 270.070861816406 269.607391357422 269.707916259766 270.121002197266 270.625152587891 268.398132324219 264.496490478516 265.526733398438 266.10693359375 264.822906494141 263.495971679688 265.332214355469 265.572174072266 265.788330078125 266.351226806641 266.891754150391 266.530364990234 265.807891845703 265.267486572266 264.678314208984
257.471313476562 260.213226318359 250.447204589844 240.335311889648 239.609176635742 248.682861328125 257.744964599609 264.837280273438 268.213836669922 270.183929443359 272.301727294922 273.959228515625 274.312744140625 274.544311523438 274.494598388672 273.848541259766 273.761657714844 273.809448242188 273.039703369141 272.35205078125 272.673553466797 272.808898925781 272.556060791016 272.282928466797 -3.4e+38 272.019073486328 271.571197509766 271.009338378906 270.516052246094 269.937866210938 269.408966064453 269.637359619141 270.00830078125 270.279327392578 268.358489990234 264.584320068359 265.684753417969 265.455291748047 261.480194091797 258.358978271484 262.963989257812 265.691711425781 266.053588867188 266.5966796875 266.719573974609 266.944396972656 266.158660888672 265.4755859375 264.839630126953
255.314147949219 246.322463989258 235.250885009766 227.139755249023 225.690979003906 237.799667358398 247.177551269531 259.011047363281 266.625061035156 269.038879394531 269.891571044922 274.1494140625 274.477020263672 274.465087890625 274.294219970703 273.973876953125 274.211700439453 273.955078125 273.755767822266 273.486450195312 273.040954589844 272.351226806641 272.070617675781 271.992370605469 -3.4e+38 271.969696044922 271.057556152344 270.378021240234 269.774719238281 269.868194580078 269.889709472656 269.237487792969 269.502990722656 268.840454101562 265.101959228516 265.197937011719 265.025329589844 265.429901123047 263.527099609375 258.028411865234 257.656921386719 262.955108642578 265.158020019531 264.704376220703 265.80322265625 266.679473876953 266.164337158203 265.499908447266 265.787322998047
250.681655883789 245.438537597656 232.020797729492 220.391860961914 215.69873046875 226.763275146484 236.732681274414 251.600570678711 260.796203613281 266.234710693359 268.501953125 274.094970703125 274.473358154297 274.463958740234 274.458099365234 274.257965087891 273.982116699219 273.799133300781 273.827789306641 273.336303710938 273.145904541016 272.35205078125 271.889617919922 271.696990966797 272.24560546875 -3.4e+38 271.128479003906 270.539398193359 270.199737548828 270.126037597656 269.749206542969 269.283599853516 269.614715576172 268.779205322266 264.723968505859 265.025146484375 264.661041259766 265.163299560547 263.676513671875 257.059600830078 253.665924072266 260.297637939453 264.797424316406 264.561096191406 265.786285400391 266.381622314453 265.629730224609 264.235473632812 265.364898681641
239.870803833008 235.875427246094 229.648529052734 217.199279785156 212.466445922852 220.286575317383 226.190444946289 239.707168579102 250.550048828125 260.323852539062 267.37890625 273.837585449219 274.421356201172 -3.4e+38 274.511444091797 274.30615234375 272.080902099609 270.441223144531 273.462310791016 273.040618896484 272.453186035156 271.752044677734 271.715454101562 271.560577392578 271.958251953125 -3.4e+38 271.517639160156 271.15185546875 270.780853271484 270.564636230469 269.751495361328 269.530059814453 269.654754638672 266.478729248047 264.719146728516 264.869323730469 264.439361572266 265.154998779297 264.547546386719 260.835021972656 258.575744628906 261.902374267578 264.855987548828 265.586578369141 265.808929443359 266.033599853516 265.27880859375 264.3525390625 265.368560791016
226.575454711914 216.433578491211 219.012573242188 218.508148193359 221.535125732422 224.970916748047 224.931396484375 228.722564697266 240.294082641602 256.238311767578 265.911315917969 273.539398193359 274.24853515625 274.440368652344 274.398223876953 273.540252685547 270.484222412109 269.298980712891 273.306549072266 272.770843505859 271.491912841797 271.332611083984 271.438537597656 271.628326416016 272.097930908203 272.219696044922 271.767395019531 270.651672363281 269.733276367188 270.415557861328 270.214385986328 269.887969970703 269.533874511719 264.413452148438 264.408599853516 264.507659912109 264.302093505859 264.665557861328 264.858032226562 264.424926757812 263.796051025391 263.757904052734 264.624328613281 265.119476318359 265.110504150391 265.744018554688 264.999389648438 265.073974609375 265.709259033203
212.0556640625 203.159774780273 209.637329101562 223.703720092773 230.821228027344 235.363479614258 235.326477050781 230.679351806641 235.006164550781 251.514953613281 263.424682617188 273.432708740234 273.829559326172 274.210174560547 274.264068603516 273.536865234375 271.717315673828 271.555694580078 272.956451416016 272.524444580078 271.548736572266 271.588287353516 271.795379638672 271.969299316406 271.930603027344 272.03466796875 271.835510253906 270.225372314453 269.213134765625 269.709289550781 270.177124023438 269.860504150391 269.645629882812 266.057159423828 263.756072998047 264.087646484375 264.260833740234 264.273315429688 264.744934082031 265.069519042969 263.719207763672 262.994598388672 263.672424316406 264.488983154297 264.850341796875 265.328033447266 264.489654541016 264.917449951172 265.973358154297
203.214965820312 203.460388183594 210.648895263672 229.55339050293 234.445877075195 242.75862121582 245.617706298828 243.027496337891 243.242156982422 253.167266845703 265.400329589844 273.031372070312 273.562408447266 274.056671142578 -3.4e+38 274.033996582031 272.296081542969 270.544342041016 272.787109375 272.645538330078 272.154449462891 272.274780273438 272.396057128906 272.342559814453 271.768829345703 271.969848632812 271.943939208984 271.257019042969 270.756408691406 269.874450683594 269.731170654297 269.588562011719 269.766662597656 268.629974365234 265.426696777344 263.794311523438 264.308044433594 264.446624755859 264.702178955078 264.624877929688 263.440582275391 262.729461669922 263.534240722656 264.622863769531 265.040893554688 264.930297851562 264.553741455078 265.097747802734 266.052642822266
210.336303710938 216.646606445312 224.020935058594 235.893630981445 238.392654418945 246.085662841797 250.409454345703 251.301498413086 254.705444335938 261.628387451172 268.89208984375 272.628295898438 273.797790527344 274.227233886719 274.276519775391 274.154815673828 272.035308837891 269.652893066406 273.118560791016 273.208648681641 272.88671875 273.159515380859 272.792663574219 272.614593505859 272.072875976562 271.733245849609 271.809600830078 271.862121582031 271.448272705078 270.736511230469 270.254211425781 270.054565429688 270.199859619141 266.614593505859 264.930450439453 263.669250488281 264.126403808594 264.482666015625 264.740814208984 264.431854248047 263.417327880859 262.859405517578 263.286834716797 263.920013427734 264.290924072266 264.396301269531 264.779663085938 265.57275390625 265.666229248047
223.286849975586 229.527557373047 237.261993408203 241.666870117188 243.275085449219 247.19873046875 251.172836303711 252.819122314453 259.425598144531 266.737884521484 270.653350830078 273.444183349609 274.126647949219 274.219940185547 274.291229248047 274.201202392578 273.012969970703 -3.4e+38 -3.4e+38 -3.4e+38 -3.4e+38 273.416564941406 272.983032226562 272.579681396484 271.963531494141 271.30126953125 271.425750732422 271.408538818359 271.238220214844 271.047882080078 271.119384765625 270.943420410156 270.778625488281 263.707885742188 262.655242919922 263.142333984375 263.386993408203 263.753936767578 264.432464599609 264.438293457031 263.383026123047 261.759552001953 260.248901367188 261.212463378906 262.523590087891 263.657897949219 264.656158447266 265.605712890625 264.991363525391
231.237365722656 236.381469726562 242.234970092773 244.551651000977 245.011428833008 245.098739624023 246.554702758789 251.724411010742 262.997406005859 269.956726074219 272.394653320312 274.130340576172 274.208648681641 274.115234375 274.133087158203 274.038726806641 273.642028808594 273.185211181641 273.315765380859 273.823425292969 273.394744873047 272.966217041016 272.786193847656 272.4150390625 271.949798583984 271.168212890625 271.128295898438 270.950073242188 270.543182373047 270.285064697266 271.007232666016 271.378265380859 270.904968261719 266.153961181641 264.027923583984 262.375366210938 262.767303466797 263.225524902344 264.021484375 264.191864013672 263.269683837891 261.125671386719 257.9326171875 259.421752929688 261.404693603516 263.596771240234 264.649200439453 264.684020996094 264.145599365234
228.069305419922 235.482894897461 238.764602661133 243.749145507812 245.245269775391 242.274658203125 240.554244995117 250.17497253418 263.302062988281 269.830749511719 271.867706298828 273.505676269531 273.718841552734 274.059173583984 274.134948730469 273.987884521484 273.558624267578 272.908447265625 272.178741455078 272.545013427734 272.470703125 272.070373535156 272.570129394531 272.304901123047 271.943359375 271.035980224609 270.845520019531 270.853088378906 270.319396972656 269.937591552734 270.179992675781 270.918212890625 269.705627441406 265.822265625 263.884582519531 262.383697509766 263.09619140625 263.374114990234 263.778015136719 263.911743164062 263.732177734375 261.832336425781 258.749114990234 259.670715332031 262.155578613281 264.408569335938 264.607330322266 264.124816894531 264.3037109375
217.572555541992 225.41227722168 231.310638427734 240.351043701172 242.049285888672 237.221878051758 235.560958862305 248.9404296875 263.458068847656 264.989776611328 266.456298828125 268.122802734375 267.196929931641 273.660247802734 274.079650878906 273.873840332031 273.564910888672 272.842529296875 271.883361816406 272.075622558594 271.997222900391 271.713775634766 272.080261230469 272.197143554688 271.837677001953 270.933929443359 270.542999267578 270.676635742188 270.306518554688 269.601135253906 269.190063476562 270.192169189453 268.689086914062 264.245971679688 264.596130371094 262.301483154297 262.651641845703 263.526977539062 263.165374755859 263.204071044922 263.796203613281 262.931457519531 260.638732910156 259.769195556641 262.762847900391 264.405975341797 264.199584960938 264.489196777344 265.070587158203
207.558303833008 219.501617431641 231.804992675781 238.435363769531 236.182342529297 230.43327331543 230.912734985352 242.497283935547 254.491882324219 257.050506591797 263.857086181641 263.759948730469 262.279541015625 272.618072509766 273.999328613281 273.826416015625 273.648162841797 273.320648193359 272.759460449219 -3.4e+38 272.252868652344 271.906524658203 271.856048583984 272.028167724609 271.840484619141 270.883331298828 270.244750976562 270.088623046875 269.745513916016 269.476623535156 269.643463134766 270.164672851562 268.548278808594 267.3359375 266.681640625 262.499237060547 263.332275390625 264.3095703125 262.327423095703 262.525665283203 263.363189697266 263.597900390625 262.265289306641 260.307312011719 260.810668945312 263.571716308594 263.652526855469 264.510559082031 265.708129882812
203.27619934082 220.529144287109 232.104797363281 230.516082763672 226.760803222656 224.804306030273 224.680053710938 228.48420715332 230.229537963867 228.624816894531 239.784378051758 257.492431640625 264.857025146484 272.242095947266 273.860534667969 273.939270019531 273.678955078125 273.306488037109 273.115447998047 272.939239501953 272.891845703125 272.708129882812 271.727661132812 271.378326416016 271.244293212891 270.898559570312 270.177520751953 269.439697265625 269.238372802734 269.084899902344 269.457824707031 269.133850097656 268.231872558594 264.777435302734 265.624816894531 262.807250976562 263.127838134766 262.518981933594 261.443145751953 262.020355224609 262.938934326172 263.514373779297 263.051055908203 261.816772460938 258.209747314453 244.791732788086 253.012481689453 262.743041992188 265.087097167969
212.023910522461 222.035354614258 234.47737121582 234.239547729492 232.81803894043 231.882843017578 228.701278686523 229.903701782227 231.494537353516 232.789825439453 235.803894042969 262.384796142578 267.957550048828 272.080383300781 273.581726074219 273.941375732422 273.798828125 273.630096435547 273.356597900391 273.061126708984 -3.4e+38 272.544250488281 271.979339599609 271.492431640625 270.926300048828 270.350158691406 269.964630126953 269.387786865234 268.961761474609 268.4052734375 268.340515136719 267.7734375 266.967498779297 264.962463378906 266.649505615234 264.300048828125 262.372589111328 262.140655517578 263.059509277344 262.779907226562 262.853546142578 263.177429199219 262.555755615234 261.672637939453 259.33544921875 239.717910766602 249.504837036133 263.187866210938 265.000366210938
223.494262695312 228.204544067383 240.954254150391 246.280181884766 237.935272216797 233.708831787109 230.523406982422 231.387161254883 229.865539550781 232.359329223633 231.446670532227 260.219696044922 268.530364990234 271.767059326172 273.480407714844 273.971984863281 273.960632324219 273.724761962891 273.015441894531 272.762542724609 -3.4e+38 272.416839599609 271.569519042969 271.177307128906 270.759063720703 270.282897949219 269.816497802734 269.260803222656 268.541564941406 268.017944335938 267.352233886719 267.169128417969 267.531921386719 265.162139892578 267.8251953125 265.90380859375 264.441253662109 263.786834716797 262.958374023438 262.606262207031 262.984924316406 263.099884033203 262.173370361328 261.560211181641 260.004089355469 245.134750366211 248.410980224609 262.772308349609 264.735961914062
230.253021240234 239.541305541992 254.252502441406 256.339660644531 244.864944458008 233.893020629883 231.441390991211 233.428344726562 225.173461914062 226.906021118164 223.972122192383 258.351989746094 265.953277587891 271.100158691406 273.278045654297 273.683044433594 273.849212646484 273.512878417969 273.011566162109 272.712768554688 272.646209716797 272.306884765625 271.199462890625 271.286010742188 271.110931396484 270.631774902344 269.749603271484 268.955505371094 268.264404296875 268.027801513672 267.439727783203 267.54931640625 267.541534423828 266.340972900391 266.177917480469 266.726684570312 265.849273681641 263.035217285156 261.968292236328 262.175445556641 262.855041503906 262.861572265625 262.144317626953 261.22900390625 259.575927734375 252.983551025391 250.758514404297 262.237396240234 264.306121826172
237.608642578125 255.101928710938 262.834259033203 256.968170166016 243.871154785156 231.837829589844 237.814407348633 242.351287841797 226.083877563477 227.133377075195 226.96257019043 257.4033203125 263.685760498047 268.388397216797 272.550659179688 273.043518066406 273.6572265625 273.625244140625 273.4833984375 273.060119628906 272.792999267578 272.373901367188 271.481109619141 270.773162841797 269.280395507812 270.249420166016 270.216888427734 268.755767822266 267.828735351562 268.275238037109 267.849334716797 267.541381835938 267.550537109375 268.180877685547 267.177429199219 267.763153076172 266.079284667969 263.251647949219 262.025665283203 261.835083007812 262.119415283203 262.567077636719 262.167724609375 259.572814941406 254.747772216797 256.448913574219 257.186462402344 263.126953125 264.123107910156
241.332672119141 263.624816894531 264.886474609375 254.05305480957 235.722030639648 230.660446166992 245.776382446289 251.619262695312 230.062286376953 228.871765136719 232.889663696289 249.340057373047 261.435974121094 264.411743164062 271.231597900391 272.723205566406 273.577972412109 273.6513671875 273.498962402344 273.046630859375 -3.4e+38 -3.4e+38 271.591430664062 270.498687744141 268.776153564453 269.857269287109 270.326965332031 269.445465087891 268.585021972656 268.398498535156 267.419738769531 267.436828613281 267.520690917969 268.567535400391 268.909423828125 267.460174560547 265.657012939453 265.460052490234 261.797790527344 261.332733154297 261.397277832031 262.170440673828 262.286285400391 258.403778076172 251.75129699707 257.373016357422 258.239624023438 261.497283935547 264.172729492188
241.100021362305 264.585845947266 264.299011230469 252.273818969727 235.187225341797 237.739074707031 255.779983520508 254.948257446289 230.374771118164 228.147109985352 237.326354980469 244.887802124023 258.35986328125 261.938507080078 269.908050537109 272.553009033203 273.436187744141 273.571228027344 272.158386230469 269.611602783203 270.77978515625 272.487274169922 271.800994873047 271.298797607422 270.506011962891 269.982574462891 269.73095703125 -3.4e+38 269.337280273438 268.322357177734 267.134185791016 267.000091552734 267.217681884766 268.017242431641 268.401092529297 266.773223876953 263.609405517578 265.883178710938 264.801879882812 264.146850585938 263.095947265625 261.830230712891 262.420501708984 260.230987548828 256.911346435547 258.144622802734 256.142822265625 257.234161376953 263.048248291016
252.95329284668 268.158111572266 263.663879394531 250.664321899414 235.663635253906 244.217803955078 262.738250732422 253.260650634766 231.309494018555 230.049163818359 240.324234008789 252.701843261719 255.503799438477 256.660217285156 267.180084228516 272.078094482422 273.073852539062 273.430053710938 271.563720703125 267.748962402344 269.180328369141 271.222106933594 -3.4e+38 271.079040527344 270.321990966797 269.561309814453 269.237823486328 269.435089111328 -3.4e+38 268.510650634766 267.273742675781 265.805480957031 266.79833984375 267.323608398438 267.994873046875 267.274475097656 264.300720214844 265.657958984375 267.195892333984 265.885284423828 263.627868652344 261.111907958984 261.880981445312 261.391479492188 260.588043212891 258.282989501953 256.059234619141 256.816009521484 261.287048339844
