rcp4.5models/GFDL_CM3/sc1gr0.12
NCOLS 261 
NROWS 433 
XLLCORNER 336357.134 
YLLCORNER 654653.479 
CELLSIZE 1000 
NODATA_value -3.4e+38 
[rows 198 to 219 of 433, columns 147 to 195 of 261]
81.8907623291016 81.6574935913086 81.5018692016602 -3.4e+38 -3.4e+38 -3.4e+38 80.9327392578125 80.6558227539062 80.5130462646484 80.3378372192383 79.9895248413086 79.6208648681641 79.5071105957031 79.4018173217773 79.1462478637695 78.8558807373047 78.6575698852539 78.5004653930664 78.4621734619141 78.3375244140625 78.1264572143555 77.9018859863281 77.6734161376953 77.4983444213867 77.4407043457031 77.27490234375 76.9210205078125 76.6681747436523 76.5383605957031 76.4745178222656 76.2908935546875 76.0452499389648 75.8621444702148 75.4710540771484 75.3493270874023 75.1778564453125 75.1387481689453 75.0927810668945 74.8954467773438 74.7502517700195 74.7671661376953 74.5918884277344 74.4321517944336 74.3880310058594 74.0826034545898 73.4610824584961 73.2936782836914 73.1901702880859 73.2481994628906
81.8804626464844 81.7360229492188 -3.4e+38 -3.4e+38 -3.4e+38 81.1371078491211 80.8060989379883 80.6751251220703 80.5347518920898 80.3211288452148 80.1284942626953 79.7781982421875 79.6130142211914 79.5032119750977 79.2950668334961 79.0794677734375 78.8142852783203 78.6945724487305 78.6194839477539 78.4319915771484 78.2682342529297 78.1040573120117 77.7999954223633 77.4836196899414 77.3154144287109 77.1365280151367 76.9497146606445 76.7034378051758 76.5857391357422 76.5225372314453 76.4328079223633 76.2483901977539 76.0356750488281 75.6213455200195 75.5099868774414 75.3580093383789 75.302864074707 75.2007369995117 75.025146484375 74.944221496582 74.8408279418945 74.7055587768555 74.5704650878906 74.5388031005859 74.3018035888672 73.7573699951172 73.3938140869141 73.3940658569336 73.5796813964844
81.9058532714844 -3.4e+38 -3.4e+38 -3.4e+38 -3.4e+38 81.116455078125 80.8921966552734 80.8750534057617 80.7606658935547 80.3209838867188 80.2102279663086 79.885856628418 79.6745147705078 79.5997619628906 79.4237442016602 79.2594604492188 79.0561294555664 79.0013046264648 78.8171691894531 78.5808792114258 78.407829284668 78.2493209838867 78.0020370483398 77.6691741943359 77.3261413574219 77.0415725708008 76.9473037719727 76.8018188476562 76.6686096191406 76.590705871582 76.525749206543 76.375373840332 76.2600555419922 75.8240585327148 75.6539611816406 75.4470367431641 75.3784942626953 75.2672805786133 75.1314849853516 75.0724411010742 74.947639465332 74.795280456543 74.6200790405273 74.482048034668 74.3819427490234 74.0152282714844 73.6682968139648 73.5982513427734 73.5820846557617
82.0100708007812 -3.4e+38 -3.4e+38 -3.4e+38 81.6512298583984 81.5604248046875 81.3143615722656 81.0756072998047 81.1423950195312 80.5050430297852 80.3452606201172 79.9451904296875 79.6643600463867 79.6550750732422 79.5484771728516 79.3687896728516 79.2139282226562 79.1750030517578 78.9219970703125 78.7135391235352 78.5197143554688 78.2628021240234 78.0720977783203 77.9103775024414 77.6366271972656 77.2806396484375 77.0609664916992 76.9605941772461 76.8596267700195 76.7685470581055 76.642951965332 76.4373092651367 76.3276062011719 75.9601745605469 75.8017730712891 75.7000885009766 75.4824676513672 75.3842163085938 75.3071975708008 75.2465057373047 75.0291290283203 74.978271484375 74.8534927368164 -3.4e+38 74.3877639770508 74.1731719970703 73.9758224487305 73.7538452148438 73.6174926757812
82.1592864990234 82.0174789428711 -3.4e+38 -3.4e+38 81.6244506835938 81.7031097412109 81.5739288330078 81.1511077880859 81.2438125610352 80.655517578125 80.4490966796875 80.0901794433594 79.8172912597656 79.6528472900391 79.6466522216797 79.5306625366211 79.2731323242188 79.1559600830078 78.9377365112305 78.7568283081055 78.5738372802734 78.250602722168 77.9615249633789 77.9015579223633 77.7146377563477 77.440315246582 77.2020721435547 77.1250152587891 77.0766296386719 76.9547729492188 76.763313293457 76.5324783325195 76.4296569824219 -3.4e+38 75.9942092895508 75.8691711425781 75.600700378418 75.4723892211914 75.3710174560547 75.3260498046875 75.1860656738281 75.0302581787109 74.9568939208984 74.8047943115234 74.5047149658203 74.2466049194336 74.0762710571289 73.7703704833984 73.7679672241211
82.2230072021484 82.085578918457 81.854362487793 -3.4e+38 81.7756118774414 81.6499099731445 -3.4e+38 -3.4e+38 81.0735626220703 80.7232894897461 80.5693969726562 80.2082824707031 80.0237655639648 79.7631912231445 79.701545715332 79.5127258300781 79.2996368408203 79.1802520751953 79.0286636352539 78.8302001953125 78.7243881225586 78.4638519287109 78.0484085083008 77.9434356689453 77.8038711547852 77.5864715576172 77.415885925293 77.3110046386719 77.2296524047852 77.0218505859375 76.7882232666016 -3.4e+38 76.5816421508789 76.2513656616211 76.0950927734375 75.8625564575195 75.7744827270508 75.6212310791016 75.4673080444336 75.3493118286133 75.2682037353516 75.1093673706055 74.9488220214844 74.7902679443359 74.6040954589844 74.2425765991211 74.0272903442383 73.6980285644531 73.741569519043
82.2654495239258 82.1876831054688 81.9109878540039 -3.4e+38 81.8930435180664 81.7249145507812 81.4812850952148 -3.4e+38 81.1324234008789 80.9314270019531 80.7648391723633 80.3556365966797 80.2533416748047 79.9565200805664 79.7636260986328 79.5022659301758 79.4970932006836 79.3977737426758 79.15283203125 78.989372253418 78.8844604492188 78.7180862426758 78.0883865356445 78.0801467895508 77.9162445068359 77.7361068725586 77.6502380371094 77.4723892211914 77.3526992797852 77.1242446899414 76.9103775024414 76.7576522827148 76.6584243774414 76.3466491699219 76.1680145263672 76.0695877075195 75.9914321899414 75.8378829956055 75.6836395263672 75.4840621948242 75.3336944580078 75.2981491088867 75.0414733886719 74.8485717773438 74.6867523193359 74.4173202514648 74.1876907348633 73.8892059326172 73.6874389648438
82.44140625 82.2965621948242 81.9678268432617 81.9367294311523 81.9804916381836 81.8316421508789 -3.4e+38 81.4900436401367 81.217414855957 81.0239410400391 80.901741027832 80.4601821899414 80.2453842163086 80.0362091064453 79.8617401123047 79.6993942260742 79.6643905639648 79.5106048583984 79.2675247192383 78.9591217041016 78.9103622436523 78.8593368530273 78.2372360229492 78.2084503173828 77.981071472168 77.8641357421875 77.754280090332 77.5849075317383 77.4052276611328 77.2176666259766 77.0709762573242 -3.4e+38 76.6719360351562 76.4122314453125 76.2040863037109 76.1433258056641 76.0794982910156 75.8942794799805 75.7271347045898 75.6192855834961 75.4523086547852 75.4164276123047 75.2421112060547 75.065803527832 74.8666763305664 74.5905838012695 74.288688659668 74.1502227783203 73.8399963378906
82.5570373535156 82.3488159179688 82.0987243652344 82.068603515625 82.228759765625 82.1581420898438 82.1445007324219 81.9341125488281 81.5268249511719 81.1421813964844 80.9395217895508 80.568603515625 80.3420791625977 80.1876373291016 79.9746780395508 79.9243011474609 79.818244934082 79.5746994018555 79.4543838500977 79.0994644165039 79.0033493041992 78.8484420776367 78.4910430908203 78.2722091674805 78.0449447631836 78.0024490356445 77.8744659423828 77.7245254516602 77.3895645141602 77.2445678710938 77.1382446289062 76.9508209228516 76.7910919189453 76.4988479614258 76.3087615966797 76.1856689453125 76.1525039672852 76.002082824707 75.8681259155273 75.8335876464844 75.665771484375 75.5439834594727 75.3768692016602 75.1640701293945 75.0237426757812 74.5327529907227 74.2646408081055 74.2700653076172 74.0796279907227
82.6657180786133 82.4328536987305 82.3100738525391 82.2159881591797 82.342529296875 82.2814788818359 82.0558624267578 82.0232391357422 81.7306213378906 81.4050903320312 81.0617980957031 80.6890716552734 80.4898910522461 80.4685516357422 80.191535949707 80.1168975830078 80.0364990234375 79.7595291137695 79.5867919921875 79.2895126342773 79.1554260253906 78.9370574951172 78.6471633911133 78.4244918823242 78.241813659668 78.0981140136719 77.9933776855469 77.8775024414062 77.4983825683594 77.3333969116211 77.2099533081055 77.0604934692383 76.9079208374023 76.6972732543945 76.4555053710938 76.3310089111328 76.2606506347656 76.1297454833984 75.9879455566406 75.9554138183594 75.7846908569336 75.6282958984375 75.4026870727539 75.2034759521484 75.072265625 74.562126159668 74.4692535400391 74.4183883666992 74.1795806884766
82.7869186401367 82.6054153442383 82.4529800415039 82.5194854736328 82.4211959838867 82.3280334472656 82.3097229003906 82.3240051269531 81.8781127929688 81.5685119628906 81.2274551391602 80.9553375244141 80.7531280517578 80.4030456542969 80.2143249511719 80.2767562866211 80.12890625 79.8906707763672 79.6903228759766 79.3969497680664 79.3351974487305 79.1464538574219 78.7557830810547 78.6245422363281 78.3856735229492 78.1165084838867 78.0237197875977 77.9729919433594 77.8241195678711 77.5659484863281 77.4359588623047 77.2225494384766 77.2106704711914 76.8001403808594 76.7522048950195 76.6545028686523 76.5373229980469 76.3753662109375 76.2206802368164 75.986686706543 75.8307571411133 75.6963195800781 75.4566879272461 75.2768859863281 75.1383056640625 74.7841949462891 74.7343826293945 74.6246566772461 74.3521423339844
83.0434646606445 82.8889236450195 82.7795257568359 82.6528625488281 82.4855041503906 82.3720703125 82.4739227294922 82.5431900024414 81.8787384033203 81.6385650634766 81.455696105957 80.9654998779297 80.8663787841797 80.5575103759766 -3.4e+38 80.4557495117188 80.1632766723633 79.9426345825195 79.7266235351562 79.4614334106445 79.3332366943359 79.1103057861328 78.7661437988281 78.6669006347656 78.4962463378906 78.2546081542969 78.1358795166016 78.0122451782227 77.9241409301758 77.7540588378906 77.488639831543 77.282112121582 -3.4e+38 77.0001525878906 76.8758392333984 76.7624282836914 76.6530227661133 76.537956237793 76.3628463745117 76.1467132568359 76.0346145629883 75.8434982299805 75.5547409057617 75.3595657348633 75.153450012207 74.8293609619141 74.7790451049805 74.7112045288086 74.4324340820312
83.1530609130859 83.0072784423828 82.9349212646484 82.741325378418 82.6071014404297 82.5173797607422 82.5697708129883 82.5213317871094 81.8801574707031 81.6925582885742 81.4377593994141 80.9852447509766 80.9466018676758 80.7883071899414 80.6381072998047 -3.4e+38 80.1864013671875 80.0521392822266 79.7909774780273 79.5235214233398 79.4122695922852 79.2298431396484 78.8449172973633 78.7540283203125 78.5939407348633 78.4396896362305 78.3057632446289 78.1306533813477 78.0341110229492 77.9851760864258 77.7279891967773 -3.4e+38 -3.4e+38 77.034049987793 76.9657135009766 76.8832168579102 76.7685089111328 76.6823043823242 76.3660354614258 76.2231140136719 76.1783752441406 75.9909973144531 75.6543426513672 75.4462585449219 75.2476119995117 74.957878112793 74.8455810546875 74.7307968139648 74.5300140380859
83.1758880615234 82.9404830932617 82.8872146606445 82.7424621582031 82.6490173339844 82.6197967529297 82.5892868041992 82.2564697265625 81.9245758056641 81.7389602661133 81.4140243530273 81.0860061645508 80.9909973144531 80.7327423095703 80.6805038452148 -3.4e+38 80.3865051269531 80.0926666259766 79.9147109985352 79.6797866821289 79.5041046142578 79.3491592407227 78.9662246704102 78.8495178222656 78.7213592529297 78.6159133911133 78.4839401245117 -3.4e+38 78.1004638671875 78.0302276611328 77.8838806152344 -3.4e+38 77.6101760864258 77.1221389770508 77.1145324707031 77.0828170776367 76.8859252929688 76.8368682861328 76.4916839599609 76.3053436279297 76.2255325317383 76.0795516967773 75.7984924316406 75.5585327148438 75.381591796875 75.0488815307617 74.8713226318359 74.7687835693359 74.6608123779297
83.2116851806641 82.9917984008789 82.8528289794922 82.7584762573242 82.6138916015625 82.6349411010742 82.5334091186523 82.1829986572266 81.9973068237305 81.7184600830078 81.5353317260742 81.214729309082 -3.4e+38 -3.4e+38 -3.4e+38 -3.4e+38 80.5211715698242 80.2427597045898 80.0126419067383 79.8168563842773 79.5488967895508 79.4211654663086 79.0212860107422 78.8444519042969 78.7844619750977 78.7108612060547 -3.4e+38 78.3601226806641 78.1563491821289 -3.4e+38 77.9548110961914 77.8189849853516 77.7099990844727 77.3339157104492 77.2346725463867 77.0837707519531 77.041618347168 76.9943695068359 76.712272644043 76.4254989624023 76.2475509643555 76.0273208618164 75.9343490600586 75.7628631591797 -3.4e+38 -3.4e+38 74.9883270263672 74.7987518310547 74.6871490478516
-3.4e+38 83.0434646606445 82.845832824707 82.7875289916992 82.6425476074219 82.6192245483398 82.6005859375 82.2994613647461 82.0236740112305 81.7556457519531 81.6517715454102 81.2513885498047 -3.4e+38 -3.4e+38 -3.4e+38 -3.4e+38 80.439323425293 80.2689437866211 80.0803833007812 79.9750061035156 79.663818359375 79.5638732910156 79.1677627563477 79.044303894043 78.8901596069336 78.7949905395508 -3.4e+38 78.4889144897461 78.3295211791992 78.2312240600586 78.1253509521484 77.9420013427734 77.7702789306641 77.4259643554688 77.2809982299805 77.1830902099609 77.2263565063477 76.9860763549805 76.7754745483398 76.4855728149414 76.3293914794922 76.1087112426758 76.0671691894531 75.9618911743164 -3.4e+38 75.3769073486328 75.1389923095703 74.9857482910156 74.8522796630859
83.3868865966797 83.1323165893555 83.0373077392578 82.8465042114258 82.6266555786133 82.6677093505859 82.7193145751953 82.4103546142578 82.0542907714844 81.8802642822266 81.7604217529297 -3.4e+38 -3.4e+38 -3.4e+38 -3.4e+38 -3.4e+38 80.5353012084961 80.3874359130859 80.2723007202148 80.1394577026367 79.8023681640625 79.6852722167969 79.4188995361328 79.3105010986328 79.1131973266602 78.9814529418945 78.7143096923828 78.5641098022461 78.4570617675781 78.2330703735352 78.2401428222656 78.0644683837891 77.7690048217773 77.6273422241211 77.4748687744141 77.349006652832 77.1943054199219 76.9240875244141 76.7653732299805 76.5540313720703 76.4207382202148 76.3047637939453 76.1554718017578 76.0292892456055 -3.4e+38 75.4860916137695 75.2457733154297 75.1587066650391 75.0176315307617
83.4942169189453 83.2830276489258 83.1661605834961 82.8724212646484 82.6735305786133 82.8244094848633 82.7783126831055 82.3907165527344 82.123420715332 82.0244598388672 81.845573425293 81.518440246582 81.2622909545898 -3.4e+38 -3.4e+38 80.6974105834961 80.5932769775391 80.5092239379883 80.4290008544922 80.2497100830078 80.0175170898438 79.8448791503906 79.518684387207 79.4203033447266 79.2892150878906 79.0505142211914 78.815071105957 78.7284698486328 78.5444641113281 78.2709197998047 78.282600402832 78.2472839355469 77.9906311035156 77.8834381103516 77.7261581420898 77.5489196777344 77.2958679199219 77.0182342529297 76.8309860229492 76.687873840332 76.4846115112305 76.390983581543 76.2330780029297 76.099853515625 -3.4e+38 75.565788269043 75.3591918945312 75.2517242431641 75.0010604858398
83.653434753418 83.4104385375977 83.1393203735352 82.8269729614258 82.7550888061523 82.9873886108398 83.0614700317383 82.4141540527344 82.1489410400391 82.057258605957 81.8397521972656 -3.4e+38 -3.4e+38 -3.4e+38 80.9501647949219 80.8262710571289 80.6162719726562 80.5174713134766 80.4283981323242 80.3619155883789 80.1906890869141 79.9172515869141 79.6261672973633 79.5172576904297 79.3838424682617 79.1617050170898 78.9818420410156 78.9717407226562 78.740837097168 78.5241241455078 78.4096069335938 78.3764801025391 78.2108612060547 78.118034362793 77.8899078369141 77.7145309448242 77.4873504638672 77.1542892456055 77.0760726928711 76.9095687866211 76.5926132202148 76.4412536621094 76.2934799194336 76.2156982421875 76.0368270874023 75.7886657714844 75.6465759277344 75.5755157470703 75.2407302856445
83.6933212280273 83.5217361450195 83.2317047119141 82.9827651977539 82.8441619873047 82.9474639892578 83.041130065918 82.5246963500977 82.2857284545898 82.1408615112305 -3.4e+38 81.4530181884766 81.4322738647461 81.3389358520508 81.0870056152344 80.9650344848633 80.7570343017578 80.6159133911133 80.4744644165039 80.4723587036133 80.3053741455078 79.9822006225586 79.802360534668 -3.4e+38 79.4972915649414 79.3778076171875 79.1611404418945 79.0762023925781 78.9155578613281 78.7667007446289 78.7229385375977 78.7438812255859 78.3073043823242 78.2285995483398 78.0209503173828 77.7667846679688 77.5981597900391 77.422737121582 77.2904663085938 76.9247436523438 76.6786880493164 76.5033569335938 76.3439254760742 76.3351669311523 76.1440887451172 75.9939651489258 75.8967437744141 75.7627182006836 75.4897613525391
83.688232421875 83.5150833129883 83.2589340209961 83.1220474243164 82.9254379272461 82.9218902587891 82.8935470581055 82.561408996582 82.4175109863281 82.1840972900391 81.8980102539062 81.523323059082 81.5098648071289 81.4030075073242 81.1705017089844 81.0311050415039 80.8950042724609 80.8330764770508 80.632080078125 80.5551834106445 -3.4e+38 80.1630477905273 79.807975769043 79.6299209594727 79.5746688842773 79.4697875976562 -3.4e+38 79.0566024780273 79.0237045288086 79.2001113891602 79.9590606689453 80.6519546508789 79.9653930664062 78.2411880493164 78.1594390869141 77.9359359741211 77.7167129516602 77.6261672973633 77.3990936279297 77.0116195678711 76.7432250976562 76.5515899658203 76.5273590087891 76.5546417236328 76.2886428833008 76.0647811889648 75.9363250732422 75.7441940307617 75.6388549804688
83.727668762207 83.4770355224609 83.2551116943359 83.080192565918 82.9670639038086 82.9599456787109 82.8269424438477 82.5482177734375 82.3886108398438 82.1187591552734 81.9501342773438 81.6235198974609 81.5721893310547 81.4191131591797 81.2705154418945 81.1643753051758 81.0802764892578 80.9894256591797 80.7662963867188 80.6845397949219 80.4977493286133 80.239013671875 79.7997817993164 79.5847625732422 79.5874099731445 79.5549774169922 79.3079071044922 79.1345672607422 79.1337280273438 79.3272857666016 79.8828811645508 80.6307144165039 80.5379333496094 78.3982238769531 78.2908248901367 78.0893020629883 77.7635192871094 77.6900863647461 77.5465316772461 77.2314834594727 76.8933563232422 76.6766815185547 76.7054443359375 76.7471466064453 76.4629135131836 76.1727981567383 76.0769729614258 75.9304885864258 75.925910949707
