rcp4.5models/GFDL_CM3/sc1gr7.17
NCOLS 261 
NROWS 433 
XLLCORNER 336357.134 
YLLCORNER 654653.479 
CELLSIZE 1000 
NODATA_value -3.4e+38 
[rows 198 to 219 of 433, columns 98 to 146 of 261]
107.374298095703 107.616523742676 107.83618927002 107.872512817383 108.095230102539 108.387825012207 108.639266967773 108.831382751465 108.848655700684 108.988609313965 109.317047119141 109.61238861084 109.913795471191 110.20597076416 111.108489990234 111.458068847656 111.689079284668 112.05305480957 112.370643615723 112.469825744629 112.856056213379 113.27409362793 113.725494384766 114.146980285645 114.613677978516 115.075607299805 115.71443939209 116.106109619141 116.468978881836 116.653984069824 116.921936035156 117.341781616211 117.903358459473 118.196250915527 118.510681152344 118.928436279297 119.161392211914 119.512870788574 119.837699890137 120.161201477051 120.46199798584 120.737144470215 120.815063476562 121.143196105957 121.554718017578 121.827125549316 122.384475708008 122.62574005127 123.698829650879
107.299652099609 107.564300537109 107.809425354004 107.847579956055 108.07780456543 108.343940734863 108.634033203125 108.831970214844 109.049301147461 109.096298217773 109.252227783203 109.544227600098 109.886169433594 110.175354003906 111.022354125977 111.401756286621 111.620323181152 111.979110717773 112.312927246094 112.39234161377 112.728141784668 113.173713684082 113.666236877441 114.145820617676 114.674430847168 115.010643005371 115.818115234375 116.213905334473 116.567504882812 116.740608215332 117.017990112305 117.342697143555 117.839622497559 118.26929473877 118.558479309082 118.881378173828 119.103507995605 119.582321166992 119.883308410645 120.067924499512 120.262214660645 120.57096862793 120.522262573242 120.881576538086 121.321006774902 121.569595336914 122.095199584961 122.34521484375 123.502342224121
107.265602111816 107.474571228027 107.663391113281 -3.4e+38 108.023872375488 108.324638366699 108.579879760742 108.770858764648 109.00032043457 109.219711303711 109.381874084473 109.542831420898 109.849456787109 110.201972961426 110.927665710449 -3.4e+38 111.539642333984 -3.4e+38 112.262466430664 112.566352844238 112.857131958008 113.188941955566 113.559967041016 114.025108337402 114.50634765625 114.874549865723 115.844528198242 116.25382232666 116.622901916504 116.708633422852 117.077842712402 117.390777587891 117.716133117676 118.164245605469 118.530235290527 118.82103729248 118.982543945312 119.444686889648 119.715545654297 119.98811340332 120.091522216797 120.35026550293 120.28662109375 120.523979187012 120.909767150879 121.320610046387 121.747528076172 122.129493713379 123.18327331543
107.174133300781 107.341690063477 107.524871826172 107.94612121582 107.990234375 108.27400970459 108.530296325684 108.809623718262 108.93669128418 109.231246948242 109.473518371582 109.618476867676 109.830474853516 110.158241271973 110.804481506348 -3.4e+38 -3.4e+38 -3.4e+38 -3.4e+38 112.58561706543 112.899658203125 113.180541992188 113.401916503906 113.861030578613 114.305068969727 114.764923095703 115.896110534668 116.20726776123 116.551078796387 116.613754272461 117.089698791504 117.474815368652 117.767303466797 118.043060302734 118.428001403809 118.672035217285 118.853103637695 119.254425048828 119.48998260498 119.798614501953 119.962615966797 120.105171203613 120.086380004883 120.138336181641 120.510810852051 120.948806762695 121.274978637695 121.791290283203 122.720336914062
107.072135925293 107.340629577637 107.526847839355 107.873001098633 107.918380737305 108.195205688477 108.494270324707 108.686470031738 108.903160095215 109.225494384766 109.467834472656 109.755836486816 110.036323547363 110.126777648926 -3.4e+38 -3.4e+38 -3.4e+38 -3.4e+38 112.065521240234 -3.4e+38 112.834358215332 113.09285736084 113.35432434082 113.752983093262 114.212875366211 114.686264038086 115.771553039551 116.165458679199 116.555549621582 116.707633972168 -3.4e+38 117.542129516602 117.964721679688 118.207023620605 118.339279174805 118.617828369141 118.765464782715 119.113143920898 119.382965087891 119.674812316895 119.849533081055 119.865837097168 119.850273132324 119.794929504395 120.120559692383 120.527954101562 120.786201477051 121.198692321777 122.145812988281
106.88436126709 107.207695007324 107.476577758789 107.794982910156 107.854331970215 108.128288269043 108.370346069336 108.552200317383 108.849540710449 109.204559326172 109.534423828125 109.859909057617 110.07942199707 110.041114807129 110.740219116211 -3.4e+38 111.493072509766 -3.4e+38 -3.4e+38 112.356369018555 112.838729858398 113.18132019043 113.449378967285 113.766006469727 114.217094421387 114.613006591797 115.656127929688 116.261192321777 116.598037719727 116.896606445312 117.065040588379 117.473648071289 118.04842376709 118.368316650391 118.367279052734 118.67308807373 118.565505981445 118.839225769043 119.193702697754 119.499473571777 119.624656677246 119.578063964844 119.630653381348 119.61026763916 119.642372131348 119.953384399414 120.238121032715 120.582778930664 121.49828338623
106.801536560059 107.052253723145 107.403297424316 107.660919189453 107.785194396973 108.080825805664 108.309379577637 108.562385559082 108.811065673828 109.19660949707 109.516845703125 109.755836486816 109.88582611084 109.897514343262 110.64599609375 -3.4e+38 111.399192810059 111.691558837891 112.000328063965 112.293128967285 112.729049682617 113.204727172852 113.520172119141 113.913452148438 114.306205749512 114.586547851562 115.833106994629 116.558197021484 116.817230224609 116.965942382812 117.244979858398 117.529884338379 117.957824707031 118.296409606934 118.446166992188 118.602493286133 118.354484558105 118.545669555664 118.971084594727 119.168022155762 119.316101074219 119.321342468262 119.33358001709 119.314491271973 119.13542175293 119.382743835449 119.674789428711 120.055526733398 120.784111022949
106.741706848145 107.012138366699 107.258201599121 107.41805267334 107.61304473877 107.977989196777 108.278312683105 108.48942565918 108.815856933594 109.225936889648 109.473648071289 109.692474365234 109.828552246094 109.857933044434 -3.4e+38 -3.4e+38 111.257263183594 111.60245513916 111.926734924316 112.280387878418 112.672088623047 113.102416992188 113.595428466797 113.958023071289 114.383071899414 114.785987854004 116.040512084961 116.752113342285 117.24951171875 117.193801879883 117.38818359375 117.79231262207 118.062850952148 118.185539245605 118.349151611328 118.417976379395 118.269119262695 118.392623901367 118.779235839844 118.850563049316 118.984214782715 119.077919006348 119.138336181641 119.170585632324 119.026504516602 118.902954101562 119.161247253418 119.508941650391 120.054977416992
106.465339660645 106.701026916504 106.927001953125 107.27808380127 107.533676147461 107.947090148926 108.247009277344 108.481185913086 108.831192016602 109.143775939941 109.478660583496 109.659622192383 109.825202941895 109.774024963379 -3.4e+38 -3.4e+38 -3.4e+38 111.561485290527 111.857795715332 112.252449035645 112.637367248535 113.015556335449 113.438720703125 113.869812011719 114.33869934082 114.883193969727 116.353675842285 117.37865447998 117.655319213867 117.411636352539 117.459060668945 118.010604858398 118.275360107422 118.371040344238 118.437187194824 118.278923034668 118.167167663574 118.276908874512 118.460289001465 118.662826538086 118.686653137207 118.842788696289 118.959693908691 119.015777587891 118.985557556152 118.431114196777 118.647918701172 118.994247436523 119.395683288574
106.291152954102 106.524627685547 106.659507751465 107.239631652832 107.511039733887 107.845222473145 108.142570495605 108.430618286133 108.742454528809 109.044609069824 109.376968383789 109.533103942871 109.556526184082 109.745979309082 110.330795288086 -3.4e+38 -3.4e+38 111.463180541992 111.820762634277 112.174110412598 112.537948608398 112.774955749512 112.941291809082 113.465675354004 114.056304931641 114.788749694824 116.672874450684 117.912033081055 117.887557983398 117.58618927002 117.758422851562 118.241706848145 118.382415771484 118.309425354004 118.273139953613 118.190635681152 118.102355957031 118.09398651123 118.309463500977 118.76033782959 118.579261779785 118.650215148926 118.628448486328 118.616851806641 118.565895080566 117.871223449707 118.281394958496 118.829322814941 118.872947692871
105.972442626953 106.070152282715 106.262657165527 106.82103729248 107.081939697266 107.381118774414 107.84741973877 108.210510253906 108.63005065918 109.178466796875 109.485260009766 109.323539733887 109.436576843262 109.63712310791 110.223663330078 110.545570373535 110.898643493652 111.226707458496 111.62239074707 112.002868652344 112.353736877441 112.432006835938 112.684265136719 113.068885803223 113.532516479492 114.296562194824 116.171295166016 117.347709655762 117.30492401123 117.018333435059 117.057060241699 117.765342712402 117.858772277832 117.60807800293 117.321365356445 117.610855102539 117.698150634766 117.816474914551 117.742126464844 117.962478637695 117.909973144531 117.700019836426 117.322738647461 117.110626220703 116.77906036377 117.209007263184 118.166137695312 118.005249023438 116.824142456055
105.712867736816 105.870414733887 106.024780273438 106.642013549805 106.929496765137 107.14119720459 -3.4e+38 107.809020996094 108.289451599121 108.85408782959 109.3818359375 109.318588256836 109.316604614258 109.51358795166 110.126197814941 110.450004577637 110.902870178223 111.206207275391 111.48503112793 111.831527709961 112.297424316406 112.554573059082 112.597923278809 112.94669342041 113.364105224609 114.055122375488 115.631523132324 116.735565185547 116.600128173828 116.415390014648 116.372550964355 117.001342773438 117.29808807373 117.151084899902 116.897964477539 117.037178039551 117.182006835938 117.443916320801 117.357513427734 117.525436401367 117.573150634766 117.448600769043 116.961158752441 116.726341247559 116.784873962402 117.545806884766 118.368515014648 117.466896057129 115.844985961914
105.524124145508 105.728981018066 105.90283203125 106.401191711426 106.754692077637 107.10733795166 107.256866455078 107.534957885742 107.944595336914 108.571403503418 109.328536987305 109.486289978027 109.219062805176 109.421669006348 109.951499938965 110.263008117676 110.787437438965 111.143310546875 111.209205627441 111.588722229004 112.043350219727 112.488006591797 112.563537597656 112.817443847656 113.147994995117 113.665016174316 115.318214416504 116.430541992188 115.800468444824 115.749526977539 116.07543182373 116.718269348145 116.66593170166 116.519256591797 116.50569152832 116.50756072998 116.673751831055 117.065811157227 117.180793762207 117.252235412598 117.245307922363 117.075531005859 116.512878417969 116.022972106934 116.083473205566 116.576385498047 116.40991973877 115.76163482666 114.990913391113
105.233261108398 105.392761230469 105.593238830566 106.129211425781 106.506996154785 107.077346801758 107.25562286377 107.412216186523 107.758712768555 108.485954284668 109.434181213379 109.685279846191 109.190170288086 109.411170959473 109.701965332031 109.972129821777 110.551147460938 111.186378479004 111.343757629395 111.506973266602 111.873672485352 112.254829406738 112.565353393555 112.750663757324 112.97509765625 113.596748352051 115.261558532715 116.182556152344 115.177978515625 115.574806213379 -3.4e+38 116.356842041016 115.903388977051 115.975860595703 116.15705871582 116.32299041748 116.39786529541 116.681526184082 116.916069030762 117.120918273926 116.835464477539 116.348052978516 115.883155822754 115.701393127441 116.235763549805 115.987770080566 114.511611938477 114.149971008301 114.070350646973
104.790420532227 104.984802246094 105.297843933105 105.951629638672 -3.4e+38 106.824806213379 107.230827331543 107.238136291504 107.485504150391 108.233276367188 109.13353729248 109.24137878418 109.006401062012 109.098724365234 109.466346740723 109.794090270996 110.298751831055 110.978370666504 111.823265075684 112.272506713867 -3.4e+38 112.403900146484 112.514358520508 112.614570617676 112.970809936523 113.894866943359 114.985328674316 115.748527526855 114.96223449707 115.624984741211 115.972541809082 115.790283203125 115.423225402832 115.962791442871 116.276214599609 116.271415710449 116.105438232422 116.44995880127 116.652671813965 116.79808807373 116.42561340332 115.680816650391 115.425857543945 115.777420043945 116.750030517578 116.19229888916 113.67293548584 113.19229888916 113.006439208984
104.509483337402 104.76488494873 105.097534179688 105.579139709473 105.880554199219 106.441513061523 106.891586303711 107.070129394531 107.229179382324 107.79508972168 108.552604675293 108.882843017578 108.621765136719 108.696273803711 109.292129516602 109.735412597656 110.11270904541 110.694236755371 111.749000549316 112.594734191895 112.029113769531 112.246681213379 112.376953125 112.308082580566 112.668846130371 113.327774047852 114.135620117188 114.526176452637 114.559379577637 115.055084228516 115.155044555664 115.185218811035 115.099922180176 115.605758666992 116.004661560059 116.234313964844 115.822372436523 116.027450561523 116.135185241699 116.202995300293 116.071388244629 115.37557220459 115.326171875 116.226821899414 116.807174682617 116.272087097168 113.459617614746 112.463684082031 111.941780090332
104.073486328125 104.334007263184 104.570426940918 105.261734008789 105.850410461426 106.32608795166 106.53581237793 106.871315002441 107.093658447266 107.492080688477 108.081787109375 108.565490722656 108.345191955566 108.413864135742 109.13313293457 109.562561035156 110.119216918945 110.529357910156 111.117965698242 111.757476806641 111.738243103027 111.759941101074 112.202301025391 111.993690490723 112.277679443359 112.513496398926 113.280151367188 113.699752807617 114.292823791504 114.541198730469 114.648193359375 114.443199157715 114.773292541504 115.28377532959 115.540084838867 115.893692016602 115.828727722168 115.760833740234 115.55638885498 115.596069335938 115.478988647461 115.090469360352 115.040969848633 116.188751220703 117.524703979492 116.213455200195 112.655372619629 111.869087219238 110.892486572266
103.673965454102 103.988700866699 -3.4e+38 105.059730529785 105.65811920166 106.047698974609 106.238265991211 106.715560913086 106.903381347656 107.152244567871 107.636489868164 108.128753662109 108.048538208008 108.124069213867 108.881996154785 109.241203308105 109.896675109863 110.476280212402 110.873863220215 111.148818969727 111.257774353027 111.534072875977 111.916084289551 111.622993469238 111.983787536621 112.279808044434 112.762794494629 113.298225402832 113.735343933105 113.973579406738 114.111625671387 113.984718322754 114.326148986816 114.835662841797 114.95240020752 114.996047973633 115.340789794922 115.414741516113 115.257530212402 115.272308349609 114.990997314453 114.632209777832 114.599128723145 115.597557067871 117.837158203125 116.055114746094 111.552452087402 111.195907592773 110.08211517334
103.28141784668 103.552536010742 103.777526855469 104.588676452637 105.141868591309 105.580963134766 105.970001220703 106.479797363281 106.703407287598 106.785957336426 107.307640075684 107.823532104492 107.622940063477 107.878288269043 108.604843139648 108.881820678711 109.524757385254 110.127571105957 110.572120666504 110.89924621582 110.989418029785 111.2587890625 111.31787109375 111.354370117188 111.669288635254 112.091361999512 112.365234375 112.730598449707 112.983818054199 113.203178405762 113.37646484375 113.69734954834 -3.4e+38 -3.4e+38 114.268898010254 114.605163574219 115.197830200195 115.422805786133 114.893516540527 114.98095703125 114.807174682617 114.392181396484 114.652847290039 115.66561126709 117.337783813477 115.38542175293 111.507484436035 110.665176391602 109.321250915527
102.991012573242 103.194068908691 103.439666748047 104.26375579834 104.75862121582 105.16259765625 105.67578125 106.207504272461 106.525024414062 106.646842956543 107.185913085938 107.662437438965 107.481956481934 107.539070129395 108.404670715332 108.511054992676 109.16951751709 109.842948913574 110.212463378906 110.645347595215 110.919364929199 110.99462890625 110.889625549316 111.105186462402 111.352142333984 111.833358764648 112.171241760254 112.412071228027 112.836784362793 113.00309753418 113.157791137695 113.758514404297 -3.4e+38 113.735244750977 114.001091003418 114.619979858398 115.807746887207 115.203910827637 114.495506286621 114.557594299316 114.701705932617 114.589576721191 114.726760864258 115.577293395996 116.703453063965 114.351554870605 111.021781921387 110.253036499023 108.251281738281
102.479064941406 102.729782104492 103.000816345215 103.871307373047 104.387924194336 104.852554321289 105.339012145996 105.814361572266 106.110832214355 106.308464050293 106.916542053223 107.573616027832 107.559829711914 107.279281616211 108.087158203125 108.232238769531 108.835090637207 109.811180114746 110.033935546875 110.377639770508 110.931571960449 110.76001739502 110.679840087891 110.832649230957 111.142852783203 111.674736022949 112.162582397461 112.225685119629 112.80965423584 113.070007324219 113.19539642334 113.572410583496 -3.4e+38 113.478096008301 113.918045043945 114.536560058594 115.730690002441 114.44010925293 114.092597961426 114.275459289551 114.871246337891 115.225555419922 114.681762695312 115.205123901367 116.514877319336 114.24836730957 110.386390686035 109.892761230469 107.213264465332
101.992797851562 102.287651062012 102.651275634766 103.478065490723 103.977119445801 104.396484375 104.863227844238 105.426628112793 105.761978149414 106.024055480957 106.666297912598 107.388748168945 107.633171081543 107.110870361328 107.726486206055 107.836402893066 108.368286132812 109.319412231445 109.731407165527 110.108001708984 110.723083496094 110.723678588867 110.426383972168 -3.4e+38 110.833641052246 111.453834533691 112.189224243164 111.931114196777 112.527206420898 113.00138092041 113.085563659668 113.136032104492 112.916793823242 113.163459777832 114.015556335449 114.830986022949 114.779907226562 113.825256347656 113.833221435547 114.140327453613 114.871734619141 115.666778564453 115.079605102539 115.226524353027 115.512199401855 112.442687988281 110.40266418457 109.931907653809 106.362716674805
