rcp4.5models/GFDL_CM3/sc1gr3.21
NCOLS 261 
NROWS 433 
XLLCORNER 336357.134 
YLLCORNER 654653.479 
CELLSIZE 1000 
NODATA_value -3.4e+38 
[rows 242 to 263 of 433, columns 98 to 146 of 261]
270.680419921875 273.421722412109 273.201416015625 272.174011230469 271.962066650391 271.782379150391 271.443328857422 -3.4e+38 270.246337890625 270.703430175781 270.759521484375 270.353759765625 269.280212402344 269.271453857422 268.190368652344 267.095245361328 262.252532958984 255.583023071289 254.502288818359 254.016693115234 253.669219970703 254.199111938477 255.737335205078 256.043548583984 255.497207641602 255.081008911133 261.933898925781 -3.4e+38 261.63818359375 261.536804199219 265.908264160156 265.638061523438 263.812835693359 264.775451660156 264.738433837891 263.323516845703 265.657653808594 262.04931640625 267.072387695312 268.341003417969 266.393859863281 261.247344970703 259.557281494141 266.971374511719 268.051300048828 268.809722900391 269.254516601562 269.930328369141 269.839782714844
267.759124755859 266.150726318359 271.074737548828 272.182556152344 272.089874267578 271.760040283203 270.958282470703 270.799865722656 270.997436523438 270.888122558594 270.263488769531 269.863677978516 269.480987548828 268.696136474609 264.995941162109 263.565673828125 262.760345458984 254.736221313477 253.564453125 252.942138671875 253.670059204102 254.347610473633 255.838226318359 255.750701904297 255.134155273438 257.088073730469 259.258392333984 261.795501708984 261.587738037109 259.632629394531 259.849304199219 254.759231567383 249.648864746094 249.944107055664 256.238464355469 263.471862792969 264.560638427734 256.936737060547 256.82080078125 266.319458007812 266.156494140625 259.877136230469 253.936676025391 261.384979248047 265.356903076172 268.551513671875 269.502044677734 269.771453857422 269.695770263672
265.820526123047 264.045684814453 270.879974365234 271.767852783203 270.597625732422 271.606567382812 271.050201416016 270.539367675781 270.7373046875 270.689178466797 269.893432617188 269.412628173828 268.817565917969 267.892364501953 262.768890380859 260.994445800781 261.039276123047 250.032287597656 246.88542175293 246.988708496094 253.543151855469 254.961822509766 255.718551635742 255.028274536133 255.299423217773 258.101165771484 261.340362548828 262.930908203125 261.618804931641 258.203216552734 256.532562255859 254.134902954102 248.318740844727 242.601593017578 249.074295043945 261.176452636719 261.049682617188 254.904541015625 254.3740234375 266.246673583984 265.251159667969 258.865661621094 251.856567382812 257.807861328125 262.962493896484 267.71240234375 269.452270507812 269.884857177734 269.109039306641
263.036651611328 256.607788085938 272.324493408203 270.212951660156 268.832702636719 271.164886474609 270.310485839844 269.961944580078 270.264953613281 270.283111572266 269.710723876953 269.536010742188 268.548156738281 267.742645263672 259.236419677734 259.957672119141 259.186950683594 242.531127929688 232.087982177734 234.971893310547 252.206253051758 255.146026611328 255.32389831543 253.834014892578 254.050094604492 258.041748046875 261.969024658203 262.335968017578 261.764862060547 258.730438232422 254.735321044922 249.76579284668 244.532928466797 239.39436340332 241.981185913086 252.23681640625 253.111267089844 253.147659301758 254.171478271484 262.800384521484 263.030914306641 258.128326416016 251.291900634766 254.61994934082 261.677642822266 266.110290527344 269.090301513672 269.790344238281 268.621337890625
265.189880371094 258.054321289062 272.305236816406 270.306213378906 269.633911132812 270.823059082031 269.913330078125 269.508941650391 269.898529052734 270.179382324219 270.065216064453 269.968048095703 268.824951171875 267.916809082031 255.202880859375 257.86376953125 260.620910644531 243.901947021484 222.194396972656 225.467788696289 248.875228881836 253.673980712891 254.489852905273 252.273452758789 252.573211669922 257.572875976562 259.850402832031 260.474700927734 260.031341552734 255.911468505859 250.985763549805 240.806274414062 232.360504150391 230.103713989258 227.223190307617 230.719848632812 235.820999145508 249.320724487305 250.573760986328 256.649078369141 261.131713867188 258.69580078125 251.392379760742 252.959289550781 262.236145019531 267.245880126953 269.092437744141 269.5439453125 268.024108886719
270.283386230469 267.470520019531 272.054290771484 271.525207519531 270.772003173828 270.521087646484 270.015472412109 269.573425292969 270.163238525391 270.433197021484 270.265747070312 270.029632568359 268.817565917969 267.516784667969 256.318084716797 258.546234130859 261.716247558594 245.433151245117 225.036468505859 233.951324462891 250.940048217773 253.284408569336 253.637985229492 252.39323425293 253.774536132812 256.773620605469 257.458740234375 259.132019042969 259.278930664062 254.830032348633 248.381744384766 237.754898071289 229.873229980469 222.632934570312 213.597183227539 218.508148193359 227.186294555664 247.462860107422 250.543640136719 256.933929443359 260.574432373047 260.187164306641 252.500061035156 249.902908325195 260.466064453125 268.562866210938 269.094482421875 269.618499755859 268.165740966797
272.345336914062 271.755187988281 272.163208007812 272.096374511719 271.501922607422 270.737487792969 270.242279052734 270.084777832031 270.357299804688 270.574829101562 270.479064941406 269.966339111328 268.950378417969 268.040802001953 263.682556152344 264.163269042969 264.12548828125 249.756942749023 231.957931518555 242.537384033203 253.082763671875 254.553009033203 254.251846313477 253.847229003906 255.508117675781 255.883560180664 258.142883300781 260.109436035156 260.521911621094 257.160430908203 246.962677001953 232.41748046875 225.883117675781 217.133895874023 212.954360961914 224.025375366211 232.544586181641 251.48210144043 255.260299682617 258.170532226562 258.280609130859 258.710479736328 253.743362426758 248.537933349609 258.377838134766 267.182281494141 268.270477294922 269.393157958984 268.666900634766
271.150024414062 271.315032958984 272.300109863281 268.982788085938 271.736846923828 271.405670166016 271.027862548828 270.475219726562 270.029022216797 270.854400634766 270.879089355469 270.187530517578 269.815643310547 269.34619140625 267.592315673828 267.94189453125 266.751861572266 256.676025390625 238.588043212891 240.724655151367 251.662475585938 254.580688476562 254.508865356445 253.974533081055 255.080596923828 255.529357910156 259.311828613281 260.938842773438 260.821472167969 256.314361572266 244.178436279297 230.111694335938 224.618087768555 219.154159545898 219.332382202148 233.87336730957 244.120361328125 253.901657104492 253.515930175781 254.518371582031 253.05517578125 252.699478149414 251.71044921875 248.336120605469 257.218505859375 265.814819335938 268.281097412109 268.967926025391 268.518585205078
271.664855957031 270.276977539062 271.348449707031 264.929992675781 271.70361328125 271.798034667969 270.809112548828 269.909820556641 269.810607910156 270.912078857422 270.978912353516 270.445007324219 270.112060546875 269.369201660156 267.543243408203 266.933563232422 265.302947998047 258.350616455078 247.007949829102 247.489227294922 253.441131591797 254.16178894043 253.359039306641 254.256317138672 256.349609375 257.222015380859 260.348266601562 259.631011962891 256.933166503906 253.723495483398 244.958709716797 236.065017700195 231.938446044922 225.667907714844 223.630599975586 238.897338867188 247.130096435547 251.158081054688 248.618865966797 250.857513427734 249.802062988281 248.258407592773 248.534210205078 245.96354675293 255.84651184082 265.477661132812 267.372528076172 268.568023681641 267.628631591797
273.133819580078 271.501220703125 271.8583984375 266.663146972656 271.553497314453 272.018157958984 270.497589111328 269.51904296875 270.517059326172 271.091491699219 270.923828125 270.392730712891 269.324951171875 267.643859863281 268.501495361328 267.079193115234 264.820159912109 258.277099609375 252.519683837891 254.205749511719 255.123229980469 253.828506469727 251.73274230957 253.808410644531 256.188781738281 257.177703857422 259.694458007812 257.986267089844 251.228805541992 249.865356445312 245.985061645508 237.993286132812 229.553726196289 223.08821105957 225.347427368164 236.007095336914 238.190200805664 244.524841308594 242.985565185547 249.287033081055 248.791213989258 247.078796386719 247.551193237305 244.5947265625 254.877777099609 263.793151855469 264.494110107422 267.075958251953 267.036956787109
273.648620605469 273.069122314453 272.978790283203 270.231750488281 271.335357666016 272.232604980469 270.875274658203 270.006042480469 271.281799316406 271.319244384766 270.860382080078 270.46435546875 268.990142822266 266.386138916016 269.022308349609 267.850738525391 264.148895263672 257.3330078125 251.226348876953 253.461135864258 254.567916870117 253.042587280273 250.563690185547 252.446929931641 255.241424560547 255.8603515625 259.135528564453 257.346221923828 249.492202758789 246.066253662109 244.640441894531 237.209548950195 224.321441650391 217.096267700195 221.920608520508 226.249771118164 225.439544677734 237.223999023438 236.719741821289 245.250717163086 246.928085327148 247.441513061523 247.158477783203 245.361251831055 253.621444702148 261.539825439453 261.488861083984 264.952545166016 265.976715087891
273.796661376953 273.451873779297 273.109161376953 272.031921386719 271.802673339844 272.365783691406 271.494842529297 270.958618164062 271.505462646484 271.277008056641 270.749725341797 270.579956054688 269.469482421875 266.926116943359 268.005401611328 266.332946777344 259.993865966797 254.537185668945 250.155670166016 252.843933105469 254.36083984375 251.885894775391 248.08708190918 251.790023803711 255.325622558594 256.330261230469 257.884033203125 258.130981445312 253.508560180664 247.468154907227 245.180053710938 236.06721496582 226.174591064453 215.26823425293 215.31120300293 213.777420043945 213.299942016602 229.930541992188 232.529663085938 240.408874511719 246.2216796875 247.166839599609 246.694274902344 248.205322265625 253.720977783203 263.022186279297 263.914947509766 265.781677246094 265.864410400391
273.459503173828 273.393280029297 273.040496826172 272.635894775391 272.201538085938 -3.4e+38 271.810882568359 271.479858398438 271.355712890625 270.641784667969 269.998046875 270.546966552734 269.994537353516 268.666137695312 266.626525878906 264.692199707031 257.853393554688 250.710067749023 251.11784362793 252.883544921875 254.806762695312 248.988815307617 240.967376708984 250.230682373047 255.914321899414 257.304077148438 257.774597167969 258.459167480469 256.605682373047 249.938110351562 247.483062744141 239.04736328125 234.880081176758 225.462371826172 219.287368774414 213.685195922852 211.004150390625 229.101409912109 234.454315185547 243.004318237305 246.266418457031 244.637191772461 246.726608276367 254.543212890625 258.896697998047 264.753723144531 265.413818359375 266.235687255859 266.795532226562
273.151794433594 273.225433349609 273.041656494141 273.012329101562 272.688385009766 -3.4e+38 272.161407470703 272.001983642578 271.344879150391 269.708312988281 268.919281005859 269.396270751953 269.365081787109 269.416595458984 265.814880371094 262.879577636719 261.588562011719 253.046371459961 244.127746582031 248.320251464844 252.8095703125 250.75341796875 245.93913269043 251.644485473633 256.431213378906 257.017181396484 257.219024658203 255.532897949219 256.918792724609 256.396820068359 252.949356079102 247.686904907227 243.484329223633 235.654876708984 228.687042236328 217.265014648438 208.66423034668 225.404968261719 238.538070678711 237.287857055664 228.36181640625 237.635223388672 254.258361816406 260.925842285156 259.395538330078 250.680740356445 249.685272216797 258.073486328125 261.780029296875
273.0068359375 272.964782714844 273.023590087891 272.759857177734 272.378143310547 272.351043701172 271.971954345703 270.324310302734 268.697387695312 269.82373046875 268.28173828125 269.541198730469 269.392272949219 269.420013427734 265.704864501953 262.181427001953 262.273376464844 255.73551940918 245.169525146484 249.066589355469 253.491683959961 250.727127075195 245.584533691406 250.764343261719 256.343597412109 257.220672607422 256.081756591797 253.021789550781 255.249496459961 254.588088989258 251.06623840332 251.460983276367 244.6669921875 236.250244140625 228.865295410156 221.473495483398 212.299102783203 225.647354125977 236.076904296875 233.268585205078 232.708572387695 246.589752197266 259.179840087891 260.28857421875 255.115814208984 247.894805908203 247.470260620117 254.785171508789 260.857727050781
272.300170898438 273.010284423828 272.980834960938 272.768524169922 272.606353759766 272.724853515625 272.233764648438 268.562469482422 265.230072021484 267.550903320312 263.961303710938 267.615386962891 269.448944091797 268.752532958984 267.713317871094 264.586120605469 261.901092529297 254.865676879883 244.378555297852 248.1279296875 252.795364379883 249.945190429688 244.777404785156 250.605697631836 256.856658935547 258.149688720703 256.204223632812 253.014144897461 254.876480102539 254.873382568359 250.791580200195 249.107864379883 245.391387939453 238.956619262695 230.676666259766 224.157424926758 214.924606323242 223.864532470703 231.770477294922 230.097045898438 240.830657958984 256.637115478516 259.458587646484 251.383346557617 246.595291137695 242.547897338867 245.89811706543 254.092636108398 259.096923828125
272.086944580078 272.915466308594 272.86865234375 272.949859619141 272.728240966797 272.323974609375 272.158172607422 267.769744873047 260.467437744141 257.944030761719 255.391723632812 263.296325683594 269.001953125 268.192443847656 266.27001953125 266.823272705078 261.557098388672 251.949066162109 239.116394042969 238.172943115234 245.063781738281 243.449798583984 236.946685791016 247.031616210938 257.233978271484 257.766357421875 255.254211425781 253.48014831543 255.274078369141 255.356292724609 249.34538269043 242.607452392578 241.438858032227 234.41081237793 222.334320068359 214.525024414062 209.63703918457 222.93962097168 228.195587158203 228.037521362305 239.902694702148 253.722717285156 251.908142089844 237.439971923828 233.305694580078 237.812561035156 245.792892456055 251.362747192383 254.058074951172
271.920288085938 272.369415283203 272.418121337891 272.709533691406 272.571838378906 271.881561279297 271.805786132812 269.520843505859 260.235931396484 247.922576904297 247.488861083984 260.751739501953 269.002532958984 268.490692138672 262.241394042969 262.890441894531 258.233245849609 251.758346557617 234.032821655273 222.229125976562 229.909454345703 232.041763305664 225.267166137695 241.797561645508 256.826477050781 257.546264648438 254.665267944336 253.587677001953 254.884536743164 253.233779907227 245.456939697266 238.032592773438 237.952056884766 230.687225341797 216.16960144043 203.164886474609 199.274230957031 219.17301940918 221.957748413086 230.483337402344 241.273635864258 250.057754516602 245.841110229492 230.740707397461 225.558090209961 233.126724243164 236.807586669922 241.624237060547 247.570938110352
271.523834228516 271.650360107422 272.044128417969 272.493286132812 272.580444335938 272.011047363281 271.625701904297 270.139221191406 260.981323242188 245.917434692383 247.692138671875 262.049255371094 269.157989501953 268.944641113281 262.330749511719 258.511749267578 250.833969116211 247.659881591797 235.504104614258 222.554122924805 228.053207397461 229.547546386719 226.781951904297 243.879837036133 256.250518798828 256.795318603516 255.14567565918 252.809265136719 251.707138061523 250.842987060547 244.395553588867 233.042846679688 230.166366577148 225.938247680664 216.829132080078 200.916290283203 195.476852416992 212.109008789062 214.822601318359 226.798461914062 238.900695800781 248.961654663086 242.396896362305 228.321075439453 220.770782470703 222.829544067383 225.556182861328 232.757934570312 239.854263305664
270.725769042969 270.947479248047 271.314086914062 272.264190673828 272.126403808594 271.918853759766 271.448699951172 269.466827392578 260.372650146484 248.433547973633 254.046005249023 265.784332275391 269.067199707031 268.960418701172 262.452453613281 256.924682617188 249.311782836914 241.904083251953 236.211059570312 231.185256958008 234.586944580078 236.571701049805 238.532165527344 251.841583251953 256.785461425781 256.767272949219 254.421142578125 250.187789916992 248.061737060547 248.035125732422 242.987258911133 228.612121582031 220.08512878418 217.942184448242 211.307113647461 198.859527587891 195.174728393555 202.163497924805 209.178771972656 224.29638671875 235.560989379883 243.802597045898 238.580596923828 222.297164916992 211.131973266602 209.292053222656 218.48779296875 230.967163085938 233.70783996582
270.329986572266 270.157928466797 270.656433105469 272.005432128906 271.491180419922 271.577667236328 271.412231445312 270.180999755859 264.096862792969 253.901580810547 256.676391601562 266.486572265625 267.835418701172 268.19384765625 258.680480957031 255.508239746094 249.578186035156 241.919219970703 236.867279052734 237.011123657227 241.853103637695 246.14875793457 247.83837890625 256.835632324219 257.690399169922 257.374359130859 253.429473876953 247.708480834961 246.383453369141 245.910369873047 240.443328857422 229.687637329102 216.263702392578 211.079284667969 206.776733398438 198.099655151367 192.735748291016 193.229537963867 207.943008422852 225.173980712891 227.714080810547 232.163757324219 234.876724243164 221.013061523438 208.17578125 202.465560913086 210.464797973633 223.833206176758 233.180297851562
268.193267822266 268.940338134766 271.014678955078 271.947143554688 271.446990966797 271.221618652344 271.127197265625 270.418853759766 268.510314941406 259.920745849609 253.933776855469 262.998352050781 267.731201171875 267.726989746094 250.599624633789 248.637817382812 244.958480834961 240.856903076172 240.055419921875 240.305328369141 244.587219238281 251.376419067383 254.379623413086 257.730987548828 257.731109619141 256.875122070312 254.789443969727 247.175933837891 242.608322143555 241.144958496094 236.340698242188 230.119079589844 217.855163574219 210.135986328125 210.675903320312 204.723022460938 195.147079467773 184.692291259766 201.695678710938 214.918426513672 214.342102050781 221.004806518555 226.712661743164 218.371322631836 211.183792114258 206.66357421875 212.860244750977 223.664199829102 238.163330078125
