rcp4.5models/GFDL_CM3/sc1gr4.25
NCOLS 261 
NROWS 433 
XLLCORNER 336357.134 
YLLCORNER 654653.479 
CELLSIZE 1000 
NODATA_value -3.4e+38 
[rows 308 to 329 of 433, columns 98 to 146 of 261]
231.738845825195 234.903533935547 244.945266723633 244.248229980469 241.432281494141 239.59684753418 239.68717956543 237.337677001953 234.276016235352 239.676696777344 246.659545898438 251.214508056641 253.958160400391 257.617919921875 257.162841796875 253.284744262695 251.99153137207 246.415740966797 236.740478515625 234.136093139648 234.968551635742 236.232269287109 236.588424682617 238.710327148438 240.793655395508 242.316696166992 241.652526855469 245.956314086914 245.839218139648 239.552749633789 235.007019042969 232.534729003906 226.279067993164 214.491653442383 204.519348144531 195.413681030273 186.817901611328 193.332916259766 207.198577880859 213.734100341797 218.443084716797 215.001480102539 201.51806640625 196.156173706055 194.844024658203 191.925979614258 191.324035644531 190.922225952148 186.427307128906
238.03532409668 240.015701293945 248.509246826172 246.929244995117 235.689361572266 233.026351928711 237.942413330078 243.430892944336 242.706298828125 244.174606323242 252.33903503418 258.323608398438 258.996765136719 259.404052734375 255.176635742188 249.546844482422 247.222610473633 243.783706665039 232.684173583984 229.493362426758 228.688705444336 225.689544677734 223.519973754883 221.788269042969 223.389389038086 227.555252075195 240.761245727539 241.622848510742 232.054946899414 220.661148071289 212.1533203125 217.537933349609 220.172744750977 210.342391967773 200.161376953125 192.992202758789 187.4736328125 188.796051025391 199.127975463867 205.004638671875 212.29475402832 212.522003173828 199.510543823242 191.942306518555 187.111206054688 187.548980712891 189.384857177734 189.156143188477 182.836975097656
259.250518798828 257.628997802734 258.948608398438 255.224365234375 240.279968261719 230.612670898438 230.193832397461 242.794372558594 245.330368041992 245.248260498047 254.819869995117 258.787384033203 258.084014892578 257.887390136719 252.51318359375 244.665420532227 240.052871704102 241.339920043945 238.125732421875 235.451156616211 229.542022705078 220.702407836914 215.542404174805 212.248107910156 213.984970092773 220.158203125 241.662673950195 236.930938720703 221.273727416992 207.873504638672 199.340515136719 203.028030395508 207.667694091797 204.331436157227 197.171478271484 188.278610229492 182.694412231445 185.045135498047 188.813201904297 193.413375854492 201.858581542969 209.798156738281 202.634948730469 190.101455688477 182.451889038086 185.611083984375 188.107849121094 186.388153076172 187.748123168945
275.346862792969 276.770904541016 273.957672119141 264.841278076172 249.025009155273 231.544326782227 228.87174987793 242.810195922852 249.948699951172 251.030181884766 257.393524169922 258.822296142578 257.090972900391 255.26318359375 252.434494018555 245.948425292969 237.66162109375 236.09587097168 238.677337646484 237.918426513672 231.299453735352 220.32991027832 210.27555847168 207.79719543457 218.182388305664 230.816421508789 238.925582885742 235.873138427734 224.75 211.667114257812 201.996948242188 197.970291137695 197.393814086914 198.156341552734 197.581680297852 190.802780151367 181.827056884766 174.477661132812 177.498901367188 183.734252929688 194.402160644531 201.034469604492 196.302947998047 184.359024047852 178.03434753418 181.467239379883 184.6689453125 185.528045654297 192.673065185547
282.674682617188 286.388366699219 281.525970458984 269.633728027344 251.613311767578 232.815155029297 234.933837890625 247.409194946289 253.636581420898 256.212707519531 257.362670898438 256.810272216797 254.215408325195 251.434341430664 250.631072998047 244.796600341797 236.552871704102 231.079391479492 232.175491333008 232.384231567383 230.912017822266 223.17350769043 212.73014831543 212.158782958984 225.514144897461 238.252731323242 230.525482177734 230.247482299805 227.724639892578 220.338348388672 210.407775878906 203.387252807617 199.150329589844 196.496246337891 194.99592590332 192.712738037109 186.86393737793 166.964263916016 167.968383789062 177.039199829102 186.641189575195 184.371856689453 180.052520751953 174.888961791992 174.143493652344 177.319793701172 182.048263549805 188.433853149414 192.954788208008
289.035125732422 288.254241943359 283.694000244141 270.545288085938 267.522369384766 257.944305419922 258.282135009766 262.532257080078 257.660827636719 254.39501953125 250.795501708984 245.189468383789 243.142929077148 246.826843261719 242.603988647461 233.139526367188 228.730560302734 225.770050048828 222.653549194336 219.33268737793 219.133728027344 219.390121459961 213.964828491211 216.301712036133 229.519226074219 235.276504516602 221.511093139648 210.925964355469 212.249862670898 210.699081420898 210.755462646484 209.04150390625 204.411026000977 199.543273925781 192.794799804688 188.194244384766 184.996978759766 172.837005615234 165.486999511719 159.723861694336 156.599349975586 156.873916625977 164.64469909668 173.751174926758 177.089385986328 178.561157226562 180.036209106445 181.44384765625 192.921493530273
289.613037109375 289.598815917969 286.866973876953 280.663787841797 279.080718994141 274.199645996094 272.223175048828 273.182861328125 267.213165283203 256.268524169922 249.052169799805 240.975219726562 238.49528503418 243.872543334961 242.283966064453 230.854049682617 225.886459350586 222.095169067383 213.706344604492 208.231811523438 210.393188476562 213.714508056641 211.157852172852 211.926406860352 223.715560913086 232.231796264648 218.915603637695 209.580871582031 202.030654907227 197.737564086914 200.592132568359 200.460540771484 196.968032836914 196.155883789062 192.837280273438 188.275955200195 181.47802734375 174.201934814453 172.6904296875 167.125366210938 162.596786499023 160.272872924805 166.227615356445 174.773681640625 178.342514038086 178.747100830078 177.987579345703 177.199645996094 187.511047363281
284.042999267578 285.034240722656 286.277404785156 277.274383544922 283.234954833984 281.263519287109 275.293212890625 276.370941162109 274.168273925781 261.145874023438 249.512786865234 240.058685302734 233.691848754883 237.024047851562 239.277847290039 230.997772216797 225.088623046875 217.255477905273 204.541915893555 200.720916748047 205.673370361328 211.17138671875 212.831878662109 214.718292236328 224.432769775391 230.423568725586 218.274795532227 209.207778930664 194.033096313477 187.69172668457 191.252990722656 189.330001831055 186.204711914062 187.498596191406 184.943450927734 183.631729125977 177.423477172852 174.516067504883 177.919891357422 176.728973388672 171.01448059082 167.134155273438 169.912384033203 175.635162353516 179.27409362793 178.401275634766 176.462966918945 176.854614257812 183.522705078125
276.44677734375 275.698699951172 279.294403076172 263.688598632812 274.378479003906 281.947692871094 271.902618408203 270.972106933594 277.393859863281 265.283081054688 251.01579284668 241.760787963867 234.48127746582 231.195571899414 232.189788818359 228.980438232422 222.500717163086 211.656997680664 199.801803588867 197.653717041016 200.494125366211 207.280014038086 214.540328979492 221.529510498047 228.917007446289 227.405090332031 212.753555297852 209.34245300293 198.568603515625 188.095809936523 185.321853637695 180.969985961914 179.161697387695 180.335311889648 178.155746459961 177.477478027344 174.172973632812 174.931457519531 177.652465820312 181.316970825195 178.470443725586 176.736801147461 178.072692871094 179.907974243164 180.043014526367 176.97200012207 176.48796081543 181.415161132812 189.310531616211
273.603088378906 272.668304443359 273.789459228516 259.58154296875 264.234893798828 279.177947998047 273.688018798828 264.567230224609 270.184814453125 270.355377197266 259.894592285156 246.664352416992 236.972808837891 231.28401184082 224.565887451172 225.321380615234 220.168716430664 210.510864257812 201.362915039062 197.405960083008 199.364456176758 206.966598510742 213.68310546875 220.568786621094 226.89192199707 226.15673828125 212.507064819336 211.470794677734 206.88883972168 199.885711669922 192.519958496094 182.654281616211 177.133438110352 179.032272338867 176.989044189453 173.234375 173.362289428711 176.744659423828 177.056854248047 181.694763183594 182.745941162109 182.669052124023 182.548400878906 183.407073974609 182.591079711914 178.675323486328 178.347564697266 185.972137451172 199.868179321289
272.468170166016 270.541473388672 271.241546630859 264.618957519531 267.591461181641 278.599609375 275.858123779297 262.452484130859 259.308349609375 267.259796142578 264.449340820312 249.499008178711 235.34423828125 231.083892822266 222.18440246582 222.992233276367 220.21257019043 211.934204101562 205.134872436523 203.205535888672 204.010635375977 210.462951660156 215.704864501953 218.679306030273 221.784820556641 225.470825195312 217.288955688477 214.484024047852 211.819213867188 210.025833129883 204.835006713867 195.283309936523 187.683242797852 187.517105102539 183.698715209961 178.800582885742 178.370590209961 181.770950317383 180.213653564453 180.923721313477 182.909957885742 182.472854614258 181.814559936523 182.747131347656 183.616928100586 184.068939208984 185.720169067383 191.441818237305 206.362335205078
272.016326904297 268.5400390625 269.011383056641 267.878051757812 264.772735595703 272.215698242188 274.661346435547 263.233764648438 252.725082397461 256.750457763672 259.773406982422 246.779983520508 232.465026855469 228.18244934082 226.737075805664 225.267120361328 220.136245727539 213.194808959961 208.50114440918 208.79753112793 209.179046630859 211.304504394531 214.806106567383 216.536834716797 217.847152709961 220.324172973633 218.661483764648 216.993865966797 214.754577636719 213.635894775391 211.52116394043 207.725860595703 204.063934326172 199.960037231445 194.803192138672 191.054138183594 188.50048828125 188.992614746094 185.239044189453 182.535858154297 183.154205322266 182.403198242188 182.076507568359 181.941116333008 181.859512329102 184.499694824219 190.243103027344 198.469299316406 210.443084716797
274.612762451172 272.802001953125 270.767974853516 268.601440429688 258.609130859375 260.162994384766 270.625762939453 268.231109619141 254.001068115234 248.003921508789 251.038650512695 241.607711791992 227.467910766602 225.209259033203 229.298431396484 226.840225219727 219.870697021484 214.583251953125 211.12516784668 211.591567993164 213.380233764648 213.731979370117 213.901977539062 214.638198852539 216.477294921875 215.851303100586 215.533111572266 216.78581237793 216.49885559082 213.857116699219 211.722518920898 210.365585327148 210.485626220703 208.653030395508 204.391143798828 200.316497802734 197.283767700195 191.435836791992 184.421508789062 181.209671020508 182.490234375 182.907684326172 183.673904418945 183.954696655273 182.776077270508 182.559906005859 187.077346801758 197.672271728516 215.961334228516
279.079833984375 277.889862060547 274.301818847656 269.876129150391 258.182373046875 250.344100952148 261.218109130859 272.435852050781 261.996185302734 249.619003295898 247.399688720703 241.015579223633 227.109146118164 223.722351074219 225.219009399414 223.849624633789 220.719009399414 214.837600708008 212.556137084961 212.786560058594 215.068557739258 216.080093383789 215.572143554688 215.775939941406 215.158264160156 212.483840942383 212.602890014648 214.425659179688 215.503005981445 213.519317626953 212.252807617188 210.682312011719 208.163711547852 208.184371948242 208.560195922852 206.51383972168 201.744384765625 188.293395996094 181.259063720703 178.491607666016 181.322814941406 182.114471435547 183.550476074219 185.431762695312 185.968627929688 185.475448608398 188.330627441406 195.917007446289 217.760787963867
278.427276611328 278.968566894531 274.590087890625 269.308685302734 257.779571533203 246.640579223633 253.60205078125 269.803741455078 267.649566650391 258.456665039062 249.507537841797 242.453674316406 234.328384399414 226.725875854492 220.506729125977 220.883941650391 222.486923217773 219.668823242188 214.944793701172 212.22526550293 214.514785766602 216.340270996094 216.221237182617 216.529418945312 212.79296875 208.016265869141 210.398178100586 210.998062133789 211.045150756836 211.140396118164 212.558532714844 211.601257324219 207.328796386719 206.187423706055 207.752868652344 208.013412475586 203.814437866211 189.975112915039 183.976974487305 180.114501953125 181.119155883789 180.871643066406 181.685958862305 183.238418579102 182.863922119141 183.162521362305 190.128814697266 198.286315917969 215.018600463867
269.060424804688 273.183258056641 273.853942871094 269.020599365234 259.492218017578 250.06037902832 252.182998657227 260.474670410156 263.785980224609 260.604766845703 250.515106201172 238.044189453125 234.806396484375 232.11882019043 218.228332519531 218.660827636719 220.084747314453 222.539443969727 219.421478271484 213.980331420898 213.72802734375 214.963638305664 215.033920288086 214.37109375 212.22981262207 207.716796875 206.484344482422 208.090621948242 208.684555053711 209.636184692383 210.966766357422 210.3310546875 208.190414428711 207.618850708008 206.58642578125 206.302947998047 204.838668823242 195.353607177734 188.356689453125 182.193252563477 179.555145263672 180.212326049805 181.619247436523 182.031875610352 179.184173583984 177.590545654297 188.059280395508 198.965591430664 213.668029785156
268.480865478516 271.221343994141 273.875061035156 267.870574951172 262.3212890625 252.253631591797 248.359481811523 248.601669311523 251.210433959961 253.669067382812 247.916641235352 234.015777587891 228.688858032227 233.583511352539 219.915344238281 216.868927001953 215.639755249023 217.172058105469 218.748275756836 217.233291625977 214.578216552734 213.555435180664 213.663772583008 211.923492431641 209.674346923828 206.284194946289 206.972702026367 208.474899291992 209.916488647461 211.160491943359 211.93879699707 211.507507324219 209.507263183594 208.369064331055 206.557861328125 206.20100402832 205.789993286133 196.779067993164 191.928268432617 186.076263427734 181.320892333984 181.41162109375 182.122039794922 182.103637695312 181.735900878906 182.006652832031 189.208801269531 196.700378417969 211.370147705078
277.545379638672 278.949371337891 278.800964355469 271.626068115234 263.593414306641 250.662231445312 241.066375732422 235.601058959961 229.329879760742 225.230239868164 229.723831176758 237.417373657227 232.360260009766 221.512939453125 224.489608764648 221.696426391602 216.905242919922 213.438339233398 213.848297119141 214.470596313477 214.789733886719 214.983291625977 212.315246582031 206.833450317383 206.072189331055 204.959854125977 196.315032958984 201.40510559082 202.919708251953 203.74560546875 206.903762817383 208.250076293945 208.795349121094 208.446823120117 208.640838623047 207.071334838867 205.527206420898 197.265151977539 194.278259277344 192.049438476562 188.497329711914 184.910629272461 184.073486328125 183.485107421875 183.327026367188 185.161880493164 189.766983032227 195.938110351562 203.913726806641
274.003295898438 276.425018310547 274.719604492188 270.420745849609 263.4765625 253.832717895508 242.57145690918 232.590911865234 226.834884643555 218.315963745117 218.880126953125 232.658615112305 235.754501342773 227.244934082031 216.864181518555 220.645156860352 221.896545410156 216.717132568359 212.68635559082 212.972259521484 214.061004638672 215.202865600586 214.914962768555 212.384918212891 210.931686401367 207.359375 193.202072143555 196.656951904297 199.080612182617 201.503860473633 207.17155456543 208.268920898438 208.457412719727 206.829315185547 205.239105224609 202.884353637695 199.92707824707 190.279891967773 190.40869140625 190.063674926758 187.240020751953 185.22119140625 185.156585693359 184.382797241211 183.843002319336 184.460708618164 187.852752685547 195.462707519531 213.995758056641
270.567199707031 275.446716308594 273.390380859375 263.727172851562 255.859710693359 245.018173217773 234.39518737793 223.961517333984 221.025024414062 215.853286743164 213.0283203125 220.231964111328 228.707458496094 229.309326171875 213.811874389648 213.245788574219 220.478668212891 221.216125488281 217.044616699219 214.69352722168 214.524993896484 216.135284423828 216.876556396484 215.054794311523 212.732345581055 209.369125366211 198.656402587891 198.501525878906 201.51350402832 203.961441040039 208.727233886719 209.093048095703 208.604034423828 206.867172241211 204.885116577148 202.158630371094 197.345932006836 188.698776245117 184.817047119141 183.290756225586 182.096908569336 183.288909912109 183.590087890625 184.408279418945 184.405776977539 183.932464599609 185.653381347656 193.43424987793 214.526504516602
266.713928222656 267.261901855469 268.253234863281 258.699493408203 252.04606628418 241.146347045898 228.078567504883 214.900344848633 214.427871704102 214.548690795898 209.844955444336 210.844039916992 219.597091674805 228.087615966797 217.82470703125 211.416290283203 213.246322631836 219.179351806641 -3.4e+38 221.698623657227 219.610794067383 217.892776489258 216.033264160156 214.615447998047 213.199310302734 210.494476318359 200.145553588867 200.152008056641 204.0693359375 206.092178344727 207.731246948242 208.403305053711 208.390365600586 207.134262084961 206.168441772461 204.684585571289 200.932754516602 194.631713867188 190.746459960938 187.386245727539 182.946731567383 182.130126953125 180.680618286133 182.61247253418 184.166244506836 183.361770629883 183.169311523438 187.928314208984 205.116104125977
261.862762451172 254.436416625977 253.742630004883 248.786666870117 246.292251586914 241.308410644531 225.98681640625 208.506118774414 205.469970703125 208.640411376953 208.068130493164 209.286682128906 213.640975952148 221.17399597168 220.350799560547 214.861465454102 209.223922729492 210.779144287109 219.224075317383 -3.4e+38 -3.4e+38 221.348205566406 216.674880981445 212.798324584961 212.043701171875 210.498046875 200.688583374023 194.014297485352 197.773208618164 204.363128662109 205.239044189453 204.663238525391 203.84358215332 203.51350402832 203.25080871582 204.182357788086 203.282424926758 201.0400390625 199.928695678711 196.700164794922 189.58561706543 184.022033691406 178.505905151367 177.762969970703 181.071075439453 183.066421508789 179.858642578125 175.944061279297 195.815216064453
