rcp4.5models/GFDL_CM3/sc1gr8.21
NCOLS 261 
NROWS 433 
XLLCORNER 336357.134 
YLLCORNER 654653.479 
CELLSIZE 1000 
NODATA_value -3.4e+38 
[rows 286 to 307 of 433, columns 49 to 97 of 261]
207.011611938477 207.963775634766 208.70426940918 209.868576049805 210.772598266602 211.782608032227 212.942657470703 215.578735351562 217.454940795898 220.138275146484 222.287643432617 223.544647216797 224.664657592773 230.014434814453 235.208892822266 234.301010131836 234.647735595703 236.37907409668 239.748260498047 243.448623657227 245.886245727539 246.198669433594 247.817825317383 249.810836791992 250.878005981445 252.395004272461 253.889053344727 255.546020507812 256.189270019531 256.737731933594 256.566040039062 258.722686767578 261.705993652344 261.249328613281 257.891693115234 255.035430908203 253.852340698242 256.552459716797 254.096435546875 247.525588989258 246.589324951172 243.92724609375 245.492218017578 246.945663452148 251.134750366211 254.858200073242 255.439529418945 251.650512695312 251.584976196289
207.575347900391 208.838729858398 209.704376220703 210.990737915039 212.341293334961 213.697891235352 214.743011474609 217.233627319336 218.870376586914 221.346145629883 223.27229309082 224.971115112305 226.010269165039 229.136184692383 232.184646606445 233.287414550781 235.39567565918 237.214279174805 241.759750366211 245.680969238281 248.215744018555 248.033905029297 249.670745849609 251.917022705078 253.223281860352 254.662307739258 255.825302124023 257.388946533203 257.626556396484 258.802978515625 259.0849609375 259.845764160156 262.257446289062 261.190063476562 257.371765136719 258.291442871094 259.921234130859 259.759338378906 254.981643676758 248.661422729492 246.691070556641 246.042221069336 246.567932128906 246.620132446289 247.736450195312 247.903915405273 247.497573852539 246.293548583984 246.300811767578
208.430557250977 209.154266357422 210.287750244141 211.853149414062 213.569320678711 214.968673706055 215.882232666016 219.48844909668 220.438598632812 222.576919555664 224.896636962891 226.947601318359 228.715103149414 230.355422973633 233.065963745117 235.658996582031 236.910293579102 238.281692504883 244.176956176758 247.116989135742 249.184448242188 249.781356811523 252.099975585938 254.985473632812 255.92057800293 256.352447509766 257.245666503906 258.553558349609 259.768585205078 260.359222412109 260.752532958984 260.926208496094 263.101440429688 263.578491210938 261.908203125 261.702575683594 260.825134277344 260.170166015625 255.191528320312 249.382675170898 248.109191894531 247.474914550781 246.500442504883 247.906631469727 248.255294799805 247.59700012207 247.746948242188 247.712539672852 247.873321533203
208.974533081055 210.201187133789 211.234817504883 212.875915527344 214.885101318359 215.917053222656 217.014862060547 221.480621337891 223.038833618164 224.34895324707 226.361389160156 228.861511230469 230.840240478516 232.208282470703 234.570999145508 237.11067199707 238.366561889648 239.906051635742 247.667236328125 249.436752319336 250.867401123047 251.784561157227 253.625579833984 256.827270507812 258.116943359375 257.758422851562 258.741333007812 259.834411621094 261.038543701172 261.583282470703 261.896575927734 261.690856933594 264.36376953125 267.3212890625 265.232025146484 262.005554199219 260.284393310547 260.984039306641 255.81477355957 250.504379272461 250.589065551758 249.444946289062 248.370223999023 249.997161865234 249.943771362305 250.42399597168 250.818878173828 250.193878173828 250.294311523438
211.32731628418 213.161239624023 215.127960205078 216.326293945312 217.409042358398 219.130142211914 220.978118896484 225.104278564453 226.855255126953 228.454086303711 230.228881835938 231.873947143555 233.590637207031 235.397918701172 237.025863647461 238.88362121582 241.222671508789 245.55989074707 251.845550537109 253.091415405273 254.161193847656 255.844970703125 257.684143066406 259.074493408203 261.123992919922 262.343658447266 263.183013916016 264.300109863281 265.528045654297 265.2802734375 266.159545898438 268.782104492188 272.021026611328 274.377777099609 274.073913574219 272.075714111328 268.419067382812 266.20751953125 262.266693115234 259.416259765625 260.055541992188 255.200210571289 254.462692260742 255.176422119141 258.463165283203 258.615875244141 255.022857666016 253.908889770508 253.55061340332
213.818008422852 215.222991943359 216.756118774414 217.891662597656 219.362976074219 221.318939208984 222.747207641602 226.438903808594 228.321487426758 230.590118408203 232.207641601562 233.332244873047 235.294860839844 237.234344482422 239.159530639648 242.121704101562 243.787780761719 246.549423217773 253.633499145508 255.080871582031 256.037445068359 258.366577148438 260.063446044922 262.058258056641 264.557342529297 265.391845703125 265.9697265625 266.907287597656 268.159881591797 267.747772216797 268.484466552734 270.867309570312 274.416442871094 276.488159179688 276.125671386719 277.365997314453 277.794982910156 278.945098876953 272.823852539062 269.343902587891 269.830474853516 258.568756103516 257.933868408203 259.059906005859 262.982421875 262.888031005859 258.278350830078 257.148071289062 270.114440917969
215.116897583008 216.690948486328 218.142501831055 219.776885986328 221.466735839844 223.009033203125 224.540908813477 228.391571044922 230.519882202148 232.572311401367 234.301605224609 235.558547973633 237.154190063477 239.313430786133 241.493103027344 244.238800048828 246.384399414062 248.541488647461 254.282943725586 256.426727294922 258.463348388672 261.368530273438 263.231384277344 264.443389892578 266.585754394531 267.722503662109 268.461029052734 269.600952148438 271.249450683594 271.448638916016 272.898193359375 276.305450439453 278.872741699219 281.026214599609 281.412963867188 282.276885986328 284.099090576172 285.443786621094 282.381774902344 283.744079589844 280.727996826172 261.933959960938 261.184112548828 261.623229980469 262.860137939453 266.6416015625 266.556457519531 259.001678466797 273.385803222656
216.692443847656 218.18669128418 219.274703979492 221.325347900391 223.090744018555 224.069625854492 225.956176757812 229.842422485352 232.236633300781 234.493362426758 236.236099243164 237.831314086914 239.711288452148 241.950653076172 244.198226928711 246.454055786133 249.172210693359 251.531707763672 257.309936523438 259.295623779297 260.631774902344 263.603271484375 265.67626953125 266.688140869141 268.772735595703 270.437042236328 271.116302490234 272.044403076172 273.387145996094 275.752044677734 277.005065917969 278.709289550781 279.50830078125 280.756011962891 281.953796386719 281.436492919922 283.186218261719 283.694183349609 281.083862304688 282.313873291016 283.442993164062 267.906494140625 264.908996582031 268.515777587891 269.452453613281 268.934448242188 270.665069580078 262.067260742188 263.585510253906
217.997177124023 219.806732177734 221.420944213867 223.259902954102 224.678680419922 226.05940246582 227.886367797852 232.129043579102 234.437759399414 236.479507446289 238.202545166016 240.405822753906 242.150497436523 244.280197143555 246.637573242188 248.777191162109 251.994552612305 254.576278686523 259.368133544922 261.427825927734 263.148986816406 266.056701660156 268.57080078125 269.925476074219 271.501037597656 273.38037109375 274.137237548828 274.663909912109 275.453033447266 278.269592285156 279.112915039062 278.700836181641 280.177764892578 282.285461425781 282.77001953125 283.535827636719 286.886505126953 285.23046875 278.690765380859 274.541351318359 281.250915527344 274.858428955078 274.848724365234 276.591888427734 281.918609619141 276.172637939453 273.459259033203 273.400939941406 272.984466552734
219.747482299805 221.575286865234 223.380218505859 225.100616455078 226.09130859375 227.952026367188 230.447738647461 235.275665283203 237.183807373047 238.897247314453 240.402435302734 242.140975952148 244.077789306641 246.702407836914 249.524703979492 251.703308105469 254.437438964844 256.877044677734 262.662048339844 265.193939208984 266.013061523438 269.151153564453 271.404418945312 272.340576171875 274.448913574219 276.134094238281 277.261688232422 278.091796875 278.467224121094 280.413726806641 280.941650390625 281.445770263672 284.333892822266 286.850738525391 285.292144775391 286.686737060547 291.937286376953 287.583038330078 279.516448974609 274.965209960938 281.231140136719 275.095672607422 276.201629638672 278.177795410156 282.817321777344 277.203887939453 272.794372558594 274.658599853516 275.640533447266
221.059631347656 222.770324707031 224.154708862305 225.851364135742 227.763580322266 230.316558837891 232.91633605957 237.413009643555 239.444076538086 240.941604614258 242.269515991211 244.316665649414 246.734268188477 249.236221313477 251.787841796875 254.033950805664 256.729614257812 259.50048828125 265.583831787109 268.134674072266 269.16943359375 271.445465087891 273.366424560547 275.499389648438 277.956817626953 279.452087402344 280.577331542969 281.579681396484 282.122222900391 283.676452636719 283.474029541016 284.853546142578 287.286468505859 289.393432617188 289.377014160156 290.646331787109 294.724945068359 290.059997558594 280.712554931641 278.828186035156 280.268707275391 274.140747070312 273.020355224609 276.243682861328 278.448486328125 275.153930664062 271.959136962891 270.087310791016 269.243591308594
222.887512207031 225.369781494141 226.593795776367 228.016815185547 230.735946655273 233.331146240234 235.274993896484 239.203399658203 241.076187133789 242.681655883789 244.69482421875 247.529113769531 249.861633300781 252.085372924805 254.317535400391 256.843688964844 259.693481445312 262.708221435547 267.782318115234 269.917755126953 272.346923828125 274.899108886719 277.101684570312 279.748199462891 281.511932373047 282.706695556641 283.686553955078 284.692138671875 285.137298583984 286.096466064453 286.664459228516 288.543029785156 289.929840087891 291.659698486328 294.894744873047 297.704040527344 297.749847412109 290.412139892578 281.316223144531 281.788238525391 284.978790283203 276.727233886719 274.886047363281 274.821411132812 277.452850341797 278.782958984375 276.115295410156 272.672332763672 270.318511962891
226.294128417969 227.836303710938 229.587112426758 231.685882568359 233.995162963867 235.422515869141 237.13102722168 241.191650390625 242.903915405273 244.611053466797 247.373748779297 250.409713745117 252.79753112793 255.499298095703 257.763031005859 260.138549804688 262.911315917969 265.883636474609 270.480926513672 272.363739013672 274.8505859375 278.247344970703 281.598205566406 283.949645996094 285.150604248047 285.791137695312 286.902191162109 288.168395996094 288.961944580078 289.517395019531 290.209167480469 291.652374267578 294.303741455078 297.227600097656 300.204467773438 303.568878173828 300.986846923828 292.681274414062 288.433502197266 290.445434570312 296.88330078125 284.629852294922 281.844207763672 281.294342041016 283.546539306641 284.352905273438 281.774108886719 276.513153076172 271.452880859375
228.444976806641 229.513336181641 231.312347412109 233.814559936523 235.839385986328 236.921783447266 238.616592407227 242.927261352539 245.133773803711 247.344207763672 250.002624511719 253.004486083984 255.642776489258 258.324432373047 260.760681152344 263.260650634766 266.027465820312 268.998687744141 273.115966796875 275.299743652344 277.867431640625 281.889984130859 285.480194091797 287.298461914062 288.765350341797 289.637359619141 290.940551757812 292.244873046875 292.937377929688 294.519195556641 293.645111083984 295.791107177734 299.936981201172 301.501129150391 303.468780517578 307.273345947266 305.085052490234 299.720001220703 297.391387939453 295.156127929688 301.292877197266 295.747894287109 290.862213134766 285.449066162109 284.467681884766 284.4765625 283.170837402344 282.282531738281 280.314056396484
230.104446411133 231.30810546875 232.964950561523 235.147567749023 237.244049072266 239.075149536133 240.749908447266 245.691970825195 248.185638427734 250.786392211914 253.586273193359 256.273590087891 258.674713134766 260.705932617188 263.471771240234 266.708404541016 269.147277832031 271.960662841797 275.763244628906 278.122406005859 280.827758789062 285.547058105469 288.817626953125 289.799346923828 291.358154296875 293.120635986328 294.581451416016 295.839233398438 296.282806396484 299.6962890625 298.049011230469 298.055206298828 301.558471679688 304.787292480469 307.413024902344 310.338653564453 309.585754394531 304.473724365234 300.451385498047 299.400024414062 305.339447021484 298.619567871094 293.287567138672 286.998809814453 281.641662597656 280.125823974609 277.305541992188 281.970947265625 283.911773681641
234.423431396484 236.431732177734 238.400466918945 239.94108581543 241.374008178711 243.648590087891 245.83903503418 250.32243347168 253.596771240234 256.118011474609 258.179229736328 260.868316650391 263.671020507812 266.364196777344 269.172821044922 272.467254638672 275.400024414062 277.822448730469 281.780029296875 284.101501464844 286.906707763672 290.085876464844 293.748718261719 296.630706787109 298.759887695312 300.652954101562 302.767852783203 304.461242675781 305.887542724609 308.733093261719 309.765869140625 307.839904785156 306.535125732422 309.935272216797 315.417236328125 317.630310058594 315.392364501953 309.674072265625 308.050201416016 310.944396972656 312.504272460938 314.654144287109 305.767608642578 304.727081298828 306.69873046875 298.689697265625 285.62548828125 282.119049072266 286.445892333984
236.072525024414 238.069412231445 239.895217895508 241.734634399414 243.78059387207 246.690979003906 249.305297851562 252.848937988281 255.740020751953 258.560791015625 261.152130126953 264.146728515625 267.114715576172 269.940185546875 272.333953857422 275.494171142578 278.534057617188 280.481262207031 286.059692382812 288.402954101562 291.666107177734 295.705139160156 299.072631835938 301.366546630859 303.017913818359 304.753631591797 307.013854980469 308.699340820312 309.044982910156 310.605895996094 313.492919921875 313.921081542969 313.4208984375 317.312927246094 319.778991699219 320.8603515625 321.234436035156 315.129943847656 311.007598876953 318.743560791016 323.472229003906 325.439666748047 321.932708740234 320.152313232422 322.289733886719 320.095306396484 305.011444091797 292.684112548828 281.202575683594
237.71208190918 239.788513183594 241.965316772461 244.311889648438 246.773483276367 249.416366577148 251.858261108398 256.214874267578 259.022888183594 262.009460449219 264.732788085938 267.492431640625 269.978668212891 272.961212158203 275.675903320312 278.182250976562 281.177062988281 284.013793945312 289.931396484375 292.513916015625 295.678161621094 300.070404052734 303.836456298828 305.732025146484 307.317138671875 309.088226318359 309.718017578125 309.720306396484 311.200103759766 314.573760986328 317.403717041016 317.719421386719 318.783233642578 323.042846679688 323.792266845703 324.452667236328 325.1259765625 323.044403076172 322.114776611328 325.65625 326.115081787109 328.369506835938 323.336242675781 307.179504394531 301.021697998047 302.501739501953 298.319610595703 292.021240234375 280.589111328125
239.861801147461 241.978240966797 244.220153808594 246.160690307617 248.626449584961 251.403793334961 254.061416625977 259.624176025391 262.782318115234 265.454772949219 269.650329589844 272.333282470703 272.851898193359 276.108764648438 279.437438964844 281.821441650391 284.50927734375 287.685791015625 293.645965576172 297.157958984375 299.929534912109 303.774597167969 307.702911376953 309.437774658203 311.403717041016 313.168090820312 313.750762939453 314.345947265625 316.354370117188 319.921508789062 322.152496337891 323.266082763672 324.2314453125 326.144226074219 327.512512207031 328.560516357422 329.041412353516 330.131713867188 329.207000732422 324.814483642578 323.227783203125 319.641143798828 314.472045898438 293.142059326172 292.706268310547 294.548461914062 284.161499023438 286.531524658203 290.862457275391
242.989929199219 244.497604370117 247.138702392578 249.603759765625 252.058944702148 253.94026184082 255.837265014648 262.561187744141 266.13427734375 269.236846923828 273.802947998047 276.719329833984 277.269439697266 280.193969726562 283.1435546875 285.642486572266 287.973205566406 291.232238769531 296.874359130859 301.157348632812 304.483795166016 306.640899658203 310.040802001953 313.010986328125 315.071075439453 316.854278564453 318.138305664062 319.332946777344 319.261749267578 324.306182861328 326.496368408203 327.982879638672 328.985137939453 329.362457275391 330.970184326172 332.210510253906 332.820953369141 333.622955322266 329.60791015625 322.731140136719 322.636138916016 314.814910888672 307.549713134766 292.753204345703 294.065368652344 296.908203125 284.267456054688 286.504333496094 292.594665527344
246.038284301758 247.833709716797 250.746978759766 253.363098144531 255.811721801758 257.11865234375 258.956420898438 264.562713623047 268.322448730469 272.457916259766 275.921325683594 278.103363037109 280.417785644531 283.249603271484 286.172119140625 288.739044189453 291.1337890625 294.286437988281 300.130645751953 304.318084716797 307.927917480469 310.256439208984 313.423583984375 316.567474365234 318.321655273438 320.32177734375 322.312042236328 321.830444335938 319.807342529297 326.897857666016 330.203033447266 331.823883056641 332.937622070312 333.418090820312 334.682678222656 335.87548828125 336.753631591797 336.676483154297 332.442413330078 325.932983398438 328.108825683594 328.114532470703 322.319976806641 316.373779296875 306.433959960938 297.001251220703 287.275360107422 282.473693847656 282.1708984375
249.572708129883 251.386840820312 254.297653198242 256.826080322266 258.441497802734 259.957061767578 262.685089111328 267.403533935547 269.621826171875 273.675201416016 277.153198242188 280.128967285156 283.415985107422 286.688079833984 289.731079101562 292.332214355469 294.614105224609 297.106018066406 303.310302734375 307.201141357422 310.411956787109 313.726623535156 317.162750244141 319.83056640625 321.685729980469 323.705047607422 324.660308837891 324.802856445312 325.725341796875 332.370391845703 334.684265136719 335.467742919922 336.939849853516 338.500549316406 339.217712402344 339.028686523438 339.752319335938 340.375122070312 338.247894287109 335.617370605469 337.538146972656 339.010498046875 339.865509033203 334.656066894531 312.811462402344 299.250885009766 303.4560546875 296.961456298828 296.309448242188
