rcp4.5models/GFDL_CM3/sc1gr3.14
NCOLS 261 
NROWS 433 
XLLCORNER 336357.134 
YLLCORNER 654653.479 
CELLSIZE 1000 
NODATA_value -3.4e+38 
[rows 264 to 285 of 433, columns 98 to 146 of 261]
269.843383789062 271.684967041016 278.023864746094 277.583648681641 277.717681884766 277.815155029297 278.100006103516 277.604095458984 275.454559326172 267.255065917969 259.272735595703 266.249328613281 274.828338623047 274.787200927734 255.37077331543 246.460861206055 245.528656005859 246.672286987305 247.300979614258 248.360641479492 256.047760009766 260.528564453125 263.289398193359 263.6748046875 263.729919433594 263.139129638672 263.029144287109 253.683471679688 241.63655090332 233.517074584961 229.436981201172 230.51579284668 221.832809448242 212.261352539062 223.616897583008 212.294860839844 197.455535888672 181.832275390625 185.031814575195 193.99755859375 202.111389160156 208.247329711914 210.182983398438 203.67024230957 201.867218017578 207.199417114258 220.177322387695 233.878662109375 253.770919799805
265.268005371094 266.809112548828 276.929046630859 276.500823974609 277.208862304688 277.434967041016 277.925018310547 277.696075439453 275.860198974609 268.804168701172 260.249328613281 264.485626220703 274.156188964844 274.558227539062 262.606597900391 249.474578857422 244.557342529297 246.070388793945 247.509399414062 248.703674316406 258.679412841797 262.669952392578 262.747802734375 263.048156738281 263.404968261719 262.296875 262.179260253906 257.319946289062 251.470718383789 239.023818969727 230.992126464844 232.530456542969 219.426849365234 211.302932739258 227.188491821289 224.398376464844 209.94075012207 185.835830688477 184.793319702148 184.675582885742 192.268615722656 195.838333129883 198.926116943359 196.975341796875 198.007125854492 210.92692565918 232.001571655273 237.764312744141 265.086944580078
256.919952392578 262.933441162109 276.105499267578 274.895202636719 276.077453613281 277.218536376953 277.121978759766 277.096282958984 277.087127685547 276.694122314453 271.701995849609 262.31640625 261.076751708984 266.76953125 270.246887207031 260.14697265625 246.976013183594 244.589935302734 246.192352294922 247.458923339844 244.696792602539 245.865036010742 251.339691162109 259.567626953125 262.657928466797 262.624664306641 262.235229492188 257.651397705078 255.407165527344 252.399017333984 246.084655761719 237.194854736328 219.117858886719 199.725616455078 207.544296264648 229.182647705078 231.9775390625 211.365570068359 201.111251831055 198.262481689453 193.127899169922 186.144470214844 183.539276123047 189.771301269531 203.193923950195 221.532943725586 238.141906738281 248.290283203125 264.480072021484
261.045349121094 265.225280761719 273.926361083984 272.594177246094 273.2353515625 276.722625732422 276.83447265625 276.966735839844 277.018341064453 276.763916015625 274.648193359375 266.86083984375 257.305267333984 256.424530029297 266.123718261719 259.239135742188 248.886825561523 243.989837646484 246.021850585938 247.603271484375 246.463973999023 249.19970703125 252.038986206055 254.017654418945 259.464721679688 262.319274902344 262.778411865234 260.123321533203 255.838180541992 250.43017578125 243.913177490234 234.297225952148 216.117645263672 199.888610839844 207.343856811523 228.228942871094 235.301361083984 227.166061401367 215.610122680664 215.860305786133 207.165298461914 194.667404174805 192.831787109375 191.320007324219 193.002151489258 211.846572875977 237.947418212891 248.593002319336 262.874938964844
258.83056640625 267.946258544922 273.441162109375 274.106231689453 273.970550537109 275.752166748047 276.155822753906 274.628143310547 271.751892089844 273.133117675781 276.077087402344 273.209381103516 266.209838867188 258.123199462891 257.299438476562 255.972045898438 251.294250488281 248.14306640625 247.253997802734 247.936050415039 248.991912841797 249.596618652344 251.020843505859 251.328659057617 254.008422851562 257.001739501953 263.355865478516 261.885528564453 256.856018066406 250.156753540039 242.416244506836 233.488006591797 216.732437133789 200.104843139648 207.918487548828 228.220489501953 237.213272094727 235.579833984375 230.772399902344 232.385757446289 226.250549316406 216.805816650391 209.905868530273 194.966247558594 187.744674682617 193.842254638672 210.632125854492 226.548767089844 256.74169921875
262.058258056641 272.183135986328 275.697479248047 276.606719970703 276.047424316406 274.913726806641 275.123992919922 274.310638427734 269.324371337891 266.125244140625 270.704986572266 275.369567871094 274.077453613281 265.715545654297 252.163940429688 252.785217285156 250.472244262695 250.011337280273 247.996276855469 249.176986694336 251.17138671875 249.605087280273 250.831756591797 251.455429077148 251.949188232422 251.6591796875 258.657257080078 261.958435058594 259.136535644531 252.652572631836 242.522109985352 232.729461669922 216.002288818359 196.292144775391 207.228851318359 228.911575317383 235.888137817383 243.284286499023 239.918426513672 238.494964599609 235.053421020508 225.918106079102 208.127243041992 192.259185791016 185.501968383789 186.454696655273 200.378402709961 225.109344482422 248.074844360352
263.695281982422 272.6787109375 278.250793457031 277.403015136719 275.931701660156 273.450347900391 273.225738525391 274.628936767578 271.912689208984 264.851104736328 262.041290283203 267.4716796875 272.452697753906 266.653564453125 253.033843994141 252.903869628906 251.149856567383 249.634567260742 248.652526855469 249.734344482422 251.684555053711 251.286483764648 251.574081420898 251.948089599609 253.096786499023 252.405059814453 251.592834472656 258.031860351562 259.401977539062 251.245025634766 240.029190063477 224.322128295898 210.622116088867 208.915405273438 213.734588623047 227.89372253418 236.464904785156 248.421112060547 244.053176879883 239.116592407227 232.737548828125 217.901794433594 196.345291137695 190.075805664062 186.514312744141 190.776870727539 210.030212402344 236.593414306641 231.874313354492
266.519561767578 273.387390136719 276.373474121094 275.922698974609 274.051147460938 271.744964599609 271.541473388672 272.251678466797 270.942413330078 268.870361328125 264.121978759766 264.132690429688 270.359283447266 267.889312744141 254.201736450195 253.545791625977 252.921264648438 251.528579711914 250.987213134766 251.579162597656 252.69743347168 253.105438232422 252.31184387207 252.691604614258 254.375793457031 254.202362060547 250.655975341797 255.212692260742 259.36279296875 249.653137207031 238.50065612793 226.553451538086 220.326477050781 224.493530273438 221.256271362305 228.552185058594 241.360610961914 249.366058349609 244.222290039062 237.35888671875 230.491256713867 223.282791137695 206.154373168945 196.087921142578 193.604370117188 189.573272705078 197.819625854492 218.845809936523 209.337432861328
269.811676025391 276.238159179688 272.716766357422 272.393768310547 270.684509277344 270.011901855469 270.876678466797 270.128814697266 268.565063476562 268.612731933594 268.937805175781 268.717132568359 269.693054199219 269.351959228516 254.574920654297 253.483016967773 253.959228515625 253.490570068359 253.522933959961 253.332153320312 253.525115966797 254.589462280273 254.570510864258 254.387344360352 255.299392700195 254.601196289062 252.664886474609 254.600997924805 258.328460693359 253.247451782227 243.238815307617 239.393814086914 237.680450439453 234.106353759766 231.44970703125 236.316802978516 246.783554077148 251.21923828125 245.077026367188 238.252258300781 234.311553955078 235.476867675781 226.776596069336 211.95964050293 197.596755981445 188.17463684082 184.190307617188 194.448455810547 215.223770141602
271.919830322266 277.64013671875 272.143524169922 269.052124023438 267.481781005859 266.779144287109 268.782775878906 269.67529296875 268.560089111328 266.656829833984 267.292877197266 269.341156005859 269.228240966797 269.045440673828 255.010650634766 253.523101806641 253.757385253906 253.50993347168 254.58349609375 254.242156982422 254.44905090332 255.630981445312 255.965194702148 255.851257324219 255.28662109375 253.456695556641 253.588195800781 253.463577270508 255.25407409668 255.945739746094 249.363265991211 245.782165527344 245.682479858398 243.194458007812 241.31819152832 243.896453857422 250.800354003906 252.120498657227 246.95703125 243.110580444336 240.346908569336 237.944122314453 226.835403442383 207.417816162109 190.479049682617 187.894256591797 189.354339599609 191.12776184082 231.915664672852
276.5390625 278.254272460938 274.802459716797 268.748504638672 266.439422607422 265.265502929688 268.758209228516 270.102935791016 269.326995849609 269.051055908203 266.075927734375 265.558990478516 267.455871582031 267.983306884766 256.285888671875 253.036178588867 253.55549621582 253.285675048828 254.515747070312 254.955841064453 255.406448364258 255.841232299805 256.301605224609 256.799774169922 255.44206237793 253.273147583008 254.661529541016 253.96826171875 254.074356079102 255.652709960938 253.126541137695 248.816741943359 248.549438476562 246.046905517578 243.759017944336 245.962341308594 251.434356689453 250.210891723633 246.778503417969 242.288314819336 238.162261962891 232.963653564453 223.209762573242 205.668304443359 192.944702148438 193.702026367188 199.1337890625 198.689651489258 235.052215576172
278.799072265625 276.8623046875 274.899993896484 271.896209716797 268.483947753906 266.556243896484 270.328735351562 271.448303222656 271.56689453125 271.236511230469 266.754150390625 263.362121582031 263.649230957031 265.581787109375 259.630493164062 253.926879882812 254.246643066406 254.046997070312 254.608963012695 254.988906860352 255.665054321289 255.981674194336 256.647857666016 256.993286132812 256.117492675781 254.945327758789 255.218841552734 255.167846679688 255.01481628418 255.433959960938 255.049453735352 251.519180297852 249.337341308594 247.647583007812 245.87419128418 247.596282958984 253.0244140625 249.140151977539 246.343185424805 241.097991943359 234.448348999023 229.476333618164 227.047866821289 221.923522949219 206.929916381836 202.212936401367 208.096298217773 198.496185302734 233.622283935547
279.530700683594 277.676239013672 275.596771240234 273.745574951172 273.057708740234 271.529052734375 272.92236328125 273.967590332031 273.192016601562 270.762115478516 267.615173339844 262.96142578125 257.387115478516 257.7998046875 260.239379882812 253.827331542969 254.512054443359 254.489730834961 254.196914672852 254.436157226562 255.279891967773 255.364639282227 255.864410400391 256.738311767578 256.643707275391 256.362335205078 255.521148681641 255.776962280273 256.036102294922 255.597076416016 255.18701171875 253.455993652344 250.588424682617 246.346115112305 244.270385742188 247.271789550781 252.722869873047 249.002395629883 246.589813232422 243.107620239258 236.551010131836 231.559310913086 231.761215209961 232.585754394531 222.633148193359 217.619506835938 214.852111816406 195.428421020508 212.069259643555
279.303161621094 278.240112304688 276.664764404297 272.908050537109 274.27392578125 273.771362304688 274.662628173828 274.972259521484 273.881134033203 271.471618652344 269.479339599609 265.346771240234 259.17041015625 256.710540771484 255.951354980469 252.443313598633 253.283325195312 253.196212768555 252.877456665039 253.259963989258 253.982452392578 254.32893371582 254.957229614258 256.389373779297 257.100952148438 257.542541503906 256.206359863281 256.581359863281 256.248352050781 255.905471801758 255.299896240234 254.287399291992 252.437133789062 247.916625976562 244.256469726562 245.44921875 249.635055541992 251.735916137695 247.948135375977 244.059631347656 240.907913208008 239.475616455078 240.199996948242 241.732009887695 236.072357177734 232.606521606445 222.040939331055 207.554290771484 195.212249755859
277.603820800781 275.001403808594 275.467315673828 268.278991699219 265.042633056641 263.353424072266 265.073944091797 267.363677978516 267.609497070312 266.087860107422 265.816802978516 268.180511474609 271.268463134766 269.982391357422 255.60807800293 250.043853759766 250.775177001953 251.142959594727 250.307266235352 249.176025390625 250.35758972168 253.694366455078 254.76579284668 256.404541015625 256.965942382812 257.031585693359 257.487396240234 256.5556640625 255.957000732422 255.570770263672 256.056335449219 256.077819824219 255.74479675293 255.424255371094 253.5029296875 250.954086303711 253.627395629883 260.270111083984 257.051300048828 251.878982543945 248.533676147461 248.805740356445 250.292114257812 252.093643188477 250.458068847656 243.626403808594 233.766357421875 218.238800048828 191.39421081543
276.853881835938 274.970336914062 276.130950927734 273.533721923828 267.384155273438 254.631637573242 251.559677124023 258.382873535156 260.239776611328 254.723449707031 253.806930541992 257.753448486328 263.659912109375 261.156402587891 250.462432861328 247.001800537109 249.25325012207 251.746841430664 251.553207397461 249.155349731445 249.788513183594 253.960159301758 255.836807250977 256.074584960938 256.040374755859 254.968994140625 257.524200439453 256.800842285156 255.960540771484 255.935989379883 256.613159179688 256.927642822266 256.376678466797 255.823593139648 254.631225585938 253.863479614258 255.37548828125 260.738616943359 260.573913574219 258.477355957031 254.423400878906 250.531646728516 246.599700927734 248.691314697266 -3.4e+38 246.087524414062 234.733459472656 223.316162109375 212.354370117188
277.330505371094 276.365570068359 275.747589111328 273.637145996094 273.030609130859 261.03662109375 248.423873901367 248.982803344727 253.247894287109 250.755615234375 250.220092773438 251.318817138672 252.771072387695 252.284820556641 247.127593994141 249.047897338867 251.482986450195 252.734924316406 252.622085571289 251.29052734375 250.625030517578 253.541656494141 257.004455566406 255.426452636719 254.368606567383 253.704040527344 255.954116821289 256.988220214844 256.14990234375 257.019287109375 256.892852783203 257.109313964844 257.110900878906 256.933074951172 256.170837402344 255.658203125 255.496383666992 260.650604248047 262.013854980469 -3.4e+38 258.015747070312 251.341796875 244.83479309082 247.218505859375 254.838806152344 251.749954223633 242.750946044922 236.435089111328 233.785583496094
278.496307373047 278.926116943359 277.159423828125 274.143341064453 275.601989746094 272.998046875 261.701110839844 251.979309082031 252.695068359375 252.573211669922 252.684234619141 252.353759765625 252.083251953125 252.805191040039 250.960739135742 253.102951049805 253.96760559082 253.113723754883 251.831039428711 252.35302734375 252.208648681641 252.47331237793 256.992858886719 255.512832641602 254.029647827148 254.875946044922 253.780899047852 254.530899047852 256.988098144531 257.942596435547 257.127136230469 257.151977539062 257.804046630859 258.384490966797 257.758697509766 257.087219238281 255.846725463867 258.720031738281 260.179443359375 260.360015869141 -3.4e+38 255.330230712891 249.026214599609 251.104553222656 256.140991210938 254.657196044922 246.441833496094 238.030715942383 234.477951049805
277.276062011719 277.602020263672 277.642211914062 276.119262695312 275.188385009766 276.051940917969 273.045043945312 263.363525390625 254.960021972656 252.630126953125 253.199203491211 254.057388305664 254.697738647461 254.536880493164 254.123977661133 253.868927001953 254.309265136719 253.982849121094 252.874221801758 253.55451965332 255.728332519531 254.683258056641 256.773498535156 256.170166015625 254.718032836914 252.991561889648 250.40055847168 251.324844360352 255.540451049805 258.819549560547 257.521270751953 257.159240722656 257.819061279297 258.7373046875 258.686828613281 257.985717773438 256.345672607422 257.652587890625 258.311859130859 259.164581298828 261.299194335938 259.583038330078 255.367950439453 257.116485595703 257.625274658203 254.758361816406 245.831069946289 235.839874267578 234.124420166016
276.171295166016 275.113220214844 274.357482910156 274.627899169922 273.4462890625 274.488342285156 275.405029296875 268.156555175781 256.553436279297 253.630920410156 252.906509399414 253.685989379883 254.248275756836 254.723510742188 254.741683959961 254.649536132812 254.741226196289 254.729278564453 254.203353881836 254.095230102539 256.487213134766 257.038421630859 256.810760498047 255.013046264648 250.977081298828 246.998275756836 244.372207641602 250.105850219727 253.868423461914 256.930847167969 256.769378662109 258.250823974609 258.987121582031 259.36767578125 259.725128173828 259.173919677734 257.236206054688 257.997772216797 -3.4e+38 259.055053710938 260.349060058594 -3.4e+38 -3.4e+38 255.989562988281 257.179656982422 254.630737304688 245.308135986328 236.063140869141 234.781875610352
275.420349121094 272.760284423828 270.288177490234 272.826477050781 272.910675048828 273.520935058594 273.498809814453 269.830749511719 263.469024658203 258.032684326172 253.223876953125 250.548965454102 251.262420654297 253.152633666992 255.132385253906 255.022735595703 254.727645874023 254.671844482422 254.590103149414 254.492660522461 256.136627197266 255.978393554688 254.097442626953 251.500991821289 245.086868286133 239.938186645508 239.916519165039 247.919723510742 252.287521362305 254.50651550293 256.169982910156 257.781646728516 257.781402587891 258.380432128906 259.862335205078 260.501770019531 259.039581298828 258.854614257812 259.788757324219 -3.4e+38 259.788513183594 261.226165771484 257.683380126953 252.475723266602 255.438171386719 252.771575927734 244.021011352539 232.678176879883 234.210754394531
276.685943603516 273.789703369141 270.984619140625 273.039642333984 273.694061279297 274.043304443359 271.632629394531 270.669525146484 271.276580810547 264.827850341797 256.268463134766 252.464401245117 251.893264770508 251.167816162109 254.815124511719 254.640075683594 254.675918579102 254.879501342773 255.194763183594 255.677947998047 256.708343505859 255.155258178711 251.044174194336 247.726608276367 240.978576660156 235.859573364258 243.913375854492 249.548095703125 253.015335083008 254.381118774414 255.569976806641 256.476623535156 255.051895141602 255.052871704102 255.642868041992 256.968566894531 -3.4e+38 260.411651611328 -3.4e+38 -3.4e+38 -3.4e+38 261.396759033203 -3.4e+38 -3.4e+38 255.432952880859 248.785308837891 241.302978515625 234.003356933594 236.865936279297
