rcp4.5models/GFDL_CM3/sc1gr6.31
NCOLS 261 
NROWS 433 
XLLCORNER 336357.134 
YLLCORNER 654653.479 
CELLSIZE 1000 
NODATA_value -3.4e+38 
[rows 396 to 417 of 433, columns 147 to 195 of 261]
1517.83898925781 1475.21948242188 1445.47607421875 1424.59802246094 1417.75305175781 1406.43115234375 1387.42077636719 1368.77868652344 1356.08410644531 1337.22827148438 1323.55871582031 1307.30114746094 1301.14404296875 1297.40612792969 1293.20202636719 1296.92663574219 1297.62036132812 1287.26342773438 1272.61950683594 1266.05444335938 1258.73510742188 1259.32275390625 1258.98205566406 1259.97766113281 1263.27856445312 1250.24853515625 1234.86108398438 -3.4e+38 -3.4e+38 1214.95776367188 1209.65795898438 -3.4e+38 -3.4e+38 1194.72631835938 1197.10437011719 1194.9052734375 1196.18432617188 1201.10510253906 1198.93774414062 1190.87817382812 1188.076171875 1187.30212402344 1186.01037597656 1180.14318847656 1172.78723144531 -3.4e+38 1157.92919921875 1154.83972167969 1149.55065917969
1519.23803710938 1474.02062988281 1440.81079101562 1409.26843261719 1392.91137695312 1387.31066894531 1375.02270507812 1351.90454101562 1337.82373046875 1323.26257324219 1312.24279785156 1296.55688476562 1291.14831542969 1288.04296875 1287.95837402344 1287.90417480469 1285.69616699219 1274.63830566406 1260.16149902344 1253.67895507812 1246.61083984375 1250.53576660156 1241.52075195312 1245.35998535156 1254.34558105469 1252.67614746094 1226.57690429688 1218.91259765625 -3.4e+38 -3.4e+38 1199.42956542969 -3.4e+38 -3.4e+38 1185.60717773438 1187.55517578125 1185.55822753906 1188.71276855469 1190.50573730469 1184.6181640625 1176.26586914062 1178.21215820312 1177.04663085938 1173.119140625 1168.45373535156 1166.63232421875 -3.4e+38 -3.4e+38 1148.458984375 1142.56433105469
1488.03942871094 1455.23327636719 1424.92846679688 1396.56066894531 1375.78784179688 1368.01428222656 1363.79479980469 1348.08630371094 1326.67114257812 1309.82739257812 1298.10766601562 1289.78186035156 1284.04248046875 1276.015625 1272.8271484375 1266.62609863281 1265.53735351562 1259.92541503906 1247.66186523438 1241.015625 1234.29833984375 1237.52819824219 1230.15075683594 1235.80712890625 1246.52185058594 1249.53369140625 1225.56298828125 1213.7890625 1206.54711914062 1199.66638183594 1192.70092773438 1187.59167480469 1185.68725585938 1176.69494628906 1178.19262695312 1176.0810546875 1175.0400390625 1174.94799804688 1171.94091796875 1166.24694824219 1169.62707519531 1165.82995605469 1160.98840332031 1157.28125 -3.4e+38 1153.68420410156 1144.66357421875 -3.4e+38 1138.10559082031
1455.71081542969 1430.57946777344 1405.14489746094 1379.89929199219 1359.77978515625 1348.88256835938 1343.50646972656 1337.26208496094 1320.82861328125 1304.38854980469 1289.50720214844 1278.39465332031 1271.333984375 1258.94641113281 1253.41430664062 1247.39233398438 1250.56567382812 1249.58923339844 1233.81494140625 1228.64990234375 1220.67602539062 1220.826171875 1222.26525878906 1229.33679199219 1235.16748046875 1235.88818359375 1226.79833984375 1210.58801269531 1201.23583984375 1194.68566894531 1185.6611328125 1176.70471191406 1172.283203125 1168.44836425781 1170.74670410156 1163.58715820312 1162.23583984375 1162.35803222656 1160.36608886719 1155.77014160156 1157.25891113281 1154.58129882812 1153.67614746094 1148.81799316406 -3.4e+38 1148.13977050781 1141.75122070312 1136.56225585938 1130.95043945312
1436.15966796875 1411.99182128906 1387.6962890625 1368.00854492188 1346.22192382812 1331.96630859375 1321.66162109375 1314.32971191406 1311.37451171875 1299.38439941406 1281.60266113281 1265.99267578125 1260.46594238281 1248.35083007812 -3.4e+38 -3.4e+38 1236.294921875 1238.06091308594 1221.98937988281 1214.87255859375 1208.1875 1207.5224609375 1213.5380859375 1219.19616699219 1218.93225097656 1219.3154296875 1218.94616699219 1209.46862792969 1199.58837890625 1187.79113769531 1177.53527832031 1169.76782226562 1162.52819824219 1159.92431640625 1158.67443847656 1153.91430664062 1151.43530273438 1149.76184082031 1148.69763183594 1144.90222167969 1145.8525390625 1148.19226074219 1146.02587890625 1139.943359375 1135.43237304688 1138.51196289062 1135.67199707031 1129.88330078125 1124.02954101562
1413.82983398438 1389.43737792969 1368.62158203125 1354.26257324219 1337.5009765625 1322.763671875 1307.93005371094 1297.03552246094 1298.77783203125 1286.76391601562 1267.67797851562 1253.60363769531 1249.02978515625 1238.0791015625 -3.4e+38 -3.4e+38 -3.4e+38 1221.94836425781 1210.8857421875 1201.98400878906 1199.96240234375 1200.97277832031 1204.26501464844 1205.91650390625 1202.12744140625 1201.05578613281 1205.93200683594 1204.70666503906 1192.98791503906 1179.05981445312 1169.32592773438 1161.45434570312 1155.67736816406 1149.79150390625 1146.99340820312 1147.20373535156 1144.7138671875 1139.85998535156 1139.62683105469 1138.57080078125 1138.65686035156 1139.77307128906 1135.4189453125 1131.16394042969 1129.03259277344 1128.35217285156 1127.06469726562 1121.01208496094 1119.45495605469
1397.40124511719 1375.40051269531 1352.75646972656 1334.41760253906 1323.93151855469 1314.51440429688 1296.63159179688 1284.80712890625 1285.9755859375 1276.08544921875 1258.09350585938 1241.64184570312 1236.39807128906 -3.4e+38 -3.4e+38 -3.4e+38 1209.37060546875 1207.81909179688 1200.572265625 1195.37951660156 1195.4072265625 1197.64318847656 1198.71691894531 1193.76379394531 1186.3115234375 1186.79577636719 1193.96264648438 1194.00866699219 1183.84387207031 1172.1318359375 1164.23681640625 1157.89880371094 1149.68041992188 1142.36108398438 1141.02624511719 1140.91760253906 1138.95471191406 1132.65673828125 1129.98681640625 1130.30908203125 1131.57666015625 1130.52026367188 1128.08190917969 -3.4e+38 1120.66455078125 1120.78833007812 1117.05920410156 1114.53881835938 1115.55139160156
1386.94616699219 1362.93090820312 1340.33630371094 1321.03149414062 1309.28735351562 1301.63647460938 1283.02770996094 1271.36901855469 1271.10485839844 1267.41821289062 1253.68225097656 1231.11096191406 1227.02648925781 1222.42065429688 1215.880859375 1208.18603515625 1199.07263183594 1195.2685546875 1192.00134277344 1190.84838867188 1190.126953125 1189.24816894531 1189.15209960938 1183.07678222656 1176.81005859375 1174.37561035156 1178.30285644531 1178.14245605469 1175.20764160156 1165.50061035156 1162.87561035156 1156.54553222656 1147.20324707031 1135.95031738281 1132.77734375 1131.98815917969 1130.70947265625 1126.93603515625 1123.84814453125 1123.22412109375 1122.58166503906 1123.10681152344 1119.32580566406 -3.4e+38 -3.4e+38 -3.4e+38 1110.00573730469 -3.4e+38 -3.4e+38
1371.63549804688 1346.32397460938 1322.232421875 1307.75402832031 1293.43444824219 1283.27185058594 1270.57727050781 1256.60888671875 1251.90368652344 1251.84057617188 1246.4912109375 1224.79724121094 1220.85595703125 1213.07092285156 1206.8134765625 1199.53894042969 1193.86669921875 1187.49499511719 1184.29931640625 1184.35827636719 1183.93786621094 1177.56677246094 1175.07250976562 1171.55493164062 1167.92126464844 1165.57348632812 1164.5634765625 1167.21118164062 1162.98205566406 1160.42602539062 1157.81066894531 1150.13305664062 1144.57092285156 1132.47412109375 1124.54736328125 1123.36779785156 -3.4e+38 -3.4e+38 -3.4e+38 1119.560546875 -3.4e+38 1116.412109375 -3.4e+38 -3.4e+38 -3.4e+38 -3.4e+38 -3.4e+38 -3.4e+38 -3.4e+38
1357.13220214844 1333.83264160156 1309.06652832031 1290.44079589844 1275.30419921875 1264.51794433594 1256.04821777344 1243.89868164062 1236.90209960938 1236.41271972656 1236.0048828125 1220.8515625 1216.56555175781 1203.98388671875 1196.05725097656 1191.28991699219 1188.60668945312 1182.09228515625 1178.71520996094 1177.76745605469 1177.12683105469 1167.87756347656 1163.15222167969 1162.55627441406 1156.66125488281 1155.11206054688 1157.28955078125 1159.87438964844 1150.21948242188 1151.56689453125 1150.29797363281 1145.31994628906 1138.25012207031 1128.02001953125 1120.78991699219 1117.33911132812 -3.4e+38 -3.4e+38 -3.4e+38 1113.42919921875 1112.54711914062 1111.53894042969 -3.4e+38 -3.4e+38 -3.4e+38 -3.4e+38 -3.4e+38 -3.4e+38 -3.4e+38
1330.29943847656 1323.03259277344 1307.53833007812 1291.01330566406 1274.30200195312 1259.52673339844 1243.98754882812 1228.73022460938 1218.32446289062 1213.10388183594 1208.04309082031 1208.38256835938 1203.1796875 1192.77404785156 1184.01721191406 1177.13891601562 1173.43981933594 1170.53527832031 1163.28540039062 1158.06628417969 1155.76831054688 1151.09143066406 1149.35485839844 1147.52270507812 1143.25756835938 1139.04821777344 1134.92126464844 1133.03076171875 1134.47302246094 1137.73852539062 1129.16149902344 1122.79223632812 1120.43078613281 1110.29504394531 1113.14953613281 1110.5751953125 -3.4e+38 -3.4e+38 -3.4e+38 -3.4e+38 -3.4e+38 -3.4e+38 -3.4e+38 -3.4e+38 -3.4e+38 -3.4e+38 -3.4e+38 -3.4e+38 -3.4e+38
1317.3642578125 1306.51965332031 1290.85864257812 1278.16491699219 1271.11987304688 1258.93444824219 1241.85314941406 1227.09558105469 1216.91381835938 1207.60888671875 1201.93530273438 1200.41516113281 1197.29064941406 1185.61315917969 1174.0595703125 1169.91333007812 1165.04150390625 1161.87731933594 1156.9599609375 1153.03723144531 1147.51135253906 1144.0185546875 1141.14685058594 1142.39721679688 1140.53405761719 1132.86145019531 1126.03454589844 1125.02978515625 1129.48645019531 1126.26696777344 1118.39868164062 1114.85656738281 1112.51831054688 1107.43273925781 -3.4e+38 1105.3486328125 -3.4e+38 -3.4e+38 -3.4e+38 -3.4e+38 -3.4e+38 -3.4e+38 -3.4e+38 -3.4e+38 -3.4e+38 -3.4e+38 -3.4e+38 -3.4e+38 -3.4e+38
1309.732421875 1294.36413574219 1277.44482421875 1259.5947265625 1257.3955078125 1255.42004394531 1241.87060546875 1227.97473144531 1214.3828125 1202.58996582031 1195.35034179688 1191.7685546875 1186.75549316406 1180.33837890625 1169.880859375 1163.91857910156 1160.75061035156 1158.33276367188 1154.65319824219 1148.65673828125 1142.63317871094 1139.91528320312 1133.90270996094 1133.74890136719 1131.71228027344 1128.37573242188 1120.62182617188 1117.73828125 1119.92504882812 1115.51953125 1111.41259765625 1109.01403808594 1105.22802734375 1107.6845703125 1105.61010742188 -3.4e+38 -3.4e+38 -3.4e+38 -3.4e+38 -3.4e+38 -3.4e+38 -3.4e+38 -3.4e+38 -3.4e+38 -3.4e+38 -3.4e+38 -3.4e+38 -3.4e+38 -3.4e+38
1308.02673339844 1287.95764160156 1269.00549316406 1252.39575195312 1249.0146484375 1243.17578125 1230.29418945312 1220.38012695312 1207.49548339844 1195.37133789062 1189.45092773438 1182.39868164062 1179.21838378906 1175.63610839844 1169.32080078125 1162.97351074219 1160.29711914062 1154.85705566406 1149.36999511719 1144.53930664062 1139.01245117188 1136.03491210938 1129.41589355469 1126.96911621094 1123.24426269531 1125.14929199219 1116.67077636719 1110.69653320312 1106.20422363281 1105.44018554688 1105.80749511719 1103.07788085938 -3.4e+38 -3.4e+38 -3.4e+38 -3.4e+38 -3.4e+38 -3.4e+38 -3.4e+38 -3.4e+38 -3.4e+38 -3.4e+38 -3.4e+38 -3.4e+38 -3.4e+38 -3.4e+38 -3.4e+38 -3.4e+38 -3.4e+38
1303.0859375 1281.078125 1262.63940429688 1251.6318359375 1245.4775390625 1231.908203125 1218.33715820312 1211.787109375 1201.06555175781 1189.51733398438 1183.21826171875 1174.55212402344 1172.19311523438 1172.99572753906 1168.54138183594 1161.0546875 1155.45849609375 1147.50610351562 1142.79260253906 1140.42126464844 1134.13977050781 1131.25842285156 1127.01208496094 1122.83483886719 1119.15100097656 1119.162109375 1110.48461914062 1106.28088378906 1101.9140625 1100.27319335938 -3.4e+38 -3.4e+38 -3.4e+38 -3.4e+38 -3.4e+38 -3.4e+38 -3.4e+38 -3.4e+38 -3.4e+38 -3.4e+38 -3.4e+38 -3.4e+38 -3.4e+38 -3.4e+38 -3.4e+38 -3.4e+38 -3.4e+38 -3.4e+38 -3.4e+38
1296.42248535156 1278.61853027344 1261.216796875 1248.21606445312 1239.94262695312 1227.86596679688 1213.32250976562 1205.38708496094 1196.16735839844 1186.53857421875 1179.12744140625 1170.61560058594 1168.1298828125 1168.50341796875 1164.81127929688 1156.53002929688 1147.20629882812 1141.31420898438 1139.22131347656 1135.42297363281 1129.18176269531 1126.60852050781 1122.90441894531 1118.40893554688 1113.9697265625 1111.13366699219 1104.4697265625 -3.4e+38 -3.4e+38 -3.4e+38 -3.4e+38 -3.4e+38 -3.4e+38 -3.4e+38 -3.4e+38 -3.4e+38 -3.4e+38 -3.4e+38 -3.4e+38 -3.4e+38 -3.4e+38 -3.4e+38 -3.4e+38 -3.4e+38 -3.4e+38 -3.4e+38 -3.4e+38 -3.4e+38 -3.4e+38
1290.10083007812 1273.99536132812 1257.11499023438 1242.009765625 1236.68823242188 1228.50915527344 1211.40441894531 1201.63500976562 1193.65649414062 1183.96520996094 1177.50817871094 1168.65539550781 1166.39086914062 1162.3349609375 1158.22827148438 1151.85302734375 1143.51086425781 1140.04052734375 -3.4e+38 1131.90478515625 1125.62268066406 1122.98291015625 -3.4e+38 -3.4e+38 -3.4e+38 -3.4e+38 -3.4e+38 -3.4e+38 -3.4e+38 -3.4e+38 -3.4e+38 -3.4e+38 -3.4e+38 -3.4e+38 -3.4e+38 -3.4e+38 -3.4e+38 -3.4e+38 -3.4e+38 -3.4e+38 -3.4e+38 -3.4e+38 -3.4e+38 -3.4e+38 -3.4e+38 -3.4e+38 -3.4e+38 -3.4e+38 -3.4e+38
1289.27978515625 1271.34143066406 1255.15209960938 1241.68347167969 1235.68725585938 1228.56237792969 1215.45336914062 1203.7138671875 1191.25500488281 1182.12487792969 1176.74645996094 -3.4e+38 1161.205078125 -3.4e+38 1152.45666503906 1149.03173828125 -3.4e+38 -3.4e+38 -3.4e+38 -3.4e+38 -3.4e+38 -3.4e+38 -3.4e+38 -3.4e+38 -3.4e+38 -3.4e+38 -3.4e+38 -3.4e+38 -3.4e+38 -3.4e+38 -3.4e+38 -3.4e+38 -3.4e+38 -3.4e+38 -3.4e+38 -3.4e+38 -3.4e+38 -3.4e+38 -3.4e+38 -3.4e+38 -3.4e+38 -3.4e+38 -3.4e+38 -3.4e+38 -3.4e+38 -3.4e+38 -3.4e+38 -3.4e+38 -3.4e+38
1291.75268554688 1272.57067871094 1254.69946289062 1241.53771972656 1232.93640136719 1223.89221191406 1214.66516113281 1203.00402832031 1190.62512207031 1180.88842773438 -3.4e+38 1164.83996582031 -3.4e+38 -3.4e+38 1150.39416503906 -3.4e+38 -3.4e+38 -3.4e+38 -3.4e+38 -3.4e+38 -3.4e+38 -3.4e+38 -3.4e+38 -3.4e+38 -3.4e+38 -3.4e+38 -3.4e+38 -3.4e+38 -3.4e+38 -3.4e+38 -3.4e+38 -3.4e+38 -3.4e+38 -3.4e+38 -3.4e+38 -3.4e+38 -3.4e+38 -3.4e+38 -3.4e+38 -3.4e+38 -3.4e+38 -3.4e+38 -3.4e+38 -3.4e+38 -3.4e+38 -3.4e+38 -3.4e+38 -3.4e+38 -3.4e+38
1290.17846679688 1270.69421386719 1253.64990234375 1239.92810058594 1228.67761230469 1219.22229003906 1208.53295898438 -3.4e+38 1190.38720703125 -3.4e+38 -3.4e+38 -3.4e+38 -3.4e+38 -3.4e+38 -3.4e+38 -3.4e+38 -3.4e+38 -3.4e+38 -3.4e+38 -3.4e+38 -3.4e+38 -3.4e+38 -3.4e+38 -3.4e+38 -3.4e+38 -3.4e+38 -3.4e+38 -3.4e+38 -3.4e+38 -3.4e+38 -3.4e+38 -3.4e+38 -3.4e+38 -3.4e+38 -3.4e+38 -3.4e+38 -3.4e+38 -3.4e+38 -3.4e+38 -3.4e+38 -3.4e+38 -3.4e+38 -3.4e+38 -3.4e+38 -3.4e+38 -3.4e+38 -3.4e+38 -3.4e+38 -3.4e+38
1286.42687988281 1269.65490722656 1252.51843261719 1238.70300292969 1227.11108398438 1219.34777832031 1209.83801269531 1198.5498046875 -3.4e+38 -3.4e+38 -3.4e+38 -3.4e+38 -3.4e+38 -3.4e+38 -3.4e+38 -3.4e+38 -3.4e+38 -3.4e+38 -3.4e+38 -3.4e+38 -3.4e+38 -3.4e+38 -3.4e+38 -3.4e+38 -3.4e+38 -3.4e+38 -3.4e+38 -3.4e+38 -3.4e+38 -3.4e+38 -3.4e+38 -3.4e+38 -3.4e+38 -3.4e+38 -3.4e+38 -3.4e+38 -3.4e+38 -3.4e+38 -3.4e+38 -3.4e+38 -3.4e+38 -3.4e+38 -3.4e+38 -3.4e+38 -3.4e+38 -3.4e+38 -3.4e+38 -3.4e+38 -3.4e+38
1282.41870117188 1269.91833496094 1253.52111816406 1239.17541503906 -3.4e+38 -3.4e+38 -3.4e+38 -3.4e+38 -3.4e+38 -3.4e+38 -3.4e+38 -3.4e+38 -3.4e+38 -3.4e+38 -3.4e+38 -3.4e+38 -3.4e+38 -3.4e+38 -3.4e+38 -3.4e+38 -3.4e+38 -3.4e+38 -3.4e+38 -3.4e+38 -3.4e+38 -3.4e+38 -3.4e+38 -3.4e+38 -3.4e+38 -3.4e+38 -3.4e+38 -3.4e+38 -3.4e+38 -3.4e+38 -3.4e+38 -3.4e+38 -3.4e+38 -3.4e+38 -3.4e+38 -3.4e+38 -3.4e+38 -3.4e+38 -3.4e+38 -3.4e+38 -3.4e+38 -3.4e+38 -3.4e+38 -3.4e+38 -3.4e+38
