rcp4.5models/GFDL_CM3/sc1gr7.4
NCOLS 261 
NROWS 433 
XLLCORNER 336357.134 
YLLCORNER 654653.479 
CELLSIZE 1000 
NODATA_value -9999 
[rows 264 to 285 of 433, columns 50 to 99 of 261]
73.0522459637417 72.560989993315 72.2697899662785 71.9931786951945 71.691485550877 71.3398164889531 70.6237925557546 70.3717092674851 70.0991911635218 69.7429496308425 69.4996450922435 69.2907686862033 68.9640744631564 68.5919520819687 68.2782472583597 68.0236161903452 67.8582987487146 67.2773371866225 67.0888038351913 67.0605258091316 66.9922437500181 66.819707316918 66.6524176414638 66.5635196753859 66.4129160122313 66.2996367039318 66.4465111385056 66.547440129163 66.4146767972877 66.2496677030031 66.1672137152857 66.1866192796631 66.2390327041535 66.290675626162 66.2635401871238 66.2972106273187 66.3173535952804 66.3799607137449 66.4588938900145 66.5315828095208 66.6819123946291 66.7815187072447 66.7190403889809 66.8369333710345 66.9641601048363 67.0459945503474 67.1956208359151 67.4119354698376 67.7419061322843 67.7971707042488
73.0982810669841 72.6135370571848 72.2262426543248 71.9224290572165 71.629134291545 71.3334475734292 70.4923578516567 70.2902521393055 70.1233064716157 69.8327586447225 69.4848849449076 69.0804616197122 68.8080794315863 68.5901124882242 68.2576493302893 67.9814925643779 67.8233539186301 67.0512146082519 66.9280203613068 66.9119758752311 66.8624553287898 66.7298696051145 66.5238830741889 66.3991220124287 66.2824282190316 66.1720110231395 66.3042073246564 66.4749100010091 66.2879560722898 66.248432953557 66.1721658224672 66.1216157459053 66.0968603841002 66.1428164999117 66.1835170091046 66.2009430972199 66.2308168806272 66.3266537648014 66.4124820443144 66.457590637167 66.6004240733861 66.6633683378309 66.7026880649983 66.8143428808715 66.904672965826 66.9847653498306 67.165237423267 67.4128377417917 67.5483479262795 67.542511837606
73.1115243832547 72.6254349491031 72.1924591240346 71.9331043642008 71.6360685737332 71.2599935864947 70.334578534191 69.9758618398681 69.6814951783671 69.4132938494396 69.327118929394 69.0430438569033 68.7956104510202 68.5173850979338 68.3082521563271 68.0057996772296 67.6278146279929 67.0391579540184 66.9220144463399 66.8485334144532 66.6677663761238 66.6262837822329 66.5319309317012 66.2944293550104 66.2083525012316 66.243720598572 66.2212009406055 66.3150532264378 66.1650101228638 66.0403216642773 65.9388111627198 65.9620331319883 65.9336811438937 65.9107304521077 65.9365174865481 66.0298582886646 66.1080019110684 66.2222236981671 66.2977645725636 66.3532119941416 66.496018348234 66.5798784414197 66.6759495195562 66.7245131111274 66.8364741355265 66.9993224707768 67.1551208272699 67.0285301147319 66.2639862289235 66.5189544196182
73.1099176801861 72.7558800633028 72.3180637227938 71.9740949409506 71.65726295311 71.3180556126991 70.3241866313359 70.0436702908211 69.675528209861 69.1974575140177 69.0705035699868 68.6849528072603 68.4715583327378 68.3450673609627 68.1879884531137 67.9936899029112 67.6104373107736 67.107067138818 66.9707400805327 66.7661282058305 66.514996767232 66.4643795131997 66.4787507058973 66.1987241579061 66.0789601494868 66.2502517270291 66.2462020260544 66.3202294638734 66.1609684290977 65.9452771630365 65.78614311869 65.875360650615 65.8527689189845 65.8352067988462 65.9173141464979 65.9928978228283 66.0067803063545 66.1054350541187 66.2028375898887 66.2840589202241 66.4722045626999 66.5602228602438 66.6530923597525 66.7194069231415 66.8432873789729 66.9654777794081 67.1554386952832 67.2831737485119 67.2949938289602 67.627403334019
73.3242075204309 72.9206034230282 72.3810734224145 71.9640442495157 71.7586154174202 71.4963074430074 70.2478142796802 70.1182798735599 69.8262804347706 69.3772978873845 69.0297603039227 68.5308611710968 68.1643687995589 68.025479512413 68.0141538921124 67.8865501719315 67.6427461537481 67.0981813497723 66.856496455717 66.6537519705703 66.4952139385348 66.4162104320881 66.38827857261 66.1012947212326 65.9722542071957 66.1926986638989 66.2400174137894 66.2171710707736 66.0231784912819 65.8517014613813 65.6341325305914 65.7333059537382 65.8223705556399 65.8399602406173 65.9732557056722 65.99482821755 66.028174911848 66.0901914465295 66.1330569115922 66.2124138185699 66.4279026172022 66.5259679316119 66.6426197581496 66.7258695156171 66.8157538571053 66.9608222727891 67.166283602821 66.6711326045734 66.3664405437317 67.8183414323108
73.5071914837552 72.9408275555258 72.467069634959 72.0950757622837 71.8902352490812 71.6073693721132 70.2894861744506 70.1657680896768 69.8358882816603 69.4609374128095 69.1098185520074 68.6673624683523 68.2360679983629 67.8880767645956 67.6997877287315 67.6560667333857 67.5309394922053 66.9321222303122 66.7344681845554 66.6161293661745 66.4964513984494 66.4441296103779 66.3677557243164 66.092543091119 65.9787785662629 66.1981318175937 66.1513967248345 66.0051087106213 65.9082309820076 65.7855360926436 65.5934726164179 65.7242157505673 65.8135516632257 65.8841741331643 65.9732052506757 66.0042123711784 66.0508956364188 66.0654271548075 66.1169505463607 66.2000005267621 66.345159863291 66.4585222131729 66.5902926624132 66.6826314942182 66.8043378298992 66.9901159857878 67.1382495250386 66.7749743069021 66.6506931890622 67.869043275241
73.6498310722093 73.1502445613613 72.6609796085007 72.3302548319701 71.9787510430301 71.5533554137876 70.4465770387173 70.3319070519571 69.9417567986606 69.4599063510256 69.2039903607152 68.7049302640312 68.2377782882564 67.8464931248368 67.4098478168816 67.2884352053869 67.3442136788693 66.7278946966799 66.5994558937225 66.5483914835412 66.4453590609723 66.3851727137292 66.3773740032413 66.1635600197825 66.0216122097687 66.1252416408164 66.0537617559179 65.946349686865 65.8913263944314 65.8644138560567 65.730145296299 65.7215097844971 65.8100498536749 65.9044534417946 65.9593604219505 65.9636295831924 65.96840325453 65.9784495515761 66.078138198509 66.1886936888834 66.3134926865848 66.3928971422909 66.5455468221023 66.6607399431695 66.8367076208748 67.0152413349887 67.1480967815169 67.1412430036945 67.2664897042877 67.7724297267742
73.8707210524192 73.3441246511365 72.8544178603052 72.5026194614644 72.0988552628084 71.5179254311858 70.5787326007243 70.4096035472386 69.9569300221032 69.4700723108731 69.1278782091252 68.7036098746526 68.1659292569092 67.7400399233705 67.2828229152858 66.912054273352 66.9400364640338 66.6195112656372 66.4575836196794 66.3861489053715 66.3527355665285 66.3450125521552 66.3057237334953 66.11592738844 66.0555067127814 66.1033360637279 66.0074554426856 65.8731689707238 65.8638126075958 65.9140228351586 65.7528556031133 65.5585585865461 65.6775195487532 65.7853985244162 65.8589251863904 65.9210643598428 65.9679535536959 66.0077331775134 66.1283984816171 66.2537361041167 66.3482337164609 66.414069077862 66.5787821008887 66.7165899715917 66.8929787248604 67.0347086349593 67.1821365046119 67.2310622760741 67.3555009840647 67.7451450425315
74.1060305795016 73.6068190339836 73.1766962714376 72.7961370957257 72.2519326774035 71.6372818066937 70.7877500261808 70.455905283637 69.9639212279791 69.4073883175759 68.911301054237 68.5926800218692 68.2175929222889 67.7436446113791 67.2836555329779 66.7960076609147 66.597353820267 66.5355075300044 66.4912794118964 66.3639282014153 66.2539647615996 66.3139762351478 66.2855964044799 66.080394836256 66.0458735777982 65.9894794012997 65.8491689802776 65.7536376117056 65.77274467166 65.8667853551831 65.693554217773 65.3961645694446 65.4111647614786 65.5211379795603 65.6102921929796 65.8839393111294 65.9621799594721 66.0834325404189 66.1947830906179 66.2869447671418 66.3670667727841 66.4804893468424 66.5899931778809 66.7227206987126 66.9005534725326 67.0328237513765 67.2082217555142 67.3813031917305 67.5223613637712 67.7316311547245
74.1751822020798 73.8282626648584 73.4015124057174 72.9523521898982 72.4427837511189 71.9532459122547 70.9707673473968 70.3950651313893 69.9771029857675 69.4661891084774 68.982475065289 68.6356390388888 68.2778549288072 67.7019710368608 67.2184577573207 66.7814961007808 66.3575347270377 66.4535745866081 66.529080893727 66.3203691227221 66.2372818848546 66.2394200654213 66.2993822609191 66.1647246269764 66.0645248756828 65.8987122328085 65.6546125768789 65.5458380536744 65.6856295736154 65.7289496778505 65.6368835372177 65.3189161095105 65.2475425783891 65.4603829374437 65.5362011903323 65.8357152612249 65.949408877961 66.1223694792312 66.2192866934641 66.246113684219 66.3850856102255 66.5080689513338 66.6107320271938 66.7498851646575 66.9075888325693 67.0573208288863 67.2079181869847 67.428270616079 67.5870373378565 67.7284824968294
74.1918454390399 73.6746816495375 73.2581389596838 72.8323820160912 72.3445448365904 71.7799073709129 70.8977706742766 70.3572019940145 69.9167330047618 69.4068429134745 69.0011658370976 68.6202363703874 68.1389715439957 67.6904168613415 67.1919993601881 66.7756170599287 66.5814157275687 66.5224082941394 66.4641250813732 66.2090351991265 66.1910561921958 66.1550216928824 66.1938269816298 66.213748906489 66.062148200481 65.8215113284823 65.5567637625789 65.4027438309029 65.6084158054695 65.5661160599974 65.6077732409094 65.4988265786044 65.3589226360377 65.556092237033 65.6500823144751 65.832155965498 65.9587965548503 66.1142322354228 66.1881939812358 66.2237302771587 66.4136392989528 66.552069840351 66.684302058718 66.791703976367 66.9188701800529 67.0681435550103 67.2106265654704 67.4122656201398 67.5854314655975 67.7143343087598
74.2888439649491 73.6761047275634 73.1913769854568 72.6027653090892 71.9240777257058 71.4602076993606 70.8534575171489 70.3547306882525 69.8645197790354 69.3383312545471 68.8715842783056 68.4295745521757 68.0553068175195 67.8057968427272 67.389781621974 66.846813253723 66.5188943899355 66.622374488045 66.3259268162097 66.1274996726559 66.1703544437718 66.1572491578527 66.1668491441699 66.1699902598232 66.0409618841247 65.831548146509 65.6036682986624 65.5308267711023 65.641118778911 65.5314449333724 65.5351046146452 65.6035695483359 65.5448836345575 65.5889585934568 65.6457702805583 65.8416447438598 65.9671567418171 66.0803442349929 66.1523671581283 66.241914632985 66.438822367591 66.590216292981 66.7521054043631 66.8449618729054 66.9534722719687 67.1110318743561 67.2671780610186 67.4042262675397 67.5626438780242 67.7599063777423
74.4855275571495 73.9002007693914 73.3251683580344 72.7602117678785 72.2156405214973 71.8508977202468 70.8400200485898 70.3655651175451 69.9344991862271 69.4607789548638 68.8527342869472 68.366561108242 68.0764323917769 67.8030321230427 67.27335533774 66.7102033520719 66.5221090907128 66.7451261474873 66.3011706271568 66.0727546369513 66.0882612301623 66.1525216887205 66.1663687513218 66.0105425526377 65.9624885142543 65.8624824798728 65.7116445133242 65.6861962627873 65.618208990048 65.4344569420308 65.4544696671328 65.6119311533729 65.6309792727531 65.6215520898992 65.5075678279313 65.6465851411222 65.981758088223 66.1142675274812 66.1562330939803 66.2362904076944 66.4928603481551 66.630443678342 66.7518196810349 66.8854497026008 67.0113652197585 67.140021367409 67.264765654569 67.4063101549385 67.5943448941862 67.7983825000265
74.6622184385947 74.1328473052491 73.6446057432588 73.0951413295606 72.5381278922554 72.138474329514 71.1180109598422 70.5218669195198 70.0896104687288 69.5916863254754 68.9044564269963 68.4598529880555 68.1156759349077 67.7796515211305 67.4326770284142 67.0179834540773 66.8436983083139 66.6954815676544 66.2181987172099 65.9556069656365 66.0485665380984 66.2034486124806 66.1343581028232 65.9747690825932 65.8681609555685 65.8091096936031 65.6914893860298 65.594787948423 65.5671023333638 65.4136351242929 65.4858050867136 65.6211645463316 65.6862155150751 65.7515588532783 65.6890117966187 65.7565630607167 66.009776145127 66.1483856159151 66.215718176717 66.2482995570124 66.5602607956652 66.6539195942539 66.7309778027528 66.8941122864263 67.0344832679806 67.1632545951869 67.2768976125031 67.4148141954978 67.627363485391 67.843675327534
74.7736710989059 74.2694696544645 73.820525466378 73.3904940816352 72.8135800834086 72.2500158455308 71.2071155583401 70.5823586923671 70.1252792981008 69.5748149344026 68.9420525913309 68.5156825141218 68.244946618439 68.024985873012 67.6593729368584 67.3659090557223 67.0823268440898 66.5494421836104 66.5208865883433 66.3797003554097 66.2393573902285 65.9748012574212 65.7432667158628 65.8427891571797 65.8130811171404 65.7573980833733 65.6810880384792 65.5284367984682 65.5574340940751 65.5905366234963 65.585010112783 65.693262307038 65.7923124917325 65.8903867898575 65.9413504234502 65.9921679773969 66.0710628766736 66.1273943790207 66.2154769502078 66.3467084253903 66.6217500211287 66.7554099277719 66.8069723651406 66.9294712197545 67.0691655236439 67.2314264262768 67.3786391738534 67.5184330776741 67.746890575863 67.995186106399
74.9317569135713 74.4003938107217 73.9793543423556 73.5344192336144 72.7992089125668 72.1704123503103 71.420608210638 70.8351763440032 70.4119785149569 69.8226667139717 69.149590413896 68.8406625773688 68.5169091111362 68.1152618254135 67.6194878904762 67.3350007865528 67.0286002196522 66.4965528436777 66.4764674812291 66.4083920963 66.2181648709948 65.8093397231104 65.5975127438451 65.7111375345497 65.8079009599447 65.7987441152189 65.7079974056523 65.596741851718 65.6083913259789 65.691336838904 65.6963424337104 65.7379414286779 65.7824246341722 65.8509751530608 65.927512781355 66.0313555003842 66.1072814006507 66.1695475248172 66.2703166257572 66.4273689903649 66.7078833548685 66.8550853346803 66.9548289199022 67.0986491046705 67.2148533669272 67.2792073991859 67.421988105457 67.6034576218401 67.8255309303865 68.0405354631669
75.0622698685034 74.5053021798264 74.005498351945 73.5034107186762 72.8094154763847 72.2620301102437 71.6001166155691 71.0688747984971 70.5528742410838 69.9796751963095 69.4327990376544 69.1213016765415 68.7140904426582 68.1264100349847 67.3366710045703 67.0949276070635 67.018671877726 66.5486332079745 66.4607719829732 66.3825091373911 66.1807434098488 65.8987553103419 65.6843938766495 65.6631985672534 65.7518779948298 65.7946707982002 65.7012853789302 65.6268382675799 65.6724436787364 65.749535211078 65.7818820063987 65.7580685936673 65.8190728064056 65.9331277998603 65.9989225002632 66.1156710261096 66.229436447867 66.2522316434071 66.3426613999445 66.5341579426455 66.8036517590321 66.9426198654988 67.0916404029673 67.1887952594633 67.273385952442 67.3156291436978 67.4356088149508 67.6620218189329 67.8457592812421 67.998639827646
75.243178928498 74.6497656785699 74.0728870047214 73.5600285462865 72.9533846469498 72.4150969893736 71.6009223978852 71.0406616159961 70.6154635564657 70.1934066722652 69.6660840813908 69.1590867088715 68.6110264275954 68.0774082203649 67.3564073104553 67.0369666539628 67.1138970258284 66.581452526422 66.397527296344 66.3930460327022 66.2395608138023 66.0585250403036 65.9058843550538 65.8379745594121 65.7065655767853 65.6969476092859 65.7345232228457 65.684097289379 65.7732733689497 65.7501846042779 65.7958225458024 65.7933605748007 65.8789444779354 66.013515697348 66.0891119617007 66.1760229917115 66.2492033860969 66.2895503493235 66.3593503950653 66.5196582465921 66.9290809990751 67.0525954227173 67.202046550703 67.2521238749152 67.3282447506786 67.4057905439502 67.4992882083834 67.6915768526167 67.8493296528924 67.9904032436881
75.285792861313 74.9384373706318 74.2491434539932 73.5924207030972 73.1000619089726 72.5808902396674 71.525840387439 71.0559439413046 70.6670357393006 70.3912234210106 69.8645466139995 68.9412009550206 68.0202483195168 67.6603225793871 67.4874018428951 67.2907796514115 67.1616845286661 66.6260159149104 66.5155611776813 66.2375448649996 66.1412230166331 66.1590506162992 66.1073056933613 65.9132172142314 65.6841247245367 65.7284073270677 65.762789455391 65.7892891176413 65.7807174333306 65.7172175081599 65.8008867809785 65.8618430730883 65.9122228387829 66.0420498383514 66.1704573385939 66.2391463468767 66.3107693719837 66.3522755001664 66.4167911205915 66.5336397783632 66.9221117637349 67.028360385124 67.3274889906209 67.3977834476177 67.4575430614619 67.4635482965198 67.5284049253594 67.7721533691107 67.9888709842443 68.1191747532614
75.2734730675158 74.9797520785894 74.365542495765 73.7307384481373 73.2086032997185 72.731411784132 71.5384186419739 71.1393056754466 70.6674863684865 70.4673418161756 70.0589072848684 69.0994941649223 68.1651751027422 67.698563545551 67.6445007345228 67.4596709747055 67.2180284399479 66.6649292345966 66.4049317840114 66.100450932324 66.0034885795893 66.1159962110536 66.1430201432604 65.8800284600997 65.7112545177829 65.8057346227028 65.8353600799577 65.8491159365601 65.7757065750458 65.7331015919727 65.810716792522 65.9009066972402 65.9469907400751 66.0806568252053 66.2497801405421 66.3364130993793 66.4608977558418 66.4845811353911 66.5905164698446 66.8719009671507 66.9548547547675 66.9102817062114 67.2174595520269 67.4383527018774 67.5331439680539 67.4887070743909 67.6072648825477 67.8699479857784 68.0664904078864 68.2113711104791
75.4005461520477 75.0391093856123 74.5287281471327 73.9919343325695 73.4332167983226 72.9020181242901 71.7665841723994 71.1850646291305 70.6277901128776 70.2319181964884 70.0831734813279 69.549062663817 68.6868403100742 68.098220296883 67.8227600703449 67.6000361816502 67.3291765863351 66.8494826490124 66.3493081805973 66.1785987755783 66.2145731387418 66.2411482306062 66.1109691043089 65.9811962620339 65.8954548205107 65.8953276849056 65.9278567150032 65.8680277138856 65.816205649386 65.8098273772083 65.8323538053085 65.8994041568766 65.9641611121984 66.0818413640149 66.2096238064385 66.2684935452928 66.4977201270915 66.7352182022157 66.8829068748964 67.1240865170397 66.8769609220361 66.8556933992398 67.1085364376548 67.332081830041 67.5294960267099 67.5393573300605 67.7528065504883 67.9494477722704 68.124098915687 68.3005889211785
75.4046752202361 75.0381213136283 74.5666869474844 74.0999798885694 73.6235591072759 73.1257953448952 71.9102733731651 71.2223829353214 70.5388977277764 70.0665958488631 69.90597114587 69.5907686712628 68.6511667786424 67.6418474326568 67.5497807977711 67.5733111879852 67.3223008117491 67.072767876716 66.533754390308 66.3186790557746 66.4168439369617 66.3507478926333 66.1860814554992 66.0681154884848 65.9654718044443 65.9425587672113 65.8967947621643 65.911977814788 65.8700181048649 65.9054596488464 65.8866646844698 65.9232571448217 66.0099337456444 66.134382518849 66.3361299111338 66.5042970301369 66.5514458077346 66.7281492543298 67.101808452203 67.219554028747 67.1361870830556 67.2480651900565 67.3821630296528 67.4865358034967 67.5498578586556 67.5821795841434 67.8301933043809 67.9757184222467 68.0985882077146 68.3329926570903
