rcp4.5models/GFDL_CM3/sc1gr8.18
NCOLS 261 
NROWS 433 
XLLCORNER 336357.134 
YLLCORNER 654653.479 
CELLSIZE 1000 
NODATA_value -3.4e+38 
[rows 374 to 395 of 433, columns 49 to 97 of 261]
-3.4e+38 -3.4e+38 -3.4e+38 246.809371948242 249.546722412109 252.259033203125 255.841613769531 264.100250244141 268.997497558594 272.161834716797 275.870086669922 280.384155273438 283.786346435547 285.664184570312 292.69384765625 297.133972167969 305.662628173828 314.087829589844 319.589080810547 343.067779541016 353.345703125 342.995819091797 336.939910888672 346.682800292969 346.074157714844 337.649810791016 335.344177246094 337.865905761719 358.749389648438 397.644348144531 402.556976318359 384.582580566406 363.425048828125 357.917694091797 360.881103515625 369.223693847656 380.263366699219 388.532440185547 387.360595703125 386.0263671875 396.276245117188 417.74560546875 418.357421875 421.335998535156 423.652374267578 425.63330078125 423.304718017578 424.279205322266 427.698577880859
-3.4e+38 -3.4e+38 -3.4e+38 247.649002075195 250.830490112305 253.639434814453 257.121978759766 264.532379150391 268.815551757812 271.323547363281 275.016082763672 280.408599853516 282.75048828125 285.447326660156 292.2353515625 296.248901367188 300.822967529297 314.869812011719 315.28955078125 334.956481933594 340.625396728516 333.280548095703 346.458129882812 360.559661865234 348.816375732422 337.771453857422 335.431701660156 337.546356201172 344.223846435547 399.162933349609 396.783721923828 388.616119384766 373.282165527344 360.957611083984 359.225677490234 367.252746582031 377.554046630859 393.189453125 394.881469726562 390.096221923828 397.537841796875 418.695129394531 422.049133300781 423.876434326172 425.37060546875 424.164825439453 426.406188964844 429.963409423828 429.903778076172
-3.4e+38 -3.4e+38 -3.4e+38 249.845565795898 251.869354248047 255.358551025391 258.722564697266 264.775024414062 268.645629882812 271.542327880859 275.845855712891 279.032989501953 281.894439697266 287.074249267578 294.759155273438 304.642150878906 311.631042480469 321.186553955078 340.265411376953 332.137359619141 340.06884765625 341.616577148438 355.910858154297 368.695037841797 347.309173583984 337.662261962891 338.025817871094 337.091979980469 340 384.540679931641 391.503234863281 390.359497070312 375.690246582031 359.995758056641 364.220825195312 373.090209960938 375.88037109375 386.728149414062 393.415557861328 392.022613525391 395.508270263672 416.428924560547 424.035675048828 425.944976806641 427.873596191406 426.890411376953 428.227081298828 431.446563720703 431.550231933594
-3.4e+38 -3.4e+38 -3.4e+38 -3.4e+38 253.572052001953 257.083679199219 260.009246826172 265.34423828125 268.814361572266 271.845855712891 277.425994873047 280.021240234375 282.463226318359 287.957824707031 294.494140625 310.884002685547 318.307556152344 324.9677734375 340.646881103516 342.123748779297 350.762847900391 348.458923339844 357.146697998047 371.757171630859 357.469390869141 341.412261962891 338.478820800781 337.038055419922 339.790130615234 357.558135986328 367.045501708984 372.208648681641 367.552856445312 361.615966796875 369.710723876953 371.038146972656 372.284301757812 380.802795410156 391.316986083984 392.076843261719 390.659240722656 405.572631835938 415.057403564453 421.298400878906 428.105804443359 430.687774658203 425.795166015625 426.879241943359 433.769134521484
-3.4e+38 -3.4e+38 -3.4e+38 -3.4e+38 255.42041015625 258.043426513672 260.922576904297 -3.4e+38 269.551055908203 -3.4e+38 -3.4e+38 279.824279785156 283.443359375 288.469085693359 293.291534423828 302.897583007812 311.711669921875 316.582092285156 321.356201171875 349.406433105469 364.823638916016 350.978271484375 342.536865234375 360.241638183594 358.115325927734 341.629150390625 337.597045898438 336.985015869141 338.752319335938 343.839294433594 345.185760498047 364.025909423828 367.373229980469 361.787017822266 366.895690917969 370.451843261719 370.947235107422 377.992218017578 390.75 397.601654052734 393.508758544922 395.636749267578 408.465454101562 419.950408935547 426.371520996094 430.388946533203 426.761383056641 425.066772460938 431.349914550781
-3.4e+38 -3.4e+38 -3.4e+38 -3.4e+38 255.554946899414 258.281433105469 -3.4e+38 267.592864990234 270.242309570312 273.944122314453 277.212677001953 279.707855224609 283.801696777344 288.551910400391 293.285675048828 296.22021484375 302.182434082031 310.606658935547 316.429260253906 344.030548095703 360.221252441406 358.046020507812 343.626251220703 340.735321044922 346.734008789062 342.010955810547 337.282135009766 335.642395019531 336.687927246094 343.901580810547 348.566101074219 370.395294189453 384.454132080078 375.885284423828 371.263366699219 371.18798828125 368.761322021484 372.771850585938 383.570953369141 394.748565673828 394.599945068359 396.621307373047 413.852172851562 424.410247802734 419.260284423828 415.187652587891 422.217834472656 428.248992919922 430.980865478516
-3.4e+38 -3.4e+38 -3.4e+38 -3.4e+38 -3.4e+38 258.498809814453 261.303985595703 -3.4e+38 272.542663574219 276.031829833984 278.740264892578 281.155548095703 284.499084472656 288.174530029297 292.246154785156 294.9931640625 297.666168212891 305.985870361328 324.490936279297 336.199188232422 352.941497802734 368.376770019531 363.292022705078 342.759490966797 335.702667236328 334.843719482422 334.548950195312 334.337005615234 336.392517089844 344.224853515625 354.603759765625 368.258392333984 390.182861328125 393.351196289062 380.874481201172 379.517456054688 375.902923583984 372.493621826172 376.657073974609 384.617980957031 391.661956787109 387.869842529297 408.103912353516 421.688690185547 410.837280273438 393.852813720703 394.006042480469 413.274261474609 429.391540527344
-3.4e+38 -3.4e+38 -3.4e+38 -3.4e+38 -3.4e+38 261.760711669922 262.899017333984 269.226928710938 272.72119140625 276.780517578125 280.193878173828 283.03125 285.566711425781 289.023590087891 292.816925048828 295.621185302734 297.987670898438 306.611877441406 334.130004882812 348.017547607422 361.921691894531 373.286315917969 369.817352294922 358.834869384766 337.562377929688 331.329315185547 335.282196044922 335.170593261719 336.7109375 345.930633544922 355.765563964844 367.689392089844 377.757751464844 390.653656005859 380.179382324219 385.10107421875 379.939575195312 368.830505371094 369.4384765625 379.908721923828 393.482940673828 386.657562255859 392.874481201172 400.435180664062 394.051818847656 382.726959228516 376.948974609375 398.979156494141 421.627227783203
-3.4e+38 -3.4e+38 -3.4e+38 -3.4e+38 -3.4e+38 262.075408935547 265.760711669922 271.179473876953 272.830596923828 277.103759765625 281.752166748047 283.935546875 286.663177490234 289.721160888672 293.858215332031 297.022705078125 299.489166259766 305.30322265625 333.133514404297 352.251281738281 365.073822021484 367.603363037109 360.681915283203 357.628051757812 341.861450195312 333.677947998047 334.939575195312 335.607513427734 337.027252197266 344.042572021484 358.988494873047 372.659149169922 375.187591552734 387.645538330078 377.257263183594 385.319061279297 380.770904541016 365.000823974609 363.692474365234 379.33984375 394.668548583984 388.939117431641 380.828460693359 380.906921386719 379.39990234375 378.591247558594 380.559020996094 390.608215332031 406.007659912109
-3.4e+38 -3.4e+38 -3.4e+38 -3.4e+38 -3.4e+38 -3.4e+38 267.959991455078 274.516052246094 276.065277099609 280.140960693359 283.713348388672 284.758758544922 287.660064697266 291.235290527344 295.683837890625 298.064331054688 300.739288330078 303.424835205078 307.707916259766 312.002258300781 315.205169677734 317.649169921875 331.9140625 343.737915039062 341.077362060547 333.008605957031 330.282867431641 332.328796386719 335.253387451172 339.757202148438 365.112915039062 372.912780761719 371.246765136719 384.113464355469 383.784881591797 388.137634277344 391.553131103516 379.485809326172 365.352508544922 361.713409423828 371.778930664062 381.427062988281 379.472991943359 380.951477050781 389.553771972656 386.384307861328 382.379638671875 386.110595703125 385.204193115234
-3.4e+38 -3.4e+38 -3.4e+38 -3.4e+38 -3.4e+38 -3.4e+38 269.497985839844 275.524383544922 277.277221679688 281.075866699219 283.037353515625 285.628204345703 289.750671386719 293.816528320312 297.194915771484 301.588073730469 302.900360107422 305.098052978516 307.712585449219 312.967956542969 315.860260009766 318.926177978516 323.741516113281 328.353240966797 330.149444580078 329.496887207031 329.39306640625 331.450378417969 335.483306884766 337.810516357422 353.974975585938 362.95361328125 368.593780517578 387.851257324219 390.166198730469 386.898620605469 398.997436523438 391.446044921875 376.216583251953 367.430755615234 364.172393798828 384.776916503906 384.949737548828 375.465789794922 383.423675537109 387.763000488281 388.971984863281 391.669494628906 387.019226074219
-3.4e+38 -3.4e+38 -3.4e+38 -3.4e+38 -3.4e+38 -3.4e+38 -3.4e+38 274.796264648438 278.126770019531 281.934783935547 284.419006347656 287.567260742188 291.287902832031 295.603759765625 297.33056640625 300.54833984375 304.455383300781 305.793975830078 307.241333007812 312.64599609375 319.90380859375 325.068481445312 325.423065185547 324.894348144531 337.298583984375 344.012329101562 338.923004150391 334.633422851562 335.399658203125 337.941833496094 349.446746826172 369.360412597656 377.904235839844 389.767120361328 397.5625 393.574188232422 403.773468017578 394.442169189453 382.954010009766 376.513519287109 366.056304931641 375.373718261719 385.113525390625 387.992889404297 389.772857666016 390.659271240234 396.949188232422 397.942260742188 392.600982666016
-3.4e+38 -3.4e+38 -3.4e+38 -3.4e+38 -3.4e+38 -3.4e+38 -3.4e+38 275.507781982422 278.77685546875 281.396484375 284.259948730469 288.034790039062 291.378662109375 295.547393798828 298.141906738281 300.017547607422 303.983978271484 305.721435546875 307.572052001953 312.846374511719 320.045471191406 326.648284912109 330.989410400391 328.51220703125 338.9013671875 342.552886962891 338.651214599609 336.103576660156 334.644348144531 337.889526367188 345.296875 367.149383544922 378.738159179688 378.122009277344 390.589477539062 401.810363769531 407.062713623047 396.874969482422 385.624908447266 379.630920410156 372.606506347656 364.165313720703 377.366455078125 393.732635498047 397.752716064453 394.948699951172 396.327362060547 402.523040771484 410.4765625
-3.4e+38 -3.4e+38 -3.4e+38 -3.4e+38 -3.4e+38 -3.4e+38 -3.4e+38 276.080352783203 278.093017578125 281.0615234375 283.523284912109 287.777221679688 290.997436523438 293.706207275391 297.319091796875 300.271942138672 303.863128662109 307.061706542969 308.47216796875 312.879180908203 317.116882324219 322.417541503906 329.884094238281 333.614013671875 332.374450683594 339.372955322266 348.364288330078 344.363067626953 335.982727050781 337.513153076172 338.957794189453 348.220092773438 364.135040283203 369.122436523438 386.371917724609 402.518737792969 408.002349853516 408.275238037109 390.970977783203 373.703552246094 374.733184814453 368.853759765625 372.855834960938 390.336212158203 399.291442871094 401.022644042969 399.453491210938 405.106872558594 419.154022216797
-3.4e+38 -3.4e+38 -3.4e+38 -3.4e+38 -3.4e+38 -3.4e+38 -3.4e+38 275.333068847656 278.198211669922 281.60498046875 283.223052978516 286.232391357422 289.334838867188 291.409881591797 295.459777832031 298.850250244141 302.904205322266 307.179870605469 309.606750488281 311.376037597656 315.299896240234 319.490112304688 323.434539794922 338.93115234375 336.764862060547 341.713592529297 354.145416259766 345.16552734375 334.928741455078 342.540344238281 339.691284179688 343.240325927734 364.478637695312 377.806091308594 384.769744873047 394.751892089844 401.38720703125 406.504669189453 383.958435058594 363.444702148438 372.341583251953 381.327697753906 371.414794921875 387.455017089844 402.936370849609 406.667175292969 405.195007324219 406.860443115234 415.268859863281
-3.4e+38 -3.4e+38 -3.4e+38 -3.4e+38 -3.4e+38 -3.4e+38 -3.4e+38 -3.4e+38 279.033996582031 280.969848632812 283.381866455078 -3.4e+38 288.604034423828 290.933258056641 294.357177734375 297.554168701172 301.695129394531 306.318939208984 310.635131835938 310.920532226562 313.831787109375 318.127624511719 320.628021240234 343.396514892578 348.697387695312 344.024597167969 347.755798339844 340.69091796875 333.896423339844 349.204406738281 339.187103271484 349.200958251953 373.665008544922 387.395904541016 385.898315429688 388.692016601562 393.102233886719 394.887268066406 372.603454589844 357.451782226562 371.264068603516 395.990936279297 380.472503662109 376.874267578125 395.591369628906 410.328247070312 409.018829345703 406.200958251953 407.885437011719
-3.4e+38 -3.4e+38 -3.4e+38 -3.4e+38 -3.4e+38 -3.4e+38 -3.4e+38 -3.4e+38 279.051513671875 281.122406005859 -3.4e+38 286.332244873047 289.858520507812 293.017486572266 294.850646972656 297.415985107422 301.752838134766 306.3837890625 311.042297363281 312.621551513672 313.324798583984 316.3115234375 320.080017089844 334.834716796875 342.849456787109 342.627960205078 340.161224365234 336.032409667969 333.788024902344 343.790313720703 337.348999023438 350.077209472656 368.702362060547 382.771240234375 380.944519042969 383.578430175781 390.892761230469 391.032684326172 368.673828125 354.260559082031 366.605041503906 393.613403320312 396.354095458984 379.010375976562 384.920379638672 404.981750488281 408.450805664062 403.625854492188 401.879547119141
-3.4e+38 -3.4e+38 -3.4e+38 -3.4e+38 -3.4e+38 -3.4e+38 -3.4e+38 -3.4e+38 278.985931396484 281.445098876953 283.490295410156 286.648895263672 289.990539550781 293.635406494141 296.247131347656 299.508026123047 303.446258544922 306.765258789062 312.355407714844 315.065093994141 315.654052734375 316.797546386719 318.486358642578 322.486053466797 333.692779541016 342.30419921875 341.398376464844 340.373870849609 335.844360351562 338.449829101562 337.764099121094 344.963775634766 352.419921875 369.024566650391 375.457672119141 377.711791992188 386.336547851562 389.348449707031 367.901611328125 353.518005371094 359.73583984375 387.687469482422 400.578582763672 394.462036132812 386.151184082031 393.946441650391 402.615844726562 400.986297607422 399.695281982422
-3.4e+38 -3.4e+38 -3.4e+38 -3.4e+38 -3.4e+38 -3.4e+38 -3.4e+38 -3.4e+38 278.835510253906 280.876495361328 283.263793945312 285.940368652344 289.308898925781 293.005798339844 296.882537841797 300.218444824219 302.387817382812 305.690185546875 312.633178710938 315.681213378906 316.523620605469 317.072601318359 318.534057617188 320.885467529297 328.187835693359 342.079132080078 345.943481445312 347.251678466797 338.715301513672 341.574462890625 341.135192871094 339.514526367188 340.422790527344 355.959289550781 372.659637451172 376.653686523438 383.878509521484 392.682525634766 373.84521484375 355.543731689453 359.301055908203 393.499969482422 398.880310058594 404.265594482422 399.118347167969 387.652038574219 384.423248291016 385.76416015625 391.609344482422
-3.4e+38 -3.4e+38 -3.4e+38 -3.4e+38 -3.4e+38 -3.4e+38 -3.4e+38 -3.4e+38 278.256683349609 280.648223876953 283.129516601562 286.788543701172 290.137054443359 293.224273681641 296.288391113281 298.586151123047 301.167663574219 304.970977783203 312.39697265625 314.541168212891 315.248992919922 319.404449462891 321.372772216797 320.847534179688 325.270751953125 335.897796630859 343.869171142578 349.085968017578 344.996520996094 339.703186035156 339.484252929688 338.202819824219 338.739990234375 346.634643554688 357.903289794922 367.046325683594 380.802551269531 388.796813964844 370.836334228516 353.847015380859 369.166473388672 395.945953369141 402.365447998047 410.249450683594 410.619201660156 397.443603515625 378.883209228516 375.681762695312 383.028350830078
-3.4e+38 -3.4e+38 -3.4e+38 -3.4e+38 -3.4e+38 -3.4e+38 -3.4e+38 -3.4e+38 278.026580810547 281.048217773438 283.874572753906 287.721466064453 290.342407226562 292.548858642578 295.144927978516 298.335266113281 301.998260498047 304.925933837891 311.57373046875 313.538757324219 316.436065673828 326.457366943359 324.838928222656 319.84912109375 333.358703613281 345.488372802734 347.744415283203 350.599151611328 348.347717285156 335.932220458984 339.470550537109 339.642242431641 341.449005126953 343.135009765625 345.982238769531 351.491363525391 369.782440185547 386.252563476562 380.876190185547 362.650726318359 374.034851074219 401.29931640625 403.128387451172 408.405120849609 408.107696533203 404.759857177734 387.241516113281 376.86181640625 377.808959960938
-3.4e+38 -3.4e+38 -3.4e+38 -3.4e+38 -3.4e+38 -3.4e+38 -3.4e+38 -3.4e+38 277.433715820312 281.168090820312 283.787200927734 285.267059326172 286.731414794922 290.878845214844 295.544281005859 298.228271484375 300.025634765625 302.765899658203 309.608032226562 312.225280761719 314.552124023438 319.597808837891 330.858276367188 332.954071044922 325.038482666016 329.535583496094 341.632202148438 346.306854248047 345.100524902344 337.125213623047 336.115020751953 335.548522949219 336.28076171875 339.927337646484 342.895446777344 345.253234863281 344.526824951172 354.690155029297 381.35546875 367.777465820312 351.313629150391 392.106140136719 394.729339599609 395.303039550781 396.746826171875 398.442810058594 398.065856933594 393.078155517578 387.805969238281
