rcp4.5models/GFDL_CM3/sc1gr0.14
NCOLS 261 
NROWS 433 
XLLCORNER 336357.134 
YLLCORNER 654653.479 
CELLSIZE 1000 
NODATA_value -3.4e+38 
[rows 110 to 131 of 433, columns 147 to 195 of 261]
77.3234329223633 77.0170059204102 76.7185821533203 76.4595794677734 76.1776580810547 75.8337860107422 75.4331512451172 75.0500717163086 74.6893768310547 74.4348831176758 74.1878051757812 73.598991394043 73.3104858398438 72.8827590942383 72.5922775268555 72.3417892456055 72.126823425293 71.8690795898438 71.4910354614258 71.2204437255859 71.0220031738281 70.8079986572266 69.9817504882812 -3.4e+38 -3.4e+38 69.3098449707031 69.1238632202148 -3.4e+38 -3.4e+38 -3.4e+38 -3.4e+38 -3.4e+38 -3.4e+38 -3.4e+38 -3.4e+38 -3.4e+38 -3.4e+38 -3.4e+38 -3.4e+38 -3.4e+38 -3.4e+38 -3.4e+38 -3.4e+38 -3.4e+38 -3.4e+38 -3.4e+38 -3.4e+38 -3.4e+38 -3.4e+38
77.4981918334961 77.1447067260742 76.7641448974609 76.574821472168 -3.4e+38 75.8301696777344 75.5934143066406 75.2676620483398 74.9275131225586 74.5940322875977 74.1776885986328 73.6132965087891 73.397590637207 72.9861679077148 72.6918640136719 72.3945922851562 72.111083984375 71.9207000732422 71.6620330810547 71.4227752685547 71.1167449951172 70.8285980224609 70.0402145385742 -3.4e+38 69.538215637207 69.2809448242188 -3.4e+38 -3.4e+38 -3.4e+38 -3.4e+38 -3.4e+38 -3.4e+38 -3.4e+38 -3.4e+38 -3.4e+38 -3.4e+38 -3.4e+38 -3.4e+38 -3.4e+38 -3.4e+38 -3.4e+38 -3.4e+38 -3.4e+38 -3.4e+38 -3.4e+38 -3.4e+38 -3.4e+38 -3.4e+38 -3.4e+38
77.6727600097656 77.3396987915039 76.9767837524414 76.7189102172852 76.430908203125 76.1088638305664 75.7202911376953 75.4016189575195 75.0888977050781 74.7294845581055 74.2049407958984 73.7233047485352 73.5408172607422 -3.4e+38 72.9010314941406 72.6491317749023 72.2469635009766 71.9367065429688 71.6820907592773 71.4631500244141 71.1873092651367 70.8218078613281 70.0434265136719 69.7549514770508 69.6170196533203 69.2561645507812 68.9025039672852 68.7467269897461 -3.4e+38 -3.4e+38 -3.4e+38 -3.4e+38 -3.4e+38 -3.4e+38 -3.4e+38 -3.4e+38 -3.4e+38 -3.4e+38 -3.4e+38 -3.4e+38 -3.4e+38 -3.4e+38 -3.4e+38 -3.4e+38 -3.4e+38 -3.4e+38 -3.4e+38 -3.4e+38 -3.4e+38
77.7515029907227 77.4486312866211 77.1353073120117 76.8305282592773 76.5373382568359 76.0871353149414 75.758544921875 75.5153350830078 75.1298904418945 74.7626724243164 74.3437728881836 73.7743911743164 73.6308746337891 73.2633666992188 73.0011978149414 72.7434234619141 72.4140930175781 72.0121231079102 71.7176971435547 71.5385284423828 71.2704849243164 70.8811111450195 70.0949783325195 69.7444152832031 69.5608978271484 69.2831344604492 -3.4e+38 68.6415557861328 -3.4e+38 -3.4e+38 -3.4e+38 -3.4e+38 -3.4e+38 -3.4e+38 -3.4e+38 -3.4e+38 -3.4e+38 -3.4e+38 -3.4e+38 -3.4e+38 -3.4e+38 -3.4e+38 -3.4e+38 -3.4e+38 -3.4e+38 -3.4e+38 -3.4e+38 -3.4e+38 -3.4e+38
77.8890533447266 77.5517349243164 77.2485275268555 76.9139862060547 76.468017578125 76.0426712036133 75.8627243041992 75.6121597290039 75.2575759887695 74.949089050293 74.6761627197266 -3.4e+38 73.5869293212891 73.3938751220703 73.0781784057617 72.6605377197266 72.3416900634766 72.1268005371094 71.8840255737305 71.621337890625 71.3109893798828 70.9835433959961 70.2565383911133 69.9751892089844 69.6212310791016 69.3029632568359 68.9862594604492 68.6483917236328 68.4526138305664 -3.4e+38 -3.4e+38 -3.4e+38 -3.4e+38 -3.4e+38 -3.4e+38 -3.4e+38 -3.4e+38 -3.4e+38 -3.4e+38 -3.4e+38 -3.4e+38 -3.4e+38 -3.4e+38 -3.4e+38 -3.4e+38 -3.4e+38 -3.4e+38 -3.4e+38 -3.4e+38
78.3256988525391 77.7582778930664 77.3973617553711 77.1171035766602 76.7209014892578 76.4800872802734 76.2085494995117 75.8588180541992 75.5782241821289 75.2826156616211 74.8290710449219 74.2741012573242 -3.4e+38 73.58447265625 73.2543411254883 72.937126159668 72.6152648925781 72.3404159545898 71.9862976074219 71.4891586303711 71.1479644775391 70.9328918457031 70.4117279052734 70.1276779174805 69.7047958374023 69.3849563598633 69.0547332763672 68.7302551269531 -3.4e+38 -3.4e+38 -3.4e+38 -3.4e+38 -3.4e+38 -3.4e+38 -3.4e+38 -3.4e+38 -3.4e+38 -3.4e+38 -3.4e+38 -3.4e+38 -3.4e+38 -3.4e+38 -3.4e+38 -3.4e+38 -3.4e+38 -3.4e+38 -3.4e+38 -3.4e+38 -3.4e+38
78.0940475463867 77.6564712524414 77.3553009033203 77.1942825317383 76.9001083374023 76.6804275512695 76.3691482543945 76.0265502929688 75.7301406860352 75.5102081298828 75.0536880493164 74.4053421020508 74.0525588989258 73.6827926635742 73.3448104858398 72.9266510009766 72.4428100585938 72.2919235229492 72.0333557128906 71.5914840698242 71.2188339233398 71.0517349243164 70.4315948486328 70.1791763305664 69.7212219238281 69.3388442993164 69.0282363891602 68.6814193725586 68.4683990478516 -3.4e+38 -3.4e+38 -3.4e+38 -3.4e+38 -3.4e+38 -3.4e+38 -3.4e+38 -3.4e+38 -3.4e+38 -3.4e+38 -3.4e+38 -3.4e+38 -3.4e+38 -3.4e+38 -3.4e+38 -3.4e+38 -3.4e+38 -3.4e+38 -3.4e+38 -3.4e+38
78.1436614990234 77.7093658447266 77.3844299316406 77.2452774047852 76.9601593017578 76.7823867797852 76.4605560302734 76.0680084228516 75.7420272827148 75.6543884277344 75.327751159668 74.6301498413086 74.1748886108398 73.8789825439453 73.4183197021484 73.0718765258789 72.6035919189453 72.4332275390625 72.0997924804688 71.6349716186523 71.3528060913086 71.153564453125 70.4368362426758 70.1665344238281 69.8265686035156 69.3674926757812 68.9965896606445 68.7036285400391 68.5158996582031 -3.4e+38 -3.4e+38 -3.4e+38 -3.4e+38 -3.4e+38 -3.4e+38 -3.4e+38 -3.4e+38 -3.4e+38 -3.4e+38 -3.4e+38 -3.4e+38 -3.4e+38 -3.4e+38 -3.4e+38 -3.4e+38 -3.4e+38 -3.4e+38 -3.4e+38 -3.4e+38
78.3020706176758 77.756721496582 77.4607925415039 77.3602447509766 77.1894454956055 76.8043823242188 76.430290222168 76.250358581543 75.9635848999023 75.82568359375 75.4385070800781 74.7703170776367 74.2841491699219 73.9834136962891 73.4330444335938 73.1420059204102 72.7697219848633 72.5917358398438 72.1900482177734 71.7685012817383 71.4820861816406 71.1802978515625 70.4898834228516 70.1372375488281 69.8375930786133 69.5063018798828 69.2006988525391 68.8985900878906 68.5287780761719 -3.4e+38 -3.4e+38 -3.4e+38 -3.4e+38 -3.4e+38 -3.4e+38 -3.4e+38 -3.4e+38 -3.4e+38 -3.4e+38 -3.4e+38 -3.4e+38 -3.4e+38 -3.4e+38 -3.4e+38 -3.4e+38 -3.4e+38 -3.4e+38 -3.4e+38 -3.4e+38
78.5463027954102 78.0130767822266 77.5742111206055 77.4629592895508 77.3615798950195 76.829963684082 76.4457931518555 76.443229675293 76.2270965576172 75.979133605957 75.5400390625 74.6740646362305 74.2701568603516 73.93896484375 73.524284362793 -3.4e+38 72.8044891357422 72.622200012207 72.3275375366211 71.9020385742188 71.489875793457 71.2060852050781 70.501823425293 70.1424789428711 69.7941207885742 69.5400314331055 69.3335494995117 69.0203552246094 68.5230407714844 -3.4e+38 -3.4e+38 -3.4e+38 67.3520889282227 -3.4e+38 -3.4e+38 -3.4e+38 -3.4e+38 -3.4e+38 -3.4e+38 -3.4e+38 -3.4e+38 -3.4e+38 -3.4e+38 -3.4e+38 -3.4e+38 -3.4e+38 -3.4e+38 -3.4e+38 -3.4e+38
78.8024520874023 78.2183685302734 77.6417846679688 77.4255599975586 77.2107315063477 76.9249267578125 76.6306304931641 76.5339965820312 76.3007965087891 76.0542297363281 75.6121978759766 74.7434387207031 74.2896575927734 73.9236755371094 73.6176605224609 73.28466796875 72.9335784912109 72.6921768188477 72.3430252075195 71.9481735229492 71.476448059082 71.1729583740234 70.5141830444336 70.0711441040039 69.7576675415039 69.5783843994141 69.4224243164062 69.0142059326172 68.5948791503906 68.203971862793 67.8437118530273 67.6178894042969 67.3087310791016 66.9186401367188 -3.4e+38 -3.4e+38 -3.4e+38 -3.4e+38 -3.4e+38 -3.4e+38 -3.4e+38 -3.4e+38 -3.4e+38 -3.4e+38 -3.4e+38 -3.4e+38 -3.4e+38 -3.4e+38 -3.4e+38
78.9463653564453 78.3330535888672 77.7630386352539 77.454704284668 77.2048797607422 -3.4e+38 76.7337951660156 76.6081008911133 76.3444442749023 76.052490234375 75.6072845458984 74.8822555541992 74.3641967773438 74.003547668457 73.7473068237305 73.3399963378906 -3.4e+38 72.7310333251953 72.3330154418945 71.9826889038086 71.5579223632812 71.2582397460938 70.6230850219727 70.14404296875 69.8692245483398 69.7248001098633 69.4478149414062 69.0281753540039 68.6981506347656 68.3648529052734 67.9597625732422 67.5756225585938 -3.4e+38 66.7781829833984 66.6189498901367 -3.4e+38 -3.4e+38 -3.4e+38 -3.4e+38 -3.4e+38 -3.4e+38 -3.4e+38 -3.4e+38 -3.4e+38 -3.4e+38 -3.4e+38 -3.4e+38 -3.4e+38 -3.4e+38
-3.4e+38 78.5363693237305 78.1131896972656 77.6657409667969 77.3588027954102 77.1223983764648 76.820442199707 76.7118606567383 76.5748825073242 76.3030548095703 75.7765655517578 74.9392471313477 74.4872589111328 74.1540679931641 73.8059234619141 73.4509124755859 73.120964050293 72.7410888671875 72.3160400390625 71.9856491088867 71.6437759399414 71.3612747192383 70.6905746459961 70.2459716796875 69.9230422973633 69.740608215332 69.4354629516602 68.9360046386719 68.6501159667969 68.3991470336914 67.9746704101562 67.5869216918945 67.3051834106445 -3.4e+38 66.443962097168 66.1524810791016 -3.4e+38 -3.4e+38 -3.4e+38 -3.4e+38 -3.4e+38 -3.4e+38 -3.4e+38 -3.4e+38 -3.4e+38 -3.4e+38 -3.4e+38 -3.4e+38 -3.4e+38
78.9851608276367 78.6293640136719 78.3269882202148 77.8448715209961 77.4780044555664 77.1859588623047 76.8258666992188 76.6521453857422 76.5756759643555 76.4664840698242 75.8739852905273 74.9565200805664 74.5486068725586 74.172477722168 73.7530212402344 73.6126174926758 73.2282257080078 72.790657043457 72.3806228637695 72.0427627563477 71.6418151855469 71.2891387939453 70.7297286987305 70.3304977416992 69.9721298217773 69.7946014404297 69.5133895874023 69.0340576171875 68.7220916748047 68.3323287963867 67.9061126708984 67.5894622802734 -3.4e+38 66.8071670532227 66.4452056884766 66.2923202514648 -3.4e+38 -3.4e+38 -3.4e+38 -3.4e+38 -3.4e+38 -3.4e+38 -3.4e+38 -3.4e+38 -3.4e+38 -3.4e+38 -3.4e+38 -3.4e+38 -3.4e+38
78.947868347168 78.6077346801758 78.2893600463867 77.9442901611328 77.5956954956055 77.3319854736328 77.0830230712891 76.8093414306641 76.5032653808594 76.4070053100586 75.8629989624023 75.0095138549805 74.6052017211914 74.2250900268555 73.8583526611328 73.8135070800781 73.2578201293945 72.7888946533203 72.4115219116211 71.9867630004883 71.5922241210938 71.2515411376953 70.7136611938477 70.3819961547852 70.0371856689453 69.7928237915039 69.5279159545898 69.1742401123047 68.8474731445312 68.3677444458008 67.9675140380859 67.6128540039062 67.2933731079102 66.7648773193359 66.3762359619141 -3.4e+38 66.0260848999023 -3.4e+38 -3.4e+38 -3.4e+38 -3.4e+38 -3.4e+38 -3.4e+38 -3.4e+38 -3.4e+38 -3.4e+38 -3.4e+38 -3.4e+38 -3.4e+38
78.9924621582031 78.6536254882812 78.3628616333008 78.1000518798828 77.6951217651367 77.4291381835938 77.1545639038086 76.9498596191406 76.5523071289062 76.3867034912109 75.8959655761719 75.1903457641602 74.8343734741211 74.4258422851562 74.2122955322266 74.0520095825195 73.2840194702148 72.7864837646484 72.3340377807617 71.8772506713867 71.6062316894531 71.3159255981445 70.6364288330078 70.3134994506836 70.0133056640625 69.7673950195312 69.4670333862305 69.1769561767578 68.8064727783203 68.3887939453125 67.9553070068359 67.6471786499023 67.3729782104492 66.7303695678711 66.4124374389648 66.0988082885742 65.8251647949219 65.7259979248047 -3.4e+38 -3.4e+38 -3.4e+38 -3.4e+38 -3.4e+38 -3.4e+38 -3.4e+38 -3.4e+38 -3.4e+38 -3.4e+38 -3.4e+38
79.3105010986328 78.9595642089844 78.5450439453125 78.1891708374023 77.7416305541992 77.5247192382812 77.258544921875 76.877311706543 76.5222549438477 76.0938415527344 75.678337097168 75.3661346435547 75.0365447998047 74.6215667724609 74.5318374633789 74.0440521240234 73.4565200805664 72.9552307128906 72.3756484985352 71.9478912353516 71.7695770263672 71.6172866821289 70.6881713867188 70.3600387573242 70.0578079223633 69.830078125 69.4696350097656 69.1928634643555 68.8924942016602 68.3851928710938 67.9086532592773 67.7109985351562 67.4598007202148 66.6602935791016 66.4031448364258 -3.4e+38 65.7333755493164 65.423210144043 -3.4e+38 -3.4e+38 -3.4e+38 -3.4e+38 -3.4e+38 -3.4e+38 -3.4e+38 -3.4e+38 -3.4e+38 -3.4e+38 -3.4e+38
79.3377990722656 79.0077896118164 78.682746887207 78.2656097412109 77.8517074584961 77.4568099975586 77.2337493896484 76.8604431152344 76.5634155273438 76.1384201049805 75.704704284668 75.3811340332031 75.0245819091797 74.6528396606445 74.4660339355469 73.896614074707 73.3996658325195 73.0143890380859 72.5319519042969 72.078857421875 71.8177719116211 71.5845336914062 70.7082290649414 70.382194519043 70.0941925048828 69.9192733764648 69.6780624389648 69.289794921875 68.8855743408203 68.4158477783203 67.9969253540039 67.6589126586914 67.3375625610352 66.666633605957 66.3870086669922 -3.4e+38 -3.4e+38 65.3993759155273 65.1786041259766 -3.4e+38 -3.4e+38 -3.4e+38 -3.4e+38 -3.4e+38 -3.4e+38 -3.4e+38 -3.4e+38 -3.4e+38 -3.4e+38
79.5352783203125 79.1864471435547 78.8126373291016 78.4304275512695 77.9505844116211 77.4226531982422 77.1772689819336 76.8545379638672 76.6010131835938 76.1544723510742 75.851936340332 75.4862289428711 75.1085662841797 74.7825088500977 74.4123229980469 73.8934631347656 73.3675765991211 73.0059585571289 72.6289672851562 72.1964416503906 71.9254989624023 71.6353759765625 70.7611083984375 70.3839645385742 70.0761413574219 69.9082412719727 69.6804046630859 69.2270050048828 68.8783264160156 68.4609985351562 68.0581436157227 67.7548675537109 67.3674240112305 66.6373062133789 66.3120880126953 65.9098434448242 65.658088684082 -3.4e+38 65.0559692382812 -3.4e+38 -3.4e+38 -3.4e+38 -3.4e+38 -3.4e+38 -3.4e+38 -3.4e+38 -3.4e+38 -3.4e+38 -3.4e+38
79.6875762939453 79.3861694335938 78.8383255004883 78.499870300293 78.0130996704102 77.499885559082 77.2149124145508 76.8989868164062 76.6961975097656 76.1737747192383 75.9794082641602 75.5249099731445 75.2655258178711 74.8922500610352 74.4981155395508 73.9562606811523 73.5500183105469 73.1261596679688 72.6739196777344 72.3233642578125 72.054443359375 71.8064727783203 70.8769912719727 70.5345840454102 70.16796875 69.8521194458008 69.5816192626953 69.1573257446289 68.8740310668945 68.5110778808594 68.0494766235352 67.6802062988281 67.3715667724609 66.5278244018555 66.0810317993164 65.8333740234375 -3.4e+38 -3.4e+38 65.0612945556641 64.9751968383789 -3.4e+38 -3.4e+38 -3.4e+38 -3.4e+38 -3.4e+38 -3.4e+38 -3.4e+38 -3.4e+38 -3.4e+38
79.8219680786133 79.4965362548828 79.0318069458008 78.620361328125 78.0854873657227 77.7577514648438 77.3114395141602 77.1551513671875 76.7509384155273 76.2332611083984 76.0916595458984 75.8089981079102 75.5018692016602 75.1377868652344 74.6367263793945 74.0609970092773 73.5696411132812 73.1600646972656 72.7693634033203 72.4756622314453 72.1703109741211 71.8360595703125 71.0451278686523 70.708251953125 70.3311004638672 69.8687515258789 69.492073059082 69.1558456420898 68.8457641601562 68.4998779296875 68.1261978149414 67.6468734741211 67.2768020629883 66.5376205444336 66.0977172851562 65.8195037841797 65.5663681030273 65.3106231689453 65.0308609008789 64.7405014038086 -3.4e+38 -3.4e+38 -3.4e+38 -3.4e+38 -3.4e+38 -3.4e+38 -3.4e+38 -3.4e+38 -3.4e+38
79.868049621582 79.4344635009766 79.0388641357422 78.619270324707 78.1194534301758 77.890739440918 77.4187393188477 77.2887344360352 76.8238830566406 76.5717468261719 76.3803863525391 75.9757308959961 75.6879653930664 75.1819763183594 74.598518371582 74.1613845825195 73.6119232177734 73.1561965942383 72.8033447265625 72.5290298461914 72.2391891479492 71.835075378418 71.2660064697266 70.8111190795898 70.3688507080078 69.8854370117188 69.4921264648438 69.1683731079102 68.8253707885742 68.4212341308594 68.0911865234375 67.6851119995117 67.2508163452148 66.6151428222656 66.2365036010742 65.865837097168 -3.4e+38 65.2875518798828 64.9911804199219 64.6545104980469 64.3665771484375 -3.4e+38 -3.4e+38 -3.4e+38 -3.4e+38 -3.4e+38 -3.4e+38 -3.4e+38 -3.4e+38
