rcp4.5models/GFDL_CM3/sc1gr4.26
NCOLS 261 
NROWS 433 
XLLCORNER 336357.134 
YLLCORNER 654653.479 
CELLSIZE 1000 
NODATA_value -9999 
[rows 264 to 285 of 433, columns 100 to 149 of 261]
269.34130859375 269.036071777344 269.341705322266 269.241729736328 269.368713378906 268.958801269531 268.498840332031 263.606292724609 256.929901123047 261.521240234375 267.336578369141 270.373870849609 252.529586791992 243.266250610352 242.333694458008 243.556167602539 244.022171020508 244.868072509766 252.885498046875 257.454467773438 260.259155273438 260.722290039062 260.410827636719 259.663543701172 259.53759765625 251.712905883789 244.480987548828 239.88899230957 232.444778442383 224.625640869141 216.415985107422 211.785934448242 214.869338989258 211.898818969727 202.767333984375 183.178024291992 189.862380981445 199.008529663086 207.297836303711 213.675582885742 215.626434326172 209.025634765625 207.147033691406 212.627288818359 225.94921875 236.950668334961 248.726058959961 252.757965087891 262.015197753906 257.56298828125
268.503295898438 268.178924560547 269.139007568359 269.148071289062 269.191436767578 269.075347900391 268.566772460938 264.562255859375 257.914520263672 259.881164550781 266.705413818359 269.08154296875 260.273742675781 246.581100463867 241.219680786133 242.862533569336 244.313568115234 245.389190673828 255.950805664062 260.021636962891 259.962707519531 260.081329345703 260.263793945312 259.001953125 258.542022705078 253.704956054688 248.842666625977 240.679916381836 231.285308837891 221.824142456055 213.975616455078 210.631729125977 215.386672973633 215.58757019043 209.312072753906 190.733337402344 189.577346801758 189.421096801758 197.248657226562 200.999801635742 204.142150878906 202.219116210938 203.23078918457 212.982376098633 228.215454101562 234.585571289062 255.378799438477 257.548126220703 259.951995849609 249.951843261719
267.999969482422 266.602294921875 268.042816162109 268.975646972656 268.792541503906 268.873992919922 268.695831298828 268.307708740234 265.653198242188 260.267669677734 257.824462890625 261.862640380859 268.347869873047 257.758819580078 244.02360534668 241.13313293457 242.81494140625 244.129806518555 240.891174316406 241.979232788086 248.141021728516 256.855865478516 259.693237304688 259.576293945312 258.794494628906 253.737762451172 250.695251464844 246.577819824219 238.367919921875 227.362289428711 213.820220947266 205.1787109375 207.019653320312 217.780914306641 220.640151977539 210.829803466797 206.399032592773 203.502319335938 198.133575439453 190.979934692383 188.368026733398 194.809631347656 208.452835083008 223.999389648438 232.173248291016 240.922927856445 255.079940795898 255.458541870117 245.979141235352 234.440231323242
265.867218017578 264.288024902344 265.310089111328 268.653839111328 268.575500488281 268.659729003906 268.598754882812 268.362609863281 267.286956787109 262.601623535156 255.060531616211 254.181564331055 264.111083984375 256.826263427734 245.788909912109 240.246948242188 242.74853515625 244.537994384766 243.066329956055 246.015686035156 249.135986328125 251.183654785156 256.596832275391 259.293121337891 259.474792480469 255.964004516602 250.50390625 244.156463623047 235.653579711914 223.884475708008 210.657638549805 205.179046630859 206.650100708008 216.738235473633 224.127792358398 218.495391845703 211.831802368164 211.929138183594 206.322738647461 199.791473388672 197.988525390625 196.483306884766 198.013381958008 210.989669799805 225.822845458984 237.976104736328 253.260848999023 250.314849853516 244.817337036133 230.802978515625
265.355499267578 265.892913818359 266.149932861328 267.862091064453 268.2978515625 266.64306640625 263.634948730469 265.121368408203 267.858001708984 265.879791259766 260.551849365234 253.611328125 255.134124755859 253.673492431641 248.725204467773 245.181976318359 244.193344116211 244.961547851562 246.319091796875 246.790222167969 247.987045288086 248.305313110352 251.09928894043 253.904342651367 259.704071044922 257.337860107422 251.710342407227 243.654067993164 233.742721557617 223.053802490234 211.388366699219 205.425918579102 207.223587036133 216.612670898438 226.301712036133 224.60481262207 218.982757568359 220.534591674805 217.178466796875 212.83366394043 209.093673706055 200.069839477539 192.460876464844 195.728744506836 207.332153320312 220.57682800293 246.812316894531 238.877563476562 234.603164672852 228.043243408203
267.499908447266 268.561096191406 268.123016357422 266.894714355469 267.364532470703 266.429016113281 261.408111572266 259.587646484375 264.795745849609 267.235687255859 265.815338134766 259.687469482422 249.939971923828 250.496170043945 248.095291137695 247.492279052734 245.094146728516 246.459106445312 248.825225830078 246.394470214844 247.113754272461 248.285934448242 248.174453735352 247.439224243164 253.878692626953 257.146545410156 254.264724731445 246.476928710938 234.049545288086 222.313049316406 210.54768371582 201.513473510742 206.459579467773 217.400482177734 225.223861694336 233.619842529297 229.22834777832 227.549865722656 223.481826782227 216.874221801758 207.876266479492 197.186660766602 187.956451416016 186.986709594727 202.057495117188 218.065795898438 236.804168701172 224.931838989258 214.540267944336 217.170379638672
270.328918457031 269.281982421875 267.977752685547 265.661254882812 265.440765380859 266.726257324219 264.099822998047 259.022521972656 258.901062011719 261.433044433594 264.080780029297 260.571228027344 250.794692993164 250.559951782227 248.832763671875 247.027954101562 245.786193847656 247.041473388672 249.408569335938 248.351150512695 247.768508911133 248.179275512695 248.717758178711 247.660003662109 245.941375732422 253.08268737793 254.508056640625 245.018569946289 231.03450012207 216.566009521484 207.623687744141 205.040573120117 207.055282592773 216.351303100586 225.714767456055 239.919937133789 234.169586181641 228.311782836914 221.120849609375 211.738372802734 201.572860717773 195.079483032227 189.31364440918 191.927505493164 208.874755859375 224.079650878906 222.347702026367 213.986343383789 212.057571411133 214.999435424805
268.71142578125 267.7333984375 266.279815673828 264.225982666016 263.903717041016 264.499267578125 263.181915283203 261.846588134766 258.765289306641 257.752136230469 262.067504882812 260.494110107422 252.132232666016 251.330642700195 250.679901123047 248.944412231445 248.459289550781 249.084716796875 250.410583496094 250.845703125 249.147354125977 248.493118286133 250.481903076172 250.200607299805 245.520385742188 250.10481262207 254.595840454102 243.753997802734 229.206954956055 218.281066894531 214.119247436523 212.928634643555 209.337173461914 217.340255737305 231.585372924805 241.359008789062 234.426025390625 226.18586730957 218.423156738281 213.959930419922 205.241073608398 201.210266113281 198.58137512207 194.340698242188 199.815856933594 212.363616943359 208.610275268555 205.257690429688 211.997940063477 215.604476928711
265.197357177734 264.52294921875 263.097015380859 262.536987304688 263.419860839844 262.588531494141 260.682739257812 260.802825927734 261.174774169922 260.817626953125 261.673522949219 261.274353027344 252.700592041016 251.40803527832 251.860580444336 251.059524536133 251.287506103516 251.106140136719 251.140579223633 252.179138183594 251.657211303711 250.710723876953 251.891815185547 251.212341308594 248.479965209961 250.254898071289 253.980834960938 247.856552124023 235.160903930664 229.685775756836 228.055267333984 223.783721923828 220.339614868164 226.214462280273 238.665176391602 243.923156738281 235.685333251953 227.16633605957 222.40754699707 223.815612792969 217.372940063477 211.18815612793 202.72380065918 192.836120605469 188.8447265625 196.364639282227 210.63249206543 209.025497436523 215.391098022461 222.574829101562
264.657073974609 261.707733154297 260.150604248047 259.463958740234 261.538635253906 262.282806396484 260.698059082031 259.051605224609 259.674011230469 261.410614013672 261.218841552734 261.068054199219 253.09260559082 251.312713623047 251.655914306641 251.514846801758 252.527145385742 252.08251953125 252.058654785156 253.211975097656 253.442184448242 252.940139770508 252.242065429688 250.008056640625 249.63981628418 249.573791503906 251.282409667969 251.371765136719 243.136108398438 237.687240600586 237.801132202148 234.347045898438 231.60920715332 234.893371582031 243.806884765625 244.962142944336 238.185150146484 233.000091552734 229.358932495117 226.329727172852 217.694412231445 207.053253173828 195.377288818359 192.638732910156 194.214172363281 196.035354614258 218.6875 221.748321533203 227.866256713867 235.788940429688
267.305267333984 261.417083740234 259.190368652344 258.165618896484 261.636169433594 262.747283935547 261.782684326172 261.467895507812 258.398132324219 257.685577392578 259.535797119141 260.280181884766 252.318923950195 250.9599609375 251.122222900391 250.738983154297 251.892578125 252.401504516602 252.808502197266 253.143188476562 253.459503173828 253.740356445312 252.524932861328 250.039093017578 250.808364868164 249.959487915039 250.189422607422 251.543991088867 248.016937255859 242.062835693359 241.416320800781 238.000366210938 234.933197021484 237.663711547852 244.683868408203 242.525115966797 237.914398193359 231.890991210938 226.817504882812 220.726654052734 213.373382568359 204.386077880859 197.775802612305 198.619430541992 204.286712646484 203.754211425781 222.004959106445 229.947479248047 234.995956420898 241.060745239258
267.310852050781 264.632354736328 261.24755859375 259.250549316406 263.009460449219 264.142395019531 264.076263427734 263.665161132812 259.154083251953 255.630676269531 255.910263061523 257.935974121094 253.9365234375 251.57795715332 251.526702880859 250.995788574219 251.462509155273 251.986740112305 252.906799316406 253.050659179688 253.725234985352 253.890640258789 253.095886230469 252.080368041992 251.972091674805 251.480926513672 251.081497192383 251.267318725586 250.585159301758 245.983993530273 242.536483764648 240.12712097168 237.488342285156 239.650634765625 246.490997314453 241.079803466797 237.294494628906 230.518112182617 222.616897583008 216.839538574219 213.990142822266 211.764526367188 205.674743652344 203.805770874023 206.716033935547 203.441925048828 220.310119628906 226.774124145508 234.060638427734 237.29606628418
267.892059326172 266.320648193359 265.632568359375 263.99072265625 265.531341552734 266.646148681641 265.571502685547 263.380035400391 260.248443603516 255.309112548828 249.276657104492 249.30061340332 253.218765258789 249.075973510742 251.568435668945 251.499618530273 251.289566040039 251.561401367188 252.411270141602 252.530822753906 253.427963256836 254.066635131836 253.708953857422 253.365280151367 252.554763793945 252.462997436523 252.317245483398 251.575820922852 250.986618041992 248.560501098633 244.296157836914 238.530151367188 235.504058837891 239.20442199707 246.027359008789 240.838623046875 237.465408325195 233.033721923828 224.983001708984 219.000915527344 219.086959838867 220.109451293945 212.616607666016 209.934951782227 207.513122558594 200.328216552734 208.147171020508 215.849212646484 223.6240234375 229.550476074219
269.100006103516 265.340759277344 266.756164550781 266.529876708984 267.533782958984 267.756408691406 266.355194091797 264.157653808594 261.964172363281 257.598205566406 250.811706542969 247.756729125977 247.362808227539 244.686325073242 247.245391845703 247.390960693359 248.197006225586 250.392211914062 251.274383544922 251.830123901367 252.563247680664 253.713485717773 254.33349609375 254.595458984375 253.202239990234 253.274536132812 252.810424804688 252.233856201172 251.420120239258 250.069274902344 247.180236816406 240.766357421875 235.545928955078 236.865219116211 242.34049987793 242.56950378418 239.046340942383 233.901931762695 229.898574829102 228.21159362793 228.935195922852 230.9248046875 223.701324462891 219.624710083008 211.477142333984 206.186386108398 200.096649169922 205.78205871582 217.769378662109 230.191833496094
268.287292480469 261.107574462891 257.918243408203 256.31689453125 258.220611572266 260.242614746094 260.047637939453 257.965026855469 257.733917236328 260.113739013672 262.940887451172 261.476898193359 246.655120849609 240.373504638672 241.423233032227 241.651290893555 240.696670532227 240.370986938477 242.671401977539 245.588638305664 247.574310302734 250.420837402344 251.23095703125 251.328002929688 251.564758300781 250.56916809082 249.622451782227 249.17985534668 249.516983032227 248.204223632812 245.987243652344 245.528656005859 243.486770629883 241.237487792969 243.528717041016 248.845703125 245.874694824219 241.383987426758 238.036392211914 239.937210083008 239.860870361328 239.20979309082 239.602233886719 232.636093139648 220.60905456543 210.985595703125 196.249069213867 201.715225219727 218.746170043945 230.381912231445
269.094116210938 266.283386230469 259.769805908203 246.153167724609 242.777603149414 250.364471435547 252.137252807617 245.793090820312 244.687301635742 248.868606567383 254.951889038086 252.665908813477 240.726119995117 236.619155883789 239.422027587891 242.406845092773 242.485916137695 240.478363037109 241.609664916992 245.360931396484 247.831176757812 247.986450195312 247.68440246582 246.672302246094 249.147994995117 248.293563842773 247.09684753418 246.806762695312 247.342346191406 247.405578613281 246.732238769531 245.931457519531 244.319396972656 242.791717529297 244.136123657227 249.141342163086 248.626007080078 246.324691772461 242.836486816406 240.1025390625 235.882614135742 235.844573974609 -9999 233.832412719727 221.702835083008 212.580825805664 207.314666748047 210.303833007812 220.339828491211 232.938217163086
268.943084716797 266.594329833984 265.670532226562 252.608444213867 238.703857421875 239.54345703125 244.726211547852 241.989349365234 241.115798950195 242.384078979492 244.038619995117 243.599822998047 236.991943359375 239.661727905273 242.654571533203 244.239288330078 244.162780761719 242.688171386719 241.634750366211 244.442901611328 248.656433105469 247.457595825195 246.06591796875 245.350051879883 247.276092529297 248.611328125 247.436660766602 247.806304931641 247.727432250977 247.665313720703 247.3505859375 246.777969360352 245.913528442383 245.103225708008 244.422286987305 249.068649291992 250.091812133789 -9999 245.85205078125 239.544403076172 234.492370605469 235.597229003906 241.220260620117 237.963653564453 229.596862792969 223.564758300781 220.017852783203 221.573608398438 225.440826416016 234.290725708008
270.300323486328 267.220672607422 268.671173095703 265.699737548828 253.257522583008 242.934783935547 244.161682128906 244.066314697266 243.948226928711 243.563278198242 243.335418701172 244.170944213867 241.889144897461 245.037704467773 245.971954345703 244.721572875977 243.001876831055 243.721923828125 243.507553100586 243.494491577148 248.738327026367 247.33610534668 245.899032592773 246.779663085938 244.748062133789 245.546844482422 248.204147338867 248.69091796875 247.958267211914 247.580612182617 247.996765136719 248.30908203125 247.594528198242 246.815505981445 244.839813232422 247.115493774414 248.390441894531 248.76252746582 -9999 243.250686645508 237.295562744141 238.394088745117 242.760757446289 240.682037353516 232.346237182617 225.251052856445 221.104736328125 228.696166992188 233.803298950195 238.11296081543
270.900421142578 269.290618896484 268.282989501953 269.035583496094 265.705688476562 255.602920532227 246.63005065918 244.084487915039 244.562072753906 245.457565307617 246.299179077148 246.356719970703 245.789428710938 245.825225830078 246.437210083008 245.789596557617 244.212844848633 245.012115478516 247.414337158203 246.033813476562 248.775314331055 248.224746704102 246.583969116211 244.179138183594 240.110687255859 241.563095092773 246.086166381836 249.316146850586 248.155822753906 247.700607299805 248.163223266602 248.769866943359 248.580352783203 247.769241333008 245.345565795898 246.278411865234 246.757583618164 247.67497253418 249.517181396484 247.020553588867 242.108413696289 243.778228759766 244.739929199219 240.882431030273 231.455337524414 222.787612915039 220.895385742188 232.879470825195 241.050384521484 242.456787109375
267.836822509766 268.007202148438 266.232147216797 266.969512939453 268.005035400391 260.036743164062 248.289932250977 245.248092651367 244.491363525391 245.235336303711 245.930892944336 246.507720947266 246.384201049805 246.367401123047 246.687835693359 246.831405639648 246.087615966797 245.825424194336 248.315948486328 248.511245727539 248.629196166992 246.880767822266 241.660690307617 236.182968139648 233.733444213867 239.735488891602 244.41764831543 247.598220825195 247.386764526367 248.990875244141 249.420501708984 249.328109741211 249.339996337891 248.765060424805 246.390701293945 246.98486328125 -9999 247.57991027832 248.42399597168 -9999 -9999 242.627899169922 244.190155029297 240.740921020508 230.841079711914 223.175216674805 221.265502929688 233.293212890625 243.692108154297 244.763153076172
263.511657714844 266.30859375 265.557830810547 265.325317382812 265.226837158203 261.305450439453 255.243286132812 249.873794555664 244.786163330078 241.56950378418 242.273376464844 244.437774658203 247.070083618164 246.900268554688 246.622207641602 246.903533935547 246.807205200195 246.468276977539 247.879837036133 247.638275146484 245.695190429688 242.43196105957 233.670043945312 226.87174987793 227.64192199707 236.543395996094 242.395141601562 245.046157836914 246.996520996094 248.613479614258 248.164962768555 248.30322265625 249.413772583008 249.960159301758 248.488052368164 247.743453979492 248.631103515625 -9999 248.030578613281 249.166580200195 244.659439086914 238.43212890625 241.865234375 238.396118164062 229.186676025391 219.246292114258 220.295989990234 233.282958984375 244.846908569336 244.131973266602
264.315246582031 266.450286865234 266.259674072266 265.389465332031 262.893676757812 262.18701171875 262.741546630859 256.475372314453 248.090591430664 243.757080078125 243.155487060547 242.385391235352 246.74641418457 246.567764282227 246.666717529297 246.903350830078 247.252151489258 247.712844848633 248.537231445312 247.000823974609 242.083648681641 236.996475219727 228.835052490234 223.158462524414 231.383850097656 238.759033203125 243.260696411133 244.991027832031 246.454971313477 247.150543212891 244.996063232422 244.69921875 244.615203857422 245.679641723633 -9999 249.252944946289 -9999 -9999 -9999 249.460815429688 -9999 -9999 242.026275634766 234.245498657227 227.255386352539 220.606079101562 222.470901489258 238.995895385742 248.862030029297 243.566390991211
