rcp4.5models/GFDL_CM3/sc1gr6.16
NCOLS 261 
NROWS 433 
XLLCORNER 336357.134 
YLLCORNER 654653.479 
CELLSIZE 1000 
NODATA_value -3.4e+38 
[rows 88 to 109 of 433, columns 49 to 97 of 261]
-3.4e+38 -3.4e+38 -3.4e+38 -3.4e+38 -3.4e+38 -3.4e+38 -3.4e+38 -3.4e+38 -3.4e+38 -3.4e+38 1090.02795410156 -3.4e+38 1093.42309570312 1098.47473144531 1101.67456054688 1103.7734375 1104.56176757812 1109.75805664062 1115.44458007812 1122.68493652344 1124.17724609375 1127.33068847656 1128.91638183594 1130.14428710938 1135.78210449219 1140.66918945312 1141.75427246094 1144.28979492188 1145.6669921875 1152.50109863281 1154.75939941406 1156.63879394531 -3.4e+38 1165.96838378906 1167.40734863281 1170.21057128906 1175.20422363281 1176.89807128906 1179.74682617188 1185.8134765625 1188.05603027344 1198.06787109375 1200.88708496094 1205.75720214844 1208.85888671875 1210.18908691406 1215.75720214844 1217.32873535156 1218.62658691406
-3.4e+38 -3.4e+38 -3.4e+38 -3.4e+38 -3.4e+38 -3.4e+38 -3.4e+38 -3.4e+38 -3.4e+38 -3.4e+38 1089.69384765625 1091.93273925781 1096.13427734375 1098.73718261719 1100.88598632812 1102.34045410156 1107.62646484375 1111.71118164062 1117.12072753906 1124.33239746094 1125.56652832031 1127.86328125 1128.60363769531 1133.26123046875 1138.4482421875 1140.28173828125 1142.47277832031 1144.29968261719 1148.61328125 1154.51623535156 1156.78979492188 1157.97521972656 1165.32153320312 1167.556640625 1168.94970703125 1170.40783691406 1175.25476074219 1178.34948730469 1180.09619140625 1185.77758789062 1188.76037597656 1198.54797363281 1201.11450195312 1204.13391113281 1210.26782226562 1211.26879882812 1216.1240234375 1218.23291015625 1220.93286132812
-3.4e+38 -3.4e+38 -3.4e+38 -3.4e+38 -3.4e+38 -3.4e+38 -3.4e+38 -3.4e+38 -3.4e+38 -3.4e+38 1091.58520507812 1093.79736328125 1096.42431640625 1098.47399902344 1101.03308105469 1105.27075195312 1110.06420898438 1112.72912597656 1119.71118164062 1124.11669921875 1124.83752441406 1127.24572753906 1129.546875 1136.05554199219 1138.58142089844 1140.51232910156 1142.62927246094 1144.79724121094 1150.09167480469 1155.08581542969 1158.51696777344 1162.48010253906 1166.38488769531 1167.95654296875 1168.49340820312 1170.87658691406 1176.7587890625 1178.13354492188 1180.39868164062 1186.525390625 1189.27331542969 1196.97326660156 1200.19213867188 1202.09045410156 1208.81701660156 1210.39819335938 1214.92211914062 1217.98876953125 1222.69763183594
-3.4e+38 -3.4e+38 -3.4e+38 -3.4e+38 -3.4e+38 -3.4e+38 -3.4e+38 -3.4e+38 -3.4e+38 1091.16296386719 1092.52917480469 1094.88208007812 1100.62670898438 1103.76354980469 1105.24865722656 1108.94958496094 1109.93041992188 1114.56494140625 1120.22534179688 1123.06262207031 1125.18798828125 1127.94787597656 1133.15002441406 1136.30358886719 1137.06140136719 1139.3935546875 1141.32666015625 1144.13708496094 1150.291015625 1156.51599121094 1158.61083984375 1165.09582519531 1167.64965820312 1170.23010253906 1170.86682128906 1178.10034179688 1178.9921875 1180.50109863281 1181.2314453125 1182.60632324219 1188.17712402344 1194.26318359375 1198.45202636719 1201.7138671875 1204.48278808594 1212.16491699219 1215.38659667969 1219.50256347656 1224.53747558594
-3.4e+38 -3.4e+38 -3.4e+38 -3.4e+38 -3.4e+38 -3.4e+38 -3.4e+38 -3.4e+38 1088.81176757812 1090.52844238281 1096.5283203125 1098.69226074219 1101.51232910156 1103.291015625 1105.61853027344 1107.443359375 1109.9130859375 1114.69665527344 1119.73913574219 1123.5771484375 1125.28198242188 1127.587890625 1132.19897460938 1135.74267578125 1137.31591796875 1139.08276367188 1141.87866210938 1144.244140625 1151.52819824219 1156.68505859375 1158.02331542969 1165.60229492188 1168.73217773438 1170.21252441406 1172.1845703125 1178.96960449219 1179.5888671875 1180.32885742188 1181.22998046875 1183.07189941406 1186.86596679688 1193.43994140625 1197.88818359375 1202.748046875 1204.87353515625 1209.8955078125 1215.15856933594 1218.9833984375 1224.34228515625
-3.4e+38 -3.4e+38 -3.4e+38 -3.4e+38 -3.4e+38 1082.08654785156 1084.76782226562 1088.49682617188 -3.4e+38 1094.15893554688 1097.53918457031 1099.51867675781 1100.7060546875 1102.35314941406 1105.24584960938 1107.26330566406 1112.32336425781 -3.4e+38 -3.4e+38 1122.20349121094 1124.91040039062 1126.5615234375 1131.89831542969 1135.27575683594 -3.4e+38 1139.62670898438 1142.04211425781 1145.34130859375 1151.17395019531 1156.38000488281 1158.68774414062 1162.01733398438 1166.87463378906 1170.55603027344 1173.4580078125 1178.666015625 1180.14880371094 1180.38842773438 1183.4365234375 1183.13928222656 1185.71533203125 1192.88562011719 1195.99768066406 1200.74230957031 1205.11059570312 1208.9921875 1215.70568847656 1218.77307128906 1221.87023925781
-3.4e+38 -3.4e+38 -3.4e+38 -3.4e+38 1081.17053222656 -3.4e+38 1087.60791015625 1090.94567871094 1093.18151855469 1095.55798339844 1097.25268554688 1098.16381835938 1100.66516113281 1102.0703125 1105.30700683594 1109.36938476562 1113.36010742188 1115.74719238281 1119.30212402344 1121.75793457031 1123.97680664062 1126.41284179688 1129.48937988281 1134.66369628906 -3.4e+38 -3.4e+38 1140.78747558594 1145.3271484375 1150.25158691406 1157.57897949219 1159.56762695312 1159.97485351562 1168.08825683594 1170.18078613281 1173.51550292969 1176.81079101562 1178.1103515625 1181.58618164062 1186.58020019531 1184.78259277344 1186.03564453125 1194.12939453125 1196.89538574219 1200.70446777344 1205.62219238281 1209.0087890625 1214.34594726562 1217.23791503906 1219.74975585938
-3.4e+38 -3.4e+38 -3.4e+38 -3.4e+38 1080.19421386719 1083.80627441406 1087.96118164062 1090.9765625 1093.00671386719 1094.40161132812 1095.74377441406 1098.99365234375 1100.56030273438 1102.60522460938 1105.16650390625 1110.14245605469 1112.84509277344 1115.95104980469 1120.12341308594 1122.02075195312 1124.99792480469 1126.56237792969 1131.41381835938 1134.20556640625 1136.69812011719 1139.2138671875 -3.4e+38 1143.61291503906 1147.47729492188 1156.81665039062 1158.400390625 1161.50048828125 1166.47668457031 1170.09655761719 1173.81872558594 1176.48168945312 1178.96740722656 1184.52404785156 1185.16577148438 1185.96459960938 1187.25354003906 1192.86828613281 1197.76098632812 1200.26220703125 1203.67248535156 1209.61804199219 1211.80004882812 1214.77612304688 1219.12023925781
-3.4e+38 1056.54272460938 1064.23278808594 1072.91711425781 1079.53332519531 1082.5966796875 1084.91491699219 1089.51062011719 1091.58215332031 1094.4375 1095.98571777344 1098.41381835938 1099.60986328125 1102.26062011719 1103.95593261719 1109.58776855469 1112.92211914062 1115.71630859375 1120.00622558594 1122.07177734375 1124.55969238281 1126.74987792969 1133.10949707031 1135.47985839844 1138.53466796875 1140.79211425781 1142.71252441406 1144.26025390625 1145.75622558594 1154.93786621094 1159.82385253906 1163.55847167969 1164.95922851562 1170.44897460938 1174.18139648438 1176.38000488281 1179.94958496094 1183.27124023438 1185.76843261719 1186.59289550781 1188.88012695312 1191.56921386719 1195.90222167969 1200.15783691406 1204.26049804688 1208.29467773438 1208.86962890625 1212.51965332031 1218.05871582031
1040.41088867188 1051.44311523438 1061.56127929688 1069.08361816406 1073.63342285156 1079.93151855469 1081.57824707031 1086.61779785156 1090.64172363281 1093.08642578125 1095.43432617188 1097.04187011719 1099.0029296875 1102.32702636719 1103.69873046875 1107.98620605469 1112.77819824219 1115.11193847656 1119.27954101562 1122.97863769531 1125.00659179688 1126.92297363281 1132.27941894531 1136.37255859375 1139.00854492188 1140.64001464844 1143.24987792969 1143.68115234375 1145.06689453125 1155.06848144531 1159.91296386719 1163.07287597656 1164.44372558594 1168.22082519531 1173.61096191406 1175.75964355469 1178.84887695312 1181.72814941406 1184.22692871094 1187.73754882812 1189.66967773438 1192.140625 1194.39404296875 1198.07775878906 1203.98388671875 1206.30627441406 1207.38244628906 1210.44494628906 1216.4970703125
1034.81518554688 1047.74365234375 1056.32141113281 1063.79406738281 1070.16076660156 1074.71716308594 1080.13830566406 1084.29736328125 1087.34973144531 1089.13891601562 1093.5078125 1095.07543945312 1099.17541503906 1101.0927734375 1104.32287597656 1106.93078613281 1109.41137695312 1113.15771484375 1119.97021484375 1122.61560058594 1124.65930175781 1126.50952148438 1130.49084472656 1135.66711425781 1138.24963378906 1140.72814941406 1143.1962890625 1144.02600097656 1145.7939453125 1152.62243652344 1157.66564941406 1161.10437011719 1162.8984375 1166.44372558594 1170.71166992188 1172.60339355469 1176.62145996094 1181.50854492188 1183.62829589844 1186.4560546875 1187.36450195312 1192.68957519531 1194.60095214844 1197.47583007812 1201.39440917969 1203.587890625 1207.86291503906 1210.76318359375 1216.05786132812
1032.40368652344 1043.10888671875 1050.9736328125 1058.7060546875 1065.94250488281 1071.51306152344 1076.05529785156 1082.85437011719 1084.75988769531 1086.70788574219 1090.45227050781 1094.02392578125 1097.83911132812 1101.18151855469 1103.22485351562 1105.47814941406 1108.40710449219 1113.35119628906 1119.90539550781 1121.29113769531 1123.3681640625 1127.74597167969 1130.27368164062 1133.29309082031 1138.62109375 1140.52917480469 1142.98754882812 1144.60778808594 1146.00390625 1150.70349121094 1154.43530273438 1157.99084472656 1161.98352050781 1166.08483886719 1168.794921875 1170.74499511719 1174.59069824219 1181.33288574219 1183.69897460938 1185.32836914062 1187.25402832031 1191.88757324219 1193.70385742188 1198.52087402344 1201.17102050781 1203.39916992188 1206.62573242188 1210.59851074219 1215.34484863281
1030.19201660156 1040.26342773438 1048.23742675781 1055.56213378906 1061.43469238281 1066.12341308594 1072.166015625 1078.88659667969 1084.17724609375 1085.47314453125 1088.0517578125 1090.052734375 1096.41796875 1102.27209472656 1103.05834960938 1105.13452148438 1107.81030273438 1113.60900878906 1119.82629394531 1121.82312011719 1124.40026855469 1127.70983886719 1130.36340332031 1131.93383789062 1135.33349609375 1139.423828125 1141.55810546875 1144.0380859375 1145.36120605469 1151.87463378906 1154.02807617188 1157.12719726562 1163.67065429688 1166.22778320312 1169.00549316406 1172.76318359375 1174.29846191406 1179.40966796875 1184.14758300781 1186.68627929688 1188.30383300781 1191.45593261719 1195.02001953125 1197.201171875 1201.87390136719 1204.08337402344 1205.85241699219 1209.44982910156 1212.75341796875
1026.55297851562 1035.21350097656 1044.18395996094 1050.83276367188 1058.27978515625 1062.60412597656 1068.49548339844 1076.45300292969 1079.66784667969 1084.30310058594 1086.69384765625 1088.90002441406 1095.08898925781 1101.85034179688 1102.45336914062 1104.75402832031 1107.3505859375 1111.45666503906 1118.92309570312 1122.60681152344 1124.640625 1126.61669921875 1129.16137695312 1132.58349609375 1134.0927734375 -3.4e+38 1142.4208984375 1145.19189453125 1145.55883789062 1152.00695800781 1154.1064453125 1157.09838867188 1160.23120117188 1167.04272460938 1171.01171875 1174.08581542969 1174.95751953125 1178.03564453125 1181.826171875 1188.22875976562 1190.4287109375 1193.26147460938 1195.83776855469 1197.32885742188 1200.5224609375 1203.26721191406 1208.43432617188 1210.07055664062 1213.12622070312
1024.65649414062 1031.7236328125 1040.70837402344 1047.91589355469 1052.23901367188 1058.54028320312 1065.22509765625 1073.41186523438 1077.72485351562 1080.90356445312 1083.12316894531 1087.85168457031 1093.41003417969 1097.93627929688 1101.9775390625 1104.21142578125 1106.59265136719 1109.60168457031 1115.9189453125 1121.44750976562 1124.12072753906 1127.0517578125 1129.07849121094 1131.45263671875 1134.47729492188 1136.32299804688 1140.689453125 1143.91381835938 1144.89538574219 1151.52087402344 1155.3759765625 1157.31298828125 1158.77075195312 1164.01684570312 1167.49853515625 1173.99645996094 1176.07836914062 1178.4638671875 1180.77709960938 1184.77868652344 1190.04370117188 1194.35314941406 1195.85473632812 1197.76818847656 1199.99047851562 1202.34130859375 1208.98205566406 1209.37561035156 1213.90466308594
1018.18359375 1025.60083007812 1034.16638183594 1040.37878417969 1045.51818847656 1051.97900390625 1057.56457519531 1068.56689453125 1071.17407226562 1073.74365234375 1080.42407226562 1083.72802734375 1091.58801269531 1094.77185058594 1096.66174316406 1099.71838378906 1102.22155761719 1105.32189941406 1112.76525878906 1117.20812988281 1119.47570800781 1124.0966796875 1129.69470214844 1131.37573242188 1134.61474609375 1139.92749023438 1140.65979003906 1140.73510742188 1143.39270019531 1148.96069335938 1152.89294433594 1156.8369140625 1162.09313964844 1166.19165039062 1167.34753417969 1169.68298339844 1171.654296875 1176.10693359375 1179.09411621094 1185.78735351562 1189.71667480469 1197.07092285156 1196.14587402344 1196.85119628906 1202.47119140625 1203.37219238281 1206.07470703125 1212.54711914062 1213.80969238281
1017.11541748047 1023.49792480469 1029.80285644531 1036.45654296875 1042.61218261719 1048.77355957031 1052.630859375 1063.90209960938 1068.86950683594 1071.80810546875 1079.52697753906 1082.72094726562 1087.1494140625 1093.38146972656 1095.65844726562 1099.01440429688 1100.82153320312 1103.13989257812 1110.38891601562 1115.58679199219 1120.205078125 1122.36572265625 1126.9912109375 1131.18933105469 1134.01403808594 1140.048828125 1140.90112304688 1140.23291015625 1143.16381835938 1149.43103027344 1152.50561523438 1157.40869140625 1164.3994140625 1166.42810058594 1167.86096191406 1170.13830566406 1173.556640625 1174.22387695312 1177.95703125 1184.20458984375 1188.04943847656 1198.33618164062 1198.20727539062 1198.92004394531 1202.37536621094 1203.28112792969 1205.26025390625 1210.8740234375 1213.77856445312
1013.29406738281 1019.13891601562 1026.41687011719 1033.8564453125 1040.85729980469 1045.21411132812 1050.267578125 1061.41540527344 -3.4e+38 -3.4e+38 1075.76452636719 1082.04724121094 1085.19750976562 1089.43762207031 1092.54833984375 1097.69555664062 1100.19787597656 1103.03540039062 1109.15478515625 1114.830078125 1118.88354492188 1121.23510742188 1124.50061035156 1128.50036621094 1132.34118652344 1138.69714355469 1140.36889648438 -3.4e+38 1144.11938476562 -3.4e+38 1151.76000976562 1155.66870117188 1164.07739257812 1168.6845703125 1169.70300292969 1171.99291992188 1174.24548339844 1176.97241210938 -3.4e+38 1182.91552734375 1185.9267578125 1194.87280273438 1198.23193359375 1199.66442871094 1200.75732421875 1201.55346679688 1204.37634277344 1211.15600585938 1214.18444824219
1011.60192871094 1017.37731933594 1025.51171875 1029.92785644531 1036.58239746094 1042.244140625 1046.75305175781 -3.4e+38 -3.4e+38 -3.4e+38 1072.47863769531 1076.57849121094 1081.92956542969 1087.03076171875 1090.91943359375 1094.54907226562 1099.35705566406 1103.27087402344 1108.7421875 1111.703125 1115.46728515625 1121.1865234375 1125.06994628906 1127.123046875 1130.47509765625 1134.80529785156 1137.26770019531 1137.43371582031 1145.47692871094 1149.33239746094 1152.02307128906 1157.12255859375 1162.21533203125 1168.41040039062 1171.99230957031 1171.97155761719 1173.53881835938 1180.19274902344 1182.0693359375 1181.5185546875 1186.23034667969 1194.22619628906 1197.89794921875 1198.60571289062 -3.4e+38 1202.20776367188 1204.53576660156 1210.69213867188 1213.54833984375
1008.42926025391 1015.88922119141 1022.25958251953 1027.85864257812 1033.62927246094 1038.07751464844 -3.4e+38 -3.4e+38 -3.4e+38 -3.4e+38 1068.42260742188 1074.14099121094 1080.05236816406 1083.47961425781 1089.28405761719 1092.29565429688 1096.10083007812 1101.65795898438 1109.23742675781 1110.66833496094 1114.25109863281 1118.40148925781 1123.66357421875 1127.64489746094 1130.30493164062 1133.61596679688 1136.3095703125 1137.47937011719 1142.8671875 1147.44641113281 1150.38037109375 1159.24914550781 1162.48974609375 1167.40881347656 1171.15563964844 1172.13244628906 1174.41784667969 1179.087890625 1180.61279296875 1181.13171386719 1186.23522949219 1196.12316894531 1198.32165527344 1200.16564941406 1202.02099609375 1204.92541503906 1205.61376953125 1209.87841796875 1213.69897460938
1006.99865722656 1011.60662841797 1019.72900390625 1026.86303710938 1030.40710449219 1036.0146484375 -3.4e+38 -3.4e+38 -3.4e+38 -3.4e+38 1065.72387695312 1070.51416015625 1077.77661132812 1081.02453613281 1084.79211425781 1091.45422363281 1095.08337402344 1098.91711425781 1107.4326171875 1110.138671875 1112.95202636719 1115.88403320312 1120.95153808594 1125.09509277344 1128.98217773438 1133.60473632812 1136.3154296875 1137.5390625 1141.25244140625 1147.28295898438 1150.34887695312 1156.20568847656 1163.16467285156 1167.49926757812 1170.41760253906 1173.98583984375 1176.45874023438 1178.58264160156 1180.53149414062 1182.37634277344 1185.34912109375 1195.11865234375 1198.59130859375 1199.50207519531 1201.27319335938 1203.26879882812 1205.47717285156 1208.50366210938 1212.49572753906
1003.84442138672 1010.68249511719 1016.83752441406 1022.58251953125 1028.17724609375 1034.76171875 1038.48364257812 -3.4e+38 1055.28149414062 -3.4e+38 1061.94299316406 1067.94677734375 1072.45300292969 1079.04699707031 1083.39831542969 1087.49230957031 1093.80017089844 1096.20458984375 1103.44689941406 1107.58703613281 1113.45642089844 1115.68420410156 1119.63452148438 1123.53283691406 1126.97302246094 1131.38500976562 1136.68420410156 1138.45568847656 1141.56884765625 1148.44384765625 1151.66333007812 1154.01379394531 1162.16223144531 1167.26184082031 1170.23681640625 1175.15112304688 1177.63195800781 1180.04479980469 1180.71044921875 1183.404296875 1185.97229003906 1194.21911621094 1198.33862304688 1199.99145507812 1201.84118652344 1204.21936035156 1206.26049804688 1209.2080078125 1212.28344726562
