rcp4.5models/GFDL_CM3/sc1gr10.15
NCOLS 261 
NROWS 433 
XLLCORNER 336357.134 
YLLCORNER 654653.479 
CELLSIZE 1000 
NODATA_value -3.4e+38 
[rows 264 to 285 of 433, columns 49 to 97 of 261]
713.542175292969 714.850280761719 714.69287109375 714.330322265625 714.714294433594 715.064453125 714.374206542969 715.468933105469 715.567016601562 715.882507324219 716.485656738281 716.942993164062 716.691772460938 717.537170410156 718.944580078125 719.82666015625 721.016845703125 720.926025390625 723.465698242188 723.614135742188 721.686767578125 721.00390625 721.603576660156 722.055541992188 722.604187011719 723.55859375 723.032775878906 719.820678710938 718.739685058594 718.827209472656 719.190063476562 720.228393554688 720.093994140625 718.394409179688 717.185180664062 716.571716308594 717.748596191406 717.856689453125 715.993225097656 715.26318359375 714.78466796875 714.229187011719 714.615112304688 714.765258789062 713.885314941406 712.249328613281 715.592468261719 716.770935058594 716.976440429688
714.431701660156 715.416076660156 716.327209472656 716.678466796875 717.054138183594 715.927429199219 715.709045410156 717.963012695312 717.633178710938 716.429626464844 716.935485839844 717.892761230469 719.215393066406 719.606750488281 718.950256347656 719.890625 721.111755371094 721.490661621094 725.769104003906 726.052124023438 723.917846679688 723.353393554688 723.612548828125 723.725891113281 724.25830078125 725.086059570312 724.481994628906 721.757629394531 719.922790527344 720.473449707031 719.565673828125 719.847534179688 720.547668457031 720.331604003906 719.19970703125 718.705200195312 719.243103027344 718.437561035156 716.607482910156 716.072448730469 716.438293457031 714.290283203125 714.373291015625 715.015625 714.808654785156 714.063720703125 715.3427734375 716.326049804688 722.652709960938
716.93701171875 717.91357421875 719.112670898438 719.450378417969 719.654296875 719.281799316406 719.330322265625 722.039794921875 723.180480957031 724.306030273438 723.747497558594 721.185485839844 721.873779296875 722.07275390625 722.000366210938 721.760925292969 722.684753417969 724.694885253906 727.20458984375 726.973754882812 726.258544921875 727.148864746094 726.234985351562 726.112121582031 728.182922363281 728.710144042969 726.89306640625 725.167236328125 723.099548339844 723.395751953125 723.594848632812 723.233093261719 722.911315917969 723.029113769531 723.47607421875 722.879150390625 720.242797851562 719.69921875 718.800842285156 717.545837402344 717.648010253906 715.823303222656 715.636474609375 716.36865234375 719.717224121094 723.88818359375 720.548217773438 716.140563964844 749.525329589844
718.712829589844 719.369995117188 720.421813964844 721.058532714844 721.296203613281 720.54052734375 720.047485351562 723.691345214844 724.028869628906 725.746459960938 727.329711914062 724.993347167969 725.601440429688 725.480224609375 724.359497070312 724.12255859375 724.066833496094 725.793640136719 727.625732421875 727.611145019531 727.91796875 729.450866699219 728.39013671875 727.511535644531 730.075744628906 730.160705566406 726.940307617188 725.578735351562 724.634460449219 724.476013183594 725.59912109375 725.958801269531 725.109680175781 723.96630859375 723.652587890625 723.299072265625 721.539794921875 720.546081542969 719.554382324219 718.227111816406 718.1162109375 716.87060546875 716.21484375 716.3994140625 717.124145507812 718.368713378906 717.017272949219 716.485534667969 740.360473632812
718.67529296875 719.115966796875 720.827758789062 722.817626953125 723.192260742188 721.494812011719 720.902893066406 726.691345214844 725.317810058594 725.708190917969 726.58251953125 726.61669921875 728.518005371094 729.488037109375 728.104248046875 726.756652832031 726.492065429688 726.945617675781 728.723571777344 729.372192382812 730.710388183594 731.154296875 730.052001953125 728.753295898438 731.166259765625 731.959289550781 727.630310058594 726.831604003906 727.307373046875 725.924011230469 726.939086914062 730.238708496094 729.02783203125 724.160095214844 723.874206542969 723.086059570312 722.61474609375 721.979675292969 720.8837890625 719.77197265625 719.46240234375 717.910949707031 716.156188964844 715.868774414062 715.806701660156 715.835571289062 716.083374023438 718.355346679688 762.665832519531
719.184997558594 719.877746582031 722.049987792969 723.647277832031 723.844116210938 722.151489257812 721.576965332031 727.119506835938 725.95751953125 726.624816894531 726.499389648438 726.952453613281 728.5302734375 730.538391113281 731.021789550781 730.0986328125 729.097778320312 728.786987304688 730.99267578125 732.412536621094 732.899353027344 732.107116699219 730.767578125 730.430603027344 732.640930175781 732.713989257812 728.737609863281 728.744567871094 729.463439941406 728.223449707031 728.062377929688 731.200317382812 729.581665039062 725.447082519531 725.696533203125 724.697509765625 723.605834960938 722.551208496094 721.96044921875 721.596496582031 720.809204101562 719.873840332031 718.932922363281 717.104797363281 717.827819824219 719.010925292969 719.40283203125 717.770629882812 754.20458984375
719.508178710938 720.605407714844 721.9990234375 723.149230957031 723.196411132812 722.890563964844 723.364196777344 726.768371582031 726.0087890625 726.87109375 727.266052246094 727.190490722656 729.11474609375 731.4384765625 733.406982421875 734.93359375 733.938903808594 731.413452148438 734.116821289062 735.1455078125 734.598266601562 733.01171875 732.532836914062 732.25341796875 733.828308105469 733.325866699219 730.7548828125 730.805969238281 731.787109375 729.723083496094 729.06787109375 730.269958496094 729.369323730469 727.897644042969 727.496948242188 726.530883789062 725.1103515625 723.491149902344 722.78759765625 722.238647460938 721.208984375 722.544738769531 724.536926269531 722.137634277344 721.790100097656 721.866821289062 719.735412597656 716.652465820312 739.633544921875
847.189086914062 813.77490234375 850.351928710938 723.651123046875 723.015686035156 815.975341796875 853.773559570312 727.626159667969 727.152099609375 727.957458496094 728.902160644531 729.516723632812 731.23193359375 732.793151855469 735.08447265625 738.250793457031 739.966430664062 737.261047363281 736.784118652344 737.213195800781 736.545166015625 735.434814453125 733.750061035156 733.772277832031 734.817810058594 734.3759765625 733.29052734375 733.452087402344 733.869018554688 732.138671875 731.172790527344 732.118774414062 732.71240234375 731.143859863281 729.591064453125 727.90673828125 726.981567382812 725.406066894531 724.4013671875 723.366577148438 722.338745117188 723.422973632812 725.748291015625 724.619689941406 722.300537109375 720.32421875 718.1171875 717.409851074219 733.976379394531
879.507263183594 896.991882324219 787.39111328125 722.541381835938 723.017333984375 866.838562011719 1015.56103515625 854.794189453125 818.777770996094 855.944152832031 731.73828125 732.872192382812 733.130554199219 821.516906738281 859.873962402344 739.4189453125 743.096618652344 743.407043457031 738.881286621094 738.060546875 738.23291015625 738.621032714844 736.786560058594 736.0458984375 736.217468261719 735.721618652344 735.746398925781 736.361633300781 735.96923828125 735.233215332031 733.333618164062 734.892150878906 739.44482421875 739.240783691406 737.938781738281 736.930603027344 728.801391601562 727.5087890625 726.889465332031 725.950744628906 724.701049804688 724.142150878906 726.280883789062 725.484985351562 720.489624023438 719.202819824219 718.533203125 718.042663574219 730.1083984375
769.779174804688 884.111572265625 946.948486328125 850.96923828125 723.022766113281 869.048950195312 1066.62683105469 797.802795410156 780.716125488281 802.323913574219 733.386169433594 734.346618652344 734.430847167969 786.428039550781 810.639709472656 741.464477539062 833.419555664062 873.488464355469 863.056823730469 739.315368652344 740.567993164062 821.723388671875 856.711242675781 737.989013671875 737.676940917969 737.795288085938 816.054565429688 853.760009765625 740.201843261719 737.835327148438 736.133483886719 736.697937011719 743.57568359375 746.22021484375 741.272827148438 740.885131835938 730.910705566406 729.53369140625 729.223266601562 728.280517578125 726.905029296875 725.334350585938 725.400268554688 724.403625488281 722.0546875 721.97119140625 720.006042480469 718.994445800781 727.940307617188
721.733520507812 872.579406738281 972.175354003906 889.186401367188 951.549743652344 1003.41943359375 1073.85583496094 952.79248046875 859.923461914062 734.331237792969 827.653137207031 862.253051757812 826.75341796875 952.543640136719 864.282836914062 743.078674316406 798.486328125 907.387878417969 817.152160644531 825.809387207031 862.511962890625 793.944946289062 815.37255859375 740.904968261719 740.51904296875 740.941101074219 870.832702636719 1010.29846191406 936.5625 740.345092773438 739.72705078125 738.745971679688 742.329711914062 745.389221191406 739.921997070312 737.763305664062 733.032775878906 731.421081542969 731.150146484375 730.222106933594 728.945617675781 726.065673828125 724.277893066406 723.760559082031 723.794677734375 723.531860351562 721.993347167969 720.76318359375 721.92138671875
722.094421386719 875.291137695312 1023.25115966797 1007.49127197266 980.209533691406 853.868957519531 952.292846679688 984.334838867188 805.3564453125 829.709777832031 1010.07940673828 1029.28649902344 1010.37707519531 1082.73449707031 938.776794433594 831.289611816406 868.881713867188 800.008972167969 743.450866699219 796.657043457031 903.811401367188 864.859924316406 744.237426757812 743.263916015625 742.955688476562 743.340759277344 795.455932617188 870.923950195312 872.238891601562 742.4326171875 743.211181640625 742.627746582031 741.209777832031 741.621520996094 741.769714355469 740.413146972656 734.85205078125 733.292602539062 733.095153808594 732.254455566406 730.922058105469 727.534057617188 725.677429199219 725.594665527344 725.503173828125 724.803161621094 723.63134765625 722.978149414062 722.843139648438
824.418029785156 1007.85754394531 977.014770507812 948.357055664062 929.265075683594 732.376647949219 883.047424316406 1031.56640625 960.717590332031 1012.61956787109 1085.04809570312 1087.54736328125 1088.845703125 995.439147949219 906.562744140625 1013.30474853516 1036.47729492188 873.265625 865.732421875 747.056335449219 801.540893554688 907.202819824219 949.107482910156 864.449951171875 747.01806640625 746.407348632812 746.300170898438 746.676391601562 746.462707519531 745.819702148438 748.690246582031 823.46435546875 853.579650878906 741.524353027344 744.459838867188 750.570556640625 745.885131835938 736.321228027344 735.130615234375 734.24951171875 733.09619140625 729.593505859375 728.001220703125 728.140197753906 727.861633300781 727.348693847656 726.2265625 725.862182617188 725.761474609375
776.677795410156 845.374450683594 795.240661621094 781.636169433594 899.047058105469 961.385437011719 915.666442871094 957.610717773438 1088.48596191406 1088.49914550781 1089.73522949219 997.79296875 871.898620605469 910.790344238281 1016.03057861328 1090.33984375 1091.88647460938 1036.88684082031 1032.32177734375 961.16650390625 962.011840820312 925.708679199219 961.079284667969 942.343383789062 749.485961914062 749.473815917969 749.49951171875 831.915161132812 866.914306640625 941.990600585938 865.974243164062 801.849853515625 821.261596679688 743.736755371094 744.5673828125 748.282836914062 746.396057128906 739.595764160156 738.53759765625 737.799133300781 736.030639648438 731.184387207031 730.657775878906 730.805786132812 730.382385253906 729.947692871094 729.440124511719 728.702453613281 727.840881347656
1085.39904785156 1086.94055175781 1087.78637695312 1088.48645019531 1090.46301269531 1092.24426269531 1093.82543945312 1096.83911132812 1099.13854980469 1099.70532226562 1101.4375 1047.33276367188 932.954895019531 823.762145996094 803.83251953125 972.854858398438 1099.32556152344 1098.75561523438 1098.89184570312 1097.78747558594 953.694213867188 897.742370605469 1098.23059082031 1045.73156738281 878.659118652344 756.850463867188 756.394592285156 756.992858886719 895.511840820312 949.963684082031 755.971801757812 886.316833496094 1018.58123779297 861.737670898438 749.632690429688 748.602233886719 746.99169921875 745.80078125 744.849060058594 743.1337890625 741.798828125 737.212036132812 736.630676269531 737.807861328125 736.451965332031 735.214477539062 735.292663574219 733.822448730469 732.13623046875
1088.88989257812 1091.19799804688 1092.10522460938 1092.49194335938 1094.30920410156 1097.94763183594 1100.64904785156 1100.04467773438 1101.724609375 1101.68017578125 1103.91394042969 1106.92395019531 953.094848632812 750.893005371094 847.0830078125 1031.37121582031 1106.2734375 1106.45385742188 982.158081054688 1104.98388671875 958.936767578125 904.737426757812 1019.27197265625 900.100158691406 927.712341308594 880.430969238281 844.549682617188 879.1884765625 816.448120117188 955.166442871094 758.588745117188 890.326538085938 1078.26416015625 944.650512695312 752.459777832031 751.110290527344 749.134216308594 748.428100585938 747.804565429688 746.451538085938 743.571228027344 737.653076171875 738.083435058594 737.889465332031 735.874816894531 735.670166015625 738.943725585938 737.418090820312 734.890869140625
1091.87524414062 1094.58837890625 1095.61364746094 1098.08227539062 1100.83044433594 1104.04650878906 1105.30688476562 1104.65844726562 1105.65490722656 1105.95861816406 1108.49169921875 1110.96813964844 955.496704101562 752.915161132812 908.878784179688 1116.56909179688 1116.560546875 1114.30554199219 1037.62963867188 1112.73913574219 1054.8486328125 1034.61608886719 1056.45471191406 891.235290527344 913.132629394531 965.382934570312 820.679992675781 843.120910644531 764.552551269531 1040.92858886719 957.955444335938 929.707885742188 972.484985351562 1030.41735839844 869.640380859375 752.563598632812 826.310302734375 861.531188964844 824.689147949219 857.534545898438 744.941162109375 738.574279785156 738.626281738281 736.344055175781 736.712341308594 737.501770019531 740.927490234375 740.333618164062 738.22314453125
1094.8359375 1097.01977539062 1099.90063476562 1102.94165039062 1105.01696777344 1108.32604980469 1109.18286132812 1110.79541015625 1112.7900390625 1112.90600585938 1113.86376953125 1114.63879394531 1058.71789550781 886.873229980469 915.864013671875 1124.17297363281 1124.89379882812 1121.30725097656 1122.15197753906 1121.63610839844 1119.30358886719 1118.6357421875 1118.5634765625 1061.67993164062 950.339782714844 939.419494628906 980.451843261719 975.454345703125 973.281372070312 901.865234375 981.796936035156 958.583557128906 900.483337402344 1011.03686523438 918.433044433594 870.914855957031 807.560668945312 909.0986328125 991.998779296875 939.5361328125 822.540100097656 739.442932128906 739.396484375 737.336669921875 739.285949707031 806.357421875 842.310852050781 743.2841796875 741.100341796875
1100.90124511719 1102.27258300781 1101.97619628906 1106.37097167969 1109.80078125 1112.16967773438 1113.51782226562 1118.283203125 1118.84228515625 1119.05578613281 1118.95263671875 1120.25634765625 1126.48864746094 1076.51086425781 959.076721191406 1002.25378417969 1130.69213867188 1129.5126953125 1130.3505859375 1128.7548828125 1130.75073242188 1129.69921875 1125.21520996094 1123.76501464844 1067.32360839844 959.29638671875 1002.00872802734 1118.755859375 1115.74584960938 773.388549804688 913.127014160156 1049.43823242188 941.619445800781 845.235656738281 817.862426757812 919.417541503906 948.958251953125 1001.10534667969 1076.79357910156 1019.2724609375 989.707458496094 819.783264160156 853.791320800781 739.224548339844 739.805786132812 792.144409179688 820.921020507812 746.473205566406 742.989318847656
1105.51513671875 1107.43713378906 1106.27001953125 1110.23718261719 1114.28479003906 1116.60363769531 1118.45715332031 1125.1796875 1125.35668945312 1126.51550292969 1125.42077636719 1125.93505859375 1133.13732910156 1142.30053710938 1084.03894042969 1061.24975585938 1136.70483398438 1136.46704101562 1138.68139648438 1141.53637695312 1143.94580078125 1141.33068847656 1135.2353515625 1039.07507324219 1011.52191162109 1078.16101074219 1051.16125488281 1038.89636230469 1003.07104492188 985.791442871094 1043.29211425781 1031.64172363281 936.528259277344 969.104736328125 964.310363769531 934.348266601562 976.348388671875 1086.94592285156 1006.49951171875 890.201110839844 883.140502929688 879.744934082031 1018.53051757812 858.384704589844 746.882202148438 745.632263183594 749.907409667969 815.069580078125 844.948120117188
1111.25476074219 1111.96325683594 1111.47802734375 1113.72485351562 1117.12255859375 1120.20422363281 1122.29248046875 1128.5322265625 1131.05578613281 1133.79064941406 1135.70129394531 1133.31225585938 1135.00439453125 1142.66223144531 1146.23046875 1144.91711425781 1143.27392578125 1143.16748046875 1144.85241699219 1151.69396972656 1151.58654785156 1146.16198730469 1142.42260742188 1082.02258300781 1062.21936035156 1141.29821777344 1138.60266113281 1075.30932617188 1051.91772460938 1012.11859130859 1131.82092285156 1065.70397949219 1037.03674316406 1114.86120605469 1111.58532714844 967.440673828125 905.432678222656 1095.65161132812 1032.19580078125 944.136169433594 936.013305664062 1000.52758789062 1011.35241699219 844.568664550781 758.691040039062 751.227478027344 753.45068359375 801.380859375 891.384399414062
1116.24731445312 1116.93359375 1117.40393066406 1119.29370117188 1121.34399414062 1123.70422363281 1125.27490234375 1133.48583984375 1138.171875 1143.41772460938 1145.63073730469 1142.70056152344 1142.04663085938 1154.69287109375 1170.34313964844 1163.88586425781 1154.41589355469 1154.23010253906 1151.48266601562 1158.69189453125 1159.15698242188 1151.91784667969 1150.75805664062 1151.53112792969 1151.38806152344 1149.82397460938 1147.39135742188 1054.259765625 929.421630859375 1059.24108886719 1143.08605957031 1136.68798828125 1127.24755859375 1124.20239257812 1120.7236328125 1057.36242675781 1028.32873535156 1104.48083496094 1095.83276367188 1085.14697265625 1079.876953125 894.961669921875 840.910400390625 759.542114257812 757.239807128906 756.788146972656 758.033508300781 754.484985351562 804.406982421875
