rcp4.5models/GFDL_CM3/sc1gr5.31
NCOLS 261 
NROWS 433 
XLLCORNER 336357.134 
YLLCORNER 654653.479 
CELLSIZE 1000 
NODATA_value -3.4e+38 
[rows 220 to 241 of 433, columns 147 to 195 of 261]
300.252655029297 300.605560302734 301.026794433594 301.215942382812 300.951354980469 300.162414550781 299.138854980469 301.089508056641 301.888214111328 301.913482666016 301.860198974609 302.318328857422 302.516784667969 302.795471191406 302.876495361328 302.9970703125 303.395477294922 303.774139404297 -3.4e+38 304.274658203125 304.196380615234 304.093292236328 304.819519042969 304.872344970703 304.781097412109 304.410400390625 304.274230957031 304.189422607422 304.177642822266 304.237670898438 304.293090820312 304.014892578125 303.947113037109 303.667694091797 303.279418945312 303.343994140625 303.703247070312 304.202392578125 304.464141845703 304.463806152344 304.595184326172 304.781433105469 304.93701171875 304.774047851562 304.285980224609 304.083740234375 303.493988037109 303.019073486328 303.381561279297
299.86669921875 300.64111328125 301.085083007812 301.097290039062 300.459411621094 299.184509277344 297.883392333984 300.877471923828 301.282684326172 301.594146728516 301.677093505859 302.327484130859 302.670684814453 302.744293212891 302.802795410156 302.964324951172 303.225677490234 303.627685546875 304.118225097656 304.250518798828 304.253112792969 304.280395507812 304.909332275391 304.878631591797 304.444915771484 304.150390625 303.916748046875 303.951141357422 304.138854980469 304.216705322266 304.298492431641 304.200347900391 303.765380859375 303.503295898438 303.170288085938 303.243347167969 303.631896972656 303.915588378906 304.052459716797 304.407257080078 304.637115478516 304.712280273438 304.670745849609 304.457611083984 304.183441162109 303.88037109375 303.384826660156 303.102355957031 303.158294677734
299.827911376953 300.293548583984 300.590209960938 300.787384033203 300.321990966797 299.512664794922 299.261535644531 300.710845947266 300.925415039062 301.573211669922 301.624908447266 302.468109130859 302.770294189453 302.836944580078 302.951782226562 302.978485107422 303.15185546875 303.768829345703 303.813049316406 303.808319091797 304.254974365234 304.312683105469 304.723815917969 304.523864746094 303.941772460938 303.626190185547 302.934112548828 303.637847900391 304.169281005859 304.225677490234 304.337554931641 304.025939941406 303.356201171875 302.843505859375 302.715759277344 302.924926757812 303.159820556641 303.449829101562 303.616363525391 304.043914794922 304.640625 304.785125732422 304.610626220703 304.187652587891 303.989013671875 303.543243408203 303.303680419922 302.901489257812 302.648010253906
299.820068359375 300.095489501953 300.444702148438 300.472961425781 300.0947265625 299.481292724609 299.827392578125 300.756805419922 301.191040039062 301.6259765625 301.752563476562 302.490203857422 302.777618408203 302.943542480469 303.115966796875 303.001739501953 303.243041992188 303.773651123047 303.360748291016 303.838500976562 304.260711669922 304.286315917969 304.113586425781 304.256896972656 303.698333740234 303.019683837891 302.429565429688 303.594421386719 304.029663085938 303.664611816406 303.921325683594 303.976348876953 303.370178222656 302.661376953125 302.508270263672 302.684539794922 303.124450683594 303.385406494141 303.757049560547 304.095764160156 304.537261962891 304.693969726562 304.614929199219 304.169799804688 303.883056640625 303.269805908203 303.028961181641 302.462036132812 302.464538574219
299.946533203125 300.260650634766 300.378875732422 300.239074707031 299.035003662109 297.504425048828 298.905456542969 300.671936035156 301.041564941406 301.626373291016 301.759613037109 302.290100097656 302.566101074219 302.736267089844 302.905029296875 302.802520751953 302.934722900391 303.270935058594 303.079406738281 303.761962890625 304.114074707031 304.178619384766 303.447723388672 303.710388183594 303.48388671875 303.010375976562 302.727600097656 303.658355712891 304.114074707031 303.601684570312 303.425323486328 303.662445068359 303.461456298828 302.958709716797 302.741241455078 302.952423095703 303.549713134766 303.512268066406 303.978759765625 304.482086181641 304.558410644531 304.609405517578 304.512420654297 304.032531738281 303.760650634766 303.137359619141 302.769927978516 302.405975341797 302.956756591797
299.976440429688 300.346801757812 300.186004638672 299.822967529297 298.321075439453 296.750274658203 298.987670898438 300.655700683594 300.817840576172 301.483062744141 301.509002685547 302.106689453125 302.214935302734 302.41064453125 302.672546386719 302.501800537109 302.402587890625 302.955810546875 302.961730957031 303.433471679688 304.080322265625 304.132965087891 303.598083496094 303.567108154297 303.562255859375 303.306121826172 303.087615966797 303.630035400391 303.886688232422 303.670379638672 303.328063964844 303.380920410156 303.463439941406 303.140289306641 302.850860595703 303.057342529297 303.587127685547 303.656005859375 303.951751708984 304.412048339844 304.497833251953 304.643035888672 304.383880615234 303.794830322266 303.718475341797 303.1064453125 302.799041748047 302.513488769531 303.404357910156
299.908081054688 300.006072998047 299.785125732422 299.285034179688 298.399139404297 297.837158203125 299.782867431641 300.619232177734 300.666687011719 300.846771240234 301.024017333984 302.113830566406 302.264282226562 302.313079833984 302.468444824219 302.49560546875 302.244201660156 302.606811523438 302.931457519531 303.341796875 304.161193847656 304.047576904297 303.444915771484 303.509979248047 303.4892578125 302.979125976562 302.987823486328 303.261016845703 303.233093261719 303.242889404297 303.248352050781 303.3056640625 303.239440917969 302.921722412109 302.891906738281 303.008148193359 303.171752929688 303.479797363281 303.732482910156 304.031555175781 304.258422851562 304.294860839844 303.896575927734 303.646606445312 303.551055908203 303.111114501953 302.824523925781 302.4716796875 303.317932128906
299.906524658203 299.413604736328 298.496795654297 297.653442382812 297.788116455078 297.302612304688 299.475128173828 300.569213867188 300.551574707031 300.525817871094 301.013916015625 302.019683837891 302.365234375 302.314605712891 302.406494140625 302.51123046875 302.057220458984 302.08349609375 302.856597900391 303.184844970703 304.078521728516 303.859954833984 303.060028076172 303.136810302734 303.049163818359 302.588012695312 302.666748046875 303.041107177734 303.102813720703 303.093933105469 302.85009765625 302.694610595703 302.648712158203 302.649597167969 303.043853759766 303.386993408203 303.341064453125 303.551666259766 303.646484375 303.775146484375 303.928894042969 303.817230224609 303.493743896484 303.36328125 303.016815185547 303.039337158203 302.820587158203 302.696655273438 303.139434814453
299.58642578125 298.755401611328 296.689086914062 294.662872314453 295.957763671875 295.6650390625 298.900604248047 300.004760742188 300.241821289062 300.806121826172 301.391632080078 301.951049804688 302.136901855469 302.110870361328 302.308685302734 302.320129394531 301.921508789062 302.000549316406 302.83203125 303.108795166016 303.588439941406 303.522216796875 302.861846923828 302.596252441406 302.671295166016 302.455932617188 302.482940673828 302.746246337891 302.617584228516 302.628143310547 302.397888183594 302.214874267578 302.268280029297 302.567047119141 302.94921875 303.301391601562 303.562835693359 303.764770507812 303.620361328125 303.466979980469 303.463195800781 303.587738037109 303.481719970703 303.414245605469 303.090972900391 302.968322753906 302.856292724609 302.670959472656 302.861938476562
299.176239013672 298.322143554688 295.777008056641 293.003387451172 293.883270263672 293.707672119141 298.070648193359 299.486877441406 299.900604248047 300.935668945312 301.470520019531 301.742034912109 301.691253662109 301.632293701172 302.128631591797 302.246215820312 302.086242675781 302.078826904297 302.718933105469 303.002410888672 303.114471435547 303.112579345703 302.742919921875 302.626831054688 302.580596923828 302.263824462891 302.204742431641 301.936920166016 301.871887207031 302.160614013672 302.189544677734 302.131896972656 302.308441162109 302.411743164062 302.597747802734 302.906555175781 303.322875976562 303.478179931641 303.521942138672 303.334991455078 303.245971679688 303.490173339844 303.580871582031 303.657897949219 303.461486816406 303.138122558594 302.841247558594 302.507965087891 302.367462158203
298.599334716797 298.103912353516 296.310913085938 293.893859863281 292.780853271484 292.773040771484 297.882659912109 299.370025634766 299.934539794922 300.764434814453 301.146423339844 301.244079589844 301.281616210938 301.644470214844 302.104431152344 302.218688964844 301.996917724609 301.823089599609 302.410064697266 302.838562011719 302.926177978516 302.815704345703 302.832305908203 302.584625244141 302.285369873047 301.932495117188 301.736175537109 301.623626708984 301.760650634766 301.703857421875 301.642517089844 301.767791748047 301.865570068359 302.043518066406 302.484405517578 302.845458984375 303.053436279297 303.110046386719 303.299713134766 303.155914306641 303.015014648438 303.448059082031 303.611175537109 303.427337646484 303.020294189453 302.999450683594 302.675384521484 302.186218261719 302.008819580078
298.142669677734 296.377014160156 293.54638671875 291.125061035156 288.533569335938 294.102508544922 296.766632080078 299.114471435547 299.902191162109 300.291198730469 300.539367675781 300.728851318359 301.177673339844 301.590393066406 301.942291259766 302.033874511719 301.616882324219 300.980743408203 301.438690185547 301.474060058594 302.009002685547 302.594909667969 303.088836669922 302.825134277344 302.367614746094 302.291595458984 302.058776855469 301.854705810547 301.706756591797 301.355926513672 300.942596435547 300.989624023438 301.0703125 301.481719970703 301.639953613281 301.686309814453 302.010711669922 302.241333007812 302.851013183594 302.713836669922 301.974609375 302 302.718902587891 303.341735839844 303.019073486328 302.703338623047 302.683868408203 302.397369384766 302.171875
297.757476806641 296.095458984375 293.839416503906 290.4580078125 285.645812988281 291.064270019531 295.28515625 298.576904296875 299.539672851562 299.911315917969 299.972717285156 300.603088378906 300.692962646484 301.125061035156 301.716918945312 302.070007324219 301.672973632812 300.9912109375 301.080932617188 301.338043212891 302.074737548828 302.543395996094 302.924072265625 302.641052246094 302.304321289062 302.126647949219 301.979064941406 301.651336669922 301.143310546875 301.011779785156 300.981048583984 300.541839599609 300.451446533203 301.115509033203 300.901458740234 301.714172363281 -3.4e+38 -3.4e+38 302.318450927734 302.061309814453 301.560516357422 301.796081542969 302.552642822266 303.273986816406 303.198364257812 302.806549072266 302.708068847656 302.405151367188 302.207153320312
297.694641113281 296.652465820312 295.711334228516 292.706024169922 289.453369140625 293.980834960938 296.841217041016 298.507690429688 299.332061767578 299.69873046875 299.725006103516 300.575134277344 300.960540771484 300.861480712891 301.384857177734 -3.4e+38 301.942779541016 301.565979003906 301.113433837891 301.446472167969 302.018890380859 302.323181152344 302.442810058594 302.387451171875 301.912902832031 301.736938476562 301.702331542969 301.494445800781 300.201263427734 299.988250732422 300.898956298828 300.418029785156 300.250915527344 301.083099365234 300.961303710938 301.587768554688 302.163635253906 -3.4e+38 -3.4e+38 301.488067626953 301.555236816406 302.182434082031 302.648773193359 303.105834960938 302.743133544922 302.439544677734 302.550445556641 302.298736572266 302.138977050781
297.422607421875 295.752716064453 295.390319824219 293.977478027344 294.089691162109 297.105041503906 298.344512939453 298.893646240234 299.575653076172 299.825469970703 300.282257080078 300.5224609375 300.965637207031 301.169982910156 301.502685546875 301.852600097656 301.851623535156 301.403839111328 301.087890625 301.278839111328 301.647552490234 301.990966796875 301.991333007812 302.129333496094 301.841369628906 301.454956054688 301.226440429688 301.272521972656 300.019470214844 299.053924560547 300.325408935547 300.436950683594 300.235870361328 301.081176757812 301.281616210938 301.453765869141 302.015258789062 -3.4e+38 301.634063720703 301.277679443359 301.824951171875 302.483001708984 302.779510498047 302.970550537109 302.607330322266 301.839599609375 302.104095458984 302.275146484375 302.094024658203
297.468566894531 295.730072021484 294.631164550781 292.950042724609 293.769958496094 297.043548583984 298.547119140625 298.907196044922 299.577209472656 299.924743652344 300.107696533203 300.475311279297 300.782684326172 301.339569091797 301.328704833984 -3.4e+38 301.581970214844 301.090362548828 300.951812744141 301.068267822266 301.48779296875 301.883270263672 301.750305175781 301.722503662109 301.760894775391 301.557769775391 301.104400634766 301.183929443359 300.084381103516 298.357147216797 299.684600830078 300.016754150391 300.122894287109 301.071472167969 301.264587402344 301.45458984375 -3.4e+38 301.767272949219 301.137817382812 301.125793457031 301.511047363281 302.278747558594 302.683898925781 302.703674316406 302.559722900391 301.276550292969 301.229888916016 301.787536621094 301.970001220703
297.509033203125 295.691040039062 293.082183837891 289.531066894531 291.024749755859 297.330017089844 298.321655273438 298.691436767578 299.134704589844 299.406402587891 299.599822998047 300.451873779297 300.614105224609 300.862182617188 300.852325439453 301.191040039062 301.48388671875 301.043914794922 300.675109863281 300.817504882812 301.209197998047 301.459655761719 301.417724609375 301.663940429688 301.748291015625 301.520782470703 301.026702880859 300.885345458984 299.734313964844 298.363647460938 299.486053466797 299.737945556641 300.068542480469 300.807800292969 301.218414306641 301.4443359375 -3.4e+38 299.800231933594 298.267395019531 299.445953369141 300.602966308594 301.968139648438 302.404052734375 302.382080078125 302.244995117188 301.272338867188 301.077484130859 300.818176269531 300.960174560547
296.951599121094 295.582244873047 292.777893066406 288.7265625 292.062622070312 297.463409423828 298.224853515625 298.824340820312 299.316284179688 299.434417724609 299.764617919922 300.428649902344 300.491668701172 300.610565185547 300.780700683594 301.088470458984 301.280670166016 301.022125244141 300.674011230469 300.787628173828 300.94921875 300.857482910156 301.213470458984 301.718872070312 301.635559082031 301.134674072266 300.661743164062 300.326843261719 299.726501464844 299.098785400391 299.350158691406 299.688568115234 300.124084472656 300.500762939453 301.145812988281 301.390930175781 301.399719238281 298.958099365234 295.219390869141 296.196166992188 300.953277587891 301.818023681641 302.063262939453 302.272918701172 301.952911376953 301.343963623047 300.878875732422 300.415893554688 300.501556396484
296.902587890625 295.505767822266 293.700927734375 292.432861328125 295.368743896484 297.437805175781 298.283294677734 298.684143066406 299.359558105469 299.802642822266 299.856109619141 300.289398193359 300.257507324219 300.640655517578 300.726165771484 300.981384277344 -3.4e+38 300.999633789062 300.693206787109 300.515075683594 300.436401367188 300.278961181641 301.193542480469 301.586395263672 301.308654785156 300.81982421875 300.089569091797 298.828430175781 297.379943847656 298.142486572266 299.227630615234 299.76220703125 300.354919433594 300.816558837891 301.102752685547 301.270050048828 301.099884033203 298.646514892578 293.095642089844 292.456237792969 298.968780517578 301.781982421875 302.005249023438 302.191497802734 -3.4e+38 301.347869873047 301.072479248047 300.865539550781 300.606719970703
296.935760498047 295.443450927734 291.77294921875 289.470367431641 296.333618164062 297.473175048828 298.226379394531 298.638732910156 299.341217041016 299.719909667969 299.733245849609 299.926574707031 299.995910644531 300.588256835938 300.711975097656 300.848022460938 301.159393310547 301.036529541016 300.8330078125 300.567932128906 300.290710449219 299.939178466797 301.175140380859 301.313232421875 300.955261230469 300.721527099609 300.194091796875 298.684509277344 296.765838623047 297.859100341797 299.387573242188 -3.4e+38 300.440246582031 300.845520019531 301.026763916016 301.170257568359 300.78173828125 298.664123535156 294.102264404297 293.384307861328 299.190338134766 301.792694091797 302.013244628906 -3.4e+38 301.535949707031 301.070739746094 301.371520996094 300.651763916016 300.182495117188
296.102264404297 294.312774658203 290.323791503906 287.468933105469 295.992950439453 297.265258789062 298.1201171875 298.614898681641 299.082397460938 299.232696533203 299.438812255859 299.839233398438 300.273193359375 300.569732666016 300.683685302734 300.717010498047 300.914581298828 301.009124755859 300.898895263672 300.883331298828 300.740112304688 300.224639892578 300.743011474609 301.048034667969 300.694305419922 300.258666992188 300.21728515625 299.761840820312 298.98828125 298.929382324219 299.319885253906 299.598236083984 299.92041015625 300.178039550781 300.780670166016 300.809356689453 300.24853515625 299.610900878906 298.147308349609 297.222869873047 299.254791259766 301.749084472656 301.825805664062 -3.4e+38 -3.4e+38 301.110198974609 301.233734130859 300.471771240234 300.430816650391
295.274810791016 291.951995849609 288.449005126953 289.085357666016 294.933502197266 296.352844238281 297.716278076172 298.265960693359 298.786834716797 299.315643310547 299.449768066406 299.979553222656 300.125762939453 300.574920654297 300.609649658203 300.673309326172 300.818603515625 300.90673828125 300.719696044922 300.571716308594 300.749725341797 300.578887939453 300.386993408203 300.861419677734 300.540679931641 299.878051757812 299.995849609375 299.910369873047 299.461212158203 299.056304931641 298.941192626953 299.375640869141 299.432678222656 300.092041015625 300.87744140625 300.6259765625 299.838043212891 299.684967041016 -3.4e+38 -3.4e+38 299.099182128906 301.563873291016 301.383209228516 301.601043701172 301.571166992188 301.047973632812 301.155059814453 300.989532470703 300.554840087891
