rcp4.5models/GFDL_CM3/sc1gr5.39
NCOLS 261 
NROWS 433 
XLLCORNER 336357.134 
YLLCORNER 654653.479 
CELLSIZE 1000 
NODATA_value -9999 
[rows 154 to 175 of 433, columns 100 to 149 of 261]
307.955078125 308.082641601562 307.923187255859 307.860626220703 307.666687011719 307.839630126953 308.015563964844 308.491302490234 308.598724365234 308.688171386719 308.923736572266 308.611663818359 307.759735107422 307.510711669922 307.543823242188 307.567138671875 307.537506103516 307.51611328125 307.467010498047 307.389892578125 306.975067138672 307.178070068359 307.120758056641 306.845062255859 306.696319580078 306.771026611328 306.749694824219 306.68798828125 306.733734130859 306.813690185547 306.935455322266 307.271240234375 307.598449707031 308.248443603516 308.628723144531 309.050842285156 309.312927246094 307.425720214844 304.379364013672 309.278686523438 309.417907714844 309.466461181641 309.192169189453 309.162902832031 308.760070800781 308.727874755859 309.463989257812 309.726013183594 309.607055664062 309.466125488281
308.393371582031 308.064788818359 307.8603515625 307.634155273438 307.197174072266 307.661041259766 307.905456542969 308.220458984375 -9999 308.404327392578 308.663696289062 308.619537353516 307.818939208984 307.737915039062 307.573577880859 307.544860839844 307.307373046875 307.070953369141 307.037628173828 -9999 306.523773193359 306.486267089844 306.629974365234 306.957153320312 306.636627197266 306.643768310547 306.534973144531 306.645446777344 306.744720458984 306.833892822266 306.600067138672 306.425903320312 307.175720214844 307.944000244141 308.372283935547 308.883148193359 309.044860839844 308.240356445312 306.977996826172 309.145355224609 309.181762695312 309.195831298828 309.0048828125 309.032104492188 308.433227539062 308.095031738281 309.073028564453 309.576019287109 309.407196044922 309.16650390625
308.248321533203 308.018280029297 307.793548583984 307.607086181641 307.101806640625 307.193054199219 307.684661865234 307.946838378906 307.96337890625 308.099212646484 308.383697509766 308.438537597656 308.084716796875 307.872283935547 307.483337402344 307.414703369141 307.25439453125 307.105590820312 306.734527587891 306.839508056641 306.441558837891 306.338012695312 306.392883300781 306.554840087891 306.704772949219 306.554748535156 306.699157714844 306.619964599609 306.71240234375 306.619049072266 306.138946533203 306.205780029297 307.096862792969 307.76904296875 308.001861572266 308.700164794922 308.756317138672 308.957122802734 309.051696777344 308.863067626953 308.8623046875 308.965179443359 308.926544189453 308.902496337891 308.634094238281 308.283813476562 309.006408691406 309.257873535156 309.170196533203 308.800537109375
308.327301025391 307.803070068359 307.720825195312 307.757751464844 307.428283691406 306.860504150391 307.145233154297 307.495056152344 307.783203125 307.775573730469 308.078948974609 308.347076416016 308.287506103516 307.765991210938 307.299499511719 307.117279052734 307.42626953125 307.383361816406 307.074310302734 306.783447265625 306.63916015625 306.885406494141 306.668609619141 306.910736083984 306.690795898438 306.558502197266 306.600982666016 306.559478759766 306.586608886719 306.121215820312 305.711120605469 306.251525878906 307.08984375 307.677673339844 307.703094482422 308.369049072266 308.712127685547 308.784301757812 308.523620605469 308.516632080078 308.474548339844 308.531433105469 308.520904541016 308.536865234375 308.591217041016 308.368835449219 308.902801513672 309.056304931641 308.902770996094 308.536499023438
308.596618652344 308.063415527344 307.861572265625 307.928100585938 307.563140869141 307.027587890625 306.824890136719 307.035400390625 307.386413574219 307.440155029297 307.86865234375 308.142669677734 307.992340087891 307.659454345703 307.476440429688 307.412841796875 307.461120605469 307.473663330078 307.496459960938 306.987884521484 307.221832275391 307.401428222656 307.244354248047 307.398101806641 306.474731445312 306.490447998047 306.523132324219 306.551788330078 306.453674316406 305.617889404297 305.252410888672 306.080352783203 306.911895751953 307.426086425781 307.786437988281 308.198364257812 308.663238525391 308.627716064453 308.160491943359 308.02099609375 308.066986083984 308.165161132812 308.203552246094 308.186706542969 -9999 308.112579345703 308.469848632812 308.808013916016 308.626037597656 308.220642089844
308.377197265625 308.063751220703 307.786346435547 307.853118896484 307.545989990234 307.198089599609 306.864440917969 306.796234130859 306.848236083984 307.032989501953 307.503540039062 307.877166748047 307.711212158203 -9999 -9999 307.818695068359 307.543395996094 307.505493164062 307.545379638672 307.370239257812 307.478302001953 307.36083984375 307.123413085938 307.346862792969 306.349243164062 306.459838867188 306.525482177734 306.374267578125 306.127288818359 305.358856201172 304.753875732422 305.784729003906 306.781585693359 307.402526855469 307.715270996094 308.239135742188 308.557006835938 308.499938964844 308.097229003906 307.830322265625 307.800994873047 307.618804931641 307.698333740234 307.837524414062 308.096221923828 307.842071533203 308.185333251953 308.42626953125 308.283630371094 307.869750976562
308.223937988281 307.713226318359 307.602325439453 307.606079101562 307.681060791016 307.392547607422 306.621459960938 306.282104492188 306.652221679688 306.903381347656 307.353790283203 307.490264892578 -9999 -9999 307.538604736328 307.634552001953 307.561187744141 307.610046386719 307.441925048828 307.299896240234 307.156616210938 307.216064453125 306.754241943359 306.717010498047 306.359527587891 306.461639404297 306.400329589844 306.358551025391 305.997650146484 305.222900390625 304.893615722656 306.068023681641 306.780212402344 307.513458251953 307.562896728516 308.232086181641 308.262786865234 308.023406982422 307.881896972656 307.808166503906 307.689025878906 307.223022460938 307.278381347656 307.445587158203 307.542633056641 307.232666015625 307.7001953125 307.983673095703 308.056457519531 307.664459228516
307.466461181641 307.296112060547 307.426849365234 307.316802978516 306.883575439453 306.581115722656 306.045501708984 306.033203125 306.261077880859 306.341522216797 306.593231201172 306.693115234375 307.113189697266 -9999 307.287048339844 307.069244384766 306.873962402344 306.656677246094 306.735198974609 306.892852783203 306.660247802734 306.635406494141 306.582275390625 306.51416015625 306.364929199219 305.852600097656 306.047271728516 306.172454833984 305.908294677734 305.545013427734 306.253295898438 306.607696533203 306.987854003906 307.064086914062 307.334259033203 307.789672851562 307.837860107422 307.611389160156 307.349212646484 307.232788085938 307.381256103516 307.136444091797 306.747711181641 306.613983154297 306.472137451172 305.385559082031 306.750671386719 306.841888427734 307.625274658203 307.032775878906
307.251312255859 307.310180664062 307.496551513672 307.241333007812 306.546447753906 306.108306884766 305.549102783203 305.832946777344 306.056457519531 306.062927246094 306.562377929688 306.707336425781 306.881988525391 -9999 307.028076171875 307.134063720703 306.861419677734 306.536499023438 306.241058349609 306.278839111328 306.408172607422 306.265258789062 306.236053466797 306.354919433594 306.279296875 305.332489013672 305.504058837891 305.683319091797 305.610595703125 305.696166992188 306.450073242188 306.503784179688 307.142974853516 307.469940185547 307.435272216797 307.507080078125 307.552703857422 307.501434326172 307.286834716797 306.835266113281 307.210052490234 307.018218994141 306.668273925781 306.126647949219 305.655242919922 305.203857421875 306.181915283203 306.321411132812 307.169250488281 306.953399658203
307.199401855469 307.062164306641 306.762969970703 306.645416259766 306.403472900391 306.292602539062 305.969818115234 305.845703125 305.83935546875 305.743255615234 305.7734375 306.676574707031 306.803924560547 306.91357421875 306.737365722656 306.714477539062 306.81396484375 306.646087646484 306.274261474609 306.203826904297 306.046478271484 305.747406005859 305.878204345703 306.131072998047 306.340270996094 305.286834716797 305.359039306641 305.554870605469 305.456909179688 305.547088623047 306.554656982422 306.578582763672 306.675079345703 307.140563964844 307.439697265625 307.336578369141 307.102966308594 307.176055908203 307.261077880859 306.728820800781 306.821075439453 306.854187011719 306.591125488281 305.58056640625 304.754699707031 304.861236572266 305.729553222656 306.232482910156 306.763488769531 306.896575927734
307.2060546875 307.005737304688 306.390472412109 306.273345947266 306.418243408203 306.500946044922 306.509979248047 306.132751464844 305.89013671875 305.604095458984 305.249481201172 306.476104736328 306.745666503906 306.723663330078 306.553527832031 306.230743408203 306.315673828125 306.671875 306.447784423828 306.347717285156 305.772094726562 305.597503662109 305.654754638672 305.754730224609 305.985931396484 305.398620605469 305.484436035156 305.346710205078 304.812316894531 305.104370117188 306.184509277344 305.962341308594 306.121948242188 306.759826660156 307.525543212891 307.340270996094 306.703704833984 306.809478759766 307.123229980469 306.724884033203 306.482574462891 306.485961914062 306.061096191406 305.083129882812 304.306945800781 304.73486328125 305.195983886719 305.739440917969 306.328094482422 306.525970458984
307.271057128906 307.144866943359 306.717346191406 306.242584228516 306.317810058594 306.426086425781 306.545684814453 306.454528808594 305.926666259766 305.651489257812 305.743896484375 306.485260009766 306.737030029297 306.721710205078 306.636596679688 306.385528564453 306.017700195312 306.204376220703 306.047271728516 305.989593505859 305.663482666016 305.586608886719 305.304534912109 305.289306640625 305.448425292969 305.445037841797 304.973388671875 304.879119873047 304.39404296875 304.772857666016 305.576110839844 305.605255126953 306.2470703125 306.605590820312 307.277099609375 307.363677978516 306.628540039062 306.690277099609 306.929504394531 306.677490234375 306.232971191406 305.968383789062 305.55029296875 304.813568115234 304.351654052734 304.603393554688 304.763092041016 305.274505615234 306.024627685547 306.506164550781
307.102722167969 307.113403320312 306.74462890625 306.739074707031 306.716491699219 306.386474609375 306.464630126953 306.565155029297 305.960815429688 305.710388183594 304.833953857422 302.60107421875 306.312377929688 306.511688232422 306.512237548828 306.568206787109 306.027130126953 305.838104248047 305.667663574219 305.724029541016 305.642700195312 305.53173828125 305.440765380859 305.372161865234 305.046722412109 305.014434814453 304.539276123047 304.540130615234 304.642211914062 305.244354248047 305.367309570312 305.52001953125 306.122863769531 306.539611816406 306.850158691406 306.965911865234 306.384887695312 306.385040283203 306.816986083984 306.718597412109 306.390411376953 306.166778564453 305.783538818359 304.945343017578 304.678283691406 304.620330810547 304.362976074219 305.115783691406 305.823150634766 306.624237060547
306.701812744141 307.226684570312 306.851531982422 306.561767578125 306.537445068359 306.278778076172 306.380706787109 306.462799072266 305.667510986328 305.730682373047 304.992797851562 303.275512695312 305.839630126953 306.0537109375 306.274536132812 306.292419433594 305.824981689453 305.667083740234 305.630828857422 305.829254150391 305.770629882812 305.632965087891 305.6728515625 305.431823730469 304.942352294922 304.708618164062 304.545013427734 304.451751708984 304.807983398438 305.538696289062 305.572052001953 305.953552246094 306.123840332031 306.491943359375 306.845123291016 306.546234130859 306.365600585938 306.417205810547 306.662200927734 306.539886474609 306.549468994141 306.398681640625 -9999 305.452239990234 305.243499755859 304.852630615234 304.492584228516 305.137329101562 305.945556640625 306.445861816406
306.294799804688 307.107482910156 306.787414550781 306.3544921875 306.201904296875 306.133026123047 306.047607421875 306.284393310547 305.600372314453 305.611480712891 305.409484863281 305.684112548828 305.734497070312 305.836853027344 306.043609619141 306.308349609375 305.916839599609 305.649475097656 305.687377929688 305.819549560547 305.875244140625 305.825073242188 305.666168212891 305.223510742188 305.366302490234 305.05419921875 304.769775390625 304.557250976562 304.882659912109 305.424957275391 305.702789306641 306.432678222656 306.234283447266 306.027313232422 306.851318359375 306.386779785156 306.532409667969 306.601165771484 306.167755126953 305.915222167969 306.114654541016 305.993194580078 -9999 -9999 305.380737304688 304.860900878906 304.465118408203 305.213531494141 306.109344482422 306.079254150391
305.938781738281 306.573150634766 306.378448486328 306.296203613281 306.193115234375 306.169006347656 306.129760742188 306.127807617188 305.648590087891 305.387176513672 305.097717285156 305.267730712891 305.7919921875 305.779663085938 305.86474609375 306.021636962891 305.866119384766 305.735290527344 305.784637451172 305.585601806641 305.313049316406 305.625152587891 305.555999755859 305.217346191406 305.428344726562 305.053802490234 304.799255371094 304.416198730469 304.376953125 305.442169189453 305.659790039062 306.047912597656 306.041564941406 306.173248291016 306.582641601562 306.312347412109 306.678802490234 306.531799316406 305.784606933594 305.564880371094 305.709869384766 305.549133300781 305.197326660156 305.335174560547 305.23291015625 304.677124023438 304.664733886719 305.429931640625 306.045318603516 305.553344726562
306.130432128906 306.31201171875 306.206909179688 306.260070800781 306.184234619141 306.060516357422 305.715759277344 305.818115234375 305.579132080078 305.469482421875 305.169891357422 304.982330322266 305.624420166016 305.371734619141 305.845031738281 305.696868896484 305.337036132812 305.289611816406 305.657897949219 305.1884765625 304.927978515625 305.251312255859 305.128601074219 305.045532226562 305.326324462891 304.874084472656 304.754272460938 304.404418945312 303.614868164062 303.443054199219 305.530090332031 305.78515625 306.282287597656 306.637786865234 306.522003173828 306.081024169922 306.121063232422 306.137908935547 305.431579589844 305.036926269531 305.111145019531 305.104217529297 304.841461181641 304.927337646484 305.031921386719 304.410003662109 304.991058349609 305.21337890625 305.520263671875 305.457336425781
306.419250488281 306.233551025391 305.985168457031 306.162719726562 305.674896240234 305.787353515625 305.272155761719 305.56201171875 305.408782958984 305.057525634766 304.897674560547 304.728485107422 304.989593505859 305.150573730469 305.732330322266 305.468811035156 304.847747802734 304.948913574219 305.473724365234 304.795806884766 304.761993408203 304.949188232422 304.801727294922 304.849700927734 305.091339111328 304.884460449219 304.797729492188 304.538513183594 303.931549072266 303.260559082031 305.449005126953 305.674652099609 306.113647460938 306.540893554688 306.545745849609 306.065887451172 305.626586914062 305.698974609375 305.070037841797 304.669219970703 304.689544677734 304.40234375 304.422729492188 304.646026611328 304.832489013672 304.283630371094 304.350280761719 304.469268798828 304.886871337891 305.160003662109
306.615447998047 306.170440673828 306.074035644531 306.132781982422 305.230621337891 305.373413085938 305.199859619141 305.304443359375 305.269927978516 304.895294189453 304.067443847656 304.227600097656 304.778259277344 305.055053710938 305.176422119141 305.012908935547 304.7060546875 304.888519287109 305.046569824219 304.549041748047 304.465576171875 304.504760742188 304.409423828125 304.707092285156 304.682434082031 304.660522460938 304.55615234375 304.50634765625 304.567932128906 304.488983154297 305.006439208984 305.497222900391 305.671203613281 306.070281982422 306.452697753906 306.049255371094 305.546325683594 305.447021484375 -9999 304.800598144531 304.308380126953 303.705383300781 303.519989013672 304.248840332031 304.442443847656 304.259002685547 303.910491943359 304.121826171875 304.637847900391 304.768432617188
306.195434570312 306.449493408203 306.362335205078 306.397338867188 306.289184570312 306.0244140625 -9999 305.252716064453 305.082336425781 304.802612304688 304.496765136719 304.549072265625 305.133880615234 304.955017089844 304.85205078125 304.846832275391 304.829437255859 304.831573486328 304.833892822266 304.817718505859 304.604949951172 304.151763916016 304.20458984375 304.264923095703 304.113800048828 303.754516601562 303.665130615234 304.134124755859 303.959533691406 303.837341308594 304.405883789062 304.789306640625 305.540283203125 305.561065673828 305.743316650391 305.192535400391 304.732147216797 304.632019042969 -9999 305.021209716797 304.326324462891 302.824523925781 302.196105957031 303.340972900391 303.442504882812 303.631256103516 304.158264160156 304.566680908203 305.054473876953 305.084899902344
305.884552001953 306.296813964844 306.348968505859 306.273864746094 306.234130859375 305.953826904297 -9999 305.188018798828 305.287933349609 305.114227294922 305.056610107422 305.216979980469 304.939025878906 305.079711914062 305.319366455078 305.109527587891 304.816497802734 304.609191894531 304.824462890625 304.826904296875 304.741363525391 304.524261474609 304.527038574219 304.312225341797 304.010070800781 303.950103759766 303.533020019531 303.593200683594 303.321441650391 303.586364746094 304.217041015625 304.828369140625 305.507507324219 305.468505859375 305.485260009766 305.104797363281 304.584747314453 304.334320068359 304.351226806641 304.694854736328 303.692260742188 301.961975097656 302.366485595703 303.037536621094 303.082611083984 303.502105712891 304.311767578125 305.021820068359 305.534210205078 305.129730224609
305.910278320312 306.102355957031 305.708587646484 305.709533691406 305.619201660156 -9999 -9999 -9999 305.650848388672 305.344360351562 305.414276123047 305.467254638672 305.181121826172 305.330841064453 305.217895507812 305.054534912109 304.6826171875 304.301696777344 304.814971923828 304.817413330078 304.756896972656 304.629211425781 304.664794921875 304.487976074219 304.074188232422 -9999 303.492614746094 303.199401855469 303.203247070312 303.749389648438 304.174499511719 304.617340087891 305.052429199219 305.477447509766 305.530944824219 304.8359375 304.50830078125 303.957122802734 303.636566162109 304.200317382812 303.364654541016 302.455383300781 303.112213134766 303.344268798828 303.464294433594 303.870422363281 304.350006103516 305.298400878906 305.923767089844 305.512390136719
