rcp4.5models/GFDL_CM3/sc1gr7.11
NCOLS 261 
NROWS 433 
XLLCORNER 336357.134 
YLLCORNER 654653.479 
CELLSIZE 1000 
NODATA_value -3.4e+38 
[rows 132 to 153 of 433, columns 98 to 146 of 261]
85.3074035644531 84.6845397949219 84.3825836181641 83.422737121582 82.954948425293 82.4051284790039 82.0044174194336 81.610725402832 81.019157409668 80.6292495727539 80.1727828979492 79.5435180664062 79.1987152099609 78.7212142944336 77.9326477050781 77.5957794189453 77.0021438598633 76.7500457763672 76.3837051391602 75.9924697875977 75.5812835693359 75.2525253295898 74.883674621582 74.4943313598633 74.1924514770508 73.8481979370117 73.0887908935547 72.9622650146484 72.6120223999023 72.2983932495117 72.0265426635742 71.8552780151367 71.6031341552734 71.3180923461914 71.1602172851562 71.0063629150391 70.9213180541992 70.5494232177734 70.531867980957 70.5792694091797 70.4701843261719 70.4910202026367 70.2540435791016 70.1171264648438 70.1480255126953 70.2022933959961 70.2133636474609 70.1826782226562 70.4183120727539
85.4588165283203 84.8267593383789 84.5395050048828 83.5464935302734 82.9703903198242 82.5112762451172 82.1007537841797 81.6658630371094 81.1784210205078 80.7903060913086 80.260856628418 79.7218933105469 79.4093704223633 78.8677520751953 78.1060562133789 77.7332763671875 77.2063140869141 76.9470901489258 76.5291748046875 76.1986846923828 75.7549362182617 75.3374938964844 75.0830154418945 74.6835556030273 74.3420257568359 73.9756240844727 73.2637557983398 72.9869537353516 72.7201538085938 72.415283203125 72.1254653930664 71.8606872558594 71.6740951538086 71.4331512451172 71.2196807861328 71.005012512207 70.9709014892578 70.6958847045898 70.7689971923828 70.9200592041016 70.6529846191406 70.6209259033203 70.3352813720703 70.1465301513672 70.2562866210938 70.3162384033203 70.3680572509766 70.342658996582 70.4196853637695
85.5352172851562 85.0029678344727 84.6719818115234 83.5869598388672 83.0327453613281 82.6939315795898 82.277961730957 81.7327728271484 81.3347396850586 80.9204025268555 80.3773040771484 79.8899154663086 79.586555480957 79.0484466552734 78.2616119384766 77.8219528198242 77.3055191040039 76.968017578125 76.6340942382812 76.3352584838867 75.8454895019531 75.4292602539062 75.154296875 74.8629302978516 74.4300689697266 74.0888061523438 73.4251022338867 73.1035995483398 72.9202575683594 72.5670776367188 72.2879333496094 71.9279251098633 71.7700729370117 71.5312271118164 71.4065628051758 71.1896667480469 71.1082611083984 70.8735809326172 70.9009246826172 71.032356262207 70.777229309082 70.4816131591797 70.4101104736328 70.3653259277344 70.4305419921875 70.3844146728516 70.4315185546875 70.4424743652344 70.3804779052734
85.5542221069336 85.0998611450195 84.7514266967773 83.7471771240234 83.3622817993164 82.9081268310547 82.42138671875 81.8488998413086 81.4371032714844 81.0654373168945 80.5807876586914 80.0708618164062 79.7662506103516 79.2369613647461 78.3190155029297 77.8929443359375 77.4017868041992 77.0886535644531 76.7318344116211 76.394287109375 75.9558410644531 75.6140975952148 75.1997451782227 74.9845504760742 74.5798950195312 74.3311386108398 73.5064315795898 73.1894912719727 72.9094161987305 72.6777038574219 72.4540176391602 72.0790786743164 71.8549957275391 71.631721496582 71.5736618041992 71.4278106689453 71.3294067382812 71.1508407592773 70.9707107543945 71.0459289550781 70.8252410888672 70.4924087524414 70.5791473388672 70.5948104858398 70.5798950195312 70.5199813842773 70.3975143432617 70.4619903564453 70.4791259765625
85.7767639160156 85.3420104980469 84.9039154052734 83.9272079467773 83.5549087524414 83.0041198730469 82.5485763549805 82.0235595703125 81.6305618286133 81.2616271972656 80.7487487792969 80.2310943603516 79.9252090454102 79.3770217895508 78.5400543212891 78.0351104736328 77.5632553100586 77.2373886108398 76.8926696777344 76.4829711914062 76.1446304321289 75.8434219360352 75.3062515258789 75.1214599609375 74.7936706542969 74.5527038574219 73.6219940185547 73.3002624511719 72.9457778930664 72.7793045043945 72.5102996826172 72.2452697753906 72.0243301391602 71.7255477905273 71.6299743652344 71.5446014404297 71.59033203125 71.2783126831055 71.2111587524414 71.2358016967773 70.8384323120117 70.7239074707031 70.8494567871094 70.7897262573242 70.6787414550781 70.6493911743164 70.4737854003906 70.4756393432617 70.5431365966797
85.9723510742188 85.5701065063477 85.0787506103516 84.0064010620117 83.6755981445312 83.0887145996094 82.6743087768555 82.1916046142578 81.7919921875 81.4207077026367 80.7613677978516 80.388313293457 79.9802093505859 79.5132522583008 78.7267990112305 78.2035980224609 77.8166275024414 77.3907089233398 77.0017166137695 76.5818099975586 76.1983413696289 75.8728866577148 75.5118408203125 75.2628936767578 74.9737854003906 74.6520614624023 73.7940979003906 73.4745178222656 73.1066665649414 72.8665008544922 72.5491104125977 72.3788528442383 72.1975555419922 71.9584808349609 71.7168884277344 71.6272277832031 71.7130661010742 71.3535690307617 71.3611450195312 71.2594299316406 70.8529891967773 70.8620529174805 70.846061706543 70.7859878540039 70.7078247070312 70.702018737793 70.5513458251953 70.4768447875977 70.5485305786133
86.1270370483398 85.6830596923828 85.2144393920898 84.3090057373047 83.9336776733398 83.4760818481445 83.0681762695312 82.6756896972656 82.0812683105469 81.638671875 81.1871948242188 80.6258316040039 -3.4e+38 79.6868133544922 78.9591064453125 78.5521240234375 78.0682067871094 77.6397399902344 77.1758575439453 76.9016189575195 76.5556030273438 76.1208572387695 75.8404159545898 75.4979095458984 75.2683792114258 74.7366485595703 74.0994644165039 73.8352584838867 73.3942260742188 73.076789855957 72.9344863891602 72.679801940918 72.4202728271484 72.2177734375 72.0175094604492 71.7913131713867 71.7148513793945 71.4962158203125 71.4121704101562 71.1304473876953 70.9667587280273 70.8302536010742 70.8638229370117 70.8817901611328 70.7676162719727 70.7033843994141 70.7011337280273 70.6771926879883 70.6841049194336
86.3478164672852 85.7765426635742 85.3922958374023 84.4536437988281 83.9716110229492 83.5287246704102 83.1206207275391 82.7147445678711 82.2104110717773 81.7663726806641 81.3280944824219 80.8052444458008 80.3803405761719 79.9312515258789 79.0520782470703 78.6007690429688 78.2904510498047 77.7975463867188 77.2810134887695 77.0216674804688 76.661750793457 76.2471771240234 76.0530776977539 75.7246475219727 75.2235565185547 74.7461166381836 74.2419357299805 73.9071960449219 73.6390533447266 73.2069244384766 72.9650802612305 72.7680511474609 -3.4e+38 72.3723831176758 72.2839279174805 71.9553756713867 71.8393173217773 71.5306854248047 71.4312744140625 71.3220901489258 71.1537933349609 70.9958114624023 70.9583587646484 70.9260864257812 70.8638763427734 70.8125991821289 70.7668685913086 70.7579956054688 70.741096496582
86.43994140625 85.9147186279297 85.4673461914062 84.5536880493164 84.0899429321289 83.6364822387695 83.2478790283203 82.8376922607422 82.3723068237305 81.9115905761719 81.3971557617188 80.9426803588867 80.4640121459961 80.1730422973633 79.2133712768555 78.733154296875 78.4322128295898 77.9080123901367 77.4869384765625 77.0696182250977 76.7357864379883 76.4787216186523 76.332389831543 75.8736877441406 75.2802886962891 74.8552398681641 74.3679504394531 73.9934844970703 73.7805480957031 73.3732528686523 73.1074600219727 72.8964309692383 72.7277984619141 72.6189727783203 72.3921051025391 72.0764007568359 71.9611587524414 71.5882797241211 71.4296646118164 71.392707824707 71.2885665893555 71.1673126220703 71.0424880981445 70.954345703125 70.8989562988281 70.8782730102539 70.8392486572266 70.9171524047852 70.7887573242188
86.581184387207 86.0513381958008 85.6014633178711 84.767578125 84.2225341796875 83.7961959838867 83.4230499267578 83.0554885864258 82.6197662353516 81.9747009277344 81.5361404418945 81.0901260375977 80.5738754272461 80.2094192504883 79.3296127319336 78.8970642089844 78.4988250732422 78.0822677612305 77.6221694946289 77.1113128662109 76.8727722167969 76.6586151123047 76.365104675293 75.8281860351562 75.4059829711914 74.9459228515625 74.4130554199219 74.1544570922852 73.9472427368164 73.5530014038086 73.3233413696289 73.0562744140625 72.8129577636719 72.6585235595703 72.3614044189453 72.1153182983398 72.0883483886719 71.70751953125 71.4625396728516 71.4241027832031 71.3013687133789 71.2074356079102 71.1082763671875 -3.4e+38 70.9382019042969 70.9051742553711 70.9249496459961 70.9642181396484 70.8848495483398
86.6503677368164 86.2377014160156 85.6483688354492 84.8058624267578 84.4298477172852 84.0269546508789 83.6359252929688 83.2153625488281 82.7306365966797 82.15625 81.8002243041992 81.2528381347656 80.7117309570312 80.330924987793 79.4075241088867 78.9864730834961 78.5760726928711 78.2327270507812 77.7227020263672 77.2035522460938 77.0385818481445 76.7445449829102 76.3354949951172 75.8650054931641 75.5358963012695 75.1476287841797 74.4726638793945 74.2767639160156 74.0769958496094 73.6903991699219 73.4769821166992 73.1738204956055 72.9206848144531 -3.4e+38 72.4103393554688 72.2598114013672 72.2262344360352 71.8402786254883 71.6605758666992 71.5743103027344 71.4072570800781 71.2909927368164 71.1929168701172 71.0617828369141 71.0651016235352 71.0413589477539 70.9615859985352 70.8985214233398 70.9893188476562
86.8188095092773 86.3600921630859 85.7777481079102 84.9265747070312 84.6271514892578 84.1500625610352 83.6466903686523 83.1771469116211 82.7697448730469 82.3352966308594 -3.4e+38 81.3742599487305 80.8527984619141 80.4477615356445 79.5426635742188 79.1240768432617 78.7165679931641 78.3056335449219 77.9572296142578 77.4435577392578 77.0573883056641 76.7975082397461 76.3582763671875 75.9739990234375 75.646598815918 75.3434143066406 74.6600494384766 74.3636322021484 74.1154937744141 73.7391586303711 73.5486450195312 73.3196868896484 73.07275390625 72.8817672729492 72.6179962158203 72.4101028442383 72.3086471557617 71.9280853271484 71.7810592651367 71.6756134033203 71.5617294311523 71.4558181762695 71.292610168457 71.2302703857422 71.1847915649414 71.1343154907227 71.070426940918 71.0137252807617 71.0178756713867
86.9820251464844 86.4345626831055 85.9221572875977 85.0801620483398 84.6777877807617 84.2462539672852 83.7165069580078 83.3323593139648 82.9194564819336 82.4793243408203 81.9967727661133 81.569091796875 81.0317306518555 80.5045852661133 79.6855850219727 79.2308807373047 78.8750762939453 78.4465026855469 78.0463485717773 77.7301712036133 77.1818389892578 76.7563858032227 76.3881301879883 76.1259307861328 75.8380966186523 75.45751953125 74.8318099975586 74.4946746826172 74.1731567382812 73.8946151733398 73.6587371826172 73.4018020629883 73.1443786621094 72.9684066772461 72.7946701049805 72.5600357055664 72.407600402832 72.0357894897461 71.8871765136719 71.7496871948242 71.6637649536133 71.5358428955078 71.4730606079102 71.3734588623047 71.255859375 71.2004013061523 71.1662673950195 71.1598815917969 -3.4e+38
87.0401916503906 86.5167770385742 85.9793701171875 85.173469543457 84.7346954345703 84.3726577758789 83.8952941894531 83.5273590087891 82.9996871948242 82.5544967651367 82.1625366210938 81.6944198608398 81.154914855957 -3.4e+38 79.7712707519531 79.3936996459961 78.9333801269531 78.5947113037109 78.1387023925781 77.8847503662109 77.3855590820312 76.9205322265625 76.5522155761719 76.2501220703125 75.9459762573242 75.6039428710938 74.887939453125 74.6741561889648 74.3281860351562 74.0539474487305 73.7913208007812 73.524284362793 73.312255859375 73.1244125366211 72.9170684814453 72.7280960083008 72.5973663330078 72.0991744995117 71.9947891235352 71.8281478881836 71.7202072143555 71.6233367919922 71.6081848144531 71.4438095092773 71.3845977783203 71.2716827392578 71.248420715332 71.2107696533203 71.1632537841797
87.0847854614258 86.6807250976562 86.2488174438477 85.2774658203125 84.8176422119141 84.4850769042969 84.0421676635742 83.6243667602539 83.120231628418 82.6434631347656 82.3101806640625 81.8041534423828 81.3193969726562 80.765998840332 79.8755416870117 79.5623474121094 79.1061553955078 78.7748336791992 78.2893676757812 78.0328140258789 77.5535888671875 77.2140197753906 76.7206268310547 76.4038009643555 76.0663375854492 75.7314605712891 74.9976577758789 74.8157196044922 74.4851913452148 74.1525573730469 73.9238052368164 73.6878509521484 73.4461822509766 73.3133697509766 73.0697937011719 72.8289947509766 72.6945343017578 72.1779556274414 72.0315551757812 71.9282455444336 71.7664489746094 71.6347351074219 71.6116638183594 71.5181579589844 71.5506134033203 71.4087982177734 71.326301574707 71.3121566772461 71.3500823974609
87.1937713623047 86.8505630493164 86.4593887329102 85.3574676513672 84.9225463867188 84.6208190917969 84.2521209716797 83.6835556030273 83.2239456176758 82.8447265625 82.4815826416016 81.9116668701172 81.6053009033203 80.9102554321289 80.0121154785156 79.7202377319336 79.2548446655273 78.9042129516602 78.439811706543 78.15869140625 77.7174911499023 77.3511428833008 76.9249649047852 76.5503768920898 76.2102279663086 75.820556640625 75.1408615112305 74.8895874023438 74.6725845336914 74.3175201416016 74.0577850341797 73.8773345947266 73.527702331543 73.3886489868164 73.0960311889648 72.8520050048828 72.7058792114258 72.2677230834961 72.1247406005859 72.1019134521484 71.9311294555664 71.7582244873047 71.6686019897461 71.5497512817383 71.6159133911133 71.564094543457 71.4760208129883 71.4116897583008 71.4853668212891
87.4079208374023 86.9215545654297 86.522102355957 85.5799255371094 85.1605834960938 84.7647171020508 84.3301315307617 83.890625 83.4463119506836 82.9597015380859 82.5834426879883 82.1510391235352 81.7264633178711 81.0341567993164 80.245475769043 79.8369827270508 79.3337936401367 79.0578765869141 78.5937271118164 78.2858047485352 77.8729248046875 77.4597091674805 77.1016387939453 76.6106567382812 76.3031463623047 75.9575805664062 75.2959747314453 74.9921875 74.8389587402344 74.5374984741211 74.2383651733398 74.056640625 73.7240676879883 73.4286575317383 73.0832061767578 72.8882904052734 72.783447265625 72.4007720947266 72.2684555053711 72.1896514892578 72.0545806884766 71.9269790649414 71.73974609375 71.6039505004883 71.6233749389648 71.6361846923828 71.5718231201172 71.4991455078125 71.5470657348633
87.5507888793945 86.9763107299805 86.6690673828125 85.7311935424805 85.3026580810547 84.830810546875 84.4281692504883 84.0244827270508 83.5410766601562 83.0661239624023 82.7293395996094 82.2441940307617 81.7885055541992 81.1981201171875 80.3806991577148 79.9232330322266 79.4860992431641 79.090461730957 78.7373657226562 78.366584777832 77.9506225585938 77.5607986450195 77.1953201293945 76.8116073608398 76.4182510375977 76.1506118774414 75.4499206542969 75.187385559082 74.955696105957 74.6909942626953 74.3874359130859 74.1600189208984 73.904296875 73.564697265625 73.2698593139648 72.9792098999023 72.840461730957 72.4766311645508 72.3390884399414 72.2400436401367 72.0770797729492 71.9835052490234 71.8276290893555 71.7676239013672 71.6236953735352 71.6542816162109 71.5834045410156 71.6274490356445 71.5802001953125
87.7465744018555 87.4124298095703 87.0839233398438 86.0634231567383 85.6356430053711 85.1805419921875 84.6462554931641 84.3835220336914 83.8318634033203 83.4592514038086 82.9385833740234 82.5524063110352 81.9720687866211 81.6221923828125 80.6672821044922 80.1784515380859 79.8038024902344 79.3864135742188 79.0291519165039 78.5931701660156 78.1531600952148 77.7673110961914 77.4021835327148 77.1251525878906 76.7578964233398 76.3840789794922 75.7080459594727 75.4314727783203 75.1111450195312 74.8675003051758 74.6200561523438 74.3006973266602 74.0176086425781 73.8200607299805 73.5266799926758 73.3678894042969 73.1741790771484 72.6710815429688 72.4048080444336 72.3217163085938 72.2197418212891 72.1378326416016 72.0157928466797 71.9688415527344 71.8774642944336 71.8087692260742 71.7719573974609 71.7713394165039 71.8309478759766
88.0017395019531 87.5204772949219 87.1706771850586 86.1640014648438 85.8170394897461 -3.4e+38 84.788688659668 84.4341888427734 83.9400024414062 83.6400833129883 83.0366973876953 82.6336288452148 82.1947250366211 81.7815017700195 80.8176422119141 80.3101272583008 79.9227066040039 79.5179290771484 79.1102905273438 78.6833267211914 78.2194137573242 77.891227722168 77.5357284545898 77.1166534423828 76.8209075927734 76.4972610473633 75.8888778686523 75.5724182128906 75.222038269043 74.9446640014648 74.6771926879883 74.4278564453125 74.1203842163086 73.8711624145508 73.5606994628906 73.3516616821289 73.2383499145508 72.7935180664062 72.5913619995117 72.4812393188477 72.3309936523438 72.1638336181641 72.0701065063477 72.0205383300781 71.9776763916016 71.9734191894531 71.925422668457 71.9216461181641 71.9044494628906
88.1745071411133 87.6611709594727 87.3252487182617 86.4489593505859 86.0461654663086 85.4949417114258 85.0617218017578 84.5803604125977 84.13330078125 83.7487106323242 83.1241226196289 82.7223663330078 82.3583221435547 81.8591156005859 80.9594039916992 80.4315643310547 79.9874649047852 79.5829238891602 79.2305374145508 78.7508239746094 78.3481140136719 77.9958801269531 77.6138076782227 77.2878570556641 76.9554977416992 76.6063385009766 76.080207824707 75.744743347168 75.3592300415039 75.0179138183594 74.6746292114258 74.4787063598633 74.228645324707 73.9178237915039 73.6303100585938 73.3747406005859 73.2078094482422 72.8483581542969 72.7153930664062 72.5537338256836 72.4364395141602 72.2778930664062 72.1603698730469 72.0684967041016 72.058723449707 72.0586318969727 72.1048049926758 72.0896072387695 -3.4e+38
88.3236465454102 87.8530578613281 87.4300842285156 86.6403961181641 86.1397094726562 85.6965637207031 85.2173233032227 84.7361221313477 84.3478546142578 83.8657073974609 83.3096694946289 82.8644180297852 82.474235534668 81.9691467285156 81.0816650390625 80.6028671264648 80.1320037841797 79.6185455322266 79.3548049926758 78.8937835693359 78.4898300170898 78.0652236938477 77.7697906494141 77.4142608642578 77.1100463867188 76.7692337036133 76.1435241699219 75.8138885498047 75.4915084838867 75.1925659179688 74.8430557250977 74.6083679199219 74.3198547363281 73.9682769775391 73.7096405029297 73.4743957519531 73.3017654418945 72.912483215332 72.7616348266602 72.7190170288086 72.769775390625 72.4390335083008 72.3096237182617 72.1838150024414 72.1311798095703 72.1136474609375 72.2041015625 72.1697082519531 72.1071548461914
