rcp4.5models/GFDL_CM3/sc1gr0.32
NCOLS 261 
NROWS 433 
XLLCORNER 336357.134 
YLLCORNER 654653.479 
CELLSIZE 1000 
NODATA_value -3.4e+38 
[rows 374 to 395 of 433, columns 196 to 244 of 261]
69.2049179077148 69.2048263549805 69.0049819946289 68.9781646728516 68.8676300048828 68.7122344970703 68.6928787231445 68.6930313110352 68.5715713500977 68.2665252685547 68.2471160888672 68.1513824462891 67.9306793212891 67.8635635375977 67.7421188354492 67.7517623901367 67.9659652709961 67.9098052978516 67.5613632202148 67.5028610229492 67.3164443969727 67.4471435546875 67.2809371948242 67.1921997070312 67.1171646118164 67.0129547119141 67.0449295043945 66.8888778686523 66.8342742919922 66.5968399047852 66.4197158813477 66.2833786010742 66.1299667358398 66.1454467773438 65.8787231445312 65.8613510131836 65.8438110351562 65.8261413574219 65.816780090332 65.8601379394531 -3.4e+38 -3.4e+38 -3.4e+38 -3.4e+38 -3.4e+38 -3.4e+38 -3.4e+38 -3.4e+38 -3.4e+38
68.9741592407227 68.9184646606445 68.7701873779297 68.7903900146484 68.6066207885742 68.4716720581055 68.5948104858398 68.440673828125 68.3553314208984 68.163330078125 68.0854034423828 68.0094146728516 67.7479400634766 67.7625427246094 67.5983200073242 67.6626968383789 67.7192687988281 67.8139877319336 67.276725769043 67.2906951904297 67.1165542602539 67.2734069824219 67.0698547363281 66.9692687988281 66.8886032104492 66.8965301513672 66.9720840454102 66.8833465576172 66.8133163452148 66.6750030517578 66.2801818847656 66.198371887207 66.0424194335938 66.010871887207 65.9204940795898 65.8199157714844 65.7634963989258 65.7292938232422 -3.4e+38 -3.4e+38 -3.4e+38 -3.4e+38 -3.4e+38 -3.4e+38 -3.4e+38 -3.4e+38 -3.4e+38 -3.4e+38 -3.4e+38
68.8572769165039 68.6782760620117 68.4221420288086 68.4743804931641 68.4926605224609 68.25146484375 68.3201065063477 68.1630706787109 68.1522598266602 67.9933395385742 67.9177322387695 67.8390121459961 67.5856781005859 67.6271362304688 67.4374694824219 67.5098114013672 67.444694519043 67.4833068847656 67.0269546508789 67.0222473144531 66.9570693969727 67.1291198730469 66.8143081665039 66.7114181518555 66.7691497802734 66.7569580078125 66.7749328613281 66.7533950805664 66.7168655395508 66.7170333862305 66.2347412109375 66.1534271240234 65.9126815795898 65.9060745239258 65.9067230224609 65.7615509033203 -3.4e+38 -3.4e+38 -3.4e+38 -3.4e+38 -3.4e+38 -3.4e+38 -3.4e+38 -3.4e+38 -3.4e+38 -3.4e+38 -3.4e+38 -3.4e+38 -3.4e+38
68.5475234985352 68.4945068359375 68.3008880615234 68.2051467895508 68.1901321411133 68.0356063842773 67.971305847168 67.9786148071289 67.9174499511719 67.8167877197266 67.6709594726562 67.5101547241211 67.4532470703125 67.4591217041016 67.2453384399414 67.2318878173828 67.1900100708008 67.0521850585938 66.9264221191406 66.8656768798828 66.825439453125 66.9751358032227 66.7454605102539 66.6605453491211 66.6260375976562 66.5479965209961 66.5630874633789 66.5039749145508 66.4634246826172 66.4826965332031 66.1626434326172 66.1150131225586 65.9064102172852 65.7483139038086 -3.4e+38 -3.4e+38 -3.4e+38 -3.4e+38 -3.4e+38 -3.4e+38 -3.4e+38 -3.4e+38 -3.4e+38 -3.4e+38 -3.4e+38 -3.4e+38 -3.4e+38 -3.4e+38 -3.4e+38
68.3272247314453 68.278564453125 68.2107772827148 68.0704345703125 67.9256439208984 67.8668975830078 67.8110656738281 67.8743896484375 67.7667770385742 67.7063751220703 67.4470825195312 67.2529449462891 67.3074722290039 67.2647705078125 67.1048278808594 67.0252075195312 66.9656677246094 66.7666320800781 66.7944412231445 66.7180252075195 66.7494583129883 66.7521820068359 66.6479187011719 66.5077133178711 66.3906707763672 66.3720092773438 66.3239059448242 66.3437728881836 66.2814712524414 66.181755065918 66.0650405883789 65.9772109985352 65.9289779663086 65.7709884643555 66.0994873046875 65.5038757324219 -3.4e+38 -3.4e+38 -3.4e+38 -3.4e+38 -3.4e+38 -3.4e+38 -3.4e+38 -3.4e+38 -3.4e+38 -3.4e+38 -3.4e+38 -3.4e+38 -3.4e+38
68.2520599365234 68.0893859863281 67.9585189819336 67.8637924194336 67.8711090087891 67.7713012695312 67.6739044189453 67.7225112915039 67.6374588012695 67.4342803955078 67.2767333984375 67.0747680664062 67.1067428588867 67.1225891113281 67.0388031005859 66.823974609375 66.6752014160156 66.6746520996094 66.6329727172852 66.6032943725586 66.6350479125977 66.5095977783203 66.4495391845703 66.3556671142578 66.2641296386719 66.1904220581055 66.0772171020508 66.1050109863281 66.1536178588867 66.0746841430664 65.9064407348633 65.8749618530273 65.9573135375977 65.8209381103516 -3.4e+38 -3.4e+38 -3.4e+38 -3.4e+38 -3.4e+38 -3.4e+38 -3.4e+38 -3.4e+38 -3.4e+38 -3.4e+38 -3.4e+38 -3.4e+38 -3.4e+38 -3.4e+38 -3.4e+38
68.2718505859375 68.0352172851562 67.8905715942383 67.8431167602539 68.023681640625 68.563591003418 67.6549835205078 67.5106430053711 67.4088134765625 67.1607208251953 67.084342956543 66.9586563110352 66.9903106689453 66.8989868164062 66.9372253417969 66.6675262451172 66.5641326904297 66.5986709594727 66.5179901123047 66.4805908203125 66.3390502929688 66.2229690551758 66.2163009643555 66.2394180297852 66.1956176757812 66.0046463012695 65.9811553955078 65.9075622558594 65.9527130126953 65.8901596069336 65.7148895263672 65.7912826538086 65.8428039550781 -3.4e+38 -3.4e+38 -3.4e+38 -3.4e+38 -3.4e+38 -3.4e+38 -3.4e+38 -3.4e+38 -3.4e+38 -3.4e+38 -3.4e+38 -3.4e+38 -3.4e+38 -3.4e+38 -3.4e+38 -3.4e+38
68.2188034057617 67.8309173583984 67.7285614013672 68.1576156616211 69.9287185668945 70.132926940918 67.7925491333008 67.3255996704102 67.2090454101562 67.1348342895508 66.9913024902344 66.9743347167969 66.897102355957 66.802848815918 66.9561614990234 66.7532043457031 66.6530380249023 66.7284393310547 66.417366027832 66.33740234375 66.2753448486328 65.9765014648438 65.9695434570312 66.0025024414062 66.0400695800781 65.918212890625 65.8705520629883 65.8775405883789 65.7390823364258 65.6630325317383 65.6240539550781 -3.4e+38 -3.4e+38 -3.4e+38 -3.4e+38 -3.4e+38 -3.4e+38 -3.4e+38 -3.4e+38 -3.4e+38 -3.4e+38 -3.4e+38 -3.4e+38 -3.4e+38 -3.4e+38 -3.4e+38 -3.4e+38 -3.4e+38 -3.4e+38
68.0001754760742 67.8343124389648 67.7602615356445 68.8199768066406 70.4099655151367 69.2175674438477 67.6188201904297 67.2512664794922 67.4364929199219 67.1063842773438 67.0243988037109 66.9469299316406 66.8109130859375 66.8259506225586 66.7602691650391 66.7078475952148 66.8449783325195 66.9729995727539 66.3231048583984 66.3833084106445 66.2803726196289 65.8532638549805 65.8401260375977 65.8330230712891 65.83935546875 65.739501953125 65.6698684692383 65.718132019043 65.6522674560547 65.4985580444336 -3.4e+38 -3.4e+38 -3.4e+38 -3.4e+38 -3.4e+38 -3.4e+38 -3.4e+38 -3.4e+38 -3.4e+38 -3.4e+38 -3.4e+38 -3.4e+38 -3.4e+38 -3.4e+38 -3.4e+38 -3.4e+38 -3.4e+38 -3.4e+38 -3.4e+38
67.9311752319336 67.7844619750977 67.8060455322266 67.6351089477539 67.4712448120117 67.3667373657227 67.3307876586914 67.1846389770508 67.150520324707 66.8940963745117 66.7614212036133 66.5258560180664 66.5473403930664 66.5120697021484 66.3766250610352 66.3037643432617 66.4458541870117 66.3608856201172 66.2515182495117 66.130859375 65.9263916015625 65.786994934082 65.6231079101562 65.5143356323242 65.3999099731445 65.4144668579102 65.3644561767578 65.3104400634766 65.2587432861328 65.23876953125 -3.4e+38 -3.4e+38 -3.4e+38 -3.4e+38 -3.4e+38 -3.4e+38 -3.4e+38 -3.4e+38 -3.4e+38 -3.4e+38 -3.4e+38 -3.4e+38 -3.4e+38 -3.4e+38 -3.4e+38 -3.4e+38 -3.4e+38 -3.4e+38 -3.4e+38
67.4109573364258 67.5078048706055 67.5771789550781 67.3842315673828 67.3581161499023 67.1183166503906 66.9723052978516 66.8738327026367 66.9498901367188 66.7240219116211 66.6243591308594 66.5087127685547 66.4345169067383 66.2730102539062 66.1654815673828 66.0228500366211 66.0451812744141 66.0414810180664 66.0596466064453 66.0558090209961 65.8618774414062 65.7861557006836 65.5914077758789 65.3487701416016 65.2248764038086 -3.4e+38 -3.4e+38 -3.4e+38 -3.4e+38 -3.4e+38 -3.4e+38 -3.4e+38 -3.4e+38 -3.4e+38 -3.4e+38 -3.4e+38 -3.4e+38 -3.4e+38 -3.4e+38 -3.4e+38 -3.4e+38 -3.4e+38 -3.4e+38 -3.4e+38 -3.4e+38 -3.4e+38 -3.4e+38 -3.4e+38 -3.4e+38
66.9907913208008 67.1058731079102 67.202278137207 66.9356384277344 67.0681228637695 66.7169876098633 66.6615371704102 66.707275390625 66.7805023193359 66.5317687988281 66.3623199462891 66.3792877197266 66.3043670654297 66.1529693603516 66.0706939697266 65.9158172607422 65.9652557373047 65.7648391723633 65.7901992797852 65.8922500610352 65.7658767700195 65.6438140869141 65.3954849243164 65.2121734619141 -3.4e+38 -3.4e+38 -3.4e+38 -3.4e+38 -3.4e+38 -3.4e+38 -3.4e+38 -3.4e+38 -3.4e+38 -3.4e+38 -3.4e+38 -3.4e+38 -3.4e+38 -3.4e+38 -3.4e+38 -3.4e+38 -3.4e+38 -3.4e+38 -3.4e+38 -3.4e+38 -3.4e+38 -3.4e+38 -3.4e+38 -3.4e+38 -3.4e+38
66.6637191772461 66.737190246582 66.6300048828125 66.5124664306641 66.5711822509766 66.5140838623047 66.3526000976562 66.4845733642578 66.3843154907227 66.2607345581055 66.1965179443359 66.1967468261719 66.0701065063477 66.0011291503906 66.028076171875 66.0187606811523 65.9451065063477 65.6405639648438 65.3953857421875 65.4480895996094 65.4003982543945 65.3783950805664 65.2681121826172 -3.4e+38 -3.4e+38 -3.4e+38 -3.4e+38 -3.4e+38 -3.4e+38 -3.4e+38 -3.4e+38 -3.4e+38 -3.4e+38 -3.4e+38 -3.4e+38 -3.4e+38 -3.4e+38 -3.4e+38 -3.4e+38 -3.4e+38 -3.4e+38 -3.4e+38 -3.4e+38 -3.4e+38 -3.4e+38 -3.4e+38 -3.4e+38 -3.4e+38 -3.4e+38
66.8865737915039 66.4143753051758 66.2473907470703 66.2242813110352 66.1794815063477 66.2442398071289 66.1576690673828 66.0914688110352 65.9424591064453 65.9092407226562 65.9489212036133 65.9849014282227 65.8595886230469 65.8052520751953 65.8963470458984 65.8779983520508 65.8160781860352 65.6537780761719 65.1762924194336 65.1179351806641 65.0789947509766 65.0933685302734 65.0303726196289 -3.4e+38 -3.4e+38 -3.4e+38 -3.4e+38 -3.4e+38 -3.4e+38 -3.4e+38 -3.4e+38 -3.4e+38 -3.4e+38 -3.4e+38 -3.4e+38 -3.4e+38 -3.4e+38 -3.4e+38 -3.4e+38 -3.4e+38 -3.4e+38 -3.4e+38 -3.4e+38 -3.4e+38 -3.4e+38 -3.4e+38 -3.4e+38 -3.4e+38 -3.4e+38
66.6545715332031 66.1201477050781 65.9528274536133 65.9562377929688 65.9839324951172 65.969482421875 65.9204025268555 65.7479095458984 65.742073059082 65.7097549438477 65.6405639648438 65.7932052612305 65.7357482910156 65.642936706543 65.5473022460938 65.5061569213867 65.6536254882812 65.5530776977539 65.0439910888672 64.9825134277344 64.8558578491211 -3.4e+38 -3.4e+38 -3.4e+38 -3.4e+38 -3.4e+38 -3.4e+38 -3.4e+38 -3.4e+38 -3.4e+38 -3.4e+38 -3.4e+38 -3.4e+38 -3.4e+38 -3.4e+38 -3.4e+38 -3.4e+38 -3.4e+38 -3.4e+38 -3.4e+38 -3.4e+38 -3.4e+38 -3.4e+38 -3.4e+38 -3.4e+38 -3.4e+38 -3.4e+38 -3.4e+38 -3.4e+38
65.8433990478516 65.8345489501953 65.7001342773438 65.6951141357422 65.706413269043 65.7399368286133 65.6092376708984 65.4970779418945 65.4962844848633 65.5145797729492 65.4898986816406 65.5784683227539 65.6762390136719 65.5077056884766 65.3681335449219 65.2567825317383 65.3881378173828 65.2531433105469 64.8680419921875 64.9337921142578 64.7514114379883 -3.4e+38 -3.4e+38 -3.4e+38 -3.4e+38 -3.4e+38 -3.4e+38 -3.4e+38 -3.4e+38 -3.4e+38 -3.4e+38 -3.4e+38 -3.4e+38 -3.4e+38 -3.4e+38 -3.4e+38 -3.4e+38 -3.4e+38 -3.4e+38 -3.4e+38 -3.4e+38 -3.4e+38 -3.4e+38 -3.4e+38 -3.4e+38 -3.4e+38 -3.4e+38 -3.4e+38 -3.4e+38
65.4748687744141 65.5169830322266 65.4745178222656 65.5407104492188 65.4460525512695 65.4730529785156 65.4158325195312 65.277702331543 65.2546768188477 65.3138656616211 65.3132400512695 65.3472747802734 65.369010925293 65.3407821655273 65.2052001953125 65.0871276855469 65.0323333740234 64.9909820556641 64.7899551391602 -3.4e+38 -3.4e+38 -3.4e+38 -3.4e+38 -3.4e+38 -3.4e+38 -3.4e+38 -3.4e+38 -3.4e+38 -3.4e+38 -3.4e+38 -3.4e+38 -3.4e+38 -3.4e+38 -3.4e+38 -3.4e+38 -3.4e+38 -3.4e+38 -3.4e+38 -3.4e+38 -3.4e+38 -3.4e+38 -3.4e+38 -3.4e+38 -3.4e+38 -3.4e+38 -3.4e+38 -3.4e+38 -3.4e+38 -3.4e+38
65.2774887084961 65.2133560180664 65.1381530761719 65.2488327026367 65.3096313476562 65.3212814331055 65.3131637573242 65.04296875 65.0603713989258 65.0425796508789 65.1455917358398 65.1307525634766 65.0149612426758 65.2342987060547 65.0204849243164 64.9375991821289 64.5947189331055 -3.4e+38 -3.4e+38 -3.4e+38 -3.4e+38 -3.4e+38 -3.4e+38 -3.4e+38 -3.4e+38 -3.4e+38 -3.4e+38 -3.4e+38 -3.4e+38 -3.4e+38 -3.4e+38 -3.4e+38 -3.4e+38 -3.4e+38 -3.4e+38 -3.4e+38 -3.4e+38 -3.4e+38 -3.4e+38 -3.4e+38 -3.4e+38 -3.4e+38 -3.4e+38 -3.4e+38 -3.4e+38 -3.4e+38 -3.4e+38 -3.4e+38 -3.4e+38
65.0154342651367 64.9557723999023 64.9752807617188 64.9730758666992 65.1075592041016 65.1523590087891 65.1957778930664 65.0013275146484 64.8350143432617 64.7753372192383 64.9609298706055 64.8728637695312 64.6973114013672 64.8562469482422 64.8285675048828 -3.4e+38 -3.4e+38 -3.4e+38 -3.4e+38 -3.4e+38 -3.4e+38 -3.4e+38 -3.4e+38 -3.4e+38 -3.4e+38 -3.4e+38 -3.4e+38 -3.4e+38 -3.4e+38 -3.4e+38 -3.4e+38 -3.4e+38 -3.4e+38 -3.4e+38 -3.4e+38 -3.4e+38 -3.4e+38 -3.4e+38 -3.4e+38 -3.4e+38 -3.4e+38 -3.4e+38 -3.4e+38 -3.4e+38 -3.4e+38 -3.4e+38 -3.4e+38 -3.4e+38 -3.4e+38
64.7535934448242 64.6796035766602 64.8087387084961 64.9177169799805 64.9078369140625 65.1252136230469 65.0942459106445 64.9227828979492 64.7848510742188 64.6422653198242 64.624870300293 64.5598907470703 64.4525909423828 64.4585189819336 64.5087203979492 -3.4e+38 -3.4e+38 -3.4e+38 -3.4e+38 -3.4e+38 -3.4e+38 -3.4e+38 -3.4e+38 -3.4e+38 -3.4e+38 -3.4e+38 -3.4e+38 -3.4e+38 -3.4e+38 -3.4e+38 -3.4e+38 -3.4e+38 -3.4e+38 -3.4e+38 -3.4e+38 -3.4e+38 -3.4e+38 -3.4e+38 -3.4e+38 -3.4e+38 -3.4e+38 -3.4e+38 -3.4e+38 -3.4e+38 -3.4e+38 -3.4e+38 -3.4e+38 -3.4e+38 -3.4e+38
64.5428085327148 -3.4e+38 -3.4e+38 64.7571487426758 64.806884765625 65.1139068603516 65.0169982910156 64.6788024902344 64.7488479614258 64.6024398803711 64.4104843139648 64.3349304199219 64.3104476928711 64.2404251098633 -3.4e+38 -3.4e+38 -3.4e+38 -3.4e+38 -3.4e+38 -3.4e+38 -3.4e+38 -3.4e+38 -3.4e+38 -3.4e+38 -3.4e+38 -3.4e+38 -3.4e+38 -3.4e+38 -3.4e+38 -3.4e+38 -3.4e+38 -3.4e+38 -3.4e+38 -3.4e+38 -3.4e+38 -3.4e+38 -3.4e+38 -3.4e+38 -3.4e+38 -3.4e+38 -3.4e+38 -3.4e+38 -3.4e+38 -3.4e+38 -3.4e+38 -3.4e+38 -3.4e+38 -3.4e+38 -3.4e+38
64.1022491455078 64.2557754516602 64.349723815918 64.3715972900391 64.4473571777344 64.3596343994141 64.2887878417969 64.3515396118164 64.1676406860352 64.2376327514648 64.129508972168 64.0923004150391 63.9558792114258 -3.4e+38 -3.4e+38 -3.4e+38 -3.4e+38 -3.4e+38 -3.4e+38 -3.4e+38 -3.4e+38 -3.4e+38 -3.4e+38 -3.4e+38 -3.4e+38 -3.4e+38 -3.4e+38 -3.4e+38 -3.4e+38 -3.4e+38 -3.4e+38 -3.4e+38 -3.4e+38 -3.4e+38 -3.4e+38 -3.4e+38 -3.4e+38 -3.4e+38 -3.4e+38 -3.4e+38 -3.4e+38 -3.4e+38 -3.4e+38 -3.4e+38 -3.4e+38 -3.4e+38 -3.4e+38 -3.4e+38 -3.4e+38
