rcp4.5models/GFDL_CM3/sc1gr6.2
NCOLS 261 
NROWS 433 
XLLCORNER 336357.134 
YLLCORNER 654653.479 
CELLSIZE 1000 
NODATA_value -9999 
[rows 110 to 131 of 433, columns 150 to 199 of 261]
1651.42510893313 1656.90074026248 1660.56426003959 1661.73199382608 1666.30553708437 1670.90238831465 1675.31499209826 1681.07944519713 1691.36626127195 1694.30747273391 1697.58005739301 1701.07313761417 1705.15635970871 1708.15267351878 1712.64942009621 1720.41340519096 1726.95466030769 1728.84120686041 1731.07187249621 1738.04571649555 -9999 -9999 1750.057775799 1751.52217112326 -9999 -9999 -9999 -9999 -9999 -9999 -9999 -9999 -9999 -9999 -9999 -9999 -9999 -9999 -9999 -9999 -9999 -9999 -9999 -9999 -9999 -9999 -9999 -9999 -9999 -9999
1650.71395223315 -9999 1659.60292960509 1663.64363061755 1668.77282744095 1673.95535568613 1678.83282528062 1682.70841540247 1693.97210055208 1697.02575132071 1700.41718070321 1704.52510283137 1708.18884445604 1710.59033085383 1715.57919939238 1723.20287602876 1729.45443584972 1730.68400936674 1734.19305460662 1739.30115013637 -9999 1749.07556391763 1752.17031582483 -9999 -9999 -9999 -9999 -9999 -9999 -9999 -9999 -9999 -9999 -9999 -9999 -9999 -9999 -9999 -9999 -9999 -9999 -9999 -9999 -9999 -9999 -9999 -9999 -9999 -9999 -9999
1653.18398881684 1659.17561336895 1662.70526940351 1666.9536409403 1672.05435872645 1677.06742290631 1680.54845715039 1683.60055838051 1694.57440632588 1696.91981875046 -9999 1706.68688988632 1710.50140260192 1714.23231303368 1718.38090245053 1725.43178860586 1731.19733949455 1733.86755008326 1737.03571253125 1740.8383419273 1746.35188999526 1752.20671232855 1755.84096540381 1757.8159781422 1761.52893066406 -9999 -9999 -9999 -9999 -9999 -9999 -9999 -9999 -9999 -9999 -9999 -9999 -9999 -9999 -9999 -9999 -9999 -9999 -9999 -9999 -9999 -9999 -9999 -9999 -9999
1657.00807961466 1661.3300536652 1664.00344415904 1668.96926139995 1674.36310163621 1678.25599192451 1682.77454529526 1687.0743403002 1696.8809280727 1700.04838273209 1704.71815547453 1708.3661077741 1714.23394530952 1717.2588841402 1720.3268385364 1726.96983076951 1733.30318472441 1736.25325245042 1736.03264220227 1742.85059101701 1747.02304770417 1752.65682368868 1756.91855715478 -9999 1760.98409509462 -9999 -9999 -9999 -9999 -9999 -9999 -9999 -9999 -9999 -9999 -9999 -9999 -9999 -9999 -9999 -9999 -9999 -9999 -9999 -9999 -9999 -9999 -9999 -9999 -9999
1656.35068455114 1660.37876463262 1665.10872599328 1670.18480822817 1675.22746613011 1680.05838187151 1684.39727062952 1689.62782010746 -9999 1703.03038789881 1708.03727647467 1711.68401286923 1717.45560264276 1721.13134356369 1724.09964545512 1728.80631800988 1734.22794093053 1736.60872328845 1737.63930634513 1744.86542413012 1750.35811742617 1753.86462659124 1756.00540553838 1758.2064685448 1762.4595219232 1766.18582067908 -9999 -9999 -9999 -9999 -9999 -9999 -9999 -9999 -9999 -9999 -9999 -9999 -9999 -9999 -9999 -9999 -9999 -9999 -9999 -9999 -9999 -9999 -9999 -9999
1659.42825724494 1663.96380278961 1669.02139199153 1675.65685122137 1681.7648224112 1686.95217350227 1692.07790388052 1698.79181358463 1705.16890007818 -9999 1714.88120499543 1717.82427007033 1722.86061541892 1727.77310010689 1730.99470709804 1732.04559580596 1736.07311739032 1740.96761902294 1744.5087556544 1752.77175191404 1753.74962150667 1755.83514155027 1759.54086716682 1762.61790124174 1766.12337571173 -9999 -9999 -9999 -9999 -9999 -9999 -9999 -9999 -9999 -9999 -9999 -9999 -9999 -9999 -9999 -9999 -9999 -9999 -9999 -9999 -9999 -9999 -9999 -9999 -9999
1660.11039359998 1665.32204532242 1672.42541478814 1679.36743752554 1685.82704622483 1691.70886086862 1698.4201580914 1703.23444600599 1710.53134026505 1715.39463631954 1718.14886669073 1720.83719405306 1722.96094765189 1727.03897068423 1732.40135171873 1736.78420564595 1739.95114775141 1743.67136158453 1747.76412502485 1753.66931812457 1754.70995164654 1756.47501108284 1761.03006297722 1764.10471142208 1768.01877570009 1771.06971248102 -9999 -9999 -9999 -9999 -9999 -9999 -9999 -9999 -9999 -9999 -9999 -9999 -9999 -9999 -9999 -9999 -9999 -9999 -9999 -9999 -9999 -9999 -9999 -9999
1661.70563551512 1668.9300295254 1674.22763513909 1681.37574904021 1688.89181687146 1695.29707465842 1702.63579265577 1706.80657829695 1718.11720032362 1720.06529632325 1721.87341010724 1723.85190496456 1725.21328789669 1728.5025413231 1736.07275133554 1740.83723405654 1743.42614361765 1747.08312038863 1751.23191648813 1753.8595531636 1756.25164928374 1758.49625310451 1761.94838687486 1764.79119615063 1769.32913796501 1771.67826108745 -9999 -9999 -9999 -9999 -9999 -9999 -9999 -9999 -9999 -9999 -9999 -9999 -9999 -9999 -9999 -9999 -9999 -9999 -9999 -9999 -9999 -9999 -9999 -9999
1664.26513048764 1673.24206701077 1675.61895131019 1683.42351425278 1691.67024140034 1699.52681831411 1707.65283890894 1710.09641595258 1722.69950433631 1722.85728270982 1725.0802782303 1726.21284293996 1727.86264648717 1732.66500166323 1739.67780921622 1743.55086209938 1744.6401138315 1749.7170911555 1753.31365727204 1755.97836094436 1758.51746206291 1761.52696116368 1765.79394925963 1769.35979687387 1772.76926813227 1774.01990631473 -9999 -9999 -9999 -9999 -9999 -9999 -9999 -9999 -9999 -9999 -9999 -9999 -9999 -9999 -9999 -9999 -9999 -9999 -9999 -9999 -9999 -9999 -9999 -9999
1666.93480356433 1675.89218527454 1679.11871574971 1685.74030516673 1695.02815235909 1704.00412063802 1711.46610402044 1712.91484137595 1722.87517531323 1722.70598484866 1723.93154300219 1727.30631590752 -9999 1734.3830272729 1741.27408296529 1746.15259132386 1747.63530464804 1751.40807403107 1754.16113198362 1758.523502007 1760.91654194164 1763.48099040379 1768.22079271267 1772.82033484987 1776.60125961448 1776.63001290056 -9999 -9999 -9999 1787.40854513469 -9999 -9999 -9999 -9999 -9999 -9999 -9999 -9999 -9999 -9999 -9999 -9999 -9999 -9999 -9999 -9999 -9999 -9999 -9999 -9999
1668.18506970907 1674.89852048193 1681.27750281125 1689.55281355547 1699.04412897778 1706.45677698171 1715.23605294155 1715.21205550413 1723.5457900664 1723.4900987247 1725.51187694099 1728.32783713077 1731.22790424026 1737.82516561075 1745.35332953074 1747.38164039237 1750.78069329765 1752.44083046369 1753.22949168295 1760.8976790609 1764.25048891968 1765.54977663608 1771.26575391118 1778.86645393158 1777.54765368002 1778.07338821228 1779.90155287428 1781.30135176001 1784.84063105768 1789.70883597336 1792.73559570312 -9999 -9999 -9999 -9999 -9999 -9999 -9999 -9999 -9999 -9999 -9999 -9999 -9999 -9999 -9999 -9999 -9999 -9999 -9999
1669.44153795137 1674.72314683957 -9999 1691.68982485001 1702.42689605238 1709.04913760791 1716.38038956264 1716.72703143152 1722.36528305628 1725.03616831199 1726.81761690598 1730.15452933648 1734.95330820412 -9999 1748.4905136159 1749.84045591252 1751.84906845961 1752.38314510322 1754.45330618305 1763.02460921014 1766.36250043005 1769.65292656892 1776.44623354586 1782.47754555484 1779.46959181471 1781.82470911669 1784.51334219418 1784.63908666234 1787.72375756849 -9999 1795.0742856352 1797.12548828125 -9999 -9999 -9999 -9999 -9999 -9999 -9999 -9999 -9999 -9999 -9999 -9999 -9999 -9999 -9999 -9999 -9999 -9999
1671.6494087688 1676.9225395278 1684.04403882029 1693.26422750074 1702.31981431229 1710.74466473553 1718.70120715189 1719.97195595757 1722.12585864464 1725.33184449351 1730.47965087396 1733.50447370453 1737.58086012029 1742.85771106012 1750.02038545233 1752.06027372875 1752.96691124377 1753.97431435016 1756.9314528306 1764.94545832773 1768.41648742874 1772.66257879693 1779.35245318113 1782.06091029013 1782.62898237632 1786.69439433438 1788.98561895556 1787.08713824314 1789.21359131876 1790.30688570454 -9999 1798.12053517439 1799.72338867188 -9999 -9999 -9999 -9999 -9999 -9999 -9999 -9999 -9999 -9999 -9999 -9999 -9999 -9999 -9999 -9999 -9999
1673.71640792288 1679.54412430877 1686.29424958583 1693.99334153361 1699.69188149208 1711.96714572777 1723.01203952528 1722.75169576956 1723.89249792544 1727.72458814691 1733.78906800864 1738.27368734858 1742.55952530057 1747.1546427805 1752.41265996892 1754.4184333477 1755.15815924103 1756.87019427794 1760.62772677133 1767.4957797314 1770.06818863806 1774.52718158967 1780.84820086107 1782.35636051927 1784.99115982056 1788.51850386379 1788.47043891675 1788.3495362595 1790.49486921902 -9999 1797.36524549517 1799.27510235304 1801.78685904545 -9999 -9999 -9999 -9999 -9999 -9999 -9999 -9999 -9999 -9999 -9999 -9999 -9999 -9999 -9999 -9999 -9999
1673.57446640865 1680.57871383838 1686.40482233636 1693.88874844893 1701.71486067649 1712.42301522246 1723.90176127472 1722.92292478759 1728.18441649481 1732.92233252338 1735.95818134346 1742.91122946062 1749.4438640321 1748.27666355668 1751.48129976703 1754.33999067443 1755.02161142991 1758.48230174827 1762.7443443248 1770.45161039807 1772.43708003012 1776.01576623793 1782.69356124076 1785.96839804573 1789.52958327055 1791.3430306879 1790.23290809366 1792.50952760081 1791.48928661497 1793.52589957929 1799.49588089043 1800.09931239759 -9999 1806.03161621094 -9999 -9999 -9999 -9999 -9999 -9999 -9999 -9999 -9999 -9999 -9999 -9999 -9999 -9999 -9999 -9999
1673.96954449091 1680.43720787639 1686.27661434838 1694.56138227404 1706.07824587637 1713.6256980971 1721.42308768975 1721.61385326753 1733.83120459434 1737.97207606507 1739.75685129839 1748.01663908782 1755.26160662322 1748.40830391022 1749.09776598996 1752.72432808545 1755.86138579989 1760.67601463755 1765.0119291824 1772.23057701253 1773.67248061678 1778.1056078402 1784.29998822011 1789.23732855784 1793.22286272451 1793.95121995987 1794.82599685729 1796.22462311926 1793.56597324946 1795.6205966675 1798.899149389 1800.35632674921 1803.42805410498 1806.53875064846 1809.07299804688 -9999 -9999 -9999 -9999 -9999 -9999 -9999 -9999 -9999 -9999 -9999 -9999 -9999 -9999 -9999
1679.66578843294 1685.19964289911 1689.44501377879 1696.48648699623 1703.93713556382 1708.1227907838 1713.66715404904 1720.06955874265 1737.50873795602 1743.03718812475 1746.27819735723 1757.88260544658 1760.51289248031 1753.13048949268 1753.49845979472 1755.86171641393 1759.67122961725 1766.06124167745 1771.4602811541 1776.29206153012 1778.09483770134 1783.26717924994 1791.69429531107 1796.44748738849 1800.11738876234 1800.39560849627 1800.72358901384 1799.28025341365 1798.97359191316 1800.46952948294 1802.39588456578 1802.02758187542 -9999 1804.57302331383 1809.0145441298 -9999 -9999 -9999 -9999 -9999 -9999 -9999 -9999 -9999 -9999 -9999 -9999 -9999 -9999 -9999
1682.57500801024 1685.63634873705 1691.58569527317 1697.56242865473 1702.52729626156 1707.71068318708 1713.46870648899 1719.920221289 1736.62617181861 1743.16088786493 1748.12139708906 1758.14601477372 1760.37894522794 1756.41951322404 1756.92476016306 1758.92598485182 1763.02907914993 1768.3741329947 1774.89881167194 1778.40910643817 1780.3572093614 1785.20466307906 1792.48263162741 1798.97227332567 1801.61838191144 1801.66735607648 1800.99852145087 1800.16272943685 1798.12862182625 1797.22738528921 1801.37691814929 1802.91534866429 -9999 -9999 1808.98252556317 1812.27246772052 -9999 -9999 -9999 -9999 -9999 -9999 -9999 -9999 -9999 -9999 -9999 -9999 -9999 -9999
1685.97234763332 1686.8998103857 1693.32181014959 1698.9620718935 1704.32168744333 1709.89074149 1715.768779897 1722.68972442255 1738.47913165552 1745.8853471448 1750.818758949 1758.04382437295 1759.64340147546 1758.00203579995 1759.04547888734 1761.60925645675 1766.50238977666 1771.33373565782 1776.41293755143 1781.84501651452 1784.38547575876 1788.37981580934 1792.83596956967 1798.2680249039 1800.16569473197 1800.9840431762 1801.06138618466 1802.12857530586 1801.60117062062 1799.84518496822 1801.07507014222 1802.10032211365 1803.80974615059 1805.36828386191 -9999 1812.67099608003 -9999 -9999 -9999 -9999 -9999 -9999 -9999 -9999 -9999 -9999 -9999 -9999 -9999 -9999
1687.81129032361 1690.29363767876 1694.63521539309 1699.94638768178 1705.58076764773 1713.43438467 1716.5566204289 1725.54544423172 1741.6944482334 1750.89864048083 1755.7431081257 1759.13718832323 1758.98181511277 1758.24360375039 1761.35446339797 1766.0645819888 1769.74212079803 1773.77980759315 1778.15098312333 1785.34314634212 1788.52965199348 1792.18102814762 1794.70187897221 1798.58768556856 1800.74892563906 1801.18758570997 1800.81445070938 1800.56918179991 1801.59788565416 1802.03885617336 1800.05047922659 1800.57616691764 1802.72042992765 -9999 -9999 1810.24736775406 1811.66798960254 -9999 -9999 -9999 -9999 -9999 -9999 -9999 -9999 -9999 -9999 -9999 -9999 -9999
1688.67611396131 1691.59438178431 1695.11160931123 1700.80827701529 1708.97441758487 1715.54900076154 1718.41069862653 1726.96903321041 1745.62806253218 1755.45286026412 1762.86900243467 1762.60458466623 1760.61691992063 1760.40180892966 1763.92247621467 1768.2764549861 1772.35114668603 1776.50654655734 1782.61794950819 1793.225885504 1795.74490284803 1795.55454985894 1796.52638568591 1799.2807687162 1802.14486319627 1801.97090422904 1800.23906758068 1799.19810290357 1800.42647880404 1800.18875898839 1800.37286787509 1799.82186268331 1802.29481800039 1804.50238404787 1806.13665961914 1809.32423453401 1812.57050109222 -9999 -9999 -9999 -9999 -9999 -9999 -9999 -9999 -9999 -9999 -9999 -9999 -9999
1687.94355013538 1691.26312628972 1696.14585044987 1702.13015073646 1712.17095630154 1718.24404891521 1720.42397759862 1729.28240845645 1750.74289633672 1762.02352661235 1762.27424898513 1761.22973110275 1762.20124531724 1763.85848638149 1767.20679234612 1770.23881554631 1774.86370862573 1779.47036336357 1786.66283787226 1801.62813789771 1803.17679352332 1798.70387789965 1798.00048461295 1801.21757775089 1803.76006305573 1803.30523466005 1802.90648575732 1803.78584298398 1803.11202401388 1800.81313901185 1801.68403950522 1800.93972429993 1803.22549764328 -9999 1807.32631728555 1810.73840580655 1814.02318348938 1814.87912612686 -9999 -9999 -9999 -9999 -9999 -9999 -9999 -9999 -9999 -9999 -9999 -9999
