rcp4.5models/GFDL_CM3/sc1gr9.29
NCOLS 261 
NROWS 433 
XLLCORNER 336357.134 
YLLCORNER 654653.479 
CELLSIZE 1000 
NODATA_value -9999 
[rows 299 to 321 of 433, columns 100 to 149 of 261]
478.259582519531 467.304473876953 472.032104492188 477.700103759766 488.704742431641 494.589904785156 478.808898925781 454.246887207031 440.139739990234 437.958465576172 434.962860107422 431.917083740234 424.0771484375 421.076629638672 417.224182128906 410.145782470703 407.327301025391 406.108154296875 409.472259521484 407.284454345703 402.254852294922 398.475830078125 396.212921142578 393.381713867188 385.306549072266 383.401550292969 382.862762451172 374.512603759766 355.179016113281 337.921295166016 336.736083984375 352.516204833984 387.994964599609 385.055480957031 373.993438720703 359.873046875 366.489837646484 371.96484375 365.975494384766 367.059753417969 370.561004638672 372.434387207031 374.63818359375 389.615356445312 410.658782958984 405.184539794922 394.864990234375 408.378479003906 408.612030029297 399.713073730469
475.171539306641 467.9169921875 463.519317626953 460.451904296875 466.053192138672 474.751800537109 467.978973388672 450.659332275391 443.029205322266 442.347747802734 439.467010498047 434.136474609375 427.514038085938 425.606994628906 423.829559326172 418.871459960938 417.150054931641 414.238739013672 413.717864990234 408.024566650391 397.53662109375 397.573364257812 399.590759277344 397.251129150391 389.009948730469 384.386840820312 381.844055175781 367.650573730469 346.208099365234 339.718811035156 334.357971191406 335.098175048828 349.818878173828 362.320129394531 351.442504882812 378.495574951172 382.6552734375 385.902008056641 371.643035888672 361.473052978516 364.363708496094 372.982879638672 397.681518554688 401.886657714844 389.931976318359 376.897338867188 370.142608642578 375.266326904297 389.798156738281 408.715209960938
478.084777832031 470.786224365234 465.098388671875 464.786163330078 462.753448486328 457.667388916016 458.232482910156 459.595672607422 453.099609375 446.407806396484 443.039337158203 438.828948974609 436.719024658203 433.246887207031 434.986846923828 434.003234863281 429.356018066406 420.798034667969 415.210540771484 414.054016113281 403.769561767578 396.443054199219 393.633911132812 388.698150634766 382.111145019531 367.737274169922 366.461212158203 363.041259765625 352.08642578125 346.723876953125 341.001434326172 324.816558837891 310.982849121094 302.334838867188 318.545593261719 347.347534179688 361.627380371094 352.415710449219 340.884887695312 344.644836425781 356.831146240234 376.190124511719 378.13134765625 362.020904541016 357.916015625 336.351379394531 316.500030517578 342.763854980469 351.787872314453 371.925750732422
483.688842773438 473.984008789062 470.06591796875 467.953582763672 465.532531738281 461.694091796875 458.713317871094 457.976196289062 455.153900146484 450.963745117188 446.689239501953 442.591400146484 438.803894042969 435.368774414062 443.838317871094 440.429351806641 432.298217773438 416.652069091797 406.176330566406 405.351348876953 401.396301269531 400.098571777344 395.544738769531 387.984222412109 388.114379882812 377.804443359375 364.240692138672 354.966796875 353.428833007812 350.322479248047 337.620758056641 302.894073486328 282.805725097656 281.003814697266 302.088775634766 331.026763916016 333.36669921875 326.354553222656 319.426330566406 323.159271240234 344.170776367188 377.431396484375 378.068176269531 356.234252929688 344.125427246094 319.588745117188 300.840545654297 339.124938964844 350.010833740234 357.463684082031
485.470031738281 476.327972412109 473.877899169922 471.66162109375 468.223419189453 463.935302734375 459.244415283203 455.505218505859 453.192657470703 450.738250732422 446.515655517578 443.966339111328 441.013488769531 438.682281494141 447.987396240234 443.938751220703 436.95654296875 418.244293212891 405.131408691406 406.451538085938 402.883758544922 396.505004882812 384.380523681641 385.642822265625 388.280548095703 384.653778076172 372.897583007812 361.262329101562 361.913116455078 355.736633300781 337.541381835938 303.342193603516 279.293304443359 272.575286865234 289.678344726562 324.857574462891 318.120666503906 311.678649902344 310.914520263672 322.919281005859 354.791229248047 373.197845458984 375.75 345.600494384766 319.005859375 299.496032714844 300.809173583984 323.419982910156 341.364685058594 343.563659667969
498.942443847656 488.929443359375 476.645263671875 474.694427490234 471.324951171875 467.999420166016 460.752380371094 454.287048339844 455.095367431641 452.886383056641 448.130889892578 445.676055908203 452.135620117188 454.784759521484 454.796356201172 449.630187988281 442.084289550781 421.936096191406 408.00048828125 410.041046142578 401.837677001953 391.862518310547 382.640960693359 385.828277587891 389.882232666016 385.113983154297 380.918884277344 371.597015380859 365.353820800781 360.642730712891 345.400177001953 320.329254150391 296.398315429688 276.598449707031 278.477325439453 298.467742919922 295.073455810547 300.566802978516 324.766571044922 347.216278076172 361.399475097656 364.506866455078 363.194091796875 330.608489990234 300.476531982422 291.089813232422 298.081451416016 294.285827636719 307.170074462891 317.871276855469
521.755615234375 500.8037109375 481.516052246094 478.705902099609 473.059631347656 468.720916748047 457.1181640625 443.538269042969 446.753997802734 448.235656738281 450.591339111328 450.495697021484 464.950561523438 467.011840820312 459.323913574219 449.239471435547 443.345275878906 433.846618652344 414.488616943359 406.574798583984 398.926055908203 392.58935546875 393.931518554688 393.247375488281 401.659973144531 396.806365966797 385.816711425781 379.372680664062 391.905792236328 395.852325439453 351.569671630859 341.655548095703 317.582916259766 288.674224853516 271.691375732422 284.840728759766 301.167144775391 314.004577636719 346.882141113281 370.445220947266 362.180603027344 357.544952392578 347.240325927734 317.373870849609 299.064117431641 291.998657226562 290.502075195312 280.420989990234 278.974792480469 288.823699951172
517.618530273438 503.360717773438 486.742980957031 481.841033935547 476.655181884766 468.230804443359 458.691833496094 444.035675048828 437.504150390625 447.656494140625 453.807250976562 454.201232910156 473.806579589844 471.974365234375 460.470001220703 442.209289550781 435.983551025391 441.263244628906 434.331695556641 424.083221435547 419.058898925781 416.650146484375 416.175415039062 414.047546386719 414.893157958984 -9999 400.897735595703 393.958343505859 402.323913574219 399.335174560547 355.327056884766 349.013488769531 335.866241455078 303.174621582031 274.3076171875 290.850067138672 332.079650878906 347.712524414062 365.265808105469 367.951934814453 348.742156982422 338.261291503906 327.165954589844 309.627349853516 296.678192138672 289.351196289062 285.082824707031 279.394836425781 276.25048828125 274.690277099609
503.941253662109 500.2744140625 492.140594482422 485.014709472656 481.916839599609 471.968688964844 465.605682373047 462.534637451172 452.681884765625 457.979095458984 461.961395263672 469.453460693359 482.307861328125 476.290649414062 464.298034667969 443.42919921875 428.952911376953 429.812133789062 434.206665039062 -9999 -9999 -9999 -9999 -9999 -9999 412.764099121094 -9999 -9999 394.705200195312 381.305847167969 363.533416748047 349.013244628906 342.360504150391 313.130432128906 279.773681640625 301.42041015625 343.476196289062 365.645751953125 372.905670166016 358.134033203125 327.495574951172 313.312744140625 310.001953125 300.280944824219 286.266815185547 281.181488037109 278.387145996094 281.123962402344 277.755065917969 274.146606445312
510.648284912109 497.053588867188 494.048004150391 488.842529296875 484.922821044922 478.529632568359 473.254821777344 475.097991943359 480.40673828125 487.636474609375 489.472290039062 495.133453369141 486.994079589844 472.185028076172 465.085205078125 449.874816894531 430.125335693359 425.635528564453 424.352844238281 424.794891357422 422.5791015625 423.680389404297 417.616790771484 412.66943359375 405.630187988281 412.521392822266 409.507720947266 394.412384033203 408.720642089844 413.789947509766 382.887573242188 380.067718505859 347.519134521484 323.982025146484 286.629058837891 302.356903076172 338.612091064453 351.703430175781 362.533264160156 349.353210449219 316.625213623047 297.979583740234 290.451049804688 281.092346191406 277.65673828125 275.54150390625 264.286529541016 272.491729736328 273.627838134766 275.316070556641
525.235961914062 516.033874511719 493.261383056641 488.118316650391 485.460754394531 485.387939453125 482.000061035156 479.900482177734 496.037872314453 512.673706054688 511.023315429688 508.071105957031 486.717895507812 466.055084228516 456.106750488281 450.148468017578 434.142456054688 431.385925292969 424.798004150391 415.762451171875 407.737823486328 401.648956298828 397.333221435547 395.014465332031 405.151336669922 408.801727294922 389.748840332031 370.341156005859 386.108123779297 424.185699462891 408.198089599609 376.789581298828 341.994720458984 313.188049316406 287.154144287109 287.996978759766 317.932556152344 328.474060058594 344.731231689453 341.059020996094 308.724212646484 286.556427001953 269.672180175781 268.710754394531 272.248718261719 270.630187988281 255.635192871094 266.763427734375 276.577178955078 274.6064453125
563.673950195312 546.133666992188 498.970611572266 483.508697509766 479.464660644531 493.418731689453 490.356140136719 489.984161376953 511.293914794922 522.0126953125 515.041320800781 510.312652587891 483.998504638672 461.340087890625 448.262420654297 445.233367919922 439.416625976562 433.425842285156 422.130218505859 408.526519775391 400.960693359375 396.494140625 391.373718261719 390.86474609375 407.186645507812 401.951354980469 379.063415527344 368.185546875 364.923675537109 376.986328125 386.116546630859 356.548400878906 337.924377441406 296.800262451172 276.279724121094 276.048065185547 287.640838623047 298.156158447266 321.772521972656 346.249603271484 316.38134765625 283.133483886719 259.059539794922 264.409149169922 269.136566162109 263.506896972656 266.170684814453 276.759796142578 284.470672607422 277.176422119141
633.033325195312 591.930358886719 532.642639160156 487.772033691406 480.852142333984 503.205200195312 509.570373535156 512.560913085938 527.600402832031 529.476196289062 518.447387695312 507.402252197266 490.085327148438 469.871826171875 451.386322021484 446.011077880859 442.010009765625 434.215637207031 425.901611328125 412.208251953125 402.050506591797 400.421203613281 398.762786865234 403.1181640625 403.970062255859 398.593963623047 383.031585693359 376.995788574219 373.900909423828 352.589965820312 346.438140869141 347.082061767578 339.357849121094 309.201904296875 277.345367431641 266.690277099609 267.154663085938 276.440490722656 306.32666015625 327.210296630859 300.696075439453 270.648071289062 256.611541748047 258.984130859375 262.218505859375 261.660125732422 280.136627197266 288.903472900391 292.582336425781 279.741790771484
672.005920410156 623.433654785156 553.004760742188 498.535186767578 495.512817382812 511.717987060547 525.204040527344 533.64453125 534.2255859375 526.990966796875 512.397155761719 497.673858642578 489.590850830078 468.893463134766 454.358367919922 449.547485351562 442.888854980469 436.448333740234 432.884429931641 418.280944824219 403.464599609375 402.254241943359 405.891815185547 414.362091064453 429.018218994141 443.56884765625 386.418029785156 377.340759277344 371.953460693359 365.107116699219 352.901794433594 338.804534912109 327.407379150391 314.567047119141 290.907196044922 264.200866699219 263.050415039062 269.428497314453 282.448577880859 280.211547851562 268.444458007812 258.130554199219 256.376403808594 255.227386474609 258.392822265625 270.202514648438 292.440704345703 301.018341064453 294.013885498047 281.268371582031
691.938537597656 647.941101074219 626.801574707031 577.133728027344 575.937255859375 585.576416015625 556.720703125 536.232971191406 517.419494628906 494.607208251953 485.647613525391 491.343231201172 481.370635986328 465.91015625 452.903533935547 440.486175537109 429.093200683594 422.017639160156 419.944915771484 413.277770996094 406.541839599609 408.032348632812 413.359161376953 416.247741699219 451.492889404297 384.702972412109 379.816741943359 378.73388671875 395.848236083984 405.894958496094 370.514434814453 352.541198730469 318.32373046875 294.707275390625 280.736785888672 265.459014892578 264.191833496094 263.321411132812 262.818756103516 261.768218994141 260.061370849609 258.215911865234 256.863586425781 255.931976318359 255.773483276367 256.807983398438 282.835357666016 287.609161376953 288.971466064453 283.621734619141
677.549438476562 662.944458007812 673.999145507812 656.770263671875 646.479919433594 644.251953125 609.616882324219 552.396728515625 515.928161621094 495.218139648438 490.897216796875 489.815734863281 486.794372558594 465.495788574219 445.142303466797 434.501220703125 419.754730224609 414.083526611328 415.333648681641 411.8291015625 409.604766845703 407.13623046875 410.21240234375 416.890594482422 441.005004882812 384.151123046875 368.859161376953 357.376190185547 364.673522949219 357.728179931641 343.595367431641 338.660217285156 319.946472167969 296.899688720703 276.356842041016 265.997589111328 264.842315673828 263.795867919922 262.994598388672 261.986602783203 260.350280761719 258.720092773438 257.447540283203 256.454406738281 255.352096557617 254.57014465332 268.491180419922 273.520446777344 282.965179443359 281.718017578125
693.929321289062 661.531860351562 683.633605957031 671.827758789062 672.812438964844 665.929931640625 646.761901855469 583.855712890625 522.348388671875 503.126342773438 498.766235351562 494.366271972656 485.004669189453 468.985076904297 444.096771240234 430.377685546875 412.468231201172 404.141265869141 413.562286376953 414.555755615234 410.542175292969 407.51171875 412.448333740234 415.627807617188 476.717590332031 433.340118408203 348.26708984375 311.156311035156 323.541931152344 315.582183837891 300.216461181641 302.813720703125 292.258666992188 284.110534667969 272.794860839844 266.679504394531 265.592895507812 264.713409423828 263.141967773438 261.960723876953 260.615295410156 259.246307373047 258.1552734375 257.132904052734 255.973968505859 255.376815795898 258.295013427734 263.778106689453 279.200317382812 283.978820800781
722.688110351562 635.223693847656 660.768798828125 683.682189941406 657.656188964844 642.809387207031 666.242553710938 613.167785644531 538.172119140625 504.778015136719 501.990997314453 494.106842041016 477.318817138672 467.441223144531 441.801910400391 424.863067626953 402.927703857422 390.489318847656 400.23876953125 411.641632080078 411.66455078125 411.053131103516 418.760803222656 451.392425537109 473.160675048828 434.775817871094 359.208892822266 313.769226074219 298.055114746094 286.263702392578 280.695159912109 280.485870361328 275.037902832031 273.639495849609 270.406616210938 267.660217285156 266.644195556641 265.637908935547 263.931945800781 263.286529541016 262.329010009766 260.842742919922 259.726440429688 257.869934082031 256.874298095703 262.0029296875 277.7099609375 279.375335693359 288.166564941406 279.518859863281
718.883544921875 617.449157714844 632.545715332031 698.283630371094 663.685119628906 622.71533203125 644.534606933594 646.508239746094 591.791564941406 531.718811035156 504.9951171875 493.123504638672 457.446258544922 453.488433837891 438.164642333984 426.219390869141 408.245941162109 389.319549560547 393.877349853516 414.251037597656 413.918975830078 410.895233154297 416.687255859375 488.442260742188 429.431335449219 444.180023193359 415.740783691406 411.906158447266 333.507934570312 298.695739746094 278.504638671875 277.899688720703 275.456665039062 272.631530761719 271.100677490234 268.954254150391 267.41064453125 266.459869384766 265.509490966797 264.47216796875 263.472442626953 264.066711425781 263.797241210938 259.367584228516 257.746643066406 270.444152832031 295.061492919922 285.951080322266 284.077728271484 268.407409667969
710.45556640625 656.032653808594 665.613891601562 712.811279296875 688.558654785156 623.8369140625 603.142150878906 641.404418945312 621.589172363281 555.019348144531 502.612548828125 496.757476806641 446.291168212891 443.827056884766 437.9951171875 430.630737304688 422.737854003906 411.478729248047 410.811492919922 420.587066650391 414.678283691406 408.168823242188 453.034210205078 512.937255859375 423.822601318359 437.991516113281 419.055969238281 432.456726074219 375.921539306641 344.661895751953 316.912078857422 308.592834472656 294.348480224609 282.430877685547 274.676452636719 273.004577636719 269.888610839844 267.186126708984 266.376373291016 264.767395019531 263.501403808594 264.468139648438 266.113037109375 267.433471679688 272.988861083984 286.219665527344 296.813446044922 278.376770019531 276.177032470703 272.952239990234
703.815246582031 688.55859375 659.168273925781 694.579040527344 704.916687011719 634.943969726562 571.115783691406 595.339904785156 607.700988769531 551.16357421875 504.5693359375 484.976257324219 471.691986083984 459.982818603516 438.626098632812 433.598937988281 430.452728271484 428.401550292969 425.711517333984 423.176391601562 418.062713623047 412.119598388672 489.712097167969 566.706665039062 392.206237792969 421.215026855469 466.054901123047 457.293334960938 450.375152587891 439.759643554688 401.946868896484 353.565551757812 334.130859375 315.702728271484 302.0419921875 297.523468017578 281.603424072266 271.422729492188 268.918060302734 266.069274902344 265.101379394531 264.247711181641 264.067321777344 269.345428466797 286.027862548828 302.728607177734 290.525177001953 278.958557128906 279.020812988281 278.967010498047
726.66845703125 702.756286621094 628.654052734375 634.33203125 696.653930664062 673.077270507812 582.855651855469 546.593566894531 562.239196777344 529.0654296875 485.701141357422 466.548828125 484.996429443359 470.279083251953 439.684448242188 436.984619140625 434.848297119141 431.393463134766 427.913543701172 423.912780761719 420.858520507812 461.603118896484 514.171752929688 537.868225097656 432.441528320312 472.847442626953 488.916534423828 498.8173828125 446.749542236328 466.136505126953 472.391906738281 423.846160888672 417.374237060547 387.870239257812 339.259246826172 309.886779785156 281.83984375 272.132110595703 270.211029052734 268.950866699219 270.041687011719 270.639373779297 267.668640136719 264.867309570312 276.937683105469 295.882965087891 284.767242431641 278.045013427734 274.139282226562 274.070983886719
764.083374023438 719.731506347656 629.291625976562 576.06640625 645.814819335938 705.217163085938 638.108032226562 559.310485839844 538.691040039062 520.976745605469 479.740417480469 464.732543945312 464.393981933594 456.902191162109 444.486083984375 439.113342285156 437.054931640625 433.917602539062 428.968688964844 423.769836425781 420.710021972656 457.476776123047 472.720275878906 447.658599853516 470.855255126953 529.647277832031 496.985107421875 503.969543457031 452.9404296875 444.534088134766 435.136016845703 446.297271728516 477.95361328125 449.877655029297 387.203735351562 298.301818847656 275.052551269531 269.868408203125 269.625518798828 269.773620605469 271.529113769531 275.501586914062 276.800537109375 273.578125 280.980560302734 298.545257568359 283.722259521484 277.293304443359 273.767333984375 272.559356689453
