rcp4.5models/GFDL_CM3/sc1gr7.6
NCOLS 261 
NROWS 433 
XLLCORNER 336357.134 
YLLCORNER 654653.479 
CELLSIZE 1000 
NODATA_value -9999 
[rows 264 to 285 of 433, columns 100 to 149 of 261]
59.638665524957 59.3343987878705 59.1485492972524 59.04455289367 58.9522479952219 58.9637399049827 59.2872889455526 60.545937326427 61.7831415087242 61.0228723476472 59.206602581696 59.2431516871744 61.5412413527171 61.0525108866529 61.3318186955914 61.7215854489372 61.9582038165952 62.3463552877094 62.7191191379146 62.6655407031256 62.6764241082325 62.5136601086808 62.4188463964198 62.3875983871935 62.0034670508909 62.8851058025739 63.9751289104672 64.9962071322079 64.2184492324498 60.8966042097386 61.4488611405597 63.1039176105766 59.5555776074315 64.3907690286871 71.2914872330268 64.8604880570531 69.1519626070099 73.2059229420968 74.7448851756479 68.4090354465702 68.1629473858394 73.4050467525623 75.6947482472602 73.7294476948267 66.8960583286803 64.5313448341485 60.6752202371035 60.84795558707 62.6413028029041 61.2170961788085
59.6678289450121 59.3883060029888 59.1364953748135 58.904152379621 58.7743865111255 58.7253385169408 59.0049950246746 60.4173882981258 61.8355737381578 60.8368818440491 59.1623194043454 59.1321445902462 61.051146301142 61.2736972934732 60.8487183353911 61.1619985518819 61.519910519748 61.8923934570376 62.3330887967264 62.4953203020404 62.4958385403809 62.4007359763995 62.2383960781004 62.220580341939 61.9296076106049 62.2628450432104 62.6459291398738 63.8947048601568 62.950743524994 58.5270989683312 60.0482063115982 63.5153908293124 57.9779631464674 59.1494172829544 66.0917772633433 70.7453792769287 70.1864832180091 70.0189315630749 73.8256450454856 72.8190419790137 75.3158944479352 79.7815625143014 79.966513703314 74.3540451815518 65.8499202901419 64.251795922263 58.7238665216321 60.4624809768489 61.1054720550449 59.7270723481703
59.5012285249396 59.4856034644735 59.1006702665682 58.7962129802369 58.7248953561913 58.5784361962398 58.477482042586 58.4674324825467 59.5524105189215 61.3710776966543 61.0707132129928 59.9483578877642 59.964143509673 60.7529285977164 60.2781964447194 60.3180562533546 60.552253547817 60.8636234255358 61.0280804360517 61.2790569363353 61.7328029764553 62.0509277173177 62.0239390493315 61.8982972502695 61.5828715625986 61.7861001101368 61.5356844278919 61.9727948737386 63.0690040978885 60.3220801358136 59.4141460900493 69.1299805232535 66.4330033657609 56.6909027407613 58.1220282216384 66.6043000700653 71.209562097803 74.0051034896125 75.7580253929281 72.678656037834 71.2238287792627 75.2256278915437 73.6154700441221 66.3135838002617 63.7933747244626 61.7036117647138 57.1331791385551 57.5535279971069 58.8486129934145 64.4603799264435
59.7583557457454 59.7875727198936 59.5605412249669 58.733781940634 58.6425639638523 58.518761416456 58.4064332263872 58.3537536346579 58.7941686811811 60.2612871811952 61.2478195586107 60.4350415029279 60.8796364298946 61.2332293126492 60.4767351444224 59.8319226799586 60.1530381218374 60.471117838189 60.556416334969 60.8589876345132 61.3363453679205 61.5811523804555 61.9160565854481 61.8153666384211 61.4906045318215 61.5485372611556 61.3667496439935 61.7076639644123 62.1280106536789 59.8934623281737 60.9596919764565 68.6939577723276 66.6167570334553 58.7504942802667 59.5892794682753 60.7778446776614 63.4615202755232 64.4780887122271 70.9273474038028 74.5848325981022 71.2748359152072 74.6976929874704 76.5578803673805 70.937406559155 63.17510557418 61.1898056053979 56.3958948203235 56.6609605263123 58.7011164319272 65.265441758409
59.7775129322501 59.4453637031555 59.2998469587044 58.7097582219673 58.5396153939726 58.8467464462111 59.501418315097 59.0585156543914 58.2581031831678 58.9035113915833 59.994541952326 60.043494817548 60.9712495527934 61.3584528257967 60.5071909575589 60.0720844845132 59.8776688719656 60.213683027594 60.500395422239 60.4851820750878 60.7970519650599 60.9327648854322 61.2510782785531 61.3968189716218 61.3147570013115 61.4164990817318 61.2735491295059 61.3738036732042 61.399801615167 58.5664912337414 60.025364927509 67.8671325161501 65.7023085908658 58.3807293745438 60.2214609686341 61.2725691429833 59.9977648571041 59.7162839507725 63.0533633061345 67.0365423745134 69.5128644890867 76.7048383136314 75.3834473688259 71.6130054949931 70.1958713393287 69.5289208594823 57.4299982803445 60.2931102982417 61.9287484424052 65.3353551055072
59.4011558674827 58.8647018540426 58.784325893524 58.7735704736068 58.5979630318012 58.7608126666151 59.8454243846659 60.4548373909818 59.2756764868237 58.2623981345283 58.5510985227609 59.5910787043305 60.2207850476066 60.5272938072614 59.8589407943103 59.922805230623 59.6072200588025 60.0854370643602 60.6043314314621 60.1094814352866 60.3414037542939 60.6132825509817 60.5942860049662 60.6651320930675 60.9180144536019 61.439699649332 61.2148542565437 61.0810575535836 60.3210220131276 56.4550467851071 58.8919727112158 69.4552998025703 64.8812740562838 55.832858540943 58.8677311564725 61.4206476554768 61.1538321074145 61.4729497413057 60.3407738627951 61.0215358812267 69.4707856606865 77.2039277197158 71.2946898402901 68.3545083340117 73.8213986196691 68.4839211764834 61.1299140764114 66.9031242224264 72.6255643387089 70.2341644028117
58.9311218246708 58.6751129558475 58.7245464165894 58.9785373222143 58.9121085646892 58.6023582662231 59.1288923144223 60.5440711227731 60.6219198791095 59.3323526930132 58.8291323970504 59.607247633139 60.3768942868356 60.4658250312305 59.9611091832513 59.5916808201927 59.4646214462672 59.8155122569734 60.5341697348056 60.4147633836728 60.2622035843507 60.3244133296325 60.5460661134033 60.5109117003069 60.2641370821794 60.8458019914302 60.9466609799192 60.5485415982759 58.6400829955029 56.7645461114424 61.4002140658717 63.8607386007521 63.5166846433173 57.9066361988278 58.9909740924764 60.5380891715927 61.931725368187 61.2822992789622 59.2617860838084 63.5991087234096 74.8432528779856 76.6824306561985 72.584629913888 71.9731023934402 72.4286923409599 62.3854513517836 66.2706308970628 75.1682585078313 80.934171357471 75.5096227683223
59.0750171030364 58.8309430828773 58.9921071640108 59.264226937072 59.2360919909933 59.0008709111254 59.2321193434836 59.6002081020793 60.3272703938446 60.2325304214472 59.2197083596493 59.5527110853739 60.708238628065 60.6344505405001 60.4758698081535 60.0304528400597 60.0150434594633 60.2049696492425 60.7136737750738 61.0018986794966 60.4134408019066 60.2154987967036 60.9220051612754 60.7624487237303 59.7362879260968 60.1587405291899 60.7557215335478 60.1588283808454 58.2628468421389 56.578138034346 58.2040909580174 56.3706426572242 60.6099111131111 59.8883916501944 60.5249573480263 59.377907973897 61.2584670691863 60.0619178157645 57.5881535954458 61.6258649297419 70.1998193294301 73.7083043745197 73.5019658684807 76.4360689786241 74.9071076815532 68.0291378695823 73.4645194910492 79.805594819492 79.9279677727181 76.064365978995
59.5117067344832 59.2815089046238 59.5129422069028 59.5497772572844 59.2940625439439 59.3120039191642 59.6781900562199 59.7166943786651 59.6560602546931 59.5762350844608 59.2422666185883 59.3058374091517 60.7530819872331 60.4939450966462 60.8150576777359 60.684888565563 60.8258680572199 60.8423552688437 60.9749135488921 61.5209987889838 61.306707986237 60.9212792978219 61.3700459182205 60.9580006711032 59.7272660260479 59.9713616328114 60.7327903127248 60.3604673600236 59.0864017562943 57.9843590006943 57.2352827519083 57.6191976634762 59.4687607004037 59.344358222534 59.7666522244039 58.15431195418 60.469436372332 60.0669094030985 58.4283354363073 59.635906666618 61.4921473650825 67.5027928788235 73.8158541571082 75.8270477680301 72.4379083399851 72.2018090283691 70.6641732764554 72.4530813881106 70.3714433538048 68.3171213838715
59.4951789210794 59.7417207024557 59.9650610346907 60.0299743945954 59.6178439863462 59.3549190330305 59.6444245076026 60.0949592849664 59.8943016380253 59.3564990158114 59.3458173183018 59.3198681430198 60.7581834830063 60.3059271421257 60.6476121329156 60.6540299653976 61.2100952556821 61.2830770609164 61.380842820631 61.9279375656955 62.1103769551949 61.9207874965737 61.3650441647157 60.2213664163442 59.968129332591 59.6691841325172 60.1460948729379 60.4023131392247 59.3466222444054 59.5201426202708 59.4632136225029 59.7562755464553 59.8098654361868 59.1359325091074 57.7916912499996 57.2201336422311 59.2882554520795 60.0053433801738 60.1063555354579 60.1242594974871 61.3070548826791 68.9058531827379 74.106581663261 74.126286749603 73.7267177660753 75.6918296917849 63.6390844308448 64.3963458722669 62.6320028794239 59.5718558551582
59.0272864397352 59.7449913318726 60.0631200216713 60.1689245201909 59.5479559261282 59.2704375011132 59.3451457699285 59.3424361793956 60.0330470453606 60.1949037591098 59.7867770819974 59.6202846630025 60.8016832129632 60.1032515827802 60.4126021524964 60.2696114632257 60.9164362849401 61.3523032660767 61.6892617686147 61.8963767327993 62.1742313109938 62.3874480397229 61.5892810542227 60.1494153953686 60.6018192853692 59.886495354291 59.6045512004613 60.0567286353813 59.3330937404553 58.4356643616485 58.4427710126073 59.0468247833825 59.6150640995202 58.9341780082892 57.0869544484243 57.3693829817921 58.6849074799526 59.6765128446188 59.1845601650657 58.3028551721134 61.5990908919661 70.0363420024376 72.971071125778 74.886265448525 75.6550579780991 76.2865832271182 62.6067532917055 62.023981113412 59.5496012393952 55.7897581713348
58.9437584680264 59.1488988643813 59.6177476085353 59.8700835412056 59.1588573260615 58.8749798638221 58.7546565418701 58.7471294422838 59.7645783610579 60.552955275307 60.5429552805872 60.1540435200081 60.5450050781131 60.2105688696639 60.3513445733373 60.2605798992461 60.6700805244051 61.0679414936406 61.7211389877724 61.9461428445073 62.3067270256781 62.5133359696331 62.1133472606509 61.3550132249316 61.100213881366 60.6925060704087 60.1349617460887 59.9383324613106 59.5175722598295 58.0129686023864 57.7847367042045 58.2195382875479 58.7916890242165 58.2293687745766 56.5486994833088 57.3870639156728 58.5260660217594 59.2119855325939 58.2088540188885 57.4003272353991 59.6227026377836 63.9523129301738 71.6192553569103 75.1195301800131 71.9478957254916 75.804423742285 62.4515036293106 61.9981330532603 59.865444199745 57.475990235363
58.9236059037416 58.8012147634478 58.8311069369955 58.9800137191919 58.6094585694572 58.2961469458605 58.3451899551538 58.8270868000668 59.5423096193456 60.2785491778393 60.113550216744 59.618435296445 60.2295617913725 59.7972255845354 60.2059115844897 60.4062508880899 60.4009994832517 60.7290466317622 61.462190039073 61.5778834362172 62.0296056816085 62.6030996214975 62.526145935232 62.3224684128701 61.5276012646987 61.3326809098184 61.0085010303234 60.1160997494045 59.3123454357296 57.9803300345115 57.6423809834291 58.0302570497941 58.5173349134642 57.9608917060684 56.3259704761469 57.0981213395762 58.3378251410327 59.0671050229922 58.740953712605 57.7624537119337 58.8071100479543 60.2421792977578 64.2274752166349 67.2833697312625 69.946622260424 78.8681071777056 70.0007940075127 66.0525237330059 63.1406490624809 60.9817129351827
58.7802187229889 58.9160799334685 58.5657222810821 58.4870675523878 58.2376062507751 58.0820619831576 58.1767352516404 58.5878161994506 59.0129669623432 59.7187302242717 60.0184216479106 60.2485982367487 59.6980378653104 59.0976185121424 59.607856692546 59.7337100967371 59.5670087044175 59.8037105416872 60.4589058293308 60.8272477808915 61.4998048932123 62.5442079210332 62.8313464858361 62.8551787460513 62.102093556282 61.9446793444323 61.3111217352094 60.4390941492122 59.2903647831319 58.0454337633607 57.3313246716463 57.4556737464756 58.1705321781124 58.1870881389779 56.7193582071248 55.7791766244614 57.173367151177 58.7910106651196 59.0966292176398 58.396739163505 58.5237476196566 58.4963977301242 59.6514305455558 60.7780563351975 65.0570256508192 72.4073249845183 77.9470464854749 72.9309234425108 65.0814304793479 60.5191400949689
58.6932602707115 59.4268231308799 59.6691716662705 59.7505736997854 59.7149766292148 59.3222717066645 59.2901336832032 59.645702612121 59.6762325005654 59.1534502384562 58.5129127671305 58.9368253491084 59.9575213163532 57.7073825667126 58.115127793053 58.1998521998313 57.9054327859686 57.7007933289228 58.5740353468157 60.1089557621003 61.2234881220427 62.6716810429338 62.9634628192709 62.9120907897404 62.9360839724734 62.1688201631294 61.0273407812165 60.1183056966273 60.0020086433903 59.1682123086482 58.181966857441 57.2419790200097 56.3350754819943 55.8004675112759 55.1781306699785 54.2944245638472 53.6717021249752 54.6238177885344 55.8923344082886 55.7350788724222 54.6036520721932 53.1968081856117 54.420371547229 58.0520038846177 60.6290621745941 66.731997432454 80.4739153452884 75.8204026066538 64.3524337335659 60.4141857869535
58.5286510695649 58.6789744744079 59.1910811215265 59.1276336879608 58.0155041080371 59.0708041157298 59.5606939747745 58.8611960629897 58.70605965442 59.1346212057973 59.6571488733831 59.2965260815803 58.2890580531099 56.995371626461 57.5060570598652 58.5407270013553 58.6544031704728 57.6176309922264 58.0471218750589 60.1577406933911 61.9688856111389 62.3320525748261 62.1277960726462 61.0453967535319 63.1520945308257 62.3508217571637 61.0513300976435 60.3585281407832 60.5255995963939 59.9579772324935 58.5770599156534 57.3230325714022 55.9979921737182 55.0903554677159 54.6815907328868 54.1387825227872 53.2429825796182 52.5302530748654 52.6694762549557 54.3422779647433 56.6106523256719 54.7636534202827 -9999 56.3890651620681 60.6017657963259 64.3989734597643 71.0331902875628 69.1827664538521 63.3104047590352 58.8425323719778
58.5671119174838 58.6208610343961 58.4886666435568 58.584460953922 57.4283449050623 57.4501857036488 58.6195146622075 58.0020748451766 57.8200350257981 58.2374572494214 58.8232612184274 58.669636780707 57.0862438059058 57.8787044888066 58.6163709206423 59.172872270144 59.1832927405086 58.4532481826439 57.9524644399586 59.8845036916104 62.5121534177633 61.5319528481233 60.290441283231 59.4797945850213 61.5237969411799 62.4145288209263 61.2179246327914 61.6433529164227 60.9174023519055 60.1552188866085 59.1399579624406 57.9198647010317 56.5536198306104 55.433406175613 54.4694761466866 53.8593669832425 53.2605373320546 -9999 51.5921613024787 53.7029167017597 57.7211141254211 55.6576661168061 50.691329311823 52.808393919625 57.5664666494529 60.2965112025832 61.7085987096715 61.888933575208 60.5447380235356 55.7915807166178
58.5367454794223 58.5271931579025 58.226023240101 58.3638258773933 58.634675025903 58.3743712673443 58.6438583267216 58.653618307166 58.7045940323183 58.6432336177857 58.6283477955979 58.927637128301 58.4548408185214 59.3192370815883 59.8410496038956 59.3454455253342 58.5498527357299 59.0194435537184 59.0173836059579 59.3461760194674 62.3639993832192 61.2241433305523 59.8880120774383 60.5862725859751 59.2930720094664 60.3729249052461 62.1366665249406 62.7352183018266 61.0224045720826 59.9081228849092 59.5736527585486 58.8021046145859 57.3489426761482 55.9556832545326 54.3484034512254 53.3198340989926 52.7234448164365 51.9339513532446 -9999 52.4032243897929 54.7497028110177 53.2613443485511 49.6122456386534 50.6275683415754 55.8360444580462 60.1383313026816 61.8309790567007 59.9640081538489 56.1461946078823 50.9204784709041
58.4220904673842 58.3230585681183 58.2816933129425 58.0605626690937 58.3494045425978 59.2505904028329 59.3655536523493 58.7164359177613 59.0207543327854 59.4259644203518 59.6837284284545 59.7082379840213 59.6900481401822 59.7519761464402 60.0111615289246 59.7976322955934 59.1594380408166 59.6650284504333 61.1747996237206 60.700739978812 62.0653055627514 61.6637842310621 60.4688164092487 59.3511586946759 57.6001976834872 57.6485912517818 60.7783986149431 62.801782169128 61.1987551991788 59.7531508480971 59.391020734504 58.9219978423926 57.6689614105179 56.1937166974039 54.3747804127438 52.9691120666025 52.1931550963219 51.4981858504917 51.0407642409629 50.8846951918748 51.0932132417612 50.2518632490253 48.9245022351367 50.4446174451032 55.99498135745 60.650864323929 61.6826603577244 57.2709834171754 50.2573140455005 47.922407487111
58.6536357934546 58.4733185326876 58.5019770414876 58.317747818017 58.0553543036325 58.9931365613805 59.8262875883592 59.0569522793754 58.9185917839519 59.2982500078573 59.5680031014162 59.844240816825 59.9605196873628 60.084758729319 60.2178543106254 60.2888142744748 59.9765568270231 59.8358928684631 61.4970201630833 61.9845421407463 61.8780304123764 60.8156528407784 58.5240310521214 57.0947101782607 56.7604866414751 56.7480163697093 58.4173787888385 60.3122681566031 60.051373725306 60.4785682704301 59.4884176277656 58.7161634229732 57.6453861714922 56.2663843803873 54.5328505169217 52.8772490113158 -9999 51.3214644898774 50.7396883266909 -9999 -9999 50.8008468929205 49.0895588596263 50.4800331448969 56.5220952066941 60.8178296254883 61.2490118079434 55.9479380620167 47.5449978846575 47.2973916537708
59.0709968201452 58.5590028375341 58.5343955522736 58.5282726824272 58.4505811978512 58.9020550826905 59.5910623384898 59.8321678066979 58.9446264878817 58.1000616074033 58.4025207722296 59.2246452862658 60.1957142916398 60.3084846748862 60.2468398725569 60.2682251467052 60.2248950563841 60.0475209653686 61.0545002024711 61.0844326045445 59.8484811904737 58.5178617920863 56.7611447194507 56.9287847709086 56.8214622095644 56.7697046423879 57.1817979131314 57.841403798737 58.8238339704826 59.5529226660131 58.0637754229446 57.5623406679778 57.1032944690421 56.1173027905866 54.7456720891195 52.8415979034868 52.1434506199509 -9999 50.5156749122829 50.0329812341989 50.86559862737 51.9579481809511 49.7811993741182 51.618304994435 57.0065849183088 61.9385998048902 61.5124848046427 55.8484250546522 47.0651304032981 47.5894290587224
59.0125925876673 58.4979124704681 58.3950792477363 58.4851222441564 58.7742398749853 58.840458006353 58.7146714780138 59.5926661055152 59.7487712873395 58.8932574380283 58.6901879001795 58.4097428698061 60.1118904918782 60.0037932239723 60.1184566656349 60.1883954701091 60.4437638700236 60.82644542526 61.4248593736646 60.4165101813597 57.9649754641181 57.0248111948137 56.3921708887535 56.3483337722087 56.6149217526499 56.981463001504 57.3411800247602 57.5336015467181 58.0410333542333 57.9573806156912 56.2178001696888 55.7866615494249 55.7579084407005 55.5293970895943 -9999 52.9565148875205 -9999 -9999 -9999 50.1267885755748 -9999 -9999 50.0490572297855 54.0843448471829 58.4395753774821 61.6115290981398 59.6081193585885 52.7806378427199 47.8895966379471 47.9846029627091
