rcp4.5models/GFDL_CM3/sc1gr5.22
NCOLS 261 
NROWS 433 
XLLCORNER 336357.134 
YLLCORNER 654653.479 
CELLSIZE 1000 
NODATA_value -3.4e+38 
[rows 220 to 241 of 433, columns 98 to 146 of 261]
287.593170166016 287.369934082031 286.915588378906 286.265045166016 285.319091796875 284.217102050781 283.748046875 282.826232910156 282.220611572266 282.407867431641 281.165191650391 280.219390869141 283.412628173828 284.1630859375 284.075561523438 284.450286865234 284.053833007812 283.749114990234 283.033142089844 283.2236328125 283.68701171875 284.026672363281 284.045623779297 284.068023681641 283.990570068359 283.892517089844 283.31689453125 283.39013671875 283.175567626953 279.122283935547 275.120208740234 280.863830566406 282.956512451172 282.867218017578 281.75830078125 280.029968261719 279.919036865234 280.011444091797 278.902893066406 275.068817138672 269.399536132812 271.454376220703 277.784088134766 271.337738037109 272.642456054688 283.470581054688 283.861267089844 284.464813232422 287.615417480469
287.372375488281 287.240295410156 286.664733886719 285.932312011719 285.196624755859 284.626953125 284.362213134766 284.312561035156 283.557281494141 282.756256103516 281.310913085938 280.962524414062 283.808929443359 284.257415771484 284.012268066406 284.208526611328 284.041870117188 283.408203125 282.435668945312 282.135223388672 283.361206054688 283.888092041016 284.035217285156 283.924072265625 283.903869628906 283.687103271484 283.474578857422 282.920654296875 282.616912841797 277.296447753906 272.439636230469 281.553009033203 282.348693847656 282.288208007812 281.600128173828 279.743011474609 277.495361328125 279.406799316406 276.973175048828 270.718963623047 268.531036376953 274.483795166016 278.498291015625 270.346313476562 272.23779296875 283.958312988281 284.210968017578 284.942779541016 287.094177246094
287.170166015625 287.050384521484 286.739959716797 285.6015625 284.774475097656 283.793640136719 283.453918457031 284.682037353516 284.379486083984 282.829467773438 280.998046875 281.559295654297 283.900787353516 284.284820556641 283.890167236328 284.022308349609 283.954406738281 283.096984863281 282.022857666016 281.998352050781 283.202484130859 283.44140625 283.695068359375 283.846710205078 283.782867431641 283.601440429688 283.154724121094 282.620239257812 281.905731201172 277.1513671875 272.032958984375 281.133331298828 281.910339355469 281.869079589844 281.381103515625 280.085479736328 278.251281738281 278.357788085938 274.766479492188 270.060150146484 273.862731933594 280.579162597656 280.558135986328 275.515380859375 274.925933837891 282.821411132812 284.721862792969 285.203308105469 287.111053466797
286.840942382812 286.778594970703 287.467498779297 285.961883544922 284.360534667969 282.568725585938 282.151763916016 284.262084960938 284.192169189453 282.814147949219 281.315124511719 282.575531005859 283.712524414062 283.706390380859 283.849426269531 283.563354492188 283.097198486328 282.826751708984 282.217681884766 279.812591552734 277.226654052734 282.467620849609 283.495239257812 283.495971679688 283.422607421875 283.204467773438 282.947692871094 282.505126953125 280.725189208984 276.031311035156 273.915222167969 280.786865234375 281.30078125 281.509094238281 281.033843994141 280.139556884766 277.938659667969 275.908355712891 274.279235839844 277.001647949219 279.897155761719 282.894561767578 281.91796875 280.948638916016 279.065093994141 281.550537109375 285.328277587891 285.913055419922 287.408630371094
286.760467529297 287.04150390625 287.987030029297 286.302490234375 283.781219482422 281.945129394531 283.138519287109 284.465667724609 284.244537353516 282.833801269531 281.513427734375 283.067596435547 283.669860839844 283.543487548828 283.872741699219 -3.4e+38 283.096984863281 283.035522460938 281.730377197266 -3.4e+38 275.861633300781 282.598876953125 283.443389892578 283.100860595703 282.8779296875 282.477020263672 282.638244628906 282.333282470703 280.968658447266 278.206146240234 277.875396728516 280.137145996094 279.797180175781 281.106903076172 279.798522949219 276.967834472656 275.375030517578 273.898223876953 274.551513671875 282.768310546875 282.816619873047 283.210876464844 282.682525634766 282.6845703125 282.474243164062 283.146118164062 285.883087158203 286.399871826172 287.434173583984
287.566680908203 287.92236328125 288.156646728516 286.293426513672 283.672454833984 282.403472900391 285.034118652344 284.836486816406 284.646331787109 282.528167724609 279.968231201172 283.169219970703 283.410888671875 283.166320800781 283.797637939453 -3.4e+38 283.557891845703 283.277740478516 281.925689697266 279.968017578125 280.890625 283.169555664062 283.25537109375 282.967803955078 282.230072021484 281.544006347656 282.089569091797 281.611968994141 281.845794677734 281.462493896484 280.678039550781 279.375396728516 278.314392089844 280.096801757812 276.616119384766 271.413177490234 274.160217285156 273.696136474609 276.234344482422 281.779052734375 280.187530517578 282.530883789062 283.017730712891 281.777709960938 284.565521240234 285.077606201172 286.329071044922 286.782165527344 287.400482177734
288.334411621094 288.623138427734 288.230346679688 286.956146240234 284.582458496094 283.744537353516 285.857574462891 285.327606201172 284.928344726562 282.668121337891 279.380706787109 282.919677734375 282.783172607422 282.372039794922 283.400512695312 283.497833251953 283.142120361328 283.212493896484 282.552368164062 282.447540283203 282.810943603516 -3.4e+38 282.883422851562 282.794921875 281.926086425781 280.750152587891 281.592010498047 281.472778320312 281.700164794922 281.344451904297 280.683471679688 277.980377197266 273.812835693359 273.695037841797 268.679626464844 264.350494384766 273.189697265625 277.922058105469 279.754791259766 279.181610107422 276.424041748047 280.935211181641 282.916076660156 282.520477294922 285.03076171875 285.385284423828 286.406188964844 287.076354980469 287.565185546875
288.500427246094 288.795318603516 288.212249755859 287.604949951172 285.915130615234 285.507049560547 286.387390136719 285.852142333984 285.371002197266 283.337219238281 280.786651611328 283.058502197266 282.834716796875 281.99267578125 282.834777832031 282.859008789062 282.618041992188 283.129852294922 282.538726806641 282.440734863281 282.675689697266 282.727264404297 282.674041748047 282.742797851562 282.239318847656 281.054504394531 281.101776123047 281.344940185547 281.600677490234 281.043151855469 279.937744140625 275.334045410156 267.366973876953 261.777587890625 258.104522705078 263.782928466797 274.710083007812 280.874053955078 278.805572509766 274.806976318359 274.874725341797 277.714630126953 281.273895263672 284.586791992188 285.084045410156 285.344116210938 285.956512451172 286.886596679688 287.685821533203
288.882202148438 288.745513916016 287.913635253906 287.721221923828 286.859008789062 -3.4e+38 -3.4e+38 286.358581542969 285.582977294922 284.014221191406 282.744659423828 283.492248535156 282.923065185547 281.509368896484 282.732116699219 282.385192871094 282.231170654297 282.806945800781 282.509521484375 282.191467285156 281.944091796875 282.101226806641 282.47021484375 282.250366210938 281.95654296875 281.491058349609 280.642639160156 280.961242675781 281.450805664062 280.921844482422 279.793273925781 275.610168457031 264.619995117188 254.502716064453 259.091430664062 272.176544189453 277.465545654297 279.866180419922 276.667266845703 273.173126220703 277.318298339844 278.409912109375 279.874145507812 283.368316650391 285.286315917969 285.803497314453 285.927612304688 286.81689453125 287.557830810547
289.047790527344 288.400482177734 286.715972900391 287.458038330078 286.805572509766 286.414520263672 286.887481689453 286.270751953125 285.429565429688 284.081329345703 283.606018066406 283.077514648438 282.491424560547 279.955078125 282.395660400391 282.232788085938 281.732757568359 282.652221679688 282.418975830078 281.676849365234 280.906463623047 281.236968994141 281.755462646484 281.632049560547 281.307861328125 280.289367675781 278.563140869141 278.208618164062 281.071136474609 280.643829345703 279.75341796875 276.318359375 264.909637451172 255.504745483398 266.374450683594 278.020202636719 278.645263671875 279.442291259766 279.329223632812 279.052734375 281.779083251953 282.266723632812 282.152984619141 283.452270507812 285.169769287109 285.672332763672 286.055877685547 286.638275146484 287.371704101562
288.965728759766 288.266540527344 286.995025634766 287.023742675781 286.279327392578 285.552154541016 286.463287353516 286.241729736328 285.554840087891 284.482513427734 284.141082763672 283.367248535156 281.702758789062 276.855895996094 281.521789550781 281.827239990234 281.280578613281 282.061218261719 281.897094726562 281.252410888672 280.111389160156 280.079254150391 281.168884277344 280.812866210938 -3.4e+38 276.679321289062 271.695190429688 274.097595214844 280.634521484375 280.304626464844 279.140838623047 273.860931396484 261.139099121094 258.606506347656 271.8984375 279.138580322266 279.442291259766 278.739929199219 282.337432861328 283.381286621094 283.657562255859 283.419097900391 283.975036621094 284.819915771484 284.710662841797 285.410491943359 286.499664306641 286.676696777344 287.166809082031
289.000915527344 288.340301513672 287.810791015625 287.351745605469 286.012115478516 284.513671875 285.661193847656 285.159393310547 284.287811279297 284.482086181641 284.572082519531 284.050018310547 280.466186523438 273.123748779297 275.984008789062 280.936889648438 280.542266845703 280.822235107422 280.452239990234 277.887725830078 275.776458740234 279.514404296875 278.842163085938 277.472686767578 274.917266845703 270.374969482422 265.746063232422 276.028991699219 279.541687011719 279.03125 276.667358398438 267.697387695312 259.316772460938 267.277008056641 278.597503662109 280.260406494141 278.528717041016 275.883880615234 280.01025390625 283.569610595703 284.195190429688 284.586395263672 285.108276367188 285.611755371094 285.766632080078 285.997833251953 286.149993896484 286.601531982422 286.882720947266
289.061187744141 288.557281494141 288.034210205078 287.273620605469 286.781768798828 285.629577636719 286.098205566406 285.396087646484 284.27685546875 283.870483398438 284.383392333984 283.49072265625 281.802764892578 278.050415039062 274.20458984375 280.359191894531 279.618682861328 277.829864501953 275.528991699219 275.033508300781 273.320983886719 276.503601074219 276.527740478516 275.664611816406 270.908782958984 268.564147949219 272.766906738281 276.909118652344 278.152923583984 277.122100830078 276.826324462891 270.361633300781 261.825531005859 271.619384765625 279.441223144531 280.405090332031 278.175628662109 278.860260009766 279.631134033203 282.268463134766 283.981109619141 284.462615966797 284.589904785156 285.089813232422 284.723541259766 285.116668701172 285.982147216797 286.37841796875 286.411071777344
288.691131591797 288.327301025391 288.084869384766 287.507751464844 287.518310546875 287.046813964844 286.649230957031 286.302337646484 285.611114501953 284.553863525391 285.062530517578 284.251983642578 283.33154296875 281.731506347656 275.807983398438 280.338043212891 278.608947753906 273.942901611328 270.376403808594 270.834594726562 270.738830566406 272.527496337891 273.728790283203 272.992797851562 269.611419677734 266.811157226562 274.41650390625 275.974609375 276.146514892578 275.502593994141 276.718688964844 272.059173583984 266.453094482422 276.072357177734 280.279998779297 280.632293701172 277.789642333984 276.128356933594 -3.4e+38 282.0673828125 283.713989257812 283.944458007812 284.101593017578 284.682647705078 284.136810302734 284.194915771484 285.771026611328 286.465637207031 286.154998779297
288.870666503906 288.644500732422 288.225708007812 287.890380859375 287.727905273438 287.462524414062 287.191040039062 286.981140136719 286.376403808594 285.311706542969 285.470306396484 283.630676269531 279.966094970703 277.114166259766 274.713775634766 279.746429443359 277.014068603516 271.040710449219 269.163909912109 269.085723876953 269.363403320312 269.792572021484 270.874908447266 270.918212890625 268.362670898438 266.025512695312 274.608184814453 274.791809082031 273.878112792969 274.952239990234 277.569793701172 273.820770263672 270.098419189453 278.199829101562 280.434631347656 281.191192626953 278.642608642578 273.352935791016 -3.4e+38 282.388610839844 283.761962890625 283.945159912109 284.111419677734 284.135314941406 283.928070068359 284.330474853516 285.426391601562 286.052551269531 286.192169189453
289.357879638672 289.082550048828 288.454193115234 288.194091796875 288.120697021484 287.832305908203 287.496337890625 287.047027587891 286.04443359375 285.086883544922 284.972259521484 283.460144042969 278.101226806641 271.107696533203 274.518768310547 277.756958007812 275.345916748047 269.879455566406 269.832092285156 269.473052978516 269.169952392578 269.010284423828 269.833679199219 271.014923095703 269.16064453125 267.054473876953 274.513031005859 274.8583984375 273.960998535156 275.570892333984 277.226715087891 271.963226318359 268.648773193359 278.023284912109 280.985076904297 281.513366699219 280.050262451172 273.906707763672 275.940734863281 281.586608886719 283.859161376953 283.976684570312 283.927551269531 283.841400146484 283.532287597656 284.103118896484 284.902679443359 285.514038085938 285.650543212891
289.408447265625 288.962615966797 288.624694824219 288.127349853516 288.074462890625 287.916870117188 287.334350585938 286.874755859375 285.987365722656 284.565826416016 283.745819091797 283.010864257812 278.826110839844 274.558776855469 277.140808105469 277.604278564453 275.874877929688 269.946044921875 270.219329833984 270.138122558594 269.748596191406 269.187286376953 269.997589111328 270.265686035156 268.617309570312 265.186004638672 274.065582275391 275.029815673828 273.683898925781 273.239654541016 277.375091552734 274.067840576172 272.831695556641 278.924377441406 281.347686767578 281.620513916016 280.765838623047 278.486145019531 279.663818359375 282.332000732422 282.770935058594 281.878875732422 282.614898681641 283.26025390625 283.125244140625 283.499298095703 284.520446777344 285.189697265625 285.551849365234
289.125762939453 288.931884765625 288.675872802734 288.326019287109 287.913482666016 287.470458984375 286.536499023438 286.575103759766 286.158416748047 284.503570556641 283.279418945312 283.164184570312 281.818267822266 280.776794433594 279.794067382812 279.073791503906 277.442901611328 271.005706787109 270.02783203125 270.364959716797 270.320831298828 269.749481201172 271.156921386719 270.398712158203 268.360321044922 266.332153320312 274.757446289062 275.377746582031 272.773468017578 270.241607666016 278.430145263672 278.088562011719 278.033081054688 279.018096923828 281.232757568359 281.768768310547 281.914123535156 282.090362548828 283.879486083984 -3.4e+38 -3.4e+38 278.690246582031 279.9599609375 281.356597900391 282.041259765625 283.451599121094 284.282257080078 284.613739013672 285.235382080078
288.807006835938 288.525909423828 288.272827148438 288.486999511719 287.896606445312 287.066711425781 286.673828125 286.427581787109 285.979461669922 284.638824462891 283.862762451172 284.352905273438 284.290679931641 283.494873046875 281.546936035156 280.482238769531 277.884094238281 272.416473388672 270.996673583984 269.973510742188 270.278778076172 270.730926513672 271.803863525391 271.343505859375 269.920654296875 271.220550537109 276.241180419922 276.278076171875 273.532989501953 268.681701660156 275.093811035156 279.021911621094 279.636596679688 279.830749511719 280.747283935547 280.390167236328 282.346069335938 282.278778076172 283.368682861328 -3.4e+38 278.475219726562 276.998992919922 277.637298583984 280.132385253906 281.331573486328 283.60400390625 284.205505371094 284.498748779297 284.971649169922
288.800994873047 288.219909667969 287.524444580078 288.189117431641 287.908172607422 287.134155273438 286.120971679688 285.033630371094 285.838104248047 284.885437011719 284.315551757812 284.537567138672 284.319976806641 283.841674804688 280.996765136719 281.288024902344 279.173645019531 275.698944091797 273.916137695312 269.796661376953 270.154449462891 270.957397460938 270.957885742188 270.85498046875 270.779266357422 273.615325927734 -3.4e+38 -3.4e+38 -3.4e+38 270.421508789062 272.294097900391 277.978607177734 280.363891601562 281.369323730469 279.984069824219 277.946166992188 281.476989746094 282.680847167969 283.133209228516 -3.4e+38 278.300079345703 273.913635253906 275.693908691406 280.773529052734 281.885162353516 283.466522216797 284.034118652344 284.28466796875 285.13623046875
288.845153808594 288.375396728516 287.401092529297 287.917388916016 287.817169189453 287.519287109375 285.712371826172 283.717102050781 285.660461425781 285.316589355469 284.982177734375 284.751281738281 284.363189697266 283.733764648438 281.141296386719 282.129638671875 280.904541015625 278.330688476562 273.513793945312 269.829284667969 269.991912841797 270.424224853516 269.949493408203 270.036254882812 270.871856689453 272.400390625 278.077667236328 278.168640136719 -3.4e+38 276.5361328125 276.741943359375 278.609649658203 279.973876953125 281.017120361328 279.651092529297 277.853637695312 281.043426513672 281.788177490234 282.568023681641 282.812805175781 278.610504150391 270.998931884766 272.406524658203 280.670166015625 -3.4e+38 283.180969238281 283.904449462891 284.086791992188 284.987426757812
288.965576171875 288.933197021484 288.280975341797 287.787872314453 287.727416992188 287.683654785156 286.705139160156 284.980407714844 285.364715576172 285.671203613281 285.367004394531 285.169158935547 284.860778808594 284.396759033203 283.123443603516 282.674926757812 279.731201171875 275.018585205078 271.1201171875 269.351196289062 269.048248291016 268.821899414062 269.570526123047 269.736602783203 270.330017089844 270.651947021484 277.325286865234 -3.4e+38 278.0615234375 278.455322265625 280.360290527344 280.280578613281 280.049743652344 280.22119140625 279.533050537109 277.94580078125 280.252380371094 279.999725341797 281.758728027344 282.554412841797 280.182098388672 273.044067382812 272.073089599609 280.881805419922 282.427703857422 283.185272216797 283.970458984375 284.235961914062 284.811950683594
