rcp4.5models/GFDL_CM3/sc1gr8.12
NCOLS 261 
NROWS 433 
XLLCORNER 336357.134 
YLLCORNER 654653.479 
CELLSIZE 1000 
NODATA_value -3.4e+38 
[rows 264 to 285 of 433, columns 147 to 195 of 261]
65.3366851806641 62.6428375244141 65.038215637207 68.6999206542969 70.3860549926758 68.2728500366211 64.3293838500977 64.2315979003906 63.6768760681152 57.9963302612305 54.5740928649902 52.3255348205566 51.7799682617188 51.3936614990234 51.0860862731934 51.4920768737793 51.9587135314941 51.9035758972168 52.1640663146973 52.9097900390625 53.3252983093262 52.442081451416 53.7641372680664 -3.4e+38 -3.4e+38 -3.4e+38 54.6881446838379 55.6338577270508 56.5468826293945 57.8399696350098 59.1785430908203 59.5976181030273 59.0101470947266 58.8442726135254 59.7636222839355 60.0563049316406 59.6253929138184 59.7127494812012 63.4671859741211 67.6436920166016 62.3926773071289 62.7892570495605 63.3189392089844 63.6545295715332 63.7549362182617 65.7902679443359 67.4335556030273 68.6818618774414 69.6833877563477
63.4633483886719 63.236988067627 67.6838302612305 72.5423736572266 73.2614059448242 71.496452331543 68.7711334228516 67.0941314697266 65.2996139526367 60.2245483398438 55.3589668273926 51.7610130310059 51.0201148986816 50.5478858947754 50.3534469604492 50.9150772094727 51.0083541870117 50.8306579589844 51.410343170166 52.4388809204102 52.1989479064941 51.938850402832 52.3781623840332 52.3878059387207 -3.4e+38 53.17578125 53.568244934082 54.7513885498047 56.0397491455078 57.3168487548828 58.688793182373 58.6951370239258 58.6900405883789 58.6026916503906 59.2081069946289 59.1912803649902 58.5954856872559 61.4166488647461 72.6641311645508 78.1058883666992 64.6844100952148 61.9758796691895 62.4126205444336 62.6145248413086 63.0755195617676 64.7131118774414 66.4160690307617 67.9231338500977 68.9160232543945
65.2330169677734 69.5060958862305 72.8587875366211 72.8855361938477 72.9557647705078 74.0323867797852 72.4984970092773 69.4352569580078 65.6969604492188 61.3115768432617 58.4812431335449 49.790714263916 49.1820983886719 48.7331199645996 48.6744575500488 48.6997566223145 48.3226623535156 48.5280723571777 48.5263366699219 48.714916229248 49.478889465332 50.3701477050781 51.0573654174805 51.3266944885254 -3.4e+38 51.6885719299316 53.2355575561523 54.2406692504883 55.3890419006348 55.8158187866211 56.2079658508301 57.5519218444824 57.731761932373 56.5109901428223 56.5926628112793 56.842212677002 57.7562828063965 57.9881629943848 64.8757095336914 81.2487945556641 78.7542037963867 64.0237503051758 61.8317489624023 63.1092224121094 62.7338371276855 63.7660942077637 65.2752838134766 66.6907653808594 67.1406097412109
67.7964630126953 70.1440200805664 73.310302734375 72.3813323974609 71.7117767333984 73.6295318603516 73.9685668945312 72.1917343139648 68.8015060424805 65.1066207885742 61.5260696411133 48.8911972045898 48.1789131164551 47.8339080810547 47.5822639465332 47.3711547851562 47.4739074707031 47.8343391418457 47.6344032287598 48.1211090087891 48.5515594482422 49.5915870666504 50.4627647399902 50.9275207519531 49.9916229248047 -3.4e+38 52.3591957092285 52.9696044921875 53.8296089172363 54.4633445739746 55.5723991394043 56.5662269592285 56.7317504882812 56.1074333190918 56.1549873352051 56.4407157897949 57.5568466186523 57.5256271362305 63.8921661376953 81.995979309082 84.1035308837891 66.6861953735352 61.687671661377 62.5092811584473 61.8580703735352 63.3884239196777 65.0541076660156 67.0812149047852 66.9623031616211
71.2100448608398 71.681526184082 73.1691284179688 71.9824371337891 71.5373153686523 72.8798828125 73.8343276977539 74.4778671264648 73.2177886962891 70.5602188110352 63.4518852233887 48.3384094238281 47.3073043823242 -3.4e+38 46.4627723693848 46.4629096984863 50.366325378418 54.3745460510254 47.2774238586426 47.6346740722656 48.6064758300781 49.6666030883789 49.9122352600098 50.3556632995605 49.5933723449707 -3.4e+38 50.8165893554688 51.3349914550781 52.3449897766113 53.0830039978027 54.4418563842773 55.4504241943359 55.7798500061035 55.4511795043945 55.3698120117188 55.849193572998 57.0735740661621 56.8412284851074 59.794506072998 69.2441329956055 71.9761276245117 63.9100379943848 61.0530052185059 60.6646041870117 61.2338714599609 63.0204696655273 64.3790664672852 66.1450347900391 66.0923156738281
72.2302169799805 71.2620086669922 71.9128570556641 72.1007537841797 73.0724945068359 73.8813705444336 74.2726898193359 74.7195281982422 74.701774597168 72.8128051757812 63.9871635437012 48.0105514526367 46.5749626159668 45.6751365661621 45.5311431884766 46.5887451171875 52.0598297119141 54.9444351196289 46.3097038269043 47.0815162658691 49.3439102172852 49.3448295593262 49.2241058349609 49.336841583252 48.7740287780762 48.6552429199219 49.5370292663574 51.900074005127 54.1426429748535 52.5470008850098 52.8398246765137 54.3002624511719 55.0365257263184 54.6537704467773 55.1725387573242 55.528247833252 56.4720878601074 56.7234344482422 56.9956550598145 58.2679557800293 59.7563896179199 60.5377426147461 60.3936882019043 60.5268402099609 61.2869415283203 62.3941535949707 63.7425575256348 64.6963195800781 65.1423110961914
70.3941802978516 68.8772125244141 70.1547393798828 73.0294952392578 74.2651596069336 74.8452911376953 75.2067489624023 75.0895690917969 75.2312393188477 74.031867980957 65.9295883178711 47.2337417602539 45.9384841918945 44.7752647399902 44.4818534851074 45.4017944335938 47.9284133911133 48.0605049133301 45.6675262451172 46.4506950378418 48.2642478942871 47.9567184448242 47.7511787414551 47.9230346679688 48.0984954833984 48.0160140991211 48.7525482177734 51.6098175048828 54.0735473632812 52.8505401611328 52.177059173584 53.6916313171387 54.0382041931152 54.6036987304688 55.2657890319824 55.4367256164551 55.906078338623 56.2706336975098 56.444465637207 57.0093460083008 59.2415504455566 60.7819480895996 60.6892433166504 60.7041206359863 60.776496887207 62.0401039123535 63.6389541625977 64.2746276855469 64.3436889648438
68.7328948974609 69.0954742431641 70.5140914916992 74.1099014282227 74.6363220214844 75.0527267456055 75.425407409668 75.7134017944336 75.8017730712891 73.115234375 63.2913246154785 46.7160987854004 45.3292541503906 43.9796409606934 -3.4e+38 43.4627075195312 46.9137344360352 50.8075752258301 44.9383125305176 45.295955657959 45.9898719787598 45.9660301208496 45.9988746643066 46.3929405212402 47.3272438049316 47.2653312683105 47.8131790161133 48.7714691162109 50.1750831604004 52.0669364929199 52.1373901367188 52.9251365661621 53.0473899841309 54.4683837890625 55.2439384460449 55.0052680969238 54.7693557739258 55.1310272216797 55.640869140625 56.6529273986816 58.8714294433594 60.3235778808594 59.990795135498 59.8544464111328 59.9659957885742 61.8348083496094 62.9843215942383 63.3153076171875 63.4244041442871
69.7276153564453 71.460823059082 72.8167190551758 74.6061935424805 74.8218536376953 75.2168502807617 75.5571365356445 75.6682434082031 74.6163635253906 69.4641571044922 58.3490104675293 46.7455863952637 44.0752449035645 42.9443893432617 42.4598045349121 42.2912559509277 46.5932388305664 51.4862976074219 43.5278358459473 43.6790008544922 43.9776229858398 43.8878326416016 44.4225463867188 44.9396934509277 46.0244674682617 46.604118347168 46.9911918640137 47.0649795532227 47.9514808654785 49.5482368469238 50.5628318786621 51.4450836181641 51.9357795715332 53.7302207946777 55.0911293029785 54.4574012756348 54.0165138244629 54.271411895752 54.7395896911621 56.0177841186523 57.9335594177246 59.3930282592773 59.8060760498047 59.9595146179199 60.1559638977051 61.6445159912109 62.169490814209 62.2054901123047 63.1541481018066
72.1251449584961 73.2296981811523 74.2646865844727 74.7993850708008 75.246696472168 75.6092224121094 76.082160949707 75.7136840820312 72.5912170410156 64.7314224243164 52.7204551696777 44.6016464233398 42.6164855957031 41.7872772216797 41.2371139526367 41.2379035949707 42.9314460754395 -3.4e+38 -3.4e+38 -3.4e+38 -3.4e+38 42.4925346374512 43.2987060546875 44.0345840454102 45.3033752441406 46.4920082092285 46.5571098327637 47.0779800415039 47.4527397155762 48.0174560546875 48.4190788269043 49.5241317749023 50.4719352722168 53.0283737182617 54.7297821044922 54.6817817687988 54.5988273620605 54.5908699035645 54.3539619445801 55.4183235168457 57.2993240356445 60.3140182495117 65.2613830566406 66.7103805541992 61.5728759765625 61.867000579834 61.684741973877 61.6902122497559 63.2459449768066
73.4227523803711 73.9126815795898 74.5563201904297 75.2007675170898 75.7164764404297 76.0596237182617 76.5186080932617 75.7160720825195 68.6226119995117 56.7568283081055 47.9141159057617 42.6888885498047 41.5510673522949 40.8115692138672 40.4267654418945 40.4223442077637 40.7271003723145 41.4560775756836 41.443000793457 41.1116943359375 41.6993446350098 42.0597991943359 42.6303176879883 43.4802207946777 44.6103935241699 46.0471382141113 46.2192039489746 47.0947189331055 47.9930801391602 48.5079231262207 47.9929542541504 48.0662994384766 49.1489067077637 53.0164642333984 55.4110717773438 55.0960006713867 54.9851341247559 54.6035308837891 54.083740234375 54.8647880554199 56.7729072570801 60.6399726867676 67.6046447753906 67.8370132446289 62.3163375854492 61.2868995666504 60.828929901123 61.7257347106934 63.3021469116211
72.639404296875 74.0597076416016 74.6388397216797 75.477668762207 76.165885925293 76.383056640625 76.6176528930664 75.9803466796875 69.0914306640625 57.239860534668 49.1077919006348 43.1313323974609 41.6836013793945 39.9819984436035 39.3701095581055 39.3770484924316 39.5973243713379 40.8268241882324 42.1806411743164 41.687686920166 41.8544235229492 42.5354957580566 42.2572212219238 42.7318077087402 43.8255615234375 45.4061279296875 46.0469360351562 46.3257598876953 47.4954414367676 48.338077545166 48.5132255554199 47.961986541748 48.3601188659668 52.3167419433594 54.885440826416 54.3733863830566 53.7774200439453 53.4398574829102 53.6989364624023 54.4224395751953 55.4065017700195 58.7303047180176 63.7712593078613 63.0636672973633 60.5115928649902 59.7044486999512 60.1228179931641 61.4215087890625 62.3538818359375
70.9521255493164 72.7620010375977 74.1281051635742 75.390495300293 76.2118225097656 76.0298233032227 76.1433944702148 77.104606628418 75.0289993286133 68.1222915649414 62.7861137390137 55.3686027526855 54.8535079956055 40.1690330505371 38.3545608520508 38.3558692932129 38.586555480957 39.9704627990723 41.745433807373 41.3414306640625 41.4580841064453 42.4036445617676 42.3645973205566 42.1429901123047 42.9721603393555 44.5705070495605 45.6178550720215 45.8132514953613 46.6709022521973 47.8845367431641 49.1059379577637 48.033576965332 47.6895027160645 51.0672225952148 54.9023551940918 58.015983581543 53.6621246337891 52.6362686157227 53.9581680297852 54.4878616333008 54.5216903686523 56.3017272949219 60.100471496582 62.1023826599121 58.9676895141602 59.0314025878906 59.928092956543 60.2880249023438 60.8170204162598
69.2578277587891 71.7101211547852 74.2043075561523 75.2699661254883 75.5893936157227 75.2351913452148 75.6015701293945 77.4222717285156 78.3442611694336 76.9948501586914 76.2934417724609 67.2160949707031 66.5461807250977 42.099910736084 38.0617980957031 37.6179161071777 37.7924919128418 38.4984016418457 39.4885139465332 -3.4e+38 40.1641960144043 41.0767593383789 41.7493782043457 41.7751770019531 42.2308158874512 43.9007835388184 45.3069076538086 45.8138809204102 46.4334030151367 47.1533737182617 47.7748069763184 47.2810134887695 47.3749122619629 50.4651336669922 53.8583335876465 56.420768737793 53.4369888305664 54.3761749267578 54.403736114502 54.6138801574707 54.2691497802734 54.951301574707 57.4125938415527 60.7785339355469 60.870964050293 59.1732177734375 59.8392448425293 59.7313575744629 59.5315895080566
68.5710220336914 71.9263076782227 74.5456314086914 74.6727142333984 74.3884658813477 74.3506469726562 74.6978607177734 75.6660690307617 76.3092269897461 76.4131546020508 78.0403213500977 78.7394485473633 65.4360122680664 42.5304565429688 37.9412803649902 36.8559684753418 36.7920379638672 37.1892776489258 37.3061599731445 37.6647529602051 38.112548828125 38.5495071411133 39.9723587036133 40.5614967346191 41.1376762390137 42.1035461425781 43.7794456481934 45.2653923034668 45.9331474304199 46.2872505187988 46.2505569458008 47.0107536315918 47.4638252258301 49.0678787231445 52.0941734313965 50.7450790405273 52.3979911804199 55.5873947143555 54.1754875183105 53.6962852478027 53.1889839172363 53.6100959777832 54.8209838867188 57.3122062683105 66.8041534423828 87.876579284668 78.7171478271484 60.5503692626953 59.0642433166504
70.2884292602539 72.3104095458984 74.9824447631836 75.2285995483398 75.3432235717773 75.5955276489258 75.3929138183594 75.9282913208008 76.6213302612305 77.1382369995117 77.9608612060547 75.95849609375 55.857967376709 42.0299110412598 38.3219337463379 37.1231803894043 36.561767578125 36.4500274658203 36.6055450439453 37.0448341369629 -3.4e+38 38.0189666748047 39.0158843994141 39.8006935119629 41.0179634094238 42.2386512756348 43.1126289367676 44.4732856750488 45.702449798584 46.6783180236816 47.3798904418945 48.7484741210938 49.2744064331055 47.9236183166504 51.1017417907715 50.9089279174805 51.2954711914062 53.4730453491211 56.3983421325684 55.887077331543 52.9253311157227 53.4476203918457 54.7393569946289 56.8396034240723 64.4025421142578 89.517463684082 80.6257934570312 59.5316734313965 58.6268692016602
72.421875 73.5519485473633 75.9151840209961 76.8042526245117 76.284049987793 75.8939361572266 75.7927551269531 76.3108825683594 76.3703155517578 77.0119018554688 77.1826477050781 74.7104339599609 53.8144454956055 42.3699264526367 38.6191825866699 37.2677993774414 36.4641494750977 36.1374893188477 36.6669921875 36.8795585632324 -3.4e+38 37.7856330871582 38.9987373352051 39.7452087402344 40.678882598877 41.5653114318848 42.4683723449707 43.7074432373047 45.5784950256348 46.8233070373535 48.2860450744629 49.5476417541504 49.2280158996582 46.7368392944336 49.6340675354004 52.1936798095703 52.0765228271484 53.5772857666016 55.5309867858887 55.1674995422363 52.1950912475586 52.9733505249023 54.6022987365723 56.2234077453613 60.8220138549805 86.7966766357422 80.515754699707 59.1111068725586 58.0743217468262
73.7547988891602 75.7454833984375 78.4305267333984 78.5230407714844 77.2189712524414 76.1429901123047 76.2089538574219 77.0165100097656 75.5385589599609 76.1471939086914 75.9860687255859 79.5015029907227 63.4502906799316 44.3088188171387 38.9882354736328 37.5393981933594 36.6168670654297 36.1450843811035 36.1123504638672 36.4309501647949 36.8042144775391 37.4103469848633 38.8482131958008 38.9732666015625 39.3614921569824 40.0055236816406 41.7639007568359 43.5987205505371 45.3373374938965 46.230339050293 47.552547454834 48.2485122680664 47.8362121582031 46.254581451416 48.3620491027832 51.3815116882324 51.832462310791 52.173900604248 51.4774703979492 51.6155319213867 51.5044441223145 52.2306594848633 53.9681549072266 56.0307006835938 60.5149459838867 80.1864471435547 78.9638748168945 59.1559600830078 57.8204917907715
75.2473983764648 79.5200119018555 81.462646484375 79.3416290283203 77.4757919311523 75.8412246704102 77.2409896850586 78.3661499023438 75.6725463867188 76.2482299804688 76.4831085205078 81.3803100585938 71.5311813354492 54.5207824707031 39.808292388916 37.9660377502441 36.668815612793 36.0238075256348 35.5614318847656 35.7365112304688 36.1103744506836 36.6739845275879 37.7480049133301 39.5555419921875 42.6626167297363 40.0560188293457 40.358097076416 43.4499168395996 45.5658531188965 44.4971618652344 46.0084915161133 47.4872550964355 46.9812278747559 46.1120796203613 46.8724517822266 49.1326751708984 50.9015426635742 51.2963943481445 50.4429664611816 51.4646377563477 51.7255439758301 51.8382415771484 53.2154846191406 59.7826499938965 73.3506317138672 73.8108367919922 67.7704772949219 57.6861953735352 57.5655975341797
76.1380081176758 81.8788375854492 83.2043838500977 79.8033828735352 76.5883178710938 75.7164916992188 79.4291305541992 81.0479965209961 76.3393402099609 76.3637008666992 77.2455749511719 80.1803665161133 77.2590637207031 65.646484375 41.8603363037109 38.2182846069336 36.6552238464355 35.9218292236328 35.3728370666504 35.2646293640137 -3.4e+38 -3.4e+38 36.8542442321777 39.2240447998047 42.6091651916504 40.0551986694336 39.5774803161621 41.4089126586914 43.5083389282227 43.8331871032715 46.0480651855469 46.8007316589355 46.3139038085938 45.9743728637695 46.3415641784668 49.4796752929688 52.9773216247559 50.4003677368164 50.2241516113281 51.562671661377 52.191577911377 51.9164161682129 52.5662727355957 62.8203125 82.2253875732422 66.2482223510742 62.3116874694824 59.0319061279297 57.1575736999512
77.0481185913086 84.3110046386719 83.9251937866211 78.9985275268555 76.077018737793 76.9971389770508 82.3512191772461 83.4438323974609 76.4052200317383 76.3689422607422 78.4506225585938 79.7478713989258 80.8518905639648 69.3484649658203 44.2133598327637 38.4850120544434 36.7082443237305 35.9610633850098 37.9362106323242 41.6373710632324 37.9484062194824 35.416919708252 36.1114730834961 37.0066337585449 37.9830017089844 39.0015602111816 39.6284255981445 -3.4e+38 40.9321823120117 43.3209266662598 45.7841262817383 46.5096130371094 46.3506469726562 46.2943382263184 46.1435317993164 50.1855773925781 56.4819984436035 50.910572052002 50.2204208374023 51.6954231262207 52.4846343994141 51.745922088623 51.9400367736816 59.2691421508789 71.1896133422852 62.3630104064941 70.1141128540039 67.8799057006836 57.6280860900879
78.2573547363281 83.90185546875 84.5321502685547 78.0591125488281 76.0412292480469 79.0528717041016 84.8150482177734 81.9699325561523 76.6564636230469 77.0299072265625 79.722038269043 82.5817184448242 82.7190628051758 76.2445678710938 55.3188362121582 38.9652633666992 36.9222755432129 36.0115737915039 38.959342956543 44.3929862976074 39.7418022155762 36.1216239929199 -3.4e+38 36.6241722106934 37.567798614502 39.0210800170898 39.713939666748 39.547119140625 -3.4e+38 42.1226844787598 45.0946769714355 48.7437171936035 46.9563865661621 47.4006462097168 46.1763381958008 48.231071472168 53.9961242675781 52.1584854125977 50.3716468811035 52.9352073669434 54.456974029541 52.0122489929199 51.9248008728027 54.6931419372559 58.3229598999023 63.1339302062988 74.625129699707 71.4579772949219 59.1401481628418
