rcp4.5models/GFDL_CM3/sc1gr2.28
NCOLS 261 
NROWS 433 
XLLCORNER 336357.134 
YLLCORNER 654653.479 
CELLSIZE 1000 
NODATA_value -9999 
[rows 132 to 153 of 433, columns 100 to 149 of 261]
352.222442626953 352.155731201172 353.144195556641 353.114990234375 353.084136962891 352.871063232422 352.200347900391 352.869598388672 352.453796386719 352.980224609375 353.186157226562 352.820861816406 352.730255126953 352.601013183594 352.106506347656 351.498229980469 350.998352050781 350.389190673828 350.097320556641 350.451324462891 350.844360351562 351.115295410156 350.561676025391 350.542877197266 351.217681884766 350.605163574219 350.994812011719 351.452911376953 351.665740966797 351.649688720703 351.675140380859 351.948699951172 351.977508544922 351.815216064453 351.514404296875 350.870361328125 351.196502685547 350.742462158203 350.047637939453 350.165863037109 350.856903076172 351.771087646484 352.047912597656 351.854187011719 351.56494140625 351.778564453125 351.150573730469 352.115966796875 352.536712646484 351.981903076172
351.626617431641 351.325927734375 352.156158447266 353.027435302734 352.605773925781 353.001007080078 352.605163574219 352.211791992188 351.550964355469 352.439147949219 352.884765625 352.841949462891 352.631683349609 352.107879638672 351.976348876953 351.602691650391 351.340393066406 350.495758056641 350.440063476562 350.382873535156 350.414489746094 350.586181640625 350.333892822266 350.818878173828 351.011291503906 350.944915771484 351.112426757812 351.808654785156 351.738800048828 351.796478271484 351.996856689453 351.627136230469 351.7763671875 351.410095214844 351.226593017578 350.783233642578 350.114135742188 348.462768554688 348.793975830078 349.5986328125 350.944580078125 351.536224365234 351.500366210938 351.187286376953 350.707366943359 351.269897460938 351.576354980469 352.136810302734 352.700225830078 352.386505126953
351.261871337891 351.212036132812 351.322143554688 351.976104736328 352.196319580078 352.486450195312 352.380615234375 351.949035644531 351.664123535156 351.907684326172 351.939239501953 352.862823486328 352.690612792969 352.319122314453 352.268341064453 352.092376708984 351.359558105469 350.641693115234 350.922637939453 350.402709960938 350.343963623047 350.283813476562 350.315399169922 350.442596435547 351.030151367188 350.827667236328 350.688110351562 351.826965332031 351.756927490234 351.779907226562 352.043243408203 351.959930419922 351.472839355469 351.126617431641 350.349914550781 350.148529052734 349.551971435547 347.829559326172 348.677093505859 350.572235107422 351.164520263672 350.972778320312 350.679168701172 350.935119628906 350.706787109375 350.980804443359 351.501983642578 351.994110107422 352.118408203125 352.038330078125
351.281097412109 351.339202880859 351.815093994141 351.855407714844 352.1455078125 352.113403320312 352.079559326172 351.929718017578 351.519561767578 351.889984130859 351.682861328125 352.166351318359 352.671569824219 352.149597167969 352.101013183594 351.965362548828 351.503692626953 351.213745117188 351.263366699219 350.422271728516 350.363372802734 350.172271728516 349.524475097656 349.314636230469 351.048736572266 350.883819580078 350.830749511719 351.706481933594 351.335876464844 351.703552246094 351.731567382812 351.867523193359 351.490478515625 350.911743164062 349.488525390625 349.066528320312 349.492492675781 347.839752197266 348.809783935547 350.652984619141 350.308349609375 349.480712890625 349.820709228516 350.508575439453 350.631011962891 351.002288818359 351.214447021484 351.889617919922 351.904083251953 352.233917236328
351.299926757812 351.211395263672 351.222717285156 352.195556640625 352.165344238281 352.133392333984 351.985809326172 351.385314941406 351.103546142578 351.386993408203 351.347229003906 351.225433349609 352.012969970703 351.170013427734 351.244995117188 351.538299560547 351.144836425781 351.428375244141 350.820953369141 350.441558837891 350.382507324219 350.097839355469 349.033813476562 348.883270263672 351.032897949219 351.025115966797 351.449645996094 351.104461669922 351.034790039062 351.721099853516 351.648529052734 351.576263427734 351.504272460938 350.786895751953 348.707916259766 348.723571777344 347.929656982422 347.045837402344 349.652770996094 349.875396728516 348.665100097656 348.446807861328 349.412139892578 350.098815917969 350.342224121094 351.184417724609 351.639434814453 351.910675048828 351.999694824219 352.276702880859
351.318420410156 351.091156005859 350.384338378906 351.220886230469 352.184844970703 352.039520263672 351.440185546875 351.084045410156 351.16357421875 351.607879638672 351.446624755859 350.923706054688 351.276306152344 351.378295898438 351.288208007812 351.004333496094 350.717041015625 350.768737792969 350.187042236328 350.860015869141 350.196655273438 349.983703613281 348.599884033203 348.770568847656 351.027160644531 350.927978515625 351.252105712891 350.963134765625 351.336975097656 351.261962890625 351.665710449219 351.591918945312 351.382110595703 350.306823730469 348.226165771484 348.747924804688 347.259185791016 347.807220458984 350.305328369141 349.988494873047 349.085723876953 349.038482666016 349.688751220703 349.8701171875 350.931793212891 351.57470703125 351.970031738281 351.767883300781 351.493988037109 352.02734375
350.913635253906 351.235748291016 350.961181640625 351.078887939453 350.465454101562 351.191314697266 351.274139404297 351.725006103516 351.765106201172 352.046661376953 -9999 351.759429931641 350.99462890625 351.416137695312 351.32568359375 351.256164550781 351.578491210938 351.290863037109 351.425872802734 350.818695068359 350.119781494141 348.734680175781 348.319152832031 349.773834228516 350.558624267578 350.915130615234 350.544891357422 350.902313232422 350.784301757812 350.815338134766 350.874694824219 350.15771484375 350.547332763672 350.695343017578 349.766998291016 349.447265625 349.712738037109 350.756591796875 350.713470458984 350.884246826172 350.573425292969 349.928070068359 350.361267089844 350.854187011719 351.128204345703 351.374481201172 351.878570556641 351.934631347656 352.936553955078 352.897918701172
351.094085693359 351.324188232422 351.298187255859 351.310699462891 351.320709228516 350.726989746094 350.987701416016 352.141693115234 352.104675292969 352.065643310547 351.903625488281 351.302490234375 351.568969726562 351.841430664062 351.578002929688 350.827239990234 351.095916748047 351.171081542969 351.221649169922 350.060424804688 349.832855224609 347.947143554688 349.280822753906 350.530883789062 349.571472167969 349.949249267578 350.103424072266 350.494781494141 350.711212158203 350.187774658203 -9999 349.501312255859 349.406158447266 350.402130126953 349.813049316406 350.145050048828 350.027679443359 350.632293701172 350.491455078125 350.924407958984 351.027648925781 350.420867919922 350.914123535156 351.188812255859 351.150787353516 351.236297607422 351.530029296875 351.868438720703 352.394195556641 352.522369384766
350.885894775391 351.341400146484 351.315643310547 351.362396240234 351.517791748047 350.795166015625 350.6533203125 352.160125732422 352.123199462891 352.084259033203 351.839599609375 351.000213623047 351.908386230469 351.859741210938 351.595031738281 350.757232666016 350.832305908203 351.197509765625 350.8203125 349.553131103516 347.569915771484 348.000396728516 349.812713623047 351.286163330078 349.292816162109 349.628509521484 349.440155029297 349.756439208984 350.773315429688 350.095062255859 349.016479492188 348.565979003906 349.127655029297 350.313873291016 349.578826904297 349.90478515625 350.156311035156 350.435607910156 350.552673339844 351.047943115234 351.206298828125 350.974365234375 351.249694824219 351.211761474609 351.173583984375 351.135223388672 351.748596191406 351.871673583984 351.623382568359 351.903656005859
351.476989746094 351.358184814453 351.446990966797 351.796600341797 351.276428222656 351.051239013672 350.487487792969 351.696411132812 352.141326904297 352.102416992188 351.856506347656 351.141754150391 351.926391601562 351.877624511719 351.611633300781 350.903259277344 351.400329589844 351.443908691406 350.214630126953 348.457458496094 347.795715332031 349.692657470703 350.143524169922 350.857696533203 349.713195800781 349.423492431641 349.035034179688 349.313781738281 350.174987792969 349.602325439453 349.221801757812 348.963073730469 349.453338623047 349.923522949219 349.603088378906 349.965423583984 349.926055908203 350.043121337891 350.539489746094 350.97265625 351.348388671875 -9999 351.27294921875 351.394104003906 351.601745605469 351.158081054688 351.940795898438 351.437225341797 351.366088867188 351.666870117188
351.778167724609 351.983489990234 352.031127929688 352.130523681641 351.293395996094 351.303314208984 351.513153076172 351.876251220703 352.037933349609 351.644104003906 351.996032714844 351.715881347656 351.943878173828 351.89501953125 351.755798339844 351.471557617188 351.738189697266 351.459838867188 350.214660644531 348.965118408203 349.866607666016 350.446105957031 350.383483886719 350.418121337891 349.948181152344 349.260009765625 349.488067626953 349.085205078125 349.371551513672 349.51904296875 349.772064208984 -9999 349.697265625 349.662567138672 349.478454589844 349.796997070312 349.519958496094 349.752593994141 350.446594238281 350.527648925781 350.961120605469 351.334350585938 351.29638671875 351.380615234375 351.531097412109 351.342651367188 351.995086669922 351.533905029297 351.221923828125 351.306121826172
351.620361328125 352.39013671875 352.365081787109 352.262237548828 351.796356201172 351.357727050781 351.645416259766 351.733184814453 -9999 351.3427734375 352.096374511719 352.05322265625 351.960906982422 351.911956787109 351.861236572266 351.808868408203 351.754852294922 351.606842041016 351.134796142578 350.848480224609 351.107788085938 351.045440673828 350.981750488281 350.779418945312 349.963287353516 349.238433837891 349.386260986328 348.996948242188 349.174530029297 349.997497558594 350.212310791016 349.724609375 349.685394287109 349.661895751953 349.468200683594 349.580413818359 349.696502685547 350.192504882812 350.403289794922 350.253753662109 350.515411376953 350.791717529297 350.912719726562 351.281646728516 351.243072509766 351.490844726562 352.126220703125 351.969909667969 351.640838623047 351.413635253906
351.636596679688 352.405303955078 352.380462646484 352.236206054688 351.643768310547 351.295532226562 351.263458251953 351.431854248047 352.110748291016 351.834777832031 351.988677978516 351.725677490234 352.442596435547 351.928344726562 351.877563476562 351.825134277344 351.771057128906 351.715454101562 351.658325195312 351.599761962891 351.40478515625 350.895690917969 350.833923339844 350.671295166016 349.978088378906 349.151763916016 349.082702636719 349.155212402344 349.62255859375 349.975738525391 349.975219726562 349.184356689453 349.274444580078 349.486175537109 349.201446533203 349.604766845703 349.836761474609 350.53173828125 350.529113769531 350.548522949219 350.576477050781 350.947875976562 351.031158447266 351.355865478516 351.555267333984 351.916900634766 -9999 352.109985351562 351.740509033203 350.781585693359
351.537536621094 351.811920166016 351.906280517578 352.173095703125 351.340911865234 351.431427001953 351.880187988281 351.926513671875 352.208953857422 352.046112060547 351.573608398438 -9999 352.905181884766 352.406311035156 351.893371582031 351.840881347656 351.786773681641 351.731109619141 351.540405273438 351.16552734375 351.323089599609 350.493896484375 350.431121826172 350.367004394531 350.1328125 349.603546142578 349.097991943359 349.133117675781 349.525329589844 349.742126464844 349.1533203125 348.805694580078 348.866760253906 348.981658935547 348.584381103516 349.781158447266 350.277404785156 350.556060791016 350.668792724609 350.879333496094 350.634857177734 351.182006835938 351.367614746094 351.368133544922 351.513305664062 351.849609375 351.836730957031 352.133270263672 351.504699707031 350.226531982422
351.973052978516 352.04150390625 352.092529296875 352.305358886719 351.958862304688 352.007904052734 352.294189453125 352.260437011719 352.224365234375 352.226226806641 352.421051025391 352.442108154297 351.953460693359 352.279052734375 351.908569335938 351.856079101562 351.669708251953 351.293365478516 351.459899902344 350.726715087891 350.890197753906 350.509033203125 350.446228027344 350.382141113281 350.250030517578 349.936798095703 349.113006591797 349.042694091797 349.222625732422 349.652679443359 348.853790283203 348.799011230469 348.944244384766 349.161407470703 348.516143798828 350.218963623047 350.617309570312 350.580505371094 350.690734863281 350.89599609375 350.5224609375 350.754943847656 351.145477294922 351.353088378906 351.314239501953 351.270629882812 351.935455322266 352.156768798828 351.691802978516 350.770294189453
352.416778564453 352.447265625 352.422973632812 352.397033691406 352.369323730469 352.33984375 352.308410644531 352.27490234375 352.239013671875 352.285430908203 352.564178466797 352.475219726562 351.703887939453 351.974090576172 351.792236328125 351.414642333984 351.590301513672 350.989349365234 351.473541259766 350.645233154297 350.585205078125 350.386322021484 350.018646240234 350.257568359375 349.828002929688 349.950592041016 349.127716064453 349.057373046875 349.093841552734 349.2431640625 348.881378173828 348.831787109375 349.080932617188 349.673156738281 349.292724609375 350.465026855469 350.641876220703 350.605041503906 350.712707519531 350.987274169922 350.754974365234 350.835571289062 351.226226806641 351.377227783203 351.215148925781 350.922393798828 351.328338623047 351.817901611328 351.844329833984 351.100616455078
351.893798828125 351.853118896484 351.830352783203 351.926818847656 352.382476806641 352.353118896484 352.321838378906 352.164001464844 351.655395507812 351.618194580078 351.578338623047 351.751922607422 351.907348632812 351.528839111328 351.845397949219 351.433013916016 351.150207519531 350.870300292969 351.037506103516 350.659515380859 350.462463378906 349.857421875 349.575714111328 349.730377197266 349.382690429688 349.529937744141 349.14208984375 349.071746826172 349.002899169922 348.940124511719 349.024261474609 349.41162109375 349.528503417969 349.810546875 349.775115966797 350.428619384766 350.521331787109 350.716125488281 350.964294433594 351.143218994141 351.283966064453 351.300384521484 351.440277099609 351.401550292969 351.141906738281 350.665618896484 350.652374267578 351.22802734375 350.921020507812 350.563537597656
351.515533447266 351.472137451172 351.448059082031 351.502197265625 351.792572021484 351.888061523438 352.334381103516 352.217010498047 351.736297607422 351.226989746094 351.18603515625 351.231109619141 351.369293212891 351.224212646484 351.950775146484 351.671813964844 350.844451904297 350.788909912109 350.731842041016 350.67333984375 350.514587402344 349.994598388672 349.489288330078 349.425201416016 349.151153564453 348.791900634766 349.156158447266 349.085845947266 349.015960693359 348.946441650391 348.993865966797 349.451934814453 349.870452880859 349.950927734375 350.272583007812 350.590209960938 350.580688476562 350.720611572266 350.932464599609 351.22314453125 351.541534423828 351.503326416016 351.464813232422 351.426025390625 351.289794921875 350.866851806641 350.501373291016 350.589172363281 350.362426757812 350.709106445312
351.537567138672 351.010162353516 351.470581054688 351.649291992188 352.33544921875 352.07177734375 352.357116699219 352.323760986328 352.288055419922 352.249969482422 351.991943359375 351.166687011719 351.075042724609 351.026397705078 350.936126708984 350.695617675781 350.551330566406 350.814819335938 350.621124267578 350.254974365234 350.5400390625 350.158935546875 350.095367431641 349.889282226562 349.320251464844 349.146423339844 348.720520019531 348.432495117188 348.161895751953 348.573181152344 348.919738769531 349.107086181641 349.697540283203 349.403564453125 349.964935302734 350.364013671875 350.809875488281 351.033081054688 351.050537109375 350.751068115234 351.015991210938 351.115753173828 351.514251708984 351.353240966797 351.001678466797 350.967071533203 350.885406494141 350.984436035156 351.237609863281 350.598114013672
350.939331054688 350.58447265625 350.999969482422 -9999 351.701873779297 351.450164794922 352.367431640625 352.334045410156 352.298400878906 352.260437011719 352.001373291016 351.177612304688 351.08642578125 351.037963867188 350.759613037109 350.030944824219 350.296997070312 350.379455566406 350.534698486328 349.949615478516 350.652404785156 350.591278076172 350.528778076172 350.361541748047 349.333282470703 349.121276855469 348.514587402344 348.273315429688 348.636047363281 348.680297851562 349.057281494141 349.535980224609 349.755676269531 349.593719482422 349.97998046875 350.341857910156 350.765991210938 350.791870117188 350.930206298828 350.963562011719 351.029388427734 351.025421142578 351.152404785156 350.830230712891 350.281860351562 350.701995849609 351.182250976562 350.919464111328 351.095489501953 350.230438232422
350.557342529297 350.514465332031 350.695922851562 351.340301513672 350.753356933594 350.577239990234 351.435119628906 352.34375 352.308166503906 352.270324707031 352.140686035156 351.6484375 351.097198486328 351.048980712891 350.904296875 350.533203125 350.478698730469 350.520324707031 350.683471679688 350.405609130859 350.664581298828 350.322723388672 349.525054931641 349.899688720703 349.2021484375 348.596343994141 348.354858398438 348.821472167969 349.067901611328 348.995422363281 349.182678222656 349.847015380859 349.831939697266 350.044738769531 350.384002685547 350.566772460938 350.791015625 350.754058837891 350.773284912109 350.877349853516 350.876739501953 350.906768798828 350.743865966797 350.496002197266 349.821594238281 350.044677734375 -9999 350.473480224609 350.581787109375 349.912750244141
350.56640625 350.523620605469 350.581787109375 350.789276123047 350.446838378906 350.544677734375 351.15625 351.885101318359 352.317413330078 352.279693603516 352.108612060547 351.515075683594 350.973876953125 350.471557617188 350.558074951172 350.822113037109 350.320373535156 350.2666015625 350.211273193359 350.154388427734 350.236083984375 350.410827636719 349.529815673828 349.054718017578 349.251953125 348.865417480469 348.904083251953 349.15185546875 349.080596923828 349.008178710938 349.196258544922 349.859893798828 349.848236083984 350.151519775391 350.629272460938 350.583374023438 350.816101074219 349.762145996094 348.002624511719 350.478576660156 350.710876464844 350.741455078125 350.622711181641 350.406799316406 349.708068847656 349.765106201172 349.855804443359 349.798187255859 -9999 349.553863525391
