rcp4.5models/GFDL_CM3/sc1gr2.22
NCOLS 261 
NROWS 433 
XLLCORNER 336357.134 
YLLCORNER 654653.479 
CELLSIZE 1000 
NODATA_value -3.4e+38 
[rows 396 to 417 of 433, columns 98 to 146 of 261]
309.213531494141 312.396789550781 311.445465087891 307.9287109375 306.772369384766 308.115234375 310.093627929688 309.826080322266 310.722137451172 312.527038574219 312.589233398438 311.096374511719 308.914886474609 306.006988525391 302.674682617188 303.933441162109 303.254333496094 303.599243164062 306.650787353516 309.260162353516 309.082641601562 308.644714355469 308.260101318359 306.393218994141 300.193786621094 291.481414794922 306.076538085938 313.41943359375 314.449310302734 315.352386474609 315.655212402344 315.791809082031 315.593566894531 315.456634521484 315.690307617188 315.907928466797 315.416931152344 315.865325927734 315.864227294922 316.028198242188 315.812042236328 315.890869140625 316.380035400391 317.259002685547 317.631561279297 318.105438232422 318.591674804688 318.5615234375 319.519775390625
306.860107421875 310.932800292969 312.106079101562 310.71728515625 308.500183105469 307.575347900391 308.660430908203 308.638427734375 309.841125488281 312.315704345703 312.325408935547 310.648895263672 308.478515625 306.807769775391 303.676422119141 302.752624511719 304.352966308594 306.919097900391 309.428588867188 310.300445556641 308.154235839844 307.615112304688 308.262664794922 304.261962890625 295.922760009766 293.773406982422 310.664245605469 313.478057861328 313.734771728516 314.586334228516 314.942260742188 315.465423583984 315.881622314453 315.463134765625 315.262237548828 315.557342529297 315.281707763672 315.300140380859 315.667114257812 315.952575683594 316.321014404297 316.601959228516 316.771240234375 316.760223388672 317.337585449219 317.911560058594 317.900238037109 317.760803222656 319.010894775391
306.193481445312 309.867065429688 312.366882324219 312.137176513672 308.884765625 307.351593017578 308.177825927734 310.341522216797 312.627288818359 313.622680664062 312.614990234375 309.868927001953 307.699859619141 307.309326171875 305.743011474609 306.834350585938 309.099639892578 310.157501220703 310.702728271484 310.325073242188 307.660003662109 307.140350341797 307.302642822266 302.325775146484 296.296447753906 299.870635986328 313.679992675781 312.985870361328 313.247955322266 313.873718261719 313.952697753906 314.698394775391 315.612609863281 315.472747802734 315.270660400391 315.780914306641 315.570617675781 315.006042480469 315.455200195312 315.662261962891 316.324981689453 316.812896728516 317.074462890625 316.757415771484 317.331176757812 317.711700439453 317.781158447266 318.044738769531 319.199798583984
304.973754882812 307.13427734375 309.336303710938 311.979614257812 310.029296875 308.403564453125 308.996063232422 312.373443603516 314.240692138672 314.342803955078 313.883941650391 310.706085205078 307.792358398438 307.344390869141 308.995056152344 310.025360107422 310.58349609375 311.184539794922 311.234649658203 308.623077392578 305.850555419922 306.188049316406 304.824890136719 301.209289550781 301.522430419922 308.022308349609 313.962799072266 312.773956298828 312.986846923828 313.20849609375 312.463745117188 313.431396484375 315.281707763672 -3.4e+38 315.991943359375 316.354400634766 316.432891845703 315.802825927734 315.753387451172 315.461608886719 315.835174560547 316.525848388672 317.077331542969 316.965087890625 316.848175048828 316.527801513672 318.183380126953 319.055908203125 319.697845458984
303.132110595703 304.198547363281 305.688446044922 312.033905029297 312.112487792969 311.137237548828 310.762268066406 313.100555419922 314.028533935547 313.073760986328 313.673217773438 312.688995361328 309.524169921875 308.6396484375 311.257080078125 311.587097167969 312.402587890625 312.452453613281 309.277404785156 304.838500976562 304.103576660156 303.518310546875 298.407745361328 296.248840332031 303.341003417969 311.847900390625 314.667083740234 314.286834716797 313.5927734375 312.493865966797 311.473968505859 312.88671875 315.293579101562 316.429077148438 -3.4e+38 316.865356445312 316.943786621094 315.890899658203 315.679260253906 315.750518798828 315.827606201172 316.320281982422 316.989105224609 317.461120605469 316.527923583984 315.799499511719 318.676879882812 319.555236816406 320.011199951172
304.184051513672 303.855987548828 303.982635498047 310.574523925781 312.683197021484 312.593139648438 312.543151855469 313.814514160156 314.326965332031 312.567016601562 311.945007324219 313.003936767578 311.570373535156 309.355224609375 311.230224609375 311.021087646484 310.057464599609 308.134857177734 305.02978515625 303.593780517578 304.415191650391 301.367492675781 294.713226318359 295.432586669922 305.858673095703 313.237731933594 314.175140380859 314.252471923828 314.3310546875 313.504058837891 312.931549072266 314.227142333984 315.139831542969 315.659484863281 316.515350341797 316.873474121094 316.951324462891 315.892913818359 316.09912109375 316.549499511719 316.338562011719 316.617919921875 317.392150878906 318.265289306641 317.827209472656 317.494598388672 318.993286132812 319.567565917969 320.011749267578
305.76611328125 303.307281494141 303.576263427734 309.286834716797 312.426513671875 312.928436279297 313.542877197266 313.744537353516 313.311584472656 313.155426025391 313.027709960938 313.021820068359 312.295318603516 310.406097412109 307.707214355469 306.031280517578 306.158813476562 305.270233154297 304.057800292969 304.598205566406 304.690216064453 301.614776611328 298.375518798828 301.962463378906 310.252227783203 314.307464599609 313.192474365234 313.267913818359 314.026977539062 314.693603515625 315.168823242188 315.849334716797 315.427825927734 315.445739746094 316.024322509766 316.385650634766 316.676727294922 316.893218994141 316.897491455078 317.055755615234 316.837036132812 317.121307373047 317.903747558594 318.570983886719 318.645965576172 318.720428466797 318.794342041016 319.067504882812 319.711547851562
306.40283203125 303.954284667969 304.650024414062 310.270812988281 312.473815917969 313.483337402344 314.036346435547 313.528625488281 311.254058837891 310.619964599609 312.449035644531 311.700012207031 309.536529541016 307.794525146484 303.495880126953 303.872650146484 306.167541503906 306.992340087891 305.844360351562 304.381805419922 303.462249755859 302.774291992188 303.579803466797 308.2353515625 313.202178955078 313.586944580078 312.974639892578 313.010681152344 313.812805175781 314.885223388672 315.733581542969 316.08447265625 315.937622070312 315.737213134766 315.813842773438 315.890563964844 316.398010253906 317.695983886719 317.196807861328 317.479339599609 317.842102050781 317.917327880859 318.199615478516 318.774200439453 319.140838623047 319.214477539062 319.28759765625 319.167510986328 319.700561523438
307.255798339844 306.735229492188 306.3330078125 309.362396240234 311.755828857422 313.487548828125 314.315979003906 314.325744628906 311.290496826172 307.62939453125 307.203308105469 307.730285644531 306.572204589844 304.68017578125 302.326538085938 303.875244140625 304.421142578125 304.209014892578 306.055541992188 305.950073242188 304.003784179688 304.750335693359 306.846343994141 310.281890869141 313.732666015625 313.134613037109 312.0244140625 311.524017333984 313.012084960938 314.898315429688 315.519989013672 316.042816162109 316.448181152344 316.244171142578 316.319671630859 316.395233154297 316.902130126953 317.912719726562 317.905548095703 318.271392822266 318.354431152344 318.429534912109 318.705596923828 319.077178955078 319.359100341797 319.726196289062 319.799194335938 319.671356201172 320.014678955078
308.590789794922 309.8466796875 309.328674316406 309.064910888672 311.581024169922 313.289337158203 314.062164306641 314.617095947266 312.820129394531 309.192260742188 307.084747314453 306.098114013672 303.798248291016 302.136627197266 301.557250976562 301.617736816406 301.439788818359 301.276184082031 304.541809082031 308.162567138672 307.546081542969 308.013885498047 310.618682861328 312.417877197266 313.520690917969 313.119110107422 311.539916992188 310.578765869141 312.212829589844 314.684997558594 315.483306884766 316.329772949219 316.682250976562 316.757598876953 316.833068847656 316.908569335938 317.202117919922 318.134979248047 318.424011230469 318.786437988281 318.648101806641 318.637878417969 319.208953857422 319.176788330078 319.059326171875 319.729431152344 319.801940917969 319.873931884766 320.01611328125
307.717712402344 309.532440185547 311.255920410156 308.782501220703 309.919403076172 310.462249755859 311.612030029297 313.197998046875 313.943939208984 313.748229980469 312.812774658203 311.374420166016 310.972717285156 311.028350830078 310.430450439453 310.004577636719 310.059448242188 310.840667724609 312.148254394531 314.442779541016 315.531677246094 315.346008300781 315.410614013672 314.998870849609 314.311798095703 313.649780273438 312.334136962891 311.106323242188 312.286285400391 314.440368652344 315.509368896484 316.130432128906 315.76220703125 315.728515625 316.358520507812 316.858642578125 317.282409667969 317.859954833984 318.438995361328 318.592864990234 318.372344970703 318.445892333984 318.720672607422 319.290161132812 319.664428710938 319.940551757812 319.912902832031 319.569915771484 320.01953125
309.849975585938 310.985748291016 310.238311767578 308.430847167969 306.025695800781 306.992614746094 311.563842773438 313.720520019531 313.727752685547 313.812622070312 313.57421875 312.650177001953 312.229187011719 311.75048828125 313.160430908203 313.978210449219 313.787872314453 313.36083984375 314.160430908203 314.719024658203 314.781677246094 315.340728759766 315.688995361328 314.780700683594 314.067321777344 313.665313720703 312.314331054688 312.082489013672 312.882263183594 313.725524902344 315.202911376953 316.416717529297 315.544860839844 315.009521484375 315.802703857422 316.662780761719 316.588897705078 317.382171630859 317.739074707031 318.019958496094 318.378753662109 318.248291015625 318.241943359375 318.814880371094 319.178192138672 319.250122070312 319.516296386719 319.882019042969 320.211151123047
310.330932617188 312.590759277344 310.999053955078 310.040313720703 308.017364501953 308.883056640625 312.511566162109 313.936553955078 314.007995605469 313.792022705078 313.082092285156 313.471405029297 313.479309082031 312.04345703125 313.691223144531 314.485382080078 314.548950195312 314.61328125 314.678436279297 314.500762939453 314.315887451172 314.864624023438 315.442932128906 315.035247802734 314.586212158203 314.182281494141 313.328643798828 312.866424560547 313.168823242188 313.737609863281 314.989044189453 316.605499267578 316.774047851562 316.291900634766 316.151123046875 315.947143554688 315.586578369141 316.593933105469 317.030822753906 317.240997314453 317.893432617188 317.959259033203 318.021057128906 318.10009765625 318.381225585938 318.744384765625 319.212829589844 319.885131835938 320.521240234375
307.548706054688 311.167236328125 311.608917236328 311.867065429688 311.739990234375 311.974456787109 312.937713623047 313.512420654297 314.031372070312 313.830688476562 313.132415771484 313.749176025391 313.976440429688 313.069580078125 313.704803466797 314.506744384766 314.569915771484 314.887420654297 314.701721191406 314.258514404297 314.572845458984 314.406188964844 314.201416015625 314.771423339844 313.904449462891 312.903564453125 313.577087402344 313.148864746094 313.181762695312 314.436340332031 315.818206787109 316.841705322266 317.517730712891 316.872436523438 316.385223388672 316.2353515625 315.810150146484 316.884948730469 317.0322265625 317.025939941406 317.597564697266 318.166198730469 318.535675048828 318.199005126953 318.082733154297 318.945220947266 319.316589355469 319.592437744141 320.637817382812
305.410522460938 310.174621582031 311.917541503906 311.884429931641 312.579315185547 312.950805664062 313.446380615234 313.77587890625 314.054840087891 314.111083984375 313.369689941406 312.968780517578 312.740295410156 313.115966796875 313.986145019531 314.270111083984 314.339294433594 315.155395507812 314.723449707031 314.283111572266 314.606170654297 312.69970703125 311.211547851562 312.744873046875 312.684997558594 311.424774169922 312.826446533203 313.360656738281 314.194610595703 315.450653076172 316.834564208984 317.403747558594 317.3037109375 316.599090576172 316.613220214844 316.312896728516 315.331115722656 316.409057617188 316.972442626953 317.534790039062 317.897644042969 317.979370117188 318.252899169922 318.404235839844 318.379455566406 318.958068847656 319.324859619141 319.582794189453 320.341552734375
307.993835449219 311.387908935547 311.567535400391 310.823913574219 312.440124511719 313.134124755859 313.230163574219 313.784790039062 314.078369140625 313.860931396484 312.892425537109 311.980072021484 311.808258056641 312.903564453125 314.239501953125 314.299621582031 314.368194580078 314.414367675781 314.485198974609 314.803497314453 314.124603271484 310.4970703125 307.980438232422 310.251129150391 312.134216308594 311.728607177734 313.573974609375 314.141448974609 314.482849121094 315.014984130859 316.3095703125 317.196502685547 317.041931152344 316.614624023438 316.411834716797 316.256713867188 315.816070556641 316.113616943359 316.971923828125 317.757049560547 318.193115234375 317.967864990234 318.450164794922 318.90771484375 318.687957763672 318.757568359375 319.030578613281 319.60009765625 320.221343994141
310.423492431641 310.317016601562 309.320220947266 308.612426757812 310.998565673828 312.420776367188 312.475311279297 313.348541259766 313.825805664062 313.384979248047 312.957061767578 312.528076171875 312.341491699219 312.643829345703 313.761749267578 313.804565429688 314.131988525391 313.690704345703 313.752075195312 314.072296142578 312.146789550781 309.977813720703 308.785186767578 309.792846679688 311.391876220703 312.196594238281 314.358001708984 313.963531494141 313.037475585938 313.029968261719 314.553588867188 315.489105224609 315.734680175781 316.347259521484 316.411895751953 316.487670898438 316.781005859375 316.63037109375 317.272125244141 317.350036621094 317.842895507812 318.483764648438 318.764099121094 318.925109863281 318.891845703125 319.054595947266 318.635955810547 319.000030517578 320.233734130859
310.071319580078 309.169738769531 307.922943115234 306.316284179688 308.270172119141 310.458099365234 311.82568359375 313.388397216797 313.588531494141 313.181457519531 313.238067626953 313.025573730469 312.85400390625 312.657073974609 313.270751953125 313.092895507812 313.660919189453 313.713226318359 313.532104492188 313.346405029297 311.679656982422 311.211547851562 311.066650390625 310.346008300781 310.909606933594 312.428314208984 314.63623046875 313.041809082031 311.051879882812 311.045013427734 312.115631103516 312.7314453125 313.919891357422 316.251647949219 316.985107421875 316.282867431641 316.290618896484 316.639831542969 317.071014404297 316.644378662109 317.053955078125 318.204345703125 318.357940673828 318.340423583984 318.906005859375 319.072418212891 318.631195068359 318.797027587891 319.847595214844
309.683166503906 309.140594482422 307.931243896484 305.095703125 305.730438232422 308.38134765625 311.392944335938 313.399169921875 313.611206054688 312.655700683594 312.50830078125 313.08935546875 313.386749267578 312.913757324219 313.054046630859 313.632690429688 314.182098388672 314.243133544922 314.304809570312 313.117279052734 312.171813964844 312.000396728516 311.311248779297 310.637542724609 310.908569335938 312.469757080078 315.388580322266 314.051574707031 312.281097412109 311.622741699219 311.385101318359 312.176116943359 313.695709228516 315.989929199219 316.997253417969 316.286102294922 316.079711914062 316.929840087891 317.072235107422 316.849884033203 317.132904052734 317.914276123047 318.153564453125 317.844879150391 318.612701416016 319.261047363281 319.133239746094 318.907470703125 319.353546142578
306.638244628906 307.785369873047 307.445434570312 304.558776855469 304.207397460938 308.091278076172 311.906158447266 313.158996582031 313.396728515625 312.982269287109 312.808929443359 313.369720458984 313.363159179688 312.425628662109 313.352600097656 314.135650634766 314.447601318359 314.757995605469 314.566833496094 313.390380859375 312.698364257812 312.767913818359 312.334869384766 311.656921386719 312.408905029297 314.009094238281 315.404388427734 315.236846923828 315.036590576172 314.407867431641 313.890197753906 314.459716796875 315.030609130859 316.050231933594 316.951477050781 316.797424316406 316.582733154297 317.440368652344 317.789184570312 317.857879638672 317.926483154297 318.207550048828 318.362365722656 318.131042480469 318.614624023438 319.486114501953 319.640045166016 319.399627685547 319.044219970703
304.844390869141 306.681549072266 307.269683837891 304.028411865234 303.248229980469 307.918609619141 312.118194580078 312.626556396484 312.959930419922 313.513092041016 313.535766601562 313.36474609375 313.164428710938 312.733093261719 313.629577636719 314.144744873047 314.226867675781 314.523071289062 314.340301513672 314.406311035156 313.723571777344 313.520843505859 313.358856201172 312.171020507812 312.685729980469 313.789306640625 313.662506103516 314.693420410156 315.785247802734 315.889007568359 315.689544677734 315.757629394531 316.049102783203 316.615051269531 317.182373046875 317.524688720703 317.377380371094 317.736877441406 317.815673828125 318.300964355469 318.727813720703 318.512176513672 318.580261230469 318.648101806641 318.715637207031 318.989501953125 319.557159423828 319.722564697266 319.237915039062
307.622100830078 308.458740234375 308.911865234375 306.201965332031 305.59423828125 308.342254638672 311.708221435547 312.680145263672 312.996856689453 313.275390625 313.331298828125 313.387786865234 313.44482421875 313.50244140625 313.898345947266 314.425537109375 314.496643066406 314.548645019531 314.360443115234 314.167022705078 313.235931396484 312.790893554688 313.356384277344 312.704376220703 311.980895996094 312.0654296875 312.406341552734 313.706848144531 314.809936523438 314.914916992188 315.166870117188 315.770843505859 316.290435791016 317.127960205078 317.473846435547 317.549987792969 317.611968994141 317.536743164062 317.315704345703 318.024780273438 318.953369140625 318.60009765625 318.503448486328 318.942474365234 318.721618652344 318.591094970703 318.963256835938 319.717132568359 319.738800048828
