rcp4.5models/GFDL_CM3/sc1gr4.21
NCOLS 261 
NROWS 433 
XLLCORNER 336357.134 
YLLCORNER 654653.479 
CELLSIZE 1000 
NODATA_value -3.4e+38 
[rows 330 to 351 of 433, columns 49 to 97 of 261]
284.677734375 285.201965332031 285.380157470703 285.215759277344 285.335876464844 285.57958984375 285.532104492188 286.000701904297 286.017150878906 286.407562255859 286.790496826172 286.771881103516 287.076141357422 287.221832275391 287.167236328125 287.189331054688 286.846710205078 285.125946044922 277.990447998047 278.020324707031 278.00927734375 276.350341796875 276.006774902344 276.173675537109 -3.4e+38 -3.4e+38 274.343994140625 -3.4e+38 274.565551757812 274.267974853516 278.471801757812 281.042083740234 283.698181152344 285.801940917969 281.659362792969 273.79443359375 268.813415527344 270.479431152344 275.388122558594 279.004608154297 275.533203125 271.686218261719 272.498474121094 272.378845214844 268.614685058594 268.793304443359 264.974853515625 263.333190917969 268.257904052734
284.740936279297 285.395477294922 285.517669677734 285.598876953125 285.580963134766 285.500183105469 285.541748046875 285.920288085938 286.066101074219 286.274536132812 286.210601806641 285.759002685547 286.590759277344 287.225738525391 287.060638427734 287.126373291016 286.941741943359 287.109130859375 283.395324707031 282.835632324219 279.862701416016 277.551788330078 275.488464355469 274.040435791016 -3.4e+38 271.45751953125 274.251647949219 -3.4e+38 272.535980224609 275.766082763672 280.331420898438 283.592498779297 287.403106689453 288.981353759766 287.026733398438 282.546905517578 276.968841552734 277.759887695312 282.896209716797 285.46484375 279.398620605469 272.13330078125 272.447967529297 273.384399414062 269.640869140625 270.384643554688 269.135986328125 268.311889648438 275.533935546875
284.651458740234 285.209869384766 285.659454345703 285.791595458984 285.430938720703 285.635772705078 286.067962646484 285.985748291016 285.871032714844 286.002777099609 285.921051025391 285.488128662109 286.20947265625 287.126708984375 287.228881835938 287.283874511719 287.029205322266 287.180297851562 287.026733398438 286.666595458984 284.374603271484 283.157867431641 277.432739257812 273.669586181641 -3.4e+38 269.994384765625 272.95458984375 274.052368164062 273.300018310547 278.935089111328 282.035186767578 284.006408691406 288.577575683594 288.717895507812 288.631866455078 288.383087158203 285.477600097656 284.965179443359 287.724792480469 286.972412109375 279.573516845703 274.244110107422 272.413757324219 274.528259277344 272.718933105469 271.779663085938 273.229949951172 271.76611328125 275.38623046875
284.616180419922 284.888122558594 285.641296386719 285.605438232422 285.245361328125 285.679077148438 285.903686523438 286.096771240234 285.505126953125 285.527740478516 285.750793457031 285.873443603516 286.630065917969 287.059967041016 286.879119873047 287.061828613281 286.799346923828 286.69091796875 286.712249755859 286.564758300781 286.34228515625 285.816711425781 277.360595703125 271.289306640625 -3.4e+38 271.682403564453 271.207672119141 273.566009521484 274.126007080078 277.155395507812 279.470550537109 283.329864501953 288.018432617188 288.323333740234 288.438507080078 288.589782714844 288.113861083984 287.709136962891 288.299377441406 287.786315917969 280.374969482422 276.849456787109 272.459808349609 276.481597900391 278.419799804688 276.898071289062 276.87060546875 269.970092773438 267.111511230469
284.829528808594 284.98828125 285.709106445312 285.764282226562 285.690673828125 285.929534912109 285.618774414062 285.597961425781 285.023193359375 285.053466796875 285.643127441406 286.373992919922 287.142211914062 286.903045654297 286.57275390625 286.859130859375 285.265991210938 285.094268798828 286.372741699219 286.746795654297 286.695953369141 284.557586669922 276.355834960938 271.617218017578 273.807678222656 272.690185546875 271.369537353516 273.839050292969 270.769744873047 273.175537109375 278.919616699219 281.465454101562 280.651000976562 285.063690185547 288.591491699219 287.941192626953 287.958679199219 288.010864257812 287.037322998047 287.304962158203 285.346832275391 277.954254150391 274.682830810547 277.669464111328 281.612762451172 280.29345703125 277.285430908203 266.882263183594 258.830902099609
285.157318115234 285.141235351562 285.598876953125 285.807800292969 285.861999511719 285.819732666016 285.578582763672 285.39013671875 285.030853271484 285.174743652344 285.837677001953 286.248657226562 286.507537841797 286.503784179688 286.706817626953 286.908020019531 285.591735839844 285.27783203125 286.619873046875 287.031890869141 286.579620361328 283.975006103516 276.875915527344 273.840484619141 275.051513671875 272.999908447266 272.373077392578 276.796508789062 273.664733886719 272.738311767578 279.297760009766 278.865051269531 273.240356445312 281.261962890625 288.625732421875 288.388641357422 288.559173583984 288.435272216797 286.414367675781 286.717041015625 288.666351318359 280.017395019531 279.627380371094 281.919921875 283.007873535156 282.174194335938 276.425384521484 263.896331787109 251.359512329102
285.604309082031 285.408325195312 285.876922607422 285.842987060547 285.729919433594 285.535308837891 285.27587890625 285.55078125 285.688995361328 285.586212158203 285.487884521484 286.108581542969 286.217834472656 285.921264648438 286.116302490234 286.612579345703 286.723419189453 286.424713134766 287.078277587891 287.081909179688 286.348236083984 285.262908935547 282.471130371094 278.437652587891 277.178375244141 279.249603271484 280.225952148438 283.897277832031 283.672576904297 281.283813476562 280.684661865234 283.623565673828 280.639892578125 282.047546386719 287.946502685547 289.451690673828 289.469879150391 289.088287353516 288.876831054688 288.056854248047 288.070983886719 287.212371826172 286.678833007812 288.340789794922 288.902069091797 286.805419921875 278.895263671875 268.573486328125 257.395660400391
285.852691650391 285.688781738281 285.859039306641 285.613067626953 285.311676025391 284.945281982422 285.052642822266 285.991424560547 285.955505371094 285.572052001953 285.474365234375 285.832946777344 285.812072753906 285.760528564453 285.971343994141 286.582427978516 286.781951904297 286.880645751953 287.215209960938 286.994934082031 286.433410644531 285.867095947266 283.113220214844 279.450408935547 278.148529052734 279.964385986328 280.373138427734 282.314758300781 285.285858154297 283.431060791016 281.776550292969 283.575805664062 280.038665771484 281.662811279297 288.330688476562 289.151214599609 289.139831542969 289.247894287109 289.337982177734 289.294006347656 289.234802246094 289.271514892578 288.944549560547 289.009857177734 289.366729736328 287.627502441406 280.999755859375 271.295715332031 263.826293945312
286.13330078125 286.081207275391 285.793426513672 285.411193847656 285.228210449219 285.132537841797 285.458068847656 286.172760009766 285.946807861328 285.673645019531 285.837280273438 285.784271240234 285.592102050781 285.971343994141 286.194549560547 286.689453125 287.100982666016 287.310913085938 287.169891357422 286.701477050781 286.082641601562 285.971405029297 283.666687011719 281.786254882812 280.771209716797 280.716735839844 280.875 282.825042724609 286.886199951172 284.707702636719 282.208435058594 283.189880371094 279.085296630859 279.320983886719 287.095977783203 289.274047851562 289.200347900391 289.130981445312 289.118804931641 289.372894287109 289.409118652344 289.064483642578 289.363891601562 289.28466796875 289.290252685547 288.830780029297 285.495727539062 274.884857177734 267.209503173828
285.980895996094 285.73583984375 285.419586181641 285.492614746094 285.806427001953 285.837768554688 285.679321289062 285.809417724609 285.864562988281 286.125213623047 286.042205810547 285.616424560547 285.463897705078 286.116394042969 286.451324462891 286.616027832031 287.204162597656 287.327117919922 286.151397705078 285.912414550781 285.680572509766 285.343566894531 285.356262207031 284.504974365234 283.258666992188 281.953826904297 281.604461669922 284.474456787109 287.869842529297 281.448638916016 275.545837402344 277.026550292969 279.398712158203 276.355743408203 282.295959472656 289.17724609375 289.416137695312 289.203063964844 289.174285888672 289.251831054688 289.259735107422 288.9560546875 289.272735595703 289.392791748047 289.269470214844 289.192352294922 287.932495117188 281.951873779297 274.808227539062
286.012359619141 285.759735107422 285.768463134766 285.916809082031 285.755645751953 285.657348632812 285.463897705078 285.774475097656 286.285797119141 286.406829833984 285.938323974609 285.504821777344 285.470306396484 285.987182617188 286.668609619141 286.722564697266 286.941925048828 286.876342773438 285.604278564453 285.022979736328 284.59521484375 285.741790771484 287.151123046875 284.924926757812 283.277404785156 281.737518310547 280.838165283203 284.444549560547 287.581848144531 276.377197265625 275.112945556641 277.252777099609 283.025970458984 280.364471435547 282.387603759766 288.711761474609 289.120056152344 289.444396972656 289.485473632812 288.684234619141 288.680206298828 289.041870117188 289.211517333984 289.428924560547 289.2734375 289.251647949219 288.449798583984 286.039825439453 279.153167724609
285.859466552734 285.450714111328 285.872802734375 286.086486816406 285.30615234375 285.078033447266 285.111358642578 285.624633789062 286.393585205078 286.553192138672 286.008636474609 285.691925048828 285.911468505859 286.284118652344 286.584991455078 286.896636962891 287.03955078125 286.677093505859 286.227569580078 284.589324951172 283.807067871094 285.770111083984 287.436950683594 286.359710693359 284.979187011719 281.433685302734 279.895172119141 282.460418701172 285.999938964844 281.433410644531 281.854095458984 281.967803955078 285.305114746094 286.438873291016 285.097137451172 287.345581054688 289.195098876953 289.548889160156 289.493835449219 287.866973876953 287.503845214844 289.195098876953 289.315063476562 289.494812011719 289.652587890625 289.619140625 289.229461669922 286.416839599609 278.234466552734
285.702484130859 285.220306396484 285.347503662109 285.651550292969 285.401763916016 285.095367431641 285.127075195312 285.764495849609 286.349945068359 286.725799560547 286.005523681641 285.587158203125 286.138549804688 286.456298828125 286.460388183594 286.925262451172 287.183868408203 286.908111572266 287.135772705078 286.523895263672 285.693695068359 286.437164306641 287.620483398438 287.677368164062 287.284210205078 285.371154785156 283.342742919922 282.865844726562 285.06494140625 287.829956054688 286.748931884766 286.112060546875 287.400909423828 288.794586181641 286.725036621094 287.193664550781 289.530151367188 289.496704101562 289.140533447266 288.20703125 287.911926269531 288.9921875 288.988952636719 289.480895996094 289.865356445312 289.805114746094 289.565490722656 286.52978515625 277.5419921875
285.87939453125 285.749420166016 285.362640380859 285.143493652344 285.534240722656 285.525848388672 285.356079101562 286.033905029297 286.506530761719 286.778411865234 285.594757080078 285.471771240234 286.38330078125 286.782653808594 287.009552001953 287.209747314453 287.33251953125 287.122619628906 287.432403564453 287.694549560547 287.526641845703 285.476257324219 286.166809082031 287.360290527344 287.4375 288.009033203125 287.254272460938 286.480895996094 286.885620117188 288.757415771484 288.737182617188 288.794982910156 289.031005859375 289.038757324219 288.01318359375 288.090606689453 289.335296630859 289.254333496094 289.142150878906 289.198913574219 289.159759521484 288.193481445312 288.385345458984 289.097869873047 289.623107910156 289.506622314453 289.525726318359 287.711029052734 279.174224853516
286.230895996094 286.330078125 285.83544921875 285.403442382812 285.519561767578 285.697021484375 285.872375488281 286.32958984375 286.722534179688 286.6923828125 286.143463134766 286.131713867188 286.492431640625 286.693542480469 286.967620849609 287.304138183594 287.354583740234 287.078674316406 287.22705078125 287.447174072266 287.975982666016 286.757781982422 286.853393554688 287.71826171875 287.734313964844 287.990570068359 287.845886230469 285.995025634766 284.271911621094 287.091827392578 286.960479736328 285.922698974609 286.725982666016 284.821563720703 285.790924072266 288.339965820312 288.722045898438 289.028472900391 289.19775390625 289.400177001953 289.501953125 287.527770996094 287.30078125 288.749176025391 289.6630859375 289.562469482422 289.629272460938 288.772827148438 281.183624267578
286.137542724609 286.388977050781 285.979522705078 285.642883300781 285.931457519531 286.042205810547 286.119781494141 286.705535888672 286.370849609375 286.288909912109 286.519378662109 286.335693359375 286.125335693359 286.520568847656 286.701934814453 286.772216796875 287.144622802734 286.813598632812 286.964691162109 287.326812744141 287.820526123047 286.628265380859 285.339294433594 286.943695068359 287.933380126953 286.539245605469 286.647491455078 284.896057128906 280.55810546875 283.920562744141 286.64501953125 282.323944091797 282.319549560547 282.287231445312 284.192474365234 288.491485595703 287.867340087891 288.249359130859 289.105285644531 289.360046386719 289.613616943359 288.696929931641 287.162414550781 288.088073730469 289.783264160156 289.754608154297 289.492980957031 287.806182861328 281.233032226562
285.973205566406 286.2763671875 286.006072998047 285.613037109375 286.203094482422 286.536651611328 286.328796386719 286.779235839844 286.339752197266 285.388153076172 285.67236328125 286.106231689453 286.31103515625 286.848876953125 286.689666748047 286.729522705078 287.249389648438 287.226287841797 287.181701660156 287.095947265625 287.326751708984 286.609039306641 285.700439453125 286.765106201172 285.4794921875 283.48193359375 283.257446289062 282.399627685547 280.335052490234 280.873779296875 285.546356201172 279.153167724609 277.169769287109 281.076843261719 283.153625488281 287.044006347656 287.368286132812 287.506225585938 288.597137451172 287.957885742188 287.516052246094 289.783020019531 288.777313232422 288.949615478516 289.939910888672 289.767547607422 289.190734863281 288.066955566406 284.307525634766
286.035217285156 286.243225097656 286.221160888672 286.214599609375 286.419494628906 286.617889404297 286.703521728516 286.236541748047 286.080505371094 285.248321533203 285.283081054688 286.043121337891 286.809173583984 287.063354492188 286.804138183594 287.036468505859 287.156616210938 287.417846679688 287.314758300781 286.546020507812 286.756896972656 287.444213867188 287.431732177734 285.599243164062 284.118133544922 282.807037353516 280.105224609375 279.750579833984 279.793395996094 276.256561279297 280.985168457031 277.315002441406 271.850128173828 276.840850830078 280.429229736328 284.095611572266 285.291198730469 282.294281005859 284.073608398438 286.857727050781 285.163665771484 289.342651367188 289.624664306641 289.690246582031 289.739685058594 289.636810302734 288.860260009766 289.020263671875 288.712677001953
286.131469726562 286.163360595703 286.4755859375 286.642883300781 286.586120605469 286.677398681641 286.9384765625 286.597137451172 286.598114013672 285.465637207031 284.927154541016 285.925811767578 286.562408447266 286.850769042969 287.112670898438 286.955413818359 286.892395019531 286.978179931641 286.689544677734 286.529663085938 286.551940917969 287.002960205078 287.479705810547 286.100830078125 285.664794921875 284.334564208984 279.92236328125 276.531402587891 276.947845458984 273.999481201172 274.780181884766 277.195831298828 270.510955810547 269.61767578125 277.481719970703 279.145355224609 282.079772949219 280.406524658203 276.279235839844 281.694274902344 286.216156005859 284.995971679688 288.965545654297 289.614562988281 288.217071533203 285.976531982422 287.285736083984 289.669219970703 289.739227294922
286.122741699219 286.117553710938 286.253448486328 286.472930908203 286.427124023438 286.314392089844 286.417297363281 286.279693603516 286.470092773438 285.258209228516 283.781585693359 285.1494140625 286.626129150391 286.905975341797 287.202362060547 287.219390869141 287.007171630859 286.842956542969 286.176452636719 287.085479736328 286.998474121094 286.836120605469 287.180572509766 287.153381347656 283.929290771484 282.923156738281 281.853393554688 279.545745849609 278.852233886719 276.490570068359 275.852020263672 276.933776855469 270.183227539062 266.967895507812 274.479248046875 276.591125488281 279.141052246094 282.272125244141 275.157135009766 274.9775390625 284.030578613281 285.201690673828 287.687469482422 289.512298583984 289.248840332031 287.522583007812 286.458557128906 288.341949462891 289.528350830078
285.830657958984 286.045684814453 286.090637207031 286.264923095703 285.884460449219 285.817565917969 286.236511230469 286.100402832031 286.589477539062 286.014831542969 285.136627197266 285.963531494141 286.598785400391 286.762664794922 287.138854980469 287.294006347656 286.9638671875 286.645629882812 285.025726318359 286.372589111328 287.377044677734 287.180267333984 287.347442626953 287.278839111328 284.923217773438 282.443054199219 282.319030761719 281.277496337891 279.066711425781 276.464569091797 275.307342529297 273.686492919922 265.158355712891 263.166229248047 271.282684326172 277.083953857422 276.976654052734 280.527587890625 277.745788574219 268.587799072266 274.625457763672 287.403930664062 287.797821044922 289.486175537109 289.447204589844 289.364196777344 287.417938232422 287.31005859375 288.466369628906
285.310699462891 285.757293701172 286.058319091797 286.307006835938 286.178192138672 285.985687255859 286.096343994141 286.166717529297 286.476959228516 286.602752685547 286.232360839844 286.701751708984 286.685394287109 286.703155517578 286.949035644531 287.219055175781 287.179473876953 286.969024658203 284.676330566406 285.63330078125 287.329406738281 287.157379150391 287.076324462891 287.167236328125 287.144256591797 283.536651611328 283.350952148438 280.069702148438 276.018585205078 275.563812255859 275.270874023438 274.736846923828 267.936737060547 264.320556640625 268.77880859375 277.629364013672 281.474517822266 281.5556640625 281.039093017578 271.492919921875 267.917816162109 284.700408935547 287.630920410156 288.320831298828 289.193817138672 289.253692626953 288.545471191406 286.830780029297 285.907196044922
