rcp4.5models/GFDL_CM3/sc1gr9.36
NCOLS 261 
NROWS 433 
XLLCORNER 336357.134 
YLLCORNER 654653.479 
CELLSIZE 1000 
NODATA_value -3.4e+38 
[rows 264 to 285 of 433, columns 98 to 146 of 261]
479.568328857422 488.308227539062 520.430969238281 510.138824462891 507.6552734375 503.104370117188 498.518127441406 492.453948974609 478.234222412109 440.441528320312 406.079345703125 424.022979736328 458.659729003906 453.770812988281 415.862701416016 443.354553222656 447.634887695312 439.716186523438 436.036163330078 435.242370605469 400.298095703125 381.34228515625 375.123107910156 375.0263671875 374.969665527344 375.285797119141 379.457305908203 397.277709960938 432.258911132812 457.317932128906 484.123657226562 497.449096679688 488.878845214844 477.785888671875 492.735534667969 475.122741699219 435.898529052734 388.853637695312 399.893402099609 418.84619140625 439.325836181641 463.326477050781 466.019989013672 444.106414794922 434.955902099609 446.517608642578 469.614562988281 463.152496337891 438.706756591797
460.864318847656 470.957275390625 516.646301269531 506.8525390625 507.561248779297 503.928466796875 500.348663330078 495.012939453125 482.289306640625 444.664428710938 404.764343261719 422.400970458984 456.055694580078 453.329406738281 417.563385009766 429.990600585938 453.946136474609 443.780975341797 434.786560058594 432.110443115234 386.265625 375.956634521484 374.987609863281 374.541015625 374.857482910156 375.919342041016 378.921173095703 387.208709716797 410.519744873047 451.646087646484 487.015258789062 504.779510498047 491.216583251953 475.243469238281 498.693328857422 495.903869628906 465.399017333984 401.382873535156 398.330261230469 397.647430419922 413.455017089844 425.042297363281 429.845458984375 416.787475585938 418.595947265625 445.202697753906 475.566314697266 466.714538574219 419.733184814453
450.218017578125 477.843017578125 516.513244628906 501.910736083984 504.150695800781 505.129577636719 500.009033203125 496.631927490234 492.636993408203 486.232513427734 456.236968994141 409.139770507812 409.187713623047 430.064300537109 427.449951171875 415.142211914062 439.554351806641 455.026702880859 444.474975585938 436.668334960938 454.850891113281 445.375091552734 414.838684082031 380.272979736328 374.677093505859 375.661376953125 379.384399414062 386.545013427734 399.532409667969 423.811828613281 465.201873779297 497.432922363281 494.764068603516 450.089782714844 461.273773193359 507.026885986328 505.068145751953 467.264129638672 447.112091064453 433.556518554688 414.894683837891 397.789428710938 392.077697753906 404.087219238281 436.335968017578 471.280944824219 475.274749755859 464.889190673828 429.256622314453
450.026336669922 466.435821533203 506.011047363281 490.764739990234 489.920379638672 505.456939697266 501.125915527344 497.376922607422 493.646301269531 487.772003173828 472.505340576172 432.984313964844 400.626617431641 412.163604736328 409.949096679688 402.328369140625 430.524444580078 460.741455078125 446.180725097656 434.882965087891 442.725189208984 423.151733398438 402.937164306641 396.256744384766 379.154693603516 375.008697509766 377.224609375 382.38427734375 401.695892333984 437.248748779297 477.211364746094 498.620880126953 484.850555419922 451.693267822266 460.211883544922 498.006286621094 503.300872802734 492.576477050781 476.71240234375 474.436370849609 447.231964111328 420.882019042969 419.781524658203 410.218505859375 411.608032226562 451.841827392578 481.050720214844 469.083374023438 439.540924072266
465.078826904297 480.227172851562 505.053863525391 501.256103515625 497.020874023438 503.775268554688 502.021118164062 487.571350097656 464.424774169922 469.423126220703 482.848022460938 463.936126708984 432.349060058594 420.149139404297 402.446411132812 393.950500488281 413.298797607422 431.722229003906 437.244873046875 431.550445556641 422.889251708984 419.45654296875 410.565490722656 408.619659423828 397.015533447266 388.595397949219 377.193725585938 379.651123046875 396.525238037109 439.938507080078 486.79150390625 505.598205566406 489.967041015625 455.226684570312 464.606567382812 499.127990722656 500.796539306641 494.657775878906 495.640686035156 497.59228515625 483.899261474609 467.691131591797 455.462493896484 418.2353515625 397.850280761719 410.255767822266 439.376342773438 456.664611816406 460.895629882812
476.405242919922 503.750946044922 519.138732910156 517.520385742188 510.559020996094 501.288421630859 498.701721191406 488.483337402344 454.278442382812 433.170806884766 456.127471923828 476.841888427734 465.226715087891 433.660949707031 407.593719482422 403.924652099609 416.19921875 418.117401123047 431.18505859375 422.056793212891 406.589996337891 421.91552734375 415.97021484375 408.450988769531 409.687225341797 414.566436767578 397.24658203125 378.033935546875 386.135833740234 424.222045898438 484.890228271484 514.112670898438 491.940032958984 441.173553466797 465.819091796875 510.049652099609 505.403900146484 483.737762451172 492.937561035156 495.442413330078 498.256896972656 489.895965576172 453.16455078125 409.811859130859 391.057647705078 391.744873046875 425.600616455078 460.535980224609 476.300659179688
469.918060302734 507.288391113281 532.725891113281 522.649475097656 511.378875732422 494.644134521484 489.046569824219 492.5576171875 472.893951416016 429.126495361328 417.242614746094 444.355621337891 457.627319335938 432.823791503906 401.048248291016 400.852294921875 410.528350830078 420.058959960938 426.148834228516 418.097229003906 402.107238769531 407.889801025391 411.106842041016 408.85302734375 403.989166259766 411.626892089844 429.768402099609 395.418334960938 388.184204101562 432.084503173828 494.536529541016 509.110229492188 477.91943359375 465.093322753906 470.872528076172 501.48193359375 506.024993896484 469.155059814453 484.528533935547 495.140716552734 499.288482666016 475.462280273438 427.146850585938 404.949371337891 393.631225585938 401.178924560547 446.904327392578 482.177673339844 470.693603515625
484.815643310547 513.827697753906 526.145446777344 516.804870605469 503.392364501953 486.268096923828 480.661834716797 481.095428466797 468.666564941406 453.511413574219 427.375061035156 424.186096191406 448.143463134766 434.999053955078 393.962799072266 395.269012451172 397.812530517578 405.789001464844 407.611877441406 403.963348388672 394.755249023438 390.456695556641 401.627075195312 405.757568359375 392.688903808594 395.393859863281 429.274261474609 409.036163330078 388.986083984375 438.629364013672 503.663238525391 513.138122558594 500.762359619141 505.963409423828 483.870056152344 491.030303955078 493.979187011719 465.909301757812 484.885559082031 498.563537597656 503.708770751953 484.404876708984 446.138305664062 427.993560791016 419.614410400391 402.438659667969 419.348266601562 453.407562255859 441.969146728516
499.305084228516 529.912109375 510.539520263672 500.170654296875 486.187957763672 477.993591308594 479.760284423828 470.781280517578 455.154846191406 451.059844970703 448.663879394531 444.652893066406 446.942504882812 440.975494384766 392.333465576172 395.516326904297 390.910583496094 391.806060791016 389.209594726562 389.192443847656 388.109283447266 381.733551025391 385.316680908203 390.312652587891 383.642822265625 389.517669677734 410.444274902344 405.027038574219 387.722717285156 419.287170410156 483.644958496094 501.908935546875 505.308013916016 505.814178466797 496.393280029297 492.289154052734 474.633270263672 458.628936767578 483.900909423828 498.763427734375 503.143096923828 497.230926513672 489.249450683594 465.092803955078 432.175842285156 399.347534179688 391.804809570312 412.751251220703 451.759582519531
512.233581542969 537.402404785156 510.414398193359 483.021148681641 468.593688964844 460.032684326172 468.867553710938 470.043853759766 456.405334472656 440.044891357422 440.155944824219 449.616851806641 444.658630371094 440.350067138672 390.613006591797 395.580383300781 391.195037841797 389.903045654297 382.134521484375 382.001647949219 380.834014892578 374.839874267578 373.567565917969 376.006988525391 383.261962890625 397.983734130859 400.951477050781 405.265991210938 398.227111816406 400.07177734375 447.598083496094 477.051361083984 476.146850585938 489.174438476562 497.615295410156 486.646545410156 457.476837158203 456.906890869141 479.38818359375 490.357452392578 496.013763427734 497.726257324219 490.845855712891 451.797546386719 411.163696289062 401.960601806641 405.811157226562 408.003051757812 480.150787353516
538.983703613281 543.356079101562 527.754150390625 483.752990722656 464.905364990234 453.542175292969 471.417663574219 475.205810546875 464.715270996094 459.041931152344 435.330535888672 427.625885009766 434.026977539062 434.587158203125 390.506195068359 395.929901123047 392.103759765625 393.074005126953 383.740173339844 379.111572265625 375.857086181641 373.551971435547 371.915191650391 370.658569335938 380.568420410156 397.282745361328 390.585296630859 399.769226074219 403.046600341797 395.579437255859 419.622375488281 457.474609375 461.575469970703 477.050720214844 489.0849609375 479.736022949219 456.245941162109 467.659606933594 481.187896728516 493.650512695312 500.268798828125 503.118560791016 484.974456787109 444.958465576172 420.241149902344 418.537384033203 432.473358154297 429.246795654297 484.879852294922
552.289611816406 542.339416503906 531.328125 506.793731689453 481.509429931641 464.227996826172 483.560272216797 486.680969238281 482.900573730469 476.355316162109 442.15478515625 416.095306396484 413.254089355469 421.243194580078 399.196380615234 392.637634277344 390.336700439453 391.474365234375 385.145355224609 380.421966552734 374.182250976562 372.144836425781 369.687774658203 368.747100830078 373.170867919922 381.0166015625 384.061920166016 388.685424804688 394.204010009766 395.461761474609 403.910186767578 436.243743896484 457.788146972656 469.775909423828 481.101867675781 474.218719482422 450.269653320312 474.173583984375 484.884948730469 497.554901123047 507.107452392578 503.550262451172 491.846893310547 475.776245117188 445.850799560547 433.447174072266 445.829254150391 429.457489013672 484.742828369141
555.643371582031 547.398742675781 533.70458984375 520.423400878906 511.15185546875 497.168395996094 501.636535644531 503.697875976562 495.275817871094 476.094177246094 449.755493164062 419.847259521484 408.076629638672 416.838653564453 405.059539794922 397.290649414062 390.060699462891 387.994598388672 387.505828857422 383.272430419922 375.059783935547 373.906860351562 371.086761474609 366.913116455078 368.488128662109 370.807800292969 379.620086669922 381.554504394531 385.002746582031 392.925079345703 401.862701416016 422.198486328125 448.880340576172 477.475311279297 488.820648193359 477.18115234375 453.330108642578 476.341125488281 486.10009765625 494.712982177734 505.805603027344 505.327850341797 500.344543457031 495.178588867188 475.838439941406 463.070617675781 452.423217773438 417.106109619141 448.658935546875
558.196105957031 553.351806640625 542.236694335938 518.245178222656 521.551940917969 515.035949707031 516.392395019531 513.118591308594 501.448272705078 483.712005615234 464.863128662109 436.136962890625 412.714263916016 401.618041992188 404.959716796875 407.893402099609 398.279327392578 396.483642578125 397.570007324219 393.923767089844 384.554504394531 379.476470947266 374.3154296875 366.251647949219 364.646484375 365.273071289062 374.014038085938 376.229248046875 382.099212646484 389.709869384766 400.572723388672 414.566589355469 434.352508544922 467.798645019531 489.994445800781 486.718688964844 469.695587158203 466.899871826172 483.002166748047 494.451812744141 500.765319824219 501.189849853516 499.985656738281 496.445220947266 498.706939697266 491.125518798828 471.127685546875 443.592376708984 417.399139404297
560.177734375 548.314819335938 546.040710449219 495.364135742188 472.894775390625 459.517730712891 462.252990722656 471.361114501953 467.102172851562 448.12548828125 441.953094482422 454.305694580078 470.575866699219 453.991241455078 401.565795898438 437.002685546875 425.645446777344 421.194396972656 428.413940429688 439.030212402344 424.460327148438 385.91943359375 374.794128417969 362.712280273438 360.994079589844 362.412567138672 366.259582519531 373.275695800781 382.641662597656 391.301483154297 394.32958984375 401.651031494141 409.89208984375 419.387786865234 440.034729003906 462.635101318359 453.850555419922 439.715362548828 459.547515869141 479.219024658203 489.249389648438 490.893981933594 491.822662353516 494.295440673828 495.763305664062 496.787475585938 495.303100585938 466.842254638672 404.667510986328
562.236938476562 553.115051269531 554.398620605469 532.376098632812 491.554779052734 454.945709228516 474.730621337891 452.935791015625 441.685607910156 439.641235351562 440.122344970703 433.070465087891 426.280426025391 426.040649414062 438.413177490234 464.975280761719 442.812072753906 414.794860839844 412.963958740234 439.037689208984 431.716827392578 387.145874023438 365.938171386719 363.305725097656 367.251983642578 377.760925292969 364.613739013672 371.762817382812 381.653076171875 389.009826660156 390.421356201172 396.048217773438 406.690307617188 418.185211181641 434.33935546875 447.652099609375 447.475982666016 441.557159423828 451.350341796875 466.217346191406 482.467712402344 491.733306884766 497.110870361328 500.092529296875 -3.4e+38 499.05419921875 495.436889648438 475.404296875 446.760223388672
568.772521972656 562.968505859375 555.471862792969 536.461547851562 527.649536132812 487.035583496094 481.580535888672 474.318786621094 443.717559814453 448.320556640625 450.639129638672 439.831298828125 425.295288085938 421.955718994141 465.886138916016 442.845153808594 417.871887207031 401.083282470703 399.862274169922 414.311614990234 423.246398925781 395.276489257812 357.508941650391 368.236389160156 384.028961181641 391.775268554688 381.105163574219 371.420928955078 380.823516845703 381.354766845703 387.899658203125 394.701202392578 403.177917480469 413.790161132812 426.845275878906 438.263000488281 448.426635742188 445.828338623047 449.683807373047 -3.4e+38 479.517395019531 494.064025878906 499.535491943359 503.410949707031 509.286437988281 509.129150390625 500.158172607422 492.510986328125 489.959228515625
575.426452636719 572.249084472656 562.363464355469 543.724243164062 546.986022949219 526.169677734375 483.394653320312 457.353515625 441.333679199219 436.625946044922 432.216430664062 430.185852050781 427.600006103516 418.063781738281 428.763793945312 401.804504394531 388.993103027344 396.661895751953 412.439819335938 404.656799316406 405.389801025391 404.729339599609 354.526336669922 368.833038330078 385.106994628906 377.938629150391 402.006683349609 397.128936767578 375.441741943359 375.822052001953 387.386566162109 396.325439453125 401.119659423828 407.841339111328 419.424713134766 432.071228027344 448.738067626953 456.198028564453 460.519348144531 468.441925048828 -3.4e+38 490.757873535156 499.343566894531 504.909759521484 517.274230957031 517.288879394531 502.944549560547 495.944885253906 489.556121826172
576.394836425781 573.189819335938 570.345092773438 556.770080566406 549.971496582031 548.490844726562 525.009765625 465.348114013672 432.670257568359 438.803161621094 428.342102050781 416.318267822266 406.523773193359 402.503601074219 396.717620849609 393.541778564453 385.406280517578 387.097259521484 400.534393310547 392.638122558594 365.339141845703 376.341064453125 353.367858886719 360.393310546875 377.812866210938 401.865234375 438.12255859375 432.115142822266 397.153167724609 375.479553222656 386.606231689453 397.101440429688 402.3603515625 408.160095214844 417.8232421875 430.55419921875 449.061981201172 462.830535888672 470.929260253906 477.814392089844 479.999694824219 491.256103515625 506.084106445312 512.251525878906 525.7138671875 522.641357421875 504.429077148438 496.794830322266 489.705078125
578.654907226562 570.868896484375 563.429138183594 554.706909179688 542.4873046875 540.695739746094 543.269226074219 490.762115478516 428.139587402344 435.234954833984 432.822326660156 421.1923828125 411.37890625 401.043914794922 391.821655273438 387.348541259766 381.638061523438 377.459228515625 382.799285888672 385.953399658203 355.470550537109 346.901214599609 350.396087646484 372.41748046875 423.296081542969 467.557952880859 488.022857666016 446.978240966797 414.440673828125 392.402557373047 397.552978515625 394.112274169922 401.895629882812 409.416870117188 418.128753662109 429.618682861328 448.040252685547 464.785308837891 -3.4e+38 483.307525634766 489.32861328125 -3.4e+38 -3.4e+38 513.118103027344 528.987976074219 527.923522949219 504.781707763672 496.995452880859 492.374114990234
580.87939453125 562.549560546875 546.23876953125 552.789916992188 543.748596191406 536.565185546875 532.643371582031 503.763397216797 460.072052001953 430.848175048828 437.787780761719 453.470458984375 443.297607421875 419.336669921875 388.452606201172 384.213256835938 382.498870849609 378.396392822266 376.861846923828 379.312133789062 358.074035644531 358.344024658203 384.790618896484 417.888763427734 482.955871582031 517.475219726562 517.314514160156 469.253784179688 430.375640869141 412.90283203125 404.629302978516 401.35400390625 413.856109619141 418.742370605469 422.534301757812 430.543273925781 444.739135742188 466.607269287109 473.797149658203 -3.4e+38 496.772369384766 501.598602294922 506.924468994141 513.487731933594 527.782775878906 521.921691894531 504.253814697266 491.710540771484 491.286712646484
588.66943359375 571.708190917969 555.47705078125 559.606323242188 553.999206542969 543.012023925781 522.764404296875 512.837463378906 510.468200683594 460.340637207031 428.447448730469 440.008026123047 440.726593017578 442.366149902344 393.507232666016 392.033142089844 386.077362060547 381.129943847656 371.839599609375 360.869842529297 346.559936523438 368.492767333984 425.908081054688 466.078063964844 511.473571777344 536.807434082031 495.283325195312 457.080078125 426.295867919922 416.840362548828 412.097900390625 412.217071533203 432.206268310547 440.539733886719 447.278198242188 452.028381347656 -3.4e+38 465.42626953125 -3.4e+38 -3.4e+38 -3.4e+38 504.245758056641 -3.4e+38 -3.4e+38 531.742614746094 512.290466308594 504.716461181641 494.673858642578 499.812561035156
