rcp4.5models/GFDL_CM3/sc1gr10.40
NCOLS 261 
NROWS 433 
XLLCORNER 336357.134 
YLLCORNER 654653.479 
CELLSIZE 1000 
NODATA_value -9999 
[rows 154 to 175 of 433, columns 150 to 199 of 261]
933.589974972106 938.003585766441 943.384477873141 948.694428068188 954.039787977689 955.068740018871 955.266957310981 959.274672454731 966.647609910731 966.210359973816 972.651765057134 983.454677829103 980.176208380083 976.016753302478 980.924142843049 987.695596619271 982.331067855824 -9999 997.727253904401 995.317580643807 999.55163301916 1001.99724583521 1004.05452856128 1006.36524268678 1009.43857753475 1012.41750481186 1015.18842292856 1018.24741010701 1022.17497773011 1024.51399068115 1026.1530187912 1027.26196178747 1029.175441098 1030.93132030391 1032.27534625748 1034.77439148434 1037.58080033447 -9999 1039.99322820337 1041.97676185754 1043.58293371996 1045.31442356051 1048.62963400093 1051.4323009947 1053.5270461586 1054.93278450578 -9999 1058.5365237402 1061.83671491248 1063.99169745357
930.422838562586 934.723638019377 940.411499135113 944.824984267133 949.868407970269 -9999 954.004730728639 958.275080488244 961.873839287965 958.971068166262 965.381675619094 975.76480830334 969.318392626327 970.04687467784 974.636083174105 -9999 981.441663938017 991.214508738361 991.507366803388 991.501783082711 994.32619416477 997.508904103208 1000.25227484388 1002.67659712705 1005.67576148042 1008.645844971 1011.5895674304 1014.95849808493 1018.58674611525 1020.53277449882 1022.7677184933 1024.31045141382 1025.86423575274 1027.77315519557 1029.87859041665 1032.44534564487 1034.64584429227 1036.15637756068 1037.18070695747 1039.66360269394 1041.51817376867 1042.6052126466 1046.34177205234 1048.64975528359 1051.91353601114 1054.6749858522 1054.49087554495 1055.35628442986 1059.42636334758 1061.45076435374
929.13230430906 932.586078187751 937.389995781297 942.896915201877 945.957549564105 948.940213461772 952.855226009731 956.63014391079 956.817239112519 955.430621125164 959.996983864567 967.247192691687 964.029715639205 965.839874946286 971.546717567401 973.441699145139 -9999 992.542904892078 981.978922815094 988.030116877733 990.188997994092 992.851072034658 996.415311641855 999.43785810971 1002.42832481661 1005.38963754026 1008.55193414131 1012.05937246643 1015.09372990074 1016.99423678282 1019.79479568662 1020.9754525567 1023.24969495348 -9999 1027.44924505232 1029.65806766718 1031.74531999145 1033.16545591846 1034.76477144202 1037.30628476759 1038.77324527722 1039.81420899695 1044.41711003029 1046.81826141784 1049.76006232649 1052.49602428968 1052.92203969571 1054.00178149882 1056.49409126864 1058.57730155513
928.499914741842 931.990665003847 935.392202283863 940.881555863134 942.51542862554 946.665815602592 951.435310395006 954.952457292066 952.463759047735 951.316515318285 954.120417501075 958.181328637543 959.891994963655 964.152782311309 967.042689005985 969.707500259003 976.868703138196 982.98712570448 977.140212737288 983.989154381885 986.372078452235 989.153913150155 992.779861175598 995.794044825315 998.776086706914 1002.13468574947 1006.21647519733 1009.63499214715 1011.68873421173 1013.44367821193 1016.45343788292 1017.96660351003 1020.77712065247 -9999 1024.78773366133 1027.02541009204 1029.22411109181 1031.16809396975 1032.6326103561 1034.49825498153 1036.04090239077 1037.11793756404 1041.79111996591 1044.21808449132 1046.32611746236 1048.32842901559 -9999 1051.79897701583 1053.86035098502 1056.1979589135
925.911253849282 931.483898981136 934.719764566625 938.047793235658 940.358662931997 944.594833460718 951.918524909566 956.493170529251 950.61904258409 949.078858924625 948.920752481356 952.244087115882 956.269233980176 961.095233545408 961.696710212892 972.024318701376 982.869441886535 971.1349752246 973.183339065078 979.775785184647 982.555106514614 985.9725427793 989.656868132653 992.663774809805 995.638563904797 999.131810322443 1003.2409071441 1006.05580763802 1007.86087199881 1009.71479772883 1012.81391955406 1015.30677830846 1017.87759141048 1019.75591667001 1021.65684507769 1024.25013472599 1026.47670623812 1028.32767210934 1029.64656011726 1031.45893933836 1033.80856352617 1035.35856315235 1039.49521350536 1041.49855334031 1042.93127569479 1044.60684712617 1046.2605802731 1049.01119015946 1051.64366138067 1053.90868800944
922.365538562297 928.305500563119 932.67513091154 936.006308101851 939.030707841052 942.398387493728 950.072366135497 955.780429741378 948.046470336362 946.238064703258 945.710191334101 948.442213526255 952.56827686152 956.18860609657 -9999 968.644765290573 975.497456919029 966.746765978562 969.824227178119 976.335306835897 979.277934267145 982.495572045316 986.436876127094 989.834856676087 993.550467009546 996.667435517299 999.730106395437 1001.88130795573 1004.00738093375 1006.30100936756 1010.85908569662 1013.02950669114 1015.23851041746 1017.19671145055 1019.09188187957 1021.62880301646 1023.81415296007 1025.80467585081 1027.11649163479 1028.75447499586 1031.27548361021 1032.93251704457 1037.29784245123 1039.37286143496 1040.61630258863 1042.48970107055 1044.60325428728 1046.91867694639 1049.64850888541 1051.62772880672
919.059279644766 923.74804998024 928.740604502316 935.685775689166 938.797692269392 942.963666731755 949.333785659592 950.085673621638 947.132208599425 943.321318415552 943.64121553631 -9999 -9999 952.632565180364 -9999 959.093952893823 960.529832453042 964.241656418561 967.121105303414 973.144510253786 976.37532618143 979.890624887756 983.542787293701 987.272752713356 991.228324991707 994.724343008116 996.931848801458 998.956575116192 1001.26176999699 1003.51292844618 1009.14357247183 1011.02409630044 1012.53390792206 1014.68562060139 1016.78044487833 1018.86852609639 1021.31457391011 1023.65196067186 1024.79770452203 1026.03547120613 1028.60348187789 1030.82509667316 1034.55930143151 1037.09017485756 1039.00122522594 1041.00344970978 1043.55240976769 1045.42765800894 1047.61463065345 1049.82419570358
913.144750631888 914.260791832383 920.413155059022 925.91348460037 934.639849912345 940.312685224671 943.04005943118 938.352258829544 934.577211857208 935.030830400149 937.8613166228 -9999 -9999 947.168160483673 950.40218449221 952.540753657009 954.805454387364 957.825665248125 960.891870927931 967.713817828944 971.164586017901 974.812828622571 978.300083251166 981.716153737954 985.215723909456 988.225450283652 990.441164604985 992.612190080616 994.687019419297 997.92182420902 1001.58304381789 1004.04688019001 1007.00422304688 1009.904871767 1011.93102729222 1013.8859434208 1016.04506351765 1017.88754724438 1020.31975711163 1022.59749639329 1024.27714627434 1026.35099236051 1030.39244129904 1032.52055720702 1034.5715959332 1036.91529306272 1038.62738953539 1040.50220019494 1043.36968771339 1046.26762871551
907.163247164828 908.690057592716 912.533802159033 920.922547412513 928.592407504822 929.964979158686 932.474833130399 933.368783447399 930.385231673712 932.307500962388 -9999 -9999 -9999 943.951456270212 947.535891077416 949.277014176495 951.994843644443 955.444365084912 958.532145878641 965.396846832423 969.078150174664 972.677591049522 975.880512907846 -9999 981.790093034197 984.56032228365 987.761068209792 990.114325480143 993.207657479029 996.679765033936 998.522057886096 1001.12501809413 1004.43802006665 1007.07634379584 1009.17281641599 1011.84005936673 1013.83340675089 1015.28896693914 1017.631250786 1020.18206893584 1022.09428577401 1023.97032702765 1028.83760798803 1030.88014414078 1032.47887856761 1034.77082029757 1036.31019693643 1038.50605268505 1041.74677105858 1044.25712564886
905.045556663284 906.912818713358 908.515120363959 913.394367189242 918.996840849468 919.840094769646 921.79385856993 926.149054748362 926.472934552542 929.452068090784 -9999 -9999 -9999 940.504281243359 943.981951862827 946.582758787497 949.616930293996 953.019464949404 956.065246932763 962.412694489098 966.465414646871 970.353910850891 974.39676433388 977.548870687796 979.932532501958 982.607516272801 985.560627040285 988.414439408089 991.567137106958 994.194747058097 995.832078089589 998.645456641998 1002.04496222351 1004.61586848318 1007.04567458304 1009.55505531591 1011.67089392511 1013.55284508199 1015.4905159164 1017.98716539141 1020.10164174342 1022.39800351027 1027.24009370268 1029.48472397309 1031.03704874613 1032.75383448759 1034.69834533903 1036.63270196631 1039.83875954959 1042.63765549445
902.659828958112 905.831905057049 906.900177076585 909.936920743366 912.280946799701 913.786637991667 916.615633315256 919.314579303797 923.714615992345 926.637076522789 -9999 -9999 934.226653055557 937.384195441522 940.762224283884 943.846356373039 946.981084773897 949.904131403017 953.184195000952 960.749765970285 964.750120412799 968.539884716334 972.440171769687 975.259648613882 977.948703926607 981.376344987356 983.766850813784 986.205354596437 988.633855515721 990.136565869782 -9999 996.787154727533 999.694238180311 1001.55462362272 1004.29190344867 1006.84291326321 1009.44683169202 1012.26840870098 1013.90652102422 1015.44735228711 1018.18916905896 1020.87020256751 1024.55276961743 1026.61109724596 1028.64869456927 1030.26360431193 1032.55707625859 1035.02768361917 1038.38776059973 1040.80772338413
900.492427118309 904.344866631118 905.636295555352 908.611177565453 912.397265860586 911.8416040423 912.96590426037 915.864682340879 920.99762855454 924.02144613728 927.674950982934 930.684636030587 932.40570746044 935.203759200522 938.513160963837 941.52133889925 944.671950393271 947.481784925986 950.89744676186 959.220917430833 963.035614409463 966.661435954501 970.416267741527 972.832056031973 976.338070944257 979.337817652068 981.221565453915 982.786951091704 984.883915486795 986.530854930773 991.226595613335 994.48585935852 997.154477880014 998.91589998375 1001.38981103568 1004.2833604137 1006.98751457763 1010.12114326152 1011.89556446914 1014.0177691885 1016.83006663209 1018.51946882451 1022.11446604832 1023.84130760955 1026.20795039888 1028.43747201538 1030.15935884909 1032.97340654705 1036.4959783179 1039.31964202724
898.787869662678 903.965481722383 904.086160813922 907.516444447783 913.521861799608 911.897569910113 911.916191182073 914.951364947251 918.912143461586 922.120236388103 926.117511425098 929.353439439586 931.457496219076 933.19319733904 936.104733289613 938.997963348965 942.155988145788 945.669131349397 949.100709789603 956.51318342839 959.898177265251 963.256488006955 966.725223724341 969.984515236206 974.350077615439 976.76401440549 977.667447594579 979.349613026197 -9999 983.59721980402 988.712971680697 -9999 994.468361556432 996.759605317755 999.294656120842 1002.58283350856 1004.68684150572 1007.52950296026 1009.70686117044 1012.40910433114 1014.87063074031 1015.9167032141 1020.60275695642 1022.10984226687 1024.25820108606 1026.88715338748 1028.45430393156 1030.60393716864 1034.29330735228 1037.93999600257
898.603892095917 903.035785780816 905.755207919676 911.641062435861 911.501557061544 910.146062034846 911.035983432321 913.292562693393 917.550199972908 919.963720256012 923.995464533866 926.680977925776 929.240435630034 931.595549079262 934.519345418274 937.366691497799 940.528630503897 944.077591298139 947.998364634624 954.997436575265 957.451737809128 960.134714263693 963.100836357303 966.421064521282 970.617798985927 973.599510601678 974.673185628186 -9999 978.795993329039 981.322788506948 986.376560268611 989.127077424341 -9999 994.4185136597 997.557538686024 1001.32925126399 1003.43433925994 1005.4747416294 1007.52415688551 1010.10723172944 1012.71679781976 1014.75279548371 1018.63361789171 1020.83870612542 1022.91390259988 1025.18201007045 1027.52500995622 1029.28382748082 1032.08950422185 1035.78932005057
901.02018470118 905.018474905172 912.051984676352 916.135758906551 906.572659679704 907.420730661117 908.739429339899 910.527788591928 915.198286339894 918.162455983653 921.566323861376 924.194372968938 926.116153930371 928.824916936458 932.229968925515 935.675806749349 939.120415176526 942.574293151397 946.253636132397 953.536463800156 955.928281276063 958.131568375853 960.510527317508 963.122106792804 966.331573498931 969.645173233251 972.223739402169 -9999 976.636757665174 979.536222850602 984.357501057779 987.817920510041 990.281813102831 992.525369001169 995.566202267381 998.617311900395 1001.16323208477 1003.86156126874 1005.5906508719 1008.00324512094 1010.79720809084 1013.3491267115 1017.57167390663 1019.20876770127 1021.33398294982 1023.41561590142 1025.92456128145 1028.41696707332 1030.20087792358 1032.8872181537
902.865092165095 909.844662745758 919.247091433887 921.149810040417 908.176489657935 906.719907038718 907.100269335779 907.066394118885 913.919509690126 917.498971134212 919.305868766355 922.097141588172 924.371295949887 926.428015571179 929.158743556392 932.977815470582 936.792409031709 940.394408619341 944.20688602572 951.36995561673 954.254447330286 956.806375889967 959.123249215542 961.215698286326 963.400762144871 965.993845843556 969.090632356866 971.597547323934 974.523698015183 977.893744553437 982.441885848139 985.753905566125 988.443428855164 991.094281521845 994.032247252014 996.456307591192 998.303740734545 1001.41880885713 1003.64727351919 1006.11671300993 1008.79428483188 1011.2172601096 1016.5346863103 1017.89229243865 1019.4732294095 1021.78883553844 1023.937077423 1026.64985709472 1028.90129821651 1031.02593564156
898.974555170938 909.657945954536 926.441877642697 928.967526381219 910.001445712434 903.927599364212 904.417755866647 905.272331736461 913.433326805 915.821115812634 917.807606613035 920.801982684984 923.277781188564 924.970632970002 927.180251642705 -9999 933.827501457988 937.160282729721 941.008127865519 948.104791996794 951.52746506365 954.663028129943 957.999228711311 960.479018816526 962.06968893709 964.382388086333 967.030273256818 970.468061500258 973.980106673168 977.190153225386 979.968489478333 982.925637053896 986.364484677359 989.646755936837 992.133732021116 994.047828385779 996.186673920916 998.886270599025 1001.19484657245 1003.8912037323 1006.51503054966 1008.80989507653 1013.93952428552 1016.5698897002 1018.15266769894 1020.14067596137 1022.88117005387 1025.5169515604 1027.98873688921 1029.83763057488
894.438347798052 905.132250329457 917.923358701038 917.52325671118 905.747193981232 899.828476449816 900.959774168752 903.487453319376 911.111520008464 912.718811211139 916.087329283264 919.17892706684 920.661998183413 923.087383408747 926.025723482985 928.897283690377 931.868896307628 -9999 937.089582534336 944.122890451547 947.831913717938 -9999 955.014840169671 958.159756720983 960.644954875728 962.915436177972 965.809316913225 969.910219539313 973.351373369707 975.328620882261 -9999 981.337576083515 984.037239685822 987.398017787497 990.489805075302 992.628332939682 995.205602764889 997.513211235987 1000.12458167833 1002.70287414443 1004.53918826672 1007.01629425538 1011.91971455886 1014.59961684014 1017.26411203093 1019.53319897837 1022.23075037058 1024.51220956124 1026.81551826406 1028.18568623074
890.081025485383 900.563093692682 908.310601670765 899.34117498966 899.695659042399 897.44577712741 898.537165673773 900.869807230177 907.565336660548 909.321427239312 912.884233452103 916.107445596283 918.268771088862 921.001476395388 923.800557819667 927.137965076017 930.400500016641 933.06352366421 -9999 942.165234603362 945.042924123608 948.802511737639 952.139838414803 955.802837089439 959.577895669073 961.541703552598 965.066821783898 968.911494142135 971.481142162836 972.613508221936 -9999 979.370743145304 982.014515508456 985.262749901676 989.097653283602 991.835102012655 993.875144957874 996.256591608702 999.123728733109 1001.7220593709 1003.73505218474 1006.15119946931 1010.63255251847 1012.46037717342 1015.3750138963 1018.79428690769 1021.30772552626 1023.17489119841 1024.91287143549 1026.58900069951
885.072949532915 892.217524083581 900.441808532356 893.974369554193 893.343186139068 895.36213246297 900.95739223801 897.478677549551 903.577773080282 904.993896937114 -9999 910.055942095891 913.107535142422 917.295959549469 920.609494716806 923.291235092217 926.482734282552 930.020901053288 933.944466866246 939.788590411357 942.755452410598 945.53390796564 948.135875534057 950.978167441524 953.880866366051 956.944593366008 959.756306023668 962.857747653199 966.206947852048 968.260534779023 -9999 975.883580845539 979.864130894777 982.476789746469 984.834744615836 987.210940484205 990.214927087568 993.240510823375 995.72771797301 998.941225566749 1001.73672846788 1003.7297562508 1007.1682367923 1009.02541925985 1011.73651063366 1014.23679783537 1016.47223937553 1018.66593184634 1020.43343616666 1022.00470042142
884.317337208094 884.619956451728 889.956763595795 892.17420613405 890.212985419691 892.52636309898 895.323837077759 894.065462304069 900.655546218158 902.693278169192 906.09974450163 909.772712821409 913.180748812357 916.04489039797 919.308517074845 921.755244764648 925.128099789556 928.848846872803 932.321273176844 938.417157204515 940.888169712721 943.684989962463 946.545808350307 949.439840398113 951.649073363775 955.039780734739 958.177992430366 960.256498410549 962.767842159721 -9999 -9999 974.229214382758 978.284724436833 981.250398845368 983.388865158307 986.465829321137 988.880261151166 991.231127246264 994.335297660564 997.50167556183 1000.27134064022 1002.13416982812 1005.74770781963 1007.28263685173 1009.37615326082 1012.47320530884 1014.9826115586 1016.85180335459 1018.58791246057 1020.84405809198
880.559110909956 880.774244320061 883.20440066998 888.427317298223 886.605350035952 888.978851040019 889.494079391238 890.876153448179 898.692047109122 901.542179718672 905.205044373237 908.711077209109 912.209297673831 914.526697457707 917.918549306107 920.561957223862 923.348663755978 926.969343954752 930.421887116507 936.197842299646 938.746818059172 941.664379931229 944.728835403674 947.966597976419 950.417753631071 952.873040243206 956.346654763726 958.550854346932 960.890173478874 962.851695056795 -9999 -9999 975.267082449595 978.348537007294 981.288457735146 984.981773825428 987.446329936334 990.144355237477 993.658167488249 996.31228056003 998.301449343214 999.978429788218 -9999 -9999 -9999 1010.84001842582 1013.33225542884 1015.82183683897 1017.54733927232 1020.02837584421
