rcp4.5models/GFDL_CM3/sc1gr2.15
NCOLS 261 
NROWS 433 
XLLCORNER 336357.134 
YLLCORNER 654653.479 
CELLSIZE 1000 
NODATA_value -3.4e+38 
[rows 132 to 153 of 433, columns 147 to 195 of 261]
351.393157958984 351.899322509766 351.403015136719 -3.4e+38 352.450408935547 352.538970947266 352.496887207031 352.111480712891 351.943756103516 352.202941894531 351.819427490234 350.137756347656 350.866912841797 352.403442382812 353.476257324219 353.575469970703 353.86083984375 354.484954833984 354.879058837891 354.835876464844 354.459625244141 353.807312011719 353.228271484375 354.226135253906 354.967864990234 355.7265625 355.835479736328 355.944854736328 356.054656982422 356.164794921875 356.275238037109 356.752136230469 357.496826171875 356.880432128906 357.26220703125 357.373016357422 357.483764648438 357.594451904297 357.539398193359 357.552276611328 358.148132324219 -3.4e+38 -3.4e+38 -3.4e+38 -3.4e+38 -3.4e+38 -3.4e+38 -3.4e+38 -3.4e+38
351.424377441406 351.93017578125 351.307495117188 351.690307617188 352.482635498047 352.401824951172 352.267456054688 352.619171142578 352.06103515625 351.371978759766 351.329620361328 350.802062988281 352.01904296875 352.735137939453 353.512298583984 353.532775878906 353.878021240234 354.814239501953 354.916900634766 354.831481933594 354.223663330078 353.369995117188 353.308410644531 354.183166503906 354.812103271484 355.204254150391 355.3134765625 355.423187255859 355.736083984375 356.209197998047 356.182189941406 356.556396484375 357.542846679688 357.333404541016 357.445526123047 357.557708740234 357.453857421875 357.212829589844 357.543365478516 358.005859375 358.284606933594 -3.4e+38 -3.4e+38 -3.4e+38 -3.4e+38 -3.4e+38 -3.4e+38 -3.4e+38 -3.4e+38
351.531524658203 350.994598388672 351.106292724609 351.953857421875 351.950500488281 351.9091796875 351.826812744141 352.221618652344 352.045593261719 351.534576416016 351.452270507812 351.956970214844 352.531890869141 353.153656005859 353.462738037109 353.318481445312 353.397613525391 353.912200927734 354.204620361328 353.682769775391 353.248809814453 353.270538330078 353.484924316406 353.940155029297 354.505126953125 354.445831298828 354.921691894531 355.233306884766 355.863983154297 356.254302978516 356.111358642578 356.398498535156 357.589508056641 357.602569580078 357.571166992188 357.824035644531 357.418212890625 357.4794921875 358.109008789062 -3.4e+38 358.597625732422 -3.4e+38 -3.4e+38 -3.4e+38 -3.4e+38 -3.4e+38 -3.4e+38 -3.4e+38 -3.4e+38
351.382141113281 351.016265869141 351.592620849609 351.766540527344 351.717742919922 352.033294677734 351.729125976562 351.820465087891 351.912719726562 351.831176757812 -3.4e+38 -3.4e+38 353.091186523438 353.486938476562 353.519348144531 353.477813720703 353.397613525391 353.386962890625 353.848937988281 353.204010009766 352.672790527344 353.119873046875 353.157501220703 353.786987304688 353.635559082031 353.078826904297 354.236633300781 355.23193359375 355.016815185547 354.651489257812 355.937866210938 356.690002441406 357.636871337891 357.279235839844 356.569702148438 357.003234863281 357.200073242188 357.693756103516 358.424926757812 -3.4e+38 -3.4e+38 -3.4e+38 -3.4e+38 -3.4e+38 -3.4e+38 -3.4e+38 -3.4e+38 -3.4e+38 -3.4e+38
351.232208251953 351.445709228516 351.713104248047 351.494354248047 351.713592529297 351.977905273438 351.592956542969 351.464385986328 351.774780273438 351.343078613281 351.448852539062 -3.4e+38 353.425903320312 353.524566650391 353.624298095703 353.725158691406 353.746490478516 353.462036132812 353.112701416016 352.852600097656 352.583129882812 353.2041015625 352.525909423828 352.942810058594 352.894439697266 351.884979248047 353.518249511719 354.558227539062 354.404022216797 354.510925292969 355.821685791016 356.556976318359 356.817962646484 357.022491455078 356.591094970703 356.867462158203 357.25048828125 357.744140625 358.476226806641 358.369537353516 358.360992431641 -3.4e+38 -3.4e+38 -3.4e+38 -3.4e+38 -3.4e+38 -3.4e+38 -3.4e+38 -3.4e+38
351.265716552734 351.517883300781 352.005096435547 352.093322753906 352.182403564453 351.932495117188 350.932464599609 350.806640625 351.849945068359 351.466644287109 351.309997558594 -3.4e+38 352.901458740234 353.000549316406 353.100738525391 353.202026367188 353.489074707031 353.547760009766 -3.4e+38 352.656707763672 352.434844970703 353.023406982422 352.374389648438 353.151184082031 353.572448730469 353.503997802734 354.337310791016 354.531707763672 354.638610839844 355.393768310547 355.869079589844 356.486694335938 356.501892089844 355.682983398438 356.508026123047 357.047149658203 357.868957519531 357.931213378906 357.959777832031 357.906433105469 358.140869140625 -3.4e+38 -3.4e+38 -3.4e+38 -3.4e+38 -3.4e+38 -3.4e+38 -3.4e+38 -3.4e+38
351.243743896484 352.422485351562 352.510986328125 352.600280761719 352.559539794922 352.004425048828 351.177276611328 351.099792480469 351.361907958984 351.328643798828 -3.4e+38 -3.4e+38 351.265167236328 352.6416015625 352.742462158203 352.661285400391 352.570648193359 -3.4e+38 352.681610107422 352.750793457031 353.035095214844 352.099700927734 352.61669921875 353.444854736328 354.468505859375 355.752593994141 355.995330810547 355.626037597656 355.37646484375 355.490386962891 355.762176513672 356.35986328125 356.673980712891 354.495635986328 356.632141113281 357.291442871094 357.192138671875 357.218841552734 357.717803955078 357.747833251953 358.247161865234 -3.4e+38 -3.4e+38 -3.4e+38 -3.4e+38 -3.4e+38 -3.4e+38 -3.4e+38 -3.4e+38
351.367248535156 352.458465576172 352.54736328125 352.357208251953 -3.4e+38 352.384490966797 351.473602294922 351.393951416016 351.097930908203 351.328979492188 351.493347167969 -3.4e+38 351.160797119141 351.559356689453 352.024505615234 352.742584228516 352.510437011719 -3.4e+38 -3.4e+38 352.979797363281 352.700317382812 350.914306640625 352.571258544922 353.766448974609 354.837982177734 355.718597412109 356.197326660156 356.156097412109 355.988372802734 355.900848388672 355.858062744141 356.491729736328 357.090545654297 355.453125 356.874176025391 357.344146728516 357.295654296875 357.468475341797 -3.4e+38 358.140563964844 -3.4e+38 359.029602050781 -3.4e+38 -3.4e+38 -3.4e+38 -3.4e+38 -3.4e+38 -3.4e+38 -3.4e+38
351.369262695312 351.698944091797 352.250915527344 351.331115722656 350.960723876953 351.207305908203 351.387329101562 351.210784912109 350.657989501953 350.845520019531 351.328521728516 351.354034423828 350.478118896484 351.284393310547 351.852325439453 352.744689941406 352.142456054688 351.761749267578 352.448333740234 352.728820800781 351.731048583984 350.435455322266 353.217407226562 354.251251220703 355.018463134766 355.482086181641 356.245941162109 356.360290527344 356.475006103516 356.433197021484 356.426055908203 357.025085449219 357.659118652344 356.87890625 356.233734130859 356.477752685547 357.159515380859 357.615997314453 -3.4e+38 -3.4e+38 -3.4e+38 -3.4e+38 359.179321289062 -3.4e+38 -3.4e+38 -3.4e+38 -3.4e+38 -3.4e+38 -3.4e+38
351.151611328125 350.789459228516 351.237152099609 350.880767822266 350.896850585938 350.198883056641 350.817687988281 350.415069580078 350.415435791016 350.817687988281 351.031829833984 350.746185302734 350.730804443359 351.765411376953 351.646209716797 351.145233154297 350.993621826172 351.511535644531 352.620880126953 352.921875 351.749847412109 351.758911132812 353.647552490234 353.931518554688 355.066772460938 355.334197998047 355.931274414062 356.410247802734 356.525451660156 356.640930175781 356.756591796875 357.235107421875 357.988250732422 357.334045410156 356.739227294922 356.74462890625 357.083618164062 357.096618652344 -3.4e+38 -3.4e+38 -3.4e+38 -3.4e+38 358.268890380859 -3.4e+38 -3.4e+38 -3.4e+38 -3.4e+38 -3.4e+38 -3.4e+38
351.18896484375 350.570770263672 350.660888671875 350.882507324219 351.017822265625 350.630615234375 350.569183349609 349.9443359375 350.741638183594 350.80810546875 351.146911621094 350.989837646484 350.847930908203 351.0673828125 350.504730224609 349.831237792969 350.255310058594 351.931091308594 352.665863037109 353.107299804688 352.593017578125 -3.4e+38 353.544982910156 353.498870849609 354.749786376953 354.641632080078 354.605316162109 356.460998535156 356.576721191406 356.692657470703 356.808807373047 357.083404541016 357.683349609375 357.838195800781 357.954895019531 357.860748291016 357.45947265625 357.477142333984 -3.4e+38 -3.4e+38 -3.4e+38 -3.4e+38 358.160827636719 358.553771972656 -3.4e+38 -3.4e+38 -3.4e+38 -3.4e+38 -3.4e+38
351.391967773438 351.172485351562 351.095672607422 350.959716796875 351.107086181641 350.585296630859 350.643798828125 349.855743408203 350.357025146484 350.879180908203 351.068756103516 350.950500488281 350.571472167969 349.969818115234 349.394592285156 349.720520019531 350.717529296875 351.895904541016 352.525421142578 352.781280517578 352.74755859375 352.811920166016 353.242401123047 353.937103271484 353.367980957031 353.360931396484 354.894714355469 356.512542724609 356.82861328125 357.307250976562 357.221740722656 357.182220458984 357.817443847656 -3.4e+38 -3.4e+38 358.189483642578 357.678375244141 358.007598876953 358.406372070312 -3.4e+38 -3.4e+38 -3.4e+38 358.810913085938 -3.4e+38 -3.4e+38 -3.4e+38 -3.4e+38 -3.4e+38 -3.4e+38
351.559051513672 351.483245849609 351.048004150391 350.795074462891 350.875793457031 350.932952880859 350.245422363281 349.341064453125 349.193817138672 350.316192626953 350.810791015625 350.338470458984 349.176025390625 348.436370849609 349.181213378906 350.133758544922 351.209747314453 351.647613525391 352.425903320312 352.536071777344 352.647430419922 352.420928955078 353.175628662109 352.730377197266 351.230072021484 352.364532470703 355.799865722656 356.56494140625 357.037109375 357.798522949219 357.758056640625 357.753387451172 358.14990234375 -3.4e+38 -3.4e+38 -3.4e+38 358.511138916016 358.507629394531 357.895446777344 -3.4e+38 -3.4e+38 -3.4e+38 -3.4e+38 -3.4e+38 -3.4e+38 -3.4e+38 -3.4e+38 -3.4e+38 -3.4e+38
351.598968505859 351.394134521484 350.781219482422 350.573760986328 350.400634765625 351.232482910156 350.238098144531 348.942169189453 348.65625 349.755310058594 350.679382324219 350.663024902344 349.118041992188 348.724609375 349.370086669922 350.476745605469 351.256469726562 351.69482421875 352.473724365234 352.584503173828 352.508056640625 352.1005859375 352.424194335938 351.096160888672 350.462951660156 352.690307617188 356.216186523438 356.6181640625 357.090515136719 357.852661132812 357.970123291016 -3.4e+38 -3.4e+38 -3.4e+38 -3.4e+38 -3.4e+38 -3.4e+38 358.501129150391 358.320861816406 358.637512207031 -3.4e+38 -3.4e+38 -3.4e+38 -3.4e+38 -3.4e+38 -3.4e+38 -3.4e+38 -3.4e+38 -3.4e+38
351.6396484375 351.434936523438 350.822875976562 350.615570068359 349.972259521484 349.981964111328 349.808349609375 349.158538818359 349.087127685547 349.800323486328 350.58642578125 351.149200439453 349.887023925781 349.847198486328 349.613586425781 349.965087890625 350.928833007812 351.558319091797 351.963500976562 351.887756347656 351.856201171875 352.419342041016 351.746704101562 350.667358398438 350.690643310547 353.716064453125 356.191192626953 356.672241210938 357.144744873047 -3.4e+38 -3.4e+38 -3.4e+38 -3.4e+38 -3.4e+38 -3.4e+38 -3.4e+38 -3.4e+38 358.695526123047 358.871185302734 358.614685058594 -3.4e+38 -3.4e+38 -3.4e+38 -3.4e+38 -3.4e+38 -3.4e+38 -3.4e+38 -3.4e+38 -3.4e+38
351.284484863281 351.642883300781 351.259094238281 350.658203125 349.919616699219 349.195922851562 348.294067382812 348.779052734375 349.050048828125 350.021057128906 351.191955566406 350.993041992188 350.314331054688 350.037170410156 350.179229736328 350.507873535156 351.056884765625 351.462036132812 351.386840820312 351.165161132812 351.841583251953 352.722473144531 351.240264892578 350.973449707031 352.223815917969 -3.4e+38 355.960021972656 356.727172851562 357.199829101562 -3.4e+38 -3.4e+38 -3.4e+38 -3.4e+38 -3.4e+38 358.673248291016 358.629364013672 358.635437011719 359.013916015625 -3.4e+38 -3.4e+38 -3.4e+38 -3.4e+38 -3.4e+38 -3.4e+38 -3.4e+38 -3.4e+38 -3.4e+38 -3.4e+38 -3.4e+38
350.852355957031 351.254211425781 351.216430664062 -3.4e+38 349.757568359375 348.499206542969 347.76611328125 349.116882324219 349.564025878906 349.856170654297 350.561828613281 351.439758300781 351.22119140625 350.464630126953 350.333801269531 350.920074462891 351.220062255859 350.954376220703 350.918670654297 351.070892333984 351.998504638672 352.067352294922 352.897705078125 352.252593994141 353.645080566406 355.727233886719 356.742370605469 356.782958984375 357.255706787109 -3.4e+38 -3.4e+38 -3.4e+38 -3.4e+38 358.613494873047 358.731994628906 358.850311279297 358.968383789062 359.040863037109 -3.4e+38 -3.4e+38 -3.4e+38 -3.4e+38 -3.4e+38 -3.4e+38 -3.4e+38 -3.4e+38 -3.4e+38 -3.4e+38 360.289123535156
350.766052246094 350.85888671875 350.952423095703 350.577178955078 349.315155029297 348.492309570312 348.163787841797 349.353515625 350.392303466797 350.012329101562 349.727996826172 350.813385009766 350.774536132812 350.435699462891 350.241271972656 350.491729736328 350.568695068359 350.006927490234 350.118408203125 350.752288818359 351.903411865234 352.246734619141 -3.4e+38 353.407836914062 354.6005859375 356.950927734375 357.370880126953 356.839599609375 357.312438964844 358.077331542969 -3.4e+38 -3.4e+38 -3.4e+38 358.672637939453 358.791442871094 358.910095214844 359.028503417969 359.101196289062 -3.4e+38 -3.4e+38 -3.4e+38 -3.4e+38 -3.4e+38 -3.4e+38 -3.4e+38 -3.4e+38 -3.4e+38 -3.4e+38 359.870025634766
350.459167480469 350.947998046875 350.743041992188 349.969268798828 349.371337890625 348.502655029297 348.258666992188 349.277679443359 349.756683349609 349.306365966797 349.747619628906 350.411590576172 350.135406494141 350.240264892578 349.840667724609 348.896209716797 349.188354492188 349.857543945312 350.490051269531 350.712524414062 351.277008056641 353.202178955078 354.820617675781 -3.4e+38 355.984680175781 357.141265869141 357.486419677734 356.955352783203 357.074859619141 357.549957275391 358.314208984375 -3.4e+38 -3.4e+38 -3.4e+38 -3.4e+38 359.031768798828 359.150756835938 -3.4e+38 -3.4e+38 -3.4e+38 -3.4e+38 -3.4e+38 -3.4e+38 -3.4e+38 -3.4e+38 -3.4e+38 -3.4e+38 -3.4e+38 -3.4e+38
350.029296875 350.433624267578 350.229278564453 349.492523193359 348.977844238281 348.379028320312 348.477264404297 348.712921142578 349.154113769531 349.159790039062 349.017517089844 350.942718505859 350.387908935547 349.376617431641 348.622100830078 348.326507568359 348.572326660156 350.059417724609 350.841491699219 351.179809570312 352.039794921875 352.89306640625 355.938385009766 355.828308105469 355.962188720703 356.853149414062 357.182159423828 357.014495849609 357.134307861328 357.410797119141 357.814758300781 358.135498046875 358.253631591797 358.293395996094 358.618499755859 -3.4e+38 359.212890625 -3.4e+38 -3.4e+38 -3.4e+38 -3.4e+38 -3.4e+38 -3.4e+38 -3.4e+38 -3.4e+38 -3.4e+38 -3.4e+38 -3.4e+38 360.72216796875
349.944854736328 350.040008544922 350.003570556641 349.622589111328 349.195617675781 348.815460205078 348.526672363281 348.626251220703 348.864440917969 349.131622314453 349.281585693359 350.022674560547 350.022369384766 349.079620361328 347.7802734375 348.41943359375 348.705169677734 350.116027832031 351.083526611328 352.051727294922 353.314910888672 353.801025390625 355.960388183594 355.962860107422 355.908355712891 356.740203857422 357.317779541016 357.074462890625 357.194549560547 357.314819335938 357.435180664062 357.713500976562 357.957366943359 357.916412353516 358.402557373047 359.156219482422 359.275726318359 359.394927978516 -3.4e+38 -3.4e+38 -3.4e+38 -3.4e+38 -3.4e+38 -3.4e+38 -3.4e+38 -3.4e+38 -3.4e+38 -3.4e+38 360.787536621094
349.991363525391 -3.4e+38 350.18359375 349.978332519531 349.378753662109 349.171234130859 348.576873779297 348.677093505859 348.951934814453 349.437316894531 349.8193359375 349.570190429688 349.439056396484 349.237579345703 347.850524902344 348.416595458984 350.363861083984 350.362365722656 351.101837158203 352.961517333984 353.517791748047 353.377075195312 356.055969238281 355.947174072266 356.120819091797 357.242248535156 357.666015625 357.135192871094 357.255584716797 357.376129150391 357.496795654297 357.617462158203 357.738098144531 358.183013916016 358.82080078125 359.219451904297 359.339202880859 359.458679199219 359.577789306641 359.696472167969 359.814727783203 359.932525634766 360.0498046875 -3.4e+38 -3.4e+38 360.524139404297 -3.4e+38 -3.4e+38 360.838592529297
