rcp4.5models/GFDL_CM3/sc1gr5.28
NCOLS 261 
NROWS 433 
XLLCORNER 336357.134 
YLLCORNER 654653.479 
CELLSIZE 1000 
NODATA_value -9999 
[rows 308 to 329 of 433, columns 150 to 199 of 261]
223.277267456055 234.910461425781 240.952407836914 244.377243041992 250.193557739258 256.701477050781 251.65119934082 247.095153808594 256.696197509766 263.77197265625 257.857421875 254.184204101562 245.803359985352 238.359558105469 238.086990356445 238.090209960938 237.822021484375 238.081481933594 241.978271484375 269.052978515625 269.249237060547 261.321441650391 254.081924438477 245.545196533203 243.857879638672 254.460662841797 263.707885742188 266.686706542969 251.193664550781 239.814376831055 226.148468017578 221.650772094727 225.334808349609 241.225540161133 249.275009155273 251.433609008789 251.937744140625 247.478149414062 254.634323120117 263.623748779297 263.468139648438 270.806274414062 281.775177001953 282.546264648438 282.590667724609 282.848266601562 282.540100097656 281.270538330078 273.678527832031 270.539764404297
219.392242431641 230.00732421875 242.127334594727 246.284240722656 250.480422973633 251.486572265625 244.421325683594 243.988830566406 255.254196166992 260.544006347656 250.856369018555 250.194458007812 246.132278442383 236.680801391602 226.691955566406 224.122009277344 230.780029296875 239.215606689453 245.146560668945 266.854644775391 269.011291503906 262.130584716797 256.904388427734 249.559783935547 242.935043334961 247.614776611328 260.727783203125 266.770050048828 258.871246337891 245.736312866211 222.414886474609 219.40315246582 222.91178894043 236.209564208984 246.985626220703 251.328140258789 251.332672119141 250.525894165039 260.807281494141 265.914459228516 262.346557617188 261.773162841797 280.782592773438 282.873443603516 282.477630615234 279.935852050781 279.251800537109 282.525787353516 278.685699462891 277.273040771484
216.948806762695 228.302444458008 241.84814453125 248.2548828125 250.043731689453 244.957336425781 237.654983520508 242.670761108398 255.1640625 258.522918701172 247.480026245117 246.971481323242 244.043869018555 233.466522216797 221.904373168945 221.24072265625 232.903106689453 244.631729125977 251.945068359375 267.250213623047 265.6962890625 260.162719726562 257.840637207031 254.107925415039 245.649566650391 243.211486816406 251.153167724609 261.939575195312 263.981353759766 252.308975219727 224.461654663086 219.778457641602 220.090942382812 229.760345458984 243.353317260742 251.442276000977 251.946533203125 251.817031860352 263.475219726562 268.967254638672 264.966644287109 262.000335693359 280.61083984375 282.761566162109 282.093139648438 279.129302978516 277.390502929688 282.5595703125 280.833282470703 276.832366943359
217.909255981445 223.620834350586 231.145980834961 244.395446777344 248.439743041992 242.020645141602 237.660034179688 244.601715087891 257.786315917969 257.154083251953 248.365737915039 245.157440185547 238.911911010742 233.349838256836 228.375411987305 230.653244018555 240.349212646484 249.496719360352 257.148834228516 263.312652587891 260.792724609375 254.818832397461 249.998001098633 249.840515136719 244.641189575195 240.865112304688 242.71305847168 252.181488037109 263.659118652344 260.406524658203 227.780548095703 218.06217956543 217.968902587891 224.862091064453 237.88801574707 252.38703918457 251.928802490234 251.268920898438 263.128845214844 270.272064208984 267.178985595703 264.993865966797 281.295623779297 281.876373291016 281.778228759766 279.849731445312 277.680694580078 282.478851318359 281.027252197266 275.077484130859
217.552185058594 222.344787597656 229.093490600586 240.410629272461 238.728164672852 234.023254394531 239.768142700195 247.18620300293 254.578567504883 255.730087280273 251.863906860352 245.113296508789 241.20149230957 241.916778564453 238.594909667969 238.457412719727 242.846923828125 249.462875366211 255.430999755859 255.326690673828 255.540954589844 247.766830444336 238.058303833008 241.209487915039 238.106475830078 236.074203491211 238.973663330078 246.067337036133 260.824096679688 262.705200195312 229.77799987793 219.990966796875 221.626724243164 227.338439941406 237.427856445312 252.249038696289 252.416580200195 253.729949951172 265.906158447266 270.441009521484 267.328460693359 267.047149658203 280.253356933594 280.935516357422 281.316101074219 279.47802734375 278.197784423828 280.997100830078 281.880554199219 278.34912109375
211.945007324219 223.504516601562 225.177352905273 221.656585693359 215.757247924805 215.924896240234 226.106887817383 232.188751220703 237.902221679688 247.968841552734 254.729537963867 256.987701416016 254.144622802734 249.111831665039 245.263031005859 241.962524414062 238.441329956055 240.767776489258 243.985717773438 255.553359985352 253.857635498047 246.945755004883 244.234771728516 241.847305297852 238.912933349609 238.417770385742 235.149642944336 235.162353515625 247.556610107422 257.430419921875 238.549285888672 226.435363769531 222.784576416016 228.557312011719 240.866928100586 251.510513305664 253.516906738281 254.169906616211 263.770782470703 268.410217285156 266.752502441406 274.568481445312 279.076965332031 278.411254882812 280.044830322266 277.828430175781 274.846282958984 281.314849853516 281.821960449219 278.578704833984
213.790588378906 220.492111206055 217.859313964844 214.761627197266 209.458709716797 211.217361450195 217.214828491211 221.638977050781 237.343826293945 246.656051635742 252.245025634766 254.945785522461 255.414031982422 248.270660400391 244.291046142578 244.056182861328 240.800979614258 241.045059204102 245.793807983398 256.841613769531 255.766693115234 253.328079223633 249.497344970703 243.315185546875 240.691482543945 238.263763427734 235.396194458008 232.112365722656 240.482116699219 253.393249511719 247.642105102539 234.695404052734 227.508224487305 227.448593139648 234.702789306641 251.547332763672 254.624237060547 254.655075073242 263.951782226562 268.205474853516 264.873687744141 274.517730712891 278.506164550781 278.261657714844 279.588470458984 278.453979492188 274.219818115234 279.990386962891 281.741241455078 279.095825195312
212.739639282227 211.33154296875 209.657012939453 210.251052856445 213.692428588867 215.438995361328 219.039962768555 223.777954101562 242.924789428711 247.385513305664 250.29801940918 254.720520019531 252.201965332031 246.1865234375 243.576400756836 246.451461791992 244.288604736328 240.516754150391 244.996337890625 256.967254638672 256.743286132812 254.342834472656 251.039321899414 248.616943359375 245.575637817383 239.746795654297 235.362365722656 230.413055419922 234.830093383789 246.626235961914 254.412185668945 242.045913696289 233.936111450195 231.475555419922 235.098831176758 249.718948364258 253.050231933594 257.84716796875 266.956146240234 271.814514160156 268.517486572266 274.504333496094 278.325927734375 279.0576171875 280.096313476562 279.628448486328 275.526580810547 279.2099609375 281.313385009766 279.376770019531
212.003387451172 211.84196472168 211.979995727539 216.276351928711 225.165176391602 227.359069824219 228.723083496094 228.465545654297 241.149932861328 244.916687011719 249.959289550781 255.819946289062 248.031036376953 242.93408203125 243.137710571289 247.061065673828 247.551467895508 244.076904296875 246.759140014648 253.497100830078 255.710891723633 249.439010620117 245.58219909668 250.19938659668 248.841262817383 244.075347900391 238.005126953125 230.053237915039 228.997909545898 242.096069335938 255.96501159668 246.661392211914 237.362014770508 233.627044677734 240.393356323242 251.01203918457 253.041839599609 262.065979003906 270.841583251953 274.981048583984 273.400604248047 275.096008300781 279.229095458984 279.82080078125 280.771759033203 280.743225097656 277.080322265625 279.227325439453 280.478729248047 279.667816162109
220.825088500977 221.817535400391 220.973297119141 224.087326049805 231.959487915039 234.954711914062 236.110366821289 234.549362182617 243.390594482422 248.814331054688 250.79035949707 251.917221069336 244.078948974609 237.736892700195 239.171875 243.405303955078 248.871337890625 249.228698730469 249.38508605957 249.43977355957 253.718658447266 248.98078918457 242.450698852539 245.774826049805 246.186431884766 244.250778198242 238.098251342773 233.062286376953 232.697555541992 243.574676513672 253.847015380859 249.945083618164 239.618225097656 234.46354675293 245.123657226562 255.634811401367 258.831787109375 265.084136962891 273.445861816406 275.744598388672 274.845123291016 277.048980712891 280.305755615234 279.218902587891 280.596374511719 282.322265625 277.903442382812 277.354553222656 276.409545898438 277.334564208984
229.5166015625 229.874710083008 229.200714111328 230.603546142578 235.025100708008 236.338256835938 238.056198120117 238.792053222656 246.192535400391 250.557022094727 247.197845458984 245.351928710938 238.443710327148 232.365203857422 233.236083984375 238.874694824219 249.101638793945 250.385055541992 248.380264282227 249.637298583984 252.11262512207 251.2958984375 245.262222290039 237.224578857422 233.708267211914 234.595108032227 230.763778686523 233.756958007812 240.646881103516 247.017196655273 251.079696655273 247.166900634766 238.578659057617 233.366256713867 242.176132202148 253.639389038086 258.390716552734 264.903533935547 272.352264404297 275.260070800781 274.389739990234 278.527038574219 281.084411621094 278.932708740234 279.83447265625 282.778900146484 278.441497802734 277.246856689453 275.516265869141 273.416320800781
233.410110473633 233.640777587891 234.251052856445 234.954376220703 235.211135864258 236.235168457031 236.643539428711 236.515701293945 244.701400756836 245.29216003418 239.830657958984 237.886383056641 234.734237670898 230.895095825195 232.328048706055 239.077514648438 246.470703125 249.151428222656 246.968032836914 246.6708984375 250.396438598633 250.367950439453 245.512939453125 234.377502441406 223.024795532227 214.968551635742 215.326477050781 232.386306762695 241.158462524414 245.963226318359 248.703628540039 240.063629150391 235.137649536133 236.998733520508 243.115798950195 249.044464111328 253.414138793945 261.111450195312 269.713195800781 273.576202392578 274.459869384766 278.385101318359 281.943878173828 280.381927490234 280.754333496094 283.239532470703 280.107604980469 279.583862304688 278.814544677734 275.462677001953
232.312789916992 232.597274780273 234.238433837891 233.912963867188 233.184371948242 234.97673034668 235.160003662109 234.596008300781 242.527572631836 241.27018737793 235.287536621094 231.817626953125 230.991516113281 230.238586425781 234.383941650391 240.686477661133 239.581604003906 247.019104003906 247.596542358398 240.495666503906 245.528915405273 249.46533203125 245.718078613281 237.845840454102 223.350601196289 204.301116943359 202.860122680664 227.366027832031 238.744094848633 243.089431762695 247.631088256836 242.557846069336 241.579086303711 246.075042724609 251.067169189453 249.3251953125 254.41926574707 263.574768066406 269.528350830078 272.657867431641 275.682159423828 278.119110107422 281.843933105469 281.948211669922 283.023651123047 284.450531005859 282.641357421875 280.514465332031 279.816223144531 279.946166992188
231.729934692383 232.016220092773 233.799911499023 232.652786254883 231.038269042969 232.5830078125 233.928329467773 234.25373840332 242.673568725586 238.169692993164 233.662033081055 229.853256225586 229.112289428711 229.323348999023 233.005661010742 236.396850585938 234.146484375 243.635818481445 248.789855957031 236.355987548828 239.873260498047 246.294616699219 244.854598999023 239.147338867188 227.672134399414 207.438735961914 197.164840698242 214.485473632812 232.18798828125 241.129302978516 244.33073425293 248.246780395508 252.561325073242 253.030380249023 257.077301025391 253.547958374023 257.123779296875 267.678100585938 270.396789550781 273.493988037109 276.131652832031 278.503845214844 281.539093017578 282.3974609375 283.170471191406 284.302062988281 282.288116455078 279.46630859375 279.472503662109 282.407257080078
233.348602294922 233.010726928711 233.71452331543 232.573791503906 230.978851318359 232.306213378906 233.957077026367 235.015853881836 244.30924987793 238.224761962891 231.08984375 228.435485839844 229.4580078125 230.428924560547 230.823944091797 230.802780151367 230.253616333008 236.682647705078 246.388412475586 240.359985351562 239.356887817383 240.734893798828 239.158203125 234.030075073242 226.948455810547 215.009887695312 202.625305175781 206.364059448242 223.621627807617 237.736801147461 239.266693115234 247.212936401367 254.974151611328 259.783874511719 262.177337646484 259.593963623047 261.503448486328 268.325103759766 270.562042236328 274.099578857422 276.001525878906 279.191467285156 281.239135742188 280.687133789062 280.532684326172 283.685302734375 281.336059570312 279.091918945312 279.676147460938 284.027526855469
233.68293762207 233.910125732422 234.480255126953 233.970916748047 232.916885375977 235.105392456055 236.125137329102 237.117431640625 242.615768432617 237.826507568359 229.709716796875 227.258224487305 229.598999023438 231.398788452148 229.683532714844 228.449996948242 226.851089477539 229.963195800781 237.510833740234 243.945114135742 242.092468261719 238.408187866211 233.919311523438 223.34992980957 214.866744995117 213.608963012695 212.086502075195 215.849594116211 227.678176879883 235.358551025391 239.472473144531 247.573516845703 253.127410888672 261.615966796875 265.248046875 264.668151855469 264.918090820312 268.323944091797 270.248779296875 272.809265136719 275.547454833984 278.513763427734 279.659362792969 279.162841796875 280.379791259766 284.392303466797 282.865447998047 280.288513183594 280.173645019531 283.272125244141
232.223648071289 232.83332824707 234.005752563477 235.110290527344 235.217147827148 236.652755737305 235.958312988281 236.451431274414 238.644973754883 236.266265869141 229.555679321289 227.49870300293 229.113296508789 230.220245361328 228.718032836914 226.771438598633 224.458419799805 226.552612304688 229.214996337891 240.348129272461 244.313949584961 240.923110961914 233.929153442383 221.56608581543 209.864242553711 208.586654663086 217.301055908203 227.316497802734 235.91877746582 240.204071044922 241.024459838867 249.993316650391 254.260650634766 260.081176757812 266.359619140625 267.404937744141 265.736206054688 267.721282958984 269.903198242188 271.724853515625 275.456665039062 276.781616210938 279.326110839844 279.962860107422 282.833282470703 285.462921142578 284.238922119141 280.816589355469 280.678863525391 282.67529296875
230.98957824707 232.292678833008 232.473098754883 232.434020996094 232.354034423828 232.790191650391 229.772964477539 228.758499145508 236.745803833008 234.75553894043 232.031478881836 228.955291748047 227.124877929688 227.744049072266 230.900131225586 234.838119506836 236.826049804688 235.726654052734 236.98698425293 242.240432739258 241.094207763672 238.069778442383 238.844680786133 235.547561645508 230.422897338867 216.179229736328 215.487518310547 229.134155273438 237.118881225586 241.410797119141 253.834671020508 252.73518371582 254.15234375 262.008239746094 268.169494628906 269.267272949219 268.302734375 268.723449707031 271.455261230469 270.810180664062 273.937896728516 275.952178955078 280.140380859375 281.598693847656 283.088897705078 284.414337158203 285.206939697266 282.888366699219 282.257659912109 284.260894775391
230.849044799805 231.221878051758 232.087753295898 230.732696533203 229.689163208008 231.075119018555 230.337432861328 229.461563110352 234.566986083984 232.636276245117 231.82682800293 229.055740356445 224.459167480469 222.855331420898 225.273254394531 231.791915893555 235.346466064453 238.370346069336 241.704788208008 240.287384033203 239.471572875977 236.011108398438 238.518920898438 239.496307373047 232.562515258789 217.237655639648 216.240081787109 222.666595458984 227.629806518555 232.740036010742 255.908584594727 258.234558105469 259.0341796875 262.754241943359 268.863891601562 270.220550537109 269.865966796875 270.889617919922 273.580108642578 272.036590576172 274.410430908203 277.060302734375 279.828033447266 280.534973144531 282.501220703125 284.424072265625 285.834808349609 284.718841552734 283.182830810547 285.045745849609
227.797988891602 227.942047119141 230.142593383789 228.357208251953 227.80403137207 228.855361938477 229.990966796875 230.906921386719 233.82341003418 231.333923339844 230.33381652832 228.098709106445 223.973556518555 220.637756347656 220.714874267578 226.383758544922 231.324081420898 237.119506835938 238.138488769531 238.648788452148 237.713088989258 236.510238647461 237.798049926758 238.440811157227 231.960754394531 221.629196166992 219.434539794922 224.310256958008 226.174377441406 233.996856689453 255.113204956055 259.851593017578 264.727630615234 265.008178710938 268.569427490234 271.671905517578 272.171051025391 273.713195800781 275.465698242188 275.593811035156 276.558074951172 277.982940673828 279.214691162109 278.615905761719 281.196807861328 282.720977783203 285.610931396484 284.434814453125 284.02001953125 285.840789794922
224.848571777344 225.46159362793 226.956954956055 226.002288818359 226.274841308594 227.535095214844 229.407119750977 231.535186767578 234.437637329102 233.378082275391 230.965744018555 228.691513061523 226.206451416016 223.314392089844 221.361145019531 226.22785949707 235.607452392578 237.153900146484 234.889846801758 244.041839599609 240.288330078125 241.87776184082 239.737686157227 234.386703491211 229.720138549805 221.369705200195 220.395660400391 230.944351196289 236.139282226562 242.806228637695 255.149017333984 259.552764892578 264.911804199219 267.978057861328 270.278747558594 271.683685302734 272.665008544922 274.58984375 275.752075195312 276.752777099609 278.005493164062 278.192596435547 277.085906982422 277.189819335938 278.371459960938 279.117279052734 285.258514404297 283.209899902344 282.936767578125 285.885650634766
224.702178955078 224.518249511719 224.699371337891 225.573425292969 225.504058837891 225.750045776367 228.028350830078 231.41357421875 232.851013183594 233.371627807617 232.564971923828 231.042297363281 229.263977050781 225.914428710938 224.288833618164 229.91975402832 237.820175170898 234.38069152832 233.089965820312 246.357818603516 251.544570922852 250.682403564453 243.968521118164 237.060180664062 233.034378051758 221.653015136719 218.634155273438 233.564300537109 242.347290039062 247.970626831055 253.325149536133 260.051971435547 266.262420654297 267.632781982422 269.662689208984 268.987609863281 271.030364990234 273.207763671875 274.437042236328 276.300506591797 278.569976806641 278.569549560547 275.006896972656 275.503112792969 275.490753173828 277.531829833984 285.194702148438 283.926513671875 283.217376708984 285.030364990234
