rcp4.5models/GFDL_CM3/sc1gr0.2
NCOLS 261 
NROWS 433 
XLLCORNER 336357.134 
YLLCORNER 654653.479 
CELLSIZE 1000 
NODATA_value -9999 
[rows 242 to 263 of 433, columns 200 to 249 of 261]
70.6692585209879 70.3097520934884 70.1158436788127 69.7641561232499 69.5894918823597 69.2675606742132 68.9858965461062 68.6813980281606 68.3359455928341 68.1860480674658 68.0859170403187 67.786914899215 67.3651166598884 67.1919948865045 66.7350045727936 -9999 -9999 66.2513735108979 66.2038678165742 66.0015345174513 65.6724900393765 65.3045354682957 65.2329473027585 65.1371013866384 64.8128745479387 64.5684211223758 64.1014722230163 63.9774893742477 63.6960553916322 63.4045969668972 63.3199394405409 63.1938875496838 62.9907879986199 62.7519487770414 62.6100251788426 62.4432482337374 62.2267436755935 61.8143519639352 61.6778206622485 61.4630855113113 -9999 -9999 -9999 -9999 60.9353999726591 60.8240446318804 60.804104327899 60.7683083474776 -9999 -9999
71.0588207978214 70.8406120705167 70.5547370137891 70.1444617387997 69.8188617582619 69.4266812766929 69.0737670691107 68.8126375005556 68.5938829644325 68.3239760146766 68.1721255836681 67.9022557905133 67.7154894070349 67.4680733350978 67.0294850102349 -9999 -9999 66.4840308560589 66.5439366930041 66.2745253287822 66.0424996478698 65.7450822552531 65.5736717228094 65.4569737291232 65.1745661874341 64.8162679985347 64.2471710215881 64.1018258462626 63.933560723884 63.9408167152548 63.6769180582896 63.5314931179728 63.316906875312 63.0583837987037 62.72114155844 62.5468588717478 62.4018527507578 62.2111715062964 62.101230208125 61.8996041082559 -9999 -9999 61.4225495473785 -9999 -9999 -9999 -9999 60.8407761114429 60.7255808012854 -9999
71.188925446514 71.0127692680709 70.7213738244061 70.0873143194947 69.8485858457911 69.4218685594219 69.1188054795682 68.7737464912615 68.6226385023992 68.4481004862465 68.2948137325949 68.0793124855984 67.8391106311944 67.5551245064277 67.2713112015992 66.9922801983218 -9999 -9999 66.4024536978786 66.3371199382396 66.3036005588105 65.9481808238962 65.6666660238013 65.4989846765205 65.2437415931314 64.8802640673924 64.4137733048502 64.3124730273081 64.1389842577553 64.0581652256763 63.8055593971411 63.6383740297486 63.447597724168 63.2090605644909 62.8993121985172 62.7179674908201 62.6040589142613 62.3993666602035 62.2208540351473 62.0277678361098 -9999 61.6185797969032 61.5063925185417 61.4390228433865 -9999 -9999 -9999 60.9407340625939 60.7255391811311 -9999
71.1086596729486 70.8632536760232 70.691797433233 70.0279899036687 69.8315450004153 69.3273035540987 69.156174784167 68.8963020891205 68.799029186245 68.5429209242602 68.3075012935304 68.1185130999417 67.9467578059117 67.7086828037185 67.5152278494898 67.1467211238531 66.768625454818 66.6240429297962 66.5553547607763 66.5154436505662 66.3839424051354 65.9739878412637 -9999 -9999 65.231721036784 65.0786163248434 64.6608272027382 64.5645088368439 64.3748778187036 64.1019921318114 63.8622050410017 63.6529860153713 63.5105469320809 63.3425835248911 63.1333212398045 62.9600632117578 62.7585277531308 62.5707769787643 62.3199701825401 62.1889519329731 -9999 61.7881317448061 61.6372693598639 61.5409484544616 61.3821619934595 61.2278682801392 -9999 61.0174295956341 60.8201324416172 60.8160337561271
71.0067637518668 70.8408790599203 70.6000411118995 70.0219301498616 69.7439790166374 69.391807434052 69.2592674875235 69.0528799061032 68.8783754847976 68.6421442031723 68.4125929962393 68.2061074566951 68.0260384498857 67.9010717343371 67.7039176585065 67.4683492365622 67.0457373493585 66.7427184375142 66.6929180433275 66.595927526412 66.3002202347511 66.0857935333118 -9999 -9999 65.3219783774232 65.3448890944794 64.8494258057454 64.6771021967527 64.4688994030384 64.2203642590004 63.9125787463469 63.6752466731954 63.5497319657169 63.4804054627328 63.3531761945374 63.1431911806491 62.934854120895 62.649521391847 62.453969079071 62.2680098512881 62.0720899320749 61.9495624803474 61.8415273690391 61.6931612482001 61.5668772256869 61.4381082701086 -9999 61.2045439167344 61.03807057985 60.8965392414104
71.0643337256221 70.842700148339 70.6459505464312 70.0657951203229 69.7651615787564 69.5311339621279 69.3466043076364 69.1741469442409 68.9444879900744 68.7676009231699 -9999 68.3792616107772 68.1088027478842 68.0607977588926 67.930255595117 67.7214853146706 67.335598856117 66.8543657051666 66.712349572501 66.6333830935342 66.4570873631465 66.2992516010347 -9999 -9999 65.587147740709 65.583496175333 64.9523477583984 64.7693941157427 64.5248522522872 64.4375796675152 64.0907729604512 63.8545074133072 63.7558086313686 63.5686268309149 63.4761782091908 63.3368223591589 63.0690490136926 62.7288892793054 62.5195809415117 62.338562110076 62.2450998068743 62.1208945439458 61.9763224939847 61.8532808260569 61.6958196483969 61.6170691232114 61.4858326031806 -9999 61.2258002063975 61.0204311248086
71.2136476321586 70.9602240764944 70.7438081903948 70.2287105060093 69.9658903178631 69.6901897790595 69.433151442542 69.4553396789975 69.2647187251127 68.9558345404152 68.6998945959285 68.634004624291 68.3001850408112 68.1836573626214 68.0269013590509 67.6492129959309 67.2811173879325 66.9688784930774 66.8115882888926 66.7858470823103 66.6241018524569 66.2823400070964 65.9423164700929 -9999 65.7249451967984 65.6949022687072 65.1669525133057 64.9691318246885 64.8470595411203 64.656671104074 64.2440782753862 64.1006298001051 64.0128425097873 63.7863136428338 63.6804387774251 63.3943478255932 63.2133091939771 62.9038109246607 62.6769888823601 62.4758562331232 62.3757748937576 62.3005098912019 62.1797347088066 62.0444299975146 61.889848844471 61.7596787187564 -9999 -9999 61.2600951323308 61.0924327088083
71.3865794372089 71.1602994400643 70.9326050496186 70.4646302284463 70.1250582429046 69.8111934007134 69.6127147616896 69.8066895744633 69.5336367891148 69.080326110543 69.0444820362427 68.989970038996 68.5053834002731 68.2921782615607 67.9683686276003 67.6708776102661 67.4411792738227 67.2590738094338 67.0479025155714 66.8895191774133 66.6504698919315 66.4146470810413 66.2850798481854 66.0368306588359 65.8442308158534 65.8757162058093 65.4067815164859 -9999 65.1310169365869 64.8481916857922 64.5831465563101 64.3721176400214 64.2493561583649 64.1197434727263 63.8961988281744 63.5478768634154 63.3981586985585 63.0313135356544 62.7984523149164 62.6019106590826 62.4843786240516 62.4139877109349 62.3231155469067 62.1657017394168 61.9975729915175 61.8959070662886 61.7193494210068 61.5157638384955 -9999 -9999
71.4445105370814 71.1832104562385 71.0001248226801 70.5218977729857 70.2402481698256 70.0588201989287 70.0073776296613 69.97047179304 69.5344266925539 69.2281532595528 69.2283284325769 69.1184612310514 68.6114487663648 68.4355630187696 68.0677763159529 67.8751236030037 67.8043356892001 67.6243069498356 67.2455042296421 66.9929223488156 66.8025915928914 66.6802685266579 66.5602914224698 66.1968780033583 66.0459431630913 65.9726510715867 65.7461762837795 65.5419705182231 65.2755290107793 64.9720218559885 64.8560330843056 64.6204099991481 64.3846644053718 64.2470765109455 64.0306712430794 63.7402946919649 63.4608834946043 63.0849794562459 62.9029127879315 62.8240352955032 62.7694095813075 62.6701541002843 62.4672367648206 62.2890383655949 62.1236979131656 61.9340485349452 61.8659289878871 61.676618792744 -9999 61.4419684026909
71.5434436751781 71.3102747117245 71.056415797417 70.5572404431945 70.3796256628328 70.2612950657725 70.2672036369769 69.9963929793864 69.6023693102154 69.449226320502 69.4058542986091 69.260765480446 68.9748656479906 68.7116936987868 -9999 68.2004822906485 68.243013816165 67.8702284557306 67.5039542989506 67.0983613645433 66.9403888381536 66.8275277037649 66.7566542529688 66.5776275717947 66.3199524791694 66.1547690823093 66.0591159333176 65.8278300551525 65.4054776189166 65.2842578343816 65.0700936935797 64.7635254025203 64.4990924608079 64.2443334006713 64.1735528940947 63.826996756846 63.4923510295647 63.1893718363527 63.0756039213131 62.9512696353557 62.9151235172365 62.7990434711405 62.5779977675062 62.4026627743014 62.2823685697008 62.1212169881334 62.0599203704624 -9999 -9999 61.525107642228
71.7003075218226 71.5643826855619 71.1933534568109 70.7304669205564 70.578496721514 70.5356887057398 70.3904923653216 70.1471800739793 69.9472619382023 69.7863863202651 69.5988685471315 69.5614534062314 69.3567761078479 69.0940059439199 68.5965447962089 68.4996698355555 68.2909139451217 67.8885125735417 67.581763986684 67.2604273464289 67.0956498779516 66.892640129574 66.9504196705652 66.9423266300301 66.5924372488424 66.3667509880139 66.1096929074633 65.9004692064738 65.5459183328648 65.4821435095295 65.2708323627403 64.8926023160022 64.6988481397794 64.4585393754853 64.2628777547223 63.9450215851092 63.6749900555421 63.3429352401807 63.3006637954144 63.2374047975684 63.0488135883201 62.9743539949514 62.7527282753583 62.561122220402 62.3878059119668 62.2944395079641 62.1798236662063 -9999 -9999 61.6554930745719
71.8145095606454 71.7875465675898 71.3720437713394 70.9105710582962 70.711780343957 70.5698552715579 70.5223992639359 70.365000563744 70.206137499034 70.1428804412235 69.9450065325169 69.8468321291855 69.476524398138 69.2028006477041 68.7810780401039 68.5957878536861 68.2780134604238 68.1085820697408 67.8624812178902 67.5505399494139 67.2224001616396 67.0160728435236 66.9513728447111 66.9458868643713 67.0635047584154 67.0561454181711 66.2536056632693 66.0424763316202 65.901073798985 65.5837907118345 65.3474110430948 65.0160527652975 64.8509922705383 64.6396456006759 64.2993292674577 64.1478320639055 63.9211672000986 63.524702592832 63.5543827903627 63.4601518142252 63.3454948896277 63.0657856365236 62.8346315779075 62.731652609553 62.6271824359855 -9999 62.2501312805668 62.1650740270239 61.8412422403899 61.7618430755332
72.0331296026092 71.935757021564 71.5834381549455 70.9550728046202 70.8970885088737 70.6630147312201 70.6220708414715 70.5362957582954 70.3085590615094 70.2611603733063 70.2600026213595 70.0211223199843 69.5949768698388 69.3011790419871 68.9289167387099 68.7014244993355 68.5083060881729 68.4526989493498 68.166759630646 67.7462039973888 67.4370883239806 67.1722439141928 66.954295673835 67.009939055296 67.2774509379146 67.1464554443225 66.4155144683962 66.2585891726334 66.0042450787366 65.7218011956639 65.4368687411059 65.1490355909098 64.9647888741716 64.7958513454012 64.4870736727979 64.3842189368439 64.1634680034322 63.8021442487319 63.73382068397 63.5435720302073 63.4894849941002 63.1619417575077 62.9611807085791 62.8672060108589 62.7857475049047 -9999 -9999 62.254771614115 -9999 61.8003507034363
72.405604410777 72.1130580981718 71.7562121194981 71.1448478328121 70.910424543446 70.6829454381979 70.7264406077461 70.5908177999312 70.4887707720169 70.5331223906906 70.4906912401589 70.522208350517 70.5985413547313 70.5415742644023 69.1613717626741 69.0051874998991 68.71130896183 68.1712653574461 67.8593550078107 67.8298804063169 67.9183437551326 67.6887513694853 67.4832914537424 67.3537073406127 67.2681536836871 67.0099382110719 66.2874914426031 66.2181484255109 66.2648058980238 65.9497207453658 65.592904543991 65.4305767420652 65.4386933363656 65.1189374916654 64.833612925012 64.5912179717977 64.3815621094816 63.872132135521 63.6903623803708 63.7403153998076 63.8191074701212 63.5586168284049 63.1510776720782 63.0319333600456 62.8936914048043 62.6439417692961 62.5822988119515 62.5803680313898 62.2874778376065 -9999
72.6617316668083 72.2550886831354 71.8908422601329 71.417801556161 71.1135082934592 70.8100208396455 70.6675782829758 70.7650529182942 70.7348898644815 70.7713489386117 71.1070155260725 70.9882601464439 70.6285181764024 70.607778694518 69.2107170287263 68.8810329646873 68.7102964020047 68.287436589778 67.9954996557009 68.421229559211 68.9814409944555 68.2960382165473 67.6297336570664 67.5703396087304 67.3969876371315 67.2369799859138 66.51518576919 66.3396359364375 66.4027549873778 66.1910352884799 65.8478501098277 65.7266585649131 65.6344544940336 65.4502992743423 65.1333884654344 64.7451909893182 64.4479975104847 64.1340243629584 63.9335259022181 63.72013224226 63.7175968676391 63.4578316422553 63.2964616206998 63.19112853658 63.0183759555751 62.822541983356 62.7102814331752 62.6230919437259 62.4444182968242 62.3562563367728
72.8170275925214 72.2780921762884 71.9800371009924 71.6067844471917 71.3649037403836 71.0500426811144 70.8136102754458 71.0439962022007 71.0445683077904 71.008234416504 71.3898038070182 70.8534670974079 70.2940931068783 70.0319591456672 69.198862145139 68.9926654305728 68.8596864713146 68.6083153667665 68.5786511896067 69.5925678527514 69.7467973241058 68.3842112327122 67.8238267309322 67.5904910905488 67.5336782523586 67.4333875282514 66.7229399794182 66.3869368051833 66.4334025533931 66.3295639402345 66.1275989507546 66.2388295757416 66.3173525581355 65.5973406872119 65.3830301716844 64.9241546726529 64.5402142195483 64.2706013921944 64.0376910486148 63.7314455826631 63.6418383018998 63.5028604761568 63.5665849208642 63.4149124348414 63.2138927296011 63.0159205658542 62.888842993442 62.7265775801231 -9999 62.5022142230954
72.8169076451062 72.3007097052365 72.0937251077466 71.7058355559444 71.5450745899222 71.2353893021855 71.0239449271162 71.3237005794938 71.2906579074893 71.0587740060936 71.4949732761254 71.7704883722333 71.5281316410396 69.9932552888789 69.3055421173096 69.3399704662882 69.0264256147579 68.6566547723703 -9999 70.3026554332396 69.1982311550979 68.2447457814265 67.877409268645 67.6089931941875 67.6408287384464 67.6226597369736 66.7959579470006 66.3615202701284 66.4680371878197 66.5380473385595 66.8576792851099 67.2930041234017 67.5511007508199 66.1133907019871 65.4316159517646 65.0360177816723 64.6457280328874 64.3353265763788 64.2313828848417 63.9723770936242 63.7428455148414 63.6581198282518 63.6472574698732 63.4981967862534 63.3511005898675 63.1856055847112 63.0515109208262 -9999 -9999 -9999
72.8987297733199 72.4788869676614 72.2270133787957 71.8079633248175 71.6451072295162 71.3583383598568 71.1092935458084 71.4196311959975 72.3441093340835 72.4260745701863 71.4112807658084 71.8594798147497 71.8374974662696 70.8949411788218 70.8410213183375 69.683550518882 69.0786469765978 68.673130807189 69.0764511180271 69.574225336085 68.7464629816235 68.2741608335727 67.8701177468497 67.6976996349379 67.6024047971226 67.6174964128063 66.8766933277971 66.4080446319244 66.5343302868776 67.0042563398876 67.3793739098281 68.1217987740674 68.1667497871548 66.1065582881029 65.3564516962121 65.1661777394842 64.886820126858 64.4870908222635 64.4069520536198 64.2032550052392 63.9732103265541 63.7803534493885 63.6343349724863 63.5557264163469 63.4591651959895 63.2891027925376 63.1928951446073 -9999 -9999 62.7217831209035
72.9619630555396 72.6813152377522 72.6017815295349 71.8791898008127 71.7637974087578 71.5369434242796 71.2475951138044 71.7099304576128 73.2771682706115 72.7599187552926 71.1772938326138 71.4572242627059 72.1829737201977 72.4020215863568 72.2755285170854 69.6442247932013 69.0895961656961 68.8554989455643 68.8985594503223 68.943262599829 68.7813656806223 68.4565024373637 68.0453593038811 67.7979965280825 67.5806980365006 67.6154294537528 67.0405208234993 66.7051691185485 66.500735694857 66.8708421106925 67.2466602961376 67.7704203926957 67.1060697870103 65.8256029873742 65.4040673338046 65.2541778739781 65.0322745779461 64.7563436184809 64.5232198626538 64.316936718167 64.0735004060247 63.8797276527594 63.7438924423233 63.6170169353485 63.5677700393753 63.4613841760054 63.372709157931 63.2036260039759 62.9996379223003 -9999
73.2123800351942 72.9413143228909 72.8242453459434 72.0319660021975 71.8938067578688 71.722349256587 71.5842413721599 71.7762668994331 72.8497879606861 72.1055350223963 71.7329335058247 72.9941940154709 73.2680918459193 72.6017132715382 71.7638871161965 69.8541546060421 69.2969605018157 69.0321094888071 69.0819432962471 69.2375788519564 69.5384347146883 69.288487292339 68.3448158038646 67.996388878032 67.618593309271 67.5583755040605 67.3119085401519 67.2372900498435 66.5611739862706 66.6729752639431 67.1677675041119 66.7623273771517 66.1338965344491 65.6973030185917 65.5137617559685 65.2144096163514 65.0878817188724 64.7791892128504 64.6248124936686 64.437993732289 64.1660367740629 63.9977661306319 63.8632732802145 63.6922832179888 63.6068985537086 63.6561833281982 63.460797146353 -9999 -9999 -9999
73.494268796571 73.1363519430841 72.8823568874382 72.2901191097139 72.1459063077528 71.9917947896011 71.7571040783939 71.4780209326681 72.0833265667487 72.757437558625 73.5767588399342 75.0148622309171 74.0643379927817 72.6245122800071 70.6377328395916 69.9661380063605 69.3720439517967 69.2224475134956 69.3990370456667 69.4314087978784 69.7074770671489 69.3873968263104 68.4798258541452 68.1240343715557 67.7779088476993 67.626605573041 67.7699759748514 67.7544095417094 66.8883535694075 -9999 -9999 -9999 66.0302460261969 65.6939433004436 65.6392818669547 65.2734060612174 65.1163229558123 64.803913806571 64.6674931988324 64.5918955854233 64.435937808716 64.1853720791906 63.9366563795782 63.8057700648207 63.7626283052572 63.7463410059604 63.5674096359206 -9999 -9999 -9999
73.5963672854384 73.2357182201735 72.839556877111 72.4877809430317 72.3409615258104 72.2589269047044 71.9400740978495 71.5787934965681 71.6103986367176 72.9171837325659 75.306854139982 76.2437589726702 74.9214758733501 73.0162508387616 70.2161366019351 69.8940095203587 69.523433087727 69.5128664682892 69.9193584587838 70.4985218778838 69.4830909371539 68.9308545814353 68.6703682282848 68.6486690786051 67.9354379676022 -9999 69.0399363245232 68.5580196403042 67.0797033517007 -9999 -9999 66.2739512096396 66.1121968383855 65.9042667269838 65.7972164403143 65.4341026521822 65.2522215272904 64.9814019148802 64.7728484646616 64.7799933360149 64.5549259058772 64.2308572931806 64.0433318641871 63.9890441806703 64.0077183099143 63.724724887973 63.6392718184904 -9999 63.2420335256893 63.1700642767366
