rcp4.5models/GFDL_CM3/sc1gr4.16
NCOLS 261 
NROWS 433 
XLLCORNER 336357.134 
YLLCORNER 654653.479 
CELLSIZE 1000 
NODATA_value -3.4e+38 
[rows 396 to 417 of 433, columns 49 to 97 of 261]
-3.4e+38 -3.4e+38 -3.4e+38 -3.4e+38 -3.4e+38 -3.4e+38 -3.4e+38 -3.4e+38 -3.4e+38 274.847747802734 275.064697265625 275.350769042969 275.360626220703 275.461456298828 274.814880371094 274.470397949219 274.731262207031 274.998626708984 274.389801025391 274.522583007812 274.763366699219 274.130523681641 272.237670898438 271.469665527344 271.183807373047 270.48828125 269.178771972656 268.538513183594 269.5537109375 270.178009033203 270.342163085938 270.860046386719 270.748962402344 270.764892578125 270.704681396484 270.061248779297 270.321655273438 271.057067871094 269.415466308594 269.44580078125 270.738403320312 267.620635986328 266.413238525391 267.972625732422 270.192352294922 267.868133544922 267.954437255859 269.425659179688 269.23583984375
-3.4e+38 -3.4e+38 -3.4e+38 -3.4e+38 -3.4e+38 -3.4e+38 -3.4e+38 -3.4e+38 -3.4e+38 275.215179443359 275.224884033203 275.238830566406 274.986450195312 275.180358886719 274.738891601562 274.451477050781 274.509826660156 274.638671875 274.135711669922 274.365692138672 274.712677001953 274.621368408203 273.886383056641 272.918579101562 271.343200683594 270.087951660156 269.872985839844 270.371185302734 270.457916259766 269.979675292969 269.900238037109 270.423950195312 270.521118164062 270.585571289062 270.75390625 270.668304443359 270.970458984375 271.277618408203 270.153472900391 270.026763916016 270.189727783203 266.023468017578 265.274597167969 268.543243408203 271.687530517578 270.196990966797 268.700988769531 267.915863037109 267.395172119141
-3.4e+38 -3.4e+38 -3.4e+38 -3.4e+38 -3.4e+38 -3.4e+38 -3.4e+38 -3.4e+38 -3.4e+38 -3.4e+38 275.384979248047 275.384429931641 275.173370361328 275.183929443359 274.890747070312 274.529296875 274.380584716797 274.424072265625 274.357879638672 274.598205566406 275.076385498047 274.980926513672 274.797271728516 274.100402832031 271.559143066406 270.570983886719 269.795532226562 269.641448974609 270.314575195312 270.194122314453 269.283599853516 270.007659912109 270.703308105469 270.768951416016 270.897216796875 271.173767089844 271.307769775391 271.076507568359 270.252655029297 270.429809570312 270.400268554688 268.774566650391 268.7998046875 270.649139404297 271.72607421875 272.198150634766 270.850250244141 268.402862548828 267.974731445312
-3.4e+38 -3.4e+38 -3.4e+38 -3.4e+38 -3.4e+38 -3.4e+38 -3.4e+38 -3.4e+38 -3.4e+38 -3.4e+38 275.454193115234 275.579376220703 275.530364990234 275.441070556641 275.335876464844 274.837036132812 274.572052001953 274.415557861328 274.384124755859 274.589477539062 274.959259033203 275.18798828125 274.883392333984 274.054534912109 271.920104980469 271.049713134766 270.397247314453 270.212585449219 270.866485595703 270.399749755859 269.940612792969 270.549591064453 270.601531982422 270.458160400391 270.836578369141 271.181854248047 270.754119873047 270.719970703125 270.964904785156 270.307464599609 270.497192382812 270.966857910156 271.345031738281 270.616455078125 270.072052001953 271.510772705078 271.7705078125 268.882232666016 267.335388183594
-3.4e+38 -3.4e+38 -3.4e+38 -3.4e+38 -3.4e+38 -3.4e+38 -3.4e+38 -3.4e+38 -3.4e+38 -3.4e+38 -3.4e+38 275.393524169922 275.455993652344 275.538848876953 275.615814208984 275.10009765625 274.773010253906 274.548614501953 274.318267822266 274.392272949219 274.508636474609 274.957611083984 275.215881347656 274.539642333984 273.581451416016 272.565856933594 271.562896728516 271.186737060547 271.232086181641 271.008941650391 270.556671142578 270.775451660156 270.458190917969 270.035705566406 270.639251708984 270.724029541016 270.546325683594 270.838653564453 270.966400146484 270.4287109375 270.604614257812 270.281982421875 269.554870605469 269.371276855469 269.578277587891 269.328399658203 270.645080566406 270.030151367188 267.113800048828
-3.4e+38 -3.4e+38 -3.4e+38 -3.4e+38 -3.4e+38 -3.4e+38 -3.4e+38 -3.4e+38 -3.4e+38 -3.4e+38 -3.4e+38 275.279724121094 275.013214111328 275.135498046875 275.485076904297 275.378448486328 274.905303955078 274.623901367188 274.497619628906 274.424987792969 274.551055908203 274.748016357422 275.167388916016 274.504974365234 274.50341796875 273.599822998047 271.009399414062 270.610687255859 271.16748046875 271.131256103516 270.427795410156 270.397613525391 270.088104248047 269.164794921875 270.225738525391 270.492523193359 270.641754150391 271.030883789062 270.911651611328 270.243469238281 270.142700195312 270.432739257812 269.311157226562 270.259460449219 270.626953125 268.238311767578 267.039642333984 269.055114746094 268.792846679688
-3.4e+38 -3.4e+38 -3.4e+38 -3.4e+38 -3.4e+38 -3.4e+38 -3.4e+38 -3.4e+38 -3.4e+38 -3.4e+38 -3.4e+38 275.3125 275.020385742188 274.768310546875 275.127746582031 275.072631835938 274.724304199219 274.6376953125 274.481353759766 274.3505859375 274.122894287109 274.701446533203 274.987426757812 274.531677246094 274.638580322266 274.454864501953 271.603668212891 270.799011230469 271.203277587891 270.963470458984 270.807281494141 270.577392578125 270.057830810547 269.610015869141 270.491424560547 270.819702148438 270.704559326172 270.280792236328 270.280059814453 270.057434082031 269.848052978516 270.877349853516 271.049377441406 270.827270507812 270.334991455078 269.160369873047 267.232482910156 267.975006103516 270.446655273438
-3.4e+38 -3.4e+38 -3.4e+38 -3.4e+38 -3.4e+38 -3.4e+38 -3.4e+38 -3.4e+38 -3.4e+38 -3.4e+38 -3.4e+38 -3.4e+38 274.674377441406 274.475555419922 274.851776123047 274.627532958984 274.423706054688 274.676116943359 274.454650878906 274.364227294922 274.171112060547 274.671051025391 274.791351318359 274.756866455078 274.623168945312 274.259246826172 273.508605957031 271.788024902344 270.770599365234 271.028717041016 271.974578857422 271.309356689453 270.549499511719 270.615814208984 270.633270263672 270.121124267578 271.368133544922 270.396850585938 268.860565185547 268.993621826172 270.831604003906 270.874725341797 270.556610107422 270.22216796875 271.296173095703 271.669921875 270.442779541016 268.607330322266 270.489776611328
-3.4e+38 -3.4e+38 -3.4e+38 -3.4e+38 -3.4e+38 -3.4e+38 -3.4e+38 -3.4e+38 -3.4e+38 -3.4e+38 -3.4e+38 -3.4e+38 -3.4e+38 274.697296142578 274.621185302734 274.382781982422 274.529724121094 274.584869384766 274.673461914062 274.476165771484 274.476013183594 274.502410888672 274.613189697266 274.686279296875 274.672729492188 274.286285400391 274.727722167969 273.532806396484 271.2021484375 270.820678710938 271.535827636719 271.080749511719 270.791809082031 270.126800537109 271.502899169922 270.307861328125 270.555908203125 269.975280761719 270.072814941406 271.128387451172 270.574157714844 271.152770996094 270.935302734375 270.45068359375 271.038177490234 271.470916748047 271.701629638672 270.390411376953 269.989715576172
-3.4e+38 -3.4e+38 -3.4e+38 -3.4e+38 -3.4e+38 -3.4e+38 -3.4e+38 -3.4e+38 -3.4e+38 -3.4e+38 -3.4e+38 -3.4e+38 -3.4e+38 -3.4e+38 274.612091064453 274.406494140625 274.785308837891 274.492126464844 274.609222412109 274.417572021484 274.341918945312 274.339782714844 274.539245605469 274.736328125 275.005523681641 274.910125732422 275.118041992188 274.984741210938 273.079284667969 270.567108154297 272.630859375 273.237731933594 271.745025634766 271.589172363281 273.937774658203 271.733947753906 271.385650634766 270.460052490234 272.356628417969 274.201690673828 270.061340332031 272.188934326172 272.150390625 271.463348388672 270.668853759766 269.646270751953 270.14990234375 272.002105712891 272.148223876953
-3.4e+38 -3.4e+38 -3.4e+38 -3.4e+38 -3.4e+38 -3.4e+38 -3.4e+38 -3.4e+38 -3.4e+38 -3.4e+38 -3.4e+38 -3.4e+38 -3.4e+38 -3.4e+38 274.446990966797 274.39697265625 274.570556640625 274.933258056641 274.262878417969 274.111328125 274.124908447266 274.374267578125 274.424133300781 274.632904052734 274.871429443359 274.889312744141 274.757690429688 274.599334716797 274.707183837891 276.608032226562 277.279571533203 275.606414794922 275.966918945312 274.852691650391 273.846282958984 273.559173583984 274.124725341797 274.801574707031 274.771545410156 272.85302734375 273.610656738281 272.031585693359 273.470520019531 274.233032226562 272.889495849609 273.215362548828 271.041412353516 270.455047607422 270.809265136719
-3.4e+38 -3.4e+38 -3.4e+38 -3.4e+38 -3.4e+38 -3.4e+38 -3.4e+38 -3.4e+38 -3.4e+38 -3.4e+38 -3.4e+38 -3.4e+38 -3.4e+38 -3.4e+38 -3.4e+38 274.527801513672 274.401184082031 274.766418457031 274.896667480469 274.251831054688 274.04443359375 274.317169189453 274.513061523438 274.749481201172 274.865173339844 274.880187988281 274.800598144531 274.596984863281 273.918090820312 276.517791748047 276.654327392578 276.920074462891 277.088104248047 276.7490234375 276.536010742188 276.863952636719 275.689392089844 274.116241455078 272.312805175781 270.756958007812 271.154724121094 273.034576416016 274.151428222656 273.436981201172 271.722900390625 271.694854736328 270.982055664062 270.611114501953 271.110229492188
-3.4e+38 -3.4e+38 -3.4e+38 -3.4e+38 -3.4e+38 -3.4e+38 -3.4e+38 -3.4e+38 -3.4e+38 -3.4e+38 -3.4e+38 -3.4e+38 -3.4e+38 -3.4e+38 -3.4e+38 274.618743896484 274.326690673828 274.752624511719 274.708435058594 274.353759765625 274.105712890625 274.356170654297 274.616943359375 274.687896728516 274.580352783203 274.651336669922 274.851623535156 274.122985839844 273.049713134766 275.457641601562 276.945434570312 277.065185546875 276.951751708984 276.480529785156 276.289794921875 276.697082519531 276.2724609375 274.582733154297 272.988983154297 272.425994873047 271.503112792969 274.972015380859 274.755096435547 272.012481689453 270.897583007812 271.960968017578 271.156463623047 271.453033447266 272.701721191406
-3.4e+38 -3.4e+38 -3.4e+38 -3.4e+38 -3.4e+38 -3.4e+38 -3.4e+38 -3.4e+38 -3.4e+38 -3.4e+38 -3.4e+38 -3.4e+38 -3.4e+38 -3.4e+38 -3.4e+38 274.389221191406 274.283416748047 274.160552978516 274.222717285156 274.148162841797 274.311096191406 274.521942138672 274.446350097656 274.513366699219 274.740753173828 274.928405761719 274.849060058594 273.916259765625 273.176452636719 273.860107421875 276.099273681641 277.472198486328 277.178039550781 276.800750732422 276.521057128906 276.584259033203 276.361297607422 275.788879394531 275.374542236328 275.187713623047 274.617462158203 275.346435546875 275.168426513672 273.427154541016 271.915466308594 271.131988525391 270.131683349609 267.613922119141 268.184814453125
-3.4e+38 -3.4e+38 -3.4e+38 -3.4e+38 -3.4e+38 -3.4e+38 -3.4e+38 -3.4e+38 -3.4e+38 -3.4e+38 -3.4e+38 -3.4e+38 -3.4e+38 -3.4e+38 -3.4e+38 -3.4e+38 274.137908935547 273.792633056641 274.183319091797 274.049285888672 274.139465332031 274.375305175781 274.556793212891 274.595794677734 274.971588134766 274.819976806641 274.450500488281 273.944427490234 273.231323242188 273.164276123047 274.962799072266 276.770965576172 277.167144775391 277.362548828125 276.734741210938 276.506286621094 276.026947021484 275.409332275391 275.658538818359 276.235046386719 276.591979980469 274.1904296875 274.692626953125 275.779083251953 274.201782226562 271.841461181641 272.284423828125 269.466613769531 266.933471679688
-3.4e+38 -3.4e+38 -3.4e+38 -3.4e+38 -3.4e+38 -3.4e+38 -3.4e+38 -3.4e+38 -3.4e+38 -3.4e+38 -3.4e+38 -3.4e+38 -3.4e+38 -3.4e+38 -3.4e+38 -3.4e+38 -3.4e+38 -3.4e+38 274.04833984375 273.731536865234 273.805114746094 274.040191650391 274.420989990234 274.748046875 274.984130859375 274.786254882812 274.164489746094 274.076049804688 273.769927978516 273.278167724609 275.295776367188 276.473022460938 276.585571289062 276.467651367188 276.54443359375 276.662719726562 276.305969238281 275.505737304688 275.89404296875 276.690399169922 277.117584228516 272.989929199219 271.837890625 273.612915039062 273.370880126953 273.048065185547 274.830505371094 273.918304443359 271.486907958984
-3.4e+38 -3.4e+38 -3.4e+38 -3.4e+38 -3.4e+38 -3.4e+38 -3.4e+38 -3.4e+38 -3.4e+38 -3.4e+38 -3.4e+38 -3.4e+38 -3.4e+38 -3.4e+38 -3.4e+38 -3.4e+38 -3.4e+38 -3.4e+38 274.045043945312 273.829803466797 273.532257080078 273.519714355469 273.912445068359 274.542877197266 274.783660888672 274.799041748047 274.550415039062 274.662628173828 274.414947509766 273.390930175781 274.286560058594 275.972320556641 276.730560302734 276.018096923828 275.553436279297 275.771179199219 275.960662841797 275.837829589844 276.104522705078 277.060607910156 277.223937988281 275.590911865234 274.197875976562 272.9267578125 271.830017089844 271.247619628906 273.957763671875 273.550109863281 271.786956787109
-3.4e+38 -3.4e+38 -3.4e+38 -3.4e+38 -3.4e+38 -3.4e+38 -3.4e+38 -3.4e+38 -3.4e+38 -3.4e+38 -3.4e+38 -3.4e+38 -3.4e+38 -3.4e+38 -3.4e+38 -3.4e+38 -3.4e+38 -3.4e+38 -3.4e+38 274.008941650391 273.676422119141 273.595886230469 273.952484130859 274.320434570312 274.434326171875 274.571807861328 274.808044433594 274.847290039062 274.709838867188 273.787811279297 273.370727539062 274.098754882812 275.392669677734 276.200042724609 275.562072753906 274.969146728516 274.967102050781 275.219543457031 275.822662353516 275.861877441406 275.420867919922 276.183471679688 277.399017333984 273.883178710938 271.001556396484 270.301361083984 271.341125488281 270.947509765625 271.972503662109
-3.4e+38 -3.4e+38 -3.4e+38 -3.4e+38 -3.4e+38 -3.4e+38 -3.4e+38 -3.4e+38 -3.4e+38 -3.4e+38 -3.4e+38 -3.4e+38 -3.4e+38 -3.4e+38 -3.4e+38 -3.4e+38 -3.4e+38 -3.4e+38 -3.4e+38 -3.4e+38 273.593170166016 273.740203857422 274.194030761719 274.287963867188 274.271423339844 274.261291503906 274.434173583984 274.491821289062 274.698028564453 274.164398193359 273.809753417969 273.6513671875 273.446563720703 275.159729003906 275.7802734375 275.271209716797 275.536865234375 275.551513671875 274.615539550781 273.664733886719 274.573669433594 275.675750732422 277.034484863281 275.705078125 271.873413085938 272.278015136719 273.260009765625 272.793579101562 274.894073486328
-3.4e+38 -3.4e+38 -3.4e+38 -3.4e+38 -3.4e+38 -3.4e+38 -3.4e+38 -3.4e+38 -3.4e+38 -3.4e+38 -3.4e+38 -3.4e+38 -3.4e+38 -3.4e+38 -3.4e+38 -3.4e+38 -3.4e+38 -3.4e+38 -3.4e+38 -3.4e+38 -3.4e+38 273.853210449219 274.133087158203 274.171783447266 274.162414550781 273.652038574219 273.494201660156 273.924285888672 274.349670410156 274.549957275391 274.199188232422 274.156921386719 273.489135742188 274.462005615234 275.359161376953 275.4638671875 275.947082519531 275.791748046875 274.738708496094 273.858795166016 274.214111328125 275.616760253906 276.378234863281 277.103240966797 275.74658203125 275.889343261719 275.821014404297 274.942230224609 273.197570800781
-3.4e+38 -3.4e+38 -3.4e+38 -3.4e+38 -3.4e+38 -3.4e+38 -3.4e+38 -3.4e+38 -3.4e+38 -3.4e+38 -3.4e+38 -3.4e+38 -3.4e+38 -3.4e+38 -3.4e+38 -3.4e+38 -3.4e+38 -3.4e+38 -3.4e+38 -3.4e+38 -3.4e+38 -3.4e+38 274.012664794922 274.05810546875 274.073059082031 273.378753662109 273.029602050781 273.336761474609 273.904815673828 274.415649414062 274.154266357422 274.141967773438 274.018737792969 273.917053222656 275.189971923828 275.888519287109 275.966461181641 276.005004882812 275.822479248047 274.808715820312 273.379638671875 273.592254638672 274.231689453125 275.912078857422 277.721252441406 277.788177490234 275.472106933594 275.014129638672 272.738861083984
-3.4e+38 -3.4e+38 -3.4e+38 -3.4e+38 -3.4e+38 -3.4e+38 -3.4e+38 -3.4e+38 -3.4e+38 -3.4e+38 -3.4e+38 -3.4e+38 -3.4e+38 -3.4e+38 -3.4e+38 -3.4e+38 -3.4e+38 -3.4e+38 -3.4e+38 -3.4e+38 -3.4e+38 -3.4e+38 -3.4e+38 274.045257568359 274.057312011719 273.410430908203 273.149078369141 273.438018798828 273.883361816406 273.744750976562 273.898193359375 274.334289550781 274.256652832031 273.639739990234 275.192779541016 276.146606445312 275.169219970703 275.681182861328 275.113067626953 273.230377197266 272.425109863281 272.436706542969 272.448028564453 274.906860351562 277.159515380859 277.504669189453 276.900634765625 277.203796386719 275.510131835938
