rcp4.5models/GFDL_CM3/sc1gr2.16
NCOLS 261 
NROWS 433 
XLLCORNER 336357.134 
YLLCORNER 654653.479 
CELLSIZE 1000 
NODATA_value -3.4e+38 
[rows 330 to 351 of 433, columns 196 to 244 of 261]
332.302581787109 331.767456054688 331.599853515625 331.425750732422 332.533752441406 332.963623046875 333.148193359375 329.471130371094 327.175750732422 324.864929199219 323.283203125 329.951477050781 332.144226074219 332.415618896484 332.448394775391 332.885375976562 333.202819824219 333.114807128906 333.163940429688 333.956695556641 334.452941894531 335.247131347656 335.523132324219 335.551208496094 335.88720703125 335.802154541016 335.813751220703 336.204620361328 336.550415039062 336.467681884766 336.758270263672 336.676177978516 336.5947265625 336.407470703125 335.882934570312 335.906768798828 336.274932861328 336.113677978516 335.756286621094 336.143005371094 336.523529052734 336.813751220703 336.837127685547 337.22900390625 337.231018066406 337.541107177734 337.655059814453 338.015258789062 338.396362304688
332.318511962891 332.252227783203 332.07177734375 331.393005371094 331.479522705078 333.005065917969 333.247802734375 331.811676025391 330.953338623047 330.300598144531 329.449401855469 332.529327392578 332.040985107422 331.952026367188 332.095886230469 332.883361816406 333.278137207031 333.717681884766 333.526184082031 333.919555664062 334.232482910156 334.324035644531 335.074340820312 334.973022460938 334.942047119141 335.280059814453 335.306976318359 335.745483398438 336.02587890625 335.942260742188 336.322174072266 336.241485595703 336.054931640625 335.446044921875 335.107849121094 335.560913085938 335.743988037109 335.215911865234 335.13818359375 335.141174316406 335.625946044922 336.394348144531 336.493988037109 337.248352050781 337.17626953125 337.271881103516 337.940155029297 337.39404296875 337.484069824219
332.485595703125 332.691986083984 331.883544921875 330.834197998047 330.692047119141 333.011169433594 333.405029296875 332.938720703125 332.580535888672 332.836700439453 332.863403320312 332.889190673828 332.014526367188 331.838104248047 331.578033447266 332.499755859375 333.453186035156 -3.4e+38 334.083557128906 334.397583007812 334.275299072266 334.329040527344 334.66845703125 334.905029296875 334.553527832031 334.946746826172 335.273742675781 335.126678466797 335.042755126953 335.068450927734 335.794311523438 335.819213867188 335.986022949219 335.099792480469 335.210266113281 335.942962646484 335.68017578125 334.788513183594 334.712188720703 334.636505126953 334.817260742188 336.413024902344 336.414886474609 336.799133300781 337.100341796875 336.722747802734 337.414093017578 336.982391357422 337.072326660156
332.571472167969 332.664245605469 331.883911132812 331.094299316406 331.464263916016 333.127593994141 333.75341796875 334.034606933594 333.809234619141 333.319183349609 333.231719970703 333.021636962891 332.534973144531 332.090972900391 331.234008789062 332.658538818359 333.813781738281 -3.4e+38 334.136169433594 334.8037109375 334.772491455078 335.087371826172 334.736694335938 335.017608642578 334.933166503906 334.945098876953 335.131744384766 334.792785644531 335.141693115234 335.260650634766 335.794281005859 335.469635009766 336.109222412109 335.665496826172 335.672790527344 335.960418701172 335.800659179688 335.35986328125 335.185028076172 334.75341796875 335.313049316406 336.431091308594 336.357849121094 336.358642578125 336.670013427734 336.686065673828 336.595275878906 337.00048828125 336.998687744141
332.815795898438 332.482391357422 331.573059082031 331.353393554688 331.717193603516 331.437683105469 333.231384277344 334.117889404297 334.167694091797 333.323059082031 333.236389160156 333.149597167969 333.049438476562 332.571502685547 331.692687988281 333.030364990234 333.715515136719 333.734619140625 333.559936523438 334.024169921875 334.633605957031 334.780731201172 335.115173339844 335.030700683594 335.05859375 335.400970458984 335.318908691406 335.330535888672 335.723724365234 336.166748046875 336.283203125 335.925109863281 336.107971191406 335.688507080078 336.054931640625 335.977111816406 335.899871826172 335.823211669922 335.568389892578 334.848297119141 335.673980712891 336.352905273438 335.908569335938 336.302703857422 336.395385742188 336.996551513672 336.157897949219 336.449340820312 336.378082275391
333.167114257812 332.465850830078 331.458831787109 330.809936523438 330.78173828125 328.445037841797 328.329956054688 333.374725341797 334.170440673828 333.325866699219 333.239990234375 333.153961181641 333.067840576172 332.490997314453 331.258544921875 333.036651611328 333.485626220703 332.816375732422 333.346954345703 333.482757568359 333.878173828125 334.424621582031 335.126892089844 335.042907714844 335.166717529297 335.876129150391 335.793365478516 335.711090087891 335.720825195312 336.112915039062 -3.4e+38 335.865875244141 336.141815185547 335.781646728516 336.070770263672 335.892150878906 335.46435546875 335.839477539062 335.684448242188 335.321716308594 335.61328125 335.92578125 336.026763916016 336.41259765625 336.790710449219 336.540679931641 336.195556640625 336.603424072266 336.535186767578
331.748260498047 330.25244140625 331.297882080078 330.460174560547 329.223022460938 321.567535400391 319.8916015625 333.125274658203 333.41064453125 333.319030761719 333.243835449219 333.159393310547 332.953582763672 332.459136962891 332.371124267578 332.453735351562 332.524658203125 331.799591064453 332.884307861328 332.182281494141 331.672241210938 332.549957275391 334.1142578125 334.147033691406 334.981842041016 335.008636474609 335.340301513672 335.28857421875 335.680755615234 336.048919677734 336.223175048828 335.3349609375 335.443176269531 336.279144287109 336.548400878906 336.122344970703 336.219909667969 334.869934082031 334.872222900391 335.259857177734 335.644500732422 335.129486083984 335.423950195312 335.513916015625 336.279632568359 336.297698974609 336.771545410156 337.067230224609 336.997528076172
331.775604248047 329.70263671875 329.518402099609 330.958648681641 330.734191894531 324.805023193359 318.461578369141 333.149810791016 333.410827636719 333.327575683594 333.244140625 333.160522460938 332.949401855469 332.567565917969 332.908813476562 332.824798583984 332.740814208984 332.436340332031 331.882446289062 329.791809082031 330.113159179688 332.342407226562 334.323547363281 334.917022705078 334.991729736328 335.112030029297 335.735809326172 335.286102294922 335.296630859375 335.612487792969 336.236877441406 335.450073242188 335.899536132812 336.2744140625 336.483276367188 336.117523193359 336.249725341797 335.436248779297 335.362030029297 335.364624023438 335.659088134766 335.604034423828 335.999114990234 335.998748779297 336.294677734375 336.380249023438 337.152679443359 337.082458496094 337.012786865234
332.388854980469 331.531860351562 329.850280761719 331.698211669922 331.831329345703 328.775756835938 322.255950927734 333.114990234375 333.408233642578 333.318237304688 333.21826171875 333.160552978516 333.061767578125 332.941467285156 332.911163330078 332.918487548828 333.030395507812 332.336151123047 331.606140136719 330.216613769531 331.544281005859 333.877044677734 334.261260986328 334.548126220703 334.465301513672 334.583923339844 335.300628662109 335.159790039062 334.895599365234 335.003448486328 335.809051513672 335.376708984375 335.437744140625 335.756744384766 336.027587890625 335.598297119141 335.973327636719 335.897491455078 335.822143554688 335.747314453125 335.766326904297 336.15673828125 336.453125 336.380889892578 336.397766113281 336.869873046875 337.167266845703 337.097106933594 337.027465820312
332.377044677734 332.118804931641 331.717651367188 332.180328369141 332.330718994141 330.891998291016 328.939636230469 332.742980957031 333.527954101562 333.836608886719 333.6181640625 333.144744873047 332.890197753906 332.529113769531 333.030456542969 333.436859130859 333.298858642578 331.939422607422 331.852905273438 332.118927001953 333.022216796875 334.253387451172 334.171600341797 334.090087890625 333.900695800781 333.591674804688 334.416259765625 334.716613769531 334.419250488281 334.3515625 335.245727539062 334.326965332031 334.598846435547 335.297729492188 335.509704589844 335.238983154297 335.985809326172 335.910186767578 335.835021972656 335.760375976562 335.852783203125 336.539398193359 336.466735839844 336.394592285156 336.47900390625 337.251831054688 337.181243896484 337.111114501953 337.041564941406
332.746856689453 332.101806640625 331.688873291016 332.290252685547 332.813232421875 332.458618164062 332.722869873047 333.130615234375 333.636474609375 334.197540283203 333.606323242188 333.023834228516 332.36474609375 332.199829101562 333.4453125 333.745513916016 333.425140380859 332.194274902344 332.129943847656 333.014892578125 333.303070068359 333.727203369141 333.754333496094 333.988342285156 333.387664794922 333.027862548828 333.515197753906 334.237365722656 334.147247314453 334.140563964844 334.363983154297 333.565643310547 334.485900878906 335.226531982422 335.149780273438 335.249237060547 335.99755859375 335.922149658203 335.847198486328 335.772705078125 335.863983154297 336.552215576172 336.479705810547 336.407684326172 336.403839111328 336.787445068359 337.194580078125 337.124572753906 337.055053710938
333.096923828125 332.251770019531 332.287994384766 332.665710449219 332.922454833984 332.940185546875 333.3330078125 333.611938476562 334.023162841797 334.194152832031 333.595550537109 333.005218505859 332.342041015625 331.940368652344 333.747955322266 333.725860595703 333.4326171875 332.668792724609 332.263916015625 333.280242919922 333.344512939453 333.263702392578 333.278503417969 333.474761962891 333.129272460938 333.47802734375 333.384979248047 333.349487304688 333.843414306641 334.405029296875 333.604095458984 333.574066162109 334.424621582031 334.918426513672 335.160278320312 335.184448242188 335.655517578125 335.933380126953 335.858642578125 335.784362792969 335.783508300781 336.006713867188 336.02099609375 336.420104980469 336.348693847656 336.343719482422 336.642578125 336.571166992188 336.500244140625
332.701141357422 332.354370117188 332.483215332031 332.244293212891 332.911560058594 332.921752929688 333.298004150391 333.198394775391 333.978424072266 334.285186767578 334.082855224609 333.620025634766 333.187408447266 332.391418457031 333.725891113281 333.25244140625 332.932373046875 332.669342041016 329.702789306641 332.769470214844 332.927429199219 333.158386230469 332.763275146484 333.000244140625 332.479766845703 332.602508544922 333.492645263672 333.073150634766 333.363098144531 334.093170166016 333.576934814453 334.026153564453 334.444427490234 334.980926513672 335.170013427734 335.111755371094 335.179595947266 335.486236572266 335.869384765625 335.795318603516 335.721710205078 335.575866699219 335.659729003906 336.345672607422 335.88427734375 336.289794921875 336.219482421875 336.149627685547 336.161468505859
332.323181152344 332.089294433594 331.093902587891 330.211151123047 332.511047363281 332.793151855469 332.80224609375 332.584655761719 332.961761474609 333.368774414062 333.703399658203 333.609985351562 333.371887207031 333.13037109375 333.609893798828 332.68798828125 332.247406005859 332.748138427734 330.691284179688 332.429595947266 332.402496337891 332.471862792969 332.393005371094 332.911437988281 332.045776367188 332.297393798828 333.396881103516 333.397735595703 332.907104492188 333.576385498047 333.821838378906 334.407806396484 334.439727783203 334.931396484375 335.178985595703 335.103454589844 335.028350830078 335.029052734375 335.419006347656 335.805541992188 335.732147216797 335.029602050781 335.11083984375 335.816040039062 335.437835693359 335.821868896484 336.230987548828 336.161254882812 336.153289794922
332.437530517578 332.466186523438 331.122467041016 329.761505126953 330.587493896484 331.484619140625 332.276184082031 332.461303710938 332.358612060547 332.380615234375 332.775482177734 333.201202392578 333.511047363281 333.410217285156 333.0654296875 331.879211425781 331.139678955078 332.817230224609 333.233673095703 332.658081054688 332.15087890625 332.120361328125 332.287536621094 332.649322509766 332.933044433594 333.106109619141 332.756256103516 333.46923828125 333.185516357422 332.822326660156 333.803985595703 334.4150390625 334.361358642578 334.447448730469 334.640838623047 334.657897949219 335.037139892578 334.962707519531 334.962371826172 335.262329101562 335.187805175781 334.596801757812 334.592651367188 334.893951416016 334.905059814453 335.376159667969 335.678039550781 335.606964111328 335.61572265625
332.032440185547 332.554473876953 331.964233398438 331.0029296875 329.257354736328 329.2216796875 331.111633300781 332.452362060547 332.352966308594 332.262268066406 332.281005859375 332.785888671875 333.565734863281 333.608795166016 332.439544677734 331.005645751953 331.111206054688 332.813842773438 333.102081298828 332.633636474609 332.10009765625 331.850128173828 332.194976806641 332.362274169922 333.380462646484 333.588623046875 333.082275390625 333.594879150391 333.589080810547 332.992523193359 333.580474853516 333.975708007812 334.345520019531 334.269897460938 334.007080078125 333.287414550781 334.496612548828 334.511993408203 334.897277832031 334.745544433594 334.339874267578 334.520477294922 333.976715087891 333.904052734375 333.979309082031 334.841644287109 335.171539306641 334.697235107422 335.252227783203
331.270202636719 331.53173828125 332.583038330078 332.241546630859 331.044128417969 330.174377441406 331.668365478516 332.958862304688 332.8603515625 332.778198242188 332.707061767578 332.711486816406 333.234619140625 333.582794189453 332.374389648438 331.019653320312 331.037353515625 332.843536376953 332.95556640625 331.589691162109 332.147613525391 331.367980957031 331.826751708984 332.438385009766 332.752197265625 333.740020751953 333.930114746094 333.997436523438 333.670532226562 333.28564453125 332.992309570312 333.201751708984 333.903167724609 334.276245117188 333.8603515625 332.371215820312 333.595245361328 334.052429199219 334.443298339844 334.769012451172 334.340301513672 334.462280273438 333.459625244141 333.079284667969 334.0263671875 334.394622802734 334.716461181641 334.817779541016 335.183013916016
329.823608398438 329.139282226562 331.508972167969 332.951416015625 332.730163574219 332.374938964844 332.754486083984 333.429504394531 333.443939208984 333.744964599609 333.552429199219 333.077026367188 333.244201660156 333.663177490234 332.575439453125 331.495178222656 331.097137451172 332.868957519531 332.595092773438 330.330780029297 332.405120849609 331.331848144531 331.680816650391 332.476379394531 333.029327392578 333.769866943359 333.926177978516 333.974731445312 333.682525634766 333.342346191406 333.073669433594 333.172607421875 333.436065673828 333.737518310547 333.507873535156 332.664093017578 332.601287841797 333.056427001953 333.522003173828 334.287506103516 334.144104003906 334.000030517578 333.485809326172 333.169250488281 333.850433349609 333.85888671875 334.332061767578 334.715026855469 335.1328125
330.101593017578 329.882232666016 330.653900146484 331.163269042969 331.935211181641 332.201202392578 332.097473144531 332.034118652344 332.416900634766 332.817993164062 333.237823486328 333.624114990234 333.901214599609 333.642608642578 332.672027587891 332.099517822266 332.021209716797 333.393280029297 330.624145507812 326.935577392578 333.095458984375 332.793762207031 332.576385498047 332.914855957031 333.132507324219 333.541595458984 333.839935302734 333.54638671875 333.497131347656 333.628265380859 333.659820556641 333.465545654297 333.511505126953 333.389465332031 333.085601806641 332.486267089844 333.069915771484 332.849761962891 332.160339355469 332.995452880859 333.332672119141 333.719818115234 334.041625976562 333.495971679688 333.488372802734 333.873596191406 334.269805908203 334.166595458984 334.659332275391
330.204986572266 330.352020263672 331.004852294922 331.146209716797 331.679168701172 331.308715820312 331.598175048828 332.392669677734 332.297149658203 332.327423095703 332.715850830078 333.135955810547 333.423675537109 333.229309082031 332.850189208984 333.085845947266 333.083526611328 333.280090332031 331.415100097656 330.403106689453 333.153228759766 333.019165039062 332.635894775391 332.151428222656 332.334899902344 332.744689941406 333.058319091797 333.066528320312 333.507232666016 333.836730957031 333.719787597656 333.244598388672 333.924346923828 333.293884277344 333.161010742188 332.847900390625 333.088775634766 333.016479492188 332.613525390625 333.058532714844 333.785614013672 333.790588378906 334.508392333984 333.980651855469 333.4326171875 333.346405029297 333.186859130859 333.283599853516 333.723297119141
330.185760498047 330.207092285156 330.600128173828 331.004699707031 331.156494140625 330.800262451172 330.8271484375 331.466003417969 331.881042480469 332.082336425781 331.834686279297 332.614227294922 332.945892333984 332.904449462891 332.948699951172 333.471221923828 333.060699462891 332.903930664062 332.143157958984 332.214324951172 332.912048339844 333.069274902344 332.216735839844 332.062805175781 331.579406738281 331.818756103516 332.38916015625 332.569793701172 332.745910644531 333.388061523438 333.757904052734 333.416412353516 333.898132324219 333.411010742188 333.223266601562 333.078338623047 332.715179443359 333.068328857422 332.933532714844 332.938629150391 333.366821289062 333.794616699219 334.578338623047 334.44580078125 333.919860839844 333.309326171875 332.921112060547 333.231994628906 333.293579101562
330.549865722656 330.067749023438 330.087677001953 330.357147216797 330.37890625 330.547424316406 329.826202392578 330.197387695312 331.3759765625 331.668029785156 331.832000732422 332.515258789062 332.417083740234 332.483123779297 332.844665527344 333.146423339844 333.086822509766 332.923767089844 332.314910888672 332.329528808594 332.636810302734 332.312316894531 331.686645507812 332.4892578125 331.844940185547 332.048492431641 332.435302734375 332.76123046875 332.539855957031 332.983551025391 333.836608886719 333.714172363281 333.518829345703 333.508605957031 333.154846191406 332.729644775391 332.783508300781 333.009063720703 332.536529541016 332.955657958984 333.373687744141 333.822174072266 334.583282470703 334.513519287109 334.306549072266 -3.4e+38 -3.4e+38 333.800903320312 333.717926025391
