rcp4.5models/GFDL_CM3/sc1gr9.39
NCOLS 261 
NROWS 433 
XLLCORNER 336357.134 
YLLCORNER 654653.479 
CELLSIZE 1000 
NODATA_value -9999 
[rows 92 to 114 of 433, columns 50 to 99 of 261]
-9999 -9999 -9999 -9999 -9999 -9999 -9999 157.943267822266 158.443466186523 159.15837097168 159.377593994141 159.772903442383 160.483856201172 160.701446533203 161.106964111328 162.120849609375 162.845138549805 163.828048706055 164.537109375 164.749908447266 164.95751953125 165.387237548828 165.967010498047 112.578247070312 150.255661010742 150.495468139648 131.278594970703 114.529602050781 115.026359558105 115.347526550293 118.161514282227 118.420288085938 119.057022094727 119.30152130127 119.543899536133 119.783973693848 120.021560668945 118.607696533203 91.0142440795898 104.066528320312 107.946975708008 123.44930267334 121.971664428711 93.8572006225586 83.0581207275391 126.334403991699 127.013092041016 124.844451904297 99.7813491821289 109.89665222168
-9999 -9999 -9999 -9999 156.188400268555 157.505569458008 158.456771850586 -9999 158.864898681641 159.25146484375 159.959899902344 160.175323486328 160.572891235352 161.580688476562 162.305923461914 162.850051879883 -9999 -9999 126.388481140137 164.634689331055 165.532211303711 127.710487365723 129.031188964844 -9999 168.264678955078 167.695861816406 114.178131103516 114.426666259766 151.226837158203 116.536979675293 117.752975463867 118.026565551758 118.945175170898 117.892799377441 90.8968963623047 120.184768676758 120.462203979492 120.567405700684 106.644683837891 121.608947753906 120.984359741211 93.2662048339844 96.0926208496094 109.099510192871 108.228546142578 97.5970306396484 100.658828735352 125.809341430664 112.482421875 126.543426513672
-9999 -9999 -9999 156.123672485352 -9999 157.226272583008 158.516540527344 158.749435424805 159.446212768555 159.658874511719 160.047912597656 161.049224853516 161.774810791016 162.308776855469 162.722930908203 163.433029174805 163.644515991211 125.975303649902 109.433113098145 126.857330322266 127.474510192871 111.679656982422 112.556938171387 -9999 -9999 130.937942504883 114.074119567871 114.321311950684 169.774612426758 117.050689697266 117.321006774902 118.252319335938 118.830688476562 118.408996582031 105.272132873535 120.374221801758 121.399024963379 122.032379150391 122.264404296875 122.493339538574 91.758186340332 78.0304107666016 82.4627990722656 125.615287780762 124.52515411377 110.42951965332 112.014060974121 127.238815307617 127.898597717285 128.414703369141
-9999 -9999 -9999 156.504135131836 156.7119140625 157.072555541992 158.23323059082 159.123916625977 159.533355712891 160.527801513672 161.253173828125 161.776473999023 162.183578491211 162.891815185547 163.101669311523 163.509399414062 164.217102050781 148.186599731445 109.922645568848 111.089393615723 149.891876220703 150.113265991211 112.350799560547 129.881637573242 130.50276184082 -9999 113.967758178711 114.233856201172 134.153961181641 116.937377929688 117.194427490234 117.800941467285 117.433906555176 91.3336563110352 120.016342163086 121.041442871094 121.67342376709 121.906982421875 120.233055114746 94.2305221557617 77.8138198852539 80.9222106933594 110.035743713379 125.520172119141 123.72834777832 100.263999938965 124.281814575195 99.092887878418 102.849838256836 129.089080810547
153.121826171875 154.324462890625 155.367736816406 156.553329467773 157.292129516602 157.494934082031 158.048858642578 158.999694824219 160.70654296875 161.254516601562 161.653869628906 162.359725952148 162.567337036133 162.967178344727 163.673309326172 163.878952026367 164.288208007812 165.193695068359 149.57373046875 150.034454345703 167.487503051758 129.239349365234 150.327896118164 112.878532409668 113.368179321289 114.408233642578 151.871154785156 150.971969604492 116.066856384277 116.821563720703 117.064155578613 117.350120544434 117.943031311035 105.364654541016 120.681449890137 121.31175994873 121.576667785645 122.259155273438 120.999816894531 105.72176361084 78.4304656982422 82.1761322021484 122.824264526367 99.3188629150391 122.380332946777 85.3457260131836 125.269561767578 111.441230773926 111.303451538086 100.79793548584
152.621566772461 153.952651977539 155.144332885742 156.154739379883 157.339508056641 157.563842773438 158.449600219727 158.8203125 160.37565612793 161.816864013672 162.042861938477 162.43424987793 163.138214111328 163.341812133789 163.743453979492 164.447219848633 164.648498535156 166.071060180664 167.076370239258 128.416213989258 167.619384765625 150.28385925293 130.375991821289 150.775497436523 113.260108947754 114.792098999023 168.699798583984 132.364349365234 116.212669372559 116.70329284668 116.944412231445 117.254501342773 119.005172729492 119.555397033691 120.947776794434 119.499298095703 93.967529296875 120.54906463623 95.163459777832 119.742340087891 80.6427536010742 109.657501220703 123.726165771484 111.204177856445 124.73282623291 108.952461242676 98.7083740234375 102.508163452148 124.470695495605 84.8507919311523
152.424163818359 153.740982055664 154.748001098633 155.924118041992 156.424377441406 157.912460327148 158.515441894531 159.202850341797 159.7041015625 161.163421630859 162.089340209961 162.803359985352 163.207580566406 163.909454345703 164.10888671875 124.973152160645 164.48828125 166.745758056641 127.944343566895 111.526443481445 168.081329345703 167.560089111328 112.942855834961 130.226593017578 114.005104064941 152.380081176758 169.202102661133 115.086723327637 116.341583251953 116.582588195801 116.822196960449 117.113471984863 118.50904083252 120.192558288574 120.818496704102 120.178604125977 107.435928344727 119.367248535156 78.9079742431641 92.5289688110352 109.422584533691 125.135673522949 125.368423461914 125.829193115234 123.54377746582 97.3351135253906 85.8317413330078 110.298835754395 102.358024597168 113.343566894531
151.51399230957 153.309692382812 154.519760131836 156.31005859375 156.549835205078 157.190231323242 158.909194946289 159.276992797852 159.461791992188 160.460525512695 161.741027832031 162.857620239258 163.57048034668 163.973617553711 164.167694091797 148.320663452148 165.006896972656 167.158187866211 110.798248291016 111.198059082031 129.330413818359 167.969573974609 112.553573608398 112.795639038086 113.494964599609 132.202102661133 131.383026123047 83.8513031005859 116.220039367676 116.459495544434 116.721557617188 117.469161987305 118.034782409668 119.793563842773 120.686653137207 120.967384338379 121.932563781738 119.20881652832 78.6623229980469 79.2912521362305 98.2234420776367 125.266616821289 123.068305969238 100.306632995605 124.94994354248 111.011940002441 112.76000213623 126.495315551758 114.795791625977 126.641258239746
151.643280029297 153.112640380859 154.907821655273 155.602920532227 156.580169677734 157.290466308594 158.944717407227 159.654296875 159.843460083008 160.2177734375 160.717834472656 163.205490112305 164.139633178711 164.335189819336 164.522613525391 165.428268432617 165.619781494141 127.579093933105 110.692817687988 110.933166503906 111.437927246094 129.559539794922 112.442085266113 112.682594299316 112.954254150391 114.34708404541 114.104713439941 100.450744628906 116.096160888672 116.334037780762 116.608100891113 117.631385803223 118.683792114258 118.342079162598 93.6567764282227 121.315399169922 119.922134399414 94.7884063720703 107.688888549805 108.06014251709 83.9244842529297 122.75065612793 96.1307067871094 84.0842208862305 102.105003356934 124.087898254395 102.908653259277 125.995170593262 101.830024719238 101.272239685059
151.730651855469 153.516830444336 154.20036315918 155.683166503906 156.180801391602 157.335601806641 158.529205322266 159.700988769531 160.410446166992 160.595886230469 160.771347045898 163.774124145508 123.915939331055 164.600112915039 124.392967224121 165.429809570312 166.176406860352 110.347023010254 111.018188476562 150.57470703125 111.076362609863 112.089401245117 112.32852935791 112.56746673584 -9999 114.244155883789 115.00919342041 115.493911743164 115.970008850098 114.809867858887 88.2956008911133 117.560684204102 119.643798828125 118.106750488281 79.7388000488281 121.428863525391 118.717544555664 81.9202728271484 120.858810424805 98.0912933349609 107.984092712402 96.2973251342773 84.8689956665039 108.082260131836 85.8553771972656 102.135246276855 113.545051574707 124.468376159668 86.6000366210938 87.854866027832
151.34895324707 152.773483276367 154.285980224609 154.956878662109 155.926422119141 156.917709350586 158.287200927734 159.270202636719 160.456665039062 160.650085449219 161.334320068359 163.543670654297 148.176116943359 164.86897277832 148.701461791992 165.779983520508 125.818473815918 110.239265441895 111.234687805176 168.574325561523 150.753784179688 111.975433349609 112.212959289551 112.472816467285 113.517654418945 114.648010253906 115.130897521973 115.368812561035 115.865852355957 115.878173828125 102.763069152832 117.412330627441 117.430389404297 91.3288803100586 106.928428649902 119.433174133301 94.8660202026367 108.398826599121 119.554832458496 82.3931732177734 121.52564239502 85.6488647460938 111.703590393066 122.083915710449 87.3987197875977 111.239486694336 101.628913879395 101.068862915039 87.5634689331055 88.9138565063477
151.514114379883 152.964691162109 153.952865600586 155.107070922852 155.578460693359 157.052825927734 159.216690063477 159.404769897461 160.077056884766 161.567367553711 161.9541015625 105.671730041504 105.898834228516 124.003700256348 124.487586975098 166.105102539062 149.173980712891 149.807952880859 128.271148681641 128.267562866211 111.507293701172 113.308151245117 169.225433349609 112.27360534668 114.406280517578 114.642318725586 113.590965270996 84.0553131103516 116.118293762207 116.596313476562 116.961669921875 119.50838470459 120.321235656738 119.574951171875 104.75463104248 92.2836685180664 92.9717788696289 82.7388076782227 121.805686950684 108.912460327148 124.261337280273 109.866661071777 101.246536254883 109.382225036621 86.8516387939453 88.2888946533203 90.7016220092773 90.860969543457 91.096794128418 93.662109375
151.589889526367 152.569290161133 153.714950561523 155.486267089844 155.680252075195 157.109176635742 158.471084594727 159.441879272461 160.128265380859 161.325744628906 162.305847167969 146.922790527344 105.480445861816 106.02596282959 107.151054382324 125.181762695312 166.931427001953 166.51496887207 110.147537231445 110.918731689453 112.444725036621 152.78125 169.608993530273 112.673538208008 114.280014038086 114.514350891113 114.097557067871 99.9153671264648 116.230834960938 114.91764831543 88.8908843994141 91.9586868286133 120.178993225098 120.405708312988 119.611320495605 104.211280822754 79.1763916015625 82.7817306518555 120.939735412598 99.6464233398438 123.354110717773 98.7567291259766 87.3960037231445 100.52661895752 87.8757553100586 88.8120651245117 91.8360748291016 92.1543807983398 93.5099182128906 93.7099075317383
151.19709777832 152.334274291992 154.096740722656 154.756500244141 155.712615966797 156.690063476562 158.536010742188 -9999 -9999 161.056060791016 162.861145019531 163.320724487305 147.15544128418 105.591995239258 106.947700500488 107.370811462402 125.845024108887 126.203712463379 109.255844116211 111.038314819336 112.950126647949 169.841262817383 130.042343139648 112.76383972168 113.388244628906 114.384414672852 -9999 114.873153686523 -9999 113.855560302734 75.3553314208984 105.620162963867 120.554580688477 120.777770996094 121.01815032959 120.386985778809 106.937118530273 -9999 97.1627883911133 110.355911254883 121.956756591797 86.9970397949219 89.6819686889648 110.335914611816 88.4109802246094 90.0700073242188 92.7028503417969 93.4982223510742 95.0133438110352 94.6007843017578
150.991363525391 152.718780517578 153.366943359375 154.833129882812 155.295913696289 156.436370849609 -9999 -9999 -9999 118.656860351562 162.058563232422 163.073989868164 164.472625732422 105.483047485352 106.045234680176 107.632446289062 149.441329956055 108.522399902344 108.796226501465 110.918228149414 111.716873168945 129.562347412109 111.634475708008 111.403663635254 83.1250076293945 114.252563476562 114.50813293457 115.255340576172 114.267082214355 87.3317413330078 103.992042541504 119.714332580566 120.675720214844 120.898567199707 121.119140625 121.376770019531 120.015014648438 95.4085998535156 85.8481216430664 123.538208007812 99.7820510864258 87.7067947387695 89.3675765991211 -9999 89.7317199707031 91.4489898681641 93.7306442260742 95.0244827270508 96.0186309814453 98.4700012207031
151.360702514648 152.783676147461 153.468872070312 154.886489868164 155.56965637207 -9999 -9999 -9999 -9999 101.625846862793 162.124420166016 162.61669921875 164.668090820312 147.511703491211 106.146362304688 148.489654541016 125.726554870605 108.405364990234 108.681999206543 112.043251037598 151.192977905273 111.270683288574 112.027221679688 111.890449523926 98.6981201171875 114.11882019043 114.386589050293 115.363578796387 85.1591339111328 72.8938522338867 91.1810455322266 117.637855529785 91.904541015625 94.991828918457 118.968055725098 97.0079040527344 118.937072753906 84.7559204101562 107.674728393555 98.6895065307617 87.4839553833008 87.8011474609375 91.7289505004883 111.871543884277 94.3354415893555 115.286361694336 114.170166015625 96.0072402954102 99.6720962524414 117.245246887207
151.417114257812 152.377685546875 153.508941650391 154.470092773438 155.60969543457 -9999 -9999 -9999 -9999 143.440002441406 119.242485046387 162.835266113281 164.33122253418 164.742279052734 105.765113830566 124.931251525879 149.348937988281 108.286643981934 108.54264831543 110.510261535645 128.004623413086 79.5878372192383 112.13932800293 112.364883422852 112.644233703613 113.983238220215 114.250930786133 113.583023071289 73.6329803466797 102.474647521973 102.497520446777 90.2834625244141 79.8300247192383 105.231422424316 95.5357208251953 106.657218933105 97.2328567504883 110.013687133789 119.548034667969 85.1055908203125 89.9706878662109 113.46369934082 113.330726623535 104.12232208252 96.6491622924805 126.708854675293 108.992835998535 115.55394744873 100.484977722168 110.035316467285
151.809631347656 152.15397644043 153.88671875 154.233200073242 155.980239868164 156.135116577148 -9999 159.699127197266 -9999 117.240676879883 102.007995605469 162.467407226562 121.440757751465 123.278388977051 147.355865478516 106.751281738281 124.852386474609 149.387176513672 108.411933898926 109.43684387207 108.983734130859 65.0716705322266 112.009155273438 112.232963562012 112.513023376465 113.873275756836 112.950637817383 83.6686248779297 103.211807250977 117.592483520508 114.990303039551 78.7895889282227 106.961120605469 117.845863342285 81.8125762939453 96.8822784423828 109.752769470215 120.672271728516 97.0996932983398 85.597297668457 89.7968673706055 104.17960357666 103.880844116211 93.061653137207 95.4763793945312 108.648574829102 116.338302612305 108.459854125977 102.252815246582 117.802627563477
151.072021484375 152.522933959961 153.142929077148 154.597915649414 156.02978515625 156.694808959961 158.278198242188 159.212661743164 117.013526916504 100.45662689209 144.320617675781 161.971130371094 103.003524780273 104.572151184082 122.992012023926 105.716377258301 106.499229431152 126.262367248535 108.290069580078 109.285125732422 109.289367675781 96.4043884277344 111.877304077148 112.099349975586 112.367248535156 111.820465087891 82.4768981933594 69.385986328125 117.225685119629 117.446105957031 114.765045166016 77.8084106445312 94.633903503418 117.869071960449 82.824592590332 109.467056274414 120.331535339355 96.7362747192383 84.8569488525391 86.5674896240234 112.831436157227 111.995574951172 92.8689041137695 94.1192779541016 94.8946914672852 97.7588424682617 108.088569641113 98.9764556884766 102.147094726562 112.003158569336
151.18034362793 152.571929931641 153.233963012695 154.643737792969 155.600250244141 156.732955932617 158.634750366211 158.916564941406 142.840972900391 143.795288085938 161.253448486328 162.130966186523 102.052040100098 104.681442260742 147.241729736328 105.370300292969 106.361183166504 107.920715332031 108.166610717773 109.145149230957 109.411308288574 112.640228271484 150.031494140625 81.9252243041992 112.225791931152 112.410690307617 97.4984893798828 69.3572387695312 117.079429626465 115.400131225586 91.3914947509766 105.103096008301 107.244033813477 117.641479492188 83.9851303100586 122.130310058594 118.942031860352 84.5897216796875 86.2229690551758 90.7489471435547 123.817543029785 104.065788269043 93.892951965332 94.6694793701172 96.1458587646484 97.1884994506836 98.6611022949219 99.8790893554688 102.602874755859 104.271263122559
151.21907043457 152.954849243164 153.280670166016 155.017684936523 155.345626831055 157.096389770508 157.872283935547 159.32048034668 159.672393798828 161.424774169922 161.5732421875 161.216979980469 102.577270507812 146.810989379883 122.114532470703 105.253753662109 106.231559753418 107.795593261719 108.041595458984 109.016860961914 109.283813476562 111.549224853516 129.48713684082 97.6301574707031 112.088874816895 113.120948791504 111.680442810059 69.2777099609375 116.931533813477 114.210792541504 79.573844909668 119.607521057129 118.424423217773 93.0879211425781 84.009407043457 121.968826293945 118.764579772949 85.1493148803711 89.8135528564453 111.559455871582 103.371711730957 93.6600112915039 96.7254867553711 116.56649017334 115.146553039551 98.5405807495117 100.228424072266 101.136947631836 103.546165466309 106.375259399414
151.600769042969 152.20393371582 153.648849487305 154.260665893555 155.709045410156 156.333511352539 157.915954589844 159.354904174805 160.002914428711 160.675155639648 161.361312866211 117.870750427246 102.011024475098 122.603889465332 146.031158447266 105.135734558105 106.110168457031 105.623474121094 75.755989074707 108.887046813965 109.179931640625 111.016296386719 111.472061157227 111.688774108887 110.196098327637 82.5240859985352 85.5817947387695 98.31201171875 116.782051086426 116.018898010254 102.864692687988 91.2856292724609 91.926513671875 81.7133560180664 105.849952697754 96.4328155517578 96.303108215332 85.4020919799805 91.4149017333984 121.69401550293 92.6790924072266 94.1079254150391 96.273078918457 108.58016204834 108.706100463867 99.2695465087891 100.845275878906 102.801544189453 105.540283203125 108.180137634277
151.649459838867 152.29557800293 153.690734863281 154.334701538086 155.747253417969 156.391799926758 158.45703125 158.905838012695 160.032287597656 159.955642700195 118.479904174805 144.609985351562 143.032821655273 68.3475799560547 87.9662399291992 104.236343383789 105.457305908203 145.753646850586 61.2882690429688 108.755752563477 109.024604797363 110.377502441406 111.333892822266 111.579284667969 111.48070526123 98.7731323242188 99.3423385620117 86.790412902832 87.4442443847656 -9999 88.5344314575195 76.6421813964844 78.7226715087891 80.2860794067383 93.7943496704102 82.8207321166992 84.821907043457 89.0887680053711 110.735237121582 101.330467224121 92.709098815918 94.6573257446289 98.2235565185547 114.61262512207 99.0386505126953 100.590507507324 102.063018798828 103.381507873535 106.690498352051 109.007522583008
