rcp4.5models/GFDL_CM3/sc1gr2.33
NCOLS 261 
NROWS 433 
XLLCORNER 336357.134 
YLLCORNER 654653.479 
CELLSIZE 1000 
NODATA_value -3.4e+38 
[rows 88 to 109 of 433, columns 98 to 146 of 261]
344.492553710938 344.85546875 344.885681152344 344.942962646484 344.932220458984 344.663360595703 344.912200927734 344.044952392578 344.067840576172 344.208709716797 345.110443115234 345.130157470703 345.099456787109 344.834167480469 345.198486328125 345.212921142578 345.079986572266 344.238677978516 344.249969482422 344.260223388672 344.109497070312 343.277648925781 343.284820556641 343.290985107422 343.232757568359 343.105773925781 343.815887451172 344.306518554688 344.306640625 344.384033203125 344.707763671875 344.624450683594 344.266540527344 344.257415771484 344.819427490234 345.0205078125 343.982604980469 344.001251220703 344.008880615234 344.193298339844 344.452056884766 344.254150390625 343.891693115234 344.133819580078 343.779144287109 344.159576416016 344.099884033203 344.039764404297 344.807464599609
344.866241455078 344.897247314453 344.986511230469 344.984161376953 345.011047363281 345.036895751953 344.951385498047 344.08544921875 344.108123779297 344.175323486328 344.606628417969 345.169891357422 345.188354492188 345.205780029297 345.237487792969 345.163421630859 344.686340332031 344.795288085938 344.288238525391 344.298309326172 344.244018554688 343.821441650391 343.322357177734 343.328338623047 343.333251953125 343.515258789062 344.126434326172 344.941528320312 344.825958251953 344.341857910156 344.339813232422 344.336822509766 344.332885742188 344.451782226562 345.001068115234 345.099792480469 344.255187988281 344.289398193359 344.304962158203 344.268737792969 343.874755859375 343.718627929688 343.589019775391 344.185516357422 343.772735595703 343.884887695312 344.543365478516 344.200286865234 345.186614990234
344.271392822266 344.362121582031 345.003601074219 345.025268554688 344.985870361328 344.450286865234 344.504516601562 344.750213623047 344.697448730469 344.245513916016 344.85791015625 345.209503173828 345.309265136719 345.861206054688 345.276336669922 345.145050048828 344.452209472656 345.256103515625 344.840454101562 344.239776611328 343.837066650391 344.287628173828 343.861938476562 343.365539550781 343.370330810547 343.445495605469 344.453033447266 344.894256591797 345.301452636719 344.822906494141 344.2353515625 344.445556640625 344.654418945312 344.448394775391 344.890960693359 345.133819580078 344.389892578125 344.493713378906 344.922027587891 344.491119384766 344.647003173828 344.587707519531 344.628753662109 344.737945556641 344.28125 344.560943603516 344.871246337891 344.347717285156 345.703704833984
344.602416992188 344.447845458984 345.113494873047 345.173095703125 345.801696777344 346.047271728516 345.225952148438 345.656097412109 346.106903076172 345.249328613281 345.269378662109 345.369506835938 345.974578857422 346.323120117188 345.829437255859 346.367431640625 346.262268066406 345.670471191406 345.914306640625 345.348449707031 344.926391601562 344.326324462891 343.933959960938 344.439605712891 344.302276611328 343.79296875 344.124938964844 344.451477050781 344.529296875 344.971374511719 345.446624755859 345.185180664062 344.216796875 344.418579101562 344.546936035156 344.336578369141 344.752044677734 344.63330078125 345.032897949219 345.369110107422 344.877563476562 344.715911865234 -3.4e+38 344.735809326172 344.877227783203 345.373291015625 345.294952392578 345.122192382812 346.682525634766
344.998901367188 344.732452392578 345.192260742188 345.816467285156 346.173950195312 346.156829833984 345.775207519531 345.291137695312 345.599761962891 345.288940429688 345.308776855469 345.378295898438 345.812713623047 346.361968994141 345.538024902344 346.405731201172 346.418212890625 346.429626464844 346.281005859375 345.449371337891 345.292083740234 344.296051025391 343.643432617188 344.476440429688 344.480651855469 344.483856201172 344.487182617188 344.60205078125 345.082733154297 345.042175292969 344.887512207031 344.764465332031 344.290130615234 344.310577392578 344.536895751953 344.804840087891 344.879089355469 345.241333007812 345.228118896484 345.545989990234 345.359191894531 345.369903564453 345.895751953125 344.345489501953 344.659912109375 345.619812011719 345.459045410156 -3.4e+38 346.420074462891
345.074249267578 345.104339599609 345.234802246094 345.559600830078 345.656799316406 346.2392578125 346.218902587891 345.908813476562 345.851959228516 345.328399658203 345.428955078125 345.901245117188 345.521484375 346.400695800781 345.487579345703 345.924865722656 346.362518310547 345.858978271484 345.807434082031 345.48681640625 345.429077148438 344.935882568359 344.075256347656 343.911407470703 344.024505615234 344.520141601562 345.120849609375 345.197723388672 345.522094726562 345.320526123047 344.517120361328 344.51318359375 344.508270263672 344.628234863281 345.093963623047 345.137237548828 345.240936279297 -3.4e+38 345.626586914062 345.568511962891 345.510009765625 345.693481445312 -3.4e+38 345.367523193359 345.127319335938 345.645263671875 345.153289794922 345.359771728516 346.233825683594
345.115447998047 345.145355224609 345.277221679688 345.228851318359 345.367309570312 346.279327392578 346.303009033203 346.249420166016 345.756530761719 345.987396240234 346.055938720703 346.270233154297 345.476257324219 345.912139892578 345.559509277344 346.151458740234 346.339172363281 345.505096435547 345.515106201172 345.524078369141 345.532043457031 345.471099853516 344.867828369141 343.656494140625 344.226165771484 344.666687011719 345.928466796875 345.077972412109 345.557525634766 345.474060058594 345.145904541016 345.018157958984 344.542907714844 344.750396728516 345.473602294922 345.319274902344 345.537933349609 345.693542480469 345.635711669922 345.577453613281 345.518737792969 345.702575683594 346.400024414062 346.090515136719 345.532501220703 346.112060546875 345.589508056641 345.218139648438 346.241119384766
345.728576660156 345.250366210938 345.818634033203 345.897216796875 345.963928222656 346.319274902344 346.342742919922 346.395446777344 346.597320556641 346.406890869141 346.343688964844 345.859710693359 346.076843261719 346.146911621094 346.176330566406 346.426544189453 345.956787109375 346.053527832031 345.651000976562 346.066284179688 345.671112060547 345.971130371094 344.839660644531 344.365814208984 345.189697265625 345.265594482422 345.957489013672 345.748870849609 345.5927734375 345.590393066406 -3.4e+38 345.498016357422 345.044158935547 344.785461425781 345.563903808594 345.555725097656 345.576171875 345.250823974609 345.644561767578 -3.4e+38 345.527740478516 -3.4e+38 346.408081054688 346.243743896484 345.975921630859 346.226348876953 346.056335449219 345.692291259766 346.091674804688
346.794830322266 346.399261474609 345.652435302734 346.309326171875 346.407165527344 346.983703613281 346.929443359375 346.529876708984 347.297302246094 346.445922851562 346.413452148438 346.152282714844 346.500061035156 346.604644775391 346.544738769531 346.497406005859 346.239410400391 346.516967773438 346.161041259766 346.028259277344 346.277099609375 346.265686035156 344.724090576172 345.294769287109 345.625762939453 345.628204345703 345.822662353516 346.433654785156 345.627899169922 345.625305175781 345.621765136719 345.740844726562 345.991119384766 345.283874511719 345.597839355469 345.589477539062 345.600921630859 345.775726318359 345.653137207031 -3.4e+38 345.676696777344 346.162872314453 346.415863037109 346.355499267578 346.294708251953 346.233520507812 346.171966552734 346.110015869141 345.984985351562
347.238159179688 347.190521240234 346.528442382812 346.349304199219 346.418395996094 346.849548339844 347.298187255859 346.491821289062 346.795501708984 346.484802246094 346.503723144531 346.521575927734 346.538391113281 346.610534667969 346.582489013672 346.689758300781 347.21484375 347.126037597656 346.561645507812 346.306182861328 346.642456054688 346.405029296875 345.326324462891 345.658416748047 345.771942138672 346.150207519531 346.339874267578 346.584991455078 346.376159667969 346.606018066406 345.656341552734 345.737152099609 345.967895507812 345.639251708984 345.631622314453 345.623046875 345.613525390625 345.538360595703 345.661437988281 345.603698730469 345.654724121094 346.065856933594 346.423370361328 346.36279296875 346.301849365234 346.240478515625 346.178680419922 346.116546630859 346.020050048828
347.846649169922 347.307891845703 347.295562744141 346.943572998047 346.414154052734 346.560028076172 347.335998535156 346.562530517578 347.123321533203 347.058563232422 346.627136230469 347.088745117188 346.576538085938 346.592132568359 347.136779785156 346.693725585938 -3.4e+38 346.983520507812 346.562957763672 346.067413330078 346.075744628906 346.013153076172 345.797637939453 346.294311523438 346.370574951172 346.511291503906 346.700592041016 346.699615478516 346.779174804688 346.814422607422 345.690765380859 345.810272216797 346.144409179688 345.800903320312 346.156524658203 345.794525146484 345.736633300781 345.089202880859 346.090881347656 345.615783691406 345.584259033203 345.661285400391 346.045837402344 346.369842529297 346.308685302734 346.247131347656 346.185180664062 346.122833251953 346.044494628906
347.64794921875 347.416168212891 347.935852050781 346.831939697266 347.078643798828 347.224334716797 347.995727539062 347.191650390625 347.460266113281 346.976257324219 347.250366210938 347.543395996094 347.228302001953 347.060607910156 347.597229003906 347.278472900391 347.190673828125 346.691101074219 346.7353515625 346.813293457031 346.213531494141 345.721252441406 345.905975341797 346.730102539062 346.733001708984 346.771789550781 346.619140625 346.257904052734 346.612457275391 346.174346923828 346.316986083984 346.522247314453 347.089691162109 346.385528564453 346.630187988281 346.242736816406 345.742889404297 346.090759277344 346.4091796875 345.634735107422 345.616271972656 345.600830078125 -3.4e+38 346.376617431641 346.315277099609 346.253509521484 346.19140625 346.128875732422 346.021911621094
347.991790771484 348.059356689453 348.374237060547 346.586975097656 347.492950439453 347.563598632812 347.868988037109 347.560607910156 347.446899414062 346.737731933594 347.618804931641 347.636138916016 347.562469482422 346.939361572266 347.180328369141 347.706878662109 347.555725097656 346.727844238281 346.803283691406 346.969512939453 346.079528808594 345.864105224609 346.4345703125 346.765716552734 346.768432617188 346.846710205078 346.573974609375 345.850067138672 346.211212158203 346.439788818359 346.759063720703 346.965850830078 347.659210205078 347.103393554688 346.280700683594 346.263702392578 346.313079833984 346.739288330078 346.466918945312 345.750427246094 345.648132324219 345.632476806641 345.814605712891 346.273986816406 346.000762939453 346.259674072266 346.197357177734 346.134643554688 346.051971435547
348.467681884766 348.988494873047 348.455627441406 347.728912353516 347.532073974609 347.555511474609 347.577850341797 347.599182128906 347.567718505859 347.223266601562 347.12841796875 347.673980712891 347.632781982422 347.224395751953 346.889099121094 347.743804931641 347.690368652344 347.369934082031 347.377471923828 347.315521240234 346.885864257812 346.465393066406 346.6884765625 346.313079833984 346.803680419922 346.80517578125 346.607696533203 345.803558349609 346.125427246094 347.267242431641 346.917053222656 347.465118408203 347.780975341797 347.615234375 346.906402587891 346.498565673828 346.754974365234 346.752502441406 346.629486083984 346.340881347656 346.263000488281 346.140350341797 345.843994140625 345.874969482422 345.686248779297 345.975738525391 346.203033447266 346.055572509766 345.658447265625
349.111328125 349.426086425781 349.050903320312 348.501159667969 348.117065429688 347.594268798828 347.616455078125 347.720550537109 348.191070556641 347.536651611328 346.749725341797 347.09765625 347.114868164062 347.071807861328 347.439636230469 347.780548095703 347.791168212891 347.800750732422 347.809295654297 347.816772460938 347.752807617188 347.321258544922 346.759765625 346.398254394531 346.2412109375 346.358215332031 346.877105712891 346.905517578125 346.715698242188 347.623779296875 346.912902832031 347.230926513672 347.352874755859 347.806671142578 347.706085205078 347.375366210938 347.102233886719 346.763458251953 346.740753173828 346.726501464844 346.686126708984 346.428863525391 345.893615722656 345.874237060547 345.940307617188 345.933715820312 346.613067626953 346.011688232422 345.340576171875
349.5185546875 349.546569824219 349.573577880859 348.702423095703 349.19189453125 348.703033447266 349.035064697266 349.609497070312 348.849090576172 348.224212646484 348.769836425781 348.786407470703 348.684051513672 348.063659667969 348.331939697266 348.853454589844 348.797882080078 348.374664306641 347.881103515625 347.888244628906 347.894317626953 347.717254638672 347.014251708984 347.504180908203 347.428039550781 347.142120361328 347.501922607422 347.581634521484 347.90283203125 347.813110351562 347.358459472656 346.887542724609 346.880462646484 346.872406005859 346.863403320312 346.947631835938 346.933227539062 346.500366210938 346.804046630859 346.546539306641 345.773803710938 346.006286621094 346.593505859375 346.200714111328 346.254516601562 345.943695068359 345.878479003906 345.846221923828 346.196197509766
348.99951171875 349.585693359375 349.537017822266 348.710510253906 349.015258789062 348.759521484375 349.195098876953 349.751647949219 349.662994384766 348.987487792969 348.80712890625 348.823486328125 348.838836669922 348.696929931641 347.942138671875 348.283142089844 348.396240234375 348.840972900391 348.519683837891 348.525512695312 348.313781738281 347.371337890625 347.500091552734 347.456665039062 347.828186035156 347.385406494141 347.467956542969 347.939697265625 347.936401367188 347.932098388672 347.713500976562 347.047943115234 347.372436523438 346.904998779297 346.895782470703 347.019439697266 347.363677978516 347.433135986328 347.278289794922 346.577056884766 345.804779052734 345.994659423828 346.389282226562 345.820922851562 345.869018554688 345.633178710938 346.082061767578 346.0576171875 346.124450683594
349.343017578125 350.253082275391 350.15625 349.325286865234 349.347290039062 349.368316650391 349.440338134766 349.789276123047 349.808654785156 349.770904541016 349.366821289062 348.860382080078 348.781127929688 348.218322753906 348.422790527344 347.925628662109 348.104919433594 348.840301513672 348.455261230469 348.851684570312 348.219390869141 347.642425537109 347.785675048828 347.05224609375 347.418212890625 347.652252197266 348.124389648438 347.973266601562 347.969757080078 347.965270996094 347.871856689453 347.631317138672 347.725677490234 346.806396484375 346.474304199219 347.012603759766 347.457244873047 347.880767822266 347.484954833984 346.167449951172 345.835540771484 345.892395019531 346.021392822266 345.721496582031 345.541015625 345.745544433594 346.205352783203 346.068908691406 346.018615722656
349.75341796875 350.663299560547 350.566284179688 349.658905029297 349.223205566406 349.701293945312 349.27294921875 349.913848876953 350.373352050781 349.864013671875 349.731140136719 348.897094726562 348.946624755859 349.14501953125 348.885955810547 348.465637207031 348.03857421875 348.307586669922 348.163909912109 348.922393798828 348.490051269531 348.003997802734 347.931701660156 347.720825195312 348.165557861328 348.011627197266 348.213348388672 347.658782958984 348.470336914062 347.998260498047 347.992584228516 347.857635498047 347.429382324219 347.463775634766 347.092895507812 346.949432373047 347.170776367188 347.911987304688 347.554840087891 346.179290771484 345.285003662109 345.414031982422 345.773529052734 345.599822998047 345.665008544922 345.827728271484 345.959503173828 345.966735839844 346.011993408203
349.718658447266 350.150695800781 350.60302734375 349.809692382812 350.094512939453 350.221466064453 348.897094726562 349.477142333984 350.827026367188 350.515319824219 350.472320556641 350.062774658203 349.620056152344 349.962097167969 348.986419677734 348.930389404297 348.610748291016 348.5126953125 348.200103759766 349.028839111328 348.740600585938 347.43994140625 347.557464599609 348.236358642578 348.849914550781 348.045379638672 348.080413818359 348.391998291016 348.825897216797 348.031036376953 348.025177001953 347.799438476562 347.232238769531 348.001617431641 347.764099121094 346.981048583984 347.202911376953 347.942993164062 347.544830322266 346.126068115234 345.333068847656 344.984680175781 345.386993408203 345.7197265625 345.746337890625 345.352691650391 345.125061035156 345.860076904297 345.86474609375
349.712921142578 349.7861328125 350.092956542969 350.487854003906 350.754150390625 350.135314941406 349.586578369141 350.156188964844 350.304229736328 350.415344238281 350.860656738281 350.298004150391 349.984466552734 349.899780273438 349.02197265625 348.929473876953 348.542327880859 348.874114990234 348.128540039062 348.463104248047 348.210754394531 347.184967041016 347.749694824219 348.271301269531 348.999420166016 348.672943115234 348.159484863281 348.481597900391 348.392028808594 347.937591552734 347.596618652344 347.830810546875 347.134429931641 347.447387695312 347.477111816406 347.461700439453 347.234832763672 347.391418457031 347.032501220703 346.086303710938 346.402709960938 345.776702880859 345.145568847656 345.799133300781 345.509643554688 345.2783203125 345.389556884766 346.046508789062 345.353179931641
349.751129150391 349.778045654297 349.964263916016 350.852691650391 350.823638916016 350.516662597656 350.502319335938 350.265411376953 349.956298828125 350.032287597656 350.318359375 350.005920410156 350.020355224609 -3.4e+38 349.561187744141 348.999816894531 348.749237060547 349.014404296875 348.693054199219 348.697906494141 348.627288818359 348.378326416016 348.592163085938 348.190185546875 348.635070800781 348.874481201172 347.986846923828 347.638153076172 348.101257324219 348.007751464844 347.8955078125 348.449249267578 347.529693603516 347.065002441406 347.284057617188 347.811492919922 347.129425048828 347.00439453125 346.887390136719 346.657684326172 346.811889648438 346.147064208984 345.467193603516 345.293640136719 345.160949707031 345.465606689453 345.894683837891 345.868988037109 345.465026855469
