rcp4.5models/GFDL_CM3/sc1gr2.14
NCOLS 261 
NROWS 433 
XLLCORNER 336357.134 
YLLCORNER 654653.479 
CELLSIZE 1000 
NODATA_value -3.4e+38 
[rows 0 to 21 of 433, columns 49 to 97 of 261]
-3.4e+38 -3.4e+38 -3.4e+38 -3.4e+38 -3.4e+38 -3.4e+38 -3.4e+38 -3.4e+38 -3.4e+38 -3.4e+38 -3.4e+38 -3.4e+38 -3.4e+38 -3.4e+38 -3.4e+38 -3.4e+38 -3.4e+38 -3.4e+38 -3.4e+38 -3.4e+38 -3.4e+38 -3.4e+38 -3.4e+38 -3.4e+38 -3.4e+38 -3.4e+38 -3.4e+38 -3.4e+38 -3.4e+38 -3.4e+38 -3.4e+38 -3.4e+38 -3.4e+38 -3.4e+38 -3.4e+38 -3.4e+38 -3.4e+38 -3.4e+38 -3.4e+38 -3.4e+38 -3.4e+38 -3.4e+38 -3.4e+38 -3.4e+38 -3.4e+38 -3.4e+38 -3.4e+38 -3.4e+38 -3.4e+38
-3.4e+38 -3.4e+38 -3.4e+38 -3.4e+38 -3.4e+38 -3.4e+38 -3.4e+38 -3.4e+38 -3.4e+38 -3.4e+38 -3.4e+38 -3.4e+38 -3.4e+38 -3.4e+38 -3.4e+38 -3.4e+38 -3.4e+38 -3.4e+38 -3.4e+38 -3.4e+38 -3.4e+38 357.541931152344 357.43896484375 357.30322265625 357.167999267578 357.033294677734 356.899139404297 357.356048583984 357.598419189453 357.287750244141 357.237518310547 357.107116699219 -3.4e+38 -3.4e+38 -3.4e+38 -3.4e+38 -3.4e+38 -3.4e+38 -3.4e+38 -3.4e+38 -3.4e+38 -3.4e+38 -3.4e+38 -3.4e+38 -3.4e+38 -3.4e+38 -3.4e+38 -3.4e+38 -3.4e+38
-3.4e+38 -3.4e+38 -3.4e+38 -3.4e+38 -3.4e+38 -3.4e+38 -3.4e+38 -3.4e+38 -3.4e+38 -3.4e+38 -3.4e+38 -3.4e+38 -3.4e+38 -3.4e+38 -3.4e+38 -3.4e+38 -3.4e+38 -3.4e+38 -3.4e+38 -3.4e+38 357.378784179688 357.506988525391 357.376525878906 357.241241455078 357.106475830078 356.972229003906 356.838531494141 356.348358154297 356.702484130859 357.255645751953 357.179077148438 357.049133300781 356.900756835938 -3.4e+38 -3.4e+38 -3.4e+38 -3.4e+38 -3.4e+38 -3.4e+38 -3.4e+38 -3.4e+38 -3.4e+38 -3.4e+38 -3.4e+38 -3.4e+38 -3.4e+38 -3.4e+38 -3.4e+38 -3.4e+38
-3.4e+38 -3.4e+38 -3.4e+38 360.143646240234 360.051330566406 359.2490234375 358.768310546875 358.485992431641 358.345153808594 358.373474121094 358.140258789062 -3.4e+38 -3.4e+38 358.065338134766 358.505462646484 357.645202636719 357.228057861328 357.089904785156 357.574371337891 356.950561523438 356.757659912109 356.6875 357.119110107422 357.156951904297 357.022521972656 356.888641357422 356.755310058594 356.404479980469 356.434631347656 356.509613037109 356.381591796875 356.840393066406 356.839019775391 -3.4e+38 -3.4e+38 -3.4e+38 -3.4e+38 -3.4e+38 -3.4e+38 -3.4e+38 -3.4e+38 -3.4e+38 -3.4e+38 -3.4e+38 -3.4e+38 -3.4e+38 -3.4e+38 -3.4e+38 -3.4e+38
359.474365234375 359.383911132812 359.242279052734 359.247192382812 359.186889648438 358.908508300781 358.696502685547 358.415252685547 357.742218017578 357.360717773438 357.223693847656 357.0869140625 356.784576416016 356.915100097656 356.917877197266 356.609313964844 356.407073974609 356.825042724609 356.938934326172 356.677154541016 356.477661132812 356.342102050781 356.4091796875 356.906280517578 356.368011474609 356.647827148438 356.671844482422 356.539428710938 356.407592773438 355.562652587891 355.885650634766 356.122772216797 356.636505126953 356.610626220703 -3.4e+38 -3.4e+38 -3.4e+38 -3.4e+38 -3.4e+38 -3.4e+38 -3.4e+38 -3.4e+38 -3.4e+38 -3.4e+38 -3.4e+38 -3.4e+38 -3.4e+38 -3.4e+38 -3.4e+38
358.930114746094 359.025054931641 358.649719238281 358.233093261719 358.095245361328 357.957489013672 357.819885253906 357.545135498047 357.254089355469 357.044708251953 356.905212402344 356.765960693359 356.626983642578 356.488342285156 356.350006103516 356.211975097656 356.074310302734 356.120208740234 356.663604736328 -3.4e+38 356.391845703125 -3.4e+38 356.121948242188 355.624664306641 355.181213378906 356.352935791016 356.01220703125 355.73193359375 355.602783203125 355.700378417969 355.8828125 355.805114746094 355.917541503906 356.433807373047 -3.4e+38 -3.4e+38 -3.4e+38 -3.4e+38 -3.4e+38 -3.4e+38 -3.4e+38 -3.4e+38 -3.4e+38 -3.4e+38 -3.4e+38 -3.4e+38 -3.4e+38 -3.4e+38 -3.4e+38
358.426971435547 358.345489501953 358.145355224609 357.934173583984 357.793670654297 357.6533203125 357.513122558594 357.233245849609 357.093627929688 356.954254150391 356.274169921875 355.908782958984 355.77294921875 355.637420654297 355.502166748047 355.3671875 355.232574462891 355.098297119141 355.830841064453 -3.4e+38 -3.4e+38 -3.4e+38 -3.4e+38 355.695220947266 -3.4e+38 355.793914794922 356.137878417969 355.517028808594 355.823120117188 355.929443359375 355.852020263672 355.723480224609 355.595611572266 355.713592529297 355.367858886719 -3.4e+38 -3.4e+38 -3.4e+38 -3.4e+38 -3.4e+38 -3.4e+38 -3.4e+38 -3.4e+38 -3.4e+38 -3.4e+38 -3.4e+38 -3.4e+38 -3.4e+38 -3.4e+38
358.262084960938 358.121612548828 357.981201171875 357.840911865234 357.700744628906 357.031372070312 356.636871337891 355.827423095703 355.451782226562 355.318420410156 355.022918701172 354.819274902344 355.230926513672 355.310089111328 355.172485351562 355.035186767578 354.898284912109 354.761749267578 354.744323730469 -3.4e+38 -3.4e+38 -3.4e+38 -3.4e+38 -3.4e+38 -3.4e+38 354.824249267578 354.91357421875 355.201141357422 355.383972167969 -3.4e+38 355.055847167969 354.929931640625 354.804656982422 354.680053710938 355.1533203125 -3.4e+38 -3.4e+38 -3.4e+38 -3.4e+38 -3.4e+38 -3.4e+38 -3.4e+38 -3.4e+38 -3.4e+38 -3.4e+38 -3.4e+38 -3.4e+38 -3.4e+38 -3.4e+38
357.365936279297 356.70654296875 356.296417236328 356.162506103516 356.028686523438 355.750671386719 356.078430175781 355.118438720703 354.911071777344 354.772399902344 354.634033203125 354.495910644531 354.527923583984 354.459625244141 354.878234863281 354.946411132812 354.809906005859 354.673736572266 -3.4e+38 354.267669677734 354.133148193359 354.202026367188 354.130615234375 354.573974609375 354.599853515625 -3.4e+38 354.336303710938 354.428588867188 354.938720703125 -3.4e+38 -3.4e+38 354.559875488281 354.432739257812 354.306335449219 354.431274414062 354.078704833984 -3.4e+38 -3.4e+38 -3.4e+38 -3.4e+38 -3.4e+38 -3.4e+38 -3.4e+38 -3.4e+38 -3.4e+38 -3.4e+38 -3.4e+38 -3.4e+38 -3.4e+38
356.271423339844 356.001831054688 355.792877197266 355.653289794922 355.513854980469 355.374572753906 355.383911132812 354.957824707031 354.819305419922 354.681060791016 354.543029785156 354.405303955078 353.717254638672 353.370330810547 353.413635253906 353.904296875 353.409912109375 353.647186279297 -3.4e+38 354.180633544922 354.046508789062 -3.4e+38 -3.4e+38 353.857696533203 353.785278320312 -3.4e+38 -3.4e+38 354.121459960938 354.219177246094 -3.4e+38 354.605316162109 354.477874755859 354.351165771484 354.225128173828 354.099822998047 353.975280761719 353.830902099609 -3.4e+38 -3.4e+38 -3.4e+38 -3.4e+38 -3.4e+38 -3.4e+38 -3.4e+38 -3.4e+38 -3.4e+38 -3.4e+38 -3.4e+38 -3.4e+38
355.354766845703 354.416687011719 354.408477783203 353.931335449219 354.217102050781 353.717681884766 353.417297363281 353.153350830078 352.928375244141 352.727020263672 353.142578125 352.671295166016 352.878662109375 352.950347900391 352.814331054688 352.678649902344 352.543334960938 352.597778320312 -3.4e+38 353.005950927734 352.872650146484 352.945892333984 -3.4e+38 352.688385009766 352.615661621094 352.487213134766 352.582275390625 353.096649169922 353.105102539062 352.616577148438 352.920379638672 -3.4e+38 -3.4e+38 354.0625 353.937957763672 353.814178466797 353.691192626953 353.568969726562 -3.4e+38 -3.4e+38 -3.4e+38 -3.4e+38 -3.4e+38 -3.4e+38 -3.4e+38 -3.4e+38 -3.4e+38 -3.4e+38 -3.4e+38
354.324493408203 354.244964599609 354.439880371094 354.227294921875 353.626281738281 353.160278320312 352.954925537109 352.679656982422 352.542327880859 352.4052734375 352.435943603516 351.64306640625 351.963958740234 352.100921630859 351.968017578125 352.397369384766 352.454040527344 352.319519042969 352.248748779297 352.177886962891 352.621337890625 -3.4e+38 -3.4e+38 -3.4e+38 352.258697509766 -3.4e+38 351.998382568359 352.096496582031 352.611114501953 352.484619140625 352.357727050781 352.720489501953 -3.4e+38 353.981079101562 353.254150390625 353.637542724609 353.610961914062 353.489135742188 -3.4e+38 -3.4e+38 -3.4e+38 -3.4e+38 -3.4e+38 -3.4e+38 -3.4e+38 -3.4e+38 -3.4e+38 -3.4e+38 -3.4e+38
353.756103515625 353.686981201172 353.619323730469 353.484283447266 353.203216552734 352.457153320312 352.079956054688 351.811248779297 351.677215576172 351.543395996094 351.409820556641 351.104705810547 351.079528808594 351.010650634766 350.878173828125 350.930908203125 350.863891601562 351.302551269531 351.220916748047 351.663970947266 -3.4e+38 -3.4e+38 -3.4e+38 352.303588867188 352.173065185547 -3.4e+38 -3.4e+38 352.373474121094 -3.4e+38 352.401550292969 352.275085449219 352.149261474609 -3.4e+38 -3.4e+38 -3.4e+38 352.912170410156 352.83251953125 353.322814941406 353.288696289062 -3.4e+38 -3.4e+38 -3.4e+38 -3.4e+38 -3.4e+38 -3.4e+38 -3.4e+38 -3.4e+38 -3.4e+38 -3.4e+38
353.591705322266 353.453765869141 352.779052734375 351.850158691406 351.468444824219 351.186706542969 350.986083984375 350.718170166016 350.584564208984 350.451171875 350.873352050781 350.391143798828 350.611785888672 350.678009033203 350.543273925781 350.408874511719 -3.4e+38 350.333740234375 350.875091552734 -3.4e+38 -3.4e+38 350.953857421875 -3.4e+38 -3.4e+38 -3.4e+38 351.957794189453 351.828765869141 352.519897460938 352.572387695312 352.318420410156 352.192352294922 352.066955566406 -3.4e+38 -3.4e+38 -3.4e+38 -3.4e+38 352.450469970703 352.596618652344 352.515655517578 353.901214599609 -3.4e+38 -3.4e+38 -3.4e+38 -3.4e+38 -3.4e+38 -3.4e+38 -3.4e+38 -3.4e+38 -3.4e+38
353.231658935547 353.357025146484 352.538787841797 351.396362304688 350.9453125 350.808410644531 350.671691894531 349.624847412109 349.491668701172 349.358703613281 349.396545410156 349.156860351562 349.699462890625 349.829437255859 350.262756347656 -3.4e+38 -3.4e+38 -3.4e+38 350.786529541016 -3.4e+38 350.523010253906 350.391906738281 350.474945068359 350.986022949219 351.221923828125 351.148193359375 351.02197265625 351.126892089844 352.240509033203 351.407043457031 351.399291992188 351.877197265625 351.860321044922 -3.4e+38 -3.4e+38 -3.4e+38 -3.4e+38 352.249664306641 352.129852294922 353.176422119141 353.799163818359 -3.4e+38 -3.4e+38 -3.4e+38 -3.4e+38 -3.4e+38 -3.4e+38 -3.4e+38 -3.4e+38
-3.4e+38 352.745727539062 351.648010253906 351.052001953125 350.849456787109 350.165924072266 349.797424316406 349.304779052734 349.169189453125 349.033843994141 348.898773193359 348.763977050781 348.807647705078 349.303161621094 -3.4e+38 -3.4e+38 349.346069335938 -3.4e+38 -3.4e+38 350.405731201172 349.85546875 349.571105957031 349.443420410156 350.119598388672 350.189453125 350.652221679688 350.658782958984 350.531219482422 350.874267578125 350.992034912109 351.026824951172 351.752807617188 351.778411865234 351.6552734375 351.532775878906 -3.4e+38 -3.4e+38 -3.4e+38 352.050476074219 352.2080078125 353.023376464844 -3.4e+38 -3.4e+38 -3.4e+38 -3.4e+38 -3.4e+38 -3.4e+38 -3.4e+38 -3.4e+38
-3.4e+38 -3.4e+38 -3.4e+38 -3.4e+38 -3.4e+38 349.682281494141 348.930480957031 348.437408447266 348.305114746094 348.173034667969 348.041198730469 347.909637451172 348.342803955078 -3.4e+38 -3.4e+38 348.956451416016 349.004638671875 348.872375488281 349.446014404297 349.683654785156 349.402801513672 349.217163085938 349.087463378906 349.76416015625 349.829559326172 349.927276611328 350.445037841797 350.446594238281 350.320037841797 350.911102294922 350.944030761719 351.069671630859 350.991546630859 350.871002197266 351.359588623047 351.593872070312 -3.4e+38 -3.4e+38 -3.4e+38 351.853057861328 352.635589599609 -3.4e+38 -3.4e+38 -3.4e+38 -3.4e+38 -3.4e+38 -3.4e+38 -3.4e+38 -3.4e+38
-3.4e+38 -3.4e+38 -3.4e+38 -3.4e+38 -3.4e+38 348.441528320312 347.671905517578 347.343292236328 347.770080566406 347.8466796875 347.712524414062 347.578643798828 -3.4e+38 -3.4e+38 -3.4e+38 348.057800292969 348.166412353516 -3.4e+38 348.144348144531 347.914428710938 348.954772949219 349.129669189453 349.000427246094 349.091888427734 349.608245849609 349.615753173828 349.718933105469 349.643890380859 350.117218017578 350.229461669922 350.754760742188 350.737609863281 350.614654541016 350.492370605469 350.631805419922 351.163238525391 351.397705078125 -3.4e+38 -3.4e+38 -3.4e+38 351.93896484375 352.426330566406 -3.4e+38 -3.4e+38 -3.4e+38 -3.4e+38 -3.4e+38 -3.4e+38 -3.4e+38
-3.4e+38 -3.4e+38 -3.4e+38 -3.4e+38 -3.4e+38 346.694885253906 346.512420654297 346.248962402344 346.285797119141 346.220092773438 347.220336914062 347.485656738281 -3.4e+38 347.219848632812 -3.4e+38 347.146514892578 347.076354980469 347.722442626953 347.486938476562 347.300872802734 347.593505859375 348.749938964844 348.913299560547 348.785064697266 348.881958007812 349.40087890625 349.403411865234 349.277252197266 349.389862060547 349.793426513672 350.02685546875 350.554473876953 350.532806396484 350.410980224609 350.289855957031 350.434967041016 350.968505859375 -3.4e+38 -3.4e+38 -3.4e+38 -3.4e+38 352.290252685547 352.235168457031 352.099822998047 -3.4e+38 -3.4e+38 -3.4e+38 -3.4e+38 -3.4e+38
-3.4e+38 -3.4e+38 -3.4e+38 -3.4e+38 -3.4e+38 -3.4e+38 346.215270996094 345.154357910156 345.023468017578 344.892761230469 346.245788574219 346.632232666016 -3.4e+38 346.372833251953 346.816802978516 -3.4e+38 346.732971191406 347.379577636719 -3.4e+38 347.364807128906 347.0830078125 347.385467529297 348.546325683594 348.698364257812 348.571105957031 349.267883300781 349.318176269531 349.192535400391 349.067443847656 349.668182373047 349.090850830078 350.333312988281 350.450988769531 350.329650878906 350.209014892578 350.702606201172 350.934875488281 351.124816894531 -3.4e+38 -3.4e+38 -3.4e+38 -3.4e+38 352.158294677734 352.045959472656 351.911865234375 -3.4e+38 -3.4e+38 -3.4e+38 -3.4e+38
-3.4e+38 -3.4e+38 -3.4e+38 -3.4e+38 -3.4e+38 -3.4e+38 -3.4e+38 344.830505371094 344.697235107422 344.564239501953 345.352844238281 346.108856201172 346.167022705078 -3.4e+38 346.093811035156 346.600433349609 346.642120361328 346.711700439453 347.458984375 347.177368164062 348.168975830078 348.328643798828 348.636016845703 -3.4e+38 -3.4e+38 348.463195800781 349.111450195312 349.107788085938 348.983215332031 348.982879638672 348.654907226562 350.214172363281 350.369262695312 350.248382568359 350.128234863281 350.276336669922 350.811767578125 350.772064208984 350.932708740234 351.471527099609 -3.4e+38 -3.4e+38 -3.4e+38 351.969696044922 351.858764648438 351.725952148438 -3.4e+38 -3.4e+38 -3.4e+38
-3.4e+38 -3.4e+38 -3.4e+38 -3.4e+38 -3.4e+38 -3.4e+38 -3.4e+38 -3.4e+38 -3.4e+38 -3.4e+38 -3.4e+38 -3.4e+38 345.517944335938 345.850036621094 -3.4e+38 -3.4e+38 346.041564941406 346.275512695312 346.922485351562 346.945434570312 346.81787109375 347.128265380859 -3.4e+38 348.307800292969 -3.4e+38 -3.4e+38 -3.4e+38 348.177368164062 348.704833984375 348.569427490234 348.447631835938 348.326477050781 349.948394775391 349.472686767578 349.884155273438 349.848449707031 349.730712890625 350.510314941406 350.497467041016 350.382019042969 350.267395019531 -3.4e+38 -3.4e+38 -3.4e+38 351.707641601562 351.598602294922 351.490631103516 -3.4e+38 -3.4e+38
