rcp4.5models/GFDL_CM3/sc1gr0.29
NCOLS 261 
NROWS 433 
XLLCORNER 336357.134 
YLLCORNER 654653.479 
CELLSIZE 1000 
NODATA_value -9999 
[rows 242 to 263 of 433, columns 100 to 149 of 261]
86.7893981933594 86.8874359130859 86.8311004638672 86.8036117553711 86.8009948730469 -9999 86.9547500610352 86.8429870605469 86.7460250854492 86.7556381225586 86.7383728027344 86.7833862304688 86.5884246826172 86.6060028076172 87.1679611206055 87.7899627685547 87.7506103515625 87.7403106689453 87.7976226806641 87.6716918945312 87.6097946166992 87.6572723388672 87.5124359130859 87.3869705200195 86.5037307739258 -9999 86.3379058837891 86.1986923217773 85.6098480224609 85.6383743286133 85.8035736083984 85.536979675293 85.4567718505859 85.5784225463867 85.1051254272461 85.3924407958984 84.4699325561523 84.198486328125 84.4483108520508 85.0989761352539 85.2279357910156 83.9102554321289 83.529182434082 83.2483444213867 83.0091552734375 82.8005142211914 82.4087448120117 82.5653610229492 83.2334442138672 84.0325393676758
87.3339462280273 87.1071472167969 87.0048522949219 87.1157531738281 87.175537109375 87.0849304199219 86.9468612670898 86.9712371826172 87.0669784545898 86.9579086303711 86.8574066162109 86.9514465332031 87.3541030883789 87.4317626953125 87.2511138916016 87.7742767333984 87.9118728637695 87.8911666870117 87.7018051147461 87.7611694335938 87.5699920654297 87.4911651611328 87.669059753418 87.2413177490234 86.9388809204102 86.6687393188477 86.6421203613281 86.8672943115234 86.6903533935547 87.1612014770508 87.5573806762695 87.455940246582 86.7036285400391 85.6217803955078 85.3931427001953 86.1992874145508 86.1050567626953 84.5465927124023 84.5093536376953 85.4808502197266 86.3238220214844 85.0111312866211 84.2317352294922 83.3949737548828 83.0766830444336 82.9474868774414 82.8074035644531 82.8544082641602 83.3601455688477 84.0168609619141
87.4792861938477 87.1620864868164 87.2798767089844 87.1631011962891 87.2030792236328 87.1407089233398 86.9968032836914 87.0356369018555 87.1807174682617 87.1043014526367 87.112922668457 87.0826568603516 87.6386032104492 87.6404418945312 87.4158554077148 88.2453308105469 88.3756790161133 88.2371520996094 87.8352203369141 87.6366195678711 87.5159225463867 87.6769561767578 87.5955276489258 87.1619033813477 86.8614501953125 86.5920867919922 86.6621322631836 87.035888671875 87.1136856079102 87.1521835327148 87.6295166015625 88.1150360107422 87.4219589233398 86.0504379272461 85.9731521606445 86.6187896728516 86.5338134765625 84.7410659790039 84.7964477539062 85.7370071411133 86.7140426635742 85.6326904296875 84.8272018432617 83.6647720336914 83.147102355957 82.9767684936523 82.8712005615234 82.9860534667969 83.6135101318359 84.1873016357422
87.2780532836914 87.4236297607422 87.5851821899414 87.2042846679688 87.3316802978516 87.2476806640625 87.1918411254883 87.0221481323242 87.0614624023438 87.1037216186523 87.1678237915039 87.1218643188477 87.8022613525391 87.6198959350586 87.5094146728516 88.5964050292969 89.0295715332031 88.7223052978516 87.9809417724609 87.7413711547852 87.6909103393555 87.8059921264648 87.8068695068359 87.3993301391602 86.8354644775391 86.6444702148438 86.6288909912109 86.8880157470703 87.2086563110352 87.6017379760742 88.1001434326172 88.4555358886719 88.0919570922852 87.1712341308594 87.0382232666016 86.924446105957 86.7513885498047 85.4097442626953 85.2447814941406 85.8953323364258 86.7420272827148 86.1926422119141 85.1761856079102 84.0887603759766 83.2617721557617 83.0936660766602 83.0376739501953 83.2549057006836 84.0576171875 84.5178298950195
87.2824478149414 87.6624908447266 87.5922317504883 87.3380126953125 87.3369140625 87.2544784545898 87.2536544799805 87.0759963989258 87.0883255004883 87.1079406738281 87.1290283203125 87.2145919799805 87.967041015625 87.7606430053711 87.4969482421875 88.4327850341797 89.3084411621094 89.0050201416016 88.3668823242188 87.9694442749023 87.7606582641602 87.9284057617188 87.9119110107422 87.4866943359375 87.0546875 86.8756408691406 86.8411026000977 87.1733627319336 87.5758895874023 88.4524383544922 89.0018920898438 89.0240173339844 88.9042816162109 88.5848922729492 88.363899230957 87.4958343505859 87.2293090820312 86.2994155883789 85.6382141113281 85.9213409423828 86.7233657836914 86.45654296875 85.0738754272461 83.9650955200195 83.4452514648438 83.2609100341797 83.2539901733398 83.3852157592773 84.0944976806641 84.9475631713867
87.4070510864258 87.5902709960938 87.4974517822266 87.4126205444336 87.3828201293945 87.4519424438477 87.3188400268555 87.1609954833984 87.1814422607422 87.0668640136719 87.1669616699219 87.4107437133789 87.9448471069336 87.8378982543945 87.5969161987305 88.4160690307617 89.3281326293945 88.8449172973633 88.4003067016602 88.1836547851562 87.888542175293 87.9234466552734 87.7989501953125 87.494140625 87.2740631103516 87.0203018188477 86.9978103637695 87.4580764770508 87.9907073974609 88.7462158203125 89.0835647583008 89.1362457275391 89.2068481445312 89.3285293579102 89.0013961791992 87.8098907470703 87.3246459960938 86.4113616943359 85.8735580444336 85.8503799438477 86.6888580322266 86.9595413208008 85.3667373657227 83.8220367431641 83.5515594482422 83.3268127441406 83.30908203125 83.3901977539062 83.9238052368164 84.5732040405273
87.4603729248047 87.4969863891602 87.4812240600586 87.4961242675781 87.4410629272461 87.5530624389648 87.4865951538086 87.3143157958984 87.2706909179688 87.1385650634766 87.1933670043945 87.3756637573242 87.4568023681641 87.4604568481445 87.3820037841797 88.2218780517578 89.2394256591797 88.66455078125 88.1372375488281 88.054443359375 88.0620498657227 87.9451141357422 87.755744934082 87.5891036987305 87.2765045166016 86.9606094360352 86.910270690918 87.296760559082 88.0601272583008 89.1010589599609 89.2950210571289 89.2106704711914 89.2261734008789 89.3441467285156 89.0030212402344 87.2801361083984 86.793083190918 86.3977966308594 86.2276840209961 86.1219329833984 86.6123428344727 87.2652587890625 85.7941970825195 84.0925521850586 83.7146072387695 83.4181060791016 83.3399963378906 83.4637680053711 83.7696685791016 83.8595733642578
87.5336303710938 87.8049545288086 87.5635223388672 87.4850845336914 87.4350357055664 87.4292678833008 87.4898223876953 87.322509765625 87.3001403808594 87.2536468505859 87.2014694213867 87.2605056762695 87.1943283081055 87.1464767456055 87.0952453613281 87.83642578125 88.9670715332031 88.839958190918 88.1983184814453 87.9982376098633 88.1007461547852 88.0155944824219 87.7244720458984 87.697868347168 87.2493896484375 86.9799041748047 86.9607849121094 87.3315887451172 88.3234329223633 89.3789138793945 89.4411087036133 89.3784484863281 89.3655395507812 88.8871383666992 88.1508865356445 87.0192337036133 87.0292892456055 86.9094161987305 87.0024795532227 86.9596405029297 86.9993667602539 87.392936706543 86.0053329467773 84.3965759277344 83.8163986206055 83.6006774902344 83.5019378662109 83.5930862426758 83.9923858642578 84.4142761230469
87.7703857421875 88.1555633544922 87.6119766235352 87.447998046875 87.4869613647461 87.53857421875 87.5260162353516 87.3310394287109 87.1628265380859 87.1373291015625 87.27880859375 87.3531951904297 87.2486114501953 87.3061065673828 87.3426971435547 87.876350402832 88.5510177612305 88.4558410644531 88.221923828125 88.0311660766602 88.0624923706055 87.9647979736328 87.6799850463867 87.6062850952148 87.111457824707 87.1384124755859 87.3801651000977 87.6536865234375 88.3944473266602 89.1390838623047 89.25048828125 89.3949356079102 89.3948669433594 88.7173233032227 87.9115676879883 87.4323196411133 87.72021484375 87.458625793457 87.521598815918 87.5665893554688 87.4262542724609 87.6797332763672 86.1532592773438 84.4855499267578 84.1029281616211 83.8127975463867 83.7684631347656 83.8222427368164 84.1208038330078 84.982177734375
87.7660751342773 88.2146301269531 87.6698684692383 87.4661331176758 87.5537033081055 87.6647262573242 87.4858856201172 87.3979263305664 87.2204208374023 87.1861877441406 87.4088287353516 87.5930557250977 87.2144165039062 87.3524856567383 87.5162353515625 88.0571060180664 88.3144378662109 88.1551742553711 88.1969833374023 88.0720825195312 88.1581726074219 88.0183029174805 87.8627548217773 87.717414855957 87.2368011474609 87.3346557617188 87.9593811035156 88.0991744995117 88.3295516967773 88.9663619995117 89.3813171386719 89.4491577148438 89.4017333984375 89.0419082641602 88.7633972167969 88.1709213256836 88.3399353027344 87.6211166381836 87.6746673583984 87.7814559936523 87.581298828125 87.8772506713867 86.4305648803711 84.964973449707 84.7308349609375 84.1251602172852 83.9909515380859 83.8521957397461 83.8047256469727 84.5998153686523
87.6670684814453 87.987907409668 87.8024673461914 87.5377578735352 87.6153564453125 87.6526794433594 87.4375915527344 87.3128433227539 87.2977752685547 87.3627014160156 87.4535522460938 87.7335510253906 87.2257766723633 87.2969131469727 87.6291046142578 88.1296997070312 88.4225692749023 88.2639541625977 88.267692565918 88.2496871948242 88.3283767700195 88.1805877685547 87.9934616088867 87.8738555908203 87.407958984375 87.52880859375 88.1412353515625 88.4631576538086 88.6117553710938 89.0403366088867 89.6062240600586 89.5824127197266 89.5759506225586 89.4514389038086 89.3366317749023 88.968376159668 88.9551239013672 88.1035079956055 87.962043762207 87.7778778076172 87.6910781860352 87.9387741088867 86.8906173706055 85.5720291137695 85.4004669189453 84.6492156982422 84.2914428710938 83.8381805419922 83.9440231323242 84.6800384521484
87.6323165893555 87.7694854736328 87.7476959228516 87.5953063964844 87.6125411987305 87.5119400024414 87.3453826904297 87.3457489013672 87.4496002197266 87.4042282104492 87.4113998413086 87.6488418579102 87.4244232177734 87.4140319824219 87.9298400878906 88.277961730957 88.5009155273438 88.2117462158203 88.2140808105469 88.4442672729492 88.5286254882812 88.254035949707 87.9679946899414 87.8331069946289 87.6253204345703 87.5490341186523 87.8106307983398 88.4126358032227 88.6162872314453 89.2251281738281 89.6162948608398 89.6805877685547 89.636589050293 89.6835327148438 89.5497817993164 89.4388427734375 89.2389221191406 88.777717590332 88.2003402709961 87.9061813354492 87.8040466308594 87.6563491821289 86.8778533935547 85.2759704589844 85.0246276855469 84.5983810424805 84.3893890380859 84.184944152832 84.1075744628906 84.9117126464844
87.7096252441406 87.7149963378906 87.6945037841797 -9999 87.6764755249023 87.5633087158203 87.3836288452148 87.5086975097656 87.6020126342773 87.3389663696289 87.2871551513672 87.4066390991211 87.5722274780273 87.6085510253906 88.1428756713867 88.470588684082 88.4456787109375 88.2611770629883 88.1095428466797 88.6451110839844 89.0099029541016 88.3560028076172 87.9496917724609 87.7739639282227 87.663818359375 87.5698089599609 87.5541076660156 88.1807479858398 88.4511032104492 89.1728897094727 89.3388290405273 89.5563812255859 89.7788467407227 89.8032913208008 89.6970520019531 89.5096893310547 89.2026901245117 88.5908660888672 88.22900390625 88.2442932128906 87.8941116333008 86.7529602050781 86.0390014648438 84.9313659667969 84.8421401977539 84.5385437011719 84.2425079345703 84.3058547973633 84.0477600097656 84.4845504760742
87.824592590332 87.709228515625 87.7100296020508 -9999 87.664436340332 87.5443420410156 87.6055374145508 87.7607879638672 87.7907638549805 87.6625442504883 87.5745391845703 87.4946441650391 87.8192901611328 88.0278244018555 88.1106033325195 88.4103775024414 88.9287185668945 88.6550216674805 88.3472213745117 88.4700927734375 88.8095092773438 88.4009399414062 88.010139465332 87.9730529785156 87.6742782592773 87.8039779663086 87.6414794921875 87.7341995239258 87.9944534301758 88.5166549682617 88.8801193237305 89.4010314941406 89.7270050048828 89.9024200439453 89.8178024291992 89.8942947387695 89.2809143066406 89.1164245605469 89.6149063110352 88.8779296875 87.2036895751953 86.1731338500977 86.1873474121094 87.4369506835938 87.6173629760742 86.2403259277344 85.4178848266602 85.4341583251953 84.9972610473633 85.2286834716797
87.9733200073242 87.902229309082 87.8292083740234 87.7740936279297 87.7540969848633 87.7874526977539 87.9073867797852 87.7527236938477 87.8772506713867 87.7706604003906 87.5981826782227 87.50732421875 87.8064956665039 88.1109237670898 88.0632934570312 88.309455871582 88.8702239990234 88.577033996582 88.411865234375 88.6315155029297 88.932373046875 88.4749145507812 88.0298385620117 87.9522323608398 87.8157272338867 88.0293350219727 87.8017120361328 87.9498291015625 88.1978378295898 88.2649383544922 88.789909362793 89.3174514770508 89.7369613647461 89.9093704223633 89.9685897827148 89.9474945068359 89.4976577758789 89.5118865966797 89.3216323852539 87.881233215332 86.4591445922852 86.2271423339844 86.8662719726562 87.8425521850586 87.817985534668 86.7635955810547 85.6495361328125 85.7987365722656 85.2693176269531 85.6138687133789
87.9687194824219 87.9510116577148 87.8318634033203 87.8030700683594 87.8167266845703 87.9446334838867 88.2084808349609 87.9921264648438 88.1773529052734 87.9218368530273 87.640266418457 87.6004180908203 87.6054611206055 87.9039077758789 88.0729141235352 88.4090042114258 89.0310211181641 88.7156219482422 88.4272842407227 88.6307601928711 89.0177383422852 88.4820404052734 88.037109375 87.8591995239258 87.928466796875 88.1953887939453 87.9948196411133 87.9653625488281 88.1729888916016 88.3970718383789 88.7865753173828 89.2826538085938 89.8618392944336 90.090690612793 90.0530471801758 90.0105972290039 89.6931228637695 89.7888793945312 88.9561920166016 86.9786987304688 86.4601287841797 87.4643859863281 88.1422882080078 88.6854629516602 88.1754150390625 87.0387573242188 85.9428024291992 86.1927337646484 85.8380279541016 85.7061614990234
88.0624008178711 87.8691787719727 87.8951644897461 88.0001907348633 87.9491729736328 88.0009384155273 88.3724594116211 88.4168930053711 88.5755920410156 88.159797668457 87.7161636352539 87.6958160400391 87.8027725219727 87.6861190795898 88.0449752807617 88.5870971679688 89.3467559814453 89.406623840332 88.8899459838867 88.9301147460938 89.457649230957 88.7729873657227 88.0584716796875 87.9163970947266 88.0859222412109 88.2319259643555 88.0095520019531 87.886100769043 88.3356781005859 88.9845886230469 89.232048034668 89.7122116088867 90.2468185424805 90.1096038818359 89.8856735229492 90.158073425293 90.102897644043 89.9502639770508 89.0786590576172 87.5277938842773 87.5388641357422 89.156120300293 89.5162811279297 89.2916641235352 88.4013061523438 87.6244277954102 86.8862380981445 86.8059234619141 86.1402359008789 85.8028793334961
88.2576293945312 88.002799987793 87.8955230712891 88.0438690185547 88.0281982421875 88.0540390014648 88.4550552368164 88.9409866333008 88.9326629638672 88.2815322875977 87.7297134399414 87.6832122802734 88.2036972045898 88.0048828125 88.2395248413086 88.5890655517578 89.4723663330078 89.931396484375 89.5951614379883 89.6174697875977 89.9119186401367 89.2234573364258 88.1156234741211 87.9644622802734 88.1463394165039 88.2109451293945 88.0150756835938 88.1087799072266 88.7589569091797 89.4748306274414 89.5013580322266 89.9138641357422 90.2964782714844 89.8033752441406 89.5265274047852 90.2117767333984 90.2081985473633 89.9167785644531 89.0137100219727 88.1071472167969 88.4511566162109 89.8597717285156 90.1233520507812 89.6020355224609 89.2168502807617 88.8492736816406 88.1037902832031 87.5374450683594 86.6298217773438 86.2737503051758
88.3459625244141 88.1485061645508 87.9786682128906 88.0043487548828 87.7976379394531 87.9710159301758 88.5384979248047 89.1038055419922 88.9626541137695 88.1963424682617 87.7023162841797 87.6808471679688 88.2197189331055 88.3277206420898 88.640754699707 88.8415298461914 89.4477920532227 89.9837112426758 89.9132843017578 89.9436111450195 89.8646621704102 89.1706390380859 88.1762924194336 88.034294128418 88.1687927246094 88.212532043457 88.2334671020508 88.413703918457 88.9880752563477 89.8688201904297 89.8976211547852 90.1773147583008 90.3433151245117 89.7186889648438 89.4193344116211 90.1586761474609 90.2152862548828 90.1807708740234 89.2419052124023 88.2557754516602 88.8880920410156 89.9603118896484 90.183708190918 90.0214309692383 90.1029052734375 89.709602355957 89.1323699951172 88.6670913696289 87.7241592407227 86.8884506225586
88.3588409423828 88.1691360473633 88.0104446411133 87.9808044433594 87.8278274536133 87.9826431274414 88.5797500610352 88.9565734863281 88.6498489379883 88.1028518676758 87.8099746704102 87.7543029785156 88.205451965332 88.3869476318359 88.7910079956055 89.2919540405273 89.6601028442383 89.9213485717773 89.781867980957 89.6469039916992 89.5040740966797 88.6315689086914 88.1308517456055 88.1019821166992 88.2730331420898 88.5289916992188 88.6819458007812 88.7247772216797 89.1967849731445 90.0134582519531 90.2720642089844 90.2777862548828 90.0920028686523 89.5583801269531 89.4266204833984 89.8163375854492 90.1490783691406 90.2822647094727 89.5988845825195 88.7924270629883 89.2725067138672 90.116455078125 90.0384826660156 90.0375518798828 90.1947708129883 90.0651473999023 89.7590866088867 89.4037246704102 88.2879028320312 86.5345993041992
88.5453414916992 88.1493453979492 88.1045913696289 88.0268249511719 87.9972686767578 88.059814453125 88.4233551025391 88.7398681640625 88.5751800537109 88.181755065918 87.9453125 87.9056015014648 88.3816070556641 88.5074005126953 88.81298828125 89.2846832275391 89.6780776977539 89.6235580444336 89.2168579101562 88.9998474121094 88.9804611206055 88.2400436401367 88.1053619384766 88.1568069458008 88.2625885009766 88.8588562011719 89.0167465209961 88.9663619995117 89.5363082885742 90.0573883056641 90.3990478515625 90.2448806762695 89.8651657104492 89.5125503540039 89.3181533813477 89.361572265625 90.0281372070312 90.3696212768555 90.1901397705078 89.8469619750977 89.834228515625 90.3291015625 90.1208419799805 89.8358535766602 90.0469131469727 90.3290023803711 89.7713012695312 88.7426376342773 87.4640579223633 85.6437454223633
88.5477676391602 88.1352386474609 88.2080917358398 88.1761016845703 88.0483856201172 88.0870895385742 88.1981964111328 88.5334854125977 88.7936630249023 88.3632659912109 88.0139236450195 88.0641403198242 88.7675094604492 88.877685546875 89.0884704589844 89.3706359863281 89.4272079467773 89.4829406738281 89.1703796386719 88.6159439086914 88.3957824707031 88.1565170288086 88.1518325805664 88.2257537841797 88.2162475585938 88.9196090698242 89.4404373168945 89.4065780639648 89.8789520263672 90.2566528320312 90.3943405151367 90.2944488525391 90.2743606567383 90.0417709350586 89.5634689331055 88.8304977416992 89.768913269043 90.3772964477539 90.4376602172852 90.4539794921875 90.3985443115234 90.4974746704102 90.2874984741211 90.083610534668 90.2376174926758 90.3242416381836 89.350715637207 87.9983367919922 86.4210815429688 85.5781326293945
