rcp4.5models/GFDL_CM3/sc1gr0.36
NCOLS 261 
NROWS 433 
XLLCORNER 336357.134 
YLLCORNER 654653.479 
CELLSIZE 1000 
NODATA_value -3.4e+38 
[rows 88 to 109 of 433, columns 98 to 146 of 261]
69.9313049316406 70.3028030395508 70.2570037841797 70.4720306396484 70.5673751831055 70.9117813110352 71.0711441040039 71.4841613769531 71.6989898681641 71.5093536376953 71.6425094604492 71.5022354125977 71.7573165893555 71.668083190918 71.8880386352539 71.9691467285156 72.0345764160156 72.1989593505859 72.4798812866211 72.4796447753906 72.2454986572266 72.3051605224609 72.4557647705078 72.4726867675781 72.6240768432617 72.3236846923828 72.1568908691406 71.9760360717773 71.7406616210938 71.5820236206055 71.5236282348633 71.4718399047852 71.3698196411133 71.3236770629883 71.0414276123047 70.9507446289062 71.1509170532227 70.9294281005859 70.7648544311523 70.5992126464844 70.4746704101562 70.4058609008789 70.1434020996094 70.1260375976562 69.9262466430664 69.7578506469727 69.5839462280273 69.4970932006836 69.2132568359375
70.4184265136719 70.6369781494141 70.6517333984375 70.7783584594727 71.0856857299805 71.2983779907227 71.4711685180664 71.7431869506836 71.8925323486328 71.8560638427734 72.0848846435547 71.9025421142578 72.0445022583008 72.1576995849609 72.1172103881836 72.341926574707 72.4607391357422 72.5067443847656 72.7266311645508 72.8863220214844 72.6489868164062 72.5990600585938 72.767951965332 72.8043594360352 72.8876266479492 72.4522705078125 72.3483810424805 72.2023162841797 72.0824813842773 71.8117370605469 71.8440093994141 71.7964096069336 71.7217025756836 71.5238265991211 71.2593688964844 71.1400604248047 71.3997802734375 71.0164108276367 70.9011459350586 70.8017578125 70.7356796264648 70.5997314453125 70.4838104248047 70.465461730957 70.3435211181641 70.1267395019531 69.8335037231445 69.5834197998047 69.2621383666992
70.7512130737305 71.0203475952148 70.9989776611328 71.2868576049805 71.6543960571289 71.7654495239258 71.9131393432617 72.0600891113281 72.1902770996094 72.281120300293 72.465576171875 72.4397048950195 72.3339462280273 72.4101638793945 72.4966049194336 72.7135848999023 72.8096160888672 72.8043746948242 72.9402465820312 73.0502777099609 73.0537567138672 73.1047973632812 72.9848709106445 72.9565811157227 72.9816970825195 72.8005523681641 72.6133728027344 72.4516754150391 72.4374694824219 72.1694107055664 72.2420272827148 72.1012725830078 72.0236282348633 71.673095703125 71.6075134277344 71.3707275390625 71.53369140625 71.1253356933594 71.1622467041016 70.9679260253906 70.8788452148438 70.7647094726562 70.6655426025391 70.6041793823242 70.5617446899414 70.4331359863281 70.0556106567383 69.7236709594727 69.2919082641602
71.6441497802734 71.5924377441406 71.8682098388672 72.2651977539062 72.0910873413086 72.1732940673828 72.5835418701172 72.572021484375 72.9664840698242 73.0400619506836 73.1463928222656 73.0730590820312 73.18603515625 73.2642974853516 73.3729629516602 73.4250106811523 73.3012161254883 73.422119140625 73.4860076904297 73.6734008789062 73.7130966186523 73.8386535644531 73.7977828979492 73.6647644042969 73.6809539794922 73.6376724243164 73.4293060302734 73.3864212036133 72.9984359741211 72.8832397460938 72.8107757568359 72.6401290893555 72.4842987060547 72.4905776977539 72.4067840576172 72.1761703491211 71.9063949584961 71.7210845947266 71.4560470581055 71.1557083129883 71.0276794433594 71.0364151000977 -3.4e+38 70.6765823364258 70.540168762207 70.4118041992188 70.1562118530273 69.8975524902344 69.5802841186523
71.9194793701172 71.9662628173828 72.36279296875 72.6204681396484 72.5831756591797 72.6743698120117 73.0466918945312 73.291015625 73.4522476196289 73.4296569824219 73.568962097168 73.5332260131836 73.6351165771484 73.5530319213867 73.7178039550781 73.8474502563477 73.6265258789062 73.7028198242188 73.6242294311523 73.8983612060547 73.9991683959961 74.0193481445312 74.1251525878906 74.1079940795898 73.9099807739258 73.9289093017578 73.6037750244141 73.4562454223633 73.2595748901367 73.1543807983398 73.0767974853516 72.9403915405273 72.8175659179688 72.7647323608398 72.6444854736328 72.4861297607422 72.1183547973633 71.8265380859375 71.7221298217773 71.5116424560547 71.3020324707031 71.1104125976562 71.0172271728516 70.7844467163086 70.6704254150391 70.4272079467773 70.1388092041016 -3.4e+38 69.7950286865234
72.2592849731445 72.3557815551758 72.7738723754883 73.08056640625 73.0417022705078 73.0439453125 73.2340087890625 73.5711669921875 73.81640625 73.9407501220703 74.0357208251953 74.0009613037109 74.0447692871094 73.976921081543 74.2332992553711 74.2959136962891 74.1056823730469 74.2053146362305 74.1206283569336 74.1210250854492 74.2281951904297 74.3769226074219 74.5296936035156 74.435676574707 74.2935104370117 74.1842422485352 73.764518737793 73.6268081665039 73.4443969726562 73.4358520507812 73.3139266967773 73.1869354248047 73.1163482666016 72.9554824829102 72.7590789794922 72.6059646606445 72.3548736572266 -3.4e+38 71.9308471679688 71.788703918457 71.5897827148438 71.2380981445312 -3.4e+38 70.9238510131836 70.8131942749023 70.5926132202148 70.3151397705078 70.1225967407227 69.9297180175781
72.5978012084961 72.8544311523438 73.169792175293 73.4514617919922 73.4817199707031 73.4225616455078 73.5490341186523 73.7824935913086 74.2136611938477 74.3476333618164 74.3593368530273 74.2652206420898 74.4145126342773 74.5044021606445 74.5583190917969 74.5500030517578 74.3814697265625 74.5939483642578 74.5192642211914 74.5572280883789 74.5556335449219 74.7793960571289 74.8844375610352 74.7359313964844 74.7608947753906 74.5271530151367 74.0788497924805 73.9678421020508 73.7484512329102 73.611457824707 73.5556869506836 73.4545669555664 73.4907684326172 73.2986679077148 73.0010986328125 72.8635864257812 72.6152572631836 72.1719055175781 71.9888763427734 71.9193267822266 71.7756423950195 71.4217529296875 71.4519577026367 71.2196350097656 70.9232635498047 70.8101043701172 70.5404968261719 70.2710571289062 70.0816116333008
72.7608413696289 73.1029205322266 73.451057434082 73.7517929077148 73.9505310058594 73.980354309082 74.0816116333008 74.298469543457 74.4764938354492 74.564582824707 74.6543807983398 74.665283203125 74.8029327392578 74.8671951293945 74.874397277832 74.8100814819336 74.7300186157227 74.9435272216797 74.8538360595703 75.0848388671875 74.985954284668 75.0366134643555 75.016242980957 75.0699157714844 75.1175079345703 74.7713394165039 74.4033737182617 74.0920028686523 74.143928527832 73.7592697143555 -3.4e+38 73.7157974243164 73.6594467163086 73.5770721435547 73.3067932128906 73.0781097412109 72.9307479858398 72.4393081665039 72.15771484375 -3.4e+38 71.8526229858398 -3.4e+38 71.6255645751953 71.4437408447266 71.1418991088867 70.960334777832 70.7627792358398 70.4622955322266 70.3577651977539
73.1712036132812 73.4994049072266 73.7476577758789 74.197021484375 74.3837356567383 74.4689178466797 74.5617370605469 74.6853103637695 74.6592178344727 74.8209686279297 75.11962890625 75.2348556518555 75.2124557495117 75.1747436523438 75.361328125 75.3654174804688 75.2955932617188 75.3000564575195 75.3198318481445 75.2685775756836 75.3080215454102 75.3399353027344 75.2895278930664 75.3165664672852 75.3333969116211 75.0772094726562 74.7118835449219 74.3188629150391 74.3496475219727 74.0725784301758 74.0247039794922 73.9628219604492 73.8404693603516 73.7113418579102 73.5794906616211 73.2799987792969 73.1453552246094 72.6860809326172 72.3246612548828 -3.4e+38 72.0799331665039 71.856819152832 71.7077178955078 71.5552825927734 71.3847885131836 71.104866027832 70.9229431152344 70.6133728027344 70.4704513549805
73.5371856689453 73.7252578735352 74.005859375 74.5985641479492 74.7638244628906 74.8824920654297 74.8955917358398 75.115608215332 75.1810302734375 75.220573425293 75.4345855712891 75.6273651123047 75.6408843994141 75.6296157836914 75.8569259643555 75.771110534668 75.6144943237305 75.6061859130859 75.6072158813477 75.5605697631836 75.647216796875 75.6192474365234 75.7302703857422 75.6722640991211 75.6809463500977 75.420783996582 74.9684066772461 74.7084884643555 74.5003890991211 74.3713989257812 74.2007064819336 74.1005935668945 74.0614013671875 73.8346633911133 73.6803970336914 73.5110321044922 73.3872756958008 72.9043655395508 72.5599746704102 72.5189971923828 72.3467025756836 72.1363220214844 71.8104782104492 71.6788711547852 71.4986190795898 71.3058013916016 71.0871200561523 70.8618240356445 70.5959320068359
73.8038635253906 74.0520095825195 74.3501663208008 74.8953704833984 75.1104736328125 75.2551956176758 75.2643814086914 75.5468902587891 75.7863998413086 75.8021697998047 75.7996368408203 75.9028701782227 76.0200958251953 76.0461654663086 76.256965637207 76.1291580200195 -3.4e+38 76.0076675415039 76.0882034301758 76.2149200439453 76.2218170166016 75.953971862793 76.0695343017578 75.8535842895508 75.8958435058594 75.659065246582 75.2221450805664 75.0929870605469 74.8996963500977 74.6650238037109 74.4331436157227 74.2683639526367 74.1302871704102 74.0254745483398 73.7747497558594 73.6931076049805 73.6004257202148 73.1810989379883 72.8778686523438 72.7341003417969 72.4771041870117 72.2925872802734 71.9828491210938 71.7867813110352 71.5563201904297 71.4101943969727 71.3275833129883 71.1375198364258 70.7665176391602
74.1788787841797 74.4946670532227 74.6720199584961 75.2693786621094 75.5576629638672 75.7056884765625 75.7321243286133 75.9431838989258 76.2009201049805 76.2774047851562 76.2885284423828 76.2766799926758 76.4649276733398 76.4757995605469 76.6550598144531 76.5677032470703 76.4631805419922 76.424560546875 76.4751358032227 76.654541015625 76.5900192260742 76.3470764160156 76.3051681518555 76.0713729858398 76.1197509765625 75.7874755859375 75.4578704833984 75.2760009765625 75.243034362793 75.0062789916992 74.7744216918945 74.5944442749023 74.3758850097656 74.2202453613281 74.0423049926758 73.8024826049805 73.804817199707 73.322883605957 73.0933227539062 72.8744964599609 72.633171081543 72.3860778808594 -3.4e+38 71.9381332397461 71.7260513305664 71.5389404296875 71.5006408691406 71.3149108886719 70.8442916870117
74.3948287963867 74.7385940551758 75.1242828369141 75.6015014648438 75.9568862915039 76.0852279663086 76.2762985229492 76.3587112426758 76.5575790405273 76.7105712890625 76.6608276367188 76.7366638183594 76.850715637207 77.0187072753906 77.0378036499023 76.982292175293 76.7985610961914 76.6569366455078 76.7403564453125 76.8517456054688 76.7639541625977 76.6634140014648 76.59228515625 76.3828201293945 76.3293075561523 76.1759872436523 75.7856216430664 75.4861145019531 75.4809417724609 75.2981719970703 75.06640625 74.9008407592773 74.7100219726562 74.4671936035156 74.3357925415039 74.0773544311523 73.8434829711914 73.481559753418 73.2477111816406 73.0170211791992 72.922248840332 72.6071319580078 72.3482208251953 72.1086044311523 71.9111480712891 71.7655563354492 71.6360244750977 71.4566497802734 71.0282669067383
74.6634368896484 75.1387710571289 75.4747924804688 75.8653945922852 76.2568435668945 76.4647064208984 76.7573776245117 76.7808685302734 76.9397735595703 77.0507431030273 77.2053833007812 77.1074447631836 77.0271682739258 77.3234481811523 77.4201354980469 77.3040924072266 77.1220245361328 77.0685653686523 77.1970672607422 77.1451110839844 77.1458587646484 77.0783309936523 77.006721496582 76.6962585449219 76.7336196899414 76.5685958862305 76.1638031005859 75.8208618164062 75.6310501098633 75.6156997680664 75.3712463378906 75.0321197509766 74.9366607666016 74.7335433959961 74.5374145507812 74.3489761352539 74.0280456542969 73.7568283081055 73.4367446899414 73.267219543457 73.2379608154297 72.955078125 72.5585174560547 72.3473587036133 72.2715759277344 71.9294891357422 71.800666809082 71.6139602661133 71.4001388549805
75.1405792236328 75.4175186157227 75.7622985839844 76.2361831665039 76.6610107421875 76.7942428588867 77.1317443847656 77.1624908447266 77.3458480834961 77.35400390625 77.655891418457 77.5680389404297 77.5569458007812 77.7366485595703 77.7927627563477 77.6613311767578 77.4804382324219 77.5181350708008 77.6630020141602 77.4900817871094 77.5040664672852 77.4548492431641 77.4557876586914 77.0893173217773 77.0471496582031 76.8651657104492 76.4721298217773 76.2018890380859 75.991584777832 75.8263702392578 75.6327667236328 75.2620239257812 75.2339859008789 74.9347457885742 74.704231262207 74.5309829711914 74.3612518310547 74.0583190917969 73.6273956298828 73.4907150268555 73.3913879394531 73.130615234375 72.8432922363281 72.6229782104492 72.6777267456055 72.2331085205078 72.0227584838867 71.8230895996094 71.6286087036133
75.8614959716797 76.0978012084961 76.4538879394531 76.8700180053711 77.1551666259766 77.3884201049805 77.669303894043 77.7526702880859 78.0102691650391 78.1980514526367 78.4594802856445 78.4805755615234 78.5092315673828 78.4220733642578 78.6383056640625 78.5069046020508 78.4699478149414 78.3966217041016 78.3069076538086 78.2825622558594 78.0395050048828 78.0695724487305 78.0987014770508 77.8826370239258 77.6731796264648 77.5009155273438 77.0092239379883 76.8089752197266 76.5607528686523 76.4111633300781 76.1206741333008 75.9278259277344 75.6237106323242 75.6277542114258 75.3398590087891 75.2197418212891 75.0541305541992 74.3245239257812 73.9663009643555 73.8400650024414 74.0065231323242 73.7162246704102 73.3877182006836 73.2579803466797 72.9849548339844 72.7548294067383 72.4215774536133 72.317253112793 71.8853759765625
76.3697509765625 76.5241851806641 77.0717391967773 77.3707809448242 77.5752182006836 77.6919097900391 77.9215774536133 78.0553817749023 78.4270935058594 78.4284744262695 78.6606369018555 78.8593978881836 78.8819961547852 78.8511047363281 78.9469451904297 78.8913726806641 78.8080368041992 78.8034286499023 78.7770233154297 78.7277603149414 78.501579284668 78.5175704956055 78.4549713134766 78.3297271728516 77.9377899169922 77.7846145629883 77.2692337036133 76.9003601074219 76.7567749023438 76.6983489990234 76.4292221069336 76.2025299072266 75.9969100952148 75.9395446777344 75.6442489624023 75.4641799926758 75.1987609863281 74.4852828979492 74.3019866943359 74.0976181030273 74.1057357788086 73.912841796875 73.5658874511719 73.4862518310547 73.2070922851562 72.9641265869141 72.5721817016602 72.366081237793 72.0399856567383
76.9950866699219 77.1247177124023 77.4063491821289 77.8913192749023 78.1626434326172 78.2075576782227 78.2411956787109 78.5478668212891 78.8741989135742 78.8081741333008 79.0420150756836 79.2749710083008 79.125862121582 79.436279296875 79.4051055908203 79.3463973999023 79.3260345458984 79.2850494384766 79.2506942749023 79.0864028930664 79.0604476928711 78.9078903198242 78.7698974609375 78.6657562255859 78.2589111328125 78.1308135986328 77.6205368041992 77.3076324462891 77.1863479614258 76.9682083129883 76.6693267822266 76.4313354492188 76.3449401855469 76.0597305297852 75.8832473754883 75.5995254516602 75.3648300170898 74.7246246337891 74.6024703979492 74.3737564086914 74.1896667480469 73.9811553955078 73.8616638183594 73.6789093017578 73.403450012207 73.1154174804688 72.6987991333008 72.4824676513672 72.1178588867188
77.3732223510742 77.4714126586914 77.7942657470703 78.3534469604492 78.6629257202148 78.7798690795898 78.8068771362305 79.0807495117188 79.3413314819336 79.2125854492188 79.443962097168 79.7446746826172 79.5734634399414 79.9461898803711 79.9301071166992 79.9994812011719 79.770133972168 79.7437286376953 79.6769332885742 79.3560562133789 79.3297500610352 79.2997283935547 79.1397476196289 78.9719543457031 78.6614532470703 78.3630294799805 77.9294204711914 77.6736679077148 77.498046875 77.2247161865234 76.9900665283203 76.7818603515625 76.6277236938477 76.348014831543 76.1141204833984 75.8119277954102 75.632698059082 74.8965911865234 74.8465194702148 74.7399520874023 74.5610122680664 74.2424774169922 74.0644607543945 73.8304443359375 73.519889831543 73.2563400268555 72.9970397949219 72.8003158569336 72.196159362793
77.7031707763672 77.911865234375 78.1071853637695 78.8908843994141 79.2351455688477 79.3023529052734 79.3843002319336 79.4804916381836 79.7320327758789 79.7917327880859 79.876579284668 80.0665969848633 80.2210845947266 80.3367309570312 80.1613388061523 80.3067169189453 80.2605743408203 80.1932983398438 80.0226287841797 79.7743682861328 79.6416015625 79.6251983642578 79.4590301513672 79.2672653198242 78.95458984375 78.6137619018555 78.3224334716797 77.9736251831055 77.6664886474609 77.5017623901367 77.2864074707031 77.0958786010742 76.946891784668 76.6182861328125 76.3029937744141 76.1596527099609 75.8154373168945 75.0211715698242 74.9254531860352 74.8809127807617 74.8711624145508 74.542106628418 74.3212966918945 74.0063781738281 73.7906265258789 73.5535430908203 73.3954010009766 72.9867324829102 72.3534164428711
78.1599807739258 78.4150085449219 78.4912033081055 79.3709869384766 79.6650466918945 79.81201171875 79.9140167236328 80.1202239990234 80.3050079345703 80.3650054931641 80.251335144043 80.3799133300781 80.6442718505859 80.8834762573242 80.8185272216797 80.5354537963867 80.6458511352539 80.5251235961914 80.27587890625 80.2329864501953 80.07275390625 79.9430236816406 79.8076324462891 79.5687866210938 79.2450408935547 78.9944000244141 78.658332824707 78.2227401733398 77.9540710449219 77.8042449951172 77.4494552612305 77.2823944091797 77.1744003295898 76.8556823730469 76.6064071655273 76.4696655273438 75.9825286865234 75.302848815918 74.9396209716797 74.9260940551758 74.9516067504883 74.6767807006836 74.5634994506836 74.2073059082031 74.047966003418 73.7172698974609 73.4736328125 73.1287612915039 72.5261611938477
78.6139450073242 78.8322448730469 78.8568878173828 79.6786651611328 79.8790740966797 80.0996322631836 80.4272766113281 80.6652374267578 80.9116668701172 80.9773712158203 80.8545150756836 80.8928909301758 81.0682144165039 -3.4e+38 81.2800369262695 81.1416625976562 80.9223861694336 80.896125793457 80.7019271850586 80.658332824707 80.4918746948242 80.3223266601562 80.1363754272461 79.9104080200195 79.5933074951172 79.3866195678711 78.9295959472656 78.5902557373047 78.4921798706055 78.298583984375 77.77197265625 77.568977355957 77.4815673828125 77.0801315307617 76.8575744628906 76.6329116821289 76.1534194946289 75.6609268188477 75.279655456543 75.168586730957 75.0037612915039 74.8640594482422 74.7593231201172 74.4168930053711 74.1998291015625 73.7831649780273 73.5086517333984 73.2662506103516 72.7016906738281
