rcp4.5models/GFDL_CM3/sc1gr3.30
NCOLS 261 
NROWS 433 
XLLCORNER 336357.134 
YLLCORNER 654653.479 
CELLSIZE 1000 
NODATA_value -9999 
[rows 264 to 285 of 433, columns 200 to 249 of 261]
272.998779296875 273.767364501953 274.454010009766 273.503479003906 274.415405273438 273.562225341797 273.226104736328 273.966979980469 274.501129150391 269.297271728516 256.902801513672 255.279190063477 262.600616455078 267.224639892578 273.457183837891 274.129028320312 274.237060546875 272.639984130859 267.590911865234 262.001190185547 266.853790283203 273.551727294922 273.446929931641 273.536163330078 274.858032226562 275.425170898438 271.247985839844 272.170928955078 -9999 -9999 275.636901855469 275.834228515625 276.067993164062 276.239105224609 276.226226806641 276.304595947266 275.907836914062 275.832672119141 276.283050537109 276.374176025391 276.772918701172 276.871704101562 276.816711425781 276.682403564453 276.742156982422 276.866455078125 276.855346679688 276.728942871094 276.814971923828 276.844146728516
273.100433349609 274.22998046875 274.074890136719 272.947906494141 273.639465332031 272.708770751953 272.030517578125 273.063049316406 274.450561523438 270.855377197266 261.802429199219 260.0166015625 269.510223388672 270.803344726562 273.609436035156 274.384979248047 273.928527832031 272.822235107422 269.453796386719 266.852630615234 269.037261962891 274.080932617188 274.092803955078 274.721252441406 275.118377685547 275.448852539062 275.284912109375 275.3212890625 275.126373291016 275.194000244141 275.438842773438 275.334869384766 275.764312744141 275.862915039062 275.621337890625 275.792785644531 275.827056884766 275.886901855469 276.536895751953 276.567321777344 276.726593017578 276.856811523438 276.604827880859 276.5244140625 276.627136230469 276.816070556641 276.826599121094 276.572174072266 276.78564453125 276.824340820312
273.908477783203 274.261108398438 273.585876464844 269.981689453125 267.185028076172 269.664215087891 272.169525146484 273.157775878906 274.068115234375 272.557067871094 270.077697753906 269.958740234375 269.388610839844 271.797943115234 273.364654541016 272.626098632812 271.524322509766 270.907836914062 273.661865234375 273.773864746094 273.370635986328 273.010620117188 273.423675537109 272.354766845703 273.686218261719 274.078430175781 275.100250244141 274.621551513672 274.471862792969 274.612579345703 274.941864013672 274.832427978516 275.362396240234 275.481079101562 275.400024414062 275.533996582031 275.719757080078 276.603881835938 276.584533691406 276.453643798828 276.332153320312 276.45458984375 276.131896972656 275.998565673828 275.814300537109 276.230255126953 276.54052734375 276.466156005859 276.812774658203 276.80810546875
274.214324951172 274.16845703125 273.251922607422 269.789093017578 265.843170166016 268.519561767578 272.561004638672 273.199462890625 273.428009033203 268.830108642578 260.564117431641 262.062103271484 264.661895751953 272.204681396484 266.511047363281 265.307739257812 266.388275146484 267.654907226562 273.210662841797 271.610015869141 270.916564941406 273.390289306641 273.812164306641 272.875030517578 272.651824951172 273.127532958984 274.515258789062 273.602294921875 273.748107910156 274.067504882812 274.5927734375 274.854370117188 275.483306884766 275.649871826172 275.830657958984 276.015533447266 276.190612792969 276.602813720703 276.522277832031 276.279327392578 276.264099121094 276.271636962891 275.763763427734 275.613098144531 275.686340332031 275.693664550781 276.095977783203 276.380584716797 276.863067626953 276.93359375
273.972991943359 274.136779785156 272.729370117188 267.002990722656 265.976745605469 269.061950683594 272.455535888672 273.260620117188 273.247344970703 268.705383300781 258.258880615234 257.9111328125 263.930145263672 272.858245849609 255.853713989258 257.549285888672 262.8916015625 267.807189941406 272.709381103516 271.314666748047 270.820068359375 273.282257080078 273.696014404297 272.959014892578 272.458801269531 272.811492919922 273.651550292969 272.735382080078 273.070159912109 273.837738037109 274.772613525391 275.123840332031 275.12646484375 275.441101074219 275.960784912109 276.454498291016 276.454864501953 276.301239013672 276.040466308594 276.119903564453 276.188171386719 276.162933349609 275.819702148438 275.567169189453 275.983428955078 276.134887695312 276.241943359375 276.569030761719 276.927703857422 276.961700439453
273.908050537109 274.027862548828 271.547149658203 263.716857910156 264.443267822266 268.657958984375 271.875885009766 272.733642578125 273.046936035156 272.383087158203 267.676452636719 265.237518310547 269.026733398438 272.949493408203 256.602508544922 256.790161132812 259.818084716797 264.391174316406 271.72802734375 272.560760498047 272.258361816406 272.812744140625 272.807037353516 272.492218017578 272.310699462891 272.54833984375 271.883483886719 270.857086181641 272.222534179688 274.417236328125 275.159973144531 275.35595703125 275.243011474609 275.563232421875 275.944946289062 276.442504882812 276.531127929688 275.944580078125 275.604064941406 275.718017578125 275.948822021484 275.831207275391 275.801818847656 275.584350585938 275.937194824219 276.505554199219 276.598876953125 276.803039550781 276.852233886719 276.925079345703
274.002105712891 273.693145751953 272.311248779297 264.087280273438 262.68310546875 266.544738769531 271.800903320312 272.607330322266 273.213165283203 273.584014892578 272.649841308594 271.562774658203 272.072570800781 272.588531494141 260.311676025391 254.883819580078 254.3232421875 256.588836669922 266.701751708984 272.571929931641 271.981414794922 271.425323486328 271.145904541016 272.457153320312 272.585906982422 272.244567871094 266.958129882812 268.860198974609 273.379669189453 274.907592773438 275.451507568359 275.487182617188 275.664672851562 275.820281982422 276.096466064453 276.498229980469 276.468933105469 275.772003173828 275.509185791016 275.340026855469 275.608673095703 275.759552001953 275.620941162109 275.681518554688 276.252227783203 276.524749755859 276.801971435547 276.809112548828 276.801391601562 276.923400878906
273.935180664062 273.036010742188 272.140625 267.507171630859 263.015167236328 265.655883789062 271.717529296875 272.720733642578 273.534118652344 273.241973876953 272.016143798828 272.11083984375 272.105834960938 272.046478271484 256.327087402344 250.836288452148 247.816131591797 249.588012695312 256.859588623047 263.73583984375 268.57958984375 269.515716552734 270.534301757812 273.010070800781 273.272796630859 272.618408203125 270.121765136719 272.382537841797 275.188049316406 275.340606689453 275.607116699219 275.689819335938 275.836395263672 275.858062744141 276.105590820312 276.118988037109 276.022247314453 275.597412109375 275.366546630859 275.212158203125 275.272583007812 275.769165039062 275.577575683594 275.731414794922 276.332214355469 276.480133056641 276.610260009766 276.585083007812 276.799438476562 276.973724365234
273.513671875 271.511474609375 265.384521484375 266.465118408203 267.503479003906 267.752227783203 269.113830566406 272.148712158203 273.340942382812 273.272369384766 272.118896484375 272.34814453125 272.054779052734 269.303283691406 259.522796630859 254.726501464844 252.894241333008 248.509994506836 252.373825073242 259.018127441406 268.858856201172 269.725891113281 272.414794921875 273.348724365234 273.509155273438 273.603485107422 274.643493652344 275.291259765625 275.463470458984 275.600250244141 275.645843505859 275.760162353516 275.748901367188 275.778839111328 275.773284912109 275.643524169922 275.598510742188 275.050079345703 274.979187011719 275.278167724609 275.411376953125 275.723541259766 275.914794921875 -9999 276.424530029297 276.498321533203 276.424285888672 276.492462158203 276.797515869141 277.005767822266
270.946899414062 266.548706054688 262.352813720703 260.751342773438 269.160797119141 269.160491943359 269.11669921875 271.803375244141 272.985382080078 273.454406738281 272.397979736328 271.835632324219 271.959930419922 270.055541992188 266.33740234375 262.058990478516 264.052673339844 260.161071777344 263.733032226562 267.380218505859 271.896148681641 271.812408447266 273.673583984375 273.485626220703 273.805999755859 274.307647705078 273.990997314453 274.453521728516 275.152526855469 275.599761962891 275.515594482422 275.348663330078 275.523132324219 275.50341796875 275.362762451172 275.483093261719 275.398254394531 274.602722167969 274.870208740234 275.447662353516 275.743804931641 275.916046142578 276.038848876953 276.273529052734 276.591430664062 276.547180175781 276.422790527344 276.533447265625 276.769897460938 276.851867675781
267.645721435547 261.75830078125 262.575653076172 256.485870361328 266.565338134766 269.167907714844 270.933135986328 272.097961425781 272.689666748047 273.102966308594 272.085632324219 270.910675048828 271.488800048828 272.361419677734 265.517456054688 259.475219726562 262.363891601562 262.611938476562 264.199798583984 264.389526367188 265.519561767578 266.0166015625 266.573120117188 272.238220214844 273.464447021484 273.533630371094 273.686553955078 274.432739257812 275.216613769531 275.461578369141 275.392272949219 274.998168945312 275.457550048828 275.463012695312 275.224578857422 274.995300292969 274.815155029297 274.608276367188 274.769409179688 275.392578125 275.575958251953 275.637084960938 275.798217773438 275.969390869141 276.027740478516 276.424865722656 276.494873046875 276.471923828125 276.698303222656 276.197692871094
269.492889404297 265.210754394531 261.229675292969 252.54606628418 263.817169189453 265.908813476562 270.740814208984 271.610412597656 272.524749755859 272.711608886719 272.233551025391 271.047790527344 270.976379394531 272.166625976562 265.239868164062 255.220443725586 254.893493652344 254.987045288086 255.654998779297 257.034393310547 257.925811767578 257.893310546875 257.966888427734 263.572204589844 265.022796630859 270.483276367188 274.23828125 275.057525634766 275.507019042969 275.339874267578 274.983947753906 274.911499023438 275.069427490234 275.228820800781 275.322631835938 274.623474121094 274.185882568359 274.582061767578 274.687286376953 274.889312744141 274.945861816406 275.178741455078 275.847534179688 276.044311523438 276.097808837891 276.142150878906 276.396331787109 276.418579101562 276.738891601562 276.106048583984
272.288116455078 269.079681396484 259.801971435547 252.853469848633 264.970428466797 266.822174072266 270.003326416016 271.420257568359 272.256408691406 271.860565185547 272.210357666016 270.939880371094 270.18212890625 271.809173583984 268.939910888672 263.264434814453 261.610534667969 262.413421630859 260.929748535156 257.909240722656 258.663269042969 259.053039550781 256.421478271484 258.43310546875 258.392791748047 271.564300537109 274.417816162109 274.738677978516 275.032867431641 274.914489746094 274.636688232422 274.721832275391 274.719543457031 274.928283691406 274.998352050781 274.414001464844 273.850769042969 274.606353759766 274.446441650391 274.182220458984 274.515411376953 275.181304931641 276.136169433594 276.289581298828 276.517395019531 276.374053955078 276.565704345703 276.565277099609 276.838897705078 276.563293457031
272.445098876953 269.313812255859 260.315673828125 262.982849121094 269.099700927734 270.568481445312 270.619995117188 271.792602539062 271.7685546875 270.189971923828 271.84521484375 271.122924804688 270.040588378906 271.035217285156 270.904357910156 270.697143554688 270.368591308594 269.741119384766 265.2431640625 260.503601074219 263.396087646484 264.664703369141 259.479095458984 255.891128540039 254.754486083984 267.95654296875 274.265380859375 274.228149414062 274.177703857422 274.415863037109 274.666809082031 274.597015380859 274.659851074219 274.789855957031 274.521606445312 273.985198974609 273.799591064453 274.601104736328 274.352661132812 274.300354003906 274.915161132812 275.627410888672 276.304718017578 276.484741210938 276.560729980469 276.553039550781 276.749969482422 276.714752197266 276.821044921875 276.844604492188
271.241394042969 268.366729736328 260.21337890625 270.037780761719 270.375610351562 270.999084472656 271.722015380859 271.914093017578 270.81787109375 268.268524169922 267.865081787109 270.503997802734 270.118713378906 270.808013916016 269.903839111328 268.969329833984 270.906616210938 269.767669677734 268.142242431641 266.210327148438 266.443542480469 270.258392333984 262.839752197266 259.551422119141 268.249694824219 274.125915527344 273.383483886719 273.883514404297 273.656188964844 273.953918457031 274.955169677734 275.278381347656 -9999 274.838317871094 274.519989013672 274.850219726562 275.238861083984 275.085632324219 275.071228027344 275.28173828125 275.843872070312 276.355133056641 276.512176513672 276.584014892578 276.582733154297 276.564392089844 276.545989990234 276.588134765625 276.543029785156 276.606292724609
269.269897460938 270.02001953125 263.460113525391 266.6142578125 270.235290527344 270.971099853516 271.663635253906 271.441314697266 268.384552001953 262.45654296875 260.645324707031 270.002807617188 270.510345458984 271.367614746094 269.142333984375 266.617645263672 270.294799804688 271.335388183594 271.153900146484 271.080108642578 269.735809326172 -9999 262.411437988281 262.227142333984 273.214874267578 274.329071044922 273.124603271484 273.090026855469 273.571838378906 274.015716552734 274.799530029297 275.151000976562 275.486846923828 275.252288818359 274.750244140625 275.098052978516 275.616088867188 275.3583984375 275.130828857422 275.649963378906 275.8408203125 276.10498046875 276.141387939453 276.288726806641 276.581207275391 276.579833984375 276.578399658203 276.535888671875 276.4072265625 276.486785888672
268.288269042969 269.174835205078 265.923889160156 257.589477539062 264.225006103516 270.998321533203 271.518280029297 270.741607666016 266.648376464844 257.850372314453 256.537384033203 267.713104248047 271.209014892578 271.765289306641 270.023986816406 266.969757080078 267.827697753906 271.3779296875 272.198455810547 -9999 272.572113037109 -9999 261.396240234375 265.686767578125 274.0009765625 273.877258300781 272.860900878906 272.739044189453 273.547637939453 274.314697265625 274.899505615234 275.207122802734 275.400207519531 275.500274658203 275.204925537109 275.31201171875 275.846954345703 275.493804931641 275.14892578125 275.318328857422 275.873718261719 276.205780029297 276.159698486328 276.374328613281 276.579620361328 276.578186035156 276.576721191406 276.558624267578 276.405364990234 276.484252929688
269.442077636719 267.639221191406 265.391418457031 252.131134033203 255.871566772461 267.373931884766 270.339202880859 267.569976806641 265.463165283203 260.759124755859 254.954666137695 263.009826660156 271.673583984375 272.021423339844 269.771484375 265.823577880859 266.460693359375 270.837860107422 271.403656005859 272.123626708984 -9999 -9999 267.574188232422 271.306457519531 273.523834228516 273.463684082031 272.829132080078 273.660125732422 274.172485351562 274.791259765625 -9999 275.510803222656 275.556854248047 -9999 275.625457763672 275.612457275391 276.028778076172 275.863250732422 275.758483886719 275.486114501953 276.104125976562 276.547698974609 276.476959228516 276.555297851562 276.504028320312 276.576507568359 276.574981689453 276.573364257812 276.403411865234 276.481689453125
266.857666015625 268.687957763672 266.919738769531 251.859878540039 255.204849243164 267.195159912109 265.636352539062 256.484313964844 254.474517822266 259.803283691406 262.780029296875 264.30859375 267.924560546875 272.446807861328 269.431793212891 265.376800537109 266.777252197266 267.215637207031 270.687042236328 272.11181640625 -9999 -9999 272.712249755859 273.152282714844 273.219055175781 273.792297363281 273.113861083984 273.945587158203 274.059020996094 274.766937255859 -9999 274.874694824219 275.293395996094 -9999 -9999 275.977081298828 -9999 276.003082275391 276.198699951172 276.051116943359 276.206359863281 276.580749511719 276.579345703125 276.536987304688 276.450408935547 276.574798583984 276.573181152344 276.571533203125 276.401458740234 276.431610107422
261.082489013672 268.55419921875 267.297393798828 256.094512939453 260.070556640625 268.300109863281 258.89453125 247.884368896484 242.368759155273 250.958404541016 265.430084228516 269.288665771484 268.4443359375 272.458740234375 270.583862304688 267.753112792969 265.286590576172 262.721710205078 267.461883544922 272.330627441406 272.644989013672 273.281188964844 272.815216064453 272.741088867188 273.374542236328 274.248413085938 273.599548339844 274.001556396484 273.677276611328 274.588073730469 274.417572021484 274.127990722656 274.805999755859 275.641082763672 276.041290283203 275.956634521484 275.968688964844 276.145660400391 276.298095703125 276.424774169922 276.399230957031 276.482025146484 276.480285644531 276.485504150391 276.498870849609 276.498504638672 276.571350097656 276.474945068359 276.498840332031 276.520874023438
258.686340332031 266.615905761719 265.772918701172 261.616790771484 264.136291503906 266.8017578125 255.428237915039 244.78434753418 238.200531005859 249.482437133789 262.936218261719 270.635864257812 271.339538574219 272.455627441406 271.491302490234 268.421661376953 264.066558837891 264.330627441406 268.190673828125 272.436859130859 272.807891845703 273.273345947266 272.894653320312 272.503875732422 273.395782470703 274.498901367188 273.900329589844 274.367797851562 274.121887207031 274.480133056641 274.35107421875 274.161346435547 274.561248779297 275.572143554688 275.737213134766 275.795715332031 276.026733398438 276.105560302734 276.331176757812 276.580627441406 276.514526367188 276.313842773438 276.335723876953 276.448211669922 276.532684326172 276.420959472656 276.494506835938 276.362091064453 276.24267578125 276.273010253906
260.953521728516 265.594573974609 265.414794921875 262.410614013672 262.284332275391 258.092254638672 256.353607177734 247.64811706543 244.428558349609 257.820495605469 268.232025146484 271.097076416016 271.548736572266 272.710784912109 271.857482910156 268.281829833984 264.794982910156 269.527313232422 271.919921875 273.141906738281 273.190246582031 273.359466552734 273.127838134766 272.608581542969 273.462707519531 274.643737792969 274.134063720703 274.083190917969 274.804107666016 275.083374023438 275.059997558594 274.857452392578 274.776000976562 275.659210205078 275.628997802734 275.794311523438 275.923492431641 275.926483154297 276.111297607422 276.555480957031 276.446746826172 276.316253662109 276.281372070312 276.422698974609 -9999 -9999 276.422027587891 276.051208496094 276.343994140625 276.400543212891
