rcp4.5models/GFDL_CM3/sc1gr0.7
NCOLS 261 
NROWS 433 
XLLCORNER 336357.134 
YLLCORNER 654653.479 
CELLSIZE 1000 
NODATA_value -9999 
[rows 220 to 241 of 433, columns 50 to 99 of 261]
87.2122194226458 87.3152008686675 87.3449362288472 87.4722837098156 87.7021300017412 87.7598779999777 87.9622759218354 87.9708243332888 87.9133650683581 87.9338488435808 88.0429852779969 88.2617085433347 88.275891122469 88.4068009090307 88.5434210756846 88.6566160364656 88.668026630052 88.7781983500415 88.7199907217909 88.800172037019 89.0380317469221 89.1701052599383 89.0747303520759 89.1249127298825 89.2175293708161 89.3894812814684 89.3375512395361 89.4143016837814 89.4759951986304 89.476439906947 89.5522857265063 89.5861390161163 89.4911462550411 89.6328686047208 89.6355736868959 89.680424094575 89.5799566651157 89.6279895367118 89.7488037613605 89.8507473921464 89.7910301018602 89.7443985845215 89.916262958829 89.850306966262 89.7057781710051 89.7153205037895 89.6002467919408 89.5984489240268 89.6949103906856 89.658081538846
87.0622788578025 87.3236899489957 87.3726157373455 87.470638219687 87.7431611013506 87.6901985708233 87.8231750659246 87.8673687557819 87.8572328037204 87.9131862356244 87.9972760821238 88.1419334273018 88.3294359525987 88.4273789899632 88.5672122491661 88.6042685696493 88.5529522539202 88.6410998208196 88.7148782817059 88.7746969356844 88.9454884502263 89.0811717970659 88.8791996668095 88.9736734955344 89.2537536697695 89.3829671901772 89.2566468861204 89.3198080601973 89.5347147424268 89.5977990421602 89.4854630795921 89.5419255602507 89.484464218723 89.5320059594173 89.4610562379449 89.6455868762506 89.6037515206624 89.6347698446013 89.7965239031977 89.8328235121045 90.0410596700088 89.8692254060745 89.8898288472565 89.815652183427 89.8055337794812 89.8200400487451 89.6724429295984 89.7839032799137 89.7808492030797 89.7167148423554
87.0876285090297 87.210165564201 87.293397158222 87.4347270734094 87.7484445817297 87.7279831119459 87.8429465529978 87.9110873255698 88.0003049534728 88.1526565766395 88.2020110981763 88.2188282483547 88.3455986146253 88.5584365042711 88.6082665028839 88.4726201738929 88.492659538817 88.5762933728895 88.7686508878389 88.9670789608366 88.9148980369515 89.0056411470677 89.0207637756996 89.0619830371845 89.3166560097068 89.3953029360612 89.3381236704588 89.3282338963832 89.4442373320599 89.4761037198882 89.4342039882082 89.5778478184649 89.6130578309871 89.6051088069205 89.5130644201961 89.6432725265906 89.679550801305 89.7337939531926 89.8036695761253 89.6722033065199 90.1360598686796 90.0472704966704 90.0085139931327 89.8761402548106 89.9259219424708 90.1705962770645 89.8535040726112 89.9284962418735 89.8585157701374 89.8301200756159
87.1870871968846 87.1862195310281 87.3395807803767 87.5129110793551 87.6867213082399 87.8103645634276 87.8176024612084 87.8556335452124 87.9988153183597 88.2295829915687 88.2961147661542 88.3333471771221 88.3599973326288 88.4268213436719 88.4928509783147 88.5095587742387 88.5926464750046 88.6435575639338 88.7541836783795 88.9598170881227 88.9357503688179 89.0224690225555 89.0621174221938 89.1170545022833 89.320921496071 89.3418983011118 89.4022524225701 89.459493872429 89.5091336088993 89.5256104423006 89.5196294425763 89.5355034138461 89.556427485267 89.596954269031 89.6100998640797 89.7113595882452 89.677588106093 89.7015861141284 89.7732489061572 89.7428214656992 89.9807557804782 90.0326839445776 90.0904238709719 89.9551982518109 90.0624352957869 90.5672779968431 90.0719751107406 89.9857869095071 89.9143569839727 89.9592299666268
87.1627456767942 87.2881554335172 87.4301145597427 87.4207006347524 87.5225994546572 87.7234817993424 87.7232140642741 87.8022937313216 87.8486119597248 87.9619002999732 88.1423843852478 88.2864562198392 88.2360055577049 88.4583061375804 88.5559453000698 88.6036402701944 88.5044629914644 88.5754500216218 88.6711561122143 88.9213489938325 88.9623061814615 89.0221248216143 89.0799323275144 89.1498184934702 89.3285826273415 89.3692051452627 89.4374253566555 89.3673296971776 89.5990875720224 89.6221006503854 89.5416439949173 89.4542731659549 89.4785274851162 89.577190737684 89.5473806190211 89.6385997965561 89.5904490108392 89.6636499089021 89.75023051646 89.8477525439532 89.9205164342734 90.0094273072238 90.0016196749308 89.9083405087594 90.0293562351617 90.2358456509725 90.012419750273 90.0193445975325 89.9782634894518 89.9573354698861
87.1366746337566 87.2516536872472 87.3616344274768 87.4067917330874 87.4887488938588 87.7056457711394 87.7040549324704 87.8805074731339 88.0429279389904 88.0391345373927 88.0491784055178 88.2685433502025 88.3450137715602 88.4807299431016 88.545847241947 88.5560885595681 88.4848448183428 88.6196896769632 88.6933193697339 88.7362131263825 88.8614047474008 89.0645224350312 89.1441760571464 89.2091505587293 89.3095201935762 89.3737044447684 89.4189105659886 89.3430348348439 89.6513225653121 89.5968310247103 89.4548800675532 89.4322684417066 89.4383466643189 89.5509409581532 89.5398933906032 89.5535392576418 89.5449804697864 89.629000289431 89.731243834882 89.8681671765477 89.8622476635998 89.97220997029 89.8623514528727 89.7752447521126 89.8961978012207 89.897660640056 -9999 90.0428904100105 89.8986342637655 89.8587077345469
87.1484938739419 87.2460432732625 87.3729635430751 87.4449925728287 87.4997388731431 87.6456935023706 87.8132305864249 88.0323447711942 88.1450672368162 88.2065524905291 88.164752162853 88.2076930476874 88.2667287666093 88.4034116798501 88.3508178541972 88.5106687611383 88.5626673669594 88.6697757145534 88.6996724547724 88.6821124302325 88.8979913280921 89.0506703712623 89.1511316163916 89.2746098277293 89.3052704986215 89.3716187372977 89.4116717043997 89.4579061849176 89.5125420143604 89.5930103813481 89.410951677103 89.4506821062924 89.5014569715888 89.5128768431661 89.6187101372028 89.5969056436193 89.58503630377 89.6895073344935 89.8492420694331 89.7855935912518 89.8237744278073 89.8590642618611 89.8058245910894 89.7895774920152 89.8792030664354 89.9654288699141 89.8977898865751 89.944783231828 89.9016435764094 89.8580899770825
87.1331185949125 87.2134770853614 87.4502181196972 87.4469751947103 87.4202936441923 87.5222736109429 87.788111007455 87.9692583902631 88.0897302008916 88.2307162406488 88.2635433002461 88.1779162799555 88.2442627961474 88.3480532205595 88.2628862871815 88.447576004257 88.6101336724453 88.8220093087625 88.8193200508828 88.8545888609341 89.0223217248991 89.1067226710136 89.2295422549179 89.2969441183631 89.3029115222986 89.4083926897312 89.3767229585929 89.430549670753 89.493806763669 89.5705101116397 89.4875312529922 89.4910956713483 89.6251140934619 89.5200395861827 89.5978876152112 89.661296675757 89.6893503740204 89.7635406722885 89.825850355601 89.7769080778722 89.7884093570879 89.8351780197956 89.8157551557328 90.1504850219056 90.4094044722866 90.0248673905265 89.9469009770599 89.9833821281996 89.9797017181308 89.8089423425221
87.0224685296564 87.1275114312132 87.4706146256447 87.4015449764727 87.391872414703 87.5881774987404 87.7486634895813 87.8251275741451 88.1014622651198 88.2013616890796 88.2756543767638 88.1572373741667 88.3110860120568 88.4171338400873 88.3298156033029 88.4073588707047 88.6374551750919 88.923888830326 88.8505064949588 89.014325787719 89.0935253305918 89.0563437971074 89.2566858898827 89.2325799540373 89.2924589829068 89.3850906329563 89.3428647951993 89.415560311485 89.5402216150411 89.5278964917098 89.5318635326517 89.4831026944922 89.6415268451286 89.5323185134672 89.723258278972 89.7853834769909 89.8861791173039 89.798804338161 89.7942718097436 89.7841639983631 89.8515530159432 89.9274455427516 89.896561386551 90.1261639599825 90.2226240376101 90.0367027625905 90.0653073431682 90.0542751601502 89.8820986731037 89.6667084551014
86.8719907187328 86.9871177452267 87.1753504274334 87.3695468604004 87.5251695739645 87.6017285962632 87.739830285877 87.8165729218379 88.1105315011387 88.2215000281805 88.2817963878093 88.2139601663537 88.2848967738101 88.4195298963363 88.3421614768518 88.4152388470372 88.7082301673262 88.7774939677645 88.8564300592081 88.9861572115944 89.0319625437869 88.9976848896544 89.1138144469641 89.1523283617623 89.319419156663 89.3514784698535 89.4001868797692 89.4469394073393 89.5439442602936 89.6412080871483 89.6585294505126 89.4805166544171 89.599298773316 89.5827104795071 89.7703915616524 89.7703241952792 89.7863963489152 89.793276538294 89.7800332363989 89.8440261450405 89.9733282241643 90.0206310430095 89.9270137984225 89.9475707740009 89.936277264201 89.9697721568996 90.038077041248 90.0437538857368 89.8576509068315 89.9322157905442
87.0671440762617 87.0249912365153 87.0314365748851 87.3218826230732 87.5624070375928 87.6479327112281 87.8565243415684 87.9800662507182 88.046838012979 88.1413774934618 88.2242180305015 88.2628391764456 88.2405357698731 88.3175142460716 88.3035195355756 88.4171371927177 88.7015720823138 88.7582488188709 88.8325659753 88.8680514594476 88.8716753150399 88.9381227420649 89.0265805003202 89.2445367677777 89.2985787673044 89.2508242185116 89.4325915695621 89.4789671847227 89.5453442826306 89.6116752905869 89.6996837201796 89.4479434654177 89.5891710661652 89.7242829494915 89.794298680953 89.7209193324769 89.7190327955096 89.8013239702795 89.8944762610258 89.9875096176947 90.0584669376727 89.9913214626622 89.9673989094422 90.033200932717 89.9925108325603 89.9769336028632 89.9687362674106 89.9474981448707 89.9038127652796 90.0846629641244
86.9687862853149 87.0938127047952 87.2668290248264 87.3954095872556 87.3972301576188 87.4369128238255 87.6948673256601 87.6509672443115 87.6413005766137 87.7073808901235 87.7961574064768 88.0280263416197 88.119201253109 88.1945315620599 88.2760408197081 88.3944839354898 88.5833012470391 -9999 -9999 88.9466001043528 88.9590883525041 89.077694887464 89.0885872781237 89.185814223562 89.2586900589014 89.2213522419626 89.3117633449395 89.3920080217644 89.4380607602926 89.5350247870112 89.6091613618848 89.6205948795537 89.7473348647871 89.7847167313207 89.6358028072701 89.746783414841 90.0306981142893 90.0212204348674 90.1540371051685 90.106771026522 90.1066575964169 90.0877551124885 90.0893328874698 90.098328495687 89.9831394169883 89.9889441926002 90.0513845041227 90.0991966765711 90.1226682668375 90.1041146380042
86.8765786029263 87.0232725129951 87.1273584286637 87.2819958482259 87.2787065268011 87.3256362790238 87.602997621019 87.5118301395677 87.5208828442324 87.6057947526514 87.7767609842059 88.1023333349104 88.1678736492077 88.1838141091917 88.2555884503892 88.3884382922606 88.6167350219909 88.7513038019531 88.7977166188485 88.7074865814312 88.8110770466158 89.069121080979 89.0104421408172 89.0704225076749 89.2135928863659 89.2027604321788 89.3425184166677 89.3658142206176 89.513016101355 89.5633784267486 89.6052943768464 89.6387043959163 89.7481143546509 89.7847630242377 89.6810486141011 89.7317153473881 89.9452112653541 89.9932633034234 90.1254712287177 90.1442196467517 90.0262963484867 90.0614002721707 90.1302479257028 90.1665993972344 90.1778804794105 90.1252851357613 90.1445962130027 90.2110707979473 90.2522639009515 90.280644594769
86.9367042966132 87.0251467400662 87.075277105243 87.2464686231589 87.3359113250128 87.3089771709765 87.5289100459466 87.5192334548866 87.5762316933955 87.5945375658676 87.7698400843539 88.0130802100575 88.1498334642982 88.2199473952113 88.3278650932413 88.4278381774255 88.5589279327021 88.7159217201715 88.6231308192604 88.5996003502288 88.7067184718005 88.9816243920579 89.1815482715691 89.1904418392201 89.2880420554119 89.3187069472663 89.413331076935 89.534787475134 89.5554059860843 89.6478784895932 89.6952120369817 89.6934662090441 89.7922351518672 89.7573181350077 89.801466347603 89.8619520959395 89.9552522664671 90.0214091378263 90.0744520162457 90.1681870161094 90.0962008524092 90.1216317227368 90.1692903137285 90.2535202815388 90.2863961745718 90.257753056509 90.2806193418856 90.3113013855476 90.3738760326735 90.4014564272817
86.9170344979 86.9316574096402 87.0379145837877 87.2296541258148 87.2043818702502 87.3193627819285 87.5280721881273 87.5577425107771 87.6674080037437 87.8433303265309 87.7801079672185 87.9818254684539 88.1319784035025 88.1041130455023 88.2859803773787 88.4109088771025 88.5174564010909 88.7134830284821 88.6995271063995 88.7694311674887 88.6953773909473 88.8748379417586 89.1968716851917 89.295608128818 89.3265845688446 89.422253362209 89.5563283536023 89.5889594730755 89.544626807467 89.7067274423373 89.8798231438752 89.857009958852 89.9126721551636 89.8685431678714 -9999 89.9157969617482 90.0609385032453 90.0762461874301 90.124106506554 90.1897880819639 90.1579136710662 90.1105895710845 90.1620753926837 90.2220227073163 90.261304342448 90.3236713728684 90.3805718923905 90.4199023209842 90.3436687677763 90.3066862993854
86.8820026611523 86.8779269556203 87.030913461722 87.1837693540921 87.2430311275676 87.3854867368127 87.6849596386691 87.7054538884301 87.7057449994307 87.993893706304 88.0712630638816 88.1923762115172 88.2656625873219 88.3684332030301 88.4169272580785 88.4630101624609 88.5715551603016 88.7127964936849 88.8167652461369 88.8857835710001 88.9054461652896 89.038505015195 89.1521387900104 89.3542101982526 89.4513353235295 89.5126497622616 89.6034488997189 89.5631606050075 89.7038392169634 89.8446328778773 89.880325123535 90.0281049199336 90.0757487119981 89.9344681296174 -9999 -9999 90.04958129839 90.0535350963658 90.1131344797285 90.1775917192955 90.1740349681654 90.0915693522965 90.1943390616809 90.2128860914894 90.2328248822561 90.2853843829079 90.4065960342835 90.4778338735649 90.3155820557476 90.3296000213046
86.7226913929205 86.8132901578656 86.9758143694184 87.184511557759 87.2064380286951 87.2561308678984 87.6779613650421 87.7347751024861 87.76231949743 87.8399552590494 88.1078009644612 88.1814641310735 88.2444964867409 88.3840039090414 88.4702469219218 88.5471195517093 88.5920884810321 88.5972024579202 88.7567341046825 88.9486921525149 89.0363417192276 89.2464854507595 89.3620475187887 89.4034556233485 89.4490223065519 89.4929603565799 89.633458502998 89.6661432614073 89.8522862043967 89.920093301153 89.9006513345191 90.0204273621423 90.1799404164414 -9999 -9999 90.055763831634 -9999 -9999 90.1617808849823 90.2486632684047 90.1727394870873 90.1404742575118 90.2374248788256 90.3326065441839 90.3719495009116 90.3522847669552 90.374206688411 90.3996117134771 90.3741258909996 90.4427223317232
86.6427946346316 86.740287272146 86.8844811486928 87.1482405682246 87.318699771252 87.3955843482682 87.5765280258476 87.7439721555607 87.9093664458589 87.8723351710061 87.9685190486887 88.0779516923579 88.1506231478894 88.2325846008882 88.333863477483 88.4785233349542 88.6534589609008 88.6152694797145 88.7596161468709 88.9343654985575 89.1245398322361 89.31624318348 89.3027969920536 89.369030145548 89.5073147980799 89.4341007916521 89.5861600531513 89.7534311784265 89.8742845321527 89.9258555769281 90.045853157325 90.0113608234996 90.1958480044768 -9999 -9999 -9999 90.2207903615554 90.2581194913305 90.3222845690409 90.376312351591 90.2262865772399 90.2284550028303 90.2974707546723 90.4217140131228 90.539849248877 90.4698978961481 90.3872664131426 90.4370189902087 90.4611827618423 90.4858210525466
86.5402040885926 86.7341629187257 86.9591856007952 87.0298221128078 87.3932546798708 87.4420127701157 87.5581432059949 87.7174482954909 87.8580866600091 87.9303017826443 87.9752255380781 88.0674565760274 88.1398792139113 88.229826307569 88.3366688287423 88.509148835046 88.7727664377746 88.7973845864763 88.8862190407035 89.0445506287076 89.1662840910386 89.2643958746746 89.2928573229253 89.3906473826306 89.5874082944119 89.4996855942688 89.7052463889878 89.7815650402851 89.9486958437656 90.0621437230168 90.1336809415276 90.1072587372797 90.1282758781742 -9999 -9999 90.172105523115 90.2155722486011 90.2529128517801 90.4062158445934 90.4868917549657 90.3913470456678 90.3114946758408 90.3364035750706 90.4167595216521 90.5087844724788 90.5082485277215 90.539075157219 90.6237375876682 90.6239637546976 90.6897112510215
86.5248629190859 86.6966919210825 86.951694653298 87.1404410317418 87.2372826729087 87.424462783999 87.5585716381645 87.6340890555098 87.719689858348 87.9036255086518 88.0315415047811 88.1402011234538 88.2123831894949 88.3303755661947 88.4919867199869 88.5847047086652 88.6890606406634 88.9218710967265 89.0078139073747 89.0993081133052 89.2088896323281 89.3107379358692 89.3798752509997 89.4119524639565 89.5188010336437 89.5598605962381 89.7151748656855 89.6962117646476 90.0437046057487 90.2395607395391 90.1784739871425 90.1680013696337 90.1236333899958 90.0122260534529 -9999 90.2724955419295 90.3478737661306 90.2248597765575 90.3568822243536 90.5040672132884 90.5688523374778 90.4158882920326 90.4504181313074 90.4912300853028 90.51571041164 90.5401241781504 90.5878219713729 90.6884643435005 90.6894685321679 90.8336900483647
86.590435054338 86.7838375344713 86.9872681295441 87.011826331155 87.2283514108902 87.3698554293033 87.4216353051096 87.5424000864558 87.6725740387634 87.8489999729597 88.0059428242561 88.1154843981797 88.2259233715737 88.4596561981225 88.5698799669193 88.6121677387348 88.6634036672985 88.9956505839847 89.0738501051202 89.1674685436513 89.2993639820027 89.3530360158858 89.4777563243702 89.5402245052537 89.6045097088379 89.6115493668143 89.6862437735235 89.7354453470313 89.9132858187857 90.2273590666789 90.3582398139374 90.2860609928883 90.2296603551772 90.1246531366894 90.1683384305636 -9999 90.5205343882317 90.3733603657881 90.2957535535407 90.4819139462191 90.6092874583964 90.5595785296218 90.6171718772898 90.6948139577394 90.6637767017176 90.7296266762428 90.8110873342619 90.7609969514631 90.6177044109991 90.769194560385
86.6446501858639 86.7944020084782 87.0893026829691 87.1063995196356 87.197754783457 87.0917482786394 87.4563981999267 87.578613650737 87.7175407608281 87.838982970813 87.9956858424196 88.076125517463 88.1355674025566 88.3744352661957 88.4812115231036 88.5601128078169 88.6843017326198 88.9643209285386 89.0843553381312 89.210377368958 89.3997988104533 89.3956443548243 89.5374893480554 89.6317082496955 89.7305361422583 89.7358436368239 89.7660705492076 89.8581469378618 89.9751487583397 90.1224772447318 90.2723533644735 90.3854178755196 90.3585510529147 90.3578951187899 90.3012995592789 90.3741629037464 90.6269640336799 90.5782427941117 90.3723842552138 90.5209248491656 90.6199815114016 90.665523484253 90.6583860838041 90.7710580048099 90.8302651081433 90.8943697232506 90.9525086750158 90.8356445982485 90.7464330247756 90.5980249569597
