rcp4.5models/GFDL_CM3/sc1gr2.35
NCOLS 261 
NROWS 433 
XLLCORNER 336357.134 
YLLCORNER 654653.479 
CELLSIZE 1000 
NODATA_value -3.4e+38 
[rows 308 to 329 of 433, columns 147 to 195 of 261]
273.013336181641 273.830383300781 279.520568847656 290.624176025391 306.476318359375 315.135101318359 320.208587646484 327.677947998047 335.454986572266 330.24267578125 324.926177978516 336.256164550781 342.81640625 339.125183105469 336.123779296875 325.459228515625 315.024230957031 314.849060058594 315.078582763672 315.013427734375 315.698944091797 321.322845458984 349.704895019531 350.230621337891 345.597747802734 339.106811523438 327.355621337891 324.577026367188 338.801086425781 347.835998535156 348.909240722656 335.121643066406 319.710235595703 300.187164306641 293.877014160156 299.098449707031 321.581481933594 333.139617919922 336.014678955078 336.414978027344 330.626068115234 338.77392578125 348.295196533203 347.470886230469 352.331115722656 361.020629882812 361.369842529297 361.479461669922 361.653198242188
270.799468994141 275.815124511719 280.828979492188 286.129669189453 299.542938232422 316.506896972656 322.753356933594 328.269866943359 329.638000488281 320.923828125 320.509368896484 334.692321777344 339.966705322266 331.885559082031 331.563629150391 326.15087890625 312.753265380859 298.661102294922 294.943908691406 304.794891357422 317.40380859375 325.906463623047 348.677185058594 350.203216552734 346.051422119141 342.090484619141 332.770416259766 323.744964599609 330.108489990234 345.364837646484 349.737487792969 343.674713134766 328.123291015625 294.807373046875 290.7421875 295.647613525391 314.511901855469 329.963012695312 335.851257324219 335.786590576172 334.196411132812 345.257293701172 350.015686035156 346.578826904297 345.077209472656 360.256683349609 361.32373046875 360.863037109375 359.287689208984
273.699005126953 278.395111083984 280.779754638672 283.858520507812 297.042236328125 316.116088867188 325.311279296875 327.93115234375 321.376586914062 311.76806640625 318.830291748047 334.892883300781 338.258178710938 327.621276855469 327.391906738281 323.155120849609 308.00048828125 291.866424560547 291.062469482422 308.058654785156 325.318023681641 335.620697021484 349.022003173828 348.436187744141 345.122924804688 343.618560791016 339.495483398438 328.165893554688 324.636993408203 335.065704345703 346.404815673828 347.867126464844 335.506774902344 297.465393066406 291.246734619141 291.65576171875 305.554138183594 324.665954589844 335.983032226562 336.392761230469 335.578887939453 347.726226806641 351.847625732422 347.865447998047 345.276702880859 360.234191894531 361.128936767578 360.32861328125 358.422943115234
276.481750488281 278.589904785156 280.708740234375 284.214385986328 290.630798339844 301.633209228516 320.264495849609 325.991790771484 317.646697998047 311.585968017578 321.791900634766 338.489898681641 337.404998779297 328.756652832031 324.698089599609 315.81005859375 307.567047119141 300.869537353516 304.679534912109 318.886444091797 332.403686523438 342.53173828125 346.948120117188 345.567932128906 340.006561279297 333.898651123047 333.596618652344 326.726593017578 321.170379638672 323.701629638672 335.561218261719 348.15234375 344.111389160156 302.165161132812 288.815521240234 288.634521484375 298.262420654297 316.98291015625 337.497161865234 336.532531738281 334.945587158203 347.1826171875 352.52294921875 349.801727294922 348.216156005859 360.380889892578 360.713684082031 360.573150634766 359.065948486328
277.963134765625 278.759155273438 280.386260986328 283.677734375 288.573089599609 298.590545654297 314.526062011719 312.467010498047 306.180847167969 314.466796875 325.764404296875 335.133209228516 336.355712890625 332.752258300781 324.364624023438 319.061828613281 320.281555175781 315.686218261719 316.000579833984 322.24951171875 332.079010009766 340.577392578125 340.310302734375 340.803192138672 330.493927001953 316.526519775391 321.219329833984 317.158905029297 314.060974121094 318.207000732422 327.681915283203 346.168823242188 346.707153320312 305.055297851562 291.465972900391 293.718414306641 301.675201416016 316.508422851562 337.386474609375 337.242767333984 337.560791015625 349.267242431641 352.500823974609 350.353820800781 349.895324707031 359.298522949219 360.071624755859 360.720825195312 358.923767089844
276.007202148438 277.426513671875 277.700225830078 281.422698974609 290.277404785156 292.728668212891 288.292510986328 282.379852294922 283.819244384766 295.354156494141 304.071044921875 313.300994873047 327.688659667969 337.199768066406 340.225219726562 337.052154541016 330.306427001953 325.239013671875 320.750427246094 315.897094726562 319.129364013672 323.803741455078 341.8115234375 339.583312988281 329.430053710938 325.217193603516 322.054840087891 317.765441894531 317.094055175781 312.383270263672 312.414947509766 329.733154296875 341.983245849609 317.743530273438 300.675933837891 295.597137451172 303.630859375 320.989685058594 335.794616699219 338.572448730469 338.787475585938 348.028259277344 351.343444824219 349.959289550781 355.603729248047 358.443145751953 358.458526611328 359.370880126953 357.613403320312
271.233825683594 274.52197265625 276.880096435547 281.927001953125 286.629760742188 284.588989257812 282.316864013672 278.388214111328 279.934692382812 283.733001708984 289.866790771484 312.253601074219 325.602874755859 333.827331542969 337.421356201172 338.307739257812 329.272552490234 323.80615234375 323.829223632812 319.400817871094 319.677520751953 326.712738037109 343.754302978516 342.221862792969 338.789611816406 333.498626708984 324.398468017578 320.277770996094 316.789825439453 312.755218505859 308.083648681641 320.213531494141 337.328765869141 330.327972412109 312.152404785156 302.142639160156 302.310913085938 312.356811523438 335.692535400391 339.457183837891 339.300842285156 348.115692138672 351.100952148438 348.595062255859 355.465240478516 358.208343505859 357.741241455078 358.725830078125 357.808746337891
268.360107421875 273.812896728516 278.557586669922 280.380676269531 279.500732421875 278.806915283203 279.465148925781 282.001495361328 283.271362304688 286.5205078125 293.04736328125 320.148132324219 326.757690429688 330.731262207031 336.438812255859 333.803344726562 326.469482421875 323.215209960938 327.722564697266 324.381713867188 319.139770507812 325.980865478516 343.996826171875 343.583374023438 340.456390380859 336.022369384766 332.431915283203 327.657928466797 318.845520019531 312.662353515625 305.583618164062 311.813537597656 328.541046142578 339.069702148438 322.58203125 310.942962646484 307.837799072266 312.711791992188 333.153930664062 337.015228271484 342.121887207031 349.938171386719 352.995086669922 350.787170410156 355.4052734375 357.429321289062 357.709564208984 358.817535400391 358.509918212891
272.123748779297 277.089141845703 280.715606689453 280.171722412109 279.652069091797 279.484191894531 284.154327392578 293.182830810547 296.757568359375 299.144378662109 299.126678466797 317.547668457031 323.344482421875 330.218475341797 337.819732666016 328.459991455078 321.537017822266 322.448150634766 328.369018554688 329.276000976562 324.517608642578 328.550537109375 338.703826904297 342.064819335938 333.322967529297 327.7197265625 334.375274658203 332.295379638672 325.220733642578 316.533355712891 305.210327148438 303.200927734375 322.233459472656 341.223358154297 329.271575927734 316.247955322266 310.834564208984 320.251068115234 334.971282958984 337.438751220703 346.485534667969 352.636596679688 354.888977050781 354.005981445312 355.83984375 357.661163330078 358.495086669922 359.237823486328 359.224395751953
282.036926269531 284.900512695312 286.752838134766 287.709808349609 288.051086425781 286.490264892578 291.185974121094 302.720825195312 307.371398925781 309.161193847656 307.603088378906 320.580413818359 328.394866943359 331.93115234375 333.508666992188 322.983032226562 313.701385498047 316.301849365234 322.840423583984 331.250823974609 331.824096679688 332.267639160156 332.487335205078 339.049530029297 332.470947265625 322.860076904297 327.537902832031 328.400726318359 325.569396972656 316.468383789062 309.366271972656 308.652679443359 324.596588134766 338.7939453125 333.621398925781 319.608612060547 312.068389892578 327.250061035156 340.676788330078 343.667755126953 348.605224609375 354.619720458984 355.960144042969 355.444946289062 357.144287109375 358.673431396484 358.252807617188 359.061218261719 360.153717041016
291.541137695312 295.175170898438 296.398986816406 298.2236328125 298.896545410156 298.269744873047 300.585662841797 307.069915771484 309.238159179688 311.879730224609 313.376342773438 324.575592041016 330.772125244141 326.745941162109 324.555053710938 314.735626220703 305.831726074219 307.401763916016 316.034729003906 331.296875 333.394683837891 330.550811767578 332.843688964844 337.09375 335.803009033203 326.826324462891 314.990203857422 309.880554199219 311.314514160156 305.949157714844 310.265686035156 320.141265869141 329.741973876953 335.277648925781 329.615692138672 317.854156494141 310.210998535156 322.85400390625 338.043975830078 342.791534423828 348.479064941406 353.60791015625 355.329162597656 355.22412109375 358.033843994141 359.304748535156 357.926666259766 358.388397216797 360.561553955078
293.787719726562 300.140777587891 301.877624511719 303.698852539062 304.228881835938 305.415771484375 306.416442871094 307.259124755859 308.790161132812 309.573303222656 309.941009521484 322.438415527344 323.341033935547 315.804046630859 313.60888671875 309.141052246094 303.770660400391 306.194732666016 316.072479248047 327.258666992188 331.441467285156 328.444488525391 328.427093505859 334.298919677734 333.941253662109 326.886047363281 310.783386230469 294.497802734375 285.306671142578 287.943420410156 308.446563720703 320.918426513672 327.922882080078 332.213287353516 319.862640380859 313.086975097656 315.139373779297 323.641998291016 332.360565185547 337.523803710938 345.348358154297 351.564758300781 353.692932128906 354.690887451172 357.436798095703 359.875457763672 358.866363525391 359.226776123047 361.144195556641
290.504669189453 297.590515136719 301.095672607422 302.204742431641 302.813995361328 305.143676757812 304.769897460938 304.17041015625 306.851013183594 307.303192138672 307.235870361328 319.317291259766 317.587982177734 309.269439697266 304.706268310547 303.495697021484 302.635406494141 309.168182373047 318.413299560547 317.072326660156 327.919921875 329.577056884766 318.875549316406 326.499481201172 332.369934082031 327.231079101562 315.794006347656 295.133087158203 271.926910400391 274.118530273438 301.121551513672 317.396301269531 323.86279296875 330.854034423828 323.303375244141 322.082916259766 328.015808105469 334.448303222656 332.367584228516 338.210693359375 347.149505615234 351.201568603516 353.184722900391 355.310729980469 357.095520019531 359.5283203125 359.814788818359 360.939300537109 361.579040527344
293.113128662109 297.752777099609 300.994689941406 301.162445068359 301.923858642578 304.364532470703 303.156677246094 301.237243652344 303.585540771484 305.898162841797 307.10791015625 319.216033935547 312.821899414062 306.814422607422 301.475128173828 300.606231689453 301.201599121094 306.692535400391 312.079254150391 308.838256835938 323.025390625 331.240509033203 312.548797607422 317.840026855469 327.791748046875 325.659759521484 317.359893798828 300.865051269531 276.152191162109 268.197509765625 285.429077148438 307.880737304688 321.013122558594 325.866455078125 330.896759033203 336.806304931641 337.001892089844 341.205047607422 337.508636474609 340.824768066406 350.207885742188 351.402740478516 353.978546142578 355.72802734375 357.36669921875 358.882843017578 360.085998535156 360.672088623047 361.124420166016
297.097625732422 300.888854980469 302.249420166016 303.060760498047 303.125610351562 304.277954101562 303.067596435547 301.164123535156 303.186187744141 305.837860107422 307.990234375 321.088043212891 312.588439941406 302.686370849609 299.328063964844 301.140838623047 302.615966796875 303.513824462891 304.125152587891 302.966522216797 312.611785888672 327.012969970703 318.507934570312 317.009002685547 319.540740966797 317.191741943359 309.929077148438 299.636596679688 285.130798339844 271.994567871094 274.927917480469 295.523498535156 315.767272949219 318.039825439453 329.129455566406 339.263153076172 343.722045898438 345.792114257812 343.616577148438 344.686828613281 350.096343994141 351.584533691406 354.432800292969 355.244903564453 357.41162109375 358.875701904297 358.395599365234 358.372344970703 360.917724609375
296.216003417969 301.072143554688 302.121978759766 303.460021972656 304.159515380859 305.373046875 305.304443359375 303.756439208984 306.914825439453 308.908508300781 310.5556640625 318.776275634766 312.234375 300.945892333984 297.741241455078 301.519012451172 303.981567382812 301.894073486328 300.512176513672 298.079803466797 302.634826660156 313.749267578125 323.682434082031 321.065155029297 315.856719970703 309.619354248047 294.698669433594 283.6201171875 281.883575439453 279.287200927734 285.248138427734 300.988342285156 312.189971923828 318.233093261719 329.914184570312 336.446441650391 345.016235351562 347.903015136719 347.621856689453 347.598724365234 349.797149658203 351.420806884766 353.1015625 354.676391601562 356.661499023438 357.989196777344 357.284820556641 358.517608642578 361.475830078125
291.281372070312 297.142639160156 299.676239013672 301.513641357422 302.514862060547 304.427429199219 306.702758789062 307.144287109375 309.056884765625 308.546081542969 309.537109375 313.338928222656 309.985229492188 300.6318359375 297.941680908203 300.878082275391 302.340972900391 300.284729003906 297.917694091797 294.745666503906 298.000793457031 302.161315917969 318.211547851562 324.238006591797 319.379974365234 309.303558349609 291.709106445312 276.508636474609 275.092224121094 286.068023681641 300.038391113281 312.640838623047 318.941345214844 320.650268554688 333.473907470703 337.938629150391 343.533599853516 348.356994628906 349.217437744141 348.065979003906 349.323516845703 350.891235351562 352.089599609375 354.507446289062 355.344573974609 357.565765380859 357.856658935547 360.341125488281 362.005340576172
286.282440185547 293.797119140625 296.178100585938 299.199920654297 301.634399414062 302.163879394531 302.263763427734 302.346923828125 303.456268310547 299.63037109375 298.510467529297 310.102844238281 307.413452148438 303.894439697266 300.036407470703 297.287017822266 298.539886474609 303.308166503906 308.762390136719 312.292297363281 311.043975830078 312.884826660156 320.643829345703 319.025421142578 314.804473876953 316.140686035156 311.400421142578 304.189239501953 284.416320800781 282.998321533203 302.576721191406 314.627655029297 320.708953857422 337.186309814453 335.847229003906 337.549713134766 345.036224365234 349.032165527344 349.945587158203 349.293487548828 349.566711425781 351.64697265625 351.091369628906 353.084136962891 354.804809570312 357.398620605469 358.733184814453 359.713409423828 360.830291748047
291.134796142578 295.015899658203 297.034118652344 298.823150634766 299.875274658203 301.513946533203 299.972991943359 298.561828613281 300.841644287109 300.164978027344 299.238403320312 307.441467285156 304.593505859375 303.582672119141 299.876647949219 293.319702148438 291.393829345703 294.914093017578 304.196716308594 309.789459228516 314.543701171875 319.399841308594 317.795806884766 316.599273681641 311.554107666016 315.47119140625 316.817108154297 307.033020019531 285.493103027344 284.101348876953 293.344696044922 300.855163574219 308.280120849609 339.438262939453 341.685913085938 341.909362792969 345.400726318359 349.374542236328 350.455780029297 350.330322265625 350.962188720703 352.905242919922 351.749114990234 353.274139404297 355.432403564453 357.163665771484 358.146453857422 359.266204833984 360.753448486328
290.582366943359 293.519226074219 295.184448242188 294.598266601562 295.1396484375 298.658325195312 296.499298095703 295.740936279297 297.432525634766 299.399597167969 301.093139648438 305.669067382812 302.492584228516 301.269287109375 298.078643798828 292.728851318359 288.184295654297 288.024322509766 296.285736083984 303.844299316406 312.344299316406 313.869110107422 315.249084472656 313.996490478516 312.345733642578 314.301666259766 315.354431152344 306.2421875 291.66015625 288.647064208984 295.623840332031 298.461608886719 309.671600341797 338.154541015625 342.934234619141 346.557800292969 346.597106933594 349.078430175781 351.008636474609 351.647552490234 352.934997558594 354.213287353516 353.998382568359 354.765045166016 355.812255859375 356.640014648438 356.774383544922 358.362579345703 359.4892578125
284.730804443359 288.363739013672 291.333557128906 290.216583251953 291.522583007812 294.211181640625 292.934051513672 293.463104248047 295.619537353516 298.474456787109 301.944854736328 306.047241210938 305.030517578125 301.666015625 298.452789306641 295.580047607422 291.883178710938 288.942657470703 295.922058105469 309.780090332031 312.287872314453 308.910552978516 322.846984863281 317.493194580078 319.961791992188 317.18212890625 309.727508544922 303.170135498047 291.434844970703 290.0322265625 304.636291503906 312.259948730469 322.227233886719 337.863311767578 342.167449951172 346.287841796875 348.309356689453 350.025970458984 350.857696533203 351.788604736328 353.500762939453 354.214630126953 354.628295898438 355.712493896484 355.703125 355.013732910156 355.195556640625 356.216369628906 356.685607910156
282.394134521484 285.195159912109 287.829925537109 289.966094970703 290.121673583984 290.817169189453 291.969512939453 292.139831542969 292.632263183594 296.192840576172 301.263092041016 303.892425537109 304.851745605469 303.83984375 301.82373046875 299.453063964844 295.057434082031 292.980255126953 301.116241455078 312.852325439453 308.267547607422 306.238342285156 325.264190673828 331.920532226562 331.430572509766 322.975341796875 313.093475341797 307.541442871094 291.456909179688 287.221649169922 308.359039306641 321.230255126953 329.05224609375 335.459594726562 341.990386962891 346.913360595703 348.177642822266 349.305725097656 349.024780273438 350.671203613281 352.241302490234 352.87451171875 354.303314208984 355.971038818359 355.591522216797 353.562622070312 353.658630371094 353.877014160156 355.514587402344
