rcp4.5models/GFDL_CM3/sc1gr3.19
NCOLS 261 
NROWS 433 
XLLCORNER 336357.134 
YLLCORNER 654653.479 
CELLSIZE 1000 
NODATA_value -3.4e+38 
[rows 264 to 285 of 433, columns 147 to 195 of 261]
252.331344604492 260.400054931641 258.050445556641 252.664047241211 251.924255371094 256.300628662109 265.053894042969 265.946868896484 266.558441162109 269.353668212891 270.823150634766 271.7255859375 271.907623291016 272.094451904297 272.0400390625 271.405670166016 270.946197509766 270.881225585938 270.522644042969 270.029022216797 269.718048095703 270.427917480469 269.563659667969 -3.4e+38 -3.4e+38 -3.4e+38 268.832183837891 268.435455322266 268.036834716797 267.313385009766 266.842803955078 266.936279296875 267.34228515625 267.832458496094 267.539215087891 267.796875 268.841796875 269.493988037109 267.234497070312 264.673583984375 268.649810791016 268.828643798828 268.935852050781 269.570983886719 270.191680908203 269.860443115234 269.126373291016 268.602081298828 268.035583496094
256.744140625 259.621551513672 252.642791748047 240.599685668945 241.126907348633 252.359436035156 259.313385009766 262.253631591797 265.623229980469 267.586334228516 269.697082519531 271.340484619141 271.686920166016 271.911376953125 271.8544921875 271.201263427734 271.107208251953 271.147766113281 270.370788574219 269.675842285156 269.990081787109 270.118133544922 269.850708007812 269.570281982422 -3.4e+38 269.291870117188 268.836761474609 268.267669677734 267.767181396484 267.181823730469 266.645782470703 266.867065429688 267.230926513672 267.487884521484 267.500213623047 267.891296386719 269.003448486328 267.800231933594 260.679656982422 257.466613769531 266.263610839844 268.917663574219 269.225402832031 269.711303710938 270.045562744141 270.279876708984 269.482452392578 268.811859130859 268.221649169922
256.497161865234 248.506164550781 234.729934692383 224.587860107422 223.13215637207 236.184204101562 248.471801757812 260.371154785156 264.038360595703 266.445129394531 267.290740966797 271.534393310547 271.854858398438 271.835754394531 271.657684326172 271.330108642578 271.560699462891 271.296783447266 271.090209960938 270.813568115234 270.360748291016 269.663696289062 269.368408203125 269.282836914062 -3.4e+38 269.245483398438 268.326049804688 267.639251708984 267.028656005859 267.114898681641 267.129241943359 266.469818115234 266.728210449219 267.940826416016 268.315856933594 268.518005371094 268.331939697266 268.723236083984 264.891571044922 255.198013305664 256.831146240234 266.459747314453 268.477874755859 268.039978027344 269.146209716797 270.032012939453 269.321166992188 268.672088623047 269.039886474609
253.380218505859 247.401657104492 231.587905883789 217.841949462891 213.141906738281 224.199508666992 236.240173339844 254.202026367188 260.328430175781 263.642852783203 265.903015136719 271.481781005859 271.852966308594 271.836364746094 271.823303222656 271.615936279297 271.332794189453 271.142547607422 271.163848876953 270.6650390625 270.467315673828 269.666076660156 269.188934326172 268.988983154297 269.530242919922 -3.4e+38 268.398406982422 267.802032470703 267.455078125 267.374114990234 266.990051269531 266.517242431641 266.841186523438 267.885681152344 267.955963134766 268.351684570312 267.946411132812 268.402709960938 265.048278808594 254.230209350586 252.888687133789 263.913452148438 268.134765625 267.915374755859 269.049591064453 269.711517333984 268.778839111328 267.492340087891 268.677642822266
243.188461303711 238.380325317383 229.026657104492 214.651336669922 209.911590576172 217.724746704102 224.652908325195 241.301971435547 253.315505981445 259.966430664062 264.781829833984 271.226196289062 271.802764892578 -3.4e+38 271.878387451172 271.665832519531 269.433258056641 267.786254882812 270.800018310547 270.371002197266 269.776184082031 269.067657470703 269.016296386719 268.854034423828 269.244323730469 -3.4e+38 268.789001464844 268.415893554688 268.037567138672 267.814056396484 266.99365234375 266.765014648438 266.882476806641 267.72705078125 267.946136474609 268.202301025391 267.706237792969 268.346435546875 266.934600830078 261.226989746094 259.959411621094 265.405822753906 268.184112548828 268.902038574219 269.084564208984 269.332092285156 268.654418945312 267.738952636719 268.712829589844
229.331253051758 216.132049560547 216.473510742188 215.962173461914 218.982192993164 222.411026000977 222.364486694336 227.206130981445 241.960891723633 257.926422119141 263.316070556641 270.929809570312 271.631713867188 271.816284179688 271.766845703125 270.901580810547 267.838256835938 266.645660400391 270.645843505859 270.102813720703 268.816497802734 268.649780273438 268.740875244141 268.923248291016 269.385467529297 269.499847412109 269.040161132812 267.917083740234 266.991333007812 267.666320800781 267.457855224609 267.124176025391 266.762847900391 267.616546630859 267.653350830078 267.847015380859 267.602874755859 267.923278808594 268.156494140625 267.709991455078 267.174468994141 267.304473876953 268.009338378906 268.458038330078 268.445770263672 269.041442871094 268.491455078125 268.418487548828 268.911163330078
211.549682617188 200.629531860352 208.387771606445 224.833938598633 231.682983398438 236.10041809082 236.027603149414 230.390548706055 234.609115600586 254.410614013672 263.119750976562 270.824859619141 271.214447021484 271.587799072266 271.634399414062 270.899871826172 269.072998046875 268.903991699219 270.29736328125 269.857971191406 268.874847412109 268.906982421875 269.099212646484 269.265686035156 269.219543457031 269.316223144531 269.109649658203 267.492156982422 266.472534179688 266.961364746094 267.421875 267.097961425781 266.875823974609 267.139038085938 267.000793457031 267.313415527344 267.592681884766 267.591400146484 268.049377441406 268.387817382812 267.130828857422 266.473571777344 267.011505126953 267.717803955078 268.218200683594 268.66455078125 267.922210693359 268.26611328125 269.167846679688
200.693496704102 200.932067871094 210.429840087891 233.870712280273 238.541625976562 246.134719848633 248.906265258789 245.638900756836 244.897369384766 255.965148925781 264.911071777344 270.425262451172 270.949035644531 271.436004638672 -3.4e+38 271.398651123047 269.653381347656 267.894256591797 270.129608154297 269.980621337891 269.482116699219 269.594970703125 269.701324462891 269.640380859375 269.059234619141 269.252807617188 269.219482421875 268.525115966797 268.017150878906 267.127807617188 266.977203369141 266.827239990234 266.998077392578 266.746398925781 266.475250244141 267.037628173828 267.646057128906 267.770812988281 268.012634277344 267.9462890625 266.7783203125 266.105499267578 267.057739257812 267.931030273438 268.2890625 268.248077392578 267.76318359375 268.383087158203 269.363586425781
209.052444458008 217.648696899414 225.854797363281 239.76350402832 242.161346435547 249.204086303711 253.414428710938 254.741485595703 257.154388427734 261.092407226562 266.302185058594 270.023895263672 271.186096191406 271.608215332031 271.650177001953 271.521087646484 269.394226074219 267.00439453125 270.462615966797 270.545257568359 270.215881347656 270.481201171875 270.099426269531 269.913879394531 269.364685058594 269.017608642578 269.086517333984 269.131561279297 268.710296630859 267.991149902344 267.501495361328 267.294494628906 267.432464599609 267.004028320312 266.291809082031 266.972686767578 267.350433349609 267.812896728516 268.002655029297 267.613677978516 266.67919921875 266.1474609375 266.761047363281 267.280853271484 267.533447265625 267.725280761719 267.984191894531 268.781524658203 268.943756103516
225.398315429688 233.578643798828 240.94970703125 245.211578369141 246.650131225586 250.397842407227 254.200164794922 256.25390625 260.953491210938 264.156951904297 268.065185546875 270.841491699219 271.516662597656 271.602630615234 271.666534423828 271.569122314453 270.373474121094 -3.4e+38 -3.4e+38 -3.4e+38 -3.4e+38 270.73974609375 270.291198730469 269.880340576172 269.256713867188 268.586944580078 268.703979492188 268.679321289062 268.501556396484 268.303771972656 268.367889404297 268.184539794922 268.012420654297 266.927093505859 266.034057617188 266.429809570312 266.540954589844 267.029998779297 267.70556640625 267.637756347656 266.626190185547 264.979675292969 262.646331787109 262.256988525391 265.846221923828 266.917022705078 267.947631835938 268.733825683594 268.218994140625
235.12629699707 239.926193237305 245.562103271484 247.926605224609 248.157760620117 248.416290283203 249.75944519043 255.110443115234 264.636138916016 267.377563476562 269.808227539062 271.529327392578 271.600341796875 271.499572753906 271.510009765625 271.408233642578 271.004089355469 270.539825439453 270.662902832031 271.1630859375 270.726898193359 270.290893554688 270.095794677734 269.717102050781 269.244354248047 268.455261230469 268.407836914062 268.222137451172 267.807800292969 267.542205810547 268.256958007812 268.620574951172 268.139892578125 266.211059570312 265.193817138672 265.721252441406 266.04443359375 266.513214111328 267.349670410156 267.506134033203 266.545684814453 264.433441162109 260.541320800781 260.828521728516 264.709259033203 266.7861328125 267.940765380859 268.000610351562 267.447784423828
232.009246826172 239.004974365234 242.31169128418 247.077407836914 248.41145324707 245.818725585938 244.289352416992 253.703140258789 264.878845214844 267.253326416016 269.283020019531 270.906341552734 271.112182617188 271.445129394531 271.513488769531 271.358978271484 270.922271728516 270.264587402344 269.527404785156 269.886169433594 269.804321289062 269.396453857422 269.881164550781 269.608367919922 269.239288330078 268.324371337891 268.126403808594 268.126434326172 267.585266113281 267.195953369141 267.430908203125 268.161712646484 267.880462646484 266.158782958984 265.280487060547 265.793334960938 266.398590087891 266.667999267578 266.964233398438 267.144165039062 266.950592041016 265.115112304688 262.245422363281 263.164154052734 265.376586914062 267.572174072266 267.893493652344 267.568817138672 267.61083984375
219.520614624023 229.521606445312 235.309066772461 243.824813842773 245.717330932617 241.192916870117 239.820404052734 250.03337097168 260.879272460938 265.895050048828 266.150634765625 266.664459228516 266.876434326172 271.047821044922 271.459808349609 271.246520996094 270.930114746094 270.200225830078 269.233520507812 269.418273925781 269.332305908203 269.041290283203 269.392669677734 269.502014160156 269.134948730469 268.223663330078 267.825164794922 267.951263427734 267.573638916016 266.860717773438 266.442169189453 267.436828613281 267.750701904297 266.415405273438 264.784484863281 263.489654541016 265.965484619141 266.804748535156 266.310913085938 266.423553466797 266.941162109375 266.137939453125 264.052551269531 263.185760498047 265.964721679688 267.581085205078 267.466613769531 267.859497070312 268.407531738281
206.182754516602 221.469543457031 235.742309570312 242.021301269531 240.293273925781 234.868560791016 235.329620361328 243.957321166992 253.144805908203 258.166076660156 260.269195556641 263.328674316406 264.015747070312 270.007263183594 271.381042480469 271.20068359375 271.014923095703 270.679840087891 270.111114501953 -3.4e+38 269.589416503906 269.235504150391 269.169830322266 269.334350585938 269.139099121094 268.174377441406 267.528198242188 267.364501953125 267.013854980469 266.737426757812 266.896789550781 267.410491943359 267.663360595703 266.482238769531 264.907928466797 263.805023193359 265.582702636719 265.441802978516 265.678619384766 265.832580566406 266.520477294922 266.663970947266 265.578582763672 263.691040039062 264.221343994141 266.894470214844 266.959136962891 267.797180175781 269.031646728516
203.175674438477 224.784637451172 235.91325378418 234.528793334961 231.255126953125 229.527816772461 229.368118286133 233.031341552734 234.945526123047 233.389022827148 243.998611450195 260.038482666016 264.2119140625 269.634460449219 271.245391845703 271.316619873047 271.048767089844 270.668701171875 270.470092773438 270.286285400391 270.231262207031 270.039947509766 269.044189453125 268.687225341797 268.545532226562 268.192199707031 267.463531494141 266.718109130859 266.509185791016 266.348083496094 266.713470458984 266.381958007812 266.518310546875 266.15576171875 264.696807861328 266.014129638672 265.51904296875 263.848327636719 264.915588378906 265.362976074219 266.16748046875 266.575927734375 266.289886474609 265.129119873047 259.687530517578 241.923858642578 252.020935058594 266.077087402344 268.291107177734
214.374755859375 226.351257324219 238.293304443359 238.146713256836 236.906311035156 236.173843383789 233.353317260742 234.410507202148 236.207550048828 237.347763061523 240.189819335938 258.488464355469 265.359008789062 269.474304199219 270.968170166016 271.320251464844 271.170166015625 270.993804931641 270.712677001953 270.409606933594 -3.4e+38 269.87744140625 269.297241210938 268.802673339844 268.228851318359 267.645050048828 267.251892089844 266.667419433594 266.233764648438 265.669677734375 265.597320556641 265.022674560547 265.169860839844 266.347534179688 264.766235351562 265.419830322266 265.740356445312 264.490234375 263.244598388672 263.887664794922 266.13623046875 266.330078125 265.744812011719 264.987457275391 260.814208984375 236.8505859375 248.511215209961 266.526519775391 268.235046386719
227.724639892578 232.256591796875 241.784713745117 244.477157592773 241.767730712891 237.897201538086 235.217849731445 235.969680786133 234.553421020508 237.054428100586 236.080612182617 256.761840820312 265.933410644531 269.162567138672 270.868408203125 271.352386474609 271.333465576172 271.089965820312 270.373016357422 270.112457275391 -3.4e+38 269.75146484375 268.888763427734 268.488861083984 268.062927246094 267.579071044922 267.105010986328 266.541656494141 265.814758300781 265.283508300781 264.610168457031 264.419464111328 264.774688720703 266.553955078125 265.045379638672 264.034515380859 264.603210449219 264.022888183594 263.409393310547 263.982299804688 266.273162841797 266.257873535156 265.367553710938 264.856170654297 262.462127685547 242.267990112305 247.388931274414 266.080047607422 268.086486816406
234.191879272461 240.519241333008 247.186828613281 247.011093139648 243.569854736328 238.108322143555 235.945526123047 237.788436889648 230.064071655273 231.890502929688 229.006149291992 254.695343017578 263.35791015625 268.497253417969 270.667572021484 271.064971923828 271.223541259766 270.879577636719 270.370574951172 270.064117431641 269.989868164062 269.642883300781 268.520050048828 268.598876953125 268.416107177734 267.929229736328 267.039367675781 266.237579345703 265.538818359375 265.294525146484 264.698791503906 264.80078125 264.785369873047 266.521423339844 265.514099121094 263.940368652344 264.081207275391 264.465881347656 265.4541015625 265.650482177734 266.175445556641 266.1123046875 265.351531982422 264.434326171875 261.998840332031 250.117340087891 249.684661865234 265.482177734375 267.7490234375
238.775115966797 248.324295043945 251.182601928711 248.090682983398 242.91325378418 236.194122314453 239.343032836914 241.222305297852 230.845733642578 231.923080444336 231.856292724609 255.302810668945 263.364776611328 265.787048339844 269.941711425781 270.426971435547 271.033050537109 270.993377685547 270.843902587891 270.412902832031 270.138061523438 269.711273193359 268.803009033203 268.087310791016 266.586853027344 267.548126220703 267.507904052734 266.039031982422 265.104309082031 265.543090820312 265.109558105469 264.7939453125 264.795471191406 266.288360595703 266.343414306641 264.977783203125 264.224487304688 264.510498046875 265.572235107422 265.315765380859 265.442901611328 265.841583251953 265.466857910156 261.879119873047 253.988754272461 254.574340820312 258.469116210938 266.415496826172 267.507293701172
239.915924072266 252.01123046875 253.180679321289 247.59211730957 239.533752441406 235.059310913086 244.512649536133 245.630844116211 234.791030883789 233.726791381836 237.619613647461 253.2236328125 264.222778320312 264.028564453125 268.624206542969 270.108154296875 270.955291748047 271.02099609375 270.860900878906 270.400848388672 -3.4e+38 -3.4e+38 268.914672851562 267.814147949219 266.083892822266 267.1572265625 267.619171142578 266.729949951172 265.861755371094 265.667510986328 264.681060791016 264.690490722656 264.766662597656 265.798248291016 266.132568359375 264.675720214844 262.865051269531 264.53369140625 265.168762207031 264.792419433594 264.667907714844 265.376312255859 265.453155517578 259.917510986328 248.900436401367 258.714935302734 261.686126708984 264.889984130859 267.382873535156
239.909149169922 253.043518066406 252.608245849609 245.697341918945 239.084579467773 239.213958740234 249.143646240234 248.906265258789 235.144927978516 232.96044921875 241.600967407227 248.944213867188 261.955261230469 263.624328613281 267.302185058594 269.939483642578 270.815002441406 270.942291259766 269.521728515625 266.967224121094 268.127655029297 269.827362060547 269.125549316406 268.615539550781 267.815002441406 267.283782958984 267.024383544922 -3.4e+38 266.615203857422 265.592559814453 264.396636962891 264.254821777344 264.464691162109 265.248931884766 265.625183105469 263.989715576172 260.818359375 263.944458007812 264.869476318359 264.31787109375 264.174621582031 265.164855957031 265.585357666016 261.696380615234 255.055297851562 260.596374511719 256.272674560547 258.316223144531 266.284881591797
246.61540222168 256.905120849609 252.145263671875 244.269119262695 239.579452514648 242.932632446289 253.557266235352 252.003997802734 235.863586425781 234.473999023438 244.254302978516 251.540557861328 259.308563232422 258.519348144531 264.575744628906 269.466064453125 270.4541015625 270.802581787109 268.928497314453 265.105987548828 266.529571533203 268.563568115234 -3.4e+38 268.397094726562 267.632232666016 266.863739013672 266.532501220703 266.721954345703 -3.4e+38 265.781951904297 264.537322998047 263.061279296875 264.046417236328 264.556304931641 265.219909667969 264.491912841797 261.510589599609 262.860229492188 264.390625 263.072540283203 262.705993652344 264.5185546875 265.217193603516 263.833648681641 261.894714355469 259.853546142578 253.188003540039 255.768264770508 264.576904296875
