rcp4.5models/GFDL_CM3/sc1gr2.37
NCOLS 261 
NROWS 433 
XLLCORNER 336357.134 
YLLCORNER 654653.479 
CELLSIZE 1000 
NODATA_value -3.4e+38 
[rows 352 to 373 of 433, columns 147 to 195 of 261]
324.915649414062 324.079437255859 327.148651123047 334.720062255859 335.702239990234 335.724090576172 335.744720458984 335.412261962891 334.782165527344 334.972473144531 334.278503417969 327.646881103516 323.490173339844 321.206390380859 326.205505371094 331.370147705078 331.884674072266 330.231994628906 330.027709960938 332.228240966797 332.68359375 334.0634765625 331.934417724609 329.711212158203 331.211090087891 335.808166503906 336.990264892578 337.477203369141 338.112091064453 338.797790527344 338.781951904297 338.764984130859 338.892669677734 340.066131591797 339.686248779297 339.803894042969 340.137512207031 340.113037109375 340.226104736328 340.565948486328 340.809326171875 341.511810302734 341.483551025391 341.45458984375 341.557098388672 342.106994628906 341.331604003906 341.299194335938 341.388580322266
323.121765136719 323.917449951172 327.446105957031 334.511901855469 335.173614501953 335.374938964844 335.718170166016 335.738250732422 335.582061767578 335.274383544922 334.772644042969 331.963439941406 329.138488769531 327.501007080078 330.511016845703 334.186889648438 334.367004394531 330.911010742188 326.193237304688 329.610687255859 335.848602294922 336.549591064453 333.857025146484 333.54052734375 333.616851806641 335.950134277344 337.631683349609 338.165435791016 338.102844238281 338.789489746094 338.922088623047 339.259338378906 339.532531738281 340.417175292969 339.682373046875 339.660888671875 339.638458251953 339.754333496094 340.230804443359 340.702911376953 341.178131103516 341.513122558594 341.485626220703 341.59033203125 342.063446044922 342.112487792969 341.337280273438 341.305603027344 341.273315429688
322.092926025391 324.533782958984 329.825897216797 334.802215576172 334.966369628906 334.847503662109 335.368530273438 335.712005615234 335.731536865234 335.402038574219 334.766510009766 334.625213623047 334.30810546875 334.320434570312 334.49658203125 334.836944580078 335.172668457031 334.537109375 331.678344726562 332.475341796875 335.496734619141 337.012054443359 337.003112792969 337.185577392578 337.141937255859 337.978942871094 338.316467285156 338.154968261719 338.093017578125 338.780578613281 338.913299560547 339.396148681641 339.878692626953 340.412261962891 339.677856445312 339.657135009766 339.775451660156 340.253234863281 340.589324951172 340.836486816406 341.539794921875 341.648529052734 341.992401123047 341.962280273438 342.056518554688 342.117309570312 341.34228515625 341.311309814453 341.279693603516
321.007080078125 323.417175292969 330.29541015625 335.272766113281 335.257507324219 334.819519042969 335.341033935547 335.685363769531 335.705627441406 335.376708984375 334.742095947266 334.77294921875 334.109954833984 332.800445556641 332.145599365234 332.315521240234 335.487823486328 336.156677246094 336.833892822266 335.708160400391 334.616088867188 337.335998535156 336.176696777344 336.139465332031 337.130340576172 338.11962890625 338.652954101562 338.294677734375 338.43310546875 338.771087646484 338.757446289062 338.888427734375 339.370849609375 340.406677246094 339.388885498047 338.929809570312 339.909820556641 340.609893798828 340.724761962891 341.201843261719 341.5390625 341.645751953125 342.115997314453 342.331512451172 342.067596435547 342.250610351562 341.72607421875 341.062103271484 340.519897460938
319.71435546875 324.676544189453 332.67626953125 335.561737060547 335.228057861328 334.791259765625 335.136566162109 335.159027099609 335.355010986328 335.351013183594 334.717254638672 334.749572753906 333.578948974609 331.10986328125 330.784973144531 332.28076171875 335.305908203125 335.63916015625 336.478820800781 336.334045410156 335.957855224609 336.055541992188 334.787933349609 335.966461181641 336.615356445312 337.607330322266 338.44482421875 338.783355712891 338.772796630859 338.761016845703 338.895202636719 339.234527587891 339.364074707031 340.041870117188 339.385528564453 339.0712890625 340.268035888672 340.606292724609 340.719879150391 341.194091796875 341.402404785156 341.142822265625 341.751403808594 342.461669921875 342.434844970703 342.250183105469 341.718658447266 341.075073242188 340.550445556641
320.693725585938 330.729675292969 335.503631591797 335.531463623047 335.198272705078 334.405059814453 334.285949707031 334.630889892578 334.828186035156 334.999725341797 334.691986083984 334.725769042969 334.060913085938 332.578186035156 333.260864257812 335.108551025391 334.948181152344 335.453460693359 336.121215820312 336.800659179688 336.962493896484 335.237548828125 333.553863525391 336.609039306641 337.292297363281 337.286956787109 337.584045410156 338.422210693359 338.761413574219 338.750335693359 339.031951904297 339.724700927734 339.710235595703 339.678131103516 339.660552978516 339.921691894531 340.483215332031 340.237701416016 340.580749511719 340.692779541016 340.898834228516 340.777252197266 341.750274658203 342.461730957031 342.435607910156 342.256072998047 341.860229492188 341.705535888672 341.169311523438
324.142700195312 334.493621826172 335.472290039062 335.319702148438 334.848510742188 334.375274658203 334.0791015625 334.280303955078 334.62548828125 334.646575927734 334.666320800781 335.199768066406 335.215118408203 335.22900390625 335.409027099609 335.422576904297 334.928802490234 335.598815917969 336.438354492188 336.782073974609 337.104919433594 336.674255371094 334.219604492188 336.747192382812 337.778778076172 337.467864990234 337.221008300781 338.408447265625 338.749481201172 338.739105224609 338.874389648438 339.360443115234 339.701080322266 339.670379638672 339.653503417969 339.77490234375 340.115997314453 340.236145019531 340.439727783203 340.187744140625 340.532806396484 340.641174316406 341.244049072266 341.956207275391 341.930297851562 342.254547119141 341.848266601562 341.697204589844 341.17724609375
329.654663085938 334.594085693359 334.940948486328 334.788848876953 334.497924804688 334.524810791016 334.194915771484 333.751922607422 334.099517822266 334.295074462891 334.640258789062 335.507019042969 335.195190429688 335.209899902344 335.223052978516 335.068084716797 334.906311035156 335.576934814453 336.421417236328 336.763000488281 336.927276611328 337.110443115234 336.234741210938 337.4208984375 337.763580322266 337.605743408203 337.706329345703 338.745483398438 338.736968994141 338.727264404297 338.716400146484 338.995391845703 339.691345214844 339.662048339844 339.5048828125 339.267242431641 339.887268066406 340.591644287109 340.4365234375 340.187835693359 340.529418945312 340.506988525391 340.746032714844 341.459838867188 341.435119628906 341.752624511719 341.356750488281 341.329254150391 341.301116943359
333.682464599609 334.160919189453 333.877166748047 333.907928466797 333.937561035156 334.144653320312 334.313049316406 334.192932128906 334.190826416016 333.565093994141 333.760833740234 334.797973632812 335.146575927734 335.160980224609 335.005859375 334.687622070312 335.028228759766 335.708740234375 -3.4e+38 336.382659912109 336.728454589844 -3.4e+38 337.734588623047 337.733795166016 337.577301025391 337.379364013672 337.874206542969 338.516998291016 339.062316894531 338.701873779297 338.6923828125 338.972198486328 339.670043945312 339.643493652344 339.628753662109 339.891296386719 340.596313476562 340.578704833984 340.560211181641 340.4072265625 340.155853271484 340.763427734375 341.477874755859 341.455291748047 341.431976318359 341.383148193359 341.357696533203 341.331573486328 -3.4e+38
-3.4e+38 334.127105712891 333.842834472656 333.692504882812 333.585021972656 333.933471679688 334.140869140625 334.488067626953 334.336883544922 334.034790039062 334.057220458984 335.097961425781 334.947601318359 334.972259521484 335.48291015625 335.161682128906 335.339294433594 335.68701171875 335.85888671875 336.205810546875 336.370239257812 336.712707519531 337.716552734375 337.870483398438 338.059631347656 337.712005615234 338.010314941406 338.702575683594 338.696044921875 338.688323974609 338.679473876953 338.814849853516 339.302764892578 339.633331298828 339.619262695312 339.742980957031 340.225219726562 340.571319580078 340.553497314453 340.534851074219 340.515350341797 340.625854492188 341.101745605469 341.452026367188 341.429382324219 341.887420654297 341.737365722656 341.331695556641 341.305603027344
333.930023193359 334.278045654297 334.128326416016 333.661865234375 333.554656982422 333.724822998047 333.610198974609 333.960662841797 334.161499023438 334.508819580078 334.532073974609 335.574371337891 335.254272460938 334.947448730469 335.460723876953 335.144195556641 335.320495605469 335.50244140625 335.338500976562 335.682037353516 336.007659912109 336.692932128906 337.697967529297 338.007995605469 338.543182373047 338.192993164062 338.341461181641 338.687133789062 338.681243896484 338.674194335938 338.666015625 338.65673828125 338.933868408203 339.481353759766 339.109039306641 339.233276367188 339.854675292969 340.563262939453 340.546173095703 340.528198242188 340.509368896484 340.48974609375 340.729675292969 341.448120117188 -3.4e+38 342.001342773438 342.107879638672 341.331146240234 341.305694580078
333.894836425781 334.244323730469 334.094116210938 333.80859375 333.659637451172 333.371704101562 333.400665283203 333.604522705078 333.954132080078 333.98291015625 334.179229736328 335.547698974609 335.396728515625 335.251739501953 335.101959228516 334.120513916016 334.463104248047 334.981048583984 334.654357910156 334.986846923828 335.828094482422 336.333251953125 337.336883544922 337.835510253906 338.182312011719 338.332061767578 338.675201416016 338.820281982422 339.163940429688 339.157745361328 339.150482177734 339.142120361328 339.276580810547 338.970397949219 338.598510742188 338.862091064453 339.707427978516 340.053680419922 340.172149658203 340.520935058594 340.635803222656 340.854553222656 340.593231201172 341.069641113281 -3.4e+38 -3.4e+38 341.726104736328 341.329925537109 341.305114746094
333.861724853516 334.210357666016 334.061737060547 333.779357910156 333.6298828125 333.340118408203 333.369689941406 333.576110839844 333.926055908203 333.948059082031 334.146911621094 -3.4e+38 -3.4e+38 335.225433349609 334.413513183594 334.089263916016 334.26904296875 334.619079589844 334.305419921875 333.643127441406 334.2939453125 335.968658447266 336.816162109375 337.163940429688 337.164123535156 337.618682861328 338.658020019531 338.953979492188 339.650024414062 339.644256591797 339.637390136719 339.629425048828 339.620422363281 338.599304199219 338.587249755859 338.851135253906 339.560272216797 339.681579589844 340.165191650391 340.513031005859 340.627288818359 340.844543457031 340.588653564453 340.93994140625 341.042144775391 -3.4e+38 341.226684570312 340.94580078125 341.426422119141
333.326873779297 333.677764892578 333.528564453125 333.244384765625 333.27685546875 333.308197021484 333.33837890625 333.543487548828 334.069000244141 334.421569824219 334.44677734375 334.665191650391 335.017730712891 334.698059082031 334.216278076172 334.732604980469 334.915435791016 334.595489501953 334.443328857422 333.468994140625 333.238922119141 335.7900390625 336.297271728516 336.641326904297 336.642242431641 337.099090576172 338.293121337891 338.639099121094 338.933624267578 339.628448486328 339.622222900391 339.614929199219 339.606567382812 339.085906982422 338.935424804688 338.701385498047 339.186676025391 339.671203613281 340.019561767578 340.136840820312 340.487731933594 340.601440429688 340.952941894531 340.801971435547 340.66650390625 341.370391845703 341.226318359375 340.95166015625 341.421142578125
333.10546875 333.141723632812 332.994140625 332.894836425781 333.244110107422 333.454772949219 333.626342773438 333.690826416016 334.364654541016 334.391723632812 334.417541503906 334.465087890625 334.486785888672 334.506988525391 334.525634765625 334.874450683594 335.228668212891 334.733489990234 334.918365478516 334.109405517578 333.738616943359 335.269561767578 335.929962158203 336.621185302734 336.774963378906 337.272766113281 337.773681640625 337.972381591797 338.06201171875 339.260772705078 339.461456298828 339.245666503906 339.592132568359 339.573669433594 339.284149169922 338.551239013672 338.812347412109 339.525115966797 339.510681152344 339.628173828125 340.109985351562 340.723388671875 341.31591796875 340.928863525391 341.035949707031 341.365875244141 341.344421386719 341.322235107422 341.299377441406
332.884735107422 332.609130859375 332.643432617188 332.676788330078 332.7138671875 333.285064697266 334.095062255859 333.980102539062 334.508666992188 334.684326171875 334.387908935547 334.436676025391 334.458984375 334.479827880859 334.499145507812 334.684112548828 334.870941162109 334.87353515625 335.395629882812 334.743865966797 -3.4e+38 334.563812255859 335.754028320312 336.257568359375 336.756958007812 337.257843017578 337.453521728516 337.253234863281 337.747955322266 338.391510009766 338.946380615234 338.872863769531 339.577178955078 339.419860839844 338.911407470703 338.676666259766 339.163391113281 339.514068603516 339.634582519531 339.986511230469 340.102722167969 340.714569091797 341.436798095703 341.418914794922 341.400268554688 341.485687255859 341.720733642578 341.318359375 341.296112060547
332.535461425781 332.569946289062 332.790679931641 332.778594970703 332.35791015625 333.069763183594 333.746002197266 333.952972412109 334.480163574219 334.658599853516 334.357879638672 334.407806396484 334.430694580078 334.452178955078 334.637817382812 334.985992431641 335.002532958984 335.181976318359 335.534393310547 335.38330078125 334.25732421875 333.047790527344 335.575256347656 335.888092041016 336.58203125 336.736511230469 336.935699462891 336.881530761719 337.727966308594 338.222412109375 338.573425292969 338.856414794922 339.419342041016 338.906524658203 338.675079345703 339.163116455078 339.514678955078 339.502471923828 339.757232666016 340.342559814453 340.091186523438 340.574645996094 341.055847167969 -3.4e+38 341.393218994141 341.477661132812 341.832489013672 341.818786621094 341.676574707031
332.684539794922 333.037200927734 332.891021728516 332.428894042969 332.326751708984 332.859985351562 333.210052490234 333.596221923828 334.271209716797 334.299957275391 334.327423095703 334.378479003906 334.401947021484 334.590911865234 334.942962646484 334.968078613281 335.148345947266 335.495758056641 335.509094238281 335.361480712891 334.233673095703 332.847106933594 335.707183837891 336.208984375 336.560882568359 336.412414550781 336.217010498047 336.862060546875 337.858062744141 338.559692382812 338.700561523438 339.193542480469 339.260040283203 338.530975341797 338.800018310547 339.512481689453 339.501831054688 339.355346679688 339.245300292969 339.964294433594 340.082061767578 340.565521240234 341.049346923828 341.275085449219 340.882904052734 341.472839355469 341.954223632812 342.186676025391 341.784912109375
332.466247558594 332.689086914062 332.854034423828 332.390563964844 332.110443115234 332.504730224609 333.177215576172 333.564056396484 334.239379882812 334.268615722656 334.296630859375 334.348693847656 334.372680664062 334.565368652344 334.917877197266 334.930877685547 334.951751708984 335.135833740234 335.322662353516 334.837951660156 334.503143310547 334.509094238281 335.345611572266 336.192535400391 336.539184570312 336.389007568359 336.191162109375 336.842071533203 337.838684082031 338.541137695312 338.828582763672 339.534088134766 339.243682861328 338.655120849609 339.145050048828 339.498443603516 339.488433837891 339.342498779297 338.965576171875 339.217376708984 340.070007324219 340.554534912109 341.037231445312 341.267425537109 340.879638671875 341.084411621094 341.94140625 342.183380126953 341.785125732422
331.892028808594 332.117919921875 332.655700683594 332.821899414062 332.721405029297 332.71630859375 332.468933105469 333.498870849609 334.174774169922 334.204986572266 334.23388671875 334.118408203125 333.817962646484 334.175109863281 334.856506347656 335.048126220703 335.397308349609 335.249176025391 334.924163818359 334.778717041016 334.612762451172 334.803985595703 335.134613037109 335.644683837891 336.150360107422 336.498260498047 336.501068115234 336.65283203125 337.153564453125 337.502532958984 337.936737060547 339.143951416016 339.067932128906 338.4833984375 338.753356933594 339.332122802734 339.096832275391 339.450347900391 339.306457519531 339.060028076172 339.416107177734 339.403015136719 339.644897460938 340.500579833984 340.982696533203 341.325592041016 341.307830810547 341.289367675781 341.387786865234
331.855987548828 332.079956054688 332.433013916016 332.656982421875 332.827484130859 332.365356445312 332.257995605469 332.970581054688 333.821716308594 334.346099853516 334.524810791016 334.083770751953 333.776794433594 334.141540527344 334.664916992188 334.681274414062 335.205718994141 335.053070068359 335.401824951172 335.253570556641 335.084320068359 335.280120849609 335.458068847656 335.617736816406 335.969146728516 335.980438232422 336.132446289062 336.481353759766 336.631195068359 337.131439208984 337.771057128906 338.623687744141 338.692932128906 338.466461181641 338.599151611328 338.953979492188 339.079376220703 339.435943603516 339.426025390625 339.415222167969 339.403594970703 339.391082763672 339.505279541016 339.989135742188 340.473419189453 341.316711425781 341.299591064453 341.281707763672 341.263122558594
332.316497802734 332.543304443359 332.712585449219 332.617004394531 332.789672851562 332.504302978516 332.538665771484 332.575408935547 333.14208984375 334.143707275391 334.348846435547 334.394836425781 334.74560546875 334.769897460938 334.792694091797 334.817749023438 334.84130859375 335.016815185547 335.213623046875 334.894226074219 335.065002441406 335.569885253906 335.927764892578 336.091278076172 336.293121337891 335.797790527344 335.608154296875 336.111511230469 336.461273193359 336.753997802734 337.750854492188 338.459838867188 338.457275390625 338.090515136719 338.443450927734 338.846557617188 339.927551269531 339.652130126953 338.912841796875 339.033508300781 339.390502929688 339.378631591797 339.365936279297 339.604675292969 340.338165283203 341.307281494141 341.290740966797 341.2734375 341.255462646484
