rcp4.5models/GFDL_CM3/sc1gr9.0
NCOLS 261 
NROWS 433 
XLLCORNER 336357.134 
YLLCORNER 654653.479 
CELLSIZE 1000 
NODATA_value -9999 
[rows 44 to 65 of 433, columns 50 to 99 of 261]
-9999 -9999 -9999 -9999 -9999 -9999 -9999 -9999 -9999 -9999 -9999 -9999 -9999 -9999 -9999 -9999 -9999 -9999 -9999 -9999 79.7040405273438 79.957296960731 -9999 -9999 81.4250549884102 81.4074013323523 81.3654003262165 81.3250287070948 81.2493366918312 81.7229377553206 81.7360052615252 81.703393499581 -9999 -9999 81.8707141029734 81.8479635007702 81.8272896487535 81.8087390396433 81.7923533089442 81.7781685623723 88.4690151047405 88.6395178270514 88.7876414894099 88.9371494989397 89.3585819408353 90.6433744671136 90.8112451395975 90.9698924370256 91.1312467117942 91.6928149286112
-9999 -9999 -9999 -9999 -9999 -9999 -9999 -9999 -9999 -9999 -9999 -9999 -9999 -9999 -9999 -9999 -9999 -9999 80.4008920795399 80.4845113215502 80.6342972036323 80.6095031985026 80.5581782105625 80.4321450823982 80.4504842000319 80.4128020722208 80.8715726501948 80.8817982120206 81.0385325222934 -9999 80.9640691730066 -9999 80.8965629940478 81.3818588081449 81.3866368631309 81.3584253648834 81.5772972272699 81.5679107300045 85.696770422692 86.0054535811742 87.0166333579949 87.906146277675 88.0712316109697 88.2201086009079 88.3702056065595 87.4713537459137 91.0999027601681 91.2585266763848 91.4146047480515 91.5764334990665
-9999 -9999 -9999 -9999 -9999 -9999 -9999 -9999 -9999 -9999 -9999 -9999 -9999 -9999 -9999 -9999 -9999 80.5321066836812 80.6625271753062 80.6352256892721 80.5804561837435 80.5270286708472 80.6621690824356 81.1346196856618 81.1441487090822 81.0935161607337 81.2576517906493 81.2349837045752 81.1489211063188 81.1083701004575 81.5819471683279 81.5850786346016 81.5487879425533 81.5720135023441 81.7253299081046 81.707521990479 84.0972794151087 84.2885917663181 85.7117449294557 85.9002934796032 86.6386747880359 84.0003574127976 88.051828304941 88.2640953292031 88.4090157611206 89.2170340599646 90.5042325628417 90.6595875674739 90.823077314559 91.7246265307751
-9999 -9999 -9999 -9999 -9999 -9999 -9999 -9999 -9999 -9999 -9999 -9999 -9999 -9999 -9999 80.2571664181268 80.7191039294358 80.8890701240308 80.8291058195376 80.7704504919297 80.7131332056832 81.1557315477724 81.2412933221904 81.4020489657278 81.376211003019 81.3271713452068 81.2796282700215 81.2336216975844 81.7014513882506 81.6592268020785 81.8474784674548 81.828556838423 81.7935824175633 -9999 81.7242880836012 81.6997317286137 83.3372420345976 85.9685073046579 86.2055043200381 86.3387614428724 86.8407103122668 86.1421025698226 88.2467161685777 88.4214557237546 88.5667478031485 88.7131769941893 89.2489645699956 90.1419457396142 90.2981783570249 90.8445017305729
-9999 -9999 -9999 -9999 -9999 -9999 -9999 -9999 -9999 -9999 -9999 79.3861931743255 79.3677098387158 79.4953711837317 79.9547220073633 80.0461226178234 80.8742084043564 80.8926681420313 80.8323373953945 81.2698828104748 81.280139776816 81.4227455743569 81.3943487276097 81.3416761076744 81.2904225657212 81.7456258904558 81.7500098954363 81.7021438099205 81.8539305814266 81.8129488200275 -9999 81.7360617070409 81.7002375054655 82.1844509643178 82.1826996470754 -9999 82.555040139662 83.5688464486502 86.2696862322867 86.4955757721128 86.7669008933175 87.2697408637927 88.1516881461074 84.8525708195442 88.9691267299536 89.1314617228303 89.2815702792927 90.5533456283555 90.7029112914494 90.8532386069873
-9999 -9999 -9999 -9999 -9999 -9999 -9999 -9999 -9999 -9999 79.3501767444334 79.3686098269032 79.3119217191364 79.7315330983212 79.9270694242283 -9999 80.0884717965457 80.7242296029357 80.7361506962022 80.871613520943 81.5426047040446 81.5763374724136 81.5197406398627 81.4645437043378 81.9150885916514 82.1292589692296 82.1015043099216 82.0532261551544 81.9614107602723 81.9179433233875 82.390550459554 82.3870237401427 -9999 82.5495884537641 -9999 -9999 82.5563758635421 82.4442134122492 83.6843649342184 -9999 87.1973629002029 87.3326410554533 88.5722191679081 86.9697595875727 89.137172332302 89.2872319746145 89.4395943438646 90.7071653618047 90.8570131188491 91.0076296691351
-9999 -9999 -9999 -9999 -9999 -9999 -9999 -9999 -9999 -9999 79.3693180039805 79.3066538633377 -9999 79.9170688781977 80.0740054602215 80.0386999150347 79.9720651641924 80.6836443041272 80.64936905207 80.5889266229622 80.8091314597437 81.2903680241879 81.2963104503925 81.2424122474727 81.4003580584031 81.3736700070964 81.3260542735892 81.279870284525 82.5948689873476 82.6610585824853 82.8470298059508 -9999 82.6027746108755 82.7345320091989 -9999 83.1970887381569 83.0114125226963 82.9746003070296 82.9472419955998 86.7197438367867 87.3532115490952 87.4888045108562 88.728340144442 88.8795505938639 89.0213098964081 89.1642406904879 89.3212137591345 91.1146985854718 91.2623206094186 91.4107702856596
-9999 -9999 -9999 -9999 -9999 -9999 -9999 -9999 -9999 -9999 79.2949195524485 79.7191319245896 80.1043408140453 -9999 80.0998247133331 80.5359507143866 80.545484935477 80.630756131606 80.5684747465634 81.1957819551806 81.2225581589503 81.3635935478143 81.3297221494668 81.2730819388448 81.2178160060753 80.9788569353574 80.9098574763159 81.5542088384841 82.1346145429436 82.1399865328895 82.0986752686488 82.058973478588 82.4570649076531 82.5279858170052 82.496914170609 82.7099496139575 82.606573666674 83.2937022280364 83.2908344802722 84.5136772199254 87.1981398038099 87.3734790711822 85.6247359999953 89.2850262916916 89.4365850627237 -9999 89.7322966336111 91.2662696854688 91.4141154990715 91.5628069480858
-9999 -9999 -9999 -9999 -9999 -9999 -9999 -9999 -9999 -9999 79.9887495256749 80.1345200071914 80.162386186242 80.1035444028854 80.5258948392744 80.7179894769518 80.8720619833579 80.7676829210595 81.2014120338537 81.4750969699122 81.4487571222553 81.3890980444369 81.3307414543855 81.2737129371027 81.7245091222555 81.6415574465192 81.5798511843522 81.8274659440486 81.7566336099851 81.7106709956536 82.1825716087365 82.1726356611628 82.3690960134246 82.3440273895762 82.3073296008518 82.2724044058972 82.2392842503245 82.5543443975962 82.5386825471216 83.0432758980817 87.6364636861807 85.2878900413261 -9999 -9999 89.5892617100508 89.7300485312279 89.8846144817006 91.1350389433652 91.2813360056329 91.4285172928758
-9999 -9999 -9999 -9999 -9999 -9999 -9999 -9999 -9999 -9999 -9999 79.4795941366575 79.9801407900565 80.7126343138704 80.931769847196 80.8899806211692 80.8936686315509 81.3355796042194 81.4647545755563 81.4271804051701 81.3656376399703 81.4933318082276 81.7712489883577 81.9330787135963 82.1059702875978 81.8860366308737 81.8162546072846 81.7651452023669 82.1813699875312 82.1711044361913 82.5391458875218 82.5212602118312 82.4788174457846 82.4380605790449 82.3990236576449 82.3617619555567 82.8519536749732 82.8359452898551 82.8034410082483 83.0331926661779 87.0835190719969 85.9564614391985 87.3504706852769 88.5994150946719 -9999 90.139692787563 90.2938429343675 91.5374169751088 91.6814352964648 91.8264048195105
-9999 -9999 -9999 -9999 -9999 -9999 -9999 -9999 -9999 -9999 -9999 79.2229730467713 -9999 80.1832374770863 80.1550747850166 80.7898736410644 81.3207151774032 81.6635497839472 81.6223039355517 81.5570942880923 81.9957377533619 82.0664157947306 82.1432707075997 82.1755595826029 82.1259147102346 81.9910547806357 81.9290183532065 82.3874838088164 82.5520293360045 -9999 82.5555476012809 82.5158497192296 82.4727617876378 82.9531548220073 82.9368582068424 82.8979979189609 83.1130030903682 83.0880634683994 83.0567258469521 85.2144981666027 84.8979039601096 87.2629596777868 -9999 88.6434701895967 88.7816945857406 89.5770779773399 90.4471092441818 91.6862768173348 91.8304527424374 91.9756179643266
-9999 -9999 -9999 -9999 -9999 -9999 -9999 -9999 -9999 -9999 -9999 79.7182124028098 79.8935322275659 79.8498922460255 79.7789380377298 80.4679598608428 80.6984432306048 80.8875764885372 81.5373765938384 82.0605266585589 82.2568083243469 82.2175887516037 -9999 82.0974703224084 82.5479490634718 82.5369833855418 82.4805608663889 82.6486423961709 82.5643818699797 82.6971886516662 83.1781844655513 83.1603648974357 83.1140088368039 83.3131637421418 83.2830090637613 83.2437926535732 83.2063796374517 83.6990101423121 83.6784248297743 84.7250001490558 86.1597312065676 87.4292764543403 87.5644033799494 88.7985755921668 88.9329677885886 -9999 89.5900253386914 90.1246207831539 90.9789537082366 -9999
-9999 -9999 -9999 -9999 -9999 -9999 -9999 -9999 -9999 -9999 -9999 -9999 -9999 -9999 80.6654637594579 80.6407580129705 80.7562325609201 -9999 81.3099608988781 81.3651077082606 81.3089245097915 81.7515072237706 81.9494866778019 81.9098280643357 81.8512057172831 82.0960452650801 82.0669548168258 82.5282918183601 82.6928899468317 82.6600205889637 -9999 83.3113303488482 83.9667107756428 83.9512643841661 83.9063880463914 84.811572786348 85.374110994957 84.159248681802 85.016827631571 85.7345789585133 87.6150629499032 87.7399824819891 87.8660265093946 88.0034921519439 89.4997461442487 89.6331692487029 89.7676738532901 89.903226246909 90.0713332714993 91.2882896531246
-9999 -9999 -9999 -9999 -9999 -9999 -9999 -9999 -9999 -9999 -9999 -9999 -9999 -9999 -9999 -9999 81.2559018835249 81.3499008472382 -9999 81.2907757226419 81.7311040566146 81.9262082968742 82.0722552085039 82.0277465313029 81.9668910842908 82.4192024740165 82.4004289268935 82.5678871677013 82.4761119017346 82.4244922675418 83.2169492097486 83.2124321111738 83.4928369549263 83.4641684802845 84.1307177756758 84.4461462669361 85.2635291299696 85.4864743730266 86.0470924214905 86.1719397348329 87.7703829044013 87.8955937348091 88.0219113301114 88.15953320125 89.3753982383097 89.5072362779547 89.6517829790013 90.3065082454324 90.4742751172025 91.6845799444746
-9999 -9999 -9999 -9999 -9999 -9999 -9999 -9999 -9999 -9999 -9999 -9999 -9999 -9999 -9999 -9999 -9999 81.3428091056311 81.7785369891553 81.9557886050523 82.1130562462135 82.0685974879087 82.0826417349864 82.5372993945145 82.5189503279272 82.6782866042546 82.6376421803312 82.5814948136749 82.9910191456218 83.1490592689629 83.3435256277019 83.3054718498152 83.2573223151232 83.7353006377787 84.0443000826442 84.5256646413927 84.3689185201877 84.6379167623872 86.1909466016389 86.328887052598 87.6536183059119 87.7796794861884 88.4380987243339 88.5673632105415 89.0763814005657 89.9138561429115 90.0511782095668 90.4603438107239 90.6301800693448 91.8362213182293
-9999 -9999 -9999 -9999 -9999 -9999 -9999 -9999 -9999 -9999 -9999 -9999 -9999 -9999 -9999 -9999 -9999 81.9612614947492 82.1628423055475 82.1927658230575 82.1340738292021 82.5768185808891 82.5587713386675 82.8963952634142 -9999 82.8066650034248 83.2614044459205 83.2376333405369 83.3558304231737 -9999 83.3504869943977 83.8227343822732 83.9738923784774 84.1786800140166 84.1409113740708 84.6760049705276 84.0656339885765 84.0128125829153 85.2613274457409 -9999 -9999 -9999 88.5931919727419 88.7185459609485 88.8636469406058 90.0669424311098 90.1978402731616 90.3299016562922 90.5000136544561 91.7000339032997
-9999 -9999 -9999 -9999 -9999 -9999 -9999 -9999 -9999 -9999 -9999 -9999 -9999 -9999 -9999 -9999 -9999 -9999 82.1850970839342 82.3064678827759 82.7642445111156 82.9537572681092 82.907388282038 82.9222043644779 83.378532061115 83.3550959148958 83.5187621620881 83.4761425834922 83.5564407018364 84.0215309040745 83.9921038556616 84.181301969036 84.224998301924 84.1799101507383 84.3105969958932 85.1095910718632 84.7692232907622 84.7195931087903 84.9407294483021 -9999 -9999 87.6474760703606 87.772150477314 87.9080924378891 88.7521438414077 90.4712911770232 90.5999332337638 90.7297809232821 90.8995109358594 92.0928644865616
-9999 -9999 -9999 -9999 -9999 -9999 -9999 -9999 -9999 -9999 -9999 -9999 -9999 -9999 -9999 -9999 -9999 82.2834922399294 82.8175488173147 82.8741158647242 83.0194158828434 82.9718171751337 82.9063373661652 -9999 83.7349100377948 83.7022977656059 83.6412524716463 83.5815219143796 84.0979998162814 84.2787170452469 84.4167816023921 84.3711641177985 84.1408285481886 84.6123632712226 84.8413871503006 85.2760104872283 85.2708582535444 84.9764404786024 85.390314099272 -9999 -9999 87.7063349320134 87.8268990368407 87.9544334631201 88.4645603093502 89.948884964283 90.7525951144164 90.8826661541081 91.0544022253541 92.2434612764131
-9999 -9999 -9999 -9999 -9999 -9999 -9999 -9999 -9999 -9999 -9999 -9999 -9999 -9999 -9999 -9999 -9999 82.0753167188909 82.2907167760322 82.2451053661945 82.3694888624121 83.5403275880248 -9999 83.7245561782171 83.7565061631957 83.6995630647278 84.1544263081253 84.1251314117382 84.2533606243747 84.3792862216925 84.4152135990278 84.8888400331669 84.7701696543547 84.9657217049846 85.0091280884962 85.1787367398654 85.2915307053352 85.587055482772 85.7740017883231 -9999 86.7663189961896 87.8646603472345 87.9856326442976 88.1075540997152 88.2547387396903 89.4500817384857 89.95645387277 90.7690460348124 91.4245486026573 91.9572580690342
-9999 -9999 -9999 -9999 -9999 -9999 -9999 -9999 -9999 -9999 -9999 -9999 -9999 -9999 -9999 -9999 -9999 82.1742232199723 82.1232985652704 82.0534406208142 82.5720673034146 83.061866523175 -9999 -9999 83.4327265451007 84.299397443472 84.5185907816343 84.4709110558702 84.8733428729472 84.9219818631523 84.8689877080861 85.0585293569026 84.1454628745124 85.1212689714199 84.9198398163526 85.644334076775 85.7253236077534 86.01166167417 86.0743032765658 86.326886158317 86.5660294042231 87.7489964611793 87.877104977471 88.5207756535513 88.65058371953 89.159445117148 89.9833167288149 90.4766584175765 90.8823869653986 91.0316123540096
-9999 -9999 -9999 -9999 -9999 -9999 -9999 -9999 -9999 -9999 -9999 -9999 -9999 -9999 -9999 -9999 -9999 -9999 82.6310385783731 82.6071450837044 82.9363635291119 82.9016326724661 83.3472591307681 83.3186682627845 83.475010772369 84.000948306121 83.9755814889284 85.1412440863852 85.3176159000033 85.2699979275217 85.213506123225 84.0039523501997 83.6116682049103 85.63207888309 84.6942889189717 85.8211272257716 -9999 85.9932775424725 86.1054059350407 86.2190473014673 86.9895605549006 88.1657488067109 88.2880737665005 88.6795448059173 88.800705217065 88.9552627638187 90.1286188536668 90.2549634641827 90.3824750122004 90.5112080287411
-9999 -9999 -9999 -9999 -9999 -9999 -9999 -9999 -9999 -9999 -9999 -9999 -9999 -9999 -9999 -9999 -9999 82.8997364243412 83.0062106284519 82.9537393624278 82.9621483445045 83.412258306073 83.5998940018684 83.7371534616587 83.6846720757804 84.2182181219465 84.1897130433756 84.673871897035 84.5882993701976 84.5338547836253 85.8882789306933 85.3352035253481 85.3087883793317 85.8290599073996 84.5298252135038 -9999 -9999 85.8869916626694 86.4472106777547 86.6440963898337 87.1517942974099 88.3237939923972 88.4415637176469 88.5602678465738 88.6799579885556 88.8516607607935 90.5309673426601 90.6552692333462 90.780795218176 90.907611901839
