rcp4.5models/GFDL_CM3/sc1gr3.39
NCOLS 261 
NROWS 433 
XLLCORNER 336357.134 
YLLCORNER 654653.479 
CELLSIZE 1000 
NODATA_value -9999 
[rows 374 to 395 of 433, columns 150 to 199 of 261]
276.501037597656 276.151519775391 276.233123779297 276.271453857422 276.104278564453 276.159332275391 276.546875 -9999 277.151977539062 277.276794433594 277.129943847656 276.930908203125 276.395843505859 275.798248291016 275.932586669922 276.056030273438 276.055236816406 275.695220947266 276.129455566406 276.249298095703 -9999 276.201995849609 275.982513427734 275.538909912109 275.657287597656 276.271301269531 276.585174560547 277.13427734375 277.764038085938 277.740936279297 277.201080322266 277.637847900391 278.155975341797 278.294769287109 278.331451416016 277.849304199219 277.566650390625 277.204650878906 277.007995605469 277.04052734375 -9999 277.516448974609 278.241882324219 278.372009277344 278.741912841797 278.627777099609 278.461059570312 278.473297119141 278.307586669922 278.416198730469
276.145172119141 276.121856689453 276.39892578125 276.506530761719 276.207275390625 276.287902832031 276.534606933594 276.975006103516 -9999 -9999 -9999 276.873016357422 276.583892822266 276.159851074219 275.896759033203 276.24169921875 276.573944091797 276.228454589844 276.339019775391 276.604095458984 276.492645263672 276.096099853516 275.846282958984 275.914398193359 276.151977539062 276.742767333984 277.017425537109 277.529754638672 277.923248291016 277.924652099609 277.350708007812 277.942535400391 278.398498535156 278.538513183594 278.531951904297 277.926788330078 277.709503173828 277.553009033203 277.354278564453 277.179748535156 277.37548828125 277.591461181641 278.255828857422 278.547576904297 -9999 279.182525634766 278.918365478516 278.863372802734 278.796173095703 278.65576171875
276.147979736328 276.282470703125 276.562255859375 276.818817138672 276.725006103516 276.581665039062 276.728546142578 277.267272949219 -9999 277.576324462891 277.341491699219 276.779449462891 276.605804443359 276.31884765625 275.863342285156 276.234161376953 276.842468261719 276.693603515625 276.667205810547 276.889312744141 276.490905761719 276.111145019531 276.043212890625 276.383087158203 276.438842773438 276.835235595703 277.323211669922 277.752166748047 278.060791015625 278.002655029297 277.401428222656 278.027984619141 278.703460693359 278.55810546875 278.188385009766 278.186767578125 277.895385742188 278.003936767578 277.638763427734 277.2978515625 277.411346435547 277.711242675781 278.166259765625 -9999 279.246307373047 279.274017333984 279.365631103516 279.437591552734 279.369140625 279.214080810547
276.390289306641 276.436370849609 276.55615234375 276.9921875 277.072845458984 276.573272705078 276.676483154297 277.4892578125 277.741394042969 277.459869384766 277.311614990234 276.912567138672 276.434539794922 276.150329589844 276.020629882812 276.310729980469 276.914215087891 277.106109619141 276.897369384766 276.495788574219 276.378082275391 276.470489501953 276.341857910156 276.818206787109 276.880462646484 277.0615234375 277.316192626953 277.696899414062 277.936401367188 277.972534179688 277.752197265625 278.344451904297 278.780944824219 278.567108154297 278.124237060547 278.475708007812 278.283508300781 278.309448242188 277.797698974609 277.208312988281 -9999 277.726898193359 277.927429199219 278.414886474609 278.757507324219 -9999 279.325531005859 279.124359130859 279.522125244141 279.529022216797
276.785369873047 276.514556884766 276.663665771484 277.242828369141 277.480590820312 276.888916015625 276.773468017578 277.654846191406 277.734558105469 277.422821044922 277.109283447266 276.606109619141 276.287719726562 276.050720214844 276.265991210938 276.448211669922 276.904663085938 277.319427490234 277.088653564453 276.185394287109 276.703216552734 276.822784423828 276.720489501953 277.220092773438 277.335998535156 277.176544189453 277.382141113281 277.890533447266 278.057373046875 278.260650634766 277.963500976562 278.259490966797 278.759368896484 278.928405761719 278.788970947266 278.600830078125 278.625518798828 278.242767333984 277.898071289062 277.513122558594 277.273864746094 277.241760253906 277.731994628906 278.289215087891 278.293487548828 278.589385986328 278.915069580078 279.04150390625 279.449493408203 279.503479003906
277.143524169922 276.801635742188 276.832244873047 277.540649414062 277.876983642578 277.58154296875 277.312866210938 277.847381591797 277.978302001953 277.746032714844 277.292846679688 276.837188720703 276.609741210938 276.409057617188 276.343353271484 276.577178955078 277.144714355469 277.640899658203 277.478515625 276.514709472656 276.816619873047 276.996246337891 277.251586914062 277.605163574219 277.661956787109 277.376098632812 277.318176269531 278.006805419922 278.421234130859 278.554107666016 278.363037109375 278.3671875 278.797698974609 279.224700927734 279.384490966797 279.010314941406 278.970306396484 278.422668457031 278.184326171875 277.819122314453 277.143096923828 276.859130859375 277.584716796875 277.738311767578 277.947570800781 278.421966552734 278.589935302734 279.029724121094 279.427429199219 279.433563232422
277.554992675781 277.093963623047 276.941497802734 277.615142822266 -9999 278.274719238281 278.074279785156 278.162994384766 278.1123046875 277.720764160156 277.543212890625 277.422546386719 277.187957763672 276.791564941406 276.364685058594 276.630279541016 277.145446777344 -9999 277.744079589844 277.097290039062 277.091888427734 276.964782714844 277.338439941406 277.9990234375 277.8251953125 277.469696044922 277.202911376953 277.810241699219 278.193420410156 278.452606201172 278.701232910156 278.834167480469 278.867858886719 279.141906738281 279.655853271484 279.478271484375 -9999 -9999 278.612854003906 277.813262939453 277.116271972656 276.687530517578 277.037994384766 277.126281738281 277.36865234375 277.464538574219 278.100616455078 278.723297119141 279.371643066406 278.885650634766
277.867065429688 277.330291748047 277.267120361328 277.420349121094 278.116943359375 278.721343994141 278.604370117188 278.569671630859 277.801208496094 277.464080810547 277.673950195312 277.745269775391 277.599975585938 277.012878417969 276.495849609375 276.703765869141 277.134887695312 277.622131347656 277.983489990234 277.586303710938 277.703552246094 277.300842285156 277.381958007812 278.186889648438 277.942993164062 277.437927246094 277.358428955078 277.48291015625 277.708557128906 278.055206298828 278.470672607422 278.684631347656 278.734344482422 278.841461181641 279.413055419922 -9999 -9999 279.429168701172 278.650848388672 278.078247070312 277.507049560547 276.658172607422 276.609466552734 277.204284667969 277.349884033203 277.112030029297 277.776428222656 278.583374023438 278.7998046875 276.846038818359
278.089965820312 277.870483398438 277.93603515625 277.599975585938 278.017913818359 278.479949951172 278.681915283203 278.476745605469 277.901702880859 -9999 -9999 278.022277832031 277.599029541016 277.059112548828 276.684844970703 277.028381347656 277.549621582031 277.839233398438 278.144775390625 277.83203125 278.050537109375 277.905059814453 277.810943603516 278.147216796875 278.12060546875 277.824279785156 277.446533203125 277.025085449219 277.369689941406 277.689544677734 277.927215576172 278.218444824219 278.303771972656 278.699279785156 278.970916748047 279.577545166016 -9999 -9999 -9999 278.759216308594 278.251129150391 277.339660644531 276.556213378906 277.590515136719 277.927978515625 277.551910400391 277.539276123047 277.573211669922 277.325256347656 273.705627441406
278.838684082031 278.629577636719 278.701080322266 278.511016845703 277.920043945312 277.751007080078 278.377868652344 278.690460205078 278.143493652344 277.641571044922 -9999 277.793914794922 277.754943847656 277.407257080078 277.450836181641 277.718658447266 278.089385986328 278.556793212891 278.504180908203 278.177429199219 278.450836181641 278.587310791016 278.985931396484 278.669158935547 278.039001464844 277.979309082031 277.694763183594 277.436370849609 277.295318603516 277.006530761719 278.046905517578 278.076416015625 278.193725585938 278.307983398438 278.350372314453 278.864868164062 -9999 -9999 -9999 279.372833251953 279.02880859375 278.48583984375 278.697479248047 278.925659179688 277.624633789062 274.905609130859 276.850402832031 276.989349365234 275.991973876953 276.539581298828
279.137512207031 278.841796875 278.835632324219 278.742065429688 278.3544921875 278.016845703125 278.478393554688 278.831970214844 278.300842285156 277.958526611328 277.596099853516 277.367156982422 277.249908447266 277.1015625 277.306182861328 277.791839599609 278.06201171875 278.355285644531 278.540802001953 278.43310546875 278.525634765625 278.874542236328 278.981506347656 278.688323974609 278.093078613281 278.048187255859 277.986663818359 277.844116210938 277.750946044922 277.392242431641 278.057678222656 -9999 278.708709716797 278.547180175781 278.338165283203 278.836761474609 -9999 -9999 279.586090087891 279.720916748047 279.606689453125 279.036193847656 279.064483642578 279.301910400391 277.739013671875 275.600311279297 278.006652832031 277.550018310547 276.576843261719 277.274383544922
278.968566894531 279.029632568359 279.001953125 279.007598876953 278.697540283203 278.646881103516 278.936126708984 -9999 278.609649658203 278.319702148438 277.864013671875 277.576599121094 277.126037597656 276.837860107422 277.213653564453 277.683258056641 277.863311767578 278.202880859375 278.674591064453 278.657836914062 278.534393310547 278.876770019531 278.834197998047 278.722473144531 278.317749023438 278.065032958984 278.138336181641 278.151489257812 278.093170166016 277.85546875 277.991577148438 278.547058105469 278.581573486328 -9999 279.007507324219 278.808441162109 279.499816894531 279.759429931641 279.954772949219 280.027160644531 280.122131347656 279.837493896484 279.248229980469 279.355163574219 278.660766601562 278.105590820312 278.350616455078 278.146759033203 277.862060546875 278.464904785156
278.450958251953 278.868774414062 279.153106689453 279.390869140625 279.053283691406 279.035369873047 279.154418945312 278.990234375 278.515502929688 277.98779296875 277.759765625 277.663970947266 277.42626953125 277.217468261719 277.270233154297 277.256042480469 277.660461425781 278.063018798828 278.421203613281 278.693908691406 278.855651855469 278.787933349609 278.891357421875 279.103454589844 278.623626708984 278.282958984375 278.36767578125 278.579681396484 278.371429443359 277.651519775391 277.961212158203 278.457550048828 278.623870849609 279.171936035156 279.359130859375 279.064727783203 279.349243164062 279.691314697266 279.992340087891 280.188293457031 280.344604492188 280.228271484375 -9999 279.402862548828 279.232147216797 278.742340087891 278.421173095703 278.71630859375 279.047210693359 278.96435546875
278.605010986328 279.024749755859 279.281555175781 279.621276855469 279.343597412109 278.948852539062 -9999 278.733367919922 278.314819335938 277.646270751953 277.660095214844 277.814880371094 277.753051757812 277.604064941406 277.648834228516 277.223754882812 277.295013427734 277.728820800781 277.968841552734 278.496887207031 278.678344726562 278.804901123047 279.09521484375 279.478668212891 278.725372314453 278.517852783203 278.802703857422 278.985015869141 278.49072265625 277.545166015625 277.910705566406 278.352905273438 278.791809082031 279.473083496094 279.505920410156 279.512603759766 279.423767089844 279.704223632812 279.79833984375 280.057220458984 280.567932128906 280.409362792969 279.230102539062 279.691162109375 279.239196777344 277.988006591797 277.29638671875 279.135040283203 279.280975341797 279.442657470703
279.065856933594 279.306396484375 279.521911621094 279.701721191406 279.539306640625 279.292907714844 279.158508300781 278.783905029297 278.250122070312 277.863494873047 278.375762939453 278.477203369141 278.109100341797 277.929748535156 277.821044921875 277.333099365234 277.226776123047 277.500549316406 277.652587890625 278.164855957031 278.351470947266 278.908538818359 279.254913330078 279.783752441406 279.353118896484 279.064300537109 279.176666259766 278.966278076172 278.420227050781 278.025024414062 278.104156494141 278.405364990234 278.697631835938 279.226531982422 279.631744384766 280.048248291016 280.060852050781 280.110229492188 279.770935058594 280.173797607422 280.624450683594 280.592651367188 280.381866455078 280.210479736328 279.260437011719 277.268890380859 277.5458984375 279.45361328125 279.878234863281 280.085021972656
278.9521484375 279.107788085938 279.3037109375 279.622619628906 279.799194335938 279.760406494141 279.379180908203 278.742401123047 278.471740722656 278.274841308594 278.603759765625 278.618408203125 278.327606201172 278.289733886719 277.969177246094 277.654479980469 277.477996826172 277.523773193359 277.485778808594 277.888671875 278.534912109375 279.084655761719 279.416351318359 279.670135498047 280.012359619141 279.678802490234 279.234649658203 279.054809570312 278.814758300781 278.716461181641 278.852569580078 278.620056152344 278.496215820312 278.849761962891 279.6044921875 280.137573242188 280.598266601562 280.523376464844 280.220428466797 280.566314697266 280.532836914062 280.713775634766 280.542785644531 280.468627929688 280.01123046875 278.861389160156 279.588745117188 279.965911865234 280.380859375 280.436248779297
278.295867919922 278.636779785156 278.970825195312 279.511505126953 279.797943115234 279.582214355469 279.0849609375 278.847045898438 278.609222412109 278.521331787109 278.836639404297 278.962860107422 278.815185546875 278.615570068359 278.358825683594 278.046569824219 277.689361572266 277.79541015625 277.433959960938 277.427795410156 278.567565917969 279.191070556641 279.527160644531 279.674438476562 280.163177490234 279.909637451172 279.248596191406 279.179992675781 279.134185791016 279.192626953125 279.412170410156 279.110198974609 278.871917724609 278.924987792969 279.550384521484 279.863006591797 280.695953369141 280.582305908203 280.634124755859 280.707275390625 280.589416503906 280.72802734375 280.600891113281 280.578826904297 280.754638671875 280.230560302734 280.286193847656 280.701873779297 280.793121337891 280.8662109375
277.733947753906 278.162017822266 278.555969238281 279.186248779297 279.656677246094 279.547088623047 279.152526855469 279.072906494141 279.177612304688 279.091918945312 279.310333251953 279.249755859375 279.072723388672 278.64697265625 278.298553466797 278.228302001953 278.210998535156 278.129272460938 277.645690917969 277.451019287109 278.2900390625 279.141448974609 279.490509033203 280.168579101562 280.242095947266 280.132446289062 279.679534912109 279.234649658203 279.174560546875 279.398010253906 279.700225830078 279.526031494141 279.179382324219 278.921691894531 279.565979003906 279.896484375 280.649719238281 280.679809570312 -9999 280.949920654297 280.812469482422 280.868316650391 280.863739013672 280.886322021484 281.056457519531 280.743469238281 280.863464355469 281.260162353516 281.268188476562 281.204437255859
277.922241210938 278.338012695312 278.62158203125 279.224212646484 279.650848388672 279.724273681641 279.594329833984 279.427307128906 279.631286621094 279.401672363281 279.114379882812 278.937225341797 278.869781494141 278.440979003906 278.616088867188 278.718353271484 278.630493164062 278.399353027344 -9999 278.039947509766 278.5712890625 279.235015869141 279.734954833984 280.1982421875 280.178527832031 280.249938964844 279.999145507812 279.427459716797 279.662109375 279.82080078125 280.036193847656 279.460662841797 279.191345214844 278.994750976562 279.599975585938 279.808715820312 280.581573486328 280.675872802734 280.811248779297 -9999 -9999 281.112609863281 280.8935546875 281.201263427734 281.1650390625 281.237823486328 281.264739990234 281.337646484375 281.345581054688 281.211273193359
277.959228515625 278.399169921875 278.664154052734 279.196746826172 279.374389648438 279.509887695312 279.795654296875 279.977203369141 279.295715332031 279.118408203125 279.020324707031 279.010711669922 279.027893066406 278.816162109375 279.143127441406 279.061828613281 278.648406982422 278.912475585938 278.872222900391 278.379638671875 278.573608398438 279.257629394531 279.799652099609 280.143188476562 280.007080078125 280.104278564453 280.053771972656 279.861297607422 280.139739990234 280.233306884766 280.176391601562 279.556976318359 279.377044677734 279.197296142578 279.655456542969 279.693634033203 280.267944335938 280.62646484375 280.595794677734 280.791656494141 -9999 281.250762939453 280.597930908203 280.895568847656 281.242462158203 281.315521240234 281.305389404297 281.266784667969 281.321929931641 281.122436523438
277.610809326172 277.924041748047 278.206787109375 278.717864990234 279.096221923828 279.497802734375 279.825225830078 280.008514404297 279.310455322266 279.192230224609 279.158294677734 279.175598144531 279.192657470703 279.236358642578 279.149047851562 278.803649902344 278.911560058594 279.326110839844 279.399658203125 278.619842529297 278.357879638672 279.207611083984 279.529296875 280.054962158203 280.011596679688 280.243896484375 280.108642578125 280.180023193359 280.170593261719 280.264526367188 280.260437011719 279.796539306641 279.415161132812 279.355682373047 279.772552490234 279.560974121094 279.907775878906 280.662994384766 280.527496337891 280.703247070312 280.861145019531 280.914245605469 280.616546630859 280.83544921875 281.493988037109 281.291198730469 281.216461181641 -9999 -9999 281.100067138672
278.074798583984 278.078796386719 278.243011474609 278.509643554688 278.750671386719 279.232574462891 279.950653076172 280.191253662109 279.856353759766 279.651977539062 279.589416503906 279.682952880859 279.759979248047 279.596008300781 279.217590332031 279.309112548828 279.653106689453 279.956970214844 279.758605957031 278.917449951172 279.016937255859 279.090484619141 279.328369140625 279.866912841797 280.097869873047 280.734527587891 280.702239990234 280.238494873047 280.825164794922 280.778778076172 280.854705810547 280.379974365234 279.927093505859 280.108764648438 280.152496337891 279.445587158203 279.804382324219 280.10400390625 280.054138183594 280.167510986328 280.495544433594 280.761047363281 281.476776123047 281.595520019531 281.521331787109 281.502288818359 281.603546142578 281.445587158203 281.216186523438 280.812774658203
