rcp4.5models/GFDL_CM3/sc1gr1.20
NCOLS 261 
NROWS 433 
XLLCORNER 336357.134 
YLLCORNER 654653.479 
CELLSIZE 1000 
NODATA_value -3.4e+38 
[rows 132 to 153 of 433, columns 147 to 195 of 261]
64.9684906005859 64.9085922241211 64.9356002807617 -3.4e+38 64.5875930786133 64.5503082275391 64.6562652587891 64.3449172973633 64.4064636230469 64.2162704467773 63.906608581543 64.2532501220703 63.9016075134277 63.8391151428223 63.7109222412109 63.4746971130371 63.4350814819336 63.348461151123 63.2305488586426 62.9712753295898 62.8642883300781 62.6986083984375 62.7323417663574 62.8284034729004 62.3225250244141 61.9509887695312 61.9867324829102 61.7519454956055 61.8176956176758 61.8147239685059 61.7310523986816 61.515567779541 60.9217147827148 61.2902145385742 60.9352989196777 60.7594108581543 60.8040504455566 60.540355682373 60.5403099060059 60.553524017334 60.027774810791 -3.4e+38 -3.4e+38 -3.4e+38 -3.4e+38 -3.4e+38 -3.4e+38 -3.4e+38 -3.4e+38
64.9672698974609 64.8991088867188 64.7068557739258 64.5130767822266 64.4899444580078 64.4735488891602 64.597297668457 64.5298919677734 64.387939453125 63.9332847595215 63.8978881835938 64.2098846435547 63.9181060791016 63.9938430786133 63.7170524597168 63.5614624023438 63.6466751098633 63.4721717834473 63.4401588439941 63.178596496582 63.0856742858887 62.909496307373 62.8764457702637 62.827709197998 62.3618240356445 62.0809593200684 62.1947402954102 61.8919677734375 61.6596260070801 61.7728958129883 61.7219352722168 61.6656761169434 61.0897026062012 61.1936492919922 60.957691192627 60.9174270629883 60.689769744873 60.6633529663086 60.5485763549805 60.3117256164551 59.8832168579102 -3.4e+38 -3.4e+38 -3.4e+38 -3.4e+38 -3.4e+38 -3.4e+38 -3.4e+38 -3.4e+38
65.1031188964844 64.8450775146484 64.6577301025391 64.7247314453125 64.6841659545898 64.4846572875977 64.5404205322266 64.6170654296875 64.1889495849609 64.1261596679688 64.2204132080078 64.1211166381836 64.0628509521484 64.1499404907227 63.7653579711914 63.6167411804199 63.7295227050781 63.4350967407227 63.3645095825195 63.432487487793 63.3355674743652 63.2150268554688 62.755500793457 62.4707336425781 62.5239410400391 62.308277130127 62.0654220581055 61.847354888916 61.5212554931641 61.763916015625 61.6454467773438 61.7504806518555 61.1907424926758 60.9933052062988 61.0376396179199 61.0784072875977 60.6770210266113 60.5295219421387 60.2843894958496 -3.4e+38 60.0897254943848 -3.4e+38 -3.4e+38 -3.4e+38 -3.4e+38 -3.4e+38 -3.4e+38 -3.4e+38 -3.4e+38
65.0436019897461 64.9586791992188 64.7840957641602 64.9732513427734 64.881462097168 64.5308380126953 64.5227279663086 64.4252243041992 64.0906982421875 64.305778503418 -3.4e+38 -3.4e+38 64.0935134887695 63.9005928039551 63.7839775085449 63.6757850646973 63.7804565429688 63.4731559753418 63.3683204650879 63.5414199829102 63.372875213623 63.1412887573242 62.6985397338867 62.3765258789062 62.7686042785645 62.4475288391113 62.0891609191895 62.0503120422363 61.9225234985352 62.0595436096191 61.7689628601074 61.790901184082 61.2011337280273 60.8821640014648 61.0945739746094 61.1589126586914 60.7643127441406 60.5759353637695 60.5846519470215 -3.4e+38 -3.4e+38 -3.4e+38 -3.4e+38 -3.4e+38 -3.4e+38 -3.4e+38 -3.4e+38 -3.4e+38 -3.4e+38
65.2366180419922 65.0909805297852 64.797004699707 64.9095230102539 64.8726196289062 64.5227432250977 64.6300735473633 64.4675521850586 64.0722045898438 64.0613784790039 64.1823425292969 -3.4e+38 64.0322952270508 63.8641586303711 63.9317741394043 63.7605018615723 63.8328514099121 63.6098976135254 63.4470138549805 63.4864616394043 63.4730453491211 63.0647926330566 62.9238891601562 62.7874755859375 62.9298286437988 62.6141929626465 62.3848533630371 62.222957611084 62.0780639648438 61.8588447570801 61.7474746704102 61.5118408203125 61.3947792053223 61.3012466430664 60.9570083618164 61.0336456298828 60.9124145507812 60.8827781677246 60.7183380126953 60.4750671386719 60.2353630065918 -3.4e+38 -3.4e+38 -3.4e+38 -3.4e+38 -3.4e+38 -3.4e+38 -3.4e+38 -3.4e+38
65.4260101318359 65.0809555053711 64.7603149414062 64.7951126098633 64.7890472412109 64.5376052856445 64.8155212402344 64.8593215942383 64.3999557495117 64.2831726074219 64.5284194946289 -3.4e+38 64.2041320800781 64.0117340087891 63.9448089599609 63.7091903686523 63.8315048217773 63.4621505737305 -3.4e+38 63.4477958679199 63.6405868530273 63.2069282531738 63.1323928833008 62.8677520751953 62.8649635314941 62.589656829834 62.4440536499023 62.2268180847168 62.0220184326172 61.8632316589355 61.6106491088867 61.2408561706543 61.5488128662109 61.7688331604004 61.234073638916 60.9044494628906 60.6169052124023 60.5365715026855 60.4824180603027 60.3947372436523 60.2573089599609 -3.4e+38 -3.4e+38 -3.4e+38 -3.4e+38 -3.4e+38 -3.4e+38 -3.4e+38 -3.4e+38
64.8526229858398 65.1568145751953 65.2394943237305 64.9234619140625 64.7731781005859 64.4911956787109 64.6628646850586 64.7642288208008 64.3446197509766 64.0824813842773 -3.4e+38 -3.4e+38 64.0488204956055 64.0659942626953 63.9897422790527 63.9518089294434 63.8264503479004 -3.4e+38 63.698429107666 63.7059516906738 63.6602897644043 63.4995765686035 63.0660591125488 62.7775917053223 62.7312622070312 62.3664054870605 62.3135566711426 62.2060356140137 62.1541213989258 62.2475318908691 61.8017883300781 61.3755722045898 61.5182075500488 61.7036170959473 61.4471015930176 61.1973609924316 61.0295028686523 60.9935493469238 60.7241249084473 60.4000396728516 60.4524002075195 -3.4e+38 -3.4e+38 -3.4e+38 -3.4e+38 -3.4e+38 -3.4e+38 -3.4e+38 -3.4e+38
65.0440216064453 64.8411407470703 65.116081237793 65.0755767822266 -3.4e+38 64.5164413452148 64.531379699707 64.6367950439453 64.5086898803711 64.3239517211914 64.3973999023438 -3.4e+38 64.1214218139648 64.3847885131836 64.2099304199219 63.9470977783203 63.858470916748 -3.4e+38 -3.4e+38 63.475902557373 63.4270324707031 63.5578918457031 62.9960174560547 62.7662506103516 62.6741790771484 62.4507713317871 62.4147338867188 62.1786155700684 62.2114524841309 62.2214393615723 61.9396171569824 61.6370697021484 61.5186042785645 61.5125465393066 61.30078125 61.2891578674316 61.0982322692871 60.8530197143555 -3.4e+38 60.5109825134277 -3.4e+38 60.3356857299805 -3.4e+38 -3.4e+38 -3.4e+38 -3.4e+38 -3.4e+38 -3.4e+38 -3.4e+38
65.3380813598633 64.7655639648438 64.8336715698242 64.8911666870117 64.9773941040039 64.8110961914062 64.5403213500977 64.4990768432617 64.6141510009766 64.5125579833984 64.2392120361328 64.3963623046875 64.3766632080078 64.4695892333984 64.17041015625 63.9494590759277 63.7021141052246 63.5764846801758 63.4827499389648 63.205623626709 63.1434783935547 63.4849166870117 62.9797782897949 62.8518943786621 62.835205078125 62.5437240600586 62.3506278991699 62.1247406005859 62.0778121948242 62.0729103088379 61.904956817627 61.7903137207031 61.5015907287598 61.2580986022949 61.2945137023926 61.5061798095703 61.4343147277832 60.9267730712891 -3.4e+38 -3.4e+38 -3.4e+38 -3.4e+38 59.8786163330078 -3.4e+38 -3.4e+38 -3.4e+38 -3.4e+38 -3.4e+38 -3.4e+38
65.0800247192383 64.8131103515625 64.9726028442383 64.8264083862305 65.4592208862305 65.372444152832 65.0586547851562 64.9244155883789 64.7077407836914 64.3073120117188 64.2144241333008 64.4303436279297 64.385627746582 64.2352294921875 63.885799407959 63.7382392883301 63.6194610595703 63.2871513366699 63.3661193847656 63.3159217834473 63.2018928527832 63.3839530944824 62.9836502075195 62.9391250610352 62.9185943603516 62.6086044311523 62.2883567810059 62.1121063232422 61.9751319885254 62.0679779052734 61.9143447875977 61.9175567626953 61.5495338439941 61.3440589904785 61.453742980957 61.2548408508301 61.2042961120605 61.5294799804688 -3.4e+38 -3.4e+38 -3.4e+38 -3.4e+38 60.1744956970215 -3.4e+38 -3.4e+38 -3.4e+38 -3.4e+38 -3.4e+38 -3.4e+38
65.0503921508789 64.6403427124023 64.9197387695312 64.8271484375 65.4196624755859 65.3472290039062 65.2034225463867 64.8570022583008 64.8084564208984 64.6179275512695 64.5635299682617 64.1189956665039 64.36474609375 64.359992980957 64.054328918457 63.6307106018066 63.8510284423828 63.5779304504395 63.3860321044922 63.3635406494141 63.3462867736816 -3.4e+38 62.8179206848145 62.9904174804688 62.7534561157227 62.729606628418 62.5847434997559 62.1212730407715 61.9420433044434 61.9634552001953 62.024112701416 61.9421463012695 61.5138854980469 61.7192993164062 61.3603019714355 61.0464134216309 61.023021697998 61.1807403564453 -3.4e+38 -3.4e+38 -3.4e+38 -3.4e+38 60.1187133789062 60.172248840332 -3.4e+38 -3.4e+38 -3.4e+38 -3.4e+38 -3.4e+38
65.3946075439453 65.0834045410156 65.2164535522461 65.0950546264648 65.4283905029297 65.2724380493164 65.1782836914062 64.6543121337891 64.7121734619141 65.0110473632812 64.8169021606445 64.2024841308594 64.3451156616211 64.4534912109375 64.5436630249023 64.0446701049805 63.8903121948242 64.0553817749023 63.9012832641602 63.4669380187988 63.2755851745605 63.1700782775879 63.0199241638184 63.2618217468262 63.1456108093262 63.0502662658691 62.4951705932617 62.1788749694824 62.1036682128906 61.9488296508789 61.8491554260254 61.8056259155273 61.5547218322754 -3.4e+38 -3.4e+38 61.2374610900879 61.3618354797363 61.0861320495605 61.0075607299805 -3.4e+38 -3.4e+38 -3.4e+38 60.376220703125 -3.4e+38 -3.4e+38 -3.4e+38 -3.4e+38 -3.4e+38 -3.4e+38
65.5097045898438 65.4474487304688 65.5078887939453 65.2445678710938 65.3177871704102 65.3556823730469 65.1451568603516 64.9430694580078 64.9105682373047 64.8935241699219 64.6870651245117 64.5022201538086 64.5472412109375 64.5832366943359 64.6487579345703 64.2294387817383 63.7718849182129 64.093391418457 64.0896682739258 63.644905090332 63.2949905395508 63.1943588256836 63.4416236877441 63.3836517333984 63.2923469543457 63.1765365600586 62.3248176574707 62.4132537841797 62.3333854675293 62.0111961364746 61.7109107971191 61.593635559082 61.6376838684082 -3.4e+38 -3.4e+38 -3.4e+38 61.3890495300293 61.2269897460938 61.2829437255859 -3.4e+38 -3.4e+38 -3.4e+38 -3.4e+38 -3.4e+38 -3.4e+38 -3.4e+38 -3.4e+38 -3.4e+38 -3.4e+38
65.5600357055664 65.4160614013672 65.3826065063477 65.3877410888672 65.2501907348633 65.4843521118164 65.2876434326172 65.2142486572266 65.1390686035156 64.9958419799805 64.4171752929688 64.6508255004883 64.6965484619141 64.7204208374023 64.5831069946289 64.050666809082 63.6129989624023 63.9552230834961 63.818473815918 63.7529563903809 63.4832344055176 63.4885101318359 63.5284538269043 63.4172401428223 63.3041305541992 63.139705657959 62.4187889099121 62.5682830810547 62.3305931091309 61.8332710266113 61.8017997741699 -3.4e+38 -3.4e+38 -3.4e+38 -3.4e+38 -3.4e+38 -3.4e+38 61.375 61.1557273864746 61.044994354248 -3.4e+38 -3.4e+38 -3.4e+38 -3.4e+38 -3.4e+38 -3.4e+38 -3.4e+38 -3.4e+38 -3.4e+38
65.6560363769531 65.4369735717773 65.3864517211914 65.5598754882812 65.3244018554688 65.4878158569336 65.4456253051758 65.2451019287109 64.9257354736328 64.9267501831055 64.4925308227539 64.739387512207 64.6195602416992 64.5346832275391 64.5793609619141 64.196418762207 63.8354148864746 64.0364074707031 63.8310699462891 63.8928298950195 63.7778244018555 63.7706832885742 63.6030616760254 63.6536827087402 63.6723976135254 63.255802154541 62.4641494750977 62.4853401184082 62.1199493408203 -3.4e+38 -3.4e+38 -3.4e+38 -3.4e+38 -3.4e+38 -3.4e+38 -3.4e+38 -3.4e+38 61.3886070251465 61.0265426635742 60.9621086120605 -3.4e+38 -3.4e+38 -3.4e+38 -3.4e+38 -3.4e+38 -3.4e+38 -3.4e+38 -3.4e+38 -3.4e+38
65.7106170654297 65.5647583007812 65.6365509033203 65.6323013305664 65.3922119140625 65.3170700073242 65.2077026367188 65.142333984375 64.8426513671875 64.7516860961914 64.7306671142578 64.7350616455078 64.4930114746094 64.4032974243164 64.5268173217773 64.1739120483398 64.1089706420898 64.3447341918945 63.9857177734375 63.7552299499512 63.5983734130859 63.5441551208496 63.3506011962891 63.5356712341309 63.676815032959 -3.4e+38 62.5278244018555 62.5173377990723 62.085147857666 -3.4e+38 -3.4e+38 -3.4e+38 -3.4e+38 -3.4e+38 61.3940086364746 61.5216674804688 61.3316307067871 61.2271270751953 -3.4e+38 -3.4e+38 -3.4e+38 -3.4e+38 -3.4e+38 -3.4e+38 -3.4e+38 -3.4e+38 -3.4e+38 -3.4e+38 -3.4e+38
65.6943740844727 65.5929565429688 65.7848510742188 -3.4e+38 65.4653244018555 65.3594436645508 65.0514526367188 65.0537643432617 64.937614440918 64.7259521484375 64.841438293457 64.7909164428711 64.5341567993164 64.4031295776367 64.4020843505859 64.171630859375 64.052864074707 64.1968154907227 64.0539855957031 63.6921424865723 63.6944007873535 63.613109588623 62.9407958984375 63.0541572570801 63.2202110290527 62.8176612854004 62.7592964172363 62.5912170410156 62.1904067993164 -3.4e+38 -3.4e+38 -3.4e+38 -3.4e+38 61.635326385498 61.2490272521973 61.2571830749512 61.2177581787109 61.1610260009766 -3.4e+38 -3.4e+38 -3.4e+38 -3.4e+38 -3.4e+38 -3.4e+38 -3.4e+38 -3.4e+38 -3.4e+38 -3.4e+38 59.9268188476562
65.6741561889648 65.4883270263672 65.5640869140625 65.4164276123047 65.3765335083008 65.4786071777344 65.4697418212891 65.3168334960938 65.0638732910156 64.8706817626953 64.9907302856445 64.5819625854492 64.577522277832 64.4161682128906 64.454963684082 64.3152084350586 64.0289611816406 64.0587387084961 64.2497634887695 64.0757827758789 63.956184387207 63.8442153930664 -3.4e+38 62.7791709899902 62.9345512390137 62.9976577758789 63.0002937316895 62.6333160400391 62.2549018859863 61.8598518371582 -3.4e+38 -3.4e+38 -3.4e+38 61.6144828796387 61.3068008422852 61.1778373718262 61.2626152038574 61.1546936035156 -3.4e+38 -3.4e+38 -3.4e+38 -3.4e+38 -3.4e+38 -3.4e+38 -3.4e+38 -3.4e+38 -3.4e+38 -3.4e+38 59.795337677002
65.9780731201172 65.9399948120117 65.7836837768555 65.7470245361328 65.6943740844727 65.7807846069336 65.5176696777344 65.3958358764648 65.2725982666016 65.2923736572266 65.1125717163086 64.5257263183594 64.4798889160156 64.3984069824219 64.3379135131836 64.6972274780273 64.7995910644531 64.3830261230469 64.1364440917969 63.7973289489746 63.6987609863281 63.709659576416 63.3909225463867 -3.4e+38 62.9817810058594 62.7886428833008 62.7773284912109 62.312328338623 62.0097579956055 62.1721687316895 61.8729972839355 -3.4e+38 -3.4e+38 -3.4e+38 -3.4e+38 61.2238082885742 61.0600624084473 -3.4e+38 -3.4e+38 -3.4e+38 -3.4e+38 -3.4e+38 -3.4e+38 -3.4e+38 -3.4e+38 -3.4e+38 -3.4e+38 -3.4e+38 -3.4e+38
66.1396865844727 66.2408981323242 65.85498046875 65.4716339111328 65.5654373168945 65.7374877929688 65.6020050048828 65.364372253418 65.5248031616211 65.1905517578125 65.0805816650391 64.6598510742188 64.9169387817383 64.922248840332 64.7814559936523 64.6926193237305 64.7997436523438 64.4027481079102 64.1341552734375 64.0461959838867 64.0957412719727 63.9345436096191 63.4162483215332 63.3168983459473 63.2273178100586 63.0396385192871 62.9263877868652 62.502254486084 62.2259902954102 62.3146591186523 61.9791297912598 61.6457901000977 61.9756736755371 61.9921951293945 61.9958305358887 -3.4e+38 61.1007652282715 -3.4e+38 -3.4e+38 -3.4e+38 -3.4e+38 -3.4e+38 -3.4e+38 -3.4e+38 -3.4e+38 -3.4e+38 -3.4e+38 -3.4e+38 60.4134674072266
66.1645584106445 66.1623992919922 65.6192779541016 65.3861465454102 65.6582565307617 65.5447616577148 65.6347961425781 65.5433578491211 65.4475784301758 65.0724182128906 65.0801010131836 64.9587478637695 65.0125732421875 65.0861663818359 64.982551574707 64.7074813842773 64.7242965698242 64.5725555419922 64.1646194458008 64.163215637207 64.4351348876953 64.0058364868164 63.3741569519043 63.3583030700684 63.2551803588867 63.1562232971191 63.0512504577637 62.8479957580566 62.5177612304688 62.3928527832031 62.3796119689941 62.0821762084961 62.3123779296875 62.3645668029785 62.0447082519531 61.5299110412598 61.2098846435547 60.9188499450684 -3.4e+38 -3.4e+38 -3.4e+38 -3.4e+38 -3.4e+38 -3.4e+38 -3.4e+38 -3.4e+38 -3.4e+38 -3.4e+38 60.447826385498
65.804931640625 -3.4e+38 65.4871520996094 65.394660949707 65.4800262451172 65.4634475708008 65.8129425048828 65.664665222168 65.0973205566406 65.0283432006836 64.9844360351562 65.2652359008789 64.9683303833008 64.9113159179688 64.9883804321289 64.906120300293 64.5571899414062 64.5734024047852 64.3032608032227 64.255729675293 64.1576309204102 63.5187377929688 63.5027503967285 63.2539367675781 63.0664253234863 63.173999786377 63.0200881958008 63.0878829956055 62.7728881835938 62.5948486328125 62.712760925293 62.4935646057129 62.3665809631348 62.220458984375 61.5888404846191 61.3510894775391 61.448055267334 61.362964630127 61.3618583679199 61.6303100585938 61.4619560241699 61.2565689086914 61.1689758300781 -3.4e+38 -3.4e+38 60.7843780517578 -3.4e+38 -3.4e+38 60.1480751037598
