rcp4.5models/GFDL_CM3/sc1gr1.22
NCOLS 261 
NROWS 433 
XLLCORNER 336357.134 
YLLCORNER 654653.479 
CELLSIZE 1000 
NODATA_value -3.4e+38 
[rows 308 to 329 of 433, columns 98 to 146 of 261]
70.5742340087891 70.6820983886719 71.5797653198242 72.0860748291016 71.7331848144531 71.43798828125 71.5337600708008 71.4298782348633 71.2110214233398 71.7434310913086 72.2816848754883 72.2845001220703 71.8733596801758 71.9949035644531 71.9258422851562 71.5631408691406 71.678466796875 71.7327117919922 71.4610748291016 71.4728012084961 71.5167617797852 71.0844268798828 71.4510116577148 71.6645584106445 71.2406616210938 71.175048828125 71.3143768310547 71.191535949707 71.3197631835938 71.363655090332 71.4144515991211 71.0413970947266 71.1337890625 70.8454284667969 69.588508605957 67.9757308959961 66.6097259521484 67.9629135131836 69.9849472045898 70.7995452880859 71.2112350463867 70.9715805053711 70.1642761230469 68.9023132324219 68.7323760986328 68.0150375366211 67.890754699707 68.0206298828125 67.7821044921875
71.0438613891602 71.2407150268555 71.8006820678711 72.2792892456055 71.4883804321289 71.0778121948242 71.7378845214844 71.8663330078125 71.9745788574219 72.2002105712891 72.4421234130859 72.7160873413086 72.1391143798828 72.1319961547852 71.7568054199219 71.5878829956055 71.7598648071289 71.7332534790039 71.5887298583984 71.5622940063477 71.4633178710938 71.2267074584961 71.3997116088867 71.2332534790039 70.954345703125 71.347412109375 71.2076263427734 71.2509765625 71.1842880249023 70.5894088745117 69.8278121948242 70.4721984863281 71.1539916992188 70.3309020996094 68.6685333251953 67.3964462280273 66.3466339111328 67.1597366333008 68.8579483032227 69.8843154907227 70.7912292480469 70.779052734375 69.89453125 67.984245300293 67.2849807739258 67.4587936401367 67.7904968261719 67.6831817626953 67.3283843994141
72.5500564575195 72.4763946533203 72.426513671875 72.2793502807617 71.8822326660156 71.0912551879883 71.0821075439453 71.8652725219727 72.0574340820312 72.124137878418 72.2519302368164 72.5957412719727 72.204345703125 72.1246490478516 71.6468811035156 71.6150970458984 71.72998046875 71.8008651733398 71.6645889282227 71.4837188720703 71.1891403198242 71.0572662353516 70.8791809082031 70.4193572998047 70.7453689575195 71.2669525146484 71.3959426879883 71.1235733032227 70.9379577636719 70.0075759887695 68.5092849731445 68.9209823608398 69.678955078125 69.616569519043 68.3355178833008 66.7539367675781 65.9371871948242 66.5482711791992 67.2878646850586 67.8740539550781 69.3076934814453 70.7353744506836 69.9628982543945 67.5499267578125 66.3952484130859 67.1225814819336 67.5344467163086 67.2255783081055 67.6852340698242
72.9423828125 73.0794677734375 72.9081649780273 72.4526290893555 72.0807571411133 71.2049560546875 70.9023971557617 71.8882675170898 72.1538467407227 72.2662963867188 72.4699478149414 72.4719772338867 72.1568603515625 71.9135589599609 71.6630325317383 71.8150939941406 71.6912460327148 71.6958999633789 71.5909576416016 71.6026916503906 71.3647918701172 71.043815612793 70.3194732666016 69.4794769287109 70.4767379760742 71.1670379638672 71.3680419921875 71.2469711303711 71.3631134033203 70.5481338500977 68.7741317749023 68.1365203857422 68.1644287109375 68.5453491210938 68.4011535644531 67.4666442871094 66.2945709228516 66.0602264404297 66.2924652099609 66.8632965087891 68.1526641845703 69.3006057739258 68.6435012817383 66.9510116577148 66.3101501464844 66.6475219726562 67.0053482055664 67.281608581543 68.8714370727539
72.890510559082 72.8366622924805 72.8787612915039 72.3875579833984 71.9947204589844 71.383659362793 71.2790222167969 71.8164749145508 72.1852111816406 72.3328018188477 72.4920120239258 72.3305740356445 72.010871887207 71.7345657348633 71.7079772949219 71.7772598266602 71.5773239135742 71.3869323730469 71.4297790527344 71.3949127197266 71.3162536621094 71.227294921875 70.5788345336914 69.9470977783203 70.9006958007812 71.2255935668945 71.3366928100586 71.166145324707 71.2062911987305 70.8702545166016 70.0261535644531 69.4620819091797 68.7623443603516 68.2502212524414 68.0244293212891 67.8788375854492 66.8237609863281 65.9736099243164 66.0616760253906 66.4301376342773 66.9040374755859 66.7603225708008 66.4739151000977 66.3013076782227 66.42822265625 66.2659149169922 66.8088684082031 67.7943954467773 69.7409820556641
72.9609375 72.826545715332 72.8009643554688 72.6981430053711 72.431999206543 72.399543762207 72.4037857055664 72.2993316650391 72.1350860595703 72.2996826171875 72.4298706054688 71.9316635131836 71.7859954833984 71.7314987182617 71.7075119018555 71.500862121582 71.3577270507812 71.1386489868164 71.0820007324219 70.9113311767578 70.9233169555664 70.9462814331055 70.5609359741211 70.7389602661133 71.3178863525391 71.3975143432617 71.189811706543 70.6327438354492 70.4448013305664 70.0566101074219 70.3538360595703 70.3992691040039 69.4109497070312 68.4281311035156 67.3634872436523 66.7590713500977 66.1513748168945 65.8439025878906 66.0983047485352 66.4051361083984 66.4990539550781 66.2855529785156 66.2887954711914 66.147819519043 66.0559005737305 66.4014358520508 66.569450378418 66.64501953125 68.8687133789062
73.0238189697266 72.7622833251953 72.8078689575195 73.0267715454102 72.9801025390625 73.1469192504883 72.8616256713867 72.8363494873047 72.3840942382812 72.0872421264648 72.1419982910156 71.8958053588867 71.7902221679688 71.6350250244141 71.6638793945312 71.3551406860352 71.2478408813477 71.1465301513672 70.3645324707031 69.6020812988281 70.040771484375 70.3746719360352 69.9686889648438 70.1011123657227 70.8737716674805 71.2969741821289 71.1734390258789 70.0348281860352 68.6737594604492 68.2200241088867 68.6869049072266 68.5958404541016 67.9788818359375 67.8160552978516 67.3568267822266 66.7511215209961 65.9129638671875 65.6999206542969 65.8689346313477 66.1138076782227 66.2584991455078 66.302734375 66.2144012451172 66.0664596557617 66.0382995605469 66.2449264526367 66.1061630249023 66.2951889038086 67.8543853759766
73.017219543457 72.7800064086914 73.0789184570312 73.0685806274414 73.361686706543 73.4473648071289 73.0061264038086 72.8713073730469 72.7534332275391 72.2019195556641 71.879020690918 72.0233688354492 71.9562911987305 71.8544540405273 71.6272354125977 71.586051940918 71.360481262207 70.600830078125 68.9740676879883 68.2813262939453 69.2615280151367 70.1391143798828 70.4926452636719 70.5447845458984 70.9498977661133 71.326171875 71.2908248901367 70.0733642578125 67.3573379516602 66.3812713623047 66.8472137451172 66.5848846435547 66.3816833496094 66.4325637817383 66.2686614990234 66.0984039306641 65.8135528564453 65.7701950073242 65.6002578735352 65.7147903442383 66.0013275146484 66.1160354614258 65.9804000854492 66.0113830566406 66.0168075561523 65.9047775268555 66.0271301269531 66.3163223266602 67.1472625732422
73.1808090209961 73.0417098999023 73.1465148925781 72.6820755004883 73.1182556152344 73.1688766479492 72.6936416625977 72.6791534423828 73.0678024291992 72.376350402832 71.8290786743164 71.965950012207 71.8067474365234 71.8253707885742 71.5567016601562 71.5487594604492 70.9891815185547 69.5720748901367 67.8904190063477 67.5508193969727 68.206657409668 69.2555770874023 70.9240875244141 71.6762542724609 71.4349746704102 71.4669799804688 70.7418746948242 70.1996994018555 68.2902603149414 66.2970352172852 66.0320434570312 65.7518615722656 65.5988998413086 65.5487823486328 65.6437377929688 65.6800231933594 65.6193389892578 65.8509063720703 65.6834945678711 65.6531372070312 65.8281860351562 65.8627243041992 65.8591079711914 65.9822692871094 66.068603515625 65.9710235595703 66.231819152832 66.701774597168 68.4162673950195
73.1632843017578 72.9888076782227 73.093505859375 72.4809494018555 72.8657608032227 72.9983749389648 72.6131057739258 72.3568649291992 72.6571197509766 72.5999069213867 72.2231597900391 72.0280914306641 71.6930847167969 71.7386245727539 71.31494140625 71.2717437744141 70.583610534668 69.3783416748047 68.0389556884766 67.3472442626953 67.5923690795898 69.069694519043 70.8174667358398 71.5501174926758 71.3013534545898 71.3342056274414 70.8096237182617 70.4993896484375 69.9655609130859 68.5234375 67.4670562744141 66.3919906616211 65.5488967895508 65.5862197875977 65.6071853637695 65.6740036010742 65.6432723999023 65.8056259155273 65.7336273193359 65.5450134277344 65.6672897338867 65.7062911987305 65.7919769287109 66.1172637939453 66.4104766845703 66.1517333984375 66.2742004394531 67.3514099121094 70.3535079956055
73.1910629272461 72.9755935668945 73.0199737548828 72.5153045654297 72.9159088134766 73.1371841430664 72.6823806762695 72.0971527099609 72.1444091796875 72.5478820800781 72.4260330200195 71.9201354980469 71.8465576171875 71.9130401611328 71.1127395629883 71.0897750854492 70.7032012939453 69.7665176391602 68.80419921875 68.1235580444336 68.1169204711914 69.7117691040039 71.1321029663086 71.5828399658203 71.1939468383789 71.2528610229492 71.1491470336914 70.9126510620117 70.8461532592773 70.421028137207 69.7734756469727 68.3845672607422 66.9236679077148 66.8088836669922 66.4056091308594 66.131965637207 65.8269424438477 65.9947814941406 65.8498916625977 65.5959701538086 65.6386413574219 65.6464614868164 65.8676147460938 66.1472778320312 66.5168914794922 66.5913162231445 67.1199722290039 68.3859481811523 71.0330657958984
73.3646850585938 72.962890625 72.7292098999023 72.7831878662109 72.6383514404297 72.912467956543 72.8179550170898 72.3122634887695 72.1002502441406 72.4060592651367 72.2821731567383 71.9930267333984 71.7944183349609 71.7617416381836 71.6216049194336 71.3722305297852 70.7182922363281 69.8608779907227 69.4510269165039 69.1445159912109 69.3269805908203 70.0636444091797 70.975212097168 71.4604339599609 71.4620895385742 71.3617477416992 71.2486724853516 71.3083343505859 71.2835006713867 71.1081924438477 70.9040222167969 70.269401550293 69.3498992919922 68.8437881469727 68.1983795166016 67.5745468139648 67.0998077392578 67.086181640625 66.3835601806641 65.9156875610352 65.806526184082 65.7832717895508 66.075309753418 66.1465072631836 66.3393859863281 66.8619918823242 68.2158126831055 69.8510589599609 70.962532043457
73.5193634033203 73.0587768554688 72.8662948608398 73.0234069824219 72.6519241333008 72.6294174194336 72.8345184326172 72.466667175293 72.0122375488281 72.0342483520508 71.9635162353516 71.8801956176758 71.5337677001953 71.3948135375977 71.7780990600586 71.7150344848633 70.8809814453125 70.2471542358398 69.9110260009766 69.666015625 70.2402725219727 70.7109451293945 70.690185546875 71.0313339233398 71.5366897583008 71.3417739868164 71.3615188598633 71.4754180908203 71.2917633056641 71.2597045898438 70.9119033813477 70.8123321533203 70.7705993652344 70.5431060791016 69.9993591308594 69.3476257324219 68.7920913696289 67.6595077514648 66.3601531982422 66.0071411132812 65.9472351074219 66.0252151489258 66.3655166625977 66.5506057739258 66.5826721191406 66.5639114379883 67.5727996826172 69.4807815551758 70.6043701171875
73.2970962524414 73.1443710327148 73.2497482299805 72.6494064331055 72.5579223632812 72.3486480712891 72.3727645874023 72.8430633544922 72.4512405395508 71.8880996704102 71.8956909179688 71.6580047607422 71.2775955200195 71.009651184082 71.3151016235352 71.410400390625 70.853645324707 70.4442596435547 70.3220977783203 70.0785675048828 70.7428207397461 71.2934265136719 71.0796356201172 71.3072891235352 71.078971862793 70.8058929443359 70.9880142211914 71.2410354614258 71.0291519165039 71.0807037353516 70.7035293579102 70.5903701782227 70.3459930419922 70.369010925293 70.5627288818359 70.3618011474609 69.6473846435547 67.1941528320312 66.0783767700195 65.7991714477539 65.8054962158203 66.1034698486328 66.4301452636719 66.814094543457 66.848876953125 66.6005096435547 67.321891784668 69.1982650756836 70.0938034057617
73.2052764892578 73.3267974853516 73.349853515625 72.6129150390625 72.5546112060547 72.5297470092773 72.3825607299805 72.6623916625977 72.4243240356445 72.1768341064453 72.0827560424805 71.9220428466797 71.5502014160156 71.3630065917969 70.8312606811523 70.9454574584961 71.0446166992188 71.0743560791016 70.7812652587891 70.2800674438477 70.8045272827148 71.3225631713867 71.3080139160156 71.4398651123047 70.7724838256836 69.8338012695312 70.4336776733398 70.7247619628906 70.553092956543 70.5615615844727 70.7080078125 70.6381072998047 70.167236328125 70.0424499511719 70.3432388305664 70.7042999267578 69.9795761108398 67.3582382202148 66.5582962036133 65.8209609985352 65.7433471679688 65.9226989746094 66.1570816040039 66.5308227539062 66.4856796264648 66.490852355957 67.6190490722656 69.7452850341797 70.2584838867188
73.0000152587891 72.9697952270508 73.1149749755859 72.8176345825195 72.8359832763672 72.9116897583008 72.4359741210938 72.1405029296875 72.2523803710938 71.999267578125 72.0384750366211 72.0025100708008 71.7982864379883 71.8166961669922 70.3877716064453 70.4862670898438 71.0551223754883 71.3468627929688 71.1712341308594 70.5913162231445 70.4397583007812 70.9491271972656 71.0501022338867 70.9520263671875 70.724983215332 69.7958450317383 69.7198028564453 70.1823959350586 70.0431442260742 70.3725967407227 70.9057083129883 70.8630523681641 70.5894317626953 70.5550308227539 70.3772583007812 70.451416015625 70.1095581054688 68.3369064331055 67.3237533569336 66.144416809082 65.7057571411133 65.894157409668 66.20703125 66.3278121948242 66.2413482666016 66.2256774902344 67.5108108520508 69.902587890625 70.4533462524414
73.014030456543 72.9720306396484 73.0621566772461 73.1138458251953 72.7893447875977 72.3782424926758 72.0068893432617 71.9163665771484 72.1247100830078 71.812370300293 71.9956665039062 71.8474273681641 71.4704513549805 71.6172256469727 70.7930068969727 70.4943313598633 70.4870681762695 70.4940719604492 70.8675308227539 71.077262878418 70.7042999267578 70.7158584594727 70.8672027587891 70.43212890625 70.2025680541992 69.7108612060547 69.6148529052734 70.1816253662109 70.3275527954102 70.5403442382812 70.8444137573242 70.783073425293 70.6985931396484 70.7555618286133 70.4783248901367 70.4854125976562 70.5136947631836 68.4255142211914 67.6376419067383 66.8336029052734 66.1409454345703 66.0886077880859 66.2844696044922 66.2783203125 66.4322357177734 66.782958984375 67.8740158081055 69.811149597168 70.6068267822266
73.4157180786133 73.30908203125 73.1047134399414 72.7688522338867 72.2643508911133 71.9999694824219 71.780632019043 71.8418426513672 71.4428405761719 70.3500823974609 70.6716079711914 71.6505966186523 71.4272384643555 70.8011474609375 71.0714874267578 71.0816345214844 70.837158203125 70.5156402587891 70.7455673217773 70.6268005371094 70.7415084838867 70.884651184082 70.4496688842773 69.4381790161133 69.594970703125 69.7207717895508 67.7622985839844 68.7770462036133 69.2550735473633 69.3583984375 70.014045715332 70.4782638549805 70.590576171875 70.4881057739258 70.7380676269531 70.4711227416992 70.1478118896484 68.7842636108398 68.2514038085938 68.1931304931641 67.4811019897461 67.0321044921875 66.7678146362305 66.5957336425781 66.6745300292969 67.1389312744141 68.3233337402344 69.6251831054688 70.6845397949219
73.0996932983398 73.2043151855469 73.0214996337891 72.8634872436523 72.5793838500977 72.2162628173828 71.8762512207031 71.5088653564453 71.1232299804688 70.0490798950195 70.2932205200195 71.6664276123047 71.6513442993164 71.0405044555664 70.5661926269531 71.0653305053711 71.3612213134766 70.8868865966797 70.4680862426758 70.3629150390625 70.7193145751953 70.9006729125977 70.8862228393555 70.4863510131836 70.4860687255859 69.9167861938477 67.2647323608398 68.1915588378906 68.6729202270508 68.8975677490234 70.0670013427734 70.2860717773438 70.5268402099609 70.3010482788086 70.1910552978516 69.6513671875 69.0483169555664 67.5556030273438 67.6450500488281 67.7074813842773 67.3453979492188 67.1327590942383 66.9692230224609 66.7961120605469 66.7871704101562 67.076789855957 68.0701904296875 69.5617523193359 70.6924285888672
72.970947265625 73.3879013061523 72.9863891601562 72.623291015625 72.4408340454102 72.0024795532227 71.6876449584961 70.9967346191406 70.5999908447266 69.8848724365234 69.5487213134766 70.5714263916016 71.3368759155273 71.1162567138672 70.3873138427734 70.1908264160156 70.9956207275391 71.1880645751953 70.9347457885742 70.7775421142578 70.8175582885742 71.112174987793 71.2469940185547 71.0931625366211 70.8238906860352 70.4120101928711 68.2547912597656 68.5333633422852 69.3205871582031 69.4967422485352 70.1983413696289 70.2664489746094 70.2764129638672 70.1571350097656 69.95458984375 69.6114501953125 68.7298355102539 67.212776184082 66.5727157592773 66.5635604858398 66.6855239868164 66.8571472167969 66.8655776977539 66.9688186645508 67.0465774536133 66.770263671875 67.2643356323242 68.9599075317383 70.586669921875
72.8401412963867 73.0222549438477 72.6738052368164 72.3086929321289 71.9103088378906 71.9514312744141 71.106201171875 69.6577301025391 69.6491622924805 69.4760131835938 68.9273529052734 69.5345916748047 70.6835098266602 71.275390625 70.6840362548828 69.9477157592773 70.2689514160156 70.9031982421875 -3.4e+38 71.3122024536133 71.1301574707031 71.1363754272461 71.0561370849609 71.0265502929688 70.8833465576172 70.8006210327148 68.7666854858398 68.9582748413086 69.7548828125 69.9308395385742 70.350700378418 70.4342575073242 70.3913879394531 70.2370529174805 70.3514022827148 70.3868255615234 69.5051956176758 68.4437713623047 67.7273788452148 67.0782623291016 66.5169677734375 66.6651306152344 66.6028823852539 66.9967880249023 67.0732421875 66.7115249633789 66.9967346191406 68.0020217895508 70.4469146728516
73.1139297485352 72.7349090576172 72.2054595947266 71.9159698486328 71.7758636474609 71.9627838134766 70.8134689331055 68.7331848144531 68.3884963989258 68.668083190918 68.8137893676758 69.2464904785156 69.7461090087891 70.8089218139648 71.0929489135742 70.4707565307617 69.7120513916016 69.8849487304688 71.0782699584961 -3.4e+38 -3.4e+38 71.2039794921875 70.9118423461914 70.8274002075195 70.7877349853516 70.5513763427734 68.9735565185547 68.0743255615234 68.6319885253906 69.6504745483398 70.0723495483398 69.9335403442383 69.8285598754883 69.5527648925781 69.6843719482422 70.1987075805664 69.9889831542969 69.9721832275391 69.8394393920898 68.7997894287109 67.5490264892578 66.9724731445312 66.4320678710938 66.5208358764648 66.6762008666992 66.7115020751953 66.9647216796875 67.2469863891602 70.1988296508789
