rcp4.5models/GFDL_CM3/sc1gr7.9
NCOLS 261 
NROWS 433 
XLLCORNER 336357.134 
YLLCORNER 654653.479 
CELLSIZE 1000 
NODATA_value -3.4e+38 
[rows 198 to 219 of 433, columns 98 to 146 of 261]
79.307975769043 79.2364196777344 79.1058654785156 78.7405090332031 78.7848739624023 78.7435607910156 78.748176574707 78.6534271240234 78.4899291992188 78.5143661499023 78.5038452148438 78.4405136108398 78.45068359375 78.5184860229492 78.6232528686523 78.6820449829102 78.7880249023438 78.9289016723633 78.9243469238281 78.9148025512695 79.0242767333984 79.2391357421875 79.3932723999023 79.4880752563477 79.7025451660156 79.9471206665039 80.1575469970703 80.3163604736328 80.5518951416016 80.6891632080078 80.8362426757812 81.0196075439453 81.2921371459961 81.4526824951172 81.6560287475586 81.8929061889648 82.0514831542969 82.3504486083984 82.5045166015625 82.7238006591797 82.9623031616211 83.2382659912109 83.3839569091797 83.6159210205078 83.8429946899414 84.1050338745117 84.5751266479492 84.7097702026367 85.5999069213867
79.1314315795898 79.0598678588867 79.0070037841797 78.6578979492188 78.7356643676758 78.5677185058594 78.5767059326172 78.4940719604492 78.4491882324219 78.3582916259766 78.2880325317383 78.3400573730469 78.341796875 78.3528060913086 78.5212478637695 78.5395278930664 78.5936508178711 78.7789459228516 78.8004989624023 78.7292098999023 78.8332290649414 79.0380554199219 79.2021484375 79.3751525878906 79.5570907592773 79.7012252807617 80.0532150268555 80.1620635986328 80.3586654663086 80.4788513183594 80.7013549804688 80.8575668334961 81.0411682128906 81.2734451293945 81.4462890625 81.6148071289062 81.7799224853516 82.1384353637695 82.3269424438477 82.467887878418 82.6024932861328 82.9003829956055 82.9958648681641 83.2731018066406 83.5473785400391 83.7928009033203 84.197868347168 84.3590850830078 85.3070373535156
78.9209365844727 78.8999328613281 78.8211669921875 -3.4e+38 78.5678634643555 78.4275512695312 78.4204940795898 78.303955078125 78.2482757568359 78.3036880493164 78.2228240966797 78.2592391967773 78.2844009399414 78.2399749755859 78.4294662475586 -3.4e+38 78.409309387207 -3.4e+38 78.678581237793 78.6637649536133 78.7423324584961 78.8306579589844 78.9908981323242 79.1809997558594 79.3488693237305 79.4882049560547 79.9143218994141 80.0583953857422 80.2416152954102 80.296142578125 80.5476837158203 80.7001419067383 80.8420486450195 81.0478820800781 81.22216796875 81.4316253662109 81.6072540283203 81.8269729614258 82.0298309326172 82.1962738037109 82.2392425537109 82.5054321289062 82.6001434326172 82.8536758422852 83.1884307861328 83.4623260498047 83.78955078125 84.0599975585938 84.869384765625
78.7501754760742 78.6245498657227 78.6095199584961 78.5579147338867 78.3828506469727 78.3139038085938 78.2479782104492 78.1997680664062 78.0770492553711 78.1495971679688 78.1438980102539 78.0882949829102 78.072135925293 78.1289672851562 78.2056655883789 -3.4e+38 -3.4e+38 -3.4e+38 -3.4e+38 78.5760345458984 78.630256652832 78.694465637207 78.8478012084961 78.959587097168 79.1308441162109 79.2887725830078 79.7400283813477 79.9448928833008 80.0949325561523 80.0921859741211 80.3584976196289 80.5780181884766 80.7305679321289 80.8399353027344 81.0364685058594 81.213005065918 81.3652496337891 81.5554504394531 81.7001113891602 81.8649673461914 81.9579696655273 82.1211700439453 82.2389755249023 82.3951644897461 82.6779327392578 83.000846862793 83.2919616699219 83.6413345336914 84.3162002563477
78.6218872070312 78.3475570678711 78.4580383300781 78.3691482543945 78.181770324707 78.1866073608398 78.0579071044922 77.9690017700195 77.9920196533203 77.9337158203125 77.9389114379883 77.9770812988281 77.9569931030273 77.9637069702148 -3.4e+38 -3.4e+38 -3.4e+38 -3.4e+38 78.1925811767578 -3.4e+38 78.5080261230469 78.5625 78.6774826049805 78.8053207397461 78.9596099853516 79.125244140625 79.5169982910156 79.7853088378906 79.9740447998047 79.9820861816406 -3.4e+38 80.4136962890625 80.6605224609375 80.7455139160156 80.8253784179688 80.9502868652344 81.0588150024414 81.2758331298828 81.3999481201172 81.5544891357422 81.6683731079102 81.7319717407227 81.8207855224609 81.9205093383789 82.19580078125 82.5728988647461 82.7657241821289 82.990966796875 83.7050933837891
78.4808120727539 78.2281646728516 78.284553527832 78.1874542236328 77.9869613647461 77.980842590332 77.9153060913086 77.7816390991211 77.7870635986328 77.8229598999023 77.778076171875 77.8614349365234 77.8926544189453 77.705940246582 77.8979339599609 -3.4e+38 77.9644012451172 -3.4e+38 -3.4e+38 78.1309967041016 78.3371505737305 78.451545715332 78.5319213867188 78.6551971435547 78.8454132080078 78.9646453857422 79.338134765625 79.617919921875 79.8245468139648 79.9240112304688 79.9988784790039 80.1666946411133 80.4492874145508 80.5534744262695 80.6180038452148 80.7235107421875 80.6851119995117 80.9401931762695 81.0733947753906 81.2364120483398 81.314697265625 81.3218460083008 81.4190902709961 81.5356292724609 81.6727294921875 81.9631805419922 82.0835952758789 82.2361297607422 83.0460891723633
78.4166412353516 78.1973342895508 78.0719757080078 77.9978179931641 77.8705520629883 77.7198257446289 77.6899108886719 77.6094818115234 77.5834274291992 77.6728439331055 77.7129821777344 77.6281890869141 77.6565246582031 77.5203399658203 77.6116714477539 -3.4e+38 77.7400512695312 77.8541030883789 77.9469451904297 77.9778213500977 78.1194534301758 78.3317489624023 78.4019927978516 78.5197601318359 78.6926422119141 78.8458404541016 79.2874221801758 79.5649948120117 79.7030715942383 79.7522964477539 79.8817672729492 80.0026397705078 80.2058715820312 80.3075942993164 80.4094543457031 80.4613647460938 80.3975296020508 80.5513076782227 80.7704315185547 80.8822326660156 80.965690612793 80.951789855957 80.9880676269531 81.1082153320312 81.1248474121094 81.2916412353516 81.452507019043 81.6234970092773 82.3688049316406
78.2749557495117 78.1618423461914 77.9790191650391 77.5989532470703 77.6403198242188 77.5199508666992 77.4795989990234 77.4440307617188 77.4119338989258 77.4423141479492 77.5184555053711 77.471549987793 77.4435882568359 77.3534393310547 -3.4e+38 -3.4e+38 77.5465545654297 77.6071166992188 77.7273483276367 77.8465347290039 77.9447326660156 78.109375 78.2814407348633 78.4085388183594 78.5468139648438 78.7525634765625 79.269416809082 79.501838684082 79.6747970581055 79.6632461547852 79.8062438964844 79.943489074707 80.0937957763672 80.1140823364258 80.1742248535156 80.208869934082 80.178337097168 80.2388458251953 80.4242553710938 80.4303665161133 80.4954376220703 80.5545654296875 80.5841903686523 80.6704864501953 80.6949005126953 80.7467880249023 80.8857269287109 81.078254699707 81.684211730957
78.0023422241211 77.9237060546875 77.8234939575195 77.3590240478516 77.3540191650391 77.3554458618164 77.2857818603516 77.3088836669922 77.2643203735352 77.2415313720703 77.3025283813477 77.3078079223633 77.2891464233398 77.1344146728516 -3.4e+38 -3.4e+38 -3.4e+38 77.4718780517578 77.5387344360352 77.6660537719727 77.7758178710938 77.8556213378906 78.0206985473633 78.2216720581055 78.3499450683594 78.5701065063477 79.0863723754883 79.3671646118164 79.6391448974609 79.587776184082 79.628173828125 79.8520965576172 80.0015335083008 80.0152740478516 80.0097122192383 79.9282913208008 79.908805847168 79.9560012817383 80.0067291259766 80.0678024291992 80.0442428588867 80.1307373046875 80.2134704589844 80.2695388793945 80.2640762329102 80.2323226928711 80.330451965332 80.5231857299805 80.8828887939453
77.7691802978516 77.7031478881836 77.5467910766602 77.3011703491211 77.1917037963867 77.098876953125 77.0261764526367 77.1093368530273 77.0284423828125 77.0391464233398 77.103889465332 77.0970916748047 76.9985733032227 76.9775238037109 77.0526275634766 -3.4e+38 -3.4e+38 77.3656845092773 77.3759613037109 77.4657897949219 77.5986480712891 77.6083831787109 77.6183242797852 77.800163269043 78.0536346435547 78.3572845458984 78.9036026000977 79.1100463867188 79.4412460327148 79.5273742675781 79.5645294189453 79.7744674682617 79.8592224121094 79.8513031005859 79.7833480834961 79.6707382202148 79.6218872070312 79.6396026611328 79.6848373413086 79.8724822998047 79.7744445800781 79.7676315307617 79.7748870849609 79.7430419921875 79.7330703735352 79.6436004638672 79.8221054077148 79.9927215576172 80.1221008300781
77.3552322387695 77.2153778076172 77.1048355102539 76.9040679931641 76.800537109375 76.7010269165039 76.7238082885742 76.6380233764648 76.5990447998047 76.5824356079102 76.4767913818359 76.5721588134766 76.5780410766602 76.5916976928711 76.6520843505859 76.7014389038086 76.8273620605469 76.8464813232422 76.929573059082 77.1014022827148 77.1757507324219 77.1497650146484 77.2567672729492 77.3442840576172 77.5509490966797 77.8507461547852 78.5592956542969 78.8921508789062 79.0889053344727 79.0000762939453 78.9717407226562 79.2870712280273 79.2649078369141 79.1521530151367 78.9764862060547 79.0462799072266 79.0565872192383 78.9678039550781 78.9616241455078 78.9857940673828 78.8845596313477 78.8051452636719 78.6305770874023 78.5652542114258 78.3889389038086 78.5580139160156 78.9047012329102 78.8377456665039 78.5422134399414
77.0198211669922 76.9165344238281 76.7733688354492 76.625602722168 76.4644088745117 76.3525314331055 -3.4e+38 76.3531341552734 76.2741546630859 76.2696533203125 76.1916198730469 76.3019943237305 76.3511734008789 76.3526000976562 76.4486770629883 76.48876953125 76.6028518676758 76.6702346801758 76.6971054077148 76.8037109375 76.9472198486328 77.002555847168 77.0254211425781 77.1480255126953 77.2750473022461 77.566276550293 78.2593307495117 78.7105865478516 78.6159591674805 78.5841369628906 78.4755859375 78.7093124389648 78.8222579956055 78.7680587768555 78.5770874023438 78.5825576782227 78.5875091552734 78.5699005126953 78.4783782958984 78.4784545898438 78.4286041259766 78.4143676757812 78.2062606811523 78.0321884155273 78.0392303466797 78.3234176635742 78.558708190918 78.2602920532227 77.6470718383789
76.8430786132812 76.6967315673828 76.5676879882812 76.296516418457 76.2490310668945 76.0886459350586 76.0724029541016 76.0887756347656 76.0535278320312 75.9992065429688 75.9788589477539 75.9937591552734 76.0888671875 76.1076583862305 76.2173156738281 76.2319259643555 76.3747177124023 76.4502410888672 76.38623046875 76.5139923095703 76.645263671875 76.7879791259766 76.8200988769531 76.9237365722656 77.0153274536133 77.1938858032227 77.9333190917969 78.3880767822266 78.0512313842773 78.0295181274414 78.1859436035156 78.4391326904297 78.3354187011719 78.215690612793 78.1828536987305 78.0986404418945 78.0941390991211 78.1812362670898 78.1256103515625 78.0509643554688 78.0223007202148 77.9399948120117 77.6986999511719 77.3755798339844 77.3720169067383 77.5346374511719 77.3826904296875 77.1742172241211 76.7902297973633
76.6053161621094 76.387336730957 76.2503280639648 76.0251235961914 75.9160690307617 75.7347946166992 75.6734848022461 75.785530090332 75.7912292480469 75.692756652832 75.2926940917969 74.9808349609375 75.8469314575195 75.9050216674805 75.9208602905273 75.9312057495117 76.0587310791016 76.236198425293 76.2413940429688 76.3002853393555 76.4103012084961 76.4711227416992 76.6072387695312 76.7016677856445 76.7619934082031 77.0123138427734 77.7072296142578 78.0883483886719 77.5846176147461 77.734016418457 -3.4e+38 78.114860534668 77.756462097168 77.7429809570312 77.7644500732422 77.7833480834961 77.786979675293 77.7293548583984 77.7282333374023 77.7013244628906 77.5783767700195 77.2924194335938 77.0627136230469 76.9410247802734 77.1063842773438 76.9503479003906 76.1963806152344 75.9996643066406 75.9509048461914
76.2908554077148 76.1600723266602 75.9590225219727 75.7407150268555 -3.4e+38 75.5075988769531 75.4497222900391 75.4415130615234 75.4633636474609 75.4136352539062 75.0017852783203 74.933464050293 75.5754089355469 75.5470123291016 75.640007019043 75.6672973632812 75.7791213989258 75.9308929443359 76.1902542114258 76.2468719482422 -3.4e+38 76.381103515625 76.4195098876953 76.47509765625 76.546745300293 76.992919921875 77.4142684936523 77.7908706665039 77.3408584594727 77.6089477539062 77.7216033935547 77.5917510986328 77.3458862304688 77.5864486694336 77.6062698364258 77.5089874267578 77.3940582275391 77.3261337280273 77.3078002929688 77.2944412231445 77.0937576293945 76.7014923095703 76.5207748413086 76.6146774291992 76.9520645141602 76.5642929077148 75.3565979003906 75.1284790039062 75.0450286865234
76.1141662597656 75.9596176147461 75.7948226928711 75.4002532958984 75.2994918823242 75.2125091552734 75.0699157714844 74.9815139770508 75.1034240722656 75.1384735107422 74.9304809570312 74.9845886230469 75.2527236938477 75.187370300293 75.3641128540039 75.4441452026367 75.5263824462891 75.6739196777344 75.9416198730469 76.1249084472656 76.045783996582 76.1428909301758 76.1658477783203 76.1031036376953 76.22802734375 76.4650192260742 76.8258972167969 76.9729232788086 76.881477355957 77.1191787719727 77.1040496826172 77.0390472412109 76.9181137084961 77.1269149780273 77.2849884033203 77.2983016967773 76.9636077880859 76.861946105957 76.8154449462891 76.7578277587891 76.5890502929688 76.2489013671875 76.111686706543 76.3910903930664 76.4980773925781 76.1188430786133 74.9150695800781 74.3868255615234 74.0857925415039
75.7557907104492 75.6385192871094 75.4186706542969 75.1054229736328 74.9884185791016 74.7940216064453 74.6926345825195 74.7248687744141 74.8090209960938 74.8126602172852 74.7280654907227 74.7150344848633 74.9736557006836 74.928352355957 75.0775909423828 75.1292572021484 75.3205947875977 75.3999633789062 75.5477752685547 75.7008819580078 75.6971054077148 75.6746597290039 75.8569183349609 75.7239608764648 75.8246383666992 75.9039535522461 76.1188430786133 76.3100433349609 76.5573577880859 76.6366653442383 76.6370239257812 76.4629898071289 76.4987487792969 76.7093124389648 76.786865234375 76.8761672973633 76.7806396484375 76.4626388549805 76.2783050537109 76.1846313476562 76.0247573852539 75.7773971557617 75.6270523071289 75.8709259033203 76.0570297241211 75.5979461669922 74.2174606323242 73.765007019043 73.1118087768555
75.2643814086914 75.0238037109375 -3.4e+38 74.8123550415039 74.5312652587891 74.1596908569336 74.2782287597656 74.4218902587891 74.5292892456055 74.5554351806641 74.4736175537109 74.4919586181641 74.6034393310547 74.6263580322266 74.7469329833984 74.8222122192383 74.9800338745117 75.1186065673828 75.2509307861328 75.2605133056641 75.2672653198242 75.3404846191406 75.536003112793 75.3433685302734 75.4879379272461 75.6003646850586 75.6947250366211 75.9339294433594 76.0957565307617 76.1366119384766 76.1442031860352 75.9750747680664 76.0861053466797 76.2577133178711 76.1986312866211 76.1375198364258 76.2609100341797 76.0217819213867 75.7959976196289 75.7225112915039 75.5301971435547 75.2431564331055 75.1484069824219 75.1960678100586 75.3412780761719 74.5454940795898 73.3134155273438 73.0895233154297 72.2817840576172
74.8567123413086 74.5361633300781 74.6628570556641 74.3506164550781 74.1115798950195 73.8250274658203 73.8957290649414 73.9575729370117 74.0479049682617 74.143424987793 74.0503311157227 74.0856018066406 74.2409591674805 74.3589630126953 74.3532943725586 74.4460601806641 74.6090698242188 74.7336273193359 74.842041015625 74.9215621948242 74.9512329101562 75.046516418457 75.0457153320312 74.9921112060547 75.1013870239258 75.2696151733398 75.2742691040039 75.423828125 75.4321060180664 75.4603576660156 75.53466796875 75.5789337158203 -3.4e+38 -3.4e+38 75.6730346679688 75.6994400024414 75.8369445800781 75.6696701049805 75.3407669067383 75.2551956176758 75.1157684326172 74.7926406860352 74.8466796875 74.8359146118164 74.7213668823242 74.1694946289062 72.9414215087891 72.3991470336914 71.4946136474609
74.6674270629883 74.3442153930664 74.2887649536133 74.0316162109375 73.9188613891602 73.7100372314453 73.6078414916992 73.5455703735352 73.6001358032227 73.7811965942383 73.7705841064453 73.7558288574219 73.9370956420898 73.9781188964844 74.0683135986328 74.0904235839844 74.2445220947266 74.3173751831055 74.4728927612305 74.6371536254883 74.7297821044922 74.7246780395508 74.6306991577148 74.6495819091797 74.7023239135742 74.8938598632812 74.9059600830078 74.9870834350586 75.1592407226562 75.1252593994141 75.1212463378906 75.3612670898438 -3.4e+38 75.1631317138672 75.245979309082 75.3807144165039 75.4035034179688 75.2688446044922 74.9045181274414 74.7698440551758 74.7260437011719 74.5043029785156 74.4684600830078 74.4399490356445 74.3961563110352 73.903923034668 72.3399200439453 71.8217239379883 70.4850540161133
74.25927734375 74.1269989013672 73.9552536010742 73.7818145751953 73.6049728393555 73.3473052978516 73.2193832397461 73.1980133056641 73.2086029052734 73.3679122924805 73.4037857055664 73.3156890869141 73.3736114501953 73.5583419799805 73.7304000854492 73.7420272827148 73.8156814575195 74.0326080322266 74.1446380615234 74.2743225097656 74.4463043212891 74.3485260009766 74.2868194580078 74.3235549926758 74.3993225097656 74.5857696533203 74.6894607543945 74.6831817626953 74.9617691040039 74.9981536865234 74.8967971801758 75.008430480957 -3.4e+38 74.8078918457031 74.9163665771484 74.3673095703125 73.6335067749023 74.6917877197266 74.3838958740234 74.2893142700195 74.3727188110352 74.2592620849609 74.0391082763672 73.9625091552734 74.0431289672852 73.311149597168 71.6370086669922 71.3074340820312 69.4765090942383
73.9239120483398 73.7702102661133 73.6488571166992 73.4453277587891 73.201904296875 72.9822540283203 72.9149856567383 72.8908767700195 72.812385559082 72.9099807739258 72.8890991210938 72.6781234741211 72.7225112915039 73.2093505859375 73.2705993652344 73.3128128051758 73.4354400634766 73.6714096069336 73.7347869873047 73.8964996337891 74.0621719360352 74.0223693847656 73.9224243164062 -3.4e+38 73.9975051879883 74.251350402832 74.4337615966797 74.2907485961914 74.5374526977539 74.7022476196289 74.6416625976562 74.5691146850586 74.3591995239258 74.3548889160156 74.1818542480469 73.2957229614258 73.4668045043945 74.0988693237305 73.9584197998047 73.9061737060547 73.9104843139648 73.9126358032227 73.7127304077148 73.5591049194336 73.2736129760742 72.2336502075195 71.3370742797852 70.9613265991211 68.6182174682617
