rcp4.5models/GFDL_CM3/sc1gr5.8
NCOLS 261 
NROWS 433 
XLLCORNER 336357.134 
YLLCORNER 654653.479 
CELLSIZE 1000 
NODATA_value -3.4e+38 
[rows 308 to 329 of 433, columns 98 to 146 of 261]
229.338653564453 232.368865966797 241.303283691406 241.070465087891 238.515563964844 236.972885131836 237.137313842773 235.021301269531 232.291473388672 237.225936889648 243.470855712891 247.388122558594 250.003265380859 253.149398803711 253.101501464844 249.770233154297 248.485321044922 243.646850585938 235.409255981445 233.334075927734 234.113388061523 235.281265258789 235.538696289062 237.452346801758 239.522888183594 240.834671020508 240.604644775391 244.722610473633 244.673492431641 239.194259643555 235.243682861328 233.33854675293 227.358856201172 215.831588745117 205.503570556641 195.111206054688 185.223846435547 193.0322265625 209.470901489258 217.808456420898 223.331588745117 220.213317871094 205.424621582031 196.612426757812 195.084030151367 191.45735168457 190.947525024414 191.036163330078 186.990112304688
235.168151855469 237.147033691406 244.764038085938 243.545989990234 233.780578613281 231.268783569336 235.5146484375 240.473861694336 239.979064941406 241.443267822266 248.360076904297 253.39094543457 254.455642700195 254.818115234375 251.238891601562 246.31005859375 244.331359863281 241.333389282227 231.699920654297 228.982315063477 228.320907592773 225.67610168457 223.754486083984 222.071243286133 223.490631103516 227.608413696289 239.875244140625 240.880569458008 232.279937744141 221.020034790039 212.75505065918 218.904846191406 221.789260864258 211.557220458984 200.393707275391 192.450912475586 185.968521118164 187.648208618164 199.748336791992 206.745941162109 216.096038818359 217.83430480957 203.416076660156 191.623016357422 186.010635375977 186.524749755859 188.623672485352 188.866592407227 181.727737426758
254.207168579102 252.584243774414 253.807403564453 250.890670776367 237.855926513672 228.849182128906 228.426666259766 240.065155029297 242.419281005859 242.385101318359 250.708129882812 253.963485717773 253.62223815918 253.394195556641 248.79833984375 242.030380249023 238.149154663086 239.557723999023 236.826721191406 234.374710083008 229.169708251953 220.791122436523 215.70393371582 212.405639648438 214.373123168945 220.985916137695 240.607757568359 236.705810546875 222.327850341797 208.388977050781 199.191421508789 203.331634521484 208.75260925293 205.062881469727 196.953338623047 187.109100341797 180.708999633789 183.166900634766 187.771865844727 193.022399902344 203.722076416016 215.240310668945 206.274200439453 189.545822143555 180.769622802734 184.64013671875 187.244979858398 185.668502807617 187.403121948242
268.573120117188 269.850860595703 267.309722900391 259.092987060547 245.326217651367 229.723510742188 227.351150512695 240.017395019531 246.369369506836 247.319900512695 252.675338745117 253.956970214844 252.807098388672 251.381240844727 248.950424194336 243.382904052734 236.1708984375 234.980102539062 237.526489257812 236.728073120117 230.751480102539 220.441696166992 210.157272338867 207.784301757812 218.350296020508 230.741744995117 238.294891357422 235.756210327148 225.58464050293 212.367416381836 201.972930908203 197.534332275391 197.263427734375 198.206726074219 197.307632446289 189.841796875 179.931198120117 171.970962524414 175.203353881836 182.273880004883 194.908432006836 203.817459106445 197.456344604492 182.971343994141 176.074829101562 179.74006652832 183.40559387207 184.592010498047 194.319747924805
275.549560546875 279.268981933594 274.450164794922 263.269775390625 247.599533081055 231.085372924805 232.863235473633 244.066604614258 249.670120239258 251.968002319336 252.707275390625 252.123184204102 250.107620239258 248.091049194336 247.39599609375 242.50927734375 235.347564697266 230.601913452148 231.715072631836 231.92448425293 230.543151855469 223.272277832031 212.87109375 212.406326293945 225.435577392578 237.571304321289 230.88249206543 230.783477783203 228.592208862305 221.398406982422 211.342025756836 203.8330078125 199.339218139648 196.449829101562 194.495574951172 191.710800170898 185.256698608398 164.017120361328 165.071685791016 174.949630737305 185.50813293457 183.278579711914 178.309127807617 172.664627075195 171.967041015625 174.936752319336 180.257873535156 187.809097290039 198.167572021484
281.641540527344 281.181732177734 276.695556640625 264.203094482422 261.87255859375 253.316802978516 253.585006713867 257.405578613281 253.049880981445 250.113235473633 247.121963500977 242.431854248047 240.824630737305 244.088607788086 240.57746887207 232.285568237305 228.300628662109 225.732666015625 222.90380859375 219.487335205078 219.161163330078 219.591644287109 213.99333190918 216.429443359375 229.632064819336 234.918151855469 222.272766113281 211.757934570312 213.119812011719 211.755340576172 211.783630371094 210.009613037109 205.201477050781 199.599014282227 191.709732055664 186.51481628418 182.855514526367 170.169723510742 162.518768310547 156.466278076172 153.429931640625 153.697784423828 161.909805297852 171.699691772461 174.978164672852 176.245468139648 178.00715637207 179.78694152832 194.390274047852
282.211608886719 282.525756835938 279.731079101562 273.359954833984 271.994689941406 267.644836425781 265.896240234375 266.749755859375 261.529449462891 251.896057128906 245.632141113281 238.789306640625 236.696838378906 241.622039794922 240.235443115234 230.095748901367 225.506042480469 222.030578613281 213.762344360352 208.016616821289 210.377593994141 213.970794677734 211.320495605469 212.275360107422 224.181533813477 232.238052368164 219.933822631836 210.272033691406 202.20622253418 197.42414855957 200.481735229492 200.42626953125 196.607864379883 195.844589233398 192.056793212891 186.733306884766 179.177734375 171.418365478516 170.034317016602 164.226913452148 159.648452758789 157.296859741211 163.705307006836 172.901580810547 176.38427734375 176.500839233398 175.952575683594 175.24560546875 187.192276000977
276.783233642578 277.744964599609 278.891204833984 270.434143066406 275.717346191406 274.017944335938 268.674926757812 269.694671630859 267.720062255859 256.318908691406 246.050888061523 237.75700378418 232.097457885742 235.280471801758 237.560195922852 230.044677734375 224.717224121094 217.057464599609 203.999542236328 199.900054931641 205.385864257812 211.263275146484 213.300994873047 215.172943115234 224.786636352539 230.593032836914 219.409576416016 209.878753662109 193.258712768555 185.694610595703 189.706466674805 187.644073486328 184.209594726562 185.804611206055 183.09765625 181.420379638672 174.741348266602 171.694046020508 175.616577148438 174.339263916016 168.312240600586 164.372650146484 167.496597290039 173.709381103516 177.361572265625 176.569152832031 174.751510620117 175.130889892578 182.383270263672
269.448089599609 268.733276367188 272.184173583984 258.328247070312 267.797546386719 274.501983642578 265.720581054688 264.958892822266 270.650543212891 260.129150390625 247.416519165039 239.237930297852 232.880950927734 229.91096496582 231.274383544922 228.219497680664 222.334732055664 211.363983154297 198.922409057617 196.634643554688 199.746673583984 206.978607177734 214.84635925293 221.880279541016 228.92106628418 227.61946105957 213.875396728516 210.126480102539 197.882263183594 185.963302612305 182.947387695312 178.182235717773 176.487396240234 177.858123779297 175.455520629883 174.746032714844 171.399475097656 171.998092651367 175.100784301758 179.093460083008 176.105316162109 174.282318115234 175.781341552734 177.919876098633 178.095886230469 175.043441772461 174.682556152344 180.025451660156 191.18424987793
266.780212402344 266.175537109375 267.013519287109 254.555450439453 258.559204101562 271.980438232422 267.291931152344 259.126525878906 264.186737060547 264.357116699219 254.964782714844 243.539199829102 235.365005493164 230.128387451172 224.073181152344 224.873825073242 220.037567138672 210.224395751953 200.497283935547 196.176071166992 198.361831665039 206.535781860352 213.749969482422 221.08805847168 227.174194335938 226.629272460938 213.43586730957 212.45947265625 207.436157226562 199.794647216797 191.408920288086 180.364669799805 174.433532714844 176.50129699707 174.190994262695 170.367813110352 170.719848632812 174.096817016602 174.240158081055 179.355834960938 180.622421264648 180.488250732422 180.438568115234 181.468002319336 180.714935302734 176.596633911133 176.397079467773 184.82780456543 205.083953857422
265.871490478516 264.191741943359 264.719177246094 258.766479492188 261.522338867188 271.600463867188 269.169494628906 257.215301513672 254.630325317383 261.561920166016 258.892181396484 245.960800170898 233.796081542969 229.871643066406 221.852920532227 222.655258178711 220.004211425781 211.698959350586 204.557220458984 202.34748840332 203.298767089844 210.409225463867 216.145889282227 219.30143737793 222.502380371094 226.027206420898 218.370529174805 215.607131958008 212.904541015625 211.199584960938 205.400543212891 194.725067138672 186.281539916992 185.960266113281 181.635482788086 176.26936340332 175.934799194336 179.656295776367 177.806045532227 178.448043823242 180.73193359375 180.321411132812 179.781600952148 180.786804199219 181.812515258789 182.589553833008 184.811721801758 191.332366943359 211.913970947266
265.407928466797 262.275848388672 262.840057373047 261.694671630859 259.069488525391 265.750396728516 268.063812255859 257.969116210938 248.749786376953 252.33984375 255.031463623047 243.567260742188 231.077392578125 227.251586914062 226.224182128906 224.769561767578 220.002853393555 213.0634765625 208.12223815918 208.520904541016 208.932098388672 211.277114868164 215.145645141602 216.992111206055 218.615280151367 221.139205932617 219.705352783203 217.974884033203 215.909057617188 214.889465332031 212.771560668945 208.806228637695 204.632995605469 200.063201904297 194.251174926758 189.977783203125 187.128936767578 187.716491699219 183.371032714844 180.246917724609 180.892883300781 180.26123046875 180.122192382812 179.717315673828 179.64762878418 183.067230224609 191.154724121094 201.897537231445 215.624313354492
267.595550537109 266.024658203125 264.247131347656 262.393188476562 253.513854980469 254.943145751953 264.246490478516 262.223449707031 249.643737792969 244.684066772461 247.603607177734 239.09423828125 226.577056884766 224.715866088867 228.403961181641 226.289825439453 219.832824707031 214.513977050781 210.919830322266 211.624282836914 213.538665771484 213.810745239258 214.067459106445 214.944442749023 217.217498779297 216.868255615234 216.461120605469 217.758850097656 217.791381835938 215.097869873047 212.98583984375 211.751556396484 211.928192138672 210.018630981445 205.455352783203 200.940933227539 197.282348632812 190.380310058594 182.335006713867 178.915649414062 180.06950378418 180.76496887207 181.838745117188 182.231674194336 180.909515380859 180.65771484375 187.228820800781 201.291961669922 220.732543945312
271.785614013672 270.674621582031 267.388031005859 263.737487792969 253.274612426758 246.440856933594 255.9638671875 265.735260009766 256.610443115234 245.994018554688 244.334762573242 238.731246948242 226.142608642578 223.060409545898 224.720474243164 223.519439697266 220.464630126953 214.728881835938 212.454208374023 212.78369140625 215.394607543945 216.481994628906 215.966415405273 216.215270996094 215.8583984375 213.123550415039 213.497665405273 215.44938659668 216.801177978516 214.755310058594 213.622024536133 212.077819824219 209.426361083984 209.636856079102 210.134002685547 207.931945800781 202.648208618164 186.780685424805 178.803009033203 175.997863769531 178.876800537109 179.886688232422 181.66194152832 184.061004638672 184.999114990234 184.124984741211 187.664688110352 198.045379638672 222.375350952148
271.143615722656 271.721252441406 267.629302978516 263.222198486328 253.014770507812 243.157958984375 249.342010498047 263.485382080078 261.684631347656 253.5751953125 245.918243408203 239.877624511719 232.628341674805 225.729827880859 220.279067993164 220.644882202148 222.114288330078 219.394653320312 214.898056030273 212.101364135742 214.644302368164 216.700500488281 216.699111938477 217.086074829102 213.361282348633 208.35173034668 211.058227539062 212.047485351562 212.178405761719 212.347778320312 214.145004272461 213.333084106445 208.628204345703 207.477981567383 209.260162353516 209.662811279297 205.170944213867 188.917572021484 181.996215820312 177.71533203125 178.828460693359 178.520065307617 179.521270751953 181.357421875 181.150650024414 181.79280090332 189.943725585938 201.053070068359 219.708786010742
262.570983886719 266.446105957031 266.989990234375 262.669311523438 254.239288330078 245.830276489258 247.864303588867 255.246154785156 258.336669921875 255.630920410156 246.688262939453 235.733047485352 233.108901977539 230.758178710938 217.769912719727 218.294204711914 219.87971496582 222.313858032227 219.48616027832 214.159881591797 213.79963684082 215.232894897461 215.513244628906 214.93620300293 212.8056640625 207.984268188477 206.968078613281 208.980422973633 209.631958007812 210.747970581055 212.406005859375 211.902145385742 209.604965209961 209.034729003906 207.872848510742 207.814392089844 206.367828369141 195.443862915039 187.015243530273 179.972412109375 177.336364746094 177.885711669922 179.176406860352 179.936767578125 176.748062133789 175.512222290039 187.296264648438 201.30744934082 218.423263549805
262.096099853516 264.651733398438 267.158752441406 261.594818115234 256.768463134766 248.016998291016 244.729568481445 244.905517578125 247.456497192383 249.733764648438 244.449966430664 232.094116210938 227.457748413086 232.117935180664 219.532333374023 216.560607910156 215.310470581055 216.867660522461 218.656295776367 217.424987792969 214.770690917969 213.820938110352 214.02604675293 212.570983886719 210.261322021484 206.505676269531 207.355133056641 209.118682861328 211.038055419922 212.460662841797 213.436676025391 213.045700073242 210.948028564453 209.854431152344 207.650985717773 207.601684570312 207.293930053711 197.185852050781 191.184066772461 184.39274597168 179.272979736328 179.188095092773 179.586898803711 179.999847412109 179.716384887695 180.328277587891 188.584381103516 199.100723266602 216.200378417969
270.320098876953 271.48193359375 271.529815673828 264.908813476562 257.990081787109 246.496109008789 238.218170166016 233.613189697266 227.592224121094 223.636413574219 228.078674316406 235.756851196289 231.094940185547 220.870132446289 223.615997314453 221.180389404297 216.650833129883 213.234558105469 213.770797729492 214.668853759766 215.140838623047 215.309112548828 212.602188110352 206.850738525391 206.347640991211 205.167922973633 195.505996704102 201.382263183594 203.028701782227 204.03254699707 207.648406982422 209.302642822266 210.174301147461 210.095596313477 210.257614135742 208.491073608398 206.931518554688 197.56950378418 194.265808105469 191.677108764648 187.465255737305 183.251312255859 182.148986816406 181.533554077148 181.551376342773 183.846801757812 192.021560668945 201.645965576172 209.374069213867
267.233001708984 269.236907958984 267.79296875 263.958648681641 257.928588867188 249.557769775391 239.542694091797 230.707916259766 225.540634155273 217.311157226562 217.744140625 231.220016479492 234.176544189453 226.310150146484 216.411712646484 220.319442749023 221.788024902344 216.756927490234 212.751983642578 213.178771972656 214.454742431641 215.616821289062 215.383178710938 212.861618041992 211.610366821289 207.681076049805 191.767181396484 195.962051391602 198.841613769531 201.553359985352 207.971054077148 209.222305297852 209.761962890625 208.130218505859 206.311309814453 203.531295776367 200.272689819336 189.301315307617 189.540176391602 189.08918762207 186.018859863281 183.761596679688 183.461181640625 182.639236450195 182.072387695312 182.957153320312 188.482543945312 200.082626342773 218.503784179688
264.333312988281 268.549224853516 266.644866943359 257.968994140625 251.192169189453 241.930404663086 232.330535888672 222.856384277344 220.192443847656 214.90299987793 212.053405761719 219.199691772461 227.500961303711 228.266983032227 213.381866455078 213.043106079102 220.350250244141 221.039474487305 217.067810058594 215.050735473633 214.950546264648 216.523727416992 217.207443237305 215.438888549805 213.368469238281 209.941513061523 198.12907409668 198.093109130859 201.899642944336 204.583251953125 209.628036499023 210.172317504883 209.843948364258 208.055480957031 205.965087890625 203.009857177734 197.538665771484 187.442367553711 182.894912719727 181.349136352539 180.083847045898 181.365524291992 181.827072143555 182.587692260742 182.685073852539 182.218734741211 184.396926879883 195.458023071289 219.030181884766
260.699279785156 261.275024414062 262.173950195312 253.494247436523 247.735610961914 238.382278442383 226.419494628906 213.82829284668 213.4130859375 213.458084106445 208.827941894531 210.090744018555 218.768463134766 227.172485351562 217.413589477539 211.093566894531 212.945678710938 218.970840454102 -3.4e+38 221.974411010742 220.051284790039 218.445617675781 216.418060302734 215.106979370117 213.959350585938 211.115173339844 200.004318237305 200.064834594727 204.723419189453 207.142959594727 208.855072021484 209.557662963867 209.56526184082 208.29443359375 207.431045532227 205.912338256836 201.633865356445 194.535949707031 189.883697509766 186.138076782227 180.945129394531 180.087127685547 178.617202758789 180.543350219727 182.288208007812 181.61735534668 181.524108886719 189.816253662109 210.467834472656
256.072540283203 249.675750732422 249.353378295898 244.917358398438 242.841384887695 238.592651367188 224.381164550781 207.185287475586 203.943283081055 207.410598754883 207.233459472656 208.432083129883 212.845306396484 220.562652587891 219.938690185547 214.591873168945 208.957794189453 210.614242553711 219.228134155273 -3.4e+38 -3.4e+38 221.756576538086 217.123199462891 213.522109985352 212.797714233398 211.171859741211 200.492065429688 192.989349365234 197.334167480469 205.198516845703 206.405044555664 205.57177734375 204.450256347656 204.092132568359 203.961807250977 205.20231628418 204.270751953125 202.784118652344 201.883758544922 196.906997680664 188.659957885742 182.455825805664 176.321640014648 175.423049926758 179.028381347656 181.342559814453 180.725631713867 182.774688720703 202.214004516602
