rcp4.5models/GFDL_CM3/sc1gr10.31
NCOLS 261 
NROWS 433 
XLLCORNER 336357.134 
YLLCORNER 654653.479 
CELLSIZE 1000 
NODATA_value -3.4e+38 
[rows 264 to 285 of 433, columns 98 to 146 of 261]
361.655883789062 362.158630371094 355.278259277344 359.508270263672 361.719207763672 364.008972167969 366.536407470703 369.269989013672 373.102874755859 390.441619873047 410.083740234375 395.683929443359 384.035308837891 387.065216064453 451.074890136719 502.931457519531 512.435363769531 511.402130126953 511.989288330078 510.937957763672 465.754425048828 440.955261230469 431.042877197266 434.002014160156 438.392578125 383.306304931641 401.216857910156 335.610504150391 441.345520019531 515.62939453125 341.938079833984 225.820892333984 229.077926635742 232.453643798828 230.321807861328 236.471496582031 239.408782958984 209.874359130859 225.627990722656 242.953598022461 255.426879882812 251.521362304688 252.346435546875 258.639343261719 262.1494140625 262.729705810547 252.576385498047 238.574417114258 215.299057006836
370.24609375 371.716400146484 354.569488525391 358.994720458984 360.799224853516 362.769653320312 365.1279296875 367.496612548828 371.207305908203 383.992736816406 403.107086181641 399.046203613281 383.050018310547 385.931518554688 419.889068603516 480.821990966797 516.353332519531 510.63037109375 506.858551025391 503.818450927734 443.063018798828 425.808654785156 368.755462646484 323.371215820312 435.864624023438 392.094665527344 279.143890380859 298.337890625 330.024688720703 310.396362304688 219.452667236328 221.344970703125 224.978500366211 230.350509643555 226.204086303711 228.795883178711 236.367645263672 226.547653198242 225.406631469727 226.243988037109 241.830551147461 245.536849975586 254.168151855469 260.476684570312 263.166168212891 260.143249511719 248.559539794922 238.201873779297 197.646911621094
394.165405273438 384.066436767578 352.517822265625 357.758056640625 359.297485351562 360.991790771484 363.365661621094 365.836547851562 368.436889648438 371.285400390625 379.120574951172 395.31640625 405.282806396484 397.617645263672 391.893737792969 427.807342529297 494.309295654297 515.104797363281 508.530456542969 505.553436279297 529.334716796875 523.623168945312 489.470886230469 442.419342041016 432.476501464844 437.149230957031 331.649261474609 257.920776367188 426.142486572266 408.000823974609 447.095367431641 214.84098815918 218.827789306641 229.660522460938 227.69303894043 220.35758972168 222.785064697266 235.050155639648 241.006591796875 243.557266235352 242.143417358398 231.299057006836 227.482772827148 241.942596435547 249.860153198242 243.387847900391 235.71891784668 293.078094482422 193.237335205078
376.197052001953 368.668731689453 353.415649414062 358.536254882812 360.538726806641 359.884857177734 362.259918212891 364.763397216797 367.276519775391 369.895294189453 374.173706054688 388.269622802734 413.382293701172 426.16357421875 395.476654052734 421.880676269531 478.707214355469 515.976257324219 505.974945068359 500.152679443359 513.286499023438 495.503479003906 476.513854980469 469.303680419922 443.040435791016 434.662872314453 389.641479492188 297.735626220703 318.716125488281 437.73486328125 451.994171142578 213.556838989258 218.549865722656 227.017456054688 226.046798706055 220.07502746582 220.841217041016 226.286041259766 231.925857543945 233.862564086914 240.719711303711 241.530075073242 235.412399291992 240.908828735352 247.205917358398 248.689315795898 237.257034301758 285.531951904297 193.478881835938
386.288543701172 360.348754882812 352.825347900391 356.333404541016 358.624877929688 359.016693115234 361.340454101562 365.134216308594 370.252166748047 371.669311523438 371.827026367188 378.178771972656 392.769104003906 420.999877929688 423.238250732422 428.283416748047 458.598724365234 483.331359863281 494.709594726562 493.673492431641 488.728607177734 488.338836669922 482.670928955078 484.862274169922 404.918212890625 340.163208007812 440.031341552734 395.772094726562 315.243011474609 420.840911865234 455.351135253906 210.012817382812 214.721343994141 224.154556274414 223.140563964844 217.070297241211 217.58349609375 222.1025390625 224.102737426758 224.963104248047 230.241683959961 236.293167114258 241.304458618164 245.987258911133 237.783325195312 234.321014404297 241.158798217773 242.942077636719 204.708419799805
375.325103759766 351.340393066406 350.236846923828 353.441467285156 355.844329833984 358.626770019531 361.010070800781 364.496948242188 371.449798583984 378.154357910156 377.071990966797 374.255187988281 377.767883300781 397.401489257812 442.717407226562 443.446685791016 462.007232666016 467.862426757812 485.996429443359 480.699249267578 468.609527587891 488.747985839844 486.632446289062 482.436004638672 430.485229492188 393.397338867188 468.743621826172 384.907287597656 228.911651611328 222.547622680664 313.486877441406 205.273010253906 209.764907836914 221.26872253418 219.151428222656 211.461334228516 213.722457885742 348.152038574219 216.887786865234 221.316528320312 223.469619750977 227.515121459961 238.220886230469 242.246994018555 224.50846862793 219.095260620117 243.972671508789 241.019836425781 223.623931884766
365.732330322266 350.627777099609 348.255889892578 352.614593505859 355.221008300781 358.557281494141 361.125518798828 363.036712646484 367.911834716797 379.356140136719 390.239776611328 386.255065917969 377.398803710938 391.621307373047 434.081695556641 439.056457519531 388.901641845703 355.526885986328 478.322326660156 473.806091308594 461.771911621094 471.807250976562 479.015014648438 479.827575683594 477.888916015625 489.208770751953 512.247985839844 415.407653808594 309.071350097656 283.156311035156 194.214431762695 203.448028564453 210.398742675781 213.773910522461 216.097473144531 211.173355102539 210.937713623047 452.486206054688 210.230987548828 217.569747924805 220.134643554688 227.725723266602 239.451538085938 237.873733520508 226.846069335938 228.819671630859 245.146667480469 230.898071289062 239.422760009766
358.922760009766 348.589691162109 348.224090576172 352.51318359375 355.512817382812 359.022338867188 361.417144775391 363.153411865234 366.659973144531 372.510040283203 384.205017089844 386.348937988281 377.264282226562 385.369567871094 424.649078369141 431.608825683594 320.65673828125 248.07194519043 457.722198486328 393.041839599609 339.882873535156 451.255126953125 400.089965820312 357.321350097656 462.513244628906 468.394653320312 510.742736816406 485.772094726562 461.060333251953 386.433990478516 195.136734008789 200.071914672852 204.05126953125 204.519561767578 211.816940307617 209.336715698242 204.205474853516 306.498138427734 205.795928955078 214.010330200195 216.165618896484 222.382751464844 232.549789428711 236.633285522461 235.449356079102 238.031158447266 240.682357788086 234.914993286133 248.805130004883
352.845703125 345.439727783203 349.536560058594 353.850463867188 357.274597167969 359.9599609375 361.184448242188 363.717041015625 367.687072753906 370.360229492188 372.767547607422 375.355072021484 376.615936279297 379.604888916016 420.774353027344 430.300994873047 376.804107666016 344.21044921875 437.130340576172 386.668640136719 285.411346435547 328.964569091797 389.606781005859 292.593231201172 274.076324462891 345.526489257812 369.398712158203 415.001403808594 341.902526855469 361.363800048828 183.767593383789 191.88688659668 193.490936279297 198.548721313477 204.160369873047 200.024291992188 260.445190429688 303.277679443359 199.893020629883 210.49153137207 212.368194580078 214.318481445312 220.875823974609 230.122985839844 237.36067199707 233.720230102539 225.65071105957 232.174606323242 242.811553955078
349.890106201172 344.728637695312 348.996398925781 356.247497558594 360.4599609375 363.538818359375 362.749542236328 363.479705810547 367.301818847656 371.754486083984 373.481994628906 373.575134277344 376.277069091797 379.105438232422 417.279022216797 429.154998779297 429.430511474609 432.484466552734 428.191040039062 431.991058349609 380.498138427734 336.26123046875 367.961791992188 272.965118408203 296.641876220703 302.858856201172 256.123687744141 423.365631103516 305.426055908203 228.95719909668 160.704071044922 179.956787109375 180.727722167969 189.865570068359 195.749237060547 261.097198486328 435.879852294922 414.435668945312 266.68408203125 341.871215820312 207.124877929688 211.180389404297 217.650588989258 227.321716308594 230.127868652344 228.846527099609 230.110549926758 236.485580444336 231.153030395508
343.611938476562 344.256896972656 346.813812255859 355.969665527344 361.791656494141 365.510070800781 362.352203369141 362.820373535156 365.975280761719 368.921325683594 374.172882080078 377.135620117188 377.110961914062 379.178375244141 410.935913085938 428.287811279297 429.450622558594 434.584777832031 428.976531982422 428.458099365234 428.166839599609 364.036346435547 202.090621948242 226.460739135742 442.794860839844 407.342651367188 294.704284667969 356.639312744141 420.321655273438 244.298904418945 140.105941772461 163.322372436523 166.957931518555 178.600769042969 187.561172485352 245.653747558594 413.792022705078 290.914947509766 255.004730224609 325.176177978516 204.779174804688 209.138626098633 216.789016723633 227.365585327148 228.086578369141 232.747131347656 239.814849853516 242.034744262695 225.700149536133
341.853912353516 343.718444824219 345.974395751953 352.584838867188 358.787750244141 363.189056396484 360.232940673828 361.553253173828 364.242309570312 366.633422851562 372.594482421875 378.908905029297 380.765167236328 380.314453125 402.177520751953 424.67529296875 426.896850585938 432.107482910156 430.105651855469 428.892608642578 362.420745849609 263.666168212891 278.659454345703 269.839141845703 260.33740234375 333.867431640625 329.670776367188 177.785049438477 283.896362304688 227.021591186523 195.586929321289 267.609130859375 160.434463500977 169.595474243164 178.161422729492 173.311279296875 285.312225341797 174.556655883789 185.579467773438 197.1396484375 204.086349487305 206.742263793945 211.932540893555 218.664443969727 229.716842651367 234.994003295898 233.416778564453 239.01286315918 223.468078613281
342.119171142578 343.777862548828 346.350738525391 350.882781982422 354.443908691406 357.95703125 358.482299804688 360.445220947266 363.247894287109 366.932800292969 371.176422119141 381.328002929688 401.741943359375 406.690032958984 401.252380371094 427.091613769531 425.710357666016 428.110412597656 431.689849853516 430.724884033203 372.758819580078 336.058929443359 426.790374755859 369.238128662109 215.237228393555 163.337432861328 211.500427246094 178.286636352539 228.913330078125 119.571784973145 251.496490478516 362.425598144531 151.265121459961 169.966171264648 178.395858764648 171.633193969727 213.033782958984 172.149490356445 182.930389404297 191.776229858398 200.717712402344 203.61735534668 206.030517578125 208.681427001953 217.155746459961 222.725845336914 228.342346191406 239.696823120117 231.095077514648
342.020172119141 343.629333496094 346.125366210938 351.320251464844 352.905975341797 355.35693359375 357.506225585938 360.161041259766 363.153961181641 366.556945800781 369.712524414062 377.752899169922 397.288543701172 407.048950195312 416.689300537109 433.971466064453 430.979431152344 433.591705322266 438.448547363281 438.637634277344 434.484039306641 433.472778320312 366.939666748047 313.673706054688 368.167572021484 211.997207641602 171.9970703125 341.919860839844 390.207855224609 230.416137695312 180.581085205078 303.322113037109 262.071868896484 159.697845458984 175.295867919922 175.085723876953 233.143249511719 359.669158935547 309.951629638672 187.788955688477 194.273773193359 195.253128051758 196.036376953125 195.374862670898 205.120010375977 209.761108398438 219.192337036133 229.725311279297 239.002746582031
341.95068359375 343.455993652344 345.759216308594 358.143737792969 364.050354003906 369.088775634766 367.077575683594 365.020843505859 367.517700195312 373.496551513672 376.066711425781 375.843933105469 374.697784423828 377.618499755859 416.171997070312 450.54052734375 446.651947021484 447.972442626953 457.064819335938 395.978363037109 339.912780761719 437.339477539062 375.951782226562 327.457550048828 420.171051025391 367.65625 370.924560546875 338.172424316406 387.239990234375 352.291656494141 455.589996337891 335.861053466797 246.514282226562 418.696868896484 328.356964111328 276.643127441406 270.840881347656 423.275573730469 253.080932617188 156.632141113281 170.028549194336 172.331573486328 169.808532714844 166.516479492188 174.085235595703 191.336364746094 205.250885009766 217.249130249023 237.595230102539
341.900451660156 343.409271240234 345.828338623047 351.724578857422 364.739990234375 327.321746826172 302.897186279297 390.557250976562 385.497528076172 407.878936767578 413.950347900391 402.997985839844 386.963012695312 397.396392822266 370.8759765625 348.443756103516 456.164611816406 441.900146484375 445.024383544922 405.127532958984 361.563323974609 435.977478027344 422.858551025391 422.289123535156 426.581665039062 437.553405761719 424.734924316406 367.397216796875 330.127746582031 449.646667480469 448.851959228516 394.287689208984 359.552490234375 475.314514160156 422.138763427734 318.044494628906 388.971588134766 234.745498657227 127.907180786133 207.091125488281 279.063385009766 163.661224365234 177.073822021484 171.953598022461 -3.4e+38 182.999374389648 201.80712890625 211.30322265625 222.585632324219
342.67626953125 344.391815185547 347.059020996094 352.091613769531 358.900482177734 331.152130126953 338.160797119141 426.704345703125 408.803344726562 421.857330322266 428.168182373047 424.602966308594 418.871459960938 423.011810302734 400.485748291016 352.229553222656 439.0390625 431.727996826172 435.138519287109 448.172180175781 456.436462402344 439.582061767578 415.892822265625 427.278259277344 440.820587158203 448.780151367188 438.61767578125 374.265747070312 341.759246826172 439.418670654297 444.867523193359 384.102478027344 340.621643066406 466.799957275391 416.571350097656 378.089416503906 499.508361816406 246.976974487305 124.656021118164 -3.4e+38 458.263641357422 293.907653808594 179.879867553711 173.88623046875 156.757934570312 167.752044677734 187.472595214844 198.578353881836 205.747436523438
344.211517333984 346.696807861328 348.610809326172 352.263336181641 354.454498291016 361.347351074219 387.571685791016 412.6455078125 409.466979980469 411.61279296875 414.03076171875 417.753631591797 421.01171875 419.811706542969 435.832702636719 423.850006103516 420.165557861328 428.033355712891 441.235565185547 440.311126708984 444.283782958984 445.449035644531 415.542938232422 428.183135986328 441.649597167969 437.493316650391 457.148834228516 452.395477294922 433.475708007812 430.927581787109 442.668365478516 324.756530761719 231.186111450195 456.031524658203 466.499572753906 478.243591308594 495.362274169922 236.288497924805 125.126602172852 191.60466003418 -3.4e+38 270.100891113281 165.3798828125 162.257278442383 151.023330688477 158.078125 178.788223266602 194.961212158203 202.538009643555
344.187286376953 346.790496826172 349.101776123047 353.109741210938 355.2294921875 357.859100341797 364.506591796875 379.879119873047 399.721008300781 411.221832275391 410.151916503906 408.036834716797 406.677978515625 409.021179199219 415.704803466797 418.171112060547 417.632354736328 422.553100585938 433.839569091797 431.91796875 420.121398925781 429.623962402344 416.934448242188 423.014129638672 435.564605712891 452.461181640625 357.056671142578 479.890441894531 384.486175537109 316.626892089844 439.569580078125 389.790435791016 346.919891357422 453.125091552734 460.74853515625 472.726348876953 420.057983398438 249.166534423828 196.45588684082 327.777008056641 258.100952148438 135.41423034668 146.27214050293 146.306900024414 146.181533813477 155.718078613281 177.110137939453 194.385620117188 199.416534423828
343.99658203125 346.502044677734 349.248413085938 354.129638671875 356.531433105469 359.209838867188 361.281463623047 372.329071044922 393.238189697266 406.508850097656 410.795379638672 409.129791259766 408.358642578125 407.401214599609 412.299560546875 414.317260742188 415.514801025391 417.094055175781 423.230255126953 427.455596923828 415.031372070312 413.646942138672 416.919250488281 431.014678955078 463.789794921875 420.930297851562 202.039489746094 363.527404785156 406.996887207031 346.252807617188 447.826965332031 442.13232421875 446.439666748047 384.289367675781 271.82861328125 348.400543212891 421.973510742188 432.770629882812 -3.4e+38 509.877777099609 377.587768554688 -3.4e+38 -3.4e+38 146.705108642578 145.282653808594 153.907745361328 176.142959594727 191.634582519531 195.89875793457
344.937835693359 348.819366455078 352.525787353516 354.694213867188 357.532592773438 360.504730224609 363.023040771484 369.404693603516 379.667053222656 391.451080322266 410.663421630859 425.293884277344 424.034545898438 416.101593017578 409.867431640625 412.408203125 415.134796142578 416.904693603516 420.035980224609 424.741821289062 418.347869873047 420.704620361328 434.863952636719 456.881134033203 423.205627441406 255.139175415039 224.220138549805 394.231048583984 475.622161865234 462.832122802734 453.631256103516 447.289947509766 456.94775390625 399.300231933594 224.806457519531 237.953155517578 478.119201660156 494.833129882812 498.549438476562 -3.4e+38 450.342346191406 260.767791748047 138.852401733398 151.499633789062 146.666488647461 155.920120239258 175.523208618164 192.013397216797 193.755828857422
347.41845703125 350.105529785156 353.253692626953 355.833618164062 358.388916015625 361.225311279297 365.05126953125 368.086791992188 370.364990234375 379.51513671875 399.159332275391 416.206268310547 420.870330810547 425.914947509766 411.034057617188 414.545623779297 416.106536865234 417.766326904297 417.634643554688 417.041870117188 414.754516601562 426.63818359375 382.339538574219 286.073272705078 244.695861816406 224.891479492188 274.963012695312 493.012054443359 470.988861083984 463.825469970703 458.360137939453 457.342102050781 475.252563476562 481.468444824219 349.316223144531 178.265502929688 -3.4e+38 489.740905761719 -3.4e+38 -3.4e+38 -3.4e+38 452.479370117188 -3.4e+38 -3.4e+38 145.015686035156 161.868087768555 177.473648071289 188.153442382812 186.295532226562
