rcp4.5models/GFDL_CM3/sc1gr1.39
NCOLS 261 
NROWS 433 
XLLCORNER 336357.134 
YLLCORNER 654653.479 
CELLSIZE 1000 
NODATA_value -9999 
[rows 220 to 241 of 433, columns 100 to 149 of 261]
58.578929901123 58.9508743286133 58.8666381835938 59.1026573181152 59.3205947875977 59.3241348266602 59.2712326049805 58.9606628417969 58.9823570251465 58.9608421325684 58.9601860046387 59.3225708007812 59.5881500244141 59.4187469482422 59.5912055969238 59.6850395202637 59.706371307373 59.9036064147949 59.8189582824707 59.7721252441406 59.8924140930176 60.0912055969238 60.1902732849121 60.2716102600098 60.2408256530762 60.2132835388184 60.2897796630859 60.4187774658203 60.282356262207 60.1801643371582 60.1049041748047 60.3042678833008 60.7593116760254 60.5628280639648 60.6005363464355 60.6787338256836 61.000129699707 61.0369262695312 61.0785865783691 61.1362571716309 60.9866142272949 61.1847305297852 61.2040176391602 61.0822792053223 61.1587905883789 61.4224433898926 61.1896896362305 61.3902053833008 61.5753936767578 61.4300498962402
58.5849571228027 58.8011665344238 58.8328399658203 58.943187713623 59.3758506774902 59.1809577941895 59.1501770019531 58.9516639709473 59.0780563354492 59.1627731323242 58.9241943359375 59.0755615234375 59.6984977722168 59.6326560974121 59.4233283996582 59.4741134643555 59.4944000244141 59.5695571899414 59.737190246582 59.6682548522949 59.9778938293457 60.1959800720215 60.1006927490234 60.2252006530762 60.0107803344727 60.0289611816406 60.1898040771484 60.430721282959 60.3136444091797 60.2984199523926 60.208381652832 60.4207382202148 60.6257286071777 60.6373481750488 60.9194374084473 60.6160011291504 60.9572219848633 60.9092063903809 60.9331245422363 60.9820556640625 60.862476348877 61.0642204284668 61.0556411743164 60.9459838867188 61.0767402648926 61.358959197998 61.1030349731445 61.3170394897461 61.5513000488281 61.2985877990723
58.5901298522949 58.7302742004395 58.7721328735352 58.5346946716309 58.8776626586914 58.947681427002 58.9201812744141 58.9239082336426 59.0604095458984 59.2087898254395 58.9465446472168 59.2674102783203 59.4977912902832 59.818531036377 59.4497222900391 59.3951644897461 59.5320663452148 59.441291809082 59.6096878051758 59.5911102294922 59.977294921875 60.084903717041 59.6540145874023 59.6606864929199 60.0672645568848 60.111515045166 60.2648620605469 60.4607086181641 60.493968963623 60.2743492126465 60.3539047241211 60.5034713745117 60.5484771728516 60.5427055358887 60.8091926574707 60.6579933166504 61.0538558959961 61.051441192627 60.7987518310547 60.79248046875 60.8902702331543 60.9084434509277 61.0402450561523 61.1117477416992 60.865421295166 61.1638336181641 61.3358268737793 61.2527389526367 61.5434036254883 61.5962028503418
58.5488700866699 58.6198120117188 58.9286308288574 58.8828353881836 58.6573066711426 59.0022087097168 58.9564094543457 59.0261268615723 59.2059211730957 58.9588432312012 58.9583168029785 59.4480857849121 59.336124420166 59.560432434082 59.6350021362305 59.3888626098633 59.7986183166504 59.6815376281738 59.7745742797852 59.7053565979004 59.8828201293945 59.8199806213379 59.446174621582 59.5935478210449 60.0930595397949 60.277904510498 60.403450012207 60.4176139831543 60.4576797485352 60.3353233337402 60.3482398986816 60.3447151184082 60.4645080566406 60.6475944519043 60.9102325439453 60.8081512451172 61.0978698730469 61.0095748901367 60.8015022277832 60.6068916320801 60.7864456176758 60.7695045471191 61.0485801696777 61.1960105895996 60.7737083435059 61.0574111938477 61.2051544189453 60.9553375244141 61.0629768371582 61.3188171386719
58.5917778015137 58.6696395874023 59.0812797546387 59.0726890563965 58.8920860290527 59.0078163146973 59.0191917419434 59.1238021850586 59.0788612365723 58.9287757873535 58.9454956054688 59.1318550109863 59.1312217712402 -9999 59.4741439819336 59.3874435424805 59.83154296875 -9999 59.6722412109375 59.6119766235352 59.6423034667969 59.8961563110352 59.8867301940918 59.7968063354492 60.0187797546387 60.2513275146484 60.2698783874512 60.4324493408203 60.3981285095215 60.2900466918945 60.2579345703125 60.1956672668457 60.2641868591309 60.6087646484375 60.911018371582 60.8047752380371 61.0687484741211 60.7640228271484 60.6994132995605 60.5558166503906 60.8023834228516 61.0895462036133 60.9586334228516 61.1522979736328 60.678768157959 60.8275985717773 61.4123153686523 61.2702369689941 61.0632095336914 61.1752662658691
58.6582374572754 58.8020896911621 58.7917289733887 58.7280616760254 58.9672813415527 58.9676818847656 59.0287704467773 59.2052917480469 59.1956024169922 59.2348823547363 59.0986518859863 59.0170669555664 59.3140640258789 -9999 59.6022567749023 59.5629425048828 59.6639862060547 59.7683410644531 59.6018142700195 59.5234375 59.5520172119141 59.8523216247559 60.0525398254395 59.9549942016602 59.9679565429688 60.4121055603027 60.4330825805664 60.2606925964355 60.3302154541016 60.2302169799805 60.2529602050781 60.2659187316895 60.2392158508301 60.3767166137695 60.5880737304688 60.8798637390137 60.8648910522461 60.6498794555664 60.7331924438477 60.7998008728027 60.8135147094727 61.0812644958496 61.0419883728027 60.9148368835449 60.6575660705566 60.9352493286133 61.2625122070312 61.4703178405762 61.3891410827637 61.3905792236328
58.6717491149902 58.7844696044922 58.7792854309082 58.787483215332 58.8746032714844 58.8731269836426 59.0297927856445 59.1998825073242 59.2342910766602 59.2550239562988 59.2439346313477 59.222827911377 59.3664245605469 59.5551300048828 59.5853576660156 59.6238975524902 59.5188865661621 59.7240028381348 59.5795021057129 -9999 59.5671577453613 59.683521270752 59.940055847168 60.0139045715332 59.8347358703613 60.1766891479492 60.5295295715332 60.2051315307617 60.217399597168 60.2707290649414 60.4407348632812 60.5586395263672 60.4147834777832 60.6195335388184 60.4711151123047 60.7604331970215 60.524055480957 60.5558395385742 60.8383750915527 60.8679962158203 60.9158897399902 61.0384826660156 61.299388885498 61.001895904541 60.7229423522949 60.9262161254883 61.0942497253418 61.428524017334 61.5076904296875 61.1064453125
58.7016983032227 58.6777381896973 58.7201995849609 58.813606262207 58.6991920471191 58.7804718017578 58.7937889099121 59.0282402038574 59.1238174438477 59.206428527832 59.2920417785645 59.3291664123535 59.2443008422852 59.4256362915039 59.496410369873 59.5524826049805 59.5756607055664 59.8876533508301 59.5781669616699 59.5869483947754 59.6113586425781 59.7867584228516 59.8267059326172 59.7670669555664 60.0911254882812 60.2024879455566 60.1986274719238 60.1249923706055 60.0488014221191 60.0995635986328 60.4660491943359 60.7262992858887 60.5957336425781 60.7268676757812 60.4234390258789 60.8944549560547 60.8814811706543 61.0059661865234 61.0043792724609 60.6816062927246 60.8131637573242 61.0851898193359 61.0965270996094 60.9994583129883 61.0303382873535 61.0080070495605 61.3407440185547 61.3196182250977 61.2482109069824 61.2308197021484
58.5724983215332 58.7006072998047 58.5867805480957 -9999 -9999 58.6145668029785 58.721752166748 59.1242485046387 59.1040382385254 59.0468482971191 59.2897987365723 59.3327598571777 59.2559623718262 59.3990020751953 59.3705787658691 59.4517135620117 59.5233573913574 59.8385047912598 59.720027923584 59.6839904785156 59.6882591247559 59.8168525695801 59.6372909545898 59.6920204162598 60.3258056640625 60.4082183837891 59.8733367919922 59.9995918273926 60.1328125 60.3052177429199 60.5351028442383 60.8336296081543 60.5633735656738 60.3367156982422 60.4971733093262 61.0775680541992 61.2306137084961 61.1326751708984 60.6968765258789 60.6721458435059 61.0114974975586 61.0322074890137 60.9166526794434 61.0430717468262 61.3844757080078 61.2099876403809 61.2503204345703 61.316291809082 61.2721252441406 61.5582466125488
58.6217155456543 58.7202606201172 58.7091636657715 58.7293586730957 58.7013854980469 58.8702850341797 58.7486190795898 59.1330223083496 59.1417198181152 58.9710006713867 59.0514640808105 59.2778778076172 59.2222747802734 59.2479286193848 59.1685218811035 59.2170333862305 59.5543403625488 59.8887748718262 59.5816764831543 59.551628112793 59.6112327575684 59.6363639831543 59.6227951049805 59.9388656616211 60.1287651062012 60.4388961791992 60.04248046875 60.2267036437988 60.2253761291504 60.309513092041 60.4980545043945 60.7042617797852 60.6576728820801 60.4700584411621 60.6756134033203 60.6892890930176 60.9359664916992 60.6093788146973 60.4872703552246 60.5882110595703 61.2470588684082 61.0565147399902 60.941593170166 61.1204490661621 61.3410034179688 61.2757606506348 61.1903038024902 61.4624633789062 61.470630645752 61.5554695129395
58.7895545959473 58.7494697570801 58.8132057189941 58.8674812316895 58.7770881652832 58.9395217895508 58.6367950439453 58.8959770202637 58.9538078308105 58.8357887268066 58.9426422119141 59.3163032531738 59.2483825683594 59.1362762451172 59.2545509338379 59.4405326843262 59.5034942626953 59.7011260986328 59.5564193725586 59.722095489502 59.6064147949219 59.5980606079102 -9999 59.8710136413574 60.0196762084961 60.2320899963379 60.0609474182129 60.0921592712402 60.1549987792969 60.0484848022461 60.3830528259277 60.5874557495117 60.7859992980957 60.5093879699707 60.665454864502 60.5443420410156 60.5236129760742 60.4290542602539 60.4948310852051 60.8381652832031 61.1965637207031 61.1104736328125 61.0547294616699 61.0926399230957 61.2891464233398 61.2201194763184 61.1169586181641 61.3931846618652 61.4377975463867 61.4076652526855
58.2875900268555 58.6596794128418 58.6349411010742 59.1897354125977 58.7985191345215 58.7745819091797 58.9207153320312 59.0061912536621 58.7952423095703 58.8378982543945 59.169303894043 59.2569580078125 59.5203628540039 59.1681098937988 59.2596702575684 59.1607208251953 59.1909255981445 59.4867134094238 59.5349578857422 59.6109466552734 59.7717018127441 59.8787803649902 59.7963943481445 60.1441650390625 60.1349601745605 59.7959747314453 59.8756790161133 60.4760131835938 60.2615432739258 60.3630142211914 60.4498023986816 60.4241638183594 60.4516105651855 60.3867416381836 60.5796127319336 60.6670379638672 60.7283134460449 60.4737510681152 60.6837005615234 60.8964157104492 61.0896339416504 60.9043922424316 60.9289093017578 61.1324615478516 61.1829032897949 61.1003112792969 61.1468086242676 61.1061134338379 61.216178894043 61.4991073608398
58.5025749206543 58.9554672241211 58.7194709777832 59.076171875 58.8910522460938 59.0268020629883 58.8747749328613 59.064640045166 58.8711280822754 58.7626190185547 59.1168594360352 59.2407608032227 59.3148384094238 59.0719146728516 59.4152297973633 59.2544174194336 59.3580894470215 59.4894676208496 59.3769149780273 59.4991264343262 59.621883392334 59.9655609130859 60.0910110473633 60.1237602233887 59.9290580749512 59.7700233459473 60.0920524597168 60.634521484375 60.3367195129395 60.2707862854004 60.2537117004395 60.1851081848145 60.2020606994629 60.2582473754883 60.3499603271484 60.7181282043457 60.6780967712402 60.8108024597168 60.6906661987305 60.7147521972656 61.0052528381348 61.0097312927246 60.9804229736328 61.0370941162109 61.0515937805176 61.1598052978516 61.4237327575684 61.3506469726562 61.5302848815918 61.5945777893066
58.8046112060547 58.6275291442871 58.487476348877 58.9367332458496 59.0831489562988 58.9451637268066 58.8997344970703 59.1448402404785 59.1302680969238 58.6255035400391 58.8215789794922 59.1555480957031 59.2605361938477 59.0895652770996 59.2470245361328 59.3011283874512 59.4840927124023 59.5704879760742 59.6203422546387 59.7119293212891 59.6311950683594 59.6877861022949 59.8421440124512 59.8190383911133 59.8148574829102 59.8751792907715 60.1013374328613 60.3853187561035 60.3949089050293 60.3817138671875 60.3824691772461 60.1660995483398 60.3420066833496 60.608959197998 60.3244400024414 60.6852684020996 -9999 60.9587364196777 60.9300346374512 60.8360366821289 60.8226585388184 60.8751373291016 60.9672508239746 60.9210395812988 60.7903938293457 61.1160049438477 61.3870887756348 61.4176559448242 61.6472587585449 61.473705291748
58.5619697570801 58.5555610656738 58.5394401550293 58.559268951416 58.7280235290527 58.7065963745117 58.9543571472168 59.0268630981445 59.1017303466797 58.8641777038574 59.0057601928711 59.1497955322266 59.1513633728027 59.0402030944824 59.0913467407227 59.5094032287598 59.5491943359375 59.7018547058105 59.7080307006836 59.674991607666 59.6925277709961 59.7911376953125 59.7332305908203 59.9315795898438 59.7865905761719 60.058521270752 59.980827331543 59.9786491394043 60.2290992736816 60.4053344726562 60.4061470031738 60.1917839050293 60.2571220397949 60.5664100646973 60.5584030151367 60.7680168151855 -9999 60.8182182312012 60.9134216308594 60.8529853820801 60.7719383239746 60.8107643127441 61.0323524475098 60.8426132202148 60.6137161254883 60.830623626709 61.1930084228516 61.3752212524414 61.7615356445312 61.2608337402344
58.3002281188965 58.5873794555664 58.6560020446777 58.4322662353516 58.5343933105469 58.6418571472168 58.8755035400391 58.8678131103516 58.8858833312988 59.2614326477051 59.3240661621094 59.3769340515137 59.2567481994629 59.3410224914551 59.4487342834473 59.780517578125 59.6884346008301 59.7616806030273 59.7156677246094 59.7098617553711 59.6755294799805 59.721263885498 59.791690826416 60.1515731811523 59.9644584655762 60.1821746826172 60.1022567749023 59.981990814209 60.0808181762695 60.3497161865234 60.12548828125 60.1218643188477 60.1322174072266 60.4877510070801 60.726676940918 60.8221130371094 60.8106651306152 60.774658203125 60.900318145752 60.7520561218262 60.7782287597656 60.8498001098633 61.2120780944824 61.0740585327148 60.6913375854492 60.701602935791 61.45458984375 61.4411888122559 61.7072410583496 61.5724792480469
58.4839210510254 58.5075721740723 58.4976806640625 58.4501075744629 58.5974998474121 58.7886962890625 58.9095878601074 58.9337730407715 59.0402946472168 59.2412910461426 59.3249931335449 59.3786849975586 59.3999671936035 59.4743041992188 59.4552841186523 59.5396118164062 59.5849647521973 59.7158851623535 59.7434997558594 59.7598609924316 59.6429672241211 59.5772018432617 59.7204399108887 59.9446334838867 60.0046043395996 60.0433502197266 60.175838470459 59.9797515869141 59.9951133728027 60.3317108154297 60.2020721435547 60.2799110412598 60.2317085266113 60.5470695495605 60.6796989440918 60.8487510681152 60.4485473632812 60.5824432373047 60.8598823547363 60.8906555175781 60.901252746582 60.9248886108398 61.2805976867676 61.2541770935059 61.065486907959 61.0952758789062 61.4119720458984 61.5192260742188 61.583553314209 61.7634887695312
58.5832710266113 58.6008262634277 58.6479949951172 58.6189041137695 58.7315292358398 58.9140777587891 58.8763389587402 59.0241966247559 59.1113967895508 59.008243560791 59.2177734375 59.4100532531738 59.3171730041504 59.3161087036133 59.2659225463867 59.3318862915039 59.417163848877 59.5282859802246 59.6700820922852 59.715389251709 59.6684417724609 59.6933364868164 59.7140693664551 59.7798347473145 59.9850959777832 60.0435638427734 60.104419708252 59.8861846923828 59.8600616455078 60.2381019592285 60.4618873596191 60.4798049926758 60.4514007568359 60.6559181213379 60.5857810974121 60.706413269043 60.3756790161133 -9999 -9999 60.9372329711914 60.8426132202148 60.9967842102051 61.1246147155762 61.0233383178711 61.2083549499512 61.3418579101562 61.366641998291 61.4980926513672 61.6093788146973 61.9079704284668
58.4084892272949 58.8719520568848 58.8289566040039 58.7280578613281 58.8027038574219 58.7770652770996 58.9073257446289 59.0150337219238 59.0350341796875 59.1482086181641 59.1708984375 59.4237823486328 59.1812324523926 59.1595878601074 59.2274856567383 59.3071632385254 59.2837295532227 59.3879356384277 59.629753112793 59.5952758789062 59.5886573791504 59.6523590087891 59.6632537841797 59.8271865844727 60.137451171875 60.3131408691406 60.1872138977051 59.9610328674316 60.0819778442383 60.2454414367676 60.3500137329102 60.3886070251465 60.491039276123 60.5205612182617 60.7148742675781 60.5305671691895 60.5895309448242 -9999 60.9264373779297 60.8105926513672 60.7123565673828 60.9341468811035 61.0096969604492 60.9179191589355 61.2675399780273 61.3618316650391 61.5046577453613 61.4563522338867 61.5782241821289 61.7203330993652
58.459171295166 58.9588966369629 58.9873161315918 58.6525764465332 58.7568206787109 58.8152313232422 58.9494361877441 58.8276748657227 58.8701171875 59.0484962463379 59.1409149169922 59.377010345459 59.0858383178711 59.0329971313477 59.181526184082 59.2888259887695 59.2192573547363 59.3428382873535 59.4860420227051 59.6267585754395 59.6914367675781 59.6016235351562 59.6248474121094 59.8512420654297 -9999 -9999 -9999 59.948486328125 60.1587257385254 60.3623847961426 60.2814483642578 60.272144317627 60.5184097290039 60.3145446777344 60.6326789855957 60.6337242126465 60.4223327636719 -9999 60.9164581298828 60.8521766662598 61.0173072814941 61.0810050964355 61.1836967468262 61.0634765625 61.2199516296387 61.479793548584 61.2618446350098 61.426456451416 61.5417442321777 61.6654853820801
58.6329345703125 58.7310791015625 58.7980842590332 58.6456260681152 58.9033050537109 59.0415458679199 58.7616348266602 58.7268600463867 58.9206390380859 58.8010406494141 58.9242477416992 59.4526443481445 59.1111755371094 59.1648216247559 59.0784454345703 59.1594467163086 59.2317771911621 59.3129768371582 59.4494667053223 59.8455085754395 59.6470222473145 59.6480407714844 59.7715377807617 59.8315582275391 60.0307197570801 60.0193061828613 -9999 59.9667625427246 60.195873260498 60.3145637512207 60.4244041442871 60.3730430603027 60.5337524414062 60.4849090576172 60.3669090270996 60.5618782043457 60.4460334777832 60.5717391967773 60.7922973632812 60.9514350891113 61.304271697998 61.3051681518555 -9999 60.9917831420898 61.1197547912598 61.3817367553711 61.2485771179199 61.3747482299805 61.2924537658691 61.7117156982422
58.6639671325684 58.7422332763672 58.7092819213867 58.6423835754395 58.8779449462891 58.8735656738281 58.7849082946777 58.981761932373 59.2509346008301 59.0224342346191 58.9170188903809 59.5033645629883 59.1803703308105 59.2749443054199 59.1796684265137 59.1075630187988 59.2080917358398 59.4352416992188 59.6977081298828 59.6664657592773 59.5535125732422 59.7551918029785 59.8533515930176 59.7022285461426 59.8376235961914 -9999 59.989559173584 60.118034362793 60.3663902282715 60.2612457275391 60.392505645752 60.4473838806152 60.472469329834 60.5582427978516 60.3099708557129 60.4536437988281 60.6160736083984 60.6888122558594 60.7243576049805 61.0375938415527 61.0858383178711 61.267276763916 61.0974044799805 60.8908500671387 60.9528732299805 61.3424453735352 61.221076965332 61.3057441711426 61.1800537109375 61.566593170166
