rcp4.5models/GFDL_CM3/sc1gr5.27
NCOLS 261 
NROWS 433 
XLLCORNER 336357.134 
YLLCORNER 654653.479 
CELLSIZE 1000 
NODATA_value -9999 
[rows 176 to 197 of 433, columns 100 to 149 of 261]
306.604553222656 306.592315673828 306.334411621094 306.243133544922 306.126678466797 -9999 -9999 -9999 306.513580322266 306.594085693359 306.88134765625 306.587280273438 306.296020507812 306.122161865234 306.246795654297 306.056213378906 305.800903320312 305.884094238281 306.247711181641 306.216674804688 306.037872314453 306.299957275391 305.828277587891 305.662292480469 305.577087402344 305.570892333984 305.100006103516 304.953887939453 304.937652587891 305.292877197266 305.618774414062 305.975036621094 306.435729980469 306.650604248047 306.679382324219 305.62255859375 305.799285888672 305.6240234375 305.165313720703 305.296417236328 304.896789550781 304.848022460938 305.102783203125 305.135620117188 305.456634521484 305.891326904297 306.258178710938 307.140716552734 307.738830566406 307.723205566406
306.567321777344 306.241058349609 306.066253662109 305.799255371094 306.079925537109 306.125671386719 306.284484863281 306.019897460938 306.028350830078 306.202087402344 306.497039794922 306.284729003906 306.201232910156 306.157562255859 306.267883300781 306.240447998047 306.240081787109 -9999 306.188079833984 306.031066894531 305.967224121094 306.291320800781 305.750701904297 305.477813720703 305.224578857422 305.179840087891 305.082489013672 304.991149902344 304.912689208984 305.186126708984 305.495361328125 305.798400878906 306.118194580078 306.65283203125 306.520904541016 305.695678710938 305.790008544922 305.186614990234 305.064270019531 304.899383544922 304.518371582031 304.720001220703 305.583618164062 305.722839355469 305.879547119141 305.956604003906 306.400024414062 307.120178222656 307.830627441406 308.167877197266
-9999 -9999 306.029174804688 305.624176025391 305.823547363281 306.110687255859 306.069274902344 306.170562744141 306.109985351562 306.081390380859 306.212066650391 306.053131103516 306.182983398438 306.064636230469 306.115020751953 306.236663818359 306.314300537109 306.236877441406 305.957061767578 305.528442382812 305.612762451172 305.841674804688 305.879486083984 305.5849609375 305.334106445312 305.067291259766 304.984313964844 305.007293701172 304.867401123047 305.041656494141 305.350830078125 305.543182373047 305.898712158203 -9999 305.998474121094 305.733032226562 305.585174560547 304.681762695312 304.286743164062 303.613372802734 303.325408935547 304.873046875 305.446014404297 305.981628417969 306.012176513672 306.020324707031 306.547668457031 306.795135498047 307.365997314453 307.688568115234
306.239044189453 -9999 306.188537597656 305.791137695312 305.656890869141 -9999 305.708221435547 306.079742431641 306.141632080078 306.054901123047 306.082977294922 306.047241210938 306.238922119141 305.891174316406 305.705139160156 306.156311035156 306.208770751953 306.126739501953 305.979187011719 305.685882568359 305.337585449219 305.372222900391 305.595489501953 -9999 305.461822509766 305.308410644531 -9999 304.830871582031 304.728118896484 304.8095703125 305.171417236328 305.329650878906 -9999 -9999 -9999 305.584320068359 305.089691162109 304.648559570312 303.917175292969 302.917327880859 303.431579589844 305.303527832031 305.619903564453 306.190826416016 306.479187011719 306.398132324219 306.221374511719 306.354675292969 306.659393310547 306.48681640625
306.231262207031 306.201477050781 305.942169189453 305.754760742188 305.609039306641 305.416168212891 305.514221191406 306.00341796875 306.24755859375 305.959014892578 305.665679931641 306.006805419922 306.086303710938 305.752716064453 305.651824951172 305.756072998047 306.045959472656 305.892547607422 305.588104248047 305.546173095703 305.197845458984 305.077758789062 305.159332275391 305.469146728516 305.465698242188 305.303039550781 -9999 304.842529296875 304.823852539062 304.688446044922 304.786224365234 305.296264648438 305.523834228516 -9999 306.024230957031 305.396820068359 305.108428955078 304.788604736328 304.438659667969 303.7509765625 304.241149902344 305.270416259766 306.095977783203 306.582366943359 306.922607421875 306.743011474609 305.796936035156 305.96142578125 306.084869384766 306.200469970703
305.772918701172 306.143707275391 305.674682617188 305.300811767578 305.118011474609 305.065185546875 305.434539794922 305.765106201172 306.050048828125 305.50537109375 305.544769287109 305.670715332031 305.923400878906 305.616851806641 305.646789550781 305.545776367188 305.991302490234 305.769073486328 305.141387939453 305.193054199219 305.104919433594 305.026031494141 304.855895996094 305.158721923828 305.168853759766 304.920959472656 305.065490722656 305.124237060547 304.997467041016 304.785034179688 304.461273193359 305.013000488281 305.529083251953 -9999 306.027709960938 305.548919677734 305.373687744141 304.84228515625 304.877777099609 304.599578857422 304.499450683594 305.379058837891 306.197082519531 306.776275634766 306.852874755859 306.739196777344 305.973968505859 306.404052734375 306.182342529297 306.118927001953
305.613922119141 306.111328125 305.641082763672 305.424957275391 305.082092285156 305.074768066406 305.401458740234 305.643859863281 305.884643554688 305.314239501953 305.400299072266 305.420867919922 305.705810546875 305.601867675781 305.552459716797 305.384429931641 305.988830566406 305.798187255859 305.252655029297 305.260772705078 305.142730712891 305.109313964844 304.640319824219 304.622253417969 304.633361816406 304.572235107422 304.867218017578 305.095184326172 304.887145996094 304.471435546875 304.251617431641 304.495269775391 305.010864257812 305.473419189453 305.818389892578 305.458679199219 305.30126953125 304.999572753906 305.039306640625 304.990051269531 305.000762939453 305.787567138672 306.253845214844 306.937469482422 306.947937011719 306.644561767578 305.933441162109 306.976104736328 306.306457519531 305.404968261719
305.136901855469 305.789978027344 305.577209472656 305.452514648438 305.230926513672 304.95166015625 305.024688720703 305.542694091797 305.697631835938 305.282623291016 305.008331298828 305.288452148438 305.405090332031 305.540802001953 305.28173828125 304.984130859375 305.706634521484 305.833709716797 305.2451171875 304.96484375 305.115875244141 305.039123535156 304.534454345703 304.299102783203 304.080535888672 304.318695068359 304.576538085938 304.710754394531 304.583862304688 304.223754882812 304.342315673828 304.503936767578 304.662567138672 305.380706787109 305.494445800781 305.088745117188 304.874328613281 304.820861816406 305.122192382812 305.580413818359 305.685394287109 306.014587402344 306.310913085938 307.128112792969 307.110809326172 306.661834716797 306.114715576172 307.122436523438 306.055938720703 -9999
305.115570068359 305.481231689453 305.420318603516 305.144927978516 304.869903564453 304.414001464844 304.601348876953 305.433135986328 305.513092041016 305.151092529297 304.850463867188 305.177459716797 305.227813720703 305.455627441406 305.014801025391 304.802825927734 305.394287109375 305.552764892578 305.301544189453 305.118621826172 305.095367431641 -9999 304.787689208984 -9999 303.304870605469 304.060028076172 304.437744140625 304.426696777344 304.455444335938 304.28125 304.272399902344 304.607147216797 305.235961914062 305.446655273438 305.306579589844 304.981231689453 304.675476074219 304.633087158203 304.951049804688 305.529083251953 305.854705810547 306.110321044922 306.726013183594 307.18701171875 307.173675537109 307.010284423828 307.007507324219 307.732086181641 307.182403564453 306.342132568359
-9999 305.041809082031 304.992065429688 304.938385009766 304.63330078125 304.384460449219 304.614227294922 305.087463378906 305.115386962891 304.561309814453 304.525390625 304.611389160156 304.952575683594 305.219085693359 -9999 304.605804443359 305.003112792969 305.460693359375 305.088592529297 305.012939453125 304.831298828125 304.596923828125 304.3603515625 303.932739257812 303.501373291016 303.729553222656 303.675720214844 303.76123046875 303.907470703125 304.055908203125 303.94140625 304.639434814453 304.839080810547 304.74365234375 305.183868408203 304.542144775391 304.485290527344 303.99072265625 304.717559814453 305.296295166016 305.95947265625 306.373565673828 307.168518066406 307.173187255859 307.424255371094 308.099914550781 308.022338867188 308.107452392578 308.140747070312 308.202667236328
305.863220214844 305.240600585938 305.213256835938 305.14306640625 304.811553955078 304.607116699219 304.701232910156 304.865325927734 305.012817382812 304.613800048828 304.389404296875 304.210357666016 304.527526855469 304.869445800781 304.81396484375 304.227020263672 303.720764160156 305.075897216797 305.035583496094 304.946166992188 304.711608886719 304.761260986328 304.424560546875 304.188140869141 303.063354492188 302.671051025391 303.186828613281 303.23583984375 303.64794921875 303.630645751953 303.727508544922 304.319427490234 304.306823730469 304.209930419922 305.004638671875 304.427490234375 304.365356445312 303.943084716797 304.588592529297 305.324737548828 305.990112304688 306.363098144531 306.635589599609 307.121734619141 307.275756835938 307.698272705078 308.070739746094 308.154235839844 308.468383789062 308.47412109375
305.755279541016 305.782287597656 305.703826904297 305.357543945312 305.019195556641 304.703979492188 304.873352050781 304.858245849609 304.735168457031 304.552337646484 304.282928466797 304.13134765625 304.376953125 304.655548095703 304.682159423828 304.098022460938 303.451934814453 304.763977050781 305.034606933594 304.898895263672 304.465759277344 304.411193847656 304.360626220703 304.229553222656 301.49951171875 297.729278564453 301.036346435547 302.884460449219 303.749633789062 303.485412597656 303.593719482422 304.005157470703 304.153869628906 303.9013671875 304.840515136719 304.237365722656 303.871154785156 303.771362304688 304.296783447266 305.600616455078 306.116607666016 306.168914794922 306.128265380859 306.697143554688 307.035217285156 307.378784179688 307.751892089844 308.142883300781 308.436309814453 308.490936279297
305.67724609375 306.022766113281 305.928894042969 305.626312255859 305.021301269531 304.905120849609 305.078582763672 305.00341796875 304.844177246094 304.574310302734 304.569274902344 304.36474609375 303.5322265625 304.139953613281 304.068817138672 303.967041015625 303.933807373047 304.625366210938 305.033752441406 304.930572509766 304.575500488281 304.501037597656 304.450927734375 304.298126220703 298.158966064453 290.501281738281 296.157440185547 302.766479492188 303.362182617188 303.516876220703 303.177978515625 303.858825683594 303.974060058594 303.792724609375 304.673065185547 304.162353515625 303.404022216797 303.323608398438 304.120025634766 305.619384765625 306.088989257812 306.054138183594 306.046173095703 306.228393554688 306.719421386719 -9999 305.938415527344 307.337097167969 308.081359863281 -9999
305.843414306641 305.998962402344 305.866821289062 305.620483398438 305.094818115234 304.994445800781 305.156341552734 305.332305908203 305.076171875 304.9619140625 304.9169921875 304.611328125 303.115905761719 303.683288574219 303.802734375 304.081390380859 303.988159179688 304.426422119141 304.911712646484 304.833221435547 304.786163330078 304.857818603516 304.652679443359 304.203582763672 296.275909423828 -9999 295.856811523438 302.181518554688 302.787963867188 303.054229736328 302.780242919922 303.428863525391 303.663482666016 303.576293945312 304.634063720703 303.935150146484 303.363372802734 303.307098388672 304.682464599609 305.525848388672 305.830535888672 305.957641601562 305.911193847656 305.988220214844 306.571746826172 307.101501464844 305.757598876953 306.817443847656 307.148803710938 308.176849365234
306.262664794922 306.138397216797 305.858825683594 305.720703125 305.432434082031 305.146728515625 305.357238769531 305.227905273438 305.121795654297 305.192565917969 304.726013183594 304.401641845703 303.647125244141 303.379852294922 303.617950439453 303.976379394531 303.855010986328 304.206756591797 304.587615966797 304.687713623047 304.741668701172 304.544494628906 304.591552734375 304.211669921875 293.117889404297 -9999 296.589050292969 301.931976318359 302.563446044922 302.680725097656 302.787078857422 302.908477783203 303.107818603516 303.300567626953 304.275482177734 303.726531982422 303.521911621094 303.857543945312 305.109832763672 305.671600341797 305.649047851562 305.399108886719 305.693572998047 305.892211914062 306.411590576172 306.596069335938 306.464050292969 306.673248291016 306.970489501953 308.199829101562
306.638824462891 306.258636474609 305.935729980469 305.824615478516 305.824462890625 305.747985839844 305.676208496094 305.162170410156 305.137115478516 305.287292480469 304.871826171875 304.442901611328 303.774139404297 303.216644287109 303.357635498047 303.633850097656 303.636077880859 304.052978515625 304.453887939453 304.535064697266 304.529235839844 304.198211669922 304.614288330078 304.413635253906 291.609039306641 -9999 289.165130615234 302.105895996094 302.599639892578 302.698394775391 302.441680908203 302.493286132812 303.347259521484 303.541381835938 304.027709960938 303.700378417969 303.794036865234 304.306274414062 305.161956787109 305.688995361328 305.2763671875 304.901123046875 305.294342041016 305.450042724609 305.838073730469 306.202819824219 306.065093994141 306.08447265625 307.182373046875 308.378051757812
306.296936035156 306.053466796875 305.910308837891 305.643768310547 305.954315185547 305.856262207031 305.330871582031 305.222595214844 305.416351318359 305.333160400391 305.059631347656 304.612091064453 303.651885986328 303.406158447266 303.448364257812 303.4658203125 303.468933105469 303.820068359375 304.064392089844 304.266021728516 304.472808837891 304.013824462891 304.319976806641 304.363220214844 297.932800292969 293.091949462891 293.175445556641 302.426116943359 302.564514160156 302.631408691406 302.402679443359 302.225738525391 303.199188232422 303.398071289062 303.916076660156 303.708099365234 303.737548828125 304.169189453125 304.985412597656 305.398895263672 304.872497558594 304.592468261719 303.908355712891 303.335052490234 304.905944824219 305.055114746094 305.554962158203 305.940368652344 306.592041015625 307.928588867188
306.364807128906 305.943664550781 305.874420166016 305.753723144531 305.774078369141 305.261566162109 304.958740234375 304.912048339844 304.999725341797 305.170043945312 305.005249023438 304.608703613281 303.951324462891 303.982025146484 303.996246337891 303.530548095703 303.397033691406 303.614196777344 303.609527587891 304.105499267578 304.456756591797 303.911834716797 304.008941650391 304.314178466797 303.280212402344 303.044128417969 301.986694335938 303.037536621094 302.860229492188 302.576782226562 302.472198486328 302.079315185547 302.778656005859 303.081970214844 303.775756835938 303.610961914062 303.315155029297 304.030487060547 304.387084960938 303.886352539062 304.600219726562 304.213256835938 303.572540283203 303.248474121094 304.615386962891 -9999 303.460296630859 305.180969238281 306.839294433594 307.655883789062
306.630676269531 306.389495849609 306.311584472656 306.114776611328 305.815063476562 305.537994384766 305.386901855469 304.855651855469 304.710296630859 304.924926757812 304.975555419922 304.50927734375 304.5380859375 304.537902832031 304.410858154297 303.685424804688 303.479888916016 303.4638671875 303.547912597656 303.964752197266 304.243286132812 303.710784912109 303.579986572266 -9999 304.16259765625 304.003967285156 303.587310791016 303.356048583984 303.281494140625 302.972259521484 302.459014892578 302.002502441406 302.830230712891 303.130187988281 303.750793457031 303.619354248047 303.177947998047 303.888488769531 303.879913330078 303.424011230469 304.028930664062 303.140686035156 303.093017578125 303.132507324219 304.648406982422 303.616180419922 301.29931640625 304.400482177734 307.004119873047 307.494659423828
306.105499267578 306.113494873047 306.149261474609 305.975219726562 305.922515869141 305.949737548828 305.836975097656 305.338043212891 304.917785644531 304.890502929688 304.952972412109 304.515533447266 304.390625 304.286041259766 304.334564208984 304.036804199219 303.814361572266 303.407989501953 303.620361328125 303.751770019531 303.985015869141 303.609893798828 303.226409912109 303.6015625 304.259399414062 304.195526123047 303.7978515625 303.304992675781 303.097930908203 302.83203125 302.573303222656 302.333923339844 302.868377685547 303.065216064453 303.296478271484 303.671966552734 303.061859130859 303.481140136719 303.800079345703 303.967407226562 303.860565185547 303.281494140625 303.267791748047 303.569885253906 304.980072021484 304.340148925781 302.613372802734 305.522613525391 306.583557128906 306.988372802734
305.614410400391 305.692230224609 305.519500732422 305.810119628906 305.816925048828 305.852478027344 305.777893066406 305.470703125 305.54443359375 305.575836181641 305.039825439453 304.716613769531 303.920104980469 303.426208496094 303.356109619141 303.797912597656 303.584167480469 303.455871582031 303.596740722656 303.657287597656 303.600036621094 303.705139160156 303.077423095703 302.888824462891 303.70458984375 303.938232421875 303.786926269531 303.506469726562 303.388122558594 303.143127441406 303.052062988281 303.058135986328 302.77001953125 302.556518554688 302.275665283203 303.146362304688 303.057983398438 302.934661865234 303.182952880859 303.457611083984 303.512329101562 302.882385253906 301.674407958984 304.834411621094 305.435577392578 304.295501708984 305.414276123047 306.512420654297 307.220123291016 307.493286132812
305.475891113281 305.501739501953 305.308044433594 305.837158203125 305.770568847656 305.861328125 305.850646972656 305.848358154297 305.981903076172 305.817779541016 304.9951171875 304.836578369141 303.822326660156 303.182769775391 303.549865722656 304.106414794922 304.045623779297 303.886627197266 303.781860351562 303.838684082031 303.447662353516 303.427185058594 303.036560058594 302.869384765625 303.3681640625 303.574340820312 303.513977050781 303.423156738281 303.405975341797 303.253479003906 302.846130371094 302.820770263672 302.591217041016 302.192230224609 302.048858642578 303.0439453125 303.063537597656 302.820709228516 302.690704345703 303.154632568359 303.866546630859 303.783355712891 302.372467041016 303.889739990234 305.591369628906 304.208312988281 306.161071777344 306.579010009766 307.008575439453 307.474700927734
