rcp4.5models/GFDL_CM3/sc1gr7.29
NCOLS 261 
NROWS 433 
XLLCORNER 336357.134 
YLLCORNER 654653.479 
CELLSIZE 1000 
NODATA_value -9999 
[rows 352 to 373 of 433, columns 100 to 149 of 261]
84.2088088989258 84.4502410888672 83.6381759643555 83.1379699707031 83.1270370483398 83.4269027709961 83.8570251464844 84.4367141723633 84.7151107788086 84.6875686645508 84.8015518188477 84.9608383178711 85.0376739501953 85.077278137207 85.3011779785156 85.6371231079102 85.962890625 86.3449478149414 86.5000381469727 -9999 87.2612915039062 87.3750076293945 87.7493667602539 88.4195556640625 88.6045837402344 88.8132934570312 89.7547302246094 92.0028305053711 95.1637878417969 97.165168762207 97.8027496337891 98.4018707275391 98.9031219482422 99.46630859375 100.064094543457 101.055168151855 101.394424438477 102.040023803711 102.856468200684 103.46703338623 103.986351013184 -9999 -9999 105.493591308594 106.303657531738 106.883422851562 108.53426361084 109.673538208008 110.10563659668 112.497657775879
83.4684295654297 84.5735855102539 83.8809127807617 83.0441741943359 82.8543090820312 83.0339050292969 83.3331527709961 83.7839050292969 84.3757858276367 84.8114776611328 84.9543914794922 84.9181365966797 85.2319793701172 85.2727355957031 85.3396453857422 85.6605911254883 86.0138244628906 86.39013671875 86.765251159668 87.2065582275391 87.7080154418945 87.8553619384766 87.7273101806641 87.800422668457 89.7232055664062 89.6321487426758 91.1206665039062 93.1013870239258 94.490478515625 96.7499313354492 97.8567962646484 98.3468246459961 99.1252136230469 99.6248550415039 100.055511474609 101.22021484375 101.686836242676 102.376991271973 103.011161804199 103.556121826172 -9999 -9999 -9999 105.707069396973 106.320114135742 106.855041503906 108.466613769531 109.327072143555 110.073715209961 112.909706115723
82.7283248901367 83.7560806274414 83.9721984863281 83.8956069946289 83.2590637207031 82.8368301391602 82.9211120605469 83.1758728027344 83.6897735595703 84.175666809082 84.5876998901367 84.9145736694336 85.4508209228516 85.5514907836914 85.5355758666992 85.6370544433594 85.9009017944336 86.2869415283203 86.8720016479492 87.5988082885742 88.1083297729492 88.5222396850586 88.8073959350586 88.9343643188477 91.0931396484375 90.877799987793 92.4204483032227 93.9692611694336 94.1210098266602 95.4831466674805 96.7440185546875 97.6943969726562 99.3198776245117 99.850700378418 100.145195007324 100.547874450684 101.518592834473 102.075561523438 102.76668548584 103.60213470459 -9999 104.828598022461 105.241325378418 105.435165405273 105.802940368652 106.64527130127 108.580947875977 109.279197692871 110.609031677246 114.246490478516
82.5244979858398 82.9309616088867 83.7041778564453 84.2585144042969 83.7077331542969 83.059928894043 82.8529205322266 83.0450057983398 83.2722015380859 83.4904708862305 83.8398513793945 84.3669967651367 85.2761154174805 85.6670379638672 85.9434204101562 85.9115371704102 85.9321517944336 86.3959045410156 87.1302871704102 87.9405517578125 88.2176666259766 88.4624938964844 89.3075561523438 89.8755493164062 91.1401443481445 91.2873077392578 92.216796875 93.1043930053711 93.4124221801758 94.1599273681641 95.4448928833008 97.4663772583008 99.2836456298828 99.9523162841797 100.260650634766 100.731834411621 101.667358398438 101.917739868164 102.584159851074 103.369079589844 104.126365661621 104.617698669434 104.650077819824 104.913803100586 105.421020507812 106.364097595215 108.628753662109 109.32299041748 110.78832244873 114.815452575684
83.0647659301758 82.6284255981445 83.2240753173828 84.0542144775391 84.1972808837891 83.7605590820312 83.1196212768555 83.0235977172852 83.1489334106445 83.3942260742188 83.5678405761719 83.7711563110352 84.7636337280273 85.4064407348633 85.9764938354492 86.1191787719727 86.1942520141602 86.6099166870117 87.3372344970703 87.9603424072266 88.3805465698242 88.8525085449219 89.6270599365234 90.1267776489258 91.1038360595703 91.985107421875 92.5086212158203 92.8705978393555 92.4842376708984 92.2138977050781 93.7079010009766 96.2469024658203 98.4681167602539 99.5202713012695 99.9460525512695 101.179664611816 101.871200561523 102.276885986328 102.892890930176 103.420394897461 103.926872253418 104.169982910156 104.533782958984 105.397064208984 106.110794067383 106.847930908203 108.585906982422 109.249473571777 111.810569763184 116.538932800293
83.1874008178711 82.503288269043 82.9289703369141 83.3944931030273 83.3887252807617 83.7345581054688 83.7300872802734 83.163200378418 83.0480575561523 83.2713928222656 83.3863296508789 83.4894866943359 84.3807220458984 84.9514389038086 85.42333984375 85.7548599243164 86.156867980957 86.6275100708008 87.267936706543 87.9165725708008 88.5839157104492 89.2322387695312 89.9224319458008 90.4844436645508 91.0735473632812 91.8577728271484 92.189338684082 93.2198715209961 93.0873184204102 91.2957611083984 92.0135116577148 94.3139419555664 97.107307434082 98.5733337402344 99.6551895141602 100.324043273926 101.822105407715 102.550361633301 103.098922729492 103.640167236328 104.03736114502 104.333305358887 105.114486694336 105.990211486816 106.645454406738 107.264251708984 108.466003417969 110.425247192383 115.265907287598 118.58065032959
83.0357131958008 83.067512512207 83.2020568847656 83.2547225952148 83.0085067749023 83.5357055664062 84.2723007202148 83.7341690063477 83.4324264526367 83.3573989868164 83.1692276000977 83.4244766235352 84.1699447631836 84.6319885253906 85.0661697387695 85.4596099853516 85.8808670043945 86.3067932128906 86.8193206787109 87.7131423950195 88.6783065795898 89.1358261108398 89.5331420898438 89.9864959716797 90.4780883789062 91.0908660888672 91.7868041992188 93.6792907714844 95.0285034179688 93.7590789794922 93.5398330688477 95.2976303100586 97.3023834228516 98.614372253418 99.1509857177734 99.8894729614258 101.595687866211 102.263305664062 102.844017028809 103.394401550293 103.965072631836 104.662490844727 105.361213684082 106.024284362793 106.580604553223 107.236434936523 108.55330657959 112.083587646484 117.828735351562 118.998794555664
82.5370559692383 83.3317489624023 83.3401184082031 83.6168060302734 83.3582916259766 83.0906600952148 83.6379776000977 83.9168930053711 84.1629409790039 83.7390975952148 83.1364822387695 83.377197265625 84.035285949707 84.4609146118164 84.8899002075195 85.3723602294922 85.7745513916016 86.0175628662109 86.5106811523438 87.5643539428711 88.5033416748047 88.8474655151367 89.2242126464844 89.4267883300781 90.2770767211914 91.0080184936523 91.919792175293 93.6485595703125 95.5690155029297 95.4340591430664 95.1848831176758 96.6223983764648 97.5168228149414 98.2498168945312 98.7973175048828 100.507598876953 101.423782348633 101.869117736816 103.566909790039 104.656982421875 104.257568359375 106.023818969727 106.926315307617 107.071311950684 109.443023681641 110.50846862793 111.910209655762 114.923797607422 118.431663513184 119.393127441406
81.3799057006836 81.7320022583008 82.2626113891602 82.7650527954102 83.243537902832 82.8164291381836 82.493782043457 82.7595443725586 82.8423614501953 83.0580291748047 83.3427963256836 83.8262786865234 84.0304107666016 84.4333953857422 84.7572631835938 85.3688735961914 86.0615081787109 86.7003936767578 87.1823883056641 87.7234497070312 87.7718124389648 87.9397277832031 88.6671600341797 89.5159072875977 90.5471878051758 90.9965591430664 91.5870513916016 92.5685806274414 93.7726974487305 94.3483123779297 94.7720031738281 95.3660430908203 96.0610961914062 97.1924591064453 98.5507888793945 99.7478713989258 101.899978637695 104.139892578125 105.591461181641 107.548385620117 109.088417053223 110.382743835449 111.515853881836 112.710319519043 114.01619720459 115.126319885254 116.957252502441 118.152465820312 119.201438903809 119.867660522461
81.2641372680664 81.1904754638672 81.2363433837891 81.6323852539062 82.1705856323242 82.4518966674805 82.755500793457 82.7092437744141 82.4869766235352 82.4905471801758 82.6143112182617 83.1309204101562 83.7275161743164 84.1598892211914 84.2770538330078 84.7315368652344 85.5815734863281 86.2577514648438 86.7030334472656 87.2281723022461 87.5698852539062 87.9274597167969 88.2316741943359 88.8601379394531 90.2365798950195 90.8918914794922 91.5371475219727 92.550048828125 93.6107177734375 94.6657028198242 95.3057632446289 95.2973785400391 96.1026000976562 97.1159744262695 98.3200149536133 99.4868469238281 100.977203369141 102.726837158203 104.360771179199 107.015869140625 108.800674438477 109.921058654785 110.90843963623 112.466209411621 113.99333190918 115.317176818848 117.480735778809 -9999 119.469551086426 120.234413146973
80.7336044311523 81.1109237670898 81.0436248779297 80.9160690307617 81.1774291992188 81.6719284057617 82.0662231445312 82.0517196655273 81.9728469848633 82.0607833862305 82.2881088256836 82.5609588623047 83.2159118652344 83.6160125732422 83.9918060302734 84.3627548217773 85.1732788085938 85.8318252563477 86.2181243896484 86.7861328125 87.2734680175781 87.6629791259766 88.1214447021484 88.7454681396484 89.9699325561523 90.701301574707 91.4208145141602 92.8552474975586 93.7077713012695 94.5495452880859 95.8160171508789 95.8401641845703 96.3694152832031 96.9169921875 97.6450424194336 99.2696151733398 100.110557556152 101.497177124023 103.997444152832 106.738807678223 108.615112304688 109.092918395996 110.09644317627 112.553665161133 113.865310668945 115.187843322754 117.724586486816 118.919998168945 119.86743927002 120.671699523926
80.366455078125 80.7938461303711 80.9052429199219 80.7609634399414 80.9293060302734 81.1162719726562 81.2746810913086 81.567985534668 81.8265914916992 81.9334411621094 82.1018829345703 82.3820571899414 83.0625305175781 83.4387817382812 83.8369140625 84.1725311279297 84.7979278564453 85.5755004882812 86.1064529418945 86.5172653198242 87.0005569458008 87.3637619018555 87.9410400390625 88.6975326538086 89.851203918457 90.5857620239258 91.6611175537109 93.277214050293 94.3806762695312 95.1639938354492 96.5158538818359 96.9073333740234 96.5982971191406 96.7742004394531 97.5151672363281 99.1029968261719 100.484909057617 102.233459472656 104.247741699219 106.953178405762 108.547500610352 109.074066162109 110.380912780762 112.965545654297 114.305892944336 115.460189819336 118.02124786377 119.196151733398 120.170036315918 120.89469909668
80.1890869140625 80.382942199707 80.6569595336914 80.8609924316406 80.8405990600586 80.828857421875 81.005729675293 81.2461318969727 81.5561218261719 81.8858413696289 82.1440200805664 82.4242095947266 82.9594955444336 83.2280349731445 83.6128616333008 84.0065841674805 84.5142669677734 85.254768371582 85.9498138427734 86.4782409667969 86.9929428100586 87.2440643310547 87.6184768676758 88.2767715454102 89.5579528808594 90.2738342285156 91.3427352905273 92.9195938110352 94.4802169799805 95.749626159668 97.2648315429688 97.9834442138672 97.9686279296875 97.6108779907227 97.3789520263672 98.9509887695312 101.307319641113 104.160705566406 105.028778076172 106.88508605957 108.58797454834 109.901123046875 111.513458251953 113.291786193848 114.862762451172 116.059143066406 118.473411560059 119.545219421387 120.35912322998 121.02367401123
80.0012130737305 80.1799545288086 80.4342575073242 80.7938766479492 80.9052429199219 80.8011932373047 80.8546524047852 81.120849609375 81.3630523681641 81.6431884765625 81.9695892333984 82.2962341308594 82.9216384887695 83.1438903808594 83.4405212402344 83.8261184692383 84.3076858520508 84.9657669067383 85.73828125 86.3734664916992 86.7930755615234 87.1724166870117 87.5806732177734 88.0515289306641 89.3125 90.0519943237305 90.7622222900391 92.230712890625 93.9142227172852 95.1916809082031 97.0428009033203 98.4309921264648 99.4776382446289 99.7321929931641 99.0026245117188 99.5530014038086 102.668975830078 106.033889770508 106.300346374512 106.991897583008 109.126014709473 110.578681945801 112.304718017578 113.760520935059 115.393814086914 116.636711120605 118.950996398926 119.830535888672 120.60188293457 121.178367614746
79.8534393310547 80.0026473999023 80.156120300293 80.4359893798828 80.8241195678711 80.9113540649414 80.8539733886719 81.0009155273438 81.1415939331055 81.3080215454102 81.5735168457031 81.8836822509766 82.8260803222656 83.1469039916992 83.3997650146484 83.7206420898438 84.1125335693359 84.7131195068359 85.5307312011719 86.1426239013672 86.5692138671875 87.1567993164062 87.6683807373047 88.1228713989258 89.3632278442383 90.0757064819336 90.8688735961914 92.1363525390625 93.3660278320312 94.4261779785156 96.3102035522461 98.1286773681641 99.7447204589844 100.952087402344 101.284820556641 101.104888916016 104.065734863281 106.637130737305 107.360694885254 108.268783569336 109.971725463867 111.243637084961 112.6376953125 114.147041320801 115.872062683105 117.082916259766 119.339141845703 119.938842773438 120.708000183105 121.468894958496
79.6673355102539 80.3475799560547 80.1981201171875 80.0718460083008 80.3818664550781 80.5830688476562 80.6815032958984 80.8122940063477 80.9880142211914 81.2395858764648 81.4299392700195 81.5923004150391 82.6221771240234 83.0685043334961 83.4054107666016 83.662223815918 83.9365997314453 84.4536361694336 85.1522445678711 85.7472991943359 86.386833190918 87.1854476928711 87.8454360961914 88.4297561645508 89.5487976074219 90.2437438964844 91.2006530761719 92.1967620849609 93.1975936889648 94.2319564819336 95.8395538330078 97.370475769043 99.0737609863281 100.992950439453 102.09635925293 103.309631347656 105.240928649902 106.984001159668 108.173812866211 109.421752929688 110.686225891113 111.898223876953 113.144409179688 114.60376739502 116.099815368652 117.460037231445 119.353218078613 119.911911010742 120.694747924805 121.643478393555
79.5050506591797 80.147834777832 80.2178955078125 80.3630523681641 80.7890472412109 81.02587890625 80.9493026733398 80.9163436889648 80.988899230957 81.1093978881836 81.2841339111328 81.4682235717773 82.2902755737305 82.7806930541992 83.2226257324219 83.5777816772461 83.9134521484375 84.2998123168945 84.753532409668 85.2538528442383 85.9569702148438 86.775276184082 87.6076583862305 88.4941024780273 89.9884948730469 90.7101669311523 91.3708877563477 92.1758346557617 93.1033172607422 94.1482849121094 95.6642990112305 96.652473449707 98.2859802246094 100.63703918457 102.021797180176 104.712493896484 106.005500793457 107.309600830078 108.52188873291 109.803939819336 111.161209106445 112.434219360352 113.799835205078 115.218330383301 116.527389526367 117.902763366699 119.256195068359 120.011772155762 120.828651428223 121.812438964844
79.7410736083984 79.5273132324219 79.7549209594727 80.3099899291992 81.3039321899414 82.0000152587891 82.03125 81.8424758911133 81.8700942993164 81.9393310546875 81.7088394165039 81.6220932006836 82.0311889648438 82.3643035888672 82.782829284668 83.2818298339844 83.7793502807617 84.1385040283203 84.5460739135742 85.0027084350586 85.5629272460938 86.2086791992188 87.0287551879883 88.0073852539062 90.2161331176758 91.0632553100586 91.6608657836914 92.3206558227539 93.1375579833984 94.1935272216797 95.5331039428711 96.3237075805664 97.8989028930664 100.032913208008 100.961631774902 104.292503356934 105.909706115723 107.382293701172 108.724090576172 110.04027557373 111.486312866211 112.843223571777 114.069076538086 115.39860534668 -9999 118.283508300781 119.310562133789 120.388465881348 121.245124816895 122.084594726562
79.8777618408203 79.468994140625 79.4227294921875 79.6653366088867 80.3260803222656 81.2749099731445 82.2414169311523 82.6088180541992 82.7388000488281 82.9486541748047 82.8171691894531 82.7544860839844 82.4502716064453 82.4603118896484 82.6158905029297 82.9133911132812 83.3258895874023 83.7818984985352 84.2704010009766 84.8507080078125 85.4131164550781 85.8658447265625 86.618896484375 87.5730590820312 89.8111953735352 90.6337890625 91.4356155395508 92.4214401245117 93.5397186279297 94.5532608032227 95.6902770996094 96.3093872070312 97.3139572143555 99.0296783447266 99.7804260253906 103.726020812988 105.637084960938 107.183212280273 108.752593994141 110.175827026367 111.670036315918 113.159683227539 114.39917755127 115.575042724609 -9999 118.410591125488 119.661766052246 120.765853881836 121.528762817383 122.204376220703
78.9067993164062 80.1239929199219 80.3779144287109 79.5132293701172 79.3730850219727 79.5102462768555 79.7083206176758 79.9032745361328 80.1045074462891 80.4134063720703 80.9398193359375 81.8525543212891 83.4838562011719 84.2926635742188 84.4177093505859 84.1821441650391 84.1018524169922 84.2561721801758 84.2564086914062 84.226806640625 84.6352005004883 85.1639404296875 85.7794876098633 86.4256057739258 87.9077606201172 88.7639923095703 89.6226348876953 90.1903381347656 91.3781280517578 93.0306930541992 95.0820846557617 97.0353240966797 98.1457443237305 99.4195251464844 100.728317260742 101.97444152832 102.801879882812 105.881759643555 108.365951538086 110.052299499512 111.723571777344 112.876152038574 114.26505279541 115.899673461914 117.326461791992 -9999 120.336906433105 121.137748718262 121.732810974121 122.418098449707
78.6946411132812 79.280632019043 79.5915451049805 79.4107131958008 79.5964660644531 79.7072830200195 79.5648574829102 79.6437530517578 79.8263702392578 80.0612106323242 80.2954025268555 80.6355972290039 82.0150375366211 83.3619689941406 84.2167434692383 84.6040267944336 84.8297500610352 85.0519256591797 84.7958831787109 84.2509231567383 84.5924072265625 85.3757171630859 85.8233261108398 86.1316604614258 87.604377746582 88.1255493164062 88.5762634277344 89.1118240356445 90.0087432861328 91.2838821411133 93.1689758300781 94.9955749511719 96.7283401489258 99.4045486450195 101.420639038086 100.453163146973 100.120765686035 103.527206420898 107.950233459473 110.178688049316 111.655731201172 112.89045715332 114.473983764648 116.094100952148 -9999 -9999 -9999 121.184387207031 121.848709106445 122.648094177246
78.5430755615234 78.6795425415039 78.8095169067383 79.1340026855469 79.6102447509766 79.9423294067383 79.8082122802734 79.6043548583984 79.6783981323242 79.9121704101562 80.1050109863281 80.3059768676758 81.3365478515625 82.2947540283203 83.2963943481445 84.048828125 84.6955108642578 85.073486328125 85.2252883911133 85.2900466918945 85.6059036254883 86.2457962036133 86.4968109130859 86.7262420654297 88.0606842041016 88.2902221679688 88.6564865112305 89.1349182128906 89.6162414550781 90.3130416870117 91.2625503540039 92.3197402954102 93.9776229858398 98.0603256225586 102.179908752441 98.5832595825195 97.5462188720703 100.942848205566 106.65739440918 110.159332275391 111.827362060547 113.244491577148 114.91423034668 116.369689941406 117.321266174316 -9999 -9999 121.332206726074 122.144187927246 122.896133422852
