rcp4.5models/GFDL_CM3/sc1gr9.15
NCOLS 261 
NROWS 433 
XLLCORNER 336357.134 
YLLCORNER 654653.479 
CELLSIZE 1000 
NODATA_value -3.4e+38 
[rows 352 to 373 of 433, columns 147 to 195 of 261]
338.784454345703 337.752960205078 319.235076904297 284.221160888672 276.670989990234 273.498382568359 271.045562744141 270.990142822266 271.900970458984 268.888854980469 272.635223388672 294.477600097656 306.673919677734 312.073699951172 294.238891601562 275.010040283203 271.836853027344 277.808074951172 275.671234130859 266.440185546875 263.190063476562 256.730926513672 262.611389160156 268.205657958984 262.941467285156 248.548065185547 240.476287841797 236.978393554688 232.981353759766 229.56005859375 227.06640625 225.6005859375 223.833862304688 216.940490722656 216.551177978516 215.938339233398 213.974182128906 211.351867675781 208.686767578125 205.189331054688 202.233444213867 199.625610351562 197.5185546875 196.108367919922 194.898727416992 192.001480102539 192.362167358398 192.814300537109 191.630065917969
344.958221435547 340.100128173828 317.401062011719 281.580657958984 275.240386962891 272.124603271484 270.154998779297 268.390380859375 267.126617431641 266.947143554688 268.258514404297 275.709167480469 284.363586425781 288.795715332031 277.431701660156 262.805999755859 260.565673828125 273.120941162109 288.086853027344 273.687164306641 249.913452148438 245.64714050293 253.779922485352 255.245376586914 254.223449707031 245.418258666992 237.381561279297 234.457870483398 231.998611450195 228.397323608398 225.208740234375 223.11833190918 221.230758666992 215.763244628906 215.95426940918 214.823181152344 212.879287719727 210.915618896484 208.24723815918 204.757797241211 201.672607421875 198.725463867188 196.708358764648 195.44938659668 194.003494262695 190.829086303711 190.962280273438 191.901596069336 191.053833007812
347.749542236328 336.516540527344 307.166412353516 277.633636474609 274.573211669922 271.758270263672 269.063507080078 267.032745361328 265.175384521484 264.377990722656 264.326171875 262.880096435547 264.275268554688 263.910034179688 261.126861572266 258.494689941406 255.514892578125 257.067413330078 267.598846435547 262.728485107422 249.713943481445 241.562911987305 241.41618347168 241.482452392578 240.17463684082 235.880157470703 233.940689086914 231.74235534668 230.194976806641 227.408660888672 224.08056640625 221.210784912109 218.778259277344 214.284866333008 214.606002807617 213.678466796875 211.393127441406 209.299102783203 206.54719543457 203.718414306641 200.795669555664 198.177536010742 195.9306640625 195.006896972656 193.500122070312 190.27766418457 190.422088623047 190.861389160156 189.705505371094
351.359893798828 338.63525390625 304.951080322266 276.557800292969 273.591583251953 271.167144775391 268.304382324219 265.904815673828 263.919281005859 262.915374755859 262.300445556641 260.742553710938 263.382598876953 267.953247070312 268.724243164062 267.713684082031 252.26448059082 248.701675415039 246.322235107422 249.701538085938 252.93864440918 239.695739746094 243.160614013672 243.551223754883 238.815124511719 232.629669189453 230.636840820312 229.069366455078 227.282485961914 225.390747070312 223.180923461914 219.90283203125 217.025802612305 212.810913085938 213.997253417969 214.407196044922 209.913818359375 207.816375732422 205.061294555664 202.228546142578 199.295257568359 196.786895751953 194.80827331543 193.735794067383 192.653305053711 189.494613647461 190.097946166992 191.409622192383 191.170257568359
356.312805175781 332.536193847656 292.914886474609 275.627838134766 272.531341552734 270.551208496094 268.844421386719 266.644348144531 264.352020263672 262.202758789062 261.727142333984 259.170837402344 263.651947021484 274.464965820312 273.600494384766 265.072326660156 251.563385009766 248.848922729492 245.2138671875 244.895172119141 245.375610351562 243.973770141602 248.360488891602 242.043701171875 239.143142700195 233.317108154297 228.00163269043 226.105850219727 224.311721801758 222.831024169922 221.63932800293 218.443817138672 215.558212280273 211.842056274414 213.124557495117 213.226699829102 208.096145629883 206.371978759766 203.852386474609 201.398086547852 198.37467956543 195.547668457031 194.149551391602 192.695770263672 191.387435913086 189.217407226562 189.516326904297 190.236770629883 189.979782104492
349.646820068359 303.981018066406 278.290985107422 274.846832275391 272.2197265625 270.964385986328 270.082214355469 267.982360839844 265.514953613281 263.098785400391 261.761932373047 256.8740234375 258.93359375 265.230621337891 261.077178955078 251.914031982422 251.915954589844 248.954696655273 243.992065429688 239.726638793945 237.764694213867 245.546127319336 251.758773803711 237.484252929688 234.423126220703 233.718704223633 230.16618347168 224.207962036133 221.658264160156 220.979461669922 219.865173339844 216.658020019531 214.096099853516 210.368728637695 210.959945678711 209.995880126953 206.494201660156 204.555648803711 202.660491943359 201.155838012695 198.538269042969 195.340972900391 193.222412109375 191.691864013672 190.588104248047 188.918746948242 188.698822021484 187.905227661133 187.624633789062
333.974334716797 284.2578125 277.270690917969 274.221588134766 272.413452148438 271.162567138672 269.6484375 267.651977539062 265.052734375 262.86669921875 260.827728271484 254.200210571289 251.945068359375 250.385940551758 249.187545776367 249.139770507812 249.367004394531 246.811401367188 242.542022705078 238.272048950195 235.404983520508 238.319290161133 248.315490722656 236.388259887695 230.373168945312 231.258270263672 232.455215454102 222.732772827148 219.427001953125 219.070449829102 218.090072631836 215.516403198242 213.30290222168 208.90251159668 209.496444702148 208.873901367188 205.820297241211 202.984024047852 201.810287475586 200.875015258789 198.633682250977 195.516738891602 192.991287231445 190.698318481445 189.710632324219 188.101577758789 188.09326171875 187.608169555664 187.877319335938
307.108032226562 281.226501464844 276.498016357422 273.760040283203 271.57666015625 269.134002685547 267.266693115234 265.916473388672 263.286102294922 261.281097412109 259.079345703125 251.912628173828 251.046020507812 249.932052612305 247.737945556641 246.776443481445 246.457870483398 243.918914794922 240.716735839844 237.226531982422 234.159286499023 233.22998046875 237.188385009766 230.435409545898 227.567810058594 227.942321777344 228.181716918945 220.649444580078 217.662170410156 217.490447998047 216.449508666992 214.390548706055 211.751541137695 208.050140380859 208.600402832031 207.905960083008 204.913635253906 201.882934570312 200.693115234375 200.478179931641 198.613677978516 195.347137451172 193.032073974609 190.510940551758 188.967529296875 187.69157409668 187.612747192383 186.871627807617 186.889617919922
284.060333251953 279.061614990234 275.757293701172 272.711334228516 270.012573242188 267.394805908203 265.629486083984 262.968139648438 259.735290527344 258.641693115234 256.559753417969 247.907608032227 246.375091552734 245.998184204102 245.933242797852 245.569091796875 243.464279174805 239.883102416992 -3.4e+38 234.589981079102 232.226196289062 -3.4e+38 224.169967651367 222.685333251953 221.831130981445 221.23991394043 219.40202331543 216.820907592773 214.448852539062 215.494705200195 213.063537597656 210.885406494141 209.006301879883 206.581878662109 206.182601928711 205.348480224609 201.899017333984 199.408508300781 198.117767333984 197.808792114258 196.808624267578 194.867050170898 192.079818725586 189.497772216797 188.045867919922 186.837921142578 185.458374023438 185.581588745117 -3.4e+38
-3.4e+38 278.108459472656 274.762939453125 272.120635986328 270.105926513672 266.967010498047 264.095886230469 260.750579833984 257.533538818359 256.098785400391 254.013809204102 246.032043457031 244.407287597656 243.836563110352 242.157928466797 242.262252807617 241.607406616211 239.032562255859 236.371856689453 233.883102416992 232.105926513672 228.691177368164 222.620651245117 220.621612548828 219.198028564453 218.891418457031 217.555587768555 213.713684082031 213.036392211914 213.613632202148 210.933486938477 208.98193359375 207.230072021484 205.608734130859 205.018173217773 204.51643371582 200.938415527344 198.158142089844 196.812149047852 196.006225585938 195.166076660156 194.26286315918 192.195175170898 189.743179321289 188.014892578125 185.977493286133 184.835601806641 185.356018066406 184.590316772461
281.822235107422 276.433746337891 272.909210205078 270.981658935547 268.550842285156 265.246520996094 261.745208740234 258.057464599609 255.223419189453 253.275100708008 250.750106811523 244.031585693359 242.591033935547 241.746704101562 239.79167175293 239.576034545898 239.3037109375 237.990310668945 236.471603393555 234.067123413086 231.654815673828 228.089248657227 221.683319091797 219.391510009766 217.181945800781 216.559555053711 215.403350830078 212.056640625 211.33154296875 211.535003662109 209.412734985352 207.32942199707 205.787353515625 204.709182739258 204.174224853516 203.185211181641 199.777496337891 197.579788208008 195.510696411133 194.366989135742 193.698959350586 192.730285644531 191.923461914062 189.736328125 -3.4e+38 184.416275024414 184.551086425781 185.025970458984 183.18440246582
280.528228759766 275.631072998047 272.477966308594 269.597503662109 266.445495605469 263.788238525391 259.898956298828 256.036468505859 253.638580322266 250.895721435547 248.077667236328 242.404800415039 240.494262695312 238.921539306641 238.490768432617 239.894454956055 238.956832885742 236.946014404297 236.500549316406 235.901107788086 231.253829956055 227.927169799805 222.002807617188 219.070907592773 216.517456054688 214.390182495117 212.166442871094 210.271820068359 208.994201660156 208.291656494141 207.048614501953 205.909454345703 204.187652587891 204.324859619141 204.323989868164 201.973175048828 198.827377319336 196.756088256836 194.43424987793 192.660552978516 192.032028198242 190.848007202148 190.581619262695 189.384506225586 -3.4e+38 -3.4e+38 184.045623779297 184.129837036133 182.187835693359
278.746856689453 274.994964599609 272.289459228516 268.733001708984 265.452819824219 262.414215087891 258.782928466797 255.397064208984 252.173980712891 248.650512695312 245.94499206543 -3.4e+38 -3.4e+38 238.037567138672 238.457656860352 238.347717285156 236.711059570312 234.851684570312 235.862747192383 239.983444213867 235.266906738281 227.483642578125 222.768753051758 220.514068603516 218.139785766602 214.060073852539 210.614715576172 208.296691894531 206.607772827148 205.669097900391 204.996932983398 204.031753540039 202.250381469727 203.057708740234 203.181091308594 201.317352294922 198.45881652832 195.939956665039 193.736358642578 192.097503662109 190.928298950195 189.576477050781 188.959991455078 188.325134277344 186.415237426758 -3.4e+38 183.931747436523 182.947525024414 181.232009887695
277.249328613281 274.039459228516 271.491424560547 268.767791748047 265.5556640625 261.592010498047 257.321533203125 253.987380981445 249.957443237305 246.674819946289 243.336822509766 239.569808959961 238.132629394531 237.776962280273 237.377105712891 234.591705322266 232.415390014648 232.016616821289 232.743408203125 238.127456665039 237.891632080078 227.203750610352 221.226425170898 219.844802856445 217.801940917969 213.429382324219 210.158218383789 207.691543579102 206.147689819336 204.47053527832 203.357452392578 202.118225097656 201.278549194336 201.362350463867 201.107528686523 201.2001953125 198.531173706055 196.165100097656 194.010299682617 192.547210693359 190.493576049805 188.763168334961 187.549301147461 186.819351196289 185.703247070312 182.819061279297 183.176696777344 181.870635986328 180.214553833008
276.761383056641 273.455718994141 270.396881103516 267.720428466797 264.092712402344 259.904571533203 255.725173950195 252.29411315918 248.342163085938 244.928085327148 241.347473144531 238.462249755859 237.467025756836 236.46257019043 234.516860961914 232.336853027344 230.296051025391 230.054183959961 229.158798217773 231.738311767578 233.737365722656 227.809692382812 219.407043457031 216.736740112305 214.46174621582 211.685531616211 209.669235229492 208.026092529297 206.642181396484 204.104309082031 202.417510986328 200.873275756836 200.078643798828 199.38134765625 199.593673706055 199.921188354492 198.371292114258 195.986526489258 193.834411621094 192.456253051758 190.352981567383 187.82307434082 186.31135559082 185.734268188477 184.689163208008 181.767959594727 181.608963012695 180.795761108398 179.358581542969
277.359924316406 273.612670898438 269.251770019531 265.919464111328 262.605072021484 257.861145019531 253.733261108398 250.434753417969 246.420974731445 243.01301574707 240.879043579102 237.000991821289 235.901779174805 234.612014770508 231.763473510742 229.794067382812 229.385177612305 228.26220703125 226.378265380859 227.45280456543 -3.4e+38 227.04035949707 219.680358886719 216.422668457031 213.163803100586 210.741653442383 209.475616455078 208.630432128906 206.934844970703 204.484741210938 202.116683959961 199.940826416016 198.24983215332 198.41618347168 198.94157409668 198.154846191406 196.984390258789 194.660385131836 192.24397277832 190.96794128418 189.545913696289 187.01432800293 185.381561279297 184.46223449707 183.684539794922 181.225784301758 179.82258605957 179.003753662109 178.238876342773
277.274993896484 272.925872802734 267.981658935547 264.309509277344 261.500274658203 256.967498779297 251.875183105469 247.940673828125 244.443801879883 242.280746459961 240.516510009766 235.292343139648 234.3125 232.65885925293 229.756149291992 228.119262695312 227.927322387695 226.097579956055 223.81608581543 223.858810424805 227.291488647461 231.911865234375 218.612060546875 216.452377319336 213.807662963867 212.055038452148 210.743377685547 209.073333740234 206.050857543945 203.142883300781 200.565216064453 198.735549926758 197.261596679688 197.555130004883 197.743209838867 196.450286865234 195.062561035156 193.541931152344 191.202041625977 189.117385864258 187.771194458008 186.346221923828 184.572265625 -3.4e+38 182.538314819336 180.667602539062 178.663146972656 177.678680419922 177.420532226562
275.740112304688 270.688262939453 266.75048828125 263.743011474609 260.819274902344 256.415954589844 250.948791503906 246.381744384766 243.087829589844 241.209335327148 238.754150390625 233.664810180664 232.452682495117 230.78157043457 228.173095703125 226.683181762695 225.246002197266 223.39030456543 222.296661376953 222.38639831543 226.172805786133 231.346939086914 216.873291015625 214.976272583008 213.637557983398 212.688888549805 211.61393737793 208.806701660156 204.909454345703 200.93196105957 198.967178344727 197.42951965332 196.330810546875 196.541473388672 195.468490600586 194.001388549805 193.338424682617 192.557540893555 190.537994384766 188.709838867188 187.164428710938 185.618225097656 183.624649047852 182.711669921875 181.163681030273 179.890548706055 178.053100585938 177.236419677734 177.17936706543
273.142211914062 268.957244873047 265.903991699219 263.283203125 260.440551757812 256.250946044922 250.728225708008 245.786727905273 241.720794677734 238.998001098633 236.511093139648 232.363342285156 231.177993774414 229.371292114258 226.605392456055 224.645690917969 222.990295410156 221.68147277832 221.59553527832 222.074661254883 222.168243408203 222.140808105469 216.883163452148 213.653060913086 212.027893066406 211.344940185547 210.407135009766 207.486480712891 204.325897216797 200.604843139648 198.755508422852 196.00895690918 195.297821044922 196.034439086914 193.529571533203 192.052169799805 191.320343017578 191.022048950195 189.905639648438 189.180679321289 187.203063964844 185.052215576172 183.523574829102 181.996536254883 179.997589111328 179.201370239258 177.64241027832 176.633377075195 176.302307128906
270.030364990234 266.656829833984 263.637573242188 260.126190185547 256.584564208984 253.822189331055 250.187545776367 244.025009155273 239.262680053711 235.61328125 232.991912841797 230.20703125 229.287338256836 226.927612304688 223.695541381836 220.593597412109 219.636901855469 219.536712646484 219.217834472656 217.99690246582 217.149658203125 216.450897216797 214.081436157227 211.889495849609 208.360809326172 208.084579467773 208.097778320312 205.635513305664 202.651840209961 200.492965698242 197.467880249023 194.151565551758 193.316955566406 194.05078125 191.536972045898 189.401260375977 188.249588012695 187.949295043945 187.945770263672 188.153915405273 186.785171508789 185.432418823242 183.506851196289 181.434097290039 179.57926940918 177.217178344727 176.813522338867 175.73161315918 174.604385375977
269.165252685547 265.631530761719 261.473114013672 258.220642089844 255.457733154297 252.968383789062 249.531341552734 244.367218017578 239.121658325195 234.520660400391 231.26708984375 228.736679077148 227.013244628906 224.753448486328 222.195526123047 219.739364624023 218.812515258789 218.101440429688 216.774826049805 215.965042114258 215.048141479492 213.339752197266 210.974075317383 209.84033203125 207.062194824219 206.763854980469 206.33349609375 204.59684753418 201.352767944336 198.689743041992 195.527450561523 192.766662597656 192.057144165039 193.365585327148 190.518966674805 188.332092285156 186.970169067383 186.470565795898 186.409942626953 186.699234008789 186.188568115234 185.310104370117 183.441650390625 181.771499633789 180.251098632812 176.555236816406 175.787689208984 174.920166015625 174.420257568359
267.417205810547 263.081817626953 258.999572753906 256.466278076172 254.668350219727 251.419097900391 248.071868896484 244.156829833984 239.022720336914 234.364395141602 230.16845703125 226.376373291016 224.332397460938 222.213256835938 220.260955810547 219.230484008789 219.328216552734 217.053787231445 215.07585144043 214.342819213867 213.57502746582 211.049041748047 207.948440551758 206.55207824707 205.633804321289 205.198135375977 204.910018920898 204.27278137207 201.019165039062 198.22590637207 194.676071166992 191.758071899414 191.051834106445 191.914733886719 189.509460449219 187.192672729492 185.624603271484 185.455291748047 185.212814331055 185.182312011719 185.239151000977 184.666122436523 183.236938476562 181.828491210938 180.241058349609 176.454467773438 174.997497558594 174.183700561523 173.839996337891
