rcp4.5models/GFDL_CM3/sc1gr0.21
NCOLS 261 
NROWS 433 
XLLCORNER 336357.134 
YLLCORNER 654653.479 
CELLSIZE 1000 
NODATA_value -3.4e+38 
[rows 264 to 285 of 433, columns 196 to 244 of 261]
73.2639389038086 73.0720977783203 72.4853668212891 72.3622360229492 71.711296081543 71.3455657958984 71.0695266723633 70.9960784912109 70.6412048339844 70.7087936401367 70.6927719116211 70.2665786743164 69.9492721557617 71.3110198974609 74.7151641845703 74.9916915893555 72.734619140625 71.2040939331055 69.0374221801758 68.6587448120117 68.4622192382812 68.7780227661133 70.0935516357422 71.6511840820312 70.0443572998047 67.8633041381836 67.6883392333984 67.5382690429688 67.0044403076172 66.8787002563477 67.6048278808594 67.1452255249023 -3.4e+38 -3.4e+38 65.7315292358398 65.6324691772461 65.5488586425781 65.3782348632812 65.1380081176758 65.0649642944336 64.9622497558594 64.6598892211914 64.4790344238281 64.3905410766602 64.229377746582 64.0715637207031 64.0343399047852 63.9580574035645 63.8008155822754
73.085563659668 73.0824279785156 73.008918762207 72.4107131958008 71.8481750488281 71.3781204223633 71.2077789306641 71.2041397094727 71.0450744628906 71.0046768188477 71.0378112792969 70.5678024291992 70.0590209960938 70.935676574707 73.3191452026367 73.6719589233398 70.7167739868164 70.1372528076172 69.1444244384766 68.7211761474609 68.6110992431641 68.8227462768555 69.6635665893555 70.3579635620117 69.5741882324219 67.8429489135742 67.6354064941406 67.3047409057617 67.0830383300781 67.0028915405273 66.6083984375 66.4720611572266 66.3039169311523 66.046501159668 65.9661331176758 65.9067077636719 65.6828308105469 65.5286178588867 65.3512115478516 65.2628860473633 65.0957717895508 64.7471389770508 64.6511459350586 64.4659729003906 64.3222122192383 64.2584457397461 64.1960754394531 64.072395324707 63.9155426025391
72.6646270751953 72.5300750732422 72.4217300415039 72.1152801513672 71.650634765625 71.3075866699219 71.5011215209961 72.3359680175781 73.1026763916016 72.1165618896484 71.264404296875 70.7336044311523 70.3627853393555 70.5774917602539 71.1077499389648 70.9422225952148 70.9719314575195 69.9801559448242 69.2248077392578 69.2743911743164 69.483154296875 69.5103912353516 68.6481857299805 68.3082962036133 68.2079315185547 68.1341857910156 67.9199295043945 68.0710601806641 67.57861328125 67.4124603271484 66.8963851928711 66.8534698486328 66.7927627563477 66.6316452026367 66.3012390136719 66.2612533569336 65.8910293579102 65.7286148071289 65.7168197631836 65.4515762329102 65.3854751586914 64.9228210449219 64.8047180175781 64.7063903808594 64.5967254638672 64.4636993408203 64.4678344726562 64.3544845581055 64.2832489013672
72.7886962890625 72.4518814086914 72.1789169311523 71.9470596313477 71.8576431274414 71.5254821777344 71.7256698608398 72.4452972412109 73.5411376953125 72.5185317993164 71.0593185424805 70.8010711669922 70.5682983398438 71.6630859375 73.9788665771484 73.3822402954102 72.4852066040039 69.9887390136719 71.4718780517578 71.5923767089844 71.182991027832 70.5741348266602 68.9366226196289 69.0867462158203 69.0626754760742 68.2949066162109 68.0220184326172 68.0791168212891 67.8963775634766 67.6678314208984 67.1575088500977 67.2467041015625 67.1431198120117 66.7344360351562 66.4372634887695 66.2828674316406 65.996826171875 65.8728256225586 65.6454086303711 65.4101715087891 65.3653564453125 65.0515975952148 64.9530029296875 64.8662338256836 64.72509765625 64.5848388671875 64.5877532958984 64.5324325561523 64.3455581665039
72.9357299804688 72.6018753051758 72.3822708129883 72.1776351928711 72.1559219360352 71.8181533813477 72.0477523803711 73.3713989257812 73.5027923583984 72.313591003418 71.1595153808594 71.0477905273438 70.8029403686523 71.8451766967773 74.840576171875 74.7373733520508 72.730827331543 69.9255828857422 74.665397644043 73.9228820800781 72.2502593994141 70.617805480957 69.0993270874023 69.3543319702148 69.2914047241211 68.4914932250977 68.0438919067383 68.1526947021484 68.2011032104492 67.8352737426758 67.5412368774414 67.5196914672852 67.25439453125 66.6743698120117 66.4323196411133 66.3069458007812 66.1735534667969 65.9767990112305 65.6505355834961 65.4561767578125 65.3787612915039 65.2135162353516 65.1354598999023 64.9461898803711 64.8114776611328 64.6679916381836 64.7110290527344 64.6825180053711 64.4023590087891
73.1620407104492 72.9437255859375 72.7783203125 72.4560394287109 72.228889465332 71.9104461669922 72.5281600952148 74.480598449707 74.0126037597656 72.6276168823242 71.4845123291016 71.2432556152344 70.8686218261719 70.8878555297852 72.1891098022461 72.6755981445312 71.3141174316406 70.0515518188477 74.5353622436523 74.3078689575195 73.2188568115234 71.6987915039062 69.289192199707 69.0680160522461 68.970588684082 68.6176834106445 68.3200225830078 68.3839263916016 68.563117980957 68.0476608276367 68.0443267822266 68.1390228271484 67.6549682617188 66.8385467529297 66.5130844116211 66.3540191650391 66.2459335327148 65.9738388061523 65.7554473876953 65.5823822021484 65.4507217407227 65.3838729858398 65.3071365356445 65.1183013916016 64.9457092285156 64.8724136352539 64.799201965332 64.8030242919922 64.478645324707
73.2334747314453 73.2190628051758 72.9979095458984 72.4559783935547 72.0439071655273 72.0327835083008 72.4489135742188 74.5050430297852 74.8024063110352 73.4960098266602 71.5695495605469 71.2308197021484 70.8776626586914 70.5753936767578 70.6689376831055 70.8882827758789 70.5910491943359 70.3093338012695 73.6166687011719 74.9151153564453 74.8966445922852 74.1189346313477 70.9878768920898 69.2043762207031 69.1645736694336 69.183479309082 69.0599060058594 68.5162811279297 68.5076217651367 68.24853515625 69.4556198120117 68.8279266357422 67.4251708984375 66.8090744018555 66.5841064453125 66.3493194580078 66.1678085327148 66.0493545532227 65.8571090698242 65.6996841430664 65.6080551147461 65.5094833374023 65.3686828613281 65.3733444213867 65.2032699584961 65.057991027832 64.9592208862305 64.8749542236328 64.6298980712891
73.2394561767578 73.2744369506836 73.0651168823242 72.4330749511719 72.0414657592773 72.3330688476562 72.5190734863281 73.5914993286133 74.824333190918 73.7526702880859 71.5958099365234 71.2817001342773 70.9095001220703 70.73828125 70.8703842163086 70.7472915649414 70.6282043457031 70.6444778442383 74.8455276489258 76.1689834594727 76.7593460083008 76.1245269775391 74.0873260498047 71.9016189575195 70.1704711914062 69.7617492675781 69.3459091186523 68.3658676147461 68.2427597045898 68.2019958496094 68.7321090698242 67.9488525390625 67.0285949707031 66.8995742797852 66.6414031982422 66.3901672363281 66.1752624511719 66.0719680786133 65.8796234130859 65.8048782348633 65.7823715209961 65.5408935546875 65.5249481201172 65.5401992797852 65.435173034668 65.1350402832031 64.9720153808594 64.9459075927734 64.7432708740234
73.5576324462891 73.3723526000977 73.3577194213867 72.5598449707031 72.3618392944336 72.9197235107422 74.5209579467773 73.9938888549805 73.4604568481445 73.0859222412109 72.4920349121094 71.4756698608398 71.0283966064453 70.835334777832 71.0612487792969 70.8286895751953 70.6859664916992 71.5289688110352 73.8942108154297 75.1861801147461 75.3809432983398 76.4930038452148 75.3982696533203 73.3770751953125 70.2556915283203 69.8109893798828 68.8164901733398 68.2818374633789 68.1602020263672 68.0599899291992 67.5300216674805 67.2109298706055 67.1260223388672 67.0158157348633 66.7004165649414 66.5453338623047 66.4133453369141 66.132926940918 66.0643692016602 66.0769500732422 66.0757369995117 65.8002777099609 65.7866668701172 65.5533142089844 65.3791961669922 65.1204299926758 64.9594039916992 -3.4e+38 64.8221817016602
73.8854904174805 73.4412384033203 73.1515808105469 72.7710113525391 73.3032989501953 74.4928894042969 75.4716415405273 75.7210388183594 72.9229736328125 72.7786712646484 72.6180419921875 71.6237869262695 71.1118621826172 70.8908843994141 71.1162719726562 71.1309356689453 70.8921966552734 71.3021926879883 72.0857467651367 73.2545623779297 72.3534317016602 73.3564529418945 72.1778411865234 70.9468231201172 69.4422912597656 69.3340377807617 68.6211090087891 68.4029312133789 68.1763153076172 67.9704284667969 67.6733932495117 67.52197265625 67.2654037475586 67.0951919555664 66.8155288696289 66.6992797851562 66.6019287109375 66.3633117675781 66.3553237915039 66.2204284667969 66.1911544799805 66.1288604736328 65.862190246582 65.5859298706055 65.4885177612305 65.2790374755859 65.1213531494141 64.9349899291992 64.9221954345703
73.8095550537109 73.3405609130859 72.8834381103516 73.0936813354492 74.3056564331055 76.0757904052734 75.6226577758789 77.0215530395508 73.9026565551758 72.9415130615234 72.146484375 71.6658401489258 71.3001251220703 71.0774993896484 71.1677398681641 71.4382705688477 71.1145248413086 70.6479263305664 72.5388793945312 74.1775741577148 72.969841003418 72.7534332275391 72.17626953125 71.8830032348633 71.3284301757812 71.1135406494141 70.865852355957 68.8918838500977 68.3114395141602 68.2281265258789 67.8473587036133 67.6198501586914 67.2880859375 67.229850769043 67.0490493774414 66.7964248657227 66.6799850463867 66.5812301635742 66.4596633911133 66.319938659668 66.3156356811523 66.1862182617188 65.9429550170898 65.6900482177734 65.6252593994141 65.4629058837891 65.1936111450195 65.122688293457 64.9514846801758
73.5625839233398 73.1810836791992 72.9778442382812 73.0910415649414 73.8294143676758 75.1365585327148 76.2119064331055 78.0207061767578 74.8193435668945 73.9671173095703 72.3630294799805 71.8713684082031 71.5065460205078 71.2496948242188 71.2143630981445 71.4232406616211 71.271369934082 70.8165588378906 72.6142272949219 75.3673248291016 75.1802597045898 75.0561141967773 74.7630386352539 74.1586456298828 73.7328186035156 73.5850296020508 73.3642425537109 71.5087432861328 70.8722610473633 69.2113952636719 67.9609146118164 67.5135498046875 67.2816772460938 67.2367706298828 67.2567749023438 66.8936538696289 66.8017349243164 66.7079467773438 66.5235061645508 66.4803161621094 66.4401779174805 66.2924499511719 66.0374069213867 65.9610595703125 65.8935852050781 65.7132797241211 65.3429107666016 65.1598587036133 64.9891052246094
73.6272048950195 73.1954498291016 73.0676422119141 73.0630340576172 73.1200790405273 73.9545745849609 76.5639572143555 77.9410781860352 74.4774551391602 73.7362442016602 72.6234817504883 71.9922561645508 71.6880416870117 71.6624908447266 71.3371353149414 71.5089416503906 71.5842437744141 71.0663223266602 71.5266876220703 73.1150283813477 73.4318008422852 73.0701370239258 73.1984558105469 73.9742889404297 73.6335678100586 73.2325210571289 73.8767776489258 73.1820297241211 73.088737487793 69.1569213867188 67.9423828125 67.6363830566406 67.5141906738281 67.4343566894531 67.4290008544922 67.2129669189453 67.1185302734375 66.7924957275391 66.7476196289062 66.7823028564453 66.6649627685547 66.352912902832 66.2618179321289 66.1866149902344 66.0311431884766 65.7846298217773 65.4631652832031 65.2399673461914 65.0476913452148
73.7182693481445 73.4538497924805 73.3620834350586 73.2047653198242 73.1853256225586 73.87353515625 76.4634323120117 75.2391967773438 73.3746109008789 72.7829666137695 72.5107879638672 72.0198669433594 71.9941711425781 72.2529830932617 71.5988845825195 71.6179962158203 71.7061233520508 71.310188293457 71.0065841674805 70.9647521972656 71.0091934204102 71.0201110839844 72.0282821655273 73.3909301757812 72.4084014892578 71.5675277709961 73.0541610717773 73.9757919311523 74.1807174682617 70.3560791015625 67.9048919677734 67.8052062988281 67.8443832397461 67.7646942138672 67.5498733520508 67.4098281860352 67.2914581298828 66.9046401977539 66.9636154174805 66.886604309082 66.7597503662109 66.4841918945312 66.3722457885742 66.3108062744141 65.9720840454102 65.6741333007812 65.4720840454102 65.2372665405273 65.0972671508789
74.0293273925781 74.144172668457 73.8030471801758 73.7073669433594 73.5714111328125 74.3781051635742 76.7153549194336 73.3547515869141 73.0495300292969 72.7165069580078 72.3983383178711 72.2255249023438 72.6076202392578 73.1179656982422 72.8734130859375 71.8948135375977 71.9369583129883 71.4524536132812 71.5352401733398 71.6506042480469 70.751091003418 70.9514465332031 71.3478164672852 71.7245483398438 71.7181243896484 70.4281387329102 72.5359115600586 73.2355499267578 70.5583572387695 68.4582061767578 68.4389266967773 68.3739776611328 68.176383972168 67.8212966918945 67.411376953125 67.2850189208984 -3.4e+38 67.1665802001953 67.1140823364258 66.8664398193359 66.6998443603516 66.5989837646484 66.2398147583008 66.1577606201172 65.8851547241211 65.6590042114258 65.4853134155273 65.3441848754883 65.2454681396484
74.5120086669922 75.0469284057617 73.85107421875 74.0709686279297 74.2809677124023 73.7934646606445 75.7410888671875 74.5585861206055 73.2532348632812 72.8032684326172 72.5225448608398 72.5526504516602 73.3124237060547 74.8506011962891 75.1309280395508 72.1798706054688 71.8612670898438 71.3947982788086 71.8506546020508 72.5082931518555 71.2420196533203 70.6843566894531 70.5464401245117 70.368034362793 70.7735290527344 -3.4e+38 72.7074813842773 72.599967956543 69.2089233398438 68.5663375854492 68.6176834106445 68.5541610717773 68.2707977294922 67.9010772705078 67.595588684082 67.516357421875 67.3943786621094 67.2033843994141 67.1007232666016 66.9507217407227 66.6567077636719 66.5563888549805 66.3098373413086 66.1809539794922 65.897590637207 65.79443359375 65.6617126464844 65.4786148071289 65.2708129882812
74.6591644287109 75.1846618652344 74.1948394775391 74.2401809692383 74.7450790405273 74.1286544799805 75.001838684082 77.4977798461914 75.1294021606445 72.906982421875 72.6877212524414 72.8022918701172 73.8760147094727 76.2381439208984 76.4482650756836 73.1394577026367 71.7891464233398 71.4640197753906 71.6049575805664 72.4182205200195 72.1555938720703 70.8591842651367 70.3671417236328 -3.4e+38 70.0380630493164 -3.4e+38 73.0454254150391 71.6961059570312 68.893310546875 68.7596130371094 68.757682800293 68.5374221801758 68.1977005004883 67.8950042724609 67.7499008178711 67.5238723754883 67.3676528930664 67.1534729003906 67.1369171142578 67.0426483154297 66.6792907714844 66.5037307739258 66.3658905029297 66.1135482788086 65.9096221923828 65.8389205932617 65.7772903442383 65.5523681640625 65.346305847168
74.8186111450195 74.8251571655273 75.2690353393555 76.1798477172852 74.5438079833984 74.8706130981445 75.2928924560547 79.029426574707 77.6245040893555 74.1976013183594 73.0712814331055 73.7799987792969 74.2762756347656 75.4802169799805 77.0190505981445 74.5649185180664 71.6876678466797 71.5213851928711 71.8027496337891 72.7413711547852 72.5243225097656 71.0115127563477 70.6262664794922 70.3007278442383 -3.4e+38 -3.4e+38 71.1382217407227 69.9598693847656 69.1517791748047 68.9566650390625 68.8639068603516 68.4797973632812 68.1897659301758 67.8962860107422 -3.4e+38 67.4622192382812 67.4001922607422 -3.4e+38 67.0360565185547 67.0608749389648 66.7834320068359 66.5056686401367 66.2966537475586 66.0639953613281 65.9390258789062 65.7934799194336 65.7767715454102 65.5830917358398 65.4270553588867
75.2567138671875 76.1400299072266 78.2101364135742 78.6986465454102 75.426513671875 74.6336669921875 74.9359588623047 79.0360336303711 77.9125442504883 74.3127746582031 74.5362548828125 77.0047454833984 77.3734512329102 75.8011322021484 74.6709136962891 74.0545349121094 72.8005981445312 71.3974685668945 71.9441070556641 73.0298309326172 72.4720077514648 72.008415222168 70.9075164794922 70.2698059082031 -3.4e+38 -3.4e+38 69.6443099975586 69.4473724365234 69.3000106811523 68.9482803344727 68.8506927490234 68.5477447509766 68.3181381225586 68.1699752807617 -3.4e+38 67.7525100708008 67.6527633666992 -3.4e+38 -3.4e+38 67.0258331298828 -3.4e+38 66.5890655517578 66.3441543579102 66.11572265625 66.0244216918945 65.8316650390625 65.7851181030273 65.6754989624023 65.4507217407227
75.7586898803711 77.8661422729492 79.2151794433594 79.1046524047852 77.2637786865234 74.6346130371094 74.8097381591797 77.9043884277344 76.6173095703125 74.052864074707 76.7050170898438 79.3833312988281 80.5725936889648 78.2482070922852 73.9056167602539 72.6658096313477 72.7836990356445 71.4574203491211 71.6646041870117 72.3865127563477 72.9558029174805 73.4612731933594 71.9010009765625 70.2498092651367 69.9750595092773 69.8764266967773 69.8127975463867 69.6190567016602 69.3053512573242 68.9391937255859 68.8395843505859 68.5799865722656 68.4749145507812 68.3646774291992 68.0644760131836 68.0208129882812 67.7405853271484 67.340446472168 67.14794921875 67.0288696289062 66.8275604248047 66.6533660888672 66.47607421875 66.2725067138672 66.1186676025391 65.9288330078125 65.909797668457 65.8595581054688 65.624641418457
76.5684661865234 78.8589706420898 79.6653594970703 79.8340530395508 77.9922485351562 75.406135559082 75.462158203125 76.4832763671875 75.4530029296875 74.4225311279297 77.7827453613281 80.1838607788086 81.3710250854492 78.7419891357422 74.8459930419922 72.4154281616211 72.0749130249023 71.6494750976562 71.5658340454102 72.33740234375 73.5440673828125 73.126106262207 71.8569946289062 70.3559417724609 70.0341873168945 69.8491973876953 69.8936920166016 69.7089538574219 69.4555969238281 69.0026473999023 68.8613815307617 68.5462493896484 68.4708404541016 68.2735137939453 68.0837554931641 68.0913772583008 67.8618240356445 67.3349838256836 67.1601409912109 67.0410995483398 66.83935546875 66.6407012939453 66.5650024414062 66.4296722412109 66.2130508422852 66.0193023681641 65.9774551391602 65.9186706542969 65.7557830810547
77.2882690429688 78.353157043457 80.0066070556641 80.4260940551758 77.4057235717773 75.8192672729492 75.739372253418 76.2573699951172 75.9546508789062 76.9983749389648 77.5399169921875 79.7488861083984 80.0855865478516 76.5550765991211 73.4036178588867 72.4158706665039 72.1641159057617 71.6789779663086 71.4303741455078 72.3874130249023 73.2277755737305 71.6291885375977 70.9487762451172 70.3747329711914 69.9922256469727 69.7990036010742 69.8281478881836 69.7844543457031 69.4574127197266 68.9772796630859 68.879035949707 68.7463073730469 68.4184875488281 68.2638244628906 67.9921569824219 67.9260101318359 67.9924621582031 67.5168151855469 67.2792892456055 67.0892333984375 66.9946670532227 66.7909469604492 66.6564788818359 66.5142822265625 66.3429641723633 66.2151718139648 66.0165100097656 65.9146499633789 -3.4e+38
