rcp4.5models/GFDL_CM3/sc1gr8.0
NCOLS 261 
NROWS 433 
XLLCORNER 336357.134 
YLLCORNER 654653.479 
CELLSIZE 1000 
NODATA_value -9999 
[rows 110 to 131 of 433, columns 150 to 199 of 261]
44.2740153028299 44.4623424795413 44.4360524009746 44.3637191003926 44.4775533580677 44.6007563761312 44.6216301420223 44.8085464861709 44.9572243538806 45.0201405262717 45.0731148209938 45.1606174942735 45.1715530784252 45.1375328008863 45.217504569767 45.5424732351952 45.7082520824002 45.7052507766755 45.5743558200433 45.749706918063 -9999 -9999 46.119916381069 46.0682240080819 -9999 -9999 -9999 -9999 -9999 -9999 -9999 -9999 -9999 -9999 -9999 -9999 -9999 -9999 -9999 -9999 -9999 -9999 -9999 -9999 -9999 -9999 -9999 -9999 -9999 -9999
44.388433487481 -9999 44.5241813274346 44.6149226313325 44.7085864978566 44.7587011909644 44.9166466680997 45.0025650143185 45.2178137681158 45.3147784042888 45.3412906480455 45.4307172232441 45.469905931962 45.4217981771535 45.5351785543894 45.8048634512278 45.9272423071448 45.8992156545146 45.9374065908767 46.0005125602255 -9999 46.3263752074451 46.3200679459589 -9999 -9999 -9999 -9999 -9999 -9999 -9999 -9999 -9999 -9999 -9999 -9999 -9999 -9999 -9999 -9999 -9999 -9999 -9999 -9999 -9999 -9999 -9999 -9999 -9999 -9999 -9999
44.6592613150996 44.8087508296812 44.8859996418314 44.9546426073711 45.0667401358085 45.0653449421477 45.033976258339 45.0970408719747 45.345075711828 45.3711678808003 -9999 45.5732653117367 45.6340630764253 45.7595915644404 45.8090277090972 45.9621936225235 46.0802855334651 46.1399422529036 46.2550418234702 46.2826161869461 46.3915799709837 46.5431019861121 46.5966622030726 46.5896293934099 46.807731628418 -9999 -9999 -9999 -9999 -9999 -9999 -9999 -9999 -9999 -9999 -9999 -9999 -9999 -9999 -9999 -9999 -9999 -9999 -9999 -9999 -9999 -9999 -9999 -9999 -9999
44.9682468823458 45.0732044511781 45.1179108401891 45.1484648219764 45.3528229944918 45.3673139373526 45.4034536942644 45.446208183644 45.6781748555312 45.673571984298 45.7726779233792 45.8334082848992 45.9990169907515 46.0019115540271 45.9245802096875 46.2065887319731 46.4773496421569 46.4491928723329 46.2548545839245 46.4271458098122 46.4972654453751 46.6687250795548 46.7283270314191 -9999 46.8604822214421 -9999 -9999 -9999 -9999 -9999 -9999 -9999 -9999 -9999 -9999 -9999 -9999 -9999 -9999 -9999 -9999 -9999 -9999 -9999 -9999 -9999 -9999 -9999 -9999 -9999
45.0818725791072 45.1397580172652 45.2514859120848 45.3004671488516 45.4333328806004 45.5929984425863 45.6814132182237 45.7469164072142 -9999 45.9778976493378 46.0960711953442 46.1538480955827 46.2982345899563 46.3590109609408 46.2662661874934 46.4813844017905 46.7618072541596 46.6884335795908 46.5270453592664 46.5834123547649 46.8075495904886 46.7532963123463 46.7198000833329 46.799735012011 46.9666243877168 47.0623631355165 -9999 -9999 -9999 -9999 -9999 -9999 -9999 -9999 -9999 -9999 -9999 -9999 -9999 -9999 -9999 -9999 -9999 -9999 -9999 -9999 -9999 -9999 -9999 -9999
45.6279243123929 45.7243738036816 45.7755342887518 45.9348977547671 46.070456583341 46.1969663324556 46.2901273483129 46.4992281470586 46.4172241037872 -9999 46.6955793620826 46.6971847931346 46.7963964024495 46.908029828709 46.9543010121646 46.8206504257001 46.8401887864112 47.0110631197812 47.0737203454949 47.2263697820248 47.2514274657476 47.3008398997181 47.3222918307471 47.363498523606 47.4181497808679 -9999 -9999 -9999 -9999 -9999 -9999 -9999 -9999 -9999 -9999 -9999 -9999 -9999 -9999 -9999 -9999 -9999 -9999 -9999 -9999 -9999 -9999 -9999 -9999 -9999
45.7971476970113 45.9634330685142 46.1520423123652 46.3277074814958 46.4494625472404 46.6272097656932 46.7528279751561 46.8322707518089 46.8390519078329 46.8983937904365 46.9891705723124 47.0031028940805 47.0252074607703 47.0958022388815 47.1534917847231 47.140102230579 47.2036228679034 47.3228017227171 47.3978962498119 47.3526820217693 47.2876186071127 47.340074184738 47.4905929966592 47.5055261930966 47.6087169139885 47.6520326690566 -9999 -9999 -9999 -9999 -9999 -9999 -9999 -9999 -9999 -9999 -9999 -9999 -9999 -9999 -9999 -9999 -9999 -9999 -9999 -9999 -9999 -9999 -9999 -9999
46.0219377629704 46.2674421057963 46.4243280570704 46.6461786660156 46.7939560908293 46.9484810725941 47.0991239628692 47.1503748951025 47.3901832370103 47.3376689460572 47.3446073618279 47.2705113466542 47.1551888750601 47.1656084930001 47.3288040313711 47.4335383713911 47.4714007287513 47.5886338839418 47.6935345314088 47.5382632047764 47.5540157641171 47.5076371033217 47.5712236761909 47.6268356349916 47.7771721192573 47.7947927095463 -9999 -9999 -9999 -9999 -9999 -9999 -9999 -9999 -9999 -9999 -9999 -9999 -9999 -9999 -9999 -9999 -9999 -9999 -9999 -9999 -9999 -9999 -9999 -9999
46.3645757441498 46.6072851779191 46.6121624834571 46.8120840207776 47.0154859025176 47.3105996098616 47.5060560174063 47.4682810407268 47.8315714752788 47.6239615609246 47.6358084902278 47.5591201884527 47.4010330391033 47.5150401328056 47.6740941666809 47.70920380309 47.6046998800239 47.7653580631369 47.8571087919416 47.8066823732234 47.8656684193544 47.8220106125912 47.9003890033122 47.9693780744807 48.0340744270837 48.0318647652643 -9999 -9999 -9999 -9999 -9999 -9999 -9999 -9999 -9999 -9999 -9999 -9999 -9999 -9999 -9999 -9999 -9999 -9999 -9999 -9999 -9999 -9999 -9999 -9999
46.7602483203915 47.0026634650601 46.9469578176541 47.0385642187251 47.3628043810281 47.6978328700008 47.8495679978558 47.7835949437327 47.9422097758833 47.7371600609036 47.6472215072463 47.732955286908 -9999 47.8171393707215 47.9823452492602 48.0216350478417 47.9509623390224 48.0856194417353 48.0460588226885 47.9842332374376 48.0761765996234 48.0915642152397 48.1972777725456 48.2748796220585 48.3814459562713 48.3462313097198 -9999 -9999 -9999 48.4067489302482 -9999 -9999 -9999 -9999 -9999 -9999 -9999 -9999 -9999 -9999 -9999 -9999 -9999 -9999 -9999 -9999 -9999 -9999 -9999 -9999
46.9702285499957 47.1681901253371 47.2122061565371 47.4304523519154 47.7946273047866 47.9261919935122 48.2021999351909 47.9847699018257 48.1527097167735 48.012831256678 47.9669992469913 47.9309148679442 47.8296122173885 48.1027360083951 48.3755118335183 48.248852631891 48.2281646084072 48.248053839927 48.1416937720191 48.305781788387 48.3261397476091 48.2620115504177 48.4085745780913 48.6841746020089 48.5310219265813 48.4706036273402 48.4104655464315 48.4475316475922 48.5805268107706 48.674453669959 48.7419357299805 -9999 -9999 -9999 -9999 -9999 -9999 -9999 -9999 -9999 -9999 -9999 -9999 -9999 -9999 -9999 -9999 -9999 -9999 -9999
47.2634711463445 47.4100539670995 -9999 47.814752260611 48.1527018021574 48.2561847456726 48.469538945421 48.3151556323632 48.2994315041763 48.2093262512648 48.1968262042261 48.1751983423544 48.2069445069775 -9999 48.637329059993 48.4902571646076 48.372092311938 48.253154679875 48.3317687258934 48.4687060977258 48.498619197875 48.5855691111292 48.7401993766035 49.0499892422118 48.8245528485452 48.7991637338258 48.7354267851434 48.6380131635748 48.70466373196 -9999 48.9677231511834 49.1005477905273 -9999 -9999 -9999 -9999 -9999 -9999 -9999 -9999 -9999 -9999 -9999 -9999 -9999 -9999 -9999 -9999 -9999 -9999
47.5291847225164 47.6607464241992 47.876188722359 48.0947091069666 48.2730482274681 48.6139642452957 48.8399172290791 48.6698624449812 48.3815440088404 48.3395067242079 48.5103322880679 48.3984373178213 48.4964008033318 48.5888137011113 48.7763846402687 48.8235828942578 48.7201107007795 48.5583461654686 48.4919829367019 48.6150713664041 48.6853247142809 48.8449315526658 49.023722881665 49.0923046489834 49.0671861261237 49.1549431977762 49.1391412840821 48.952003348999 48.9368442740444 48.8290243395083 -9999 49.1589287983176 49.2997589111328 -9999 -9999 -9999 -9999 -9999 -9999 -9999 -9999 -9999 -9999 -9999 -9999 -9999 -9999 -9999 -9999 -9999
47.8200796448816 47.9734141988642 48.1577794260518 48.2830797022933 48.2873393266512 48.8474380364532 49.1783424925295 48.8887749064651 48.6107981782743 48.6720709307575 48.8395846118213 48.8313348491492 48.8757786833712 48.9742202653651 49.0558691942801 48.9661267905494 48.9068076688043 48.8584482546481 48.852789630878 48.9459614857333 48.9313566305376 49.0308127041306 49.2111364915673 49.1009460878873 49.2090389567085 49.302303651898 49.2796632374808 49.1884606677812 49.1639056332851 -9999 49.307006026236 49.4020608693185 49.4419833707569 -9999 -9999 -9999 -9999 -9999 -9999 -9999 -9999 -9999 -9999 -9999 -9999 -9999 -9999 -9999 -9999 -9999
48.0672186769846 48.207973232771 48.3026450336237 48.5319974929347 48.6518911928152 49.0151719481115 49.3222064192123 49.0391909351932 49.073357128163 49.0925977787406 49.0663097433839 49.2485298814026 49.4383584347106 49.2436756211659 49.2248783408141 49.0245730183501 48.9080240579057 49.0302720397639 49.1405672058942 49.2345582842622 49.1747983311359 49.2756270504945 49.503481529959 49.4668588205233 49.5770102135035 49.5495164326125 49.3700054763525 49.4175155091447 49.2538798446114 49.287324990646 49.5760505457424 49.5650383010243 -9999 49.9216270446777 -9999 -9999 -9999 -9999 -9999 -9999 -9999 -9999 -9999 -9999 -9999 -9999 -9999 -9999 -9999 -9999
48.2869665603763 48.3439599492361 48.4402517939174 48.6894921713743 49.1226919305589 49.3315701008963 49.3784505290027 49.1533765493209 49.4828189901833 49.4577753432036 49.4110976009796 49.7110333265464 49.8405765624612 49.3340155609034 49.2124785163257 49.1653742817859 49.2021026578345 49.3682891100205 49.4079057826724 49.3673933310172 49.3386979905642 49.5188490628143 49.6479734553996 49.7565637463519 49.8533127961207 49.7854900795231 49.6700710848643 49.6885006867997 49.4413591827807 49.4340378267397 49.5671381509772 49.5789366552949 49.7444740516007 49.8635375909667 49.8181457519531 -9999 -9999 -9999 -9999 -9999 -9999 -9999 -9999 -9999 -9999 -9999 -9999 -9999 -9999 -9999
49.0585290986337 49.0675389855413 49.0478936828884 49.1828727660442 49.381911680306 49.4277810719133 49.4820621677568 49.6396524543029 50.0290484790454 50.1566156966554 50.061950184544 50.4211837243063 50.4832478234165 49.8566164265984 49.7154238419165 49.6572873088731 49.6384043768507 49.7508087263878 49.8884149240742 49.9489980716994 49.8479118345751 49.9127709458176 50.2959750224946 50.4066461478099 50.3852900474327 50.273356288417 50.283514784937 50.1200862155929 50.066696101941 50.0734185929788 50.0199601425546 49.8854461965392 -9999 49.8333530767641 49.9936147226108 -9999 -9999 -9999 -9999 -9999 -9999 -9999 -9999 -9999 -9999 -9999 -9999 -9999 -9999 -9999
49.3756600671222 49.3103437370694 49.456052143876 49.5204444834221 49.5524471453476 49.5095755572304 49.6160702963525 49.7389812851128 50.057220146297 50.2167686021483 50.2479123464474 50.6021856476457 50.6416726344508 50.2039774950772 50.0386533477292 49.9820633915538 49.9776464605525 50.0957100416347 50.2577029833063 50.0553923551667 50.0327557066083 50.1074611399037 50.3164921741129 50.5361715710948 50.5279371585375 50.4743256651272 50.3732817060196 50.1734812969181 50.0109834203039 50.017758940682 50.079057208146 50.1697269151225 -9999 -9999 50.2053712898674 50.2661716108069 -9999 -9999 -9999 -9999 -9999 -9999 -9999 -9999 -9999 -9999 -9999 -9999 -9999 -9999
49.6878994069033 49.4912622058576 49.6970802070685 49.7849697646103 49.8746565688087 49.8133370633171 49.9900827862321 50.0763934805307 50.3931433392613 50.5923883897264 50.6278253890797 50.7727395484395 50.6859903838039 50.4782538775058 50.2848896703858 50.1735742829254 50.2673069104405 50.3498129266431 50.50130779232 50.3837905128747 50.4115235192664 50.4516451329439 50.3902729004256 50.5238985121735 50.5298139887898 50.5837174393885 50.5312196808741 50.4645179778172 50.3874526120128 50.2975726650901 50.178604876718 50.2697725337085 50.3194740396771 50.2701970749265 -9999 50.5492818820667 -9999 -9999 -9999 -9999 -9999 -9999 -9999 -9999 -9999 -9999 -9999 -9999 -9999 -9999
49.9978917151813 49.9071426954798 49.9247019917729 50.0097497260295 50.0453641876357 50.2285237235926 50.1893289427328 50.4355688668199 50.6927417233187 50.9928895559116 51.0854489691442 51.0439787608821 50.7655386010307 50.5535400270147 50.5109618876417 50.5199791744449 50.5469478607326 50.5320387161165 50.5851845044688 50.6878974461722 50.6784350991596 50.6942682921809 50.7001791457743 50.7999530309745 50.7322939547314 50.6526991474198 50.6006974894052 50.5745551062015 50.6011398107634 50.5593335073919 50.202542428157 50.2127041331444 50.2626503940795 -9999 -9999 50.5827919304103 50.5559438155637 -9999 -9999 -9999 -9999 -9999 -9999 -9999 -9999 -9999 -9999 -9999 -9999 -9999
50.3800250760388 50.1968003927628 50.1628099591493 50.3281430889107 50.4540458807616 50.5718905514907 50.4781708808339 50.6710825985303 51.113141547394 51.4524988355592 51.5894110846396 51.4320419105992 51.0859161187242 50.8321292112469 50.7107362626812 50.7934435010625 50.8460005069861 50.8452479841029 50.9309344395352 51.1748389627512 51.0647213340494 50.928132311227 50.9665827237824 50.9964524368844 50.8980868062263 50.762750876877 50.6496112592299 50.5228970141395 50.5554122518352 50.5487263328832 50.3171840291093 50.2626736442582 50.2704801164354 50.329520285067 50.3935687002282 50.5257164232726 50.6514413960876 -9999 -9999 -9999 -9999 -9999 -9999 -9999 -9999 -9999 -9999 -9999 -9999 -9999
50.6024463517069 50.4484066264493 50.4810490398574 50.5444371404418 50.911085678685 50.9634273882073 50.8098835839771 50.999918009762 51.5896091210356 52.0491426329802 51.7101069951731 51.3670127016402 51.2645373770044 51.1752961953969 51.1147343711591 51.0184198609068 51.0556303738191 51.1520959020015 51.2619590333758 51.6929204100404 51.5652123878476 51.2538351664287 51.0448586764069 51.1325241215833 51.1406900484431 51.0897965156492 50.9920397520364 50.8840357690391 50.8158693505099 50.657898219102 50.5936667037672 50.578726082705 50.5414807134438 -9999 50.6461180638429 50.7447982861832 50.9407751909263 51.0615094442084 -9999 -9999 -9999 -9999 -9999 -9999 -9999 -9999 -9999 -9999 -9999 -9999
