rcp4.5models/GFDL_CM3/sc1gr6.3
NCOLS 261 
NROWS 433 
XLLCORNER 336357.134 
YLLCORNER 654653.479 
CELLSIZE 1000 
NODATA_value -9999 
[rows 330 to 351 of 433, columns 200 to 249 of 261]
1022.89041686969 1022.27905189498 1022.57748361685 1049.6396092905 1063.94747738163 1079.65997162595 1089.74512763466 1056.46835542809 1047.12110167285 1050.20534161855 1053.07704357754 1051.24985409419 1051.43044590823 1052.89447684491 1059.34833228411 1058.79759783604 1059.77727155865 1058.83392549787 1058.70350926723 1061.59543481806 1061.18415849319 1062.67260782718 1063.64137874964 1063.81370551004 1064.8169138926 1067.79987563476 1069.15603991227 1071.76116399614 1074.77099118355 1077.24551494599 1084.48154864872 1084.40499314572 1083.98138058775 1086.50102328094 1089.68360054924 1090.40035860738 1092.09008942166 1091.93633729687 1090.92471447087 1089.84438409499 1091.51523005338 1091.61627549503 1089.37333218462 1090.01021064418 1089.56087452891 1090.51893810194 1092.84561259157 1092.00295000759 1092.22456610449 1093.30897633165
1024.08254373509 1018.79408031931 1018.60751996311 1029.50659159562 1034.69175311467 1041.84339406331 1049.78019673608 1037.14732045147 1043.38903099928 1047.23423550645 1048.45543254783 1045.37095235149 1046.65950975719 1044.93340444562 1051.31987324646 1050.69338088908 1054.55837549573 1057.39033584213 1056.28037467138 1059.13913571283 1059.84619434623 1060.08698457341 1059.88203899961 1060.43422084232 1062.60036695359 1065.10612485215 1066.09093191438 1068.84073751314 1071.92387822527 1076.61210357235 1081.96711944439 1080.66350430673 1082.6644956885 1085.53808319333 1088.34231372253 1089.22498589968 1090.63577049967 1090.03264797944 1088.09338043673 1086.78983199296 1087.29643798588 1087.83415926889 1086.00764564497 1086.9406154958 1085.73580451664 1086.49704589213 1087.77498306567 1087.76252553951 1087.76140021907 1087.82915974645
1025.44141809659 1014.61287727421 1012.47454543808 1018.25471141805 1022.73724826066 1023.70384347886 1026.29678719131 1030.42923274182 1038.92328400801 1041.67056660662 1045.26806256328 1041.87217801547 1040.63715813152 -9999 1042.73093507546 1043.37787698654 1048.6592948612 1051.24349403808 1050.79621955511 1052.65224114684 1054.00812594777 1055.73636622381 1056.37523594103 1057.88389045505 1060.67599399726 1063.03871742568 1064.62534932592 1066.2622020138 1069.6180893745 1074.3734147459 1075.22965136428 1074.42560193688 1078.20583872862 1082.62893908716 1086.54123550747 1089.0680266244 1088.71800724617 1085.25335342746 1084.90979992821 1083.91935527277 1082.77915348712 1082.65037395178 1082.31708957829 1083.62747353885 1084.11300316143 1083.67752001347 1083.55525784374 1083.36284800214 1084.0593199509 1084.12105132524
1014.02289467789 1007.63311997409 1006.53929065552 1009.72706854325 1013.53452392398 1016.72106632936 1019.8489497938 1023.83801660451 1030.15065613359 1034.91747925389 1041.79353884991 1035.65344927975 1032.75277348782 -9999 1035.56572844296 1035.8127746642 1039.84810608234 1040.82017092118 1042.97986532128 1044.84105728478 1046.92287691952 1049.08081939456 1052.03357105478 1054.14173167655 1056.42835802176 1057.99987087954 1060.25400635018 1062.86261899812 1063.57649416298 1068.03448785944 1068.50634129761 1068.98980650059 1071.4568868043 1075.20256717611 1079.11981414722 1084.08244439552 1081.85433613229 1078.74987225557 1079.1804291955 1080.94674446907 1080.45122724405 1080.74815108793 1081.86824999223 1082.1671565928 1082.91909755565 1083.84826419066 1083.48822183231 1080.58555797179 -9999 1079.8495555119
1007.26723316022 1012.11523251222 1004.25582698847 1003.53060245866 1005.46187220569 1012.09314571027 1015.7740904717 1017.19955439485 1022.40566166781 1027.36862834612 1033.91198537725 1028.66660696803 1028.32565426481 1030.32286176282 1032.78805211324 1032.17288838882 1033.94799732267 1034.54930747451 1037.09448920152 1039.4840728122 1041.01052519918 1041.10927472449 1045.08448868161 1047.50477639592 1048.17944232552 1050.15849088621 1052.43948958836 1056.70541009633 1056.25524223133 1059.65256290602 1061.96487016029 1064.05973488667 1065.85054970173 1069.43284779817 1073.97911129694 1078.41477763998 1077.03800324161 1075.22874899557 1074.61333262867 1075.55627666337 1076.27069379221 1076.96922749644 1078.55765274432 1080.28409135276 1080.96389771966 1080.44949156754 1079.24435896486 1077.38175751559 1076.01989302918 1076.4145208261
1009.35471344869 1025.1148534523 1026.95773062645 999.663556209654 1000.54593339601 1006.33922300125 1009.54685711582 1012.14036168221 1016.44166418909 1023.11916433149 1032.27196361933 1025.12335996186 1025.51706625399 1029.45653462994 1030.47739790063 1031.38761593504 1033.52750748154 1032.97401217908 1031.76179192808 1034.59965364557 1035.61302088617 1035.81539724518 1038.23862775923 1040.792791158 1041.6718799303 1044.09831213501 -9999 1049.2080870105 1052.26146360998 1052.80525395521 1055.95739437305 1058.43690222509 1061.0741264902 1064.17655807286 1068.50431013736 1070.98205264022 1071.97337332332 1071.89391149913 1071.23169499509 1071.0493585863 1069.79134492731 1070.13059564266 1072.26039195812 1075.79812140707 1077.19438409858 1075.29357946957 1073.17974218766 1073.9919283681 1074.5367134542 1075.13152718801
1009.68687733014 1058.92835869682 1067.40248110246 993.526004010408 990.042051177569 994.106865574162 997.932714392026 1000.13877899534 1004.93333706516 1011.42122610751 1016.36252623908 1018.69534778235 1018.45397661769 1023.04217216371 1026.34900730088 1030.40874130952 1036.35265234465 1033.72525569691 1027.26770982162 1030.04028202683 1026.73891091574 1027.80941769354 1028.60453070884 1028.28333260151 1030.7523628421 1033.07026115187 1037.03001601551 1038.58132994007 1040.90175873186 1041.26860320564 1043.77565191449 1046.57360211627 1047.32933374197 1051.86678215121 1054.13378210917 1057.2395843904 1057.80875362758 1062.35686524655 1061.18957562349 1063.08255510615 1063.27432381688 1061.87958581567 1062.81398497047 1063.72782188506 1064.45304927172 1065.04140366967 1067.20195728707 1067.81962140254 1070.37307499582 1070.56843661421
993.213815987036 1031.866190305 1071.96359351468 988.42698108646 984.762658831428 987.331091054431 992.303230144576 994.49919114994 999.360548722635 1004.1496460762 1006.35124651916 1008.27918663066 1008.76028813741 1013.84264635702 1025.51877443437 1038.40624356287 1039.98182467896 1028.82369469412 1019.92659750002 1020.7648234163 1021.47947674463 1022.08793181564 1023.16106858408 1025.56739175265 1027.65650391361 1028.71712266277 1031.83610207457 1035.18342241242 1037.56953737843 1039.44582183766 1041.03075061325 1042.18093691057 1043.08794155885 1047.0618504829 1048.55847697741 1050.69961173168 1051.22166763064 1055.76634177132 1055.40207817743 1056.25148817687 1057.00784836483 1056.83988111577 1058.16284802406 1060.06699189225 1059.10043047965 1059.96453234634 1060.8611187661 1062.60444939893 1063.60195726783 1064.01139871821
978.945053329168 1002.52795960051 1047.45654764349 982.460117248761 981.310123609164 983.734831650652 987.729395288897 988.696494104401 993.387140100686 997.102137705728 998.785536752928 1000.3798569163 1002.87394664465 1009.9807099387 1020.41287432155 1029.2782894284 1024.91961634368 1014.03673067153 1014.63105036951 1016.05990692564 1018.41154961377 1020.89212832207 1020.99252690672 1024.0154791332 1025.18598353109 1027.03530468038 1028.14511949355 1032.28182608866 1034.25179755574 1036.20095141885 1037.59011223561 1038.76335255124 1038.87917352864 1040.91653293527 1043.05053256078 1044.26684703922 1045.23712273861 1048.43609864272 1048.31111296048 1049.28731600408 1050.1601395129 1052.11129048683 1053.95580097735 1055.00653727124 1055.2986535975 1056.39458283906 1057.20826668688 1058.73228933713 1058.54913418648 1059.02186851429
973.426208985429 984.560179512296 1000.05565902931 977.305599444926 976.713740285049 978.754438806592 982.669916951364 984.512607799868 990.237202606513 993.380557968806 992.268834894237 993.776641556695 998.045214144007 1006.49847066882 1013.5047117838 1013.13360887805 1010.82005017481 1007.96728631818 1010.512327159 1013.34325525983 1017.21797755951 1020.96421619104 1018.78962602695 1021.33249384255 1022.78988936369 1023.73121647722 1026.42353672776 1032.08535870702 1032.31816841788 1031.4420599045 1032.43938510774 1034.52448184618 1034.03792467902 1036.47906777282 1037.19376632099 1038.53869917698 1040.53880100516 1043.6167681529 1044.49746135605 1044.79854665953 1045.86348842061 1047.68931556288 1049.00388988806 1049.5070208336 1050.9757712179 -9999 -9999 1054.06986278002 1054.50325326936 1055.37255731036
967.338492588598 968.769177709046 968.35023822281 971.438769603557 970.485221726387 970.926391969704 975.218355768699 980.882933199817 987.574474938347 991.221969454632 986.799866837741 988.420469239456 992.283603173028 999.383263460837 1006.11220543056 1004.53987308592 1004.62024541668 1004.20898256863 1006.39402567303 1009.82880360793 1015.01921544202 1018.32010444336 1018.19999226525 1018.78250983651 1019.97982453089 1018.42477554355 1024.79947905541 1028.89507610104 1028.86838176961 1027.26535043179 1028.03802053605 1029.03106763493 1029.95620689224 1031.75714184936 1032.69359130761 1033.97857024085 1036.15753848699 1039.24112341942 1040.29136850813 1040.90991177857 1042.3390396719 1044.15530251793 1044.46511873009 1045.11376193943 1046.27002126609 1048.04385293171 1048.24909978237 1049.78749685897 1050.02215466143 1052.63049536548
959.72979323233 960.025227072726 960.891858233606 964.673905945332 964.518828312814 965.745962625355 969.5662351244 974.370109129492 981.396340549967 986.702848768815 981.054502534949 983.970172216168 988.321290277102 992.978814637552 999.32220407615 998.412229194101 999.694954542343 1000.79889546638 1004.84817664109 1008.27671935697 1010.5784023205 1012.0093802904 1014.26727006386 1015.420072977 1016.53902432073 1015.39543314276 1021.31127863297 1023.81517685663 1025.70498049782 1023.02778560064 1023.66220597209 1024.95425274246 1025.91130770365 1026.74822335768 1028.31819409901 1029.63132246736 1032.14726792383 1036.58351152016 1037.24152250855 1037.10781138562 1038.94883560103 1040.81138614053 1041.08664581442 1042.40058017974 1044.38803937502 1043.38255229032 1044.0763450541 1047.9703011035 1046.81401008072 1049.71336204442
955.001568124386 956.668988685284 958.49806121439 960.725206830852 960.742858221587 961.315900811342 963.648240581967 967.32885301385 973.365345506425 979.351696945812 975.260730907492 978.276481775356 982.902796574907 987.117881698453 1007.85162256216 994.451081027486 997.987187886378 997.851247579196 1001.52839936579 1005.95460067817 1010.20132736621 1012.2448305948 1006.75678327821 1010.90855130665 1014.40808035597 1012.76918009911 1015.86416256584 1018.07809590258 1020.65282194623 1018.48495100865 1019.02454864115 1020.60442948526 1022.34904382612 1023.79938279705 1025.68559672004 1026.12223141604 1028.297843654 1034.45051636054 1034.11691298445 1033.37406730927 1036.63669360955 1038.39679587361 1038.81681885376 1040.84412217656 1041.00292211645 1040.05143820159 1041.5974015225 1046.01623210467 1045.16958200668 1047.29160169017
952.768992602782 953.699636253305 956.604770705649 960.056958384581 960.835653401338 960.107371011941 960.249424866063 960.459266989644 964.539092741126 969.200433859983 969.92863408308 975.969860236487 979.945919086193 981.433217887514 997.690007937055 989.806841541244 995.668531593865 997.282125358449 997.35806290701 1000.0421078604 1006.50056924836 1007.57476227605 1000.77077454719 1004.44282431945 1009.42505060816 1008.75738593095 1010.77682260323 1012.47429693456 1013.48813353598 1014.70432856167 1015.72674238338 1017.7289775297 1020.12274366218 1022.16472181034 1022.90972440309 1022.7375075765 1025.33398239431 1032.63511660994 1031.75065692668 1032.35970711322 1034.12026660219 1035.02654660731 1035.79919163768 1037.84125791457 1037.22298531452 1038.91481206075 1039.808586277 1041.1410159906 1043.84746083708 1043.93989941885
956.553783664204 954.754683957703 952.965967350304 955.373057973464 957.353771801874 958.771696268963 958.941042943259 956.163800657793 957.4155594374 961.392947865556 967.317470170616 977.235664483975 982.546539337528 976.642722011352 978.88148976851 984.605465309335 989.779290339022 993.353505190337 992.738749869484 994.04888790717 994.608266738274 995.407973042306 999.453883822501 999.02921284924 1002.27626559198 1006.33224175248 1006.77733829364 1007.16562431539 1008.87028220994 1011.35028303858 1014.20712835562 1014.36449213994 1015.97060976993 1018.94403891018 1020.26421119455 1020.23492940341 1023.32249762797 1030.11528745839 1032.22117524459 1032.64898927892 1031.83083670159 1033.20183789534 1035.10523731294 1035.5361520951 1035.29121281253 1037.96291318029 1038.61437010128 1035.91387680124 1039.43568249534 1039.62564154895
959.969301923377 963.794939102173 952.726736008379 946.860616554755 949.30715215875 952.167527465146 954.299524818073 954.289520972346 953.518729270859 956.245182100749 965.066227402281 977.306937623711 978.801626346596 971.171154723404 974.116929198427 979.683901540088 985.35673424355 990.06817964372 987.39440832885 989.116654980417 987.03137841743 988.8304730606 994.304498581645 994.055746614702 996.108013877477 1001.72203294894 1002.96491497373 1003.67353935148 1005.05985222266 1007.54918205151 1011.21875285924 1015.04665878331 1013.7599426096 1014.74227959175 1015.50174798501 1017.43295752811 1021.84196801014 1026.33675942785 1032.29791581355 1032.7289390679 1031.58060298123 1031.81390463012 1033.34686204819 1034.02445844987 1033.56174447767 1033.12108071677 1035.15382941273 1034.25479240191 1035.79649689355 1035.86137027672
945.372092875105 952.358882441936 942.360514818086 939.752069218715 942.553569115193 944.491389677995 946.565571527744 950.664002573826 950.657610852852 951.83389323221 959.623209082404 971.715298648921 973.950551231751 965.489376409429 970.323921208869 981.092280596742 980.773245864094 987.356946738051 985.158953306383 983.634658680907 985.477097185133 983.842562504575 985.634641712704 988.111297045528 990.871779215037 995.171587973437 1001.35419674001 1002.84487099077 1002.92612964645 1003.5959216602 1007.37725980398 1015.55833396909 1012.82541899689 1012.72038752633 1011.67386309417 1013.72334105544 1018.43995981465 1023.99322986263 1029.43249780853 1031.67792366324 1027.72046652622 1028.71203869606 1027.5998289719 1029.45705189123 1029.99206931334 1027.71782561596 1028.57582493787 1030.85894491664 1032.85315718201 1031.94718562879
928.733272866844 931.780648690445 930.273862507492 934.526583948566 936.570658761059 937.182387391941 938.489926633876 943.819997155771 945.250661715781 946.890471059947 953.565509099931 962.380730524489 969.294427106368 959.736637657062 967.451675474491 983.447549141182 972.762796581584 980.295767763334 981.679753254787 978.704773344971 980.142846301068 979.258145880521 980.621888964839 982.084547706739 986.353218226451 990.886332068276 997.177426624255 999.384219631856 1001.79150405491 1001.20883575816 1005.00888480335 1010.93230185066 1012.24889815334 1011.85770457258 1012.48927074545 1012.73875432173 1013.54875742159 1019.6319856977 1023.87041360701 1025.67456667448 1024.45030278349 1025.38279567848 1023.80527163552 1023.43876092804 1024.23170769993 1024.25928474646 1023.62143897848 1025.35383378373 1029.91226997245 1029.19523050448
921.793137328836 923.894319561109 926.294954095468 932.042205279559 931.113866671639 930.894701831938 931.83715137878 932.127120709227 932.821393224418 935.580938052792 943.139679327434 948.387328461994 950.548173454801 947.660651813546 967.57188529625 993.270047151797 959.81520798305 964.058158817729 967.287316585068 968.245922497283 969.229120467433 969.408043286725 972.308322992245 973.357773594598 975.823934796654 978.297142028046 985.288001716234 986.482377687639 989.551189346945 992.567956133898 997.964358638953 1000.99450871802 1000.05676352926 1003.36358605031 1009.21015616004 1006.90141783244 1008.90434279484 1009.2211961658 1008.47101861665 1012.22153157842 1016.70080023015 1015.14501441653 1015.49955098132 1019.15351978265 1019.0727349621 1015.98439953483 1018.85448692584 1016.16642652572 1022.15945589074 1022.77088484647
919.034856645303 923.70791244993 925.018350376901 924.595043504749 926.779365354412 927.114266338341 928.793289848175 928.847542329724 929.032710901416 931.340835655892 936.780590819957 940.35274633434 941.768692177396 942.605333034128 956.384546855339 966.967816956404 954.69897289575 958.350544256761 960.879520514475 966.638145806564 969.143215646111 969.713072942949 970.473176349432 970.54494707066 971.844207631993 972.653402088597 978.357661589006 982.422919527372 983.436112650365 987.874822193741 991.742684258202 995.506180573093 996.281887992861 997.886003441875 1004.2227424503 1002.2365369296 1001.15142695584 1004.74787058259 1003.93045655772 1007.21782710539 1013.07828304963 1013.39627397394 1018.14740332944 1019.72222742831 1017.67971428677 1015.0643048813 1019.8767610959 1014.38745919212 -9999 -9999
916.525095664309 921.821211696363 923.485094343728 923.362428898326 924.308453637524 923.815586855937 927.422151689065 926.723289494277 926.393422649377 927.706923829488 930.262246085972 932.82945933545 935.32279257995 937.367407415922 946.660099579382 949.174479993091 949.099805372367 952.440344903707 956.466873761203 962.347789192123 967.839434466106 967.036166945933 967.455656510237 968.601586953383 970.490472879436 968.722747373409 973.172947742618 976.94478213021 978.339881229037 981.627781039866 984.690945282082 989.053666440153 992.315959598522 993.718610363854 997.395300854646 999.146367984273 998.501192175393 1000.68473946923 1000.33972661312 1001.99285052679 1006.50806576746 1009.85335781591 1015.90828905382 1015.79054095961 1015.62124803213 1015.0302634887 1017.89334850799 1012.77621393229 1013.58561071302 -9999
915.285075373234 918.033493863943 923.663618337232 925.801904422674 921.216955042175 919.505717379917 922.713674867772 921.771523638402 922.466459723342 924.528850157326 926.199255836356 927.604345893422 930.281173412613 932.992679355141 940.34251177396 942.150521789616 944.427425349322 949.988835928046 954.789685826995 953.866556078105 959.207560657759 959.48740541707 961.679833121644 963.552377207581 967.181433216974 966.744246354238 966.976473860435 970.22857758802 972.772936126534 976.011883195887 980.180333773648 983.791266852428 986.863817299347 988.01937517237 993.243625475335 993.746639786099 994.245494962803 996.024495253737 996.477459226716 998.207088016198 999.338397481092 -9999 -9999 1009.1626338564 1010.85925693873 1013.09080706532 1012.69002345955 1011.41856615358 1009.69616801302 -9999
