rcp4.5models/GFDL_CM3/sc1gr0.22
NCOLS 261 
NROWS 433 
XLLCORNER 336357.134 
YLLCORNER 654653.479 
CELLSIZE 1000 
NODATA_value -3.4e+38 
[rows 286 to 307 of 433, columns 49 to 97 of 261]
77.4773635864258 77.5410232543945 77.6887969970703 77.8790283203125 77.9668197631836 78.1010894775391 78.3082046508789 78.7117691040039 78.9351501464844 79.1985473632812 79.4757385253906 79.5472946166992 79.5932769775391 80.097900390625 80.7063751220703 80.6435928344727 80.5483016967773 80.6727142333984 80.9214172363281 81.5010375976562 81.8004913330078 81.6111068725586 81.8787155151367 82.1266555786133 82.0636520385742 82.6545333862305 82.9600677490234 82.5894317626953 82.833625793457 83.42919921875 84.2083969116211 84.2087020874023 83.5576553344727 83.9613723754883 84.5754165649414 84.899787902832 85.0526962280273 84.9723587036133 85.2167739868164 85.6356430053711 85.5967788696289 85.7771301269531 85.7361907958984 85.793571472168 85.8430938720703 85.6731033325195 85.6667327880859 86.1122055053711 86.2975158691406
77.2258529663086 77.4390335083008 77.6837387084961 77.8679122924805 77.9216232299805 78.1226501464844 78.3043365478516 78.5866546630859 78.7643737792969 79.1307601928711 79.3487167358398 79.3975601196289 79.4843826293945 79.7477264404297 80.0642852783203 80.235466003418 80.3610229492188 80.4399795532227 80.8903121948242 81.5108108520508 81.8602981567383 81.5352554321289 81.8598709106445 82.4877777099609 82.655647277832 83.0053176879883 82.8521194458008 82.3794174194336 82.9110260009766 83.3078689575195 84.0020294189453 84.2964935302734 83.7666473388672 84.1917114257812 84.7437438964844 84.6768569946289 84.6237182617188 84.7768936157227 85.1969223022461 85.5764236450195 85.7747650146484 85.7592391967773 85.6012268066406 85.7949600219727 86.0091247558594 86.0654754638672 86.2986602783203 86.6672668457031 86.7797470092773
76.9846649169922 77.1237030029297 77.3040466308594 77.5688171386719 77.833381652832 78.0178298950195 78.2013320922852 78.5210037231445 78.669677734375 79.0004119873047 79.221076965332 79.3115463256836 79.3581466674805 79.5313339233398 79.8825454711914 80.1916961669922 80.1592864990234 80.2104568481445 80.9724655151367 81.3949584960938 81.7110824584961 81.488655090332 81.9999542236328 82.9194793701172 83.1058731079102 82.8222961425781 82.6261138916016 82.6724624633789 82.7462844848633 83.3012466430664 83.6869659423828 83.9852828979492 83.8303146362305 84.0411834716797 84.4029922485352 84.4671783447266 84.6801834106445 84.761474609375 85.095329284668 85.501335144043 85.8286972045898 85.8887176513672 85.7130355834961 85.7916717529297 85.9647903442383 86.1982879638672 86.5723114013672 86.7647476196289 86.7914505004883
76.741340637207 76.9975738525391 77.103271484375 77.2547302246094 77.5007247924805 77.6846313476562 77.9409332275391 78.4394149780273 78.6155395507812 78.6664505004883 78.9118270874023 79.2802810668945 79.3766326904297 79.4811248779297 79.7600555419922 79.9361953735352 79.9746627807617 80.0486145019531 81.2178573608398 81.4355010986328 81.5774536132812 81.3004608154297 81.7091522216797 82.7092361450195 82.7519302368164 82.1506423950195 82.2721862792969 82.8858871459961 83.0752487182617 83.3107833862305 83.6485977172852 83.9889984130859 83.9226531982422 83.6755828857422 84.124885559082 84.6327056884766 84.8828811645508 84.7711334228516 85.1288681030273 85.5682373046875 85.8113632202148 85.8410034179688 85.7365951538086 85.7767868041992 85.9687728881836 86.1240539550781 86.2916717529297 86.4522857666016 86.562370300293
76.3837585449219 76.5775299072266 76.7310943603516 77.0034103393555 77.2708969116211 77.4485397338867 77.5896453857422 78.0080718994141 78.3599548339844 78.6409912109375 78.643684387207 78.7380447387695 79.0245513916016 79.1668472290039 79.2639541625977 79.509147644043 79.7791213989258 80.1834564208984 80.979362487793 81.1046524047852 81.1368637084961 81.1838684082031 81.4098968505859 81.674201965332 82.4352035522461 82.5612945556641 82.5382080078125 82.5970458984375 82.9123077392578 83.6111145019531 83.6873550415039 83.3657455444336 83.209114074707 83.1638641357422 83.4998550415039 83.8890838623047 84.3378067016602 84.5917739868164 84.8866653442383 85.2195587158203 85.4087905883789 85.8203048706055 85.8324203491211 85.7435989379883 85.7522659301758 85.945442199707 86.1653213500977 86.4504165649414 86.761833190918
76.3693771362305 76.5873184204102 76.7503814697266 77.0332946777344 77.2134246826172 77.3466644287109 77.5419464111328 77.7997970581055 78.1190414428711 78.4474487304688 78.4219055175781 78.5247650146484 78.8719024658203 78.9488220214844 79.1017761230469 79.5156326293945 79.569206237793 79.7296676635742 80.7691421508789 80.9377059936523 80.9215316772461 81.0835266113281 81.1929168701172 81.7366409301758 82.7207336425781 82.6366195678711 82.4386215209961 82.7784805297852 82.7173309326172 83.8390121459961 83.7135391235352 83.3818054199219 83.1119079589844 83.1254348754883 83.4463424682617 83.4683227539062 83.615966796875 83.7249221801758 84.2969665527344 84.7195510864258 84.8667755126953 85.8810195922852 85.8642959594727 85.6626586914062 85.6089782714844 85.7664794921875 86.1735534667969 86.781494140625 87.4518203735352
76.2620239257812 76.5091094970703 76.6899948120117 76.9170532226562 76.9717330932617 77.0119323730469 77.2600402832031 77.7261581420898 77.9251556396484 78.1357803344727 78.2613296508789 78.4144821166992 78.6844177246094 78.7288131713867 78.8920364379883 79.3554153442383 79.5083236694336 79.4701766967773 80.2830200195312 80.5162200927734 80.6453552246094 81.1653671264648 81.3444061279297 81.669792175293 82.4851684570312 82.670768737793 82.5009384155273 82.4477157592773 82.430419921875 83.2893753051758 83.2503509521484 82.8584823608398 82.771598815918 82.7644805908203 83.000129699707 83.1933364868164 83.294075012207 83.3804092407227 83.8779449462891 83.8953094482422 84.3285903930664 86.0055541992188 85.9377212524414 85.6756057739258 85.7379837036133 85.7012176513672 85.8632965087891 86.8317184448242 87.5265197753906
76.0415649414062 76.3025360107422 76.4825286865234 76.6849899291992 76.7070693969727 76.8305511474609 77.1257247924805 77.5767669677734 77.8234786987305 78.0547637939453 78.1414794921875 78.2761535644531 78.4866943359375 78.5924911499023 78.8478775024414 79.1102142333984 79.3716506958008 79.4078598022461 80.3031234741211 80.4213714599609 80.4890213012695 81.05078125 81.3107223510742 81.5485534667969 82.2408218383789 82.8370056152344 82.8580474853516 82.5325241088867 82.7141876220703 83.1919860839844 83.4980163574219 82.8364486694336 83.0852279663086 83.2702789306641 83.2694931030273 83.6011276245117 83.6949005126953 83.8256301879883 84.2752227783203 84.2890701293945 84.4003677368164 85.6194152832031 85.8472137451172 85.4741973876953 85.5107421875 85.600700378418 85.6266555786133 86.4988479614258 86.9765472412109
75.7680969238281 75.9600219726562 76.1137542724609 76.3527069091797 76.5584106445312 76.729850769043 76.9276580810547 77.4263229370117 77.6477127075195 77.8645782470703 77.9094696044922 78.0355072021484 78.2243041992188 78.4414672851562 78.6817169189453 78.8104705810547 79.1174621582031 79.401008605957 80.0158462524414 80.197998046875 80.3075408935547 80.7452774047852 81.3838272094727 81.5949325561523 81.8930435180664 82.677116394043 83.1228408813477 83.1162872314453 83.0165786743164 83.1747665405273 83.4374313354492 83.4146881103516 83.5459976196289 83.4492950439453 83.4634323120117 83.6694793701172 83.5135269165039 83.9220809936523 84.687858581543 85.1085662841797 84.7625045776367 85.2710647583008 85.3023147583008 85.2187118530273 85.0347595214844 85.2998046875 85.5432586669922 85.8281555175781 86.0259246826172
75.5327987670898 75.7854309082031 75.9566879272461 76.113883972168 76.2888488769531 76.5070571899414 76.7818374633789 77.2277603149414 77.4453964233398 77.7194519042969 77.7216720581055 77.8506469726562 78.0601196289062 78.2890701293945 78.5986785888672 78.8886413574219 79.1339721679688 79.3377151489258 80.0301361083984 80.3370971679688 80.1394424438477 80.6825332641602 81.1373291015625 81.0574493408203 81.6676788330078 82.4676513671875 82.9609832763672 83.2761077880859 83.2158813476562 83.4744644165039 83.3751907348633 83.5528793334961 83.3565979003906 83.1220397949219 83.4987487792969 83.5863876342773 83.1631698608398 83.9718017578125 84.9536056518555 85.3174819946289 84.9864654541016 85.5938949584961 85.4879150390625 85.3155822753906 85.1530990600586 85.5737075805664 85.8526916503906 85.8792114257812 86.0141754150391
75.3788070678711 75.5585556030273 75.553840637207 75.7296524047852 76.0462112426758 76.3121719360352 76.5548782348633 77.0044250488281 77.2266082763672 77.4944229125977 77.5157928466797 77.6990432739258 77.9248504638672 78.1639556884766 78.4518051147461 78.7780303955078 79.0721206665039 79.2148666381836 79.9413757324219 80.2077560424805 80.0864639282227 80.3242416381836 80.3606872558594 80.7017822265625 81.7735748291016 82.3041152954102 82.5433120727539 83.0737991333008 83.4645156860352 83.7550430297852 83.4677352905273 83.5376663208008 83.2664184570312 83.1509170532227 83.5069046020508 83.4974899291992 83.150993347168 83.8744354248047 85.0647964477539 85.2862243652344 85.3001708984375 85.8710784912109 85.971565246582 85.6817398071289 85.5183334350586 85.8690338134766 86.1473846435547 86.3937911987305 86.5398788452148
75.2551956176758 75.5471572875977 75.606330871582 75.7149429321289 76.0926895141602 76.362190246582 76.5161972045898 76.899787902832 77.0620651245117 77.2134552001953 77.33837890625 77.6371917724609 77.9112548828125 78.0010223388672 78.1052169799805 78.5293960571289 78.8882675170898 79.1106109619141 79.6698303222656 79.7928009033203 79.9999847412109 80.2588806152344 80.5145568847656 81.0615081787109 81.571891784668 81.7178497314453 82.0540084838867 82.7519912719727 83.2411499023438 83.5842208862305 83.4508819580078 83.5152359008789 83.4720840454102 83.425163269043 83.2174301147461 82.8822021484375 83.2178039550781 84.312873840332 85.3443374633789 85.3723907470703 85.1947708129883 85.8363952636719 86.0812911987305 86.0084381103516 85.7801818847656 85.7722091674805 86.1124801635742 86.4174652099609 86.5234069824219
75.1339721679688 75.38671875 75.6426620483398 75.7265319824219 75.9659194946289 76.1566314697266 76.3963088989258 76.7480010986328 76.8901519775391 76.9604644775391 77.2346801757812 77.5877456665039 77.7873687744141 77.8933486938477 78.0647811889648 78.4937210083008 78.7760696411133 78.9738006591797 79.4257354736328 79.5138473510742 79.6723785400391 80.306282043457 81.1110763549805 81.6057586669922 81.8286666870117 81.7631149291992 82.0568008422852 82.6758193969727 82.7798385620117 83.2636947631836 83.4679489135742 83.4244079589844 83.1858596801758 82.9369354248047 82.6272888183594 82.3187713623047 83.0658569335938 84.5072326660156 85.1215057373047 85.0713195800781 84.5095977783203 85.5517883300781 85.7892990112305 85.7848434448242 85.6501617431641 85.7095642089844 85.9900131225586 86.2931518554688 86.6049728393555
75.0363845825195 75.1911315917969 75.3942794799805 75.5469589233398 75.7568817138672 75.847412109375 75.9894409179688 76.4839630126953 76.707389831543 76.8136596679688 77.1002044677734 77.4259567260742 77.5412673950195 77.6877822875977 78.0476150512695 78.4137115478516 78.6119689941406 78.8581619262695 79.2101287841797 79.2888641357422 79.464958190918 80.2626419067383 81.172477722168 81.5965042114258 81.8955307006836 81.8772659301758 81.621955871582 81.9367523193359 82.5283126831055 82.9070587158203 83.4448089599609 83.1583023071289 82.7110290527344 82.7326507568359 82.5741577148438 82.1406784057617 82.7200698852539 83.904670715332 84.4805221557617 84.938102722168 84.4538650512695 85.1142425537109 85.3704376220703 85.7476425170898 85.8680572509766 85.8940200805664 86.0918273925781 86.1572570800781 86.29541015625
74.8158798217773 74.9066162109375 75.0465850830078 75.2856369018555 75.5086898803711 75.7021865844727 75.7853622436523 76.5079040527344 76.7768325805664 76.9123229980469 77.0710601806641 77.2921371459961 77.4477005004883 77.4777221679688 77.8395309448242 78.2742233276367 78.4526748657227 78.7231369018555 79.0073928833008 79.2791366577148 79.4286041259766 80.2314605712891 81.0090103149414 80.9862747192383 80.9572372436523 81.3415679931641 81.7233963012695 81.9566650390625 82.5821304321289 82.5746688842773 83.2560653686523 83.4261703491211 83.0703506469727 82.81591796875 82.4946365356445 82.1166687011719 82.6039733886719 83.7469329833984 84.4228363037109 84.7446823120117 84.3556594848633 85.0192260742188 85.3983917236328 85.8775253295898 86.190315246582 86.2460632324219 86.6091537475586 86.9026947021484 86.8560943603516
74.382682800293 74.554328918457 74.7532577514648 74.8950271606445 75.0478820800781 75.2525634765625 75.4236755371094 75.9569473266602 76.2740097045898 76.4868698120117 76.6099090576172 76.9220275878906 77.153938293457 77.2466201782227 77.4638442993164 77.7644424438477 78.112548828125 78.3071136474609 78.6242980957031 78.7729721069336 79.0275726318359 79.4436645507812 79.8504791259766 80.2587203979492 80.409049987793 81.1081161499023 81.5009460449219 81.1956176757812 81.6933135986328 82.050895690918 82.079963684082 82.7951202392578 83.347282409668 82.7879180908203 81.8980484008789 81.9719619750977 82.8377990722656 84.099723815918 84.4223403930664 84.3542251586914 84.3390121459961 84.1611328125 84.975715637207 85.1360778808594 85.073600769043 85.4870834350586 86.2761917114258 86.9548187255859 87.7273178100586
74.1756744384766 74.2646636962891 74.4754333496094 74.7245559692383 74.8806228637695 75.0916213989258 75.3384857177734 75.7809219360352 76.076301574707 76.3079376220703 76.6003494262695 76.9248962402344 77.0976257324219 77.2993392944336 77.4662322998047 77.6637496948242 77.8863296508789 78.0278091430664 78.6682434082031 78.8333129882812 79.2199325561523 79.7944412231445 80.5289764404297 80.9776916503906 80.6381149291992 80.6529312133789 81.0364990234375 81.2133331298828 81.8192367553711 82.5374069213867 82.2449340820312 82.4181289672852 82.9319915771484 82.1200790405273 81.6514053344727 81.9619216918945 82.4364547729492 83.6575317382812 84.5350646972656 83.8484954833984 83.383918762207 83.2572174072266 83.8924026489258 84.3562698364258 84.4644165039062 84.5636291503906 85.6395874023438 86.3552780151367 87.0345230102539
73.8168640136719 73.9845504760742 74.2639617919922 74.5450897216797 74.7658615112305 75.0537643432617 75.3069152832031 75.6720275878906 75.9329071044922 76.2491455078125 76.5310363769531 76.7945404052734 77.0341567993164 77.3109970092773 77.3877334594727 77.4789886474609 77.7865524291992 78.0985260009766 78.5813827514648 78.7678680419922 79.1261749267578 80.0223693847656 80.9991302490234 81.2005767822266 80.8671646118164 80.6985473632812 81.5365295410156 82.2560348510742 82.3124923706055 82.5093460083008 81.9739837646484 82.1492538452148 82.6597671508789 81.7646789550781 81.6470031738281 82.0427169799805 82.4874420166016 82.9590682983398 83.3254928588867 83.437385559082 83.6103210449219 83.4721984863281 83.9615478515625 85.1449966430664 85.8018951416016 85.8368225097656 85.9767227172852 86.4695434570312 87.1213836669922
73.615478515625 73.7605514526367 73.9889144897461 74.2822189331055 74.6013793945312 74.9231414794922 75.1992568969727 75.6501998901367 75.8861923217773 76.1274642944336 76.6287155151367 76.9020462036133 76.8114471435547 77.0933609008789 77.3844146728516 77.4878005981445 77.7397766113281 78.0680084228516 78.5299453735352 78.7907180786133 79.0426177978516 79.9553909301758 80.9453735351562 81.2108001708984 80.9684143066406 80.7858123779297 81.4856643676758 82.0595474243164 82.1022033691406 81.6674270629883 81.1728134155273 81.4829025268555 81.8050765991211 81.5041351318359 81.6990585327148 82.062126159668 82.3016052246094 82.3039703369141 82.7196731567383 83.8675003051758 84.3613815307617 84.7513198852539 85.0240631103516 86.1833419799805 87.0164642333984 87.2046813964844 86.771110534668 86.9930953979492 87.5799942016602
73.6384887695312 73.684814453125 73.8696441650391 74.2037124633789 74.5252380371094 74.6983642578125 74.8719940185547 75.6101150512695 75.859001159668 76.1140518188477 76.7620162963867 76.9334259033203 76.7334823608398 77.0829238891602 77.3629913330078 77.5447845458984 77.7530822753906 77.9565200805664 78.4462280273438 78.8656616210938 79.3355102539062 79.5795440673828 80.3244094848633 80.9572143554688 80.8938446044922 81.0249862670898 81.3442153930664 81.6912384033203 82.1173858642578 81.64697265625 81.0128631591797 81.0561218261719 81.2305908203125 81.3079452514648 81.5558242797852 81.7983551025391 81.9854583740234 82.3024978637695 83.2519073486328 84.349967956543 84.6159133911133 85.3323974609375 85.5731658935547 86.2652587890625 87.1244125366211 87.2440338134766 86.8514556884766 86.9272842407227 87.0768890380859
73.4498748779297 73.6314239501953 73.8944854736328 74.2177047729492 74.4964294433594 74.5942077636719 74.7449569702148 75.3932342529297 75.7097778320312 76.0636978149414 76.3912811279297 76.4611358642578 76.6572952270508 76.9910888671875 77.2237777709961 77.4644470214844 77.6395950317383 77.8337249755859 78.277458190918 78.628662109375 79.0050201416016 79.1539077758789 79.8727645874023 80.7236251831055 81.084114074707 81.384033203125 81.3330535888672 81.7193145751953 82.4972763061523 82.1102294921875 81.2490539550781 80.8786163330078 81.0742797851562 81.2102584838867 81.4603958129883 81.6529312133789 82.0532302856445 82.7006988525391 83.5775146484375 84.3896713256836 84.2954254150391 84.5188980102539 84.9352035522461 85.2548828125 86.1523284912109 86.568359375 86.6511840820312 86.8202743530273 86.9345092773438
73.1950302124023 73.4134063720703 73.7195129394531 74.002082824707 74.2932662963867 74.497688293457 74.7582397460938 75.2049942016602 75.419807434082 75.7025909423828 75.9449081420898 76.1792449951172 76.4622192382812 76.7640762329102 77.052116394043 77.3119277954102 77.4274826049805 77.5883407592773 78.0520172119141 78.3669815063477 78.6344299316406 78.9774627685547 79.5684356689453 80.5227279663086 81.19873046875 81.4425582885742 81.6143341064453 81.8663558959961 82.1457366943359 81.6886367797852 81.0991058349609 80.7742767333984 81.0499267578125 81.4221725463867 81.731559753418 82.1423645019531 82.5542449951172 82.8813400268555 83.3011093139648 83.8088684082031 83.758415222168 83.8934097290039 83.9611206054688 84.4413375854492 85.6536026000977 86.6279220581055 87.0891952514648 87.3509292602539 87.4691162109375
