rcp4.5models/GFDL_CM3/sc1gr21.32
NCOLS 261 
NROWS 433 
XLLCORNER 336357.134 
YLLCORNER 654653.479 
CELLSIZE 1000 
NODATA_value -9999 
[rows 44 to 65 of 433, columns 102 to 152 of 261]
66.1913223266602 78.3623123168945 100.085418701172 105.792579650879 84.0803833007812 48.4964790344238 25.5934791564941 34.8784294128418 47.4146270751953 49.2738304138184 45.4137725830078 61.0002746582031 90.7108840942383 116.54744720459 123.864837646484 103.467124938965 85.5365295410156 67.0251693725586 37.961254119873 8.810378074646 -9999 -9999 -9999 -9999 -9999 -9999 -9999 -9999 -9999 -9999 -9999 -9999 -9999 -9999 -9999 -9999 -9999 -9999 -9999 -9999 -9999 -9999 -9999 -9999 -9999 -9999 -9999 -9999 -9999 -9999 -9999
60.817569732666 71.6033172607422 99.1683120727539 125.737022399902 118.930335998535 86.5891952514648 46.1371879577637 67.33251953125 125.765884399414 146.474243164062 96.1563262939453 66.8651809692383 88.2480316162109 109.89429473877 101.256660461426 83.7225723266602 76.9395904541016 65.8074340820312 41.6786003112793 15.6097011566162 10.2879638671875 -9999 -9999 -9999 -9999 -9999 -9999 -9999 -9999 -9999 -9999 -9999 -9999 -9999 -9999 -9999 -9999 -9999 -9999 -9999 -9999 -9999 -9999 -9999 -9999 -9999 -9999 -9999 -9999 -9999 -9999
57.6527328491211 67.103385925293 92.6907730102539 115.862838745117 116.89803314209 105.575950622559 86.0837326049805 119.743682861328 194.050872802734 210.077987670898 147.207702636719 110.081230163574 107.92561340332 100.558853149414 83.1030654907227 77.3225860595703 78.1167831420898 63.7537994384766 49.0303916931152 35.0257530212402 21.6966743469238 9.71390914916992 1.76399040222168 -9999 -9999 -9999 -9999 -9999 -9999 -9999 -9999 -9999 -9999 -9999 -9999 -9999 -9999 -9999 -9999 -9999 -9999 -9999 -9999 -9999 -9999 -9999 -9999 -9999 -9999 -9999 -9999
76.7492370605469 77.2343521118164 106.900062561035 117.295860290527 125.801887512207 126.772415161133 111.983474731445 143.557693481445 187.257354736328 185.020370483398 149.798583984375 131.685760498047 115.189315795898 93.205436706543 80.3064193725586 77.5948638916016 82.0946731567383 61.9711723327637 52.3386077880859 48.5727233886719 40.6259155273438 26.0037574768066 11.4857816696167 -9999 8.77799987792969 -9999 -9999 -9999 -9999 -9999 -9999 -9999 -9999 -9999 -9999 -9999 -9999 -9999 -9999 -9999 -9999 -9999 -9999 -9999 -9999 -9999 -9999 -9999 -9999 -9999 -9999
93.4367065429688 88.3865814208984 116.26473236084 121.923583984375 153.099044799805 185.818054199219 142.941787719727 157.797317504883 168.43132019043 154.081283569336 132.554229736328 129.972915649414 126.585113525391 111.876007080078 94.5904541015625 81.2115325927734 86.518684387207 65.0045394897461 53.4433097839355 52.6095085144043 51.6614570617676 45.450569152832 33.1370697021484 19.3439521789551 -9999 -9999 -9999 -9999 -9999 -9999 -9999 -9999 -9999 -9999 -9999 -9999 -9999 -9999 -9999 -9999 -9999 -9999 -9999 -9999 -9999 -9999 -9999 -9999 -9999 -9999 -9999
79.0094604492188 91.6853103637695 117.782104492188 123.860908508301 171.042617797852 236.940628051758 231.986755371094 241.496185302734 232.111282348633 184.988128662109 125.542274475098 119.372543334961 130.703216552734 128.8408203125 108.94255065918 -9999 89.3335571289062 73.7731246948242 57.1879348754883 53.0925407409668 54.2573356628418 53.5986671447754 49.4039878845215 40.4070777893066 28.354471206665 20.701602935791 20.648416519165 -9999 -9999 -9999 -9999 -9999 -9999 -9999 -9999 -9999 -9999 -9999 -9999 -9999 -9999 -9999 -9999 -9999 -9999 -9999 -9999 -9999 -9999 -9999 -9999
60.5023536682129 88.016357421875 120.120475769043 137.501647949219 189.120132446289 255.745452880859 294.87353515625 316.214752197266 303.131683349609 226.336563110352 126.989479064941 108.134902954102 120.704727172852 130.500411987305 124.197738647461 -9999 97.0945510864258 78.8925552368164 59.7091178894043 53.102897644043 54.4570808410645 55.0575294494629 55.699462890625 58.3240814208984 60.9922256469727 54.9647102355957 36.120906829834 23.3902206420898 -9999 -9999 -9999 -9999 -9999 -9999 -9999 -9999 -9999 -9999 -9999 -9999 -9999 -9999 -9999 -9999 -9999 -9999 -9999 -9999 -9999 -9999 -9999
70.4144592285156 121.201919555664 164.554916381836 190.683837890625 235.891235351562 272.027740478516 316.497497558594 348.273010253906 324.226409912109 223.442413330078 119.477165222168 107.376800537109 117.114700317383 141.584655761719 167.265777587891 152.924163818359 112.263931274414 85.4996643066406 65.1251678466797 55.575927734375 56.1857986450195 57.5598754882812 63.4802322387695 76.2067337036133 87.1885223388672 84.1521530151367 63.0132331848145 36.8146743774414 -9999 -9999 -9999 -9999 -9999 -9999 -9999 -9999 -9999 -9999 -9999 -9999 -9999 -9999 -9999 -9999 -9999 -9999 -9999 -9999 -9999 -9999 -9999
144.714889526367 192.272842407227 216.912826538086 236.554489135742 264.374114990234 280.398040771484 314.420440673828 343.566223144531 290.423645019531 176.825759887695 111.192520141602 112.905426025391 137.123168945312 200.927825927734 272.390106201172 240.461486816406 127.280738830566 92.1875991821289 74.4066619873047 63.5409355163574 64.1038665771484 67.3689422607422 78.3215408325195 91.2882308959961 97.5361938476562 95.7391128540039 81.4561004638672 47.9701118469238 16.9755039215088 -9999 -9999 -9999 -9999 -9999 -9999 -9999 -9999 -9999 -9999 -9999 -9999 -9999 -9999 -9999 -9999 -9999 -9999 -9999 -9999 -9999 -9999
211.592575073242 230.204925537109 237.379776000977 250.583389282227 268.253723144531 280.462890625 306.959197998047 329.967529296875 254.551239013672 136.41764831543 109.075981140137 116.338912963867 157.007385253906 263.539367675781 363.992980957031 290.975921630859 119.377624511719 78.6417083740234 78.8110504150391 80.2964477539062 84.564323425293 86.5660705566406 92.2132797241211 97.8545379638672 100.569984436035 107.90699005127 116.936912536621 94.8921966552734 45.9531288146973 221.111846923828 -9999 -9999 0.0702965781092644 -9999 -9999 -9999 -9999 -9999 -9999 -9999 -9999 -9999 -9999 -9999 -9999 -9999 -9999 -9999 -9999 -9999 -9999
226.554809570312 233.57048034668 223.95182800293 213.847579956055 216.045837402344 223.050933837891 237.927185058594 259.436462402344 202.107330322266 108.661651611328 106.618125915527 -9999 142.712692260742 222.39794921875 289.336669921875 218.829223632812 92.5130310058594 57.0299301147461 62.2693672180176 -9999 71.9706726074219 78.3664169311523 88.6401596069336 98.0961837768555 109.15355682373 136.654571533203 170.327514648438 170.855453491211 147.326141357422 220.952377319336 147.459411621094 -9999 -9999 0.014220304787159 -9999 -9999 -9999 -9999 -9999 -9999 -9999 -9999 -9999 -9999 -9999 -9999 -9999 -9999 -9999 -9999 -9999
127.054397583008 -9999 81.1642456054688 17.011058807373 -9999 16.6273670196533 17.2062931060791 18.5920257568359 -9999 12.9544706344604 23.6028251647949 -9999 50.4464492797852 75.1863632202148 102.175506591797 94.3157424926758 57.0321197509766 45.7201042175293 44.0771827697754 38.35107421875 31.268045425415 29.7819366455078 32.8998718261719 46.9540138244629 88.8567886352539 152.527755737305 199.606216430664 215.65641784668 214.943725585938 138.15966796875 54.2844924926758 -9999 0.183642953634262 -9999 0.00960570201277733 -9999 -9999 -9999 -9999 -9999 -9999 -9999 -9999 -9999 -9999 -9999 -9999 -9999 -9999 -9999 -9999
-9999 -9999 24.5797138214111 4.41584920883179 4.33908462524414 4.33908462524414 4.31044149398804 3.96684527397156 -9999 3.63313388824463 5.72574996948242 8.33315372467041 11.3782453536987 20.4971027374268 34.4343566894531 41.6062965393066 41.9380378723145 44.8282852172852 40.4368782043457 32.8212776184082 27.7508640289307 26.3891582489014 24.4497852325439 24.4205665588379 38.1274452209473 76.5290069580078 133.693832397461 179.133239746094 172.028121948242 49.3995552062988 11.1794290542603 0.379932761192322 0.172916769981384 0.071374237537384 -9999 -9999 -9999 -9999 -9999 -9999 -9999 -9999 -9999 -9999 -9999 -9999 -9999 -9999 -9999 -9999 -9999
-9999 -9999 13.2381896972656 13.6186332702637 4.33908462524414 4.33908414840698 4.28809881210327 3.8761932849884 3.24027919769287 2.99701166152954 3.05522513389587 3.07473945617676 3.26279902458191 4.62559270858765 9.36352443695068 21.6245403289795 -9999 43.2388229370117 36.2128753662109 28.6404838562012 26.6342582702637 24.6265468597412 -9999 18.1383152008057 19.4167137145996 29.6686515808105 56.829963684082 88.8170013427734 82.8972473144531 23.0176105499268 2.85290765762329 1.13973212242126 -9999 -9999 -9999 -9999 -9999 -9999 -9999 -9999 -9999 -9999 -9999 -9999 -9999 -9999 -9999 -9999 -9999 -9999 -9999
-9999 5.79862403869629 10.9047107696533 11.2062072753906 4.33908462524414 4.33905935287476 4.24598693847656 3.71996998786926 3.08188843727112 2.97718381881714 2.97718381881714 2.97718381881714 2.97762680053711 3.18365383148193 7.39283847808838 -9999 -9999 40.8109245300293 32.7609252929688 27.1261596679688 25.8504199981689 22.3674278259277 18.2787570953369 17.1012668609619 17.0400638580322 18.0451679229736 22.5849456787109 28.3074913024902 22.2988147735596 3.71046113967896 3.99018502235413 4.21587657928467 -9999 -9999 -9999 -9999 -9999 38.9242362976074 59.6529769897461 -9999 -9999 -9999 -9999 -9999 -9999 -9999 -9999 -9999 -9999 -9999 -9999
9.366455078125 5.17272472381592 5.51838636398315 5.57569074630737 4.33908462524414 4.33858013153076 4.14668321609497 3.55590271949768 2.9971752166748 2.97718381881714 2.97718381881714 2.97718381881714 2.98338556289673 3.34861755371094 8.6181058883667 26.7175369262695 45.1767463684082 38.6068229675293 30.3875675201416 26.9144382476807 25.5196990966797 21.3318881988525 17.2035350799561 16.9750633239746 16.9739418029785 16.9680881500244 16.7391052246094 14.6515407562256 9.17206859588623 3.86981987953186 3.75122499465942 4.47691249847412 -9999 -9999 -9999 -9999 -9999 -9999 67.8105087280273 70.0017242431641 -9999 -9999 -9999 -9999 -9999 -9999 -9999 -9999 -9999 -9999 -9999
6.64236831665039 4.33908414840698 4.33908462524414 4.33908462524414 4.33908414840698 4.3373441696167 3.95243453979492 3.33956527709961 2.97857928276062 2.97718358039856 2.97718381881714 2.97718358039856 3.00122714042664 3.73776769638062 10.1755771636963 28.7245540618896 45.7323417663574 37.1603355407715 28.9183387756348 26.919958114624 25.5174560546875 21.2566146850586 17.0712928771973 16.8793067932129 16.8298664093018 16.7632484436035 16.0911865234375 13.5552158355713 10.4670104980469 3.44800448417664 3.52393794059753 3.89322113990784 -9999 -9999 -9999 -9999 -9999 -9999 69.9351272583008 70.6357192993164 -9999 -9999 -9999 -9999 -9999 -9999 -9999 -9999 -9999 -9999 -9999
7.67578077316284 4.33908414840698 4.33908414840698 4.33908462524414 4.33908414840698 4.33605003356934 3.77238774299622 3.15053558349609 2.97718381881714 2.97718381881714 2.97718358039856 2.97718358039856 3.00518083572388 3.81726694107056 10.4750318527222 29.0587520599365 45.755931854248 36.4975776672363 28.2524471282959 26.9503574371338 25.6159210205078 21.1108436584473 15.8470315933228 14.600902557373 14.5243844985962 14.4512329101562 13.7161750793457 11.181173324585 7.73364353179932 3.78462481498718 3.95394110679626 5.20723915100098 7.39283323287964 -9999 -9999 -9999 -9999 -9999 -9999 96.4358901977539 396.620300292969 -9999 -9999 -9999 -9999 -9999 -9999 -9999 -9999 -9999 -9999
8.17242813110352 4.34785079956055 4.35094499588013 4.33908462524414 4.33906698226929 4.33452796936035 3.67022109031677 3.04738974571228 2.97718381881714 2.97718381881714 2.97718358039856 2.97718358039856 3.00853538513184 3.88041162490845 10.7014493942261 29.2888603210449 45.7551803588867 36.5519905090332 28.3171615600586 26.9845714569092 25.8711204528809 21.6054439544678 15.45041847229 12.7250919342041 12.6854429244995 12.6394538879395 12.05699634552 9.51130676269531 4.78792095184326 6.39158821105957 4.72499370574951 7.21822023391724 8.26289176940918 8.40262603759766 7.99796581268311 7.68144655227661 -9999 -9999 -9999 -9999 768.170043945312 -9999 -9999 -9999 -9999 -9999 -9999 -9999 -9999 -9999 -9999
8.16631507873535 7.76635932922363 5.56460666656494 4.33977842330933 4.33877992630005 4.32343530654907 3.57674241065979 2.99732637405396 2.97718381881714 2.97718381881714 2.97718381881714 2.97718381881714 3.03494167327881 4.40527153015137 12.6048240661621 31.2383460998535 45.761043548584 37.0027275085449 28.7836875915527 26.9993381500244 26.04860496521 22.1376857757568 15.7927131652832 12.3286819458008 12.3221254348755 12.3058338165283 12.0521564483643 10.7232227325439 7.97343826293945 7.14647388458252 6.60164737701416 8.2614107131958 8.45004367828369 8.3861608505249 7.8967719078064 7.68992519378662 9.56799602508545 -9999 -9999 -9999 706.270629882812 928.335754394531 -9999 -9999 -9999 -9999 -9999 -9999 -9999 -9999 -9999
8.16600799560547 7.78997945785522 6.15584659576416 4.41086053848267 4.33849811553955 4.31363105773926 3.51953196525574 2.98007011413574 2.97718381881714 2.97718381881714 2.97718381881714 2.97718381881714 3.06328129768372 4.95160388946533 14.5772075653076 33.2575607299805 45.7791213989258 38.1600036621094 29.9653301239014 27.0060539245605 26.1352939605713 22.4373321533203 16.0903873443604 12.3213300704956 12.3213262557983 12.3190660476685 12.2759733200073 12.0015573501587 11.2745475769043 9.15742492675781 8.283127784729 8.45484924316406 8.4587345123291 8.38946437835693 7.96119403839111 8.41608333587646 14.9444227218628 54.1700401306152 -9999 -9999 -9999 926.122741699219 -9999 -9999 -9999 -9999 -9999 -9999 -9999 -9999 -9999
8.23982810974121 8.02812957763672 6.94676637649536 5.21389818191528 4.37628126144409 4.35990428924561 3.58363389968872 2.99706530570984 2.97003555297852 2.9700493812561 2.97006297111511 2.97007632255554 3.08475041389465 5.47571277618408 16.4561767578125 35.1154441833496 45.6883277893066 40.3058624267578 32.2232284545898 27.0584373474121 26.4962730407715 23.5584506988525 17.1878108978271 12.3798170089722 12.3732070922852 12.3731346130371 12.3718633651733 12.3500804901123 12.1898927688599 10.0450010299683 8.71642589569092 8.49398612976074 8.50046253204346 8.73424339294434 11.5826482772827 26.9534797668457 68.750617980957 140.43376159668 -9999 -9999 -9999 635.876770019531 682.963623046875 -9999 -9999 -9999 -9999 -9999 -9999 -9999 -9999
