rcp4.5models/GFDL_CM3/sc1gr10.14
NCOLS 261 
NROWS 433 
XLLCORNER 336357.134 
YLLCORNER 654653.479 
CELLSIZE 1000 
NODATA_value -3.4e+38 
[rows 352 to 373 of 433, columns 49 to 97 of 261]
250.309341430664 251.809768676758 253.867721557617 257.213256835938 261.208679199219 264.865173339844 268.426208496094 276.571960449219 280.331115722656 284.535705566406 289.285797119141 292.853332519531 297.524383544922 301.997039794922 305.661865234375 310.440093994141 314.216644287109 317.420654296875 324.864715576172 325.108367919922 326.557800292969 306.938690185547 291.248565673828 315.406890869141 334.873657226562 323.105621337891 304.379089355469 283.629547119141 292.102783203125 293.832092285156 293.176818847656 279.428192138672 282.685638427734 285.940490722656 286.700256347656 323.154479980469 350.626373291016 325.882080078125 304.208404541016 293.812622070312 290.166809082031 307.920959472656 314.579711914062 302.408264160156 314.184204101562 325.834869384766 324.51806640625 314.646697998047 322.235412597656
249.291351318359 251.554275512695 253.653060913086 257.052978515625 261.599426269531 264.542327880859 267.610473632812 277.208343505859 281.353302001953 285.229278564453 289.122253417969 293.032623291016 297.406463623047 301.953674316406 306.262664794922 311.301666259766 314.935913085938 317.583221435547 324.275573730469 324.352783203125 327.333068847656 313.926361083984 304.932769775391 322.366973876953 312.248352050781 320.058563232422 300.555358886719 291.616149902344 311.868835449219 297.660736083984 278.558349609375 280.220306396484 281.199523925781 285.421813964844 289.240417480469 309.970520019531 339.117553710938 337.345947265625 315.344299316406 323.855712890625 317.706085205078 300.493103027344 319.453369140625 327.807708740234 330.243072509766 331.935607910156 327.282409667969 325.805694580078 337.072448730469
248.856002807617 251.273208618164 253.489440917969 256.594696044922 261.259185791016 264.738311767578 268.052093505859 276.697937011719 280.735107421875 284.862426757812 288.821655273438 293.38330078125 297.712097167969 301.5224609375 306.575347900391 311.084564208984 315.038635253906 317.5009765625 324.622436523438 325.820373535156 328.053039550781 330.343536376953 333.569915771484 338.373077392578 299.659698486328 307.449157714844 299.838287353516 286.718627929688 302.128356933594 294.583404541016 281.913818359375 306.186584472656 302.809387207031 286.243774414062 318.947448730469 316.548492431641 303.348571777344 309.347381591797 303.388275146484 331.744262695312 353.807098388672 299.941070556641 302.886749267578 318.490661621094 329.046783447266 338.417541503906 338.134185791016 329.228698730469 336.710144042969
249.445587158203 251.497680664062 253.615524291992 256.525573730469 261.111968994141 264.854034423828 267.812042236328 276.109924316406 280.267974853516 284.620086669922 288.609100341797 293.284393310547 298.127685546875 301.456268310547 305.434234619141 310.477142333984 315.55419921875 317.949768066406 328.045043945312 328.779937744141 327.981842041016 331.311218261719 332.835266113281 337.878295898438 324.049957275391 326.669342041016 323.059173583984 288.668365478516 270.79052734375 300.034301757812 301.776489257812 324.214019775391 316.09521484375 283.063812255859 321.458709716797 322.627532958984 296.00341796875 294.362518310547 289.71875 324.073822021484 347.777923583984 307.125396728516 302.360321044922 302.849334716797 319.971466064453 341.9208984375 348.926025390625 343.221405029297 341.096527099609
249.10368347168 250.909942626953 253.792861938477 256.909576416016 260.136566162109 264.954956054688 269.925079345703 276.121215820312 280.840179443359 285.350219726562 290.931640625 293.948089599609 298.347869873047 302.581573486328 306.106353759766 312.835357666016 316.792144775391 319.326049804688 329.849761962891 329.918365478516 328.416961669922 334.740112304688 340.066314697266 341.063507080078 340.135955810547 342.419342041016 342.786926269531 325.983551025391 290.132934570312 312.586303710938 294.715972900391 328.730255126953 322.424987792969 285.616577148438 296.649841308594 311.306732177734 305.285522460938 295.037902832031 294.176879882812 335.816162109375 343.946075439453 303.810363769531 307.380920410156 300.785949707031 320.810791015625 331.877838134766 320.863830566406 321.830139160156 333.192504882812
247.58464050293 249.912307739258 253.603363037109 257.178863525391 259.789642333984 264.851837158203 271.440521240234 275.802673339844 280.790679931641 285.243927001953 290.465637207031 293.459838867188 297.858032226562 307.411865234375 310.274993896484 313.925994873047 319.511260986328 320.807189941406 328.883270263672 330.846099853516 331.941314697266 334.61572265625 346.774353027344 347.563232421875 342.18115234375 323.806793212891 328.272491455078 344.683868408203 304.941467285156 288.395111083984 308.884338378906 361.608581542969 361.248107910156 316.906555175781 291.337921142578 329.97998046875 327.149169921875 294.994384765625 326.278717041016 342.16943359375 321.747131347656 296.845916748047 305.782775878906 307.133361816406 314.769226074219 326.580841064453 310.437622070312 294.87939453125 324.272705078125
245.965148925781 250.011291503906 253.878158569336 258.028045654297 260.112152099609 264.076263427734 270.112335205078 276.474151611328 280.877685546875 284.996795654297 288.391662597656 295.433868408203 301.651763916016 307.443481445312 315.867553710938 320.555206298828 325.327667236328 327.731719970703 330.312164306641 328.904357910156 336.173675537109 336.702514648438 348.684326171875 348.622283935547 345.2431640625 335.114501953125 336.350250244141 346.489196777344 329.878784179688 273.750244140625 300.431854248047 329.852020263672 365.035797119141 368.094421386719 349.089965820312 371.849182128906 340.572937011719 326.736846923828 379.583679199219 378.064117431641 326.865447998047 311.165069580078 316.941741943359 311.428833007812 309.717224121094 316.491424560547 338.346832275391 337.601440429688 343.011291503906
245.790969848633 250.484420776367 254.047836303711 257.073486328125 261.093566894531 264.625579833984 271.699005126953 277.361877441406 280.810241699219 284.14208984375 288.018981933594 301.670043945312 313.164794921875 308.208862304688 317.985626220703 328.900543212891 331.102508544922 333.138763427734 326.556091308594 326.207489013672 332.858337402344 335.895202636719 341.504821777344 343.366943359375 344.987243652344 329.036895751953 340.398162841797 353.466583251953 324.465545654297 299.435943603516 296.004058837891 285.654296875 318.214630126953 368.855895996094 394.780578613281 396.437927246094 343.170837402344 322.404663085938 348.729064941406 349.783752441406 325.638610839844 313.696838378906 313.056610107422 308.620361328125 310.873077392578 308.773468017578 327.886199951172 349.544555664062 338.631866455078
245.062042236328 248.977096557617 252.111923217773 255.963897705078 261.319152832031 265.106628417969 268.70703125 274.901702880859 279.928405761719 289.700500488281 301.364959716797 309.638946533203 315.440856933594 317.923034667969 322.368286132812 332.188385009766 336.458129882812 335.227600097656 340.206756591797 334.991088867188 334.692291259766 337.141723632812 346.6962890625 348.681579589844 358.224792480469 366.269378662109 367.165863037109 337.362945556641 336.589477539062 360.193206787109 334.823059082031 319.411804199219 331.177368164062 315.350341796875 323.657653808594 323.447113037109 326.125793457031 322.996887207031 306.967529296875 309.994079589844 339.838928222656 340.436309814453 335.877319335938 306.415313720703 307.480133056641 309.306243896484 310.166534423828 310.546356201172 336.566925048828
244.577270507812 247.975982666016 251.523742675781 255.787506103516 261.452301025391 265.019500732422 268.763519287109 275.008697509766 279.925933837891 287.380279541016 299.902496337891 309.832061767578 314.373809814453 316.805480957031 325.923034667969 325.407379150391 326.503967285156 338.504455566406 339.911071777344 338.786376953125 336.246948242188 338.302337646484 346.982208251953 348.792083740234 357.184997558594 362.092468261719 366.087768554688 350.515502929688 346.196319580078 361.073089599609 342.983459472656 302.072723388672 284.223022460938 292.056671142578 318.608062744141 348.811828613281 331.302276611328 307.802429199219 310.765380859375 313.2724609375 338.200012207031 337.361602783203 366.463989257812 339.388427734375 310.926422119141 311.749420166016 311.529357910156 311.769622802734 313.706878662109
245.714279174805 247.586761474609 251.134292602539 255.646179199219 259.977081298828 263.533172607422 267.816772460938 275.372283935547 280.224426269531 286.376617431641 296.758819580078 308.352661132812 319.698883056641 322.742370605469 327.757171630859 322.324920654297 322.628601074219 333.859741210938 332.053680419922 335.842956542969 336.314666748047 337.643920898438 341.932312011719 348.935638427734 352.802032470703 357.021759033203 368.753448486328 371.915710449219 366.107757568359 360.969818115234 365.905853271484 319.532348632812 308.069976806641 311.927307128906 299.423675537109 327.9404296875 328.383056640625 342.250366210938 339.633636474609 314.251922607422 315.998260498047 312.546844482422 339.636901855469 336.844940185547 313.463836669922 314.977569580078 314.464202880859 313.183837890625 313.807037353516
-3.4e+38 247.938522338867 250.733871459961 254.080429077148 257.382995605469 262.046752929688 267.676879882812 275.924896240234 281.606872558594 288.944091796875 295.570159912109 306.772705078125 321.499725341797 328.227630615234 328.427825927734 326.103912353516 325.237854003906 330.660308837891 329.981719970703 330.651489257812 334.262268066406 336.751983642578 345.024353027344 354.679443359375 353.060241699219 358.46240234375 372.662963867188 368.425689697266 364.261871337891 333.973114013672 345.804321289062 350.963592529297 354.330627441406 352.308013916016 314.663146972656 301.159301757812 307.337036132812 336.855163574219 335.350280761719 347.078094482422 377.674896240234 342.831390380859 314.013916015625 314.669281005859 315.244201660156 316.800476074219 350.520050048828 380.197296142578 345.841552734375
-3.4e+38 248.296325683594 250.942321777344 253.457183837891 256.464050292969 261.551422119141 267.284820556641 276.693359375 281.255096435547 291.264404296875 298.051696777344 309.818359375 318.027069091797 324.712249755859 323.140045166016 327.014739990234 323.897644042969 329.416748046875 333.6904296875 333.033264160156 335.740173339844 337.348663330078 346.112060546875 357.1982421875 358.774322509766 364.730804443359 374.496643066406 365.728088378906 359.95849609375 322.761108398438 349.095642089844 372.542266845703 346.985809326172 350.320770263672 331.845581054688 327.665588378906 357.604949951172 335.523986816406 346.301605224609 402.208190917969 427.696502685547 339.823669433594 314.391754150391 315.313201904297 315.980041503906 317.554565429688 347.030426025391 372.953582763672 343.374633789062
-3.4e+38 248.436141967773 251.859649658203 254.471115112305 257.116302490234 261.22900390625 266.546661376953 277.124450683594 282.527740478516 289.147796630859 297.874603271484 312.956726074219 319.604644775391 315.637237548828 311.814697265625 317.833099365234 320.275115966797 328.173370361328 330.743133544922 333.220367431641 336.493072509766 344.562591552734 346.808715820312 348.97412109375 354.616088867188 369.795806884766 378.272644042969 369.353790283203 362.184143066406 359.9365234375 372.160675048828 371.463653564453 356.332672119141 359.427764892578 362.665588378906 380.773956298828 407.1650390625 356.434417724609 339.847045898438 365.690063476562 367.736175537109 380.425872802734 346.423187255859 316.236358642578 317.612152099609 352.422515869141 384.013549804688 350.80029296875 318.424987792969
-3.4e+38 -3.4e+38 251.556228637695 254.13395690918 257.692840576172 261.880401611328 266.587066650391 276.025756835938 282.634735107422 288.248992919922 294.351348876953 303.562530517578 313.159912109375 312.444549560547 309.219360351562 312.009063720703 317.934356689453 324.317016601562 329.618225097656 334.086273193359 336.486328125 346.696685791016 347.197631835938 345.655120849609 354.922760009766 364.460327148438 372.028076171875 371.979766845703 366.694244384766 353.385681152344 373.011779785156 371.406066894531 380.349761962891 385.386047363281 357.242431640625 379.554962158203 385.226318359375 330.921691894531 346.825744628906 382.222595214844 350.762359619141 406.825958251953 376.438446044922 318.967590332031 318.649291992188 348.029327392578 408.612335205078 378.361694335938 319.930328369141
-3.4e+38 -3.4e+38 251.967864990234 254.366302490234 257.90283203125 262.519287109375 266.230407714844 275.16162109375 281.795501708984 287.341400146484 293.507232666016 298.267974853516 304.43798828125 308.811706542969 309.078582763672 312.039581298828 317.575256347656 322.130676269531 335.144805908203 344.394378662109 344.800628662109 348.618682861328 353.700958251953 350.871551513672 364.202789306641 369.189605712891 373.001342773438 379.947692871094 372.254638671875 330.938690185547 369.686370849609 371.633911132812 378.182525634766 357.681701660156 344.805297851562 384.039489746094 360.473785400391 315.590393066406 377.348114013672 434.87548828125 379.669860839844 385.918273925781 380.533355712891 323.532501220703 355.5048828125 386.625 415.981872558594 379.961090087891 321.837493896484
-3.4e+38 -3.4e+38 253.565948486328 255.458374023438 259.484039306641 261.788269042969 264.668609619141 276.0634765625 282.518859863281 286.448089599609 292.572387695312 298.786376953125 302.000946044922 305.945373535156 309.140655517578 313.720855712891 318.005249023438 321.166595458984 340.077026367188 353.576812744141 355.993438720703 358.608978271484 365.025543212891 356.563934326172 364.869598388672 376.050842285156 377.454986572266 385.234527587891 380.667694091797 353.275482177734 343.803039550781 352.093811035156 348.7802734375 311.731719970703 361.759307861328 382.530883789062 370.342041015625 347.614868164062 348.365234375 373.982452392578 386.279602050781 355.401641845703 387.574157714844 357.441650390625 389.156066894531 411.851806640625 413.429229736328 416.594818115234 357.8466796875
-3.4e+38 -3.4e+38 253.376480102539 257.685394287109 259.82421875 261.677673339844 264.614715576172 276.601043701172 282.656005859375 287.031280517578 291.754608154297 307.190765380859 307.094024658203 304.949127197266 309.282470703125 317.266143798828 321.290161132812 322.692962646484 341.458129882812 358.999084472656 363.6923828125 365.665740966797 369.656127929688 365.765502929688 365.545104980469 377.306945800781 381.288421630859 386.520935058594 392.717712402344 374.662261962891 352.20458984375 359.227691650391 355.593566894531 318.446716308594 367.252716064453 396.148468017578 371.074554443359 340.738250732422 323.277404785156 359.117858886719 383.701049804688 361.044342041016 358.158050537109 389.592987060547 390.553375244141 358.033996582031 358.741180419922 417.3359375 385.913543701172
-3.4e+38 -3.4e+38 254.591735839844 258.362060546875 259.768341064453 262.636016845703 265.957580566406 276.978424072266 282.767578125 287.671966552734 292.704895019531 303.704620361328 306.612762451172 306.016021728516 309.3466796875 317.008056640625 324.072875976562 328.042419433594 337.053802490234 353.927947998047 366.607086181641 371.159332275391 366.973052978516 364.513092041016 365.917541503906 374.216278076172 376.149017333984 384.642608642578 401.897705078125 385.743713378906 375.513244628906 378.907135009766 379.754089355469 338.138946533203 334.334716796875 393.040588378906 365.108276367188 354.092529296875 351.446075439453 387.523620605469 413.445770263672 420.991882324219 362.123687744141 365.030517578125 362.359436035156 335.2734375 371.306427001953 392.534515380859 354.203552246094
-3.4e+38 -3.4e+38 257.446655273438 259.799530029297 262.781463623047 266.039916992188 270.466278076172 279.090209960938 284.615203857422 289.574432373047 293.859710693359 298.638305664062 304.992645263672 310.063201904297 312.114501953125 316.751525878906 320.373199462891 326.714630126953 333.286682128906 341.139709472656 348.231079101562 355.120330810547 361.957824707031 374.664031982422 381.595489501953 368.645233154297 360.80322265625 378.231384277344 399.112854003906 405.333068847656 359.915832519531 362.899658203125 386.303741455078 359.31591796875 379.680694580078 388.133209228516 367.798980712891 400.322570800781 430.57666015625 435.867156982422 377.779174804688 429.403717041016 434.044403076172 404.479919433594 435.457458496094 402.415832519531 369.781616210938 404.448883056641 376.062408447266
-3.4e+38 257.219604492188 259.241882324219 261.980804443359 265.052947998047 269.378784179688 274.285949707031 281.044281005859 286.617645263672 291.779998779297 296.182800292969 299.663513183594 305.853698730469 309.687713623047 313.748413085938 317.937286376953 320.829528808594 325.590850830078 341.987976074219 347.32373046875 346.087188720703 349.840423583984 365.147888183594 374.258666992188 372.717620849609 366.08447265625 362.984649658203 380.204742431641 400.995880126953 384.615173339844 328.091613769531 355.630279541016 392.0322265625 371.365325927734 354.356414794922 386.991302490234 392.930419921875 371.230987548828 400.932037353516 429.650848388672 405.378204345703 426.177276611328 426.649719238281 406.008514404297 405.406341552734 410.548309326172 377.717163085938 407.937561035156 440.971710205078
-3.4e+38 259.458282470703 261.504089355469 264.342407226562 267.398895263672 271.352325439453 275.828765869141 282.977630615234 288.767517089844 293.833465576172 297.222229003906 299.912139892578 305.476287841797 308.28271484375 312.840393066406 318.764739990234 326.522430419922 329.117553710938 349.049194335938 360.284576416016 364.361236572266 362.952301025391 365.843780517578 369.334655761719 364.019195556641 361.947265625 364.877471923828 375.718872070312 400.198150634766 363.156341552734 319.013214111328 361.350769042969 391.531951904297 392.834289550781 377.060913085938 393.370239257812 419.8505859375 396.901214599609 402.573333740234 427.579833984375 399.764129638672 366.892700195312 399.458557128906 440.388824462891 404.048492431641 378.956909179688 412.727752685547 410.977935791016 440.686676025391
