rcp4.5models/GFDL_CM3/sc1gr7.FIL
NCOLS 261 
NROWS 433 
XLLCORNER 336357.134 
YLLCORNER 654653.479 
CELLSIZE 1000 
NODATA_value -9999 
[rows 330 to 351 of 433, columns 50 to 99 of 261]
60.3042173369644 60.0627140392009 59.774708262772 59.5395604758896 59.3207428192086 59.0660181970687 58.6597783009744 58.4781575214744 58.3406416953322 58.2056537624783 58.0933610631386 58.0055204251883 57.9417414147091 57.9002225232991 57.8979005247407 57.9354226169171 57.9949634119385 58.3957163521442 58.3707936435126 58.4545561400491 58.8594353571441 58.9689215052169 59.0092419731172 -9999 -9999 59.564116346142 -9999 59.7979638571102 60.1588685091494 59.4865379466938 59.0643373235444 59.0678824349071 59.1732823050903 60.0163292295125 62.0632284893144 63.8348273187696 63.7745354780987 62.4897481876694 62.0145949283371 63.754956668507 65.0912159844071 65.9790946446905 67.0596152405176 68.1854186688794 68.3643323288411 69.6615638180199 70.2785518887207 69.1083132446648 70.3308088553391 70.5467767896357
60.185252461365 59.9551541528747 59.7141409059671 59.4719179844164 59.2231980407398 59.0424014546734 58.6354760039216 58.4717449183333 58.3366867583307 58.235288022783 58.1907384781519 58.0855638240826 57.986611733016 57.9214033841872 57.9190134397621 57.9515101055919 57.9270323756622 58.1638614519859 58.2493612164946 58.487887500887 58.6771803180958 59.0968393026627 59.4436133964502 -9999 60.0473383642085 59.6251521543042 -9999 60.1090595808404 59.8066681386686 59.1398330752806 59.0188541885718 59.0664023818724 59.1802329015964 59.4621856578468 60.484070591782 61.8215675693172 61.8454279427144 60.9923029541081 60.6828185573768 62.5875417362125 65.1034154042146 66.2107806974817 66.6336690985978 67.7728955169301 67.7048327558876 68.2907439392816 68.5954014723779 66.6145405037019 68.3902473940255 70.3068925090028
60.0633714498056 59.8365682357213 59.627002352477 59.3960627381169 59.1317300602856 58.9882751314559 58.6124478276911 58.4701624736748 58.3656232759564 58.298795342642 58.2283137902913 58.1231605602957 58.0344891485762 57.9795244089527 57.9616505484884 57.9874508592428 57.984088395283 58.0485930915606 58.118078672842 58.2915476276309 58.3592532211124 59.5729203753076 59.9519723765919 -9999 60.3941204962086 59.9596640611608 59.7672210185771 60.0151383522193 59.5915341320701 59.1850258658617 59.2408488024472 59.1471155165274 59.2926148777387 59.4398284982849 59.6557690154766 60.2560740117532 60.4958250594738 60.2588725606322 60.6964837433212 62.357973657911 65.2600091956384 66.3698278135664 65.9961195894837 66.6545600671353 67.0348897436348 66.8456140458317 67.3970821400235 66.4527339020579 66.685807850014 68.3395354133542
59.9718557843801 59.7852819725212 59.5603847580101 59.3119541472142 59.1055173292841 58.9308623125749 58.6320690768257 58.5124488873809 58.3787899623363 58.308658276977 58.2372205779027 58.1240405818659 58.060948346351 58.0263124333786 58.0060726539573 58.0388055785001 58.0514434656793 58.1282201484568 58.1749025946133 58.2336657412593 58.3920926141067 59.7079722531429 60.301211407738 -9999 60.5266087739053 60.6861166248939 59.9219189606128 60.4385945848352 59.8867633145166 59.627090921703 59.4101157490741 59.2998770957929 59.4437061716381 59.5655372176387 59.6761689707473 59.9317749582032 60.1225579469994 60.1735903432225 60.5133927524933 61.9985317933001 64.7774730078824 66.1542476779117 65.0433806006991 64.7455487802758 65.3978736554721 65.5732654315278 67.7891291438277 68.7481126957623 67.9330635798734 67.9072320830885
59.8957372488593 59.7064118286074 59.4913104736376 59.245878868048 59.1039685966919 58.9221939610597 58.6193664505676 58.5445566333466 58.4027698245734 58.3014383109804 58.2268144521838 58.1192718597037 58.0935606605948 58.0739587346171 58.0746038326053 58.3374201196642 58.3267589499209 58.2211045853127 58.2054159150441 58.2517251268058 58.6782080603263 59.5710104907218 60.3255443352776 60.0038658697076 60.1797038985921 60.4774942682579 59.8815434330732 61.4458487180561 60.3207684460629 59.906766917579 59.8367228167115 60.0744565070424 59.7965336652895 59.5929613523809 59.8293024522477 59.9811621086325 60.1018425860118 60.5283991371412 60.6493078390455 61.0401608298874 64.2995935140413 65.3998135732388 64.5397745206476 63.5440369979024 64.1623821424675 65.2269837120678 68.2187425254672 70.3517678862398 69.9230709053792 69.2232110003011
59.8234523557163 59.6425468308919 59.425511291648 59.2181651261418 59.0588171754489 58.8825935687805 58.609362126907 58.5496491499119 58.4247564256499 58.3144378257087 58.2404830483625 58.1605262798497 58.1401923613269 58.0967988449967 58.1202064003464 58.335456373606 58.3557581894456 58.2115838147025 58.18318411003 58.3164131002055 58.8026828855291 59.4787353341426 60.1430460356746 59.949304150535 59.8235246207739 59.9807650838226 59.6931501016015 61.3340491504685 60.3444271825655 60.0029908513296 60.2156535989785 60.7946367453022 60.192498926496 59.615983346167 59.79770463685 59.9617885175673 60.1221233899803 60.7655330550947 60.8753792467856 60.479128262895 63.474864174912 63.7650460554784 63.1385432848755 62.9495222381189 63.3748329542407 65.2843369564425 68.4161954884569 69.6662301528494 69.1926694440046 69.624407105045
59.725086990518 59.5770648369213 59.3980083305791 59.1744818046219 58.984824423123 58.8381406258255 58.5961335815435 58.5148159708081 58.4409701543122 58.3775307770912 58.2858280327889 58.2674397438208 58.2728315797256 58.23333847805 58.1908462440481 58.1998138699621 58.277540027765 58.3057309878754 58.3417448551741 58.4550177527299 58.6851158752637 59.2054769130027 59.8802654879514 60.156546974288 59.8923482153101 59.7945215335327 59.3794921937608 59.4964133352463 60.0968950201017 60.3512623115985 60.1513742605044 60.8268039087676 60.6770388925567 59.8425850680717 59.739970055502 59.8367713027315 60.0407809041974 60.2152967010159 60.575092801927 60.6977671051716 61.2322254076278 61.5113784156199 61.1511989075162 61.1789972574638 61.908756706296 64.2696596333907 67.0713120995895 68.4059208928173 68.6845374279845 69.016625651947
59.7124471261983 59.550502404731 59.3145809430684 59.0991931339268 58.9457260382957 58.822264988135 58.592447590888 58.5233950688464 58.4628259284007 58.4136304676023 58.3576853163739 58.3021435050529 58.2890388950777 58.2868960638054 58.2563949026687 58.2523815116132 58.279678146545 58.3421763675702 58.3599448781707 58.4555148174633 58.6273372230036 59.0886292677272 59.6964883870546 59.9820497637235 59.7975111506142 59.8231251703529 59.6664044548487 59.3535647105911 59.8418450732524 60.2088219568631 60.1689282269045 60.8968562383531 60.7439289989683 59.8386513044073 59.8196844719679 59.9396008805664 60.0658867141721 60.1732516608244 60.3529522239059 60.5060400840963 60.6961672596603 60.8941119212092 61.0167771826139 61.0953825730521 61.6463123839158 63.5529917408456 66.1980952894483 68.0573361311532 68.4199174970584 67.3624676582318
59.6778480334812 59.4778248602817 59.2378358895214 59.0751733230538 58.9318305367255 58.8032158636766 58.6159836804746 58.5541140996109 58.4747940440192 58.4064505967097 58.4050057310156 58.3710359817821 58.3306594727429 58.3291692863863 58.2805227685866 58.2753511936 58.2865707749726 58.3650030064772 58.413561047222 58.5558224563681 58.6466257533692 59.0237260038259 59.4077433588354 59.6304629427218 59.6781418525857 59.7448754227706 59.6083675374942 59.1989163092711 59.675106187233 60.1565479835918 60.1981973141642 61.1413562206195 61.2487277431272 60.0618370074241 59.8512172374035 60.0018226802941 60.1343823283999 60.2642283264097 60.3485852980909 60.4651290890434 60.7687478455412 60.8272385999747 60.9339879162994 61.057349039637 61.3010491372616 62.2631022490565 65.0634394963188 67.0863243445525 66.297586798579 64.9664147141463
59.6109765457033 59.4272227068603 59.2742780423304 59.1304871380127 58.9497014604298 58.8246004510462 58.616865353214 58.5309961886521 58.4503766079254 58.3949897004642 58.4059209682692 58.3890284930249 58.3459211164813 58.3524562453391 58.3422599924932 58.3307017124064 58.3545393625191 58.5511982249873 58.5924930654178 58.6621003829953 58.7711593912702 58.8788488669551 59.0843708238041 59.32402669147 59.5519154690621 59.668755651136 59.3890253814608 59.0854047243683 60.1905187222888 61.4321289990517 61.3454618771882 61.0508959849166 61.8847069299472 61.0034518223359 59.9056153463281 59.9840767135586 60.1354637128096 60.2877977446332 60.380382409735 60.5092846940262 60.8195330471123 60.8849430585918 60.9531595402512 61.0489882345975 61.2081071003936 61.6006272840439 63.1221607514451 65.0065338584087 64.8482041264908 63.504597437495
59.5473322654147 59.3929326551157 59.2388271116753 59.076957017954 58.9138120145702 58.832271957428 58.6214223582109 58.533353765766 58.4907518152949 58.4489206302258 58.4235409192384 58.4085620737643 58.3849950857881 58.3792464601413 58.3849126826823 58.3541366499248 58.3915877255475 58.6397958160721 58.755042376342 58.8641664061133 58.7833053045324 58.6995713143295 59.0662582654696 59.3535131004375 59.647127090314 59.8462275821281 59.4428840148087 59.1643175933988 61.0614489211969 61.4304243475376 61.265123816197 60.3881747230062 61.1230467199783 60.9585596543001 59.985275581286 60.0494143850137 60.152228344855 60.2945498448896 60.5035292161309 60.6453052881108 60.8227013619981 60.9296778067255 60.9997958466007 61.1376573399466 61.2456697788502 61.5095855947523 62.1158842823033 63.8125707219046 64.4160995871091 63.0977248159923
59.5100058911279 59.3735681536101 59.2021008064572 59.0518937692897 58.9230527412158 58.8427627615201 58.65085946637 58.5386524323292 58.533935737578 58.5177167252699 58.4604023994417 58.4303921537548 58.4070329578085 58.41152002956 58.3828228302745 58.3765152952479 58.4349743451553 58.5992103201735 58.8810266436506 59.0476152714678 58.8260978075279 58.697805253041 58.9354261934897 59.1735037861339 59.7149286603716 60.0082449183957 59.7394896454505 59.4162507093424 60.3831257152165 60.3089214125307 60.4156637808798 60.0645913596746 60.0837081080645 60.4507616461932 60.2122206472353 60.0536251792974 60.1724534000521 60.3115486145566 60.6865572337584 60.8803789208268 60.794598146626 60.9453082404016 61.0319275773936 61.1068623633894 61.2190957105081 61.3740100087382 62.0427925906817 63.907066299805 64.7534436715993 63.4487041446943
59.4502563073557 59.2977105382917 59.1721685652873 59.0421418050216 58.9239523398311 58.8477182571402 58.6696419266286 58.576421872623 58.5341544976676 58.5428446009181 58.4857332913286 58.4283707060363 58.4316069351199 58.4406824679981 58.421406698486 58.4401254944857 58.5021905770347 58.5683437640771 58.7223499508219 58.8543632828907 58.808676066691 58.7560984424028 58.8005783965267 58.9257538731628 59.2786381662641 59.6207681388412 59.7543078735138 59.5825871769252 59.4791916189969 59.715615513849 59.8992832892634 59.8165621538247 59.7748965506428 60.2458468956543 60.2715518678008 60.0499212034133 60.1936134060657 60.3384501360894 60.620651639553 60.8062997652899 60.8566258359768 60.9923296767222 61.0360613534325 61.0555869270763 61.1909191285554 61.3413742171707 62.0075060572973 63.9080463124124 65.3643979286227 64.1146757148744
59.4854629983652 59.3201016729497 59.1685825117126 59.015486043971 58.9072294544125 58.8314564129561 58.6891369702917 58.5994511842758 58.5566279102908 58.6089462774948 58.5428616159964 58.4407842006868 58.4528408930827 58.4441525387992 58.4653360558214 58.4769270027146 58.5144428705015 58.5951176801106 58.6442339633 58.7021070007147 59.0126400722804 59.0037884141833 58.8782102411993 58.9364486095342 58.9603161482151 59.1604833605736 59.3586279710089 59.3749493930644 59.3650424664674 59.5015118847977 59.5915604281122 59.6353587464504 59.7464548516122 60.0221100731821 60.1446177369637 60.1113408949432 60.2622109104162 60.3798630420875 60.4618650549123 60.6140596789094 61.0344708474361 61.1123192651315 61.1061316408259 61.1144594054202 61.2529947427768 61.3634712037206 61.8022775517294 63.4885857388158 65.543336718653 65.160582042258
59.4827437601591 59.3099262741783 59.1606489946337 59.0378750752312 58.9236228276725 58.8225402697222 58.6653740136405 58.5900366162946 58.5606020401911 58.5695021911879 58.539897200423 58.5125876330095 58.5145603277668 58.4925689792733 58.5026089371918 58.5237277289069 58.5565485930096 58.6588596509309 58.7105431876802 58.737360715164 58.940764286926 58.9739949439753 58.9217664056681 58.9982676933585 59.0240660089152 59.1302695233012 59.4397757026016 59.7067594518502 59.6132034231022 59.7647489072607 59.9960124561446 59.9770320878695 60.3367968917533 60.3327022382886 60.1103473537463 60.1796744094863 60.2667648296075 60.3738469036202 60.4564220676966 60.5831849733231 61.1614440790497 61.339436200683 61.1898229929709 61.1154618200431 61.2444424663335 61.3644568123441 61.6226831708586 63.0186436319076 64.935229218641 65.6039190637152
59.4907374322845 59.306408471174 59.1542708033416 59.0622019299455 58.9340187231046 58.8205099033366 58.6903618285203 58.6569639507857 58.5913243784016 58.5234623950578 58.5446929879924 58.5624311698553 58.5472825449853 58.545331647021 58.5830373950313 58.6039267207389 58.636262266118 58.7060705692154 58.7255292070125 58.7721196754899 58.9854809981279 59.161734340007 59.0436442384191 59.0347269246056 59.2410292129847 59.3084306202183 59.6080974347507 60.2058406958241 60.0300654345924 59.8079550538239 60.4960309756513 60.5917869606795 60.7059284394888 60.5888913562266 60.1137866048697 60.3140559459415 60.3803585155698 60.3798116484991 60.485560630629 60.5735934447308 60.9664474376225 61.3264287266706 61.2676712619244 61.1105926823024 61.2464865097209 61.4066653245903 61.7320077330336 62.8773123291719 64.0393078469327 64.9211138700862
59.5413079772515 59.3453719069798 59.1946488033524 59.0824128356535 58.9383834618966 58.8399621466618 58.7069538121494 58.6537156612979 58.6558961652007 58.6066372269095 58.5739811126913 58.56803506077 58.5513522357305 58.585389999136 58.618612115387 58.6416847315912 58.6673345148699 58.710437551072 58.7675147931743 58.8180276550693 58.9978243481379 59.1559194667914 59.0847614927191 59.2942728427117 59.5691050718181 59.6832040717516 59.8997916070462 60.2599503654921 60.4141795465333 59.9428601069874 60.9300673688051 61.2996509598909 60.8733010913905 60.7265976004603 60.3497053872266 60.4606053625319 60.5134206244692 60.4508886045494 60.7009649298909 60.8856435534893 60.8224524168718 61.056017364292 61.1168974750194 61.0722132780863 61.2257981737877 61.4412146107828 61.6996464837682 62.3374593126412 63.3342640854951 64.0450915109397
59.5125402331567 59.3345425891447 59.2081446418446 59.1095713146744 58.9864729246332 58.8776445593066 58.7388730157619 58.6593253194719 58.6732662284524 58.6693577895029 58.6168452284251 58.5908603744844 58.5852629029467 58.6042234774021 58.5900460619368 58.6492728105456 58.6778706725028 58.750061067691 58.8774476749264 58.9032857338246 58.9201543547045 58.984353460926 59.2248645718058 59.4494673722261 59.68540335516 60.0739586614837 60.2169901525921 60.3240328269435 61.0074664575702 60.5156948762715 61.1648355452037 62.0109183964192 61.4497385121567 61.1024167956805 60.7565763955491 60.7168780579248 61.2299516413148 61.1044251726758 60.8592107507509 61.2410661324617 60.8953631213156 60.9088781674307 60.9722169706402 61.0605871331094 61.199553742648 61.4800894550558 61.5715038929878 61.6363798242416 62.4076229396077 63.1174879040171
59.5732962863228 59.418769289493 59.2381416908827 59.0956662506147 59.0065856377 58.901891942533 58.7601336317159 58.6924855896508 58.7225721776535 58.7840488339598 58.7041106730758 58.6601893363574 58.650734421902 58.6587989430829 58.7013175593051 58.7326826050613 58.7974969308061 58.889934260209 58.9307795361437 58.9669012406156 58.9752239178294 59.0261974761202 59.235444767183 59.3493278137829 59.5497519935142 60.0665234583907 60.532315975345 60.5984789926826 61.2522952837998 61.2499496454172 61.0549768817008 61.9238385823771 62.185668018269 61.4194568218382 61.3066934258093 61.0910162105223 61.485729298504 62.1182210704532 61.5242219672301 61.0584376416557 61.4494061588342 61.0045647511861 61.0213456403613 61.3450852115906 61.7919097953785 61.6385640772952 61.3420880423722 61.4398323506649 61.54187836412 61.6416302207682
59.56729506592 59.4088700269629 59.2586329089692 59.1098199009153 59.0274909066832 58.928651700831 58.7431071109005 58.7115403739651 58.7371783702168 58.8603206673197 58.7566811647538 58.6536801154571 58.6728104034569 58.7005151928624 58.7327631253937 58.7843869638031 58.8396525834081 58.9773839832829 58.9269010244438 58.961315528586 59.0275465200986 59.0478444813075 59.1092560916393 59.5207138794184 59.683336266762 59.8583231452511 60.2059593552716 60.3926872183969 60.9071841641937 61.0939935216309 61.0757145668485 61.8818306081378 62.4394445539399 61.7514121634936 61.5925284741908 61.4063019204871 61.1620954915256 62.1473019060595 62.3097430122698 61.3132968005939 61.4259145102997 61.181600444428 61.0408387764869 61.1670847578093 61.4909371144815 61.6947986639454 61.5215666513 61.4584781957429 61.5378338033955 61.6092336866842
59.5849946789866 59.4098474814882 59.2450864203053 59.1083470560285 59.0219375537313 58.9299709617133 58.762871502329 58.7255815476917 58.6930679109338 58.7373718540059 58.7016549548533 58.6560811562637 58.6740882866723 58.7262468402818 58.7845823968883 58.8446103029402 58.8929307541883 59.0546977112092 58.9830749336911 58.9654058033625 59.0279121815812 59.0656233884263 59.1188491934556 59.4398854732471 59.7686113890261 59.8145344744938 59.9962040602973 60.3419818212135 60.8380785160365 61.1211706342988 61.4009862080966 62.0740748443264 62.4425842833703 62.0091340721624 61.5212576704133 61.6508124836617 61.3468558107698 61.7906519246297 62.8081983857467 62.2244242283567 61.1012363566546 61.1591767768667 61.066616411444 61.1493579121545 61.1905587894803 61.5192484915919 61.6454621272468 61.5771071738173 61.6308523049687 61.5800991889813
59.5992306482713 59.4560918739194 59.2778272116254 59.1551840644127 59.0217868538362 58.9160199683904 58.761379697499 58.7303245303956 58.6799748726593 58.6698662849596 58.6604236978329 58.6583680134855 58.6734553436806 58.7176540719477 58.7855047787735 58.8147068774475 58.8550202092369 59.0771533438446 59.0482233961882 58.9777982946492 59.0267712693898 59.0855787322593 59.1158447411607 59.2062386114071 59.664888341431 59.7258240109705 60.1274419774359 60.645596205253 60.9164922876625 61.0748503685011 61.2375694159462 61.8261946033406 62.2768416630143 62.1654999371232 61.4120122260323 61.1027030326453 61.1786654717994 61.3616897289697 62.4138335542525 62.9034389699096 61.3456637149425 61.119403010086 61.1630850915071 61.1522951583656 61.2184466031316 61.3853117046316 61.6671822393734 61.8520752493066 61.8484213285882 61.7731151559628
