rcp4.5models/GFDL_CM3/sc1gr3.29
NCOLS 261 
NROWS 433 
XLLCORNER 336357.134 
YLLCORNER 654653.479 
CELLSIZE 1000 
NODATA_value -9999 
[rows 176 to 197 of 433, columns 100 to 149 of 261]
284.114959716797 283.808410644531 283.62939453125 283.561157226562 283.536193847656 -9999 -9999 -9999 283.7177734375 283.568664550781 283.528656005859 283.400329589844 283.478973388672 283.409606933594 283.114105224609 282.732330322266 282.562103271484 282.636413574219 282.886383056641 282.725219726562 282.564575195312 282.741088867188 282.197509765625 281.861175537109 281.511688232422 277.952728271484 268.422149658203 268.157379150391 267.853302001953 268.19580078125 268.445617675781 268.681365966797 269.070892333984 269.87109375 269.932373046875 268.83203125 268.692504882812 268.03515625 267.649200439453 267.662506103516 267.404663085938 266.958709716797 267.771057128906 267.847717285156 267.760955810547 267.709289550781 267.992431640625 268.965454101562 269.660980224609 269.385070800781
284.160003662109 283.561798095703 283.453094482422 283.376678466797 283.455841064453 283.6220703125 283.553466796875 283.531860351562 283.304840087891 283.233825683594 283.397308349609 283.231323242188 283.426818847656 283.281829833984 283.188201904297 282.880950927734 282.884490966797 -9999 282.7099609375 282.435241699219 282.301300048828 282.731414794922 282.131439208984 281.716613769531 281.342498779297 277.866058349609 268.36669921875 268.039672851562 267.76953125 267.960662841797 268.286895751953 268.62353515625 268.836181640625 269.640655517578 269.785552978516 268.837249755859 268.480926513672 267.919891357422 267.779541015625 267.584716796875 267.064117431641 266.952728271484 267.873168945312 268.26708984375 268.30712890625 268.315643310547 268.423950195312 268.906860351562 269.649444580078 269.471496582031
-9999 -9999 283.393157958984 283.099060058594 283.372375488281 283.548370361328 283.423522949219 283.637664794922 283.364379882812 282.898681640625 283.121398925781 283.011352539062 283.169647216797 282.886016845703 283.015106201172 283.019775390625 282.922027587891 282.836334228516 282.618499755859 282.111419677734 281.962493896484 282.419403076172 282.316314697266 281.970153808594 281.44091796875 279.783538818359 275.556457519531 273.229705810547 267.694946289062 267.959259033203 268.393341064453 268.575286865234 268.703247070312 -9999 268.997253417969 268.877685546875 268.426788330078 267.689849853516 267.080322265625 266.338500976562 266.030548095703 267.384368896484 267.958984375 268.747131347656 268.821960449219 268.829376220703 268.807586669922 268.864349365234 269.439361572266 269.427581787109
283.752380371094 -9999 283.505462646484 283.226654052734 283.105499267578 -9999 282.868072509766 283.420623779297 283.478607177734 282.853881835938 282.853057861328 282.903228759766 282.936859130859 282.647918701172 282.804107666016 283.094268798828 282.957794189453 282.719573974609 282.558258056641 282.162963867188 281.865051269531 281.939788818359 282.080780029297 -9999 281.584777832031 281.430847167969 -9999 277.074401855469 267.760467529297 267.892944335938 268.207000732422 268.494476318359 -9999 -9999 -9999 268.690643310547 268.140380859375 267.680023193359 266.792663574219 265.797332763672 266.206909179688 267.820983886719 268.303863525391 268.798156738281 268.770721435547 268.734954833984 268.440521240234 268.470855712891 268.858367919922 268.454071044922
283.674041748047 283.733306884766 283.174346923828 283.097991943359 282.918060302734 282.925537109375 282.819793701172 283.364044189453 283.487182617188 283.063842773438 282.772491455078 282.972137451172 282.739105224609 282.626892089844 282.623413085938 282.680755615234 282.757904052734 282.517181396484 282.229034423828 281.965881347656 281.694549560547 281.489471435547 281.636016845703 281.701934814453 281.491302490234 281.412078857422 -9999 277.294128417969 268.080230712891 267.782012939453 267.902313232422 268.404754638672 268.538696289062 -9999 268.848785400391 268.472198486328 268.240447998047 267.871520996094 267.260803222656 266.399139404297 266.875122070312 267.906341552734 268.627899169922 268.963562011719 269.271728515625 268.974487304688 267.976196289062 268.265716552734 268.508575439453 268.345977783203
283.179412841797 283.488555908203 282.951019287109 282.521423339844 282.537048339844 282.505096435547 282.890014648438 283.054565429688 283.223114013672 282.874328613281 282.713043212891 282.729827880859 282.632659912109 282.573394775391 282.411407470703 282.432800292969 282.598937988281 282.482513427734 282.165557861328 281.974670410156 281.502532958984 281.340698242188 281.424774169922 281.482513427734 281.337615966797 281.288879394531 281.350036621094 279.765289306641 273.4814453125 267.758911132812 267.720947265625 268.08349609375 268.515655517578 -9999 268.819946289062 268.612823486328 268.486236572266 267.913177490234 267.641815185547 267.083374023438 267.063934326172 268.250946044922 268.78955078125 269.299194335938 269.567108154297 269.210357666016 268.239562988281 268.711517333984 268.706695556641 268.567169189453
283.026763916016 283.416442871094 283.031066894531 282.707000732422 282.56494140625 282.368957519531 282.744537353516 282.836853027344 283.118469238281 282.590087890625 282.440734863281 282.466613769531 282.558654785156 282.533081054688 282.196044921875 282.130218505859 282.544708251953 282.358459472656 282.265686035156 282.084045410156 281.423675537109 281.320892333984 281.304290771484 280.986907958984 280.816741943359 280.695220947266 281.008911132812 281.313903808594 277.412322998047 267.689331054688 267.63525390625 267.711944580078 268.115112304688 268.652160644531 268.676513671875 268.521942138672 268.47509765625 268.172332763672 267.820831298828 267.676177978516 267.617645263672 268.639373779297 268.905822753906 269.5810546875 269.589996337891 269.180908203125 268.249053955078 268.976531982422 268.638519287109 267.724182128906
282.570037841797 283.125915527344 283.185424804688 282.887237548828 282.552917480469 282.255584716797 282.544982910156 282.752136230469 282.826965332031 282.338439941406 282.089782714844 282.258056640625 282.504119873047 282.529693603516 282.047485351562 281.676971435547 282.363342285156 282.251342773438 282.088317871094 281.593048095703 281.374725341797 281.308532714844 281.172790527344 280.687316894531 280.295349121094 280.277404785156 280.612884521484 280.847625732422 277.057342529297 267.661071777344 267.726104736328 267.703369140625 267.959167480469 268.694671630859 268.579071044922 268.243957519531 267.952117919922 267.960418701172 267.913177490234 268.293151855469 268.205047607422 268.677490234375 268.927276611328 269.649047851562 269.628631591797 269.184539794922 268.602905273438 269.389617919922 268.407165527344 -9999
282.487945556641 282.779815673828 282.823364257812 282.553375244141 282.264373779297 281.771820068359 282.051940917969 282.631072998047 282.704925537109 282.288848876953 281.804901123047 282.081878662109 282.450073242188 282.308258056641 281.794677734375 281.558990478516 282.326141357422 282.248138427734 282.123565673828 281.770385742188 281.597747802734 -9999 281.090911865234 -9999 279.456909179688 280.08642578125 280.319580078125 280.366394042969 278.890411376953 272.803863525391 267.703338623047 267.863128662109 268.360229492188 268.585388183594 268.510772705078 268.2177734375 267.581787109375 267.465515136719 267.87744140625 268.796112060547 269.072204589844 269.121002197266 269.183166503906 269.652862548828 269.667022705078 269.437713623047 269.505706787109 270.077484130859 269.446258544922 268.377410888672
-9999 282.595367431641 282.437805175781 282.395294189453 281.78173828125 281.593048095703 282.013793945312 282.646636962891 282.43798828125 281.915588378906 281.562561035156 281.680419921875 281.835144042969 282.127349853516 -9999 281.506988525391 281.7900390625 282.126586914062 281.936096191406 281.523345947266 281.347778320312 281.225860595703 280.926849365234 280.373443603516 279.284515380859 279.089721679688 279.298126220703 279.490997314453 279.973724365234 276.401641845703 267.495849609375 268.016967773438 268.352630615234 267.943328857422 268.464691162109 267.582885742188 267.452117919922 267.446655273438 267.650024414062 268.279174804688 268.745758056641 269.307342529297 269.620849609375 269.875091552734 270.484191894531 270.521057128906 270.483489990234 270.462310791016 270.35400390625 270.476898193359
283.153106689453 282.495635986328 282.41943359375 282.422973632812 282.072235107422 281.774322509766 281.842041015625 282.409545898438 282.441497802734 282.024963378906 281.287658691406 281.221038818359 281.478240966797 281.816925048828 281.673431396484 280.936859130859 280.457855224609 281.863647460938 281.945251464844 281.515014648438 281.233978271484 281.218292236328 280.981567382812 280.725036621094 279.208984375 278.386077880859 278.763488769531 279.072998046875 279.605316162109 278.152435302734 274.289733886719 272.591674804688 267.940368652344 267.450561523438 268.470611572266 268.054718017578 267.545074462891 266.983612060547 267.505920410156 268.433746337891 269.071685791016 269.526184082031 269.555023193359 269.873748779297 270.505493164062 270.571472167969 270.4873046875 270.585693359375 270.765411376953 270.830810546875
283.074859619141 282.884643554688 282.746215820312 282.371185302734 282.223419189453 281.896331787109 282.114990234375 282.201965332031 282.181121826172 281.693145751953 281.226837158203 281.090209960938 281.314849853516 281.46142578125 281.456726074219 280.708160400391 280.263671875 281.764556884766 281.767456054688 281.596313476562 281.10498046875 280.877288818359 280.913024902344 280.613067626953 275.771331787109 267.062469482422 272.075164794922 278.825988769531 279.528747558594 279.641235351562 279.608184814453 276.133361816406 267.594665527344 267.477111816406 268.521942138672 267.718200683594 267.358520507812 266.48095703125 267.148468017578 268.761199951172 269.384216308594 269.541381835938 269.537078857422 269.584716796875 269.826477050781 270.188903808594 270.326232910156 270.631896972656 271.071380615234 270.996734619141
282.792694091797 283.320068359375 283.195404052734 282.730621337891 282.311553955078 282.234802246094 282.396667480469 282.356475830078 282.213623046875 281.799438476562 281.642333984375 281.316955566406 280.520599365234 281.058868408203 280.982757568359 280.785217285156 280.782165527344 281.503204345703 281.526733398438 281.664245605469 281.504943847656 281.196472167969 280.885345458984 280.611877441406 270.780029296875 254.60026550293 263.640014648438 278.609710693359 279.099792480469 279.436431884766 279.198883056641 275.846008300781 267.389556884766 267.417144775391 268.273773193359 267.275024414062 267.118927001953 266.473388671875 267.263336181641 268.796966552734 269.557495117188 269.485961914062 269.564331054688 269.403869628906 269.538421630859 -9999 268.546234130859 270.213317871094 270.943420410156 -9999
283.102203369141 283.311889648438 283.254028320312 282.76220703125 282.398223876953 282.492919921875 282.476287841797 282.537139892578 282.329254150391 282.166229248047 282.085662841797 281.665802001953 280.122863769531 280.722961425781 280.726470947266 280.819152832031 280.811279296875 281.145568847656 281.68994140625 281.773559570312 281.81640625 281.438537597656 280.811981201172 280.578491210938 268.942352294922 -9999 263.492279052734 278.213775634766 278.681823730469 278.994232177734 278.531341552734 275.286437988281 267.127136230469 266.933685302734 267.937194824219 267.296936035156 267.028564453125 266.657775878906 267.792083740234 268.730895996094 269.426330566406 269.187866210938 269.5341796875 269.412048339844 269.65087890625 269.873596191406 268.426208496094 269.952819824219 270.115264892578 270.623626708984
283.530609130859 283.330932617188 283.299163818359 282.946807861328 282.564575195312 282.656860351562 282.730407714844 282.442352294922 282.169769287109 282.250061035156 281.957397460938 281.410095214844 280.383239746094 280.26171875 280.698120117188 280.7841796875 280.713623046875 280.941314697266 281.448547363281 281.4375 281.544189453125 280.962615966797 280.9130859375 280.613952636719 261.340576171875 -9999 264.343811035156 277.682495117188 278.401214599609 278.544372558594 276.245239257812 270.083099365234 266.705688476562 267.082397460938 267.786895751953 267.364135742188 267.203063964844 267.192596435547 268.310729980469 268.903686523438 268.815704345703 268.798248291016 269.182739257812 269.480010986328 269.499237060547 269.425811767578 269.442657470703 269.885375976562 270.039031982422 270.280578613281
283.8310546875 283.377655029297 283.367309570312 283.284362792969 282.993408203125 282.804748535156 282.814758300781 282.499053955078 282.381103515625 282.490234375 281.853118896484 281.353546142578 280.39111328125 279.85986328125 280.352874755859 280.238586425781 280.358123779297 280.900024414062 281.048706054688 281.023529052734 281.188629150391 280.696624755859 280.882598876953 280.717224121094 261.17724609375 -9999 257.271789550781 277.880462646484 278.280334472656 278.191955566406 274.607727050781 268.087860107422 271.576477050781 269.355407714844 272.358947753906 267.500061035156 267.3857421875 267.570404052734 268.622406005859 269.112518310547 268.437530517578 268.495178222656 268.491577148438 269.009521484375 269.09326171875 269.312683105469 268.80615234375 269.162200927734 269.743133544922 270.496856689453
283.505981445312 283.197540283203 282.996978759766 283.033477783203 282.923187255859 282.728607177734 282.4677734375 282.609466552734 282.817657470703 282.662872314453 281.835815429688 281.501861572266 280.473510742188 280.181304931641 280.200073242188 279.982147216797 279.978179931641 280.737701416016 280.829681396484 280.890960693359 281.022155761719 280.588531494141 280.655609130859 280.530609130859 272.913330078125 264.050720214844 265.809661865234 278.628631591797 278.316040039062 277.998992919922 274.538055419922 269.731262207031 275.176208496094 270.413879394531 275.846496582031 267.548858642578 267.410186767578 267.632232666016 268.425598144531 268.683959960938 268.235809326172 267.743804931641 267.195617675781 266.704193115234 268.288940429688 268.192749023438 268.162261962891 268.875427246094 269.074920654297 270.539276123047
283.430236816406 283.148834228516 283.031555175781 283.045928955078 282.683776855469 282.312286376953 281.995544433594 282.144622802734 282.288696289062 282.173004150391 281.850524902344 281.470001220703 280.751373291016 280.713134765625 280.701568603516 280.177642822266 279.778533935547 280.373596191406 280.497741699219 280.808624267578 280.929138183594 280.511871337891 280.545959472656 280.454956054688 279.412750244141 279.153961181641 278.021545410156 279.044982910156 278.765716552734 278.46630859375 276.609069824219 274.485534667969 274.612121582031 269.995452880859 275.544738769531 267.351776123047 266.978790283203 267.681732177734 267.791320800781 267.146240234375 267.835968017578 267.175689697266 266.940612792969 266.652618408203 268.039459228516 -9999 266.435241699219 268.17431640625 269.767974853516 270.513031005859
283.59814453125 283.494018554688 283.527526855469 283.477874755859 282.929260253906 282.581146240234 282.239532470703 281.805023193359 281.795288085938 281.804901123047 281.800659179688 281.401794433594 281.225311279297 281.085693359375 281.044403076172 280.355133056641 279.966217041016 280.273498535156 280.312072753906 280.716400146484 280.845550537109 280.251586914062 280.030548095703 -9999 280.114990234375 280.133117675781 279.808258056641 279.390197753906 279.120361328125 279.033325195312 278.640502929688 278.133392333984 276.620300292969 274.992156982422 275.501586914062 267.265075683594 266.904724121094 267.503631591797 267.424346923828 266.74462890625 267.177490234375 266.283050537109 266.427551269531 266.622833251953 268.243957519531 267.011993408203 264.509796142578 267.372619628906 270.014465332031 270.549621582031
283.160186767578 283.192199707031 283.703063964844 283.668640136719 283.437774658203 283.198822021484 282.626037597656 282.222869873047 281.790863037109 281.781219482422 281.725646972656 281.417938232422 280.963470458984 280.959808349609 281.012298583984 280.395324707031 280.1923828125 280.143280029297 280.301391601562 280.444793701172 280.590728759766 280.090209960938 279.743011474609 279.966888427734 280.074920654297 280.183288574219 280.203399658203 279.725006103516 278.979370117188 278.667663574219 278.561676025391 278.191772460938 278.269165039062 278.592559814453 275.357482910156 271.884094238281 267.111694335938 267.265991210938 267.431335449219 267.293975830078 267.037750244141 266.499450683594 266.592041015625 266.895690917969 268.525695800781 267.818572998047 265.738677978516 268.459228515625 269.473114013672 270.063903808594
282.689544677734 282.986175537109 282.720977783203 282.903961181641 283.032318115234 282.941802978516 282.954620361328 282.523834228516 282.477478027344 282.652496337891 282.173828125 281.534118652344 280.718322753906 280.280731201172 280.076843261719 280.109344482422 280.053192138672 280.082427978516 280.073699951172 280.159484863281 280.194641113281 280.193572998047 279.672637939453 279.218505859375 279.894836425781 280.240417480469 280.003662109375 279.285552978516 279.200225830078 279.188781738281 279.148101806641 278.880798339844 278.347900390625 278.099060058594 276.295440673828 275.580535888672 266.926452636719 266.455383300781 266.699005126953 267.017730712891 267.241271972656 266.451599121094 265.223724365234 268.141754150391 268.975372314453 267.533081054688 268.8544921875 269.695190429688 270.094787597656 270.325653076172
282.721832275391 282.672790527344 282.476593017578 282.794189453125 282.917266845703 282.864105224609 282.947845458984 282.786529541016 282.776702880859 282.600616455078 281.967559814453 281.400573730469 280.715942382812 280.104858398438 280.092193603516 280.182495117188 280.230895996094 280.404937744141 280.211639404297 280.253021240234 280.183502197266 280.055694580078 279.403015136719 279.137420654297 279.513275146484 279.634796142578 279.570251464844 279.379119873047 279.241943359375 279.038848876953 278.693695068359 278.634948730469 278.444946289062 277.7587890625 277.541564941406 277.118133544922 271.219573974609 266.363342285156 266.2705078125 266.698394775391 267.575439453125 267.222412109375 265.683746337891 267.259521484375 269.098693847656 267.686004638672 269.541351318359 269.730895996094 270.123901367188 270.401000976562
