rcp4.5models/GFDL_CM3/sc1gr6.13
NCOLS 261 
NROWS 433 
XLLCORNER 336357.134 
YLLCORNER 654653.479 
CELLSIZE 1000 
NODATA_value -3.4e+38 
[rows 110 to 131 of 433, columns 98 to 146 of 261]
1381.94458007812 1389.45739746094 1394.36474609375 1404.83410644531 1411.87097167969 1419.3740234375 1426.85205078125 1434.56884765625 1441.40319824219 1447.58068847656 1454.30725097656 1460.77453613281 1466.62658691406 1472.17150878906 1483.78515625 1490.54626464844 1496.75256347656 1503.03259277344 1509.8681640625 1515.01733398438 1520.40466308594 1524.74206542969 1529.71691894531 1533.30834960938 1537.19091796875 1541.52990722656 1552.45080566406 1556.87878417969 1562.18835449219 1564.05480957031 1565.26892089844 1570.16064453125 1577.60778808594 1579.99304199219 1581.25549316406 1583.47937011719 1587.87841796875 1596.43347167969 1601.09008789062 1605.71936035156 1613.09130859375 1617.56665039062 1623.3369140625 1627.85400390625 1633.23303222656 1634.50708007812 1637.24072265625 1640.47375488281 1647.06616210938
1380.08312988281 1387.07629394531 1391.71203613281 1402.77087402344 1409.11938476562 1416.19519042969 1423.12170410156 1430.63708496094 1437.28991699219 1443.32629394531 1450.01770019531 1456.78442382812 1464.12158203125 1470.9091796875 1482.1416015625 1487.06762695312 1493.68786621094 1499.50756835938 1506.38562011719 1513.40759277344 1519.39721679688 1523.16882324219 1527.80200195312 1533.01635742188 1537.76770019531 1542.3212890625 1549.4951171875 1554.18176269531 1559.60510253906 1561.45190429688 1563.48132324219 1570.10229492188 1575.6513671875 1578.62414550781 1580.1806640625 1583.91149902344 1587.79736328125 1596.24914550781 1602.03918457031 1608.03137207031 1613.38684082031 1618.47009277344 1624.59204101562 1629.45935058594 1632.75207519531 1635.11682128906 1637.30798339844 1640.73071289062 1645.87255859375
1377.03771972656 1384.92639160156 1390.89990234375 1401.73950195312 1407.26477050781 1414.41125488281 1420.45654296875 1426.32775878906 1433.70007324219 1440.11828613281 1447.28918457031 1453.60986328125 1460.69616699219 1466.89697265625 1477.86279296875 -3.4e+38 1490.03784179688 1495.45532226562 1502.78869628906 1510.98889160156 1517.34777832031 1522.38989257812 1526.33557128906 1532.42358398438 1536.60412597656 1540.66418457031 1547.1484375 1550.44775390625 1553.8134765625 1557.970703125 1562.86926269531 1569.38928222656 1573.18615722656 1576.46862792969 1580.32446289062 1585.71533203125 1587.78747558594 1595.82556152344 1602.57727050781 1608.55712890625 1613.34765625 1618.34265136719 1623.44885253906 1628.33654785156 1629.8603515625 1633.50952148438 1635.28369140625 1638.7392578125 1644.46447753906
1374.91235351562 1381.45520019531 1388.55834960938 1397.29443359375 1404.70959472656 1411.39477539062 1418.15966796875 1422.95068359375 1430.57983398438 1436.19274902344 1443.57702636719 1449.818359375 1457.44567871094 1462.86267089844 1474.3388671875 1481.20239257812 1486.50549316406 1491.92102050781 1499.51330566406 1506.22229003906 1513.04650878906 1519.83581542969 1525.42468261719 1530.87390136719 1534.26379394531 1538.263671875 1545.8603515625 1548.95788574219 1552.53784179688 1556.51171875 1562.61083984375 1569.6689453125 1575.09851074219 1577.04052734375 1581.42224121094 1586.13562011719 1588.61450195312 -3.4e+38 -3.4e+38 -3.4e+38 -3.4e+38 1616.71850585938 1622.6005859375 1625.49548339844 1628.50146484375 1631.07189941406 1632.61962890625 1635.466796875 1643.18151855469
1371.03686523438 1378.0126953125 1385.64282226562 1395.01379394531 1401.93310546875 1408.54040527344 1416.28112792969 1420.53845214844 1426.833984375 1433.24682617188 1439.68786621094 1445.90441894531 1454.03564453125 1459.44348144531 1472.51440429688 1479.978515625 1485.51708984375 1489.71887207031 1496.86682128906 1502.44372558594 1509.87561035156 1517.58947753906 1523.13684082031 1528.49877929688 1533.62255859375 1537.46960449219 1545.00329589844 1547.85229492188 1552.36694335938 1556.08020019531 1563.62780761719 1571.51306152344 1575.66162109375 1575.32043457031 1579.88549804688 1583.81701660156 -3.4e+38 -3.4e+38 -3.4e+38 -3.4e+38 -3.4e+38 1614.95141601562 1621.02197265625 1625.01501464844 1628.58325195312 1630.29089355469 1631.82800292969 1634.623046875 1642.62194824219
1363.03015136719 1369.24938964844 1378.03332519531 1393.44958496094 1398.92993164062 1405.89111328125 1412.54479980469 1417.74987792969 1422.95434570312 1428.90979003906 1437.11633300781 1443.59997558594 1450.29895019531 1454.25219726562 1469.64147949219 1476.91796875 1482.27258300781 1488.95104980469 1494.69616699219 1498.92517089844 1506.83215332031 1511.47351074219 1519.31884765625 1526.10095214844 1530.19445800781 1533.46435546875 1541.04370117188 1546.26586914062 1550.98010253906 1556.1689453125 1563.72009277344 1568.30847167969 1572.04260253906 1576.59155273438 1580.61657714844 1583.95886230469 1583.13659667969 1595.79162597656 1600.49853515625 1604.81591796875 1608.90234375 1611.68371582031 1616.73303222656 1622.23962402344 1625.01062011719 1628.05700683594 1630.86828613281 1634.78173828125 1641.77429199219
1361.94592285156 1367.21997070312 1374.84814453125 1389.43151855469 1396.71911621094 1404.03259277344 1410.64453125 1415.70227050781 1421.12268066406 1426.54528808594 1435.64306640625 1442.39172363281 1448.4609375 1452.78796386719 1466.68127441406 1475.052734375 1480.32458496094 1488.20666503906 1493.01733398438 1497.54504394531 1506.65319824219 1510.45776367188 1516.79028320312 1523.45178222656 1527.40502929688 1531.77282714844 1541.03723144531 1545.49328613281 1550.83557128906 1554.47180175781 1562.8837890625 1565.86315917969 1568.63024902344 1573.03625488281 1576.9736328125 1582.45922851562 1582.76232910156 1595.04956054688 1600.26000976562 1605.76000976562 1608.23669433594 1610.16125488281 1615.88452148438 1621.58203125 1623.67687988281 1626.59362792969 1630.35595703125 1634.24938964844 1637.02990722656
1360.32080078125 1367.06030273438 1372.53942871094 1386.65148925781 1393.34350585938 1401.42443847656 1408.84252929688 1414.44567871094 1418.21594238281 1423.82189941406 1431.2490234375 1439.89611816406 1446.93249511719 1452.07104492188 1464.74951171875 1472.8232421875 1480.32360839844 1487.95886230469 1491.94067382812 1497.03686523438 1504.25769042969 1510.11804199219 -3.4e+38 1520.07336425781 1526.9423828125 1532.20983886719 1541.71423339844 1544.78479003906 1550.56481933594 1554.68530273438 1560.51013183594 1562.13916015625 1565.75695800781 1569.72265625 1574.2255859375 1580.44250488281 1582.1318359375 1593.07958984375 1599.66833496094 1605.08520507812 1606.24145507812 1608.88598632812 1613.91809082031 1619.96472167969 1622.38366699219 1625.00952148438 1629.97033691406 1633.97094726562 1637.32604980469
1355.88403320312 1364.82189941406 1370.35168457031 1385.18798828125 1390.86572265625 1398.16723632812 1406.35144042969 1411.87915039062 1415.94287109375 1422.73718261719 1427.74987792969 1435.20141601562 1443.93347167969 1451.29052734375 1463.38842773438 1471.48876953125 1480.10375976562 1487.15942382812 1492.67736816406 1496.00085449219 1501.59362792969 1509.16784667969 1512.83081054688 1518.90124511719 1525.5830078125 1531.99694824219 1540.55725097656 1543.81018066406 1548.80505371094 1553.37316894531 1558.04455566406 1561.33142089844 1564.34777832031 1569.25805664062 1574.201171875 1579.4765625 1582.24353027344 1592.06640625 1599.89392089844 1603.47326660156 1605.22338867188 1608.54248046875 1613.47985839844 1618.98815917969 1621.94494628906 1625.28015136719 1631.05187988281 1634.47766113281 1637.99682617188
1350.69470214844 1360.14978027344 1366.80065917969 1382.69384765625 1388.67309570312 1396.544921875 1403.60705566406 1408.30090332031 1415.51538085938 1422.3115234375 1427.69274902344 1432.60827636719 1440.70971679688 1447.92578125 1461.15808105469 1469.42150878906 1476.93408203125 1483.56945800781 1490.60229492188 1494.42211914062 1500.564453125 1508.52697753906 1512.02026367188 1519.62841796875 1525.72192382812 1529.95678710938 1536.80993652344 1541.16198730469 1545.90844726562 1549.66528320312 1554.68591308594 1559.20751953125 1562.1474609375 1568.89770507812 1573.29821777344 1576.67077636719 1580.13098144531 1591.21557617188 1599.28759765625 1601.48950195312 1603.77014160156 1608.08520507812 1613.16516113281 1618.93078613281 1621.57531738281 1626.3447265625 1630.83093261719 1632.51501464844 1636.68872070312
1346.74133300781 1355.1767578125 1362.71472167969 1379.32312011719 1384.96789550781 1393.54309082031 1400.85095214844 1406.35754394531 1413.72253417969 1420.16760253906 1426.81896972656 1432.30847167969 1438.6962890625 1446.41259765625 1459.61975097656 -3.4e+38 1474.17834472656 1481.37145996094 1489.55993652344 1494.38781738281 1500.845703125 1506.64025878906 1511.10021972656 1519.380859375 1524.23095703125 1525.87023925781 1534.7158203125 1537.29602050781 1542.51330566406 1547.65270996094 1551.90783691406 1556.05151367188 1559.02331542969 1565.08728027344 1569.90454101562 1572.90869140625 1578.0380859375 1590.14929199219 1596.37841796875 1599.90905761719 1602.34118652344 1606.48083496094 1612.14392089844 1618.29260253906 1621.00280761719 1624.23376464844 1628.31652832031 1628.92346191406 1638.03771972656
1344.82275390625 1351.5361328125 1359.64025878906 1375.87707519531 1380.92724609375 1389.00244140625 1397.3955078125 1403.73168945312 1409.72314453125 1416.68334960938 1423.86193847656 1431.27661132812 1438.11071777344 1444.54943847656 1459.54821777344 1465.26147460938 1472.47082519531 1479.72119140625 1487.77893066406 1494.52856445312 1499.51611328125 1504.26354980469 1509.46264648438 1517.11535644531 1521.15502929688 1522.36962890625 1532.28601074219 1534.9619140625 1540.32641601562 1546.48742675781 1550.92590332031 1555.33935546875 1558.53051757812 1561.2822265625 1566.98974609375 1572.49401855469 1580.72387695312 1590.40563964844 1592.67163085938 1597.48742675781 1600.94274902344 1605.08666992188 1610.54541015625 1615.7001953125 1617.69799804688 1619.9814453125 1625.03881835938 1628.15197753906 1639.47534179688
1342.75769042969 1350.31811523438 1357.64855957031 1372.10339355469 1376.95043945312 1384.56774902344 1393.2529296875 1400.8291015625 1406.63708496094 1414.79272460938 1420.96533203125 1427.33837890625 1435.24926757812 1440.62902832031 1457.35229492188 1463.54016113281 1469.52917480469 1477.89111328125 1486.2294921875 1493.62768554688 1496.79150390625 1501.09582519531 1506.70947265625 1512.83630371094 1518.08422851562 1519.513671875 1529.08154296875 1532.451171875 1537.689453125 1542.65515136719 1547.38610839844 1553.08264160156 1557.58129882812 1560.42565917969 1567.41418457031 1577.23352050781 1584.6953125 1589.958984375 1589.9609375 1594.69555664062 1599.00756835938 1604.50830078125 1609.66638183594 1613.26428222656 1614.70739746094 1618.11071777344 -3.4e+38 -3.4e+38 1638.42456054688
1339.23364257812 1349.03735351562 1355.93017578125 1368.29272460938 1373.01013183594 1380.55419921875 1388.65905761719 1396.57141113281 1403.0791015625 1410.18603515625 1417.26513671875 1422.96691894531 1431.71813964844 1437.90966796875 1453.00439453125 1461.47595214844 1466.50549316406 1477.13513183594 1484.47338867188 1490.72875976562 1493.91809082031 1498.56494140625 1504.03344726562 1508.84655761719 1513.29040527344 1515.59558105469 1526.98120117188 1530.12451171875 1534.76245117188 1539.86535644531 1543.65747070312 1549.330078125 1554.52038574219 1560.72326660156 1570.21142578125 1581.05053710938 1583.287109375 1586.33178710938 1588.72583007812 1593.00366210938 1597.20556640625 1603.33190917969 1609.45288085938 1612.45983886719 1614.04565429688 1621.23498535156 1627.28662109375 -3.4e+38 -3.4e+38
1337.49243164062 1346.45825195312 1353.00964355469 1365.09228515625 1370.30773925781 1378.0830078125 1384.18591308594 1391.48107910156 1399.19396972656 1406.05041503906 1413.22619628906 1420.25341796875 1429.6181640625 1436.77856445312 1449.87707519531 1457.66552734375 1465.66845703125 1473.73059082031 1480.52673339844 1487.67041015625 1493.17846679688 1497.43701171875 1500.35925292969 1505.89318847656 1508.73828125 1513.38989257812 1525.57641601562 1529.20837402344 1532.73181152344 1537.85229492188 1542.216796875 1547.64099121094 1553.81164550781 1563.35888671875 1571.56188964844 1577.35498046875 1578.78601074219 1582.96606445312 1588.19091796875 1592.28308105469 1595.22985839844 1601.11743164062 1607.92858886719 1611.13159179688 1611.712890625 1618.31555175781 -3.4e+38 1623.8681640625 -3.4e+38
1334.04821777344 1341.79235839844 1347.84118652344 1361.111328125 1367.22570800781 1375.35607910156 1382.458984375 1389.5791015625 1397.90759277344 1405.59533691406 1411.92700195312 1419.90856933594 1427.3203125 1435.15710449219 1450.34741210938 1456.56018066406 1465.03051757812 1470.10778808594 1476.63049316406 1485.09936523438 1490.20739746094 1493.498046875 1497.80505371094 1504.5048828125 1508.19030761719 1511.77197265625 1523.6611328125 1526.56774902344 1530.17663574219 1537.23083496094 1541.77502441406 1545.91577148438 1553.36547851562 1563.64428710938 1569.22717285156 1571.65563964844 1575.06311035156 1582.3896484375 1587.42163085938 1591.00610351562 1594.32824707031 1599.55151367188 1605.65966796875 1609.33544921875 1610.35705566406 1613.0048828125 1618.44372558594 1624.11535644531 1632.84973144531
1323.69567871094 1332.93359375 -3.4e+38 -3.4e+38 1362.13354492188 1368.67065429688 1375.974609375 1383.60192871094 1391.72961425781 1398.66723632812 1405.8623046875 1412.45666503906 1422.30334472656 1429.31665039062 1445.37194824219 1452.85241699219 1459.76831054688 1464.88000488281 1472.41809082031 1479.98876953125 1484.92565917969 1487.61926269531 1492.37316894531 1498.75463867188 1503.38830566406 1508.99621582031 1517.48388671875 1523.19323730469 1530.55834960938 1538.25134277344 1542.37280273438 1550.55859375 1558.1220703125 1560.78894042969 1562.95373535156 1567.48913574219 1571.60021972656 1579.11254882812 1582.66857910156 1587.30261230469 1592.09240722656 1598.03942871094 1604.0947265625 1606.55444335938 1607.7373046875 1611.62133789062 1615.28173828125 1622.57165527344 1628.37316894531
1320.88488769531 -3.4e+38 -3.4e+38 1353.54333496094 1361.56982421875 1368.45031738281 1374.86315917969 1381.33312988281 1388.96826171875 1396.57592773438 1404.80993652344 1412.45776367188 1421.03198242188 1426.64526367188 1443.01342773438 1450.65551757812 1456.07189941406 1462.47546386719 1470.20556640625 1478.33569335938 1485.33837890625 1488.0302734375 1492.83142089844 1496.49035644531 1501.99987792969 1506.53503417969 1517.19311523438 1522.25732421875 1528.85412597656 1535.44213867188 1542.18127441406 1550.55773925781 1553.3896484375 1555.21240234375 1559.4345703125 1564.18872070312 1568.35974121094 1577.55163574219 1581.27294921875 1586.31103515625 1591.64636230469 1596.41528320312 1601.16613769531 1606.02990722656 1607.79248046875 1610.27990722656 1614.95239257812 1621.26220703125 1628.00329589844
1319.37048339844 -3.4e+38 1335.86206054688 1352.89868164062 1360.697265625 1368.33312988281 1373.23706054688 1381.02124023438 1387.03771972656 1393.857421875 1401.99597167969 1410.27404785156 1417.40283203125 1424.39990234375 1440.6025390625 1447.47045898438 1451.95104980469 1459.25354003906 1466.79577636719 1476.39477539062 1484.79223632812 1486.88537597656 1490.76049804688 1494.09521484375 1500.419921875 1504.96862792969 1516.73034667969 1520.1435546875 1527.55078125 1534.18713378906 1541.31481933594 1544.24621582031 1547.40344238281 1550.72888183594 1556.20056152344 1560.27368164062 1565.14685058594 1574.79992675781 1579.74548339844 1585.7744140625 1590.88220214844 1595.11474609375 1598.77453613281 1604.34191894531 1606.74365234375 1608.37707519531 1614.9150390625 1622.03088378906 1627.1181640625
1317.50598144531 -3.4e+38 1332.77819824219 1350.23352050781 1358.94860839844 1365.41430664062 1371.37561035156 1378.31823730469 1383.31042480469 1389.79455566406 1397.97924804688 1405.26879882812 1413.70483398438 1422.59802246094 1436.92248535156 1442.94555664062 1449.36535644531 1458.1005859375 1465.47265625 1474.16259765625 1482.97692871094 1484.99047851562 1487.8134765625 1492.44311523438 1499.26171875 1504.97448730469 1513.99975585938 1519.05627441406 1527.00915527344 1533.81433105469 1539.33459472656 1540.68188476562 1545.32067871094 1548.5078125 1553.74621582031 1558.10668945312 1564.34851074219 1574.49499511719 1577.8671875 1583.71948242188 1589.59033203125 1594.00146484375 1598.86901855469 1602.91088867188 1604.95642089844 1607.63403320312 1614.10485839844 1622.66625976562 1626.24304199219
1316.61254882812 1323.63073730469 1329.58508300781 1346.48315429688 1355.36267089844 1361.00756835938 1369.05517578125 1378.53332519531 1383.61376953125 1390.29016113281 1397.11853027344 1403.33386230469 1411.76794433594 1419.19860839844 1431.84753417969 1439.59997558594 1448.33117675781 1458.58813476562 1466.63903808594 1473.36022949219 1481.77685546875 1484.22497558594 1486.83520507812 1491.86865234375 1497.33740234375 1504.71166992188 1512.32250976562 1522.27014160156 1526.25219726562 1535.29028320312 1536.75085449219 1539.03332519531 1544.35192871094 1547.71142578125 1552.28796386719 1559.74072265625 1564.07177734375 1574.70007324219 1577.04431152344 1582.41320800781 1588.57934570312 1593.52014160156 1598.14318847656 1601.77722167969 1603.30981445312 1608.06811523438 1614.22546386719 1620.96252441406 1626.52880859375
1316.0322265625 1322.8671875 1328.77563476562 1343.85668945312 1351.48510742188 1358.08776855469 1366.61596679688 1375.77917480469 1383.36145019531 1390.20849609375 1397.3359375 1402.78356933594 1408.67724609375 1415.1328125 1429.31787109375 1437.39562988281 1446.33898925781 1455.193359375 1463.50793457031 1470.7841796875 1479.66149902344 1482.66711425781 1485.01196289062 1489.49487304688 1495.75073242188 1502.39233398438 1512.0556640625 1521.93249511719 1524.94738769531 1532.30322265625 1533.51208496094 1536.31225585938 1541.60632324219 1545.3095703125 1550.62744140625 1558.34973144531 1561.38537597656 1572.97216796875 1576.01794433594 1581.89453125 1588.62670898438 1592.56018066406 1596.23364257812 1600.97546386719 1602.14562988281 1606.9853515625 1613.86950683594 1618.85375976562 1628.76501464844
