rcp4.5models/GFDL_CM3/sc1gr3.2
NCOLS 261 
NROWS 433 
XLLCORNER 336357.134 
YLLCORNER 654653.479 
CELLSIZE 1000 
NODATA_value -9999 
[rows 308 to 329 of 433, columns 200 to 249 of 261]
246.217291956409 254.031441372872 255.224986714127 254.178286538793 256.639826887857 257.165539181572 256.489504386544 256.733948910184 254.162077478162 247.859987470683 239.231892500624 239.275583893546 240.414401717728 238.417981527365 255.499987555854 256.934059167274 257.100496427867 255.779626777563 257.617722175773 258.542724241525 258.87261492613 256.29727863063 251.586927778768 252.557782774483 257.454077037158 257.045948842172 257.317035910357 257.374553951087 257.162445433296 257.547037243025 258.290297906878 258.781795769637 258.579320359646 258.011587215514 259.092536363117 260.083802146786 260.02749908168 257.917830219829 258.481353271982 259.402691747911 259.943597224589 260.61809217721 260.924890944008 261.005671310713 261.421380038483 261.711646667404 262.168699116122 262.14384179748 262.889062936446 263.09059312377
252.404840250605 253.796719528415 251.27001840325 255.209840892064 256.626898149434 256.484081854662 256.447552328189 254.998618708777 250.355101920846 246.119704634874 239.964575291648 242.305560766177 242.3846381429 238.438061145497 252.38226157874 257.393266363364 257.729194459855 256.724182613299 258.105769528675 258.702257272156 257.696828178049 254.903466244261 254.142627777844 252.56780129424 253.260813525756 257.620101297148 257.844075418038 257.79453520385 257.648854825552 258.225239111305 259.424409879796 259.418555323221 258.341874492898 258.341853035787 259.077331338589 260.003678375606 260.588800739314 258.938321320136 259.681024291796 259.783445593827 260.022447260538 260.559784727831 261.126683111098 261.040214477146 261.311537696936 261.826332587623 262.130459839146 262.589231325686 -9999 263.233200588302
250.292895016128 252.205984849364 248.415784272743 252.51551034588 254.685563400983 256.799141517329 255.409069065971 250.572271469347 245.431828123564 242.79813023824 239.867999995027 242.038351328616 244.810723718377 243.460607933123 250.893237496889 257.041419195397 257.92417015899 258.222698265386 258.724906235224 258.620653877295 256.882022907357 255.15856247527 256.155686017349 253.942638570906 249.084342822685 252.982165254921 258.780274311246 258.351248903063 258.469962682466 258.9468415635 259.450448249574 259.651718180663 258.619600639846 258.621607530679 259.458466240326 259.813312472907 260.987011431187 259.855553809251 260.263021309226 260.074109569116 260.001437066144 260.453095633428 260.614834795104 260.879112322056 261.010637706649 261.434330627998 261.597702256288 262.275782754891 262.652669966827 262.722099318563
248.129558382038 251.703795048708 251.759350331123 251.334078493294 255.333050123625 257.218583544046 255.381551502496 250.660513947129 245.248729170166 243.444077835732 242.285532537777 241.857143458421 244.030333889622 243.86550423364 254.341601424466 256.888392359645 257.58233988379 258.320505011953 258.654425372273 258.034513877202 256.961520892153 256.703151928047 257.031033332024 255.221660148082 248.118242256204 249.999659888673 259.270172058015 259.346257585563 -9999 -9999 259.973237502964 260.186030511548 259.619606890667 259.07515012448 259.815925435143 260.245594244955 261.08969365326 260.293218958951 260.66809310105 260.249490480634 260.602755674122 260.802949602998 260.105701038948 260.392826745144 260.569610890527 260.419304842009 260.688090593959 261.577828325525 262.192894840001 262.507004254987
251.127442805371 253.889524639916 255.153733540954 254.127841149948 256.889291209519 256.577753208312 256.135550616555 253.600621004023 250.698607268369 249.649333981827 249.009118940873 247.097701914634 243.619561895893 244.035348098467 256.785342099421 257.307821778659 257.552256440396 258.373748725856 258.363531293539 257.806780927123 257.519779648511 256.96521665268 256.356398854217 256.057458744286 250.528342099917 250.500114545209 258.888696909262 258.959501132113 259.475708596346 260.184763524353 260.67175109194 260.538003310086 259.87991987579 259.321269780245 259.921757198179 260.579853864318 261.294520146392 260.704916172053 260.929211567549 260.712088681203 260.979659497939 261.023669211866 260.712486622028 260.75120007276 260.704024646255 260.12393734375 260.752166950999 261.268939828341 261.65684524876 262.237356187706
249.731339700124 253.029379506998 255.09444465094 255.73380853265 255.363111743203 254.096999881859 255.070663292725 254.180521150474 251.048808734228 251.775718966614 253.690565100476 251.983871795773 250.170347821349 244.352020554483 250.439808158023 256.937048138864 258.238770973072 258.430272226256 258.796482284822 258.762955862291 258.300262896552 257.271010327684 255.476904516907 258.284751585895 257.501432311453 255.215894675569 258.24791443305 258.727707908492 259.384839405485 259.919536014974 260.411238307903 260.365860622451 260.53640368693 259.678044484024 259.737528936879 260.579697788303 260.804105633915 260.99008360749 261.171768283324 261.576667031822 261.339875411737 261.335830419692 261.251350444247 261.079060835341 260.974242826291 261.001726436926 261.250264883724 261.846087992454 262.125294650905 262.416702051629
246.978584598084 247.360399475995 254.148001310924 255.217203471643 254.270204941476 253.147909774224 253.936479604392 253.579269063538 251.770189101575 254.519142553301 253.977673679602 253.594247564337 254.834815166755 252.904435605753 247.275249881922 256.983901847136 258.409595760043 258.887838427404 259.103457380408 -9999 258.49987990427 257.948631835878 257.757521632575 258.480905968987 259.189675823886 258.980379485272 259.095228985932 259.609139816552 259.930773166263 260.165536741744 260.529851683246 260.535952034378 260.703142086505 259.949978766067 259.919013329472 260.299724421061 260.503024902064 261.080442948681 261.252879704165 261.608050500879 261.617003167277 261.664610915768 261.80207024752 261.64377306048 261.366701058737 261.191275864198 261.492397855344 261.805753185679 262.145588195234 262.44587639615
247.182737868699 247.439358264375 256.173020378277 254.089113664277 253.433548101973 253.299235802448 254.330848102217 254.9879077035 254.354694577178 255.043466298213 254.424976982121 254.639107618991 255.333241028551 254.828516275794 252.205878933693 257.575061550701 258.814161393052 -9999 -9999 -9999 258.429976478917 258.183369321609 258.119703847291 258.540653251172 259.298733455241 259.50127861691 259.789240862383 260.1145318104 260.520530111629 260.566403418587 260.731945751653 260.876224110462 260.7383260229 260.245784775533 260.418930670627 260.064083009178 259.985909622667 260.818912211352 260.828179146365 261.352967741372 261.936619995573 262.05113520597 262.176116666098 262.145481809818 261.889577221022 261.572842907097 261.897150597784 261.804503503916 262.228118768027 262.774787016496
249.745776751856 250.214139340954 257.366959741264 253.668741348156 253.1904753239 253.20046139067 254.206016049384 255.390674936981 255.323351352695 255.780871800221 255.652127302159 255.820797783878 255.968710542768 255.213916871886 257.105139054167 257.9113083105 259.097529992146 -9999 -9999 -9999 258.85954667563 258.57069921477 258.0854856575 258.365872402174 259.066091247725 259.761518171313 260.249204871203 260.345733742376 260.752216814146 260.825012346896 261.053438381995 261.052425100269 261.019672700468 260.79630046357 260.564057678885 260.373586325888 259.796797382717 260.813601079327 261.005643843787 261.681226165897 261.994860934131 262.080636617492 262.16752144479 262.15913571302 262.033206755837 261.848443119822 262.064766121786 261.892516268378 262.256768177393 262.831750933593
250.832647585131 249.48143595053 255.685351891694 253.850157859765 252.913103181649 251.816596099503 250.383043306387 252.807066837451 255.035233163876 256.169621208976 256.530474560465 256.457327973482 256.476787112251 255.584647719322 256.628492901245 257.378599018748 258.606538533713 259.129890451696 -9999 259.584677556781 259.508871074421 258.624152343217 257.648444116714 258.02821485959 258.789045988923 259.675877866292 260.254682408339 260.003311505631 260.303963864307 260.528494910027 260.832135318722 260.947642254207 260.834851730523 261.174889335419 261.038982750035 260.840343907609 259.899341638497 261.100187950329 261.490389461437 261.980144416386 262.067171350938 262.072974695237 262.063262147029 262.130626892982 262.311316614982 261.962706172635 261.999151085114 261.940699788474 262.537984617633 262.771821755124
252.728474858718 253.402555020084 256.071620966806 254.206392765247 254.209145687664 251.374504570816 249.532499196574 249.111374631641 251.724285604326 255.260189114404 256.379790200462 256.599963958417 257.009638660378 256.07849081271 256.629444574965 257.367749720631 258.234669937799 258.715024296314 258.777675000025 259.381882200964 259.738882645216 258.571594396007 257.781446484998 258.403177362439 259.034636290643 259.491781723567 258.87721975659 257.639715434129 259.858006390199 260.213127295705 260.862111536325 261.022235643563 260.75267545996 261.259129423316 261.520128209332 261.506470928312 260.682367766947 261.123631409352 261.618164001095 261.569652316569 261.632136584165 261.971858673858 262.060786119342 262.098057987302 262.468749950749 262.01149423304 261.99067203193 261.98101797331 262.890720827792 262.888250104244
253.449995366221 258.294491946407 258.986003299308 253.74111478628 253.369286234928 251.420738273681 251.096519709472 247.326195130387 249.884409589954 254.607134550782 256.40904480916 256.692747528199 257.446990897654 256.907192936114 257.566069530108 258.268396680602 258.627039335115 258.742436344111 258.837411198037 259.644018975083 259.948779927383 259.119073406773 258.649701885131 259.04527096371 259.323886167902 259.350915816521 254.734533838525 256.97468299636 259.212143367054 260.017189903746 260.819432775653 260.646336520007 260.918354768432 261.169886441652 261.250607577436 261.865499640741 261.431388928113 261.064608610584 261.684363213409 261.646434190758 261.376388873641 262.127087930602 262.388629304081 262.692052250956 262.786201355606 262.318117248117 261.982044792508 261.971122485312 263.250358613538 262.902996715871
256.121233536766 259.207255668511 260.382738818927 255.897136106368 253.189838669044 251.444282588546 251.533981967486 248.762583129098 250.488509879249 254.562265789117 256.419295070262 257.053801750102 257.558494343659 257.414354345988 258.141236771923 259.007667216717 259.529047417161 259.282281878021 258.489918634877 259.639186605671 260.104776702651 259.928347437682 259.65739939358 259.752225457008 259.694293176741 259.188889896865 255.436108398375 258.291835603999 259.006463845216 259.856480004396 260.309041420911 260.237485836158 260.870161824361 260.956072009919 261.005266413522 261.830230229372 261.671917326017 261.550435956128 261.914010069782 262.032627011959 261.832214415551 262.18852238163 262.230910358188 262.489417652095 262.640802983605 262.898136262337 262.596793212612 262.21280838756 263.272900125554 263.405699226874
259.672977835619 260.396792869617 260.977896423943 258.961710725855 256.708171972375 253.961990295555 252.82776175093 251.711848000821 250.54242121555 252.237512590068 253.234428913145 256.726785714018 257.957574500564 257.850341704886 258.570474671853 259.050441971618 259.351372088841 259.779626532601 259.027166400587 259.76752172653 260.271471007429 260.51354705765 260.574262924231 260.372379527018 259.909036458726 259.236307795056 258.530595016956 259.030963586851 259.664298897868 259.784864463768 260.155295040484 260.37752849621 260.959710184189 261.047328800732 260.867446820049 261.201476932986 261.059026453496 262.19816182332 262.268501528332 262.262153211589 262.178569034258 262.098544056001 262.033095931875 261.994962210669 262.285241168579 262.992578769345 263.010120962156 262.244176769429 262.530422359207 263.502559157821
260.320944694248 260.99921564128 261.287845930747 257.077055865115 250.73616725993 254.500463284548 253.629579465373 253.889302708138 252.604604934421 251.844592973726 251.710728028514 257.207339432946 258.36962028845 258.475219995355 258.885132993067 259.039342572411 258.281080808268 260.138735402772 260.140181713484 260.108760101723 260.182233545714 260.31304653288 260.808271838755 260.664632646096 259.956092610821 259.663348323691 258.948102407954 259.290679930436 260.107582355181 260.209399010063 260.454706485589 260.735289024662 261.107716391763 261.552168465137 261.343946608561 261.363629840558 261.391120318495 262.392050779673 262.350303543169 262.117323892883 262.055487081541 262.058743238458 262.341091637053 262.557917145948 262.790001248119 263.1830857638 263.060954754429 262.64676334384 262.519548625277 263.16621804672
260.180859552791 261.348203830702 259.90336403011 246.317597305004 237.576829174798 248.725395485392 254.116568594491 254.888202452126 255.217794491089 254.606107014875 254.488323139566 257.565861450616 258.202007336221 258.689142023472 258.421214749688 258.862400466441 258.136741356557 259.698404237616 259.99673145139 259.539863389276 259.584768123909 259.8184861857 260.427027264713 260.889975363885 260.508561540059 260.17841444625 259.531091881913 259.599539445719 259.750920543095 260.656336745932 260.939465826097 261.146129544231 261.196664482814 261.357068174584 261.386796652816 261.541359115753 261.901778950011 262.099871848205 262.052544030486 261.84432382723 261.992192376206 261.981224915993 262.368492097904 262.975087149037 263.146963708704 263.298535216196 263.368161638415 263.091977758757 262.866900715141 263.112964505473
259.96727395032 260.554137378051 254.906969953086 232.178962650612 227.002787344156 240.079763911715 252.433255614576 255.517689047005 256.236968150596 256.107737015257 256.548606999645 257.642335875689 258.250726949605 258.157793712646 257.676913844811 258.617952681944 258.138221302397 258.770261447218 259.125689545682 259.065974441371 259.136852896193 259.486871720576 260.186620587227 260.782379983048 261.035881382938 260.736693311285 260.421127478676 260.143503481972 259.342751468779 260.487382111403 260.915378770137 261.356814501188 261.619675993787 261.386257892306 261.243741818403 261.601685716265 261.842470510373 261.947645244918 261.955979517301 262.26800335759 262.152822558058 262.117738405095 262.233815679149 262.521497199049 262.875152643908 263.158400906113 263.290804711729 263.028110710764 263.251817676658 263.384436836003
261.453296046943 261.627963885282 255.290340373662 235.546874460923 223.151412823884 220.583422867237 226.081644105161 251.190608397897 256.149980157121 256.548722975404 257.224797193483 257.087618652733 256.335471955805 255.347383489356 258.136161524466 256.818335727051 256.726922953112 258.067394215981 258.728027158976 259.090355618386 259.264974308826 259.414609554076 260.218350448343 260.290557662428 260.75651565859 260.770168433508 261.394017911025 260.97543262244 260.642383324096 261.138880345302 260.970120140723 261.278874269417 262.107519739067 262.146536159352 262.565013854464 262.578202624001 262.763356032276 262.654462104292 262.075198641477 262.402961229127 262.879632772888 262.712329734263 262.092400664894 262.608403368701 262.413184738609 262.553624482109 262.923807260599 -9999 263.925302404559 264.051052920777
261.944259893259 262.27269902991 257.644895314713 244.008879131714 235.437584011642 224.069622958783 221.410816208724 246.580808176494 255.033346063998 256.634396150221 255.811216207939 250.959845434154 254.248926210515 250.719233009342 257.738297393782 256.729290782939 256.509699793143 258.411051951785 259.303417745436 259.376238988414 258.937981668038 258.85321108363 259.979423115802 260.229757201793 260.274203835895 260.414036192256 261.442721858673 261.520151394943 261.004542983254 261.559336802604 261.536269456771 261.363837570777 261.746925029135 262.051251135975 262.532897611371 262.361890237043 262.905035253693 262.908613121126 262.479203938632 262.511445224202 262.715728966422 262.436345882165 262.567208993858 263.010592886069 262.645158728679 262.277974120017 262.443484688337 262.82506470786 263.378009878115 263.889961237508
261.875608537624 262.315696839026 260.494988083757 248.971159108382 239.706893271733 224.425194532113 220.069474730306 242.551014979611 253.803506750557 256.281555623203 252.429188063826 247.54829638994 255.395345101585 253.182931101865 257.093143842213 255.617818338828 253.008426480129 257.780906667048 259.31462716698 259.851483425527 259.483031402762 259.352424216536 260.156142686829 260.685176179796 260.399257667135 260.589520006786 261.273862191077 261.60030787541 261.394047140595 261.789470461577 262.043007939999 261.909118326722 261.793880126618 261.872848304649 262.208262566053 261.755666934038 262.443455248825 262.452494958336 262.531397952759 262.436031274854 262.518134512094 262.634820357731 262.912332588054 263.061028850736 263.011720853108 262.698797338821 262.527125153472 262.308175253943 263.045796395315 263.478574968873
261.291966277235 262.369760825961 262.258166007881 246.551655439876 237.710451735383 226.466901498878 223.910295926319 246.016795201376 254.48379757788 255.624817966193 251.641975017294 252.387433119277 256.781928631972 256.990386582958 255.947584774865 255.662090942793 252.758431334079 255.734235330972 259.615248187303 260.0763382582 260.345081281179 260.277990321211 260.537745983767 261.044472256021 261.150764178934 260.994896099188 261.617375465227 261.754493344155 261.803480290736 262.000081538144 262.173604265777 262.057362338385 262.173531037196 262.244192406501 261.900756962868 261.609703747518 261.955248062902 261.607656295543 262.09617823854 262.356087540208 262.5156737731 262.862115270674 262.885191966319 262.971163553399 263.076532903126 263.139197044785 263.014814027156 262.948235563029 263.079196150828 262.98260698223
261.260072908052 262.066194457701 262.212579976419 249.782437916913 242.851616004591 237.446142673347 235.519816521871 250.649185091026 254.958080649315 255.425140672018 253.836860827959 255.926836599099 256.535612964474 256.768522426676 256.092753655737 257.071849262879 256.361639782452 256.974603675912 259.944155881207 260.058348027 260.595284034355 260.389642522925 260.710298975685 261.202393678816 261.670000697797 261.463893913099 261.873312841369 261.798781398807 261.792185715385 261.940315900878 261.616858611367 261.559318804758 261.803667243152 261.772107210382 261.200570319075 261.224682163638 261.284703525383 261.641071626211 261.90438801391 262.32456292739 262.391384498756 262.772563905785 262.90985402457 263.185638773073 263.347611650609 263.375487860318 263.196220131503 263.356312070088 262.8843038183 262.696963093951
