rcp4.5models/GFDL_CM3/sc1gr4.23
NCOLS 261 
NROWS 433 
XLLCORNER 336357.134 
YLLCORNER 654653.479 
CELLSIZE 1000 
NODATA_value -3.4e+38 
[rows 264 to 285 of 433, columns 196 to 244 of 261]
301.247650146484 301.735443115234 303.083526611328 302.662628173828 304.207366943359 305.166442871094 305.111083984375 303.911468505859 303.263702392578 302.709075927734 302.625030517578 303.304351806641 304.025939941406 299.900115966797 289.450592041016 287.728973388672 294.8310546875 298.285339355469 303.769409179688 304.510559082031 304.757568359375 303.433624267578 299.400115966797 295.678771972656 299.27880859375 304.931304931641 304.689636230469 304.708190917969 306.1767578125 306.693145751953 303.497863769531 305.083099365234 -3.4e+38 -3.4e+38 307.492401123047 308.015869140625 308.216430664062 308.235046386719 308.123779296875 308.273254394531 308.160705566406 308.464294433594 308.615844726562 308.975463867188 309.434143066406 309.444366455078 309.422729492188 310.369842529297 311.632873535156
302.100006103516 301.979095458984 301.502593994141 302.592102050781 304.320129394531 305.530487060547 304.736083984375 304.055419921875 302.679229736328 302.424591064453 301.785705566406 302.396514892578 303.732788085938 300.772918701172 293.171722412109 292.132690429688 300.399841308594 301.137939453125 303.863739013672 304.591339111328 304.184844970703 303.330902099609 300.468200683594 298.780792236328 300.941436767578 305.191314697266 305.051940917969 306.004608154297 306.355316162109 306.567535400391 306.902435302734 306.947784423828 307.026062011719 306.986022949219 307.316864013672 307.345001220703 307.80322265625 307.944396972656 307.580139160156 307.884704589844 308.2236328125 308.421752929688 308.546051025391 308.943145751953 309.376556396484 310.186889648438 311.194885253906 310.493896484375 313.695648193359
303.672454833984 303.819061279297 303.831909179688 304.368011474609 305.071166992188 305.831268310547 304.859924316406 301.547882080078 298.30615234375 300.414001464844 302.708129882812 302.529022216797 303.265228271484 301.948089599609 300.065551757812 301.02001953125 300.3310546875 302.023651123047 303.566772460938 302.921203613281 302.189422607422 302.414916992188 304.235778808594 304.598449707031 304.197845458984 304.169708251953 304.458526611328 303.072540283203 304.858581542969 305.323486328125 306.273040771484 305.950500488281 306.026672363281 306.201446533203 306.706451416016 306.730651855469 306.85693359375 307.235565185547 307.269500732422 307.324554443359 308.305450439453 308.933135986328 309.844268798828 309.269470214844 311.887542724609 313.629577636719 313.167053222656 313.094970703125 313.090576171875
303.549011230469 304.257873535156 304.485961914062 304.839263916016 305.298828125 305.47412109375 304.482635498047 300.218078613281 297.303405761719 300.380584716797 303.681091308594 302.284057617188 302.618957519531 298.524932861328 291.641235351562 294.332641601562 296.090942382812 302.267608642578 298.094329833984 296.850952148438 298.530242919922 300.107055664062 303.720764160156 302.679595947266 302.960906982422 304.211853027344 304.414489746094 303.494140625 303.880889892578 304.583099365234 306.169311523438 306.424835205078 305.078033447266 305.620758056641 306.614990234375 306.727600097656 306.944641113281 307.527984619141 308.475158691406 309.596130371094 309.231628417969 309.155639648438 310.850402832031 311.3212890625 312.787689208984 313.009490966797 312.584930419922 312.375213623047 312.832427978516
303.459930419922 303.967468261719 303.890350341797 304.320220947266 304.973175048828 305.240600585938 303.466491699219 297.331268310547 297.382385253906 300.587127685547 302.601959228516 302.442596435547 302.500396728516 298.696044921875 290.311920166016 290.247436523438 295.614776611328 302.824188232422 288.631866455078 290.379028320312 296.022338867188 300.201507568359 302.999908447266 302.060028076172 302.337677001953 303.953430175781 304.539581298828 303.665008544922 303.550933837891 304.873870849609 305.886077880859 307.627777099609 306.554077148438 307.027252197266 306.513580322266 307.281127929688 309.165557861328 309.049194335938 309.2109375 311.944793701172 311.242248535156 311.219757080078 312.337951660156 312.607299804688 312.670135498047 312.750671386719 312.470458984375 312.135192871094 312.894470214844
302.946075439453 302.724639892578 302.993743896484 303.967102050781 304.785400390625 304.769409179688 302.258575439453 294.868408203125 295.894287109375 299.888458251953 302.137969970703 301.994201660156 302.386993408203 301.981170654297 298.854614257812 297.736877441406 300.915802001953 302.732147216797 289.439666748047 289.543151855469 292.617828369141 297.079040527344 303.454315185547 302.654663085938 302.486968994141 304.132476806641 305.313262939453 304.101196289062 305.094696044922 306.109558105469 305.620635986328 305.911193847656 307.207244873047 309.293182373047 308.295867919922 307.829956054688 311.101593017578 310.945098876953 310.643768310547 312.175354003906 312.42431640625 312.055084228516 311.753082275391 312.149139404297 312.498443603516 312.339569091797 312.458618164062 312.151641845703 312.917510986328
302.41357421875 302.145385742188 302.899047851562 303.902099609375 304.54052734375 304.210540771484 303.112060546875 295.082855224609 294.035339355469 297.868591308594 302.759338378906 301.666687011719 302.885284423828 304.463470458984 304.184051513672 304.041870117188 304.315734863281 303.891662597656 293.208251953125 287.574951171875 287.120574951172 289.584869384766 299.693634033203 304.409088134766 304.052429199219 304.128356933594 304.819519042969 305.706665039062 306.852447509766 306.732269287109 301.706878662109 303.655700683594 308.397216796875 310.08740234375 310.295104980469 309.808044433594 311.417572021484 311.727203369141 311.831115722656 311.963287353516 312.243438720703 311.815795898438 311.675079345703 311.726837158203 312.032318115234 312.161224365234 312.067993164062 312.118072509766 312.885559082031
302.161346435547 302.082763671875 302.643524169922 303.814331054688 304.310119628906 303.629241943359 302.751007080078 298.445983886719 294.082824707031 297.023101806641 302.704376220703 301.734222412109 303.001037597656 303.855255126953 303.387237548828 304.607849121094 304.787384033203 304.714050292969 289.058258056641 283.421844482422 280.454742431641 282.37109375 289.559600830078 296.988586425781 302.492706298828 303.405639648438 304.455261230469 306.660034179688 306.274505615234 307.302581787109 303.991943359375 305.370269775391 310.004699707031 310.429260253906 310.75048828125 311.201599121094 311.403839111328 311.593933105469 311.762298583984 311.832977294922 311.892456054688 311.595306396484 311.374633789062 311.322204589844 311.698760986328 312.369567871094 312.119567871094 311.985717773438 312.806701660156
301.527282714844 301.755065917969 301.347137451172 303.573455810547 303.769989013672 301.771423339844 295.712310791016 297.442749023438 298.488128662109 298.961090087891 299.760131835938 301.568908691406 303.410095214844 302.685852050781 302.683868408203 303.321838378906 304.482086181641 301.712463378906 292.147247314453 287.298828125 285.289367675781 281.038391113281 284.861114501953 292.117126464844 302.588043212891 303.630065917969 306.383392333984 307.393737792969 306.972045898438 308.333801269531 308.885284423828 308.452453613281 310.107330322266 310.657287597656 310.717468261719 311.090911865234 311.124267578125 311.367279052734 311.408966064453 311.532897949219 311.654113769531 311.101898193359 310.921997070312 311.145568847656 311.699554443359 312.068450927734 312.477294921875 -3.4e+38 312.788452148438
300.968383789062 301.856689453125 302.204376220703 303.300933837891 300.637329101562 295.689544677734 292.6494140625 291.571502685547 300.316436767578 300.202056884766 300.085357666016 302.556457519531 304.560729980469 304.140228271484 303.538116455078 302.617736816406 304.043273925781 302.192199707031 298.816802978516 294.741851806641 296.744964599609 292.960357666016 296.530700683594 300.566680908203 305.310302734375 305.425628662109 307.530700683594 308.007965087891 308.19677734375 308.765380859375 308.694183349609 309.001770019531 309.952880859375 310.650817871094 310.597747802734 310.532867431641 310.718780517578 311.009429931641 310.979644775391 311.197479248047 311.268951416016 310.782257080078 310.961303710938 311.478729248047 311.851013183594 311.848022460938 312.335906982422 312.605255126953 312.689300537109
301.446868896484 302.609375 303.331939697266 302.188629150391 297.018768310547 289.841796875 292.742095947266 287.073638916016 297.446685791016 300.228546142578 302.480743408203 303.703308105469 304.59228515625 304.935852050781 303.868713378906 302.867340087891 303.681732177734 304.444580078125 297.888519287109 291.809844970703 294.867736816406 295.466583251953 297.149536132812 297.606323242188 298.665557861328 299.150238037109 300.095153808594 306.294616699219 307.878814697266 307.734527587891 308.312805175781 308.947418212891 309.805969238281 310.29345703125 310.448883056641 310.009368896484 310.523345947266 310.763397216797 310.694732666016 310.716491699219 310.550842285156 310.690612792969 310.904022216797 311.401306152344 311.684875488281 311.568420410156 311.804962158203 312.037200927734 312.149871826172
302.097930908203 303.134826660156 303.18994140625 301.966094970703 299.121185302734 294.318176269531 291.453887939453 283.203552246094 294.627838134766 296.831787109375 301.915191650391 303.266632080078 304.274017333984 304.412933349609 303.935913085938 302.991119384766 303.287719726562 304.295715332031 297.805480957031 287.41259765625 287.067840576172 287.523223876953 288.353637695312 289.872650146484 290.752655029297 290.776550292969 291.032104492188 297.087860107422 299.046325683594 304.090759277344 308.629516601562 309.401794433594 309.726593017578 309.843231201172 309.962951660156 309.768402099609 310.057464599609 310.361907958984 310.69384765625 310.190856933594 309.825103759766 310.450469970703 310.707824707031 310.640258789062 310.9404296875 311.234191894531 311.776214599609 312.088043212891 312.124114990234
301.994354248047 302.960784912109 303.006896972656 302.709777832031 302.161926269531 298.841400146484 289.267425537109 283.497894287109 295.754425048828 297.524353027344 301.171020507812 303.118377685547 303.979248046875 303.396636962891 303.853942871094 302.901885986328 302.204833984375 303.841217041016 301.453979492188 295.593414306641 293.7236328125 295.009429931641 293.928649902344 290.645568847656 291.412170410156 292.053497314453 289.407348632812 291.606018066406 291.673980712891 305.068695068359 308.741821289062 309.099090576172 309.255004882812 309.598175048828 309.392578125 309.164215087891 309.541412353516 310.06494140625 310.274688720703 309.595520019531 309.321044921875 310.274932861328 310.344329833984 309.931060791016 310.295196533203 311.158111572266 311.9873046875 312.363037109375 312.458770751953
301.99853515625 302.4697265625 302.43115234375 302.701324462891 302.343109130859 299.112396240234 289.848510742188 293.341644287109 299.588989257812 301.461853027344 301.764251708984 303.359527587891 303.261627197266 301.857360839844 303.601013183594 303.153350830078 302.098052978516 303.173919677734 302.957366943359 303.012786865234 302.496246337891 302.145263671875 298.043090820312 293.289001464844 296.095977783203 297.858306884766 292.596435546875 288.758117675781 287.821746826172 301.399475097656 308.683990478516 308.497009277344 308.430755615234 308.958038330078 309.103240966797 308.946899414062 309.4765625 309.774230957031 309.452697753906 308.996917724609 309.057800292969 309.947845458984 309.962219238281 310.054718017578 310.614349365234 311.307739257812 311.833068847656 312.255584716797 312.529083251953
301.242065429688 300.609954833984 301.237884521484 301.146606445312 300.995361328125 297.773468017578 288.806121826172 300.121765136719 300.780792236328 301.837280273438 302.553253173828 302.71826171875 301.399749755859 299.321075439453 299.175933837891 301.734741210938 301.683502197266 302.539337158203 301.716522216797 301.076629638672 303.666870117188 302.549194335938 300.668731689453 298.888763427734 298.983673095703 303.061798095703 295.619842529297 292.254425048828 301.535064697266 307.965240478516 307.351989746094 307.737945556641 307.664123535156 308.252075195312 309.194366455078 309.624206542969 -3.4e+38 309.418762207031 309.25732421875 309.818939208984 310.204040527344 310.185577392578 310.460021972656 310.740325927734 311.093475341797 311.650146484375 312.200073242188 312.285736083984 312.294677734375
299.506744384766 297.011413574219 301.023193359375 299.912353515625 298.795959472656 299.822540283203 293.018402099609 296.411834716797 300.548034667969 301.521789550781 302.345153808594 301.909637451172 298.9521484375 293.251251220703 291.786315917969 301.275756835938 302.081695556641 302.907806396484 300.879791259766 298.541076660156 302.508148193359 303.867767333984 303.442047119141 303.968170166016 302.496551513672 -3.4e+38 295.104095458984 295.007659912109 306.357482910156 307.771026611328 306.807373046875 307.000396728516 307.522521972656 308.255950927734 309.169219970703 309.278747558594 309.755584716797 309.79443359375 309.486297607422 309.807403564453 310.365142822266 310.437042236328 310.452026367188 310.986175537109 311.306640625 311.515808105469 311.732330322266 311.814819335938 312.198883056641
298.823181152344 296.626403808594 300.171539306641 299.722076416016 297.798706054688 298.907470703125 295.532653808594 287.471832275391 294.212768554688 301.102600097656 301.927307128906 301.586791992188 297.592559814453 288.788787841797 287.749633789062 298.950805664062 302.876037597656 303.36962890625 301.711303710938 298.779388427734 299.780700683594 303.557647705078 304.400482177734 -3.4e+38 305.171569824219 -3.4e+38 293.906280517578 298.497985839844 307.362609863281 307.310363769531 306.637603759766 306.973236083984 307.53662109375 308.325988769531 309.067779541016 309.272766113281 309.614196777344 309.865020751953 309.750854492188 309.833435058594 310.514190673828 310.735687255859 310.368682861328 310.678924560547 311.254180908203 311.508056640625 311.526062011719 311.570343017578 311.787933349609
298.407196044922 298.225372314453 296.181427001953 292.537841796875 298.761566162109 297.297119140625 295.179290771484 281.949920654297 285.679656982422 297.517272949219 300.741455078125 298.415130615234 296.352569580078 291.512023925781 286.063781738281 294.063781738281 303.259338378906 303.364166259766 301.329742431641 297.517608642578 298.246490478516 302.796081542969 303.965728759766 304.743591308594 -3.4e+38 -3.4e+38 300.342895507812 304.19287109375 306.789733886719 306.859008789062 306.627136230469 307.620910644531 307.959228515625 308.722686767578 -3.4e+38 309.660308837891 309.578369140625 -3.4e+38 310.153991699219 310.011871337891 310.652954101562 310.847686767578 310.784301757812 310.805267333984 311.1796875 311.468627929688 311.576690673828 311.594085693359 311.552276611328
297.103454589844 293.112548828125 285.627044677734 283.602447509766 295.115234375 298.231323242188 296.541564941406 281.451110839844 284.896636962891 297.226654052734 295.82373046875 286.789245605469 285.133087158203 290.731506347656 294.223449707031 295.422973632812 299.015716552734 303.564025878906 301.007171630859 296.799560546875 298.58349609375 299.169372558594 302.966979980469 304.775238037109 -3.4e+38 -3.4e+38 305.558959960938 305.902130126953 306.134063720703 306.854583740234 306.691528320312 307.412109375 307.778717041016 308.426971435547 -3.4e+38 309.217742919922 309.046508789062 -3.4e+38 -3.4e+38 310.365814208984 -3.4e+38 310.921478271484 311.064147949219 311.100830078125 311.178314208984 311.356262207031 311.467224121094 311.575134277344 311.592254638672
295.558807373047 286.970733642578 282.047241210938 282.514617919922 289.464904785156 297.954162597656 296.665985107422 285.611145019531 289.558288574219 298.093841552734 288.796020507812 278.050537109375 272.927917480469 282.058929443359 296.574401855469 300.020263671875 299.153381347656 303.562286376953 302.28271484375 299.242095947266 296.917175292969 294.620239257812 299.557586669922 304.759674072266 305.516418457031 305.903900146484 305.295501708984 305.595611572266 306.367492675781 307.279876708984 306.848724365234 307.372680664062 307.378631591797 308.032958984375 308.587585449219 308.163848876953 308.636108398438 309.762298583984 310.353576660156 310.470581054688 310.623016357422 310.990692138672 311.027954101562 311.064605712891 311.093933105469 311.156219482422 311.378601074219 311.538879394531 311.572784423828
292.346313476562 284.450775146484 281.605346679688 280.057373046875 286.768798828125 295.884887695312 295.112548828125 290.998168945312 293.672149658203 296.569854736328 285.3076171875 274.953308105469 268.814056396484 280.269683837891 293.583679199219 301.079559326172 301.831329345703 303.352478027344 302.961364746094 299.918060302734 295.407135009766 296.295318603516 300.161102294922 304.623352050781 305.605499267578 306.142303466797 305.284301757812 305.593017578125 306.310363769531 307.593353271484 306.975189208984 307.945709228516 307.832061767578 308.175262451172 308.510986328125 308.193817138672 308.434234619141 309.71826171875 309.966430664062 310.237915039062 310.562377929688 310.713531494141 310.918884277344 311.028045654297 311.023223876953 311.014373779297 311.318054199219 311.404632568359 311.461883544922
289.320159912109 285.847869873047 280.448028564453 278.424591064453 288.179870605469 294.687957763672 294.504150390625 291.545166015625 291.800689697266 287.832611083984 286.356628417969 277.701416015625 274.847869873047 288.323669433594 298.643524169922 301.448547363281 301.906097412109 303.443420410156 303.222473144531 299.349456787109 296.284057617188 301.520080566406 303.764251708984 305.128295898438 305.898590087891 306.144195556641 305.718597412109 305.601684570312 306.437835693359 307.615570068359 307.241058349609 307.531280517578 308.269958496094 308.356903076172 308.609375 308.694000244141 308.481842041016 309.555358886719 309.631652832031 309.950805664062 310.412567138672 310.283782958984 310.610961914062 310.9912109375 311.010223388672 311.003356933594 311.046081542969 311.076324462891 -3.4e+38
