rcp4.5models/GFDL_CM3/sc1gr7.3
NCOLS 261 
NROWS 433 
XLLCORNER 336357.134 
YLLCORNER 654653.479 
CELLSIZE 1000 
NODATA_value -9999 
[rows 44 to 65 of 433, columns 100 to 149 of 261]
72.598139303788 72.3978162582506 72.2787351559545 71.9123695500251 71.8342260327338 71.7086132289877 71.5896197311073 71.5942437019853 71.2303049526649 71.2249798937663 70.9769678277912 70.6768534199553 70.2389137477311 70.364437183357 70.1795973719078 69.9695295243524 69.9748110727418 69.8813208822214 69.8380375968739 69.5506898792229 69.5600182873161 69.423398519856 -9999 -9999 -9999 -9999 -9999 -9999 -9999 -9999 -9999 -9999 -9999 -9999 -9999 -9999 -9999 -9999 -9999 -9999 -9999 -9999 -9999 -9999 -9999 -9999 -9999 -9999 -9999 -9999
72.3952974383431 72.1109244695132 72.0533119318988 71.9719160076423 71.5840637941873 71.524081874081 71.4479044381429 71.407456905487 71.1885934901465 70.9545008679253 70.9261254206101 70.7217170859149 70.2537914213027 69.9515286361678 69.8494962040098 69.7099615706086 69.5802367913539 69.4800320884711 69.3004664413622 69.0205868047507 69.0557216956925 68.9356037297896 68.7216437241719 -9999 -9999 -9999 -9999 -9999 -9999 -9999 -9999 -9999 -9999 -9999 -9999 -9999 -9999 -9999 -9999 -9999 -9999 -9999 -9999 -9999 -9999 -9999 -9999 -9999 -9999 -9999
72.3427341025533 71.9252340010197 71.894632740202 71.8615818984858 71.5471846031139 71.4482065019057 71.2814316665031 71.2192303572305 71.1257653174877 70.7389566020626 70.7235795485976 70.5607446103541 70.2220577579832 70.0246399903213 69.9788505955745 69.6114231550017 69.4588724707888 69.2907591592365 69.199012691088 68.9512638636521 68.917370492613 68.7671243061811 68.5513693577901 68.5509571799164 68.1577426422038 -9999 -9999 -9999 -9999 -9999 -9999 -9999 -9999 -9999 -9999 -9999 -9999 -9999 -9999 -9999 -9999 -9999 -9999 -9999 -9999 -9999 -9999 -9999 -9999 -9999
72.4957555572193 71.8145498421338 71.8313844674052 71.7716751195023 71.5670741002196 71.3226703557059 71.1904261864093 71.0700045972246 71.05166492024 70.6777994247412 70.6046574681586 70.4943151452306 70.1242075343147 70.0406948479795 69.9976212110862 69.663235035379 69.2311037713841 69.0928090330299 69.0382161506516 68.7481235707412 68.7475369218185 68.6778551191645 68.545796084089 68.3421786806846 68.0599070590367 -9999 67.5092712454853 -9999 -9999 -9999 -9999 -9999 -9999 -9999 -9999 -9999 -9999 -9999 -9999 -9999 -9999 -9999 -9999 -9999 -9999 -9999 -9999 -9999 -9999 -9999
72.348061524267 71.9468866081243 71.8658254256519 71.5284898230755 71.3808564980634 71.0911800319881 71.0451346340405 70.8511367417436 70.866482431517 70.4905630475445 70.4111632453821 70.3776275771586 70.0661346513417 69.855488032962 69.909724858479 69.7274925094167 69.2898679624 69.005461167021 68.926743435186 68.6225299349482 68.58233953767 68.5094853551499 68.4749871174709 68.2920744980839 67.9907579254154 67.7515394423936 -9999 -9999 -9999 -9999 -9999 -9999 -9999 -9999 -9999 -9999 -9999 -9999 -9999 -9999 -9999 -9999 -9999 -9999 -9999 -9999 -9999 -9999 -9999 -9999
72.0543797747487 71.8421622004493 71.6865115883489 71.4798433638101 71.3093522703209 71.1828901567686 70.9093931649861 70.7137639439021 70.7765805920494 70.5635873063992 70.3086051557948 70.2648660650352 69.8531198299441 69.6721394457877 69.6667723158733 69.5536034957246 69.2885875687116 -9999 68.8055007420278 68.5150500391333 68.5001281483184 68.3632561073906 68.2883031119396 68.0282217292137 67.9034132294161 67.6988604241226 67.4364708764272 67.1828304207014 67.0118646242845 -9999 -9999 -9999 -9999 -9999 -9999 -9999 -9999 -9999 -9999 -9999 -9999 -9999 -9999 -9999 -9999 -9999 -9999 -9999 -9999 -9999
71.915309500153 71.516685530142 71.3793898261195 71.3831880620821 71.3009691877724 71.1913357394954 70.8744474916507 70.5693189648042 70.6155291831611 70.5039892647855 70.154763185823 70.1498883003333 69.7309641562059 69.6160496271619 69.5254077835947 69.4125579668326 69.1964204576859 -9999 68.7830489450527 68.2946519934976 68.3458850600546 68.2124478626665 68.117230008291 67.8348805843116 67.7409331858173 67.5415291454707 67.5139136447218 67.2715699367108 66.8488538470601 66.7597516225474 -9999 -9999 -9999 -9999 -9999 -9999 -9999 -9999 -9999 -9999 -9999 -9999 -9999 -9999 -9999 -9999 -9999 -9999 -9999 -9999
71.7375959307096 71.5559473453954 71.2858196040199 71.2322885268418 71.2357129320221 70.8813262858945 70.7742287049907 70.4610441544201 70.2856232415302 69.9718609191803 69.8649406107487 69.8072440033411 69.4356135076705 69.3219680756834 69.3728581851654 69.3769573052356 69.072603615739 68.8426577071762 68.6885732291667 68.3588114737349 68.2040270543668 68.1065963302356 68.0701766613958 67.7878187395198 67.6623022310211 67.4192069071393 67.3521984783723 67.2862321108051 66.9313455006126 66.6448025541356 -9999 -9999 -9999 -9999 -9999 -9999 -9999 -9999 -9999 -9999 -9999 -9999 -9999 -9999 -9999 -9999 -9999 -9999 -9999 -9999
71.7277042822442 71.5581271408885 71.273975643772 71.2027803955843 71.0595800576616 70.7880322459191 70.6244654147495 70.4661831629596 70.3044251239197 69.691124836251 69.6514063373031 69.5975194758821 69.2110475172049 69.0887544538581 69.1384573318043 69.0821180103023 68.7166642513136 68.6834758671789 68.5562739137073 68.3583855749486 68.2399384937743 67.9679979024686 67.9280600233506 67.6673820633508 67.5130081987908 67.3168556579417 67.1902625513019 67.1392873408997 66.860965050066 66.4937668061602 66.4624425119648 -9999 -9999 -9999 -9999 -9999 -9999 -9999 -9999 -9999 -9999 -9999 -9999 -9999 -9999 -9999 -9999 -9999 -9999 -9999
71.6269944521419 71.4058294141733 71.1172023044212 71.0160345693248 70.895987709319 70.7457134406162 70.4009202935504 70.4073809966471 70.2725231808093 69.8648749349762 69.7198445904049 69.6914206147154 69.0751379980633 69.0022537812504 68.9556625177724 68.8781191843048 68.5249059637145 68.544765179587 68.3948951361196 68.3197379355948 68.150400995256 67.7777656134174 67.6576552247606 67.428281593833 67.3247921415905 67.0646513855604 66.9567072146485 66.9936206774766 66.683406756776 66.3351577302062 66.2775337585455 66.122893988756 -9999 -9999 65.6631308729502 -9999 -9999 -9999 -9999 -9999 -9999 -9999 -9999 -9999 -9999 -9999 -9999 -9999 -9999 -9999
71.495048691532 71.2005161690654 71.1315371615088 70.8260792082135 70.7389911684963 70.4428979018833 70.3245240046243 70.2395345124951 70.1705971333085 69.8483973134803 69.6872898478498 69.6025421678559 68.8956598812333 -9999 68.780857764444 68.8027842435371 68.4788103067875 68.4741450001388 68.3290368208962 68.2215553655528 67.9745593971627 -9999 67.7158320245838 67.2531724543652 67.0924630695379 66.8425718476359 66.7397838739355 66.7093303406323 66.5275112386348 66.4593127576148 66.1176603724746 65.9752999264074 65.9376493520995 -9999 -9999 65.4770278930664 -9999 -9999 -9999 -9999 -9999 -9999 -9999 -9999 -9999 -9999 -9999 -9999 -9999 -9999
71.1609459375601 70.9276007500462 71.0575783688018 -9999 70.5324115654027 70.1184162524848 -9999 69.9913216338085 69.8648351242509 69.5581242366924 -9999 69.5386808885138 69.1128669375114 -9999 68.6735317634359 68.6506116894001 68.3106598820905 68.2791998824974 68.2124325537597 68.1293360045484 67.7918849231842 67.7447413148812 67.5882490068056 67.0831897026725 66.9832458567183 66.7197969964854 66.6416395509326 66.5386224306682 66.3347979822425 66.4059653599346 66.1430635209519 65.7617599642927 65.6352925085051 -9999 65.542605326142 -9999 65.0806732177734 -9999 -9999 -9999 -9999 -9999 -9999 -9999 -9999 -9999 -9999 -9999 -9999 -9999
71.1616213532085 70.8912566699999 -9999 -9999 70.1775398317213 69.9711136620141 69.6640079463306 69.6756748130342 69.4439051407824 69.4698781362222 -9999 69.2755813708377 69.0991380689294 68.7131526487632 68.4404205591685 68.1604874516579 67.8365849640517 67.9714689188416 67.8963523312876 67.6563040571293 67.4499359847156 67.4952852937483 67.214249331013 67.0024173002212 66.5571290472805 66.3347257285657 66.264123636075 66.1675045519937 66.0301886645507 65.9760152316485 65.5971378651866 65.2860690794549 65.2898240700842 65.1154217407914 64.9889383932942 64.8578262192351 -9999 -9999 -9999 -9999 -9999 -9999 -9999 -9999 -9999 -9999 -9999 -9999 -9999 -9999
70.9804243940095 70.8085825770467 -9999 -9999 70.1416848134035 69.8674476608292 69.7207210483985 69.5240280472763 69.4347131411403 69.3614752430823 69.4029325775416 69.0232469177962 68.8290294851484 68.4877585683859 68.3193008850961 67.9933712609102 67.6545943798384 67.832845503098 -9999 67.3579678009769 67.3036458847968 67.3702409842268 66.8787356530307 66.893392978245 -9999 66.2259850956741 65.9931427475096 65.9515318966563 65.9096127103928 65.8881576082807 65.486515339607 65.1630254314438 65.1547166990847 64.9699496337628 -9999 -9999 -9999 -9999 -9999 -9999 -9999 -9999 -9999 -9999 -9999 -9999 -9999 -9999 -9999 -9999
70.7592368180232 70.7928052441025 -9999 70.5001510533415 70.125378341959 69.9620405734332 69.8940635268982 69.3998995562032 69.3048502076799 69.2168178146794 69.1912501622007 68.8794029701484 68.5765588775754 68.3776273084348 68.2912625577141 68.0727473323407 67.806054367236 -9999 -9999 67.0948795019965 67.1296422079201 67.0245346173017 66.723771260454 66.7036556123346 66.1171338160884 66.1069853652088 65.932612010241 65.6550058090598 65.5757554224279 65.5518637322152 65.3351856618525 65.029086194771 64.8706171203063 64.7533553552315 -9999 -9999 -9999 -9999 -9999 63.8161860777752 63.6015433262443 -9999 -9999 -9999 -9999 -9999 -9999 -9999 -9999 -9999
70.5313124959023 70.623504978765 70.5413704153931 70.4552560900596 70.0432013179843 70.0318772478104 69.9919088575205 69.499620762671 69.1647990069664 69.110401629089 69.0084182351093 68.7288179569316 68.4826470089106 68.211899648734 68.2308928465671 68.0687437573022 67.8435566814642 67.6557532384004 67.3862039865605 66.9810456924061 66.949998843294 66.7758161628947 66.6066286668502 66.5728797829178 65.863449036962 65.8058738421711 65.6664988493236 65.4441232243701 65.3480554039335 65.2050219163648 65.1509355797198 65.0130674777122 64.7037752137893 64.6469505444356 -9999 -9999 -9999 -9999 -9999 -9999 63.554507241474 63.4351575245205 -9999 -9999 -9999 -9999 -9999 -9999 -9999 -9999
70.3040601711407 70.4801583477558 70.4148544799342 70.281228818574 69.9818960621822 69.8307403682933 69.8017527987422 69.4192874734331 69.2532448448151 69.2481853946065 68.8399614421448 68.5935509303024 68.4322815127829 68.087209853162 68.0516965483709 67.9053192113697 67.6587549024846 67.5794039814976 67.0958586245257 66.9018636324317 66.8898794185755 66.7331699397528 66.4922755755048 66.4509781207702 65.6782139119563 65.6317507380625 65.42611033126 65.3336948106937 65.1248972506544 65.04964870827 64.9986252029258 64.978790882982 64.8992164834935 64.558150930466 -9999 -9999 -9999 -9999 -9999 -9999 63.4525908099042 63.3463914835509 -9999 -9999 -9999 -9999 -9999 -9999 -9999 -9999
70.1997834808741 70.3067982150508 70.2690800132209 70.1350094155944 69.9544898163907 69.7193789704287 69.6152160862798 69.1326238334451 69.2581308507848 69.2094775481052 68.8705080496931 68.4964677965951 68.3479445983306 67.9437129882092 67.8513520571825 67.7679778694721 67.520780537527 67.4627746296065 67.1624817796261 66.7201540930427 66.7653798338469 66.5966447538811 66.3492407655989 66.3527032377114 65.5778373388301 65.4235448228269 65.3211305252429 65.2467860284034 64.9958832377569 64.9812062462522 64.8253265120042 64.870422311485 64.8766904814771 64.4437084201878 64.4039429461574 -9999 -9999 -9999 -9999 -9999 -9999 63.2004740534866 63.0855252004772 -9999 -9999 -9999 -9999 -9999 -9999 -9999
69.9924359809312 70.0933290981436 70.0545545904583 70.0473963165873 69.7602032755178 69.5550845429519 69.3440182471638 68.9037918836445 69.0214045417045 68.9327023955435 68.8282083272413 68.4423126636273 68.0904608875934 67.8467706639055 67.656839490846 67.729403328638 67.3931451598173 67.395557951531 67.2721389538645 66.6686955017031 66.5538931671293 66.381813941878 66.20514197636 66.1191748898933 65.6602018126609 65.2106545966645 65.2149765566994 65.0772595171328 64.7937976983085 64.7772470803608 64.7326243834061 64.8506502138587 64.6045411919769 64.1793955723649 64.164738055753 63.7620387655093 63.7682721508764 63.645212465606 -9999 -9999 -9999 -9999 62.958115190521 -9999 -9999 -9999 -9999 -9999 -9999 -9999
70.3759735200997 69.8899923952806 69.8572549872263 69.9387045280491 69.6075913117967 69.3832731393991 69.1123468936242 69.0626052073612 68.812326811026 68.7579475840978 68.5794177019988 68.2713284324931 67.7412618994462 67.6670130889275 67.4695383711744 67.5398973144969 67.2770791331061 67.259328490875 67.1211001484193 66.6975890436556 66.2124543045639 65.9941934181966 66.0907921897378 65.9337164104817 65.6933154010232 65.4121244377035 65.0279806565792 64.7775038646271 64.6122686050762 64.6081326459876 64.7198855464097 64.6933743096322 64.4276036206659 64.1480805892218 63.8444667111318 63.4937401433026 63.4708304129506 63.291328078805 63.0970058710637 -9999 -9999 -9999 62.8059254554976 62.5749541368321 -9999 -9999 -9999 -9999 -9999 -9999
70.4851353128881 69.9082934856509 69.9074871892071 69.6393770631335 69.4528808126408 69.2332761893807 69.0286934233475 69.0169805937927 68.7259555582606 68.6012661404007 68.4554501081817 68.1652728580154 67.6124532661699 67.4396981379163 67.2834739963806 67.3048684722468 67.0624689594307 66.9782977094647 66.8575238485538 66.5757853147189 66.264947494876 65.7939699474853 65.7909882526563 65.5241262169152 65.5275643210985 65.2145186960397 64.7105543330722 64.4739421063144 64.4787328607669 64.5583544841789 64.5974176813513 64.4724257052794 64.178995341497 63.8182161700767 63.5189050671688 63.3276824895416 63.3200185345663 63.1239997257888 62.7355527875934 62.7826883460645 -9999 -9999 -9999 62.3612256548415 -9999 -9999 -9999 -9999 -9999 -9999
70.2410861889948 69.858116375016 69.8063411744039 69.6299447620925 69.5260040979725 69.0546150668052 68.977540247437 68.8090890016414 68.589339075483 68.4316165328703 68.3305426699116 68.0188608630736 67.7800378001528 67.3028090970523 67.1585162655796 67.123586303928 66.8884027916623 66.754964036703 66.6271333222776 66.3846055507102 66.3003608536873 65.7069818372024 65.6053282231369 65.3939312052801 65.3098444421259 64.9944094242398 64.5480279716268 64.300364263407 64.4090325182113 64.4848915986753 64.3934357024748 64.2729519644682 64.0350086381203 63.4688806515279 63.1986054732191 63.2207898500628 63.0941275307887 62.9343764578583 62.6275438676804 62.5204501151972 -9999 -9999 -9999 62.2299081016847 62.0307905079327 -9999 -9999 -9999 -9999 -9999
