rcp4.5models/GFDL_CM3/sc1gr5.0
NCOLS 261 
NROWS 433 
XLLCORNER 336357.134 
YLLCORNER 654653.479 
CELLSIZE 1000 
NODATA_value -9999 
[rows 154 to 175 of 433, columns 150 to 199 of 261]
300.745628052819 300.35089256118 299.839010357617 299.305081075217 299.187435523941 299.463188726126 300.211379816104 300.085360559852 299.835534866459 300.558537560204 300.02320564891 298.775413872857 299.862715879823 301.381546250189 301.046706414679 300.923388603678 303.622236813144 -9999 302.366263583537 306.075920125532 306.170398754185 306.393640747878 306.654224774197 307.093222520788 307.100398202751 307.203526790665 307.280443504651 307.217083822484 306.985806114351 306.929107151426 307.654658941733 308.186960959189 308.134657427536 308.103762673509 308.131844872194 308.15971290013 308.22249234618 -9999 308.332351676322 308.268894604362 308.26789342377 308.277352149081 308.373873211703 308.436198963715 308.482279284923 308.451743128047 -9999 308.636451691188 308.465543723507 308.307726650461
300.541377179115 300.317146538958 299.803481158639 299.309026031766 299.194691957079 -9999 299.68534656779 299.555916525331 300.029926531226 301.194949143153 300.582416788082 299.340822348954 301.050777974508 301.782060376667 301.590003575865 -9999 303.116885259842 301.726860296072 303.131247541722 305.965197805287 306.350993164508 306.470067539972 306.54087565343 306.827643016331 307.042916636455 307.192862553433 307.090355844904 306.79345745459 306.648216878337 306.815093885999 307.68639452735 308.016534636911 308.136577362692 308.118389172202 308.007772030916 307.973793424515 308.287741401042 308.274580757762 308.256238568976 308.283109083317 308.309707351375 308.33602700315 308.329855623067 308.441232727415 308.223578718177 307.910920611386 308.248228204754 308.525822922676 308.389316668119 308.243953430987
299.74947330053 299.786403919746 299.519470402012 298.951715211338 299.305662709461 299.345926598575 299.186007282628 299.18929693721 300.328421041379 301.242895128191 300.879313268641 300.084362610729 301.437210974717 302.011124223362 301.751446878506 302.537010951259 -9999 300.824741051817 304.826260292142 305.729449087414 306.250908912669 306.505484340426 306.546977501737 306.59527908082 306.776815060548 306.957124979369 306.728439948601 306.480581678884 306.488346640134 306.717581433625 307.596066599638 307.796859670357 307.849862011216 -9999 307.678732113067 307.657841357895 307.887200932985 307.868397102295 308.072035199039 308.355802227905 308.288127520891 308.255987793509 308.117281441723 308.064473621587 307.955946311461 307.584146255102 307.936224892613 308.366917593532 308.33165542773 308.242888726468
298.959897900699 299.006358150188 299.168435932912 298.707502192732 299.366115121386 299.078465352015 298.719856415097 298.895990310007 300.675370747641 301.740999368283 301.676338581754 301.303477615859 301.814027408681 301.917157527964 302.385739507685 302.598338098975 302.348163884444 302.466773294917 305.228002766222 305.751891527921 306.253878568835 306.466525819466 306.576121135784 306.640075520927 306.672680704998 306.647884035681 306.308724672346 306.268713677643 306.510587504709 306.678430186194 307.517424815684 307.724450307074 307.639638232379 -9999 307.509168825488 307.536815759569 307.564256389427 307.626575296393 307.849318620891 308.217310947335 308.368948178232 308.255939322843 308.174116266429 308.127408455756 308.143275975622 308.036211667401 -9999 308.377195511567 308.202742051769 308.137076850326
298.881397034914 298.471610749255 298.632439729538 298.552038318685 298.95330028894 298.749887990391 297.818856807456 297.971539886146 300.483559872183 301.511544881412 302.39483556436 302.392253201773 302.268399239832 302.05320500615 303.111994351033 301.794827111084 300.629116604431 304.408241449333 305.213879628883 305.854387136725 306.318705343666 306.425255724013 306.386948354281 306.403568207984 306.432423252643 306.383408249158 306.216443403116 306.261380119692 306.585446937916 306.881213775334 307.498804110159 307.619710817197 307.575783051198 307.601765531385 307.524043714457 307.551598488747 307.578953381503 307.633376260051 307.776330153847 308.100945568091 308.433369547727 308.373408579222 308.421715134741 308.448733771211 308.313378552297 308.374806408022 308.485039848247 308.421546945689 308.045293919768 307.964282378102
298.857822353814 298.35830338317 298.354911952281 298.402680917457 298.485068769202 298.546681511361 297.766100076895 297.560604747683 300.157293077039 301.355093289427 302.514175400481 302.896512117502 302.649233992067 302.796335975478 -9999 302.091085819304 301.935912534113 304.819454429289 305.304593032349 305.763999123912 306.120722629763 306.387196740017 306.402610666726 306.18986076444 305.985376115124 306.255529990298 306.317086076343 306.465034674999 306.687003508565 306.916254666388 307.208187358632 307.383577609599 307.510241683479 307.5577859656 307.470208583927 307.448723308821 307.593744331303 307.620780146701 307.7023011399 307.874693591806 308.090015383295 308.329670129122 308.38531583856 308.18112306511 308.196307299584 308.190660057421 308.258428808217 308.225432670067 307.926909113471 307.824826567387
298.461982400645 298.482660429267 298.443820815213 297.840637916889 297.831978513215 297.833311787045 297.425723443151 297.962734893749 299.752805216409 301.432344537614 302.139033724117 -9999 -9999 302.988185871247 -9999 303.831063356283 304.713797749655 304.921935105078 305.321315698077 305.655932938518 305.870590636513 306.166493640543 306.393968227452 306.111241682157 305.739746118521 305.933240597404 306.146129909526 306.428922346979 306.564426874201 306.673776384472 306.783121659444 307.012773064115 307.380231324531 307.526442558794 307.39708930236 307.208834271801 307.397537137991 307.576868458764 307.662243122661 307.7239920149 307.82831107746 308.040368336055 308.203625279994 308.024765121301 308.052406504315 307.959037283859 307.977893152731 308.137801745185 307.841178776352 307.572837026881
298.672860128336 299.135550109863 298.55027311601 298.158285244105 296.969721529666 296.64734602524 297.06122617048 299.044991357955 301.481598534734 302.216905090188 302.48840278502 -9999 -9999 302.932871823759 303.189844400647 304.220001225923 304.656126211013 305.073509274481 305.354116258957 305.632693304911 305.597920477956 305.568236844131 305.654298794045 305.600139489976 305.694719987604 305.756620176409 305.927924979729 306.228443366518 306.522890613177 306.570400413417 307.019452500898 307.121269872233 307.188955414181 307.27202355997 307.444618921678 307.518225405026 307.498318252343 307.492594340556 307.598198983992 307.596971368442 307.522418289799 307.512603305625 307.69849881558 307.734034252646 307.791912349801 307.836713097466 308.090667331337 308.119699568983 307.798020504342 307.486924489236
298.94921040702 299.654174046472 299.655666273932 298.547935966331 297.623236257309 298.098525473749 298.712876648149 299.704206670596 301.826529270852 302.263966387414 -9999 -9999 -9999 303.301747489667 303.280493583799 304.133021228544 304.525475395659 304.88155285536 305.24799462914 305.464913743844 305.473969487689 305.484649884282 305.498668002713 -9999 305.705550009249 305.687671779659 305.738006501744 306.163353586492 306.321274591115 306.194593326873 307.037098178917 307.150231602852 307.09172133564 307.19388556529 307.432926008168 307.46001379384 307.513996212802 307.55957815104 307.539946185769 307.566099947841 307.521473041846 307.429967463859 307.515743882759 307.562503826058 307.601028728875 307.824863160027 307.981326842197 307.920200429588 307.717989684337 307.558195118314
299.109747279715 299.701226348056 300.365439858732 299.79371422826 299.343722688786 299.955496371357 300.475895915875 300.658856670388 302.254953730856 302.430446332818 -9999 -9999 -9999 303.732133553254 303.744107510152 304.118860990423 304.351325089958 304.688634703428 305.197544056371 305.364614614243 305.384591896843 305.222209766907 305.109117186629 305.262605213281 305.602954104558 305.597753486797 305.665604796063 305.803695859424 306.005425982499 306.08609470767 306.891483162865 307.054091176013 307.119570110713 307.209134061261 307.380070940757 307.357301259019 307.501972505493 307.528512897173 307.485201006545 307.393739100182 307.364496405189 307.369600766326 307.448185849124 307.534753771993 307.525814763779 307.682503242844 307.589887210408 307.612900596496 307.644425887291 307.652713145545
298.971859730168 299.155122558258 300.004402159994 299.978947189575 300.149136864687 300.608348815919 300.974796307474 301.302507960782 302.397131599883 302.548888380706 -9999 -9999 303.509528456835 303.823023163764 303.960369010308 304.211081939065 304.294229293565 304.656377815992 305.177717324258 305.189330850861 304.976087193627 304.739245281801 304.695890920794 305.020993609068 305.421564541004 305.437091469642 305.660853021115 305.780637004624 306.015256955226 306.545498939859 -9999 307.02026227168 306.97073681366 307.063762993731 307.130561831623 307.117910959085 307.203009691512 307.204767572551 307.33920557378 307.449377355335 307.475267869214 307.555828934825 307.418634264725 307.477734105022 307.467603231759 307.525013203996 307.459434043828 307.445929533841 307.475604997505 307.562602152274
298.525319645488 298.835769748115 299.560069710996 299.314586041023 299.456325557345 300.644990820315 301.285998921946 301.60120438571 302.283987994784 302.504012569041 302.61722326124 302.827149766043 303.322868084404 303.839258927894 304.101279657599 304.259117850584 304.373061685762 304.673689371359 305.05185965778 304.724800388879 304.581890331286 304.625317738905 304.59519143713 304.766084172552 304.879552699466 305.126939354806 305.681074041433 305.997136324208 306.379856010714 306.808059814697 307.08941098286 306.965414391258 306.877716412861 306.985731592271 307.038004084945 307.108071161703 307.181859469035 307.012315652261 307.166302856224 307.330109378766 307.460486990198 307.661385584228 307.377776073149 307.402170414037 307.462218600464 307.508049423999 307.473385706478 307.468491468262 307.475054680647 307.513361832292
298.228672871021 298.201317481625 298.952954735069 298.62299177768 298.608420738268 300.322821072935 300.939723230529 301.270770629693 302.119608275768 302.474200185112 302.486229485119 302.656109884155 302.969707453157 303.6716922183 304.095404926567 304.270837896371 304.348173426476 304.475654501335 304.626490717598 304.496365186767 304.647670033629 304.748337205382 304.759181850468 304.790158614395 304.613059511846 304.80916709551 305.637399399171 306.117838730457 -9999 306.804425840289 306.980844493566 -9999 306.940456167858 307.061675628051 307.125459921552 307.042824849347 307.186936061625 307.073645460112 307.168807046316 307.242631672794 307.302749151657 307.5121001699 307.57982584664 307.568632704457 307.526279976339 307.580910474182 307.603380407341 307.546717731402 307.5907183973 307.370680523728
297.679155701711 297.79672239817 298.085700390229 297.372583175046 298.652985902758 300.002966464303 300.663220186317 301.007127011952 301.950289890169 302.250932434864 302.124436340694 302.568850825009 302.789721376421 303.265429991723 303.64414150903 304.079642849152 304.168377035525 304.318622569777 304.129593727214 304.330746559184 304.735761911338 305.130400350815 305.273591284764 305.264315433566 305.038117558111 304.963695080012 305.665504079341 -9999 306.538361145319 306.727518280643 306.901773615248 306.929028251554 -9999 307.03654953069 307.009098473425 306.803558803083 306.944791188556 307.088729063841 307.168919979838 307.232325230699 307.150416468334 307.059837285891 307.739874792409 307.73643804426 307.68756200952 307.649822552079 307.590475474054 307.624670909451 307.633479083122 307.31292956105
296.572498780289 296.867162123242 296.248462784045 296.341543800449 299.373015456694 299.969740061366 300.651771731538 300.962209946895 301.769141444977 301.884267911337 301.88640344848 302.498519527334 302.808859553467 303.181056016876 303.578461851618 303.886466260428 304.025076265826 304.152151439563 303.911193318878 304.167559890756 304.513213157033 305.056124412343 305.490901278668 305.530263232996 305.518723315047 305.512080386955 305.730221804656 -9999 306.404392158674 306.436028445663 306.732553694601 306.826052230635 306.971795818478 306.96501014159 306.84493693286 306.786144311416 306.916340759766 306.986103130624 307.129550559142 307.155040240878 307.125668350004 306.891606480185 307.485367107814 307.719990470971 307.802024400373 307.734120405668 307.501069766369 307.477389946131 307.59304499586 307.493842550682
295.446832477478 295.020815842338 294.115954475202 294.823094808699 298.358981566816 299.624468010493 300.443330748663 301.30563293392 301.520102985795 301.31429164482 301.880016504355 302.465909636924 302.766494706619 303.17355058643 303.77167999408 303.854158536213 303.99287764225 304.08180059198 304.125434048404 304.190674919569 304.414748607675 304.682291439558 305.16542311853 305.426483414932 305.626492728621 305.699620726237 305.746656556348 306.06935601236 306.09775886706 306.129833294099 306.600304841283 306.680422331914 306.802163200365 306.801954531157 306.686975856073 306.703189726274 306.980145039903 307.025782504904 307.144509548999 307.169868150008 307.194962778909 307.110434865121 307.242765151152 307.407475988587 307.605672529766 307.717718092006 307.576481583964 307.317618890355 307.159784826783 307.305771080604
295.696351070251 294.437788095164 292.323537298075 292.707482985632 297.168413809398 299.739936953023 300.591316844733 301.22776787342 301.042938049315 301.131934025486 301.840845353354 302.176100861125 302.641798763722 303.031845245566 303.543230276714 -9999 304.010475864462 304.149317263782 304.311706102499 304.354796732226 304.48117808553 304.559852204367 304.736956382577 304.945656340332 305.290602376165 305.587135308086 305.638728030494 305.790634755064 305.738057028305 305.860168037191 306.616253866244 306.576848306563 306.48462277275 306.511019002334 306.584535658005 306.808539217878 306.9595391878 306.923161447649 307.100639039473 307.18468547018 307.209661905623 307.234362081382 307.079568932109 306.934054226543 307.398124551982 307.508066599304 307.283135695073 307.193644001318 306.856618887883 307.097416700228
296.149561555287 294.907670054763 293.460939892845 294.509815625253 297.557180493439 300.076096615535 300.84803565821 300.802582188911 300.901132649099 301.556615836641 301.750185684625 302.003242445884 302.67690826644 302.939868162802 303.239257641271 303.643963574888 304.028087790047 -9999 304.365789202159 304.470906661017 304.498390746305 -9999 304.55341291434 304.606642094147 305.003255990879 305.577931799254 305.522588578775 305.475364925449 305.397966506896 305.652629598097 -9999 306.539713590801 306.352199266443 306.345222717721 306.459602141408 306.772157363472 306.730072761943 306.575972284649 306.730996439605 307.023221749008 307.224334757231 307.248913285417 306.89111757159 306.866380523831 306.943334123492 306.940772011729 306.851217978645 306.907664287926 306.812164312119 307.110136912616
296.41882222627 295.269715661928 294.820101566211 297.635347130056 298.615807233015 299.978093825621 300.614876037687 300.929955789087 301.163897174424 301.803700918518 301.776964271802 302.193615914238 302.800966978497 302.968971204246 303.158155553108 303.37019471586 303.862043994675 304.092305727106 -9999 304.48820514207 304.546844037421 304.666281665913 304.754257513057 304.718389053114 304.907366866444 305.282720117017 305.056932811072 305.185632944045 305.275614186674 305.686695316899 -9999 306.436826786207 306.36786922655 306.33414791957 306.273620163217 306.334622756539 306.468470066784 306.588210952027 306.571351401401 306.854382615976 306.924856924327 306.890194915563 306.866986322629 307.038845419864 306.664043334292 306.669222435129 306.808463466109 306.875618113707 306.817131810799 307.035788753634
296.708074661136 296.109672997335 295.311447137534 297.632714406696 298.723719000349 299.218724908134 298.933015746326 300.928052961315 301.142890506175 301.850718730792 -9999 302.779804458723 302.836534927646 302.955124174584 303.032571895581 303.09797245808 303.297491516836 303.499802803446 303.676635279962 304.147042409272 304.184721819158 304.430712020728 304.714833861903 305.06948979303 305.051528055031 305.163612987915 305.25812056427 305.261681484889 305.468367064372 305.71778104403 -9999 306.1023805125 305.892943768192 306.046890846057 305.998393476497 306.03698594246 306.168748463879 306.301706553324 306.459937301638 306.336801855222 306.268075329575 306.450202634375 306.700414321093 306.769511119055 306.764915979096 306.741969731058 306.764258635508 306.849525504603 307.029739906246 307.340139648331
296.326167892248 297.217194149976 297.008314299546 297.632025993553 299.200456519107 299.645468739752 299.833866831135 300.983429365557 301.57397501511 301.84602072303 301.946827321213 302.309710534759 302.359213539771 302.584427436532 302.793486590589 303.107467928963 303.173536253695 303.231137510971 303.319204920223 304.130649310062 304.085331778098 304.374591612859 304.647008361252 304.826216504249 305.035505158761 305.081660070298 305.238894284251 305.490648895543 305.782923818792 -9999 -9999 305.957980431638 305.833966974213 305.881341654844 305.966325125484 305.985132533491 306.06567937181 306.208834589953 306.165770907664 306.072344175076 306.130727654237 306.398276614776 306.721916705886 306.803777316648 306.791605988427 306.755623409093 306.777769969925 306.862767966296 306.951863227867 307.025161543236
296.810904294306 297.744730580108 298.198279176455 297.96615745706 299.358685055175 299.809531582525 300.54414656152 301.047969338212 301.53507495951 301.827054939652 301.748925970445 302.01934666425 301.952861410752 302.079235295645 302.498502077433 303.047818460397 303.085397763725 303.259635931247 303.33662132139 304.25494966874 304.311536564124 304.391572681777 304.638305730215 304.665271420037 304.775472055169 304.966423511207 305.11427774199 305.49563051491 305.799140982073 305.793277870059 -9999 -9999 305.903721776973 305.908344105301 305.948323964927 305.887639464661 305.952633109666 306.097237425783 306.00881658243 305.939465711907 306.12751012644 306.54930221965 -9999 -9999 -9999 306.804380096005 306.814247960301 306.817565550456 306.937535882472 306.85506593278
