rcp4.5models/GFDL_CM3/sc1gr10.13
NCOLS 261 
NROWS 433 
XLLCORNER 336357.134 
YLLCORNER 654653.479 
CELLSIZE 1000 
NODATA_value -3.4e+38 
[rows 132 to 153 of 433, columns 147 to 195 of 261]
494.927825927734 494.855621337891 495.826873779297 -3.4e+38 498.55419921875 500.554260253906 501.905303955078 504.486602783203 507.671020507812 508.259246826172 510.423797607422 518.955200195312 519.020385742188 517.438415527344 517.074279785156 517.658203125 518.045227050781 519.231323242188 520.596618652344 521.5224609375 522.973449707031 525.623046875 530.213500976562 528.619140625 527.524963378906 527.264404296875 528.090759277344 528.049133300781 527.941772460938 528.389221191406 528.70361328125 527.7626953125 526.882629394531 526.275634765625 526.314453125 526.578857421875 526.89306640625 527.7958984375 528.219177246094 528.489013671875 528.402038574219 -3.4e+38 -3.4e+38 -3.4e+38 -3.4e+38 -3.4e+38 -3.4e+38 -3.4e+38 -3.4e+38
493.829559326172 494.106353759766 495.497131347656 497.04443359375 498.066650390625 499.860382080078 501.425354003906 503.089385986328 506.518890380859 509.169555664062 511.182098388672 516.678588867188 515.605773925781 515.395629882812 515.385803222656 516.140441894531 517.091125488281 518.315307617188 519.590026855469 521.179565429688 524.120361328125 527.226501464844 529.306213378906 528.041015625 527.611755371094 528.000854492188 529.12158203125 529.593017578125 529.364074707031 527.706604003906 527.340698242188 527.071472167969 526.182800292969 525.835327148438 526.314575195312 526.552124023438 526.973876953125 527.553161621094 526.780212402344 526.820922851562 527.151672363281 -3.4e+38 -3.4e+38 -3.4e+38 -3.4e+38 -3.4e+38 -3.4e+38 -3.4e+38 -3.4e+38
492.632873535156 494.254180908203 495.474761962891 496.624328613281 497.451293945312 498.857116699219 501.248840332031 502.628570556641 504.616333007812 507.841888427734 510.000671386719 512.810546875 513.435729980469 513.636108398438 513.862060546875 515.360229492188 516.736633300781 517.730224609375 519.191955566406 521.698425292969 525.310791015625 527.671997070312 528.851623535156 528.221923828125 528.591186523438 530.004089355469 530.008422851562 529.842102050781 528.667175292969 526.940368652344 526.149963378906 525.839233398438 525.610961914062 525.938903808594 526.233581542969 526.706665039062 527.226135253906 525.44384765625 524.354064941406 -3.4e+38 524.827880859375 -3.4e+38 -3.4e+38 -3.4e+38 -3.4e+38 -3.4e+38 -3.4e+38 -3.4e+38 -3.4e+38
492.908599853516 494.581909179688 494.807586669922 495.40234375 496.768035888672 498.210510253906 500.166534423828 502.263366699219 503.882537841797 506.249847412109 -3.4e+38 -3.4e+38 510.952911376953 512.06396484375 512.830993652344 514.666259765625 516.291015625 517.896606445312 520.075012207031 522.982238769531 526.38232421875 527.793090820312 528.774108886719 528.395568847656 531.047607421875 533.237854003906 530.932312011719 529.251831054688 530.329711914062 531.242614746094 526.866882324219 524.822143554688 524.637939453125 525.196350097656 525.827026367188 526.39697265625 525.640014648438 523.280090332031 522.543212890625 -3.4e+38 -3.4e+38 -3.4e+38 -3.4e+38 -3.4e+38 -3.4e+38 -3.4e+38 -3.4e+38 -3.4e+38 -3.4e+38
492.716430664062 494.041442871094 493.772003173828 494.088684082031 495.869781494141 498.175750732422 499.579986572266 501.9140625 503.737121582031 506.5107421875 507.774780273438 -3.4e+38 509.423126220703 511.132965087891 512.473449707031 514.057556152344 516.098388671875 518.030029296875 520.884155273438 523.701904296875 527.032165527344 527.748596191406 529.165771484375 530.11669921875 531.998474121094 534.291931152344 531.027038574219 529.931030273438 531.646667480469 531.427368164062 527.213745117188 524.846557617188 523.864501953125 524.859558105469 525.542663574219 525.249694824219 523.627136230469 522.080322265625 521.515991210938 522.029052734375 522.557556152344 -3.4e+38 -3.4e+38 -3.4e+38 -3.4e+38 -3.4e+38 -3.4e+38 -3.4e+38 -3.4e+38
491.779296875 492.968780517578 492.515686035156 493.226959228516 495.0927734375 497.561553955078 499.993072509766 502.263977050781 502.725646972656 505.241424560547 507.471160888672 -3.4e+38 509.688659667969 511.111389160156 512.547729492188 513.874755859375 515.7177734375 517.539245605469 -3.4e+38 523.263610839844 526.487731933594 527.480224609375 529.472900390625 529.396728515625 529.009826660156 529.800903320312 528.507568359375 529.157897949219 529.540405273438 528.303527832031 526.653869628906 525.177734375 524.575622558594 528.624816894531 527.233337402344 524.913757324219 522.029541015625 521.161560058594 520.772644042969 521.880798339844 521.511962890625 -3.4e+38 -3.4e+38 -3.4e+38 -3.4e+38 -3.4e+38 -3.4e+38 -3.4e+38 -3.4e+38
488.226104736328 489.096405029297 490.425598144531 491.569549560547 493.569885253906 495.929626464844 498.289703369141 500.278228759766 501.606109619141 502.313995361328 -3.4e+38 -3.4e+38 510.295318603516 509.468017578125 510.774291992188 513.895690917969 516.246398925781 -3.4e+38 518.533813476562 521.642211914062 523.434997558594 527.254577636719 527.748046875 527.4375 524.77490234375 522.3662109375 522.47314453125 523.711120605469 525.346008300781 525.841430664062 525.054748535156 524.167297363281 523.724792480469 531.412231445312 523.788024902344 521.730834960938 521.12158203125 521.026672363281 520.881408691406 519.864013671875 518.801879882812 -3.4e+38 -3.4e+38 -3.4e+38 -3.4e+38 -3.4e+38 -3.4e+38 -3.4e+38 -3.4e+38
487.646728515625 488.247894287109 489.375793457031 490.373138427734 -3.4e+38 493.856262207031 495.701232910156 498.388824462891 500.186920166016 501.144775390625 502.508728027344 -3.4e+38 508.846221923828 510.43017578125 511.610961914062 511.986206054688 514.115051269531 -3.4e+38 -3.4e+38 519.8701171875 523.010375976562 527.660583496094 527.638000488281 525.802734375 523.021667480469 521.46240234375 520.541198730469 520.775085449219 522.30908203125 523.485534667969 523.853881835938 522.574462890625 520.327758789062 524.222412109375 520.620361328125 521.400146484375 521.971313476562 520.646301269531 -3.4e+38 517.845703125 -3.4e+38 517.023986816406 -3.4e+38 -3.4e+38 -3.4e+38 -3.4e+38 -3.4e+38 -3.4e+38 -3.4e+38
486.867889404297 487.576690673828 488.180206298828 489.629058837891 491.936309814453 493.800506591797 494.440612792969 496.983459472656 499.04443359375 500.360778808594 501.208709716797 504.149444580078 508.663452148438 509.542205810547 509.992156982422 510.104156494141 513.265319824219 515.979248046875 516.786376953125 518.712158203125 522.872131347656 526.579406738281 524.690551757812 522.685424804688 521.111694335938 520.380554199219 518.902465820312 519.225280761719 519.273864746094 519.600769042969 521.170043945312 519.684936523438 517.209106445312 518.671203613281 520.7509765625 522.558898925781 519.539489746094 518.010498046875 -3.4e+38 -3.4e+38 -3.4e+38 -3.4e+38 517.179138183594 -3.4e+38 -3.4e+38 -3.4e+38 -3.4e+38 -3.4e+38 -3.4e+38
485.531646728516 486.761413574219 487.528015136719 489.061737060547 491.715454101562 494.808807373047 494.988922119141 496.759399414062 499.173767089844 498.881103515625 499.739349365234 503.510162353516 505.846588134766 506.292358398438 508.317016601562 511.350036621094 513.745239257812 515.1318359375 515.063720703125 517.021667480469 521.015258789062 523.336975097656 522.232482910156 523.216857910156 520.80615234375 520.069030761719 519.155639648438 517.280883789062 516.732971191406 516.349487304688 517.987487792969 517.783020019531 515.924560546875 518.398864746094 520.243041992188 521.427917480469 518.569885253906 517.179748535156 -3.4e+38 -3.4e+38 -3.4e+38 -3.4e+38 520.02880859375 -3.4e+38 -3.4e+38 -3.4e+38 -3.4e+38 -3.4e+38 -3.4e+38
484.54052734375 485.452667236328 486.350280761719 488.162261962891 491.452056884766 493.678436279297 494.918212890625 496.514831542969 497.701538085938 496.54541015625 497.556457519531 501.788269042969 503.248321533203 505.295135498047 508.792419433594 511.824920654297 512.969482421875 512.927673339844 513.426635742188 515.469665527344 518.347717285156 -3.4e+38 523.008972167969 523.799438476562 521.152160644531 521.450622558594 521.611450195312 515.380310058594 514.715087890625 514.544921875 515.758544921875 515.610778808594 514.7578125 515.774169921875 516.966369628906 517.642761230469 517.363952636719 515.184265136719 -3.4e+38 -3.4e+38 -3.4e+38 -3.4e+38 520.778381347656 519.493103027344 -3.4e+38 -3.4e+38 -3.4e+38 -3.4e+38 -3.4e+38
483.075622558594 484.155517578125 485.061981201172 486.710510253906 489.323211669922 490.931701660156 492.499969482422 493.909240722656 495.474731445312 495.236206054688 496.05615234375 499.694183349609 501.955169677734 505.102447509766 508.610382080078 510.598968505859 509.880737304688 510.172454833984 511.513702392578 513.393188476562 515.773742675781 517.631225585938 521.997009277344 521.949768066406 522.862609863281 522.803405761719 518.673706054688 513.273620605469 512.979370117188 512.536560058594 513.247436523438 513.388122558594 512.883178710938 -3.4e+38 -3.4e+38 514.257690429688 513.886047363281 513.607421875 514.122741699219 -3.4e+38 -3.4e+38 -3.4e+38 517.336364746094 -3.4e+38 -3.4e+38 -3.4e+38 -3.4e+38 -3.4e+38 -3.4e+38
481.106994628906 482.910095214844 484.341613769531 485.649780273438 486.611663818359 488.075805664062 489.948577880859 492.810943603516 496.378082275391 495.525329589844 494.712951660156 498.551239013672 502.953155517578 506.292083740234 506.14892578125 506.727996826172 506.477325439453 507.88427734375 509.186187744141 511.144073486328 513.824340820312 516.2060546875 519.338684082031 521.140258789062 523.66552734375 522.550415039062 514.539916992188 511.964813232422 511.045013427734 510.012115478516 510.538970947266 511.516448974609 511.397888183594 -3.4e+38 -3.4e+38 -3.4e+38 512.012817382812 512.895751953125 513.412719726562 -3.4e+38 -3.4e+38 -3.4e+38 -3.4e+38 -3.4e+38 -3.4e+38 -3.4e+38 -3.4e+38 -3.4e+38 -3.4e+38
479.150268554688 480.767486572266 483.061859130859 484.775939941406 485.658355712891 486.428527832031 488.813079833984 492.243408203125 494.846466064453 494.299987792969 492.181091308594 496.947448730469 501.125885009766 504.058502197266 504.667114257812 503.405120849609 504.153472900391 505.293823242188 506.531921386719 508.631591796875 511.280914306641 513.852844238281 517.808532714844 520.926391601562 523.179626464844 520.399047851562 512.604858398438 510.065063476562 508.503540039062 508.006225585938 508.661102294922 -3.4e+38 -3.4e+38 -3.4e+38 -3.4e+38 -3.4e+38 -3.4e+38 512.129638671875 513.369079589844 512.422119140625 -3.4e+38 -3.4e+38 -3.4e+38 -3.4e+38 -3.4e+38 -3.4e+38 -3.4e+38 -3.4e+38 -3.4e+38
477.238128662109 478.630798339844 481.297821044922 483.24609375 485.090454101562 486.628479003906 488.374877929688 490.461486816406 491.167327880859 490.701049804688 489.362640380859 494.026977539062 496.454895019531 498.928070068359 501.630401611328 501.621765136719 501.390258789062 502.316497802734 504.110534667969 506.207366943359 508.835662841797 510.156005859375 516.045043945312 519.673828125 520.98095703125 515.283508300781 509.945648193359 507.045745849609 506.063812255859 -3.4e+38 -3.4e+38 -3.4e+38 -3.4e+38 -3.4e+38 -3.4e+38 -3.4e+38 -3.4e+38 511.434814453125 512.778015136719 513.792419433594 -3.4e+38 -3.4e+38 -3.4e+38 -3.4e+38 -3.4e+38 -3.4e+38 -3.4e+38 -3.4e+38 -3.4e+38
475.483795166016 476.407501220703 478.260131835938 481.082916259766 483.379180908203 486.087341308594 489.427612304688 489.284729003906 488.585021972656 487.86767578125 487.464019775391 490.24755859375 492.192535400391 494.969543457031 496.610595703125 497.516998291016 498.302703857422 499.809783935547 502.28564453125 504.947235107422 506.314483642578 507.147155761719 514.321472167969 516.547668457031 514.7900390625 -3.4e+38 506.157592773438 504.504486083984 503.934051513672 -3.4e+38 -3.4e+38 -3.4e+38 -3.4e+38 -3.4e+38 507.480529785156 508.207336425781 509.320953369141 510.195648193359 -3.4e+38 -3.4e+38 -3.4e+38 -3.4e+38 -3.4e+38 -3.4e+38 -3.4e+38 -3.4e+38 -3.4e+38 -3.4e+38 -3.4e+38
473.331573486328 474.286560058594 475.505004882812 -3.4e+38 481.110900878906 485.219207763672 488.391204833984 486.637420654297 485.797332763672 485.402557373047 485.766387939453 487.442840576172 488.761535644531 491.487487792969 493.904052734375 493.867004394531 495.910614013672 498.43701171875 500.277648925781 502.986083984375 503.491180419922 505.321075439453 506.792114257812 510.057434082031 509.372589111328 504.960479736328 502.640228271484 502.268127441406 501.853790283203 -3.4e+38 -3.4e+38 -3.4e+38 -3.4e+38 505.63720703125 506.5830078125 507.908508300781 508.659423828125 508.615844726562 -3.4e+38 -3.4e+38 -3.4e+38 -3.4e+38 -3.4e+38 -3.4e+38 -3.4e+38 -3.4e+38 -3.4e+38 -3.4e+38 520.952514648438
470.822723388672 472.383514404297 473.839508056641 475.833038330078 478.301177978516 482.740539550781 485.473114013672 484.404327392578 483.083679199219 483.085845947266 483.857116699219 485.2958984375 486.915374755859 489.130889892578 491.058258056641 491.903900146484 494.739410400391 497.612396240234 499.665283203125 500.884399414062 500.068206787109 501.690002441406 -3.4e+38 503.350769042969 503.509521484375 500.691589355469 499.652191162109 499.322448730469 499.610321044922 500.054595947266 -3.4e+38 -3.4e+38 -3.4e+38 503.92724609375 505.069244384766 506.534301757812 507.44873046875 508.256225585938 -3.4e+38 -3.4e+38 -3.4e+38 -3.4e+38 -3.4e+38 -3.4e+38 -3.4e+38 -3.4e+38 -3.4e+38 -3.4e+38 521.070678710938
466.545684814453 467.322479248047 469.553894042969 472.012390136719 474.389526367188 478.472473144531 479.714660644531 478.267730712891 478.805267333984 480.227508544922 480.756408691406 481.481964111328 481.696716308594 483.655548095703 487.646789550781 493.076477050781 493.755584716797 493.105682373047 491.714233398438 493.218078613281 494.821441650391 492.550354003906 493.473571777344 -3.4e+38 493.194915771484 493.956237792969 494.572296142578 495.034027099609 495.757965087891 496.513824462891 497.342712402344 -3.4e+38 -3.4e+38 -3.4e+38 -3.4e+38 503.314270019531 504.616821289062 -3.4e+38 -3.4e+38 -3.4e+38 -3.4e+38 -3.4e+38 -3.4e+38 -3.4e+38 -3.4e+38 -3.4e+38 -3.4e+38 -3.4e+38 -3.4e+38
463.990905761719 465.057922363281 467.00048828125 470.024841308594 473.002288818359 475.946136474609 476.306091308594 476.6357421875 477.034271240234 478.773406982422 479.545959472656 478.877410888672 479.752990722656 483.466094970703 489.245361328125 493.330261230469 491.670989990234 489.21142578125 489.076812744141 490.335357666016 490.526672363281 490.367584228516 488.777496337891 489.552703857422 490.639373779297 491.492980957031 492.1025390625 493.223937988281 494.015411376953 494.8671875 495.806427001953 497.073181152344 498.531158447266 500.979736328125 501.967315673828 -3.4e+38 503.168060302734 -3.4e+38 -3.4e+38 -3.4e+38 -3.4e+38 -3.4e+38 -3.4e+38 -3.4e+38 -3.4e+38 -3.4e+38 -3.4e+38 -3.4e+38 519.467468261719
461.529602050781 462.792816162109 464.544403076172 467.301391601562 470.650817871094 472.921997070312 474.544860839844 475.56884765625 475.635650634766 476.649627685547 476.7998046875 477.392303466797 478.686187744141 483.824920654297 490.258087158203 491.208160400391 488.105773925781 485.713562011719 485.879211425781 485.09228515625 485.343353271484 486.423980712891 486.608428955078 487.159362792969 488.004089355469 489.223663330078 490.02490234375 491.465209960938 492.387359619141 493.567016601562 494.516265869141 495.966094970703 497.431610107422 499.963653564453 500.570678710938 501.100555419922 502.187438964844 503.308532714844 -3.4e+38 -3.4e+38 -3.4e+38 -3.4e+38 -3.4e+38 -3.4e+38 -3.4e+38 -3.4e+38 -3.4e+38 -3.4e+38 519.205383300781
459.212310791016 -3.4e+38 462.316436767578 464.691436767578 467.118072509766 469.333221435547 472.255035400391 473.924987792969 473.646484375 473.174285888672 473.434448242188 476.443542480469 477.468444824219 481.727752685547 488.371002197266 488.234649658203 481.493194580078 483.043762207031 485.355895996094 480.143005371094 482.112884521484 484.525024414062 484.084197998047 485.392211914062 485.885620117188 486.864807128906 488.104278564453 489.386413574219 490.742095947266 492.121978759766 493.407409667969 495.410888671875 496.932159423828 498.599334716797 498.663513183594 499.811065673828 501.041107177734 502.242950439453 503.206573486328 504.897033691406 506.022033691406 507.240509033203 508.662994384766 -3.4e+38 -3.4e+38 513.994140625 -3.4e+38 -3.4e+38 519.033813476562
