rcp4.5models/GFDL_CM3/sc1gr9.13
NCOLS 261 
NROWS 433 
XLLCORNER 336357.134 
YLLCORNER 654653.479 
CELLSIZE 1000 
NODATA_value -3.4e+38 
[rows 198 to 219 of 433, columns 196 to 244 of 261]
116.939956665039 116.182723999023 145.038665771484 145.435394287109 145.662658691406 145.551544189453 135.550552368164 145.37516784668 145.119277954102 144.178085327148 -3.4e+38 144.559448242188 144.525894165039 144.488662719727 143.960723876953 143.615707397461 143.042007446289 143.055633544922 143.216049194336 143.087005615234 -3.4e+38 -3.4e+38 -3.4e+38 -3.4e+38 -3.4e+38 -3.4e+38 -3.4e+38 -3.4e+38 -3.4e+38 -3.4e+38 -3.4e+38 -3.4e+38 -3.4e+38 -3.4e+38 -3.4e+38 -3.4e+38 -3.4e+38 -3.4e+38 -3.4e+38 -3.4e+38 -3.4e+38 -3.4e+38 -3.4e+38 -3.4e+38 -3.4e+38 -3.4e+38 -3.4e+38 -3.4e+38 -3.4e+38
139.778717041016 124.00821685791 129.384323120117 146.532928466797 146.682022094727 146.0439453125 137.993637084961 145.471069335938 145.658584594727 145.044769287109 -3.4e+38 145.035552978516 144.682144165039 144.905120849609 144.753829956055 144.313354492188 143.801879882812 143.676284790039 -3.4e+38 143.477691650391 -3.4e+38 -3.4e+38 -3.4e+38 -3.4e+38 -3.4e+38 -3.4e+38 -3.4e+38 -3.4e+38 -3.4e+38 -3.4e+38 -3.4e+38 -3.4e+38 -3.4e+38 -3.4e+38 -3.4e+38 -3.4e+38 -3.4e+38 -3.4e+38 -3.4e+38 -3.4e+38 -3.4e+38 -3.4e+38 -3.4e+38 -3.4e+38 -3.4e+38 -3.4e+38 -3.4e+38 -3.4e+38 -3.4e+38
147.757095336914 130.540023803711 -3.4e+38 120.742523193359 130.020401000977 147.303680419922 146.857803344727 146.006546020508 -3.4e+38 146.156677246094 145.839767456055 145.435668945312 145.273834228516 145.270263671875 145.512023925781 145.188232421875 144.626281738281 144.203948974609 144.400894165039 144.255172729492 143.461029052734 -3.4e+38 -3.4e+38 -3.4e+38 -3.4e+38 -3.4e+38 -3.4e+38 -3.4e+38 -3.4e+38 -3.4e+38 -3.4e+38 -3.4e+38 -3.4e+38 -3.4e+38 -3.4e+38 -3.4e+38 -3.4e+38 -3.4e+38 -3.4e+38 -3.4e+38 -3.4e+38 -3.4e+38 -3.4e+38 -3.4e+38 -3.4e+38 -3.4e+38 -3.4e+38 -3.4e+38 -3.4e+38
138.714462280273 114.230575561523 99.938720703125 109.645355224609 134.491622924805 148.478698730469 137.712188720703 146.698989868164 146.683090209961 147.079788208008 147.10107421875 146.202865600586 146.021209716797 145.880325317383 145.895706176758 145.909851074219 145.169906616211 144.673263549805 144.637542724609 144.700210571289 144.343780517578 -3.4e+38 -3.4e+38 -3.4e+38 -3.4e+38 -3.4e+38 -3.4e+38 -3.4e+38 -3.4e+38 -3.4e+38 -3.4e+38 -3.4e+38 -3.4e+38 -3.4e+38 -3.4e+38 -3.4e+38 -3.4e+38 -3.4e+38 -3.4e+38 -3.4e+38 -3.4e+38 -3.4e+38 -3.4e+38 -3.4e+38 -3.4e+38 -3.4e+38 -3.4e+38 -3.4e+38 -3.4e+38
114.840339660645 101.147331237793 100.550315856934 117.506469726562 138.993865966797 131.099273681641 130.030792236328 148.474899291992 148.645065307617 148.119415283203 148.117309570312 147.365203857422 146.813522338867 146.645355224609 146.525268554688 146.372802734375 146.078338623047 145.536056518555 144.888229370117 -3.4e+38 145.275527954102 144.844268798828 -3.4e+38 -3.4e+38 -3.4e+38 -3.4e+38 -3.4e+38 -3.4e+38 -3.4e+38 -3.4e+38 -3.4e+38 -3.4e+38 -3.4e+38 -3.4e+38 -3.4e+38 -3.4e+38 -3.4e+38 -3.4e+38 -3.4e+38 -3.4e+38 -3.4e+38 -3.4e+38 -3.4e+38 -3.4e+38 -3.4e+38 -3.4e+38 -3.4e+38 -3.4e+38 -3.4e+38
128.218246459961 128.106552124023 118.714950561523 108.100456237793 123.513786315918 124.927909851074 122.735916137695 149.74690246582 149.851257324219 148.792877197266 148.804077148438 148.305877685547 148.00276184082 147.463912963867 147.065155029297 -3.4e+38 147.077941894531 146.541000366211 145.743377685547 146.249496459961 -3.4e+38 -3.4e+38 145.704803466797 -3.4e+38 -3.4e+38 -3.4e+38 -3.4e+38 -3.4e+38 -3.4e+38 -3.4e+38 -3.4e+38 -3.4e+38 -3.4e+38 -3.4e+38 -3.4e+38 -3.4e+38 -3.4e+38 -3.4e+38 -3.4e+38 -3.4e+38 -3.4e+38 -3.4e+38 -3.4e+38 -3.4e+38 -3.4e+38 -3.4e+38 -3.4e+38 -3.4e+38 -3.4e+38
150.104415893555 150.314712524414 132.879730224609 110.856132507324 135.839248657227 141.429290771484 135.07585144043 149.869400024414 150.226318359375 149.361358642578 148.974746704102 148.679931640625 148.964630126953 148.681289672852 147.968948364258 147.69059753418 147.936111450195 147.384155273438 -3.4e+38 147.176544189453 146.907104492188 146.283157348633 -3.4e+38 146.641693115234 147.133056640625 -3.4e+38 -3.4e+38 -3.4e+38 -3.4e+38 -3.4e+38 -3.4e+38 -3.4e+38 -3.4e+38 -3.4e+38 -3.4e+38 -3.4e+38 -3.4e+38 -3.4e+38 -3.4e+38 -3.4e+38 -3.4e+38 -3.4e+38 -3.4e+38 -3.4e+38 -3.4e+38 -3.4e+38 -3.4e+38 -3.4e+38 -3.4e+38
141.749618530273 133.967651367188 133.317474365234 108.873603820801 132.618469238281 149.934112548828 149.798568725586 120.571754455566 131.579635620117 150.514144897461 150.054397583008 149.966583251953 149.786392211914 149.665481567383 149.149612426758 148.446533203125 148.519165039062 148.023513793945 -3.4e+38 147.798614501953 147.611618041992 147.270980834961 146.307434082031 -3.4e+38 147.210403442383 146.99626159668 -3.4e+38 -3.4e+38 -3.4e+38 -3.4e+38 -3.4e+38 -3.4e+38 -3.4e+38 -3.4e+38 -3.4e+38 -3.4e+38 -3.4e+38 -3.4e+38 -3.4e+38 -3.4e+38 -3.4e+38 -3.4e+38 -3.4e+38 -3.4e+38 -3.4e+38 -3.4e+38 -3.4e+38 -3.4e+38 -3.4e+38
127.105026245117 137.466537475586 133.678161621094 100.77872467041 108.288955688477 122.032432556152 121.441787719727 116.493186950684 116.760520935059 151.20588684082 150.943008422852 151.017974853516 150.333084106445 150.083526611328 149.975738525391 149.148300170898 148.958282470703 148.969604492188 148.00309753418 148.365112304688 148.367828369141 147.863647460938 147.08056640625 -3.4e+38 147.516952514648 147.016647338867 -3.4e+38 -3.4e+38 -3.4e+38 -3.4e+38 -3.4e+38 -3.4e+38 -3.4e+38 -3.4e+38 -3.4e+38 -3.4e+38 -3.4e+38 -3.4e+38 -3.4e+38 -3.4e+38 -3.4e+38 -3.4e+38 -3.4e+38 -3.4e+38 -3.4e+38 -3.4e+38 -3.4e+38 -3.4e+38 -3.4e+38
129.09977722168 124.863082885742 116.269714355469 111.118286132812 128.778594970703 118.079406738281 98.6734313964844 123.637046813965 136.12809753418 151.383712768555 150.897964477539 150.800109863281 150.558303833008 150.32438659668 150.426712036133 149.924072265625 149.659698486328 149.671890258789 149.722320556641 149.773529052734 149.031555175781 148.684112548828 148.240234375 147.659439086914 148.139419555664 -3.4e+38 147.721939086914 -3.4e+38 -3.4e+38 -3.4e+38 -3.4e+38 -3.4e+38 -3.4e+38 -3.4e+38 -3.4e+38 -3.4e+38 -3.4e+38 -3.4e+38 -3.4e+38 -3.4e+38 -3.4e+38 -3.4e+38 -3.4e+38 -3.4e+38 -3.4e+38 -3.4e+38 -3.4e+38 -3.4e+38 -3.4e+38
104.420356750488 103.414665222168 102.415504455566 119.705619812012 152.608291625977 144.473175048828 129.767288208008 106.699966430664 132.405120849609 152.180908203125 -3.4e+38 151.918060302734 152.055557250977 152.169555664062 152.200485229492 152.147003173828 151.359664916992 151.469100952148 151.077362060547 150.486892700195 150.189880371094 150.385513305664 149.795547485352 149.172790527344 149.104614257812 149.610061645508 149.24137878418 -3.4e+38 -3.4e+38 -3.4e+38 -3.4e+38 -3.4e+38 -3.4e+38 -3.4e+38 -3.4e+38 -3.4e+38 -3.4e+38 -3.4e+38 -3.4e+38 -3.4e+38 -3.4e+38 -3.4e+38 -3.4e+38 -3.4e+38 -3.4e+38 -3.4e+38 -3.4e+38 -3.4e+38 -3.4e+38
104.602722167969 103.476280212402 102.934051513672 120.416648864746 153.733123779297 153.535034179688 153.659378051758 98.3924942016602 117.56462097168 152.80305480957 152.761779785156 152.92985534668 153.065567016602 -3.4e+38 -3.4e+38 152.883071899414 152.448944091797 151.798736572266 151.821197509766 151.53466796875 150.572555541992 150.781097412109 150.481002807617 150.317123413086 149.938171386719 150.199966430664 149.963241577148 -3.4e+38 -3.4e+38 -3.4e+38 -3.4e+38 -3.4e+38 -3.4e+38 -3.4e+38 -3.4e+38 -3.4e+38 -3.4e+38 -3.4e+38 -3.4e+38 -3.4e+38 -3.4e+38 -3.4e+38 -3.4e+38 -3.4e+38 -3.4e+38 -3.4e+38 -3.4e+38 -3.4e+38 -3.4e+38
104.651908874512 103.75057220459 103.122261047363 111.240737915039 136.240539550781 154.616744995117 154.208206176758 129.743072509766 138.00114440918 142.099899291992 132.856735229492 153.924346923828 153.553512573242 -3.4e+38 -3.4e+38 -3.4e+38 153.101638793945 152.13752746582 129.718627929688 151.920013427734 150.96435546875 151.426223754883 151.526824951172 151.278533935547 150.6689453125 150.620040893555 150.385894775391 -3.4e+38 -3.4e+38 -3.4e+38 -3.4e+38 -3.4e+38 -3.4e+38 -3.4e+38 -3.4e+38 -3.4e+38 -3.4e+38 -3.4e+38 -3.4e+38 -3.4e+38 -3.4e+38 -3.4e+38 -3.4e+38 -3.4e+38 -3.4e+38 -3.4e+38 -3.4e+38 -3.4e+38 -3.4e+38
133.062866210938 132.833145141602 122.590362548828 113.555992126465 130.306991577148 136.510757446289 155.318237304688 135.040710449219 154.942916870117 134.597793579102 117.764915466309 154.63623046875 154.493270874023 154.087631225586 -3.4e+38 153.693862915039 153.933975219727 153.377578735352 135.542739868164 152.552261352539 151.78971862793 152.016860961914 152.263916015625 151.705078125 151.338638305664 -3.4e+38 151.231521606445 150.781509399414 151.054275512695 151.333709716797 -3.4e+38 -3.4e+38 -3.4e+38 -3.4e+38 -3.4e+38 -3.4e+38 -3.4e+38 -3.4e+38 -3.4e+38 -3.4e+38 -3.4e+38 -3.4e+38 -3.4e+38 -3.4e+38 -3.4e+38 -3.4e+38 -3.4e+38 -3.4e+38 -3.4e+38
129.093032836914 138.542587280273 148.887573242188 141.811706542969 148.737533569336 141.16081237793 156.613952636719 139.609970092773 144.803604125977 126.167465209961 139.030166625977 155.072601318359 155.524963378906 155.152954101562 154.374389648438 154.444625854492 154.656936645508 154.419052124023 153.382522583008 153.132202148438 152.517654418945 152.435546875 152.860397338867 152.605072021484 -3.4e+38 152.695297241211 152.269104003906 151.866821289062 151.825714111328 152.35205078125 -3.4e+38 -3.4e+38 -3.4e+38 -3.4e+38 -3.4e+38 -3.4e+38 -3.4e+38 -3.4e+38 -3.4e+38 -3.4e+38 -3.4e+38 -3.4e+38 -3.4e+38 -3.4e+38 -3.4e+38 -3.4e+38 -3.4e+38 -3.4e+38 -3.4e+38
107.175216674805 114.292579650879 128.770141601562 128.426559448242 128.192321777344 137.990127563477 157.657180786133 156.890884399414 147.822341918945 140.452774047852 145.060501098633 134.875335693359 156.411529541016 155.78352355957 154.869232177734 155.106063842773 155.007537841797 154.787567138672 154.501312255859 154.429580688477 153.635513305664 153.753234863281 153.957931518555 153.819686889648 153.201873779297 153.483657836914 152.932769775391 152.553558349609 152.699447631836 152.969604492188 -3.4e+38 -3.4e+38 -3.4e+38 -3.4e+38 -3.4e+38 -3.4e+38 -3.4e+38 -3.4e+38 -3.4e+38 -3.4e+38 -3.4e+38 -3.4e+38 -3.4e+38 -3.4e+38 -3.4e+38 -3.4e+38 -3.4e+38 -3.4e+38 -3.4e+38
126.511016845703 117.13591003418 125.416595458984 104.823738098145 114.801124572754 142.786209106445 158.39697265625 138.070999145508 157.785415649414 158.234527587891 148.865524291992 140.610427856445 157.029541015625 156.572067260742 156.075668334961 155.678726196289 155.790390014648 155.560470581055 155.504257202148 155.791442871094 155.08056640625 154.854629516602 154.799987792969 154.586685180664 153.649383544922 154.177520751953 153.817230224609 153.178512573242 153.461212158203 153.416488647461 -3.4e+38 -3.4e+38 -3.4e+38 -3.4e+38 -3.4e+38 -3.4e+38 -3.4e+38 -3.4e+38 -3.4e+38 -3.4e+38 -3.4e+38 -3.4e+38 -3.4e+38 -3.4e+38 -3.4e+38 -3.4e+38 -3.4e+38 -3.4e+38 -3.4e+38
152.21989440918 144.849472045898 141.646881103516 105.329513549805 123.881019592285 159.352493286133 158.770721435547 122.430870056152 158.944808959961 158.800033569336 158.558898925781 158.507110595703 158.004165649414 157.845321655273 157.55419921875 156.664291381836 156.944122314453 156.807891845703 156.138610839844 143.377349853516 132.14421081543 155.294631958008 155.247360229492 155.280639648438 154.533660888672 154.811737060547 154.890335083008 154.166473388672 153.916580200195 153.869186401367 -3.4e+38 -3.4e+38 -3.4e+38 -3.4e+38 -3.4e+38 -3.4e+38 -3.4e+38 -3.4e+38 -3.4e+38 -3.4e+38 -3.4e+38 -3.4e+38 -3.4e+38 -3.4e+38 -3.4e+38 -3.4e+38 -3.4e+38 -3.4e+38 -3.4e+38
141.929580688477 150.48176574707 122.629150390625 106.35570526123 124.62784576416 160.158157348633 159.755996704102 143.384033203125 148.21125793457 137.924652099609 147.298828125 137.685592651367 159.297180175781 158.918273925781 158.479568481445 157.797821044922 157.902038574219 158.053070068359 156.979553222656 147.23161315918 138.814483642578 155.975799560547 156.130172729492 155.9169921875 155.312301635742 155.274002075195 155.573013305664 155.018524169922 154.62028503418 154.764846801758 -3.4e+38 -3.4e+38 -3.4e+38 -3.4e+38 -3.4e+38 -3.4e+38 -3.4e+38 -3.4e+38 -3.4e+38 -3.4e+38 -3.4e+38 -3.4e+38 -3.4e+38 -3.4e+38 -3.4e+38 -3.4e+38 -3.4e+38 -3.4e+38 -3.4e+38
117.132621765137 123.806777954102 107.854866027832 117.679351806641 145.272125244141 150.181381225586 140.459915161133 139.222290039062 150.976913452148 142.925170898438 150.184417724609 131.02409362793 137.631408691406 159.473587036133 159.255218505859 158.959075927734 158.455444335938 158.774658203125 157.724746704102 157.693252563477 157.521743774414 156.601486206055 156.91047668457 156.38069152832 155.776992797852 -3.4e+38 -3.4e+38 155.924774169922 155.260604858398 155.545211791992 -3.4e+38 -3.4e+38 -3.4e+38 -3.4e+38 -3.4e+38 -3.4e+38 -3.4e+38 -3.4e+38 -3.4e+38 -3.4e+38 -3.4e+38 -3.4e+38 -3.4e+38 -3.4e+38 -3.4e+38 -3.4e+38 -3.4e+38 -3.4e+38 -3.4e+38
110.34757232666 109.137252807617 119.003082275391 136.105728149414 131.342315673828 132.726608276367 145.354034423828 143.785614013672 160.941864013672 160.990631103516 160.526184082031 151.518966674805 131.184692382812 137.692199707031 160.225402832031 159.920989990234 159.261627197266 159.403411865234 158.380737304688 158.559234619141 158.20475769043 157.485366821289 157.608856201172 157.281677246094 -3.4e+38 -3.4e+38 156.934036254883 156.719299316406 155.72917175293 156.014633178711 154.888244628906 -3.4e+38 -3.4e+38 -3.4e+38 -3.4e+38 -3.4e+38 -3.4e+38 -3.4e+38 -3.4e+38 -3.4e+38 -3.4e+38 -3.4e+38 -3.4e+38 -3.4e+38 -3.4e+38 -3.4e+38 -3.4e+38 -3.4e+38 -3.4e+38
111.928520202637 110.446807861328 117.637619018555 134.92741394043 138.028656005859 147.082229614258 163.604553222656 150.939239501953 140.694869995117 162.205230712891 161.367263793945 161.399291992188 151.978744506836 142.998794555664 160.908798217773 160.468307495117 159.97624206543 159.981948852539 158.984451293945 159.327362060547 158.83332824707 158.267959594727 158.250579833984 158.365844726562 157.486312866211 -3.4e+38 -3.4e+38 157.199417114258 156.201461791992 156.487777709961 155.672805786133 -3.4e+38 -3.4e+38 -3.4e+38 -3.4e+38 -3.4e+38 -3.4e+38 -3.4e+38 -3.4e+38 -3.4e+38 -3.4e+38 -3.4e+38 -3.4e+38 -3.4e+38 -3.4e+38 -3.4e+38 -3.4e+38 -3.4e+38 -3.4e+38
