rcp4.5models/GFDL_CM3/sc1gr6.19
NCOLS 261 
NROWS 433 
XLLCORNER 336357.134 
YLLCORNER 654653.479 
CELLSIZE 1000 
NODATA_value -3.4e+38 
[rows 110 to 131 of 433, columns 98 to 146 of 261]
2022.76037597656 2031.16918945312 2035.55261230469 2043.62866210938 2051.9677734375 2062.65063476562 2072.4248046875 2081.38208007812 2089.36010742188 2097.59326171875 2105.70703125 2114.07373046875 2121.37646484375 2127.94653320312 2140.44848632812 2149.28491210938 2157.3779296875 2163.3564453125 2170.47827148438 2176.06762695312 2183.2958984375 2187.38647460938 2194.359375 2197.1162109375 2201.15454101562 2205.130859375 2220.5732421875 2225.22045898438 2233.1728515625 2232.6181640625 2232.17895507812 2237.88940429688 2248.45385742188 2251.36962890625 2251.67138671875 2253.86743164062 2260.50463867188 2270.07763671875 2277.3505859375 2285.5419921875 2296.29272460938 2302.3779296875 2311.80908203125 2319.716796875 2327.6015625 2327.79248046875 2331.80493164062 2335.57250976562 2344.81958007812
2025.18200683594 2032.18701171875 2036.6953125 2046.70178222656 2053.42211914062 2063.31176757812 2072.26049804688 2080.78369140625 2089.15600585938 2096.32470703125 2105.27392578125 2113.92553710938 2123.43774414062 2131.96313476562 2145.47338867188 2150.49584960938 2158.58325195312 2165.45751953125 2173.42260742188 2180.654296875 2188.09716796875 2191.26318359375 2197.05322265625 2203.28735351562 2208.67846679688 2213.14184570312 2221.08740234375 2225.98657226562 2233.67700195312 2233.3193359375 2233.25170898438 2244.54467773438 2250.87475585938 2253.09716796875 2253.28344726562 2258.54858398438 2265.22778320312 2273.80517578125 2282.009765625 2292.52514648438 2301.8642578125 2308.68383789062 2317.19604492188 2325.40625 2330.21044921875 2332.08227539062 2335.7568359375 2339.81469726562 2346.4853515625
2025.88317871094 2034.79479980469 2041.53979492188 2052.37744140625 2057.92724609375 2067.09692382812 2074.56323242188 2080.69116210938 2090.02612304688 2097.84936523438 2107.68041992188 2115.92602539062 2124.40991210938 2131.53295898438 2144.93701171875 -3.4e+38 2158.54321289062 2165.54565429688 2175.03735351562 2185.21069335938 2190.88891601562 2196.53857421875 2200.3447265625 2209.30859375 2212.64477539062 2217.16918945312 2222.56079101562 2224.962890625 2227.49047851562 2231.79345703125 2238.21166992188 2248.90478515625 2252.29931640625 2254.59741210938 2258.64428710938 2266.22705078125 2268.76293945312 2278.09252929688 2288.01904296875 2296.38842773438 2304.4716796875 2312.65283203125 2319.8935546875 2326.68212890625 2329.04809570312 2333.49951171875 2335.42578125 2340.87744140625 2348.17138671875
2028.63366699219 2038.41589355469 2047.27746582031 2052.63330078125 2063.19580078125 2071.59008789062 2080.03442382812 2084.46411132812 2093.98388671875 2100.18676757812 2111.501953125 2117.86010742188 2126.05639648438 2131.72143554688 2145.3759765625 2153.7978515625 2159.9619140625 2166.72729492188 2175.6123046875 2183.951171875 2189.63305664062 2198.20971679688 2204.78295898438 2211.99560546875 2214.90698242188 2219.6591796875 2225.7705078125 2228.25073242188 2230.34375 2235.08422851562 2244.21606445312 2254.8076171875 2261.40771484375 2261.28540039062 2266.90014648438 2271.95068359375 2273.28002929688 -3.4e+38 -3.4e+38 -3.4e+38 -3.4e+38 2313.0830078125 2322.68017578125 2325.76782226562 2330.32641601562 2333.41821289062 2334.66381835938 2339.30078125 2348.53344726562
2028.78686523438 2038.83129882812 2049.54248046875 2057.11181640625 2065.94262695312 2074.92944335938 2085.47216796875 2088.36669921875 2096.4560546875 2104.48120117188 2113.07568359375 2119.06274414062 2129.85815429688 2135.56079101562 2149.611328125 2159.48681640625 2166.33911132812 2169.84057617188 2178.2158203125 2184.41137695312 2191.61645507812 2201.34326171875 2207.49755859375 2213.95043945312 2220.15454101562 2224.49731445312 2230.0859375 2232.93310546875 2236.99951171875 2240.86596679688 2252.23217773438 2264.86645507812 2267.9111328125 2263.25366210938 2269.19018554688 2272.53247070312 -3.4e+38 -3.4e+38 -3.4e+38 -3.4e+38 -3.4e+38 2313.3427734375 2323.04663085938 2328.89306640625 2334.04858398438 2335.42456054688 2337.00561523438 2341.27001953125 2352.00659179688
2026.75463867188 2034.6259765625 2047.07238769531 2068.59985351562 2075.04516601562 2084.25024414062 2093.18872070312 2099.8115234375 2105.20678710938 2113.93432617188 2124.41259765625 2132.27490234375 2140.7001953125 2144.01391601562 2161.23364257812 2168.18432617188 2174.20629882812 2182.2578125 2188.5869140625 2191.80297851562 2198.60009765625 2202.74658203125 2213.48999023438 2223.42163085938 2226.25952148438 2229.30322265625 2235.70263671875 2238.53979492188 2242.17333984375 2249.75219726562 2260.09741210938 2267.84033203125 2271.4052734375 2276.93383789062 2282.59130859375 2284.87158203125 2279.4033203125 2297.30249023438 2302.77563476562 2307.75170898438 2314.4306640625 2317.66430664062 2324.55859375 2333.54248046875 2337.00390625 2338.96728515625 2343.19799804688 2349.83520507812 2357.89086914062
2030.79931640625 2036.94982910156 2047.47338867188 2067.91845703125 2077.58032226562 2088.943359375 2097.68041992188 2104.11499023438 2109.60815429688 2116.73022460938 2130.64453125 2139.44165039062 2146.46899414062 2149.48974609375 2164.66064453125 2172.53051757812 2178.2060546875 2187.89599609375 2192.06640625 2195.83642578125 2204.8896484375 2207.06030273438 2214.78979492188 2223.96997070312 2227.58837890625 2231.80029296875 2239.8505859375 2241.29931640625 2247.74609375 2251.32495117188 2263.54565429688 2267.18408203125 2268.60961914062 2273.98291015625 2278.779296875 2285.13745117188 2282.63623046875 2301.30126953125 2307.603515625 2314.75439453125 2317.79052734375 2320.8173828125 2328.09887695312 2335.2421875 2337.67431640625 2341.7939453125 2346.64672851562 2353.53295898438 2355.02001953125
2035.28869628906 2044.18591308594 2051.06713867188 2069.34521484375 2077.5556640625 2091.11352539062 2101.53637695312 2110.3359375 2114.8681640625 2120.62475585938 2132.45068359375 2144.81298828125 2151.09497070312 2155.92822265625 2169.16552734375 2175.56030273438 2184.31811523438 2193.43823242188 2197.220703125 2201.14428710938 2206.14868164062 2212.310546875 -3.4e+38 2223.39208984375 2232.40795898438 2238.04125976562 2245.48095703125 2247.04077148438 2253.79565429688 2257.51342773438 2265.24487304688 2265.45556640625 2268.82421875 2272.775390625 2277.84814453125 2285.283203125 2285.05224609375 2303.017578125 2312.13403320312 2318.74926757812 2318.50073242188 2322.07299804688 2329.86987304688 2337.2353515625 2339.46533203125 2344.26098632812 2350.77392578125 2356.38403320312 2359.09252929688
2032.5849609375 2045.60205078125 2052.23803710938 2073.02490234375 2080.19116210938 2091.37670898438 2104.31176757812 2114.431640625 2120.8798828125 2128.74194335938 2135.20629882812 2145.64770507812 2154.92895507812 2161.705078125 2173.34936523438 2179.76220703125 2190.34716796875 2198.81762695312 2204.466796875 2203.99682617188 2207.68627929688 2217.56420898438 2221.57592773438 2227.60913085938 2235.970703125 2241.75439453125 2248.69555664062 2252.0078125 2257.12036132812 2262.29174804688 2267.37670898438 2269.87109375 2271.58056640625 2277.458984375 2283.99633789062 2289.48657226562 2290.5263671875 2304.58081054688 2317.2841796875 2321.18994140625 2320.91577148438 2324.34106445312 2332.75024414062 2340.90698242188 2343.61401367188 2348.17626953125 2356.11010742188 2360.46606445312 2363.55200195312
2027.23425292969 2042.28771972656 2050.900390625 2074.40869140625 2082.79150390625 2095.12475585938 2105.8828125 2115.30395507812 2127.2314453125 2136.42846679688 2143.6328125 2149.50854492188 2158.3544921875 2162.48779296875 2176.56323242188 2182.94018554688 2191.01879882812 2198.36059570312 2205.78149414062 2206.63427734375 2212.48461914062 2222.31323242188 2226.130859375 2234.69067382812 2240.32299804688 2242.20434570312 2248.359375 2253.29321289062 2258.03857421875 2261.10498046875 2266.66552734375 2271.02197265625 2273.60815429688 2281.88403320312 2288.02465820312 2290.59765625 2292.306640625 2306.54077148438 2319.44995117188 2322.21020507812 2324.33374023438 2328.35424804688 2335.34106445312 2344.4619140625 2347.9306640625 2353.27124023438 2359.32250976562 2361.03491210938 2365.54174804688
2024.82153320312 2037.33532714844 2048.20629882812 2074.34008789062 2081.74072265625 2095.08032226562 2106.67919921875 2117.78759765625 2130.18115234375 2139.68603515625 2149.04174804688 2156 2161.26440429688 2165.72998046875 2179.724609375 -3.4e+38 2191.56982421875 2200.0068359375 2208.17456054688 2211.88110351562 2218.19311523438 2224.4541015625 2228.87768554688 2237.18774414062 2241.37475585938 2240.98022460938 2250.55981445312 2251.32568359375 2257.38745117188 2262.83618164062 2267.10961914062 2271.04321289062 2273.72338867188 2280.04736328125 2287.10693359375 2288.65649414062 2294.53515625 2310.90942382812 2319.36596679688 2323.43408203125 2325.81079101562 2331.27197265625 2337.8701171875 2347.31689453125 2350.84448242188 2354.09057617188 2359.5068359375 2359.75146484375 2371.24658203125
2023.67138671875 2035.95300292969 2048.1884765625 2072.47192382812 2079.00439453125 2091.00268554688 2106.17236328125 2117.07177734375 2128.06762695312 2138.08862304688 2148.62744140625 2158.6640625 2163.60888671875 2168.29467773438 2182.86279296875 2186.82958984375 2194.31396484375 2202.83349609375 2209.12109375 2216.12573242188 2221.39379882812 2226.61376953125 2231.08276367188 2237.8427734375 2241.85400390625 2240.38061523438 2251.13989257812 2252.77734375 2257.97241210938 2264.5185546875 2269.37060546875 2273.685546875 2276.26049804688 2276.705078125 2284.07763671875 2291.20581054688 2304.12744140625 2316.89819335938 2318.5048828125 2323.93725585938 2326.64892578125 2332.44750976562 2340.31469726562 2347.40283203125 2349.17163085938 2352.1962890625 2358.83764648438 2362.32153320312 2378.06469726562
2023.2236328125 2037.07922363281 2048.8271484375 2070.66870117188 2077.12353515625 2087.708984375 2102.181640625 2113.8818359375 2123.669921875 2135.572265625 2144.41650390625 2152.62622070312 2161.3583984375 2166.79052734375 2183.38989257812 2189.10791015625 2194.6279296875 2203.50048828125 2211.96044921875 2219.08422851562 2221.30786132812 2226.16259765625 2230.259765625 2235.81860351562 2241.88330078125 2240.82397460938 2250.2119140625 2251.04223632812 2256.48876953125 2260.78930664062 2266.58911132812 2272.7431640625 2277.45092773438 2279.86083984375 2289.83813476562 2305.03540039062 2315.72094726562 2319.55224609375 2318.8125 2323.55932617188 2327.59936523438 2335.20361328125 2343.59057617188 2348.14916992188 2347.76708984375 2352.33935546875 -3.4e+38 -3.4e+38 2381.18237304688
2021.35693359375 2038.33239746094 2047.88732910156 2068.556640625 2074.58862304688 2084.90185546875 2096.83032226562 2108.60424804688 2117.88500976562 2128.93603515625 2140.19189453125 2146.88696289062 2158.6376953125 2165.447265625 2180.32055664062 2189.89624023438 2194.63134765625 2205.61938476562 2213.42016601562 2219.68994140625 2221.72534179688 2225.25048828125 2230.06689453125 2233.69311523438 2238.36206054688 2238.61254882812 2249.67041015625 2250.73217773438 2255.69580078125 2260.72192382812 2264.16333007812 2271.01391601562 2277.02124023438 2285.78247070312 2300.81567382812 2317.48706054688 2318.09057617188 2317.8828125 2319.896484375 2325.73681640625 2330.19091796875 2338.44702148438 2347.84887695312 2351.15454101562 2351.85668945312 2360.76513671875 2369.71899414062 -3.4e+38 -3.4e+38
2023.44995117188 2037.37341308594 2045.60083007812 2063.87524414062 2070.75561523438 2082.31689453125 2092.41381835938 2103.92016601562 2115.296875 2125.58349609375 2136.3955078125 2145.66650390625 2156.0712890625 2165.48120117188 2179.4287109375 2187.04736328125 2195.47338867188 2203.74291992188 2211.458984375 2219.50537109375 2223.4267578125 2226.80444335938 2227.96044921875 2233.77221679688 2235.77856445312 2238.3017578125 2251.58325195312 2254.1376953125 2257.68676757812 2262.80102539062 2267.27587890625 2273.98657226562 2282.07495117188 2295.8310546875 2308.50610351562 2316.22045898438 2315.3505859375 2317.16821289062 2322.46728515625 2328.54565429688 2332.296875 2339.29077148438 2349.58227539062 2352.4013671875 2353.12744140625 2360.75024414062 -3.4e+38 2367.50268554688 -3.4e+38
2020.72619628906 2031.80798339844 2038.93347167969 2059.04736328125 2067.4560546875 2080.3271484375 2091.783203125 2102.29150390625 2115.07568359375 2126.1865234375 2134.7763671875 2145.2841796875 2153.78637695312 2164.4453125 2181.72290039062 2187.57446289062 2197.04418945312 2202.32421875 2209.146484375 2217.72265625 2221.3291015625 2223.89013671875 2227.92065429688 2236.822265625 2237.71459960938 2239.56030273438 2253.22680664062 2254.20043945312 2258.01733398438 2266.55859375 2272.48901367188 2276.94409179688 2286.78149414062 2301.98510742188 2309.57373046875 2310.869140625 2313.32495117188 2320.91796875 2325.80493164062 2329.56103515625 2334.1298828125 2340.50390625 2350.244140625 2352.87817382812 2354.35717773438 2357.09155273438 2364.62353515625 2371.53002929688 2382.97705078125
2010.27258300781 2023.00964355469 -3.4e+38 -3.4e+38 2065.67114257812 2075.58178710938 2086.2734375 2097.39501953125 2109.0947265625 2119.66162109375 2129.15356445312 2137.47631835938 2149.71752929688 2159.04809570312 2179.103515625 2187.48095703125 2194.25341796875 2198.53466796875 2208.24365234375 2217.58447265625 2222.54565429688 2223.24487304688 2226.82592773438 2233.10327148438 2236.89428710938 2242.79614257812 2252.30078125 2257.34790039062 2266.28002929688 2275.71069335938 2279.7158203125 2291.82446289062 2303.27099609375 2303.82885742188 2305.3291015625 2310.36376953125 2314.76513671875 2323.4892578125 2327.55541992188 2334.3994140625 2338.98852539062 2346.83837890625 2355.02197265625 2358.41723632812 2358.19409179688 2361.84423828125 2368.18432617188 2376.97119140625 2382.62329101562
2006.25 -3.4e+38 -3.4e+38 2054.00805664062 2065.931640625 2075.59814453125 2084.50219726562 2093.44091796875 2104.41918945312 2116.611328125 2129.525390625 2138.40625 2149.66162109375 2156.52709960938 2178.25268554688 2185.35961914062 2190.58715820312 2197.78637695312 2209.18139648438 2217.94995117188 2224.53442382812 2226.0244140625 2230.38842773438 2232.98803710938 2239.13525390625 2243.08227539062 2253.97216796875 2258.82446289062 2267.748046875 2275.65014648438 2283.92260742188 2296.87817382812 2299.37670898438 2299.07299804688 2303.72338867188 2308.82446289062 2313.82934570312 2324.17919921875 2328.36840820312 2335.95874023438 2341.92822265625 2349.30102539062 2354.33813476562 2360.41967773438 2361.21337890625 2363.71752929688 2370.90112304688 2380.2216796875 2386.1201171875
2005.34631347656 -3.4e+38 2029.71325683594 2055.46069335938 2066.62231445312 2077.54467773438 2083.68188476562 2095.54760742188 2103.88793945312 2113.34594726562 2126.00170898438 2137.20458984375 2147.01049804688 2155.39721679688 2175.22827148438 2182.56103515625 2186.443359375 2195.83911132812 2206.64453125 2216.60327148438 2225.34497070312 2227.12646484375 2231.27783203125 2234.0478515625 2240.6240234375 2242.9541015625 2256.78955078125 2259.298828125 2269.71215820312 2279.30932617188 2287.82568359375 2290.27709960938 2292.96752929688 2296.20947265625 2302.5205078125 2306.49780273438 2312.45874023438 2324.68798828125 2330.046875 2338.96850585938 2344.19018554688 2350.748046875 2354.7822265625 2362.17211914062 2363.228515625 2365.11376953125 2374.27758789062 2385.03686523438 2388.52368164062
2005.68969726562 -3.4e+38 2028.18505859375 2054.95727539062 2068.09350585938 2075.70239257812 2083.62744140625 2093.95971679688 2100.259765625 2109.08178710938 2120.97778320312 2131.12768554688 2140.31567382812 2153.236328125 2170.72143554688 2178.04858398438 2185.41430664062 2195.5498046875 2206.3056640625 2215.66528320312 2226.53662109375 2228.07495117188 2230.31469726562 2234.72729492188 2240.84448242188 2247.09252929688 2256.91137695312 2262.3916015625 2273.43505859375 2283.06396484375 2289.58178710938 2287.18090820312 2291.25610351562 2294.74877929688 2301.75073242188 2305.63256835938 2313.90356445312 2327.87084960938 2331.73315429688 2339.85009765625 2346.32934570312 2352.6181640625 2359.11352539062 2364.4453125 2364.93188476562 2367.31079101562 2377.42749023438 2389.35791015625 2391.30346679688
2007.96264648438 2017.87512207031 2025.29321289062 2052.49047851562 2065.51684570312 2071.123046875 2082.44384765625 2095.07543945312 2101.50170898438 2111.41357421875 2120.7666015625 2128.11328125 2138.84204101562 2149.91943359375 2165.72631835938 2174.99291992188 2184.9365234375 2197.693359375 2209.85791015625 2217.88647460938 2227.85498046875 2230.46362304688 2230.35522460938 2234.98486328125 2239.55395507812 2250.5087890625 2257.09106445312 2271.78173828125 2276.03979492188 2289.23608398438 2287.51391601562 2287.18872070312 2293.09155273438 2296.06665039062 2301.83251953125 2311.75415039062 2317.45190429688 2331.16479492188 2333.63037109375 2340.8984375 2349.71411132812 2356.30932617188 2361.07763671875 2366.0546875 2366.953125 2371.83276367188 2380.80126953125 2391.30981445312 2396.15844726562
2009.40197753906 2018.30798339844 2025.01538085938 2047.31530761719 2058.2802734375 2066.6162109375 2079.05688476562 2091.7900390625 2103.21728515625 2112.96337890625 2122.84204101562 2128.3037109375 2136.69873046875 2145.18872070312 2162.25341796875 2173.15380859375 2184.20166015625 2195.96704101562 2208.1767578125 2216.96484375 2226.18432617188 2229.63720703125 2229.46484375 2233.5712890625 2241.546875 2249.791015625 2259.73681640625 2275.509765625 2276.72729492188 2286.43359375 2284.11669921875 2286.736328125 2292.74291992188 2296.89624023438 2303.64721679688 2314.35229492188 2317.51318359375 2331.94140625 2335.6640625 2343.13916015625 2353.0791015625 2358.98901367188 2362.07006835938 2368.71484375 2368.67016601562 2375.51953125 2383.4736328125 2391.15698242188 2404.056640625
