rcp4.5models/GFDL_CM3/sc1gr1.24
NCOLS 261 
NROWS 433 
XLLCORNER 336357.134 
YLLCORNER 654653.479 
CELLSIZE 1000 
NODATA_value -9999 
[rows 176 to 197 of 433, columns 150 to 199 of 261]
69.5201263427734 69.5885391235352 69.6234970092773 69.7273941040039 69.5809936523438 68.7150192260742 68.3792419433594 68.2678298950195 68.3678665161133 67.8833694458008 68.0927886962891 67.4942398071289 67.4173889160156 67.7489471435547 67.2315521240234 66.6733627319336 66.8605117797852 67.0893173217773 66.6302261352539 66.1037673950195 66.1058578491211 65.8987045288086 65.5138931274414 65.2230072021484 65.7551040649414 65.7880172729492 65.1714324951172 64.9059295654297 64.582633972168 64.5235290527344 64.7987289428711 64.685905456543 64.3603820800781 64.2929763793945 64.2598037719727 63.9210891723633 63.6406478881836 63.2411079406738 63.0620536804199 62.790340423584 62.5531234741211 62.7655487060547 62.8008422851562 63.0231704711914 -9999 62.5976676940918 62.0446662902832 62.0539588928223 61.9789772033691 61.6713790893555
69.4544448852539 69.4454498291016 69.6098937988281 69.668586730957 69.6282424926758 69.3101348876953 68.6318588256836 68.2909469604492 68.2721252441406 68.3485336303711 68.3272171020508 67.7934341430664 67.4772872924805 67.3869934082031 67.3872375488281 66.9440231323242 66.6735687255859 66.7863006591797 66.7658157348633 66.2769393920898 66.6129837036133 66.2076110839844 65.4844436645508 65.5595169067383 66.2523345947266 65.7755737304688 65.6160430908203 65.1465225219727 64.7646408081055 64.8012847900391 64.7449188232422 64.5488891601562 64.3308792114258 64.3930206298828 64.3414459228516 64.2175140380859 63.9341506958008 63.3944435119629 63.2595977783203 63.1058692932129 62.6569633483887 62.6048545837402 62.5900688171387 62.5857315063477 62.6588249206543 62.7108497619629 62.1849365234375 62.067008972168 61.8619384765625 61.7475128173828
69.4904861450195 69.3560638427734 69.2626495361328 -9999 69.4033660888672 69.3378219604492 68.9077606201172 68.3307342529297 68.4371337890625 68.6685028076172 68.4210205078125 68.0094528198242 67.7777862548828 67.4176559448242 67.58544921875 67.3850784301758 67.1571884155273 67.0630798339844 67.1077499389648 66.0846481323242 66.1581039428711 65.8100128173828 65.4733657836914 65.9481201171875 66.4127731323242 65.8427963256836 65.3469314575195 65.0703506469727 64.8837051391602 65.0687484741211 64.7635498046875 64.650520324707 64.7204284667969 64.6726455688477 64.4236755371094 64.3266983032227 64.0348815917969 63.636962890625 63.6808052062988 63.5836753845215 63.0065498352051 62.5279006958008 62.8986587524414 -9999 62.4172821044922 62.6341743469238 62.3178482055664 62.1988258361816 62.1302223205566 62.1417083740234
69.6900329589844 69.3177337646484 69.0470886230469 69.1395416259766 69.1171875 68.8930435180664 68.8344421386719 68.5653686523438 68.2879943847656 68.4828033447266 68.3394241333008 67.9661636352539 68.13671875 67.6981658935547 67.4159545898438 67.5149230957031 67.6270599365234 67.2869338989258 66.7011489868164 65.9904632568359 65.7494049072266 65.7046737670898 65.6770629882812 65.7129974365234 65.7631530761719 65.3981475830078 64.8881912231445 65.133415222168 64.9259338378906 64.8441162109375 64.6693954467773 64.8303909301758 64.8803329467773 64.5807113647461 64.4358749389648 64.4317779541016 64.1723022460938 63.9706726074219 63.970760345459 63.8310127258301 63.4443435668945 62.9223442077637 62.7576522827148 62.2864532470703 62.5340957641602 62.6771850585938 62.075511932373 62.1028709411621 62.3129806518555 62.4928207397461
70.0433044433594 69.4460906982422 69.0670623779297 69.2953262329102 69.4601364135742 69.1831436157227 68.7768096923828 68.6093597412109 68.3630599975586 68.2020874023438 68.4063339233398 68.4117584228516 68.2279663085938 67.7889785766602 67.2211685180664 67.4548950195312 67.4134063720703 67.224739074707 67.0405578613281 66.3629913330078 65.9806671142578 66.2296905517578 65.9223709106445 65.4745101928711 65.6765594482422 65.6063537597656 65.3057022094727 65.3332290649414 65.0730209350586 64.8266448974609 64.5619812011719 64.8045120239258 64.7509155273438 64.4625015258789 64.4179458618164 64.5387191772461 64.3419723510742 64.2033233642578 64.0752563476562 63.973991394043 63.5714149475098 63.0207786560059 62.529426574707 62.5150299072266 62.8058013916016 62.8780632019043 62.5740547180176 62.4842796325684 62.513557434082 62.637939453125
70.3637847900391 70.0144119262695 69.6268615722656 69.3575210571289 69.7430038452148 69.4058303833008 68.8786010742188 68.74267578125 68.8322067260742 67.9960708618164 68.3660888671875 68.4905395507812 68.2613830566406 67.8984603881836 67.4430465698242 67.3804092407227 67.5171127319336 67.3853912353516 67.51416015625 66.7799835205078 66.5241165161133 66.6363525390625 66.2106552124023 65.5907821655273 66.0304565429688 66.1174697875977 65.9554824829102 65.7438125610352 65.4559478759766 64.9791870117188 64.4735412597656 64.5283660888672 64.5912017822266 64.5810012817383 64.5336456298828 64.7744445800781 64.6012268066406 64.2163696289062 64.2167739868164 64.0447006225586 63.7265892028809 63.3053855895996 63.0716209411621 62.7978363037109 62.7409210205078 62.9137344360352 62.912223815918 62.8246726989746 62.7818756103516 62.6924285888672
70.132209777832 70.2250366210938 69.8766479492188 69.198356628418 69.6760635375977 69.1324234008789 68.8789291381836 69.173828125 68.5984344482422 68.1112823486328 68.3361968994141 68.0653686523438 68.0431060791016 67.9471817016602 67.7150268554688 67.4385147094727 67.5312194824219 67.3948440551758 67.2959823608398 66.9716033935547 -9999 66.7463989257812 66.4075546264648 66.0068969726562 66.0630035400391 65.8817977905273 65.8824996948242 66.1992568969727 65.9535446166992 65.0984802246094 64.606086730957 64.4314041137695 64.6210479736328 64.9342498779297 64.9963455200195 65.2771072387695 65.0249938964844 64.5633850097656 64.3066482543945 64.0878219604492 63.9524574279785 63.7562446594238 63.2559394836426 63.2104988098145 62.8867607116699 62.9255905151367 62.8760948181152 62.9848785400391 62.9033699035645 62.7087516784668
69.9947280883789 70.1630706787109 69.9705276489258 69.6060180664062 69.514533996582 69.1921310424805 -9999 69.2509460449219 68.4561004638672 68.0908813476562 68.3954849243164 68.4017105102539 67.9605712890625 68.1604080200195 68.0979614257812 67.7303848266602 67.7055511474609 67.3608856201172 67.322021484375 67.0298767089844 66.9403762817383 66.6165542602539 66.5253295898438 66.3523101806641 66.0537872314453 65.6649856567383 65.4742584228516 65.8273849487305 66.1122970581055 65.6272125244141 65.2177429199219 65.0090408325195 64.7433929443359 65.2349624633789 65.2264251708984 65.3953323364258 65.3750610351562 64.9709777832031 64.2846832275391 64.030876159668 64.0251083374023 63.871955871582 63.4185981750488 63.4601821899414 63.2363166809082 63.041862487793 62.8869895935059 62.998592376709 63.0146331787109 62.8601036071777
70.3618850708008 70.1005859375 69.7356109619141 69.5640106201172 -9999 -9999 69.1471099853516 68.8602828979492 68.4369049072266 67.952278137207 68.1737823486328 68.5410308837891 67.9547500610352 68.1780014038086 68.4898071289062 68.0782012939453 67.7938232421875 67.3588027954102 67.2538909912109 66.7486419677734 66.8328475952148 66.5996856689453 66.7328414916992 66.5601806640625 66.294189453125 65.9875030517578 65.8113174438477 65.8932876586914 65.8463134765625 65.4354934692383 65.6768646240234 65.4285507202148 64.8385543823242 65.1805191040039 64.5940628051758 64.6780319213867 64.8597640991211 64.8074111938477 64.5650177001953 63.987735748291 64.1327972412109 63.9471054077148 63.7046127319336 63.6271057128906 63.6013412475586 63.4172592163086 62.9397277832031 62.9290428161621 63.1353721618652 63.0237007141113
70.3376159667969 70.1150588989258 69.9015350341797 69.5378952026367 -9999 -9999 69.6287231445312 69.4710922241211 68.7583312988281 68.2705001831055 68.9334945678711 68.8553085327148 67.8654327392578 68.3599624633789 68.5664672851562 68.2595367431641 67.8515930175781 67.858528137207 67.5605850219727 67.6027145385742 67.1827545166016 67.0884246826172 66.8208541870117 66.7908248901367 66.5396194458008 66.1555938720703 66.0042953491211 65.8855667114258 65.9333724975586 65.5822830200195 65.7382965087891 65.1890106201172 64.9651641845703 64.3758850097656 64.498405456543 64.9766845703125 64.6264953613281 64.3424530029297 64.6982879638672 64.378044128418 63.9330902099609 63.8704681396484 63.9977035522461 63.7970008850098 63.5623092651367 63.4144248962402 63.2772560119629 63.1305618286133 62.9140472412109 62.8663177490234
70.3403167724609 70.1048126220703 69.8701324462891 69.4082794189453 -9999 -9999 69.6162033081055 69.9249801635742 69.4667205810547 68.8344268798828 68.5286178588867 68.2298583984375 67.5499572753906 67.9815444946289 68.4309921264648 68.0955963134766 67.8603515625 67.6865615844727 67.5578994750977 67.5054550170898 67.2406158447266 67.3947830200195 67.0681381225586 66.868049621582 66.5973052978516 66.2411499023438 66.0842895507812 65.9277496337891 65.7573623657227 65.4349822998047 65.107421875 64.8981628417969 64.7150039672852 64.49365234375 64.3973770141602 64.6585159301758 64.6217041015625 64.1609344482422 64.5069808959961 64.5507888793945 63.8904838562012 63.8420677185059 64.077262878418 64.0447235107422 64.1133804321289 63.8254165649414 63.3598251342773 63.1718673706055 62.9823455810547 62.9059104919434
70.3083343505859 70.0398635864258 69.9054794311523 69.6437454223633 -9999 -9999 69.5161666870117 70.0035934448242 69.5562210083008 69.0872573852539 68.4151916503906 67.7472381591797 67.5412216186523 67.8149948120117 68.4592514038086 68.0885848999023 67.6349182128906 67.6269226074219 67.7242965698242 67.5003662109375 67.0428237915039 67.0337982177734 67.1285018920898 66.8342208862305 66.6348419189453 66.3008117675781 66.06787109375 65.9793395996094 65.7437744140625 65.4838104248047 64.9280624389648 65.1809844970703 64.9493255615234 64.9586410522461 64.7462158203125 64.4757843017578 64.2100372314453 64.2261657714844 64.5092163085938 64.4954071044922 63.9502868652344 63.8810539245605 64.0743255615234 64.0589447021484 64.0841369628906 63.7880935668945 63.4237060546875 63.2003440856934 63.138069152832 63.213493347168
70.2714004516602 70.0727462768555 69.8676452636719 69.7092895507812 -9999 -9999 69.4373016357422 69.6950225830078 69.3317413330078 68.6237716674805 68.6446838378906 67.9286422729492 67.8963317871094 67.9634780883789 68.8791046142578 68.649284362793 68.0439376831055 68.0194854736328 68.215690612793 67.3427581787109 67.0066757202148 66.831298828125 67.0035934448242 67.0806427001953 66.9074630737305 66.383171081543 66.1897048950195 66.0630264282227 65.835334777832 65.7250747680664 64.9190292358398 65.1902160644531 65.3813171386719 65.3519973754883 65.110954284668 64.6072006225586 64.1802520751953 64.4385528564453 64.3567428588867 64.2292098999023 64.0732421875 63.8888320922852 64.1022644042969 64.1326675415039 64.063606262207 63.6860961914062 63.5172119140625 63.4490661621094 -9999 -9999
70.3350296020508 70.1628952026367 69.9086456298828 69.6806259155273 -9999 -9999 69.5070953369141 69.3463516235352 69.4741287231445 68.6448364257812 68.1514511108398 68.0498580932617 68.4668273925781 68.6145706176758 68.8991470336914 68.8561630249023 68.5633926391602 68.080680847168 67.9910278320312 67.0894927978516 66.9031677246094 66.8875350952148 66.9083786010742 66.8762512207031 67.1998596191406 66.8387985229492 66.3521957397461 -9999 66.1898803710938 65.8935699462891 65.2941665649414 65.098014831543 65.5310592651367 65.2601699829102 65.2865829467773 64.9379425048828 64.6376495361328 64.6146392822266 64.4095458984375 64.440299987793 64.4016265869141 63.9692039489746 64.3405075073242 64.4816818237305 64.1247711181641 63.7903175354004 63.7290000915527 -9999 -9999 63.593921661377
70.4119567871094 70.2190628051758 70.0148162841797 69.7563705444336 69.5479202270508 69.4488143920898 69.5042266845703 69.4235916137695 69.4665908813477 69.0482330322266 68.4576950073242 68.0433883666992 68.7647933959961 69.2437438964844 68.9050216674805 68.8093795776367 68.4744873046875 67.8641357421875 67.6536560058594 67.1646575927734 67.0273590087891 66.9099884033203 66.9993133544922 66.8970947265625 66.9642181396484 67.0783920288086 66.4028778076172 66.4279479980469 66.4610290527344 66.0220947265625 65.5958251953125 65.4011535644531 -9999 65.6262130737305 65.5400238037109 65.3624496459961 64.9280319213867 64.7258682250977 64.6075210571289 64.8200454711914 64.5987930297852 64.2580947875977 64.9263076782227 64.9369201660156 64.3240585327148 63.8636436462402 63.8257102966309 63.8175468444824 63.7772064208984 63.6601943969727
70.6270446777344 70.5326232910156 70.0817260742188 69.8740539550781 69.7691268920898 69.5034027099609 69.3207168579102 69.2915725708008 69.2832489013672 68.9148101806641 68.6403503417969 68.3246002197266 68.7514801025391 69.2372970581055 68.9416351318359 68.836555480957 68.6081161499023 68.1085510253906 67.6384124755859 67.2065277099609 67.2142105102539 67.2400131225586 67.1857070922852 67.2416915893555 67.1489791870117 67.2413711547852 66.8968048095703 66.7012252807617 66.3252944946289 66.0646743774414 65.5167541503906 65.5890045166016 65.9680328369141 65.8709564208984 65.7180786132812 65.7672729492188 65.4045486450195 65.1572952270508 65.0151824951172 65.054557800293 64.6053085327148 64.7639923095703 65.0442276000977 64.8613510131836 64.1793975830078 64.1180191040039 64.1891708374023 63.916072845459 63.5867729187012 63.4747161865234
70.5522003173828 70.820686340332 70.2370758056641 70.3609390258789 70.3391036987305 69.8895874023438 69.3828582763672 69.1309509277344 69.3173370361328 69.0810546875 69.0321044921875 68.779655456543 68.6054000854492 68.8666763305664 68.9205093383789 68.9211120605469 68.6717376708984 68.0884475708008 67.6445770263672 67.2858505249023 67.3415222167969 67.589111328125 67.3391647338867 67.320915222168 67.5457382202148 67.3956985473633 67.2906341552734 66.8874969482422 66.2221069335938 66.0539703369141 65.6397476196289 65.7017135620117 65.8520278930664 65.8362884521484 66.2469940185547 65.9634017944336 65.8473052978516 65.5297546386719 65.1012191772461 65.1038208007812 64.894157409668 64.7981262207031 64.9856033325195 64.5845031738281 64.2608642578125 64.6177597045898 64.6616287231445 64.2000961303711 63.6889877319336 63.7435455322266
70.300048828125 70.7843551635742 70.560173034668 70.5481185913086 70.7691040039062 70.2660903930664 69.5467300415039 69.2980804443359 69.343635559082 69.4292678833008 69.5070343017578 68.8355102539062 68.6547470092773 68.6966934204102 68.7094192504883 68.9655151367188 68.7225723266602 68.364860534668 67.9709091186523 67.3940887451172 67.3074722290039 67.4198455810547 67.455810546875 67.420783996582 67.6180572509766 67.4628677368164 67.31201171875 66.8931121826172 66.31494140625 66.210823059082 66.0414733886719 65.7138900756836 65.6467819213867 65.6037750244141 66.2056503295898 66.4566040039062 66.0153045654297 65.3290328979492 65.1384506225586 65.2185440063477 65.0223617553711 64.8760986328125 64.9401473999023 64.7487258911133 64.8551864624023 64.8894348144531 64.7568435668945 64.3805999755859 64.1447830200195 64.2081451416016
71.0146560668945 70.873664855957 70.6546936035156 70.5966720581055 70.3924713134766 70.2953720092773 70.0086898803711 69.6473388671875 69.747200012207 69.3537673950195 69.353271484375 69.0615005493164 68.7379302978516 68.659797668457 68.5213470458984 68.7477722167969 68.5462188720703 68.3954238891602 68.0250778198242 67.438606262207 67.2854537963867 67.3037109375 67.5660934448242 67.5482788085938 67.6525650024414 67.5319519042969 67.2012939453125 66.7650985717773 66.4838638305664 66.3163604736328 66.1117858886719 65.6496658325195 65.5048751831055 65.3912963867188 65.8717422485352 66.5005798339844 65.477912902832 65.1556396484375 65.1354675292969 65.1808624267578 65.2422027587891 65.2804489135742 64.9019088745117 64.9658737182617 65.1439056396484 64.7273101806641 64.4430160522461 64.631103515625 64.4044952392578 64.3155746459961
71.2629547119141 70.9635696411133 70.9836730957031 71.0095520019531 70.4868927001953 70.1833801269531 70.2539978027344 69.7535095214844 70.0704574584961 69.2099304199219 69.2225799560547 69.5337142944336 68.7342300415039 68.5777053833008 68.5050964355469 68.595832824707 68.4330062866211 68.1969680786133 68.0512313842773 67.6901626586914 67.356086730957 67.2583236694336 67.3092193603516 67.3703842163086 67.6136474609375 67.4360504150391 66.8681030273438 66.3971710205078 66.3777847290039 66.3542098999023 65.8991088867188 65.6154251098633 65.533447265625 65.451416015625 65.6604461669922 65.9642105102539 65.3257217407227 65.2527847290039 65.0920867919922 65.3905563354492 65.8202362060547 65.2452926635742 65.1402359008789 65.1108627319336 65.0221939086914 -9999 64.4145202636719 64.7374420166016 64.4151916503906 64.1804809570312
70.6827239990234 -9999 71.2498397827148 70.8744354248047 70.6457061767578 70.5420608520508 70.4800643920898 70.0382461547852 69.4146881103516 68.8210144042969 69.063346862793 69.7358932495117 69.3823623657227 68.6314697265625 68.4018402099609 68.2055435180664 68.2343444824219 68.5514831542969 68.4473114013672 68.2936859130859 68.0632858276367 68.0632247924805 67.8022232055664 67.6406936645508 67.4212188720703 67.2226943969727 66.7511291503906 66.3122940063477 66.2523345947266 66.348762512207 66.1791229248047 66.0002670288086 65.7360458374023 65.5905838012695 65.8485946655273 66.5091323852539 66.4122085571289 -9999 65.7055892944336 66.3070526123047 66.2241516113281 65.4964065551758 65.1897125244141 65.1303405761719 64.860466003418 64.8866729736328 64.6244812011719 64.1114349365234 64.1585083007812 64.2180633544922
-9999 -9999 -9999 70.7738723754883 70.8522109985352 70.7613983154297 70.4393463134766 69.898323059082 69.7039489746094 69.3667678833008 69.3266220092773 70.2001266479492 69.6550445556641 69.0795593261719 68.4408950805664 68.2772598266602 68.1940536499023 68.2952423095703 68.4430084228516 68.3289184570312 68.2837600708008 68.2056427001953 68.0015182495117 67.720100402832 67.5521926879883 67.314323425293 66.8851013183594 66.4231643676758 66.2134704589844 66.2750396728516 66.2406692504883 66.21044921875 -9999 65.818717956543 66.1796340942383 -9999 65.9858093261719 65.5198135375977 -9999 66.1373672485352 66.2816619873047 65.2284317016602 65.272331237793 65.1973114013672 64.8718185424805 64.9116516113281 64.9820251464844 64.6709823608398 64.3598556518555 64.5241546630859
