rcp4.5models/GFDL_CM3/sc1gr0.17
NCOLS 261 
NROWS 433 
XLLCORNER 336357.134 
YLLCORNER 654653.479 
CELLSIZE 1000 
NODATA_value -3.4e+38 
[rows 154 to 175 of 433, columns 49 to 97 of 261]
72.7176742553711 73.1446380615234 73.1044616699219 73.2597503662109 73.4533081054688 73.7370986938477 73.7718887329102 74.2950057983398 74.6546401977539 74.5690155029297 74.594367980957 74.7170944213867 74.9049987792969 75.0904312133789 75.1534042358398 75.1485748291016 75.3339920043945 75.6248779296875 75.9647369384766 76.037483215332 76.2123107910156 76.4147415161133 76.5436172485352 76.8799362182617 76.9536666870117 77.2581329345703 77.3670501708984 77.3439025878906 77.4906921386719 77.8660583496094 78.0693054199219 78.308219909668 78.4676132202148 78.5921325683594 78.8009262084961 79.0488891601562 79.2440338134766 79.3363189697266 79.5334701538086 79.6085662841797 79.6779479980469 79.9201965332031 79.9300155639648 79.9718322753906 80.0890274047852 80.3732452392578 80.4630661010742 80.4783172607422 80.4832992553711
72.8159866333008 73.3384475708008 73.3936309814453 73.5233917236328 73.6748123168945 73.9050064086914 74.0542678833008 74.5103149414062 74.7769622802734 74.6644439697266 74.7214660644531 74.841178894043 75.0412063598633 75.2379302978516 75.2752914428711 75.2407531738281 75.5277099609375 75.8216018676758 75.9586410522461 76.0341262817383 76.2497711181641 76.5467376708984 76.6598663330078 76.9179000854492 77.0702972412109 77.2950744628906 77.4958190917969 77.5688934326172 77.6124572753906 77.9420471191406 78.1761322021484 78.3249359130859 78.494010925293 78.6450424194336 78.7592239379883 79.0908660888672 79.2658004760742 79.3473434448242 79.55224609375 79.7352981567383 79.7540130615234 80.0058441162109 80.0225982666016 79.9304046630859 80.1003952026367 80.3177337646484 80.4920883178711 80.4711151123047 80.5166778564453
73.0511474609375 73.571044921875 73.6129760742188 73.665283203125 73.9272842407227 74.0356903076172 74.175895690918 74.6533203125 74.8744125366211 74.8786926269531 74.7748641967773 75.1061172485352 75.1944122314453 75.3565444946289 75.4729537963867 75.5029907226562 75.8524627685547 75.9522018432617 76.0595016479492 76.2619934082031 76.3738250732422 76.6479949951172 76.8893737792969 77.0718154907227 77.1841430664062 77.3187255859375 77.5481567382812 77.6699829101562 -3.4e+38 78.1221923828125 78.2925338745117 78.3475570678711 78.5259170532227 78.7565460205078 79.0046844482422 79.1430206298828 79.2298736572266 79.4085388183594 79.5602645874023 79.8207015991211 79.8725051879883 80.0877151489258 80.1314544677734 80.064567565918 80.2568893432617 80.2429885864258 80.4178237915039 80.4841079711914 80.5864868164062
73.4786987304688 73.8327331542969 73.8298873901367 73.8671875 74.1535720825195 74.1529388427734 74.397819519043 74.7454528808594 75.0585708618164 75.0260391235352 75.0587921142578 75.3983001708984 75.4454803466797 75.4709320068359 75.6625900268555 75.7204742431641 76.0934906005859 76.1686248779297 76.3675994873047 76.6116333007812 76.6625213623047 76.7457962036133 77.0753326416016 77.1331329345703 77.4227294921875 77.4125518798828 77.7197494506836 77.7679290771484 77.9103393554688 78.1419525146484 78.1942443847656 78.4381332397461 78.5865249633789 78.884407043457 79.1087341308594 79.155158996582 79.1935882568359 79.3833236694336 79.5589065551758 79.830680847168 79.8465042114258 80.1216506958008 80.2290420532227 80.2458724975586 80.3676605224609 80.2093658447266 80.3027267456055 80.4795837402344 80.5809783935547
73.749870300293 73.8134841918945 74.0877456665039 74.208137512207 74.3537750244141 74.4304046630859 74.4521255493164 74.8724594116211 75.1592712402344 75.3395462036133 75.3891372680664 75.5717926025391 75.5717163085938 75.7714157104492 75.9437866210938 76.0263519287109 76.2609939575195 76.3907165527344 76.566650390625 76.8777084350586 76.8796539306641 76.801155090332 77.0093688964844 77.0743026733398 77.5417633056641 77.5634536743164 77.729736328125 77.9540634155273 77.9710540771484 78.2714996337891 78.2216110229492 78.5294418334961 78.596076965332 78.82470703125 79.0421905517578 79.219367980957 79.3196334838867 79.3936920166016 79.5227890014648 79.683967590332 79.7747344970703 80.0784454345703 80.259147644043 80.2758636474609 80.3230514526367 80.271369934082 80.2337951660156 80.4353485107422 80.6051788330078
74.0154800415039 74.179313659668 74.0402526855469 74.2097930908203 74.4127883911133 74.6239471435547 74.7477951049805 75.1775817871094 75.2625198364258 75.4228363037109 75.5857696533203 75.666748046875 75.6488723754883 76.0066452026367 76.152099609375 76.2064971923828 76.4124603271484 76.5058212280273 76.8022766113281 77.068977355957 77.0810546875 76.9283294677734 77.1240158081055 77.2021636962891 77.437141418457 77.7736511230469 77.7796630859375 78.0601348876953 78.1960983276367 78.5529022216797 78.4296722412109 78.6786422729492 78.5970306396484 78.8781127929688 79.1456527709961 79.2438354492188 79.3690643310547 79.5065460205078 79.569938659668 79.7375946044922 79.8074493408203 80.1074752807617 80.334587097168 80.2760467529297 80.3693237304688 80.3456039428711 80.220458984375 80.5505065917969 80.5494003295898
74.1773529052734 74.2056274414062 74.2314987182617 74.4500579833984 74.6305389404297 74.760383605957 74.8968276977539 75.2442245483398 75.3702011108398 75.5826263427734 75.8490295410156 75.8982009887695 76.064079284668 76.0444259643555 76.154167175293 76.2954864501953 76.5680465698242 76.6380157470703 -3.4e+38 77.0831832885742 77.2252731323242 77.1388549804688 77.3248825073242 77.4410171508789 77.5100631713867 77.8836212158203 78.0110168457031 78.1083068847656 78.2417144775391 78.6859893798828 78.6536865234375 78.8261871337891 78.7849044799805 78.9515914916992 79.0731048583984 79.1972732543945 79.3712921142578 79.4792098999023 79.6278533935547 79.7567291259766 79.9671936035156 80.1177291870117 80.294677734375 80.3015213012695 80.5115737915039 80.4697647094727 80.4883422851562 80.6232299804688 80.5903778076172
74.7284622192383 74.6045913696289 74.5159912109375 74.7111511230469 74.7996520996094 74.9578170776367 75.2683486938477 75.4975891113281 75.7303161621094 75.9490051269531 76.0198745727539 76.1938629150391 76.1134185791016 76.3771133422852 76.5639343261719 76.7135848999023 76.8985824584961 76.8718719482422 77.0918731689453 77.3757019042969 77.389289855957 77.3790512084961 77.6069793701172 77.7929000854492 77.7249298095703 78.0115509033203 78.2888412475586 78.3040771484375 78.4262466430664 78.8085556030273 78.769889831543 78.8127899169922 79.0294189453125 79.0823822021484 79.2061462402344 79.1827926635742 79.4899749755859 79.5780410766602 79.6647109985352 79.7342300415039 79.8677978515625 80.151611328125 80.2873764038086 80.4399566650391 80.4203872680664 80.48486328125 80.4773483276367 80.5241317749023 80.4776611328125
74.7922821044922 74.792366027832 74.5242156982422 74.8740081787109 74.9460144042969 75.2802352905273 75.2969741821289 75.6959915161133 75.9077606201172 76.0580749511719 76.0174102783203 76.22021484375 76.3401718139648 76.4748229980469 76.628288269043 76.8402633666992 76.8447341918945 76.9062652587891 77.2188339233398 77.497444152832 77.5995712280273 77.5573577880859 77.7013320922852 77.7731246948242 77.9994049072266 78.0715637207031 78.3933868408203 78.3994522094727 78.4889450073242 78.8979721069336 78.7879028320312 78.9614410400391 79.2059555053711 79.1381683349609 79.2689208984375 79.2397003173828 79.5861740112305 79.6343460083008 79.7542266845703 79.8937759399414 79.9202423095703 80.2530746459961 80.3982925415039 80.4067840576172 80.5347366333008 80.4834747314453 80.4883575439453 80.5002136230469 80.5388717651367
74.8249740600586 74.7076110839844 74.5347290039062 74.7844161987305 74.9846038818359 75.2951354980469 75.3372573852539 75.8500213623047 76.0386962890625 76.0447311401367 76.126594543457 76.2157669067383 76.4875640869141 76.5871276855469 76.7686004638672 76.8762588500977 76.9715194702148 77.0093383789062 77.3096389770508 77.5317840576172 77.7215347290039 77.7903137207031 77.968620300293 77.7933502197266 78.1624755859375 78.2044219970703 78.4241485595703 78.4697723388672 78.5207977294922 78.9189147949219 78.9459228515625 79.1310119628906 79.3058700561523 79.174934387207 79.3130722045898 79.4434432983398 79.6656188964844 79.7329711914062 79.8404083251953 79.8879318237305 79.8892593383789 80.2992706298828 80.4174041748047 80.3269958496094 80.6029281616211 80.4966659545898 80.5608139038086 80.4960861206055 80.5551681518555
74.7212295532227 74.6770553588867 74.996696472168 75.0446701049805 75.1350326538086 75.3631744384766 75.6354293823242 75.9222030639648 76.0886917114258 76.1389694213867 76.2783813476562 76.2925338745117 76.4373321533203 76.776611328125 76.9648513793945 77.1095886230469 77.1247482299805 77.1642227172852 77.4044189453125 77.5847930908203 77.7974090576172 77.8775177001953 78.1676025390625 78.2552795410156 78.3688812255859 78.3390121459961 78.332405090332 78.5008087158203 78.6108703613281 78.9906768798828 79.1347198486328 79.293327331543 79.3461761474609 79.1859436035156 79.2937088012695 79.4881896972656 79.6419448852539 79.7286148071289 79.840217590332 80.0003204345703 79.9891052246094 80.2851638793945 80.3429412841797 80.527717590332 80.5752716064453 80.5721740722656 80.5742034912109 80.5349349975586 80.5440902709961
74.6440887451172 74.7726287841797 74.8464431762695 75.3676910400391 75.4722137451172 75.563591003418 75.8579940795898 76.0531997680664 76.2138061523438 76.3300323486328 76.3499526977539 76.510856628418 76.6387176513672 76.8273086547852 76.9204711914062 77.1633377075195 77.1294860839844 77.3754806518555 77.5361099243164 77.6976623535156 77.8414001464844 78.007194519043 78.1663436889648 78.2997894287109 78.4755859375 78.4226303100586 78.3215255737305 78.5472030639648 78.873664855957 79.018196105957 79.1668701171875 79.263671875 79.4353256225586 79.3061599731445 79.2799682617188 79.4802627563477 79.7499694824219 79.7940444946289 79.8991012573242 80.0485229492188 80.0812301635742 80.3300857543945 80.3891754150391 80.5538635253906 80.5954971313477 80.6188278198242 80.5873031616211 80.5523452758789 80.5325622558594
74.8407821655273 74.8716201782227 74.7998580932617 75.3828430175781 75.5487365722656 75.7803497314453 76.2558288574219 76.1064605712891 76.3201141357422 76.4459075927734 76.4038543701172 76.6000900268555 76.8090057373047 76.9432525634766 77.0629425048828 77.2035903930664 77.2538223266602 77.4370269775391 77.6210403442383 77.7192535400391 78.0046768188477 78.2086868286133 78.3839721679688 78.2880783081055 78.5117797851562 78.6410064697266 78.4362564086914 -3.4e+38 79.109245300293 79.0538558959961 79.1676635742188 79.3192291259766 79.534065246582 79.3066787719727 79.3465728759766 79.4381713867188 79.8070602416992 79.9524841308594 80.0284118652344 80.0524826049805 80.0609664916992 80.3773574829102 80.4669418334961 80.4035720825195 80.4808502197266 80.5772018432617 80.6043930053711 80.5440444946289 80.5862197875977
75.0556793212891 75.1294250488281 75.0430908203125 75.4024505615234 75.5905990600586 76.1075057983398 75.9145889282227 76.0552749633789 76.3482971191406 76.5129165649414 76.4282989501953 76.6363830566406 76.7668380737305 76.9036026000977 77.1687545776367 77.3542251586914 77.4829254150391 77.6026306152344 77.84423828125 77.8312454223633 78.0410614013672 78.2892379760742 78.3972396850586 78.4621810913086 78.535041809082 78.8318481445312 78.7420806884766 78.8143005371094 79.0885543823242 79.1004943847656 79.3004531860352 79.3412933349609 79.4856567382812 79.4738006591797 79.4229202270508 79.5577621459961 79.7342224121094 79.943717956543 80.0037460327148 80.1251220703125 80.1377258300781 80.253532409668 80.52001953125 80.5328063964844 80.4918441772461 80.6016540527344 80.5161743164062 80.5356521606445 80.5918045043945
75.2057876586914 75.2539138793945 75.3511352539062 75.6112442016602 75.7978820800781 75.9300231933594 76.0875473022461 76.1250152587891 76.3551712036133 76.5939331054688 76.5311050415039 76.7322158813477 76.9562225341797 77.0882949829102 77.4245910644531 77.4993286132812 77.6051864624023 77.9141387939453 77.9719619750977 78.0638961791992 78.1873092651367 78.2741012573242 78.4793395996094 78.5892715454102 78.6220855712891 78.8840942382812 78.9288558959961 78.9754638671875 79.2232208251953 79.2292327880859 79.3322448730469 79.3791275024414 79.5085983276367 79.5557861328125 79.4917831420898 79.7050552368164 79.7682800292969 79.8774795532227 80.0349807739258 80.165153503418 80.233642578125 80.3625259399414 80.4873352050781 80.6095275878906 80.5772476196289 80.5898208618164 80.4678955078125 80.5778503417969 80.6086502075195
75.1896514892578 75.2980346679688 75.6479187011719 75.7360382080078 75.9327850341797 76.1668243408203 76.3014755249023 76.2863464355469 76.4885787963867 76.5688400268555 76.6194686889648 77.0310211181641 77.206657409668 77.2403793334961 77.5670394897461 77.7055282592773 77.7514266967773 77.9741363525391 78.0346984863281 78.1713027954102 -3.4e+38 78.3640060424805 78.3828506469727 78.5017318725586 78.7504806518555 78.9018020629883 79.0580978393555 79.0707015991211 79.1558456420898 79.4479370117188 79.4652862548828 79.5351486206055 79.5745239257812 79.6974716186523 79.7143402099609 79.8911056518555 79.9386596679688 79.8986892700195 80.0871124267578 80.2043075561523 80.2610702514648 80.4433059692383 80.4983139038086 80.6666412353516 80.7691192626953 80.6573638916016 80.5459518432617 80.6131362915039 80.6651000976562
75.4099044799805 75.5489196777344 75.6961059570312 75.8498840332031 75.9448928833008 76.2387237548828 76.2070541381836 76.5474319458008 76.6762161254883 76.7883148193359 76.9303665161133 77.1851654052734 77.2518005371094 77.4064025878906 77.6109390258789 77.7331314086914 77.8270111083984 78.0455627441406 78.0908432006836 78.1411361694336 78.2132873535156 78.4102020263672 78.3195571899414 78.5476379394531 78.7014465332031 78.9050827026367 79.0982818603516 79.0704345703125 79.1767578125 79.4436111450195 79.5474090576172 79.6100769042969 79.5952529907227 79.6498641967773 79.7703399658203 79.9336395263672 80.0317230224609 80.0194320678711 80.1567687988281 80.1796493530273 80.2593307495117 80.5192184448242 80.6244964599609 80.7803497314453 80.8244476318359 80.6401519775391 80.4359588623047 80.4825057983398 80.642822265625
75.4532852172852 75.6503067016602 75.726936340332 75.940803527832 76.2207489013672 76.1782608032227 76.2993240356445 76.5481109619141 76.7681121826172 76.8755722045898 77.2110290527344 77.2621154785156 77.349967956543 77.5837173461914 77.724235534668 77.7595367431641 77.8659362792969 78.0522155761719 78.1110916137695 78.1808395385742 -3.4e+38 78.3186798095703 78.5504684448242 78.5890502929688 78.5924606323242 78.853645324707 79.1050796508789 79.1367797851562 79.2653274536133 79.4511566162109 79.61376953125 79.5546264648438 79.6037750244141 79.7934799194336 79.8256530761719 79.9423370361328 80.0250396728516 80.0322723388672 80.2237854003906 80.290641784668 80.3432388305664 80.5341720581055 80.6801681518555 80.8151016235352 80.7831039428711 80.6066360473633 80.4533843994141 80.5475845336914 80.6200866699219
75.5367279052734 75.7258453369141 75.8993530273438 75.9798583984375 76.2068176269531 76.2607955932617 76.3941650390625 76.6474075317383 76.7881240844727 76.8599472045898 77.0277404785156 77.2489166259766 77.4335174560547 77.5839157104492 77.7761383056641 77.835563659668 77.9123153686523 77.9814300537109 78.2644882202148 78.3068161010742 78.3864059448242 78.4124221801758 78.7135467529297 78.6712417602539 78.8272552490234 79.0618133544922 79.2266540527344 79.3584747314453 79.4485015869141 79.6818542480469 79.6581726074219 79.7592086791992 79.7393264770508 79.9935302734375 -3.4e+38 80.1263275146484 80.1858749389648 80.0403747558594 80.213134765625 80.2883377075195 80.4133453369141 80.3978805541992 80.5803909301758 80.7776489257812 80.7911758422852 80.5781021118164 80.6819305419922 80.6517715454102 80.6351089477539
75.8338394165039 75.9907608032227 76.3636627197266 76.4800338745117 76.5873260498047 76.6177444458008 76.8072280883789 77.0226745605469 77.069465637207 77.2024383544922 77.3525314331055 77.5174102783203 77.4820709228516 77.7756118774414 77.8683700561523 77.9181365966797 78.0482711791992 78.0813140869141 78.2723922729492 78.2968673706055 78.4570999145508 78.6694564819336 78.7192764282227 78.8099517822266 79.0937881469727 79.1770706176758 79.2668685913086 79.2922668457031 79.5175323486328 79.6543807983398 79.7945709228516 79.8990478515625 79.9536437988281 80.0857543945312 80.2016525268555 80.3190460205078 80.273323059082 80.1068725585938 80.1506729125977 -3.4e+38 80.2820281982422 80.6136703491211 80.7442474365234 80.8327789306641 80.9401779174805 80.7578430175781 80.7217864990234 80.7162322998047 80.8179168701172
76.1550903320312 76.2441253662109 76.3903503417969 76.5100784301758 76.4902572631836 76.799919128418 76.9218139648438 77.112678527832 77.2844390869141 77.1394805908203 77.2917556762695 77.5013198852539 77.6958541870117 77.9160385131836 77.8242950439453 77.9786834716797 78.1423187255859 78.1036911010742 78.431510925293 78.3665771484375 78.5932235717773 78.7218170166016 78.7933959960938 78.8467330932617 79.0221862792969 79.1796188354492 79.2172622680664 79.3404769897461 79.3690185546875 79.7964782714844 79.8326873779297 79.8761215209961 79.9345626831055 80.1421051025391 80.1608963012695 80.3415069580078 80.2894439697266 80.2606887817383 80.3398971557617 80.3831558227539 80.4182891845703 80.6227111816406 80.6988754272461 80.7314758300781 80.7784881591797 80.8786392211914 80.8177871704102 80.7558517456055 80.8337478637695
76.2938995361328 76.3695755004883 76.4231796264648 76.4723052978516 76.5904006958008 76.8983764648438 76.9031143188477 77.0680999755859 77.2268600463867 77.1581497192383 77.3168563842773 77.6662673950195 77.8223876953125 77.9068984985352 77.8287811279297 78.0105972290039 78.1111450195312 78.0701065063477 78.346435546875 78.420036315918 78.6492004394531 78.6986541748047 78.8362655639648 78.9737243652344 79.1060409545898 79.2068176269531 79.2845840454102 79.3982086181641 79.3586959838867 79.5699615478516 79.8613586425781 79.8671951293945 80.0003128051758 80.2026138305664 80.2837982177734 80.2947540283203 80.3067626953125 80.4385681152344 80.4841995239258 80.5297088623047 80.4939041137695 80.6137542724609 80.6710891723633 80.6516952514648 80.7509307861328 80.9113082885742 80.9498825073242 80.8673477172852 80.8029403686523
