rcp4.5models/GFDL_CM3/sc1gr7.15
NCOLS 261 
NROWS 433 
XLLCORNER 336357.134 
YLLCORNER 654653.479 
CELLSIZE 1000 
NODATA_value -3.4e+38 
[rows 220 to 241 of 433, columns 196 to 244 of 261]
107.604835510254 107.974876403809 108.290161132812 108.612419128418 108.982238769531 109.381309509277 109.728157043457 110.550849914551 110.985473632812 111.398246765137 111.683547973633 112.069313049316 112.6123046875 112.962532043457 113.262298583984 113.706809997559 114.091194152832 114.424209594727 115.437309265137 115.907165527344 116.262908935547 116.677619934082 117.048408508301 117.469734191895 117.844673156738 118.292266845703 118.804534912109 -3.4e+38 119.689414978027 120.16374206543 121.06957244873 121.517288208008 -3.4e+38 -3.4e+38 -3.4e+38 -3.4e+38 -3.4e+38 -3.4e+38 -3.4e+38 -3.4e+38 -3.4e+38 -3.4e+38 -3.4e+38 -3.4e+38 -3.4e+38 -3.4e+38 -3.4e+38 -3.4e+38 -3.4e+38
107.252944946289 107.655494689941 108.020454406738 108.357971191406 108.687980651855 109.187835693359 109.505500793457 110.351058959961 110.697486877441 111.115074157715 111.413108825684 111.824226379395 112.334007263184 112.608833312988 112.92121887207 113.469161987305 113.886772155762 114.201446533203 115.254951477051 115.712532043457 116.103271484375 116.45922088623 116.868019104004 117.35164642334 117.85181427002 118.272155761719 118.661293029785 -3.4e+38 119.589202880859 119.97802734375 121.008773803711 121.345657348633 -3.4e+38 -3.4e+38 -3.4e+38 -3.4e+38 -3.4e+38 -3.4e+38 -3.4e+38 -3.4e+38 -3.4e+38 -3.4e+38 -3.4e+38 -3.4e+38 -3.4e+38 -3.4e+38 -3.4e+38 -3.4e+38 -3.4e+38
106.90193939209 107.371955871582 107.747550964355 108.108512878418 108.502304077148 108.936416625977 109.293907165527 110.009353637695 110.402542114258 110.800392150879 111.207908630371 111.608093261719 112.016593933105 112.350242614746 112.751396179199 113.253684997559 113.693733215332 114.064979553223 115.081665039062 115.555282592773 115.963981628418 116.396415710449 116.832038879395 117.216278076172 -3.4e+38 -3.4e+38 -3.4e+38 -3.4e+38 119.478927612305 119.86344909668 120.880195617676 121.236465454102 121.645385742188 -3.4e+38 -3.4e+38 -3.4e+38 -3.4e+38 -3.4e+38 -3.4e+38 -3.4e+38 -3.4e+38 -3.4e+38 -3.4e+38 -3.4e+38 -3.4e+38 -3.4e+38 -3.4e+38 -3.4e+38 -3.4e+38
106.727874755859 107.139465332031 107.509246826172 107.840782165527 108.304168701172 108.634460449219 108.987174987793 109.791877746582 110.238212585449 110.609703063965 111.002029418945 111.349617004395 111.777191162109 112.280319213867 112.726600646973 113.127082824707 113.523910522461 114.024940490723 114.930366516113 115.413345336914 115.802688598633 116.281936645508 116.811752319336 117.160758972168 -3.4e+38 -3.4e+38 -3.4e+38 -3.4e+38 119.404190063477 119.795333862305 120.782997131348 121.20792388916 121.651336669922 122.137878417969 122.593894958496 -3.4e+38 -3.4e+38 -3.4e+38 -3.4e+38 -3.4e+38 -3.4e+38 -3.4e+38 -3.4e+38 -3.4e+38 -3.4e+38 -3.4e+38 -3.4e+38 -3.4e+38 -3.4e+38
106.62727355957 106.938720703125 107.302490234375 107.66918182373 108.109474182129 108.375778198242 108.73558807373 109.633636474609 110.033248901367 110.467529296875 110.899993896484 111.18766784668 111.538780212402 112.009399414062 112.569137573242 113.037109375 113.423789978027 113.929054260254 114.757034301758 115.228225708008 115.60888671875 116.073188781738 116.634925842285 -3.4e+38 -3.4e+38 117.980003356934 118.460037231445 118.930686950684 119.373023986816 119.774131774902 120.650001525879 121.17098236084 121.646293640137 122.061134338379 122.53825378418 122.982116699219 123.454788208008 -3.4e+38 -3.4e+38 -3.4e+38 -3.4e+38 -3.4e+38 -3.4e+38 -3.4e+38 -3.4e+38 -3.4e+38 -3.4e+38 -3.4e+38 -3.4e+38
106.414947509766 106.734359741211 107.076248168945 107.493347167969 107.94229888916 -3.4e+38 -3.4e+38 109.36759185791 109.785102844238 110.203971862793 110.690490722656 111.045608520508 111.297409057617 111.697380065918 112.291114807129 112.775657653809 113.227035522461 113.668876647949 114.55354309082 115.031944274902 115.418991088867 115.827346801758 116.389305114746 116.968505859375 117.418601989746 117.837120056152 118.29621887207 118.877449035645 119.283393859863 119.701011657715 120.579566955566 121.067207336426 121.58715057373 121.985412597656 122.459320068359 122.931381225586 123.371627807617 123.906463623047 -3.4e+38 -3.4e+38 -3.4e+38 -3.4e+38 -3.4e+38 -3.4e+38 -3.4e+38 -3.4e+38 -3.4e+38 -3.4e+38 -3.4e+38
106.112670898438 106.450714111328 106.811805725098 107.213050842285 107.633377075195 107.967254638672 108.320175170898 108.874130249023 109.333831787109 109.891380310059 110.378684997559 110.838760375977 111.192665100098 111.614875793457 112.10620880127 112.524055480957 113.022872924805 113.508071899414 114.3779296875 114.825790405273 115.283332824707 115.626487731934 116.125633239746 116.69930267334 117.198921203613 117.64453125 118.189208984375 118.784675598145 119.131950378418 119.623596191406 120.582939147949 120.98201751709 121.474197387695 121.909309387207 122.417678833008 122.902473449707 123.342239379883 123.82755279541 -3.4e+38 -3.4e+38 -3.4e+38 -3.4e+38 -3.4e+38 -3.4e+38 -3.4e+38 -3.4e+38 -3.4e+38 -3.4e+38 -3.4e+38
105.84797668457 106.193901062012 106.514785766602 106.961502075195 107.285278320312 107.544509887695 107.941917419434 108.528579711914 109.101509094238 109.741722106934 110.147933959961 110.612312316895 111.017906188965 111.482940673828 111.929466247559 112.404647827148 112.851013183594 113.303016662598 114.185447692871 114.614944458008 115.15055847168 115.554069519043 115.962783813477 116.453002929688 117.028076171875 117.532569885254 117.988868713379 118.548454284668 118.953414916992 119.478881835938 120.506042480469 120.970581054688 121.429565429688 121.832824707031 122.372817993164 122.916305541992 123.339576721191 123.768455505371 124.303062438965 -3.4e+38 -3.4e+38 -3.4e+38 -3.4e+38 -3.4e+38 -3.4e+38 -3.4e+38 -3.4e+38 -3.4e+38 -3.4e+38
105.527763366699 105.869972229004 106.177925109863 106.529190063477 106.892425537109 107.240058898926 107.562294006348 108.554794311523 109.061393737793 109.601638793945 109.97501373291 110.374969482422 110.77693939209 111.320030212402 111.826133728027 112.267265319824 112.670890808105 113.08708190918 114.007690429688 114.461044311523 114.991889953613 115.508689880371 115.958404541016 116.326316833496 116.888374328613 117.448547363281 117.823509216309 118.329902648926 118.855308532715 119.387390136719 120.366600036621 120.91130065918 121.401145935059 121.798652648926 122.34831237793 122.823539733887 123.260894775391 123.768653869629 124.270851135254 124.641487121582 -3.4e+38 -3.4e+38 -3.4e+38 -3.4e+38 -3.4e+38 -3.4e+38 -3.4e+38 -3.4e+38 -3.4e+38
105.203056335449 105.486839294434 105.815406799316 106.079216003418 106.407493591309 107.09449005127 107.415313720703 107.998085021973 108.57315826416 109.148399353027 109.544799804688 110.065567016602 110.501426696777 111.069328308105 111.57608795166 111.994140625 112.432762145996 112.899002075195 113.832725524902 114.370101928711 114.813613891602 115.322105407715 115.888366699219 116.265716552734 116.761093139648 117.304527282715 117.758033752441 118.246925354004 118.746879577637 119.257255554199 120.200645446777 120.803153991699 -3.4e+38 -3.4e+38 -3.4e+38 -3.4e+38 123.222503662109 123.761192321777 124.215324401855 124.673095703125 125.110778808594 126.012954711914 -3.4e+38 -3.4e+38 -3.4e+38 -3.4e+38 -3.4e+38 -3.4e+38 -3.4e+38
104.917518615723 105.200843811035 105.624305725098 106.017654418945 106.306770324707 106.879920959473 107.210037231445 107.524467468262 107.970352172852 108.6640625 108.867362976074 109.556617736816 110.252799987793 110.724792480469 111.216255187988 111.711318969727 112.201431274414 112.681579589844 113.637321472168 114.130149841309 114.582748413086 115.103927612305 115.734642028809 116.158714294434 116.637390136719 117.12939453125 117.636611938477 118.176750183105 118.588577270508 119.079956054688 120.027946472168 120.642501831055 -3.4e+38 -3.4e+38 -3.4e+38 -3.4e+38 -3.4e+38 123.71346282959 124.186950683594 124.703025817871 125.18187713623 126.085304260254 126.503784179688 -3.4e+38 -3.4e+38 -3.4e+38 -3.4e+38 -3.4e+38 -3.4e+38
104.353096008301 104.678802490234 104.858474731445 104.932518005371 105.472328186035 106.037307739258 106.416000366211 107.385902404785 107.878318786621 108.41316986084 108.886047363281 109.295860290527 109.882629394531 110.392646789551 110.719932556152 111.395889282227 112.005867004395 112.354759216309 113.32063293457 113.756507873535 114.292846679688 114.790466308594 115.287826538086 115.787071228027 116.28645324707 116.751396179199 117.314102172852 117.875900268555 118.450881958008 118.965995788574 119.989166259766 -3.4e+38 -3.4e+38 -3.4e+38 -3.4e+38 -3.4e+38 -3.4e+38 -3.4e+38 -3.4e+38 -3.4e+38 125.158126831055 126.052001953125 126.464546203613 126.941291809082 -3.4e+38 -3.4e+38 -3.4e+38 -3.4e+38 -3.4e+38
104.075073242188 104.302925109863 104.369300842285 104.586448669434 105.108474731445 105.773597717285 106.116111755371 107.090072631836 107.703926086426 108.239898681641 108.800674438477 109.190292358398 109.691848754883 110.222564697266 110.578033447266 111.220390319824 111.877502441406 112.285697937012 113.155982971191 113.670906066895 114.152496337891 114.551315307617 115.137870788574 115.669227600098 116.146118164062 116.578804016113 117.08861541748 117.68546295166 118.180473327637 118.827445983887 119.841148376465 120.322708129883 -3.4e+38 -3.4e+38 -3.4e+38 -3.4e+38 -3.4e+38 -3.4e+38 -3.4e+38 -3.4e+38 -3.4e+38 126.003440856934 126.451919555664 126.933242797852 127.409187316895 127.811004638672 -3.4e+38 -3.4e+38 -3.4e+38
103.833602905273 103.928779602051 104.013236999512 104.727569580078 105.098777770996 105.550895690918 105.992294311523 106.736671447754 107.553237915039 108.04517364502 108.496864318848 -3.4e+38 109.545608520508 110.018104553223 110.475021362305 111.028770446777 111.546119689941 111.983825683594 112.965774536133 113.488510131836 113.978706359863 114.379501342773 114.913246154785 115.409721374512 115.944648742676 116.421455383301 116.939361572266 117.531562805176 118.034996032715 118.630973815918 119.775146484375 -3.4e+38 -3.4e+38 -3.4e+38 -3.4e+38 -3.4e+38 122.814117431641 -3.4e+38 -3.4e+38 -3.4e+38 -3.4e+38 125.986175537109 -3.4e+38 126.993766784668 127.379959106445 -3.4e+38 -3.4e+38 -3.4e+38 -3.4e+38
103.572891235352 103.807739257812 104.079406738281 104.649276733398 105.040184020996 105.424049377441 105.858322143555 106.646095275879 107.303070068359 107.808975219727 108.042999267578 108.43448638916 109.380867004395 109.846710205078 110.345321655273 110.802101135254 111.272384643555 111.685989379883 112.741523742676 113.227546691895 113.684799194336 114.160369873047 114.71720123291 115.21711730957 115.7861328125 116.310287475586 116.908233642578 117.415283203125 117.917457580566 118.507232666016 119.53630065918 119.983772277832 120.612892150879 121.169387817383 -3.4e+38 122.191795349121 122.654022216797 123.375160217285 123.924858093262 -3.4e+38 -3.4e+38 126.066619873047 126.543838500977 -3.4e+38 127.411613464355 -3.4e+38 128.181533813477 -3.4e+38 -3.4e+38
103.368133544922 103.705352783203 104.022094726562 104.36555480957 104.808181762695 105.335739135742 105.705215454102 106.444686889648 106.907112121582 107.547782897949 107.87085723877 108.231773376465 109.062538146973 109.622291564941 110.142646789551 110.576011657715 111.06273651123 111.532325744629 112.483222961426 112.975395202637 113.448768615723 -3.4e+38 114.457633972168 114.964508056641 115.586235046387 116.173683166504 116.764266967773 117.207191467285 117.655792236328 118.268402099609 119.306541442871 119.867111206055 120.505355834961 121.06770324707 121.60652923584 122.099105834961 122.63501739502 123.206108093262 -3.4e+38 -3.4e+38 -3.4e+38 125.966361999512 126.482200622559 126.951232910156 127.434089660645 -3.4e+38 128.200119018555 128.475189208984 -3.4e+38
103.150367736816 103.466957092285 103.678741455078 104.106521606445 104.594093322754 105.149147033691 105.525184631348 106.169769287109 106.659729003906 107.209854125977 107.781112670898 108.354652404785 108.834182739258 109.293464660645 109.795799255371 110.308670043945 110.840698242188 111.355186462402 112.242851257324 112.743339538574 113.282958984375 113.790344238281 114.226737976074 114.746231079102 -3.4e+38 115.878982543945 116.345161437988 116.89818572998 117.484260559082 117.99454498291 119.21053314209 119.715751647949 120.25212097168 120.839431762695 121.49259185791 122.009811401367 122.527954101562 123.03450012207 -3.4e+38 124.186859130859 -3.4e+38 -3.4e+38 126.398986816406 -3.4e+38 -3.4e+38 -3.4e+38 128.102203369141 128.523223876953 -3.4e+38
102.847343444824 103.210708618164 103.514114379883 103.93514251709 104.380874633789 104.843521118164 105.281661987305 105.970054626465 106.476303100586 106.990447998047 107.525299072266 -3.4e+38 108.56859588623 109.033180236816 109.480010986328 110.068092346191 110.670021057129 111.14079284668 112.043739318848 112.521881103516 112.983428955078 113.466087341309 114.066017150879 -3.4e+38 115.087852478027 115.535140991211 115.936943054199 116.601142883301 117.344497680664 117.926239013672 119.005355834961 119.520462036133 120.091346740723 120.6484375 121.314666748047 121.82772064209 122.287055969238 122.834976196289 123.347557067871 123.901252746582 124.548110961914 -3.4e+38 -3.4e+38 -3.4e+38 -3.4e+38 -3.4e+38 -3.4e+38 128.320465087891 128.595138549805
102.58699798584 103.009239196777 103.424980163574 103.831954956055 104.263374328613 104.603286743164 105.028648376465 105.765022277832 106.212516784668 106.885604858398 107.323806762695 107.818252563477 108.295127868652 108.846862792969 109.337959289551 109.842300415039 110.44507598877 110.957832336426 111.79386138916 112.338172912598 112.709465026855 113.150001525879 113.781074523926 114.308860778809 114.83910369873 115.237258911133 115.82056427002 116.389869689941 117.155838012695 117.746711730957 118.806739807129 119.408760070801 119.960273742676 120.496284484863 121.024719238281 121.517265319824 122.048385620117 122.623107910156 123.229942321777 123.742538452148 124.381217956543 -3.4e+38 -3.4e+38 -3.4e+38 -3.4e+38 -3.4e+38 -3.4e+38 128.096725463867 128.439697265625
102.33179473877 102.75350189209 103.126411437988 103.609565734863 104.078941345215 104.48429107666 104.884094238281 105.592933654785 105.966178894043 106.629463195801 107.152450561523 107.573348999023 108.091300964355 108.602355957031 109.076263427734 109.574378967285 110.145210266113 110.691696166992 111.571952819824 112.115737915039 112.495620727539 112.892372131348 113.413940429688 113.950942993164 114.510177612305 114.876342773438 115.59008026123 116.285789489746 116.940216064453 117.40705871582 118.53995513916 119.24210357666 119.770782470703 120.279808044434 120.673240661621 121.242652893066 121.880874633789 122.459487915039 123.090423583984 123.65714263916 124.228996276855 -3.4e+38 125.900886535645 126.392074584961 -3.4e+38 -3.4e+38 -3.4e+38 -3.4e+38 128.242645263672
102.034034729004 102.464241027832 102.863395690918 103.386619567871 103.771766662598 104.217552185059 104.680671691895 105.457916259766 105.878364562988 106.381324768066 106.986824035645 107.372596740723 107.82926940918 108.35481262207 108.789924621582 109.233612060547 109.809616088867 110.370101928711 111.351348876953 111.853240966797 -3.4e+38 112.64037322998 113.112930297852 113.653312683105 114.259162902832 114.737503051758 115.398155212402 116.153907775879 116.712890625 117.21745300293 118.250244140625 118.908889770508 119.578483581543 120.058464050293 120.425117492676 120.979110717773 121.611549377441 122.218338012695 122.909622192383 123.464347839355 123.998558044434 125.071853637695 125.650444030762 126.174942016602 -3.4e+38 -3.4e+38 -3.4e+38 -3.4e+38 128.058563232422
101.764053344727 102.171180725098 102.687088012695 103.134391784668 103.536949157715 103.923309326172 104.434310913086 105.238838195801 105.698516845703 106.174934387207 106.635498046875 107.06908416748 107.588516235352 108.05020904541 108.443618774414 108.928215026855 109.584747314453 -3.4e+38 111.056289672852 111.562538146973 -3.4e+38 112.506439208984 112.940933227539 113.433708190918 114.086990356445 114.711990356445 115.218391418457 115.790428161621 116.361869812012 116.994644165039 118.128150939941 118.632881164551 119.266784667969 119.813720703125 120.196937561035 120.703804016113 121.389579772949 121.956558227539 122.640060424805 123.229217529297 123.729568481445 124.872650146484 125.409507751465 -3.4e+38 -3.4e+38 -3.4e+38 -3.4e+38 127.644195556641 127.874740600586
