rcp4.5models/GFDL_CM3/sc1gr6.18
NCOLS 261 
NROWS 433 
XLLCORNER 336357.134 
YLLCORNER 654653.479 
CELLSIZE 1000 
NODATA_value -3.4e+38 
[rows 132 to 153 of 433, columns 98 to 146 of 261]
1050.54638671875 1054.41149902344 1058.8818359375 1072.03369140625 1076.29309082031 1083.40490722656 1089.37573242188 1095.81640625 1102.42504882812 1107.60168457031 1113.36071777344 1118.71179199219 1123.15051269531 1126.61181640625 1137.46716308594 1142.83935546875 1148.27600097656 1153.73742675781 1159.4033203125 1166.06286621094 1171.16687011719 1174.88366699219 1175.53002929688 1177.90380859375 1183.72021484375 1186.73266601562 1193.63635253906 1197.51110839844 1199.654296875 1203.29650878906 1205.60986328125 1207.20031738281 1210.701171875 1213.01403808594 1215.81225585938 1219.95336914062 1222.87646484375 1231.45666503906 1233.64880371094 1238.33215332031 1244.19262695312 1245.5810546875 1246.76831054688 1247.41455078125 1248.26599121094 1251.29638671875 1254.76831054688 1258.28576660156 1263.53637695312
1049.73449707031 1054.12487792969 1058.29431152344 1072.32800292969 1076.60864257812 1083.30749511719 1088.54052734375 1093.45007324219 1099.90612792969 1106.12438964844 1112.99487304688 1117.84143066406 1121.72094726562 1125.82165527344 1136.53356933594 1142.20190429688 1146.56616210938 1152.13293457031 1157.15515136719 1164.00048828125 1167.95043945312 1173.13061523438 1175.66870117188 1178.59521484375 1182.09521484375 1185.45568847656 1192.14709472656 1194.83239746094 1197.6572265625 1200.90893554688 1203.71313476562 1206.54577636719 1209.134765625 1211.84558105469 1214.919921875 1219.91369628906 1224.26953125 1232.33862304688 1236.99157714844 1243.95324707031 1246.64074707031 1246.48034667969 1246.34790039062 1248.42590332031 1249.72229003906 1252.97338867188 1256.90734863281 1259.09729003906 1261.28088378906
1047.40979003906 1053.3759765625 1058.82751464844 1073.19421386719 1077.28369140625 1082.58374023438 1087.87487792969 1092.111328125 1098.44677734375 1104.54931640625 1111.00598144531 1116.37707519531 1121.12280273438 1124.42163085938 1134.20935058594 1138.99426269531 1145.27575683594 1150.57641601562 1156.22863769531 1161.61779785156 1164.52795410156 1170.3251953125 1173.92651367188 1178.16772460938 1181.34301757812 1185.56018066406 1190.18823242188 1194.27197265625 1197.50451660156 1198.58532714844 1201.93798828125 1205.51293945312 1208.23181152344 1211.00805664062 1214.74108886719 1221.16662597656 1226.92932128906 1233.20153808594 1238.26647949219 1244.47595214844 1245.60876464844 1243.68273925781 1245.63220214844 1249.31872558594 1251.42102050781 1254.22692871094 1258.390625 1259.76403808594 1260.69030761719
1047.24365234375 1053.65869140625 1059.44580078125 1073.06091308594 1076.81604003906 1081.17053222656 1087.31115722656 1091.98303222656 1097.70446777344 1104.08740234375 1109.28198242188 1115.02722167969 1120.36999511719 1123.82690429688 1133.51220703125 1137.71923828125 1144.54943847656 1148.09118652344 1153.89086914062 1158.17529296875 1161.76708984375 1168.2490234375 1172.57836914062 1176.87060546875 1182.55505371094 1186.3212890625 1189.67504882812 1192.3134765625 1197.0048828125 1197.76025390625 1202.48828125 1204.25207519531 1207.79956054688 1210.59936523438 1213.85266113281 1220.97192382812 1227.48120117188 1234.39880371094 1237.94567871094 1242.40991210938 1243.87817382812 1242.74206542969 1246.79187011719 1251.15002441406 1253.31909179688 1255.71105957031 1258.22570800781 1259.30053710938 1261.37670898438
1045.46789550781 1051.87548828125 1058.17944335938 1071.79089355469 1077.34130859375 1080.9111328125 1086.24658203125 1091.02099609375 1096.60339355469 1103.34680175781 1109.6669921875 1114.57971191406 1119.05297851562 1123.982421875 1132.36389160156 1137.46606445312 1144.04736328125 1147.89025878906 1152.69506835938 1157.1669921875 1161.9443359375 1166.16540527344 1171.24169921875 1175.49829101562 1181.82287597656 1185.91003417969 1188.32629394531 1190.09289550781 1194.93737792969 1196.6572265625 1201.38500976562 1203.12268066406 1206.83642578125 1210.02270507812 1214.11779785156 1220.85803222656 1227.51147460938 1235.20776367188 1238.09948730469 1241.26501464844 1241.1357421875 1243.95056152344 1249.1171875 1252.55676269531 1254.5634765625 1256.0341796875 1256.55126953125 1258.01684570312 1260.27124023438
1043.70556640625 1050.18334960938 1056.99304199219 1069.29663085938 1077.20654296875 1080.89599609375 1086.06225585938 1090.38928222656 1096.52685546875 1102.60498046875 1108.92724609375 1112.80444335938 1116.92834472656 1122.63513183594 1131.8173828125 1136.82189941406 1142.20520019531 1147.34973144531 1152.56762695312 1157.00622558594 1160.34167480469 1163.69030761719 1169.18505859375 1175.13513183594 1181.76477050781 1184.47766113281 1186.59008789062 1188.76574707031 1193.34460449219 1196.34631347656 1199.17138671875 1202.33544921875 1206.19555664062 1208.69018554688 1213.93188476562 1219.52697753906 1225.103515625 1233.7177734375 1237.75231933594 1239.39697265625 1239.08422851562 1242.52319335938 1248.0234375 1251.04357910156 1253.24475097656 1254.70324707031 1254.03088378906 1255.88891601562 1258.2939453125
1041.19519042969 1048.10961914062 1053.85705566406 1067.99975585938 1072.76965332031 1078.14685058594 1084.740234375 1091.08959960938 1094.82922363281 1098.69567871094 1102.67370605469 1106.59887695312 -3.4e+38 1118.20739746094 1127.71752929688 1132.24792480469 1136.76892089844 1142.56921386719 1147.64050292969 1153.1357421875 1154.97045898438 1160.10632324219 1166.19079589844 1173.39709472656 1177.09094238281 1177.35424804688 1183.89172363281 1186.01550292969 1191.59533691406 1194.89855957031 1197.41357421875 1201.23352050781 1205.05749511719 1209.94116210938 1213.51940917969 1216.88391113281 1222.41088867188 1229.15344238281 1231.98815917969 1232.84521484375 1236.50598144531 1240.47912597656 1244.416015625 1246.67614746094 1249.54333496094 1251.07788085938 1252.94543457031 1253.19323730469 1254.31640625
1039.69372558594 1046.380859375 1052.69165039062 1065.80432128906 1071.02307128906 1075.4130859375 1082.16711425781 1089.13159179688 1093.18481445312 1095.85583496094 1099.89245605469 1105.1875 1112.08117675781 1118.30432128906 1125.283203125 1129.93127441406 1134.20104980469 1139.54870605469 1145.8583984375 1149.00866699219 1154.08422851562 1159.69262695312 1165.58337402344 1174.33557128906 1172.30798339844 1175.123046875 1182.62536621094 1185.94616699219 1190.90856933594 1193.4375 1196.13024902344 1199.54553222656 -3.4e+38 1209.57287597656 1214.26354980469 1215.365234375 1219.88073730469 1226.57824707031 1229.29602050781 1231.95947265625 1235.35363769531 1238.79797363281 1242.35424804688 1246.0830078125 1248.98571777344 1250.32629394531 1251.94897460938 1253.27319335938 1253.58850097656
1038.73742675781 1045.35034179688 1052.65368652344 1065.02868652344 1069.82800292969 1073.14685058594 1080.12280273438 1086.52587890625 1092.23840332031 1094.03759765625 1098.23120117188 1104.52172851562 1110.48962402344 1117.49951171875 1123.42504882812 1127.34362792969 1131.85485839844 1137.95837402344 1142.76586914062 1146.01635742188 1151.36865234375 1158.27978515625 1168.02160644531 1171.43884277344 1168.83374023438 1172.62255859375 1181.12170410156 1185.42126464844 1188.80773925781 1191.22534179688 1194.71435546875 1199.12158203125 1204.02514648438 1208.85754394531 1212.08764648438 1212.95520019531 1217.81579589844 1225.8271484375 1227.58874511719 1230.40393066406 1233.15539550781 1236.85546875 1240.39147949219 1244.94873046875 1247.60998535156 1249.40490722656 1250.923828125 1252.41613769531 1252.0166015625
1036.44079589844 1044.28332519531 1050.34045410156 1062.50451660156 1067.56628417969 1071.79968261719 1078.78466796875 1084.39916992188 1089.86645507812 1091.70959472656 1096.32727050781 1101.58264160156 1107.90344238281 1115.56384277344 1120.73498535156 1125.51306152344 1130.1689453125 1135.54040527344 1139.67956542969 1144.15283203125 1149.74694824219 1159.84143066406 1164.84997558594 1164.33337402344 1165.22790527344 1169.67517089844 1179.41540527344 1184.31127929688 1188.02136230469 1189.49938964844 1194.04260253906 1199.09680175781 1202.84509277344 1206.17639160156 1208.67663574219 1212.21752929688 1216.07055664062 1224.50305175781 1227.18481445312 1229.48718261719 1232.79870605469 1236.53405761719 1239.40551757812 -3.4e+38 1246.47448730469 1247.99816894531 1248.83996582031 1250.47448730469 1249.76916503906
1034.62268066406 1042.0625 1047.76684570312 1060.38586425781 1064.35852050781 1069.54907226562 1076.33605957031 1083.09765625 1087.41967773438 1091.04382324219 1093.39929199219 1098.65368652344 1106.5078125 1112.76354980469 1118.74462890625 1122.94201660156 1128.44580078125 1132.98132324219 1137.01159667969 1142.43811035156 1148.75378417969 1156.65490722656 1157.39318847656 1159.87243652344 1162.04968261719 1166.4111328125 1177.55346679688 1183.17102050781 1186.51599121094 1188.724609375 1193.82568359375 1197.43188476562 1199.93383789062 -3.4e+38 1206.78076171875 1210.5751953125 1214.1953125 1221.81726074219 1224.90319824219 1227.83337402344 1232.80712890625 1235.43676757812 1238.75061035156 1242.58276367188 1245.05871582031 1246.49768066406 1248.29968261719 1248.68579101562 1248.10729980469
1034.34582519531 1039.93859863281 1047.8359375 1058.04858398438 1062.162109375 1068.76513671875 1074.43591308594 1082.11193847656 1086.60375976562 1089.10192871094 -3.4e+38 1098.24426269531 1105.29736328125 1109.70739746094 1116.96838378906 1120.08923339844 1125.9111328125 1131.06677246094 1134.44055175781 1139.728515625 1144.74877929688 1149.43200683594 1152.56982421875 1156.78259277344 1160.13659667969 1164.38330078125 1174.93798828125 1180.74328613281 1184.27416992188 1187.55969238281 1191.74719238281 1193.96228027344 1196.26623535156 1200.69519042969 1204.50085449219 1208.384765625 1213.16662597656 1219.59045410156 1222.29016113281 1225.81921386719 1229.81188964844 1233.94982910156 1237.46130371094 1240.07019042969 1243.15100097656 1245.77258300781 1247.51000976562 1246.79626464844 1245.34326171875
1031.54528808594 1038.4443359375 1046.57678222656 1055.63610839844 1059.88305664062 1066.33862304688 1072.98681640625 1079.421875 1084.89135742188 1086.93469238281 1090.26501464844 1096.79064941406 1102.94946289062 1107.39465332031 1115.13598632812 1119.53967285156 1124.03308105469 1127.76611328125 1132.34875488281 1136.11987304688 1140.56481933594 1145.70678710938 1150.68371582031 1154.36791992188 1158.3857421875 1162.8134765625 1172.2333984375 1177.60986328125 1182.89807128906 1185.91711425781 1188.56958007812 1191.76831054688 1194.97082519531 1199.4365234375 1202.87634277344 1207.27465820312 1211.51501464844 1216.98901367188 1220.20153808594 1223.36120605469 1226.88098144531 1231.50048828125 1235.38708496094 1237.87292480469 1241.82543945312 1244.51342773438 1245.07006835938 1244.23266601562 -3.4e+38
1030.04443359375 1037.82604980469 1045.03869628906 1053.29577636719 1059.06689453125 1064.78369140625 1071.96179199219 1076.80517578125 1080.78112792969 1084.4677734375 1088.69274902344 1095.33483886719 1100.33374023438 -3.4e+38 1112.21911621094 1117.20458984375 1122.30041503906 1125.70043945312 1129.93518066406 1135.05456542969 1139.04077148438 1144.48962402344 1148.5244140625 1152.94189453125 1158.10522460938 1161.21984863281 1169.74548339844 1174.85974121094 1179.75500488281 1184.24084472656 1186.853515625 1189.88830566406 1193.39428710938 1198.71545410156 1201.69384765625 1205.32946777344 1208.98669433594 1213.88000488281 1216.46264648438 1220.51806640625 1224.08801269531 1227.74719238281 1231.46057128906 1234.70007324219 1237.51672363281 1240.41809082031 1241.42504882812 1240.89990234375 1239.42370605469
1030.23706054688 1036.64855957031 1042.65856933594 1052.22399902344 1059.14111328125 1064.63830566406 1070.20629882812 1073.94445800781 1078.41381835938 1082.33386230469 1086.85534667969 1092.05151367188 1097.48852539062 1101.94445800781 1110.95458984375 1116.07446289062 1121.57434082031 1124.77478027344 1128.89880371094 1134.31127929688 1138.50012207031 1144.09045410156 1147.42810058594 1151.59252929688 1157.35913085938 1160.69128417969 1167.1708984375 1172.03967285156 1176.31433105469 1181.9482421875 1184.86071777344 1187.86157226562 1192.11962890625 1196.80590820312 1199.16711425781 1202.05908203125 1206.5712890625 1210.67980957031 1213.31237792969 1217.17492675781 1220.63659667969 1224.19287109375 1227.88952636719 1231.17297363281 1233.01867675781 1235.52160644531 1237.7314453125 1236.98986816406 1234.97521972656
1030.46984863281 1035.65747070312 1040.68225097656 1052.27319335938 1059.21997070312 1064.48864746094 1068.36743164062 1072.18579101562 1076.38598632812 1080.3427734375 1085.55944824219 1090.39501953125 1094.04870605469 1100.15576171875 1110.96508789062 1115.83129882812 1120.89306640625 1125.20874023438 1128.4833984375 1133.65344238281 1136.99572753906 1142.31481933594 1146.57507324219 1150.93469238281 1155.80627441406 1159.37670898438 1166.51831054688 1170.00744628906 1173.79638671875 1178.75207519531 1182.37561035156 1185.77282714844 1190.83532714844 1193.13537597656 1196.22570800781 1198.72082519531 1202.40454101562 1207.607421875 1210.32470703125 1213.34521484375 1216.78979492188 1219.83508300781 1223.50598144531 1227.06372070312 1228.74291992188 1229.68591308594 1231.27770996094 1231.98266601562 1230.5205078125
1031.45654296875 1036.29968261719 1041.48522949219 1050.99365234375 1057.49206542969 1062.88793945312 1066.70153808594 1070.61303710938 1075.58776855469 1080.61828613281 1086.92028808594 1090.8740234375 1094.10339355469 1099.89086914062 1109.01745605469 1114.85620117188 1119.79797363281 1124.14624023438 1127.91650390625 1133.24450683594 1135.90356445312 1140.88330078125 1145.75744628906 1150.73461914062 1154.49890136719 1158.240234375 1165.46459960938 1168.9697265625 1172.69738769531 1175.21203613281 1179.23266601562 1183.04846191406 1187.32751464844 1187.87927246094 1192.17712402344 1194.6572265625 1197.5322265625 1204.08764648438 1206.58447265625 1208.96350097656 1211.79943847656 1214.28442382812 1218.05065917969 1221.4775390625 1223.73840332031 1224.33532714844 1224.44885253906 1226.07287597656 1225.42810058594
1033.02429199219 1037.78796386719 1041.7197265625 1050.64880371094 1055.95593261719 1059.98986816406 1065.19165039062 1069.58068847656 1074.99694824219 1080.68383789062 1085.92565917969 1090.52514648438 1094.73010253906 1098.96765136719 1107.26867675781 1112.46057128906 1118.05651855469 1122.216796875 1125.93200683594 1131.07897949219 1136.33569335938 1139.62512207031 1143.60766601562 1148.60571289062 1153.25146484375 1157.23217773438 1163.47314453125 1166.76965332031 1171.22668457031 1173.68981933594 1176.95874023438 1180.31713867188 1183.72644042969 1184.51770019531 1187.68664550781 1191.34399414062 1193.19482421875 1199.32727050781 1202.03942871094 1204.49060058594 1207.35803222656 1209.92028808594 1212.78576660156 1215.10302734375 1218.55932617188 1219.27416992188 1219.33044433594 1219.82299804688 1220.37438964844
1034.36279296875 1038.28637695312 1043.70556640625 1054.31323242188 1055.82165527344 1060.21484375 1065.75366210938 1068.30712890625 1072.2041015625 1076.82958984375 1081.21569824219 1086.77331542969 1091.33654785156 1096.37731933594 1105.54345703125 1108.60925292969 1113.83862304688 1119.32312011719 1123.92236328125 1127.37329101562 1131.390625 1134.03308105469 1139.61926269531 1143.33056640625 1145.93054199219 1150.03308105469 1158.48889160156 1162.93774414062 1166.5791015625 1170.14916992188 1173.43542480469 1176.04248046875 1177.98156738281 1180.32214355469 1181.92663574219 1185.19921875 1185.77001953125 1191.85961914062 1194.55444335938 1197.06433105469 1199.77502441406 1202.03857421875 1203.0576171875 1204.67114257812 1205.77294921875 1208.43249511719 1209.65051269531 1210.37084960938 1210.39025878906
1036.27416992188 1040.04248046875 1045.05798339844 1055.06884765625 1057.15454101562 -3.4e+38 1065.15661621094 1068.94665527344 1072.40405273438 1075.61669921875 1080.05029296875 1084.23510742188 1089.13903808594 1095.22741699219 1104.47033691406 1107.70666503906 1112.45520019531 1117.00830078125 1121.70849609375 1125.677734375 1128.26391601562 1131.15222167969 1135.86328125 1140.0107421875 1143.00207519531 1146.61633300781 1154.65637207031 1159.42883300781 1164.95324707031 1168.39794921875 1170.11413574219 1172.90441894531 1175.57275390625 1176.78283691406 1178.29650878906 1180.79382324219 1181.77087402344 1187.75549316406 1189.68005371094 1192.36413574219 1194.82678222656 1197.46069335938 1199.23034667969 1199.90856933594 1201.34338378906 1203.57092285156 1205.12951660156 1205.45825195312 1206.78430175781
1034.92993164062 1039.57153320312 1044.91052246094 1054.86865234375 1057.35900878906 1060.29748535156 1065.03625488281 1069.46325683594 1073.51989746094 1075.57336425781 1079.92431640625 1082.84643554688 1087.73791503906 1093.32861328125 1103.16271972656 1106.52221679688 1109.86022949219 1113.71801757812 1118.09973144531 1122.70983886719 1125.77966308594 1130.23913574219 1133.93041992188 1136.96594238281 1141.79675292969 1145.48583984375 1152.77294921875 1156.41711425781 1161.15319824219 1164.73620605469 1167.38989257812 1169.16149902344 1171.04064941406 1172.89697265625 1175.125 1176.86071777344 1178.77600097656 1182.8486328125 1184.69995117188 1187.05261230469 1189.79455566406 1192.8525390625 1194.96423339844 1196.26818847656 1197.39758300781 1198.70275878906 1201.11499023438 1201.77563476562 -3.4e+38
1032.77746582031 1039.64526367188 1046.26037597656 1055.37182617188 1058.71362304688 1062.33386230469 1066.66882324219 1069.92663574219 1073.67810058594 1075.43505859375 1079.83361816406 1082.5810546875 1086.98229980469 1090.95043945312 1101.72802734375 1106.02954101562 1109.42150878906 1113.48132324219 1117.15356445312 1120.31994628906 1123.59973144531 1128.06237792969 1132.30859375 1135.2294921875 1139.08825683594 1143.45336914062 1151.404296875 1154.22009277344 1156.86376953125 1160.87902832031 1162.71728515625 1165.20458984375 1167.24731445312 1169.69738769531 1172.01110839844 1173.99365234375 1175.060546875 1179.04895019531 1180.24645996094 1184.72717285156 1192.06811523438 1188.77526855469 1189.76513671875 1191.9638671875 1193.61157226562 1195.10827636719 1197.26000976562 1197.62475585938 1196.63415527344
