rcp4.5models/GFDL_CM3/sc1gr6.29
NCOLS 261 
NROWS 433 
XLLCORNER 336357.134 
YLLCORNER 654653.479 
CELLSIZE 1000 
NODATA_value -9999 
[rows 242 to 263 of 433, columns 102 to 152 of 261]
1768.22143554688 1766.39147949219 1766.24853515625 -9999 1760.4580078125 1757.83374023438 1756.16772460938 1754.41711425781 1751.48291015625 1748.76025390625 1742.65173339844 1737.17919921875 1753.69165039062 1801.14624023438 1813.82897949219 1822.48999023438 1829.21545410156 1823.16430664062 1803.56311035156 1804.46496582031 1818.423828125 1826.97375488281 1753.21630859375 -9999 1769.94836425781 1784.56677246094 1772.28381347656 1781.92651367188 1790.47961425781 1796.22265625 1806.43017578125 1816.95849609375 1820.41320800781 1857.97436523438 1844.75695800781 1852.09887695312 1863.51965332031 1896.58898925781 1923.62170410156 1888.615234375 1892.42504882812 1898.57702636719 1905.01342773438 1911.14855957031 1923.83081054688 1936.31042480469 1959.47045898438 1992.64831542969 1997.41015625 1971.12731933594 1962.58618164062
1793.78540039062 1792.29187011719 1789.07861328125 1785.71789550781 1783.1201171875 1780.22863769531 1776.28466796875 1773.07873535156 1770.07836914062 1764.94213867188 1758.39868164062 1759.1806640625 1772.51843261719 1817.39672851562 1832.45263671875 1843.87512207031 1834.96691894531 1825.07263183594 1808.71813964844 1813.53247070312 1822.73754882812 1803.48181152344 1785.93286132812 1769.25842285156 1777.74487304688 1802.76049804688 1812.4384765625 1877.28576660156 1968.85400390625 1984.32824707031 1894.92651367188 1821.97546386719 1825.71398925781 1898.81274414062 1925.47985839844 1856.2685546875 1864.43103027344 1921.61169433594 1983.47937011719 1912.87719726562 1902.15881347656 1897.65185546875 1901.96423339844 1907.09521484375 1919.94482421875 1932.85632324219 1957.72106933594 1985.83911132812 1975.65393066406 1958.14990234375 1952.88781738281
1807.75695800781 1804.46984863281 1801.46484375 1797.78588867188 1793.7236328125 1790.68737792969 1786.40258789062 1782.81066894531 1778.48400878906 1772.53979492188 1771.70361328125 1778.76733398438 1799.61010742188 1897.58996582031 1963.08459472656 1965.06103515625 1842.513671875 1819.85900878906 1812.24621582031 1823.47241210938 1822.98181152344 1792.4345703125 1772.92565917969 1767.32482910156 1782.62768554688 1818.08471679688 1843.5771484375 1883.47436523438 1987.86437988281 2101.97143554688 2012.03735351562 1840.01977539062 1848.63427734375 1929.16027832031 1968.60168457031 1857.01281738281 1869.53332519531 1931.8525390625 2006.9931640625 1946.57177734375 1915.71130371094 1900.42211914062 1898.98571777344 1904.34973144531 1919.97668457031 1933.40380859375 1962.89733886719 1990.91369628906 1968.8955078125 1955.08251953125 1947.05480957031
1820.5673828125 1818.04931640625 1813.4013671875 1809.08325195312 1805.154296875 1801.94458007812 1798.10571289062 1793.74938964844 1787.31811523438 1781.79064941406 1796.13232421875 1793.43774414062 1833.595703125 2040.51599121094 2213.96630859375 2137.20532226562 1865.78649902344 1821.65307617188 1822.2587890625 1843.40112304688 1844.203125 1795.74841308594 1771.94494628906 1777.26733398438 1785.98474121094 1816.85668945312 1872.88415527344 1963.09252929688 2066.869140625 2169.91967773438 2132.02490234375 1951.25830078125 1940.26892089844 1953.95764160156 1963.59204101562 1877.4443359375 1880.99499511719 1933.33618164062 2016.02001953125 1987.16235351562 1924.37036132812 1906.43200683594 1898.63195800781 1902.60913085938 1920.01635742188 1935.72485351562 1976.4326171875 2010.39111328125 1968.41943359375 1951.12377929688 1944.37316894531
1835.19995117188 1832.32385253906 1826.70812988281 1821.21496582031 1817.60070800781 1813.96032714844 1809.79016113281 1805.708984375 1799.12927246094 1792.11608886719 1831.669921875 1818.36401367188 1809.98571777344 2041.00769042969 2340.93310546875 2208.59936523438 1932.1474609375 1847.05224609375 1837.73608398438 1871.23315429688 1872.63354492188 1806.56652832031 1793.85266113281 1796.03833007812 1807.47314453125 1857.47387695312 1938.10485839844 2120.32275390625 2280.326171875 2301.81127929688 2276.0703125 2192.39282226562 2152.23706054688 2017.9755859375 2006.54235839844 1928.16723632812 1892.60144042969 1930.43713378906 2020.07788085938 2012.86901855469 1923.50537109375 1901.0322265625 1899.69848632812 1903.0986328125 1921.59326171875 1935.00183105469 1976.84191894531 2027.947265625 1995.89990234375 1947.46716308594 1941.42834472656
1851.58276367188 1846.720703125 1840.97668457031 1834.01208496094 1831.78662109375 1827.99011230469 1822.96728515625 1817.37622070312 1809.99353027344 1801.42932128906 1826.45532226562 1816.4697265625 1795.78820800781 2013.48461914062 2329.64965820312 2133.84716796875 1905.05944824219 1857.67883300781 1852.55334472656 1871.91735839844 1860.06213378906 1821.74267578125 1820.92602539062 1810.5986328125 1816.37121582031 1872.19897460938 1984.81469726562 2191.06274414062 2336.49340820312 2310.275390625 2253.740234375 2350.1103515625 2304.4697265625 2051.72973632812 2011.40625 1928.01818847656 1899.93969726562 1918.10107421875 2010.54431152344 2056.48266601562 1949.74267578125 1896.50207519531 1898.96752929688 1902.61181640625 1920.02722167969 1930.95751953125 1964.20275878906 2005.11694335938 1974.63391113281 1936.64331054688 1932.10998535156
1868.20385742188 1863.1533203125 1856.11499023438 1849.27172851562 1846.18188476562 1841.90844726562 1836.37341308594 1828.58264160156 1821.07897949219 1813.91772460938 1809.33129882812 1803.14660644531 1804.37536621094 1996.306640625 2272.70581054688 2074.2578125 1865.8837890625 1844.63513183594 1849.61120605469 1855.83752441406 1838.09533691406 1834.74926757812 1819.47241210938 1808.06970214844 1808.5703125 1847.38720703125 2020.05554199219 2290.90380859375 2357.138671875 2288.92333984375 2216.62353515625 2372.24169921875 2294.53979492188 1990.2919921875 1945.00280761719 1917.56677246094 1926.21520996094 1933.55383300781 2005.14538574219 2082.78759765625 1973.59033203125 1904.11547851562 1901.87365722656 1901.58325195312 1917.36413574219 1928.63000488281 1951.27600097656 1968.54418945312 1940.46826171875 1925.92260742188 1928.20727539062
1883.94750976562 1879.59033203125 1873.12707519531 1865.12805175781 1857.22570800781 1855.12646484375 1849.36376953125 1842.1796875 1836.47509765625 1829.11242675781 1814.78784179688 1812.73022460938 1805.87097167969 1910.17736816406 2154.8388671875 2111.65649414062 1890.81774902344 1848.06958007812 1850.3046875 1859.15100097656 1846.54138183594 1841.29541015625 1813.88366699219 1807.84191894531 1812.85205078125 1868.12426757812 2076.80493164062 2345.54565429688 2389.27099609375 2353.21557617188 2310.97827148438 2284.564453125 2111.15869140625 1954.69567871094 1970.66442871094 1966.73364257812 1995.794921875 2009.56494140625 2034.01721191406 2090.71166992188 1985.94311523438 1911.70385742188 1901.8056640625 1903.27185058594 1917.07885742188 1929.06188964844 1957.16198730469 1991.97253417969 1971.01599121094 1926.62658691406 1927.5546875
1900.90954589844 1895.81945800781 1888.556640625 1878.45886230469 1870.63525390625 1868.73559570312 1863.154296875 1857.49011230469 1850.41809082031 1842.126953125 1825.10693359375 1818.86364746094 1811.82629394531 1857.33178710938 1985.94787597656 1986.60070800781 1870.31799316406 1857.93933105469 1870.36840820312 1860.95263671875 1838.017578125 1829.5087890625 1814.88305664062 1825.41943359375 1852.41784667969 1900.60327148438 2059.8984375 2252.68188476562 2329.650390625 2373.87280273438 2354.61157226562 2214.30102539062 2060.56518554688 1999.34094238281 2049.57055664062 2021.28149414062 2049.009765625 2078.75122070312 2078.48364257812 2133.12573242188 2005.90441894531 1914.00329589844 1909.271484375 1907.06616210938 1921.70336914062 1933.79699707031 1960.06469726562 2022.56042480469 2033.25842285156 1927.2646484375 1926.54858398438
1917.90783691406 1912.47338867188 1903.04675292969 1892.51391601562 1888.82922363281 1883.89306640625 1877.89758300781 1871.30139160156 1860.70690917969 1848.4248046875 1840.62646484375 1831.84851074219 1823.28979492188 1844.58972167969 1887.83447265625 1863.04260253906 1852.37145996094 1869.20422363281 1901.25634765625 1872.21826171875 1843.71203613281 1833.53100585938 1824.9365234375 1851.48107910156 1923.99291992188 1956.71166992188 2043.50720214844 2215.8076171875 2354.91333007812 2402.0537109375 2372.96362304688 2274.97192382812 2229.48217773438 2122.91357421875 2162.14233398438 2050.36474609375 2069.349609375 2107.06689453125 2103.5517578125 2165.2314453125 2025.89038085938 1929.32568359375 1931.77038574219 1918.06604003906 1928.11779785156 1935.16809082031 1943.55908203125 2002.3544921875 2042.35559082031 1923.79565429688 1922.41650390625
1935.166015625 1929.86755371094 1918.72546386719 1909.1005859375 1906.68444824219 1899.60266113281 1892.68933105469 1885.16198730469 1872.97216796875 1855.5009765625 1855.15856933594 1845.95483398438 1831.64404296875 1859.48229980469 1910.82971191406 1877.52197265625 1862.55895996094 1882.54174804688 1921.80407714844 1896.87121582031 1858.20068359375 1850.41735839844 1832.60375976562 1861.33032226562 1960.05151367188 2030.57775878906 2072.23974609375 2233.3505859375 2410.2998046875 2416.77880859375 2409.92114257812 2361.50756835938 2312.91284179688 2268.654296875 2282.3154296875 2133.51586914062 2108.12084960938 2105.71142578125 2118.64306640625 2159.84643554688 2047.96508789062 1953.43579101562 1963.33410644531 1936.22778320312 1939.44775390625 1934.46411132812 1948.54211425781 2001.49340820312 2032.30578613281 1951.62390136719 1922.80090332031
1954.06079101562 1947.97509765625 1938.66064453125 1928.6552734375 1923.22192382812 1914.8603515625 1906.41149902344 1898.73620605469 1888.18640136719 1870.74792480469 1862.90405273438 1854.07922363281 1844.23876953125 1886.72705078125 1927.86608886719 1887.83703613281 1867.46997070312 1911.91052246094 1976.90197753906 1911.53930664062 1860.11511230469 1851.71936035156 1846.86584472656 1852.50805664062 1922.17211914062 2011.03186035156 2070.46655273438 2274.77587890625 2385.12036132812 2398.6240234375 2368.18115234375 2303.20776367188 2248.84594726562 2389.25317382812 2359.34301757812 2233.88012695312 2129.56665039062 2117.45361328125 2135.123046875 2116.11254882812 2050.994140625 1943.76245117188 1943.82983398438 1928.64428710938 1940.15942382812 1944.32531738281 1953.82763671875 2018.07214355469 2068.9873046875 1974.39770507812 1932.96667480469
1974.16223144531 -9999 1957.16540527344 1948.42993164062 1940.359375 1928.85083007812 1918.29614257812 1913.23706054688 1904.49377441406 1891.68542480469 1869.91662597656 1859.85717773438 1879.21228027344 1930.72766113281 1918.18383789062 1893.51770019531 1867.99548339844 1990.27380371094 2143.50952148438 1945.6455078125 1859.10729980469 1850.04895019531 1854.24560546875 1853.82385253906 1889.86462402344 1965.52453613281 2032.46337890625 2222.15063476562 2272.52075195312 2360.45751953125 2404.52734375 2318.58276367188 2248.76611328125 2414.38989257812 2333.1640625 2188.21069335938 2134.69482421875 2169.46484375 2146.00170898438 2030.53234863281 1991.59387207031 1928.94250488281 1928.28918457031 1925.16137695312 1932.02392578125 1945.57934570312 1943.34313964844 1989.51049804688 2032.34692382812 1952.48706054688 1920.6328125
2015.38549804688 -9999 1994.48571777344 1984.66418457031 1972.04907226562 1954.69836425781 1943.21948242188 1937.28625488281 1929.87841796875 1922.74157714844 1891.69689941406 1872.50915527344 1868.63061523438 1948.32067871094 2073.6201171875 1983.10888671875 1899.66979980469 1948.501953125 2034.0732421875 1928.41906738281 1866.26708984375 1863.63427734375 1869.79968261719 1884.95922851562 1876.44421386719 1886.72155761719 1940.45129394531 2032.96533203125 2130.91772460938 2308.32421875 2426.55737304688 2398.53857421875 2189.2333984375 2444.57080078125 2277.15161132812 2283.064453125 2421.17407226562 2296.79809570312 2042.71166992188 1963.66955566406 1994.0703125 2122.71630859375 2148.80688476562 2034.32080078125 1991.673828125 2008.09033203125 1995.69079589844 2033.00048828125 2058.89184570312 1946.203125 1902.10192871094
2033.89526367188 2023.17272949219 2011.71801757812 1990.70654296875 1972.13513183594 1972.20922851562 1955.17004394531 1953.373046875 1945.54553222656 1937.82006835938 1905.72058105469 1882.25378417969 1877.62463378906 1946.85229492188 2057.00073242188 1974.880859375 1898.68872070312 1953.74755859375 2046.93762207031 1951.98913574219 1872.74255371094 1868.77209472656 1887.52844238281 1918.02673339844 1898.49865722656 1923.21325683594 1976.14990234375 1970.81994628906 2110.46630859375 2301.9228515625 2440.92333984375 2463.24926757812 2314.68432617188 2462.14770507812 2327.86303710938 2363.52734375 2357.67504882812 2160.46020507812 1985.99230957031 1976.77526855469 2055.33178710938 2173.18212890625 2190.66552734375 2088.5859375 2012.30383300781 2048.7138671875 2010.30334472656 2056.84252929688 2104.65502929688 1974.51708984375 1900.630859375
2052.482421875 2041.67492675781 2030.15808105469 1997.65686035156 1969.396484375 1976.79895019531 1947.2666015625 1956.62573242188 1960.70397949219 1949.11547851562 1928.77124023438 1907.36071777344 1888.84521484375 1959.20922851562 2079.36499023438 2000.50012207031 1916.86535644531 1973.74243164062 2069.93139648438 1961.16564941406 1874.83898925781 1870.36865234375 1892.29370117188 1922.66442871094 1907.62365722656 1924.82861328125 1991.55822753906 2022.28820800781 2102.51440429688 2255.71606445312 2432.53491210938 2523.22387695312 2430.22729492188 2489.65454101562 2407.11083984375 2434.53369140625 2261.73876953125 2013.43518066406 1994.74353027344 2116.70288085938 2195.6318359375 2264.68359375 2225.39868164062 2107.20581054688 2048.04565429688 2093.81591796875 2066.72119140625 2062.53540039062 2083.60498046875 1973.89965820312 1906.83715820312
2071.22924804688 2058.48852539062 2046.78173828125 2012.07934570312 1973.400390625 1997.99243164062 1987.83911132812 1954.86511230469 1972.53039550781 1959.64477539062 1934.47534179688 1930.81945800781 1903.09484863281 1990.27185058594 2218.7255859375 2247.1572265625 2091.23779296875 2123.73461914062 2275.89965820312 2065.392578125 1876.52612304688 1878.05639648438 1900.9345703125 1920.47741699219 1907.18188476562 1917.03833007812 2024.99682617188 2168.38549804688 2201.4814453125 2354.96850585938 2480.044921875 2383.38720703125 2289.06958007812 2528.60888671875 2474.49780273438 2474.5625 2287.11254882812 2062.51440429688 2109.28344726562 2330.93920898438 2388.78784179688 2342.80981445312 2240.1328125 2161.75439453125 2140.5126953125 2146.080078125 2101.15625 2068.03930664062 2083.92797851562 1999.49157714844 1957.93469238281
2088.65991210938 2075.06762695312 2062.96215820312 2039.88134765625 2015.51721191406 2078.66186523438 2096.27099609375 1966.39245605469 1988.66149902344 1976.34802246094 1927.28637695312 1932.19250488281 1916.00939941406 1996.71826171875 2302.81909179688 2524.953125 2399.73193359375 2374.24584960938 2518.18969726562 2204.98974609375 1884.64123535156 1885.68566894531 1908.97766113281 1923.89770507812 1914.45153808594 1943.01599121094 2100.60180664062 2288.53051757812 2291.73266601562 2441.73901367188 2470.64794921875 2172.74096679688 2122.57592773438 2535.75830078125 2453.87768554688 2450.22900390625 2274.1162109375 2125.54321289062 2203.87719726562 2430.07568359375 2486.98950195312 2405.92944335938 2356.46606445312 2302.50366210938 2249.85620117188 2213.30151367188 2146.3095703125 2119.1572265625 2137.88232421875 2068.86865234375 2007.58569335938
2105.08203125 2092.9248046875 2079.73828125 2060.41235351562 2052.0546875 2120.56298828125 2119.4150390625 1981.03564453125 2004.75329589844 1995.39331054688 1939.37377929688 1950.5400390625 1994.30102539062 2059.20288085938 2280.16357421875 2550.22143554688 2477.95629882812 2464.00756835938 2502.27880859375 2154.2001953125 1894.63916015625 1895.04223632812 1910.73400878906 1940.57763671875 1965.12915039062 1979.9716796875 2134.16088867188 2416.4130859375 2474.2607421875 2558.7646484375 2484.43408203125 2171.29077148438 2108.79028320312 2396.29907226562 2402.31494140625 2503.59594726562 2319.630859375 2153.45874023438 2268.12548828125 2462.25927734375 2505.27758789062 2461.20874023438 2485.32348632812 2415.296875 2348.77392578125 2312.04248046875 2243.69897460938 2186.85668945312 2141.55297851562 2067.91259765625 2005.11486816406
2121.189453125 2108.95288085938 2095.21752929688 2074.25244140625 2062.8447265625 2083.32666015625 2057.05639648438 2011.17993164062 2019.615234375 2010.55712890625 1957.625 1952.39392089844 2034.712890625 2180.15795898438 2326.15307617188 2459.6875 2374.28271484375 2322.85913085938 2284.90551757812 1985.87866210938 1900.16918945312 1901.25122070312 1926.16625976562 1985.32116699219 2033.28015136719 2042.17163085938 2176.38696289062 2508.92358398438 2658.72094726562 2602.53198242188 2375.65063476562 2155.70092773438 2110.9931640625 2172.6015625 2319.31665039062 2552.814453125 2383.18823242188 2250.083984375 2334.51489257812 2457.9697265625 2322.849609375 2265.53442382812 2365.02880859375 2444.64965820312 2415.7802734375 2382.44702148438 2297.29907226562 2150.52783203125 2024.64660644531 1974.41491699219 1956.61242675781
2137.08959960938 2124.81884765625 2112.5771484375 2096.01147460938 2068.93310546875 2042.85815429688 2036.98266601562 2030.80126953125 2030.462890625 2023.57177734375 1960.20678710938 1958.01611328125 2031.01672363281 2192.5625 2326.21069335938 2321.01879882812 2193.74389648438 2087.05859375 2066.69799804688 1907.18566894531 1904.81005859375 1906.9287109375 1948.44274902344 2041.46447753906 2079.35180664062 2101.04077148438 2247.35961914062 2492.40966796875 2647.85864257812 2472.98510742188 2306.1484375 2125.7158203125 2096.44873046875 2087.2412109375 2258.77661132812 2566.18481445312 2515.82202148438 2442.767578125 2402.0361328125 2469.9716796875 2259.509765625 2075.64111328125 2223.99951171875 2443.04443359375 2428.51318359375 2339.37158203125 2223.59350585938 2051.50732421875 1990.515625 1996.69494628906 1961.15795898438
2152.13232421875 2140.16674804688 2129.1650390625 2115.283203125 2090.2060546875 2064.70849609375 2053.61791992188 2030.14135742188 2048.10668945312 2037.95031738281 2044.58508300781 2080.3544921875 2127.03393554688 2228.66918945312 2250.201171875 2239.14868164062 2135.24829101562 1982.4052734375 1955.08740234375 1914.04064941406 1912.83374023438 1915.53295898438 1946.73229980469 2070.11547851562 2191.94140625 2234.46459960938 2362.81079101562 2513.30908203125 2599.73876953125 2480.78759765625 2500.7265625 2278.75122070312 2132.125 2099.67822265625 2194.91162109375 2392.90942382812 2453.68188476562 2540.6015625 2505.82934570312 2508.95043945312 2379.71264648438 2213.64794921875 2363.1025390625 2461.921875 2397.42016601562 2284.68139648438 2122.8642578125 2044.84838867188 2131.478515625 2174.70947265625 2062.73315429688
