rcp4.5models/GFDL_CM3/sc1gr0.1
NCOLS 261 
NROWS 433 
XLLCORNER 336357.134 
YLLCORNER 654653.479 
CELLSIZE 1000 
NODATA_value -9999 
[rows 220 to 241 of 433, columns 50 to 99 of 261]
84.4580121250849 84.5652298818258 84.5993056169222 84.7310865546776 84.9654600568011 85.0278421740868 85.2398158147187 85.253327361064 85.2009467128292 85.2266389301515 85.3411106649313 85.5653009306163 85.5851047410173 85.7217788703831 85.8643175341167 85.9835961130516 86.0012620068892 86.1244665473766 86.0730478193982 86.1602105292237 86.4052487902691 86.5447148626047 86.4569307458535 86.5149183421722 86.6155564990506 86.7957526567939 86.7522974152072 86.8377476942444 86.9175622808951 86.927433376519 87.0129555097982 87.0567379573781 86.9719306849237 87.1241004353118 87.1375178723052 87.1933453381831 87.1041244786938 87.1636688669634 87.2962807722697 87.4102995715872 87.3755779949585 87.3418702198494 87.5269466731991 87.4744988716579 87.3437701767395 87.3673933448793 87.2667004210695 87.2795853946615 87.3910196097337 87.3694659692402
84.3044257496275 84.5700349428092 84.6232546859956 84.7256631556101 85.0026685159239 84.9542998719786 85.0967791317638 85.1458969718091 85.140802783126 85.2019257879362 85.2913185735853 85.441415389619 85.6345027439002 85.7381693040223 85.8838882432837 85.9269909578002 85.8818928195435 85.9830049482175 86.0635378730169 86.1303053912807 86.308233497148 86.4512625039141 86.2568425285431 86.3590792849907 86.6471454896958 86.7845630096196 86.6666706153228 86.7384892755445 86.9714349481841 87.0439062503614 86.9411993954373 87.007547227232 86.960231067206 87.0181701258963 86.9578854874008 87.1533528112126 87.1227232407082 87.1652096924545 87.338718554637 87.3870489447549 87.6201907545159 87.4612382559239 87.4950123701543 87.4342986493743 87.4379333106127 87.4664831825627 87.3332259247904 87.4593261643581 87.4712033563968 87.4223021770826
84.326122643213 84.4528082726551 84.540285975887 84.6859531947461 85.0041138086846 84.9882054880648 85.112596050748 85.1856209846911 85.2798437312148 85.4373231754595 85.4919440473376 85.5141592612506 85.6464815031315 85.8650099421334 85.9206907779687 85.791052113308 85.8172755369537 85.9137977430752 86.1128736533758 86.3182093627649 86.2731288030051 86.3711747516407 86.393807985682 86.4427470609564 86.7053670657956 86.7921769492993 86.7433850166647 86.7421107197945 86.8760640499431 86.9172718943925 86.8849557704236 87.0384429441861 87.0837522212858 87.0861557582468 87.0047261921023 87.1458312371595 87.1932656923316 87.2589354365752 87.3405195255487 87.2210424783424 87.7097105733761 87.6337598199513 87.6081337943885 87.4891761098187 87.5526649925086 87.8113455601042 87.508549705418 87.5981332755971 87.5430451943532 87.5298452766575
84.4219153024442 84.4251456932053 84.5827046212456 84.760330815656 84.9385430974193 85.0666927924028 85.0832776093643 85.1261508740852 85.2742968190924 85.5101589685617 85.5819166171878 85.6245050301488 85.6566685664312 85.7291529255267 85.8009922726465 85.8236762069676 85.912905244789 85.9766225042278 86.0939256135132 86.3064292140577 86.2894277986691 86.3834096521548 86.4305242330449 86.4931437047416 86.7049081641379 86.7340049846018 86.8027036660275 86.8685175329587 86.9360164437675 86.9617854241186 86.9653462446723 86.991018610769 87.0219960315736 87.0728304219543 87.0965435159774 87.2086520393475 87.1859912364811 87.2213701491231 87.3046916056675 87.2862090923647 87.5488646676192 87.6135917992996 87.6844142993846 87.562557916774 87.6834598676925 88.2022613761913 87.72121249462 87.6495768278811 87.5929951898319 87.6530238356599
84.3938985761503 84.5233528077909 84.6694630496566 84.6643034692475 84.7705617769216 84.975902766574 84.9848910180125 85.0687729472817 85.1200209289134 85.238363605645 85.4240326292725 85.5734248179766 85.5284425939158 85.7563657484621 85.8597789606831 85.9134161640365 85.8203363214915 85.9040476604688 86.0063888570475 86.2634107319133 86.3113943383457 86.3784295254787 86.4436655206495 86.5211875933184 86.707805499019 86.7565070221565 86.8330228842582 86.7714532686204 87.0209805469958 87.0532424588834 86.9822818741573 86.9046581721145 86.9389154408184 87.0478375446734 87.0285565354211 87.1305694007423 87.0934844973724 87.1780195550208 87.2762147927458 87.3856299117087 87.4830277448594 87.5846877274501 87.5899137529847 87.5099629434659 87.6445987246178 87.8650015828393 87.6557873819808 87.6772213612877 87.6509465785449 87.6451285565605
84.3641376615645 84.4831215222247 84.5972041531455 84.6465662505647 84.732830661912 84.9541460111609 84.9617231155705 85.1429386444264 85.310243168967 85.3114636218987 85.3266550411834 85.551305399378 85.63319876153 85.7744966280592 85.8453508741672 85.8614877561918 85.7963032023929 85.9437865220617 86.0240114342218 86.0736956630257 86.2058666104796 86.4161578505053 86.5031934277102 86.5757616388771 86.6839461345144 86.7561578359129 86.8096143855464 86.7422222119117 87.0681801003734 87.0228939936728 86.8903898788906 86.877470555517 86.8935052793238 87.016313750137 87.0157460044212 87.0401363132234 87.042592066729 87.1379021339566 87.2517139977104 87.4004793281469 87.4190948837789 87.5417552837907 87.4448895515466 87.3710645021927 87.5055892184337 87.5209234188766 -9999 87.6947835765824 87.5652915863311 87.5404306800156
84.3722581105417 84.4737654205342 84.6047407491596 84.6809243327424 84.7399377790051 84.8902628549306 85.0668755499973 85.2907122580629 85.4082759176425 85.4747301176603 85.4380356160664 85.4862192516774 85.5506447142732 85.6928604883376 85.6459582777185 85.8116606395901 85.8696773651581 85.9893487733104 86.0257951635063 86.0149737513998 86.2377911013822 86.397600406047 86.5053951497361 86.6364238757712 86.6748543179578 86.749183044627 86.7974402253685 86.8521119623811 86.9243205325544 87.0139427377397 86.8412800461345 86.8906582818705 86.9513413695648 86.9729266662702 87.0891844504889 87.0780759686491 87.0771710690404 87.1928834475644 87.3641343602559 87.3122811606461 87.3748985379034 87.4228396458385 87.3825412338347 87.3795285727633 87.4826808309324 87.5827323662734 87.5292132635355 87.5906310842359 87.5622130736603 87.5336777398349
84.3531804834394 84.4374470677305 84.6781957309821 84.6790594426319 84.6565931814949 84.7628955444521 85.0377243156367 85.2235451564278 85.3488118839979 85.4947235101671 85.532619510148 85.452188150784 85.5238781193688 85.633161674263 85.5536447728091 85.7441472251654 85.9126801683407 86.1370278373811 86.1408442771987 86.1828040167867 86.3574254966858 86.448910929337 86.579025198961 86.6539282670141 86.6676108237545 86.7810257208653 86.75751242684 86.8197271751229 86.9004590885578 86.9862669921919 86.9126335651187 86.9257970880123 87.0696738873575 86.9747131791807 87.0629358240219 87.1369901918911 87.1759604890637 87.2613390375111 87.3351132229924 87.2979162740393 87.333755913155 87.3931278803599 87.3865960609574 87.7345141294968 88.0069175719231 87.636154594085 87.5722597369911 87.6231186617242 87.6341165197962 87.4783320509714
84.2388200764178 84.3477211685149 84.6947854771399 84.629776284119 84.6242666793565 84.8248450267249 84.9942320396963 85.0753233741982 85.3564053100061 85.4611902046409 85.5405053205655 85.4272443760444 85.5863908561217 85.6978823912615 85.6161679758361 85.6994796777023 85.9355080237533 86.2343200655467 86.1674030188262 86.3378698787106 86.4239093735256 86.3937669935792 86.6013525607147 86.5846970495049 86.6522460570518 86.7527592382661 86.7186387382845 86.7996695442129 86.9417141840711 86.9384355341429 86.9516972403024 86.9124894791498 87.0807162962105 86.9815664367204 87.1828312673504 87.2555513623732 87.3672108908326 87.2909729843858 87.2978497040805 87.2994371864938 87.3910696343057 87.4795126156011 87.4614737354815 87.7042119429369 87.8141040945364 87.6419070528391 87.6845380645007 87.6878350635205 87.5302912732203 87.3298320340123
84.0846336784186 84.2035648006439 84.3957026576223 84.5939101453975 84.7536548987452 84.8344395966468 84.9813430357208 85.0626645346548 85.3613316049218 85.4771404131265 85.5424043000057 85.4796752395283 85.5558692944724 85.6959045173029 85.6240928486081 85.7028870763688 86.0017689864559 86.0833181178521 86.1686707596998 86.3050048646183 86.3576058197305 86.3303139028055 86.4536325387838 86.4995448202664 86.6742548356325 86.7141506510378 86.770914583246 86.8259499020355 86.9402350707211 87.0464920582906 87.0730545778402 86.9045373633382 87.0330705340747 87.0264951144249 87.2244476614757 87.2349200475139 87.2617989840455 87.2797606907235 87.2778777201976 87.3535133076971 87.5069572491289 87.5667579517255 87.4859319003615 87.5195718394353 87.5216610258449 87.5688346852987 87.6511190865307 87.6710776319851 87.4995599503565 87.5890169128315
84.2760718591679 84.2376726866956 84.2479707831769 84.5423807427184 84.7869787825063 84.8766831024981 85.0939770021377 85.2220431694046 85.2934835178016 85.3928097946887 85.4805757180628 85.5242548946689 85.5071634599699 85.5894996113286 85.5810178348108 85.7003027148994 85.9905744950476 86.0594438820684 86.1401261475194 86.1821677483806 86.192538615179 86.2659216328255 86.3615226150494 86.5868293412203 86.6484306123468 86.6084625649937 86.798237580059 86.8528438510465 86.9363875141134 87.0116615621132 87.1088587909008 86.8665581469558 87.0174821272212 87.1625519162015 87.2427882745494 87.1798920873889 87.1887556651394 87.282074731643 87.3865353170066 87.491158749582 87.5861491548648 87.5314495870029 87.5202629745664 87.5990972682843 87.5717424846431 87.5697939746175 87.5755303832385 87.5685271266454 87.5393757758929 87.735073558225
84.1702885119425 84.2989682523343 84.4757323277681 84.6081748219565 84.6139606451157 84.6577241208161 84.9241829716094 84.8847141626655 84.8796049767268 84.9503828748134 85.0439859544856 85.2808185205395 85.3771077401184 85.4576946772992 85.544615636636 85.6686290023255 85.8631897341779 -9999 -9999 86.2511912997406 86.2703167976157 86.3957643911155 86.413697665774 86.5181631125014 86.5984987100794 86.5688342882988 86.667141354188 86.7555100905138 86.8185065479499 86.9243032250834 87.0075214537174 87.0282787148128 87.164599824778 87.2118269141274 87.0730187556709 87.194369984703 87.4889312146189 87.4903718881023 87.6343789282083 87.5985896018155 87.6222880829559 87.6157238122831 87.6299316720363 87.6518596248566 87.5498988638243 87.5692296903996 87.645499733444 87.7074503334998 87.7453631795524 87.7415524624179
84.0743729439434 84.2246666387923 84.3324515684796 84.4909001937789 84.4915238199224 84.5424793836839 84.8282428723794 84.741458548719 84.7550164649508 84.8445685838502 85.0203132948259 85.3508015144653 85.4213995157035 85.4425449452475 85.5196830815431 85.6580534081094 85.8920388525811 86.0384909879342 86.091109684568 86.007281086144 86.1174580367858 86.382289550776 86.3305963291873 86.3977619048045 86.5483366454647 86.5451239905529 86.6927172466837 86.7240788672813 86.8881136271723 86.9472515847252 86.9981868288756 87.0408649766359 87.1597994337414 87.2062330964573 87.1125647908389 87.1735420631566 87.3976258019108 87.4565390036547 87.5998820957744 87.63005271761 87.5358230713496 87.5832093576972 87.6646385562893 87.713864637449 87.7383206701937 87.699198533009 87.7322902174215 87.8128460948527 87.868432389357 87.9115079760936
84.1307971895144 84.222784453555 84.2765622942538 84.4515058034781 84.5448056062119 84.5218484464899 84.7500829984291 84.7447380392105 84.8061917696049 84.829084543461 85.0091099461256 85.2572086015701 85.3989720163041 85.4742446362266 85.5874704978623 85.6929127647741 85.8296387895949 85.9984132906681 85.9117766563972 85.8945875553341 86.0082327954992 86.2898702732045 86.4967221791964 86.5127505574601 86.6176938177785 86.6559196138724 86.7583262503744 86.8877903532676 86.9251232460145 87.0263085523172 87.0825996539886 87.0900632677815 87.198297519922 87.1731099353312 87.227246659863 87.2979796014411 87.40180536278 87.4787646075624 87.5428891546989 87.6479857320108 87.599580185831 87.6372361985606 87.6974209688466 87.7944662745367 87.840463731221 87.8252433091806 87.8618338119539 87.9065427257451 87.9834608819944 88.0256913624007
84.107425554389 84.1255383081323 84.2353907178148 84.4308273014294 84.4093624800468 84.5282602560214 84.7451642136233 84.7791095360174 84.8931866181055 85.0736461754156 85.0150884390522 85.2216102691071 85.376727079029 85.3539699757151 85.541090519715 85.671433467303 85.7835617321164 85.9912612478632 85.9834019583749 86.0595891214159 85.9920096288432 86.1781425607939 86.5070471205131 86.6128598354692 86.6511224374656 86.7542914532559 86.8960867236731 86.936665876134 86.9089246187381 87.0796816766849 87.2616757564792 87.2480144281912 87.3130806906461 87.2786167844465 -9999 87.3459879234933 87.501593375592 87.5276401028726 87.5865244439304 87.6635068500716 87.6550988030815 87.6199402307244 87.6838908310052 87.7565982572404 87.8089459923208 87.884677650769 87.9552484043087 88.0085531669706 87.9466154205532 87.9242321184971
84.0686976685375 84.0680577566419 84.224588783039 84.381087645738 84.444099315018 84.5904220058102 84.8979778945876 84.9226956118968 84.9273426897244 85.2199779682666 85.3019603063845 85.4278238657212 85.5060177696673 85.6138385162365 85.6675309771686 85.7189775919406 85.8330467550813 85.9858472480353 86.0958574695433 86.1710990136265 86.1971823947938 86.3368538810746 86.4572938773978 86.666383068748 86.7707365117007 86.8394920573463 86.9379500485442 86.9055459412255 87.0626887620784 87.2120836853098 87.2566114645176 87.4134828910083 87.4704644575776 87.338781690466 -9999 -9999 87.4842980314313 87.498928644033 87.5694888327664 87.6451846125607 87.6649742679918 87.5946195158217 87.7097942571609 87.7410438006982 87.7739894322567 87.8398531889819 87.9746820558 88.0598416063654 87.9118281364769 87.9403965634218
83.9057002382826 83.9996833105449 84.1656944824042 84.3779788766065 84.403603784103 84.4571130180142 84.8869166779919 84.9478990752873 84.9797411131207 85.0618077797938 85.3342150342289 85.4125729708906 85.4804520748862 85.6249537356158 85.7163460508163 85.7985245006062 85.8489570262081 85.8655169939289 86.0310330421811 86.2291600543527 86.3231674202538 86.5398613996869 86.6621725454981 86.7105316483529 86.7632611838244 86.8145774107326 86.9626741236971 87.0031819468294 87.2056742380015 87.282014994899 87.2713428629845 87.4001394344843 87.5689327700216 -9999 -9999 87.4741575203178 -9999 -9999 87.6120246108981 87.7100883529038 87.6573815040802 87.6371675896148 87.7464639998318 87.854291952841 87.9065879607834 87.9001738002147 87.9356546117072 87.974929316928 87.963621833983 88.0467143046276
83.8221341245577 83.9229551715158 84.0705734520213 84.337867730883 84.5119729662009 84.5926147979361 84.7814227319777 84.9529839341447 85.1226134517561 85.0899531631749 85.190643740228 85.3047187776049 85.3821778395237 85.4690770794694 85.575448281441 85.7253588136389 85.9057028912011 85.8788399130898 86.0291070110537 86.2099667333767 86.4064362672261 86.6046314029821 86.5978725785733 86.6709960223381 86.8163830826871 86.750484566525 86.9100775309844 87.0851040768101 87.2221772381196 87.2822116412022 87.41091484716 87.3853779439715 87.5790856057389 -9999 -9999 -9999 87.6435076343591 87.6913870946108 87.7663854009185 87.8315247632126 87.7045957980014 87.7187481778477 87.8000484613309 87.9368804376337 88.067909125485 88.0111563229035 87.942021058037 88.0055886580906 88.0438766305975 88.0829530080627
83.7158821751149 83.9131111699175 84.1415068109418 84.2156241397068 84.5826485462507 84.6350997370459 84.7589837402017 84.9223477524181 85.0671687883933 85.1436940723497 85.1930654701875 85.2898849651094 85.3670402163967 85.4618635599566 85.573741646168 85.7514134646611 86.0203726880363 86.0561981828196 86.1508936893648 86.3152707647208 86.4432418787459 86.5477802020274 86.5828670443032 86.6874895210414 86.8912877209594 86.8108166652728 87.0238438136792 87.107853917122 87.2910680200027 87.4129155559621 87.4930889065097 87.4755578049255 87.505726535049 -9999 -9999 87.5785638239013 87.632236848497 87.6800620417245 87.844129451543 87.9358494979726 87.8632763147372 87.79534557443 87.832474242475 87.9253596676189 88.0302152329631 88.0428172421349 88.087083161686 88.1855004756205 88.1997932633095 88.279927530452
83.696888752037 83.8719331128103 84.1302562486773 84.3224226192172 84.4227995370552 84.6136203523565 84.7553712390825 84.8348875609762 84.9246120617985 85.1127987750271 85.2451065837456 85.3582972657952 85.4351521740414 85.5579624133445 85.724547769576 85.8223942738971 85.9320320297369 86.1759268803238 86.2676702125114 86.3651488994091 86.4809043366901 86.5891114866877 86.6648112134724 86.7036553587213 86.8174766289928 86.8657188655468 87.0284326998571 87.0170919005741 87.3805333843511 87.5847222538575 87.5322059930175 87.5305577022284 87.4952688838052 87.3931956705537 -9999 87.6729301163683 87.758447840151 87.6458536392092 87.7885756413872 87.9467390175569 88.0343589338753 87.8932552996746 87.939943574206 87.9932193117902 88.0304650448433 88.0679568291012 88.1290359112096 88.2433713164842 88.2583886983179 88.4169430141909
83.7588278233663 83.9553805454688 84.1620758245783 84.1900008228671 84.4100045658454 84.5550917477929 84.614393888504 84.7391026362708 84.8733444509409 85.0539681116701 85.2152445956871 85.3292555824076 85.4443024708754 85.6827941624108 85.7979278405438 85.8452792739182 85.9017431515426 86.2449478296918 86.3288845790762 86.4284228691233 86.5664254706127 86.6263905171731 86.7576042772672 86.8267742345314 86.8979666282908 86.9121196845672 86.9941494418077 87.0509066773577 87.2445544078596 87.5668879631396 87.7062722782872 87.6428458077831 87.5954509379648 87.499709526549 87.5529251457719 -9999 87.9249882051348 87.7881656434865 87.7211855751045 87.9182565362925 88.068332691799 88.0304194253855 88.10011003081 88.190149460797 88.1718137037552 88.2506756284778 88.3454557693624 88.3090020778201 88.1796643675995 88.3454305460516
83.8094241805035 83.9622754566263 84.2603766697716 84.2807834389951 84.3755550045293 84.2730800796463 84.6451280213709 84.7712324791178 84.9141701337921 85.039752729442 85.2007267392083 85.2855742507691 85.3495679877298 85.5931322245556 85.7047550942197 85.7886589902557 85.9180104009191 86.2088575287856 86.3345658012966 86.4664393134522 86.6619037528254 86.6639795080567 86.8122455246552 86.9130964927034 87.0187601643979 87.0311157357872 87.0686022177931 87.1681673885404 87.3008352498165 87.4563491111216 87.6146579807003 87.7364050167768 87.7184721453142 87.7270151724853 87.6798769946354 87.7624638952834 88.0252673491026 87.9868241343858 87.7915188542594 87.9509012185882 88.0725269360938 88.1298001943127 88.1346893332496 88.2596923122262 88.3315357857682 88.4085936531481 88.4799883972959 88.3767063731632 88.3013910857078 88.167194505952
