rcp4.5models/GFDL_CM3/sc1gr10.10
NCOLS 261 
NROWS 433 
XLLCORNER 336357.134 
YLLCORNER 654653.479 
CELLSIZE 1000 
NODATA_value -3.4e+38 
[rows 220 to 241 of 433, columns 98 to 146 of 261]
308.414489746094 314.554748535156 320.854431152344 333.549926757812 341.528564453125 351.681945800781 360.368499755859 370.200134277344 379.192840576172 382.924560546875 396.072174072266 407.087066650391 395.541870117188 396.907501220703 407.552581787109 412.741943359375 419.817016601562 428.601593017578 438.869476318359 443.724365234375 448.064361572266 452.73779296875 458.239562988281 464.336547851562 470.416778564453 478.179809570312 494.874725341797 501.237640380859 509.609100341797 540.32275390625 575.08154296875 544.881408691406 541.3564453125 549.177124023438 560.74462890625 578.218872070312 588.028930664062 602.975830078125 617.217834472656 650.267639160156 699.710327148438 694.968872070312 655.888366699219 707.038452148438 711.504577636719 652.323303222656 660.492858886719 667.004028320312 675.946594238281
308.605194091797 314.320739746094 320.9462890625 334.86669921875 341.960906982422 350.624603271484 356.993743896484 362.874816894531 372.261108398438 380.083862304688 394.195770263672 402.23193359375 394.019927978516 396.746124267578 408.602294921875 413.433074951172 420.185607910156 429.997436523438 441.576477050781 449.07568359375 448.668579101562 453.238372802734 459.365478515625 465.3916015625 471.577606201172 479.503295898438 495.100738525391 504.107788085938 512.379821777344 555.133178710938 598.854309082031 539.059692382812 543.787170410156 551.647094726562 561.912780761719 581.2099609375 602.547119140625 606.87451171875 630.756042480469 681.819030761719 708.000549316406 673.848205566406 653.751525878906 713.974365234375 717.89306640625 652.652709960938 659.570068359375 666.384460449219 679.397766113281
308.281005859375 314.159698486328 320.685577392578 335.042999267578 343.614471435547 354.988891601562 361.529602050781 360.780822753906 367.842987060547 379.823913574219 396.530883789062 398.453948974609 392.605743408203 395.761657714844 409.417419433594 413.993286132812 420.750305175781 431.502990722656 442.890808105469 449.735046386719 449.663146972656 455.100311279297 460.788024902344 466.027130126953 473.436828613281 481.457580566406 495.953796386719 505.448272705078 515.565734863281 557.313110351562 601.941101074219 540.747009277344 545.420288085938 553.535034179688 563.919372558594 579.348266601562 597.819946289062 612.97998046875 644.524597167969 685.453308105469 668.867797851562 634.403381347656 642.982299804688 680.647705078125 694.826171875 657.767211914062 659.162536621094 666.970825195312 680.581115722656
308.82275390625 315.017974853516 317.883666992188 333.063568115234 344.339508056641 358.973510742188 366.687713623047 360.902893066406 367.364837646484 379.778472900391 394.309814453125 392.110046386719 392.113647460938 397.106018066406 408.736938476562 415.923248291016 424.794097900391 432.922302246094 441.129241943359 463.998321533203 489.076751708984 459.955688476562 461.288452148438 467.685607910156 474.67529296875 482.711395263672 496.509979248047 505.661071777344 523.535766601562 563.633850097656 585.777404785156 542.124084472656 547.7197265625 555.410034179688 565.541809082031 578.488098144531 600.23779296875 628.700561523438 648.367309570312 641.028564453125 630.603820800781 624.212585449219 636.676513671875 649.079650878906 665.459899902344 663.345275878906 659.001770019531 666.568481445312 680.178588867188
307.969268798828 313.418395996094 315.486541748047 331.107116699219 345.797668457031 360.250396728516 360.020782470703 358.8544921875 366.179382324219 378.700897216797 392.801544189453 389.795745849609 392.216430664062 398.328643798828 409.506805419922 -3.4e+38 425.260437011719 431.996826171875 444.446960449219 -3.4e+38 495.746429443359 458.886077880859 461.8740234375 470.215972900391 477.218566894531 485.574615478516 498.944732666016 507.169921875 522.312561035156 547.865539550781 556.453979492188 545.999755859375 557.181030273438 558.66064453125 573.432922363281 598.491943359375 617.528381347656 642.202941894531 648.897583007812 608.264587402344 616.600830078125 623.377258300781 634.003479003906 641.982360839844 651.638305664062 658.199340820312 658.43017578125 665.417175292969 680.906188964844
304.782775878906 309.309387207031 313.897705078125 330.383544921875 346.843170166016 358.016815185547 350.843109130859 356.947814941406 363.367706298828 379.853973388672 401.022216796875 389.2783203125 392.701812744141 399.539398193359 409.711883544922 -3.4e+38 422.565032958984 430.340179443359 443.893981933594 460.681427001953 462.838348388672 455.825225830078 462.68310546875 470.814300537109 480.257507324219 490.405914306641 501.99267578125 510.365753173828 516.468627929688 526.404602050781 536.541687011719 551.318664550781 566.16650390625 563.46923828125 595.206115722656 640.201599121094 625.234497070312 642.193725585938 637.33203125 613.553039550781 630.323364257812 626.836975097656 633.318054199219 647.01953125 644.9296875 652.531616210938 657.603149414062 664.474670410156 681.0107421875
302.250549316406 307.252655029297 312.879699707031 327.774169921875 341.6953125 350.832733154297 347.313201904297 354.631195068359 360.897003173828 378.977355957031 403.135681152344 389.394775390625 394.211730957031 401.718505859375 410.335510253906 416.081665039062 423.254974365234 430.05419921875 440.234985351562 446.316711425781 450.463104248047 -3.4e+38 463.978515625 471.147674560547 481.899963378906 494.66845703125 504.213439941406 511.762268066406 516.812072753906 526.9091796875 537.483032226562 562.265258789062 597.864807128906 607.230773925781 660.922485351562 705.98486328125 634.053283691406 616.416625976562 614.998840332031 626.024780273438 648.231811523438 634.232482910156 634.455871582031 644.643188476562 643.412841796875 651.4599609375 657.873229980469 664.0927734375 679.381225585938
301.030731201172 306.5322265625 313.291656494141 325.1826171875 335.669769287109 343.302062988281 344.890930175781 351.980682373047 359.393524169922 374.613372802734 393.909393310547 388.574005126953 394.533599853516 404.203308105469 411.507995605469 417.592529296875 425.793884277344 430.093841552734 439.041625976562 446.080535888672 451.505065917969 458.312103271484 465.249969482422 472.807678222656 481.634063720703 493.188049316406 506.66455078125 512.600036621094 518.219604492188 528.611999511719 542.578247070312 581.875610351562 652.096130371094 714.830932617188 760.406311035156 711.863342285156 624.257629394531 599.031555175781 620.515258789062 651.682678222656 656.172485351562 649.908264160156 641.745178222656 635.434692382812 643.009948730469 651.270324707031 658.884155273438 664.246765136719 679.129028320312
300.309478759766 305.741668701172 313.369873046875 324.345703125 332.326690673828 -3.4e+38 -3.4e+38 350.237243652344 358.946228027344 370.351287841797 381.968597412109 384.482299804688 393.260803222656 406.781433105469 411.433685302734 418.452850341797 427.195861816406 430.730041503906 438.228820800781 446.43408203125 454.580261230469 461.287170410156 466.386901855469 474.467712402344 483.030731201172 491.483245849609 509.29443359375 514.075866699219 519.939758300781 529.632873535156 543.770935058594 579.820678710938 679.702941894531 792.247375488281 754.402648925781 638.0986328125 603.776794433594 604.367431640625 630.9169921875 660.391418457031 644.730102539062 647.339416503906 647.7021484375 640.992065429688 642.991333007812 650.591857910156 657.855285644531 664.3857421875 679.586181640625
299.477416992188 306.464263916016 316.105621337891 324.154510498047 331.885620117188 338.283721923828 341.7138671875 349.293640136719 358.935546875 369.211364746094 376.34716796875 384.588806152344 394.457550048828 413.610504150391 413.804168701172 419.947784423828 429.466491699219 431.281127929688 438.611053466797 447.907775878906 458.807830810547 465.145751953125 468.201965332031 475.945220947266 486.118408203125 498.375091552734 521.877502441406 530.339904785156 521.462280273438 531.154479980469 543.717224121094 573.312194824219 678.232971191406 782.158081054688 681.030395507812 590.944580078125 595.732360839844 607.850036621094 616.254150390625 628.313354492188 622.678894042969 629.780151367188 637.942932128906 641.192932128906 643.755920410156 651.035339355469 656.594604492188 664.907165527344 679.665832519531
298.747650146484 305.725616455078 314.411865234375 324.246032714844 332.462982177734 340.432373046875 342.305450439453 348.602569580078 357.446868896484 366.930450439453 373.679809570312 382.708404541016 398.432373046875 429.517608642578 417.779357910156 422.660675048828 431.377136230469 432.757965087891 440.62158203125 449.840484619141 462.774932861328 470.596862792969 470.932250976562 479.339141845703 -3.4e+38 524.951354980469 570.480102539062 558.946533203125 524.699035644531 533.974304199219 547.606384277344 595.517883300781 715.676208496094 751.135986328125 626.9267578125 584.266784667969 591.5576171875 611.861145019531 602.185729980469 606.749816894531 613.915893554688 623.399169921875 629.032104492188 634.986389160156 645.289794921875 651.899536132812 656.15087890625 664.995910644531 680.546997070312
298.0869140625 304.496215820312 310.591735839844 322.095245361328 331.868041992188 342.474822998047 343.931640625 351.392364501953 359.648101806641 363.803955078125 370.072357177734 378.971069335938 403.236907958984 451.116973876953 448.996307373047 423.9375 432.990386962891 437.917877197266 446.707061767578 468.703460693359 488.717163085938 472.997863769531 482.835693359375 497.984985351562 522.560729980469 562.712280273438 626.110168457031 543.817687988281 531.547790527344 540.032287597656 563.033752441406 643.798950195312 732.905883789062 665.304748535156 580.596740722656 579.599853515625 596.411926269531 626.105224609375 612.063293457031 604.871765136719 611.052734375 618.041931152344 624.348999023438 631.23876953125 639.600830078125 647.689880371094 656.9619140625 663.945434570312 681.538391113281
297.674560546875 303.439544677734 309.535125732422 321.4296875 328.315032958984 337.823394775391 341.086608886719 348.905364990234 359.130798339844 366.435882568359 370.287353515625 380.16552734375 394.008239746094 419.730194091797 456.593627929688 425.839721679688 436.380981445312 453.286956787109 473.990692138672 485.091583251953 502.743927001953 488.221099853516 494.97705078125 507.462951660156 544.610656738281 569.930053710938 556.046630859375 538.587097167969 538.681274414062 549.991271972656 560.084167480469 622.939208984375 703.968688964844 620.900512695312 575.526733398438 577.770446777344 597.957153320312 609.141784667969 612.52734375 608.861572265625 611.041564941406 617.72216796875 625.914001464844 632.579895019531 643.001892089844 651.221801757812 656.672424316406 663.388122558594 682.470336914062
298.236999511719 303.359344482422 308.308319091797 319.729400634766 324.796997070312 331.928527832031 337.775207519531 344.10400390625 353.346496582031 363.049652099609 366.238555908203 375.915588378906 385.749847412109 399.394958496094 443.952301025391 425.442810058594 441.015930175781 475.271606445312 505.715301513672 508.858612060547 515.150390625 509.60546875 509.235260009766 522.8154296875 552.208923339844 587.038757324219 542.475463867188 541.720825195312 548.059326171875 558.309326171875 559.77294921875 605.388244628906 657.962951660156 587.740051269531 570.176391601562 575.95751953125 600.455810546875 623.736633300781 -3.4e+38 610.068908691406 612.009826660156 620.078369140625 627.973815917969 634.047607421875 645.283630371094 654.2666015625 656.623901367188 662.743713378906 682.517456054688
297.405944824219 301.871459960938 307.069366455078 317.848724365234 323.350616455078 329.982574462891 335.557830810547 341.489837646484 349.222900390625 358.316162109375 363.230255126953 377.049835205078 400.297515869141 423.409759521484 450.825378417969 427.383361816406 448.977661132812 491.371551513672 511.852294921875 517.257019042969 522.285339355469 527.397583007812 527.486755371094 535.23193359375 561.744750976562 594.147644042969 540.756896972656 545.474487304688 558.510009765625 561.195861816406 554.814575195312 587.45947265625 620.38330078125 572.941101074219 569.112182617188 573.493347167969 596.114562988281 637.745178222656 -3.4e+38 609.010070800781 611.528503417969 618.900390625 626.838012695312 635.203857421875 645.494506835938 652.861511230469 657.608520507812 664.783935546875 682.6533203125
295.666442871094 300.851440429688 306.859405517578 316.585418701172 321.670501708984 327.930847167969 333.750183105469 340.316497802734 348.807220458984 358.132507324219 364.783233642578 376.28173828125 407.756561279297 456.799652099609 448.785430908203 435.044281005859 456.926086425781 496.501403808594 503.664184570312 512.477233886719 522.344970703125 531.382873535156 532.7021484375 532.744445800781 552.96533203125 580.235534667969 539.525512695312 543.344116210938 556.084838867188 556.776062011719 556.513549804688 599.288330078125 634.292297363281 573.327453613281 566.6767578125 571.425354003906 586.33544921875 634.246765136719 631.829956054688 610.887329101562 609.341979980469 617.566833496094 626.938659667969 636.030517578125 646.375671386719 653.047790527344 659.085205078125 666.21044921875 683.310363769531
294.836242675781 300.245208740234 305.740386962891 316.105407714844 320.912384033203 326.881286621094 333.210144042969 339.326110839844 347.852813720703 358.850006103516 368.428680419922 377.253479003906 401.876678466797 434.232391357422 429.963073730469 433.321258544922 452.5166015625 492.713226318359 497.713439941406 505.674835205078 516.490539550781 527.433288574219 527.994445800781 534.874450683594 556.001586914062 597.000915527344 539.856262207031 541.587036132812 559.660705566406 573.155029296875 555.122680664062 584.351806640625 604.645141601562 568.538024902344 563.958068847656 569.396911621094 581.155883789062 609.764099121094 612.564880371094 606.474914550781 613.799682617188 626.761962890625 632.329162597656 638.860961914062 647.8505859375 655.506774902344 660.626403808594 666.433288574219 683.225341796875
294.837829589844 299.295104980469 304.060363769531 315.191864013672 320.566650390625 326.934967041016 334.447326660156 339.656616210938 345.979034423828 357.439788818359 368.49853515625 375.261932373047 387.000061035156 397.25732421875 414.071166992188 424.860015869141 442.672058105469 483.154693603516 496.399932861328 500.431915283203 508.504211425781 520.615539550781 518.854125976562 531.835021972656 555.478210449219 584.060607910156 534.771423339844 538.307006835938 566.903076171875 594.178039550781 548.381164550781 555.736938476562 563.896362304688 566.325744628906 562.5087890625 566.833374023438 574.732788085938 589.990112304688 590.564392089844 -3.4e+38 -3.4e+38 639.283264160156 642.338500976562 646.256530761719 651.971984863281 655.677490234375 661.129943847656 668.158386230469 684.0810546875
294.651184082031 299.816955566406 304.020629882812 314.023986816406 319.769104003906 326.883117675781 333.399230957031 339.478240966797 345.460540771484 355.464935302734 364.622222900391 368.225036621094 374.896636962891 383.902770996094 405.428100585938 417.772216796875 437.099609375 472.076171875 488.188842773438 500.029113769531 506.112457275391 511.167633056641 511.653381347656 522.779052734375 538.516967773438 540.030578613281 526.508666992188 532.608276367188 560.116455078125 599.193542480469 564.961181640625 549.861022949219 554.752075195312 561.417358398438 563.810974121094 572.923828125 571.192687988281 588.269287109375 592.619567871094 -3.4e+38 630.863830566406 645.486389160156 651.449035644531 650.157897949219 654.214050292969 654.059509277344 659.315673828125 667.506530761719 684.247131347656
294.241546630859 299.708923339844 304.904724121094 313.3701171875 318.442260742188 325.272247314453 333.606323242188 342.222564697266 344.606811523438 353.416625976562 361.179168701172 365.704284667969 373.236877441406 381.431396484375 406.507598876953 412.459289550781 428.919097900391 452.919982910156 470.876739501953 498.807281494141 503.469757080078 505.441864013672 513.63916015625 522.991394042969 529.379211425781 522.640869140625 -3.4e+38 -3.4e+38 -3.4e+38 579.946838378906 575.144836425781 553.011779785156 549.437805175781 552.166076660156 565.158752441406 583.792419433594 574.729309082031 585.248229980469 592.281433105469 -3.4e+38 631.014465332031 660.319946289062 659.200256347656 645.411987304688 650.299560546875 653.419921875 659.575561523438 667.569763183594 682.665893554688
293.187652587891 298.063262939453 304.335998535156 312.926971435547 317.576477050781 323.606628417969 333.950775146484 344.767425537109 343.720153808594 350.332458496094 357.037841796875 363.720092773438 371.839477539062 380.512359619141 403.885437011719 406.890594482422 419.753356933594 438.644927978516 470.261169433594 496.846405029297 500.467224121094 506.106048583984 518.451721191406 525.335021972656 526.653503417969 527.722595214844 517.078979492188 523.493896484375 -3.4e+38 543.74365234375 548.938354492188 547.739624023438 548.671569824219 550.879272460938 565.573608398438 582.458190917969 576.305908203125 587.973327636719 593.302001953125 601.143493652344 628.690734863281 675.074523925781 679.207092285156 644.46337890625 -3.4e+38 653.300048828125 660.029602050781 668.154357910156 682.391296386719
292.167663574219 296.245025634766 301.844512939453 311.870147705078 316.87451171875 321.974334716797 329.972381591797 339.821563720703 343.74267578125 347.503723144531 353.375366210938 360.011688232422 367.903594970703 375.579498291016 393.846099853516 402.639343261719 423.101867675781 452.369598388672 479.353881835938 497.33544921875 504.982849121094 515.59814453125 517.059509277344 523.395385742188 527.026672363281 535.297973632812 517.265747070312 -3.4e+38 528.192077636719 531.393005371094 529.520874023438 537.681945800781 546.401000976562 553.118469238281 565.599243164062 580.544311523438 578.525695800781 595.008422851562 595.398254394531 600.361328125 619.747802734375 662.621276855469 681.154907226562 642.970886230469 645.820251464844 651.744812011719 658.498657226562 666.495788574219 683.195190429688
