rcp4.5models/GFDL_CM3/sc1gr8.26
NCOLS 261 
NROWS 433 
XLLCORNER 336357.134 
YLLCORNER 654653.479 
CELLSIZE 1000 
NODATA_value -9999 
[rows 264 to 285 of 433, columns 100 to 149 of 261]
102.892112731934 105.078514099121 106.228904724121 107.464027404785 108.677558898926 109.675140380859 110.544204711914 111.605026245117 110.80451965332 109.891693115234 115.567420959473 115.689498901367 125.276786804199 148.966293334961 152.172912597656 150.794250488281 150.078369140625 148.293029785156 124.002716064453 110.232307434082 104.148742675781 105.375259399414 107.099662780762 109.287315368652 116.031440734863 133.64323425293 161.103210449219 178.051376342773 189.344100952148 187.78727722168 185.70263671875 185.20068359375 185.198120117188 187.713851928711 184.590942382812 154.174163818359 167.491333007812 183.834991455078 196.276321411133 197.100341796875 198.424102783203 198.48779296875 199.256240844727 202.538467407227 202.944900512695 197.814590454102 183.397674560547 179.970230102539 170.663848876953 176.725112915039
101.475975036621 103.644683837891 104.774353027344 106.030784606934 107.152397155762 108.275825500488 109.133880615234 108.533554077148 107.964706420898 110.76725769043 113.716697692871 114.745719909668 115.102172851562 137.993759155273 154.642669677734 150.886245727539 147.910369873047 144.947448730469 112.724739074707 102.893821716309 103.739219665527 104.803977966309 106.146606445312 109.729713439941 115.023376464844 124.941886901855 143.297821044922 171.98356628418 186.81706237793 184.058151245117 181.834045410156 183.63591003418 183.164321899414 184.89436340332 186.358947753906 169.1845703125 167.44841003418 167.635467529297 181.862731933594 185.819091796875 192.932113647461 195.844650268555 197.752792358398 201.213119506836 202.027038574219 197.062759399414 171.269302368164 172.54426574707 171.58561706543 184.300308227539
98.9562072753906 100.654609680176 102.009727478027 103.175567626953 104.205520629883 105.363380432129 106.477714538574 107.721031188965 106.90404510498 105.775550842285 109.591674804688 111.880409240723 108.514213562012 116.406860351562 144.088424682617 153.430847167969 149.368942260742 146.670761108398 157.292709350586 153.5458984375 135.164657592773 110.870277404785 105.613830566406 107.528938293457 112.955337524414 122.133041381836 132.235443115234 149.490905761719 175.398864746094 182.911911010742 178.172393798828 180.799911499023 180.27278137207 181.09912109375 184.382446289062 186.449752807617 187.706237792969 187.401840209961 183.084289550781 171.479309082031 167.163665771484 179.6650390625 192.451934814453 197.11457824707 196.192764282227 190.136184692383 170.404235839844 172.554550170898 186.537292480469 200.798324584961
97.6377563476562 99.3530578613281 100.536811828613 101.711067199707 102.773582458496 103.8662109375 105.020240783691 106.161262512207 106.375076293945 106.39705657959 110.768974304199 117.505409240723 104.754325866699 111.991203308105 136.522796630859 154.00227355957 148.077621459961 144.04621887207 149.665451049805 140.052642822266 129.239379882812 124.636405944824 111.010734558105 106.898788452148 110.41902923584 117.03385925293 132.44709777832 155.690093994141 177.04020690918 180.669982910156 176.543548583984 179.322555541992 179.140655517578 180.657791137695 185.813888549805 185.168518066406 184.79231262207 186.076095581055 187.050537109375 183.52555847168 178.045974731445 180.227096557617 184.682067871094 193.335266113281 194.306823730469 188.77165222168 171.907531738281 178.404922485352 186.783081054688 201.236328125
96.1610260009766 98.0195846557617 99.0870132446289 100.206451416016 101.370414733887 102.170623779297 103.15518951416 104.355941772461 105.571350097656 105.820426940918 107.756843566895 117.010971069336 112.625755310059 112.717727661133 126.643089294434 137.96044921875 142.652130126953 140.972702026367 137.696075439453 136.832153320312 132.760314941406 132.709243774414 125.061737060547 118.649658203125 109.417808532715 113.682266235352 127.654663085938 155.032455444336 178.081237792969 178.450454711914 174.930191040039 177.940780639648 177.702606201172 178.986892700195 185.186447143555 186.685150146484 184.588104248047 185.85188293457 187.184677124023 188.239013671875 188.532257080078 185.896926879883 175.622741699219 175.262451171875 186.227081298828 194.617538452148 180.448318481445 189.959243774414 192.892669677734 199.555465698242
94.8724670410156 96.9266357421875 97.8078079223633 98.6756439208984 99.8500366210938 100.840728759766 101.883224487305 103.308494567871 104.337547302246 105.158897399902 105.980690002441 109.53931427002 121.293579101562 120.359451293945 128.679931640625 130.523971557617 138.649841308594 134.744247436523 127.692436218262 136.892425537109 134.86833190918 131.663070678711 133.148315429688 136.092895507812 123.262054443359 112.356521606445 119.395942687988 143.628128051758 173.548049926758 175.194091796875 171.426559448242 174.267074584961 174.901519775391 175.743896484375 182.20654296875 182.587158203125 185.769485473633 187.914566040039 186.969055175781 185.152587890625 186.228317260742 182.100433349609 164.822631835938 160.668395996094 185.041061401367 192.569107055664 190.885589599609 196.561798095703 197.735473632812 198.152236938477
94.5054321289062 96.0132293701172 96.61865234375 97.0540313720703 98.0024948120117 99.2111663818359 100.216194152832 102.171165466309 105.528457641602 106.031204223633 104.004257202148 106.243354797363 117.418395996094 118.539924621582 124.895446777344 130.695617675781 134.786972045898 131.646286010742 124.466804504395 128.34944152832 131.089889526367 130.653198242188 128.947296142578 133.722473144531 143.722473144531 123.080360412598 119.154411315918 145.909652709961 171.245239257812 171.00830078125 170.364608764648 171.239791870117 173.679931640625 175.275817871094 181.131546020508 174.184036254883 183.934494018555 186.134994506836 183.167694091797 182.158233642578 183.632431030273 178.163757324219 167.281280517578 170.077392578125 190.221664428711 190.037170410156 193.733383178711 195.261245727539 193.802062988281 194.007049560547
92.8832702636719 94.4154968261719 94.8799057006836 95.4838638305664 96.2909088134766 97.2439651489258 98.0627746582031 99.5005874633789 102.626205444336 103.447227478027 101.740440368652 103.536949157715 112.946701049805 115.040534973145 117.490966796875 122.696975708008 124.548011779785 123.631500244141 119.723793029785 118.397964477539 124.988159179688 127.858192443848 121.493324279785 123.763465881348 143.121826171875 130.919357299805 118.763847351074 147.359298706055 172.355682373047 170.471923828125 170.385498046875 169.580078125 172.387512207031 174.911972045898 179.720001220703 169.196960449219 181.444000244141 182.995880126953 179.422515869141 180.300277709961 181.343307495117 181.190734863281 178.297149658203 177.353500366211 181.994125366211 185.527297973633 191.475875854492 192.084976196289 192.424530029297 193.100387573242
91.0844573974609 92.6729354858398 93.2632598876953 94.1305313110352 94.8147659301758 95.6408157348633 96.4867935180664 97.2258071899414 98.2079772949219 99.3538208007812 100.044273376465 100.999450683594 111.352699279785 114.655662536621 113.353912353516 115.101776123047 114.724189758301 115.546607971191 115.509887695312 112.87085723877 115.287376403809 118.783157348633 115.518180847168 119.338035583496 132.021408081055 128.327011108398 117.964981079102 135.154144287109 166.584991455078 170.995986938477 171.060333251953 172.307556152344 174.133010864258 173.690322875977 170.671859741211 161.475982666016 178.119491577148 181.4521484375 179.801147460938 181.569244384766 181.716781616211 183.430328369141 182.369598388672 173.862213134766 165.996704101562 174.243911743164 189.220077514648 189.785614013672 192.322311401367 193.112518310547
89.821403503418 91.4503402709961 92.6008605957031 93.5779724121094 93.6918487548828 94.2151336669922 95.0629806518555 96.010612487793 96.9188919067383 97.536003112793 98.3944473266602 99.3868408203125 110.08415222168 114.305274963379 113.086074829102 113.665397644043 110.613883972168 111.381607055664 111.358154296875 108.463943481445 108.251861572266 110.168045043945 114.449996948242 123.065406799316 125.853713989258 128.116806030273 123.79052734375 124.420539855957 150.31852722168 165.552856445312 166.016372680664 171.972106933594 175.326858520508 170.731369018555 158.299423217773 157.516143798828 173.257858276367 178.50830078125 180.488861083984 181.345703125 180.157333374023 179.44026184082 173.807647705078 170.881683349609 172.403167724609 176.937683105469 187.305953979492 189.454483032227 190.042388916016 189.032623291016
89.1344528198242 90.1931610107422 91.8274078369141 92.9317855834961 92.4363784790039 92.893669128418 93.8144607543945 94.9203948974609 95.7905654907227 96.5887069702148 96.8966751098633 97.7241439819336 107.913444519043 114.223823547363 113.372314453125 114.877807617188 111.223114013672 109.823745727539 108.634757995605 107.614112854004 106.858245849609 106.446182250977 112.530090332031 122.140441894531 119.345405578613 124.312644958496 126.017517089844 121.915489196777 134.221389770508 154.044616699219 157.132690429688 165.373184204102 171.210723876953 167.253189086914 154.727508544922 162.319793701172 170.998413085938 177.240509033203 178.096084594727 176.822662353516 176.842330932617 178.130233764648 174.267608642578 177.088928222656 184.698272705078 185.241149902344 185.951675415039 188.201385498047 186.725997924805 184.755966186523
87.8334197998047 89.1607513427734 90.2946014404297 91.2345733642578 91.0402374267578 91.9979934692383 93.0569534301758 93.728385925293 94.2649459838867 95.6759185791016 96.3038558959961 96.2636642456055 104.117416381836 112.686332702637 112.551826477051 113.813400268555 111.807113647461 110.295570373535 107.604736328125 107.201538085938 105.874458312988 105.425003051758 108.525115966797 113.153388977051 114.834037780762 117.35440826416 120.621795654297 121.277168273926 125.04328918457 141.746963500977 153.099380493164 159.650543212891 165.5439453125 162.297424316406 148.796569824219 163.779083251953 170.257659912109 175.54557800293 175.811309814453 173.262603759766 174.562698364258 177.530044555664 180.30973815918 181.817291259766 182.290756225586 183.43537902832 183.552169799805 185.227600097656 185.684631347656 184.885208129883
87.1626281738281 88.1323318481445 89.202392578125 89.8742065429688 90.4940490722656 91.7639465332031 92.3306732177734 92.3772888183594 92.6377029418945 95.7359771728516 104.501853942871 106.982192993164 103.012237548828 114.021667480469 112.289131164551 111.915031433105 112.622421264648 111.425453186035 108.317687988281 108.389022827148 106.876937866211 104.760177612305 105.993141174316 107.418563842773 111.996131896973 113.129051208496 114.982276916504 118.856254577637 122.931221008301 133.157379150391 146.302398681641 160.178634643555 165.860916137695 161.543807983398 148.265823364258 162.59895324707 169.387817382812 173.594741821289 175.329086303711 173.283309936523 174.712799072266 176.662322998047 176.779190063477 178.177642822266 179.944137573242 182.335784912109 181.099807739258 183.259826660156 184.766250610352 185.483734130859
86.6026000976562 86.7883758544922 88.0217895507812 88.7136154174805 89.9115371704102 91.0516510009766 91.5671997070312 91.4491119384766 91.6845016479492 93.7411880493164 101.401359558105 105.065322875977 108.824745178223 116.532073974609 114.307762145996 114.596183776855 116.220306396484 115.468376159668 112.638717651367 111.130928039551 108.654037475586 104.658340454102 104.133338928223 104.343078613281 109.057899475098 110.302276611328 113.102989196777 116.412254333496 121.359359741211 127.895713806152 137.396179199219 153.320770263672 164.302337646484 164.519012451172 155.45051574707 153.643707275391 164.841400146484 171.94189453125 174.187759399414 173.672775268555 174.431884765625 174.311599731445 176.443771362305 176.523529052734 176.802947998047 179.735366821289 181.291381835938 181.641067504883 182.525863647461 183.585037231445
84.312873840332 86.109001159668 87.3713531494141 88.8083572387695 87.8958740234375 87.6051177978516 88.4263076782227 90.0938034057617 90.8662719726562 91.450798034668 91.4328536987305 91.5815734863281 105.815841674805 122.068756103516 119.403259277344 119.369895935059 123.302543640137 128.219573974609 124.195610046387 111.725799560547 108.142509460449 103.203216552734 102.647819519043 103.453544616699 104.784523010254 108.085189819336 112.024513244629 115.306350708008 115.79467010498 118.318672180176 121.458930969238 125.060829162598 135.091018676758 146.678405761719 139.783584594727 128.572677612305 138.015197753906 152.364028930664 162.324951171875 164.861526489258 163.697723388672 161.838973999023 165.654693603516 172.912292480469 174.576110839844 175.656814575195 178.415588378906 178.647552490234 179.179977416992 180.852340698242
83.813102722168 84.2881469726562 87.7306213378906 100.364318847656 108.95783996582 96.5973434448242 93.4839172363281 103.27693939209 105.912841796875 100.773368835449 93.3522109985352 97.4758911132812 117.409774780273 128.821380615234 122.530487060547 114.715507507324 115.732612609863 125.509330749512 124.106948852539 109.68350982666 103.078598022461 102.484909057617 104.028694152832 108.550941467285 102.716804504395 105.740036010742 109.928817749023 112.238945007324 111.647750854492 113.121185302734 117.160118103027 121.402946472168 128.428375244141 134.330291748047 131.950103759766 125.725059509277 128.924301147461 135.90673828125 147.159713745117 158.422378540039 166.678131103516 162.818908691406 -9999 169.043838500977 173.391738891602 173.059005737305 176.141098022461 177.246047973633 177.586853027344 178.711700439453
83.1923141479492 83.4582061767578 86.3698501586914 96.4837341308594 113.832916259766 112.832145690918 102.531684875488 108.317047119141 110.928619384766 108.745216369629 105.507339477539 106.896446228027 124.707336425781 119.165924072266 112.443878173828 108.17236328125 109.265769958496 114.894653320312 118.270736694336 109.94189453125 98.691780090332 103.310874938965 108.715980529785 111.88597869873 107.045906066895 103.613372802734 107.355293273926 106.63761138916 108.45809173584 110.303245544434 112.830322265625 116.352752685547 121.064575195312 125.298957824707 128.576202392578 123.920509338379 125.535095214844 -9999 137.031326293945 153.308288574219 167.94010925293 162.911697387695 152.503814697266 159.531219482422 169.137268066406 172.265441894531 174.060211181641 175.60661315918 176.184982299805 175.268020629883
83.2050399780273 82.7384948730469 84.2043151855469 86.0932769775391 94.8876190185547 104.181541442871 101.158622741699 101.589317321777 102.158836364746 103.594787597656 104.843803405762 103.645202636719 110.571357727051 103.747200012207 101.614097595215 104.859527587891 110.519157409668 109.767227172852 111.206802368164 111.249084472656 97.1448593139648 102.143112182617 107.67333984375 105.583145141602 113.447105407715 111.389808654785 103.14086151123 102.020721435547 106.090049743652 108.684074401855 109.057342529297 110.688186645508 114.183494567871 118.60977935791 125.196968078613 125.214782714844 125.67847442627 127.900161743164 -9999 144.104858398438 158.691848754883 155.723968505859 147.255325317383 152.775619506836 165.766845703125 171.16130065918 172.783233642578 174.391006469727 172.138031005859 167.291549682617
82.6921005249023 82.953857421875 83.1215286254883 84.4649505615234 85.7777862548828 88.6290664672852 94.848503112793 99.8186187744141 98.7411727905273 97.1974029541016 96.2676620483398 96.9454345703125 98.8745040893555 99.5242767333984 98.8974533081055 100.846809387207 105.447265625 104.324859619141 98.6801605224609 102.48657989502 96.1999359130859 98.3414535522461 103.57869720459 110.834167480469 123.952507019043 121.495887756348 108.188568115234 99.3241271972656 103.499092102051 106.729293823242 107.233947753906 107.90193939209 110.453239440918 114.68872833252 121.867248535156 124.064247131348 125.425186157227 127.013229370117 127.645492553711 133.91618347168 143.194671630859 143.03044128418 142.797409057617 150.299453735352 163.827239990234 169.663192749023 170.650329589844 169.872772216797 162.529205322266 160.37922668457
80.3022079467773 81.5892333984375 81.5654296875 82.8825836181641 84.0207443237305 85.1695022583008 90.4412689208984 96.134880065918 97.6589813232422 96.2343597412109 95.4842987060547 94.6318435668945 95.8376235961914 96.1713638305664 96.27587890625 96.7099151611328 98.9137268066406 100.40022277832 94.4504318237305 93.5938186645508 94.6816024780273 100.496231079102 115.006187438965 130.156921386719 138.932464599609 124.03547668457 112.20915222168 103.764297485352 105.105049133301 102.707511901855 104.201683044434 105.691497802734 107.86255645752 111.380065917969 118.054733276367 121.367965698242 -9999 125.467712402344 127.178260803223 -9999 -9999 142.782592773438 141.531814575195 148.299057006836 163.210983276367 168.587600708008 168.974655151367 165.910614013672 155.737411499023 156.993515014648
78.3547973632812 79.9894104003906 80.5798873901367 81.2658615112305 82.0222854614258 82.721435546875 84.7880325317383 88.2013397216797 96.3664245605469 102.732727050781 101.406837463379 97.0770263671875 93.1392822265625 93.681282043457 94.4700698852539 94.967658996582 95.936279296875 97.5407562255859 94.3499374389648 95.1567993164062 100.862396240234 110.447845458984 130.923522949219 144.771896362305 146.241546630859 129.664779663086 115.417427062988 109.363395690918 105.595710754395 103.027854919434 106.54768371582 107.050407409668 106.930152893066 108.94718170166 113.406105041504 118.88525390625 120.042266845703 -9999 125.925636291504 127.169471740723 135.960510253906 146.236877441406 142.103378295898 149.216461181641 161.676177978516 166.342895507812 167.387145996094 163.843933105469 153.393081665039 155.576934814453
77.7138061523438 79.4296646118164 80.1635589599609 80.3667144775391 80.4937591552734 80.9756469726562 81.9611129760742 83.323371887207 89.728759765625 96.9666442871094 98.3627243041992 100.135063171387 92.0587921142578 93.2292098999023 93.392333984375 93.7272262573242 93.3893051147461 92.7438049316406 91.3544387817383 96.0537261962891 108.535606384277 121.302841186523 136.624450683594 146.0625 134.612319946289 122.273399353027 111.833427429199 108.163520812988 105.764137268066 105.10961151123 111.65062713623 113.778854370117 115.89185333252 116.835861206055 -9999 115.397048950195 -9999 -9999 -9999 125.385314941406 -9999 -9999 140.256530761719 152.547119140625 162.035797119141 164.855529785156 163.02082824707 155.643463134766 149.783340454102 154.235855102539
