rcp4.5models/GFDL_CM3/sc1gr3.FIL
NCOLS 261 
NROWS 433 
XLLCORNER 336357.134 
YLLCORNER 654653.479 
CELLSIZE 1000 
NODATA_value -9999 
[rows 330 to 351 of 433, columns 200 to 249 of 261]
274.343561895134 274.961009432787 275.292453533762 270.108737932861 266.96321641085 263.650635569914 261.401278697119 270.990365479931 273.755724958587 273.580879037114 273.927331285074 274.81191770539 275.602701608424 275.637986150085 275.646635364957 276.453824129859 276.745807433254 277.544316195769 278.046559791618 277.931078950234 278.112809183922 276.665627857488 275.383392212376 276.018285872165 276.380828040601 276.303863993856 276.789791427167 276.56403655756 276.287547421397 276.355098538389 275.285007050324 275.58079577014 275.924590202846 275.870831742146 275.545944470487 275.585834153658 275.642116150557 276.041627714148 276.612621741194 276.695199882079 276.664298331547 276.943652033191 277.50366838434 277.780977927347 278.310057930338 278.218856323472 277.805779460885 278.025749461465 277.992138588115 277.686503995992
273.322087234386 275.163916036079 275.435460120653 273.665425366105 273.10419571058 272.270830465625 270.777255523544 274.329250302089 273.500952557721 273.460278815678 273.967800271397 275.17417569949 275.773964891261 276.538775071943 276.197208027289 276.935573333625 276.755097808589 276.763751958786 277.488032936753 277.716419260828 277.909999633728 278.070473192012 276.687137459437 275.418084835041 275.855260036668 275.70102060242 276.290506199699 276.219902376543 275.889199081718 275.649620030818 274.92429773495 275.348650786804 275.408606781859 275.211730553444 275.124678317605 274.965349886677 275.12286199317 275.502757382597 276.322380047536 276.519645697485 276.700619697809 276.954912534383 277.465954868485 277.528923406963 277.910982206193 278.047426285864 277.965049916703 278.049625554629 278.367664947035 278.18916285278
272.036141412823 275.144595071345 275.634445140603 275.318755038911 274.769485418882 275.421537654699 275.37939447403 274.656572346362 273.51538925267 273.709540523129 273.538430760071 275.134885959908 276.044406642337 -9999 276.760655423905 277.265291415759 276.801896721461 276.970983096865 277.444736367521 277.771374792588 278.348153850341 278.557368233544 277.889375617436 274.322397425919 274.870770901115 274.902487869004 275.827214080614 275.850439657014 275.59667531731 275.172343158371 275.441141614658 275.529453022779 275.356490418509 274.879379869773 274.730839860378 274.214168271454 274.67302704526 275.768982098303 275.767146490251 276.509593773797 276.741949632713 277.334705721345 277.384733030254 277.472145843407 277.582882584216 277.858573811008 278.286234997883 278.295643074918 278.32953003531 278.207649706923
273.529033682398 275.431990840713 275.926369080414 276.439811151252 276.072471241707 276.026344945083 275.866858637048 275.312463738715 274.534041290222 274.264610761742 273.456023270075 275.405623100977 276.689456896168 -9999 277.326037883091 277.680931433105 277.712983387996 278.185057340622 278.361465154095 278.560829474389 278.836591718367 278.998826502205 277.83757002479 274.01064893953 274.415821068012 274.687039284726 275.316668718003 275.347032492505 275.865948154825 275.01091415415 275.656783848986 275.814191862412 275.717118658472 275.307108087523 275.083610114993 274.117991525876 274.733222474507 276.224542217095 276.126216536776 276.403939347159 276.54756997482 276.874975004355 276.75434740016 276.847950507657 276.652307171244 276.76162235596 277.170989223056 277.808360986991 -9999 277.995699758901
274.105360371068 273.336751294845 275.444397805685 276.614577214921 276.721842944282 275.923063254416 275.681703981604 275.895824540092 275.666196471361 275.06318450913 274.16822544088 275.836216558175 276.516458168438 276.507783282119 277.333405819569 277.668099952994 278.165554947593 278.156007891262 278.580111401391 279.139535710263 279.069493136849 279.511411322308 278.366385730641 274.498497072486 275.008152036207 275.392614655764 275.148571635505 275.108736414399 275.932731266449 275.314629512762 275.383374130617 275.55990489583 275.512102864515 275.286053037394 274.924876951128 274.126322936542 274.570178723046 275.759134082913 276.23531199962 276.118461737211 276.155865926952 276.134076698358 276.412309686649 276.110477901105 275.952068321499 276.27016947499 276.806904070103 277.287904587319 277.964088684462 277.956289052512
272.874253942138 269.757904301263 269.245608381841 276.660343078749 276.789887502758 276.060736766393 276.1034953657 275.98647547801 275.971863283739 274.831107956508 273.275707608692 275.891903280242 276.128721526121 275.668256171688 276.877788545443 277.073779632958 277.281721329693 277.436230542844 278.581088333094 279.027710997447 279.166494764125 279.489753025454 279.345340908753 277.032750851674 275.557093885566 275.517330111718 -9999 275.540700348549 275.481661989929 275.712736764895 275.399211292344 275.237221025141 275.465195871768 275.117961996657 274.876324168428 274.65305853252 274.824221910486 275.219005168132 275.686703396997 275.772482948219 275.908142549213 276.277673516551 276.403596534042 275.914965544939 275.999660021001 276.593330960726 277.140513431085 277.18574698145 277.553596721232 277.61327309463
270.459538021726 259.658850984833 257.980798257983 276.235465736946 277.482284328996 277.172328517697 276.567124514836 276.556817303934 276.412571433628 275.579469311292 275.114598930443 275.163174903645 275.665753651805 275.053130749782 275.656777639958 275.253735223939 274.723109821054 275.67357411122 277.997249480748 277.90836615722 279.010330889127 279.097204619962 279.620722586325 279.152132062307 275.692226989864 275.578492093178 275.884069820491 275.927220999193 275.938082240171 276.333519297259 276.529589975868 276.103074488926 276.066598390103 275.681641268254 275.807459521054 275.470233380902 275.699755942925 275.664061136865 276.105086759187 275.930290817768 275.969373900576 276.552115187226 276.704175758644 276.730979992932 276.989518203461 277.367644787817 276.91563246558 276.901797425927 276.867428514388 277.123998576074
273.358994377573 264.882509386708 255.995946593709 276.651525665046 277.7940165829 277.416869415227 276.69932403659 277.044578909514 276.943005735363 276.274497625538 276.596790952026 276.559354063445 276.556100938102 275.914428745213 274.850217120905 272.303530970532 272.820331756202 275.785614844732 278.52621077838 278.645888596399 279.024326955043 279.029545032307 279.819324507635 278.945419892194 275.471252930265 275.411774701753 275.836438070893 275.831988856477 275.855384282794 276.028698192105 276.250109567113 276.161415236203 276.102966614601 275.878262829197 275.983185693082 275.916449120099 275.939268210244 276.133696012326 276.428179736548 276.251535692525 276.449321775476 276.72517600498 276.919895700471 276.970543947645 277.338998922843 277.608155464881 277.424986025863 277.319594750158 277.621669551058 277.676045819871
275.458145019453 270.594404959861 261.038695735521 276.975139594031 277.459788399342 277.304702140571 277.016463259335 277.083031126066 276.968876566842 276.673783884486 276.931149346929 276.974924794266 276.76384092517 275.929369408508 274.981515909526 273.131733163965 274.542866765814 277.623556285762 278.592484918095 278.478646987953 278.812586789136 278.664233608056 279.39319499959 278.7149117337 276.638438061222 275.030244191449 275.594567314941 275.25631278748 275.449521475879 275.667553731453 275.687190475698 275.85712197162 276.217602074854 276.49948105516 276.450390234012 276.582734214205 276.497903657983 276.759208404281 276.801744318054 276.821340615706 276.844446611692 276.784580960965 276.904041273939 276.932094918824 277.571142752268 277.574528491195 277.631619239086 277.638328900745 278.047946991642 278.11032145359
275.772519159119 273.673718549838 270.748891726657 276.981686836825 277.517180370229 277.567320508045 277.426281623439 277.11752072033 276.811128037166 276.366513558656 277.031368932407 277.420018804555 277.052960740801 275.776691864202 275.508142617567 275.829148427123 276.604370956451 277.914268676407 278.119933478837 277.87931782976 278.270873080294 277.775374907552 278.791281908925 278.793160481894 277.944796461925 274.878895659453 275.10630012578 274.332682800526 275.036784225639 275.663534830199 275.629193950142 275.60574838589 276.201880443493 276.493879331273 276.756542618965 276.846260538943 276.704858750326 276.87001046253 277.047950765729 277.076884945772 276.90412185557 276.840397512614 277.268439877817 277.189435104497 277.569773258217 -9999 -9999 277.738712016513 278.139624688317 278.170756352164
276.342125959278 276.314832044786 276.523051195504 277.323122216234 277.91351492848 277.956662863848 277.698590595047 276.96203372502 276.371065469461 275.940890963545 277.51730545276 277.529701205698 277.257595793009 276.330855028205 276.024557053462 276.754696996173 277.550024492651 277.963103722072 277.877354910208 277.725423647794 277.231197177648 276.968963378855 277.819162990965 278.407782881243 277.552290989999 274.772218862214 274.709445237996 274.294991650886 274.845447238473 275.659246494294 275.62530647892 275.600981195025 276.209367272845 276.575332090109 276.863100375142 276.692098134099 276.652197729224 276.648646749619 276.856991302481 276.995937132572 276.902136849553 276.838912495132 277.316473800136 277.432969390109 277.568169935313 277.612630444092 277.91137420548 277.901472758216 278.173701852571 278.003425419036
276.76659511342 277.017377860042 277.32090411265 277.759267908876 278.179430045095 278.194711657921 277.710983032247 277.213734829409 276.259815100341 275.835172276173 277.867759702322 277.377051983223 276.970170481893 276.872487440318 276.376957361403 276.844263093192 277.378118037413 277.670778502567 277.23645013761 277.293307584031 276.849059732187 277.377837161014 277.588879950887 277.918698786005 277.63913334138 276.600875908937 274.665561352566 274.612444252734 274.632836603839 275.729433764493 275.66949928634 275.822317137442 276.256623116526 276.800655414191 276.756039868145 276.626712587187 276.633514546135 276.658545146632 276.514413636431 277.024992026091 276.979205398309 276.774497548863 276.940822678786 277.214282480075 277.283618747696 277.87489005119 277.986074032781 277.585504083557 278.141084136929 277.771168328916
276.809780084238 277.042809296206 277.373424356471 277.555264212256 278.1032289777 278.512066214808 278.141292559819 277.935001826315 276.955669885713 276.430699387816 277.881429880381 277.687642855426 276.994053247741 277.020299237314 273.42621828353 276.622402738984 276.487429200143 277.145649054126 276.698793893158 276.822051612121 276.24400734875 276.613243012112 278.336304809936 277.9008006665 277.448387732791 277.619971273066 274.660249532739 274.664936769209 274.883471251036 275.696044848455 275.581324087647 275.777440352383 276.188834617925 276.419677542408 276.428748242644 276.792240581056 276.665170891062 276.411073289562 276.496998762293 276.736321400283 276.786437587087 276.684196557984 276.859199470112 276.965861950585 277.010387163828 277.691746093075 277.636963568815 276.90115857571 277.881481654233 277.690122108654
276.267638429229 276.887928995864 276.915590611773 276.933465881477 277.293871685355 277.725430813746 278.050980614465 278.382473291453 277.973796601253 277.559187151727 277.964730597639 277.183475089509 276.676881219828 277.047244494344 274.560954704142 276.806555817332 276.439683171742 276.362286253879 276.939429392423 277.272276067181 276.337205775547 276.615997874888 278.916139503096 278.457583696549 277.47333985076 277.376876591934 274.630435840694 275.029882763428 275.535705977581 275.631528081791 275.549696837027 275.522326413538 275.782375379382 275.853278768368 276.03162278508 276.940196821297 276.777585053863 275.703107577567 276.085707880602 276.329256153837 276.348013576651 276.588209622933 276.625691276166 276.659416985021 276.979438458031 277.493610714888 277.503008886714 277.24781280092 277.682993923533 277.629597243296
274.478804646546 275.348859682855 276.39201720033 276.853605442479 276.856710440212 276.933639875461 277.391312730307 278.233280834972 278.609924060209 278.219050249054 277.577148927961 276.067137631221 275.438267081905 277.035862838917 277.875780821036 277.413563924774 276.751056996233 276.432712459692 276.953640266309 277.461883104068 278.060818346161 278.197596914924 278.170240803046 278.936976103022 278.206215375119 277.712748646374 274.742785031993 275.562600747193 275.796159306087 275.619089641032 275.139621541729 275.405478104819 275.596524428205 275.776802396517 275.763003888035 276.457700852144 276.278922646438 275.524530287409 275.453551301851 275.699060495078 275.741992638714 275.910672511974 275.868234592868 276.106557714861 276.649782258158 276.903160560907 277.063967918443 277.624391004759 277.971750953124 277.894647366615
272.973122707325 272.749950906432 275.326331492885 277.421123798811 277.358824822577 277.362227477261 277.417190928537 277.741954763511 278.3651417545 278.514152644929 277.130984978679 275.340636335279 275.568932015676 277.579269452973 277.916454424327 277.630856242624 276.646345788375 276.397373683321 277.375258745836 277.522288472278 278.505650517722 278.728447101618 278.142070551156 279.020090225245 278.646555063717 278.42830916309 274.739470965165 275.157898530521 275.142933643913 275.361000339555 274.843569633661 274.27269028212 275.145744324451 275.530044210069 275.743311322372 275.843090363209 275.485336587468 275.599740455894 274.699523612411 274.731696409512 275.014904751659 275.44841353546 275.664102339151 275.621564027161 276.198304603428 276.772267506797 276.899478044566 277.394679342412 277.941159744072 278.122399784482
275.207295801841 274.464541862673 276.675100244926 278.245129064671 277.96285824454 278.138549759438 278.120435024034 277.634023247725 277.983088546484 278.540626153662 277.238420405157 275.262518666635 275.536615111137 278.09435225927 277.924735241604 276.428485994677 277.022098325784 275.845000986353 276.993632360153 277.849767744858 278.053823775788 278.989804477258 279.234108722028 279.27849545646 278.912108277062 278.690915976709 274.00547493986 274.100128369155 274.640206814073 275.066430857979 274.847005657656 273.389489560129 274.716592606389 274.917057121629 275.776736304094 275.724837518494 275.430059869852 275.336191306575 274.462256922025 274.221872980509 275.176489822335 275.516454988865 276.149229228636 276.000935412115 276.3596631015 277.042364073495 277.582498043448 277.34583257762 277.668716241303 278.192207311901
277.730105054623 277.690035344202 278.325190877977 278.489106926874 278.322753065544 278.618988788021 278.597172772756 278.133413929425 278.396588782053 278.618513556848 277.575278026256 276.268954282457 275.638367670774 278.253855148549 277.600993173982 274.741530489719 277.750147339079 276.356754926319 276.61043162521 278.010050286999 278.47847511487 279.036956317138 279.617251311357 279.599966954758 278.890779914665 278.759833029634 274.094344772114 274.123869738983 274.352594491077 274.787414597639 274.66205675407 273.819315770285 274.100123522759 274.050237583201 274.898242977034 275.240065965412 275.685236968217 275.220486373496 274.959011592934 274.616019838032 274.96243387334 275.315733254338 275.991670383709 276.43838160911 276.758652359403 276.995703491184 277.775691669035 277.78400683754 277.411957012248 278.073296526557
277.315804330159 277.132129985635 277.019779149755 276.926405204738 277.668459505559 278.158100731264 278.59055153817 278.912869258966 279.545057322237 279.195155080927 278.01821757046 277.401544397892 277.442814943501 278.949417390805 275.538406392161 270.783863116796 278.794318758637 278.353425485169 278.34193053647 278.368450970803 278.58330216222 278.881672171413 279.555350765777 279.769691540431 279.884006595595 279.809916568823 275.265202004527 275.420095848692 275.108504480508 274.799796828583 274.296216013488 273.991266903646 274.881487676169 274.360074049062 273.718232958059 274.865198735086 274.938418489831 275.86038062463 276.477887478288 276.121139295512 275.486373314595 275.874590948417 276.403192612955 276.074527431487 276.45282855509 277.356021493913 277.431057704508 278.651885144104 278.349657710712 278.365029355451
276.922052756588 276.368036985867 276.627029790237 277.40804184863 277.574754306551 277.822836843755 278.301829140629 278.738129546616 279.195003103237 279.289134143121 278.598817657947 278.413626619523 278.553083066638 279.04991888452 277.291825126673 275.581073084239 278.895061128616 278.879420624986 278.613312628981 277.725038111365 277.561414046197 277.934003651426 278.832558664235 279.250522291288 279.281930975251 279.705389359129 275.946736953993 275.730175537527 275.507190434305 275.379413507799 274.838798863444 274.354328589408 274.811476549772 275.032196360966 274.117776512387 275.032496735739 275.789909951395 276.110120787474 276.610628300152 276.305804044761 275.60979698065 275.434635196307 275.250672870687 275.244564357174 275.750200355236 276.709540645727 276.331985412888 278.107587777929 -9999 -9999
276.596007253061 275.923782765779 276.047465581626 276.976033068591 277.040442176074 277.619362796658 277.534335670099 278.325608117004 278.864909149214 279.139972847954 279.226608621412 279.228842047575 279.264199777138 279.374718474255 278.788398927171 278.507083593786 278.867825757172 278.797110392806 278.644620784161 277.797524357158 276.967833411994 277.516348983998 278.424366616628 278.786741488265 278.924961748143 279.857849607457 278.361375077109 276.070821818722 275.788761756309 275.682499452684 275.255761417398 275.049503022281 274.69739406783 275.494593722435 274.622611133763 274.884901122406 275.767301533141 276.599178180202 276.577193758039 276.576805613488 276.064872772357 275.620617061782 274.817832222697 275.247633943499 275.46203222643 276.061465177458 276.099480723993 277.397482291284 278.738134182239 -9999
275.94741523902 275.673396087612 274.906690445359 275.757039146741 276.88201448296 277.485297719364 277.584751741764 278.399829370615 278.777373044737 278.811110050772 279.03818306102 279.504855457415 279.6760776533 279.46721426512 278.8745488854 278.927726613214 279.054109392717 278.571096009741 278.20697580489 278.847262843367 278.027958640834 278.485661022716 278.783696658658 278.784470621972 278.919727711034 279.534243879149 278.225451565717 276.519640394301 276.126707027417 276.169396162416 275.49209978666 275.361575425223 275.263329015431 275.358407435805 274.736447405146 275.297389087074 275.885452702051 276.76882179731 276.582435498971 276.736884818127 276.735122345428 -9999 -9999 276.026329832679 275.966639909325 275.675358988995 276.401835855507 276.881212969706 278.578360660861 -9999
