rcp4.5models/GFDL_CM3/sc1gr2.0
NCOLS 261 
NROWS 433 
XLLCORNER 336357.134 
YLLCORNER 654653.479 
CELLSIZE 1000 
NODATA_value -9999 
[rows 391 to 413 of 433, columns 100 to 149 of 261]
327.19481253823 321.248699893925 320.221415689777 323.679168639492 325.001842940116 321.76877452031 317.460487508025 316.541594223409 316.909245641626 317.237988785469 316.716220929979 314.335897087878 325.994685394084 329.351175434162 327.497183591882 324.832205010218 322.875257997693 322.41392600106 322.759233149738 323.302068035003 322.726184700997 320.320915587918 319.533176846545 320.603989417158 319.862488239918 319.416142135924 319.051848257206 318.343610645688 320.564204047484 323.26946650309 323.21816709153 325.369506329679 326.998983956856 327.35986641838 327.520019153638 325.551228095978 328.034209086178 330.074655105955 330.844933575599 331.093676281492 330.968066390788 331.834051011263 332.3954868889 333.157442614535 333.824352573877 333.889429805357 334.124168245373 333.749336169874 -9999 334.534077754681
327.902275384075 324.323335011161 322.361531778836 325.101414435704 328.078376627954 327.397890518845 322.557107953188 318.637578607472 316.81878562294 314.831160056024 312.693041942783 314.115248813359 325.928689910186 329.333958538903 329.174778307808 328.056250078373 325.423460789073 323.660965922012 323.972661659552 324.318951299613 322.512892822413 319.997519638828 319.779606072409 320.358923157049 320.145911566866 322.539298618466 322.98920279338 324.090717875595 327.000023409838 328.84521609875 328.886885369226 327.402113354948 326.911835387922 327.412055434495 328.267117541807 328.327087316064 329.481311250595 330.253621670544 331.318900879047 331.774743353187 331.54720176725 331.81485564397 332.378449669888 332.938309823719 333.305946297555 333.168719523934 333.475275167894 333.52657815317 333.589660596129 334.015457081416
329.21321447117 327.084443046301 326.233337096234 326.601023519567 326.529382684131 327.394806611359 327.73253289319 324.615417976295 320.76064173713 314.470788756073 312.863967320201 318.981662948813 326.77754265303 329.578871631822 329.666829761772 328.986961202249 326.62173193908 324.161922063297 324.196998923684 324.559604320862 322.497920064401 320.472083486662 320.316149429407 319.88521416152 315.800211008167 318.56380044261 320.503484442652 325.413625435348 329.530479192864 330.605956904688 330.367518010993 328.664511487381 327.889071118803 328.606170967221 329.750913772177 329.183176848549 329.876375496961 330.822183156988 331.102415411326 331.463894251688 331.324043593881 331.094280290985 331.55618684276 332.415413154964 332.774541816123 333.025553493291 333.445676351924 333.316789576059 333.054891449177 333.296390715429
328.926395332393 327.083010078804 326.908014743302 327.505304094075 327.348210944424 327.474762367134 328.466429346674 328.563515981662 327.68101282317 322.824271429105 321.491578545371 325.670664163788 328.747325197825 328.786469986703 329.134603794606 327.991621411843 325.347046428509 324.356089061841 324.985786086161 324.074803748177 321.948320398394 320.672334927985 321.025842377786 320.886667511072 315.104523419753 319.171944084885 323.910439840462 327.896185249169 329.739968085154 330.648721239879 330.724377038955 330.364599779572 329.657236038114 329.660498749862 330.01981390519 329.450707437981 329.65207927284 330.10096614646 329.873501980818 330.348132933196 330.801826993757 330.763480508148 331.323459704462 331.88985282193 332.64366993016 333.306772148761 333.234464914391 333.162684094818 333.519678747265 333.386328963707
327.200900965976 323.098707131596 322.90179535395 325.360389798958 327.064100189414 327.178992530943 328.477329707982 329.263447061415 329.07225071868 328.649308297478 327.458765431642 324.261234049005 320.670858757648 323.009782897642 322.87507732689 321.665760109231 322.02582130766 324.286219229078 325.73385769087 324.769025353938 323.901700021591 322.68712781938 320.612038274359 314.820030987619 320.621616423695 327.134343481421 329.610924892834 329.739585238453 329.762198184545 329.894058718412 329.689575588242 329.544994101003 329.767737363762 330.408681868849 329.629850205274 329.121113733459 329.607522251868 329.843228353278 328.709366150818 328.506043236768 329.859997876152 330.716496233025 331.275498157069 331.841427264487 332.007695558902 331.955839758329 332.371114323707 332.988887363697 333.974478236021 334.024694536162
327.591639976111 324.05067923642 323.223910832822 324.799940001732 326.820966145508 326.545745204505 326.95723620425 328.527019553545 328.602700748608 327.122472471858 325.198401590067 322.555713266156 319.488852510969 320.262612608735 319.597161737707 319.928056246113 322.750670835067 325.09665102657 324.950262078787 324.251569925844 324.102026594765 322.503185366869 316.771368713834 308.817625752178 322.037355043726 328.023447545081 328.598359646551 329.172536650636 329.746761278719 330.098084659029 330.171454758453 330.026559113347 329.819792696916 329.892767246828 329.531276198972 329.596568307645 329.875277036901 330.026630406892 329.380824511987 329.061829051461 329.837305646123 330.499534406677 330.766665239354 331.123299577445 331.376323114688 331.540306770917 331.54706954654 332.482364941 333.456723654246 333.690962346446
328.441851861233 326.594520077517 324.928861571673 324.765199359704 325.562359166168 325.336523821971 326.281313682559 328.290691662988 328.047692551659 326.13342958411 324.237395320978 323.076045403673 320.21820870205 319.302615593297 320.658246351348 322.982606069828 325.25887261956 326.120159781387 324.231705519983 323.218395088642 323.819304259216 320.583882149904 312.97972329608 310.662399024885 326.055588640729 328.285076457108 328.358239906828 328.657516680221 329.453763436848 330.303438764673 330.435388002822 330.010098552156 329.581857041501 329.799201134368 329.800820545639 329.584086114749 329.652350493343 329.925207499944 330.280285624233 329.935679394391 329.81464297585 330.266514222525 330.227611599169 330.59164900477 330.656244673381 330.717079103864 331.308353357235 331.936579185363 332.920910569991 333.161734275041
328.683644120423 327.99036269915 325.010937576384 324.249374292695 325.05629214353 326.488602407542 328.274278237269 329.054433338888 328.078282263304 325.359957405544 323.448287098855 323.566553278939 322.002640915419 322.846452042382 324.878488906264 325.93483446162 326.497335561306 326.110169571283 323.711056566403 322.958620752856 322.859104153711 318.349687730188 313.082078489212 316.458732069753 328.734565752834 328.037722297103 328.296281643588 328.69301098444 328.715057176465 329.509375157739 329.918118070307 329.273941537913 329.218484914524 330.069039905118 329.778735884653 329.059405372589 329.126682086854 329.403105090952 329.967965043286 330.115035449662 329.884199909346 330.153158238927 330.50790439691 330.567258703002 330.618986362806 330.864124702534 332.093086522474 332.412634479025 333.198899112771 332.943370550629
325.910990792882 327.808408682158 325.875981039402 324.7993109151 325.325498199586 327.997790681419 329.669377261672 329.515475454085 329.337102000677 326.919775720951 324.004988560188 323.561596337051 324.983705425179 326.031278622582 326.603896631251 326.945589794306 326.762592104595 324.374951149026 322.13776207109 322.215353641566 320.619275102371 316.978867651017 317.317012875616 323.314903392221 328.990689411461 327.570061766188 327.734919723724 328.225957049982 327.252579283731 328.160660789172 329.840509610149 -9999 329.692570360996 330.11555590609 330.115482018881 329.324991415995 329.105662428166 329.3773126711 329.735162729391 330.008664837218 329.955449322359 330.026722521365 330.186995463247 329.849293637138 331.486827869019 331.9558405526 332.267154663821 332.696908534403 333.183947935092 333.100553580479
322.454897199358 327.879172437469 327.896370614907 326.987468299329 326.588211788772 328.742884260153 329.912799779576 328.451299372945 328.834069484133 328.610290317876 325.695498233898 324.583911696105 326.964353574451 327.801097795617 328.374637587691 327.926685236354 325.014856077758 321.325812337375 320.618366574304 319.761303338939 315.156397111382 313.023252017304 319.379259521263 326.888297865752 329.166057379 328.785013902602 328.315157210146 327.484459447106 326.235298502034 327.588346994941 329.825039701707 330.395013482184 -9999 330.596777755944 330.595703939 329.595447984352 329.292414141905 329.64901182397 329.715276105259 329.978766570066 330.333782785263 330.795849469452 329.855593824855 329.110561578044 331.776505990621 331.941028681991 332.426105206546 332.790679409896 333.026653114763 333.386813966478
320.724531537743 326.632483297681 328.163517630685 328.21843588247 328.339887086983 329.687131525227 330.431428412514 328.456467868159 327.594133762354 328.399565668139 326.96318375409 325.020343202584 326.410961207715 326.708490049631 325.764630358703 323.600404089637 320.981384106613 320.052523399702 320.640062993055 318.063632064084 312.188577901324 312.430604276054 321.861079556462 328.243722180918 328.650636275306 328.953202479622 329.298710615217 328.241697008164 327.614775569096 329.179887497853 329.64371337334 329.598406779171 330.446257394352 331.010525186771 331.359853786836 330.069531500503 329.770738622329 329.917443858568 329.895558473713 330.254954031467 330.724308577652 331.376992427343 330.620512266604 330.270993735102 331.551028170628 331.606449827825 332.713187843003 332.764404359018 333.19365602749 333.485970637905
320.530693627584 325.498999298215 328.220779796754 328.712669277111 329.34819543289 329.559981914139 328.854209201673 328.735835946082 328.869863019519 328.375080528794 327.175397612602 325.805866621815 323.638130357266 321.957671433952 321.82833866406 320.941459666275 319.992043553104 320.536947207771 320.632697083905 318.035582326912 315.317830900607 318.197402277241 325.464012438918 329.023836475608 328.138747230179 328.211543984735 328.967233986883 329.177284327056 329.325020186779 330.498677059728 329.903866809942 329.357439613404 329.928018025028 330.498939122439 331.279728290643 330.763458322806 330.537141576131 330.600943488657 330.663765259646 330.725546607938 330.993361019423 331.353656377472 331.412454069441 331.274080241263 331.423742193052 331.879593533035 332.386365895096 332.738180867203 333.167334407456 333.458818864635
321.556237863633 326.500639513852 328.716952235261 329.209754538961 329.567484173395 329.047216721021 326.849057843476 325.930612677532 327.531295286799 326.776440672185 324.653216663007 323.68068386269 320.122827265312 320.259933989846 321.818485939609 322.645100206186 321.750787360259 320.29273791846 319.376901595712 318.691870808955 319.736473559994 323.941313183168 328.123789859358 328.508328305057 327.623785109763 327.926663429681 328.497287836536 329.067497689414 329.861507017473 330.482166623199 330.108628440229 329.62144015993 329.690121624987 329.758096590492 330.259952129791 330.957314030344 331.021982676219 331.292083378117 331.437038527551 331.413075158238 331.763204143559 331.822345367071 331.880322211493 331.734101274774 331.886639130738 332.356288440528 332.159231567471 332.597586252151 333.258512140258 333.126867789505
322.710918738318 325.323941149766 327.412808177971 328.701798023637 329.289816184881 329.345579267283 327.078500194577 323.667526066854 323.037221458794 323.307396396021 322.425503276552 321.014977250445 318.684068563466 320.233782225878 320.288219582907 320.08212510357 321.933926267332 321.832959038333 319.890372927767 320.396070363524 322.475219370198 325.698864918995 328.626256881722 328.027976095932 326.647210254045 326.642269961712 327.93977968158 329.051663813411 329.621584404926 330.190391760218 330.311879683552 330.10069538173 330.168281174022 330.235180719303 330.514954657761 331.431323231019 331.495017481022 331.76980270103 331.711306377186 331.599998016573 332.24802419075 332.107535696659 332.071401447288 332.617806879138 332.967874187451 332.829009207923 332.327430819715 332.868694476055 333.051070675423 332.781786378873
325.182871204726 324.740600798418 327.295981933025 328.75746672622 329.304080765473 329.596851605497 328.099148654977 325.209784396868 323.613909091609 322.366185443968 320.111025912215 318.694030813211 317.881622955409 317.949848822457 317.787650440132 317.629212109083 320.649221484861 324.017156805935 323.404367165511 323.635947745416 325.982218078268 327.542329008145 328.385998192799 327.748050042793 326.402341718419 325.668892264044 327.112403748987 328.810973939709 329.330992795929 330.171858219099 330.518008527126 330.586233534157 330.653803843708 330.720677101701 331.004834359399 331.632789030112 331.980364953723 332.043080745821 331.689088765453 331.78123968036 332.51584290511 331.877728662081 331.546330928359 332.502680714165 333.258135340228 332.815701882848 332.30518085423 332.672966112465 332.708147979471 332.755054588567
326.320485462363 324.62175520765 325.297261025855 326.154500241663 327.761751002556 328.828978043156 329.140264800212 328.699867809138 327.532304575538 326.372423489706 326.226484847872 326.529383100785 325.705506193697 325.522768365436 325.332631197713 325.875618938021 326.941128930495 328.748908411785 329.574057545513 329.64535637545 329.716588295537 329.30953326323 328.622403468292 327.959566356952 326.872371362315 325.909280767283 326.857083063076 328.73628025615 329.800179664497 330.41622797586 330.041097244336 329.781583884345 330.344470107529 330.683361829243 330.748437666801 330.876238048483 331.784993828296 332.580762155188 332.061361230977 332.121141335733 332.179895902952 332.237570784078 332.294132779108 332.349541905493 332.40374113762 332.456712374942 332.55881314728 332.223608187743 331.655542016515 331.701794733378
324.800075139894 324.026226507265 321.920125511295 323.138157506776 326.886414196508 328.358700291656 328.652003923171 328.720946185565 328.265438432879 327.873764273916 327.675915233778 326.972705246255 328.399057818836 328.967356090656 328.540736975144 328.119630222088 328.673477834365 328.987320194748 329.058907354103 329.620149138916 329.966351269796 329.297246532346 328.607747050722 328.179893660739 327.090986825182 326.856707789139 327.193982713208 327.94871119991 329.737880370256 330.673389326366 329.795935489355 329.029495827377 329.538697596421 330.169806240619 330.234861177505 330.573173027596 331.347612311845 331.781022878164 331.547556074982 331.403825648423 331.3763411661 331.923506300157 332.072422458715 332.031845599954 332.379389952398 332.431958314338 333.02226050874 332.686160773279 332.117773165082 332.163462466579
325.824614583441 325.373299135116 323.862827982951 325.243963352221 328.066031092918 328.578646683998 328.647049080802 328.988208676798 328.773177739656 328.621321505117 328.682916931661 327.747633872586 328.641664038984 329.202539590861 329.27272299006 329.34298285969 329.168478379923 328.740132765022 328.553963470284 329.106400227772 329.447824659557 329.264426483255 328.86011096954 328.405499157409 327.84312593758 327.3437281173 327.451054732351 327.705115557181 329.45075786774 330.659926368277 330.224838558681 330.011723965756 330.076597695541 329.92461235645 329.710142378454 330.052381628985 330.404715137606 330.465896021429 330.731472745424 330.866269943893 330.834906232727 331.399079683949 331.550722620594 331.506271949986 332.06023724227 332.407271253954 333.318186985896 332.870895934536 332.603206556025 332.648829718281
326.846266474595 327.14015500607 326.776186335289 327.287689409238 328.226411569342 328.334309303612 328.641986855216 328.967436173606 329.009090143089 328.579371244121 328.92471805493 328.705684446186 328.385448601792 329.194685143585 329.26442663459 329.334244588046 329.152593639668 328.47499552673 328.533947989025 328.872136150096 328.683291858291 329.233201766955 328.387800101041 327.361969957417 327.828524526149 327.328974352575 327.434330080152 328.145623492819 329.751139653995 330.366784507474 330.210919875232 330.002852553618 330.286496262561 330.406316535872 329.755954651181 330.026603046388 330.160369685905 329.937107835556 330.414296777027 331.054812128944 331.112173635993 331.168503361905 331.223750579756 331.474503292174 331.82869771077 332.086658426537 333.094139415677 332.34246965305 332.275449810302 332.622459502736
327.403540221352 327.114844213361 327.342550268011 327.775547616898 328.240358763011 328.345357764082 328.636824640862 328.704933927417 328.502255353843 327.804784654617 327.919459255275 328.215266323755 328.377290060906 328.678318977947 329.004416174338 329.579291532539 329.151394278382 328.719087843096 329.038176289529 327.628955036023 326.157299813721 327.194213781825 327.11473933804 326.116399396723 327.015815056833 327.54760554595 328.148927089187 329.130800649187 330.510129237683 330.846735560334 330.463758891172 329.755915678721 329.986583323513 330.175857748338 329.02950764914 329.519969387447 329.865048644183 330.123394601669 330.679062437012 331.032783969675 331.291690021881 331.435637165762 331.200392776752 331.459188502064 331.808853260486 332.048967179605 332.580223604954 331.819508798391 331.933211851402 332.59617454376
326.846271885871 325.806943811927 327.157187694202 328.193613440472 328.496513976873 328.563916666945 328.631547260202 328.425818091291 327.725474585008 326.797941996153 326.914091709867 327.461718985366 328.101043136806 328.178691361454 328.752660507898 329.30993094329 329.133336057133 329.199502297731 328.779291226045 325.154712840611 322.884196611865 324.690923347849 326.274786720561 326.390766697791 327.702346631951 328.333961488484 328.367459057002 328.93518722105 329.955902504352 331.061779516452 331.172611536268 330.513185012053 330.026507383548 329.869159020323 329.20466819747 329.268120906915 329.543816316245 330.31696819485 330.953348234373 331.010792580524 331.277219560579 331.424186179391 331.177089700351 331.230382214636 331.48634355931 332.038133457497 332.232875542549 331.967114335421 332.208762354497 332.569966245152
324.765576950858 324.036713481118 325.989434691853 327.404941009037 327.738172068049 328.321102537688 328.626147715447 328.434883021156 327.745284219263 327.085098479331 326.908240984652 326.965503109149 327.614709971502 328.170529718252 328.744899320864 328.55048871174 328.117303471261 328.189390858701 326.771741481335 324.359585273153 323.154599112859 324.424441248668 326.025505989191 326.591053469678 328.223388107916 328.09177638733 327.162490460915 326.923384476913 328.170565914056 329.55326848038 330.340455450069 330.72568253186 330.066643199695 330.010840726684 330.197977587315 329.755466565724 329.815126551163 330.296373687401 330.931852939223 330.988839815799 331.247065390514 331.389327648496 331.153844095764 331.009847826255 331.159908145652 331.806719861727 332.406786422223 332.453758138563 332.499453563909 332.543839108504
323.531025537886 321.959397683338 323.713552643834 325.368115462503 326.839934943446 328.331016293266 328.620632417666 328.68791632993 328.225035938622 327.553078761085 327.391127815027 327.203247837388 327.594026061766 327.913536339322 328.480183387048 328.295062103611 327.871717735312 327.688389890072 326.274762644921 325.566194580906 325.169333422354 324.93120128814 325.772012732614 326.792995471596 328.735795824495 327.140216290034 325.14766343768 325.13390061222 326.19948792563 327.037953861492 328.273586391887 329.880369277533 330.266929923671 330.269405495213 330.393542457455 330.016170990957 329.794600656888 330.068068868653 330.41955853322 330.680617784447 331.233048434696 331.378451679704 331.130650565448 330.977265804016 331.131701675844 331.593747398829 331.893994888303 331.940898764749 332.173021707062 332.517803815893
