rcp4.5models/GFDL_CM3/sc1gr4.4
NCOLS 261 
NROWS 433 
XLLCORNER 336357.134 
YLLCORNER 654653.479 
CELLSIZE 1000 
NODATA_value -9999 
[rows 374 to 395 of 433, columns 150 to 199 of 261]
270.23478986144 269.887538236273 269.902837072202 272.885623530388 277.933446130683 278.171716235543 278.590189787819 -9999 279.440277448812 279.58399376557 279.534216795625 279.42892220938 278.823162567258 278.154511284512 278.441885218367 278.745808106085 278.849410192577 278.390403262819 278.945148775785 279.494263223706 -9999 279.523224924787 279.383230759102 278.919984260939 279.213208912419 279.942361695536 280.174390429466 280.880225322875 281.52027852565 281.413627349972 281.146758347528 281.692405450653 282.33263265097 282.713214693778 282.411928118578 281.855121473454 281.649337924554 281.587073137549 281.564245120281 281.543117454402 -9999 282.601166701655 282.944272144909 283.513265703419 283.419663072718 283.736665194582 283.655717146826 283.433037717688 283.578107255512 283.662238685445
269.995598853127 269.908863115946 271.65374024714 275.694314999375 278.000588040424 278.121262528213 278.383801505032 278.920818660881 -9999 -9999 -9999 279.218842083086 278.725975596946 278.535647233481 278.453999432975 278.896748287465 279.273884431996 278.933412764299 279.211989141064 279.394343801741 279.423036811611 279.358134488608 279.020770649379 279.075963232332 279.785103418298 280.465299125149 280.577349358497 281.134795141227 281.446089368637 281.397869496797 281.121870750777 281.935805022165 282.66139240431 282.59321287255 282.476572112709 282.570264969035 282.280158624363 282.134330597374 282.007395274328 281.862623746722 282.173680916548 282.733465062522 283.226342071339 283.666586033085 -9999 284.074149443956 284.078297445762 283.944296486203 284.133809772281 284.201660099058
270.199468059659 270.141660508838 271.973338637478 276.104915165566 278.420546001231 278.317108064698 278.421549840133 279.011214077453 -9999 279.494112034752 279.336438111843 279.199461237683 278.842130832069 278.60037893435 278.465771461475 278.850992310626 279.55706770965 279.483072911823 279.439987160607 279.827221114003 279.495546780581 279.255568288224 279.091853896216 279.412452434088 279.795863451642 280.533814350582 280.767238683826 281.453125199586 281.395294100639 281.419767240916 281.080038355757 281.817344302755 282.457760186542 282.396755731252 282.462428786144 282.622978887969 282.517007492162 282.414559040112 282.389328522562 282.182071493875 282.367643823442 282.65607599048 283.525471611786 -9999 283.661906622192 284.100151949386 284.347393964011 284.55579729415 284.559104064383 284.438858274525
270.411942044822 270.36213151439 270.432722373398 273.691959980816 278.949270282933 278.500378622304 278.715321451523 279.352475375834 279.830796856381 279.449821497829 279.262888775354 279.24192951468 278.917221785228 278.559828799902 278.640829144201 279.112976871941 279.728069458093 280.02249533151 279.896612508333 279.879524648514 279.609346569491 279.704989826224 279.660721806954 279.926533742614 280.093432545912 280.601633444169 280.812065734574 281.486901122482 281.521942146239 281.440381933239 281.602155325992 282.076291583634 282.517029879798 282.74437943752 282.40364220037 282.508126881742 282.520711365584 282.276647275136 282.332928488077 282.001810796341 -9999 282.497421982875 283.052164724364 283.405560079662 283.570543973329 -9999 284.12592494585 284.281521847738 284.585044616991 284.516384306574
270.682126007487 270.317628941036 270.325342613338 273.639937309339 279.241649528529 278.894285189413 279.054919727269 279.674599322996 279.839592947088 279.462546237094 279.356063567821 279.05911494215 278.811846730098 278.72968633574 279.039421811673 279.329211832314 279.708937864757 280.39668149622 280.121952709142 279.260899942069 279.688829950073 280.24178338567 280.259886252188 280.415546583997 280.409798661439 280.505339306043 280.713819363537 281.436726640318 281.733657564567 282.004679798911 281.674189822232 282.174766831744 282.827800597646 283.459031134505 282.853581917221 282.585543420153 282.980123109186 282.385959372447 282.361727224254 282.02770846839 281.881620118377 282.1922797716 282.688502043894 282.764688447457 283.133462012251 283.554650709494 283.65904732722 283.743893594028 284.31032371282 284.46704460098
270.918268506617 270.480361563363 270.459617713353 273.924134203471 279.34709993696 279.277135260539 279.365783961445 279.776113897817 280.017384579273 279.638506702198 279.423539308945 279.205368271243 279.21083806949 279.190543656196 279.197187687828 279.39156649399 279.88362059464 280.516801911803 280.195964355433 279.208632734812 279.681738397938 280.217401628233 280.508322541819 280.58241035449 280.780707399019 280.695612738619 280.63879790427 281.349925867545 281.566923625879 282.198760724389 282.028816029875 282.078782205971 282.913048659853 283.565296807131 283.485736646136 283.109079008865 283.471006226259 282.88462968254 282.330269666717 282.284098401102 281.597292144139 281.616071454623 282.471128810207 282.069197316779 282.238245842521 283.037688505872 283.202685767433 283.462084149478 284.004730348516 284.342056042745
271.161626124492 270.785064342253 270.61984696294 274.131231125759 -9999 279.694043100942 279.708747702958 279.999022694013 279.976882200503 279.544041279887 279.437005106315 279.552779187284 279.776794459741 279.509215409821 279.067377523957 279.459236637172 279.911959015331 -9999 280.421699091386 279.835425480389 279.94883698718 280.145934623619 280.523915393725 281.088402032329 281.157295020164 280.654758800193 280.681933371762 281.310170375814 281.299950045314 281.703803101947 282.519455865526 282.361881459735 282.671947926235 283.383714754484 283.483893269178 283.421855340031 -9999 -9999 282.832596562149 282.269884502203 281.31266199143 281.187098558461 281.914238516525 281.679455334815 281.799895750456 282.045058054889 282.463420808087 283.347469428511 283.747767079782 283.845193743633
271.51589956414 270.974920535012 270.712000451349 273.811011359182 279.729130317629 280.320224365614 280.21848579029 280.257165754332 279.627371757308 279.388785947728 279.722647785926 279.950463979312 280.044717406396 279.580902178893 279.244071779276 279.417516659357 279.641786428469 280.02968428206 280.404575292 280.439372116075 280.385896922024 280.388876477027 280.71852595431 281.453963048921 281.052645259236 280.401804573555 280.816778776631 280.801438483143 280.884079439661 281.450829431395 281.966094200597 282.300920088852 282.399432376817 282.805752138303 282.8983768383 -9999 -9999 283.301761547284 283.070268154423 282.423989869636 281.695735137514 280.982076683117 281.228105547219 281.638307592979 282.126258329454 282.06101473637 282.364003945033 283.388051305111 283.40327531366 281.944869115941
271.684516570136 271.29531933339 271.328195023733 272.42549873059 277.045008112688 280.076503059716 280.397089155133 280.238053721458 279.773011138053 -9999 -9999 280.216538294518 279.972544849153 279.504625465312 279.371396521971 279.511148535222 279.869790206944 280.324108292722 280.390045107759 280.566650066261 280.580910354066 280.743742561747 280.786730213793 281.495670421131 281.255614836271 280.986303838361 280.812063402657 280.221500579071 280.365943543103 280.939492917572 281.065748279447 281.731304546898 281.887726924788 282.331658123492 282.656616042777 283.370754609315 -9999 -9999 -9999 282.868372590753 282.474418771633 281.593192229678 280.890965100694 282.164734709468 282.720733843205 282.462579735386 282.382680778323 282.286654857262 282.326498389649 278.826182776662
272.330343311838 271.996876310496 272.057030780755 271.897500726202 271.348468802791 274.228695626814 280.099615718878 280.428112418991 280.128060570552 279.565004103236 -9999 279.943159771505 279.889812653298 279.697241708437 279.283464887174 279.446280735866 280.005898283271 280.586210345415 281.091519881302 280.565085403669 281.257213794875 281.23542580651 281.329456466112 281.554199766008 281.293369134316 281.206880120229 280.731389193848 280.535492387338 280.654462203267 280.525623253988 281.385100734113 281.58135262873 281.941589371004 281.923285813054 282.130927821296 283.016177473638 -9999 -9999 -9999 283.652352900536 283.257779460273 282.786964642488 282.921362204624 283.01369528447 282.472045060605 279.570285953015 281.49525216607 281.516125215392 281.04308003483 281.609803848373
272.735433355309 272.296025806929 272.096453425604 272.08790761036 271.717070680114 273.005829208708 277.582540048087 280.506422607353 280.356954430669 279.82022445256 279.716422070565 279.226004800392 279.261556499319 279.489456134993 279.485214466455 279.954000711892 280.417193934898 280.5751042854 281.122142135347 280.9110020765 281.374054179705 281.565067993035 281.841166244927 281.83571390258 281.253218638155 281.255511232056 281.135353614191 280.934094799016 281.080933927634 280.817678786712 281.581904757465 -9999 282.434070215824 282.320823359108 282.189696987728 282.924170253273 -9999 -9999 284.139825831562 284.368835771679 283.805894604645 283.205465961474 283.28483653958 283.092888622225 282.16249673538 279.974704138504 282.771048663831 281.954013466918 281.228510596988 282.354615043227
272.438502604464 272.383160286667 272.44289493958 272.450675826795 271.952786003586 271.781363696822 275.066451047003 -9999 280.46808885053 280.164528062246 279.835012352578 279.368863712417 279.127524549981 279.246357650886 279.528425507011 279.955333294287 280.234272891148 280.566254423005 280.957275115885 281.389454566075 281.620711432188 282.242419513072 282.430442611702 282.017919778957 281.295918559105 281.240399241507 281.242555211294 281.220953739241 281.187274930808 281.224039752018 281.55613191149 282.032081208019 282.356860562804 -9999 282.702757364477 282.640635218085 283.568130296841 283.945244117366 284.523366450767 284.564122783805 284.418501459036 284.144926063314 283.799132075014 283.1237164031 282.859867185205 282.620971316811 283.211985880795 282.602279434143 282.138872297991 283.181400773519
271.610304109501 272.104090304418 272.641630647648 272.820636413667 272.248171566995 272.004456441395 273.522303889452 277.902745544055 280.172614948037 279.960776921974 279.691870928323 279.500330538492 279.30873645872 279.31247503182 279.430437528526 279.438327371387 279.76479152706 280.473589522735 280.667349961193 281.430598151853 281.684683029585 282.383605095663 282.386674371517 282.237572643424 281.711828162151 281.283440634274 281.346199518763 281.616180315723 281.32570026399 280.739418975293 281.395358686289 281.932799570363 282.394128073755 282.884589007727 282.960940623942 282.783111416848 283.199612056536 283.450315603227 283.970947786564 284.384239361782 284.341144105811 284.403290011569 -9999 283.487877081528 283.23124826376 283.267719137672 283.338176175678 283.254128808173 283.679765360963 283.826805302049
271.762141006693 272.351478000812 272.618237148133 272.817038875514 272.369061746994 271.932895017011 -9999 273.405079706331 280.066133694294 279.444951480199 279.474342542069 279.670246468483 279.540040823494 279.379589688912 279.637968494507 279.254138896145 279.499781036933 280.122913790083 280.404018917078 281.3352336354 281.40998961327 281.856358550998 282.202082463468 282.230210011184 282.021976689217 281.519753414734 281.991362673922 282.153450385407 281.49377867894 280.573245814554 281.290799340839 281.656078560998 282.363198920637 283.019343888702 283.118076568944 283.057140093824 283.141912546659 283.326689461164 283.371512953679 284.099026086133 284.223069727574 284.222341451851 283.097374692831 284.013374898632 283.519322358303 282.089256624036 281.902624394764 283.844544862614 284.295245812234 284.273920039733
272.591185030875 272.780941838202 272.810966241903 272.750076275791 272.436627942311 272.139376315366 271.989626499524 271.725690354715 277.071844330633 279.40009901015 279.901411839538 280.1584696386 279.9960834613 279.772856952409 280.011806368882 279.485296095514 279.354351383009 279.578445903914 280.029002348754 280.68530888038 280.839215886963 281.337772498693 281.842844609203 282.165479362446 282.01012638408 281.944647558215 282.390435961251 282.165284589344 281.405020637577 281.258641771974 281.302529585827 281.283009204556 281.914333390834 282.638037952794 283.213191825758 283.456466781502 283.585887231774 283.725355777828 283.293714399326 284.063064569882 284.126337805333 284.165753663027 284.187198457891 284.180777008482 283.66145468489 281.32464907977 282.1278410069 284.50548957058 284.644201905718 284.447448870822
272.274355921027 272.252688702111 272.430187336128 272.715888292808 272.709751777371 272.62243053311 272.277924072394 271.584822577468 272.675060610133 276.972760160927 280.167791531972 280.284092882845 280.261652193299 280.238455343046 280.218585797719 279.865024418769 279.525615994351 279.615301318804 279.597745754507 280.312741826931 280.836636485485 281.374236991541 281.815595557107 282.12516425434 282.035778590835 282.098169672725 282.101300728766 281.960390781693 281.622928948949 281.824903501442 281.889857531711 281.746500972437 281.867429329493 282.536480834076 283.20367581665 283.761043382229 284.051032204468 284.171718835075 283.776133204238 284.278339463907 284.23685796949 284.211616566815 284.168760876707 284.339052238889 283.910550569625 282.954810640431 284.004520094919 284.630502884861 285.019082014021 285.000127744429
271.187567055489 271.490721422621 272.0016125971 272.628095451804 272.896281834467 272.740468932137 272.190477422777 271.763641436864 271.396003771366 272.793443212982 277.666513359172 280.73151713181 280.628617164041 280.471185638085 280.339172209345 280.178218585891 280.037101765305 280.108043886362 279.64839791216 279.963775917553 280.834743329545 281.515088653696 282.205538106577 282.298149746993 282.193364322283 282.056574426139 282.000172437164 281.977216029048 281.944573653198 282.053708199714 282.283896811305 282.322074854062 282.32877485656 282.667612647845 283.162812883424 283.5649389498 284.24556376908 284.389195175441 284.30635788086 284.452031309025 284.453832133075 284.304583081877 284.233237132016 284.678573128482 284.58188811354 284.259739354547 284.388707789931 284.895791906508 285.124455818602 285.235245893614
270.741753141475 271.366573540541 271.731950386105 272.24296402923 272.833513652634 272.86557045582 272.326123600338 271.933592973498 272.148726625791 271.844138027731 273.508876744262 277.987206560317 280.763628561747 280.462283495474 280.49137248291 280.387562835214 280.332083602116 280.394929228781 280.099660550347 279.86002984075 280.521758222836 281.497650162457 282.339315694565 282.708033596655 282.406862874088 282.231243134645 282.161897262361 282.013657586316 282.072526825734 282.121006905931 282.573825820441 282.465995238778 282.189561443861 282.42833026137 282.962539980193 283.343061577774 284.149218934876 284.377435352763 -9999 284.604410720748 284.626099839783 284.499544982289 284.889205411356 285.081028918711 285.004462448078 284.746233379529 284.875218574992 285.327392957793 285.3082490646 285.222890392066
270.793983635601 271.449956723431 271.658292281707 272.272249554259 272.871312711638 273.030900694952 272.734128042647 272.353510001104 272.596232245927 272.203262935089 271.803917167388 273.168850004315 277.622050469163 280.327535395624 280.804794002584 280.725213675608 280.674812275149 280.63116010526 -9999 280.407983276969 280.875145745136 281.566294722876 282.360549451639 282.740993433732 282.648051747893 282.350313261222 282.350054839098 282.124286680753 282.421865142347 282.742216097349 283.137247312219 282.673238863481 282.044070742137 282.117284344479 282.617570701654 283.20173867194 283.885449584178 284.134938857302 284.405885172851 -9999 -9999 284.839387699728 285.231531423657 285.446442591451 285.317139257092 285.353721665416 285.500427828147 285.54562356706 285.460729582559 285.323238629421
270.786960350482 271.467442944926 271.65827757509 272.180425603587 272.362564648869 272.48600237448 272.846644394192 272.844964570377 272.085753134512 271.798780677203 271.625095140269 271.642408783722 273.161298003284 276.106139258077 277.953053747448 280.947816731023 280.639467956033 280.864126553855 280.80837615481 280.655032644161 280.764431508134 281.314403725766 281.909661350024 282.397793540706 282.747508401482 282.522815928744 282.583395967128 282.339471057919 282.695532653226 283.319204557357 283.315357602591 282.863509779517 282.09160544559 282.144991925327 282.700438307046 282.997829818913 283.45744267657 283.911414538375 284.056999535404 284.370458037363 -9999 284.847244491389 284.820165991714 285.177652846254 285.323352303951 285.479992076459 285.783457566452 285.662810543947 285.430218602817 285.261995882108
270.667190445353 270.993023289258 271.251906635033 271.624681076572 271.790532657066 272.268860480329 272.835669520896 272.830376043491 271.92490108362 271.752510100424 271.635125424689 271.682726324059 271.646213783796 271.608059466106 274.545967806727 280.732593596657 280.717751288531 281.096597950847 281.180218708237 280.776580906251 280.343209567746 281.100709567483 281.659441847935 282.214190327329 282.708233739601 282.794524528773 282.785649873442 282.628888413067 282.788141687898 283.196200475221 283.606318434564 283.032903727577 282.18659610209 282.543827195583 282.974667451155 282.812996412939 283.129862976022 283.896064321334 283.959439786758 284.021401118787 284.231879049402 284.354949178836 284.722116777089 285.059792652789 285.142913281983 285.337095359236 285.788649474856 -9999 -9999 285.346011462278
270.832191495408 270.860180180746 271.122770693179 271.216191971178 271.518140144774 271.975799996047 272.61943152622 272.726973894839 272.285124055523 272.142767076793 272.191311740809 272.03838362343 271.978224843875 271.671750641476 271.290450726129 272.904783161771 276.751459826961 278.837159935901 282.034703290348 281.117552838917 280.86469432595 280.962078637956 281.508969126255 282.231097879244 282.869881288678 283.038153021676 283.062464212297 283.040252805516 283.528689451817 283.461227758833 283.54369240319 283.355323166167 283.218536150385 283.386231725129 283.42833803565 283.179603972759 283.260837624633 283.487680702533 283.42806390374 283.531363272539 283.929386954401 284.39970025152 284.950707454397 284.994966109333 284.986803623729 285.216671408019 285.327176777989 285.242973763332 285.14087515314 284.920698194015
