rcp4.5models/GFDL_CM3/sc1gr5.4
NCOLS 261 
NROWS 433 
XLLCORNER 336357.134 
YLLCORNER 654653.479 
CELLSIZE 1000 
NODATA_value -9999 
[rows 330 to 351 of 433, columns 100 to 149 of 261]
248.405755667988 243.470046106878 240.354942259724 244.31851767659 235.733904587187 216.921550634517 206.040233427806 207.547335928135 208.7709359762 209.462876299511 211.203731913879 211.17146717074 -9999 -9999 220.227893181244 216.9746881829 221.259362780848 227.420066650277 -9999 -9999 227.849807178201 222.242203060643 219.826512735384 218.616130920657 209.604987872515 197.763101835148 197.092804125782 206.918396245634 209.144982025558 206.940675781055 205.148242865659 205.253221670756 207.820457264896 209.32711759588 208.308440441917 209.711008702001 211.524541458884 209.829755894247 204.837867844692 197.815117625295 189.973869057213 184.054292797494 183.662014144154 189.033211293336 190.676096466182 190.00584428852 204.666967889089 214.123482873132 219.287277234875 222.042894812787
250.453341240613 237.568145754711 227.769981479861 234.172012350193 235.199666602115 221.656894853991 208.429490308839 201.829002426882 198.787021158372 199.547927985932 204.648954917988 206.016400919413 224.174032855653 -9999 225.808643247777 223.744854257773 222.461708945655 220.579165406239 221.845166885223 226.606016693559 228.625258401808 227.811087145732 224.232235725559 220.034189614253 212.465766509817 203.695851552839 197.252433544471 195.043816100113 197.606656361931 200.677118478892 199.559582454783 202.147617793065 206.188368537547 207.972990704128 206.336213285147 204.824606239353 204.81655437461 205.987704294729 205.973522519938 200.226630008047 193.748508009286 185.128311460622 178.482693778481 181.44916274948 185.832877799707 186.593562992 205.79397283161 212.222702319417 218.448378489279 221.415668022134
263.687833866317 243.673123658346 229.806314057252 227.799860492698 227.911403012848 222.748825122357 213.049554546186 200.091430169127 194.543668586702 198.355972864228 207.491540068601 213.52641064093 224.617935948345 228.587523276889 -9999 -9999 225.419109354006 220.967265223298 217.090028278792 219.402161511511 225.277013729873 229.505129727946 228.265722027522 223.020105909052 216.410155763988 211.229999887561 204.077517335513 192.643117701879 188.691577931342 195.219002898271 198.565185984631 201.823761233145 204.756718652864 207.502492200607 207.119873599705 203.754486665602 200.302804951732 198.350278428641 198.02344516341 194.512711622426 189.266935502019 181.998646241897 175.519652755125 175.244344826958 179.925397933392 184.783042611243 201.255385835305 209.485658479442 215.603816916463 218.463092707228
269.548968520812 244.793256248876 235.815263814072 229.193052908078 224.012500817414 221.360073382102 214.536521785942 203.483795274087 201.369006910376 208.91129593627 216.987667015606 220.650039031356 -9999 -9999 -9999 -9999 224.653090455952 222.999190342083 219.614265082514 217.239466581929 219.254617757292 224.161372410963 226.909560220311 224.418909281477 218.220551553451 215.231451049375 209.924915398601 201.706929320029 194.081576340377 194.565525347892 200.69635881195 203.941111987239 204.53025345077 204.584338558522 204.815818281458 201.769204861165 197.174801887784 192.229101649994 188.122142201827 186.148962100697 183.179827406308 178.811369821724 175.442147284394 174.95543086164 178.652453654116 186.899162245006 196.706747229643 203.339035891621 203.665567812909 207.569358201549
268.263494045581 238.675843804749 229.210160433258 226.465433657419 222.805169498888 218.435316029609 210.478077478903 200.417142325875 199.456888630286 206.983505633499 212.095812475793 215.499280304755 221.330931127406 228.358838791782 -9999 -9999 225.093611482717 223.017299982759 221.135173410194 218.751386087938 217.028705823809 217.265227395343 220.415697473715 221.795715971181 219.77482062026 218.769242497913 216.07456518708 211.036135334616 205.03735747061 200.966845542526 203.295415752108 205.632718194184 204.757121452688 202.415006895029 202.124085990895 197.261936926338 191.101178652438 186.523110611468 180.598724640138 177.399827901893 179.372741918958 178.322363705005 176.43256732384 176.202793635903 177.686887551521 182.095722195025 196.472317430485 201.630325981305 201.299115442871 204.015500028815
264.83948949436 250.281170860723 237.523961141825 231.364292666598 226.608929043833 215.340037588268 203.622885370874 194.316295994747 193.381953202987 198.85848190214 200.85364550335 204.812970205351 219.665473728836 227.639428741268 226.543623418624 225.240067958659 223.658414171358 221.245626104684 220.313540776425 219.774569171367 217.963547054003 214.89733497614 213.627834327018 214.414265849132 217.832517607352 218.762780437956 219.82669708457 218.337927132776 213.865429502562 208.051550867629 204.691191778961 202.626560708485 203.023892789436 201.910017186055 198.997735826159 193.155031940565 185.567991344214 179.384488541102 175.947888707428 174.342044901007 176.825872505857 177.190936588582 176.71134378948 176.57589740323 176.125529579978 176.301642070755 189.172663366171 196.632017291315 203.191374673787 208.379574803369
270.941390732771 273.542118084957 270.229467231991 262.625325027672 247.082352778961 233.741114603432 216.199706528723 199.057374109023 200.071523726305 202.068985605976 205.528643563894 209.317978375666 213.142277769835 213.483831885136 208.301822882877 197.044224158514 195.513903085115 205.597950848311 213.799548957701 216.669071977177 218.12445177968 217.145983065113 213.801218193733 207.261646028749 204.606012876121 209.437773769001 213.733151253786 216.751842636622 217.741367565177 216.058928880336 211.701263860033 204.479764893144 199.93359509078 197.635064380125 192.478899644701 181.38055863715 178.364552541666 173.994300172359 173.535299720337 176.217099658694 177.729996392813 177.696567716031 178.481250931143 178.482227680751 182.309936445699 187.20268090341 202.407821195461 195.280317012782 190.100189423251 194.303190878611
278.633603272417 279.049382726031 276.766899995501 269.761912721089 256.191312480059 244.727450122207 224.110030299844 203.230442916501 202.260152654253 201.088645734946 203.05582892476 205.938467853466 202.442671276469 200.833879403008 199.646792451313 194.636777111303 191.304609277618 200.321065753062 213.720352999841 216.475162025066 215.535547898809 215.555639069607 215.514827753893 209.718305459457 199.256111511484 202.896375451565 206.789713566146 210.922718767977 213.096378314505 212.71963809933 211.826954517725 208.274317752393 205.803789135498 203.569250638511 197.176617068474 182.00340870834 180.846302749478 178.882343110214 176.669107733792 177.579279071495 180.581062043646 186.121161014823 187.592114387331 186.765466097795 197.625474765271 207.054315590828 219.284729411543 213.518482413021 205.707627706024 201.921543681034
283.884220703216 284.38545365277 282.263182888872 276.340307118528 266.246028382394 252.747483713744 231.695095509183 217.191811527056 212.846813129601 206.388303351598 204.772694951248 205.060357232873 198.73758007324 193.48014591771 194.187307564059 193.390127054897 191.69214601532 199.220700298807 210.935482733913 212.516410906088 212.02794802794 212.39327183216 215.067854005195 211.496577020166 194.689262964219 193.494332110189 197.799333288716 203.873150735654 207.443590128072 208.123637032554 208.741450917125 207.700800454442 206.253240985597 204.457506296353 199.787718388336 185.50825901394 179.737130419864 178.145100123769 179.609161049195 180.434307384995 189.048316599647 201.460749554677 198.643530268576 200.268947284785 215.138393784792 224.210191795729 235.162280463309 233.361801817155 227.036206364808 218.601512212785
288.631632954308 288.469612592306 283.603261905362 279.875305139244 275.683661810781 264.70074508283 249.990148568801 239.154845335494 231.704258767856 224.892333960548 218.23710445505 215.690388410046 216.012555966661 204.369835137115 197.634891418881 196.616996664539 196.097878757178 196.635564038403 199.624371169995 201.078689731337 205.895296687997 209.917887820468 210.484418036138 207.868556488678 194.696170763165 189.065511950589 190.510766675874 195.916281438679 202.689253817095 206.814686903142 205.893314616579 204.480771126146 202.252394226861 199.427997724025 197.517727338571 190.291839884778 188.459007764626 188.511840772446 186.566207555174 192.011780029627 206.365574618397 213.171901290043 200.612756780335 201.066714829812 217.452533252777 228.305851098931 244.564491431122 242.140495553021 237.827582849152 233.472449111213
290.987365242421 290.237515853971 282.461247797195 278.324704921525 278.192665713797 272.465418281285 264.3756143539 258.177394877453 251.603563176216 242.371119864896 233.720613023468 232.98754747587 232.533927124749 219.423781504133 211.277214808545 212.314919222706 211.800556642227 207.243672517503 204.446088899688 205.824054354881 207.988328256362 210.501477878479 207.229029413241 203.669753417068 194.290020595123 190.091570810668 190.124928147599 195.5911696832 205.764738762914 209.375595922611 205.959583345484 203.778182798593 203.250465946388 203.773013710623 204.019508175488 203.373086965304 208.795917521697 206.530464333193 195.715460350645 205.236882634399 221.560279934723 213.55304969836 197.741442165023 200.178630161241 218.160321007104 229.006244804007 248.388546209133 249.646164768239 244.757540901567 240.679584285814
290.878770187205 292.165863170106 285.425057359056 280.132611067027 278.887885971823 274.727556509923 270.128952112797 267.641861300694 262.475942111766 253.493333350402 247.003070518711 245.160978783494 238.952734344141 227.346330635153 223.724313183341 227.540000230242 227.676724083572 225.193859036999 223.978675193703 222.05734582628 218.34142546976 215.543359541533 209.264769248644 203.411287017001 196.545049046897 202.162063818691 204.675535061058 202.001486849364 210.9379987276 217.620127325109 214.988939377721 212.21634513181 214.616285633754 217.874983036346 220.089110671398 224.266874628613 226.428966775146 217.809692658376 209.76816499558 220.226612310099 227.471198967345 211.40716433629 205.08787961933 217.852631403808 230.188544070166 238.904268325411 249.245565230863 250.819751755847 247.990800912893 246.608618141995
290.208952856503 293.180833915808 288.861462614802 283.032009759782 278.861492775494 275.687600705686 273.372410111694 270.747642049058 266.147973992095 260.351020542855 255.099163152195 251.287433795593 243.768605849827 234.763798273483 230.814025715504 233.465071215761 236.045748990003 237.993931263666 239.137821098295 236.484855937253 233.566840390192 227.911354419881 219.179113304317 213.169741592328 210.856675852971 219.436910719205 221.711985263291 215.552468306841 220.537970029266 228.27820936216 228.416879850912 225.3422862742 225.02623056841 226.770185762758 231.238450344552 238.609877527844 238.35451977208 230.48806980949 229.037233269713 235.384412593466 230.575860988609 222.139197312875 225.98367628405 234.31651171584 240.155023814219 248.392044942784 255.913118589963 256.209814165364 255.511875784518 255.750887517174
285.659659068608 291.880396770096 288.614424688283 282.540049863001 275.216775160848 272.445595562874 270.314251661258 268.383293723587 266.277257729809 263.034456308879 257.585110543211 252.858711295029 247.395436950428 242.200993238984 238.250169924608 236.318693165645 235.112032196192 238.705699672555 246.046108787514 248.979348198672 248.131169747411 243.04830966441 235.935495599819 231.547166437732 226.878512445778 230.981791837562 235.415175382584 236.117978760663 235.594683195988 236.682489575987 236.457951046226 232.271362688933 228.061918358761 226.737944537087 229.545768223943 240.919664881415 245.852671782808 244.958353719856 244.405616008575 243.626281345079 238.909659682063 239.223294046196 243.444392082474 244.909555324228 249.081639477658 255.430138544183 262.51829461008 264.894063281586 262.401698690932 261.732161954924
278.390409412723 291.588155869217 288.311741386936 279.950524707718 272.320866531426 270.264686770505 268.321723017211 265.271983641337 265.081895355263 265.509378152815 261.797548885007 257.940475837238 254.595402486963 250.083668079183 244.134758966915 239.198511245607 235.474189210389 234.869619297528 239.708420841283 244.870532303576 250.28834538702 253.053163009916 250.378470301079 246.299587628877 236.525636807902 240.81339354186 246.136372503529 248.815331345458 247.484697143383 246.997922649415 247.377261924711 242.955773872337 237.050899088203 235.169015413185 230.779902773228 233.702426001399 245.65438862791 252.549219374976 253.467222520145 251.576563391273 250.782706278631 251.714319004107 253.116184758069 254.895815336424 256.936408767857 260.781699666381 265.154845230049 268.031606256478 264.285212225908 261.838154099242
277.052728423107 291.900477111781 286.325123806697 278.769682885577 275.021537526526 272.926307684458 271.803565231324 270.851658146552 272.280143128957 272.658735039402 269.839607971869 268.591445009629 264.971298726413 257.322619296081 250.243698232901 247.358991461642 245.471488483875 241.627881152573 237.281955725023 236.811207550964 241.802805936794 247.319369260351 253.491613382439 255.564786625009 249.610422460769 252.198395343754 253.772832563612 255.733765450971 257.290907490881 258.403199120097 258.866939239391 256.483478021084 251.46425946429 248.209767403434 241.616161689437 235.177749398689 246.446511718317 255.966146107341 258.485488571887 257.670371003506 257.89899499513 258.345293445239 259.160463980479 260.392232338797 261.470951198037 264.663063446826 269.427292693115 270.953224216782 270.011046748958 267.827236985957
284.0320419135 292.370056619365 288.186796529739 283.762390326436 281.532322091312 280.543928291657 280.426703384009 280.886923822964 282.797879921409 282.643952266401 280.238994160212 279.895455804691 274.339807106861 266.901823605367 262.422844383573 261.002777801105 257.467311845848 252.891205822222 248.389568041425 243.91336173339 241.67801204321 244.64782849995 253.56633725935 258.655538132782 259.71423215316 260.109278031694 260.412438779082 260.997402536706 261.77928546718 261.889891557871 260.062420155478 260.328915269837 261.264578878922 257.688518648869 254.965382848735 251.129538816753 254.636928229812 260.309440167222 -9999 260.66992452064 260.170192911253 260.792847483198 261.143803030559 263.960555085929 266.496569253398 267.976037062652 268.086089990952 270.515538184961 272.870525529653 275.252927159103
288.638335024148 289.024600831151 288.983883796065 288.093920124469 287.101162235631 287.360180855794 287.530731373336 287.718420377425 287.032060651443 285.72930455306 282.796221840077 278.813771962654 279.406644412337 276.665572613244 271.830612050249 267.312329333027 262.96614621694 259.673136513025 256.979481799533 251.421105091373 247.004753834058 248.998945120706 255.094685811215 259.216740205971 261.886605300752 262.123606579838 262.541423092343 262.756516404351 262.304100728576 260.953261822664 257.857547880143 257.568191575372 260.746201692455 261.113151429989 262.080638365477 263.022628839012 263.065027329261 264.596944698435 263.115141631342 262.156418306219 262.358495138342 262.664175371836 261.350212076869 264.127440812547 266.902858926999 266.173977402919 264.35749999873 268.248128843325 269.845864796065 271.484222586774
288.728566594391 275.689933691041 280.729610487164 284.497584255705 284.627386394625 284.559912071858 285.873878003999 285.184497413917 281.4990226216 276.684051443548 269.901379776129 264.283295992257 269.684939447039 272.695831075432 271.039776708326 269.221205924703 268.98070820621 266.564165992407 258.452410897231 251.815978876633 243.567850992025 239.315968304494 244.363475002418 249.679103315801 253.58803891567 257.470899585741 260.637597360181 262.437386616429 263.571589950524 262.620169413097 261.789110404567 261.284594838056 260.542754171333 259.804257949963 260.676229590538 263.977552560481 264.157680617941 265.314941665345 -9999 -9999 266.812739570994 266.555407649697 265.485131649186 263.774893525371 264.419382363598 265.822501351786 262.932963952144 264.444021269485 267.661131216152 267.030834749884
291.508247947939 278.228882908075 284.139756240565 287.453075891695 284.275845767964 281.58681263818 283.454260301119 284.114223877108 282.014618173919 277.94958413693 268.210366462596 262.927386368202 265.327839623178 265.588271014784 264.605252583232 263.170221036634 261.374468101314 259.972595336 256.018075826576 251.540207458121 244.944524394785 239.642420568047 239.652631128649 241.171750995441 244.659357409688 250.292997524179 256.460758116068 260.735455599042 262.40832080035 262.766262073342 262.671208587613 262.020614348325 261.700927863505 260.913188053638 259.973275581991 262.840893137759 262.202140043696 261.42641877782 263.415379279676 -9999 267.293733450278 267.901409983547 268.264771469516 267.228705138108 267.525941436513 269.882915464917 267.08112999942 268.199877530438 273.819831302387 275.065016698263
293.859406260089 285.831830984468 287.041737526131 288.454019930376 286.123761808141 284.687145742707 285.577359941723 284.79323706808 282.721357311553 279.727687064131 274.077531454628 269.051265764713 258.220693185707 257.145885258712 258.815216541298 254.534325905425 249.426854029116 246.560741785973 243.031299536309 240.953320323803 241.283350106126 240.063450030398 236.33950038933 235.648864304534 242.676066796116 245.866943179159 252.309422174153 259.245804976033 260.911312173904 262.037013633084 262.939061915519 262.515120957018 262.675136585971 261.053401850593 259.056648088946 261.824562887576 260.567805953355 260.110870041974 262.485897384888 264.615209553915 -9999 267.155041649284 266.542991872712 265.317542858593 265.771856054244 269.208711386432 273.722566847788 273.760313397367 276.267106362099 278.522069089287
292.821207843045 290.035511017924 285.698593231445 282.161008019481 282.510110915433 284.928539739825 285.971394447993 286.446277881568 284.071143942512 280.971081065455 280.853783895307 279.276306265073 262.383793052194 256.740502566104 257.483835655722 253.300577376382 248.986335735304 246.828638911921 239.107590693821 231.716388467175 229.006088470704 227.724590509963 224.591497744001 222.730682769591 236.193606765318 242.019049557376 249.868519702757 257.963645098831 261.283078907499 261.576196480085 262.069723830518 262.4859806149 263.247602171294 261.860669706733 260.684909490026 261.506183019242 259.641074200535 260.189563063136 262.037526503544 262.718788509992 -9999 -9999 -9999 260.938501522231 262.397349208663 266.896147868 272.940335101638 276.026619002718 275.663352997291 278.412931014752
