rcp4.5models/GFDL_CM3/sc1gr6.9
NCOLS 261 
NROWS 433 
XLLCORNER 336357.134 
YLLCORNER 654653.479 
CELLSIZE 1000 
NODATA_value -3.4e+38 
[rows 286 to 307 of 433, columns 196 to 244 of 261]
1246.63745117188 1255.52099609375 1288.19677734375 1304.22082519531 1281.47473144531 1286.365234375 1300.2841796875 1342.79272460938 1360.27868652344 1399.33508300781 1400.66394042969 1419.29602050781 1426.09765625 1409.87805175781 1363.5849609375 1370.66088867188 1377.87414550781 1378.42602539062 -3.4e+38 1450.99328613281 1489.96423339844 1438.84326171875 1434.88806152344 1428.77880859375 1421.66552734375 1426.01989746094 1433.48803710938 1441.12316894531 1442.66101074219 1433.68640136719 1441.80529785156 1450.62109375 1443.59228515625 1445.78271484375 1443.47021484375 1444.78784179688 1447.00463867188 1445.79870605469 1448.93371582031 1449.37170410156 1449.46411132812 1448.05004882812 1443.3857421875 1438.99731445312 1437.99255371094 1440.61889648438 1439.380859375 1435.07666015625 -3.4e+38
1229.67724609375 1238.46655273438 1257.04370117188 1264.57507324219 1270.943359375 1281.88342285156 1293.27941894531 1327.34240722656 1352.5068359375 1398.19177246094 1405.54211425781 1418.25805664062 1423.38891601562 1407.72229003906 1362.01538085938 1362.18151855469 1367.10034179688 1369.5419921875 -3.4e+38 1434.27465820312 1489.80932617188 1443.17846679688 1437.48413085938 1426.88049316406 1418.87280273438 1422.36462402344 1425.04125976562 1425.701171875 1433.619140625 1435.56274414062 -3.4e+38 1440.90014648438 1438.46008300781 1442.07739257812 1441.75903320312 1442.82568359375 1443.30139160156 1446.52087402344 1451.05004882812 1451.62963867188 1450.45336914062 1444.90002441406 1441.6767578125 1439.28991699219 1442.61352539062 1442.13793945312 1440.17883300781 -3.4e+38 -3.4e+38
1212.59094238281 1228.68627929688 1247.79016113281 1257.7294921875 1269.37646484375 1276.34252929688 1285.92431640625 1315.4638671875 1344.9873046875 1391.41906738281 1404.03381347656 1413.15014648438 1418.82214355469 1406.19055175781 1361.37243652344 1362.73059082031 1363.93005371094 1365.21240234375 -3.4e+38 1428.29968261719 1501.58264160156 1449.599609375 1430.11694335938 1423.6494140625 1424.20642089844 1425.85925292969 1422.59802246094 1419.39794921875 1423.21838378906 1433.9375 1430.99572753906 1432.07580566406 1434.18969726562 1437.58410644531 1439.10192871094 1441.29602050781 1445.029296875 1450.62390136719 1451.04516601562 1450.21228027344 1447.1298828125 1442.68872070312 1442.12109375 1440.9345703125 1446.84338378906 1448.60876464844 1444.51428222656 1436.35888671875 1433.82055664062
1204.85339355469 1217.49206542969 1234.90405273438 1249.46533203125 1266.07360839844 1266.67749023438 1278.11767578125 1308.70458984375 1332.77612304688 1360.67126464844 1383.16003417969 1405.2802734375 1413.64416503906 1402.36999511719 1352.35791015625 1355.6494140625 1362.15747070312 1367.42126464844 1378.09997558594 1431.837890625 1503.59509277344 1442.96899414062 -3.4e+38 -3.4e+38 1429.44982910156 -3.4e+38 -3.4e+38 1417.1240234375 1416.65869140625 1424.64440917969 1426.39318847656 1428.84106445312 1433.41247558594 1433.93493652344 1435.30322265625 1438.62854003906 1444.9404296875 1450.37475585938 1448.13061523438 1445.13989257812 1443.35302734375 1447.57580566406 1444.07470703125 1441.92102050781 1447.82592773438 1450.34838867188 1447.12438964844 1439.13757324219 1437.673828125
1187.978515625 1200.36401367188 1212.39172363281 1242.93920898438 1294.72314453125 1286.43115234375 1268.31762695312 1293.65209960938 1310.74877929688 1321.97204589844 1347.41613769531 1371.63562011719 1399.08203125 1405.73608398438 1370.79663085938 1338.64489746094 1344.392578125 1350.40209960938 -3.4e+38 1390.7880859375 1423.32629394531 -3.4e+38 -3.4e+38 -3.4e+38 -3.4e+38 -3.4e+38 -3.4e+38 1427.42199707031 1428.95239257812 1431.84191894531 1427.48681640625 1423.90209960938 1426.75158691406 1431.07800292969 1439.48962402344 1447.42260742188 1451.51013183594 1461.96398925781 1449.05578613281 1442.54675292969 1446.76147460938 1449.38269042969 1446.50817871094 1450.47143554688 1455.72692871094 1455.2294921875 1446.29907226562 1442.26843261719 1439.82312011719
1186.86608886719 1197.6826171875 1208.85046386719 1227.32836914062 1264.27709960938 1276.09106445312 1259.91735839844 1284.44165039062 1301.32861328125 1308.91833496094 1321.48559570312 1343.37707519531 1374.37780761719 1393.38195800781 1384.1103515625 1325.22509765625 1334.35278320312 1340.12548828125 -3.4e+38 -3.4e+38 -3.4e+38 -3.4e+38 -3.4e+38 -3.4e+38 -3.4e+38 -3.4e+38 -3.4e+38 1436.54248046875 1439.82727050781 1441.42614746094 1424.86975097656 1422.51293945312 1430.0146484375 1434.14453125 1442.7158203125 1451.63439941406 1455.22485351562 1460.26062011719 1449.23327636719 1441.91174316406 1449.78845214844 1454.10876464844 1454.34362792969 -3.4e+38 1450.97058105469 1447.142578125 1443.08703613281 1439.69592285156 1437.71374511719
1190.29162597656 1201.82287597656 1214.95642089844 1222.67395019531 1228.4560546875 1245.34387207031 1252.59497070312 1278.513671875 1287.35913085938 1297.88793945312 1308.54296875 1320.03820800781 1328.80407714844 1347.46423339844 1360.60656738281 1325.19494628906 1333.63330078125 1344.62268066406 1359.46069335938 1370.341796875 1374.78942871094 -3.4e+38 -3.4e+38 1403.17150878906 -3.4e+38 -3.4e+38 -3.4e+38 1428.07690429688 1430.39099121094 1432.98022460938 1417.66918945312 1418.6240234375 1430.63391113281 1438.02905273438 1442.98571777344 1452.60144042969 1451.47998046875 1448.68371582031 1439.86206054688 -3.4e+38 1448.43688964844 1454.96459960938 1451.42687988281 -3.4e+38 1449.00939941406 1443.98681640625 1442.04235839844 1437.857421875 1436.85876464844
1184.49230957031 1200.96765136719 1216.25280761719 1220.89782714844 1221.58203125 1234.40014648438 1246.06213378906 1273.50732421875 1279.8232421875 1289.234375 1297.0751953125 1303.49157714844 1304.59411621094 1325.73547363281 1347.28344726562 1340.23010253906 1340.65026855469 1344.78674316406 1355.55004882812 1363.96765136719 -3.4e+38 -3.4e+38 -3.4e+38 -3.4e+38 -3.4e+38 -3.4e+38 1415.85119628906 1430.08850097656 1425.97216796875 1429.20275878906 1411.17700195312 1414.85363769531 1428.67211914062 1443.33752441406 1448.98156738281 1462.67016601562 1438.46728515625 1436.4052734375 1434.44372558594 1437.80505371094 1447.45446777344 1451.79663085938 1446.62255859375 1444.74670410156 1449.94299316406 1444.01171875 1441.78369140625 1438.78747558594 1437.36242675781
1173.90307617188 1199.12353515625 1219.59313964844 1216.63330078125 1214.85717773438 1224.93286132812 1239.86694335938 1276.64050292969 1291.80212402344 1287.21228027344 1288.27392578125 1295.7802734375 1306.06555175781 1327.86218261719 1346.32458496094 1335.73010253906 1334.33862304688 1342.02990722656 1354.37670898438 1353.32556152344 -3.4e+38 -3.4e+38 -3.4e+38 -3.4e+38 -3.4e+38 -3.4e+38 1420.73327636719 1428.36938476562 1417.34460449219 1417.16979980469 1407.27490234375 1417.31970214844 1427.12048339844 1440.98217773438 1449.91723632812 -3.4e+38 1431.02307128906 1432.69909667969 1435.66491699219 1440.76794433594 1445.05493164062 1448.64221191406 1444.1435546875 1440.76831054688 1442.96862792969 1439.55151367188 1439.67346191406 1438.26806640625 1435.16687011719
1161.65185546875 1195.14147949219 1235.26611328125 1213.82922363281 1207.63781738281 1219.11352539062 1234.61352539062 1269.24731445312 1284.57287597656 1284.88928222656 1287.28430175781 1296.21118164062 1314.32116699219 1326.77966308594 1341.4833984375 1324.458984375 1331.35095214844 1339.99914550781 1352.77111816406 1348.81652832031 -3.4e+38 -3.4e+38 -3.4e+38 -3.4e+38 -3.4e+38 1413.44763183594 1425.95910644531 1422.52746582031 1407.45239257812 1400.94860839844 1410.52746582031 1419.99047851562 1431.61401367188 1437.88513183594 1436.07238769531 -3.4e+38 1432.40795898438 1431.05749511719 1437.42456054688 1441.27380371094 1440.91723632812 1439.56604003906 1435.79357910156 -3.4e+38 -3.4e+38 1433.55017089844 1434.47692871094 1431.68029785156 1429.75708007812
1150.36059570312 1175.01379394531 1209.94860839844 1196.18237304688 1199.00463867188 1213.64978027344 1232.251953125 1255.34533691406 1267.55517578125 1276.6943359375 1286.53125 1306.28173828125 1317.86462402344 1335.28381347656 1342.72790527344 1330.91027832031 1335.7119140625 1330.67028808594 1337.22229003906 -3.4e+38 1365.88916015625 1375.41455078125 -3.4e+38 -3.4e+38 -3.4e+38 1400.2685546875 1418.37353515625 1411.099609375 1398.42895507812 1392.02661132812 1411.05407714844 1423.13232421875 1436.52124023438 1433.9951171875 -3.4e+38 -3.4e+38 1433.35876464844 1434.13757324219 1435.26708984375 1440.54077148438 1437.3701171875 1431.41784667969 -3.4e+38 1430.12805175781 -3.4e+38 1427.90026855469 1428.85473632812 1427.185546875 1426.58850097656
1142.17102050781 1155.65515136719 1172.20336914062 1182.15197753906 1192.75939941406 1209.54248046875 1229.71728515625 1254.25378417969 1265.07556152344 1269.20080566406 1282.67858886719 1310.05444335938 1306.19750976562 1330.41149902344 1350.23059082031 1343.46179199219 1331.00036621094 1327.70727539062 1326.62194824219 1342.95080566406 1368.47595214844 1370.07543945312 -3.4e+38 1380.43737792969 1390.943359375 1401.626953125 1432.45715332031 1439.27514648438 1398.265625 1386.38806152344 1406.8603515625 1419.83679199219 1427.8671875 1431.28918457031 1446.69946289062 1437.53979492188 1434.82263183594 1434.20434570312 1431.59851074219 1437.23718261719 1432.61779785156 1431.34814453125 1430.30786132812 -3.4e+38 -3.4e+38 1427.08422851562 1425.66638183594 1427.90002441406 1427.59606933594
1137.44689941406 1150.48156738281 1163.83251953125 1178.32788085938 1187.59375 1205.06518554688 1224.76818847656 1250.93981933594 1257.3916015625 1267.5712890625 1290.11462402344 1294.39782714844 1292.14221191406 1324.04113769531 1348.96704101562 1334.56079101562 1318.48095703125 1319.81140136719 1333.82470703125 1348.29577636719 1365.37316894531 1369.42065429688 -3.4e+38 1398.21240234375 1419.5830078125 1402.3017578125 1421.28796386719 1433.91809082031 1398.8759765625 1384.88049316406 1405.36560058594 1414.54516601562 1418.06127929688 1432.15869140625 1449.27355957031 1437.99877929688 1437.72692871094 1431.81298828125 1432.02661132812 1432.95263671875 1430.6787109375 1431.68493652344 1428.04309082031 -3.4e+38 -3.4e+38 1429.84265136719 1426.0048828125 1430.68676757812 1427.01940917969
1140.27209472656 1150.04406738281 1159.23693847656 1172.51293945312 1184.19885253906 1200.75048828125 1220.42614746094 1240.11938476562 1248.40625 1272.98022460938 1314.38513183594 1295.83447265625 1286.85083007812 1320.12353515625 1332.51281738281 1313.10461425781 1300.70935058594 1302.67785644531 1340.09741210938 1363.86340332031 1367.33850097656 1374.93029785156 1378.31591796875 1426.36828613281 1441.95947265625 1395.23120117188 1388.87768554688 1397.36340332031 -3.4e+38 1385.77331542969 1411.39111328125 1412.59606933594 1417.22192382812 1424.98779296875 1434.02404785156 1441.35607910156 1458.68688964844 1451.02917480469 1431.89733886719 1428.21704101562 1430.5947265625 1428.10705566406 1424.74926757812 1426.47216796875 1427.09985351562 1428.68688964844 1425.24645996094 1425.3037109375 1421.43798828125
1178.04699707031 1146.86450195312 1152.384765625 1167.26831054688 1182.93212890625 1196.74230957031 1215.12036132812 1233.60900878906 1253.46142578125 1288.8740234375 1327.1171875 1308.50537109375 1288.35498046875 1285.74108886719 1299.8916015625 1291.99255371094 1287.01513671875 1300.5205078125 1342.32666015625 1394.83544921875 1389.28979492188 1367.90246582031 1380.92919921875 1444.96301269531 1441.17004394531 1391.57153320312 -3.4e+38 -3.4e+38 -3.4e+38 1385.58264160156 1412.56286621094 1418.92211914062 1436.63427734375 1421.64270019531 1433.79235839844 1449.18212890625 1472.60949707031 1485.75305175781 1455.28930664062 1426.69982910156 1429.89953613281 1422.67749023438 1420.85607910156 1424.65405273438 1426.06335449219 1423.01440429688 1420.79248046875 1416.70141601562 1416.99975585938
1122.94689941406 1136.88439941406 1147.7548828125 1165.85571289062 1190.55639648438 1208.60656738281 1212.60876464844 1221.90026855469 1231.63696289062 1252.72875976562 1261.74011230469 1261.69458007812 1247.75048828125 1250.60363769531 1254.50598144531 1268.5146484375 1295.77514648438 1314.76025390625 1345.17053222656 1398.55700683594 1396.26745605469 1376.568359375 1377.28735351562 1425.25610351562 1426.65759277344 1405.091796875 -3.4e+38 -3.4e+38 1376.47570800781 1392.083984375 1405.369140625 1409.20471191406 1412.86950683594 1418.30981445312 1422.98681640625 1427.73181152344 1435.1650390625 1448.06945800781 1460.28149414062 1414.95153808594 1413.92297363281 1407.31591796875 1408.2802734375 1409.87170410156 1412.60290527344 1414.93090820312 1415.39221191406 1425.74438476562 1423.37841796875
1119.6875 1146.53698730469 1170.51208496094 1201.34252929688 1210.02880859375 1221.76928710938 1214.279296875 1216.96948242188 1205.85827636719 1222.62768554688 1243.0166015625 1240.10778808594 1236.1748046875 1242.029296875 1247.79211425781 1264.00207519531 1288.24755859375 1302.13537597656 1330.40185546875 1378.01879882812 1392.51403808594 1396.91333007812 1397.55981445312 1420.53869628906 1423.30859375 1412.28039550781 -3.4e+38 1356.84240722656 1373.32067871094 1388.51477050781 1409.3427734375 1415.12023925781 1421.03393554688 1422.51586914062 1414.17517089844 1412.98828125 1415.09191894531 1426.68969726562 1440.88427734375 1404.90942382812 1402.94702148438 1405.01293945312 1407.49353027344 1409.09985351562 1408.49780273438 1410.92687988281 1430.42980957031 1431.916015625 1417.51831054688
1125.51599121094 1165.48486328125 1201.45837402344 1217.91271972656 1214.2119140625 1223.48046875 1218.65966796875 1213.3994140625 1198.82751464844 1209.89624023438 1226.75671386719 1224.83361816406 1225.82788085938 1236.3291015625 1246.23974609375 1257.45092773438 1275.28210449219 1296.18212890625 1302.10681152344 1336.93774414062 1363.61401367188 1399.38037109375 1405.50524902344 1413.99340820312 1407.41918945312 1374.67785644531 1345.23229980469 1349.21655273438 1364.57482910156 1375.39624023438 1404.13452148438 1412.78698730469 1416.85559082031 1421.93737792969 1428.80456542969 1411.29797363281 -3.4e+38 1410.34155273438 1420.24291992188 1395.7392578125 1396.37048339844 1404.92565917969 1405.21081542969 1405.62915039062 1405.2275390625 1407.06909179688 1424.73229980469 1416.7119140625 1407.70703125
1131.92749023438 1198.0166015625 1232.66711425781 1219.04162597656 1210.85913085938 1210.45104980469 1212.70849609375 1190.71252441406 1189.54150390625 1198.58349609375 1208.55615234375 1216.19152832031 1223.70556640625 1235.4912109375 1244.32641601562 1252.99072265625 1270.42993164062 1291.66467285156 1288.32885742188 1307.70617675781 1346.39489746094 1392.01489257812 1392.69470214844 1377.31286621094 1359.69323730469 1335.15734863281 1334.05358886719 1345.72265625 1358.09582519531 1365.26721191406 1388.86987304688 1393.04479980469 1396.98583984375 1411.05529785156 1435.20971679688 1405.97595214844 1407.84191894531 -3.4e+38 -3.4e+38 1399.62097167969 1393.47839355469 1404.0927734375 1402.77392578125 1405.962890625 1413.3564453125 1406.67004394531 1407.25463867188 1404.19506835938 1403.81555175781
1128.94372558594 1190.26953125 1204.92712402344 1225.98132324219 1201.54833984375 1185.89721679688 1192.4375 1174.07043457031 1186.23266601562 1192.80554199219 1197.71081542969 1209.83764648438 1225.71020507812 1245.3759765625 1246.08862304688 1260.74340820312 1264.03662109375 1282.84057617188 1283.25903320312 1297.63830566406 1338.08923339844 1383.30456542969 1373.32104492188 1337.8173828125 1325.37023925781 1327.22985839844 1342.19445800781 1345.5830078125 1356.08337402344 1364.00622558594 1378.36120605469 1377.67211914062 1380.98901367188 1390.16772460938 1402.32238769531 1387.32958984375 -3.4e+38 -3.4e+38 1397.07092285156 1410.37561035156 1391.83312988281 1402.43322753906 1402.12170410156 1406.2080078125 1415.76245117188 1402.70776367188 1400.30859375 1400.98461914062 1405.59533691406
1114.26013183594 1142.76770019531 1160.36328125 1228.75598144531 1201.73864746094 1169.53552246094 1172.37976074219 1172.32849121094 1185.693359375 1189.00756835938 1191.30297851562 1205.13244628906 1225.5146484375 1259.0751953125 1273.16442871094 1288.47985839844 1278.53674316406 1293.63061523438 1281.71691894531 1289.95031738281 1319.69165039062 1368.19030761719 1352.99072265625 1319.47912597656 1314.48767089844 1327.97436523438 1353.87145996094 1339.81726074219 1353.21337890625 1362.94287109375 1374.57629394531 1375.00427246094 1376.70336914062 1377.61364746094 1376.48986816406 1376.68017578125 1385.49499511719 1392.40832519531 1393.28405761719 1399.49584960938 1390.90161132812 1403.05383300781 1402.48266601562 1401.01110839844 1403.56420898438 1395.80871582031 1395.13818359375 1398.11059570312 1400.46899414062
1102.68579101562 1128.37329101562 1184.52575683594 1236.50231933594 1221.46533203125 1173.38830566406 1152.72155761719 1174.16284179688 1176.8134765625 1181.53076171875 1191.03125 1199.71691894531 1221.04577636719 1263.70031738281 1300.51586914062 1311.20874023438 1309.28210449219 1314.69787597656 1286.08508300781 1288.99963378906 1302.95812988281 1330.58129882812 1326.10864257812 1308.58093261719 1305.76306152344 1330.49963378906 1371.55236816406 1358.08386230469 1347.38647460938 1358.41931152344 1369.67419433594 1374.38745117188 1376.181640625 1375.88818359375 1378.94445800781 1375.57763671875 1382.78076171875 1390.18701171875 1383.18359375 1382.69055175781 1384.73620605469 1404.11669921875 1405.17932128906 1395.921875 1396.16979980469 1391.93725585938 1391.53552246094 1392.10766601562 1393.21459960938
