rcp4.5models/GFDL_CM3/sc1gr10.36
NCOLS 261 
NROWS 433 
XLLCORNER 336357.134 
YLLCORNER 654653.479 
CELLSIZE 1000 
NODATA_value -3.4e+38 
[rows 374 to 395 of 433, columns 49 to 97 of 261]
-3.4e+38 -3.4e+38 -3.4e+38 1289.77746582031 1299.13549804688 1307.61828613281 1317.40466308594 1337.25341796875 1349.49328613281 1357.92614746094 1366.62280273438 1376.2392578125 1383.35119628906 1386.77844238281 1404.072265625 1413.74499511719 1433.76171875 1454.03979492188 1465.19921875 1521.34252929688 1545.16284179688 1520.21728515625 1506.38403320312 1529.787109375 1525.84362792969 1504.17810058594 1498.35095214844 1503.06726074219 1556.314453125 1661.32629394531 1675.58984375 1623.87097167969 1563.79064941406 1548.2587890625 1554.12072753906 1575.45825195312 1603.431640625 1624.4765625 1620.14465332031 1615.12756347656 1643.76403808594 1448.54467773438 1636.59143066406 1532.30151367188 1388.73596191406 1399.31628417969 1398.66857910156 1410.5244140625 1406.87561035156
-3.4e+38 -3.4e+38 -3.4e+38 1285.20678710938 1294.11352539062 1302.96325683594 1311.953125 1330.462890625 1341.21301269531 1347.49133300781 1356.98767089844 1368.54736328125 1372.60473632812 1378.94665527344 1396.52307128906 1403.91784667969 1413.80065917969 1447.97546386719 1447.9619140625 1494.33520507812 1507.57214355469 1490.01220703125 1521.54650878906 1555.3037109375 1526.03295898438 1498.42822265625 1491.55285644531 1495.47583007812 1511.31298828125 1657.21643066406 1649.31591796875 1624.26586914062 1582.45959472656 1548.29870605469 1541.4169921875 1562.11181640625 1588.72399902344 1631.716796875 1634.07763671875 1617.75720214844 1637.17443847656 1521.67248535156 1525.37231445312 1443.24108886719 1388.26123046875 1400.92297363281 1399.86206054688 1409.59619140625 1407.32971191406
-3.4e+38 -3.4e+38 -3.4e+38 1281.87145996094 1288.45947265625 1298.03784179688 1306.76623535156 1322.64428710938 1332.32995605469 1339.03942871094 1350.21166992188 1358.2060546875 1363.65905761719 1375.53173828125 1394.62939453125 1416.76501464844 1433.40112304688 1455.19860839844 1498.86340332031 1479.53857421875 1498.91711425781 1503.31823730469 1537.20910644531 1567.11401367188 1515.66516113281 1491.71765136719 1489.83129882812 1486.32214355469 1493.98901367188 1609.92785644531 1624.71850585938 1620.22375488281 1580.82421875 1537.3427734375 1546.27661132812 1569.49780273438 1576.13623046875 1604.65563964844 1620.28479003906 1614.85192871094 1622.78039550781 1491.94067382812 1366.51220703125 1374.86206054688 1381.88635253906 1398.94775390625 1404.81225585938 1403.1455078125 1399.4560546875
-3.4e+38 -3.4e+38 -3.4e+38 -3.4e+38 1285.19262695312 1294.05041503906 1302.27001953125 1316.12927246094 1324.849609375 1332.20935058594 1345.998046875 1352.07543945312 1356.42138671875 1370.45629882812 1386.73303222656 1424.86254882812 1442.40087890625 1457.68627929688 1493.89685058594 1496.26025390625 1517.58239746094 1512.01733398438 1531.86242675781 1567.1298828125 1533.20422363281 1493.19128417969 1483.44897460938 1478.57873535156 1484.95397949219 1529.28564453125 1552.44482421875 1564.80822753906 1550.81579589844 1534.33032226562 1553.44226074219 1556.49194335938 1558.86645507812 1579.05078125 1606.02026367188 1607.02282714844 1601.93811035156 1554.37744140625 1516.91613769531 1434.85681152344 1370.79309082031 1391.62646484375 1394.5224609375 1396.11499023438 1406.234375
-3.4e+38 -3.4e+38 -3.4e+38 -3.4e+38 1280.3828125 1288.42810058594 1295.91809082031 -3.4e+38 1317.91857910156 -3.4e+38 -3.4e+38 1344.11364746094 1351.66674804688 1363.7998046875 1375.32482910156 1398.13696289062 1418.86364746094 1431.00646972656 1440.76831054688 1505.04455566406 1542.08166503906 1509.51330566406 1488.61145019531 1531.49584960938 1526.40148925781 1484.92114257812 1474.36120605469 1471.39575195312 1473.66809082031 1485.11242675781 1487.28393554688 1534.01818847656 1542.30505371094 1528.03771972656 1538.71374511719 1546.23156738281 1546.89318847656 1563.85485839844 1596.65417480469 1614.466796875 1601.83703613281 1605.86083984375 1540.19958496094 1399.73950195312 1361.56665039062 1381.77734375 1377.36584472656 1388.02331542969 1397.43041992188
-3.4e+38 -3.4e+38 -3.4e+38 -3.4e+38 1272.6259765625 1280.64538574219 -3.4e+38 1304.72961425781 1311.15832519531 1320.61596679688 1328.744140625 1336.11010742188 1345.99206542969 1355.55090332031 1366.96618652344 1374.00952148438 1387.955078125 1408.35144042969 1421.40551757812 1484.12976074219 1523.01000976562 1519.04870605469 1484.11254882812 1476.09948730469 1490.05139160156 1477.6640625 1465.95202636719 1460.857421875 1461.95910644531 1477.79919433594 1487.779296875 1542.3408203125 1580.85559082031 1557.78942871094 1541.25695800781 1540.71459960938 1533.96716308594 1542.18615722656 1568.79528808594 1598.6298828125 1595.76611328125 1601.76232910156 1461.640625 1437.64196777344 1516.02307128906 1501.38781738281 1418.37951660156 1367.79736328125 1388.77905273438
-3.4e+38 -3.4e+38 -3.4e+38 -3.4e+38 -3.4e+38 1274.26867675781 1281.05639648438 -3.4e+38 1309.69189453125 1318.92358398438 1324.44958496094 1330.4326171875 1339.18701171875 1346.99060058594 1356.87512207031 1362.98596191406 1369.34313964844 1389.05322265625 1433.28625488281 1459.27844238281 1498.59826660156 1535.1298828125 1523.47351074219 1473.958984375 1455.58190917969 1452.67333984375 1451.15502929688 1449.67236328125 1453.65173339844 1471.30737304688 1495.42272949219 1528.83471679688 1587.04077148438 1594.3935546875 1558.84509277344 1555.1904296875 1544.69140625 1533.61950683594 1542.60607910156 1562.70935058594 1579.68127441406 1569.21801757812 1538.46960449219 1490.58728027344 1543.74987792969 1578.32250976562 1495.8115234375 1382.60302734375 1358.47058105469
-3.4e+38 -3.4e+38 -3.4e+38 -3.4e+38 -3.4e+38 1273.4033203125 1277.119140625 1293.5771484375 1302.86730957031 1312.43481445312 1320.64562988281 1326.78869628906 1332.35363769531 1341.58349609375 1351.32263183594 1356.62280273438 1362.96057128906 1383.48510742188 1447.78723144531 1479.43688964844 1512.30554199219 1538.89392089844 1530.38269042969 1504.29223632812 1452.64025878906 1436.44372558594 1444.74206542969 1443.86730957031 1446.61206054688 1468.21203613281 1491.21337890625 1520.00378417969 1545.00964355469 1577.90075683594 1550.5458984375 1561.92065429688 1547.509765625 1517.56994628906 1516.87145996094 1542.47143554688 1577.42700195312 1557.25634765625 1572.82836914062 1505.44848632812 1498.76977539062 1539.97802734375 1524.41552734375 1400.54260253906 1307.89868164062
-3.4e+38 -3.4e+38 -3.4e+38 -3.4e+38 -3.4e+38 1266.18383789062 1276.53881835938 1289.96105957031 1295.55505371094 1305.23181152344 1316.66284179688 1321.33483886719 1327.54809570312 1335.38586425781 1346.07104492188 1352.72570800781 1359.16577148438 1372.46691894531 1437.43908691406 1481.26574707031 1511.07873535156 1517.89685058594 1499.8759765625 1493.21862792969 1455.99853515625 1434.17419433594 1436.04479980469 1438.09582519531 1440.54296875 1455.7666015625 1491.85437011719 1525.49731445312 1530.59057617188 1562.12048339844 1535.85607910156 1556.00134277344 1542.50805664062 1500.47973632812 1495.58520507812 1533.87048339844 1571.92883300781 1557.00048828125 1531.53295898438 1530.72216796875 1526.06311035156 1521.76135253906 1524.74914550781 1465.646484375 1336.17492675781
-3.4e+38 -3.4e+38 -3.4e+38 -3.4e+38 -3.4e+38 -3.4e+38 1267.24975585938 1282.01928710938 1286.37719726562 1297.35217285156 1305.95385742188 1309.01159667969 1315.86950683594 1323.3349609375 1333.70397949219 1339.30834960938 1345.42211914062 1350.60241699219 1361.37170410156 1370.63977050781 1376.79736328125 1383.45861816406 1418.45166015625 1444.93212890625 1437.88354492188 1418.41284179688 1410.16491699219 1414.61340332031 1420.34545898438 1430.32434082031 1491.44250488281 1509.35766601562 1504.6875 1536.689453125 1534.10217285156 1544.32934570312 1553.01696777344 1520.73022460938 1483.85974121094 1474.29663085938 1498.52905273438 1519.69995117188 1513.10815429688 1426.98986816406 1375.81970214844 1366.71569824219 1341.87548828125 1438.24243164062 1339.8125
-3.4e+38 -3.4e+38 -3.4e+38 -3.4e+38 -3.4e+38 -3.4e+38 1261.99304199219 1276.64147949219 1282.06677246094 1291.99572753906 1296.59643554688 1303.45153808594 1312.00268554688 1320.85217285156 1328.91870117188 1339.89794921875 1342.23815917969 1346.97058105469 1352.39111328125 1364.1533203125 1370.95788574219 1378.76232910156 1390.20568847656 1399.83544921875 1403.12854003906 1401.45751953125 1400.70373535156 1403.72912597656 1412.52514648438 1418.19921875 1456.70361328125 1476.76245117188 1489.38159179688 1539.89904785156 1544.552734375 1533.09411621094 1460.59655761719 1466.79333496094 1504.54992675781 1481.91650390625 1471.79565429688 1520.77038574219 1519.28479003906 1494.37414550781 1513.92944335938 1422.99536132812 1354.30859375 1358.67077636719 1348.38159179688
-3.4e+38 -3.4e+38 -3.4e+38 -3.4e+38 -3.4e+38 -3.4e+38 -3.4e+38 1266.57421875 1274.94653320312 1285.55700683594 1292.12780761719 1299.85278320312 1307.47973632812 1316.61547851562 1321.73706054688 1330.46728515625 1338.54357910156 1341.72424316406 1344.61633300781 1356.17492675781 1373.30786132812 1385.24572753906 1385.97143554688 1384.92248535156 1412.48571777344 1427.27722167969 1415.52770996094 1403.89965820312 1404.52392578125 1411.37048339844 1438.3681640625 1485.93566894531 1504.35217285156 1536.0712890625 1557.18664550781 1544.58544921875 1486.97375488281 1482.83239746094 1513.06982421875 1496.11157226562 1469.34838867188 1489.80041503906 1512.65954589844 1519.85668945312 1522.52026367188 1335.67407226562 1381.83837890625 1356.24975585938 1269.87390136719
-3.4e+38 -3.4e+38 -3.4e+38 -3.4e+38 -3.4e+38 -3.4e+38 -3.4e+38 1260.49279785156 1269.15856933594 1276.05419921875 1283.61352539062 1293.30187988281 1300.86853027344 1308.78894042969 1314.92932128906 1320.90454101562 1329.865234375 1334.16174316406 1338.00854492188 1349.60095214844 1365.8583984375 1380.97729492188 1391.03857421875 1384.85327148438 1409.32897949219 1417.20092773438 1407.20666503906 1400.28393554688 1395.55749511719 1403.91369628906 1421.341796875 1473.78283691406 1501.07055664062 1498.78601074219 1531.61157226562 1562.59497070312 1578.80310058594 1547.01281738281 1512.1640625 1495.16088867188 1476.49694824219 1455.51892089844 1486.85986328125 1526.81030273438 1535.5537109375 1340.08850097656 1374.26501464844 1363.36413574219 1237.16259765625
-3.4e+38 -3.4e+38 -3.4e+38 -3.4e+38 -3.4e+38 -3.4e+38 -3.4e+38 1254.3408203125 1260.36047363281 1267.42834472656 1273.93994140625 1283.95544433594 1291.00988769531 1297.53942871094 1306.14379882812 1312.58020019531 1321.57824707031 1328.63256835938 1331.0712890625 1341.69616699219 1351.11303710938 1364.2197265625 1380.53918457031 1388.51293945312 1386.77600097656 1402.34448242188 1423.14282226562 1412.84826660156 1391.58081054688 1396.07153320312 1398.99450683594 1419.35668945312 1457.05688476562 1467.91955566406 1513.23876953125 1557.85021972656 1575.02783203125 1574.81689453125 1522.89526367188 1472.98974609375 1474.23840332031 1460.48034667969 1468.20007324219 1509.95300292969 1533.38891601562 1450.2841796875 1458.62451171875 1364.27600097656 1263.06408691406
-3.4e+38 -3.4e+38 -3.4e+38 -3.4e+38 -3.4e+38 -3.4e+38 -3.4e+38 1244.99523925781 1252.36291503906 1260.91052246094 1265.88012695312 1271.67102050781 1278.96520996094 1284.61865234375 1295.01953125 1301.91076660156 1311.91748046875 1321.01599121094 1326.83020019531 1330.98876953125 1339.01147460938 1348.52697753906 1357.755859375 1393.80944824219 1388.44409179688 1399.46313476562 1428.96545410156 1406.73364257812 1382.2890625 1399.73010253906 1392.0224609375 1399.24108886719 1450.40734863281 1482.14196777344 1500.14318847656 1527.72192382812 1546.12878417969 1561.08618164062 1498.94616699219 1441.54296875 1462.41430664062 1483.22180175781 1457.22705078125 1495.62255859375 1537.4150390625 1548.22314453125 1441.88354492188 1378.41943359375 1325.72045898438
-3.4e+38 -3.4e+38 -3.4e+38 -3.4e+38 -3.4e+38 -3.4e+38 -3.4e+38 -3.4e+38 1246.08911132812 1252.13549804688 1258.49304199219 -3.4e+38 1270.15344238281 1274.79382324219 1282.97485351562 1291.16442871094 1301.59643554688 1311.50903320312 1322.16369628906 1321.34301757812 1328.19018554688 1336.78210449219 1343.16796875 1397.72351074219 1408.96740722656 1396.52954101562 1405.50402832031 1387.73071289062 1372.419921875 1406.68237304688 1382.74072265625 1406.53161621094 1466.31872558594 1500.90783691406 1495.87609863281 1502.22265625 1512.73229980469 1516.65698242188 1460.05395507812 1420.66235351562 1453.27795410156 1515.40368652344 1473.41833496094 1462.10180664062 1513.728515625 1457.88525390625 1284.94860839844 1385.61706542969 1363.96435546875
-3.4e+38 -3.4e+38 -3.4e+38 -3.4e+38 -3.4e+38 -3.4e+38 -3.4e+38 -3.4e+38 1238.35278320312 1243.734375 -3.4e+38 1256.33764648438 1264.53369140625 1272.12817382812 1276.4287109375 1283.20788574219 1293.03527832031 1303.35388183594 1314.05676269531 1316.1640625 1319.03271484375 1326.09655761719 1334.44030761719 1369.67834472656 1387.36364746094 1385.28845214844 1380.171875 1369.37121582031 1364.18737792969 1386.86047363281 1371.94287109375 1401.14929199219 1446.44470214844 1481.66577148438 1475.46984863281 1480.8349609375 1499.87280273438 1499.86853027344 1443.25427246094 1406.30126953125 1434.71716308594 1503.35083007812 1507.81921386719 1460.67590332031 1476.17016601562 1348.2666015625 1304.896484375 1451.19030761719 1429.63598632812
-3.4e+38 -3.4e+38 -3.4e+38 -3.4e+38 -3.4e+38 -3.4e+38 -3.4e+38 -3.4e+38 1231.66796875 1237.54650878906 1243.498046875 1249.50268554688 1257.08056640625 1267.14672851562 1272.88720703125 1280.00939941406 1288.45349121094 1296.62744140625 1309.34948730469 1315.15100097656 1316.31030273438 1319.23071289062 1323.61071777344 1332.3046875 1358.50598144531 1378.10314941406 1375.24328613281 1372.05969238281 1361.17724609375 1368.35095214844 1366.3134765625 1382.1396484375 1399.77624511719 1439.20532226562 1453.001953125 1459.08361816406 1481.79235839844 1489.09106445312 1434.85778808594 1397.98510742188 1411.57897949219 1478.69323730469 1512.984375 1494.61010742188 1470.06115722656 1404.84289550781 1443.6572265625 1410.51611328125 1420.1259765625
-3.4e+38 -3.4e+38 -3.4e+38 -3.4e+38 -3.4e+38 -3.4e+38 -3.4e+38 -3.4e+38 1223.49597167969 1229.44006347656 1235.24426269531 1240.67785644531 1248.76440429688 1258.04760742188 1266.93041992188 1273.37390136719 1278.70568847656 1287.56115722656 1302.73083496094 1310.03637695312 1311.17578125 1311.62573242188 1315.22717285156 1320.15551757812 1337.54553222656 1370.69165039062 1378.93432617188 1381.63525390625 1360.84851074219 1368.90502929688 1367.06201171875 1362.85400390625 1364.91369628906 1401.13903808594 1440.521484375 1450.01000976562 1468.31311035156 1492.26135253906 1443.05712890625 1395.32666015625 1404.16101074219 1487.28527832031 1501.6015625 1418.91284179688 1427.02575683594 1470.6220703125 1458.53076171875 1281.77514648438 1324.80895996094
-3.4e+38 -3.4e+38 -3.4e+38 -3.4e+38 -3.4e+38 -3.4e+38 -3.4e+38 -3.4e+38 1214.32409667969 1219.81945800781 1226.60986328125 1235.21801757812 1243.9140625 1250.9443359375 1258.17199707031 1262.35961914062 1268.53820800781 1277.94445800781 1293.47082519531 1299.0009765625 1301.16125488281 1310.43005371094 1314.50402832031 1313.74597167969 1323.1748046875 1348.43273925781 1366.88330078125 1379.61047363281 1368.82800292969 1357.00805664062 1355.63842773438 1352.27355957031 1353.74279785156 1371.47839355469 1397.63317871094 1418.78930664062 1452.89855957031 1475.11950683594 1428.58435058594 1384.91186523438 1422.58581542969 1488.84741210938 1510.32482910156 1353.80395507812 1394.72827148438 1496.74499511719 1440.65783691406 1344.08471679688 1375.32214355469
-3.4e+38 -3.4e+38 -3.4e+38 -3.4e+38 -3.4e+38 -3.4e+38 -3.4e+38 -3.4e+38 1206.21301269531 1213.41772460938 1221.58312988281 1230.07409667969 1236.13208007812 1241.58044433594 1247.68908691406 1255.20166015625 1263.76098632812 1269.89465332031 1284.69677734375 1289.60546875 1296.86474609375 1320.13073730469 1315.29577636719 1304.20617675781 1335.80517578125 1364.42260742188 1369.7724609375 1375.87890625 1369.60302734375 1339.9970703125 1347.75451660156 1348.12768554688 1352.53100585938 1356.05493164062 1361.61242675781 1373.51525878906 1417.81811523438 1462.23828125 1449.37268066406 1400.8125 1427.64367675781 1427.82495117188 1509.22570800781 1442.7607421875 1459.49914550781 1510.97473144531 1456.90832519531 1422.32019042969 1423.74780273438
-3.4e+38 -3.4e+38 -3.4e+38 -3.4e+38 -3.4e+38 -3.4e+38 -3.4e+38 -3.4e+38 1192.83569335938 1201.0126953125 1206.15637207031 1209.62023925781 1213.54516601562 1222.71826171875 1233.99011230469 1239.87072753906 1243.43725585938 1249.10522460938 1265.47106933594 1271.63452148438 1277.00817871094 1288.38781738281 1315.09521484375 1320.85107421875 1301.40087890625 1311.31140136719 1340.33850097656 1351.70178222656 1348.65600585938 1330.26110839844 1327.50170898438 1326.16674804688 1328.32495117188 1335.72094726562 1343.04797363281 1348.60888671875 1345.73791503906 1371.76025390625 1440.79943847656 1404.40490722656 1359.46496582031 1378.77697753906 1404.40881347656 1468.89514160156 1473.7958984375 1478.75231933594 1389.99963378906 1294.17224121094 1366.45129394531
