rcp4.5models/GFDL_CM3/sc1gr3.33
NCOLS 261 
NROWS 433 
XLLCORNER 336357.134 
YLLCORNER 654653.479 
CELLSIZE 1000 
NODATA_value -3.4e+38 
[rows 154 to 175 of 433, columns 147 to 195 of 261]
268.766510009766 268.719604492188 268.64599609375 268.888397216797 268.248992919922 267.885498046875 267.502777099609 266.890045166016 267.235076904297 267.877502441406 267.853424072266 267.653564453125 268.373168945312 267.9140625 266.263122558594 267.195465087891 268.51025390625 268.332702636719 268.095642089844 270.338714599609 -3.4e+38 269.250274658203 272.503356933594 272.673675537109 273.053253173828 273.107299804688 272.875305175781 272.820373535156 273.047271728516 273.459289550781 273.333648681641 273.095306396484 273.121643066406 273.188415527344 273.804992675781 273.86962890625 273.901947021484 273.899139404297 273.804840087891 273.796966552734 -3.4e+38 273.873626708984 273.797912597656 273.772308349609 273.794342041016 273.796325683594 273.712005615234 273.392059326172 273.195159912109
268.814758300781 268.574676513672 268.290679931641 268.459075927734 268.198089599609 267.918579101562 267.550811767578 266.979858398438 -3.4e+38 267.764007568359 267.300628662109 267.930511474609 268.886260986328 268.329315185547 267.075378417969 268.278045654297 268.868988037109 268.832641601562 -3.4e+38 270.001922607422 268.947021484375 270.072204589844 272.511322021484 272.902984619141 272.9951171875 273.055725097656 272.9833984375 272.819976806641 272.910278320312 273.1044921875 273.137084960938 273.023071289062 273.014862060547 273.551971435547 273.817932128906 273.869903564453 273.875305175781 273.707366943359 273.564758300781 273.748260498047 273.733917236328 273.901763916016 273.87939453125 273.803680419922 273.750549316406 273.752075195312 273.667907714844 273.304931640625 272.919250488281
268.948028564453 268.721984863281 268.271881103516 267.88623046875 267.883514404297 267.824249267578 267.255645751953 267.017700195312 267.261199951172 267.320465087891 266.941619873047 268.345794677734 268.99853515625 268.600280761719 267.923095703125 268.813537597656 269.228118896484 269.192077636719 269.983337402344 -3.4e+38 268.124603271484 271.602600097656 272.241668701172 272.853668212891 272.968963623047 273.032501220703 273.063385009766 272.879913330078 272.883941650391 272.990875244141 272.957824707031 272.856414794922 272.874542236328 273.528198242188 273.771362304688 273.776794433594 -3.4e+38 273.745849609375 273.656951904297 273.802337646484 273.641906738281 273.726928710938 273.907684326172 273.88525390625 273.8095703125 273.551574707031 273.286529541016 273.151092529297 272.776672363281
268.904998779297 268.536499023438 267.869598388672 267.257659912109 267.427215576172 267.643463134766 266.991790771484 266.910217285156 266.916870117188 266.862182617188 266.609680175781 268.497772216797 269.501892089844 269.297393798828 268.897033691406 269.404876708984 269.346923828125 269.703216552734 270.143432617188 269.450469970703 269.429016113281 271.91357421875 272.545989990234 272.852905273438 272.968292236328 272.999755859375 273.092742919922 273.080657958984 272.878479003906 272.621398925781 272.476867675781 272.84912109375 272.953582763672 273.505126953125 273.698181152344 273.703735351562 -3.4e+38 273.822509765625 273.852203369141 273.806365966797 273.664794921875 273.485321044922 273.733154296875 273.913665771484 273.891204833984 273.681304931641 273.434631347656 273.428405761719 273.383026123047
268.509124755859 268.261810302734 267.517944335938 266.963592529297 266.89013671875 267.010894775391 266.966033935547 266.856536865234 266.71142578125 266.129852294922 265.811462402344 268.249359130859 269.253692626953 269.91943359375 269.744659423828 269.825134277344 269.767303466797 270.468170166016 269.388214111328 268.256103515625 271.346740722656 272.074859619141 272.852142333984 273.005584716797 273.028350830078 272.973541259766 273.063171386719 273.174285888672 272.869140625 272.347778320312 272.403900146484 272.994476318359 273.200622558594 273.666931152344 273.757659912109 273.703979492188 273.709594726562 273.673248291016 273.614349365234 273.7294921875 273.81640625 273.685089111328 273.737731933594 273.856079101562 273.919708251953 273.866088867188 273.768676757812 273.773803710938 273.806976318359
268.070922851562 268.031860351562 267.636993408203 267.062896728516 266.797180175781 266.747131347656 266.749053955078 266.662322998047 266.633514404297 265.933227539062 265.693023681641 268.228271484375 269.451507568359 270.270599365234 270.504089355469 270.169830322266 270.496734619141 -3.4e+38 269.525299072266 269.286895751953 271.813720703125 272.098937988281 272.840667724609 273.127532958984 273.076202392578 272.972930908203 272.972442626953 272.966186523438 272.842315673828 272.543090820312 272.632354736328 273.067993164062 273.200653076172 273.333679199219 273.533538818359 273.54296875 273.429992675781 273.347015380859 273.297149658203 273.590423583984 273.875183105469 273.962921142578 273.846954345703 273.776062011719 273.862274169922 273.794769287109 273.580932617188 273.585876464844 273.590789794922
267.955139160156 267.9033203125 267.615234375 266.930419921875 266.941223144531 266.888702392578 266.226715087891 266.269805908203 266.086883544922 265.674774169922 266.269012451172 268.031555175781 269.647338867188 270.314300537109 -3.4e+38 -3.4e+38 270.496063232422 -3.4e+38 271.197875976562 271.693969726562 271.867767333984 272.183715820312 272.820343017578 273.0341796875 273.046630859375 273.000854492188 272.795684814453 272.535430908203 272.425384521484 272.597564697266 272.7666015625 272.908843994141 272.975646972656 273.086334228516 273.319580078125 273.552124023438 273.549041748047 273.297241210938 273.015625 273.202392578125 273.587463378906 273.950592041016 273.883026123047 273.843139648438 273.840545654297 273.790618896484 273.720245361328 273.616333007812 273.44775390625
267.308013916016 267.762725830078 267.165222167969 267.162353515625 267.495483398438 267.019287109375 266.7744140625 265.9365234375 265.623504638672 265.713348388672 266.925384521484 269.28857421875 270.171081542969 270.657531738281 -3.4e+38 -3.4e+38 270.79345703125 270.701416015625 271.628479003906 272.142791748047 272.074676513672 272.162902832031 272.699096679688 272.648010253906 272.615905761719 272.689178466797 272.43212890625 272.250457763672 272.199951171875 272.589019775391 272.861511230469 272.882446289062 272.82861328125 273.331634521484 273.438232421875 273.390258789062 273.239288330078 273.415557861328 273.386962890625 273.307769775391 273.323028564453 273.638732910156 273.884429931641 273.663940429688 273.552490234375 273.579010009766 273.611968994141 273.578033447266 273.467102050781
267.102752685547 267.410491943359 267.180145263672 267.763549804688 268.18603515625 268.242431640625 267.166656494141 266.478607177734 266.928985595703 267.347595214844 267.963256835938 269.67431640625 270.315032958984 -3.4e+38 -3.4e+38 -3.4e+38 271.019348144531 270.761322021484 271.47412109375 272.030364990234 272.098327636719 272.191986083984 272.674346923828 272.556762695312 272.188903808594 272.322082519531 -3.4e+38 272.337341308594 272.477905273438 272.63671875 272.835083007812 272.815032958984 272.773559570312 273.466857910156 273.465179443359 273.298858642578 273.359436035156 273.596801757812 273.372100830078 273.158050537109 273.424377441406 273.675659179688 273.783782958984 273.711029052734 273.703796386719 273.363098144531 273.251922607422 273.329559326172 273.506805419922
266.876190185547 267.070739746094 267.261047363281 267.958435058594 268.304016113281 268.81982421875 268.369293212891 267.871185302734 268.347808837891 268.763580322266 268.960906982422 270.164672851562 270.717712402344 -3.4e+38 -3.4e+38 -3.4e+38 271.484741210938 271.309844970703 271.557067871094 271.979339599609 272.096984863281 272.153656005859 272.516448974609 272.201293945312 271.963012695312 271.9951171875 272.088500976562 272.232086181641 272.359649658203 272.495819091797 272.774871826172 272.841064453125 272.847320556641 273.564605712891 273.319244384766 273.145965576172 273.332672119141 273.448333740234 273.298675537109 273.396453857422 273.480041503906 273.460296630859 273.473419189453 273.519256591797 273.507415771484 273.134155273438 273.179748535156 273.357330322266 273.452056884766
266.400482177734 266.795196533203 266.910705566406 267.863494873047 267.697082519531 268.342620849609 268.515838623047 268.672576904297 269.130523681641 269.484252929688 269.756683349609 270.326416015625 270.979614257812 -3.4e+38 -3.4e+38 271.370513916016 271.926940917969 271.754058837891 271.804229736328 272.008575439453 272.156921386719 272.102294921875 272.206390380859 271.95556640625 271.898864746094 271.879547119141 272.119110107422 272.138946533203 271.988311767578 272.26123046875 272.786499023438 272.906463623047 273.065460205078 -3.4e+38 273.279174804688 273.124694824219 273.172119140625 273.225006103516 273.196807861328 273.283142089844 273.234466552734 273.1826171875 273.20458984375 273.244018554688 273.397796630859 273.505218505859 273.620849609375 273.505737304688 273.453125
266.026397705078 266.566589355469 266.905029296875 267.532257080078 267.194732666016 267.921295166016 268.246826171875 268.282989501953 269.204528808594 269.892974853516 270.007263183594 270.458374023438 270.864318847656 270.932922363281 270.816650390625 271.381408691406 272.030731201172 271.944244384766 271.833587646484 271.939758300781 272.174652099609 272.162170410156 272.057952880859 271.986083984375 271.876037597656 271.682800292969 271.956665039062 271.937377929688 271.927673339844 272.254180908203 272.806854248047 273.051116943359 273.332214355469 273.359710693359 273.339385986328 273.305328369141 273.357666015625 273.348297119141 273.265228271484 273.239959716797 273.069274902344 273.137084960938 273.123474121094 273.002349853516 273.250671386719 273.8388671875 273.955169677734 273.537780761719 273.338043212891
266.016754150391 266.684204101562 267.221740722656 267.507843017578 267.094085693359 267.850769042969 267.865692138672 267.668701171875 268.660552978516 269.289916992188 269.525512695312 270.396118164062 270.662994384766 270.571044921875 270.683959960938 271.148284912109 271.705963134766 272.016998291016 271.857025146484 271.832977294922 272.056549072266 272.118225097656 272.027282714844 272.071197509766 271.993438720703 271.795104980469 271.899536132812 271.938323974609 272.160095214844 272.527587890625 272.784484863281 -3.4e+38 273.465728759766 273.419189453125 -3.4e+38 273.339782714844 273.546600341797 273.502044677734 273.185119628906 273.237457275391 273.128601074219 273.137573242188 273.159088134766 273.014465332031 273.067535400391 273.629364013672 273.809265136719 273.672180175781 273.409851074219
266.079833984375 266.806823730469 267.029693603516 267.194122314453 266.878723144531 266.891876220703 266.313232421875 267.335510253906 268.606506347656 268.902862548828 269.188415527344 270.271179199219 270.572967529297 270.31396484375 270.841491699219 271.092163085938 271.290710449219 271.676666259766 271.763336181641 271.714508056641 271.888458251953 271.826477050781 271.970977783203 272.089965820312 272.255920410156 272.335083007812 272.342041015625 272.246765136719 272.325714111328 272.768463134766 -3.4e+38 273.335601806641 273.573028564453 273.466735839844 273.339538574219 -3.4e+38 273.339508056641 273.332305908203 273.117004394531 273.091156005859 273.219696044922 273.279754638672 273.163116455078 273.077117919922 272.879699707031 273.372955322266 273.487030029297 273.524353027344 273.266174316406
266.140167236328 266.779907226562 266.527221679688 266.041381835938 266.117370605469 265.344818115234 265.294281005859 267.828704833984 268.882049560547 269.12548828125 269.53857421875 270.144897460938 270.31494140625 270.371673583984 270.958648681641 271.104217529297 271.176361083984 271.523284912109 271.747955322266 271.699645996094 271.659149169922 271.589141845703 271.852478027344 271.941711425781 272.253326416016 272.571746826172 272.670959472656 272.634948730469 272.577056884766 272.864898681641 -3.4e+38 273.207458496094 273.414794921875 273.499847412109 273.425567626953 273.345977783203 273.237976074219 273.159606933594 273.265960693359 273.241394042969 273.151977539062 273.250274658203 273.168884277344 273.115173339844 272.937225341797 272.969177246094 273.225677490234 273.396331787109 273.212646484375
266.509643554688 266.831726074219 266.344055175781 264.882843017578 264.484436035156 263.554443359375 264.069152832031 267.229614257812 268.563507080078 269.293182373047 269.903656005859 269.992797851562 270.080505371094 270.514251708984 270.840118408203 271.019989013672 271.345520019531 271.805297851562 271.949066162109 271.901031494141 271.747467041016 271.691955566406 271.960632324219 271.961944580078 272.09716796875 272.398254394531 272.575256347656 272.748168945312 272.730865478516 273.034637451172 273.167449951172 272.941101074219 272.998748779297 273.618835449219 273.499328613281 273.246734619141 273.106781005859 272.986328125 273.161071777344 273.264099121094 273.071258544922 273.104553222656 273.164337158203 273.175567626953 273.121795654297 272.720947265625 272.912719726562 273.1708984375 273.156768798828
266.531127929688 266.487640380859 266.594512939453 265.151550292969 263.844818115234 261.839691162109 262.377471923828 266.673950195312 268.556762695312 269.313781738281 269.951477050781 269.903625488281 269.956939697266 270.310455322266 270.701080322266 270.9619140625 271.230224609375 271.645202636719 -3.4e+38 272.115783691406 271.981292724609 271.877258300781 272.108795166016 272.090637207031 272.068237304688 272.113098144531 272.229064941406 272.455108642578 272.626922607422 272.984100341797 273.063323974609 272.861206054688 272.791656494141 273.692901611328 273.5205078125 273.179565429688 273.045135498047 272.953155517578 273.165588378906 273.264099121094 273.130615234375 273.078002929688 273.111358642578 273.240417480469 273.334320068359 272.923004150391 272.798492431641 272.953582763672 272.915588378906
266.081970214844 266.00439453125 266.337493896484 265.542236328125 264.241577148438 262.995056152344 264.244720458984 267.194396972656 268.786895751953 269.373443603516 269.977569580078 269.909057617188 270.100677490234 270.210662841797 270.430511474609 270.966949462891 271.023498535156 271.363220214844 271.910827636719 272.097045898438 -3.4e+38 271.987030029297 272.291320800781 272.330017089844 -3.4e+38 272.08642578125 272.148162841797 272.291198730469 272.628387451172 272.790924072266 272.751098632812 272.599792480469 272.786956787109 -3.4e+38 273.520751953125 273.173065185547 273.06689453125 272.998840332031 272.999816894531 273.009490966797 273.118896484375 273.044281005859 273.094848632812 273.2900390625 273.297271728516 273.076782226562 273.019958496094 272.919097900391 272.846954345703
265.869995117188 265.807159423828 266.042358398438 265.998138427734 264.63330078125 264.430725097656 267.182006835938 267.842559814453 268.840942382812 269.358551025391 269.939666748047 270.164123535156 270.695587158203 270.677886962891 270.591949462891 270.958801269531 271.177886962891 271.643676757812 271.826263427734 272.020355224609 272.094818115234 -3.4e+38 272.196685791016 272.535034179688 272.605133056641 272.461547851562 272.394439697266 272.255981445312 272.522674560547 272.379577636719 272.482971191406 272.525848388672 272.786773681641 -3.4e+38 273.369110107422 273.153625488281 273.164916992188 272.959320068359 272.74658203125 272.705902099609 272.861877441406 272.924835205078 272.906982421875 273.032318115234 273.031860351562 273.033294677734 273.099151611328 272.928009033203 272.916229248047
266.015289306641 266.443145751953 266.377746582031 266.369110107422 265.750122070312 265.158905029297 267.104949951172 267.863403320312 268.342193603516 268.026519775391 269.691741943359 270.103881835938 270.832916259766 -3.4e+38 271.05126953125 271.104156494141 271.123382568359 271.271667480469 271.674865722656 271.930633544922 272.019195556641 272.001434326172 271.856414794922 271.960540771484 272.322082519531 272.641204833984 272.683349609375 272.641784667969 272.649230957031 272.6826171875 272.718566894531 272.753326416016 273.128967285156 -3.4e+38 273.128631591797 272.825805664062 273.020080566406 273.006134033203 272.993194580078 272.827758789062 272.767150878906 272.759490966797 272.728607177734 272.845550537109 272.866668701172 273.022064208984 273.296234130859 273.352813720703 273.080291748047
266.683654785156 267.153564453125 266.411926269531 266.170166015625 266.884185791016 266.914154052734 267.323852539062 268.346466064453 268.665710449219 268.83544921875 270.027038574219 270.235992431641 270.793395996094 271.010223388672 270.945526123047 270.834167480469 271.014709472656 271.220184326172 271.459259033203 271.659454345703 271.814880371094 272.006042480469 271.910339355469 271.89404296875 272.059265136719 272.332550048828 272.512878417969 272.672698974609 272.708618164062 272.656036376953 272.753753662109 273.046356201172 -3.4e+38 -3.4e+38 273.313446044922 272.878387451172 272.928344726562 273.020446777344 272.914428710938 272.793029785156 272.740661621094 272.720275878906 272.768310546875 272.899871826172 272.825439453125 273.020690917969 273.200988769531 273.324584960938 273.17236328125
267.183227539062 267.645385742188 266.965148925781 266.547088623047 267.261779785156 267.635772705078 267.423553466797 268.843994140625 269.064849853516 269.748931884766 270.197570800781 270.382995605469 270.725158691406 270.658660888672 270.828918457031 270.571868896484 270.956573486328 271.157440185547 271.312591552734 271.579406738281 271.810089111328 272.029998779297 272.055633544922 271.911193847656 272.009033203125 272.396545410156 272.625885009766 272.757843017578 272.7568359375 272.687377929688 272.807037353516 272.996276855469 273.251312255859 -3.4e+38 -3.4e+38 273.224334716797 272.95166015625 272.960784912109 272.801635742188 272.781555175781 272.774810791016 272.806701660156 272.781433105469 272.800415039062 272.823822021484 -3.4e+38 -3.4e+38 -3.4e+38 273.079956054688
