rcp4.5models/GFDL_CM3/sc1gr3.35
NCOLS 261 
NROWS 433 
XLLCORNER 336357.134 
YLLCORNER 654653.479 
CELLSIZE 1000 
NODATA_value -3.4e+38 
[rows 220 to 241 of 433, columns 196 to 244 of 261]
273.752410888672 274.138153076172 274.114288330078 274.307647705078 274.604888916016 275.134033203125 274.965850830078 275.172302246094 275.626037597656 276.069091796875 275.638946533203 275.639190673828 276.079437255859 275.960357666016 275.489868164062 275.665405273438 276.248382568359 275.918182373047 276.962554931641 276.590454101562 276.228851318359 276.473999023438 276.341827392578 276.277038574219 276.226806640625 276.328918457031 276.350646972656 -3.4e+38 276.447906494141 276.403106689453 276.346221923828 276.239074707031 -3.4e+38 -3.4e+38 -3.4e+38 -3.4e+38 -3.4e+38 -3.4e+38 -3.4e+38 -3.4e+38 -3.4e+38 -3.4e+38 -3.4e+38 -3.4e+38 -3.4e+38 -3.4e+38 -3.4e+38 -3.4e+38 -3.4e+38
273.534973144531 273.742279052734 273.906311035156 274.1943359375 274.439361572266 275.023956298828 274.896850585938 275.263671875 275.593902587891 275.609954833984 275.210968017578 275.421752929688 275.709503173828 275.275146484375 274.875 275.574737548828 276.109436035156 276.09228515625 276.585601806641 276.343872070312 276.272094726562 276.341857910156 276.179260253906 276.530120849609 276.622314453125 276.428253173828 276.483062744141 -3.4e+38 276.623443603516 276.465545654297 276.380279541016 276.336242675781 -3.4e+38 -3.4e+38 -3.4e+38 -3.4e+38 -3.4e+38 -3.4e+38 -3.4e+38 -3.4e+38 -3.4e+38 -3.4e+38 -3.4e+38 -3.4e+38 -3.4e+38 -3.4e+38 -3.4e+38 -3.4e+38 -3.4e+38
273.386627197266 273.538269042969 273.814453125 273.958862304688 274.078826904297 274.597076416016 274.556243896484 275.310577392578 275.367279052734 275.298400878906 275.192565917969 275.284423828125 275.222106933594 275.0322265625 275.005676269531 275.428009033203 275.70654296875 275.973907470703 276.287384033203 276.226593017578 276.342834472656 276.552673339844 276.521392822266 276.525054931641 -3.4e+38 -3.4e+38 -3.4e+38 -3.4e+38 276.597229003906 276.511077880859 276.404632568359 276.337860107422 276.221923828125 -3.4e+38 -3.4e+38 -3.4e+38 -3.4e+38 -3.4e+38 -3.4e+38 -3.4e+38 -3.4e+38 -3.4e+38 -3.4e+38 -3.4e+38 -3.4e+38 -3.4e+38 -3.4e+38 -3.4e+38 -3.4e+38
273.594879150391 273.817108154297 273.616394042969 273.628265380859 274.017120361328 274.278015136719 274.260681152344 275.180419921875 275.36083984375 275.415435791016 275.117218017578 274.917419433594 275.204925537109 275.330078125 275.718444824219 275.839080810547 275.950561523438 276.135162353516 276.272308349609 276.225708007812 276.341613769531 276.675933837891 276.878387451172 276.798736572266 -3.4e+38 -3.4e+38 -3.4e+38 -3.4e+38 276.83984375 276.603485107422 276.404571533203 276.357360839844 276.292419433594 276.305114746094 276.126678466797 -3.4e+38 -3.4e+38 -3.4e+38 -3.4e+38 -3.4e+38 -3.4e+38 -3.4e+38 -3.4e+38 -3.4e+38 -3.4e+38 -3.4e+38 -3.4e+38 -3.4e+38 -3.4e+38
274.077880859375 274.179382324219 273.901824951172 273.966247558594 274.549255371094 274.844482421875 274.873229980469 275.153564453125 275.343719482422 275.581237792969 275.289947509766 274.868194580078 274.89794921875 275.343505859375 275.802490234375 276.277069091797 276.3876953125 276.413665771484 276.409393310547 276.224884033203 276.275451660156 276.583129882812 276.981384277344 -3.4e+38 -3.4e+38 277.197906494141 277.169250488281 277.233062744141 277.185485839844 276.930877685547 276.34130859375 276.405883789062 276.407196044922 276.350708007812 276.195404052734 276.154968261719 276.153930664062 -3.4e+38 -3.4e+38 -3.4e+38 -3.4e+38 -3.4e+38 -3.4e+38 -3.4e+38 -3.4e+38 -3.4e+38 -3.4e+38 -3.4e+38 -3.4e+38
274.412658691406 274.448425292969 274.669586181641 274.820831298828 274.920013427734 -3.4e+38 -3.4e+38 274.756622314453 275.236389160156 275.440277099609 275.52294921875 275.388275146484 275.016693115234 275.246490478516 275.306976318359 275.875091552734 276.325225830078 276.387847900391 276.522338867188 276.318389892578 276.287200927734 276.382019042969 276.68896484375 276.794586181641 276.959167480469 276.886749267578 276.901031494141 277.169860839844 277.234008789062 277.186798095703 276.548950195312 276.406036376953 276.407470703125 276.317687988281 276.179840087891 276.245239257812 276.199310302734 276.216857910156 -3.4e+38 -3.4e+38 -3.4e+38 -3.4e+38 -3.4e+38 -3.4e+38 -3.4e+38 -3.4e+38 -3.4e+38 -3.4e+38 -3.4e+38
274.341186523438 274.431488037109 274.727905273438 274.919586181641 274.582336425781 274.376861572266 274.238952636719 273.109313964844 273.650299072266 274.961853027344 275.611206054688 276.021667480469 275.938568115234 275.859069824219 275.600982666016 275.650024414062 276.150787353516 276.263549804688 276.498901367188 276.35791015625 276.272003173828 276.120788574219 276.105834960938 276.482513427734 276.490203857422 276.452026367188 276.509216308594 276.676727294922 276.849700927734 276.916259765625 276.926361083984 276.466827392578 276.280334472656 276.294677734375 276.101409912109 276.114349365234 276.118957519531 276.204895019531 -3.4e+38 -3.4e+38 -3.4e+38 -3.4e+38 -3.4e+38 -3.4e+38 -3.4e+38 -3.4e+38 -3.4e+38 -3.4e+38 -3.4e+38
274.028198242188 274.293853759766 274.433929443359 274.479949951172 274.061950683594 273.650054931641 273.128479003906 272.7763671875 273.520904541016 275.020202636719 275.660034179688 276.112457275391 276.074005126953 276.357025146484 276.178283691406 275.967102050781 276.052001953125 276.134460449219 276.374328613281 276.364776611328 276.286041259766 276.062255859375 275.742218017578 275.866607666016 276.165679931641 276.221435546875 276.247467041016 276.343780517578 276.375091552734 276.490112304688 277.006195068359 276.738525390625 276.314056396484 276.167694091797 276.078277587891 276.022827148438 275.962158203125 276.074096679688 276.048126220703 -3.4e+38 -3.4e+38 -3.4e+38 -3.4e+38 -3.4e+38 -3.4e+38 -3.4e+38 -3.4e+38 -3.4e+38 -3.4e+38
273.486663818359 273.666015625 273.535095214844 273.178649902344 273.377105712891 273.563659667969 272.713531494141 273.956878662109 274.617370605469 275.234313964844 275.441467285156 275.649230957031 275.766876220703 276.381378173828 276.326171875 276.160583496094 276.019744873047 276.046936035156 276.339721679688 276.420776367188 276.427703857422 276.237823486328 275.983825683594 275.885772705078 276.117980957031 276.237487792969 276.303466796875 276.342132568359 276.298980712891 276.606536865234 276.994934082031 276.999908447266 276.634246826172 276.497131347656 276.271636962891 276.057281494141 275.980499267578 275.964630126953 276.009429931641 275.978790283203 -3.4e+38 -3.4e+38 -3.4e+38 -3.4e+38 -3.4e+38 -3.4e+38 -3.4e+38 -3.4e+38 -3.4e+38
273.182678222656 273.033996582031 272.582336425781 271.758819580078 271.884521484375 274.047271728516 273.569000244141 272.101013183594 273.201629638672 274.008117675781 274.193328857422 275.098846435547 275.098815917969 275.82373046875 275.955810546875 276.003051757812 275.748260498047 276.058471679688 276.293395996094 276.382385253906 276.499786376953 276.366180419922 276.287780761719 276.202087402344 276.180358886719 276.253326416016 276.334136962891 276.374694824219 276.410125732422 276.566680908203 276.827423095703 277.136596679688 -3.4e+38 -3.4e+38 -3.4e+38 -3.4e+38 276.026977539062 275.919006347656 275.920989990234 275.979705810547 276.091796875 276.428802490234 -3.4e+38 -3.4e+38 -3.4e+38 -3.4e+38 -3.4e+38 -3.4e+38 -3.4e+38
272.909240722656 272.635559082031 272.841979980469 272.482666015625 272.498992919922 274.014465332031 273.656555175781 270.752685546875 270.801361083984 272.607147216797 271.692687988281 273.125 274.634704589844 275.287536621094 275.443634033203 275.758483886719 275.79931640625 275.920684814453 276.157928466797 276.270202636719 276.406372070312 276.452819824219 276.3671875 276.288970947266 276.227508544922 276.228973388672 276.254577636719 276.335479736328 276.392028808594 276.337677001953 276.524597167969 276.734008789062 -3.4e+38 -3.4e+38 -3.4e+38 -3.4e+38 -3.4e+38 276.376007080078 276.052398681641 275.947479248047 276.027801513672 276.299468994141 276.432647705078 -3.4e+38 -3.4e+38 -3.4e+38 -3.4e+38 -3.4e+38 -3.4e+38
272.859436035156 272.095092773438 270.739501953125 268.631988525391 269.922973632812 271.756896972656 271.851623535156 272.618347167969 273.476318359375 274.199188232422 274.780212402344 274.535461425781 275.113555908203 275.656951904297 275.024108886719 275.691497802734 276.253784179688 276.137329101562 276.219512939453 276.269317626953 276.429931640625 276.469055175781 276.328216552734 276.304962158203 276.164245605469 276.117248535156 275.897277832031 276.002624511719 276.241577148438 276.444061279297 277.082855224609 -3.4e+38 -3.4e+38 -3.4e+38 -3.4e+38 -3.4e+38 -3.4e+38 -3.4e+38 -3.4e+38 -3.4e+38 276.502838134766 276.167083740234 276.215423583984 276.438842773438 -3.4e+38 -3.4e+38 -3.4e+38 -3.4e+38 -3.4e+38
272.744079589844 270.951416015625 268.847351074219 267.570556640625 268.587341308594 271.530151367188 271.780426025391 272.775421142578 274.017852783203 274.595916748047 275.49853515625 275.592803955078 275.563385009766 275.787170410156 275.331268310547 275.962890625 276.358276367188 276.254913330078 276.219329833984 276.220458984375 276.301483154297 276.382293701172 276.248443603516 276.281341552734 276.24267578125 276.149505615234 275.960906982422 275.986846923828 276.315124511719 276.770416259766 277.129821777344 277.082458496094 -3.4e+38 -3.4e+38 -3.4e+38 -3.4e+38 -3.4e+38 -3.4e+38 -3.4e+38 -3.4e+38 -3.4e+38 276.148162841797 276.217102050781 276.441192626953 276.443389892578 276.445495605469 -3.4e+38 -3.4e+38 -3.4e+38
272.885772705078 270.016876220703 267.517761230469 270.790710449219 270.893768310547 272.078033447266 272.408020019531 271.943359375 274.194763183594 274.350708007812 274.951812744141 -3.4e+38 275.736114501953 275.651214599609 275.720306396484 276.127838134766 276.444854736328 276.359344482422 276.031951904297 276.063934326172 276.151794433594 276.208465576172 276.224365234375 276.281311035156 276.370269775391 276.300384521484 276.136016845703 276.137512207031 276.712066650391 276.959350585938 277.002563476562 -3.4e+38 -3.4e+38 -3.4e+38 -3.4e+38 -3.4e+38 276.505859375 -3.4e+38 -3.4e+38 -3.4e+38 -3.4e+38 276.105529785156 -3.4e+38 276.776245117188 276.445953369141 -3.4e+38 -3.4e+38 -3.4e+38 -3.4e+38
272.901428222656 271.156921386719 269.764556884766 271.989868164062 272.245452880859 272.499877929688 272.868347167969 272.5810546875 273.939666748047 274.703643798828 273.824401855469 273.320434570312 276.088836669922 275.909851074219 276.022827148438 276.103057861328 276.338897705078 276.321380615234 275.9794921875 276.004974365234 276.054992675781 276.111572265625 276.224487304688 276.281280517578 276.394409179688 276.396209716797 276.390045166016 276.581848144531 276.997863769531 276.992065429688 276.87841796875 276.5546875 276.884490966797 277.21826171875 -3.4e+38 276.635894775391 276.239379882812 276.375213623047 276.616546630859 -3.4e+38 -3.4e+38 276.173553466797 276.399353027344 -3.4e+38 276.315582275391 -3.4e+38 276.453186035156 -3.4e+38 -3.4e+38
273.060638427734 272.768249511719 272.331329345703 272.253845214844 272.556396484375 273.387084960938 273.481140136719 273.243927001953 273.353118896484 274.8134765625 274.403045654297 273.654296875 275.902740478516 276.188629150391 276.048370361328 276.009796142578 276.247772216797 276.179046630859 276.146209716797 276.147583007812 276.118041992188 -3.4e+38 276.192657470703 276.344635009766 276.394714355469 276.365264892578 276.382171630859 276.496246337891 276.527221679688 276.824615478516 276.760803222656 276.545196533203 277.058502197266 277.099914550781 276.930969238281 276.606994628906 276.213897705078 276.424377441406 -3.4e+38 -3.4e+38 -3.4e+38 276.088531494141 276.203277587891 276.203369140625 276.296783447266 -3.4e+38 276.423095703125 276.412628173828 -3.4e+38
273.117279052734 272.902526855469 272.297149658203 272.183349609375 272.675079345703 273.807403564453 273.851684570312 273.303741455078 273.534271240234 273.986846923828 274.864410400391 275.498077392578 276.055206298828 276.275482177734 275.988952636719 275.749298095703 276.179290771484 276.168090820312 276.219604492188 276.251617431641 276.261108398438 276.150848388672 276.169250488281 276.235595703125 -3.4e+38 276.155181884766 275.873413085938 276.204376220703 276.124237060547 276.42822265625 276.692291259766 276.458099365234 276.922302246094 276.935028076172 276.880554199219 276.753387451172 276.262084960938 276.474548339844 -3.4e+38 276.468536376953 -3.4e+38 -3.4e+38 276.24755859375 -3.4e+38 -3.4e+38 -3.4e+38 276.371734619141 276.281921386719 -3.4e+38
272.772430419922 273.101837158203 272.792297363281 272.597351074219 272.830932617188 273.378601074219 273.831817626953 273.828125 273.953033447266 274.215728759766 274.689758300781 -3.4e+38 275.94580078125 276.143981933594 275.689849853516 275.911346435547 276.229705810547 276.217834472656 276.219970703125 276.275817871094 276.211486816406 275.971221923828 276.201721191406 -3.4e+38 276.347259521484 276.046508789062 275.438018798828 275.859283447266 276.254180908203 276.240539550781 276.306823730469 276.318023681641 276.580047607422 276.738616943359 276.586791992188 276.513397216797 276.264099121094 276.302917480469 276.279144287109 276.118804931641 276.262634277344 -3.4e+38 -3.4e+38 -3.4e+38 -3.4e+38 -3.4e+38 -3.4e+38 276.207489013672 276.399261474609
272.446594238281 273.203460693359 273.396240234375 273.693542480469 273.753570556641 273.771606445312 274.028472900391 274.027069091797 273.919372558594 275.044097900391 274.940032958984 275.401641845703 275.5048828125 276.024627685547 275.954162597656 276.190887451172 276.236694335938 276.186157226562 276.313842773438 276.308532714844 276.146148681641 275.781188964844 275.845794677734 276.035827636719 275.671142578125 275.656372070312 275.565185546875 275.937591552734 276.320190429688 276.146118164062 276.152130126953 276.250396728516 276.322143554688 276.420989990234 276.329559326172 276.341522216797 276.331939697266 276.247039794922 276.149688720703 276.053375244141 276.168487548828 -3.4e+38 -3.4e+38 -3.4e+38 -3.4e+38 -3.4e+38 -3.4e+38 276.156494140625 276.224639892578
272.258666992188 272.595031738281 272.946563720703 273.704467773438 274.066589355469 274.350341796875 274.326995849609 274.223297119141 274.077728271484 274.866516113281 275.227355957031 275.439025878906 275.708404541016 276.231719970703 276.358764648438 276.279602050781 276.194000244141 276.193359375 276.387756347656 276.334686279297 276.016815185547 275.440002441406 275.335693359375 275.561645507812 275.120361328125 275.121002197266 275.600555419922 276.307556152344 276.329498291016 276.140777587891 276.121826171875 276.122161865234 276.192718505859 276.096618652344 276.196411132812 276.319213867188 276.412750244141 276.337890625 276.252960205078 276.156005859375 276.186553955078 -3.4e+38 276.467559814453 276.522003173828 -3.4e+38 -3.4e+38 -3.4e+38 -3.4e+38 276.173583984375
272.337524414062 272.398895263672 272.800506591797 273.427520751953 274.1376953125 274.446929931641 274.58837890625 274.807952880859 274.789428710938 274.970306396484 275.286468505859 275.40869140625 275.653839111328 276.320770263672 276.203582763672 275.775054931641 275.873443603516 276.252380371094 276.388549804688 276.24462890625 -3.4e+38 275.265686035156 275.202056884766 275.339477539062 275.312286376953 275.143615722656 275.629547119141 276.405395507812 276.354217529297 276.221343994141 276.030029296875 275.966125488281 276.050201416016 275.952911376953 275.767028808594 275.864379882812 276.274536132812 276.321350097656 276.277984619141 276.25927734375 276.250823974609 276.451324462891 276.372283935547 276.396942138672 -3.4e+38 -3.4e+38 -3.4e+38 -3.4e+38 276.165985107422
272.133026123047 272.514556884766 273.112457275391 273.610015869141 274.277557373047 274.482055664062 275.002380371094 274.692321777344 274.927764892578 275.234344482422 275.182434082031 275.342926025391 275.527862548828 275.750701904297 275.623840332031 275.511688232422 275.943878173828 -3.4e+38 276.326446533203 276.235443115234 -3.4e+38 275.656951904297 275.228576660156 275.307739257812 275.546722412109 275.578369140625 275.479064941406 275.806274414062 275.873718261719 276.212066650391 276.1279296875 276.0185546875 276.044891357422 275.873291015625 275.330200195312 275.503143310547 276.257720947266 276.374725341797 276.378540039062 276.350921630859 276.265930175781 276.294677734375 276.414703369141 -3.4e+38 -3.4e+38 -3.4e+38 -3.4e+38 276.408081054688 276.080200195312
