rcp4.5models/GFDL_CM3/sc1gr21.21
NCOLS 261 
NROWS 433 
XLLCORNER 336357.134 
YLLCORNER 654653.479 
CELLSIZE 1000 
NODATA_value -9999 
[rows 286 to 307 of 433, columns 100 to 149 of 261]
1605.73718261719 2744.44018554688 4021.02685546875 4045.82275390625 2662.88623046875 1608.7080078125 1337.76733398438 1192.15710449219 1046.09265136719 1148.7236328125 1486.52111816406 1940.73693847656 2137.15966796875 1988.00463867188 2001.96520996094 2250.6884765625 2377.19506835938 2551.8935546875 2816.62353515625 1655.93823242188 1149.00341796875 960.551879882812 871.38671875 935.433349609375 1108.65478515625 1262.52697753906 1249.99792480469 1245.37475585938 1305.44897460938 1196.72827148438 1038.59155273438 675.311645507812 593.212219238281 582.93212890625 611.765258789062 -9999 -9999 214.976913452148 115.274589538574 -9999 -9999 79.0102310180664 221.832611083984 307.383148193359 292.151489257812 283.251098632812 338.129150390625 319.588775634766 171.819717407227 68.9548873901367
1376.02966308594 2118.83862304688 2949.74462890625 2957.23754882812 2168.93481445312 1691.76770019531 1454.72827148438 1055.18005371094 752.898010253906 780.054565429688 978.965942382812 1287.97668457031 1494.67346191406 1484.04162597656 1600.58129882812 2016.908203125 2179.03125 2146.36987304688 2383.2041015625 1606.01135253906 955.848083496094 712.0908203125 667.378845214844 755.108825683594 788.968566894531 802.873107910156 876.831481933594 1095.91931152344 1298.18103027344 1259.75646972656 1170.92395019531 862.361633300781 577.968200683594 477.111297607422 471.984222412109 485.051208496094 420.427581787109 -9999 165.627807617188 125.484794616699 122.031555175781 108.585594177246 172.020751953125 249.974197387695 289.422241210938 262.955261230469 209.641220092773 171.973754882812 106.867950439453 41.4734573364258
1251.60729980469 1630.29309082031 1922.87280273438 1877.51782226562 1642.44885253906 1656.30749511719 1562.40283203125 1037.47241210938 519.352661132812 539.047790527344 709.581970214844 927.081359863281 1043.52966308594 1085.97436523438 1293.71740722656 1781.55700683594 2183.01416015625 2288.4638671875 2367.25708007812 1861.18115234375 1192.00415039062 786.818420410156 525.58349609375 561.579711914062 623.360412597656 653.963073730469 764.158081054688 1051.83142089844 1290.52038574219 1267.97485351562 1124.61145019531 840.843078613281 659.65234375 597.480712890625 604.581604003906 570.484008789062 481.230926513672 370.237945556641 229.59700012207 188.935180664062 237.284561157227 231.685791015625 132.886993408203 166.628311157227 187.779190063477 151.224319458008 76.820198059082 36.9170722961426 26.7605895996094 19.1051464080811
1090.29675292969 1322.74914550781 1485.15991210938 1423.65124511719 1357.60815429688 1566.10412597656 1564.24353027344 1100.4609375 503.806274414062 459.763732910156 560.826965332031 710.274536132812 808.311462402344 859.176879882812 1080.26953125 1749.36657714844 2541.78344726562 2673.376953125 2383.11206054688 2025.89013671875 1363.21960449219 862.796875 474.788757324219 370.702392578125 426.277069091797 476.211608886719 559.368957519531 710.573303222656 818.924255371094 813.6884765625 747.501098632812 650.692565917969 742.006164550781 844.064331054688 858.312438964844 731.564331054688 592.227600097656 517.514770507812 402.198486328125 355.368011474609 -9999 370.367614746094 96.0732345581055 84.5244674682617 79.0705108642578 61.124568939209 30.2232475280762 11.9073991775513 10.8698978424072 14.9201822280884
905.367431640625 1006.68615722656 1183.19079589844 1247.51184082031 1133.42138671875 1118.33630371094 1172.95959472656 1045.11730957031 573.681213378906 453.699890136719 467.5986328125 636.648071289062 943.718933105469 1281.41003417969 1648.94055175781 2333.68408203125 3215.56469726562 3328.54516601562 2897.44555664062 2408.17407226562 1549.9541015625 723.801818847656 413.757568359375 340.576751708984 355.903228759766 364.126922607422 429.273101806641 544.760803222656 568.944641113281 468.904876708984 398.008392333984 499.682922363281 770.489379882812 1043.3330078125 1072.18676757812 875.335327148438 701.250610351562 635.850646972656 591.384521484375 495.367950439453 367.228912353516 265.652648925781 -9999 48.2687072753906 44.2277183532715 38.7518920898438 25.6428623199463 12.9934101104736 11.1768789291382 -9999
727.914672851562 778.129272460938 865.247924804688 1090.30334472656 1106.61645507812 872.351501464844 845.349243164062 890.663269042969 431.655059814453 246.998245239258 270.518218994141 526.421203613281 1167.00793457031 2004.46643066406 2296.00537109375 1972.47045898438 1973.92309570312 2360.54296875 2535.51538085938 2215.28466796875 1401.91613769531 695.605529785156 606.474853515625 662.18701171875 579.056030273438 528.290710449219 752.680114746094 1027.90087890625 978.927795410156 706.525329589844 469.476409912109 290.928344726562 395.093963623047 557.007751464844 766.8291015625 921.912414550781 748.331665039062 550.778259277344 643.273315429688 541.067138671875 312.501708984375 204.424545288086 161.088775634766 150.899200439453 109.350074768066 80.1911849975586 53.7329597473145 24.0976276397705 14.2529220581055 16.0260314941406
618.712158203125 709.517211914062 842.236999511719 1065.33703613281 1150.40832519531 959.495544433594 865.463928222656 872.323364257812 514.935729980469 289.606048583984 219.126312255859 339.191589355469 722.091430664062 1301.73681640625 1565.67663574219 1430.97253417969 1523.99633789062 1790.53259277344 1871.66064453125 1528.83154296875 1067.06677246094 789.601318359375 745.684448242188 735.201477050781 617.022155761719 564.613525390625 733.866760253906 950.525634765625 979.179931640625 819.298278808594 627.917663574219 460.408599853516 429.543853759766 456.275421142578 -9999 832.738342285156 852.532592773438 854.786437988281 871.298645019531 689.267333984375 473.534698486328 375.924072265625 290.592163085938 257.293334960938 -9999 -9999 -9999 -9999 -9999 -9999
575.60888671875 785.200439453125 1159.92065429688 1358.36450195312 1223.48132324219 1067.2314453125 1095.56604003906 1183.21032714844 1174.88513183594 800.773986816406 452.013702392578 326.572937011719 466.657562255859 864.256896972656 1227.78283691406 1510.69653320312 1914.32360839844 1977.45385742188 1580.37194824219 1030.19128417969 852.785705566406 749.538452148438 657.169921875 603.191284179688 563.949829101562 558.045104980469 590.601745605469 650.223754882812 759.744567871094 831.92333984375 853.139526367188 1075.94030761719 955.319580078125 782.686767578125 802.574645996094 867.245666503906 1012.92724609375 1251.20983886719 1307.32751464844 1038.47058105469 649.758911132812 436.801971435547 345.624816894531 295.080657958984 234.945358276367 163.148406982422 -9999 -9999 -9999 26.5054740905762
591.590759277344 772.034362792969 1142.16735839844 1390.60205078125 1272.08337402344 1169.02392578125 1280.69567871094 1433.06579589844 1843.1455078125 1507.69067382812 840.787231445312 413.228332519531 409.329040527344 796.085021972656 1621.81982421875 2941.89526367188 4160.88525390625 3812.34326171875 2108.70141601562 870.546142578125 833.993591308594 712.354187011719 563.137268066406 494.179412841797 465.786956787109 444.534271240234 396.665802001953 381.412933349609 517.045349121094 804.356384277344 1139.27465820312 1235.54638671875 890.7763671875 688.17919921875 697.808959960938 721.214660644531 816.618530273438 1004.72644042969 1148.48022460938 1077.63452148438 757.161010742188 401.312286376953 238.992141723633 220.840148925781 177.928176879883 122.672523498535 68.9001541137695 -9999 28.5022869110107 27.3708038330078
500.938598632812 590.88818359375 843.744323730469 1094.97875976562 1091.0478515625 1016.16229248047 1023.83380126953 1086.73034667969 1725.42102050781 1523.24523925781 858.695922851562 499.159606933594 500.785430908203 856.18603515625 2040.5537109375 4017.26806640625 5141.4130859375 4158.56689453125 2343.12866210938 923.027160644531 912.370788574219 763.201477050781 554.317199707031 439.822723388672 386.117309570312 347.513519287109 299.367095947266 279.338043212891 351.712707519531 568.140563964844 862.338195800781 775.427001953125 560.299072265625 564.706176757812 667.550537109375 686.448913574219 660.068298339844 719.879943847656 825.82666015625 805.175415039062 633.138244628906 374.017852783203 205.407577514648 206.705764770508 178.220642089844 141.840789794922 108.251449584961 54.6793365478516 28.585262298584 27.9077110290527
370.181579589844 446.856689453125 598.417785644531 759.811767578125 803.279907226562 770.611083984375 743.899597167969 734.356872558594 994.968139648438 919.145202636719 644.349975585938 526.969787597656 571.134765625 955.572814941406 2194.82739257812 3796.86889648438 3990.98217773438 2739.96313476562 1690.59912109375 944.992919921875 992.396728515625 885.936767578125 626.367919921875 443.270080566406 375.540466308594 347.437316894531 349.462066650391 382.003997802734 389.379028320312 394.514617919922 503.816833496094 519.681823730469 467.196685791016 571.333068847656 675.600891113281 668.780029296875 625.964416503906 659.193969726562 694.643859863281 666.62646484375 643.239868164062 543.017822265625 261.838836669922 253.618423461914 231.660903930664 201.427322387695 157.457885742188 80.2326889038086 32.5810241699219 28.8938789367676
307.655670166016 372.529968261719 544.265380859375 764.147033691406 832.53076171875 693.863708496094 574.750671386719 566.163513183594 589.760314941406 649.5595703125 647.85107421875 609.426452636719 631.339172363281 1048.33544921875 2133.87060546875 2997.39916992188 2625.00317382812 1730.87414550781 1252.12109375 862.412658691406 1034.86389160156 1040.458984375 809.369201660156 604.909790039062 482.835083007812 400.402648925781 379.888549804688 433.733459472656 445.284301757812 370.727233886719 360.489227294922 481.161010742188 517.46142578125 615.35009765625 634.151550292969 587.545837402344 590.283447265625 670.270629882812 872.218505859375 1152.85632324219 1133.16711425781 703.823120117188 307.330749511719 289.17431640625 283.7265625 258.509124755859 208.773864746094 140.097320556641 72.3398590087891 38.3628120422363
308.006408691406 340.222137451172 507.997192382812 689.796020507812 694.120056152344 560.898681640625 479.475769042969 485.528839111328 501.284149169922 663.401306152344 810.780822753906 815.913452148438 736.854370117188 948.738464355469 1702.48229980469 2308.29956054688 2098.5390625 1695.90966796875 1554.84375 827.28759765625 990.11181640625 1097.98400878906 1009.63397216797 801.749328613281 594.394409179688 467.616363525391 381.878692626953 369.319396972656 386.546020507812 349.319976806641 313.700897216797 411.074066162109 492.943603515625 598.833984375 600.054565429688 537.116943359375 556.318664550781 711.884887695312 1054.28271484375 1358.81066894531 1262.03112792969 839.773498535156 337.165740966797 274.74267578125 302.099365234375 303.357238769531 264.282501220703 212.936004638672 135.687454223633 69.2033843994141
279.638153076172 303.787078857422 437.103851318359 533.1513671875 509.614471435547 462.356170654297 449.907318115234 467.813201904297 562.362060546875 780.817199707031 943.69775390625 918.550598144531 792.468017578125 876.416381835938 1534.69055175781 2321.79931640625 2096.07153320312 1473.2587890625 1378.0498046875 726.084655761719 791.362487792969 881.741149902344 922.139587402344 807.565612792969 621.768310546875 474.299224853516 350.952178955078 306.413055419922 315.599700927734 311.896789550781 299.8203125 317.022552490234 362.614654541016 475.613616943359 538.074890136719 492.659881591797 456.813507080078 543.559875488281 791.551635742188 1076.89001464844 1123.32629394531 884.746398925781 362.233642578125 284.87548828125 286.835693359375 286.382751464844 311.751556396484 308.502136230469 201.260757446289 97.3565063476562
170.837097167969 191.689514160156 282.047607421875 346.223052978516 355.339630126953 361.135314941406 397.245666503906 449.368408203125 590.181335449219 751.862548828125 829.131591796875 789.757080078125 716.420654296875 723.317443847656 1040.87414550781 1482.67541503906 1340.43994140625 880.602111816406 770.856811523438 621.522338867188 660.551635742188 750.934936523438 860.386779785156 858.982177734375 711.508361816406 502.69677734375 341.335327148438 283.847229003906 286.111297607422 286.365386962891 279.485321044922 238.195602416992 250.507339477539 337.346435546875 430.599029541016 431.699676513672 393.009368896484 455.131469726562 659.172790527344 918.463317871094 1021.34527587891 859.898254394531 440.017761230469 402.960357666016 340.346557617188 267.229461669922 315.155334472656 361.006011962891 246.45426940918 135.798324584961
102.744270324707 117.173324584961 186.914337158203 242.058166503906 258.748291015625 273.137634277344 316.743560791016 384.773254394531 569.59912109375 661.83056640625 651.604553222656 572.43212890625 528.636291503906 555.480712890625 678.111206054688 805.51318359375 743.93212890625 562.335998535156 491.28466796875 551.9287109375 643.83935546875 845.769165039062 1040.81286621094 1046.67126464844 915.299133300781 712.029052734375 442.807800292969 285.912506103516 279.859893798828 276.886993408203 261.332641601562 200.659881591797 204.403610229492 243.744705200195 298.413635253906 329.026092529297 382.168426513672 533.562255859375 727.864135742188 843.152465820312 811.996765136719 670.685302734375 517.156005859375 574.619750976562 528.150085449219 374.032867431641 389.48046875 493.931518554688 411.976959228516 254.494735717773
95.1633987426758 91.956916809082 140.006591796875 204.408416748047 239.59635925293 249.990783691406 272.870880126953 325.445678710938 522.472412109375 607.650817871094 588.783325195312 505.979705810547 488.37451171875 596.239685058594 777.591369628906 864.289306640625 737.917175292969 569.781677246094 513.551086425781 505.513122558594 545.01513671875 659.1572265625 835.110900878906 988.877502441406 1018.79400634766 862.335693359375 564.048522949219 333.529693603516 288.062927246094 283.934051513672 275.650451660156 205.464492797852 194.183685302734 201.318023681641 216.35285949707 246.397064208984 337.042449951172 491.966888427734 601.897705078125 607.273498535156 563.316162109375 522.690063476562 478.2578125 515.227172851562 538.022644042969 418.749206542969 431.076873779297 631.840698242188 646.985595703125 423.143005371094
149.529998779297 103.265747070312 99.7425079345703 177.178039550781 283.425750732422 333.605560302734 333.216522216797 336.019958496094 413.140960693359 527.419250488281 622.819152832031 744.974487304688 988.101196289062 1163.08679199219 1074.39233398438 853.013610839844 681.383056640625 592.565734863281 560.343627929688 473.761627197266 463.201293945312 455.300201416016 501.288940429688 694.518310546875 934.139038085938 996.903198242188 854.272644042969 657.716857910156 502.100036621094 359.288360595703 299.289184570312 268.110809326172 251.837310791016 246.253799438477 253.723510742188 277.755462646484 311.395935058594 349.248687744141 407.583618164062 451.638244628906 484.720397949219 650.9052734375 622.588989257812 415.277404785156 381.999176025391 343.924957275391 419.024475097656 739.882385253906 981.620483398438 798.234497070312
120.926261901855 102.889350891113 96.7086486816406 144.947143554688 242.531661987305 313.347045898438 327.095672607422 330.969207763672 393.657867431641 513.57763671875 668.5849609375 858.193481445312 1035.17907714844 1020.68133544922 902.163391113281 881.292663574219 816.353942871094 654.35986328125 565.775817871094 432.659362792969 379.765808105469 361.841369628906 403.834838867188 581.346557617188 857.944763183594 1027.10205078125 992.533508300781 849.367370605469 616.249572753906 374.773620605469 301.805328369141 270.779418945312 274.622619628906 286.188629150391 298.953094482422 308.989898681641 316.325958251953 328.508148193359 396.419036865234 529.530883789062 641.775512695312 760.115295410156 732.813659667969 470.983001708984 330.7890625 289.820404052734 358.579986572266 543.957946777344 720.287536621094 706.352233886719
153.557769775391 140.271453857422 109.876136779785 137.155197143555 222.834320068359 299.976257324219 324.137664794922 330.611938476562 414.593444824219 553.313903808594 735.480590820312 954.542358398438 1083.40283203125 975.345764160156 908.92578125 1022.61633300781 983.187744140625 754.935241699219 576.489868164062 384.281799316406 298.376342773438 270.933807373047 330.453796386719 538.20458984375 762.765075683594 866.3505859375 975.407409667969 1073.03820800781 909.115295410156 606.484741210938 430.641876220703 269.055236816406 270.210418701172 270.071014404297 261.4619140625 259.339691162109 286.102294921875 320.937713623047 383.847717285156 525.183349609375 664.88037109375 793.29541015625 754.523803710938 496.644744873047 383.313995361328 322.449676513672 353.237823486328 460.132202148438 568.985595703125 610.043273925781
194.948654174805 207.757263183594 168.225814819336 162.030731201172 217.904754638672 290.240447998047 323.717895507812 332.922760009766 421.913146972656 572.920776367188 944.495483398438 1533.12048339844 1707.3203125 1231.92749023438 898.012268066406 932.368774414062 965.975036621094 828.734375 565.014221191406 343.120544433594 286.881317138672 265.991760253906 303.033874511719 425.285003662109 526.450561523438 -9999 703.574157714844 913.365661621094 938.547607421875 769.408020019531 562.09326171875 266.919921875 259.643371582031 247.983840942383 218.666244506836 193.791549682617 209.592895507812 258.479156494141 338.929656982422 465.352569580078 613.900390625 770.399719238281 625.704040527344 518.300903320312 453.820953369141 413.727355957031 407.786529541016 452.986511230469 515.071472167969 548.701599121094
177.132110595703 217.261215209961 222.547317504883 215.819778442383 216.70783996582 240.6416015625 268.300231933594 291.592926025391 418.959014892578 735.614501953125 1782.39038085938 3022.60693359375 2595.76025390625 1183.85009765625 739.545715332031 849.908935546875 1077.51123046875 991.520080566406 598.820251464844 -9999 -9999 -9999 -9999 -9999 -9999 425.107727050781 -9999 -9999 711.553283691406 681.193298339844 579.474243164062 292.126556396484 257.757568359375 248.444717407227 217.41340637207 175.090774536133 157.418701171875 178.560806274414 255.6630859375 392.654663085938 484.885772705078 503.934387207031 424.246337890625 460.050506591797 475.414337158203 464.79443359375 443.396331787109 441.572662353516 455.522705078125 478.913208007812
