rcp4.5models/GFDL_CM3/sc1gr1.17
NCOLS 261 
NROWS 433 
XLLCORNER 336357.134 
YLLCORNER 654653.479 
CELLSIZE 1000 
NODATA_value -3.4e+38 
[rows 286 to 307 of 433, columns 98 to 146 of 261]
58.5576438903809 58.7128295898438 58.9033203125 58.9808921813965 58.8992881774902 59.0753860473633 58.9978981018066 58.9166679382324 59.0107765197754 59.3745956420898 59.5729484558105 59.6322402954102 60.300048828125 60.692066192627 60.2347755432129 60.3767585754395 60.3299674987793 60.4342002868652 60.4831161499023 60.3457489013672 60.202507019043 61.1161766052246 62.3389015197754 62.949893951416 63.5787658691406 64.1038665771484 62.9282913208008 62.9804077148438 62.7451553344727 62.6554069519043 62.5790863037109 62.4129600524902 62.8484878540039 63.1121520996094 63.3507995605469 63.1797866821289 62.816822052002 -3.4e+38 -3.4e+38 64.3247299194336 64.310188293457 -3.4e+38 -3.4e+38 65.3309478759766 66.3392868041992 67.4282302856445 67.8409271240234 67.8784484863281 67.8412017822266
58.6216239929199 58.6624031066895 58.8441123962402 59.049674987793 59.0053901672363 59.0809783935547 59.1240882873535 59.0290451049805 59.1433448791504 59.4831237792969 59.5278625488281 59.6261596679688 60.1163864135742 60.4907531738281 60.5929870605469 60.6574554443359 60.6236190795898 60.7843856811523 60.9284744262695 60.8844833374023 60.5660400390625 61.1945190429688 62.6215934753418 63.7158813476562 64.1602096557617 64.5438385009766 63.6255531311035 63.7256507873535 63.6641693115234 63.359733581543 62.8827972412109 62.8549575805664 63.0610504150391 62.9461059570312 62.9772567749023 63.0436668395996 63.125545501709 63.5220336914062 63.8228759765625 -3.4e+38 64.7175598144531 64.6534576416016 64.6918640136719 65.4515075683594 66.1230926513672 67.121337890625 67.6394577026367 67.6595993041992 67.857307434082
58.7813949584961 58.7923889160156 58.7285652160645 58.9228515625 58.994457244873 59.0975379943848 58.9670219421387 59.1099548339844 59.4712677001953 59.5563545227051 59.509033203125 59.5524711608887 59.7209548950195 60.260814666748 60.7228622436523 60.9773406982422 61.2211875915527 60.7931022644043 60.8403816223145 61.0952568054199 60.9711074829102 61.0390968322754 62.0808944702148 63.5594100952148 63.987621307373 64.3558197021484 64.1497039794922 64.4167938232422 64.5110855102539 64.2770080566406 63.8459777832031 63.4088172912598 63.1235580444336 63.1292915344238 62.9963455200195 63.2659568786621 63.7073211669922 64.070915222168 64.4074478149414 64.4112243652344 65.1247634887695 65.5195693969727 64.7187576293945 64.7851943969727 65.639289855957 66.5034408569336 66.4510498046875 67.0705490112305 67.3067855834961
58.937313079834 58.9276161193848 58.7791976928711 59.05712890625 59.072940826416 59.1241493225098 59.0633163452148 59.1830215454102 59.3269577026367 59.4224815368652 59.5440711975098 59.488525390625 59.7931938171387 60.2306251525879 60.4016532897949 60.9912338256836 61.1438903808594 60.6971855163574 60.5981559753418 60.8035202026367 61.2132835388184 61.1026992797852 61.568115234375 62.7550048828125 63.2958374023438 63.8337593078613 64.4253616333008 64.6686477661133 64.9222869873047 64.7410202026367 64.4715576171875 63.9688110351562 63.7243232727051 63.8438758850098 63.7590980529785 63.6726760864258 63.8582382202148 64.2550659179688 64.8382186889648 64.6220474243164 64.9864807128906 65.801139831543 -3.4e+38 64.8014221191406 65.3580093383789 65.9049453735352 65.6459197998047 66.5791168212891 66.9386291503906
59.1006202697754 59.2495727539062 59.2362747192383 59.2766380310059 59.2787322998047 59.3626174926758 59.2793998718262 59.2382049560547 59.3871459960938 59.3729476928711 59.6969604492188 59.9422454833984 59.973560333252 60.6457481384277 60.6797523498535 60.9461479187012 60.9454345703125 60.8833465576172 60.8039703369141 60.9439315795898 60.9159660339355 61.0437278747559 61.3760528564453 61.9521522521973 62.4589881896973 63.2773208618164 64.1920928955078 64.4327011108398 64.4579467773438 64.6178359985352 64.7602462768555 64.7332458496094 65.0883483886719 65.2894134521484 65.2001419067383 65.1753463745117 64.6016311645508 64.8557586669922 65.4499359130859 65.5354843139648 65.4472732543945 66.217887878418 66.5214309692383 65.4392318725586 -3.4e+38 65.2732315063477 65.4798812866211 65.7379379272461 66.154411315918
59.5244979858398 59.1518516540527 59.2070388793945 59.2324562072754 59.2964248657227 59.3161544799805 59.3749313354492 59.5575790405273 59.4704322814941 59.371955871582 59.6839218139648 60.1004295349121 60.3666496276855 60.5603141784668 60.9492950439453 61.0680503845215 61.0463638305664 61.1943283081055 61.0943832397461 61.008171081543 61.1412048339844 61.2437210083008 61.7042503356934 62.3473854064941 62.3474617004395 62.698600769043 64.0709838867188 64.4513168334961 64.5907211303711 64.6188583374023 64.7433013916016 64.8331527709961 64.7718887329102 64.9242706298828 65.2322387695312 65.5794830322266 65.4137191772461 64.8647232055664 65.3586349487305 65.5203247070312 65.7220916748047 66.2719573974609 66.5953521728516 65.4717636108398 64.6593322753906 64.8062057495117 65.2526931762695 65.505485534668 65.9434204101562
60.0197372436523 59.6427230834961 59.3879585266113 59.6503639221191 59.5962600708008 59.2992897033691 59.3049240112305 59.5196418762207 59.4371566772461 59.4311676025391 59.714542388916 59.9849014282227 60.368824005127 60.191333770752 61.1859931945801 61.3851585388184 61.0895118713379 61.0945510864258 61.0323600769043 61.1059646606445 61.3366813659668 61.476978302002 61.6734580993652 62.3973922729492 62.7571754455566 62.7933502197266 63.7669944763184 64.2321701049805 64.6273574829102 64.7290496826172 64.9738922119141 65.0646591186523 64.6611557006836 64.7888412475586 65.4315719604492 65.7286224365234 -3.4e+38 65.2054214477539 65.1495132446289 65.5136566162109 66.3065490722656 66.6438751220703 66.9828033447266 66.2805404663086 65.3208999633789 64.9296875 -3.4e+38 -3.4e+38 -3.4e+38
59.7047729492188 59.7287101745605 59.4470100402832 59.6287498474121 59.5920028686523 59.4311218261719 59.2929649353027 59.2659034729004 59.3478584289551 59.5397491455078 59.59130859375 59.4391746520996 59.7949600219727 59.833438873291 61.5394630432129 61.7959289550781 61.5107917785645 61.3251075744629 61.0620269775391 61.1163482666016 61.1330070495605 61.3427696228027 61.7487487792969 62.510929107666 63.0032577514648 63.0872459411621 63.5833015441895 64.1264190673828 64.4816970825195 64.7832717895508 65.0465469360352 65.2308883666992 65.1551971435547 65.3261871337891 65.6604537963867 65.7607269287109 65.8308181762695 65.3913803100586 65.4755401611328 65.8778991699219 66.5046539306641 66.8743591308594 66.9783096313477 66.8663482666016 66.5501403808594 66.4009246826172 65.9229965209961 65.6148986816406 -3.4e+38
59.2782821655273 59.3258781433105 59.2673683166504 59.2589530944824 59.3964500427246 59.402774810791 59.3547592163086 59.3961563110352 59.4448013305664 59.5220108032227 59.8047943115234 59.7153053283691 59.7504234313965 59.6872787475586 61.2642250061035 61.6654472351074 61.3817176818848 61.4386138916016 61.1849403381348 61.264778137207 61.4626045227051 61.7335090637207 62.3122024536133 62.8382263183594 63.1898460388184 63.5985260009766 63.7581901550293 64.1783599853516 64.5576171875 64.9616928100586 64.885139465332 65.1527404785156 65.4078216552734 65.4384460449219 65.6793899536133 65.8213500976562 65.8773880004883 65.5837707519531 66.1183013916016 66.1346740722656 66.3392715454102 66.9092254638672 66.852180480957 66.6089706420898 66.854118347168 67.6699829101562 67.3362350463867 66.3229446411133 66.5850372314453
59.204158782959 59.5444488525391 59.6024169921875 59.2503700256348 59.3564643859863 59.3889541625977 59.5348243713379 59.4519577026367 59.4329833984375 59.5983467102051 59.9762115478516 59.9940452575684 59.9452133178711 59.7817764282227 61.1357650756836 61.6179618835449 61.0214385986328 61.0757331848145 60.9190864562988 61.2883567810059 62.0376892089844 62.4354133605957 62.9071273803711 63.2979469299316 63.5057601928711 63.7446823120117 64.1215515136719 64.1125946044922 64.5227355957031 64.9720458984375 64.7310104370117 64.6950607299805 65.1162872314453 65.3122482299805 65.6482849121094 65.9439544677734 65.6719360351562 66.12646484375 66.5510177612305 66.591682434082 66.6712646484375 66.8337020874023 66.700325012207 66.1074523925781 66.2081680297852 67.5069961547852 67.560417175293 66.4694366455078 66.8584060668945
59.2231292724609 59.6925010681152 60.179557800293 59.7934837341309 59.4413757324219 59.3042488098145 59.4408073425293 59.4383239746094 59.6020431518555 59.760669708252 59.8176689147949 60.1147079467773 60.4036903381348 60.2421989440918 61.8477325439453 62.0435905456543 61.1795082092285 60.7529602050781 60.7947807312012 61.3731079101562 62.3339576721191 63.008674621582 63.4293785095215 63.6577682495117 63.751781463623 63.7905349731445 64.4497528076172 64.3020935058594 64.4011001586914 64.8649826049805 64.6128311157227 64.2698822021484 64.7926406860352 65.4095306396484 65.7867889404297 65.8523559570312 65.5142517089844 66.0067749023438 66.4112777709961 66.6314468383789 66.893913269043 67.0300674438477 66.8471755981445 66.2233734130859 66.1830825805664 67.4836807250977 67.3484344482422 66.1897201538086 66.6744995117188
59.1633071899414 59.6023292541504 60.4549751281738 60.3165321350098 59.7335090637207 59.2936019897461 59.4275550842285 59.5896759033203 59.687126159668 59.7071571350098 59.8766059875488 60.4077262878418 61.0124282836914 60.9552688598633 61.8203964233398 61.8639259338379 61.4469795227051 60.9822731018066 61.0465431213379 61.7109184265137 62.4465599060059 63.1982536315918 63.650074005127 63.5044822692871 63.4627799987793 63.8556060791016 64.426155090332 64.4800720214844 64.5356369018555 64.8316268920898 64.6930389404297 64.1094055175781 64.0395812988281 64.8586044311523 65.7054748535156 65.575439453125 65.5119552612305 65.9214324951172 66.4032821655273 66.6352767944336 66.6377410888672 66.9034652709961 66.995849609375 66.5901565551758 66.6645812988281 67.5920639038086 67.4557342529297 66.2263717651367 66.6206283569336
59.4191741943359 59.7209663391113 60.4656562805176 60.3929557800293 59.8227691650391 59.5114479064941 59.5816268920898 59.6200332641602 59.6295967102051 59.7832298278809 60.2743911743164 60.7084617614746 61.4259719848633 61.5087127685547 62.006217956543 61.9813652038574 61.9501266479492 61.4781303405762 61.3630676269531 61.6670722961426 62.3329124450684 62.9373321533203 63.526683807373 63.4737701416016 63.4504661560059 63.9149551391602 64.6018753051758 64.6168365478516 64.6528167724609 64.8607177734375 64.7504043579102 63.8194847106934 63.0959281921387 64.1996383666992 65.3948822021484 65.5753936767578 65.9518585205078 66.3978118896484 66.6867599487305 66.6547088623047 66.5231246948242 66.6685485839844 67.2710723876953 67.1735534667969 67.224609375 67.8694763183594 67.3733139038086 66.202766418457 67.3618698120117
59.6345672607422 59.8956298828125 60.5148277282715 60.6242370605469 60.5137939453125 60.4341430664062 59.9951362609863 59.8315582275391 60.2340545654297 60.9125709533691 61.1494064331055 61.312198638916 61.6920928955078 61.7100257873535 62.2112998962402 62.3953170776367 62.0984535217285 61.7188491821289 61.7579460144043 61.6748733520508 62.3081207275391 63.0543746948242 63.6974868774414 63.8017578125 63.8271980285645 64.0160140991211 64.6269149780273 64.6891250610352 64.4735946655273 64.6013412475586 64.4460678100586 63.2760887145996 62.5129814147949 63.9992446899414 65.1625518798828 65.4905166625977 65.9173736572266 66.4038848876953 66.6436004638672 66.4363403320312 66.5502243041992 66.9850616455078 67.6483764648438 67.5911636352539 67.2780914306641 67.3926620483398 66.6245269775391 66.3569564819336 67.9761581420898
59.9502944946289 60.3665046691895 60.8862800598145 61.4001083374023 61.3887557983398 61.3673248291016 61.1940956115723 60.6387519836426 60.3476982116699 61.23291015625 61.7615013122559 61.652530670166 61.7706146240234 62.0581245422363 62.0129470825195 62.2782402038574 61.9035491943359 61.5798988342285 61.9372978210449 61.8722953796387 62.2297515869141 63.1902503967285 63.7678833007812 63.9035148620605 63.8667678833008 63.9673347473145 64.2807312011719 64.4938201904297 64.4658355712891 64.426399230957 63.9374122619629 62.6558418273926 62.2690200805664 64.011604309082 64.7175979614258 64.4412612915039 64.7588043212891 66.0869216918945 66.3411026000977 66.4519958496094 66.3533782958984 66.9300231933594 67.5175857543945 67.4398956298828 67.0076370239258 66.8439483642578 67.2434234619141 67.4837799072266 68.1233749389648
60.9646682739258 61.4604797363281 61.7698974609375 61.8907241821289 62.0669555664062 61.885986328125 61.8993949890137 61.9468116760254 61.5341720581055 61.3333625793457 61.6374130249023 61.8612480163574 61.8166999816895 61.9800109863281 62.0075454711914 62.0451850891113 61.6591262817383 61.5678749084473 62.2202796936035 62.9489402770996 63.0872650146484 63.1186676025391 63.6297569274902 63.8915176391602 63.7179794311523 63.9501495361328 64.1129989624023 64.2034759521484 64.3058853149414 64.3221588134766 64.2849578857422 63.4920692443848 61.6382751464844 61.0346298217773 60.5564422607422 59.8827896118164 61.222240447998 64.3648376464844 65.1692810058594 65.4339981079102 65.3042144775391 65.6730575561523 66.8133239746094 67.3281707763672 67.3601684570312 67.9655609130859 67.8728942871094 67.5564117431641 67.5441055297852
60.5475158691406 61.1903228759766 61.3796691894531 61.8606491088867 62.1087455749512 62.0219993591309 61.8013076782227 61.7898979187012 61.7511291503906 61.681640625 61.6102828979492 61.5733451843262 61.6855964660645 61.8918685913086 62.0616645812988 61.9482612609863 61.5724868774414 61.8802795410156 62.4717292785645 63.0959815979004 63.1517944335938 63.2912216186523 63.7193450927734 63.8570137023926 63.6263580322266 63.8224143981934 64.1869201660156 64.2365875244141 64.129997253418 63.5337066650391 63.0912628173828 63.1012115478516 61.5515556335449 59.7138137817383 58.7507171630859 58.5312004089355 59.7438278198242 63.100284576416 63.6005821228027 63.5622062683105 63.2223472595215 64.0829772949219 66.3364944458008 67.5087051391602 67.6140823364258 67.7205276489258 67.4299392700195 67.0854721069336 66.7948837280273
60.7819404602051 61.3246116638184 61.4808006286621 61.935863494873 62.0477867126465 61.9482345581055 61.7769012451172 61.8934898376465 62.0511360168457 62.0206642150879 61.8542137145996 61.7743034362793 61.8726387023926 62.009162902832 62.2159461975098 62.1199645996094 61.8772621154785 62.2262840270996 62.620719909668 62.9838066101074 63.1165580749512 63.3282051086426 63.5757865905762 63.6630096435547 63.407169342041 63.5762596130371 64.2228469848633 64.358154296875 64.2271270751953 63.2713813781738 62.3145980834961 62.4277610778809 61.2347145080566 59.4447937011719 58.4368553161621 58.3163871765137 59.3841552734375 62.088321685791 61.9070129394531 61.5391464233398 62.2678413391113 64.4404678344727 66.6668548583984 67.7399139404297 67.8842239379883 67.2368392944336 66.5685348510742 65.9222717285156 66.8799514770508
60.7866325378418 60.8714790344238 61.0883750915527 61.4178161621094 61.7169723510742 61.8078308105469 61.9889640808105 62.1621398925781 62.0315895080566 62.0547981262207 62.2268486022949 62.2813911437988 62.5285682678223 62.5000038146973 62.1217727661133 61.9185218811035 61.9570426940918 62.2645072937012 62.6691131591797 63.0934181213379 63.3813285827637 63.3633003234863 63.4845123291016 63.5688438415527 63.3626136779785 63.4644813537598 64.3185958862305 64.5787658691406 64.7268981933594 64.1929244995117 63.0754890441895 62.2078742980957 61.5523910522461 60.2355690002441 59.2933807373047 58.5847816467285 58.8281478881836 60.043384552002 59.9779968261719 60.8207778930664 63.6683197021484 66.1699523925781 67.4289016723633 67.8509902954102 67.6970748901367 66.4664611816406 65.2236175537109 63.6002922058105 65.4000778198242
60.1286544799805 60.2580986022949 60.5226745605469 61.0639495849609 61.4790420532227 61.5760345458984 61.8519401550293 62.0536079406738 61.8287734985352 61.8227577209473 62.1250915527344 62.4443893432617 62.5906181335449 62.4145584106445 61.9370803833008 61.6302299499512 62.1222076416016 62.6701965332031 62.6974029541016 62.8631629943848 63.441577911377 63.432559967041 63.753002166748 63.9917907714844 63.6263999938965 63.6164627075195 64.2425537109375 64.5075073242188 65.0297241210938 64.958625793457 64.534797668457 63.4389152526855 62.715202331543 61.354419708252 60.2741508483887 59.2131500244141 58.3610153198242 59.1636734008789 60.6487579345703 62.3779296875 64.9142456054688 66.7719497680664 67.4987335205078 67.3456802368164 66.9429626464844 65.6809997558594 64.1606216430664 62.0922393798828 63.0265655517578
60.3768920898438 60.9449310302734 60.89501953125 61.1597099304199 61.4384346008301 61.5807685852051 61.9273986816406 62.0816078186035 61.9074478149414 61.9404640197754 62.076099395752 62.4056739807129 62.3320007324219 62.2532730102539 61.7263031005859 61.665771484375 62.2445678710938 62.9776039123535 62.9997138977051 62.7891311645508 62.9855804443359 63.2153053283691 63.6552772521973 64.0027542114258 63.9237899780273 63.8847770690918 64.2110443115234 -3.4e+38 64.6660995483398 64.9839782714844 65.283332824707 64.824951171875 64.0000991821289 62.7726020812988 61.3365020751953 59.7462501525879 58.4464683532715 59.6377792358398 63.0544815063477 64.7576217651367 65.6674728393555 66.3498001098633 66.3953170776367 66.2288513183594 65.7452087402344 64.3435287475586 62.691722869873 61.4138832092285 61.6789512634277
61.0399398803711 61.5820655822754 61.3851203918457 61.2832946777344 61.5228500366211 61.7291374206543 62.0908699035645 62.234260559082 62.1132469177246 62.2859840393066 62.3419380187988 62.3036575317383 62.2161102294922 62.1034469604492 61.7243194580078 61.8486709594727 62.061164855957 62.7786293029785 63.2331886291504 63.3408470153809 63.1246871948242 -3.4e+38 -3.4e+38 -3.4e+38 -3.4e+38 -3.4e+38 -3.4e+38 64.1829452514648 -3.4e+38 -3.4e+38 65.4014587402344 65.2251815795898 64.80224609375 63.9397621154785 62.3186798095703 60.0851669311523 58.5345878601074 60.3275985717773 63.9432029724121 65.5664215087891 66.0257415771484 65.8339462280273 64.3643569946289 63.4740524291992 63.3538780212402 62.0378341674805 60.8280944824219 60.3034744262695 60.5066146850586
