rcp4.5models/GFDL_CM3/sc1gr9.1
NCOLS 261 
NROWS 433 
XLLCORNER 336357.134 
YLLCORNER 654653.479 
CELLSIZE 1000 
NODATA_value -9999 
[rows 176 to 197 of 433, columns 150 to 199 of 261]
250.357896657856 248.146361703373 246.111370141956 244.484880919382 242.117463210928 241.149378317624 238.806298357145 237.833264218549 234.350519411204 232.721290236987 231.862304001693 229.918469103015 229.431049197906 228.408987994637 225.948742222827 224.920243120565 223.323267086875 223.27046969653 222.677162350114 219.372308705283 218.649516580072 217.504313412242 216.833252836015 215.063666502669 212.686716925169 212.255024242725 211.890071170803 210.750234677273 209.096678022947 208.833130690228 205.457396832835 204.280589333783 204.657007046018 203.386722425932 201.022106333652 200.101494470935 198.831353826832 197.249770637075 196.470675968041 195.944906938723 194.979383396521 193.541292701299 190.739163983527 188.896352283239 -9999 186.517962190827 185.914750731727 184.718974459681 182.979379686619 182.660067223047
248.457743333668 247.133648123635 244.622189561348 242.648692439875 241.835201139717 240.870317195977 238.053219151285 236.536687926407 233.598220048172 231.835763936973 230.892725578776 229.185345082879 229.179949961817 228.159241893191 225.550926684424 224.644468882649 223.395827362724 222.546444400786 222.812632526569 218.817025564508 218.579024660288 217.166183650351 215.733903511672 215.267894177123 213.147819604735 211.692489013713 211.426919858854 209.857309830557 208.367512158486 208.570755786213 205.860939294862 203.809278890002 203.757706562243 202.398457098902 200.293948283734 199.837532887704 198.916885313876 198.035406272123 196.757668721889 195.101919751087 194.422746478693 193.405607334856 190.815198636395 189.627628234752 187.801263469235 186.263358243632 185.44388777649 183.893692127446 182.092300355841 181.949630945235
247.064948227429 245.157089657064 243.327791859432 -9999 240.335444115069 239.04186101276 237.364838302269 235.404989803492 233.316582821291 231.369390535952 230.031802997722 228.287242021519 228.430980341079 227.891988703658 225.286567038727 224.297736161859 222.77054605821 221.653053020082 222.07249543367 218.552452574946 218.312419384185 216.540828096773 214.528508587009 214.902341643355 213.595379010238 211.421922539748 211.154432152245 209.831213385248 208.304695178896 207.828464824471 206.029670464071 204.346451328109 203.274084756838 201.979025212485 200.175758530327 199.099460136363 198.642817951065 198.107522550788 197.093866605798 194.831582132482 193.939805004246 192.927263755561 190.549235352758 -9999 188.098061616781 186.002937247817 185.183922010026 184.050305715172 182.305298120419 181.058499605869
246.318255962473 243.455229309916 241.928684282819 240.332760715224 239.028036395406 237.24144023327 236.814533551889 235.632613066697 233.014546858391 231.073224897821 229.739190398435 227.80788040259 227.515668605609 227.128492873211 225.004970560733 223.630337275584 221.712211722976 221.177850779953 221.161743943994 218.272519856057 218.030636094856 216.259070208104 214.046071335309 213.986561612883 213.29493545288 212.002770871386 210.868486474832 209.911822061422 208.500809786382 206.908886191716 206.101065349854 204.511565611008 202.612729978386 202.046713295384 200.318992114324 198.182254030205 197.895523680671 197.823374557228 197.240998998448 195.303728540339 193.661599670135 192.774179311173 189.815023518358 189.421834596852 188.245650395894 186.43955876495 184.91851155643 184.107552925239 182.576472411728 180.582940138822
245.940431618609 242.691760370844 240.698806218193 239.976350793192 238.676877932543 236.712513237291 235.805948958922 234.494891093956 232.209757203018 230.757056370323 229.427125406486 227.501325426444 227.018445644363 226.197420849741 223.993864484761 223.324118912135 222.360182083546 220.882580944862 220.668395865354 217.504178352927 217.733445502513 216.419544140022 214.636769908947 213.487003621685 212.735729217924 211.942665948786 210.568879813128 209.61086609278 208.646225865275 207.236542902132 205.333864162186 204.689481167801 203.187162661793 201.749074118518 200.457305247267 198.458668983187 196.969017988426 197.066851577375 197.291533312164 195.615406272944 193.37541609195 192.488891626998 189.622777462361 188.682206577461 188.295645237444 187.130344809493 185.342864953442 183.837851121467 182.311028482517 180.319756085658
245.535877124875 242.297519449014 240.313400659933 239.116394248402 237.263298934601 236.345981443395 235.051543704703 233.114287463849 231.239922382356 229.940065860336 229.095342865782 227.175696586722 226.69498310792 225.683858710455 223.089907661198 222.765861513674 222.349633403295 220.570627881266 220.355640637203 216.563112017488 216.707539615138 216.011055063476 215.053239100182 213.173994948097 212.21933156009 211.446055285606 210.640663102213 209.296324958824 208.695006364456 208.044559845986 204.388460882168 204.433651791201 203.83062902052 201.440541605692 200.499738692789 199.212279782403 197.226995728107 196.392134465999 196.99023147263 195.740528472992 193.822124893091 192.19598293925 189.694703913349 187.763340684372 187.551328676499 187.172357635233 185.610264354888 183.563189378649 182.446319747278 180.727475442156
244.615177991675 242.191217643238 240.59063738074 238.317017617225 236.012193614161 235.479427617634 233.647396965463 232.739594440956 230.686542821455 228.956854043601 228.264488523503 226.830716077804 226.352564905572 225.345042112269 222.756033607653 222.238031390928 221.389413338662 219.767888544881 220.026134649319 216.944852151742 -9999 215.484698128321 215.096101316434 212.845903208994 212.085179928907 211.655480483738 210.826538013354 209.344277984037 208.365584540246 208.076730422781 203.857700673365 203.475855071143 203.4766774358 201.910979537478 200.181023395342 199.241926576555 197.534399797749 195.819844774335 196.217529954291 195.770454031912 194.110699889929 191.895472726177 189.81413966617 187.972027926198 186.898267374441 186.8846253768 185.327522518146 183.283669376823 182.484697637454 181.381265701165
243.534131864794 241.291905411101 240.007113588573 237.177512473519 235.108130682057 234.673006166199 -9999 232.342172333796 230.30087593802 228.389724566405 227.266172557642 225.757090282573 225.514031900475 224.987466947542 222.403925628765 221.886979126364 220.845354542073 218.793465720205 219.20693465164 217.805115700329 216.343937326978 215.055195995245 215.039419033651 213.824941752889 212.76600532761 211.616567746833 210.644063118732 209.061509864623 207.555977425366 207.733645107003 204.534136193195 203.306814132039 202.860807685027 201.756113128361 199.851607816498 198.913879377529 197.844405525274 196.846244752533 196.017809789079 194.991166027141 194.215216588875 192.318326950229 189.838861955421 188.647746541701 187.037525108214 186.130822640354 185.444132599857 183.684557284236 182.202476802461 181.41380327522
241.8091022176 239.921275039534 238.273708558405 236.137684595933 -9999 -9999 231.493120260638 231.921687803197 228.901043598796 227.991558788821 226.683435788038 224.785889568931 224.506286143521 224.135284476243 222.215260546045 221.886837163086 220.939700162438 219.159899241632 218.214824707083 218.188864316442 216.722287496666 214.493735666863 214.41934371491 214.08414009263 213.56278620359 212.110775588965 210.282869599645 209.138159957976 207.773728481483 206.911317704711 205.443197733261 204.064093435443 202.306237544763 201.462316196184 200.290287822668 198.575463693146 198.019574838019 197.767567506141 196.084451689955 194.033275142513 193.764386275207 192.998297618565 189.52825546462 188.664870980767 187.70513038584 186.271805066774 185.005903719779 183.931608588931 181.915961793947 181.129633795588
239.025254570911 236.731109197089 235.838856733236 233.437082538611 -9999 -9999 229.758377176978 229.247806063164 227.394802341662 227.130314905698 225.836800382325 223.957578360426 223.493512973084 222.966918158073 221.409648783888 220.925222325528 220.714189308006 219.967404254556 218.151171147856 217.243062138922 216.956184413324 216.152619390162 214.317410082221 212.669780215111 212.67022156608 212.042029035833 209.515110872637 208.895894386073 208.594179632039 207.02171565461 205.421305790122 204.756333518486 203.010594132735 200.622046126862 200.131608585044 200.055119852153 198.754684003661 197.069286343254 195.812627577282 193.887738580835 192.462069358301 192.203120907534 190.790389170838 189.501496698877 188.244140099556 187.083823621255 185.5205386551 184.653214665909 183.824781686829 181.595900618734
238.46294537 236.18192219111 235.297940348618 233.048281579909 -9999 -9999 229.260178136495 228.368080177359 226.30000141609 226.365772012899 225.747200639217 223.690408291032 223.419823829179 222.915126739689 221.569481783966 220.106376822038 220.44244257689 220.230717944352 218.942919229461 216.196937632495 216.225428463327 216.413216380549 214.625555314922 212.415675469829 212.321176438811 211.603287392656 210.143925080802 208.862156414734 208.188798504766 206.416997497553 205.332699649624 204.36362369018 203.047232805739 201.020965174749 199.70439887556 199.93271180598 199.002832233904 196.705721110901 195.787801120353 194.542121933994 192.636793078386 191.489394129233 191.325123364544 190.435456487669 188.61924614908 187.081310881816 185.935328488082 184.663181380372 184.00498074993 182.340317727624
237.331178056758 235.259073321977 234.247107967471 232.493893160832 -9999 -9999 229.099695955381 227.854560356004 225.617724433225 225.401215932937 225.098717006738 223.372085422911 223.263660499386 222.638072216767 221.485498802716 219.428063582736 219.527173138769 219.787676690856 219.06402656322 215.563215288704 215.39903419022 215.975768988619 214.382084325861 212.356436907891 211.689905006721 211.150977578084 210.574124439794 208.747817621007 207.76842107355 206.6297259417 205.260432695674 203.957987020776 202.991902771925 201.886850839499 200.420270295365 199.474110634717 199.036777268115 197.08212096973 195.418643993961 194.508836099512 193.275346542367 191.812266415829 191.281969257847 190.416963725618 188.843911159181 186.756611727629 185.928325628101 184.616573370053 183.23689153995 182.603003840911
235.229745572479 233.89740536486 232.007591074866 231.208275408846 -9999 -9999 228.852189326002 227.95397839654 225.101465867202 224.702270108105 223.974166556296 222.409900020877 222.780865345007 222.310114770066 221.775865190432 219.877177767811 218.80568570731 218.854888384615 218.756537885208 216.18463328787 215.075850019274 215.052444915999 214.528734631716 213.074108238918 211.242330509388 210.655365776668 210.471125147871 209.137439234408 207.332835387301 206.71435325064 205.112665241011 203.5393003066 202.779209722045 202.359655765975 200.9515786866 198.822796229423 198.518593813261 197.715633373361 195.781053924039 194.344924388519 193.820894099505 192.772266420307 190.932182205062 190.072035033669 188.90269555446 187.115896128328 185.603203814885 184.087834780164 -9999 -9999
233.730001488736 232.875400396708 230.523555588375 230.375788707091 -9999 -9999 227.799572504913 227.456285493559 224.735774418265 224.534880977065 223.897472293767 222.82117145998 222.276478782678 221.810716413361 221.661963594056 220.766754086362 219.350023543488 218.164823242812 218.643454207244 217.048608086588 215.589594078577 214.378786551053 214.792691435307 213.754935156449 211.817260099273 210.523045073274 210.290983839437 -9999 208.323095262941 207.448294338594 204.84715918067 203.633222733306 202.890697722732 202.241936368609 200.949199286304 198.967495759952 197.738759834536 197.650319490421 196.606349221791 195.238622710129 193.916078892248 193.026879595546 191.281916487023 189.721043075505 188.872536457127 187.32707589731 185.273532335013 -9999 -9999 181.830462619983
233.418972478984 232.215719750514 230.017971030928 230.038902353624 228.540461230533 226.375781014818 226.575837043353 226.464813734094 224.316674569269 224.283081213984 223.882183957223 223.155608813221 221.456846255035 221.656174671779 221.326120583108 220.999881143399 219.60772321388 217.815912198289 218.448894292737 217.288169233073 215.824767211537 213.804794705044 214.141862618927 213.627272650155 212.628545316402 211.187011077387 209.568832546892 209.405711979167 209.415747099973 207.958981983564 204.734907057309 204.408661229739 -9999 201.805812640201 200.857306238941 199.576029603861 198.026942261193 197.361842702075 197.076491664229 196.143794421869 194.253846349909 192.647137944199 191.418113117989 190.062116606577 188.521388778335 187.3746703359 185.619354823839 184.133748685949 183.03173137897 181.817900135935
233.017198683791 231.526934806662 229.345211752231 229.374246442305 228.056377350194 226.100348160832 225.760568089287 225.61077008029 224.689574181241 223.702402187482 223.310402404267 222.857697353476 221.369734251419 220.948585670341 220.9387822034 220.771736109929 219.708268988311 218.773828767942 218.536180462654 217.074284090943 215.933161685914 214.327232672851 213.24108633207 213.307360571658 212.851680318172 211.809725633248 209.891704090642 209.060966481963 209.233551318786 207.896929937737 205.591648516828 204.594321470137 204.131032880803 202.536965578185 201.175854239623 199.67887304858 198.953727170211 198.185000379276 197.702421774038 196.063769394085 194.841432376226 193.370944445666 190.990657730036 190.256611369485 188.164849420966 187.335075818173 186.205119145133 184.473888102666 183.009135467596 182.401992445625
232.288847702675 230.97494553336 229.002644352421 228.680849227697 227.977340250033 226.720755987611 225.277020145968 225.1396478669 224.765115705148 223.272182253777 223.078596668913 222.829781732773 222.204006128162 221.094398831122 220.74430270095 220.395974543705 220.049646494965 219.463608445809 218.941592396104 216.717601018 216.284764854617 215.256136637212 214.184807341479 214.152086991942 212.63255238863 211.835387802673 211.019515670675 209.674567986261 208.726581834529 207.941034116438 206.479314429719 204.893893175812 203.997688875719 203.241981629943 201.920272565089 199.771506850043 199.149708783827 198.684041536403 198.275054414885 196.373986872148 194.756032227654 193.869046256606 190.608620915936 190.274034611592 188.878399723324 187.662557255246 186.163903837618 184.669484193179 182.679465940089 182.377579498597
232.540648865879 230.365679294614 228.570704972561 228.126691180805 228.010904801848 226.844825144688 224.737500323836 224.770009189077 224.024314964362 222.787782872798 222.762462878208 222.366457829384 222.286339488745 221.647668461586 221.360575818978 220.876089518979 219.779718578907 219.071023545336 219.105848360903 217.180330173292 216.029617493741 215.246858149598 215.22953749621 215.042335103972 213.111377115417 211.82295451167 211.143181671664 210.000563488853 209.159874843524 208.755894092436 206.316100107591 205.205458150891 204.018876013675 203.300236757669 202.327889241063 200.367854169259 198.69716775497 198.237842091927 198.162599476633 196.93301638787 195.264553262764 194.044795193422 191.505737018192 190.794171412797 189.956995849808 188.819776086422 187.078183731309 185.300315976251 183.765927040093 182.708567905666
232.053376167469 229.707279292512 228.325059005853 227.973907202096 228.548886511469 226.285428675413 224.387386544045 224.24164409238 223.74956036673 223.416799449249 223.228632975404 222.093646067742 221.836133867564 221.576433667495 221.677944953433 221.840953522904 220.258139830496 218.992881810786 218.582320661872 218.12297074012 216.92421937382 216.043262827233 214.719477769187 214.548550173036 214.192937159336 212.815807316961 211.401209205466 209.791296023278 209.781046738495 209.60424836297 205.992100335493 205.399509101408 204.714682774581 203.87426257815 202.175284946208 200.910187073217 199.373089938092 198.720037671791 198.295175110919 197.39746398039 196.354793149142 194.809604504977 192.530332376078 191.570236953917 190.05015842547 189.227247603077 187.728753927413 185.72385632263 184.766452125588 183.492062673844
231.138223967618 228.997834596852 228.36286946583 228.894323712322 229.565282471035 226.123505479429 225.365556618891 224.613153376478 223.743454309932 223.981844798416 224.297993269544 223.287436655985 222.616833649415 221.416531420935 221.554417248154 222.066555486109 221.342503805171 220.001785810809 218.82709362318 218.363813683245 217.919816242869 216.886398492879 215.375389368139 214.924209636372 214.262411515076 213.460385762739 212.484499717031 210.558794994987 209.524332715722 209.390018551199 207.177499837477 206.113800214329 204.837023264239 204.394195257687 202.827943639496 201.696653645324 200.405690034667 199.787926477631 199.035915380615 197.421979603533 196.538351369103 195.345196833861 192.434510557008 192.113879551159 190.349192667241 -9999 187.742592573408 186.037304743603 184.593170823312 183.999558907837
229.855201075955 -9999 227.664322912479 228.682871380492 229.387819880381 224.629855678868 225.167788001188 225.139622154513 224.102067367631 223.943992439535 223.705134874704 223.530387133976 223.442576540237 223.352929908294 222.780405282875 222.561117668291 222.176713159864 221.356899637564 220.047233381094 220.253203369769 219.099727365912 217.925805454918 216.822101098926 215.62186646355 215.656392215287 214.286954842941 213.073645270461 211.655747365117 211.275783277331 211.109555234524 207.533176115798 206.948866576185 206.110427344335 205.148574768795 203.777968765859 202.854229959134 201.611876323153 -9999 200.105529018769 198.49964956772 197.30473777434 195.477104588981 193.229834229053 192.292320138275 190.486787440237 189.136131904258 187.967347309727 186.220296171325 184.553587029625 183.612586863194
-9999 -9999 -9999 227.498914212647 227.285296017282 224.091939611686 224.402131206805 225.191780500514 224.970640242506 224.635684681109 224.336903211813 224.608470714832 224.405376872847 223.694380591084 222.937700683792 223.447334026092 223.087991515357 222.302771420467 221.153849563593 221.378189905773 220.127591912743 218.794438385315 217.815236776015 216.298018096142 215.649047954401 214.849124400422 214.04276684204 212.695224801172 211.745585880728 211.025327317183 208.646221848877 207.601615339803 -9999 205.917722828342 204.369585310709 -9999 201.989102916001 201.539887873857 -9999 199.691766686185 198.433426907788 196.554945229567 193.688688949449 193.01311220788 190.971774355916 190.172488727957 188.499863546094 186.149235662861 185.090789379999 183.919347639875
