rcp4.5models/GFDL_CM3/sc1gr6.11
NCOLS 261 
NROWS 433 
XLLCORNER 336357.134 
YLLCORNER 654653.479 
CELLSIZE 1000 
NODATA_value -3.4e+38 
[rows 242 to 263 of 433, columns 147 to 195 of 261]
1536.30883789062 1563.11682128906 1601.83959960938 1606.79089355469 1577.90600585938 1570.30419921875 1571.36181640625 1574.39709472656 1574.341796875 1573.71130371094 1576.10205078125 1583.833984375 1591.89050292969 1596.37756347656 1599.76135253906 1602.70935058594 1604.62634277344 1610.27966308594 1615.7373046875 1622.94018554688 1626.35339355469 1632.46252441406 1639.49304199219 1641.73706054688 1647.70776367188 1656.40161132812 1664.0107421875 1671.220703125 1679.79858398438 1686.25830078125 1687.65612792969 1687.25402832031 1689.52111816406 1688.66748046875 1689.35766601562 1695.95751953125 1706.88757324219 1713.69384765625 -3.4e+38 -3.4e+38 1713.72485351562 1710.53039550781 1717.36486816406 1718.63146972656 1724.58972167969 1736.79309082031 1741.76928710938 1745.13708496094 1752.9248046875
1534.88635253906 1561.79736328125 1591.62451171875 1583.40051269531 1567.68041992188 1563.65600585938 1562.89562988281 1565.31408691406 1569.22131347656 1573.08081054688 1575.3212890625 1579.97546386719 1582.24011230469 1587.80737304688 1592.09997558594 1598.24865722656 1604.61560058594 1609.93676757812 1616.66186523438 1626.09204101562 1631.81701660156 1638.474609375 1641.42932128906 1646.88781738281 1651.18200683594 1656.67077636719 1665.46240234375 1673.24829101562 1680.78588867188 1690.490234375 1694.39379882812 1694.87548828125 1696.49194335938 1695.564453125 1699.98754882812 1709.62536621094 1712.82836914062 1712.1201171875 1716.68823242188 -3.4e+38 -3.4e+38 1726.67138671875 1725.57690429688 1730.4736328125 1740.2333984375 1778.88293457031 1779.9990234375 1768.00634765625 1763.72607421875
1535.99975585938 1566.71496582031 1595.70080566406 1576.5009765625 1565.28576660156 1560.81982421875 1560.01318359375 1560.68627929688 1564.60461425781 1570.51147460938 1572.29235839844 1579.23571777344 1580.40698242188 1585.35412597656 -3.4e+38 1597.00512695312 1605.85192871094 1612.28076171875 1615.79125976562 1623.94055175781 1631.0947265625 1636.158203125 1644.10192871094 1651.12573242188 1655.619140625 1659.31677246094 1670.04614257812 1682.68041992188 1699.10925292969 1702.69140625 1697.69091796875 1696.6552734375 1697.17150878906 1699.75305175781 1703.23596191406 1712.93481445312 1712.34887695312 -3.4e+38 -3.4e+38 -3.4e+38 -3.4e+38 1728.45190429688 1730.22668457031 1735.33129882812 1745.24548339844 1759.98205566406 1765.95422363281 1765.99438476562 1761.86560058594
1539.08422851562 1579.54138183594 1612.9619140625 1575.06433105469 1562.3896484375 1559.34948730469 1560.51171875 1558.77844238281 1559.08215332031 1563.65112304688 1567.23901367188 1574.19274902344 1577.10437011719 1582.31457519531 -3.4e+38 1594.59594726562 1602.04174804688 1609.90637207031 1613.17126464844 1619.44909667969 1624.4150390625 1630.41149902344 1644.50415039062 1654.82019042969 1659.43420410156 1662.49169921875 1672.89782714844 1698.05517578125 1735.85302734375 1727.72253417969 1709.22912597656 1699.2138671875 1699.05090332031 1704.12158203125 1709.76184082031 1713.08251953125 1709.85803222656 -3.4e+38 -3.4e+38 -3.4e+38 1727.04772949219 1733.45239257812 1740.51049804688 1744.43688964844 1752.34057617188 1758.68395996094 1758.88269042969 1761.96850585938 1764.68286132812
1538.02270507812 1577.67724609375 1626.27746582031 1599.32141113281 1559.24694824219 1556.5068359375 1558.81677246094 1558.86596679688 1557.59704589844 1560.38696289062 1564.84289550781 1571.09362792969 1575.50256347656 1580.12719726562 1585.51428222656 1591.4892578125 1597.88049316406 1604.34729003906 1609.00366210938 1615.00695800781 1620.18286132812 1627.28015136719 1638.93139648438 1649.75085449219 1655.87951660156 1661.31921386719 1673.47863769531 1698.15893554688 1733.00646972656 1737.70483398438 1717.54211425781 1700.48364257812 1698.71728515625 1703.71008300781 1712.19860839844 1712.48779296875 1712.14208984375 -3.4e+38 -3.4e+38 -3.4e+38 -3.4e+38 1735.18237304688 1759.19140625 1781.07592773438 1756.29650878906 1758.57006835938 1755.51452636719 1757.39916992188 1764.00244140625
1533.55871582031 1564.54113769531 1603.37829589844 1581.58532714844 1550.85375976562 1549.50207519531 1552.87438964844 1554.16723632812 1556.29016113281 -3.4e+38 1564.04211425781 1571.87707519531 1575.89807128906 1579.47717285156 1583.94067382812 1589.86791992188 1596.37902832031 1600.70495605469 1605.81066894531 1612.27795410156 1616.93676757812 1623.08605957031 1635.06164550781 1643.92272949219 1651.39758300781 1662.71862792969 1675.39282226562 1690.25756835938 1703.30810546875 1713.07934570312 1705.35925292969 1700.60070800781 1699.716796875 1700.60888671875 1706.3701171875 1708.8447265625 1713.11096191406 1715.69128417969 -3.4e+38 -3.4e+38 -3.4e+38 -3.4e+38 1754.62841796875 1776.24938964844 1749.91931152344 1759.12341308594 1757.67639160156 1753.91845703125 1756.68310546875
1530.44677734375 1552.81884765625 1570.31127929688 1551.03002929688 1542.35363769531 1547.72021484375 1550.01513671875 1551.16418457031 1556.05029296875 1562.29626464844 1563.611328125 1573.77099609375 1575.87060546875 1578.375 1584.01306152344 1589.57873535156 1596.07885742188 1600.92529296875 1605.91809082031 1613.47570800781 1616.53747558594 1622.48901367188 1633.31335449219 1641.17504882812 1649.33361816406 1662.23974609375 1674.25451660156 1687.90710449219 1694.99255371094 1696.96447753906 1702.10363769531 1704.75354003906 1701.09204101562 1702.4248046875 1704.95104980469 -3.4e+38 1711.42419433594 -3.4e+38 -3.4e+38 -3.4e+38 1730.43420410156 1734.61901855469 1741.74475097656 1750.22705078125 1747.04821777344 1756.15783691406 1761.07922363281 1755.8876953125 1751.66174316406
1529.79064941406 1555.13195800781 1585.77685546875 1573.8642578125 1542.93432617188 1547.90563964844 1549.81481933594 1551.82995605469 1555.20959472656 1559.18078613281 1562.57751464844 1571.34765625 1573.70629882812 1576.71459960938 1582.00866699219 1588.47302246094 1596.09130859375 1601.78002929688 1604.70727539062 1612.8466796875 1620.10070800781 1625.57202148438 1633.47058105469 1640.68530273438 1648.17700195312 -3.4e+38 -3.4e+38 1677.49353027344 1690.21643066406 1699.85998535156 1710.00598144531 1703.94970703125 1702.23864746094 1706.64709472656 1709.24682617188 1710.00415039062 -3.4e+38 -3.4e+38 -3.4e+38 1725.07141113281 1732.44445800781 1740.150390625 1747.09619140625 1752.22338867188 1749.98425292969 1752.58923339844 1761.923828125 1761.10168457031 1755.38940429688
1532.12463378906 1555.85070800781 1610.86401367188 1626.66760253906 1543.61120605469 1547.05383300781 1549.12841796875 1552.41772460938 1555.93444824219 1557.40100097656 1559.65856933594 1565.583984375 1569.76232910156 -3.4e+38 -3.4e+38 1590.611328125 1598.67651367188 1602.07348632812 1602.04663085938 1609.8740234375 1620.85327148438 1627.04089355469 1633.66577148438 1642.28259277344 1653.69653320312 1655.62756347656 -3.4e+38 -3.4e+38 1684.63781738281 1697.150390625 1706.24084472656 1704.73767089844 1712.89672851562 1703.37170410156 1704.99926757812 1709.31689453125 -3.4e+38 -3.4e+38 -3.4e+38 1728.76843261719 1740.072265625 1750.46166992188 1758.32421875 1758.74108886719 1749.88342285156 1750.93115234375 1757.42761230469 1765.98706054688 1769.33972167969
1531.85266113281 1542.27331542969 1593.60961914062 1630.93444824219 1541.03442382812 1544.30676269531 1548.08239746094 1552.32775878906 1556.4404296875 1557.99047851562 1558.18701171875 1563.53479003906 1566.98962402344 -3.4e+38 1579.39147949219 1591.2490234375 1597.49853515625 1600.11682128906 1600.82019042969 1608.09655761719 1615.84118652344 1624.60961914062 1633.65881347656 1642.76293945312 1656.52197265625 1660.10778808594 1670.01940917969 1683.00939941406 1684.40246582031 1692.798828125 1699.35424804688 1704.83166503906 1709.10314941406 1698.44946289062 1699.33862304688 1705.32287597656 1709.47314453125 -3.4e+38 -3.4e+38 1727.55908203125 1741.76806640625 1749.84375 1759.26379394531 1760.90869140625 1754.12658691406 1752.83044433594 1752.13781738281 1762.35510253906 1774.23791503906
1530.43737792969 1544.01306152344 1586.41149902344 1613.66674804688 1559.56298828125 1544.19311523438 1547.10522460938 1547.15808105469 1551.11962890625 1556.09704589844 1557.84191894531 1561.20080566406 1564.84838867188 -3.4e+38 1577.35485839844 1585.55407714844 1590.68798828125 1596.25634765625 1599.65893554688 1605.86303710938 1611.70983886719 1619.77478027344 1636.48095703125 1645.24609375 1658.13696289062 1668.86364746094 1696.57678222656 1719.78991699219 1690.10693359375 1694.39233398438 1698.455078125 1698.25427246094 1696.63647460938 1695.63940429688 1702.03955078125 1705.89672851562 1708.27478027344 1712.92956542969 1716.07495117188 -3.4e+38 1734.29040527344 1745.49975585938 1757.51635742188 1763.70031738281 1760.44604492188 1760.84460449219 1754.37805175781 1757.10961914062 1769.47375488281
1535.61779785156 1546.23767089844 1598.14208984375 1640.35083007812 1573.38598632812 1550.10583496094 1551.22229003906 1542.10864257812 1545.78747558594 1556.64025878906 1560.73864746094 1559.03527832031 1562.76599121094 -3.4e+38 1575.07360839844 1582.10363769531 1589.35131835938 1594.87194824219 1598.50207519531 1602.7001953125 1609.6396484375 1615.89489746094 1635.25061035156 1644.49389648438 1658.392578125 1674.39270019531 1710.8173828125 1738.41760253906 1689.70520019531 1694.66967773438 1700.22045898438 1697.20458984375 1696.48193359375 1695.99365234375 1705.3486328125 1706.11047363281 1707.93359375 1711.28076171875 1715.56762695312 -3.4e+38 1729.3828125 1742.81591796875 1758.12084960938 1767.03662109375 1761.01721191406 1764.90466308594 1759.25134277344 1755.56958007812 1765.29016113281
1534.30541992188 1537.46545410156 1575.81994628906 1610.9599609375 1557.97119140625 1541.69360351562 1543.55102539062 1538.43493652344 1541.28857421875 1550.67907714844 1556.21472167969 1558.48522949219 1561.44982910156 -3.4e+38 1575.77880859375 1584.7197265625 1591.38134765625 1594.32299804688 1598.91271972656 1601.06433105469 1608.24169921875 1616.45971679688 1634.8857421875 1646.09265136719 1659.00988769531 1673.06359863281 1690.54736328125 1704.21862792969 1685.90344238281 1699.1826171875 1710.31701660156 1704.86291503906 1695.34558105469 1697.24389648438 1704.70520019531 1703.849609375 1706.61193847656 1712.29650878906 1715.98937988281 -3.4e+38 1728.90173339844 1743.03979492188 1751.46008300781 1757.59118652344 1758.17456054688 1761.30895996094 1759.11010742188 1760.49133300781 1763.15844726562
1568.61730957031 1565.41296386719 1597.5927734375 1623.24914550781 1550.47900390625 1528.03759765625 1530.60021972656 1535.09252929688 1537.95568847656 1541.82507324219 1544.06372070312 1551.86120605469 1556.53283691406 1562.39318847656 1567.93017578125 1574.12109375 1580.11706542969 1589.30932617188 1597.01916503906 1596.79650878906 1602.08825683594 1609.6220703125 1634.45520019531 1639.92736816406 1648.9482421875 1659.24768066406 1657.96508789062 1668.66613769531 1680.7529296875 1689.29528808594 1701.23229980469 1698.37048339844 1690.44873046875 1694.70861816406 1703.37609863281 1705.15734863281 1708.87341308594 1713.462890625 1715.22985839844 1718.10559082031 1727.48596191406 1734.57067871094 1734.05786132812 1740.7021484375 1751.70629882812 1753.85876464844 1758.32177734375 1761.11633300781 1762.92138671875
1592.03491210938 1570.97705078125 1610.76159667969 1650.59338378906 1565.45422363281 1526.91931152344 1530.81774902344 1537.52233886719 1540.748046875 1542.45764160156 1544.19738769531 1548.45178222656 1553.98706054688 -3.4e+38 1566.05310058594 1571.734375 1577.84521484375 1588.30651855469 1597.888671875 1597.56274414062 1599.67517089844 1606.55578613281 1626.90515136719 -3.4e+38 -3.4e+38 1646.5302734375 -3.4e+38 1660.65930175781 1674.61120605469 1689.93798828125 1709.81323242188 1700.73791503906 1689.15905761719 1693.64306640625 1702.07604980469 1707.53784179688 1709.34020996094 1709.82824707031 1708.96496582031 1714.45874023438 1725.72192382812 1732.37097167969 1731.61584472656 1733.84765625 1745.46154785156 1751.20776367188 1752.40771484375 1753.18200683594 1760.0986328125
1620.29040527344 1606.90551757812 1608.32312011719 1628.64416503906 1563.7265625 1530.07336425781 1539.04052734375 1542.66906738281 1538.587890625 1537.55212402344 1542.53576660156 1546.65380859375 1550.86254882812 -3.4e+38 1563.20361328125 1570.50964355469 1575.31005859375 1582.92834472656 1592.90686035156 1597.59228515625 1597.28479003906 1602.76354980469 1618.27014160156 -3.4e+38 -3.4e+38 -3.4e+38 1650.15991210938 -3.4e+38 1674.96789550781 1701.5205078125 1725.89404296875 1695.8466796875 1685.85498046875 1694.27392578125 1699.49536132812 1704.90466308594 1705.67810058594 1705.72644042969 1706.56726074219 1711.91845703125 1724.46813964844 1731.91186523438 1732.03247070312 1731.63830566406 1736.03112792969 1742.46740722656 1746.11096191406 1753.10192871094 1759.8505859375
1656.09375 1625.63952636719 1607.06579589844 1623.19091796875 1576.34375 1558.36499023438 1590.00695800781 1571.74731445312 1534.43212890625 1535.57580566406 1540.7109375 1545.05944824219 1549.19934082031 1553.75915527344 1562.17309570312 1570.62341308594 1574.19506835938 1580.24963378906 1590.03515625 1597.5087890625 1596.01306152344 1599.95788574219 1616.50329589844 -3.4e+38 1636.70104980469 1645.94226074219 1659.74694824219 1672.09143066406 1678.72375488281 1714.04724121094 1748.91369628906 1681.76245117188 1683.55798339844 1692.22058105469 1695.29211425781 1696.5419921875 1701.88146972656 1703.22814941406 1703.85473632812 1712.96228027344 1723.47802734375 1728.41320800781 1731.11401367188 1728.87658691406 1728.94079589844 1736.48693847656 1745.64404296875 1754.23156738281 1758.4306640625
1709.56701660156 1653.45739746094 1637.49658203125 1655.53137207031 1615.41650390625 1584.95849609375 1604.09228515625 1587.39038085938 1530.29614257812 1531.97521972656 1535.7744140625 1542.17919921875 1546.76940917969 1550.99963378906 1558.66687011719 1567.51647949219 1573.55895996094 1577.45129394531 1585.88928222656 1594.48461914062 1596.302734375 1598.47534179688 1616.35925292969 1626.04235839844 1633.78820800781 1649.478515625 1679.431640625 1735.12512207031 1777.45532226562 1753.52124023438 1719.25036621094 1680.96374511719 1683.6171875 1688.65380859375 1690.90258789062 1690.24951171875 1695.42639160156 1698.68408203125 1702.13037109375 1714.27380371094 1723.38208007812 1722.26818847656 1722.77661132812 1721.51550292969 1722.30834960938 1737.17785644531 1746.75854492188 1750.0078125 1756.29895019531
1816.76647949219 1732.18395996094 1681.30004882812 1654.15783691406 1612.232421875 1580.99597167969 1569.07824707031 1574.90148925781 1525.61853027344 1527.67883300781 1531.673828125 1539.28930664062 1543.09448242188 1547.18237304688 1553.74731445312 1563.67346191406 1574.31176757812 1574.56433105469 1581.73547363281 1591.45788574219 1595.34094238281 1595.95190429688 -3.4e+38 -3.4e+38 -3.4e+38 1658.72924804688 1727.34777832031 1809.04858398438 1814.52978515625 1726.43286132812 1681.02551269531 1682.63818359375 1683.09338378906 1686.17858886719 1687.30480957031 1685.15478515625 1688.67858886719 1694.1337890625 1698.07763671875 1709.02087402344 1721.51916503906 1720.49206542969 1714.49182128906 1717.73852539062 1719.81176757812 1738.60852050781 1745.08825683594 1748.95056152344 1758.7890625
1900.53076171875 1789.96728515625 1653.35339355469 1579.44580078125 1556.59130859375 1552.67004394531 1552.83740234375 1560.37219238281 1522.08056640625 1528.27355957031 1534.32165527344 1537.78735351562 1540.31689453125 -3.4e+38 1551.58618164062 1564.1533203125 1575.50744628906 1575.6513671875 1580.52270507812 1587.31994628906 1590.27001953125 1592.21179199219 -3.4e+38 -3.4e+38 -3.4e+38 1654.1748046875 1715.38793945312 1739.06384277344 1705.22607421875 1665.20532226562 1676.39562988281 1679.79223632812 1676.75817871094 1681.056640625 1680.13781738281 1680.75036621094 1687.11767578125 1691.40466308594 1693.85083007812 1703.26342773438 1712.28540039062 1714.46801757812 1712.76293945312 1718.00561523438 1719.33544921875 1738.86999511719 1746.73815917969 1750.47106933594 1758.03271484375
1826.59484863281 1718.384765625 1585.27233886719 1555.52087402344 1565.07482910156 1552.34411621094 1538.15539550781 1547.71240234375 1544.3935546875 1546.09118652344 1534.16650390625 1537.61352539062 1541.33813476562 -3.4e+38 1549.49572753906 1561.68664550781 1572.90710449219 1575.81872558594 1581.71545410156 1586.28747558594 1587.63000488281 1589.71704101562 -3.4e+38 -3.4e+38 -3.4e+38 -3.4e+38 1650.10620117188 1644.2431640625 1644.90454101562 1656.23291015625 1668.37731933594 1673.25268554688 1670.51586914062 1673.26928710938 1673.90075683594 1679.13793945312 1686.73571777344 1689.92224121094 1691.20153808594 1698.62829589844 1701.61291503906 1710.95129394531 1719.79418945312 1717.23034667969 1716.25390625 1740.01220703125 1751.46166992188 1751.69750976562 1755.47619628906
1744.603515625 1618.41784667969 1576.44787597656 1635.15576171875 1668.58776855469 1608.67529296875 1529.28564453125 1542.11242675781 1556.01977539062 1543.86193847656 1530.20166015625 1533.16870117188 1538.41284179688 1540.55603027344 1546.4365234375 1556.03759765625 1565.86877441406 1571.64221191406 1580.22839355469 1585.9091796875 1588.84533691406 1587.85095214844 -3.4e+38 -3.4e+38 -3.4e+38 1616.28735351562 1624.65881347656 1633.00451660156 1640.43249511719 1651.39624023438 1662.6689453125 1669.36767578125 1669.12438964844 1666.41650390625 1672.55407714844 1676.19091796875 1679.63305664062 1681.85754394531 1685.50964355469 1696.70324707031 1699.91259765625 1708.71813964844 1717.55651855469 1713.10864257812 1710.89282226562 1733.55981445312 1744.87622070312 1750.63928222656 1755.59851074219
