rcp4.5models/GFDL_CM3/sc1gr4.28
NCOLS 261 
NROWS 433 
XLLCORNER 336357.134 
YLLCORNER 654653.479 
CELLSIZE 1000 
NODATA_value -9999 
[rows 220 to 241 of 433, columns 100 to 149 of 261]
292.732086181641 292.056640625 291.291656494141 290.226104736328 289.573760986328 288.6806640625 288.119537353516 288.660125732422 286.965454101562 285.720123291016 289.379150390625 290.321197509766 290.757080078125 290.987030029297 290.807098388672 290.153472900391 289.272583007812 289.789123535156 290.114227294922 290.476928710938 290.683197021484 290.756896972656 290.733001708984 290.478729248047 289.664581298828 289.782745361328 289.784790039062 285.699554443359 281.187835693359 287.330261230469 289.530548095703 289.433929443359 288.626861572266 286.621276855469 286.195709228516 286.428680419922 285.30078125 281.208801269531 275.242523193359 277.534637451172 284.213073730469 277.313415527344 278.988494873047 290.489105224609 290.869293212891 291.404693603516 294.863098144531 295.438873291016 295.916961669922 296.368072509766
292.504302978516 291.383361816406 290.789703369141 290.138916015625 290.032287597656 290.051300048828 289.213562011719 288.970153808594 286.915161132812 286.444641113281 289.378143310547 290.136535644531 290.181488037109 290.553344726562 290.615051269531 289.745056152344 288.746673583984 288.534362792969 289.879333496094 290.340301513672 290.440612792969 290.521331787109 290.519256591797 290.236541748047 289.638824462891 289.146606445312 289.180786132812 283.743469238281 278.289123535156 288.234405517578 288.93359375 288.919067382812 288.405975341797 286.183624267578 283.632141113281 285.677368164062 282.991119384766 276.457611083984 274.295043945312 280.660919189453 284.904022216797 276.280944824219 278.497436523438 290.83056640625 291.336364746094 291.907653808594 294.347412109375 295.070922851562 295.889495849609 296.343505859375
292.322265625 291.210998535156 290.205596923828 288.795440673828 288.735015869141 290.199798583984 289.783569335938 288.570220947266 286.377014160156 287.09912109375 289.340362548828 289.831756591797 289.679779052734 290.176666259766 290.157836914062 289.104064941406 288.144775390625 288.202362060547 289.592712402344 289.833190917969 290.005554199219 290.246612548828 290.143341064453 289.856292724609 289.414306640625 288.847930908203 288.371887207031 283.272155761719 277.727996826172 287.776123046875 288.446838378906 288.486389160156 288.00927734375 286.543670654297 284.552490234375 284.529418945312 280.710510253906 275.862396240234 279.851348876953 287.163604736328 287.070678710938 281.731323242188 281.370941162109 289.597595214844 291.584167480469 292.010589599609 294.369903564453 294.98095703125 295.555053710938 295.878845214844
292.896087646484 291.287200927734 289.850067138672 287.488708496094 287.320892333984 289.894775390625 289.683227539062 288.240234375 286.563201904297 288.099914550781 289.276916503906 289.424835205078 289.517272949219 289.523712158203 289.075134277344 288.597045898438 288.340698242188 285.948394775391 283.261108398438 288.741363525391 289.771697998047 289.761108398438 289.711639404297 289.528961181641 289.318664550781 288.892852783203 286.927551269531 281.571166992188 279.549011230469 287.405395507812 287.881561279297 288.143218994141 287.684173583984 286.628601074219 284.170806884766 281.883972167969 280.422729492188 283.273101806641 286.371765136719 289.612548828125 288.502868652344 287.527618408203 285.660095214844 288.313934326172 292.157409667969 292.650848388672 294.673187255859 294.905639648438 295.216705322266 295.60498046875
293.378601074219 291.361724853516 289.1484375 287.062744140625 288.716613769531 290.277740478516 289.671264648438 288.150939941406 286.511749267578 288.243591308594 288.926605224609 289.097686767578 289.119262695312 -9999 288.551818847656 288.649078369141 287.625762939453 -9999 281.402282714844 288.750640869141 289.577606201172 289.157135009766 289.096160888672 288.754638671875 288.732971191406 288.555541992188 287.037506103516 283.920806884766 283.988189697266 286.601654052734 286.083190917969 287.533081054688 286.301208496094 283.142730712891 281.170196533203 279.573974609375 280.559265136719 289.204406738281 289.329711914062 289.768615722656 289.253204345703 289.439575195312 289.068267822266 289.825103759766 292.598541259766 293.268798828125 294.704528808594 295.26025390625 295.480163574219 295.589630126953
293.565399169922 291.565399169922 288.612457275391 287.329681396484 290.497833251953 290.416290283203 290.100494384766 287.660064697266 284.540222167969 288.061950683594 288.658325195312 288.439483642578 288.841430664062 -9999 288.849731445312 288.771636962891 287.429351806641 285.464782714844 286.463806152344 289.243072509766 289.306243896484 288.890991210938 288.214172363281 287.517730712891 288.164978027344 287.843841552734 288.032653808594 287.631195068359 286.911102294922 285.495483398438 284.320556640625 286.450775146484 282.897247314453 276.972961425781 279.766815185547 279.447967529297 282.163208007812 288.203460693359 286.317901611328 288.903198242188 289.540466308594 288.349365234375 291.27978515625 291.618438720703 292.794281005859 293.653442382812 294.656585693359 295.232757568359 295.779937744141 295.549987792969
293.535949707031 291.959503173828 289.540283203125 288.6640625 291.003753662109 290.621337890625 290.699890136719 288.063140869141 283.989776611328 287.704742431641 288.129974365234 287.62060546875 288.386810302734 288.544189453125 288.453704833984 288.447692871094 287.848052978516 287.962097167969 288.604949951172 -9999 288.903137207031 288.753692626953 287.820556640625 286.56103515625 287.690399169922 287.561340332031 288.003814697266 287.415924072266 286.698516845703 283.803131103516 279.445068359375 279.623443603516 274.064392089844 269.328491210938 278.792938232422 284.168334960938 285.90673828125 285.408935546875 282.541687011719 287.333129882812 289.433746337891 289.078826904297 291.808380126953 292.111480712891 293.034027099609 294.146484375 294.829986572266 295.159118652344 295.369812011719 294.968902587891
293.106567382812 292.292785644531 290.917175292969 290.358032226562 291.398712158203 291.080902099609 290.683624267578 288.738525390625 285.740753173828 287.846618652344 287.748382568359 286.822082519531 287.815612792969 287.90185546875 287.643218994141 288.294036865234 287.833435058594 287.759887695312 288.066711425781 288.386352539062 288.374328613281 288.403594970703 287.861755371094 286.716033935547 287.099182128906 287.429504394531 287.693420410156 286.940093994141 285.752380371094 280.651000976562 272.355255126953 266.900299072266 262.81591796875 268.914794921875 280.451782226562 287.417572021484 284.893707275391 280.572357177734 280.889770507812 283.811431884766 287.726196289062 291.465362548828 291.896362304688 292.358428955078 292.985107421875 294.179077148438 294.954772949219 295.075836181641 294.525970458984 293.489593505859
292.843566894531 292.430206298828 291.679412841797 -9999 -9999 291.30615234375 290.38916015625 288.974273681641 287.622314453125 288.413269042969 287.617004394531 286.050231933594 287.607574462891 287.478820800781 287.089599609375 288.023803710938 287.740417480469 287.400329589844 287.281799316406 287.445709228516 287.797912597656 287.824645996094 287.519958496094 287.048034667969 286.432830810547 287.088226318359 287.318267822266 286.711547851562 285.440185546875 280.841461181641 269.462066650391 259.113708496094 263.919097900391 277.658172607422 283.350677490234 286.262329101562 282.827178955078 278.82080078125 283.05419921875 284.306549072266 286.028717041016 289.962310791016 292.026031494141 292.554901123047 293.006744384766 294.159545898438 294.83544921875 294.635192871094 293.851196289062 291.806793212891
291.738159179688 292.270538330078 291.462493896484 291.015930175781 291.573486328125 291.147796630859 290.043212890625 288.727294921875 288.357971191406 287.91650390625 287.284149169922 284.381927490234 286.974670410156 287.000762939453 286.447601318359 287.575042724609 287.401885986328 286.916534423828 286.295013427734 286.461853027344 287.216217041016 287.307769775391 286.9453125 285.774993896484 284.0029296875 283.931701660156 286.952209472656 286.457885742188 285.497009277344 281.647857666016 269.477691650391 259.964935302734 271.554534912109 283.843933105469 284.727142333984 285.495727539062 285.771484375 285.187347412109 287.896423339844 288.487884521484 288.443756103516 289.937103271484 291.875152587891 292.351165771484 293.168060302734 293.936553955078 294.672119140625 294.303039550781 293.490356445312 290.904327392578
291.948608398438 291.794616699219 290.935852050781 290.209930419922 291.104339599609 290.990447998047 290.181488037109 289.173431396484 288.733947753906 288.068450927734 286.263031005859 281.232666015625 285.840057373047 286.352264404297 285.911285400391 286.99267578125 286.766632080078 286.378295898438 285.390808105469 285.281829833984 286.652435302734 286.473724365234 -9999 282.007659912109 276.392730712891 279.052825927734 286.244750976562 285.867004394531 284.665313720703 278.968902587891 265.644805908203 263.181274414062 277.345977783203 285.066711425781 285.495635986328 284.6474609375 288.755981445312 289.863830566406 290.145080566406 289.981231689453 290.622955322266 291.526550292969 291.331726074219 292.11572265625 293.522094726562 293.920318603516 294.473449707031 293.782928466797 293.212554931641 291.4228515625
292.506439208984 291.85302734375 290.400726318359 288.867126464844 290.037506103516 289.564147949219 288.929473876953 289.389770507812 289.110565185547 288.279296875 284.501983642578 277.046508789062 280.068603515625 285.571258544922 285.171203613281 285.205810546875 284.880645751953 282.044128417969 279.644012451172 284.117004394531 283.786834716797 282.157623291016 279.342681884766 275.04931640625 269.964996337891 280.779968261719 284.578948974609 284.236389160156 281.523376464844 272.122741699219 263.449523925781 271.864593505859 283.999420166016 286.076416015625 284.320007324219 281.653411865234 286.231414794922 289.863616943359 290.644287109375 290.984344482422 291.579895019531 292.185974121094 292.457305908203 292.71728515625 293.052093505859 293.886932373047 293.890838623047 293.171936035156 291.412933349609 288.518096923828
292.641296386719 291.828704833984 291.306793212891 290.011749267578 290.402435302734 289.772277832031 288.668090820312 288.494659423828 288.778656005859 287.707366943359 286.205078125 282.506011962891 278.286651611328 284.992858886719 284.039154052734 282.092132568359 279.767974853516 278.629119873047 276.881713867188 280.853607177734 281.005065917969 280.14013671875 275.309631347656 273.060302734375 277.278198242188 281.480651855469 282.892669677734 282.096862792969 281.698486328125 274.927764892578 266.012634277344 276.301452636719 284.891479492188 286.099822998047 283.769165039062 284.932342529297 285.804992675781 288.662536621094 290.397277832031 290.95654296875 290.953155517578 291.621856689453 291.199066162109 291.556854248047 292.929992675781 293.660675048828 293.570068359375 292.825103759766 291.347778320312 288.752380371094
292.629608154297 292.071197509766 292.050659179688 291.498260498047 291.07568359375 290.717468261719 289.96923828125 288.839233398438 289.566772460938 288.640075683594 287.703491210938 286.214294433594 279.747772216797 284.653167724609 282.771362304688 277.918426513672 273.904388427734 274.20703125 274.240844726562 276.419250488281 277.687164306641 276.871765136719 273.711975097656 271.164581298828 278.818206787109 280.512634277344 280.872863769531 280.312438964844 281.555053710938 276.467132568359 270.61376953125 281.116302490234 285.99267578125 286.375732421875 283.255767822266 281.910217285156 -9999 288.149475097656 289.89453125 290.270355224609 290.404235839844 291.107604980469 290.404693603516 290.524627685547 292.700408935547 293.615997314453 293.363006591797 292.743347167969 291.862823486328 290.630737304688
292.780517578125 292.172729492188 292.072479248047 291.665710449219 291.611938476562 291.262786865234 290.656219482422 289.614776611328 289.985443115234 287.984283447266 283.884521484375 280.713104248047 278.089202880859 283.786865234375 281.112823486328 274.898498535156 272.61376953125 272.720397949219 272.881988525391 273.112152099609 274.379089355469 274.276672363281 271.814025878906 269.877471923828 278.723114013672 279.416778564453 278.523803710938 279.518798828125 282.285705566406 278.348968505859 274.367584228516 283.389007568359 285.951019287109 286.777740478516 284.034851074219 278.803100585938 -9999 288.243713378906 289.847412109375 290.332733154297 290.572082519531 290.624237060547 290.283782958984 290.816497802734 292.288269042969 293.129638671875 293.295867919922 292.368499755859 290.794769287109 290.2646484375
292.759124755859 292.369171142578 292.314880371094 291.832122802734 291.686065673828 291.329803466797 290.246429443359 289.079223632812 289.045776367188 287.654663085938 281.839111328125 274.105224609375 277.842102050781 281.634307861328 279.238006591797 273.661895751953 273.387756347656 272.905426025391 272.608459472656 272.005096435547 273.173980712891 274.262237548828 272.506805419922 270.384948730469 278.744201660156 279.560211181641 278.447418212891 280.022766113281 281.582366943359 276.187622070312 272.624359130859 282.970123291016 286.228363037109 287.084655761719 285.543731689453 279.019439697266 281.222229003906 287.615112304688 290.265716552734 290.448120117188 290.204956054688 290.192932128906 289.898712158203 290.645477294922 291.536560058594 292.454345703125 292.796722412109 292.441040039062 290.689239501953 289.523101806641
292.685363769531 292.254669189453 292.229309082031 291.887023925781 291.359466552734 290.960632324219 290.097015380859 288.27294921875 287.44482421875 286.985473632812 282.569915771484 277.845611572266 280.849243164062 281.394195556641 279.60546875 273.553009033203 273.691925048828 273.360778808594 272.811462402344 272.105773925781 273.133148193359 273.392333984375 272.030303955078 268.468536376953 278.184539794922 279.447387695312 277.711364746094 277.151947021484 281.508514404297 278.084442138672 276.896362304688 283.813262939453 286.598480224609 287.323333740234 286.427734375 283.795196533203 285.210296630859 288.424957275391 288.927734375 287.976104736328 288.737548828125 289.376190185547 289.294891357422 289.927185058594 291.128112792969 292.216430664062 292.729095458984 292.566375732422 290.62060546875 287.828857421875
292.698272705078 292.207550048828 291.981384277344 291.346710205078 290.357879638672 290.320770263672 290.054809570312 288.100891113281 286.979644775391 286.9970703125 285.475524902344 284.48876953125 283.927703857422 282.874816894531 281.028167724609 274.481262207031 273.3486328125 273.603942871094 273.483001708984 272.699798583984 273.912811279297 273.166656494141 271.348846435547 269.444580078125 278.720306396484 279.814819335938 276.787231445312 273.919708251953 282.69580078125 282.762359619141 282.631530761719 283.875305175781 286.582702636719 287.544921875 287.634643554688 287.705749511719 289.702880859375 -9999 -9999 284.369964599609 285.874481201172 287.291595458984 288.132415771484 289.852355957031 291.060424804688 291.687866210938 292.425994873047 291.968109130859 290.421203613281 287.534729003906
292.207305908203 292.292266845703 291.742126464844 290.889282226562 290.297424316406 289.969268798828 289.630676269531 288.236358642578 287.621856689453 288.233520507812 288.011108398438 287.312469482422 285.457336425781 284.199188232422 281.512237548828 275.766021728516 274.271759033203 273.301483154297 273.632049560547 273.848754882812 274.887268066406 274.07470703125 272.910552978516 274.430023193359 280.386138916016 280.960357666016 277.839141845703 272.274963378906 279.101623535156 283.791595458984 284.539276123047 284.680267333984 285.944488525391 285.708526611328 288.014221191406 287.881072998047 289.083374023438 -9999 283.991241455078 282.344696044922 283.177551269531 285.941772460938 287.453826904297 290.020629882812 291.147766113281 291.597778320312 292.198333740234 291.899017333984 290.380645751953 288.471649169922
291.428466796875 291.963226318359 291.802947998047 291.084869384766 289.769226074219 288.544982910156 289.378784179688 288.352508544922 287.959289550781 288.382537841797 287.929046630859 287.544830322266 284.536437988281 284.879241943359 282.841705322266 278.978912353516 277.058776855469 273.197570800781 273.473388671875 274.11181640625 274.051177978516 273.507080078125 273.864044189453 277.133361816406 -9999 -9999 -9999 274.007934570312 276.225128173828 282.427490234375 285.139099121094 286.339416503906 284.957855224609 282.633239746094 286.860382080078 288.406219482422 288.922760009766 -9999 283.808654785156 278.815246582031 281.013977050781 286.573120117188 287.969665527344 289.583435058594 290.799835205078 291.436920166016 292.194793701172 291.860015869141 290.420867919922 286.609161376953
291.368927001953 291.334808349609 291.427062988281 291.138458251953 289.164611816406 287.041290283203 289.021850585938 288.774719238281 288.696655273438 288.314086914062 287.750030517578 287.380767822266 284.704193115234 285.837493896484 284.53955078125 281.565063476562 276.371032714844 272.821044921875 273.222747802734 273.152618408203 272.573883056641 272.615814208984 273.699890136719 275.693695068359 282.157318115234 282.187530517578 -9999 280.671691894531 281.157562255859 283.099151611328 284.57861328125 285.958679199219 284.185516357422 282.367095947266 286.110595703125 287.269256591797 288.186096191406 288.643615722656 284.087677001953 275.630310058594 277.392456054688 286.59814453125 -9999 289.307006835938 290.562713623047 291.048431396484 291.987762451172 291.040924072266 289.078216552734 285.051391601562
292.088470458984 291.357940673828 291.037231445312 291.002105712891 289.943572998047 288.02001953125 288.466217041016 289.268218994141 289.400360107422 288.884552001953 288.33447265625 288.140869140625 286.683746337891 286.330047607422 283.122314453125 277.898681640625 273.857635498047 272.025573730469 272.0048828125 271.439514160156 272.385925292969 272.401062011719 273.062774658203 273.466217041016 281.060913085938 -9999 282.012573242188 282.813018798828 285.134155273438 284.955230712891 284.543914794922 284.883728027344 284.018829345703 282.352966308594 284.95654296875 284.966766357422 287.193389892578 288.230773925781 285.71435546875 278.038360595703 276.779663085938 286.556488037109 288.475891113281 289.568115234375 290.657592773438 291.107635498047 291.840484619141 290.253601074219 286.564575195312 282.903198242188
