rcp4.5models/GFDL_CM3/sc1gr10.26
NCOLS 261 
NROWS 433 
XLLCORNER 336357.134 
YLLCORNER 654653.479 
CELLSIZE 1000 
NODATA_value -9999 
[rows 345 to 367 of 433, columns 100 to 149 of 261]
146.054809570312 314.553588867188 260.833923339844 142.777465820312 79.1336364746094 78.3953170776367 77.8710861206055 77.4394378662109 77.7612228393555 77.5697937011719 76.5908355712891 76.2816543579102 75.0666656494141 73.5317764282227 71.1990203857422 69.0016403198242 67.287841796875 63.959228515625 59.9524879455566 59.5662994384766 63.4018783569336 67.2151641845703 72.0095901489258 72.5008239746094 68.6318817138672 71.1722030639648 72.3323211669922 73.0399932861328 73.2532196044922 73.4739074707031 73.7488174438477 73.0165863037109 72.366325378418 71.9012680053711 68.3516998291016 65.829345703125 71.6159286499023 75.5283279418945 75.837043762207 76.218620300293 76.5260620117188 76.8465728759766 77.2139511108398 77.4278411865234 77.6240386962891 77.6613006591797 77.6319427490234 77.6125335693359 78.0007934570312 78.6599197387695
197.535293579102 317.212860107422 269.662445068359 215.457565307617 154.304016113281 143.384750366211 215.731246948242 216.793914794922 214.760711669922 213.653442382812 216.752151489258 217.222045898438 156.368377685547 75.8354187011719 74.9831161499023 74.4095687866211 73.5895004272461 72.2685394287109 68.9589614868164 65.7197341918945 64.750862121582 67.1344909667969 72.293815612793 73.3452606201172 73.3620147705078 73.3810272216797 73.468376159668 73.4782104492188 73.5292816162109 73.6542205810547 73.8723373413086 74.0766830444336 74.1965026855469 74.0008163452148 73.6596832275391 72.0402221679688 74.3960723876953 75.4740753173828 -9999 76.0996704101562 76.409294128418 76.5933990478516 77.005989074707 77.0232696533203 76.8998413085938 77.0320892333984 77.6049880981445 77.3905792236328 77.0614318847656 76.5969543457031
195.66943359375 330.927917480469 331.168701171875 333.441314697266 279.503479003906 271.121063232422 335.4443359375 334.989471435547 336.542236328125 340.225463867188 279.547088623047 202.487884521484 214.751205444336 157.946411132812 77.0601043701172 75.6582641601562 74.7575454711914 74.2401809692383 73.8773727416992 72.5899810791016 70.6852951049805 71.4231491088867 73.5052261352539 73.7505264282227 73.6953506469727 73.6948547363281 73.7340927124023 73.7247161865234 73.7367248535156 73.8861846923828 74.0790710449219 74.3135070800781 74.3869171142578 74.4893417358398 74.6341934204102 75.0381774902344 75.2651062011719 75.3813247680664 75.6789016723633 76.011833190918 76.2378921508789 76.4391479492188 76.9203720092773 76.9659729003906 76.8632125854492 77.2290802001953 78.0802612304688 77.6569061279297 77.6294174194336 77.3788986206055
207.990737915039 81.4514389038086 81.9265594482422 140.763961791992 205.733032226562 202.494323730469 209.707809448242 156.139434814453 81.1395416259766 80.12646484375 78.4973602294922 77.2112808227539 77.7373504638672 78.2584609985352 77.7381744384766 77.1017150878906 76.7926635742188 76.2959518432617 74.9749984741211 73.4416427612305 67.6937637329102 63.8785171508789 68.4326248168945 71.2690124511719 72.6074523925781 73.5631103515625 74.2251892089844 74.2311935424805 74.2296600341797 74.2579498291016 74.3131256103516 74.4058227539062 74.6198425292969 74.8252487182617 74.9736328125 75.0811614990234 75.2629241943359 75.4192276000977 -9999 -9999 75.7762603759766 76.0445556640625 76.4412078857422 76.9358520507812 77.078239440918 77.0707778930664 78.2224960327148 78.1624908447266 77.5295791625977 77.8911209106445
274.636566162109 82.0987319946289 148.723831176758 222.96321105957 157.364700317383 81.9750366210938 139.244552612305 216.679824829102 161.234375 80.8012771606445 78.7911987304688 77.5078048706055 77.385139465332 77.2210540771484 76.9207611083984 76.5073928833008 76.1448059082031 75.8372344970703 75.0928802490234 73.8249893188477 69.6235733032227 64.9499969482422 64.896614074707 66.3161392211914 69.6908569335938 72.8221740722656 74.2360992431641 74.4977874755859 74.4296646118164 74.4597244262695 74.490852355957 74.547119140625 74.7081298828125 74.9023056030273 75.0713882446289 75.2439422607422 75.5340957641602 75.7328872680664 75.8482971191406 -9999 75.7349395751953 75.8214111328125 76.0068511962891 76.3093490600586 76.4201736450195 76.093864440918 77.0555725097656 76.9352111816406 75.3561477661133 74.9688491821289
333.179351806641 226.018997192383 285.507568359375 350.082824707031 292.756988525391 227.038848876953 226.260437011719 219.722183227539 152.287414550781 81.4499740600586 80.2737579345703 79.0084915161133 76.3474655151367 75.8272247314453 76.6939468383789 75.1399688720703 73.2414703369141 70.6572113037109 66.8353805541992 65.3747482299805 66.6431198120117 65.8310470581055 61.8025131225586 60.9944610595703 68.6055297851562 71.0231857299805 73.4227905273438 74.7790374755859 74.6148681640625 74.6838302612305 74.7177200317383 74.737190246582 74.8684005737305 75.1120681762695 75.2450790405273 75.401123046875 75.7651824951172 75.9622802734375 76.0273666381836 76.0628814697266 -9999 75.9345855712891 76.2555618286133 76.5984344482422 76.6687698364258 76.1095352172852 74.8310012817383 74.8042907714844 73.9484024047852 73.0988159179688
341.743438720703 350.062591552734 286.268585205078 208.945297241211 208.88818359375 209.277328491211 208.995849609375 217.453460693359 159.559066772461 154.452819824219 165.873947143555 149.523284912109 77.5704803466797 76.4137268066406 77.0665588378906 75.4077529907227 73.7091217041016 71.311393737793 64.4950103759766 58.0332565307617 58.1357307434082 59.6371002197266 57.3836822509766 56.6542739868164 63.5372314453125 68.1709442138672 73.0410690307617 75.0923004150391 74.8351287841797 74.8962554931641 74.8882369995117 74.9194793701172 75.0394134521484 75.2587814331055 75.3535614013672 75.5691452026367 75.9538955688477 76.1261215209961 76.1319808959961 76.2391662597656 -9999 -9999 -9999 77.434684753418 77.2924041748047 76.6115875244141 74.8745040893555 73.7276763916016 73.8957366943359 72.7266464233398
352.000518798828 351.126556396484 226.047103881836 82.390625 81.6840972900391 82.0419616699219 154.366424560547 293.08740234375 298.897827148438 294.728118896484 308.462799072266 227.349243164062 80.4041748046875 79.1944274902344 78.3656311035156 77.6880035400391 77.0804290771484 76.5848388671875 73.2602462768555 -9999 63.7291679382324 59.4142303466797 57.0752105712891 55.5295066833496 56.8030624389648 62.6041259765625 69.1531448364258 73.3955917358398 75.1608200073242 75.0798110961914 75.0965576171875 75.1549682617188 75.2789306640625 75.3962936401367 75.4264450073242 75.7335433959961 76.0555877685547 76.2279968261719 76.3517913818359 76.4048080444336 76.2876510620117 -9999 -9999 77.4301986694336 77.1724548339844 77.4496231079102 76.4229278564453 74.6677093505859 75.4449920654297 73.6568298339844
284.501586914062 352.302459716797 298.644592285156 163.425018310547 81.4905242919922 81.0894241333008 145.209045410156 215.560028076172 213.829376220703 284.014282226562 367.966918945312 238.068893432617 164.42041015625 80.6330871582031 79.8308181762695 79.0892333984375 78.1468353271484 77.5498809814453 77.6994781494141 78.0901260375977 75.7535247802734 71.1743316650391 67.3702392578125 63.0445327758789 66.041259765625 67.4583053588867 70.6575775146484 73.8680953979492 75.784049987793 75.5518417358398 75.4518585205078 75.5493240356445 75.5997161865234 75.696403503418 75.8152923583984 75.9573440551758 75.9551467895508 76.0378646850586 76.3100433349609 76.3797302246094 -9999 -9999 -9999 77.270622253418 77.6076126098633 77.940544128418 76.7363815307617 75.400634765625 75.5682601928711 73.0116424560547
230.244705200195 208.111251831055 283.855163574219 301.38525390625 160.575347900391 81.6411972045898 81.3659210205078 81.8187026977539 82.3164901733398 145.148971557617 216.997375488281 154.298538208008 156.181640625 80.7995300292969 80.6996154785156 80.035774230957 78.8496932983398 78.359733581543 78.8638458251953 78.9282760620117 78.4618988037109 77.9385223388672 76.4653854370117 73.8403396606445 76.7731628417969 76.5840454101562 76.435546875 76.4036483764648 76.3547897338867 76.2173843383789 75.9946365356445 75.9774932861328 75.8813171386719 75.9459991455078 76.1043243408203 76.4226913452148 76.3089141845703 76.4202575683594 76.5299682617188 76.4418640136719 -9999 76.8898849487305 77.2380065917969 77.7624816894531 78.295654296875 78.0607681274414 76.1651153564453 75.6051406860352 74.6513061523438 70.8582229614258
318.518005371094 243.797302246094 301.165435791016 365.457397460938 306.372863769531 164.215103149414 82.7379913330078 81.9191513061523 81.6649932861328 82.1376953125 82.0845413208008 81.8030548095703 81.0239028930664 80.6099319458008 80.3991775512695 80.3688049316406 80.0581283569336 79.6293106079102 79.4044342041016 78.8204650878906 78.5270919799805 78.3919906616211 77.929313659668 77.7138671875 77.288330078125 77.1379165649414 77.0179214477539 76.9178695678711 76.7472381591797 76.6571578979492 76.5560836791992 76.4093933105469 76.2295989990234 76.2253570556641 76.3641891479492 76.6295471191406 76.7558822631836 76.9887542724609 77.0511322021484 77.0244216918945 77.10693359375 77.3639984130859 77.9025726318359 78.3668670654297 78.6021347045898 78.2334899902344 76.070556640625 76.0679931640625 74.6259613037109 69.9558486938477
380.077575683594 306.649261474609 295.305053710938 371.321075439453 371.635589599609 310.308837890625 166.702133178711 82.8565444946289 81.7358703613281 80.2243118286133 80.4647827148438 82.1741027832031 81.7884292602539 80.8819351196289 153.014114379883 240.625930786133 168.530609130859 152.260650634766 169.198944091797 78.7156600952148 78.3823165893555 78.0860900878906 77.4402694702148 77.1620101928711 77.30029296875 77.3873748779297 77.3045043945312 77.2441711425781 75.2225799560547 73.2713851928711 75.2562408447266 76.6541366577148 76.8058319091797 76.7127227783203 76.8298645019531 76.8191604614258 76.8202362060547 76.8640289306641 77.0636596679688 77.2947082519531 77.561279296875 77.9205627441406 78.1856536865234 78.0180511474609 77.924186706543 77.6783676147461 76.5114440917969 76.7779312133789 73.4423904418945 67.9802932739258
378.31640625 321.585266113281 312.761749267578 301.749786376953 217.558502197266 295.240631103516 314.563842773438 246.558288574219 170.896560668945 81.2883224487305 81.071174621582 82.3736114501953 82.1718444824219 81.5552978515625 224.572830200195 320.407165527344 161.661911010742 147.039993286133 162.635360717773 78.639778137207 78.036506652832 77.5360336303711 77.0286636352539 76.6344604492188 77.279541015625 77.5935134887695 77.7377090454102 77.6336822509766 75.1626739501953 71.9926910400391 72.8486785888672 75.5250549316406 77.4317092895508 77.2712631225586 77.2578201293945 77.3847885131836 77.1277389526367 76.8945007324219 76.9782180786133 77.0833435058594 77.2113723754883 77.5499725341797 77.6836776733398 77.3290634155273 76.8861312866211 76.7991027832031 76.9858856201172 75.5048980712891 68.7872848510742 65.6834030151367
383.84130859375 387.022918701172 386.368194580078 316.631561279297 245.284362792969 311.093627929688 381.472442626953 389.303100585938 247.396682739258 82.6524658203125 83.1547241210938 163.478073120117 175.670318603516 81.9455718994141 228.371017456055 257.268981933594 80.5912246704102 80.3009948730469 79.7926635742188 78.8187942504883 77.7568969726562 77.5152130126953 77.4596633911133 77.2589416503906 77.9772644042969 77.9580078125 77.9618911743164 77.8891372680664 77.3559951782227 75.8609924316406 74.7060775756836 76.0366973876953 77.6156921386719 77.5219421386719 77.6454238891602 77.621826171875 77.2415771484375 77.002799987793 76.9132461547852 76.8314743041992 76.7262954711914 76.9440689086914 76.9562225341797 76.7724609375 76.4666519165039 76.2529678344727 76.8175354003906 72.5885848999023 65.385871887207 65.074577331543
394.871032714844 386.814178466797 387.921264648438 386.637145996094 308.92626953125 225.82746887207 223.310272216797 302.98681640625 321.165405273438 168.113922119141 83.3486175537109 156.288787841797 167.413940429688 82.0129241943359 151.851287841797 242.69612121582 174.118011474609 80.6868209838867 80.2320709228516 78.9366226196289 77.9042663574219 77.8171157836914 77.7798843383789 78.0663833618164 78.3856658935547 78.4613952636719 78.4259490966797 78.3296890258789 78.2792510986328 77.8483963012695 77.4994659423828 77.7255401611328 77.4955673217773 77.2107391357422 77.5211791992188 77.7150497436523 77.2266616821289 76.9872283935547 75.2521743774414 73.3076858520508 74.5187072753906 73.2619552612305 73.0362701416016 73.7113037109375 71.5038299560547 71.1577682495117 71.1722183227539 67.9318084716797 64.6181030273438 64.4014511108398
344.833953857422 156.251495361328 229.570343017578 312.404205322266 399.653045654297 332.047149658203 174.694366455078 165.758529663086 330.193054199219 414.439544677734 259.702728271484 161.916259765625 178.202774047852 81.6397552490234 81.4005737304688 80.5991058349609 150.81526184082 165.270553588867 78.6704559326172 78.3186492919922 78.9314575195312 79.2694091796875 78.5566253662109 77.6567001342773 77.323616027832 77.4315338134766 77.704963684082 77.6344375610352 76.2151870727539 76.3986740112305 77.9673156738281 77.4263000488281 76.8193283081055 76.4711303710938 76.4044494628906 74.3178939819336 71.879035949707 69.752082824707 68.9286956787109 67.6322860717773 66.8141708374023 66.2686386108398 65.8601913452148 65.4384765625 64.8816986083984 64.5230178833008 64.1895599365234 63.7973899841309 63.5452995300293 63.4431343078613
239.386199951172 84.8038864135742 85.0093994140625 158.271347045898 234.592651367188 321.698944091797 254.614898681641 248.748245239258 339.748474121094 244.469665527344 171.209320068359 156.097076416016 170.866928100586 82.881965637207 82.9640884399414 82.0748291015625 80.6374282836914 79.806510925293 79.4274749755859 79.0370178222656 79.1302185058594 79.1828384399414 79.3743896484375 78.9605102539062 78.0545501708984 77.733283996582 77.7312850952148 78.5710372924805 78.1729965209961 75.8951110839844 76.0710601806641 76.5631332397461 76.2441177368164 77.0582809448242 77.6564025878906 75.9387512207031 74.2403030395508 72.0094528198242 70.3210372924805 67.9520263671875 66.9008255004883 66.4561538696289 66.1265029907227 65.3579711914062 64.6998291015625 64.1606216430664 63.5520858764648 -9999 63.1064186096191 63.017448425293
85.8950881958008 176.417709350586 179.247207641602 86.3539886474609 85.8401641845703 160.339981079102 164.902496337891 258.019073486328 274.120788574219 85.2991256713867 85.2624435424805 84.894905090332 84.6773300170898 85.0627975463867 84.6438446044922 83.4048385620117 81.5156631469727 80.5459365844727 80.2444076538086 79.822639465332 79.6516265869141 79.5439300537109 79.4890594482422 79.1145172119141 79.6261901855469 79.2648391723633 77.6492233276367 76.7898788452148 76.9055480957031 75.2258529663086 73.908576965332 74.8400497436523 75.2192459106445 76.2106475830078 76.6074371337891 76.8058471679688 76.0768203735352 74.052001953125 70.6167526245117 68.1335144042969 66.8456268310547 67.0162582397461 66.8408966064453 65.1792831420898 64.6090469360352 64.0512466430664 63.1136322021484 62.7426795959473 62.5439529418945 62.392204284668
87.2528076171875 165.842575073242 167.491577148438 86.8353958129883 87.3075103759766 86.7919235229492 86.1696319580078 167.482315063477 174.238754272461 85.4513931274414 85.7196197509766 85.3763275146484 84.6411209106445 85.4840927124023 85.4581604003906 84.0166778564453 82.2903366088867 81.0497894287109 80.3952865600586 80.2487716674805 80.0160903930664 80.2353134155273 80.0147857666016 79.0229949951172 79.8449401855469 79.5073852539062 77.0449752807617 74.8865966796875 74.0149993896484 73.6274948120117 72.6192092895508 73.0154266357422 74.6470947265625 75.9879531860352 76.5603637695312 76.5994720458984 74.609504699707 72.4543075561523 70.2155838012695 67.7863540649414 66.7278823852539 66.9047546386719 66.4845275878906 64.6576766967773 64.0962982177734 63.6781387329102 62.6615676879883 62.2712936401367 62.0587463378906 61.9174919128418
86.8674011230469 87.1244583129883 85.7506332397461 85.603141784668 86.9854125976562 87.9183959960938 87.672233581543 86.8554229736328 85.693229675293 85.0403823852539 84.8994216918945 84.6496429443359 84.8451156616211 85.759147644043 85.4664611816406 84.3793106079102 83.0837936401367 81.8238372802734 80.6063079833984 80.0834121704102 79.9276275634766 80.550666809082 81.1078796386719 80.6831512451172 80.0029220581055 79.9021911621094 78.6288909912109 76.1935958862305 73.7704315185547 72.7382278442383 71.5028762817383 71.4674682617188 72.4296875 74.4151763916016 76.5773391723633 77.3417739868164 73.5107574462891 69.3255767822266 69.1335830688477 67.6082458496094 66.4884872436523 66.0496444702148 65.1751708984375 64.1087875366211 63.432559967041 62.9987983703613 62.1482086181641 61.8393974304199 61.6970405578613 61.5814781188965
86.8722305297852 87.2478637695312 86.2817535400391 85.1083450317383 85.3297424316406 86.8701629638672 88.194694519043 88.3852081298828 87.3957748413086 86.2887725830078 85.4040069580078 84.5856323242188 84.4000930786133 84.8269729614258 84.7334365844727 84.4788131713867 83.7535629272461 82.5715179443359 80.9858322143555 80.2001876831055 80.3116989135742 80.422119140625 80.9097061157227 81.1619338989258 81.1013717651367 80.9737167358398 80.46142578125 77.6399459838867 74.5551910400391 73.4726486206055 71.704948425293 70.6908874511719 70.1169281005859 70.8690795898438 73.1720962524414 75.2115249633789 71.3442077636719 67.0289077758789 67.4151153564453 67.3258972167969 65.837646484375 65.3196411132812 64.3327560424805 63.5674285888672 62.8519630432129 62.4306373596191 61.5575141906738 61.3805847167969 61.2628440856934 61.1191787719727
87.7496643066406 87.6384735107422 87.0977554321289 86.1939086914062 84.9545135498047 85.3107681274414 86.7758712768555 87.8958435058594 88.1772384643555 87.9364929199219 87.5647811889648 86.7452011108398 83.9466400146484 83.7955169677734 84.2087554931641 84.3418655395508 84.328498840332 83.3436737060547 81.3781433105469 80.6043014526367 80.6234359741211 80.2260437011719 80.0914535522461 80.0369110107422 80.4016036987305 80.0213241577148 79.1428298950195 77.0941772460938 75.5393753051758 74.7140121459961 72.6432647705078 70.9347457885742 69.6985321044922 68.9838485717773 69.2999038696289 71.2395629882812 68.4397125244141 66.2892227172852 66.1464233398438 65.9300384521484 64.9634857177734 64.4834976196289 63.854606628418 63.1603507995605 62.3725318908691 61.9463119506836 61.0702972412109 60.9892730712891 60.8908615112305 60.7224617004395
87.9499359130859 88.5463714599609 88.3458480834961 88.38525390625 87.4386672973633 86.9214172363281 87.0651168823242 87.2262191772461 87.4342498779297 87.3891525268555 88.0729522705078 88.5380630493164 84.5331497192383 83.8218383789062 83.7753753662109 84.1594314575195 84.802619934082 84.1457061767578 82.3718872070312 81.5633926391602 80.93310546875 79.9207077026367 79.3806304931641 79.06201171875 79.0299682617188 78.5740203857422 77.4449920654297 76.5122756958008 75.7163696289062 74.9243774414062 73.1484756469727 71.7542343139648 70.3714141845703 68.8093566894531 68.270149230957 68.3223342895508 67.0518264770508 65.8739395141602 65.2802276611328 64.7583999633789 64.2154083251953 63.7641181945801 63.2227630615234 62.6227226257324 61.9282684326172 61.3683700561523 60.8337554931641 60.7520446777344 60.6531219482422 60.4639091491699
