rcp4.5models/GFDL_CM3/sc1gr5.30
NCOLS 261 
NROWS 433 
XLLCORNER 336357.134 
YLLCORNER 654653.479 
CELLSIZE 1000 
NODATA_value -9999 
[rows 352 to 373 of 433, columns 50 to 99 of 261]
290.365570068359 290.827056884766 290.933044433594 291.097290039062 291.253356933594 291.119476318359 290.712219238281 290.837341308594 290.994140625 290.851226806641 291.236938476562 291.25634765625 291.055725097656 291.143341064453 291.231628417969 291.377807617188 291.354370117188 289.932464599609 290.708831787109 291.228942871094 291.100769042969 291.186157226562 291.316497802734 291.301910400391 289.250122070312 289.652893066406 288.170593261719 286.084411621094 286.731811523438 285.8193359375 284.597503662109 281.053771972656 277.092437744141 276.6953125 281.338958740234 287.210083007812 287.81494140625 287.778198242188 282.877014160156 271.316040039062 284.602081298828 290.551055908203 290.9912109375 291.118743896484 291.306762695312 291.986236572266 291.099822998047 288.896820068359 288.012573242188 288.378387451172
290.475463867188 290.764862060547 290.777404785156 290.906127929688 291.249603271484 291.370239257812 290.598449707031 290.528411865234 290.656494140625 290.948364257812 291.1416015625 291.147186279297 291.002044677734 291.032592773438 291.109497070312 291.1318359375 291.210906982422 290.717559814453 291.482971191406 291.389404296875 291.25048828125 290.580505371094 290.703918457031 291.282165527344 291.005401611328 290.979461669922 291.240936279297 291.078338623047 287.216613769531 285.556976318359 285.705841064453 285.641326904297 280.549713134766 275.762847900391 277.244537353516 283.187957763672 287.926086425781 289.514404296875 285.754699707031 273.283172607422 278.110229492188 286.963287353516 290.451812744141 290.020751953125 289.628662109375 291.237457275391 291.946990966797 288.882568359375 287.052215576172 286.867706298828
290.604919433594 290.852874755859 290.889007568359 290.868804931641 290.981201171875 291.022796630859 290.856079101562 290.879852294922 290.795043945312 290.992248535156 291.067657470703 291.041778564453 291.128143310547 290.872528076172 290.796051025391 290.971557617188 291.378295898438 290.734588623047 291.124664306641 291.342468261719 291.275207519531 290.750762939453 289.875732421875 290.186096191406 291.029357910156 291.264465332031 290.966339111328 290.928344726562 286.581634521484 284.5849609375 286.298400878906 287.118988037109 281.732635498047 275.724548339844 274.391906738281 276.434448242188 282.510589599609 288.086303710938 287.088348388672 278.797393798828 265.913208007812 278.648559570312 288.666381835938 290.872528076172 287.821044921875 287.988037109375 291.098266601562 289.251983642578 287.380187988281 285.973175048828
290.468658447266 290.805450439453 290.951507568359 290.79931640625 290.658386230469 290.882720947266 291.144165039062 291.179351806641 291.043029785156 291.036590576172 290.997772216797 291.018188476562 291.223510742188 291.157348632812 290.748626708984 290.566314697266 291.111236572266 289.122375488281 289.859466552734 291.381408691406 291.266754150391 291.287902832031 290.305145263672 290.207946777344 291.047241210938 291.492736816406 291.023529052734 291.073516845703 289.629577636719 286.794097900391 287.917114257812 289.276733398438 286.230377197266 283.793426513672 276.807708740234 272.284912109375 275.658081054688 282.28564453125 287.234985351562 283.436767578125 260.096466064453 265.417175292969 279.629241943359 288.777526855469 287.408477783203 285.297393798828 287.456451416016 288.57763671875 289.052642822266 287.281463623047
290.507507324219 290.820709228516 290.744445800781 290.815551757812 290.343383789062 290.046966552734 291.103790283203 290.776672363281 290.695037841797 290.247741699219 290.568023681641 290.665130615234 290.791137695312 290.973815917969 290.205657958984 290.065307617188 290.435211181641 288.732330322266 289.646240234375 291.158935546875 290.12646484375 289.233001708984 289.706848144531 290.743103027344 290.64892578125 291.052917480469 291.328460693359 291.341186523438 290.869537353516 288.660827636719 287.272308349609 286.706604003906 285.681427001953 286.483520507812 283.296508789062 279.097595214844 278.148376464844 280.313812255859 286.185028076172 287.425750732422 266.860137939453 260.488403320312 269.547515869141 282.146118164062 285.823089599609 283.587036132812 283.053161621094 285.871978759766 289.316314697266 289.751434326172
290.715148925781 290.709289550781 290.636199951172 290.884552001953 290.329559326172 289.553375244141 291.023590087891 290.781951904297 290.652679443359 290.361968994141 290.644958496094 290.774688720703 289.01318359375 289.658050537109 289.951843261719 289.064239501953 289.840576171875 289.353668212891 289.702270507812 290.142700195312 290.248413085938 286.835632324219 287.721771240234 290.435638427734 287.947814941406 289.003662109375 291.326293945312 291.397338867188 291.527130126953 288.032012939453 283.568115234375 282.123992919922 280.995544433594 283.05615234375 284.776885986328 283.519622802734 281.177612304688 279.895080566406 282.636016845703 285.807678222656 278.541473388672 266.51025390625 263.332794189453 271.990386962891 280.794311523438 284.300384521484 283.376861572266 284.330810546875 287.715881347656 289.234527587891
290.523712158203 290.321807861328 290.107757568359 290.620086669922 290.454040527344 289.877288818359 290.539428710938 290.539611816406 290.721557617188 290.929138183594 290.2724609375 289.787811279297 288.948516845703 287.541687011719 287.509307861328 286.877899169922 287.233245849609 288.701812744141 290.414794921875 289.249450683594 289.949584960938 286.261688232422 287.372253417969 289.793762207031 287.213409423828 288.833435058594 291.219024658203 291.347930908203 291.623291015625 289.414306640625 282.302673339844 279.158416748047 279.607543945312 281.167266845703 282.336029052734 282.364013671875 280.969909667969 278.011016845703 278.216125488281 278.304565429688 283.603759765625 273.783203125 261.139434814453 262.624450683594 272.977386474609 282.665405273438 286.02392578125 284.701232910156 285.697113037109 288.251647949219
290.064483642578 290.121398925781 290.322235107422 290.108825683594 290.213287353516 289.428131103516 290.241088867188 290.484130859375 290.888885498047 290.937042236328 288.338043212891 285.958099365234 288.567108154297 286.690734863281 284.394805908203 284.869110107422 285.583801269531 289.782409667969 291.056274414062 290.235260009766 290.275268554688 289.097869873047 289.490783691406 289.938842773438 287.055114746094 286.165893554688 289.366516113281 291.300537109375 291.368621826172 291.477600097656 286.027587890625 279.911499023438 279.395141601562 280.332153320312 280.509887695312 282.076965332031 280.932861328125 275.069702148438 275.172485351562 275.389312744141 279.78955078125 278.971313476562 268.992858886719 264.600921630859 266.133117675781 274.013885498047 283.765777587891 286.299285888672 285.612518310547 286.795501708984
290.135528564453 290.419921875 290.329772949219 289.594482421875 289.768798828125 289.763732910156 290.473724365234 290.514953613281 289.086975097656 287.464538574219 286.293975830078 285.920654296875 286.159027099609 286.138793945312 283.903411865234 283.553100585938 285.288146972656 285.918670654297 288.90869140625 289.875305175781 289.913177490234 287.824859619141 288.381134033203 286.210876464844 284.560729980469 285.247375488281 286.782958984375 289.284240722656 290.402069091797 290.787536621094 289.537139892578 285.895446777344 282.852722167969 282.7607421875 280.445465087891 279.909027099609 280.745269775391 276.433837890625 273.080627441406 275.607727050781 275.594604492188 279.005432128906 279.802856445312 278.367126464844 274.753387451172 271.45458984375 269.656158447266 270.891845703125 276.866058349609 282.635589599609
290.316955566406 290.386016845703 290.231658935547 289.690948486328 289.733306884766 289.675872802734 290.422698974609 290.379974365234 289.574310302734 287.79345703125 286.554443359375 286.38525390625 286.764678955078 285.294555664062 286.433898925781 286.964172363281 284.302581787109 286.55859375 288.008148193359 289.481079101562 289.812316894531 288.020111083984 288.624725341797 287.209381103516 286.641418457031 286.092620849609 285.380340576172 288.573394775391 290.336853027344 290.348419189453 290.401885986328 289.510101318359 286.279144287109 284.195373535156 282.250823974609 279.160705566406 277.657958984375 274.546997070312 271.557037353516 272.429718017578 275.561004638672 276.641204833984 277.675994873047 276.422210693359 274.698547363281 274.019287109375 272.987762451172 269.00537109375 268.208099365234 274.656341552734
290.152252197266 290.115295410156 290.019592285156 290.016143798828 289.999908447266 289.925872802734 290.188262939453 290.049621582031 289.696105957031 288.455902099609 286.970153808594 284.846160888672 285.055908203125 285.02294921875 287.491760253906 288.325622558594 286.191131591797 288.920867919922 288.741790771484 289.555389404297 290.315490722656 290.062591552734 289.074523925781 288.842041015625 288.566375732422 285.756683349609 285.675079345703 288.084930419922 290.465637207031 289.813751220703 290.427398681641 290.842498779297 287.542083740234 283.675384521484 281.164978027344 278.722045898438 276.493194580078 274.731109619141 273.252319335938 271.575561523438 277.026550292969 275.965301513672 276.988586425781 276.062530517578 273.593963623047 273.585266113281 275.205902099609 273.943511962891 270.424194335938 268.416046142578
289.945648193359 290.173706054688 290.315185546875 290.420013427734 290.244049072266 289.828155517578 290.00390625 289.574127197266 288.948608398438 288.651153564453 287.220153808594 284.364135742188 283.770202636719 285.054809570312 286.638824462891 287.833801269531 287.419281005859 289.695861816406 290.297302246094 290.250915527344 290.520202636719 289.1728515625 287.504211425781 288.859283447266 288.371368408203 285.093048095703 286.967651367188 288.871063232422 290.853363037109 290.053894042969 289.453765869141 290.075836181641 289.45361328125 287.559997558594 283.652404785156 280.742370605469 277.308319091797 275.562896728516 274.615295410156 272.451354980469 277.056793212891 277.889404296875 277.416473388672 276.704040527344 274.19921875 271.186431884766 273.002807617188 276.760131835938 275.665832519531 271.009307861328
289.824188232422 290.154663085938 290.429077148438 290.412414550781 290.152465820312 289.878143310547 289.873596191406 289.811737060547 288.616577148438 288.155853271484 286.532073974609 285.537414550781 285.120697021484 286.444549560547 286.593872070312 288.212219238281 287.726715087891 288.770629882812 289.808776855469 289.994995117188 290.35693359375 289.067474365234 287.313903808594 287.93505859375 286.942504882812 285.004150390625 287.939392089844 290.152038574219 290.234191894531 290.577117919922 289.349853515625 289.637725830078 290.549591064453 288.09619140625 286.054748535156 284.505981445312 280.256988525391 277.075836181641 275.833953857422 274.353363037109 276.308502197266 279.609680175781 279.066680908203 278.190460205078 276.461181640625 273.117034912109 273.510406494141 277.138610839844 277.713592529297 275.621002197266
289.772033691406 289.680145263672 289.930694580078 290.050018310547 289.933013916016 289.849639892578 289.607330322266 289.386810302734 289.150329589844 288.309143066406 286.037017822266 285.658996582031 287.408782958984 289.218048095703 288.904327392578 289.029998779297 288.149963378906 289.363616943359 289.712951660156 289.837188720703 288.860412597656 289.211761474609 289.567657470703 289.247924804688 285.870513916016 284.356262207031 287.373382568359 289.78076171875 287.567779541016 289.164642333984 290.1572265625 289.247528076172 289.826446533203 287.848052978516 284.794525146484 283.452270507812 282.005493164062 279.109741210938 276.814636230469 276.286193847656 276.907012939453 278.880004882812 279.594024658203 278.152435302734 277.063507080078 276.745330810547 276.576751708984 277.644683837891 278.188354492188 276.269744873047
-9999 289.559753417969 289.693450927734 289.556488037109 289.489929199219 289.640350341797 289.793182373047 289.259216308594 289.253814697266 289.022003173828 288.078552246094 287.114074707031 288.050933837891 289.759246826172 290.245574951172 289.791259765625 289.277160644531 289.775604248047 289.597106933594 289.891174316406 288.495788574219 289.233459472656 290.320465087891 289.079803466797 287.403594970703 286.167602539062 287.048309326172 288.894714355469 288.240112304688 289.197052001953 290.382263183594 288.994171142578 288.239044189453 288.737548828125 284.380004882812 280.162445068359 282.104248046875 279.292694091797 274.332000732422 273.714447021484 274.78955078125 274.740356445312 278.546203613281 278.881896972656 278.126251220703 278.273376464844 278.272247314453 278.125335693359 277.32080078125 275.858032226562
-9999 289.632995605469 289.570465087891 289.392456054688 289.243896484375 289.582000732422 289.983612060547 289.448181152344 289.437469482422 289.258544921875 289.278564453125 288.717468261719 288.857269287109 289.85009765625 290.264587402344 289.963623046875 289.812530517578 288.905883789062 287.492431640625 288.146270751953 288.397918701172 287.993774414062 289.138275146484 286.549468994141 286.629241943359 286.423095703125 285.291870117188 287.826751708984 290.166015625 290.173370361328 290.351165771484 289.715270996094 288.372589111328 287.833099365234 285.211273193359 279.629364013672 278.738555908203 278.009521484375 274.01416015625 270.625579833984 273.844787597656 272.539123535156 275.806427001953 278.182708740234 278.248291015625 277.967407226562 278.287384033203 277.766967773438 277.234405517578 276.363464355469
-9999 289.567077636719 289.48046875 289.113861083984 289.543823242188 289.973876953125 289.819549560547 289.368194580078 289.592926025391 289.513732910156 289.104309082031 289.207183837891 289.608093261719 289.901458740234 289.986755371094 289.980804443359 290.123352050781 287.917694091797 285.579895019531 285.793701171875 286.290649414062 285.537872314453 287.969146728516 286.689453125 285.208068847656 285.709197998047 284.260589599609 286.065948486328 290.084320068359 290.150756835938 290.300506591797 290.128814697266 288.438018798828 284.246185302734 281.48828125 278.553009033203 276.941070556641 276.680267333984 275.340240478516 270.629211425781 273.123748779297 272.532501220703 274.335052490234 275.414306640625 275.921142578125 277.804595947266 277.916564941406 275.971221923828 274.438507080078 270.744659423828
-9999 289.845092773438 289.161407470703 289.261383056641 289.788116455078 290.356109619141 289.655242919922 289.552825927734 289.74169921875 289.83056640625 287.571990966797 288.45654296875 289.745178222656 289.815307617188 289.256469726562 289.413452148438 289.904968261719 287.591735839844 284.266571044922 284.131530761719 284.596405029297 284.506134033203 286.30712890625 287.320068359375 285.170684814453 284.875183105469 284.440521240234 283.565002441406 289.110656738281 289.975372314453 290.058746337891 290.079528808594 287.863586425781 283.255126953125 279.993041992188 279.459686279297 279.547668457031 276.660491943359 275.846435546875 274.02734375 271.192077636719 273.720550537109 274.071746826172 273.107025146484 272.356903076172 274.337005615234 277.077514648438 277.166473388672 273.743591308594 264.439453125
-9999 289.708282470703 289.286407470703 289.651000976562 289.811218261719 290.243682861328 289.706237792969 289.734497070312 289.787292480469 289.861572265625 288.547302246094 288.686553955078 289.590393066406 289.982940673828 289.395568847656 288.912445068359 288.926696777344 288.743408203125 285.787475585938 283.883270263672 283.527435302734 285.313720703125 286.815948486328 287.527984619141 286.358947753906 286.328063964844 285.254272460938 280.8984375 286.375152587891 289.864959716797 289.580230712891 289.869049072266 287.459808349609 284.308288574219 282.434661865234 280.644500732422 279.742980957031 278.059326171875 277.01171875 276.635498046875 272.811065673828 273.424896240234 270.395782470703 270.225494384766 271.026550292969 270.181945800781 274.95654296875 278.303741455078 275.364135742188 264.985961914062
-9999 289.760467529297 289.807250976562 289.836517333984 290.110015869141 290.085571289062 289.865509033203 289.566131591797 289.572875976562 289.732604980469 289.693176269531 289.456390380859 289.272705078125 289.862396240234 289.970825195312 289.951538085938 289.362091064453 289.690643310547 288.782775878906 288.198364257812 287.616607666016 286.896514892578 284.790435791016 283.928344726562 287.653167724609 290.009399414062 286.847412109375 282.471038818359 282.054016113281 287.069427490234 288.955017089844 289.125518798828 288.844482421875 286.508880615234 284.617309570312 283.044158935547 282.185455322266 281.784698486328 279.944793701172 278.802764892578 273.295562744141 266.857757568359 266.706634521484 267.394165039062 267.8544921875 271.519714355469 270.238677978516 268.315826416016 271.846649169922 272.6640625
289.647369384766 289.680603027344 289.690246582031 289.744354248047 289.737640380859 289.649963378906 289.678405761719 289.440704345703 289.240295410156 289.407745361328 289.604370117188 289.355651855469 289.506896972656 289.678100585938 289.799530029297 290.077545166016 289.920684814453 288.247802734375 287.944122314453 288.863403320312 288.998870849609 286.736022949219 285.322448730469 286.316223144531 288.518371582031 289.807434082031 286.958129882812 282.795471191406 278.500335693359 282.035064697266 286.220489501953 288.143035888672 287.986175537109 286.720062255859 285.761657714844 284.365356445312 283.159332275391 283.093444824219 283.277618408203 282.453308105469 273.906951904297 270.275360107422 268.284790039062 269.067321777344 266.4443359375 268.177551269531 271.461364746094 270.071533203125 270.539306640625 272.5771484375
289.729187011719 289.726623535156 289.713653564453 289.742889404297 289.625366210938 289.585723876953 289.710144042969 289.322631835938 289.110900878906 289.516784667969 289.9052734375 289.621368408203 289.962738037109 290.074096679688 289.753509521484 288.930847167969 289.346771240234 287.073364257812 285.636352539062 285.396789550781 286.511871337891 286.778747558594 286.678924560547 288.541473388672 289.667144775391 289.720367431641 288.344085693359 282.878479003906 276.457489013672 277.587463378906 283.84228515625 288.648101806641 288.890838623047 287.565643310547 285.838134765625 284.74072265625 284.14111328125 284.503997802734 284.344604492188 283.185363769531 274.391906738281 274.378204345703 270.905639648438 268.952911376953 267.621826171875 263.312927246094 265.211212158203 270.790313720703 271.145172119141 269.651702880859
