rcp4.5models/GFDL_CM3/sc1gr0.27
NCOLS 261 
NROWS 433 
XLLCORNER 336357.134 
YLLCORNER 654653.479 
CELLSIZE 1000 
NODATA_value -9999 
[rows 352 to 373 of 433, columns 100 to 149 of 261]
79.9945449829102 79.8044052124023 79.9391403198242 79.9096450805664 80.1278381347656 80.1662368774414 80.0348434448242 79.9898910522461 79.9958572387695 79.9510879516602 80.0359802246094 80.0614776611328 80.5404815673828 81.0598602294922 81.492546081543 81.6711959838867 81.9078063964844 82.1467895507812 82.5435104370117 -9999 82.8885803222656 83.5300903320312 83.5566101074219 83.5360717773438 83.8512268066406 83.9856872558594 83.9543762207031 83.6435775756836 83.2418670654297 83.1072006225586 83.1767501831055 83.163215637207 83.0819854736328 83.151237487793 83.3394927978516 83.3845977783203 83.8583221435547 83.8600997924805 83.7649993896484 83.7917175292969 83.4816818237305 -9999 -9999 84.1516647338867 83.707275390625 83.7586288452148 82.8910675048828 81.9147033691406 82.1327438354492 81.1332931518555
79.5716400146484 79.332763671875 79.5472793579102 79.6873168945312 80.0960235595703 80.3159332275391 80.0706787109375 79.822395324707 79.7360382080078 79.6216125488281 79.5851440429688 79.6815872192383 79.9030914306641 80.206184387207 80.6374435424805 80.9790649414062 81.4982528686523 81.8794174194336 81.7307205200195 81.409782409668 81.7433166503906 82.7070007324219 83.08349609375 83.3679656982422 83.28076171875 83.5826416015625 83.4572067260742 83.0258560180664 82.7244415283203 82.6196365356445 82.7969589233398 82.8411026000977 82.9574356079102 82.9935989379883 83.2144622802734 82.9768905639648 83.0455474853516 83.2385940551758 83.3380584716797 83.3064041137695 -9999 -9999 -9999 83.690055847168 83.8110122680664 83.9750061035156 82.9235382080078 82.2322616577148 82.0923233032227 80.6086120605469
79.1394424438477 79.1627349853516 79.119270324707 79.1767425537109 79.5854568481445 79.9554290771484 80.0905609130859 79.9273223876953 79.650016784668 79.4582748413086 79.3422088623047 79.3356018066406 79.355224609375 79.4680786132812 79.8360748291016 80.3514633178711 81.2263793945312 81.5374908447266 80.7018280029297 80.0204620361328 80.364990234375 81.0654602050781 81.7264404296875 82.2484130859375 82.1083221435547 82.0633163452148 81.9297866821289 81.5851974487305 81.5605239868164 81.8735656738281 82.1310882568359 82.384880065918 82.8201599121094 82.8512191772461 82.9849700927734 83.1653594970703 82.971321105957 83.1683654785156 83.2331161499023 83.0273208618164 -9999 83.0297622680664 83.3609848022461 83.7323913574219 84.1270217895508 83.9291305541992 82.4733734130859 82.1078567504883 81.5151824951172 79.5647735595703
78.8286437988281 79.0321578979492 78.7886962890625 78.7685546875 79.0150527954102 79.1633682250977 79.4663391113281 79.9157562255859 80.0605773925781 79.7631072998047 79.4945602416992 79.2952728271484 79.0330200195312 78.932373046875 79.0654678344727 79.4991836547852 80.2071075439453 80.2573089599609 79.6942443847656 79.2646942138672 79.4712982177734 79.7957534790039 80.0441436767578 80.5443115234375 80.5510940551758 80.4796752929688 81.0760955810547 81.7341842651367 81.9402847290039 82.1785659790039 82.2154312133789 82.4118423461914 82.6182098388672 82.6104049682617 82.7266006469727 83.0612640380859 83.1459579467773 83.2633743286133 83.2211380004883 83.1722106933594 83.071044921875 83.2110977172852 83.6683349609375 83.9112091064453 84.0857772827148 83.7820281982422 82.1139907836914 82.0195693969727 81.3641204833984 79.2290802001953
78.3593292236328 78.6689529418945 78.5621643066406 78.4204711914062 78.3809509277344 78.5068664550781 78.7141723632812 79.26806640625 80.0152893066406 80.3611907958984 80.1686096191406 79.6053771972656 78.9314346313477 78.7115249633789 78.6339340209961 78.8690032958984 79.1127243041992 79.0299987792969 78.9816284179688 78.9704055786133 79.090087890625 79.1322860717773 78.9783020019531 79.22021484375 79.9977951049805 80.7902221679688 81.6288604736328 82.4790496826172 82.8540725708008 83.0990600585938 83.0208358764648 82.7759628295898 82.5924377441406 82.5842895507812 82.6326293945312 82.623649597168 82.5859909057617 82.5749206542969 82.7073211669922 82.8910980224609 83.0482711791992 83.3438339233398 83.46826171875 83.2527160644531 83.2386093139648 82.9431991577148 82.0297088623047 82.1282272338867 80.671012878418 78.2001342773438
77.9593658447266 78.346794128418 78.3460464477539 78.1591033935547 78.11474609375 78.0815887451172 78.2251968383789 78.6062164306641 79.0728378295898 79.6091537475586 79.8216247558594 79.6307220458984 78.8049697875977 78.5240249633789 78.6179885864258 78.6888122558594 78.6535415649414 78.6397323608398 78.6065826416016 78.6072845458984 78.577033996582 78.5051422119141 78.431526184082 78.5163726806641 79.6731109619141 80.6018295288086 81.1987380981445 81.6809997558594 82.459098815918 83.1438827514648 83.3074417114258 82.9924926757812 82.5817413330078 82.5305404663086 82.480583190918 82.6902084350586 82.3491821289062 82.155143737793 82.2115478515625 82.273796081543 82.4462814331055 82.609977722168 82.6248321533203 82.3100357055664 82.0592651367188 81.9931716918945 81.9873809814453 81.430908203125 78.4470672607422 76.9273376464844
77.6234512329102 77.7772827148438 77.8141555786133 77.7234420776367 77.8395462036133 77.7566986083984 77.6230087280273 77.8877410888672 78.0636978149414 78.2913436889648 78.672492980957 78.9136047363281 78.5567932128906 78.324951171875 78.3917083740234 78.3950347900391 78.4623489379883 78.5839080810547 78.5967864990234 78.4020462036133 78.112190246582 78.1815338134766 78.3022384643555 78.4168090820312 79.474006652832 79.843864440918 80.1719512939453 80.5801696777344 81.5159530639648 81.9235382080078 81.9046096801758 82.0539321899414 81.9043502807617 81.9676284790039 82.2906036376953 82.4096221923828 81.9166641235352 81.7925262451172 81.7422027587891 81.7348022460938 81.7244186401367 81.8061218261719 81.8481216430664 81.7247924804688 81.5932769775391 81.5370712280273 81.669563293457 79.8978271484375 76.8133544921875 76.5964202880859
77.3207778930664 77.1807861328125 77.2584457397461 77.170654296875 77.3833541870117 77.5707702636719 77.4024124145508 77.3924331665039 77.3191528320312 77.5906372070312 78.0530090332031 78.229248046875 78.1999588012695 78.148307800293 78.0891494750977 77.9930038452148 78.213981628418 78.4902725219727 78.4834518432617 78.1491470336914 77.8254470825195 78.0352020263672 78.2983322143555 78.5317306518555 79.4086532592773 79.7200317382812 79.9569625854492 80.3604888916016 80.9503326416016 80.6934051513672 80.4043045043945 80.8550796508789 80.8802337646484 80.8669586181641 81.4944381713867 81.8273696899414 81.3385162353516 81.2274551391602 80.6354827880859 79.8166580200195 80.3960571289062 79.9800338745117 79.8392486572266 80.2016067504883 79.4309616088867 79.3115921020508 79.3344497680664 77.7710800170898 76.3966293334961 76.3643341064453
76.7453918457031 76.842658996582 76.7171096801758 76.5226898193359 76.3793792724609 76.787971496582 77.0581359863281 76.9463348388672 77.0220108032227 77.1203918457031 77.1929931640625 77.1051712036133 77.2425842285156 77.2148971557617 77.3342056274414 77.2754592895508 77.1849060058594 77.1751480102539 77.1616516113281 77.1735763549805 77.6147918701172 78.0941390991211 77.888557434082 77.7145614624023 78.0036163330078 78.3880767822266 78.8197708129883 78.9250946044922 78.5499114990234 78.896842956543 79.7170028686523 79.560546875 79.486457824707 79.5460052490234 79.8101348876953 78.9305801391602 78.2323837280273 77.6475448608398 77.4005432128906 77.0982437133789 76.8074722290039 76.6257781982422 76.6134490966797 76.3775787353516 76.2715759277344 76.2627029418945 76.1249618530273 76.0062026977539 75.9221878051758 75.9428176879883
76.3227081298828 76.4718627929688 76.7016754150391 76.6668319702148 76.4908752441406 76.5124282836914 76.4258575439453 76.505973815918 76.8456192016602 77.0747909545898 77.2304077148438 77.1670074462891 77.3367538452148 77.5389099121094 77.765983581543 77.5511093139648 77.1482086181641 77.0914993286133 77.1410140991211 77.1536865234375 77.3204498291016 77.7257690429688 77.982048034668 78.0292510986328 78.0699005126953 78.1983947753906 78.4301986694336 79.0262069702148 79.1303176879883 78.3517837524414 78.6443939208984 79.0341262817383 79.0807952880859 79.4940567016602 80.0190887451172 79.3789520263672 78.9386596679688 78.1888198852539 77.6703720092773 77.0186996459961 76.6742248535156 76.6939086914062 76.6937561035156 76.2910766601562 76.0348815917969 75.979850769043 75.679801940918 -9999 75.6340942382812 75.6129302978516
76.4448471069336 76.2335891723633 76.5692977905273 76.7981948852539 76.7109680175781 76.5591735839844 76.4536819458008 76.5171127319336 76.8646240234375 77.2780075073242 77.5000915527344 77.4530944824219 77.6635894775391 78.2368011474609 78.3751983642578 77.8846740722656 77.1716156005859 77.0130386352539 77.1246566772461 77.1692581176758 77.179557800293 77.4474182128906 77.7246246337891 77.7514572143555 78.4442367553711 78.4495391845703 78.02197265625 77.9937896728516 78.3012771606445 77.7358093261719 77.4636917114258 78.0587997436523 78.3525314331055 78.8248825073242 79.083381652832 79.4398574829102 79.3164138793945 78.7367935180664 77.6290512084961 76.9044189453125 76.5491485595703 76.8485488891602 76.8712997436523 76.1393356323242 76.0121154785156 75.8941650390625 75.5483474731445 75.3928909301758 75.3199081420898 75.3446884155273
76.615364074707 76.1450424194336 76.1770629882812 76.6295547485352 76.9813003540039 76.9620742797852 76.7418594360352 76.4813385009766 76.5821762084961 77.0130996704102 77.2155075073242 77.1847991943359 77.3630294799805 77.9746475219727 78.2177047729492 77.6768951416016 77.0767669677734 76.7818145751953 76.7904357910156 76.9767837524414 77.0310821533203 77.4067993164062 77.5425796508789 77.4084777832031 78.232666015625 78.2829437255859 77.543098449707 77.0159683227539 76.9198379516602 76.9253234863281 76.7309188842773 77.0990371704102 77.8307418823242 78.3863296508789 78.6574478149414 78.9098892211914 78.4666366577148 77.9929885864258 77.2649383544922 76.5959701538086 76.4279556274414 76.5875396728516 76.4634170532227 75.8158950805664 75.7874526977539 75.6838302612305 75.2712936401367 75.0530700683594 75.0522308349609 75.1403961181641
76.0139694213867 76.1312026977539 75.7737197875977 75.875732421875 76.4827041625977 76.8977508544922 76.8725967407227 76.7378158569336 76.4410705566406 76.3292922973633 76.4456024169922 76.4941864013672 76.8947143554688 77.4099731445312 77.4846420288086 77.2467041015625 76.9748458862305 76.7561798095703 76.5097274780273 76.5583114624023 76.7636337280273 77.2836074829102 77.6430740356445 77.7247543334961 77.8969268798828 78.0317077636719 77.7146148681641 77.1580657958984 76.5352935791016 76.3248062133789 76.0610427856445 76.2910690307617 76.8103103637695 77.5436248779297 78.3857116699219 78.8659515380859 77.8540573120117 76.6029281616211 76.6224517822266 76.3589630126953 76.1460418701172 76.0496063232422 75.7475357055664 75.553825378418 75.3787078857422 75.2152099609375 74.8795623779297 74.7548980712891 74.8419570922852 74.9744873046875
75.4452743530273 75.7893753051758 75.5874862670898 75.3513031005859 75.4780502319336 76.0016403198242 76.6139984130859 77.13916015625 76.7960662841797 76.2103424072266 76.2082138061523 76.1765518188477 76.3139724731445 76.5454406738281 76.7266464233398 76.9330368041992 76.894889831543 76.6769790649414 76.3217926025391 76.2748794555664 76.5438079833984 76.8495178222656 77.2412567138672 77.4965515136719 77.8114929199219 78.0085830688477 78.0505752563477 77.3075408935547 76.406364440918 76.2583160400391 75.8845062255859 75.6557769775391 75.6320343017578 76.1167907714844 77.1075286865234 78.0122146606445 76.9930953979492 75.5933685302734 75.9575576782227 76.0814208984375 75.5743789672852 75.4796676635742 75.2143707275391 75.1510848999023 74.8672790527344 74.6996765136719 74.5456314086914 74.5409088134766 74.6081008911133 74.7074508666992
75.3678588867188 75.394287109375 75.329963684082 75.2638626098633 75.0660934448242 75.2284240722656 75.7187347412109 76.4499740600586 76.6223754882812 76.3413696289062 76.4808731079102 76.4849319458008 75.7656936645508 75.7932510375977 76.2301712036133 76.581169128418 76.7660827636719 76.558349609375 76.1573028564453 76.1238632202148 76.3115005493164 76.4599380493164 76.7033081054688 76.8087615966797 77.2711944580078 77.3780059814453 77.3062210083008 76.7564849853516 76.3507614135742 76.3016738891602 75.8528060913086 75.5019454956055 75.301383972168 75.2486038208008 75.6440048217773 76.4505844116211 75.7693405151367 75.2066802978516 75.337890625 75.3491744995117 75.0464630126953 75.0055999755859 74.8953399658203 74.7392730712891 74.5093154907227 74.4387893676758 74.1603012084961 74.3270492553711 74.3894882202148 74.4517135620117
74.9975051879883 76.135986328125 75.821647644043 75.5158081054688 75.3837280273438 75.2607192993164 75.3124847412109 75.5770950317383 75.8010559082031 75.8381195068359 76.2330627441406 76.5583724975586 75.6005325317383 75.5409088134766 75.7304153442383 76.0983734130859 76.5181655883789 76.5166702270508 76.1370239257812 76.1134643554688 76.1178894042969 75.9878997802734 76.1317825317383 76.1948699951172 76.5299301147461 76.5078048706055 76.2975158691406 76.2783889770508 76.1673889160156 76.1065979003906 75.7772903442383 75.5764694213867 75.2762603759766 74.9101486206055 74.9857940673828 75.2653121948242 74.9762573242188 74.7943878173828 74.7362442016602 74.6446838378906 74.6173400878906 74.6195449829102 74.3937149047852 74.2159118652344 74.0982971191406 73.9864807128906 73.9829406738281 74.0985412597656 74.1457290649414 74.1205368041992
74.8380355834961 75.97802734375 76.2338027954102 76.1884002685547 76.423828125 76.469841003418 76.3953170776367 76.3226547241211 76.067024230957 75.6967926025391 75.7973785400391 76.182487487793 75.7103652954102 75.5364227294922 75.5021591186523 75.6732635498047 75.9932403564453 76.1418914794922 76.1382827758789 76.3278274536133 76.2998733520508 76.0066833496094 75.8666610717773 75.7332382202148 75.6974945068359 75.7261047363281 75.7425003051758 75.8852462768555 75.8637237548828 75.8690338134766 75.49951171875 75.4332504272461 75.2028503417969 74.7154693603516 74.650520324707 74.4747161865234 74.4337921142578 74.4005813598633 74.341911315918 74.2832794189453 74.256965637207 74.1994171142578 73.9828414916992 73.7953567504883 73.671257019043 73.5077438354492 73.7920455932617 73.7665863037109 73.7248001098633 73.6947631835938
75.4916839599609 75.0663604736328 75.372917175293 76.0597152709961 77.0070724487305 77.5131225585938 77.6423721313477 77.540657043457 77.2740783691406 76.9870452880859 76.5866394042969 76.5050582885742 76.3218383789062 76.0297012329102 75.9024124145508 75.6664733886719 75.6191787719727 75.7301406860352 75.8971252441406 76.1777420043945 76.248908996582 76.1209487915039 75.9329833984375 75.7060546875 75.1929779052734 75.1316986083984 75.2695617675781 75.4552230834961 75.5348587036133 75.5145111083984 75.1844787597656 75.2195205688477 75.0425262451172 74.6337051391602 74.7680206298828 74.3234786987305 74.1564865112305 74.0815963745117 74.039909362793 73.9639129638672 73.9388275146484 73.8215942382812 73.7274017333984 73.6285018920898 -9999 73.3731460571289 73.5218048095703 73.4966278076172 73.4081115722656 73.4067611694336
75.7734527587891 75.1576843261719 74.7334823608398 74.9734878540039 75.8095779418945 76.7264633178711 77.6007919311523 77.8086471557617 77.8458786010742 77.965446472168 77.7603378295898 77.7144393920898 77.2262191772461 76.8042373657227 76.6407089233398 76.2925872802734 75.9657516479492 75.9284057617188 75.9579010009766 75.8264846801758 75.8327789306641 76.0089950561523 75.9129409790039 75.5715179443359 75.0855102539062 75.1149368286133 75.1402969360352 75.0891036987305 74.9988403320312 74.9659042358398 74.8561630249023 74.9715194702148 74.9934768676758 74.7283706665039 74.8539733886719 74.2611541748047 73.9548568725586 73.8388061523438 73.7381591796875 73.6287689208984 73.612174987793 73.4533462524414 73.3823013305664 73.3918609619141 -9999 73.0948791503906 73.2898483276367 73.1865005493164 73.1135482788086 73.1839141845703
73.6080780029297 75.522705078125 75.8401565551758 74.927619934082 74.5945205688477 74.6578750610352 74.8303985595703 75.1586608886719 75.3028259277344 75.364860534668 75.8278961181641 76.7276992797852 77.9666519165039 78.6037368774414 78.6419677734375 78.2087326049805 77.8011856079102 77.5684585571289 77.0609283447266 76.282958984375 75.9414596557617 75.8962249755859 76.3321228027344 76.6741333007812 76.1833419799805 75.7386703491211 75.67626953125 76.0171508789062 75.7953491210938 75.1277313232422 74.5511627197266 74.0044937133789 74.0400238037109 74.0089340209961 73.9049606323242 74.0606307983398 74.2522201538086 73.7032699584961 73.3115692138672 73.0612106323242 72.9343338012695 72.9904174804688 72.9667739868164 72.6918106079102 72.5164489746094 -9999 72.5494079589844 72.5243453979492 72.5437240600586 72.7251510620117
72.807373046875 74.3445816040039 74.9120483398438 74.8727722167969 75.0004653930664 75.0210571289062 74.6554183959961 74.4605865478516 74.4974365234375 74.4839324951172 74.7443923950195 75.2474746704102 76.4111251831055 77.5566635131836 78.319091796875 78.4395980834961 78.3757019042969 78.3231506347656 77.8518142700195 76.868049621582 76.47998046875 76.6491546630859 76.9821319580078 77.2828521728516 77.6429443359375 76.9933242797852 76.7738876342773 77.0201721191406 76.7747573852539 76.0588226318359 75.3631210327148 74.6585998535156 74.255615234375 73.5942077636719 73.2738571166992 74.4106750488281 75.02978515625 74.2173767089844 73.136589050293 72.6945953369141 72.5262145996094 72.6062774658203 72.6420669555664 72.4061584472656 -9999 -9999 -9999 72.2719421386719 72.3024978637695 72.3825378417969
72.6660766601562 73.1239471435547 73.8841705322266 74.5221328735352 75.0389556884766 75.2626953125 75.0415344238281 74.4355010986328 74.1235046386719 74.1693725585938 74.2924957275391 74.6538925170898 75.8298645019531 76.5238800048828 77.2572937011719 77.7048416137695 78.1669158935547 78.2944030761719 78.1941223144531 78.0547790527344 78.0295181274414 78.2978134155273 78.1504364013672 78.0544891357422 78.8494033813477 78.4880294799805 78.2773208618164 78.1051940917969 77.4457244873047 76.7682113647461 76.4493713378906 76.2458343505859 75.6611175537109 73.9967575073242 72.6937484741211 74.8749465942383 75.9726943969727 74.9644546508789 73.1782150268555 72.3701934814453 72.1765365600586 72.2563095092773 72.2756652832031 72.0788192749023 72.1075286865234 -9999 -9999 71.8705749511719 71.90625 71.9209136962891
