rcp4.5models/GFDL_CM3/sc1gr2.19
NCOLS 261 
NROWS 433 
XLLCORNER 336357.134 
YLLCORNER 654653.479 
CELLSIZE 1000 
NODATA_value -3.4e+38 
[rows 396 to 417 of 433, columns 98 to 146 of 261]
315.9736328125 318.544219970703 317.57177734375 313.810028076172 312.874664306641 314.343322753906 316.258270263672 315.878234863281 316.186279296875 317.653961181641 317.628936767578 316.049377441406 314.027404785156 311.288238525391 308.032806396484 308.714447021484 307.958374023438 308.200134277344 310.935089111328 313.194915771484 312.9638671875 312.182006835938 311.950775146484 310.271728515625 304.461242675781 296.430267333984 309.500030517578 315.413360595703 315.917053222656 316.421447753906 316.927398681641 317.2119140625 317.219970703125 317.011291503906 316.7421875 316.754333496094 316.333526611328 316.284637451172 316.508544921875 316.606567382812 315.908966064453 315.539672851562 316.266418457031 316.881408691406 317.102874755859 317.415344238281 317.625762939453 317.748687744141 317.678039550781
313.866851806641 317.421936035156 318.474975585938 316.408142089844 314.634490966797 314.364013671875 315.055633544922 314.725494384766 315.567260742188 317.474945068359 317.131591796875 315.118316650391 313.124633789062 311.867065429688 308.820953369141 307.813385009766 309.078460693359 311.313720703125 313.502349853516 314.277435302734 312.304260253906 311.207702636719 311.726837158203 308.411102294922 300.728118896484 298.333435058594 313.576324462891 315.732879638672 315.734619140625 315.963928222656 316.691680908203 317.474365234375 317.540771484375 317.051452636719 316.560699462891 316.716979980469 316.659057617188 316.327728271484 316.340942382812 316.560272216797 316.863311767578 316.468200683594 316.298187255859 316.702606201172 316.617797851562 316.937438964844 316.959197998047 316.978759765625 317.492126464844
313.037475585938 316.570190429688 318.770233154297 317.858734130859 314.771911621094 313.904113769531 314.605987548828 315.934478759766 317.617584228516 318.296447753906 317.220275878906 314.403259277344 312.394226074219 312.41650390625 310.664642333984 311.416595458984 313.358154296875 314.325408935547 314.80029296875 314.326904296875 311.843017578125 311.007263183594 310.825866699219 306.236022949219 300.889434814453 304.188598632812 316.313781738281 315.543823242188 315.730773925781 316.057342529297 316.010681152344 316.737823486328 317.080841064453 316.372406005859 316.254211425781 317.043487548828 316.693420410156 315.859039306641 315.871032714844 316.093719482422 316.606323242188 316.702667236328 316.422637939453 316.643890380859 316.952484130859 316.967224121094 316.975860595703 317.179504394531 318.500061035156
311.872833251953 313.896087646484 316.051483154297 317.731964111328 315.692718505859 314.510375976562 314.932037353516 317.501007080078 319.070495605469 318.815673828125 318.537658691406 316.021942138672 313.010070800781 312.470886230469 313.705383300781 314.661193847656 315.143432617188 315.396087646484 315.125457763672 312.651580810547 310.329559326172 310.32373046875 308.645690917969 304.924743652344 305.183807373047 311.104034423828 316.628845214844 315.134918212891 315.227966308594 315.648651123047 314.606353759766 315.447052001953 317.060974121094 -3.4e+38 316.785583496094 317.147094726562 317.087005615234 316.181060791016 315.906219482422 316.123870849609 316.429260253906 316.651794433594 316.549133300781 316.572509765625 316.686370849609 316.303833007812 317.898040771484 318.484619140625 318.990692138672
310.800201416016 311.48681640625 312.649719238281 317.858337402344 317.769317626953 316.755279541016 316.252044677734 318.303863525391 319.372100830078 317.810089111328 318.093566894531 317.771697998047 314.760101318359 313.552947998047 315.746124267578 316.4912109375 316.974395751953 316.437469482422 313.43798828125 309.662689208984 308.870391845703 307.929840087891 303.242858886719 301.029052734375 307.305847167969 314.737060546875 316.863525390625 316.409027099609 315.867156982422 314.965911865234 313.647644042969 314.933074951172 317.103637695312 317.608947753906 -3.4e+38 317.685791015625 317.62451171875 316.50830078125 316.149536132812 316.451934814453 316.465484619141 316.677795410156 316.983123779297 317.397064208984 316.41015625 315.620025634766 318.242431640625 318.529998779297 319.036712646484
311.826324462891 311.149627685547 310.974090576172 316.667633056641 318.093048095703 318.043395996094 318.061370849609 319.306243896484 319.949279785156 317.874206542969 316.912933349609 317.62060546875 316.087646484375 314.049499511719 315.253173828125 315.459136962891 314.425018310547 312.171813964844 309.465179443359 308.450042724609 308.952667236328 306.292663574219 300.33544921875 300.496704101562 309.847839355469 316.152526855469 316.407806396484 316.636749267578 316.910034179688 315.782287597656 315.086059570312 316.583343505859 316.980804443359 316.870635986328 317.655059814453 318.157409667969 318.4462890625 317.03955078125 316.684814453125 316.777069091797 316.702239990234 317.010223388672 317.429656982422 318.033966064453 317.230621337891 316.835754394531 318.071990966797 318.085144042969 319.111968994141
312.730285644531 310.70751953125 310.835327148438 315.590515136719 318.207244873047 318.595092773438 319.127655029297 319.237548828125 318.430969238281 318.212890625 318.248321533203 317.656097412109 316.360107421875 314.895446777344 312.541137695312 310.769195556641 310.549682617188 309.573883056641 308.536834716797 308.995452880859 309.006225585938 306.325469970703 303.525451660156 306.324127197266 313.511260986328 316.992980957031 315.955963134766 315.954925537109 316.638244628906 316.77734375 316.855590820312 317.961212158203 317.299835205078 316.688293457031 317.195251464844 317.704010009766 318.424163818359 317.791015625 317.508514404297 317.517639160156 317.527282714844 317.537414550781 317.755065917969 318.066711425781 318.078399658203 317.894470214844 318.000091552734 318.413421630859 318.839752197266
313.186798095703 311.356262207031 311.916320800781 316.648864746094 318.760711669922 319.150024414062 319.4052734375 318.783599853516 316.485046386719 315.46728515625 316.9697265625 316.117736816406 313.898498535156 312.8310546875 309.0869140625 309.132659912109 310.60107421875 311.338806152344 310.356872558594 308.8125 307.811645507812 307.042907714844 308.005157470703 312.128997802734 316.231842041016 316.538146972656 315.501342773438 315.730224609375 316.228271484375 316.727325439453 317.45166015625 318.004089355469 317.563751220703 317.011260986328 317.016082763672 317.021697998047 317.462677001953 318.042724609375 318.050994873047 318.266174316406 318.357696533203 318.281860351562 318.581573486328 318.591827392578 318.602478027344 318.410430908203 318.518676757812 318.945556640625 318.811187744141
314.070343017578 313.9052734375 313.126739501953 315.529144287109 317.514129638672 318.700164794922 319.186248779297 319.141052246094 316.774047851562 313.264129638672 312.535919189453 312.709259033203 311.731628417969 310.226409912109 307.709533691406 309.167999267578 309.132354736328 308.83740234375 310.601593017578 310.414276123047 308.386596679688 308.808532714844 310.805236816406 313.94775390625 316.79541015625 316.118743896484 314.585388183594 314.506256103516 315.731018066406 316.771606445312 317.271636962891 317.77197265625 317.826477050781 317.549774169922 317.553283691406 317.5576171875 317.776275634766 318.574890136719 318.581939697266 318.801574707031 318.689453125 318.526000976562 319.123382568359 318.933776855469 318.850036621094 319.350372314453 319.655883789062 319.473999023438 319.252563476562
315.435882568359 316.755340576172 315.654724121094 315.003082275391 317.455139160156 318.814239501953 319.259429931641 319.451690673828 317.8544921875 314.866607666016 313.173156738281 311.828887939453 309.478240966797 307.966796875 306.968719482422 306.94580078125 306.693603515625 306.446350097656 309.378723144531 312.660278320312 311.962341308594 312.110076904297 314.373809814453 315.852722167969 316.616485595703 315.900024414062 314.401428222656 313.593597412109 314.964172363281 316.591247558594 317.041168212891 317.813385009766 318.092346191406 318.094818115234 318.09814453125 318.102203369141 318.325042724609 318.834777832031 319.125457763672 319.1328125 318.724945068359 318.764709472656 319.448455810547 318.760986328125 318.381744384766 319.291748046875 320.002380371094 319.516693115234 319.277587890625
314.295562744141 315.499938964844 316.905120849609 314.99951171875 315.572845458984 316.328796386719 317.835632324219 318.803314208984 319.015960693359 318.477783203125 317.21337890625 315.957550048828 315.716613769531 315.925476074219 314.916534423828 314.642822265625 314.362823486328 314.817016601562 315.794891357422 317.516265869141 318.256164550781 318.243469238281 318.231994628906 317.743499755859 316.976226806641 316.234588623047 314.993865966797 313.956115722656 314.830596923828 316.637908935547 317.63134765625 318.178344726562 317.735626220703 317.409973144531 317.908142089844 318.183807373047 318.187133789062 318.195831298828 319.047241210938 319.787170410156 319.213439941406 319.220367431641 319.227783203125 319.235626220703 319.243835449219 319.252410888672 319.261291503906 319.270477294922 319.289520263672
316.139129638672 316.485412597656 315.441436767578 314.4619140625 312.254241943359 313.371520996094 317.019866943359 318.39306640625 318.588165283203 318.559722900391 318.007690429688 317.520385742188 317.227783203125 316.430755615234 317.672332763672 318.149749755859 317.63330078125 317.123443603516 317.589660644531 317.817047119141 317.803344726562 318.280487060547 318.543884277344 317.793243408203 317.023468017578 316.516693115234 315.273986816406 314.96484375 315.228637695312 315.911315917969 317.629821777344 318.49609375 317.550872802734 316.718078613281 317.162353515625 317.730041503906 317.733123779297 317.951904296875 318.668792724609 319.046142578125 318.758087158203 318.561279296875 318.482177734375 318.979278564453 319.079620361328 318.991943359375 319.2939453125 319.302459716797 319.809173583984
316.404022216797 317.909790039062 316.522857666016 315.867095947266 314.255615234375 315.536560058594 318.259246826172 318.673248291016 318.643829345703 318.888000488281 318.576812744141 318.329620361328 318.296691894531 317.267791748047 317.977325439453 318.447387695312 318.427795410156 318.409332275391 318.147186279297 317.632354736328 317.36083984375 317.829132080078 318.087646484375 317.822601318359 317.337921142578 316.804229736328 316.087738037109 315.513336181641 315.547027587891 315.728851318359 317.403656005859 318.543395996094 318.040344238281 317.760650634766 317.760437011719 317.544799804688 317.268157958984 317.490417480469 317.785003662109 317.789886474609 318.000640869141 318.082122802734 317.998931884766 318.512786865234 318.615600585938 318.523834228516 319.031982421875 319.334716796875 320.161529541016
314.448059082031 317.563934326172 317.601501464844 317.692199707031 317.227813720703 317.639678955078 318.4794921875 318.4892578125 318.699554443359 318.928405761719 318.874206542969 318.349456787109 318.600524902344 318.2880859375 317.783599853516 318.502136230469 318.482147216797 318.463256835938 318.193939208984 317.429809570312 317.403381347656 317.657348632812 317.385498046875 317.853637695312 316.927764892578 315.82275390625 316.134887695312 315.560180664062 315.591735839844 316.230621337891 317.76513671875 318.311187744141 318.087127685547 317.812316894531 318.030670166016 318.086639404297 317.373870849609 317.524139404297 317.599914550781 317.320129394531 317.742279052734 318.329254150391 318.334564208984 318.34033203125 318.346527099609 318.549713134766 318.857849121094 319.071228027344 319.994079589844
312.806396484375 316.735260009766 318.215911865234 317.725250244141 317.853088378906 318.18701171875 318.553436279297 318.560760498047 318.755279541016 318.727172851562 318.428985595703 317.636749267578 317.657409667969 317.859985351562 317.838043212891 318.048431396484 318.284820556641 318.77099609375 318.255432128906 317.736572265625 317.97021484375 316.476715087891 314.921966552734 315.877014160156 315.716949462891 314.639312744141 315.384033203125 315.840515136719 316.367858886719 317.277160644531 318.585327148438 318.852142333984 318.400817871094 317.626037597656 317.791198730469 317.916442871094 316.707489013672 317.0771484375 317.364013671875 317.565643310547 318.066040039062 318.365997314453 318.572631835938 318.665771484375 318.381225585938 318.592193603516 318.895538330078 319.090850830078 319.635223388672
314.374816894531 317.004180908203 317.715850830078 316.475769042969 317.726745605469 318.664611816406 318.869659423828 318.839874267578 318.810974121094 318.509399414062 317.713897705078 316.69189453125 316.714263916016 317.168823242188 317.624450683594 317.611511230469 318.095825195312 318.564392089844 318.300140380859 318.279693603516 317.773956298828 314.065032958984 311.711364746094 313.436126708984 314.939300537109 314.975830078125 316.132476806641 316.688629150391 316.648010253906 317.143005371094 318.092376708984 319.128295898438 319.170623779297 318.444061279297 317.891723632812 317.670135498047 316.942840576172 316.885070800781 317.102355957031 317.818572998047 318.399475097656 318.402923583984 318.616821289062 318.712768554688 318.416137695312 318.421356201172 318.630767822266 319.137481689453 319.349639892578
316.241607666016 316.571716308594 315.692413330078 314.764007568359 316.618041992188 317.935546875 318.171417236328 318.657653808594 318.866607666016 318.579895019531 317.795471191406 317.041076660156 316.770660400391 316.735046386719 317.200775146484 317.666107177734 318.150848388672 317.867736816406 317.346862792969 317.332305908203 315.8291015625 313.33251953125 312.044281005859 313.232086181641 314.752319335938 315.238342285156 316.715454101562 316.508239746094 315.504699707031 315.192718505859 316.368377685547 317.680969238281 318.399475097656 318.717407226562 317.992492675781 317.872283935547 317.996429443359 317.432312011719 317.433349609375 317.857452392578 318.437225341797 318.440002441406 318.6455078125 318.736480712891 318.451232910156 318.258941650391 318.362213134766 318.963684082031 319.477569580078
316.415313720703 315.90478515625 314.515106201172 312.745178222656 314.401214599609 315.958343505859 317.333312988281 318.728149414062 318.922149658203 318.894348144531 318.336975097656 317.571075439453 317.315826416016 317.035247802734 317.242736816406 317.471801757812 317.948852539062 317.675048828125 317.164001464844 316.893981933594 315.394744873047 314.601715087891 314.121520996094 313.801239013672 314.561157226562 315.502471923828 317.289825439453 315.618530273438 313.551574707031 313.464782714844 314.458709716797 315.226898193359 316.393676757812 317.932983398438 318.253509521484 318.19140625 318.252349853516 317.752990722656 317.472625732422 317.688720703125 317.984313964844 318.190948486328 318.690399169922 318.784332275391 318.486511230469 318.284606933594 318.391998291016 318.808471679688 319.102416992188
315.737701416016 315.408203125 314.342742919922 311.340515136719 311.891967773438 313.911407470703 316.932708740234 318.490264892578 318.462890625 318.161529541016 317.638458251953 317.397064208984 317.638092041016 317.324523925781 317.2978515625 317.793243408203 318.002380371094 317.986846923828 317.963836669922 316.9443359375 316.174346923828 315.666625976562 314.651733398438 314.125885009766 314.352386474609 315.553009033203 318.076904296875 316.66064453125 314.812408447266 314.309387207031 314.263641357422 314.754333496094 315.924285888672 317.470428466797 318.026397705078 318.240966796875 318.299591064453 318.082244873047 317.511993408203 317.720153808594 317.797790527344 317.931243896484 318.314178466797 318.230224609375 318.720794677734 319.014007568359 318.822113037109 318.533050537109 318.626647949219
313.590362548828 314.555145263672 313.886077880859 310.83349609375 310.685638427734 313.884185791016 317.196075439453 318.060882568359 318.03271484375 317.744567871094 317.490661621094 317.721557617188 317.389251708984 316.625091552734 317.3671875 318.0810546875 318.306671142578 318.540344238281 318.262939453125 317.250732421875 316.729522705078 316.466552734375 315.464385986328 314.920104980469 315.643432617188 316.625 317.623382568359 317.612670898438 317.369415283203 316.62646484375 316.531433105469 316.840179443359 317.017944335938 317.567565917969 317.563049316406 317.782623291016 317.841796875 318.333587646484 318.042724609375 318.257690429688 318.337127685547 318.459167480469 318.629455566406 318.254058837891 318.765502929688 319.268829345703 319.358551025391 319.054656982422 318.574615478516
311.929290771484 313.421203613281 313.445343017578 310.332855224609 310.310546875 314.190093994141 317.174926757812 317.600555419922 317.851135253906 318.060241699219 318.033294677734 318.006805419922 317.465545654297 316.974487304688 317.668029785156 317.882720947266 318.369171142578 318.582489013672 318.317108154297 318.049407958984 317.282287597656 317.004516601562 316.508483886719 315.483093261719 315.933532714844 316.458679199219 316.1484375 317.130737304688 317.880432128906 317.9072265625 318.089538574219 318.394195556641 318.111511230469 317.883728027344 317.825164794922 318.094390869141 318.090240478516 319.084075927734 319.08203125 319.080627441406 318.87353515625 318.802703857422 318.8896484375 318.591644287109 318.593292236328 318.802001953125 319.305267333984 319.600646972656 318.797424316406
313.489074707031 314.310943603516 314.912872314453 312.306579589844 312.380828857422 314.394287109375 316.795471191406 317.685028076172 317.919219970703 317.839385986328 317.849548339844 318.061614990234 318.035491943359 318.009826660156 317.714874267578 317.936248779297 318.165100097656 318.134979248047 318.118713378906 317.845489501953 316.830047607422 316.308380126953 316.783477783203 316.305236816406 315.501495361328 315.266235351562 315.188903808594 316.178283691406 316.936767578125 317.193939208984 317.412567138672 317.678527832031 318.118988037109 318.427337646484 318.147796630859 318.368377685547 318.639251708984 318.929504394531 319.069000244141 319.628936767578 319.4130859375 319.117034912109 319.116729736328 318.916015625 318.629119873047 318.827850341797 319.325531005859 319.486083984375 319.193328857422
