rcp4.5models/GFDL_CM3/sc1gr2.1
NCOLS 261 
NROWS 433 
XLLCORNER 336357.134 
YLLCORNER 654653.479 
CELLSIZE 1000 
NODATA_value -9999 
[rows 154 to 175 of 433, columns 150 to 199 of 261]
342.141507314736 341.660220616371 341.201324249322 340.726846119677 340.087239269849 340.692052059194 341.523133244395 341.222520512047 340.586167822093 341.360307365274 340.893294019355 339.948440702775 340.715731429872 342.128865649898 341.876908326279 341.38449686182 343.385351292853 -9999 342.540614549661 345.379562960939 345.780579245043 345.96760442525 346.291520716752 346.32523887821 346.358788401883 346.392187107109 346.425446820081 346.45853792083 346.491472370873 346.524251734273 346.545670347731 346.500680916493 346.531957200879 346.608309507837 346.50925232269 346.023810570281 345.780724632388 -9999 346.114386162731 345.874226220004 345.905062846438 345.935729318039 345.996591605849 346.026762565545 346.056772708532 346.089499286329 -9999 346.145809392013 346.004533807192 345.776698724111
341.764581591962 341.565726475877 341.0926340941 340.748432695285 340.129065588166 -9999 340.872839238193 340.481850427434 340.977018260205 342.374049550821 341.584056531885 340.539247736456 342.106733161508 342.662381305877 342.518834929618 -9999 342.657168892866 342.027151138713 343.297395385166 345.35592156469 345.8731595083 346.272926071196 346.306868057239 346.340667323994 346.374310138443 346.407787859939 346.44111175384 346.275644672165 345.948655759673 346.182064194774 345.885787132895 345.637731254132 345.66994043464 345.863738773734 346.217915561166 346.118478126351 345.797141663872 345.828536712059 345.859761778722 345.890818302208 345.921702171684 345.952419450116 346.013382020335 346.04359873359 345.851948780472 345.534645741181 345.78795471166 346.162826766776 345.965203059915 345.877767042187
341.197773205725 340.992896739113 340.853294218757 340.275411308488 340.444707506852 340.530287116046 340.182071662548 340.050611551886 341.292644091653 342.45955921556 342.07804414812 340.928690270733 342.266108922376 342.792374963289 342.491445662644 342.74885586434 -9999 341.089279241637 344.487973629212 345.219622771656 345.406113541716 345.923481753765 346.322186086811 346.356066301156 346.389797837673 346.423357054571 346.25951073461 345.774891406882 345.523096551961 345.915068808646 345.977948902798 345.653817564904 345.686087241656 -9999 345.912424297701 346.057345520459 345.813535525159 345.844993015838 345.876262841533 345.907371599278 345.938316016198 345.969088750553 346.030146998009 346.060419157412 345.701032599549 345.120443727034 345.54326445273 346.179821533179 345.812638838797 345.636897917608
340.559248846194 340.47463404448 340.522537658086 340.106113606916 340.52189613041 340.216905519172 339.816789292535 339.573936305445 341.335231651198 342.548181014999 342.594576322733 342.173151108659 342.472820316185 342.470295046245 342.727026976381 343.060143204721 342.50168463059 342.284819961868 344.315242784804 345.234642032634 345.269086971814 345.456253547652 345.973755545918 346.371438859532 346.405241501876 346.24301043638 345.758573487817 345.50570167251 345.53885798638 345.73027163356 346.275128708111 345.873555188961 346.057363785446 -9999 346.12015756344 345.798237773405 345.829907205305 345.861420232614 345.892742254093 345.923911550765 345.954916531532 345.985743238254 346.046892043965 346.077214152934 345.93923939029 345.705597844986 -9999 346.196785784441 345.830450324662 345.65311315787
340.591993451459 340.044969181632 340.332292044036 339.905432130521 340.069651515497 339.820350992114 339.019070726116 338.737242220456 341.147410403089 342.106342145878 342.895953734704 342.931972528962 342.822461832736 342.70483579078 343.222536967386 342.339561170487 341.076228387621 344.03586319326 344.735407377793 345.249625001402 345.28415554099 345.318529706304 345.506360366472 345.830474623965 345.864123817768 345.741885165478 345.487958484034 345.521352524806 345.554589891609 345.787645873875 346.493687284044 346.405389396012 346.557435196944 346.472146062686 346.62055974861 346.375613227544 346.19876230044 345.87782191429 345.909204449555 345.940427774995 345.971482581219 346.002364749954 346.063614703284 346.093978593334 346.124181852561 346.154197893419 346.18404636395 346.213726354848 345.848246137321 345.669306597067
341.015459436533 339.949223852329 340.057871746552 339.911845493909 339.511589783284 339.500107566975 338.494170251029 338.282631053282 341.224051390373 342.269822208961 343.089346444998 343.500855550148 343.536807547319 343.572643844801 -9999 342.129070211403 341.678673454989 344.495238897628 345.194865018302 345.264578616023 345.299190019702 345.333652922309 345.367949445811 345.402083136171 345.436057097731 345.469869466805 345.503518322646 345.536988605269 345.570301194579 345.761767085564 345.955958349854 346.701892207713 346.734365320106 346.766683081769 346.386062948962 346.124281916807 346.699467620146 346.456030726124 346.277000236525 345.956914930673 345.988021983133 346.018964719072 346.080313475775 346.110723094957 346.140971208754 346.171033008631 346.200926329422 346.230652087768 345.866018521666 345.685477267891
340.653862744513 340.046328414735 339.729287857747 339.865437739411 339.50901236137 339.216895831979 338.257264083735 338.904888336602 340.93628712736 342.511324592471 343.067947058828 -9999 -9999 344.032137479561 -9999 343.544497916311 344.211754229891 344.509798420952 345.209601831686 345.279506339069 345.314204058064 345.348749010077 345.383141200272 345.417370033269 345.257362700951 344.929122443796 345.158723871006 345.552597925417 345.585991667527 345.619209771519 345.562363771562 346.361877888676 346.750403397108 346.782781653138 346.491246708026 346.085692245712 346.109618303871 346.206380312492 346.56738585992 345.973393744305 346.004554837491 346.035540893894 346.096986790586 346.127445203292 346.157735132916 345.967575073971 345.649734002284 345.901525844605 345.883766398122 345.476272275555
340.35937003416 340.727377539694 340.103336345281 339.521813463724 338.521262937312 338.308904380303 338.637565238976 339.895874881291 342.198633379973 342.915124525102 343.130906598268 -9999 -9999 343.060542341889 343.279420033463 343.834304143387 344.168070379449 344.203607483297 344.575873580397 345.309250108015 345.154574979964 345.014775923104 345.221886690962 344.930966189415 344.843816441562 344.671766969795 345.189744784339 345.58373093238 345.617275123222 345.492486745775 346.115097586198 346.18564580305 346.055303965831 344.81492394265 345.170584806655 345.759703770936 345.672586794107 345.830652513135 346.413350159438 346.279894664041 345.660662340002 345.447122590591 345.565694934404 345.59557446966 345.458080730509 345.440587226801 345.766468624193 345.713086480994 345.573101976518 345.340439794438
340.269727214044 340.990458329478 340.958486557634 339.992912537215 339.098604629403 339.552703875601 339.876947811121 340.508266696156 342.588807670381 342.928869077403 -9999 -9999 -9999 343.074685472502 343.258201437922 343.776851258687 344.182516837367 344.218149379666 344.403895326806 345.135667452798 344.65253673291 344.546911257309 344.720296383133 -9999 344.980643458006 345.086740307359 345.277258351499 345.599242656934 345.632869089829 345.666325876345 345.618134022223 345.650243023164 345.361226582105 344.83094664512 344.863337853958 344.895552986704 345.090234517865 345.607022309242 345.991135440965 345.812224026448 345.326964983372 345.250256319681 345.146859522994 345.177469059242 345.207898397857 345.405552838807 345.533274637777 345.29810038548 345.327812142693 345.357341976209
340.09006833328 340.358753460921 341.123225602027 340.959592215097 340.521545857149 341.14503967562 341.51273116704 341.53927887751 343.083028348666 343.495984849887 -9999 -9999 -9999 343.088799184139 343.30766932977 343.862535342843 344.196928252777 344.232657381194 344.268223563273 344.633454189107 344.373947754117 344.408860829286 344.443602105037 344.478179045537 344.667562867559 344.991826987418 345.025603939655 345.059180222065 345.289657987968 345.681975497286 344.748490505263 344.781483512409 344.814309000159 344.846948677907 344.879396752726 344.911680911262 344.9437817567 345.138737071088 345.446613464355 345.31356910196 345.070382594607 345.101571962148 345.163434607447 345.194088937523 345.224564027124 345.254851802877 345.28496693495 345.314897192569 345.344643214177 345.374213641642
339.889884446482 339.926781796925 340.79474602506 341.140486003031 341.351525299289 341.769995455009 341.982270893519 342.540010598317 343.239764730641 343.956234611961 -9999 -9999 343.739484856663 343.284548649164 343.839727869942 344.175331783485 344.211309166367 344.24713378362 344.282801050658 344.35364557425 344.388809201616 344.23387388123 344.095590717116 344.493303278133 344.527787853173 344.562100767505 344.596243306015 344.825989118852 345.376981930973 345.499785680065 -9999 344.998227076199 345.387722719467 345.420868299305 345.453858857767 345.281564201493 344.959956720987 344.99193478401 345.023734535017 345.055354411327 345.086782570141 345.118027440016 345.179980644527 345.210680719291 345.241200651407 345.271534182608 345.301692590815 345.331669278091 345.361463624158 345.16869310226
339.593654255306 339.768942495073 340.287064381652 340.535233164 340.504398949878 341.403553233954 342.136574263437 342.858157578867 343.076115866656 343.417065479986 343.454121867154 343.491021758394 343.562164992226 343.816542431351 344.15333291271 344.189580010701 344.225665200171 344.261591983891 344.297354767918 344.368381210242 344.403644782072 344.095924377856 343.818056852185 344.316784379847 343.98887354445 344.216560095288 344.611594182461 344.997940074151 345.679498402121 345.555215821674 344.97952608776 345.329009885307 345.288891464882 345.321211167518 345.557021034219 345.577345784687 345.181909552963 345.56779190548 345.60020218568 345.632450256253 345.454352564255 345.134457404596 345.19650119238 345.227256751565 345.257822454502 345.288200812543 345.318399894797 345.348416849971 345.157676573871 344.671058992959
339.436081988392 339.260979108132 339.820617887907 339.855400553423 339.691046554958 341.110644101299 341.975116412566 342.318571378107 342.94625561995 342.98347985659 343.020556330147 343.057505508351 343.240683243355 343.578622688639 343.797454721823 344.2037998858 344.239989657986 344.276016457866 344.125999855781 344.017962222489 344.418449845276 344.300527572075 344.195723418876 344.369128605357 343.919594493111 343.941478990466 344.626914522964 345.013031057082 -9999 345.728738708325 345.510798042904 -9999 345.418831110362 345.249868475905 345.291905832146 345.798249248378 345.713192715466 346.024310465887 345.848680456686 345.736106065359 345.745699691794 345.361677920524 345.213001866697 345.24380076393 345.274411284172 345.30483537419 345.335079289087 345.365136871777 345.007269429486 344.424705278022
338.927543239979 338.965383688131 339.180112871937 338.278874862044 339.397543402845 340.949845090945 341.469028631392 341.884667437964 342.959709543049 342.819003345204 342.660958760054 343.071283864595 343.108181101575 343.144936931003 343.511647011546 344.217987125176 344.07032280422 343.738227566504 343.623531300377 343.737134359969 344.43322439123 344.468496962823 344.503606318999 344.53852651693 344.418300172971 344.317147251626 344.642215315266 -9999 345.710431212965 345.744266175487 345.811387065508 345.844672066567 -9999 345.75013933192 345.661969668419 345.975939716954 346.008291126293 346.040450694131 345.909425489647 345.827844971574 345.553363492797 344.770190917074 345.229480304188 345.260315719895 345.290978564773 345.105500665109 345.003312681214 345.381843660588 345.024812562343 344.441485361192
338.077112049152 338.082744602463 337.631964393174 337.714576525318 340.169971765339 340.822110343811 341.176456004362 342.073450221202 342.598299540151 342.688066911234 342.371864037115 343.085015931246 343.12202538527 343.340175851517 343.895297744469 344.232145987999 344.119229864614 343.671945264245 343.340818311474 343.5643274528 343.895604858727 344.119899731745 344.518526437788 344.553527639754 344.588357112571 344.62301637983 344.657483437468 -9999 345.530247788148 345.4016659604 345.827046353698 345.860396697273 345.89356374756 345.926547507934 345.959343069793 345.991940535037 345.615161557482 345.350367941648 346.088600800317 345.91270774664 345.472933211712 344.885936856774 344.895627585142 345.276815858745 345.307522043822 345.171829025983 344.883612881874 344.832550235218 344.694424948722 344.458234928213
336.919494873641 336.266245201946 335.61432471567 336.729030985901 339.485897498436 340.456764339242 341.189678765159 342.053543906466 342.130448214668 342.327800897011 342.385528073483 343.098725122884 343.135845000744 343.501384919714 344.027610031835 343.694818344733 343.731263581919 343.6174786562 343.355244305612 343.427043471461 343.462681931398 343.8401998986 344.533417145987 344.568505055706 344.603429692385 344.638171028266 344.866174453976 345.223092348046 345.030005429358 345.12930052327 345.842677779232 345.876105554714 345.909343960775 345.942388208778 345.570935608961 345.299490647084 345.716758435498 345.308840161721 345.545782787051 345.206640759999 344.771831977306 344.750302806913 344.427193703119 344.730550847749 344.974372477614 345.354600065206 345.002601200293 344.415173343452 344.445164699894 344.474960675458
336.900919518478 335.766739340011 334.217421013961 334.396060192924 338.231641136093 340.715221273985 341.579882185548 341.924146129152 341.999851269236 342.037506619216 342.220484840102 342.740704903744 342.96935776044 342.964155270895 343.52433289754 -9999 343.296958652925 343.517781007588 343.735761904713 343.441626491902 343.477364925616 343.666093160306 343.996156234975 344.221590511372 344.618476471535 344.653302904051 344.844012096064 345.012332552265 344.756647793987 344.948423256354 345.858280829329 345.494108095958 344.813754040537 344.845970189958 344.960018743435 345.460457850802 345.648822444867 345.015146249508 345.120883688965 344.782963514784 344.392503638318 344.56768065162 344.278731407886 344.309728611726 344.505977981385 344.807305080322 344.670815297544 344.431791147128 344.461829843173 344.491664916807
337.35965060917 336.429571994947 335.604122683385 335.796602366442 338.457072047265 341.176266099456 341.899063632421 341.937231489722 342.190231115595 342.601935823748 342.460861642632 342.451710723937 342.836256164011 342.529130604273 343.237571649278 343.274425236637 343.31112147333 -9999 343.68216410019 344.007495164353 344.043478087364 -9999 343.563126848738 343.752771930095 344.27233081404 344.668405377176 344.70311955655 344.54382777662 344.413292312363 344.806135309493 -9999 345.192042007402 343.940798497962 343.973985554165 344.32828323137 344.926240372562 344.634669655431 344.266796616486 344.578630914202 344.447186402089 344.364128051585 344.508598733561 344.295109898313 344.326150481172 344.357002750508 344.387656937809 344.41811211041 344.448380872889 344.478462894761 344.508337710804
337.54204116689 336.757748712478 336.480673738637 338.520911804024 339.534337514467 341.015214035305 341.53557038184 341.950281030619 342.170817110907 342.513622342861 342.405710885027 342.465361148259 343.030044431947 342.912585894067 343.251501802849 343.288462075802 343.325258365924 343.361891731462 -9999 344.10630195175 344.506645082335 344.389156351823 344.129460826085 343.975039942293 343.994287357583 344.491719999419 344.165756054723 344.043499936539 344.138849714028 344.821530621075 -9999 344.852016790729 343.956491950416 343.989748170201 344.223831145877 344.612125891781 344.442321938911 344.12079609059 344.153063717279 344.18512874927 344.217010542626 344.248697761602 344.311455514095 344.34254324514 344.373441278429 344.404140301305 344.434641252678 344.464948267342 344.495066948165 344.524987565061
338.704326304341 337.983338155177 336.925651089437 338.583545106136 339.624019154561 340.032262639527 339.879361637593 341.295084561399 342.197540401523 342.395551278197 -9999 343.166753991211 343.057155195947 342.791839975719 342.796241211505 342.948718834843 343.35344064491 343.390265995862 343.242310220492 343.499689584089 343.535802098157 343.724985769858 344.245235526921 344.488635402658 344.384664662947 344.71353325807 344.748495625041 344.626784265305 344.370390616438 344.210360785226 -9999 344.310646833906 344.828364252083 344.735968133304 345.054370814601 345.087361767185 345.120152474782 344.991111681139 344.904617151332 345.217318864861 345.043228708654 344.721885279566 344.344063875892 344.375257887828 344.406249839799 344.437029678646 344.46762028775 344.498013782195 344.52821241263 344.558211988632
337.783667264747 338.096821205894 337.865260766928 338.492886553147 339.942421217528 339.943753933274 340.418519599101 341.48323246823 342.242954570537 342.476419418852 342.288446039775 342.630585592396 342.668392951532 342.706022251072 342.776214000596 342.847121285415 342.817768141696 342.854626110637 342.924751031782 343.514129071676 343.550332501177 343.586352649664 343.776012684789 344.106976962886 344.332347595714 344.537515371628 344.403802856605 344.798429405674 344.833090803343 -9999 -9999 344.682342615499 345.003395599864 345.036858894208 345.070118033351 345.103173427558 345.136030539104 345.168674111238 344.793758525316 344.117963188142 344.191768661109 344.503872281644 344.360325205224 344.391572420283 344.422610133175 344.453429745321 344.484062840166 344.514504405581 344.54474055604 344.574785015918
337.9702015535 338.630008653024 339.045629800642 338.992685244628 340.193402544756 340.240891640804 341.030138397346 341.464409679596 341.851401449404 342.422404049832 342.155700603403 342.193732469003 342.231616106316 342.269341745629 342.455587550615 342.645620554427 342.381480549672 342.602042688812 343.15599771619 343.528538045073 343.564832386973 343.60094345455 343.636871252851 343.672605305244 343.863032330063 344.037018297293 344.126121149937 344.813551111741 344.848296625103 344.882839265677 -9999 -9999 345.018975611819 345.052504242199 345.085833777529 345.118950584194 345.151872170094 344.779968745051 343.779901534987 343.249397582673 343.854388320188 344.828736106636 -9999 -9999 -9999 344.469813126415 344.500495286871 344.530971962278 344.561246399412 344.591325979046
