rcp4.5models/GFDL_CM3/sc1gr6.17
NCOLS 261 
NROWS 433 
XLLCORNER 336357.134 
YLLCORNER 654653.479 
CELLSIZE 1000 
NODATA_value -3.4e+38 
[rows 66 to 87 of 433, columns 49 to 97 of 261]
-3.4e+38 -3.4e+38 -3.4e+38 -3.4e+38 -3.4e+38 -3.4e+38 -3.4e+38 -3.4e+38 -3.4e+38 -3.4e+38 -3.4e+38 -3.4e+38 -3.4e+38 -3.4e+38 -3.4e+38 -3.4e+38 -3.4e+38 -3.4e+38 1358.0869140625 1362.47583007812 -3.4e+38 1376.69982910156 1382.0341796875 1386.78186035156 1394.54125976562 1401.453125 1408.58569335938 1415.51123046875 1420.82873535156 1431.42687988281 1435.68530273438 1444.18481445312 1449.22045898438 1453.94604492188 1457.74475097656 1461.97766113281 1469.80688476562 1477.01843261719 1481.31628417969 1488.84558105469 -3.4e+38 1502.74194335938 1512.130859375 1516.86206054688 -3.4e+38 -3.4e+38 1532.32177734375 1539.17272949219 1544.69470214844
-3.4e+38 -3.4e+38 -3.4e+38 -3.4e+38 -3.4e+38 -3.4e+38 -3.4e+38 -3.4e+38 -3.4e+38 -3.4e+38 -3.4e+38 -3.4e+38 -3.4e+38 -3.4e+38 -3.4e+38 -3.4e+38 -3.4e+38 -3.4e+38 1360.39416503906 1365.83898925781 1370.80029296875 -3.4e+38 1383.41064453125 1390.90734863281 1399.25805664062 1404.70458984375 1410.82897949219 1415.92224121094 1422.20666503906 1434.90563964844 1442.54260253906 1444.71337890625 1450.78088378906 1457.77575683594 1462.31274414062 1465.45495605469 -3.4e+38 -3.4e+38 1484.9189453125 1491.49572753906 1495.64587402344 1507.38793945312 1514.74963378906 1520.51196289062 1525.13879394531 1528.79528808594 1535.51684570312 1541.39221191406 1546.74731445312
-3.4e+38 -3.4e+38 -3.4e+38 -3.4e+38 -3.4e+38 -3.4e+38 -3.4e+38 -3.4e+38 -3.4e+38 -3.4e+38 -3.4e+38 -3.4e+38 -3.4e+38 -3.4e+38 -3.4e+38 -3.4e+38 -3.4e+38 -3.4e+38 1362.65161132812 1370.55847167969 1376.93371582031 1382.9931640625 1389.13647460938 1395.59387207031 1404.60595703125 1411.00952148438 1415.91564941406 1424.36303710938 1429.97619628906 1442.20153808594 1448.29187011719 1450.6005859375 1456.12536621094 1462.42272949219 1467.76818847656 1475.05444335938 1479.38232421875 1483.79797363281 1490.72131347656 1497.54919433594 1502.49157714844 1512.48278808594 1521.94360351562 1527.39794921875 1531.31884765625 1535.60339355469 1542.79846191406 1547.30163574219 1553.72668457031
-3.4e+38 -3.4e+38 -3.4e+38 -3.4e+38 -3.4e+38 -3.4e+38 -3.4e+38 -3.4e+38 -3.4e+38 -3.4e+38 -3.4e+38 -3.4e+38 -3.4e+38 -3.4e+38 -3.4e+38 -3.4e+38 -3.4e+38 -3.4e+38 1364.15295410156 1372.97705078125 1379.74816894531 1386.14697265625 1392.43896484375 1397.6708984375 1407.62255859375 1413.77624511719 1418.57543945312 1428.24072265625 1432.490234375 1445.45190429688 1450.74584960938 1453.74279785156 1457.69116210938 1465.27526855469 1470.62048339844 1478.95617675781 1481.64074707031 1486.38928222656 1493.94592285156 1502.029296875 1506.72692871094 -3.4e+38 -3.4e+38 1531.04821777344 1536.283203125 1538.67810058594 1546.22595214844 1550.1005859375 1557.19970703125
-3.4e+38 -3.4e+38 -3.4e+38 -3.4e+38 -3.4e+38 -3.4e+38 -3.4e+38 -3.4e+38 -3.4e+38 -3.4e+38 -3.4e+38 -3.4e+38 -3.4e+38 -3.4e+38 -3.4e+38 -3.4e+38 -3.4e+38 -3.4e+38 1367.62829589844 1376.11047363281 1382.01989746094 1389.41467285156 1395.1171875 1402.18029785156 1410.38403320312 1415.4501953125 1421.9755859375 1430.38195800781 1435.30297851562 1445.25207519531 1453.75427246094 1457.45654296875 1462.88500976562 1468.66186523438 1472.62072753906 1481.6103515625 1484.68505859375 1491.48522949219 1497.32238769531 1505.08837890625 1511.02770996094 1519.41223144531 -3.4e+38 1533.72277832031 1540.03601074219 1544.05590820312 1549.1416015625 1554.56958007812 1561.59826660156
-3.4e+38 -3.4e+38 -3.4e+38 -3.4e+38 -3.4e+38 -3.4e+38 -3.4e+38 -3.4e+38 -3.4e+38 -3.4e+38 -3.4e+38 -3.4e+38 -3.4e+38 -3.4e+38 -3.4e+38 -3.4e+38 -3.4e+38 1355.87817382812 1369.90954589844 1377.00439453125 1385.32995605469 1392.29248046875 1396.57019042969 1404.78564453125 1413.3798828125 1419.52563476562 1426.39196777344 1431.80187988281 1438.52856445312 1449.78393554688 1456.35522460938 1459.67260742188 -3.4e+38 1470.63720703125 1477.13256835938 1482.85168457031 1487.25866699219 1496.28979492188 1500.03039550781 1508.30944824219 1513.69689941406 1523.32983398438 1532.24353027344 1537.12561035156 1542.32409667969 1547.65844726562 1553.6025390625 1559.37646484375 1564.51330566406
-3.4e+38 -3.4e+38 -3.4e+38 -3.4e+38 -3.4e+38 -3.4e+38 -3.4e+38 -3.4e+38 -3.4e+38 -3.4e+38 -3.4e+38 -3.4e+38 -3.4e+38 -3.4e+38 -3.4e+38 -3.4e+38 -3.4e+38 1360.20153808594 1374.32104492188 1379.15380859375 1387.73547363281 1393.20703125 1400.02111816406 1408.119140625 1414.97338867188 1421.59448242188 1429.43969726562 1435.14379882812 1440.91064453125 1454.3017578125 1459.58337402344 1463.09753417969 -3.4e+38 1472.98156738281 1480.46142578125 1485.61108398438 1490.59118652344 1497.96667480469 1504.05895996094 1511.32958984375 1517.19213867188 1527.30090332031 1535.35546875 1540.95837402344 1545.3779296875 1550.99353027344 1558.27087402344 1562.6943359375 1567.23315429688
-3.4e+38 -3.4e+38 -3.4e+38 -3.4e+38 -3.4e+38 -3.4e+38 -3.4e+38 -3.4e+38 -3.4e+38 -3.4e+38 -3.4e+38 -3.4e+38 -3.4e+38 -3.4e+38 -3.4e+38 -3.4e+38 1355.7490234375 1361.74340820312 1376.48278808594 1382.8076171875 1390.54602050781 1395.724609375 1402.32946777344 1411.23522949219 1418.03076171875 1424.61938476562 1431.90515136719 1438.07995605469 1443.38195800781 1458.18615722656 1461.21838378906 1466.05102539062 1470.84545898438 1475.84594726562 1481.48022460938 1488.25256347656 1495.37268066406 1500.68444824219 1507.68029785156 -3.4e+38 1518.70849609375 1529.75756835938 1538.69995117188 1543.86669921875 1548.92004394531 1554.5244140625 1560.93701171875 1567.08288574219 1571.74243164062
-3.4e+38 -3.4e+38 -3.4e+38 -3.4e+38 -3.4e+38 -3.4e+38 -3.4e+38 -3.4e+38 -3.4e+38 -3.4e+38 -3.4e+38 -3.4e+38 -3.4e+38 -3.4e+38 -3.4e+38 -3.4e+38 1356.74755859375 1364.76257324219 1378.18774414062 1386.80029296875 1392.59777832031 1397.89965820312 1404.36279296875 1411.92700195312 1420.49035644531 1426.73254394531 1434.27087402344 1438.59777832031 1446.16687011719 1460.49108886719 1463.71337890625 1467.44299316406 1474.10998535156 1479.45727539062 1484.79406738281 1491.71740722656 1497.79541015625 1504.36376953125 1509.70397949219 1517.82409667969 1524.07360839844 1533.15075683594 1542.74536132812 1546.85815429688 1551.19494628906 1557.12634277344 1562.80310058594 1570.91931152344 1576.80017089844
-3.4e+38 -3.4e+38 -3.4e+38 -3.4e+38 -3.4e+38 -3.4e+38 -3.4e+38 -3.4e+38 -3.4e+38 -3.4e+38 -3.4e+38 -3.4e+38 -3.4e+38 -3.4e+38 -3.4e+38 -3.4e+38 1358.51440429688 1367.37622070312 1380.8125 1389.14636230469 1395.57678222656 1399.66491699219 1406.78356933594 1414.25756835938 1421.88842773438 1426.48388671875 1432.27746582031 1440.96313476562 1447.5869140625 1458.0634765625 1464.97985839844 -3.4e+38 1476.56689453125 1482.37890625 1489.70422363281 -3.4e+38 1499.58569335938 1507.55554199219 1515.0283203125 1521.30065917969 1526.55627441406 1536.01708984375 1545.11486816406 1549.994140625 1554.32690429688 1560.22290039062 1566.7080078125 1574.939453125 1579.77429199219
-3.4e+38 -3.4e+38 -3.4e+38 -3.4e+38 -3.4e+38 -3.4e+38 -3.4e+38 -3.4e+38 -3.4e+38 -3.4e+38 -3.4e+38 -3.4e+38 -3.4e+38 -3.4e+38 -3.4e+38 1357.88269042969 1363.44226074219 1369.62866210938 1383.83850097656 1391.3544921875 1397.03747558594 1403.30102539062 1411.06970214844 1415.77453613281 1423.39880371094 1429.42053222656 1434.37377929688 1442.673828125 1447.23083496094 1457.32348632812 1467.34387207031 1473.755859375 1478.84289550781 1483.05541992188 1491.76831054688 1496.43225097656 1503.10241699219 1509.134765625 1516.46948242188 1524.01501464844 1528.03552246094 1540.31237792969 1548.50476074219 1554.41833496094 1558.46606445312 1563.13269042969 1571.00549316406 1578.17114257812 1581.04272460938
-3.4e+38 -3.4e+38 -3.4e+38 -3.4e+38 -3.4e+38 -3.4e+38 -3.4e+38 -3.4e+38 -3.4e+38 -3.4e+38 -3.4e+38 -3.4e+38 -3.4e+38 -3.4e+38 -3.4e+38 -3.4e+38 1367.82214355469 1373.51110839844 1387.17175292969 1394.28308105469 1400.12097167969 1407.52026367188 1413.79895019531 1421.36584472656 1425.48132324219 1430.98852539062 1439.67639160156 1445.40637207031 1448.21875 1460.58654785156 1469.04284667969 1475.09497070312 1479.90710449219 1484.48828125 1492.28454589844 1498.5458984375 1504.76953125 1510.85363769531 1516.79614257812 1525.33666992188 1530.63659667969 1542.28894042969 1551.18615722656 1556.62817382812 1560.59643554688 1566.55444335938 1573.94104003906 1579.46838378906 1585.11193847656
-3.4e+38 -3.4e+38 -3.4e+38 -3.4e+38 -3.4e+38 -3.4e+38 -3.4e+38 -3.4e+38 -3.4e+38 -3.4e+38 -3.4e+38 -3.4e+38 -3.4e+38 -3.4e+38 1356.68872070312 1363.64465332031 1370.85534667969 1377.01049804688 1390.66552734375 1396.35144042969 1402.81323242188 1410.27026367188 1417.82507324219 1423.80993652344 1428.47009277344 1434.91149902344 1441.60888671875 1447.99194335938 1452.99072265625 1465.59655761719 1471.81188964844 1476.33544921875 1482.44091796875 1488.75524902344 1493.73791503906 1500.04467773438 1507.45141601562 1513.72998046875 1520.10705566406 1528.06823730469 1533.73352050781 1545.03247070312 1554.033203125 1558.87048339844 1563.92639160156 1570.39135742188 1575.25366210938 1579.67797851562 1587.67907714844
-3.4e+38 -3.4e+38 -3.4e+38 -3.4e+38 -3.4e+38 -3.4e+38 -3.4e+38 -3.4e+38 -3.4e+38 -3.4e+38 -3.4e+38 -3.4e+38 -3.4e+38 1354.62084960938 1358.7626953125 1366.23754882812 1373.205078125 1380.03588867188 1392.92077636719 1398.02429199219 1404.78894042969 1412.63000488281 1421.23449707031 1424.41479492188 1431.09655761719 1439.87365722656 1444.134765625 1450.96936035156 1459.80932617188 1471.07885742188 1474.87915039062 1479.59875488281 1484.82604980469 1490.36254882812 1497.31616210938 1503.08813476562 1509.99658203125 1516.75244140625 1523.69067382812 1529.15649414062 1534.79711914062 1545.67553710938 1555.14184570312 1562.33264160156 1565.60327148438 1572.75598144531 1576.71960449219 1581.71179199219 1590.07531738281
-3.4e+38 -3.4e+38 -3.4e+38 -3.4e+38 -3.4e+38 -3.4e+38 -3.4e+38 -3.4e+38 -3.4e+38 -3.4e+38 -3.4e+38 -3.4e+38 -3.4e+38 1357.56433105469 1365.76953125 1372.26647949219 1379.2109375 1386.46166992188 1398.0478515625 1404.29333496094 1409.37097167969 1416.21057128906 1423.87646484375 1430.80187988281 1438.41003417969 1443.07092285156 1450.23583984375 1455.6044921875 1463.904296875 1474.9140625 1478.93835449219 1485.31701660156 1491.24157714844 1497.33374023438 1503.78771972656 1508.7607421875 1514.03210449219 1519.86071777344 1526.23657226562 1534.65014648438 1540.00219726562 1551.67236328125 1557.15100097656 1564.92004394531 1570.76721191406 1576.146484375 1582.1748046875 1587.39013671875 1596.05969238281
-3.4e+38 -3.4e+38 -3.4e+38 -3.4e+38 -3.4e+38 -3.4e+38 -3.4e+38 -3.4e+38 -3.4e+38 -3.4e+38 -3.4e+38 -3.4e+38 -3.4e+38 -3.4e+38 1367.77087402344 1375.56640625 1382.244140625 1388.57995605469 1400.60339355469 1406.41711425781 1413.14147949219 1420.02490234375 1427.10217285156 1432.52355957031 1440.46276855469 1446.93627929688 1452.7353515625 1460.05541992188 1466.27783203125 1476.02673339844 1482.70080566406 1488.10778808594 1494.62658691406 1499.90869140625 1507.45861816406 1512.25122070312 1517.20043945312 1523.51257324219 1528.00463867188 1535.83215332031 1541.56164550781 1554.77111816406 1559.75744628906 1565.19006347656 1573.07092285156 1578.65637207031 1584.30969238281 1589.43200683594 1599.69738769531
-3.4e+38 -3.4e+38 -3.4e+38 -3.4e+38 -3.4e+38 -3.4e+38 -3.4e+38 -3.4e+38 -3.4e+38 -3.4e+38 -3.4e+38 -3.4e+38 -3.4e+38 -3.4e+38 1370.98840332031 1378.66638183594 1385.5751953125 1390.486328125 1403.10681152344 1410.95446777344 1416.42126464844 1422.15563964844 1429.80493164062 1436.50280761719 1442.81311035156 1450.32946777344 1455.34484863281 1464.36462402344 1468.53247070312 1479.60729980469 1486.04846191406 1489.21630859375 1497.71643066406 1503.19763183594 1509.19201660156 1516.45922851562 1521.00463867188 1526.92834472656 1529.55895996094 1537.59814453125 1543.34619140625 1558.38488769531 -3.4e+38 -3.4e+38 1575.27795410156 1580.0517578125 1586.1279296875 1592.72644042969 1599.95825195312
-3.4e+38 -3.4e+38 -3.4e+38 -3.4e+38 -3.4e+38 -3.4e+38 -3.4e+38 -3.4e+38 -3.4e+38 -3.4e+38 -3.4e+38 -3.4e+38 -3.4e+38 1368.35034179688 1374.76623535156 1380.55895996094 1388.26574707031 1393.96301269531 1405.63793945312 1413.92224121094 1418.19567871094 1425.78393554688 1433.51684570312 1440.96740722656 1446.09436035156 1451.1845703125 1459.00109863281 1466.69177246094 1471.42602539062 1482.77185058594 1487.39196777344 1492.10546875 1499.91003417969 1507.61669921875 1512.57543945312 1518.12353515625 1525.21740722656 1528.73876953125 1533.7158203125 1540.43188476562 1546.06506347656 1559.92529296875 -3.4e+38 1571.818359375 1577.24694824219 1583.12097167969 1589.12524414062 1594.08740234375 1600.51611328125
-3.4e+38 -3.4e+38 -3.4e+38 -3.4e+38 -3.4e+38 -3.4e+38 -3.4e+38 -3.4e+38 -3.4e+38 -3.4e+38 -3.4e+38 -3.4e+38 -3.4e+38 1371.40673828125 1377.61669921875 1384.66821289062 1391.56896972656 1396.59301757812 1409.26489257812 1417.65942382812 1421.03930664062 1428.25708007812 1435.66735839844 1443.14392089844 1447.54711914062 1454.26025390625 1463.720703125 1468.38952636719 1474.98205566406 1482.89624023438 1489.63500976562 1495.81164550781 1500.94775390625 1509.03784179688 1514.64990234375 1519.66467285156 1528.77490234375 1531.33435058594 1538.07189941406 1543.16271972656 1549.39575195312 1561.12292480469 1569.974609375 1576.01403808594 1581.57360839844 1586.599609375 1592.20812988281 1597.69848632812 1602.93518066406
-3.4e+38 -3.4e+38 -3.4e+38 -3.4e+38 -3.4e+38 -3.4e+38 -3.4e+38 -3.4e+38 -3.4e+38 -3.4e+38 -3.4e+38 -3.4e+38 1368.77624511719 1373.22814941406 1381.31079101562 1388.13061523438 1393.62927246094 1398.1494140625 1412.03259277344 1418.77600097656 1424.14978027344 1429.9150390625 1437.8828125 1444.47509765625 1450.13781738281 1456.0966796875 1464.53747558594 1468.21496582031 1476.06909179688 1484.20764160156 1492.81518554688 1498.52563476562 1502.40710449219 1509.85070800781 1514.7353515625 1520.21276855469 1530.39416503906 1533.87145996094 1540.98254394531 1547.38635253906 1551.86791992188 1565.60852050781 -3.4e+38 1578.90368652344 1586.79602050781 1591.35815429688 1595.712890625 1602.47570800781 1605.85217285156
-3.4e+38 -3.4e+38 -3.4e+38 -3.4e+38 -3.4e+38 -3.4e+38 -3.4e+38 -3.4e+38 -3.4e+38 -3.4e+38 -3.4e+38 -3.4e+38 -3.4e+38 1376.03503417969 1384.607421875 1390.4990234375 1396.96484375 1400.08520507812 1415.38830566406 1419.74609375 1426.21496582031 1431.36254882812 1439.57958984375 1444.90771484375 1450.083984375 1455.32360839844 1464.29211425781 1468.30212402344 1474.11730957031 1485.59790039062 1494.32470703125 1499.70141601562 1504.33837890625 1511.18579101562 1516.22424316406 1521.82897949219 1531.48266601562 1535.33312988281 1542.30688476562 1551.18310546875 1554.97131347656 1570.2890625 1574.13391113281 1580.34436035156 1590.50793457031 1594.97912597656 1600.11767578125 1606.86462402344 1610.43688964844
-3.4e+38 -3.4e+38 -3.4e+38 -3.4e+38 -3.4e+38 -3.4e+38 -3.4e+38 -3.4e+38 -3.4e+38 -3.4e+38 -3.4e+38 -3.4e+38 1375.03674316406 1379.56384277344 1388.09375 1394.208984375 1398.03356933594 1404.95971679688 1416.4716796875 1422.10485839844 1427.94702148438 1434.15063476562 1441.2001953125 1445.60729980469 1450.66613769531 1458.4208984375 1464.51623535156 1470.85949707031 1475.85510253906 1486.75610351562 1495.74438476562 1500.36364746094 1507.103515625 1513.85656738281 1518.50268554688 1525.19055175781 1532.54699707031 1536.37329101562 1543.04675292969 1551.62768554688 1558.55224609375 1571.50012207031 1576.22399902344 1585.14050292969 1591.62854003906 1596.58361816406 1603.61572265625 1608.40454101562 1613.48303222656
