rcp4.5models/GFDL_CM3/sc1gr5.36
NCOLS 261 
NROWS 433 
XLLCORNER 336357.134 
YLLCORNER 654653.479 
CELLSIZE 1000 
NODATA_value -3.4e+38 
[rows 396 to 417 of 433, columns 98 to 146 of 261]
289.859649658203 293.575286865234 292.086456298828 287.150268554688 285.773468017578 287.593963623047 290.051971435547 289.517028808594 290.044952392578 291.964416503906 292.053680419922 290.057861328125 287.188690185547 283.401153564453 278.825012207031 279.798309326172 279.061614990234 279.59326171875 283.340545654297 286.306945800781 285.953063964844 285.121856689453 284.544281005859 282.186004638672 274.267150878906 263.158996582031 280.844390869141 289.533966064453 290.505737304688 291.074127197266 291.4658203125 291.837493896484 291.681610107422 291.401458740234 291.348236083984 291.449035644531 290.919891357422 290.902252197266 290.952758789062 291.146759033203 290.547546386719 290.139251708984 290.949035644531 291.668090820312 292.229278564453 292.69970703125 292.787963867188 292.920715332031 293.494720458984
287.039306640625 291.828002929688 293.165344238281 290.667236328125 287.914276123047 287.271545410156 288.554626464844 288.306365966797 289.290496826172 291.95703125 291.789581298828 289.220550537109 286.468414306641 284.573028564453 279.986480712891 278.674835205078 280.725036621094 283.765777587891 286.702911376953 287.606658935547 284.947448730469 283.917846679688 284.220458984375 279.229064941406 268.948760986328 265.841705322266 286.838745117188 290.011352539062 290.162017822266 290.642211914062 291.11474609375 291.891754150391 292.257781982422 291.550964355469 291.018768310547 291.349670410156 291.027648925781 290.711181640625 290.757446289062 291.025482177734 291.459320068359 291.291198730469 291.205078125 291.31982421875 291.904663085938 292.524108886719 292.102325439453 292.092803955078 293.16357421875
286.317535400391 290.827941894531 293.691436767578 292.603546142578 288.498992919922 287.042114257812 288.025085449219 290.197570800781 292.4892578125 293.435913085938 292.103973388672 288.420654296875 285.646881103516 285.330352783203 282.905517578125 284.057525634766 286.791778564453 287.784027099609 288.223052978516 287.706359863281 284.408935546875 283.480773925781 283.033172607422 276.706970214844 269.530944824219 273.839996337891 290.657318115234 289.827270507812 289.901123046875 290.308502197266 290.26416015625 291.115661621094 291.988708496094 291.222290039062 290.785736083984 291.7998046875 291.385314941406 290.529632568359 290.450744628906 290.602325439453 291.535705566406 291.959014892578 291.758850097656 291.535583496094 292.135711669922 292.531524658203 292.283935546875 292.631530761719 294.151794433594
285.015045166016 287.585021972656 290.299591064453 292.766326904297 290.180633544922 288.348449707031 288.841918945312 292.443389892578 294.517913818359 294.390106201172 293.83154296875 290.092590332031 286.204528808594 285.482452392578 287.351806640625 288.316619873047 288.856140136719 289.195281982422 288.926849365234 285.6396484375 282.204437255859 282.602813720703 280.558502197266 275.578247070312 275.698913574219 283.709045410156 290.916870117188 289.358306884766 289.50341796875 289.672912597656 288.672912597656 289.655700683594 291.732696533203 -3.4e+38 291.77685546875 292.375946044922 292.418701171875 291.361572265625 290.991485595703 290.828765869141 291.296661376953 291.964111328125 292.094787597656 292.056121826172 291.856750488281 291.563018798828 293.506469726562 294.241882324219 294.915802001953
283.288848876953 284.206085205078 285.818267822266 293.086883544922 292.944213867188 291.556060791016 290.867034912109 293.472198486328 294.589538574219 293.020263671875 293.450866699219 292.527709960938 288.588195800781 287.121032714844 290.065185546875 290.464996337891 291.174957275391 290.744445800781 286.715240478516 281.387786865234 280.167388916016 279.396911621094 273.136444091797 270.152893066406 278.557495117188 288.738616943359 291.671478271484 290.972717285156 290.40625 289.087890625 287.646057128906 289.166534423828 291.920745849609 292.774353027344 -3.4e+38 293.005279541016 293.011779785156 291.557647705078 291.194885253906 291.338684082031 291.236755371094 291.848114013672 292.439025878906 292.903076171875 291.416748046875 290.505493164062 294.040924072266 294.696319580078 295.291656494141
284.95166015625 284.151947021484 283.724578857422 291.635437011719 293.551300048828 293.462768554688 293.3095703125 294.731719970703 295.394927978516 292.949005126953 291.901000976562 292.888153076172 290.881408691406 288.025115966797 289.947296142578 289.922760009766 288.523223876953 285.499572753906 281.585144042969 280.090789794922 280.781677246094 276.890350341797 268.57958984375 269.37060546875 282.158782958984 290.659851074219 291.276336669922 291.470275878906 291.689910888672 290.289367675781 289.386077880859 291.147338867188 292.111419677734 292.061981201172 292.697113037109 293.340606689453 293.579345703125 292.053680419922 291.895111083984 292.250579833984 291.930908203125 292.384643554688 293.100433349609 293.752960205078 292.831481933594 292.314300537109 294.203155517578 294.608551025391 295.620819091797
286.662536621094 283.749755859375 283.665100097656 290.465698242188 293.666046142578 294.095672607422 294.689392089844 294.869598388672 294.13427734375 293.599334716797 293.345123291016 292.8447265625 291.612854003906 289.468200683594 286.172760009766 284.053405761719 283.794128417969 282.148712158203 280.661743164062 281.550079345703 281.349456787109 277.095367431641 273.033996582031 277.34130859375 287.395690917969 292.040252685547 290.60791015625 290.71826171875 291.447387695312 291.842132568359 292.040954589844 292.95654296875 292.391571044922 291.850646972656 292.227691650391 292.931732177734 293.560913085938 293.331878662109 293.196472167969 293.346740722656 293.060516357422 293.396667480469 293.876281738281 294.163299560547 294.199340820312 294.215606689453 294.331604003906 294.766510009766 295.530639648438
287.427734375 284.713775634766 285.327850341797 291.715728759766 294.211395263672 294.930297851562 295.275726318359 294.464324951172 291.73876953125 290.516143798828 292.265777587891 291.222137451172 288.560729980469 286.653839111328 281.324920654297 281.447418212891 283.682434082031 284.574279785156 283.284759521484 281.501708984375 279.992889404297 278.532867431641 279.622711181641 285.418792724609 291.0947265625 291.390838623047 290.351440429688 290.409912109375 291.234100341797 292.177795410156 292.865814208984 293.201446533203 292.882843017578 292.407318115234 292.324951171875 292.449554443359 293.056243896484 294.025482177734 293.861175537109 294.117034912109 294.323577880859 294.476348876953 294.776733398438 294.919708251953 294.921569824219 295.036468505859 295.113067626953 295.345611572266 295.554229736328
288.615112304688 288.232635498047 287.21728515625 290.499450683594 293.209991455078 294.937957763672 295.568756103516 295.239105224609 291.927886962891 287.435546875 286.435546875 286.848815917969 285.519287109375 282.968811035156 279.715362548828 281.446075439453 281.675262451172 281.350738525391 283.518493652344 283.286834716797 280.697113037109 281.284729003906 283.892303466797 288.089935302734 291.881195068359 291.0576171875 289.298736572266 288.692108154297 290.396270751953 292.13818359375 292.728332519531 293.244720458984 293.57958984375 293.434265136719 293.358703613281 293.211639404297 293.6181640625 294.568298339844 294.632110595703 294.847015380859 294.824035644531 294.867095947266 295.328765869141 295.392364501953 295.3798828125 295.872100830078 296.154174804688 295.956939697266 295.965301513672
290.447998046875 291.968933105469 290.706726074219 290.232482910156 293.360168457031 295.083831787109 295.592254638672 295.861938476562 293.767608642578 289.652374267578 286.911285400391 285.172454833984 282.262969970703 279.860870361328 278.469787597656 278.467468261719 278.197357177734 277.980590820312 281.879272460938 286.159240722656 285.200500488281 285.627777099609 288.715850830078 290.707733154297 291.789764404297 291.089508056641 288.981262207031 287.7548828125 289.545532226562 292.039581298828 292.747222900391 293.478637695312 293.816497802734 294.029693603516 294.225708007812 294.0244140625 294.057159423828 294.845825195312 295.138092041016 295.307586669922 294.977233886719 295.053100585938 295.701110839844 295.401306152344 295.322692871094 295.973236083984 296.436462402344 296.321502685547 296.280639648438
289.492553710938 291.233612060547 293.128234863281 290.290557861328 291.017181396484 291.758178710938 293.534545898438 294.988677978516 295.329711914062 294.825988769531 293.369873046875 291.641815185547 291.130279541016 291.166595458984 290.119415283203 289.335754394531 289.161346435547 289.958526611328 291.285888671875 293.77001953125 294.667297363281 294.457733154297 294.267486572266 293.492309570312 292.782745361328 291.906402587891 290.041076660156 288.630523681641 289.850860595703 292.130920410156 293.205657958984 293.940887451172 293.409393310547 293.130004882812 293.770294189453 294.271240234375 294.548828125 294.807891845703 295.542846679688 295.83203125 295.689300537109 295.852447509766 296.036041259766 296.281433105469 296.413604736328 296.511901855469 296.574554443359 296.6005859375 296.784088134766
292.017608642578 293.024658203125 291.856201171875 289.664398193359 286.617919921875 288.025665283203 293.027679443359 295.017547607422 295.21728515625 295.090148925781 294.511871337891 293.574615478516 292.910369873047 292.083343505859 293.667327880859 294.339080810547 293.839813232422 293.185699462891 293.876708984375 294.330841064453 294.131225585938 294.617370605469 294.795623779297 293.479156494141 292.664367675781 292.1572265625 290.138793945312 289.850921630859 290.429504394531 291.380737304688 293.158782958984 294.310882568359 293.191711425781 292.4765625 293.246612548828 293.806671142578 293.865173339844 294.535675048828 295.0869140625 295.431488037109 295.610473632812 295.501983642578 295.434631347656 295.975921630859 296.249786376953 296.347961425781 296.642791748047 296.955474853516 297.343902587891
292.884460449219 295.122619628906 293.0400390625 291.713287353516 289.319152832031 290.710662841797 294.448822021484 295.491424560547 295.694488525391 295.420013427734 294.659637451172 294.667358398438 294.471160888672 292.882873535156 294.275451660156 294.924926757812 294.886352539062 294.763549804688 294.478057861328 293.986572265625 293.530212402344 294.01171875 294.538116455078 294.022125244141 293.438873291016 292.75830078125 291.492767333984 290.880187988281 290.890960693359 291.275207519531 292.910095214844 294.530456542969 294.361450195312 293.901031494141 293.777923583984 293.365814208984 292.952423095703 293.863525390625 294.322967529297 294.570587158203 295.014068603516 295.093078613281 295.027191162109 295.315826416016 295.567565917969 295.893798828125 296.452789306641 296.868072509766 297.549774169922
290.040710449219 294.085113525391 294.229034423828 294.064239501953 293.739685058594 294.059783935547 294.974792480469 295.341003417969 295.84423828125 295.705627441406 295.110046386719 295.004333496094 295.100402832031 294.259857177734 294.122924804688 294.861907958984 294.822387695312 294.911193847656 294.622650146484 293.875762939453 293.7890625 293.604705810547 293.41455078125 294.090240478516 292.925872802734 291.479431152344 291.841644287109 291.106689453125 291.026062011719 292.095672607422 293.747283935547 294.712799072266 294.969757080078 294.378021240234 294.248931884766 294.038299560547 293.322021484375 294.157165527344 294.445983886719 294.369171142578 294.728240966797 295.216674804688 295.412292480469 295.400939941406 295.434783935547 296.062286376953 296.514068603516 296.664215087891 297.501525878906
287.598205566406 293.129455566406 295.053588867188 294.243408203125 294.748718261719 295.128936767578 295.531829833984 295.687927246094 295.943206787109 295.8017578125 295.011993408203 294.059906005859 293.826690673828 294.137908935547 294.151550292969 294.457122802734 294.592926025391 295.221527099609 294.683990478516 294.143707275391 294.317626953125 292.149108886719 290.256286621094 291.688446044922 291.485198974609 289.961822509766 291.031188964844 291.486328125 292.430297851562 293.7548828125 295.071014404297 295.413940429688 295.041412353516 294.132843017578 294.326690673828 294.052795410156 292.716400146484 293.646881103516 294.325622558594 294.725311279297 295.015960693359 295.181579589844 295.566070556641 295.831390380859 295.671997070312 296.090972900391 296.497955322266 296.831604003906 297.266418457031
290.465240478516 294.257568359375 294.816009521484 293.021636962891 294.64453125 295.565124511719 295.738952636719 295.936065673828 295.963745117188 295.470642089844 294.327270507812 292.954498291016 292.845092773438 293.794982910156 294.408264160156 294.404876708984 294.662872314453 294.899017333984 294.657287597656 294.659973144531 293.877868652344 289.370483398438 286.265838623047 288.696014404297 290.629974365234 290.182250976562 292.048522949219 292.734741210938 293.099639892578 293.679779052734 294.774291992188 295.57568359375 295.429718017578 294.799346923828 294.459503173828 294.0927734375 293.246124267578 293.470611572266 294.168151855469 294.936401367188 295.513275146484 295.533172607422 295.799072265625 296.062408447266 295.614959716797 295.729339599609 296.260192871094 297.069946289062 297.339721679688
293.383666992188 293.596313476562 292.332611083984 290.624603271484 293.203216552734 294.820587158203 295.035675048828 295.685577392578 295.935760498047 295.511810302734 294.669311523438 293.728179931641 293.406494140625 293.509765625 294.051239013672 294.206146240234 294.720306396484 294.207824707031 293.833129882812 293.801727294922 291.566802978516 288.677978515625 287.038238525391 288.266998291016 289.944152832031 290.635620117188 293.056030273438 292.533264160156 291.424102783203 291.1943359375 292.852783203125 294.004150390625 294.348999023438 295.103302001953 294.748199462891 294.543304443359 294.660400390625 294.206512451172 294.509582519531 294.869689941406 295.530395507812 295.758026123047 295.932312011719 296.243591308594 296.006134033203 295.953643798828 296.023712158203 296.671508789062 297.577514648438
293.204406738281 292.423034667969 290.610137939453 287.998352050781 290.187255859375 292.581359863281 294.066040039062 295.463287353516 295.753540039062 295.713317871094 295.178527832031 294.345153808594 294.03564453125 293.824737548828 293.982513427734 293.953277587891 294.617370605469 294.319244384766 293.870849609375 293.372467041016 291.102722167969 290.358001708984 289.952484130859 288.994049072266 289.625793457031 291.237030029297 293.459594726562 291.286956787109 288.852813720703 288.813629150391 290.015930175781 290.784301757812 292.062713623047 294.622131347656 295.233337402344 294.648681640625 294.686492919922 294.618591308594 294.673553466797 294.527191162109 294.98095703125 295.496795654297 295.843841552734 296.221069335938 296.393646240234 296.252990722656 296.129333496094 296.379150390625 297.079559326172
292.722686767578 292.182067871094 290.716217041016 286.484680175781 286.954193115234 290.045532226562 293.596771240234 295.303924560547 295.575805664062 295.104705810547 294.450256347656 294.320281982422 294.533477783203 294.155792236328 294.174530029297 294.648193359375 294.965942382812 294.968353271484 294.840698242188 293.427093505859 292.09423828125 291.437835693359 290.523803710938 289.541534423828 289.744659423828 291.484466552734 294.497985839844 292.689697265625 290.529296875 289.878814697266 289.581085205078 290.367736816406 291.955413818359 294.269927978516 295.256866455078 294.825836181641 294.699035644531 295.227722167969 295.089630126953 294.894653320312 295.160278320312 295.663269042969 295.875762939453 295.856475830078 296.493804931641 296.906585693359 296.771820068359 296.491302490234 296.568511962891
289.637084960938 290.895416259766 290.113800048828 285.855194091797 285.369873046875 289.965057373047 294.303802490234 295.287109375 295.519470214844 295.069580078125 294.65234375 295.117065429688 294.656341552734 293.462005615234 294.29931640625 294.985626220703 295.19384765625 295.402709960938 294.939697265625 293.700103759766 292.949920654297 292.469329833984 291.558532714844 290.815612792969 291.561248779297 293.064270019531 294.470397949219 294.276550292969 294.146057128906 293.347198486328 292.666809082031 293.198364257812 293.701629638672 294.563873291016 295.135467529297 295.077484130859 294.945678710938 295.762847900391 295.809722900391 295.884094238281 296.067596435547 296.324920654297 296.531860351562 296.230712890625 296.561737060547 297.290161132812 297.438842773438 297.142913818359 296.689056396484
287.596130371094 289.489410400391 289.599975585938 285.235626220703 284.694213867188 290.218383789062 294.619476318359 294.979187011719 295.263153076172 295.525573730469 295.528625488281 295.607055664062 294.997344970703 294.283599853516 294.652069091797 294.917266845703 295.136352539062 295.331481933594 295.003051757812 294.756439208984 293.92724609375 293.511749267578 293.036682128906 291.590026855469 291.904174804688 292.767639160156 292.598571777344 293.741027832031 294.946411132812 295.101501464844 294.909545898438 295.058959960938 295.147674560547 295.209106445312 295.430877685547 295.775939941406 295.693664550781 296.452667236328 296.646148681641 296.751647949219 296.811004638672 296.660736083984 296.938171386719 296.868682861328 296.5859375 296.936370849609 297.529113769531 297.703643798828 297.131225585938
290.339080810547 291.151519775391 291.773742675781 288.124542236328 287.557739257812 290.665649414062 294.173797607422 295.116821289062 295.336029052734 295.415863037109 295.427154541016 295.585357666016 295.621185302734 295.439575195312 294.828704833984 295.067718505859 295.151489257812 295.103363037109 294.949127197266 294.529083251953 293.398223876953 292.932739257812 293.517608642578 292.564727783203 291.548797607422 291.224517822266 291.500762939453 292.619079589844 293.716552734375 293.962890625 294.272338867188 294.814056396484 295.371063232422 295.869750976562 295.796020507812 295.985107421875 296.181182861328 296.383178710938 296.598754882812 297.177215576172 297.264190673828 296.940368652344 297.065551757812 297.160400390625 296.796875 296.958648681641 297.453186035156 297.748229980469 297.592468261719
