rcp4.5models/GFDL_CM3/sc1gr10.8
NCOLS 261 
NROWS 433 
XLLCORNER 336357.134 
YLLCORNER 654653.479 
CELLSIZE 1000 
NODATA_value -3.4e+38 
[rows 374 to 395 of 433, columns 147 to 195 of 261]
-3.4e+38 -3.4e+38 1031.58654785156 1033.70324707031 1033.97375488281 1032.30297851562 1030.19897460938 1028.55102539062 1025.10717773438 1019.80596923828 -3.4e+38 1011.78088378906 1008.84936523438 1009.54913330078 1010.80035400391 1015.69989013672 1022.01147460938 1020.18377685547 1017.06628417969 1017.62408447266 1021.51519775391 1016.40246582031 1014.32623291016 -3.4e+38 1018.48406982422 1019.47442626953 1022.45104980469 1023.34753417969 1017.24639892578 1013.23608398438 1007.31732177734 1001.64892578125 1001.61853027344 1007.57806396484 1003.40545654297 999.463745117188 999.573425292969 1000.77557373047 1004.17346191406 1006.22540283203 1007.76159667969 1008.82904052734 1010.67059326172 -3.4e+38 1001.45623779297 998.887512207031 883.111694335938 527.343994140625 636.400268554688
1030.37194824219 1030.65869140625 1031.81408691406 1033.69799804688 1030.97338867188 1026.84851074219 1023.05865478516 1023.2412109375 1022.19409179688 1019.17938232422 1012.02801513672 -3.4e+38 -3.4e+38 -3.4e+38 1009.56488037109 1013.84680175781 1016.3505859375 1018.89111328125 1013.31140136719 1010.13641357422 1013.89294433594 1012.70574951172 1009.83209228516 1012.2109375 1015.08117675781 1018.1357421875 1017.53253173828 1013.61676025391 1008.787109375 1005.36981201172 1001.3115234375 997.535278320312 998.254333496094 1003.75085449219 997.314514160156 994.647583007812 994.874145507812 996.060363769531 999.437805175781 1001.41906738281 1002.43084716797 1002.03497314453 1004.43627929688 1002.01416015625 998.109375 994.482360839844 769.477355957031 -3.4e+38 281.677551269531
1025.67004394531 1026.19018554688 1028.88989257812 1029.56408691406 1026.21594238281 1020.31097412109 1015.32965087891 1016.13793945312 1016.87683105469 1015.04046630859 1008.42987060547 -3.4e+38 1002.07104492188 1003.38043212891 1006.47918701172 1009.57342529297 1012.05841064453 1015.18200683594 1009.6904296875 1002.74346923828 1004.49945068359 1005.75793457031 1004.02221679688 1007.61669921875 1010.57415771484 1013.11676025391 1011.06793212891 1007.58880615234 1003.57073974609 998.755981445312 995.264343261719 992.864440917969 994.121765136719 999.070007324219 992.605102539062 989.931762695312 991.160522460938 993.567993164062 992.708251953125 994.181396484375 994.270446777344 995.270690917969 998.174438476562 997.686340332031 995.159790039062 991.582153320312 -3.4e+38 63.2968521118164 279.994537353516
1019.75140380859 1020.95739746094 1024.12390136719 1023.0341796875 1019.81036376953 1016.11639404297 1009.80499267578 1009.50653076172 1012.62524414062 1009.56610107422 1001.87426757812 995.890075683594 998.284057617188 1000.18347167969 1002.07702636719 1006.38818359375 1009.59051513672 1009.02819824219 1004.65380859375 998.888122558594 996.915771484375 996.829223632812 1001.97625732422 1005.16149902344 1003.55804443359 1004.76196289062 1003.22821044922 1001.65515136719 999.515075683594 996.042724609375 993.038330078125 990.860290527344 989.468383789062 994.353210449219 987.879333496094 985.1826171875 986.929504394531 990.188415527344 987.36572265625 987.472290039062 988.495971679688 992.384765625 995.28955078125 -3.4e+38 992.74365234375 992.113647460938 878.173522949219 526.425842285156 -3.4e+38
1018.15350341797 1017.72100830078 1015.66217041016 1015.40374755859 1015.60919189453 1012.59814453125 1006.02130126953 1002.77569580078 1006.07391357422 1005.29193115234 996.243469238281 992.20654296875 995.890808105469 998.342346191406 1000.82861328125 1003.31811523438 1004.63537597656 1002.67834472656 999.464294433594 995.618347167969 991.780090332031 992.183837890625 1002.71551513672 1000.11206054688 996.523254394531 996.991943359375 996.170471191406 993.835021972656 994.122741699219 992.84228515625 988.454650878906 986.722412109375 985.559753417969 988.787231445312 984.999938964844 981.276245117188 979.695678710938 983.008544921875 983.469970703125 981.7548828125 985.595092773438 988.994689941406 991.437072753906 993.829162597656 992.305297851562 991.127868652344 876.71923828125 630.606567382812 876.812866210938
1015.13659667969 1012.20098876953 1008.48803710938 1010.07495117188 1012.07025146484 1009.49774169922 1001.77575683594 996.557922363281 996.307067871094 998.082641601562 992.450805664062 987.290893554688 990.370544433594 994.016235351562 995.924133300781 995.867431640625 996.436828613281 998.830505371094 995.70703125 989.338562011719 985.974487304688 988.203918457031 998.163696289062 995.554809570312 991.389892578125 989.885681152344 987.779418945312 985.952331542969 988.111694335938 988.153747558594 983.190856933594 981.178100585938 982.221252441406 981.226806640625 980.2744140625 976.545166015625 974.340637207031 976.218811035156 977.255065917969 976.917724609375 980.756958007812 984.150939941406 987.073303222656 991.883239746094 993.308227539062 989.113037109375 879.134643554688 636.079406738281 984.2216796875
1012.01922607422 1007.27209472656 1002.43103027344 1003.99676513672 1006.63665771484 1005.27642822266 998.197387695312 -3.4e+38 987.697509765625 988.327392578125 984.64208984375 982.271423339844 987.825805664062 989.630920410156 987.792297363281 987.777709960938 989.519775390625 995.039978027344 993.129943847656 987.324768066406 -3.4e+38 982.526916503906 989.795837402344 988.353515625 986.825988769531 984.131713867188 979.889038085938 979.942749023438 983.430053710938 984.506286621094 982.260498046875 979.775024414062 979.403137207031 975.825622558594 974.07080078125 972.235717773438 971.435180664062 972.325927734375 971.492858886719 -3.4e+38 -3.4e+38 978.287048339844 984.124145507812 873.746948242188 642.226257324219 877.982299804688 634.420776367188 989.785522460938 880.723449707031
1006.30285644531 1003.53881835938 995.701110839844 997.402526855469 1000.37261962891 998.194580078125 995.803894042969 988.42578125 980.8427734375 980.236938476562 977.816284179688 981.533020019531 985.235290527344 982.770202636719 979.611511230469 981.361083984375 986.194946289062 989.959594726562 987.966430664062 985.31396484375 982.047912597656 977.933532714844 982.716735839844 980.426208496094 980.827575683594 979.419555664062 975.1875 975.789611816406 980.130554199219 980.879211425781 981.897094726562 980.227111816406 978.419189453125 974.904724121094 973.051940917969 971.785583496094 971.342468261719 969.440612792969 -3.4e+38 -3.4e+38 969.02001953125 973.954162597656 980.229187011719 868.203247070312 639.725646972656 880.147766113281 632.635925292969 985.7490234375 880.933654785156
995.5205078125 995.908264160156 991.432678222656 991.854431152344 991.800720214844 989.698425292969 990.360961914062 985.418762207031 978.216125488281 975.265869140625 975.904479980469 977.839233398438 -3.4e+38 -3.4e+38 973.930419921875 977.57763671875 983.096923828125 984.842407226562 981.528015136719 978.8603515625 976.203308105469 973.311218261719 976.776611328125 975.225158691406 974.81787109375 975.265747070312 972.329833984375 972.403503417969 975.398498535156 977.860900878906 982.992858886719 980.724731445312 978.10302734375 977.356689453125 974.076416015625 972.796264648438 971.285278320312 966.5576171875 965.637268066406 -3.4e+38 -3.4e+38 -3.4e+38 972.825317382812 975.606994628906 983.947875976562 989.805969238281 981.061340332031 978.771301269531 981.204040527344
984.62353515625 980.927368164062 978.402587890625 974.066650390625 974.692443847656 973.148010253906 974.4345703125 978.295349121094 978.606628417969 969.463684082031 964.51904296875 968.89892578125 973.736572265625 -3.4e+38 969.804443359375 970.942993164062 973.98876953125 976.347900390625 973.13232421875 967.276733398438 963.822937011719 962.824279785156 966.230529785156 962.639709472656 961.757385253906 959.369445800781 960.752807617188 964.876770019531 968.951965332031 972.499450683594 973.550170898438 974.514770507812 978.0166015625 970.750793457031 970.331115722656 968.960388183594 969.474914550781 968.868591308594 962.653686523438 -3.4e+38 -3.4e+38 -3.4e+38 961.915283203125 965.244995117188 970.448120117188 968.268493652344 968.527526855469 977.748352050781 999.089111328125
984.50830078125 977.158569335938 972.94970703125 969.740356445312 969.667419433594 966.261352539062 966.449829101562 970.310791015625 971.841064453125 964.963012695312 959.440002441406 962.588500976562 965.611267089844 969.224304199219 972.158752441406 974.547668457031 973.801818847656 972.501403808594 967.305419921875 963.104736328125 960.991394042969 958.823974609375 959.499633789062 958.618347167969 955.152404785156 953.333312988281 956.0263671875 960.136962890625 963.699645996094 965.771789550781 966.809631347656 967.240905761719 971.567016601562 966.761474609375 -3.4e+38 960.660278320312 963.184997558594 964.543823242188 959.6494140625 -3.4e+38 -3.4e+38 955.55029296875 954.978393554688 958.265075683594 962.078552246094 961.299865722656 962.442749023438 974.278076171875 992.210083007812
981.506469726562 973.64453125 971.81494140625 968.2001953125 964.141845703125 960.503479003906 958.949340820312 961.965087890625 961.299133300781 958.12890625 -3.4e+38 955.582946777344 957.976745605469 963.471984863281 968.357177734375 973.27587890625 973.691467285156 969.187438964844 964.452880859375 963.559265136719 959.596435546875 955.456237792969 953.521484375 953.395080566406 948.982543945312 948.522155761719 951.860412597656 957.206604003906 960.162780761719 960.40576171875 960.0439453125 959.899536132812 963.922729492188 963.838012695312 960.016540527344 957.207397460938 -3.4e+38 955.811950683594 956.685363769531 954.137756347656 951.101135253906 950.564331054688 949.536865234375 951.277954101562 952.615478515625 956.753845214844 853.286254882812 616.877380371094 966.610107421875
978.559875488281 974.339294433594 974.85400390625 969.882568359375 962.765747070312 957.232543945312 953.821228027344 955.653198242188 954.909545898438 952.435913085938 951.752319335938 954.237060546875 958.470642089844 961.335327148438 962.498901367188 965.623657226562 966.702087402344 964.530883789062 966.249328613281 962.199951171875 956.840393066406 952.714416503906 948.895690917969 946.014526367188 944.867492675781 945.072387695312 946.522216796875 951.073425292969 955.373779296875 955.017822265625 953.744995117188 956.14306640625 962.4140625 960.438842773438 955.76171875 953.769226074219 951.245910644531 949.387939453125 952.236328125 952.173217773438 951.560791015625 949.067077636719 946.507202148438 948.185607910156 949.046264648438 -3.4e+38 849.985717773438 507.197784423828 611.336791992188
980.475830078125 974.659729003906 970.60888671875 965.586303710938 958.450012207031 952.879455566406 948.738464355469 950.685241699219 951.658203125 -3.4e+38 949.150146484375 953.994567871094 958.91552734375 959.373596191406 957.349182128906 958.453735351562 958.264343261719 957.346313476562 962.893188476562 961.323120117188 955.920288085938 951.820861816406 946.637329101562 945.004333496094 943.349426269531 941.6181640625 941.06689453125 944.347473144531 948.633972167969 948.172302246094 948.109619140625 953.247680664062 960.019470214844 956.603820800781 954.1689453125 950.181823730469 946.811218261719 945.299621582031 946.32666015625 948.689331054688 947.653503417969 948.059448242188 944.934143066406 945.160827636719 946.016540527344 954.764892578125 950.389343261719 850.721740722656 513.111022949219
976.976745605469 969.388549804688 960.673400878906 956.352600097656 950.935485839844 947.165161132812 944.275939941406 945.569580078125 945.279296875 944.202697753906 947.685363769531 952.57861328125 954.330627441406 950.407287597656 948.352661132812 951.276550292969 951.105346679688 951.445068359375 956.268310546875 959.229370117188 955.716796875 952.275390625 946.944458007812 946.809997558594 942.443054199219 940.041381835938 937.606140136719 939.030029296875 941.864990234375 941.932373046875 943.835571289062 949.724731445312 953.978881835938 952.745971679688 953.702819824219 950.592651367188 945.775329589844 943.189025878906 940.8466796875 941.749816894531 941.713256835938 945.015625 941.872131347656 941.706481933594 941.49853515625 943.574768066406 945.314086914062 951.69287109375 761.621704101562
971.395751953125 964.946716308594 956.228088378906 952.554504394531 948.322875976562 944.589965820312 940.359252929688 938.588317871094 938.438720703125 940.286804199219 945.692810058594 947.985595703125 945.970642089844 942.637145996094 941.219970703125 942.848510742188 944.498413085938 947.425842285156 949.665283203125 952.641967773438 951.027160644531 951.9970703125 947.507507324219 942.055114746094 937.605102539062 935.925476074219 934.114501953125 932.92578125 934.190002441406 938.189025878906 941.645935058594 943.743896484375 944.699584960938 944.463073730469 947.882202148438 948.204833984375 944.735290527344 941.663269042969 936.795288085938 935.783508300781 937.589477539062 938.444458007812 936.805603027344 937.197937011719 938.487426757812 939.981689453125 940.28466796875 944.789611816406 852.470947265625
968.214599609375 962.641784667969 958.681396484375 956.657836914062 950.655395507812 944.321472167969 937.040161132812 933.355529785156 933.983459472656 937.50732421875 939.3125 940.28564453125 938.743713378906 934.881103515625 934.029174804688 934.969360351562 938.526733398438 942.786193847656 944.358093261719 946.016723632812 944.925048828125 949.661071777344 949.972229003906 939.64501953125 934.763732910156 929.664184570312 929.253173828125 928.579650878906 931.22119140625 935.229919433594 938.148376464844 937.662963867188 936.84619140625 937.542785644531 940.93017578125 942.817810058594 943.134338378906 939.70947265625 937.146911621094 934.141052246094 933.456359863281 932.380676269531 933.726501464844 934.604431152344 936.962036132812 936.894714355469 936.716247558594 937.807250976562 942.090087890625
967.941162109375 -3.4e+38 961.118896484375 957.250366210938 950.686828613281 944.769165039062 935.541931152344 930.048156738281 928.860778808594 931.226135253906 932.247924804688 927.5205078125 929.133178710938 927.613525390625 929.202514648438 930.88330078125 934.426879882812 936.19677734375 937.127014160156 938.094848632812 938.296569824219 943.074645996094 945.833068847656 939.514099121094 932.464538574219 926.831970214844 923.001098632812 924.868957519531 929.078857421875 930.27490234375 933.748229980469 934.62060546875 933.262268066406 931.976928710938 934.436889648438 938.897583007812 941.611572265625 937.242614746094 935.5615234375 930.543884277344 928.958251953125 -3.4e+38 929.184875488281 931.054504394531 932.393127441406 932.300415039062 933.598815917969 934.185363769531 936.998107910156
972.190979003906 963.895263671875 958.382568359375 951.020263671875 944.376708984375 939.230590820312 931.142639160156 925.509460449219 922.261352539062 921.631713867188 923.186828613281 919.017517089844 922.509948730469 925.421691894531 927.08740234375 927.530029296875 931.692749023438 928.846374511719 928.420715332031 929.985107421875 931.52783203125 -3.4e+38 936.334350585938 932.8623046875 926.952087402344 923.366882324219 918.669494628906 921.367980957031 924.205932617188 925.38818359375 928.280395507812 927.765808105469 926.404846191406 926.0576171875 931.372131347656 935.390747070312 937.143981933594 934.160827636719 931.955749511719 926.005798339844 926.387268066406 927.241760253906 -3.4e+38 -3.4e+38 927.789306640625 928.711608886719 928.965393066406 930.61279296875 931.887268066406
969.680480957031 961.45263671875 955.806396484375 948.320068359375 940.929077148438 934.607116699219 927.162292480469 923.345458984375 919.973083496094 915.656066894531 914.715087890625 918.179321289062 921.696105957031 923.2880859375 922.424743652344 921.594482421875 923.269165039062 920.927795410156 922.381469726562 924.619201660156 924.23828125 925.783996582031 930.735473632812 929.863342285156 924.025390625 920.972229003906 917.053344726562 917.171630859375 917.961059570312 920.51708984375 923.288818359375 922.189514160156 919.453674316406 922.980041503906 928.399169921875 931.813781738281 932.163024902344 930.136108398438 931.399475097656 926.848205566406 926.774169921875 926.182495117188 924.56689453125 -3.4e+38 924.602905273438 927.634460449219 927.405334472656 927.45751953125 928.242736816406
959.796997070312 952.926452636719 951.658081054688 948.266967773438 941.998962402344 935.615600585938 927.497314453125 921.866455078125 917.288757324219 912.201843261719 910.730834960938 914.763366699219 917.027038574219 917.36767578125 915.86376953125 916.146850585938 913.875244140625 915.994445800781 919.541564941406 917.982177734375 916.861877441406 917.042724609375 925.674560546875 928.919128417969 922.485473632812 919.278137207031 916.7490234375 913.563293457031 913.531372070312 916.3701171875 916.98974609375 917.877197265625 915.841369628906 919.376403808594 923.805908203125 928.164428710938 927.156677246094 925.586791992188 929.847106933594 928.756042480469 925.194641113281 923.567749023438 923.450317382812 923.210815429688 923.4169921875 925.037048339844 925.845642089844 924.287841796875 828.135131835938
954.291137695312 939.653442382812 932.228149414062 933.486938476562 933.10302734375 928.691772460938 924.123474121094 918.44189453125 912.974060058594 904.633850097656 900.195434570312 903.465759277344 904.387329101562 902.791076660156 901.80419921875 902.736450195312 906.132690429688 910.291381835938 909.381530761719 906.355590820312 904.623291015625 905.272644042969 914.720153808594 918.179504394531 918.462097167969 914.162414550781 908.934143066406 905.677368164062 904.356262207031 905.496337890625 907.791076660156 906.337829589844 906.858520507812 907.36962890625 911.814270019531 916.09716796875 916.476257324219 918.856506347656 922.218566894531 923.066040039062 921.48291015625 921.779052734375 923.143249511719 921.9287109375 918.225402832031 918.608154296875 919.392333984375 917.969482421875 823.498657226562
