rcp4.5models/GFDL_CM3/sc1gr2.17
NCOLS 261 
NROWS 433 
XLLCORNER 336357.134 
YLLCORNER 654653.479 
CELLSIZE 1000 
NODATA_value -3.4e+38 
[rows 220 to 241 of 433, columns 147 to 195 of 261]
340.971069335938 341.503082275391 341.910400390625 342.182098388672 342.100982666016 341.673980712891 340.737060546875 342.713745117188 343.792205810547 344.417663574219 344.379150390625 344.857360839844 345.271911621094 346.736022949219 346.853424072266 347.145233154297 347.772033691406 348.197082519531 -3.4e+38 348.418792724609 348.527313232422 348.964813232422 349.843322753906 349.9453125 350.045593261719 350.144134521484 350.240905761719 350.490173339844 350.737823486328 350.520355224609 350.609832763672 350.697448730469 350.783203125 350.949127197266 350.874542236328 350.801849365234 351.520446777344 352.440612792969 352.689880371094 352.739807128906 353.471466064453 353.693572998047 354.061492919922 353.815368652344 353.274353027344 353.6640625 353.206024169922 352.961761474609 353.356353759766
340.657440185547 341.499206542969 341.915466308594 342.262786865234 341.908447265625 340.402160644531 339.308563232422 342.401641845703 342.855621337891 343.679870605469 344.331085205078 345.226745605469 346.059539794922 346.804412841797 346.746917724609 346.83251953125 347.795043945312 348.267608642578 348.379547119141 348.489868164062 348.598571777344 349.036071777344 349.914611816406 350.016510009766 349.938873291016 349.678985595703 349.775268554688 350.048156738281 350.498779296875 350.589691162109 350.678680419922 350.586242675781 350.493041992188 350.657623291016 350.914489746094 350.814605712891 351.584594726562 352.295471191406 352.340667724609 352.801666259766 353.533050537109 353.599578857422 353.480987548828 353.367919921875 353.6044921875 353.206604003906 352.962066650391 353.016540527344 353.223480224609
340.541351318359 341.040405273438 341.484771728516 341.93359375 341.743438720703 340.749206542969 340.743072509766 342.535705566406 342.816040039062 343.583099365234 344.534881591797 345.470489501953 346.393341064453 346.873291015625 346.839324951172 346.621032714844 347.194580078125 348.338562011719 348.274688720703 348.202941894531 348.670257568359 349.107696533203 349.986297607422 349.910736083984 349.498504638672 349.108276367188 349.024383544922 349.808990478516 350.56884765625 350.659271240234 350.747772216797 350.500640869141 350.253051757812 350.237030029297 350.468200683594 350.392852783203 351.109497070312 351.873382568359 352.152557373047 352.681640625 353.235717773438 353.660430908203 353.569946289062 353.483764648438 353.508880615234 352.962432861328 353.017669677734 352.886016845703 352.762054443359
340.705627441406 340.942749023438 341.391204833984 341.528137207031 341.513031005859 341.159729003906 341.407989501953 342.876403808594 343.553741455078 343.822998046875 344.984039306641 345.874053955078 346.508697509766 346.942626953125 347.061981201172 347.026733398438 347.311950683594 348.234100341797 348.010772705078 348.321258544922 348.918701171875 349.361267089844 349.700469970703 349.828887939453 349.259704589844 349.025817871094 348.785339355469 349.879516601562 350.4609375 350.19287109375 350.459350585938 350.748779296875 350.678863525391 350.149444580078 350.227630615234 350.484222412109 351.071716308594 351.785949707031 352.52099609375 352.589630126953 352.810729980469 353.361999511719 353.784332275391 353.662689208984 353.207824707031 353.018890380859 352.888824462891 352.426330566406 352.515563964844
340.606170654297 341.158172607422 341.448272705078 341.586547851562 340.852081298828 339.378753662109 340.771789550781 342.790069580078 343.210479736328 343.691314697266 344.795928955078 345.385406494141 345.997222900391 346.653381347656 347.132385253906 347.075134277344 347.161743164062 347.794311523438 347.748016357422 348.347473144531 348.968383789062 349.233917236328 349.28466796875 349.543518066406 349.331726074219 349.097747802734 348.856536865234 349.950317382812 350.555511474609 350.157043457031 350.219604492188 350.972198486328 350.876678466797 350.574676513672 350.294036865234 350.703979492188 351.623443603516 352.208282470703 352.765319824219 353.1923828125 353.2587890625 353.477508544922 353.844329833984 353.568145751953 352.963317871094 353.075225830078 352.791015625 352.364532470703 352.929840087891
340.72900390625 341.364898681641 341.378448486328 341.206939697266 340.143524169922 338.468414306641 340.720855712891 343.038330078125 343.183746337891 343.987915039062 344.421539306641 345.370178222656 345.471923828125 346.051818847656 347.203186035156 346.993408203125 346.767639160156 347.553894042969 347.842834472656 348.465789794922 348.887512207031 348.994812011719 349.203460693359 349.304779052734 349.404022216797 349.347137451172 349.285614013672 349.84375 350.245147705078 350.357635498047 350.468597412109 350.68359375 350.969940185547 351.129516601562 350.718811035156 350.769348144531 351.662353515625 352.220245361328 352.801971435547 353.1748046875 353.420532226562 353.842956542969 353.722473144531 353.267852783203 353.021423339844 353.131469726562 352.846954345703 352.571807861328 353.467803955078
341.004699707031 340.936828613281 340.888061523438 340.357055664062 339.883148193359 339.657440185547 341.644165039062 342.719787597656 343.005645751953 343.626037597656 344.290679931641 345.905212402344 345.877258300781 345.817749023438 346.557525634766 347.065093994141 346.664337158203 347.268371582031 347.893371582031 348.493408203125 348.960601806641 349.067962646484 349.276458740234 349.377563476562 349.2998046875 349.039001464844 349.310791015625 349.583679199219 349.493988037109 350.094329833984 350.336486816406 350.265014648438 350.656616210938 350.814086914062 350.914703369141 351.013763427734 351.214599609375 351.977233886719 352.711181640625 352.777282714844 352.995391845703 353.363098144531 353.269165039062 353.022705078125 353.079467773438 353.187591552734 352.902740478516 352.625305175781 353.489898681641
340.899200439453 340.508758544922 339.655181884766 338.672973632812 338.948944091797 338.958984375 341.462768554688 342.49365234375 342.813262939453 343.088409423828 344.404235839844 345.257354736328 346.100402832031 346.070983886719 346.36083984375 347.137084960938 346.408111572266 346.670379638672 347.812896728516 348.25390625 349.033966064453 349.141357421875 349.173370361328 348.916717529297 348.861236572266 348.64599609375 349.071533203125 349.678527832031 349.611907958984 349.833221435547 349.738861083984 350.180236816406 350.083587646484 350.418548583984 350.826812744141 351.412963867188 351.509613037109 352.220184326172 352.415588378906 352.839813232422 352.903076171875 352.964447021484 353.02392578125 352.900238037109 352.776947021484 353.061340332031 352.597045898438 352.678649902344 353.389831542969
340.567932128906 339.946380615234 338.010864257812 336.159606933594 337.287841796875 337.371398925781 340.725616455078 342.002471923828 342.648986816406 343.667419433594 344.611297607422 345.417205810547 345.99609375 345.937255859375 346.571075439453 346.8515625 346.502716064453 346.787994384766 347.886260986328 348.327392578125 349.107604980469 349.214965820312 349.092987060547 348.523834228516 348.622344970703 348.718627929688 348.966827392578 349.3701171875 349.45947265625 349.392456054688 349.320892333984 349.714294433594 349.818603515625 350.664337158203 351.251403808594 351.632904052734 352.036254882812 352.438415527344 351.991729736328 352.363189697266 352.605133056641 353.025085449219 353.083618164062 352.986907958984 352.89013671875 352.785186767578 352.710327148438 352.549346923828 353.080444335938
340.423736572266 339.489074707031 337.423919677734 335.285125732422 336.031555175781 335.736114501953 340.09375 341.808868408203 342.240997314453 344.048889160156 344.701629638672 345.048797607422 345.197692871094 345.695251464844 346.489898681641 346.610687255859 346.729309082031 346.999420166016 347.602478027344 348.225646972656 348.648590087891 348.931579589844 348.809509277344 348.597259521484 348.695495605469 348.791412353516 348.70849609375 348.442321777344 348.708038330078 349.152374267578 349.236968994141 349.319366455078 349.731262207031 350.707427978516 351.090545654297 351.340240478516 351.922088623047 352.323059082031 352.439483642578 352.323944091797 352.359283447266 353.085571289062 353.143157958984 353.198883056641 353.252716064453 353.050506591797 353.069091796875 352.450164794922 352.647583007812
340.06982421875 339.496124267578 337.931182861328 336.152008056641 335.366455078125 335.164123535156 340.053344726562 341.470458984375 342.308258056641 343.942291259766 344.565093994141 344.718078613281 344.999206542969 345.767211914062 346.562347412109 346.683624267578 346.627532958984 346.56201171875 347.362854003906 348.145812988281 348.255554199219 348.516937255859 348.570556640625 348.670837402344 348.592712402344 348.330902099609 348.446166992188 348.582305908203 348.825225830078 349.046447753906 348.949645996094 349.389007568359 349.622497558594 350.620849609375 350.871734619141 351.455047607422 351.833221435547 352.053436279297 352.426300048828 352.334869384766 352.420074462891 353.145935058594 353.202545166016 353.077178955078 352.949310302734 352.867980957031 352.762298583984 352.503509521484 352.547515869141
339.813323974609 338.498382568359 335.793670654297 334.100036621094 332.101898193359 336.301025390625 338.713592529297 340.975769042969 342.094390869141 343.056884765625 343.747741699219 343.991790771484 344.741668701172 345.737091064453 346.350769042969 346.830139160156 346.446197509766 345.864196777344 346.650085449219 346.937469482422 347.558258056641 348.154602050781 348.718566894531 348.664184570312 348.602416992188 349.010375976562 348.9267578125 348.835388183594 348.949798583984 348.365142822266 348.447814941406 348.682098388672 349.071502685547 349.909210205078 350.468322753906 350.895812988281 350.962738037109 351.180938720703 351.730926513672 351.819274902344 351.20947265625 351.597900390625 352.652648925781 353.220794677734 352.785400390625 353.062286376953 352.927947998047 352.609436035156 352.651306152344
339.883148193359 338.816680908203 336.385986328125 333.514923095703 329.797454833984 333.657135009766 337.394165039062 340.509979248047 341.672607421875 342.833953857422 343.424774169922 344.419372558594 344.724914550781 345.298889160156 346.109710693359 346.903686523438 346.7158203125 346.183898925781 346.256439208984 346.697937011719 347.653778076172 348.27197265625 348.792663574219 348.892150878906 348.989074707031 349.083465576172 349.021209716797 348.775909423828 348.664245605469 348.436004638672 348.518035888672 348.59765625 348.674957275391 349.645721435547 349.865264892578 350.961242675781 -3.4e+38 -3.4e+38 351.306091308594 351.343811035156 350.910278320312 351.478668212891 352.171661376953 352.891448974609 352.967437744141 353.033538818359 352.925323486328 352.661926269531 352.883148193359
339.9580078125 339.477661132812 338.008880615234 335.343566894531 332.952453613281 336.460083007812 339.227844238281 340.642150878906 341.937622070312 342.889068603516 342.865081787109 344.441314697266 345.446655273438 345.414154052734 346.008361816406 -3.4e+38 347.097900390625 346.886840820312 346.330932617188 346.772491455078 347.707489013672 348.303863525391 348.866821289062 348.966003417969 348.887237548828 348.624206542969 348.715362548828 348.64990234375 348.071472167969 347.792083740234 348.588134765625 348.667053222656 348.919860839844 349.735992431641 349.801361083984 350.667816162109 351.091583251953 -3.4e+38 -3.4e+38 350.583740234375 350.661407470703 351.563446044922 352.129455566406 352.488677978516 352.510955810547 352.62939453125 352.672637939453 352.714141845703 352.905181884766
340.217864990234 339.041381835938 337.699890136719 336.515197753906 336.610412597656 339.272979736328 340.703521728516 341.351745605469 342.502868652344 342.796539306641 343.642333984375 344.380828857422 345.316162109375 345.801605224609 345.927764892578 346.380035400391 346.997436523438 346.604858398438 346.405517578125 346.67236328125 347.271514892578 347.889312744141 348.584411621094 349.039855957031 348.806732177734 348.229553222656 348.320404052734 348.584075927734 348.192443847656 347.060974121094 348.300628662109 348.736267089844 348.965728759766 349.59814453125 350.025085449219 350.421447753906 351.155700683594 -3.4e+38 350.947479248047 350.512603759766 351.258728027344 352.135223388672 352.496185302734 352.545837402344 352.441528320312 352.142425537109 352.362976074219 352.765991210938 352.804626464844
340.454895019531 338.979675292969 337.830963134766 335.948669433594 336.662200927734 339.384826660156 340.769714355469 341.398315429688 342.549377441406 343.041473388672 343.810302734375 344.61328125 345.073944091797 345.874603271484 346.001281738281 -3.4e+38 346.561218261719 346.364685058594 346.480194091797 346.592834472656 347.031646728516 347.809661865234 348.169372558594 348.582244873047 348.698638916016 348.659210205078 348.392822265625 348.634490966797 347.869964599609 346.262725830078 347.881713867188 348.447692871094 348.880279541016 349.710662841797 350.090759277344 350.485809326172 -3.4e+38 351.103973388672 350.650299072266 350.548889160156 351.243194580078 352.142944335938 352.554077148438 352.602661132812 352.649353027344 351.737060546875 351.929443359375 352.275482177734 352.491394042969
340.53271484375 339.035797119141 337.186553955078 333.614715576172 334.855072021484 339.724578857422 340.65380859375 341.669006347656 342.108032226562 342.383697509766 342.880859375 344.685150146484 344.972076416016 345.417053222656 345.718719482422 346.199188232422 346.320648193359 346.264739990234 346.198760986328 346.667572021484 346.931701660156 347.353424072266 347.732849121094 348.362121582031 348.79345703125 348.689666748047 348.290161132812 348.020233154297 347.313598632812 346.419891357422 347.797515869141 348.203216552734 348.948303222656 349.730987548828 350.156188964844 350.549896240234 -3.4e+38 349.413909912109 347.897094726562 348.840423583984 350.479370117188 351.714263916016 352.250640869141 352.481842041016 352.343048095703 351.790313720703 351.830322265625 351.690216064453 351.69189453125
340.254028320312 339.136627197266 337.043579101562 333.433715820312 335.453857421875 339.535858154297 340.385467529297 341.694427490234 342.217681884766 342.557159423828 343.013092041016 344.757049560547 344.890380859375 345.020874023438 345.477355957031 346.273223876953 346.394989013672 346.359313964844 346.314300537109 346.742279052734 346.851989746094 346.958709716797 347.491973876953 348.415222167969 348.670654296875 348.273284912109 347.851684570312 347.623626708984 347.553497314453 347.474395751953 347.866851806641 348.271453857422 349.016052246094 349.484008789062 350.221313476562 350.613677978516 350.86474609375 348.450073242188 344.910461425781 345.879241943359 350.587371826172 351.620239257812 351.997375488281 352.386627197266 351.734191894531 351.843200683594 351.704437255859 351.405029296875 351.647125244141
340.911712646484 339.552734375 337.835266113281 336.504302978516 338.380462646484 339.565521240234 340.654510498047 341.272918701172 342.238677978516 343.410552978516 343.378173828125 344.298736572266 344.607208251953 345.094055175781 345.551055908203 346.347290039062 -3.4e+38 346.588287353516 346.529876708984 346.286804199219 346.396392822266 346.677154541016 347.565673828125 348.334411621094 348.428863525391 348.191802978516 347.609039306641 346.821960449219 345.294494628906 346.254913330078 347.578582763672 348.339447021484 349.08349609375 349.907623291016 350.286071777344 350.501708984375 350.721771240234 348.474822998047 342.963531494141 342.394897460938 348.794067382812 351.678039550781 352.053588867188 352.44287109375 -3.4e+38 351.895629882812 351.782775878906 351.483642578125 351.639617919922
341.241119384766 339.612091064453 336.502166748047 334.086639404297 339.625427246094 340.248016357422 341.035552978516 341.360961914062 342.174072265625 343.124267578125 343.468536376953 343.900970458984 344.364593505859 345.341522216797 345.980255126953 346.421264648438 346.543609619141 346.662750244141 346.624114990234 346.421295166016 346.356719970703 346.261810302734 347.639190673828 348.233459472656 347.971130371094 347.907806396484 347.6806640625 346.647399902344 344.596099853516 345.801208496094 347.690216064453 -3.4e+38 349.150573730469 349.927978515625 350.350433349609 350.412200927734 350.296447753906 348.575927734375 344.261413574219 343.456817626953 349.143676757812 351.735412597656 351.933380126953 -3.4e+38 351.868560791016 351.584686279297 351.984344482422 351.515075683594 351.015289306641
340.505340576172 338.471649169922 335.605316162109 332.817535400391 339.3818359375 340.387725830078 341.102081298828 341.583251953125 342.402984619141 342.529754638672 342.808074951172 344.147247314453 344.792572021484 345.395111083984 345.839813232422 345.965698242188 346.262420654297 346.737121582031 346.853149414062 346.965850830078 346.920745849609 346.537139892578 347.356597900391 348.326385498047 347.756225585938 347.308197021484 347.751983642578 347.528656005859 346.980285644531 347.192779541016 347.715759277344 348.299926757812 348.68505859375 349.145874023438 350.055786132812 350.300445556641 349.847045898438 349.285095214844 348.104919433594 347.271362304688 349.26904296875 351.792327880859 351.837677001953 -3.4e+38 -3.4e+38 351.68896484375 352.034759521484 351.945037841797 351.847198486328
339.923858642578 336.742156982422 334.031036376953 334.101165771484 338.464935302734 339.720428466797 341.017395019531 341.476165771484 342.290863037109 342.994018554688 342.978210449219 344.554779052734 344.825469970703 345.313323974609 345.442810058594 345.743072509766 346.375885009766 346.811340332031 346.753448486328 346.510803222656 346.793914794922 346.926879882812 347.295715332031 348.023559570312 347.807891845703 347.42041015625 347.822937011719 347.906768798828 347.813690185547 347.381011962891 347.468658447266 348.213623046875 348.283538818359 349.275543212891 350.163726806641 350.210693359375 349.420684814453 349.290802001953 -3.4e+38 -3.4e+38 349.205078125 351.673675537109 351.531555175781 351.935241699219 351.975494384766 351.686920166016 352.260620117188 352.631439208984 352.281585693359
