rcp4.5models/GFDL_CM3/sc1gr2.30
NCOLS 261 
NROWS 433 
XLLCORNER 336357.134 
YLLCORNER 654653.479 
CELLSIZE 1000 
NODATA_value -9999 
[rows 220 to 241 of 433, columns 150 to 199 of 261]
343.617462158203 343.295593261719 342.314880371094 340.927551269531 342.668670654297 343.226531982422 343.246124267578 343.265441894531 343.303131103516 343.648864746094 344.339538574219 344.357238769531 344.374603271484 344.391632080078 344.408294677734 -9999 345.440612792969 345.456237792969 345.471496582031 345.501068115234 345.515350341797 345.529327392578 345.54296875 345.556304931641 345.569366455078 345.582092285156 345.594573974609 345.452270507812 345.156433105469 345.142974853516 344.653045654297 344.328247070312 344.010833740234 344.348815917969 344.369110107422 345.705657958984 345.378082275391 344.725250244141 344.734771728516 344.927886962891 344.928466796875 344.063598632812 343.965148925781 343.808380126953 343.137329101562 344.145935058594 344.471954345703 343.821197509766 343.983123779297 344.474945068359
344.102447509766 343.482574462891 341.697326660156 340.399566650391 342.531646728516 342.809967041016 342.839630126953 342.992797851562 343.468170166016 343.998992919922 344.329833984375 344.347717285156 344.365234375 344.382446289062 344.575317382812 345.103912353516 345.431884765625 345.447662353516 345.463104248047 345.492950439453 345.507385253906 345.343780517578 344.999389648438 345.012664794922 345.204071044922 345.574829101562 345.587432861328 345.599761962891 345.432281494141 344.931274414062 344.646453857422 344.322143554688 344.003997802734 344.524261474609 344.538787841797 344.976959228516 344.83740234375 345.260833740234 345.087921142578 344.709503173828 344.352111816406 343.940734863281 344.473602294922 344.103759765625 342.945526123047 343.406799316406 343.558502197266 343.454406738281 343.823822021484 343.985321044922
344.250854492188 343.643249511719 342.032348632812 341.748199462891 342.588562011719 342.942169189453 342.881164550781 342.841918945312 343.609954833984 344.301452636719 344.31982421875 344.337860107422 344.355560302734 344.372924804688 344.543029785156 344.871826171875 345.064392089844 345.438781738281 345.454376220703 345.484527587891 345.321807861328 344.823883056641 344.349517822266 344.183074951172 344.88671875 345.388763427734 345.222137451172 345.592407226562 345.270843505859 344.616516113281 343.921264648438 343.599426269531 343.816223144531 344.132965087891 344.324310302734 344.538543701172 344.734954833984 345.713012695312 345.568237304688 344.754150390625 343.741485595703 344.088653564453 344.408172607422 344.099273681641 342.970794677734 343.340637207031 343.16357421875 343.336791992188 344.180267333984 343.826141357422
344.074951171875 343.453643798828 342.694274902344 342.5478515625 342.925750732422 343.003326416016 343.213409423828 343.081329345703 343.599365234375 344.290924072266 344.309478759766 344.327667236328 344.345550537109 344.363067626953 344.380218505859 344.397033691406 344.743133544922 345.429595947266 345.445343017578 345.117889404297 345.159423828125 344.504943847656 344.187316894531 343.864715576172 344.878479003906 345.226806640625 344.7265625 344.869445800781 344.547912597656 344.609100341797 343.477874755859 343.156311035156 343.476745605469 344.023864746094 344.011444091797 344.867645263672 345.391418457031 345.706481933594 345.351715087891 344.333190917969 343.735168457031 344.081787109375 344.092681884766 343.188812255859 342.572418212891 343.241638183594 343.281158447266 343.473266601562 343.562072753906 343.457824707031
343.922424316406 342.592681884766 341.212371826172 341.802032470703 342.900512695312 342.922302246094 342.945617675781 343.221893310547 343.536102294922 343.745758056641 343.939788818359 344.317169189453 344.159729003906 343.994384765625 344.370239257812 344.38720703125 344.557342529297 345.062042236328 345.435974121094 344.620666503906 344.792938232422 344.496185302734 344.178894042969 343.856048583984 344.692108154297 344.861145019531 344.564117431641 344.422485351562 344.280181884766 344.601379394531 343.624847412109 343.481842041016 343.674591064453 344.50390625 344.362518310547 344.652740478516 344.609191894531 344.618225097656 344.318695068359 343.719116210938 343.911071777344 344.434692382812 343.360107421875 342.794891357422 342.833435058594 342.966430664062 343.490264892578 343.645111083984 343.354644775391 343.702514648438
343.920379638672 342.160583496094 340.365814208984 341.919311523438 343.098663330078 343.125213623047 342.596160888672 342.965087890625 343.356536865234 343.268890380859 343.440673828125 343.947723388672 343.996032714844 343.495666503906 344.001708984375 344.377044677734 344.393829345703 344.563934326172 345.068511962891 344.815093994141 344.472442626953 344.487121582031 344.347351074219 344.204681396484 344.529235839844 344.542633056641 344.555755615234 344.390319824219 344.223266601562 344.593353271484 343.617065429688 343.628540039062 343.973815917969 344.650756835938 344.661529541016 344.337310791016 343.682403564453 343.692504882812 343.702423095703 343.893951416016 344.417572021484 344.731018066406 342.932342529297 343.089111328125 342.706970214844 343.112731933594 343.78369140625 343.791961669922 343.985382080078 344.509490966797
343.3828125 342.123016357422 341.341735839844 342.522369384766 343.05126953125 343.299194335938 343.024719238281 342.989440917969 343.237945556641 343.257354736328 343.276458740234 343.62353515625 343.985046386719 343.331604003906 343.502746582031 344.008697509766 344.383544921875 344.400115966797 344.570159912109 344.759765625 344.462921142578 344.300964355469 343.957733154297 344.148895263672 344.342926025391 344.176208496094 344.547088623047 344.40576171875 344.084747314453 344.048675537109 343.608978271484 343.620544433594 343.786102294922 344.104736328125 344.295104980469 344.510437011719 344.034027099609 343.685089111328 343.876190185547 344.399871826172 344.351104736328 343.639282226562 342.895690917969 343.083435058594 342.819427490234 343.105285644531 343.592956542969 343.422821044922 343.946136474609 344.253173828125
342.194610595703 341.784881591797 341.293823242188 342.369598388672 342.737274169922 343.450836181641 343.315612792969 342.842529296875 343.0029296875 343.245544433594 343.264831542969 343.436981201172 343.615661621094 343.145172119141 342.980499267578 343.68505859375 344.372955322266 344.389709472656 344.406066894531 344.261505126953 344.095642089844 344.137390136719 343.482757568359 343.828186035156 344.179718017578 343.678924560547 344.0029296875 344.015716552734 343.873992919922 343.398254394531 343.6005859375 343.612274169922 343.802856445312 344.172912597656 344.338287353516 344.656585693359 344.513244628906 344.036804199219 344.021911621094 344.697357177734 344.218688964844 343.258605957031 343.278289794922 343.441009521484 343.4169921875 342.914337158203 343.255004882812 343.293670654297 343.239318847656 343.431274414062
340.310455322266 340.922027587891 340.259674072266 342.543151855469 342.921630859375 343.091094970703 343.162750244141 342.528930664062 343.0185546875 343.058502197266 342.894714355469 343.27197265625 343.290710449219 342.980316162109 342.656097412109 343.498474121094 344.004547119141 344.378967285156 344.3955078125 344.097381591797 343.597045898438 343.770263671875 343.472930908203 343.641510009766 343.812957763672 343.515319824219 343.52880859375 343.364501953125 343.019439697266 342.877593994141 343.591918945312 343.603729248047 343.769256591797 344.267913818359 344.637603759766 344.6484375 344.299407958984 343.796752929688 344.373229980469 344.328308105469 343.463592529297 343.348358154297 343.7275390625 343.554473876953 343.230895996094 343.299163818359 343.460906982422 343.252105712891 342.048736572266 341.844055175781
339.403442382812 339.593627929688 338.563903808594 341.801116943359 342.722839355469 342.777069091797 343.162353515625 342.528930664062 342.886505126953 342.685668945312 342.393951416016 342.902099609375 343.278839111328 342.968597412109 342.64453125 343.333404541016 343.504669189453 344.010589599609 344.384613037109 344.262908935547 343.789825439453 343.447875976562 343.462799072266 343.300842285156 342.957550048828 342.971252441406 342.984619140625 342.843536376953 342.545593261719 342.558319091797 343.046722412109 343.236511230469 343.606506347656 343.593017578125 343.911254882812 344.639984130859 344.164001464844 343.327758789062 343.951721191406 344.374816894531 343.412109375 342.854064941406 343.177062988281 343.214538574219 343.070434570312 342.657379150391 342.664642333984 342.550506591797 342.167083740234 341.32470703125
340.108520507812 338.613830566406 337.981109619141 341.913635253906 342.767211914062 342.776733398438 343.161895751953 342.528869628906 342.605255126953 342.575073242188 342.564361572266 342.93359375 343.2666015625 342.95654296875 342.632659912109 343.321716308594 343.339324951172 343.685974121094 344.373443603516 343.873168945312 343.734710693359 343.26123046875 342.918975830078 342.779357910156 342.481536865234 342.49560546875 342.332550048828 342.165191650391 342.535980224609 342.548828125 342.751434326172 343.27587890625 343.597442626953 343.455230712891 343.286468505859 343.55517578125 343.411529541016 342.960205078125 342.969482421875 343.772796630859 343.836334228516 343.053588867188 343.254119873047 343.235229492188 342.881591796875 342.283203125 342.110504150391 341.907958984375 342.583557128906 342.6826171875
337.866058349609 335.954498291016 340.048706054688 341.616455078125 343.078979492188 342.601318359375 343.130920410156 343.528778076172 342.248626708984 342.572052001953 342.373291015625 342.375579833984 342.709350585938 342.224761962891 341.565185546875 342.297454833984 342.469451904297 342.976104736328 343.350189208984 343.383483886719 343.399566650391 343.415283203125 343.4306640625 343.115631103516 342.460357666016 342.474731445312 342.158355712891 341.50244140625 341.515838623047 341.528930664062 341.885192871094 342.566497802734 342.578491210938 342.590209960938 342.755096435547 343.253601074219 343.292297363281 342.456024169922 342.616851806641 343.323608398438 342.818328857422 343.161895751953 342.778472900391 342.789093017578 342.742248535156 342.663940429688 342.368927001953 341.831024169922 340.930389404297 338.747741699219
337.122589111328 333.358764648438 337.747161865234 340.857971191406 342.719909667969 342.447570800781 342.641937255859 342.821868896484 342.292114257812 342.469512939453 342.247741699219 342.390625 342.228179931641 341.939453125 341.462921142578 341.928131103516 342.477996826172 343.006683349609 343.338134765625 343.371734619141 343.387969970703 343.403839111328 343.419342041016 343.104675292969 342.273498535156 341.754577636719 341.433074951172 341.315551757812 340.971252441406 340.984130859375 341.697814941406 342.198059082031 342.568572998047 -9999 -9999 342.756500244141 342.74560546875 342.112365722656 342.480224609375 343.133087158203 343.1962890625 343.180114746094 343.685943603516 343.515502929688 342.678253173828 342.045684814453 342.239318847656 340.703674316406 338.863586425781 337.418823242188
339.394683837891 336.850280761719 340.172485351562 341.908660888672 342.762664794922 342.446929931641 342.488128662109 342.549468994141 342.606872558594 342.490905761719 342.367309570312 342.542694091797 -9999 342.234222412109 342.099212646484 341.957580566406 342.444488525391 342.776733398438 342.969146728516 343.359680175781 343.376068115234 343.216766357422 342.699981689453 342.379455566406 342.108337402344 340.947113037109 340.439422607422 341.326995849609 340.852233886719 340.684204101562 341.53369140625 341.699676513672 342.19970703125 342.5703125 -9999 -9999 341.914276123047 341.946258544922 342.804382324219 343.328277587891 343.647125244141 343.326263427734 343.314758300781 343.17578125 342.001647949219 342.0361328125 342.202362060547 339.49169921875 337.481292724609 339.985168457031
340.343322753906 340.768157958984 342.805938720703 343.046783447266 343.425079345703 343.335479736328 343.019470214844 343.039215087891 342.607208251953 342.645355224609 342.682708740234 342.538818359375 342.201049804688 342.220703125 342.065307617188 341.727722167969 341.9208984375 342.29541015625 342.642211914062 342.990783691406 343.363891601562 343.050750732422 342.241760253906 342.09765625 342.272399902344 341.139312744141 339.939086914062 341.112213134766 341.329711914062 341.008483886719 341.522979736328 341.712036132812 342.236541748047 342.559936523438 -9999 342.253173828125 341.771881103516 342.118377685547 342.586242675781 343.627044677734 343.637451171875 343.138946533203 342.456909179688 342.832427978516 342.049499511719 342.026306152344 342.043579101562 339.809722900391 339.075744628906 341.096435546875
339.736450195312 340.744750976562 343.001525878906 343.359741210938 343.556823730469 343.760040283203 343.487274169922 343.199584960938 342.964050292969 342.645904541016 342.683471679688 342.634460449219 -9999 342.206878662109 341.897491455078 341.419982910156 341.949249267578 342.282287597656 342.454437255859 342.488952636719 342.819976806641 342.681976318359 342.208648681641 341.867309570312 341.88232421875 340.909149169922 339.415985107422 340.611999511719 340.938812255859 340.974212646484 341.511962890625 341.678009033203 342.178375244141 -9999 342.384552001953 341.883636474609 341.736907958984 342.082641601562 342.626220703125 343.617004394531 343.272094726562 342.432983398438 341.809234619141 342.126129150391 341.98388671875 342.016204833984 342.394165039062 341.613067626953 341.408294677734 341.392059326172
337.589416503906 338.796844482422 343.314117431641 343.358459472656 343.227325439453 342.913421630859 342.95556640625 343.017272949219 343.278991699219 342.646392822266 342.684204101562 342.721160888672 342.561676025391 342.192779541016 341.883575439453 341.386016845703 341.719818115234 341.912719726562 342.112335205078 342.321807861328 342.338653564453 342.355102539062 342.217102050781 341.743713378906 341.227325439453 340.0732421875 339.090118408203 340.446411132812 340.460418701172 340.627716064453 341.142395019531 341.689361572266 342.213928222656 -9999 340.621032714844 339.234558105469 340.317138671875 341.376983642578 342.387512207031 343.068603515625 342.77490234375 342.318572998047 342.010345458984 341.4794921875 340.947174072266 341.099670410156 342.321624755859 342.186767578125 341.159423828125 341.197235107422
337.327911376953 339.194305419922 342.955657958984 343.531951904297 343.778137207031 343.506225585938 343.198883056641 342.856475830078 343.279113769531 342.646850585938 342.684906005859 342.722106933594 342.5576171875 342.178344726562 342.043731689453 341.573547363281 341.236602783203 341.409576416016 341.588500976562 341.952331542969 342.325592041016 342.167602539062 341.827209472656 341.514099121094 340.704193115234 339.922332763672 339.4345703125 340.434326171875 340.448455810547 340.462310791016 340.817810058594 341.655181884766 342.155883789062 342.045501708984 339.759796142578 336.687591552734 337.59619140625 341.439514160156 342.274566650391 342.596130371094 342.606811523438 342.440185546875 341.946380615234 341.496612548828 340.870056152344 340.687744140625 341.826232910156 341.663269042969 340.694213867188 340.8525390625
340.116271972656 341.99365234375 342.640014648438 343.510040283203 344.043579101562 344.443145751953 344.002166748047 343.212280273438 343.279144287109 342.472839355469 342.329772949219 342.722961425781 342.553436279297 -9999 342.009368896484 341.518676757812 341.222442626953 341.066925048828 340.903625488281 341.623748779297 342.137847900391 341.644012451172 341.345367431641 340.858306884766 339.321929931641 338.286651611328 339.021484375 340.421936035156 340.436218261719 340.625183105469 341.163879394531 341.490295410156 341.655975341797 341.828155517578 339.687896728516 334.796081542969 334.4013671875 339.728515625 342.574249267578 342.408905029297 342.234466552734 -9999 341.627136230469 341.637115478516 341.319000244141 340.806732177734 341.123443603516 341.160308837891 341.228179931641 341.416351318359
337.639678955078 343.283996582031 343.351043701172 343.354309082031 343.727966308594 344.442230224609 344.155792236328 343.526885986328 343.097930908203 342.848510742188 342.370635986328 342.723785400391 342.48828125 342.024444580078 342.014221191406 341.544250488281 341.207977294922 340.898254394531 340.39990234375 341.609802246094 341.970092773438 341.315490722656 341.33203125 340.865814208984 339.258911132812 338.127319335938 338.9189453125 340.051940917969 -9999 340.591156005859 341.106750488281 341.478240966797 341.491149902344 341.328582763672 339.563262939453 335.685974121094 335.344909667969 340.008361816406 342.563018798828 342.422546386719 -9999 342.233612060547 341.616424560547 341.62646484375 341.132141113281 340.281707763672 340.832916259766 341.357299804688 341.851837158203 342.198455810547
336.462799072266 343.059783935547 343.621917724609 343.352844238281 343.552124023438 343.910949707031 343.624755859375 343.170928955078 343.292755126953 343.318786621094 342.686645507812 342.724548339844 342.606811523438 342.204833984375 341.988067626953 341.861022949219 341.446044921875 341.057800292969 340.586730957031 341.065643310547 341.600250244141 341.127624511719 340.787963867188 340.650054931641 340.196685791016 339.723083496094 339.555694580078 339.907196044922 339.878936767578 340.067291259766 340.605621337891 341.107299804688 341.304168701172 340.805053710938 340.199401855469 339.129730224609 338.416778564453 340.064117431641 342.376007080078 342.025726318359 -9999 -9999 341.605407714844 341.615570068359 341.325469970703 340.690856933594 340.794464111328 341.288818359375 341.989898681641 342.346557617188
337.660858154297 342.058197021484 343.125030517578 343.706787109375 343.396148681641 343.440216064453 343.328552246094 343.210510253906 343.433868408203 343.138031005859 343.042205810547 342.725250244141 342.762512207031 342.644073486328 342.189636230469 341.742370605469 341.402923583984 341.197479248047 341.061798095703 340.5810546875 341.270416259766 340.959533691406 340.304443359375 340.14697265625 339.806396484375 339.842071533203 339.878753662109 339.872253417969 339.755249023438 339.565338134766 340.614196777344 341.139099121094 341.139373779297 340.479309082031 340.491912841797 -9999 -9999 339.930755615234 342.213104248047 341.551025390625 341.562133789062 341.723815917969 341.594146728516 341.604400634766 341.438385009766 340.757598876953 340.268859863281 340.969207763672 341.801666259766 342.146820068359
