rcp4.5models/GFDL_CM3/sc1gr7.36
NCOLS 261 
NROWS 433 
XLLCORNER 336357.134 
YLLCORNER 654653.479 
CELLSIZE 1000 
NODATA_value -3.4e+38 
[rows 176 to 197 of 433, columns 98 to 146 of 261]
186.852386474609 187.57243347168 188.157348632812 189.244430541992 189.891708374023 190.448593139648 191.03271484375 -3.4e+38 -3.4e+38 -3.4e+38 193.286605834961 193.950698852539 194.363739013672 195.060806274414 196.065002441406 196.62727355957 197.396881103516 198.097839355469 198.636413574219 199.039474487305 199.383117675781 200.062683105469 200.708190917969 201.16291809082 201.889068603516 202.488128662109 203.316909790039 203.832015991211 204.297805786133 204.723052978516 205.330596923828 205.658752441406 205.966354370117 206.291259765625 206.673431396484 206.900939941406 207.24479675293 208.216705322266 208.679809570312 209.082366943359 209.32048034668 209.697235107422 210.013473510742 210.354370117188 210.496444702148 210.736801147461 210.926406860352 211.050979614258 211.425964355469
186.410247802734 186.973876953125 187.615783691406 188.861099243164 189.597229003906 190.163803100586 190.715423583984 191.164489746094 191.66047668457 192.268432617188 192.870361328125 193.596343994141 194.146453857422 194.757507324219 195.696166992188 196.329010009766 197.041397094727 197.645248413086 198.195343017578 -3.4e+38 199.256057739258 199.9580078125 200.394409179688 200.948211669922 201.612411499023 202.236312866211 203.202117919922 203.765167236328 204.242889404297 204.643798828125 205.279327392578 205.636077880859 205.896255493164 206.296005249023 206.641525268555 206.900833129883 207.267623901367 208.207489013672 208.703460693359 209.170211791992 209.489639282227 209.900985717773 210.211791992188 210.495162963867 210.619766235352 210.809371948242 210.942962646484 211.185409545898 211.542541503906
185.949554443359 186.393310546875 -3.4e+38 -3.4e+38 189.074020385742 189.747817993164 190.299301147461 190.687149047852 191.233123779297 191.703826904297 192.436614990234 193.222930908203 193.75813293457 194.516006469727 195.48957824707 196.187210083008 196.791931152344 197.289505004883 197.887161254883 198.29084777832 198.994857788086 199.584777832031 200.202560424805 200.823547363281 201.305770874023 201.866943359375 202.925994873047 203.54997253418 204.193603515625 204.635101318359 205.256286621094 205.595932006836 205.835479736328 206.253921508789 206.58757019043 -3.4e+38 207.422134399414 208.255813598633 208.733856201172 209.22785949707 209.638671875 210.165588378906 210.484924316406 210.590942382812 210.677474975586 210.853607177734 211.074462890625 211.29133605957 211.681533813477
185.628860473633 185.992385864258 186.468002319336 -3.4e+38 188.497207641602 189.138931274414 189.829528808594 -3.4e+38 190.951217651367 191.391723632812 191.925537109375 192.794509887695 193.403396606445 194.09211730957 195.223526000977 195.958557128906 196.57258605957 197.020004272461 197.567916870117 198.055068969727 198.691162109375 199.282379150391 200.037796020508 200.72265625 201.137176513672 -3.4e+38 202.692840576172 203.328826904297 -3.4e+38 204.494613647461 205.045104980469 205.443878173828 205.795318603516 206.211990356445 -3.4e+38 -3.4e+38 -3.4e+38 208.327438354492 208.844497680664 209.231094360352 209.625671386719 210.247085571289 210.50456237793 210.507614135742 210.579788208008 210.88720703125 211.134292602539 211.330902099609 211.864852905273
185.025665283203 185.593124389648 186.121154785156 187.099594116211 188.06379699707 188.727447509766 189.418090820312 190.078475952148 190.615234375 191.074325561523 191.608474731445 192.290267944336 192.989120483398 193.638854980469 194.929214477539 195.526077270508 196.163711547852 196.800186157227 197.292022705078 197.846069335938 198.618698120117 199.075576782227 199.793182373047 200.561996459961 201.07421875 201.578323364258 202.56462097168 203.170974731445 -3.4e+38 204.317611694336 204.852813720703 205.295776367188 205.867385864258 206.185913085938 206.574279785156 -3.4e+38 207.296432495117 208.278366088867 208.82405090332 209.185180664062 209.612533569336 210.15803527832 210.370269775391 210.461318969727 210.581268310547 210.890533447266 211.094635009766 211.260635375977 212.087188720703
184.369201660156 185.167266845703 185.756820678711 186.714248657227 187.518051147461 188.394241333008 189.038528442383 189.718338012695 190.213973999023 190.752380371094 191.274063110352 191.91682434082 192.616622924805 193.353698730469 194.60791015625 195.108062744141 195.839126586914 196.561264038086 196.955825805664 197.505233764648 198.283248901367 198.786376953125 199.550979614258 200.332855224609 200.985794067383 201.506195068359 202.46159362793 203.070663452148 203.527252197266 204.107086181641 204.707656860352 205.2265625 205.821380615234 206.219528198242 206.489929199219 -3.4e+38 207.32177734375 208.244613647461 208.712631225586 209.109268188477 209.561676025391 210.050643920898 210.324966430664 210.421325683594 210.680328369141 210.840972900391 211.094253540039 211.415908813477 212.132843017578
183.97721862793 184.641571044922 185.170059204102 186.358413696289 186.951599121094 187.796905517578 188.440795898438 189.131698608398 189.681900024414 190.331878662109 190.800338745117 191.636413574219 192.284332275391 192.972091674805 194.260162353516 194.728439331055 195.56510925293 196.286819458008 196.55876159668 197.246109008789 197.943252563477 198.51383972168 199.394515991211 200.18571472168 200.763381958008 201.412902832031 202.490127563477 203.065673828125 203.495910644531 203.98405456543 204.580154418945 205.088287353516 205.683502197266 206.209396362305 206.664108276367 206.9072265625 207.315719604492 208.275085449219 208.671752929688 209.147430419922 209.516784667969 209.847244262695 210.285354614258 210.480270385742 210.742538452148 210.883148193359 211.175476074219 211.57421875 212.138900756836
183.549758911133 184.22412109375 184.798294067383 185.924591064453 186.496887207031 187.412719726562 187.969024658203 188.699188232422 189.279602050781 189.861740112305 190.45263671875 191.334869384766 191.935363769531 192.570938110352 193.834350585938 194.492736816406 195.284744262695 195.928039550781 196.254684448242 196.987258911133 197.696090698242 198.381118774414 199.106033325195 199.922576904297 200.534637451172 201.221389770508 202.548065185547 202.994064331055 203.409545898438 203.922958374023 204.486602783203 205.085433959961 205.625122070312 205.981628417969 206.589889526367 206.793441772461 207.297546386719 208.290618896484 208.690887451172 209.138778686523 209.475708007812 209.75927734375 210.230316162109 210.493850708008 210.664596557617 210.937545776367 211.258911132812 211.55094909668 212.183410644531
183.033828735352 183.710418701172 184.334701538086 185.386856079102 186.050476074219 186.914184570312 187.561950683594 188.356475830078 188.918762207031 189.365005493164 190.102844238281 190.926666259766 191.668807983398 192.272872924805 193.495986938477 194.134140014648 194.887359619141 195.615356445312 195.99836730957 196.707427978516 197.287704467773 198.087249755859 198.79524230957 -3.4e+38 200.223693847656 -3.4e+38 202.634384155273 202.923583984375 203.286834716797 203.848663330078 204.372909545898 205.012329101562 205.513046264648 205.759384155273 206.313812255859 206.795074462891 207.165237426758 208.286590576172 208.739273071289 209.130157470703 209.510452270508 209.814086914062 210.156890869141 210.356414794922 210.629547119141 210.993179321289 211.332077026367 211.582397460938 212.217208862305
181.715103149414 -3.4e+38 -3.4e+38 184.506454467773 185.178512573242 185.895797729492 186.662445068359 187.457412719727 188.00227355957 188.567047119141 189.173614501953 189.965545654297 190.729446411133 191.531616210938 192.887649536133 193.377380371094 -3.4e+38 194.949615478516 195.567077636719 196.088790893555 196.730194091797 197.495864868164 198.344757080078 199.043701171875 199.804763793945 200.644317626953 202.134887695312 202.75505065918 203.348541259766 203.729736328125 204.190277099609 204.766067504883 205.322265625 205.619125366211 206.099578857422 206.711166381836 207.090682983398 208.135177612305 208.647689819336 209.102294921875 209.423446655273 209.793014526367 210.103790283203 210.368057250977 210.62272644043 210.856948852539 211.174423217773 211.431365966797 212.013671875
180.976806640625 181.660995483398 182.381118774414 183.804809570312 184.491424560547 185.317886352539 185.983978271484 186.849456787109 187.475311279297 188.009643554688 188.687240600586 189.481704711914 190.273468017578 191.199157714844 192.444915771484 193.025619506836 193.879196166992 194.78678894043 195.726196289062 195.824508666992 196.439315795898 197.251663208008 198.029037475586 198.698455810547 199.539611816406 200.266799926758 201.932891845703 202.813201904297 203.350769042969 203.760360717773 204.105133056641 204.637680053711 205.090270996094 205.535751342773 206.12614440918 206.666793823242 206.953811645508 208.092559814453 208.575210571289 209.11897277832 209.389862060547 209.690444946289 210.005233764648 210.341064453125 210.690322875977 210.92839050293 211.149154663086 211.50341796875 212.112243652344
180.336349487305 181.020202636719 181.885848999023 183.254531860352 183.936187744141 184.695816040039 185.364242553711 186.267425537109 186.946365356445 187.579666137695 188.273956298828 188.983291625977 189.835006713867 190.772476196289 192.09423828125 192.784362792969 193.458847045898 194.397415161133 195.411682128906 195.57112121582 196.085876464844 196.933731079102 197.769058227539 198.450302124023 199.328979492188 200.015365600586 202.378784179688 204.361328125 203.755111694336 203.692367553711 203.943313598633 204.472778320312 205.004165649414 205.466049194336 206.007293701172 206.584182739258 206.82600402832 208.017471313477 208.489028930664 209.075744628906 209.421157836914 209.597747802734 209.890441894531 210.299652099609 210.736633300781 211.087753295898 211.301666259766 211.622589111328 212.267242431641
179.82048034668 180.553680419922 181.325393676758 182.605895996094 183.271041870117 183.986572265625 184.720703125 185.645080566406 186.370269775391 187.014266967773 187.715972900391 188.471374511719 189.341217041016 190.199111938477 192.088439941406 192.708099365234 193.353256225586 194.005416870117 194.880218505859 195.26237487793 195.812316894531 196.73112487793 197.502853393555 198.103469848633 199.060165405273 199.768295288086 203.31282043457 206.464538574219 205.039962768555 203.484497070312 203.844696044922 204.35758972168 205.015838623047 205.405075073242 205.936141967773 206.498062133789 206.819183349609 208.016784667969 208.445846557617 208.939758300781 209.363296508789 209.564346313477 209.821990966797 210.295135498047 210.733856201172 211.13639831543 211.44075012207 -3.4e+38 212.454071044922
179.389907836914 180.113754272461 180.638137817383 182.056991577148 182.758911132812 183.47917175293 184.156372070312 185.018280029297 185.817901611328 186.476303100586 187.192916870117 187.989074707031 188.684753417969 189.547012329102 191.853149414062 192.391387939453 193.143951416016 193.687301635742 194.583145141602 195.030700683594 195.564651489258 196.358139038086 197.089889526367 197.754272460938 198.642471313477 199.464950561523 203.527572631836 -3.4e+38 204.970230102539 203.329849243164 203.741622924805 204.29573059082 204.978378295898 205.476348876953 205.890396118164 206.394027709961 206.760986328125 207.888107299805 208.392318725586 208.947479248047 209.209945678711 209.527084350586 209.82438659668 210.305923461914 210.680404663086 211.051361083984 211.504241943359 211.858840942383 212.606338500977
178.697570800781 179.431991577148 179.98681640625 181.493453979492 182.249801635742 182.886672973633 183.588607788086 184.336044311523 185.200408935547 186.047622680664 186.707992553711 187.494689941406 188.170043945312 189.11848449707 191.239532470703 192.024383544922 192.739868164062 193.472457885742 194.233947753906 194.720886230469 195.333404541016 196.04817199707 196.791839599609 197.600784301758 198.380569458008 199.234527587891 204.319107055664 -3.4e+38 204.572967529297 203.296859741211 203.694747924805 204.165710449219 204.920745849609 205.51692199707 205.816497802734 206.251602172852 206.640548706055 207.72737121582 208.302139282227 208.820785522461 209.044509887695 209.375289916992 209.871597290039 210.360412597656 210.687896728516 211.020568847656 211.450286865234 211.944854736328 212.636383056641
-3.4e+38 178.658630371094 179.355590820312 180.86181640625 181.696258544922 182.218811035156 182.937866210938 183.746810913086 184.693634033203 185.463928222656 186.228500366211 187.034164428711 187.795272827148 188.777725219727 190.721923828125 191.806030273438 192.391510009766 193.245864868164 193.932144165039 194.398101806641 195.036010742188 195.825302124023 196.602722167969 197.469696044922 198.120513916016 198.845550537109 204.621109008789 -3.4e+38 206.44270324707 203.078491210938 203.452056884766 204.04768371582 204.781539916992 205.348617553711 205.65576171875 206.094009399414 206.4072265625 207.668334960938 208.280075073242 208.527877807617 208.909164428711 209.275726318359 209.842163085938 210.380767822266 210.725006103516 211.103866577148 211.519348144531 211.881393432617 212.654067993164
177.519012451172 178.146942138672 178.900909423828 180.389739990234 181.219009399414 181.759353637695 182.43798828125 183.27946472168 184.307357788086 184.947113037109 185.737487792969 186.478179931641 187.316986083984 188.335357666016 190.381332397461 191.294677734375 192.045471191406 192.863845825195 193.681732177734 194.214920043945 194.89176940918 195.574844360352 196.354629516602 197.09553527832 197.749847412109 198.561904907227 202.220153808594 204.447158813477 204.976516723633 202.660736083984 203.159912109375 203.908706665039 204.496795654297 205.142807006836 205.393020629883 205.934478759766 206.275756835938 207.517974853516 208.172622680664 208.373260498047 208.726119995117 209.178161621094 209.758834838867 210.319030761719 210.710494995117 211.222183227539 211.534393310547 211.811965942383 212.615020751953
176.84814453125 177.453399658203 178.316635131836 179.901489257812 180.626586914062 181.216018676758 182.160522460938 182.963256835938 183.956588745117 184.581039428711 185.412902832031 186.046157836914 186.790023803711 187.936264038086 189.840728759766 190.633666992188 191.49853515625 192.488784790039 193.387176513672 193.984481811523 194.755630493164 195.209976196289 195.95783996582 196.741271972656 197.501922607422 198.324630737305 200.073043823242 200.832489013672 201.912185668945 202.240997314453 202.889770507812 203.541870117188 204.156219482422 204.970474243164 205.27409362793 205.77604675293 206.120727539062 207.298538208008 207.894592285156 208.298431396484 208.697692871094 209.2744140625 209.665115356445 210.289138793945 210.611831665039 211.016372680664 211.33757019043 -3.4e+38 212.478805541992
176.178924560547 176.925048828125 177.619903564453 179.330871582031 179.91487121582 180.543502807617 181.610748291016 182.508972167969 183.338516235352 184.328872680664 185.117965698242 185.827392578125 186.543106079102 187.556106567383 189.241653442383 190.135543823242 191.024429321289 192.067642211914 193.008499145508 193.770584106445 194.318817138672 194.816467285156 195.608169555664 196.643295288086 197.557769775391 -3.4e+38 199.535202026367 200.232360839844 200.964462280273 201.725921630859 202.454650878906 203.176300048828 203.878814697266 204.725326538086 205.150375366211 205.616973876953 205.914077758789 207.098434448242 207.633224487305 208.096939086914 208.584548950195 209.192657470703 209.596939086914 210.254898071289 210.495147705078 210.874053955078 211.233047485352 211.825637817383 212.428726196289
175.815231323242 176.56721496582 177.217666625977 178.846908569336 179.435317993164 180.084396362305 180.9609375 181.971466064453 182.784927368164 183.850967407227 184.687515258789 185.484405517578 186.217254638672 187.078689575195 188.963714599609 189.773147583008 190.563247680664 191.581970214844 192.548736572266 193.478607177734 194.131057739258 194.667388916016 195.401840209961 196.462997436523 197.458938598633 197.996185302734 199.27619934082 199.964935302734 200.663589477539 201.347442626953 202.107604980469 202.968933105469 203.691604614258 204.447845458984 204.906372070312 205.366317749023 205.820449829102 206.852630615234 207.447769165039 207.948654174805 208.38134765625 208.934814453125 209.412170410156 209.950744628906 210.341156005859 210.804580688477 211.124633789062 211.639907836914 212.401779174805
174.648406982422 175.566543579102 176.335800170898 177.777160644531 178.752197265625 179.385757446289 180.122131347656 180.808212280273 181.60124206543 182.605361938477 183.487777709961 184.19953918457 185.31184387207 186.281051635742 188.190048217773 189.189361572266 190.179122924805 190.956680297852 191.702178955078 192.567520141602 193.533386230469 194.268493652344 194.967025756836 195.693603515625 196.61506652832 197.547317504883 198.735855102539 199.453598022461 200.113693237305 200.842819213867 201.576873779297 202.291946411133 202.874694824219 203.509033203125 204.246627807617 205.025024414062 205.677932739258 206.505233764648 207.183090209961 207.69189453125 208.128189086914 208.607818603516 209.102111816406 209.592742919922 210.138900756836 210.342697143555 210.755813598633 211.230255126953 212.078506469727
174.343154907227 -3.4e+38 175.880432128906 177.30436706543 178.176406860352 178.843566894531 179.637405395508 180.408538818359 181.089859008789 182.038330078125 182.880096435547 183.775436401367 184.930892944336 185.899826049805 187.789932250977 188.900405883789 189.735931396484 190.466735839844 191.246307373047 191.994369506836 192.90934753418 193.812042236328 194.67170715332 195.381332397461 196.31201171875 197.240310668945 198.412368774414 199.257141113281 199.978500366211 200.609893798828 201.290802001953 202.004943847656 202.72883605957 203.365951538086 204.034591674805 204.902908325195 205.446548461914 206.197113037109 206.847015380859 207.433822631836 207.885787963867 208.336471557617 208.707809448242 209.173126220703 209.804824829102 210.118194580078 210.494247436523 210.978866577148 211.868316650391
