rcp4.5models/GFDL_CM3/sc1gr8.25
NCOLS 261 
NROWS 433 
XLLCORNER 336357.134 
YLLCORNER 654653.479 
CELLSIZE 1000 
NODATA_value -3.4e+38 
[rows 176 to 197 of 433, columns 147 to 195 of 261]
88.0942611694336 88.3302459716797 88.7679901123047 90.0000457763672 90.7997283935547 91.379035949707 91.6348037719727 92.4408416748047 93.1598358154297 93.8429183959961 94.6692733764648 95.8502960205078 96.8682022094727 97.5578308105469 97.6862258911133 97.9919128417969 98.3563995361328 98.052864074707 98.4549179077148 98.9705505371094 99.7682952880859 100.258277893066 100.294036865234 100.745849609375 101.422164916992 102.280799865723 102.110702514648 101.859016418457 102.317291259766 102.905311584473 103.463691711426 103.929916381836 104.542739868164 104.00171661377 103.845191955566 104.343650817871 104.404899597168 103.747596740723 103.501403808594 103.082664489746 102.347633361816 102.177040100098 102.47038269043 102.529762268066 102.670227050781 101.94766998291 101.304656982422 -3.4e+38 100.96215057373
86.5612411499023 86.5443267822266 87.0691070556641 88.3716506958008 88.8654556274414 89.5647964477539 90.1624450683594 91.2290802001953 92.2033843994141 92.719841003418 93.4366607666016 94.381706237793 95.3448867797852 96.3252029418945 96.9446487426758 97.73974609375 98.1019058227539 97.6755905151367 97.8787536621094 98.3274765014648 99.0246429443359 100.094520568848 99.7833023071289 100.369506835938 100.52611541748 101.20792388916 101.9658203125 101.704483032227 101.808731079102 102.405899047852 102.475921630859 103.125495910645 104.273338317871 104.169944763184 103.694328308105 103.832511901855 103.792236328125 103.306182861328 103.553062438965 103.40869140625 102.906326293945 102.392936706543 101.956512451172 102.058174133301 102.478317260742 102.264030456543 101.853256225586 101.427673339844 101.174545288086
85.2805633544922 85.3896255493164 86.0236129760742 86.8141632080078 87.1890029907227 88.1399307250977 -3.4e+38 89.3812408447266 90.6671371459961 91.3731002807617 92.1920776367188 93.148193359375 94.1205749511719 94.7815628051758 95.8413925170898 96.8553466796875 97.8436126708984 97.4175415039062 97.5979385375977 97.8249435424805 98.1241302490234 99.3444747924805 99.5146026611328 100.100044250488 99.9179763793945 100.016235351562 101.287292480469 101.629608154297 101.53734588623 102.13500213623 102.101226806641 102.368858337402 103.464279174805 104.085250854492 103.959991455078 103.852760314941 103.341163635254 102.832504272461 103.144462585449 103.479797363281 103.269836425781 102.816062927246 102.213760375977 102.016159057617 102.024925231934 102.334503173828 -3.4e+38 101.840667724609 101.333198547363
84.1406936645508 84.5114059448242 84.97998046875 85.526252746582 86.002197265625 87.0715637207031 87.1922607421875 87.8336791992188 88.7881698608398 89.537109375 90.6951217651367 92.1773834228516 93.1167068481445 93.7947616577148 94.7381591796875 95.5657196044922 96.8174438476562 97.1557922363281 97.2334671020508 97.3551635742188 97.6599197387695 98.435432434082 99.2424392700195 99.8271408081055 99.6468811035156 99.5282974243164 100.330177307129 100.971008300781 101.503303527832 101.860984802246 101.933753967285 102.057098388672 102.462951660156 103.920944213867 103.891464233398 103.678497314453 103.519836425781 103.025688171387 102.59944152832 103.158393859863 103.506652832031 103.201522827148 102.678573608398 102.26961517334 102.081764221191 101.966339111328 102.443878173828 102.348274230957 101.999519348145
82.9887008666992 83.4833526611328 83.7103500366211 84.3785400390625 85.0026397705078 85.7800674438477 86.0023193359375 86.7603912353516 87.4405059814453 88.0808029174805 89.1631622314453 90.7521743774414 92.1430511474609 92.7903289794922 93.7491683959961 94.405632019043 95.4655227661133 96.0160675048828 96.6287612915039 97.3367385864258 97.3915939331055 97.9644393920898 98.4832458496094 99.5508041381836 99.4977645874023 99.4972915649414 99.8368148803711 100.112037658691 100.910888671875 101.583877563477 101.659606933594 101.911796569824 102.190391540527 103.107292175293 103.805793762207 103.903861999512 103.815017700195 103.577095031738 102.828750610352 102.602066040039 103.176277160645 103.538261413574 103.111946105957 102.380828857422 102.122467041016 101.57120513916 102.190338134766 102.864189147949 102.637924194336
82.028694152832 82.3566818237305 82.8614730834961 83.4997329711914 83.9623184204102 84.6280059814453 84.9945755004883 85.5947418212891 86.5204849243164 87.0009002685547 87.7855758666992 88.9592819213867 90.5872497558594 91.5489349365234 92.7432632446289 93.4161682128906 94.3496246337891 94.7307357788086 95.5106430053711 96.7621078491211 97.1197204589844 97.6912155151367 97.5608749389648 98.534553527832 98.8329010009766 99.4199142456055 99.5593490600586 99.6158065795898 100.068283081055 101.029083251953 101.382499694824 101.74015045166 102.237083435059 102.097259521484 103.21866607666 104.154769897461 103.84553527832 103.794319152832 103.38143157959 102.822868347168 102.939010620117 103.784454345703 103.351257324219 102.670677185059 102.272857666016 101.711059570312 101.532936096191 102.342720031738 102.783088684082
80.4504470825195 80.8191986083984 81.7650756835938 82.0707168579102 82.6887741088867 83.4360427856445 83.9480056762695 84.4186553955078 85.4562454223633 85.8316268920898 86.7515258789062 87.7374267578125 88.8149871826172 90.1661987304688 91.7664947509766 92.4104919433594 93.35888671875 93.7489318847656 94.5597305297852 95.6942138671875 96.3793334960938 97.4144744873047 97.3260192871094 -3.4e+38 98.2982177734375 99.4268646240234 99.2786560058594 99.4867630004883 99.9567642211914 100.375999450684 100.824371337891 101.461875915527 102.064002990723 101.58472442627 102.202987670898 103.462173461914 103.811721801758 103.639068603516 103.587677001953 103.121055603027 102.64281463623 103.424201965332 103.721641540527 103.096176147461 102.49698638916 102.069625854492 101.619422912598 101.909851074219 102.931167602539
78.8826370239258 79.6670684814453 -3.4e+38 80.4382781982422 81.1126022338867 81.5606842041016 82.2095489501953 83.0070266723633 84.3025283813477 -3.4e+38 85.8060836791992 86.778190612793 87.6954116821289 88.592155456543 90.1208877563477 90.9913482666016 92.3526000976562 92.8865203857422 93.7785720825195 94.6790008544922 95.3883895874023 96.6132507324219 97.374641418457 97.6133651733398 97.887336730957 99.0143508911133 99.3624496459961 99.5686187744141 99.9098510742188 99.9748992919922 100.039665222168 100.660705566406 101.784294128418 101.699661254883 101.967018127441 102.54483795166 103.178932189941 103.434928894043 103.506301879883 103.304275512695 103.004821777344 103.092971801758 103.329322814941 103.447151184082 102.964782714844 102.414726257324 102.155906677246 102.008842468262 102.522567749023
77.7769165039062 78.4781951904297 78.984001159668 79.1626281738281 79.7543792724609 80.2538375854492 80.8379745483398 -3.4e+38 -3.4e+38 83.5737686157227 84.8904342651367 85.8482208251953 86.7344207763672 87.3652572631836 88.3622131347656 89.4192886352539 90.9313583374023 92.0040130615234 93.0563125610352 93.7113952636719 94.374267578125 95.5240631103516 97.4820175170898 97.5327224731445 97.3959884643555 98.1723556518555 98.8864974975586 99.6072463989258 99.8650665283203 99.692512512207 99.8080291748047 100.192451477051 100.978713989258 101.867744445801 102.156608581543 102.027412414551 102.588088989258 103.401268005371 103.28978729248 103.514053344727 103.704681396484 103.112609863281 102.568992614746 103.192596435547 103.495635986328 102.632949829102 102.618492126465 102.458045959473 102.118286132812
75.894287109375 76.2041702270508 77.0669403076172 77.3570938110352 77.9236068725586 78.6430892944336 78.8585815429688 -3.4e+38 -3.4e+38 80.7266159057617 81.5768661499023 84.1022491455078 84.8548431396484 85.4714202880859 86.4508514404297 87.3100051879883 88.2157211303711 89.1222152709961 90.8637542724609 91.98046875 93.0061721801758 93.6428680419922 96.3519287109375 97.1569519042969 97.6735610961914 97.629150390625 97.5814590454102 98.509162902832 99.4836959838867 99.1188735961914 99.4644470214844 100.052665710449 100.136001586914 101.687896728516 102.025566101074 101.907890319824 101.59928894043 102.279655456543 103.596534729004 103.919952392578 103.733245849609 103.472877502441 102.972946166992 102.817901611328 103.441246032715 103.826873779297 103.387413024902 103.176208496094 102.591209411621
75.1080856323242 75.3915481567383 76.2198181152344 76.5272064208984 76.9417953491211 77.5551681518555 78.119987487793 -3.4e+38 -3.4e+38 79.8271331787109 80.6903381347656 82.6208190917969 83.6544647216797 84.8137130737305 85.6746673583984 86.6538009643555 87.2437438964844 87.9997482299805 89.6433715820312 91.325080871582 92.2364730834961 92.7741317749023 94.7898101806641 96.2075500488281 97.6709976196289 97.5378265380859 97.4106674194336 98.1908950805664 98.8199081420898 99.2129135131836 99.4519119262695 99.7648468017578 99.6214904785156 101.629249572754 101.744621276855 101.759414672852 101.562446594238 101.853141784668 103.145812988281 103.842864990234 103.576133728027 103.646377563477 103.440246582031 102.983520507812 103.184524536133 104.231948852539 103.997520446777 103.546180725098 103.114189147949
73.8386688232422 74.2969970703125 74.8381195068359 75.126708984375 75.5929336547852 76.3223724365234 77.2510604858398 -3.4e+38 -3.4e+38 79.2481994628906 79.7888641357422 81.5529708862305 82.286750793457 83.8318557739258 85.0691528320312 85.9343414306641 86.5585174560547 87.6586456298828 88.6642684936523 89.8853225708008 91.3758239746094 92.1329574584961 93.7162933349609 95.1769104003906 97.1108627319336 97.2224731445312 97.3938751220703 97.6827392578125 98.2189636230469 99.2361297607422 99.3868713378906 99.4743270874023 99.6069259643555 101.05248260498 101.46150970459 101.585395812988 101.756042480469 101.959922790527 102.642753601074 103.704391479492 103.546783447266 103.478324890137 103.571762084961 103.418045043945 103.276222229004 104.243621826172 104.187728881836 103.746307373047 103.297790527344
72.7182312011719 73.2809906005859 -3.4e+38 73.7153854370117 74.5423736572266 74.9609146118164 75.8320159912109 -3.4e+38 -3.4e+38 78.6037139892578 79.0525054931641 80.639274597168 81.2169570922852 82.3242950439453 83.7017517089844 85.1195983886719 85.9393157958984 86.9079284667969 87.6429977416992 88.728271484375 90.275634765625 91.4894027709961 93.1878051757812 94.5374526977539 95.9439086914062 96.8715667724609 97.5281066894531 97.385368347168 97.8070449829102 98.8420028686523 99.3289566040039 99.1811294555664 99.540641784668 100.52702331543 101.176277160645 101.451034545898 101.974151611328 102.099159240723 102.063972473145 102.980163574219 103.601661682129 103.453224182129 103.480834960938 103.737358093262 103.534721374512 104.363578796387 104.22208404541 104.004364013672 103.569229125977
71.8904418945312 72.466064453125 72.6448516845703 72.912483215332 73.707275390625 74.1240386962891 74.6736755371094 -3.4e+38 -3.4e+38 77.3438186645508 78.2786636352539 79.8898315429688 80.5889129638672 81.4061584472656 82.834846496582 84.3951797485352 84.9841690063477 85.9825744628906 86.9263763427734 88.1384658813477 89.2734375 90.8720474243164 92.6355438232422 93.7724151611328 94.7737884521484 96.6049880981445 97.3777389526367 97.4677963256836 97.6860122680664 98.4619293212891 -3.4e+38 99.3927764892578 99.756721496582 100.082588195801 100.74235534668 101.556167602539 101.914993286133 101.951667785645 101.777076721191 102.255767822266 103.441917419434 103.659881591797 103.85669708252 103.872375488281 103.831047058105 104.786682128906 104.434112548828 104.306770324707 103.970336914062
71.1324081420898 71.6813354492188 71.9453353881836 72.3853073120117 72.9014053344727 73.285285949707 73.8638458251953 74.2597045898438 74.9983673095703 75.9500885009766 77.0176239013672 79.1040954589844 80.0548629760742 80.9423828125 82.1600036621094 83.1701354980469 84.4524612426758 85.4995422363281 86.5761566162109 87.3821334838867 88.4076690673828 90.2495040893555 92.2420120239258 92.9966506958008 93.774299621582 95.6751251220703 96.8897018432617 97.5316009521484 97.8194885253906 97.8994750976562 98.7987670898438 99.7830581665039 99.8804779052734 99.8081130981445 100.727958679199 -3.4e+38 101.632362365723 101.779014587402 101.825141906738 102.058006286621 103.024238586426 103.887802124023 104.182914733887 104.014144897461 103.859100341797 104.822120666504 105.060928344727 104.517196655273 104.299041748047
70.7266235351562 71.0186996459961 71.0380477905273 71.8359909057617 71.9657592773438 72.2498626708984 73.050666809082 73.5337905883789 74.4331436157227 74.9514541625977 75.6217422485352 78.3451385498047 79.373046875 80.0118865966797 81.0654830932617 81.9286575317383 83.6552429199219 84.9939270019531 86.0640640258789 86.5511474609375 87.6222152709961 89.2891311645508 91.685661315918 92.2305450439453 93.1704559326172 94.596549987793 96.3708572387695 97.3250961303711 97.6716842651367 97.7601318359375 98.4694976806641 99.7028121948242 99.7058563232422 100.138641357422 100.761787414551 101.75732421875 101.711135864258 101.735870361328 101.800773620605 102.239471435547 102.995796203613 104.073509216309 104.029678344727 104.11841583252 104.100486755371 104.638374328613 105.408172607422 104.704971313477 104.613525390625
70.201789855957 70.3551788330078 70.5512390136719 71.0284271240234 71.3252563476562 71.7398147583008 72.2234420776367 72.7358322143555 73.6050720214844 74.2323837280273 75.0174179077148 77.3209991455078 78.6105880737305 79.4230651855469 80.4175415039062 81.4405899047852 82.8295822143555 84.5364837646484 85.2429733276367 86.1124954223633 87.0270767211914 88.3811950683594 91.0570526123047 91.7543869018555 92.72216796875 94.0506286621094 96.0640029907227 96.8537750244141 97.3235168457031 98.1096649169922 98.6245651245117 99.3950729370117 99.6473617553711 100.385330200195 100.704566955566 101.570190429688 101.865547180176 102.05534362793 101.90641784668 102.28874206543 103.022819519043 104.128227233887 104.00513458252 103.971046447754 104.174263000488 104.516479492188 105.554908752441 105.269958496094 105.032829284668
70.1756820678711 69.5624084472656 70.2454223632812 70.2493591308594 70.6113739013672 71.1663208007812 71.6688079833984 72.4324417114258 72.805419921875 73.5178604125977 74.3813552856445 76.3787307739258 77.9640274047852 79.0859603881836 79.9480972290039 81.0800399780273 82.0184783935547 83.4037780761719 84.5374755859375 85.7104263305664 86.5223693847656 88.0032501220703 90.5050964355469 91.3119506835938 92.1834106445312 93.7516784667969 95.5954971313477 96.2950057983398 97.047492980957 97.9422302246094 98.3773956298828 99.0917129516602 99.9607696533203 100.190521240234 100.449638366699 101.12816619873 101.956802368164 102.232597351074 102.079208374023 102.015609741211 102.753524780273 103.967948913574 104.065788269043 104.096328735352 104.33179473877 104.932838439941 105.967063903809 105.943626403809 105.666091918945
70.2047576904297 69.0901641845703 69.2658767700195 69.0391540527344 69.5828323364258 70.1131591796875 71.2980194091797 72.1771774291992 72.3271636962891 72.9591979980469 73.7014007568359 75.7762222290039 77.282600402832 78.6478042602539 79.6416091918945 80.619987487793 81.4219970703125 82.3789672851562 84.1871643066406 85.21240234375 86.2678375244141 87.3611221313477 90.1085968017578 90.7783660888672 91.8912200927734 93.0547103881836 94.5734558105469 95.9805679321289 96.5725784301758 97.3335266113281 98.014045715332 99.0494613647461 100.192886352539 100.028617858887 100.427604675293 101.099296569824 102.117645263672 102.050468444824 102.119583129883 102.104736328125 102.860076904297 104.103355407715 104.312828063965 104.537261962891 104.64427947998 105.346549987793 106.324882507324 106.094261169434 105.926086425781
69.3130111694336 68.7963790893555 68.5103454589844 68.21240234375 68.6614303588867 69.17431640625 70.483512878418 71.5746841430664 71.6130142211914 72.4898834228516 73.2953796386719 75.4611511230469 76.7554321289062 78.4637756347656 79.4236679077148 80.3025054931641 80.9586715698242 82.1542434692383 83.9268493652344 84.9640655517578 85.8552398681641 86.6620254516602 89.9155502319336 90.7124557495117 91.4403762817383 92.3090133666992 93.8736114501953 95.6204833984375 96.232292175293 97.0603942871094 97.8746337890625 98.9540481567383 99.9823455810547 100.463821411133 100.697242736816 101.123146057129 102.144897460938 102.125663757324 102.318412780762 102.526123046875 103.282775878906 104.397262573242 104.37767791748 104.596939086914 104.71443939209 105.222618103027 106.447082519531 106.28084564209 -3.4e+38
68.0314025878906 67.1122817993164 67.2323608398438 67.3583755493164 -3.4e+38 68.2029190063477 69.4915390014648 70.9212875366211 70.1937103271484 71.6161651611328 72.9013595581055 74.7403335571289 76.0287322998047 77.5915679931641 78.4523010253906 79.6059417724609 80.5099258422852 81.5145568847656 83.0609817504883 84.0593414306641 85.0884323120117 86.1068267822266 89.277702331543 90.1154708862305 91.1131439208984 91.7649307250977 92.8527297973633 94.8318786621094 95.820182800293 96.5254974365234 97.1731643676758 98.5552749633789 100.316757202148 100.497940063477 100.909614562988 101.475883483887 102.401306152344 102.566307067871 102.759231567383 102.852195739746 -3.4e+38 104.517593383789 104.511764526367 104.640426635742 104.556663513184 105.302490234375 106.32356262207 106.251052856445 106.333015441895
67.9599151611328 66.9909744262695 66.9150085449219 -3.4e+38 -3.4e+38 -3.4e+38 69.1069412231445 70.1632461547852 69.9381561279297 71.1544189453125 72.7673950195312 74.5813140869141 75.6443176269531 77.1005401611328 78.4185104370117 79.3728179931641 80.3158874511719 81.5737228393555 83.1197128295898 84.1291732788086 85.1289825439453 86.0516891479492 89.006103515625 89.8172988891602 90.8808822631836 91.7684783935547 92.7531509399414 94.3547210693359 95.2519378662109 96.3039398193359 97.0124130249023 98.0608139038086 99.903678894043 100.81120300293 101.16480255127 -3.4e+38 102.634605407715 102.63395690918 -3.4e+38 103.067276000977 103.826530456543 -3.4e+38 105.004371643066 105.1171875 105.020843505859 105.563430786133 106.675224304199 106.525321960449 106.803504943848
