rcp4.5models/GFDL_CM3/sc1gr9.20
NCOLS 261 
NROWS 433 
XLLCORNER 336357.134 
YLLCORNER 654653.479 
CELLSIZE 1000 
NODATA_value -3.4e+38 
[rows 330 to 351 of 433, columns 98 to 146 of 261]
792.564208984375 671.157104492188 615.441467285156 592.955261230469 580.862915039062 596.316467285156 567.106140136719 514.327392578125 488.217132568359 494.724426269531 499.552825927734 500.176025390625 745.618469238281 1075.03002929688 -3.4e+38 -3.4e+38 1465.01928710938 1087.19018554688 1374.02502441406 1812.40759277344 -3.4e+38 -3.4e+38 1707.70385742188 1577.29443359375 1538.45495605469 1503.20385742188 1031.59313964844 403.326690673828 399.255523681641 616.899536132812 881.501037597656 694.054748535156 425.666198730469 422.731964111328 759.692321777344 1087.12561035156 786.175354003906 892.759582519531 1098.90466308594 943.05419921875 605.826782226562 371.775543212891 348.453948974609 338.833892822266 337.812713623047 341.914459228516 342.724243164062 340.531524658203 470.982238769531
861.336242675781 743.88623046875 635.2802734375 574.46533203125 547.351684570312 565.890808105469 556.510925292969 523.379211425781 494.604675292969 467.605895996094 453.550964355469 454.660614013672 477.619995117188 483.157470703125 1784.94775390625 -3.4e+38 1779.82348632812 1502.79138183594 1377.86791992188 1390.03405761719 1344.33618164062 1706.22717285156 1666.44946289062 1636.00927734375 1567.59387207031 1500.20422363281 1039.73669433594 436.787078857422 401.704803466797 394.057952880859 405.948791503906 406.599151611328 399.532318115234 407.488525390625 589.855407714844 844.444946289062 665.748901367188 553.228820800781 756.832763671875 723.411926269531 603.69921875 381.24267578125 357.390747070312 341.966857910156 337.1162109375 338.339019775391 339.946533203125 338.920074462891 667.68994140625
895.563659667969 841.543212890625 750.202880859375 610.431213378906 551.970947265625 543.332702636719 543.725708007812 538.148010253906 511.730163574219 459.889495849609 432.762176513672 449.918792724609 493.056640625 785.515991210938 1784.56335449219 1881.49401855469 -3.4e+38 -3.4e+38 1708.70532226562 1408.92004394531 1283.32360839844 1561.89489746094 1581.93322753906 1632.70385742188 1590.10180664062 1480.84838867188 1046.92858886719 475.027709960938 437.887176513672 386.59375 370.596710205078 386.8828125 396.035217285156 407.942810058594 420.864685058594 736.008056640625 899.483337402344 407.248046875 389.503875732422 380.400390625 379.254150390625 365.137664794922 351.297149658203 341.365325927734 338.366088867188 337.739318847656 337.482788085938 340.404418945312 673.224487304688
871.472839355469 873.2890625 807.741333007812 606.16650390625 557.648681640625 539.813049316406 538.875610351562 540.74267578125 519.941223144531 478.089447021484 466.907012939453 497.712249755859 806.8837890625 1411.01013183594 -3.4e+38 -3.4e+38 -3.4e+38 -3.4e+38 1674.54370117188 1626.75024414062 1577.68872070312 1546.26782226562 1529.1318359375 1538.65319824219 1535.61315917969 1479.51745605469 1236.64660644531 949.013916015625 735.83447265625 429.087799072266 391.101531982422 387.311981201172 410.427520751953 423.974182128906 422.939910888672 567.234191894531 800.914611816406 400.963989257812 379.796508789062 362.809875488281 353.092834472656 349.275451660156 344.442626953125 341.224212646484 339.996887207031 339.45849609375 339.557159423828 346.595733642578 456.874053955078
809.748229980469 839.877685546875 799.546081542969 579.803894042969 547.441467285156 542.411437988281 540.28955078125 535.916259765625 509.529174804688 465.919555664062 460.223999023438 489.678344726562 752.150329589844 1081.81750488281 1098.16455078125 1840.62133789062 -3.4e+38 -3.4e+38 1683.41735839844 1611.19384765625 1575.66650390625 1543.35266113281 1514.75793457031 1483.85375976562 1474.19140625 1473.56652832031 1409.07836914062 1350.48120117188 1137.07885742188 898.674377441406 695.433532714844 418.516632080078 427.494079589844 436.182220458984 426.887817382812 412.233551025391 554.978454589844 386.087310791016 363.729309082031 353.437744140625 347.335052490234 344.880249023438 344.321960449219 343.188507080078 341.582702636719 340.933776855469 341.001068115234 345.131805419922 368.819000244141
708.659301757812 753.195495605469 768.708068847656 665.227722167969 595.769165039062 556.371032714844 548.550659179688 524.422302246094 483.482360839844 439.510864257812 433.684783935547 455.231323242188 464.671691894531 484.58837890625 1085.0546875 1798.25988769531 1751.90185546875 1699.7412109375 1646.05395507812 1581.19189453125 1555.44970703125 1536.41003417969 1507.86486816406 1470.90734863281 1244.71765136719 952.41455078125 1389.76782226562 1338.8916015625 1302.37036132812 1280.84448242188 1078.73120117188 696.142944335938 436.950561523438 422.497161865234 420.674072265625 412.405792236328 397.070434570312 374.073669433594 356.256591796875 349.45166015625 347.096313476562 345.420471191406 345.028900146484 344.504638671875 343.4990234375 342.922485351562 342.095489501953 341.407196044922 353.794189453125
729.595825195312 769.050964355469 824.48291015625 837.979797363281 811.2490234375 743.923034667969 624.726379394531 559.068664550781 518.025756835938 462.802856445312 466.448211669922 475.229034423828 490.217712402344 508.110046386719 741.959350585938 1019.89965820312 775.919311523438 440.073028564453 432.067291259766 682.969116210938 985.733154296875 1200.40319824219 1479.85534667969 1454.48022460938 1239.009765625 748.607360839844 627.026611328125 886.530090332031 1055.05358886719 1254.96154785156 1214.63513183594 1226.76782226562 1063.68334960938 674.132263183594 413.171539306641 398.924072265625 380.873748779297 356.729156494141 354.174224853516 351.488494873047 350.028350830078 349.473327636719 349.020477294922 348.076904296875 347.407775878906 347.050079345703 354.467712402344 364.985717773438 423.224670410156
826.534545898438 850.224365234375 868.9560546875 864.095275878906 851.290710449219 800.603942871094 691.41015625 601.297912597656 535.634033203125 484.013153076172 478.417266845703 472.109619140625 480.709991455078 493.805816650391 474.808746337891 465.324981689453 455.525115966797 429.163757324219 412.617156982422 455.870697021484 730.144104003906 1211.51013183594 1253.435546875 1161.01770019531 1416.59533691406 1007.009765625 429.566925048828 447.602874755859 622.508605957031 1021.13751220703 1250.56628417969 1226.62243652344 1208.60009765625 1060.23889160156 824.48779296875 657.00537109375 402.900939941406 358.662475585938 356.492767333984 354.267578125 352.230010986328 351.714141845703 353.475769042969 363.245422363281 366.369415283203 362.911071777344 410.218688964844 468.501190185547 478.474822998047
869.152282714844 849.318054199219 842.481628417969 847.379333496094 846.735717773438 827.828002929688 769.044250488281 663.822631835938 554.402221679688 809.776733398438 869.099975585938 495.946166992188 490.687133789062 491.482177734375 457.4375 428.180694580078 429.464263916016 424.592864990234 415.990264892578 453.021362304688 702.073120117188 962.369812011719 766.80029296875 692.980834960938 1134.44519042969 1007.29248046875 412.886993408203 407.461273193359 423.213806152344 603.365966796875 841.276916503906 833.834594726562 820.884521484375 816.362182617188 810.155822753906 653.302856445312 414.372497558594 366.654449462891 357.720703125 355.8564453125 355.662292480469 355.417358398438 421.310821533203 593.667907714844 581.28662109375 420.030364990234 505.712951660156 549.307250976562 510.783721923828
877.980224609375 815.98046875 776.320495605469 804.518310546875 841.237854003906 845.5 827.340454101562 753.712463378906 648.716735839844 842.998107910156 868.716735839844 855.110168457031 1171.51782226562 1132.29577636719 1146.99487304688 784.757507324219 447.921783447266 441.059204101562 437.820617675781 440.536346435547 454.879364013672 459.094757080078 481.095733642578 501.877044677734 676.063171386719 727.440246582031 415.199279785156 391.336120605469 395.422149658203 415.604095458984 445.694671630859 465.136566162109 456.619873046875 445.306457519531 431.870239257812 415.773895263672 405.387329101562 378.290588378906 381.014221191406 383.549346923828 367.703582763672 434.599945068359 585.049743652344 778.973876953125 748.730407714844 507.785034179688 650.903625488281 544.08837890625 538.514343261719
873.561157226562 808.877258300781 746.260864257812 773.954895019531 838.955139160156 846.918395996094 839.495910644531 808.331420898438 751.995178222656 701.68212890625 652.352111816406 870.577880859375 1123.07104492188 1097.42443847656 1769.35461425781 1161.72180175781 742.485412597656 1039.78723144531 1020.11614990234 771.134643554688 679.590698242188 949.2275390625 949.114379882812 766.613220214844 488.55126953125 465.323913574219 414.404083251953 395.933929443359 395.076873779297 575.880187988281 839.208740234375 694.154113769531 459.930419921875 444.993133544922 581.846008300781 772.440490722656 618.803955078125 670.964721679688 593.973083496094 522.552124023438 396.232788085938 509.462188720703 679.772338867188 650.848937988281 555.546447753906 503.03662109375 651.147521972656 549.312744140625 540.124694824219
876.851013183594 815.311767578125 747.218200683594 742.827941894531 804.982849121094 842.946655273438 837.840209960938 821.428344726562 794.371520996094 773.000183105469 732.036560058594 664.982055664062 616.079223632812 599.242614746094 1445.36572265625 1473.59069824219 1330.94482421875 1641.83068847656 1630.91455078125 1400.65930175781 1307.09411621094 1494.13977050781 1423.80285644531 1216.60107421875 750.846740722656 465.703186035156 428.36474609375 586.869506835938 649.275329589844 598.422912597656 951.132873535156 978.759155273438 748.101928710938 713.477294921875 840.6484375 1019.17846679688 867.876159667969 908.298461914062 802.36328125 697.788513183594 577.386169433594 615.291687011719 685.270874023438 657.22314453125 608.087280273438 527.402648925781 577.405700683594 572.008422851562 538.985534667969
873.618835449219 813.483764648438 750.282287597656 721.70947265625 772.665405273438 831.213928222656 836.383850097656 826.621215820312 810.990417480469 791.454711914062 758.628295898438 714.98291015625 673.560485839844 641.252319335938 855.849914550781 1386.88269042969 1694.857421875 1700.00964355469 1688.49255371094 1444.28955078125 1338.27685546875 1359.68786621094 1196.49194335938 1449.03088378906 1205.93395996094 894.538269042969 863.546508789062 982.598022460938 1032.67651367188 804.218505859375 920.133728027344 1087.23046875 1055.3232421875 999.11083984375 954.678894042969 928.204223632812 921.118835449219 872.451110839844 833.207702636719 786.898193359375 756.278991699219 731.258483886719 694.569274902344 709.195617675781 739.15576171875 616.718322753906 602.796508789062 588.330322265625 559.021484375
860.425109863281 829.102478027344 806.927001953125 727.607543945312 755.668029785156 802.148010253906 829.081481933594 811.942321777344 794.222106933594 777.718994140625 761.111389160156 735.389465332031 694.267517089844 655.973266601562 614.619384765625 836.407958984375 1374.73645019531 1650.83947753906 1615.51953125 1159.64367675781 809.339904785156 894.001647949219 789.068725585938 1243.30505371094 1468.06665039062 1369.73315429688 1280.04895019531 1225.78747558594 1193.80358886719 1150.17248535156 1136.7783203125 1119.09362792969 1085.75402832031 1037.90405273438 969.235168457031 922.489685058594 905.805480957031 870.802978515625 838.420471191406 809.961791992188 777.493896484375 745.032043457031 705.237243652344 671.947021484375 659.964965820312 635.714538574219 615.204772949219 599.522521972656 568.687622070312
864.6396484375 850.065307617188 849.926635742188 728.771789550781 758.009582519531 807.877746582031 819.270202636719 803.128051757812 785.9541015625 759.699096679688 753.173400878906 752.978698730469 723.979614257812 692.82861328125 664.443298339844 632.059936523438 1044.7109375 1615.26977539062 1600.20190429688 1341.01123046875 1079.54760742188 877.669067382812 614.285583496094 822.658508300781 1066.0107421875 1015.55401611328 1295.12390136719 1245.95581054688 1251.19213867188 1121.15405273438 1024.65698242188 1181.6455078125 1078.89331054688 1040.4345703125 981.259704589844 935.63671875 898.306457519531 846.180541992188 837.244445800781 809.192138671875 780.773742675781 748.991760253906 719.518127441406 692.059997558594 666.467224121094 642.723876953125 623.674011230469 611.423767089844 565.658386230469
871.3857421875 856.940856933594 828.063720703125 726.088012695312 779.310424804688 833.938171386719 824.440307617188 815.495910644531 805.795654296875 786.922058105469 780.85986328125 781.513916015625 765.682922363281 751.6142578125 723.878112792969 678.540283203125 842.677612304688 1108.25402832031 1105.12756347656 1259.76672363281 1498.32946777344 1296.27502441406 1039.45703125 1032.42687988281 851.640625 629.870544433594 947.622375488281 920.328369140625 946.7646484375 840.644470214844 761.212646484375 922.295471191406 838.218322753906 817.156005859375 921.726440429688 1036.78674316406 916.50390625 842.956909179688 833.14990234375 807.263122558594 780.773742675781 750.803588867188 722.465026855469 696.785888671875 672.645080566406 649.378479003906 628.937561035156 613.704406738281 553.075317382812
838.572814941406 860.490600585938 799.169982910156 721.580383300781 752.720458984375 783.538940429688 800.111083984375 793.814514160156 766.635498046875 776.902221679688 780.437438964844 758.362915039062 757.548583984375 765.698791503906 753.177001953125 724.434692382812 698.99658203125 687.771667480469 667.632385253906 824.104736328125 1046.7138671875 1032.59631347656 1006.36267089844 989.291137695312 837.095825195312 643.83837890625 636.118103027344 632.451293945312 627.788818359375 623.706298828125 619.615539550781 615.108276367188 609.244384765625 605.382446289062 727.840209960938 973.121765136719 937.214721679688 855.015197753906 780.130432128906 690.94677734375 -3.4e+38 834.724243164062 716.526123046875 691.515625 667.501708984375 631.880920410156 588.386291503906 585.801879882812 543.950805664062
774.016235351562 825.798156738281 786.942077636719 773.491577148438 753.736389160156 734.882507324219 747.123901367188 743.0849609375 732.710388183594 740.010864257812 748.222290039062 750.083679199219 754.844421386719 763.693542480469 756.297729492188 749.6396484375 739.680725097656 721.257263183594 697.418823242188 677.956420898438 661.322265625 630.2978515625 603.399108886719 611.307800292969 637.481628417969 645.933715820312 641.572937011719 637.088500976562 631.777404785156 626.901672363281 621.208557128906 615.469787597656 748.465087890625 808.4873046875 604.180297851562 718.311462402344 773.116333007812 717.943359375 658.449035644531 618.724914550781 758.347778320312 880.208618164062 858.090942382812 777.686218261719 659.463256835938 624.564147949219 582.56396484375 575.281188964844 553.265808105469
723.835205078125 721.444641113281 778.506713867188 839.107421875 829.875549316406 810.8818359375 803.471435546875 793.299926757812 774.919372558594 773.3466796875 785.989013671875 789.237243652344 770.429382324219 741.01611328125 745.734741210938 745.605102539062 738.366271972656 728.782470703125 722.234558105469 706.130249023438 671.868408203125 637.126037597656 931.899108886719 1328.26818847656 1156.86169433594 955.368469238281 926.778747558594 798.6748046875 631.874572753906 628.596740722656 624.304382324219 618.664306640625 613.843200683594 677.5810546875 705.295349121094 657.384460449219 731.08544921875 690.708374023438 739.776916503906 673.84375 -3.4e+38 -3.4e+38 571.365356445312 586.081970214844 621.413452148438 625.251098632812 596.787292480469 571.087158203125 538.672119140625
722.64404296875 718.117919921875 741.740905761719 834.743957519531 801.01025390625 762.361877441406 786.714660644531 809.220520019531 790.405090332031 778.424743652344 782.183349609375 783.86083984375 760.928955078125 734.973754882812 736.111633300781 731.359558105469 721.439758300781 708.960998535156 691.110473632812 679.225341796875 663.204406738281 638.744567871094 923.27490234375 1307.42504882812 1280.88024902344 1249.72192382812 1190.26892089844 941.181701660156 625.447631835938 627.970947265625 624.260864257812 619.527221679688 615.4248046875 610.579162597656 606.882202148438 656.915832519531 774.890319824219 689.429321289062 770.625671386719 753.968322753906 847.527954101562 -3.4e+38 572.583557128906 567.8330078125 576.587463378906 591.190063476562 632.340148925781 654.454650878906 532.969543457031
728.172302246094 715.019226074219 710.338684082031 793.892028808594 770.989501953125 741.521789550781 772.767517089844 787.414245605469 765.397644042969 761.366516113281 777.254943847656 779.865966796875 769.660461425781 754.134826660156 696.65576171875 686.266296386719 695.80419921875 667.865356445312 635.690612792969 832.293823242188 1050.86376953125 991.227600097656 1116.54052734375 1287.85412597656 1266.845703125 1235.31884765625 1177.31311035156 1040.59790039062 772.569702148438 627.620300292969 623.323364257812 619.512084960938 616.003051757812 611.771728515625 608.65869140625 717.278442382812 813.067932128906 595.473876953125 654.650573730469 712.473266601562 732.841857910156 765.632995605469 -3.4e+38 582.962524414062 595.167785644531 581.1728515625 630.824584960938 711.897827148438 525.513244628906
741.855041503906 728.522888183594 718.552490234375 739.037841796875 773.360961914062 793.574096679688 796.594604492188 783.092041015625 759.911865234375 739.213745117188 754.944885253906 775.057678222656 767.903564453125 752.003723144531 711.352355957031 687.005798339844 690.960510253906 663.18212890625 635.905700683594 819.471130371094 1170.20983886719 1298.77966308594 1270.84875488281 1270.50036621094 1249.50134277344 1221.70812988281 1146.4443359375 1136.35827636719 912.10986328125 627.880920410156 624.173034667969 619.769409179688 616.0166015625 612.977111816406 610.143920898438 714.741577148438 763.533874511719 629.210144042969 701.339904785156 702.845581054688 724.53271484375 779.533935546875 -3.4e+38 -3.4e+38 -3.4e+38 598.996643066406 582.08642578125 619.789489746094 524.478393554688
