rcp4.5models/GFDL_CM3/sc1gr2.11
NCOLS 261 
NROWS 433 
XLLCORNER 336357.134 
YLLCORNER 654653.479 
CELLSIZE 1000 
NODATA_value -3.4e+38 
[rows 154 to 175 of 433, columns 147 to 195 of 261]
350.337005615234 349.7939453125 349.587615966797 349.861297607422 349.399658203125 348.721405029297 348.043884277344 348.059661865234 348.387145996094 349.090423583984 348.929656982422 348.933441162109 349.705169677734 348.893280029297 347.393493652344 348.474914550781 349.904510498047 349.591613769531 349.484161376953 352.278259277344 -3.4e+38 350.870880126953 354.032104492188 354.713989257812 354.961364746094 354.316619873047 354.326538085938 354.336212158203 354.501403808594 354.796508789062 354.647979736328 354.372467041016 354.380920410156 354.760589599609 355.404907226562 355.412445068359 355.419769287109 355.426879882812 355.433776855469 355.4404296875 -3.4e+38 355.453186035156 355.459228515625 355.465087890625 355.470764160156 355.481506347656 355.486602783203 355.269287109375 354.758422851562
350.253997802734 349.662292480469 349.111907958984 349.437683105469 349.31982421875 348.722137451172 348.044982910156 348.060852050781 -3.4e+38 348.535125732422 348.410308837891 348.775054931641 350.150421142578 349.195190429688 347.827819824219 349.518127441406 350.204467773438 350.070556640625 -3.4e+38 351.647338867188 350.474884033203 351.764801025391 354.439147949219 354.932891845703 354.964172363281 354.319305419922 354.329284667969 354.339019775391 354.348480224609 354.357696533203 354.36669921875 354.375427246094 354.383941650391 355.119812011719 355.408020019531 355.415588378906 355.422943115234 355.222137451172 355.084106445312 355.443695068359 355.450164794922 355.456451416016 355.462554931641 355.468414306641 355.474090576172 355.484893798828 355.489990234375 355.104705810547 354.499633789062
349.385955810547 349.271453857422 348.811218261719 348.438751220703 348.625915527344 348.551788330078 347.661010742188 348.06201171875 348.077728271484 348.093170166016 348.108306884766 349.155181884766 350.152130126953 349.555938720703 348.760589599609 350.075714111328 350.57958984375 350.402862548828 351.267242431641 -3.4e+38 349.416290283203 353.31103515625 354.100555419922 354.278442382812 355.158782958984 354.878662109375 354.694946289062 354.341766357422 354.351287841797 354.360565185547 354.369598388672 354.378387451172 354.386901855469 355.046691894531 355.411102294922 355.213500976562 -3.4e+38 354.709777832031 354.603057861328 354.884674072266 354.890655517578 355.108734130859 355.4658203125 355.471710205078 355.477416992188 355.269622802734 354.926177978516 354.762084960938 354.503021240234
348.945098876953 349.130249023438 349.067626953125 347.827941894531 347.762359619141 348.030426025391 347.356048583984 348.063140869141 347.905090332031 347.538391113281 347.729522705078 349.636627197266 350.709289550781 350.400115966797 350.062072753906 350.714385986328 350.689422607422 350.923553466797 351.381622314453 350.948760986328 350.748352050781 353.419982910156 354.141265869141 354.163970947266 354.949645996094 355.324615478516 355.180358886719 354.9013671875 354.519439697266 353.805999755859 354.012847900391 354.381286621094 354.389862060547 354.768524169922 355.414154052734 355.260833740234 -3.4e+38 354.436401367188 354.443359375 354.450103759766 354.456634521484 354.62744140625 355.118621826172 355.474975585938 355.480712890625 355.324401855469 355.0634765625 355.069152832031 355.074615478516
348.945434570312 348.928436279297 348.766693115234 348.081756591797 347.150360107422 347.338623046875 347.185211181641 347.681030273438 347.593505859375 346.365173339844 346.491821289062 349.425262451172 350.401916503906 351.025756835938 350.883148193359 350.870269775391 350.538879394531 351.406677246094 350.316619873047 349.030181884766 352.669464111328 353.459655761719 353.928924560547 354.306091308594 354.469696044922 354.771118164062 354.781036376953 354.790679931641 354.292999267578 353.3662109375 353.730163574219 354.583068847656 354.750885009766 354.771148681641 355.2138671875 355.069671630859 355.065216064453 354.439514160156 354.446502685547 354.453277587891 354.459838867188 354.466156005859 354.849884033203 355.478240966797 355.483978271484 355.494812011719 355.499969482422 355.504943847656 355.509704589844
348.945709228516 348.662750244141 348.115173339844 348.002532958984 347.015625 347.032440185547 347.048980712891 347.203460693359 347.247497558594 346.337738037109 346.124786376953 348.942443847656 350.176605224609 351.350616455078 351.559631347656 351.234649658203 351.468017578125 -3.4e+38 350.314392089844 350.211517333984 353.262756347656 353.61181640625 353.815155029297 353.943328857422 354.319305419922 354.329772949219 354.146728515625 353.793670654297 353.647399902344 353.5654296875 354.092254638672 354.743316650391 355.037719726562 354.571868896484 354.701110839844 354.588684082031 354.714202880859 354.442626953125 354.449615478516 354.456420898438 354.463012695312 354.469360351562 354.640258789062 354.917907714844 355.137634277344 355.281036376953 354.937072753906 354.941314697266 354.945373535156
348.388366699219 348.273345947266 347.81298828125 347.307464599609 347.186676025391 347.417999267578 346.877746582031 346.510711669922 346.353088378906 346.022552490234 346.605895996094 348.406585693359 350.301788330078 350.941711425781 -3.4e+38 -3.4e+38 351.841827392578 -3.4e+38 352.199340820312 352.955841064453 353.264923095703 353.613983154297 353.959381103516 353.463256835938 353.95751953125 354.140350341797 353.825592041016 353.714447021484 353.557403564453 353.888427734375 353.824188232422 354.188720703125 354.682891845703 354.415252685547 354.423217773438 354.430938720703 354.438415527344 354.445709228516 354.452728271484 354.459533691406 354.466156005859 354.472534179688 354.690460205078 354.8349609375 354.656066894531 354.769561767578 354.506500244141 354.511474609375 354.516265869141
346.856689453125 347.796478271484 347.325653076172 347.383087158203 347.744873046875 347.248504638672 346.910247802734 345.623077392578 345.291320800781 345.666259765625 347.623626708984 350.163787841797 351.161529541016 351.176055908203 -3.4e+38 -3.4e+38 351.217803955078 351.561309814453 352.575988769531 353.256805419922 353.269195556641 353.431518554688 354.304595947266 354.126251220703 353.962646484375 354.145843505859 353.830902099609 353.874603271484 353.656433105469 353.377227783203 353.740081787109 354.197845458984 354.204376220703 354.421112060547 354.429138183594 354.436920166016 354.444458007812 354.451782226562 354.458862304688 354.465728759766 354.472381591797 354.478790283203 354.485015869141 354.490997314453 354.496795654297 354.776947021484 354.512969970703 354.517944335938 354.522766113281
346.380157470703 347.274322509766 347.117706298828 347.784423828125 348.573486328125 348.281707763672 347.124542236328 346.242126464844 346.708160400391 347.26025390625 348.185913085938 350.468383789062 351.162994384766 -3.4e+38 -3.4e+38 -3.4e+38 351.773132324219 351.933959960938 352.577911376953 353.258850097656 353.271301269531 353.283477783203 353.752899169922 353.611663818359 353.291870117188 353.268432617188 -3.4e+38 353.843780517578 353.731262207031 353.379913330078 353.546142578125 353.684631347656 353.565246582031 354.423980712891 354.432037353516 354.439880371094 354.447448730469 354.454803466797 354.4619140625 354.468811035156 354.475463867188 354.481903076172 354.488128662109 354.494140625 354.499938964844 354.510955810547 354.516143798828 354.521148681641 354.525970458984
346.247344970703 346.964874267578 347.152099609375 347.828308105469 348.634246826172 348.8984375 348.330871582031 347.872039794922 348.474578857422 348.961853027344 349.130981445312 350.846008300781 351.164459228516 -3.4e+38 -3.4e+38 -3.4e+38 352.221405029297 352.23486328125 352.396240234375 352.892028808594 353.273406982422 353.28564453125 353.309204101562 353.131378173828 352.62451171875 352.687164306641 353.352844238281 353.324981689453 353.301452636719 353.382598876953 353.588043212891 353.759857177734 353.608062744141 354.426879882812 354.636199951172 354.798309326172 354.450408935547 354.457794189453 354.464935302734 354.471832275391 354.478515625 354.484985351562 354.4912109375 354.497253417969 354.503082275391 354.164733886719 354.519317626953 354.524322509766 354.529144287109
345.859222412109 346.796722412109 346.901580810547 347.831512451172 347.772125244141 348.482147216797 348.499603271484 348.689849853516 349.261322021484 349.657287597656 349.814819335938 351.150787353516 351.165863037109 -3.4e+38 -3.4e+38 352.209320068359 352.223175048828 352.236724853516 352.249938964844 352.596252441406 353.275482177734 353.287780761719 353.311492919922 353.170501708984 352.697814941406 352.689422607422 353.163513183594 352.656219482422 352.725006103516 353.580078125 353.910980224609 353.887634277344 354.324462890625 -3.4e+38 354.953765869141 354.727935791016 354.453369140625 354.460754394531 354.467926025391 354.268615722656 354.12890625 354.488037109375 354.494293212891 354.500335693359 354.506195068359 354.24658203125 354.5224609375 354.527496337891 354.532318115234
345.382080078125 346.443359375 346.809906005859 347.310607910156 347.32763671875 348.037231445312 347.882202148438 348.003723144531 349.402587890625 350.104675292969 350.120788574219 351.152099609375 351.167297363281 351.182159423828 351.342315673828 351.839050292969 352.224945068359 352.238555908203 352.435211181641 352.966644287109 353.277557373047 353.289916992188 353.125915527344 352.960754394531 352.993591308594 352.691680908203 353.011901855469 352.3681640625 352.727325439453 353.738647460938 354.045074462891 353.760467529297 354.573455810547 355.233032226562 354.724304199219 354.448638916016 354.456298828125 354.463714599609 354.470886230469 354.315551757812 354.207000732422 354.491088867188 354.497344970703 354.50341796875 354.50927734375 354.520324707031 354.525573730469 354.530609130859 354.535461425781
345.248382568359 346.268798828125 346.983795166016 346.83203125 346.774200439453 347.483917236328 347.190216064453 347.144805908203 348.850463867188 349.552642822266 349.744659423828 350.778045654297 351.168701171875 351.183654785156 351.198303222656 351.539642333984 352.226654052734 352.240386962891 352.402252197266 352.714416503906 352.727111816406 352.739501953125 352.799072265625 353.032989501953 353.185668945312 352.866333007812 352.843841552734 352.732177734375 352.729644775391 353.740966796875 354.048065185547 -3.4e+38 354.418243408203 354.720306396484 -3.4e+38 354.451507568359 354.661468505859 354.821166992188 354.473846435547 354.480834960938 354.487579345703 354.494079589844 354.500396728516 354.506469726562 354.512329101562 354.5234375 354.528686523438 354.533721923828 354.53857421875
345.248657226562 346.269195556641 346.814605712891 346.311370849609 346.329040527344 346.523376464844 345.773956298828 347.079315185547 348.404724121094 349.106658935547 349.440765380859 350.475555419922 350.992034912109 350.811859130859 351.199859619141 351.360809326172 351.676391601562 351.872406005859 352.255645751953 352.268798828125 352.281646728516 352.108459472656 352.470123291016 352.965576171875 353.341156005859 353.198394775391 353.070434570312 353.21826171875 353.092651367188 353.743316650391 -3.4e+38 354.123931884766 354.420989990234 354.438201904297 354.446411132812 -3.4e+38 354.622650146484 354.548095703125 353.918792724609 354.130279541016 354.490539550781 354.4970703125 354.503387451172 354.300231933594 353.953979492188 354.526489257812 354.53173828125 354.536804199219 354.541656494141
345.248901367188 346.26953125 346.339447021484 345.065155029297 345.434265136719 344.791412353516 344.783966064453 347.766784667969 348.405792236328 349.107635498047 349.441986083984 350.299743652344 350.475006103516 350.510589599609 351.201416015625 351.215942382812 351.411407470703 351.943695068359 352.257537841797 352.270782470703 352.283660888672 352.145629882812 352.320495605469 352.484680175781 352.980072021484 353.354553222656 353.365295410156 353.567596435547 353.74658203125 353.745635986328 -3.4e+38 354.055938720703 354.423706054688 354.441009521484 354.449249267578 354.457244873047 354.464965820312 354.108978271484 353.683258056641 354.002258300781 354.140411376953 354.500061035156 354.506378173828 354.348724365234 353.869567871094 354.529541015625 354.534790039062 354.539855957031 354.544738769531
345.635559082031 346.101043701172 345.681610107422 343.969940185547 343.605682373047 342.622802734375 343.339599609375 346.763580322266 347.854522705078 348.906036376953 349.819580078125 349.980072021484 349.799133300781 350.512115478516 351.202972412109 351.217559814453 351.560424804688 352.245788574219 352.259429931641 352.272705078125 352.285705566406 352.298370361328 352.322723388672 352.334442138672 352.687927246094 353.356964111328 353.177062988281 353.171936035156 353.679779052734 353.747924804688 354.251342773438 353.933288574219 353.872039794922 354.443786621094 354.452056884766 354.259918212891 354.112548828125 354.112335205078 353.847137451172 354.327850341797 354.217132568359 354.503021240234 354.509338378906 354.515472412109 354.357330322266 354.532562255859 354.537811279297 354.542877197266 354.547760009766
345.3916015625 345.580230712891 345.541076660156 344.248413085938 342.751983642578 340.451812744141 340.994781494141 345.497222900391 347.959838867188 348.945251464844 349.574493408203 349.462982177734 349.496795654297 350.334930419922 350.832794189453 351.219177246094 351.381042480469 351.878356933594 -3.4e+38 352.274658203125 352.287719726562 352.300445556641 352.324951171875 352.336730957031 352.501373291016 352.807220458984 352.853942871094 353.088256835938 353.390991210938 353.557037353516 353.857208251953 353.709106445312 353.429138183594 354.248657226562 353.899597167969 353.747436523438 353.630920410156 353.962646484375 354.203826904297 354.288787841797 354.146057128906 354.505950927734 354.512298583984 354.518432617188 354.524353027344 354.324462890625 354.190551757812 354.5458984375 354.55078125
344.559997558594 345.101409912109 345.294097900391 344.695098876953 343.296691894531 341.762512207031 342.763061523438 345.710632324219 348.408813476562 349.110412597656 349.127166748047 349.336761474609 349.871368408203 350.19091796875 350.531677246094 351.220794677734 351.235229492188 351.397613525391 351.894897460938 352.276611328125 -3.4e+38 352.302520751953 352.3271484375 352.338989257812 -3.4e+38 352.361724853516 352.527008056641 353.022064208984 353.201507568359 352.850708007812 353.053955078125 353.422668457031 353.431823730469 -3.4e+38 353.457611083984 353.465698242188 353.673919677734 354.197998046875 354.488372802734 354.130493164062 353.664306640625 353.950531005859 354.162719726562 354.521392822266 354.527313232422 354.023162841797 354.059143066406 353.986083984375 353.990264892578
344.249572753906 344.965026855469 344.984405517578 344.865447998047 343.751068115234 343.074920654297 345.783233642578 346.77587890625 348.235748291016 348.734893798828 349.3037109375 349.482299804688 350.176788330078 350.192321777344 350.533233642578 351.222412109375 351.236938476562 351.251129150391 351.596466064453 352.278533935547 352.291748046875 -3.4e+38 352.329376220703 352.528717041016 352.904174804688 352.915649414062 352.73681640625 352.731506347656 353.048828125 352.598754882812 353.125244140625 353.425323486328 353.434509277344 -3.4e+38 353.460388183594 353.468475341797 353.836456298828 354.282897949219 353.934783935547 353.982879638672 353.858703613281 353.716735839844 354.033569335938 353.965087890625 353.970428466797 353.915893554688 354.170928955078 353.551879882812 353.556762695312
344.634124755859 345.134063720703 345.334594726562 344.964019775391 344.366088867188 343.567291259766 345.821899414062 347.014953613281 347.605529785156 347.372131347656 349.273498535156 349.484954833984 350.179412841797 -3.4e+38 351.210540771484 351.225616455078 351.240325927734 351.254699707031 351.268707275391 351.432159423828 351.745666503906 351.758605957031 352.333801269531 352.345794677734 352.357482910156 352.711395263672 353.225555419922 352.942047119141 352.916931152344 352.859313964844 353.061828613281 353.430603027344 353.792114257812 -3.4e+38 353.822448730469 353.633453369141 353.767120361328 353.489532470703 353.496887207031 353.504028320312 353.672515869141 353.798034667969 353.52392578125 353.530090332031 353.536041259766 353.711273193359 354.201568603516 354.181884765625 353.562622070312
345.113250732422 345.654235839844 345.368347167969 344.451934814453 345.364135742188 345.112243652344 345.719299316406 347.462921142578 347.986206054688 348.193389892578 349.306671142578 349.859252929688 350.180725097656 350.342681884766 350.662384033203 350.677581787109 350.6923828125 350.888214111328 351.270568847656 351.284332275391 351.297760009766 351.310852050781 352.335998535156 352.348083496094 352.359832763672 352.525085449219 352.831512451172 353.032196044922 353.248168945312 352.773529052734 352.772827148438 353.433227539062 -3.4e+38 -3.4e+38 353.756011962891 353.476776123047 353.484680175781 353.492340087891 353.499694824219 353.5068359375 353.513732910156 353.520385742188 353.526794433594 353.532958984375 353.538940429688 353.758819580078 354.280517578125 354.185485839844 353.565521240234
345.249816894531 345.964447021484 345.537780761719 344.865051269531 345.885406494141 346.280700683594 346.207183837891 347.528778076172 347.863433837891 348.739593505859 349.275817871094 349.793029785156 350.004425048828 349.826873779297 350.213562011719 350.228820800781 350.243713378906 350.588195800781 351.272430419922 351.286285400391 351.299774169922 351.312927246094 352.338195800781 352.350341796875 352.362121582031 352.373626708984 352.384765625 352.740417480469 353.406127929688 353.260406494141 353.13427734375 353.435821533203 353.445129394531 -3.4e+38 -3.4e+38 353.479522705078 353.487457275391 353.4951171875 353.502502441406 353.509643554688 353.516540527344 353.523223876953 353.529632568359 353.535827636719 353.747955322266 -3.4e+38 -3.4e+38 -3.4e+38 353.779571533203
