rcp4.5models/GFDL_CM3/sc1gr8.2
NCOLS 261 
NROWS 433 
XLLCORNER 336357.134 
YLLCORNER 654653.479 
CELLSIZE 1000 
NODATA_value -9999 
[rows 264 to 285 of 433, columns 150 to 199 of 261]
233.90808911968 238.378822113961 213.156324281238 160.60631999675 135.552482640119 129.644918004096 117.59818329956 110.181443339531 104.819699856052 103.028102185694 101.632061106176 100.627816131201 100.901773659545 101.399721495958 100.633931702936 100.710118173354 101.416671065359 101.839685434944 99.6640882026952 100.971237240203 -9999 -9999 -9999 100.351521500993 101.327762556835 102.348047137032 104.258159992629 105.95947730736 105.888858993325 104.131636638583 102.278955436485 102.95174907439 102.621665308864 100.850174077762 100.052263345871 105.514931888398 111.203778362087 101.881267831916 101.591861614466 101.273766258217 100.84649573325 100.108279337463 101.05233102413 102.492551040051 103.184348627062 103.778730125979 104.596702918292 104.204589688531 103.556689278888 103.925494196276
243.006093939144 243.365264518464 244.916863605789 211.143141077487 159.129743252339 134.241762427764 123.356724524902 112.800961277582 104.42692362725 102.37026228515 100.675674670247 99.8015622129573 100.365285812571 100.11918122087 99.1242861822148 99.80398151704 101.131652186348 100.039893607847 99.0774089333091 98.8154229207983 98.3144292920567 -9999 98.5601567871077 98.6805136003524 100.323419385277 101.936759667374 103.709443194438 105.499309368108 104.725365833479 103.729567719162 102.051408410188 102.129602816377 101.189503230954 99.254544598457 103.09796512946 120.630610909645 128.015246622729 105.73988073268 100.179202897009 99.7888546497449 99.3036963565864 99.1184244035397 99.5887525801646 100.980907424098 102.144917932638 102.610766953631 102.727463969083 103.146787028874 103.779132261335 102.846606449329
237.24403492025 233.753703170893 243.197833023073 245.284819469834 207.954467200264 146.204401120413 127.251349590842 120.70470225888 101.504051916594 99.5326930830466 98.2975785345202 97.7973233386909 97.3895704743898 95.6742959324374 95.5349874911143 95.1018757348932 95.1045596149113 96.0295022626688 97.033951316417 97.133262542432 97.3574163847331 -9999 96.5663284906412 98.867769975486 100.161743051741 101.586307200905 101.605889958267 101.77281915469 103.248519516603 102.692402745232 98.582380545054 97.8399595512352 97.499733146522 98.3451742067127 97.7829273443949 108.244965839049 134.062149041819 128.527482535436 103.978604573732 99.3067842000008 100.265029731768 98.5826874562777 98.1040462101233 99.3076592874529 100.304789704808 99.9387123828333 98.9485755205704 98.7643995174237 99.3419718466531 99.0668677250186
222.889300550391 199.295657924011 230.772586117165 243.267010247738 243.441843832114 195.247954610608 148.634989607048 128.257576509368 100.571201513889 98.4258338259909 97.0153797283716 95.9346319104775 95.1876611300662 94.5624708524048 94.6172452423648 93.799323813201 94.279910654496 94.4770816633855 95.9967568172248 96.4415540679613 96.862923008066 94.4887948154484 -9999 97.6787426183686 98.1428559544401 99.0061569817013 99.1900530216878 100.804688683369 101.747332843053 101.060329426218 98.3611970976165 97.3935204812705 96.8248473009538 97.9628384980181 97.1094140739976 106.963232212329 135.387652431134 136.912359366802 108.5369262073 99.2065583991453 99.4683621236781 97.3875441969132 97.6403426508437 99.0063077752536 100.920430273208 99.7801755052142 98.1562810724925 97.274357799814 97.4672062912565 97.1091199437949
217.670303945765 190.384597683578 225.480392053841 229.802242712272 249.72347556196 245.140987193123 199.228404310566 139.584405930227 100.157909510865 97.4076814166824 -9999 94.2283926188721 93.8673844306914 101.171934506706 108.867360705036 93.5399428643405 93.8940027862435 95.0549027567189 96.7396663643423 95.7014189585117 96.0841005974997 94.0290012727597 -9999 94.8633063761198 95.1816888066403 96.4615422399227 97.0271235676075 99.0155562046688 99.937607794992 99.5164586366097 97.5350515187252 96.3080217479489 96.0492030819468 97.2954601174269 96.2009460210732 100.322463762418 114.803658532541 117.690933548879 103.962034603199 98.2066617639428 96.6692946571174 96.505908633077 96.9275331137536 97.9786846892267 99.660617056376 98.5969944005921 97.0748152334838 96.5400778484778 97.0051996844039 96.5627302455378
230.21827671943 225.44209536742 232.342094035435 226.828887423894 233.171623104673 249.977268728887 236.851011292429 153.473006241255 100.158176001949 96.4552953382223 94.012212488004 93.1496062421916 94.7006088099904 105.53006840428 110.888417580028 92.196926315983 93.3272096289373 97.1956918910362 96.5819160975695 94.7269094667443 94.4116119622655 92.724644106111 91.8075831226546 92.7755671004256 96.611348410181 100.509865418016 96.6456109542015 96.442106859052 98.3015567256952 98.5684487670811 96.2935563096522 96.1651791174577 95.739466060071 96.5215520512349 96.2402992773144 95.7875456534781 96.929666351855 98.2183484384595 98.4779178332088 97.2859832248221 96.4212661255373 96.5891603432424 96.0645899307128 97.1479424107351 97.6295225797499 97.1931964443594 96.6342426517425 96.9597828887877 97.3977952745975 96.2177064699326
241.833967512116 246.457667186707 252.988423245383 252.840740259144 239.330056188733 244.109495881293 249.582421995529 176.130859832652 99.264313539098 95.9052696415747 92.9084767530518 91.8523846030134 92.821942619846 97.4488520859873 97.0980746819184 91.5279087965908 92.5490403558943 95.6367923774062 94.3946300719443 92.4412278998122 92.0040782515361 91.7089943377372 91.1004938138002 91.6137541854196 96.4017112222799 100.712368329631 97.51177574218 95.4111407191985 97.7321606406969 97.2311062164899 96.5003761188251 96.6892054184928 95.9224142764478 95.8382248400883 95.5684248173924 94.9534682151557 94.7530920185598 97.4383349270136 99.1656464249344 97.9894033471416 96.9140303968343 96.0467985189246 95.7993700191661 97.2663891478576 97.0032597154397 95.9072888893982 95.9603485690793 96.6252278173291 96.3978087558443 95.0790169411025
248.229552818761 254.216100101068 277.23186478574 287.0129728489 276.111544861644 270.188746701385 244.065444410998 157.72388253849 98.718034923363 95.2325315465877 91.8647140551648 -9999 89.3081493894539 95.982661542484 103.773314492967 90.6165773023769 90.5058889753792 91.4511072739935 90.9165204975471 89.5088132865241 89.6432359863809 90.6337570977701 89.7888313738462 90.0755040327866 91.2000179995623 93.1617553164158 96.0322246004533 95.5164035940461 96.4862637991869 95.6914363455658 96.3381623717963 96.9274230706026 95.470926493697 94.2030931008731 93.6155407649441 93.5565828753478 94.3174626708055 97.1440819348819 98.4915664576792 96.8879420728222 95.6950990254512 94.9051428250825 95.5179113785821 96.2620073444069 95.6217616508114 94.436647060852 95.0729737821842 95.5336069021319 95.4127711501356 94.2660789388042
261.561511109609 270.837200384734 296.001394152728 305.925882080827 298.177483706843 269.14929386494 197.252511181099 125.294438823094 99.5366411909245 93.2309963483674 90.3875190703882 88.6138294257554 87.5177687118455 96.1681877860642 105.931428883397 88.0271456018734 87.5389187284355 87.6176482971041 86.8147039362372 86.6472143355144 87.2880732978022 88.4685402307146 88.6683608996672 88.8078230603655 88.2949792142085 89.1902816233321 91.5210945018305 92.8294153699611 93.6975321418258 93.6471695060646 95.0442733545979 96.9332243686658 94.7171580321065 93.1227506222659 92.3376291102096 92.2148122950834 93.6253039008232 95.9078608075194 97.1316572344572 96.892368710899 95.9283409483036 95.1526273933935 95.2783873134787 94.9985748951967 93.9235028910608 94.1928563748497 94.9176480528695 95.1949794448285 96.1129454445759 93.4588742779943
286.725307681942 293.62543695426 306.965367174049 314.456228697068 294.732519341944 228.36749470697 147.173972753025 112.873341661899 95.7471868880981 90.7937519699802 88.6034722930579 86.7684230574744 85.8470176984725 88.8728078839956 -9999 -9999 -9999 -9999 84.3274484173441 84.910086970633 85.6891903735464 87.4212800363966 89.0272553572269 88.4492490588863 88.7010795771293 88.6280700133096 89.0755017243767 89.1000030275301 90.2339632663096 91.0044676073861 94.3173416636314 96.7431878368859 95.5799467966261 94.4086973156681 93.3287607386558 91.8073155838605 92.6855252634763 95.0901041893247 99.0267563404924 106.190185885056 107.166110073728 97.5330923003208 95.7957435368746 94.4026440732379 93.1182846514815 94.4755012126914 94.5288353751309 93.9672717619974 93.5692905514323 92.4622765186572
308.550692970222 308.507419938398 303.219013082415 304.680691583544 282.524690206997 192.02198508333 121.327715174852 102.165675940972 91.522597056434 89.1172440900624 87.0150251192688 85.3373775258191 84.4019673372662 84.4456632965431 85.3643072230305 84.8395934124249 83.3293455941993 83.8676759430006 84.1284377741381 83.8581680918406 84.7391509074066 86.5428503834993 88.7316070653163 88.2730436410554 89.0345265260234 89.9579478877117 90.3432546595987 88.576589038824 87.7487250237233 89.0584420041527 94.6835134212187 98.2998347573717 96.6290799738869 95.2878897533606 93.611841869827 91.5284254794926 91.9417422722338 94.3054642940724 99.7848447685332 110.404778314182 109.328584464061 99.1091654981771 94.9672858718604 93.0870144872466 93.1842302936313 94.5479980297261 92.9571388846587 91.9443444807256 90.9370104832897 93.1538770954684
307.578733143602 316.197263810262 295.178099409881 282.466393115402 276.987300300554 190.761547750789 122.599254106035 104.685873609968 92.0546013739262 89.3912065582476 85.71681150918 83.6442893557675 82.7247332467227 82.6829004644656 84.6579547133414 86.7690015437045 85.1448651075277 84.621794994089 85.4572365335935 83.3182406010912 83.6147109526168 85.2585252873037 87.7806868073507 88.2344945846174 87.9961756483069 89.4066953590895 90.2017540716193 89.8098420037806 87.6953189463013 87.8675888672021 93.4203080859069 97.462580128987 95.4364764205751 93.242600411687 91.5423184712807 91.0299688091 91.5798153929201 92.2380004208115 96.7913095635806 104.315998302312 101.916361058225 96.4172201426391 92.4656733428101 91.919534128468 92.7927111703806 93.1660377963017 91.1492556901989 90.1177913086656 90.1733565483452 92.3451159603443
290.402833272794 301.480431416355 273.57075300253 264.470957502281 290.470391992904 252.210018352266 169.857783127583 153.741876843031 136.169919865935 152.906906296915 85.9688095053267 82.0955651410268 81.3749028334049 81.2350008642119 83.303444924764 86.2911160525931 84.9412997716121 84.3072779390063 85.3669464970119 83.9125243049385 82.881761629925 83.9411544766014 86.4285576327671 87.6455442192427 87.2924838800271 88.1492597085926 89.6223258744685 91.3080871906719 88.1644960546338 86.7355623288909 91.4408421396913 97.8660720531826 102.555227593331 93.2978590732656 90.2157143439801 91.6988789433568 91.7865005238392 90.9150183637176 92.8547294133868 98.2479936280264 100.607872133829 94.040381774243 91.4536050309516 91.8567029898898 91.3682254031852 90.8994624140926 89.9446001959096 89.0816672346154 89.4309241774714 90.0815698734507
281.037863951376 272.244416623852 249.449073315966 249.400569846868 284.440647681169 304.917939981316 266.14987243965 241.844296696241 171.318945998178 196.784119303815 89.6336590762922 81.372880321928 80.2633376569463 79.8431819242645 80.6091845598793 82.2520447235526 -9999 82.0510999780782 83.2096016840274 82.9822053802988 82.3025951092871 82.7322494893119 85.1977876851049 87.2491488733659 87.6659531782648 88.0556787066823 88.5710777338938 88.9545935906349 87.1685739958496 86.3076295948868 90.6901649418679 96.1704445505122 99.728759506807 93.0684117177862 93.746446513201 92.8356462648566 92.1450784268839 90.4059354735346 90.5231882274129 93.787197393988 98.4948826535809 97.5276585379152 91.9362486378532 91.971429249879 90.5156654797665 88.8248766714478 88.5832288803807 88.7469848149955 89.3871269564527 89.1796203331005
255.955015377918 247.438798602742 241.306267203276 236.381148378868 238.424544698908 238.512392585872 235.719120005082 263.255984336532 256.847982360658 162.082767441933 90.1032351132614 80.688056840992 78.7647455372819 78.7361271770406 78.6503012322023 78.1751390967401 78.3252388884416 78.4526506414861 78.8010351326551 80.3243819592519 80.6365218487605 81.100000343851 82.2366096302075 84.7758827415752 87.0728465153457 87.5892800742193 87.524217185165 86.7346883987143 87.2855622106722 87.189114173432 88.2992457333957 93.2741230615772 89.6208041426638 91.7407134926809 96.7936649168565 93.318031963719 91.0550784941355 88.8553470762284 88.6875855462425 89.7444858249349 92.9445985558118 106.994691469074 132.661040482789 119.750361605772 92.1470712143311 88.4325861164463 87.8645410746733 89.1993256139023 89.2720212561686 89.7722179581954
276.522473757047 267.512692034936 255.576717314532 241.52377616099 239.944771674809 241.848540720176 245.483770882717 256.945475392788 268.250526819331 125.259249006301 88.9076584331288 81.0744368960881 78.5809008139729 77.9883203562433 77.5251305371507 77.0185592202385 77.2500947142146 -9999 77.8635715687529 78.469700192235 79.3594396726141 81.1064737799835 82.8218502787838 83.8093026354163 85.7242728754813 87.3717744657061 88.6486985811868 89.3450991127305 91.0917809735504 91.0914141609908 86.2557833506599 91.5046387796134 90.1584240581194 89.9908829233657 93.2714387044658 97.6925471222866 95.3135382512775 88.6383647145534 88.5431379344252 89.8389720072247 92.2228844930157 103.518331736473 133.137812380494 121.437285572436 90.4926604498352 87.756438005885 89.4625494852234 93.1924926149139 88.411638364829 90.584258165735
309.727425294982 283.61224464601 260.381814652687 245.443898254942 245.126977771308 238.059213283045 244.069369465466 240.892628611087 260.680438882833 115.362684154069 89.6265879767275 81.5605017032404 78.6465736816389 77.1041765361677 76.6311384023384 77.4132893036975 77.2348630001946 -9999 77.5861282067889 78.6596726481018 79.6170043805214 80.6143891712412 81.4915928506349 82.5956044166334 84.3804044043134 87.3648457199034 89.1667701581623 91.3385834535515 92.9226197800731 91.3761590101442 84.061248673702 88.9028128802814 92.9632544569287 91.8624388818205 93.6884944441553 96.1388040045455 94.2945293355865 87.5186481749925 87.8908260354544 89.8285711845443 91.4525597227264 98.0260786610167 131.520760136775 120.885220425799 90.0165012941914 86.9443851198859 89.1658383775628 92.4679316225347 88.0909001756228 89.7986379976639
327.436096398283 302.144126498655 264.8411457331 255.589330981645 266.101000337531 226.883871192192 225.957890009104 216.699175288666 278.819851653845 142.529938421504 93.8982713063485 82.1255101996097 79.0219968786171 77.0193422034952 76.171279563048 76.676636114727 76.5180077289315 76.5640206782457 77.0324470136324 78.5009945689299 78.3691265967708 78.0574623844944 78.3983003966264 81.2254308721264 84.3923253253748 87.0470163897641 88.1253384440334 90.1718318731443 90.5579355904822 88.700277694939 83.2509772075064 86.624005267642 91.7579205219197 91.4901355790719 91.0773059407898 88.6489637100527 87.9356724944396 86.4853704956519 86.7623822460982 88.9204387079437 91.3527860463855 97.7538252358847 124.367977107057 119.714168696981 90.2554018284293 86.6120401870458 88.6126555295856 88.8944673562825 92.5491758346058 98.9589725504098
332.027936686138 308.875538515775 259.500779749813 276.201255124476 294.970914817512 227.570209369164 225.95154022864 223.244676116952 289.22664451813 168.916100537888 117.081137470006 83.833217715 79.7750305642086 77.0131767912132 75.6398865960169 75.1259688611408 75.0924631712182 75.1382091039782 75.6429508790023 76.3429889923212 79.7916813427911 85.4334643804081 79.1131935134952 78.7148531265654 84.1820126515133 87.8259844822113 84.8243254250441 87.2690502158608 89.2757594649467 87.1198601839576 83.1401575414784 83.8966933308176 87.5729974037699 89.862418567898 89.6898804389112 86.926930845516 87.7606941135297 87.2841336062696 86.2408067485226 87.5420411327059 97.2325456501881 117.331566994058 115.741432508492 104.284853806097 87.8849690494203 86.2961722341645 89.0313311284081 95.3345146993843 107.789179989968 110.803851604841
323.137616134886 284.724538597786 255.111685905696 305.222146523423 312.204973513114 235.94084567891 230.121294560415 238.004157432776 270.239071312329 201.123324340516 164.400503643585 88.2669062913545 80.2240138374707 76.730836979576 75.2006545060213 74.1928341507995 74.3944783113233 -9999 -9999 74.8186803495949 79.1560820661716 85.3853504331677 79.2892872480831 77.4522530386975 80.1968684159832 83.8888572194143 83.5794784043686 87.4303201569859 88.1257824910701 86.0915025517463 83.3341460679199 83.3387969343722 88.4524563680128 94.1980224612769 88.1426109082046 86.8136523873617 88.2341330852821 88.3902956086006 86.7235778857442 86.5863560515515 102.114058747914 131.250197852931 104.397044293235 97.0604041401031 90.3008911198829 85.6895099003189 91.1461837463346 104.990568470666 112.688356918991 111.776741566457
312.519818319028 271.545376939595 274.690755201095 333.666264329081 318.362494516353 238.925635804998 233.581279543661 263.441962534338 261.190925442192 254.507700416447 196.115894632699 93.2169209783435 80.5102566550651 76.4267011829971 74.892839618804 79.3460806271636 87.7511131242382 79.4402460980086 73.3230604036002 73.3120524919834 74.3062073773701 75.6421734866817 76.9089004460612 77.5642528724803 -9999 78.7456123438748 82.6379060758569 86.8572564495605 87.7547129834819 86.3768322916291 84.3456338036007 83.0782508200808 89.9138444699861 101.140632752929 89.376380275632 87.1339360329139 88.7984175657655 89.1888346983684 86.7390370140046 85.743659403842 96.7414434704836 114.93513084027 98.7052419109592 109.049592909625 103.266107923538 86.6267213102721 94.9050733906541 109.520321074862 112.603139209821 113.165329843742
307.203898118503 270.793632842428 290.241356562383 341.108083967408 307.017188739445 242.047113845339 242.35511561532 286.250243628852 299.407832732398 286.012703102815 239.546993557603 118.988818527143 81.1971960600538 76.6952754511518 74.5860954031403 80.9224593966456 92.9654019241002 83.2066120228143 74.7756296635906 -9999 73.5716930284339 74.7729361765958 77.0305779914271 77.722115109134 76.807007232292 -9999 80.4053944506765 85.6457866495981 92.4978672394278 87.8277032385844 86.7600731892666 83.3261452425543 86.223846916247 96.5842210047529 92.1566201149421 87.505342650881 91.401546622549 93.1802374805735 87.3152599697395 85.8082715575154 89.4989286505933 94.6925332460954 99.8808708727214 115.566221576866 108.718441688915 89.1034774887485 98.4545994080254 105.654279049349 113.097533810783 113.541061902426
