rcp4.5models/GFDL_CM3/sc1gr1.1
NCOLS 261 
NROWS 433 
XLLCORNER 336357.134 
YLLCORNER 654653.479 
CELLSIZE 1000 
NODATA_value -9999 
[rows 88 to 109 of 433, columns 50 to 99 of 261]
-9999 -9999 -9999 -9999 -9999 -9999 -9999 -9999 -9999 56.6322364807129 -9999 56.4227532463916 56.7905874506466 57.249041747813 57.5983748867721 57.2217050125814 57.2438579437367 57.5650960863402 57.6637981657724 58.0411890955057 57.7891122695719 57.78591717238 58.1730374322768 57.9142238065426 58.2675643760703 58.2481335991494 58.6727398023792 58.8626045058875 59.3439993180934 59.7272647516877 59.0416955873406 -9999 59.1523232712436 59.3963489131096 59.6841282045438 59.7949111671329 59.7489335285476 59.609903639696 59.6154787870195 60.0194112091228 60.0572958587188 60.4558044566671 60.1489289956849 60.3930019414074 60.4366535629612 60.6403651960333 60.3224380933206 60.3401331731585 59.9616706044381 60.8412029858883
-9999 -9999 -9999 -9999 -9999 -9999 -9999 -9999 -9999 56.6922845876564 56.5045648931727 56.5884700408438 56.9219778937937 57.569852081467 57.7355928139274 57.3490499293337 56.9408465293861 57.9317309231428 57.8912581728098 58.3187977539197 57.9081045320786 57.8140965666752 58.1101014904435 58.2465500086843 58.4668032641391 58.3340600071827 58.8832318436413 58.6727568511835 59.2372521523453 59.1983525989633 59.114482102922 59.2097599600202 59.4126364257197 59.1976273803866 59.6907677510244 60.0184830740586 59.971856572808 59.4885225594592 59.726637780373 59.9593016448877 60.00973547297 60.4053947280997 60.3208805264702 60.4636987352743 60.3471357255433 60.2687917292229 59.9788160517674 60.7354616650046 60.5245676820385 61.2659098455246
-9999 -9999 -9999 -9999 -9999 -9999 -9999 -9999 -9999 56.4390201256356 56.6144456890417 56.7520326008984 57.1215649982825 57.7818102238704 57.9350994825729 57.1637696115352 56.9349315311056 57.782004510171 58.0363096050127 57.9911439777718 57.709360685756 57.9742359603217 58.2002925221226 58.5567306546438 58.3845327296092 58.5625828649827 58.5952072715242 58.6480431659034 59.3065659141096 58.9226424508681 59.169437222438 59.5519723474992 59.5177964790649 59.7113738862483 59.8265974592741 60.0549482091938 59.9319858087643 59.5403305306087 59.6020224539545 60.2870444756711 60.4788352538985 60.132448283855 60.3001329426886 60.2105069773974 60.7256983400857 60.3518432243793 60.0348679885364 61.005673737116 60.5896146907088 60.6585278572156
-9999 -9999 -9999 -9999 -9999 -9999 -9999 -9999 56.916288277738 56.6679496408786 56.8976939710576 57.1937919539738 57.8165946012581 57.5243676660468 57.0712606646669 57.292315247499 57.8175032644165 58.5711493583669 58.0289111984017 57.7086422032527 57.9829682497118 58.2326742563812 58.5118030115519 58.8149632383258 59.1909345901741 58.8833912436134 58.2766760161961 59.132420011877 59.0341047124296 59.4394357181877 59.1961252740227 59.2411317034479 59.4731332344415 59.546987029585 59.8492161238654 59.9441465072894 60.1248855277244 60.1867629983162 59.9107120945912 59.8338971826439 60.3714525605984 60.6365964603248 60.3109848978955 60.542199017437 60.24226121994 61.034178517571 61.1266128677734 60.6803574142563 60.6862958953006 60.9455612874995
-9999 -9999 -9999 -9999 -9999 -9999 -9999 56.7275676062533 57.0222237591751 56.9003130030967 57.1448924324417 57.4633052992509 57.5743545922636 57.5956765078768 57.2953352066656 57.3024708017811 57.7427544657367 58.5103679082481 57.6830266134427 57.9139299225146 58.1632584565318 58.38888557847 58.7989154278452 59.099698243237 59.0959432632752 58.3948797520546 58.3833163573624 58.9674208478527 59.3631661531468 59.7310298295284 59.2909694331348 59.3247312809922 59.8447487659719 59.9894482300234 60.2560912699899 60.1131373181881 60.4421564525314 60.4333443194181 60.167248887836 59.9016108780195 60.6208607400196 60.4838936135747 60.5459625623107 60.715505773113 60.4726234080108 60.8598188331991 61.0174493894787 60.7161109330954 60.851354188755 60.5920044810142
-9999 -9999 -9999 -9999 56.2046186910899 56.5093318000578 56.7770104218956 -9999 56.9484642583153 57.0422260565869 56.8899350573682 57.3046112349288 57.5737741396594 57.402850445052 57.4926287353872 57.8557814185518 -9999 -9999 58.1489979423228 58.0956042511691 58.4272367035977 58.7588171484207 58.4165236396045 -9999 58.3988589015629 58.3873943993858 58.6823494441326 59.0568568039534 59.0952316715571 59.3742957085694 59.2679504935113 59.3792128189356 60.0129013905021 60.0594654884854 60.2185738798754 60.0072033039269 60.4021164529551 60.3042248908691 60.2358715979363 60.0683532007971 60.7710620353558 60.5662236510923 60.3735973384561 60.9547287018719 60.9915470293543 60.6699865403774 60.6195359285429 60.6275754973781 61.4172970373281 60.7288857428561
-9999 -9999 -9999 56.4371702484194 -9999 56.8016878319225 56.7995704406898 57.0725954386252 57.0343513717291 56.7969743530586 56.811352594963 57.1711072950061 57.3440052710506 57.4221135002063 57.4357380181168 58.1388829061921 58.1785200366847 58.1661520956776 58.4374104062621 58.6864063842198 58.5776966269766 58.9540800445607 58.1504633552657 -9999 -9999 58.9484971107096 59.0278218936506 59.0090738977334 58.9489611121737 59.3261138778011 59.4007565102727 59.7404699155986 60.1202857203123 59.8244440380348 60.0595746071786 60.377201429743 60.0154508616822 60.3536124121247 60.3808942704951 60.3641167714437 60.6997875487535 60.5000015531297 60.7370467652064 61.2058603789948 61.309520519975 60.5641315446464 60.9220543680544 60.5970939786074 61.2759979752367 61.1112903176659
-9999 -9999 -9999 56.3157774767565 56.7440329676331 57.0790024596395 57.0635805077874 56.989737663095 56.8030598821538 56.7986224236004 57.1176138002696 57.2200604265286 57.3498601787819 57.7476355352151 57.895492645374 58.008565598634 58.3575031325461 58.1291978716736 58.7349005412156 58.7063421839685 58.0729871425018 58.5533157621536 58.5431287612077 58.420455545189 58.6893603353014 -9999 59.5051665941798 59.0246117733113 59.2182334540314 59.4623889578289 59.9083526630004 59.9613110180159 60.3026146040642 59.7077654981453 59.7655820843263 60.2560484482014 60.4306740043362 60.3190575835503 60.7429470298611 60.7768997893836 60.7423779644502 60.5588450450611 60.778384905041 60.9223188131147 61.529469046778 60.5605748683094 60.7798227421825 60.7458947709396 61.0680513553799 61.2967952197461
56.5732231140137 56.3477577272057 56.108049016634 56.5422419682569 56.998640833574 57.2748220880601 56.8782946321131 56.707453470542 56.7478769486233 56.9562501218115 57.0756389982632 57.4110504285063 57.2974217959054 57.6999152835788 57.935876793624 57.8912243307904 58.2954008435551 58.1935855538975 58.4213341665011 58.0795364285445 58.2080764422527 58.4703310124829 58.7894082385231 58.9708160206193 58.8780930106037 59.140674992803 59.2674820969643 59.2579928750107 59.4459855313617 59.8786492380267 60.1538420770737 59.648554835385 60.4275329522707 59.903520729538 60.0236049068448 60.40095872393 60.7631429274562 60.7374993933445 61.0383049350996 61.097263072857 60.956790224776 60.9763861736073 60.8634390006472 60.8092563499154 61.3139254177966 60.6368920758891 60.6567496830225 61.1335132333208 61.3762865965736 61.3005855208122
56.3524096762772 56.1749849544745 56.4360027333582 56.9606602821236 57.261417507551 57.1080790663837 56.5698204775325 56.7301744093018 56.8869547929657 56.9046027502449 57.3501258881901 57.5993131210612 57.4276363081512 57.8606868435123 58.0393043684909 58.0915413485784 58.2538213013454 58.2424478400309 57.9705535187572 58.4844910740084 58.6362218578449 58.7821058242663 59.1246885032346 59.0499063063723 59.1718211595782 59.1701362761445 58.8227425603471 59.156933608313 60.0874640209903 60.0479232467243 59.6875144453692 59.5611796816543 60.2086062403733 60.1507813320486 60.3593168313682 60.5560899199656 60.5601595666328 60.9437742694972 60.7155442400898 60.5081081105902 60.9053611244939 61.1701588588058 61.2550005301339 60.9606194697022 60.8172115149321 60.8524384625638 60.9002358243987 61.046633529039 61.3358751724926 61.0450296380862
56.1638331717723 56.4068133765416 56.8897928599424 56.8680282414777 57.3231638787189 57.0328002607609 56.7015248020274 56.8953148457761 57.222075290927 57.1012967935998 57.6025476597115 57.764406922149 57.7766379176468 58.0149574436907 58.0040396239375 58.2944274652139 58.5312637889606 58.2978346919989 58.8743553754758 58.5536031531903 58.8047194443491 58.6455891514767 59.4791854766081 59.5273151738129 59.4889906612255 58.9458457115851 58.9020789573168 59.1663913924336 59.9333941454121 60.0970784444992 59.7443487724414 59.7846457408464 60.0313246306714 60.0795239300409 60.4482221021701 60.8727011125989 60.5964983227075 60.7847489480119 60.6022178359016 60.2899843356738 61.0998931014431 61.2876971164776 61.1671339430958 60.8679989570906 60.9208389319999 60.9076409764099 61.0493491673208 61.440427799693 61.3663426046006 61.0974249899108
56.3618071841939 56.9357246124468 57.2003208902666 57.2652978739488 57.1197944615666 56.5323393912468 56.9053694183832 57.1190559255243 57.2353296219442 57.4723065867563 57.4413611958337 57.5905156345594 57.9440479110342 57.9350529432847 58.1258887579546 58.1266687948726 58.2685298424572 58.5924358523234 59.1552508287104 59.1500070400057 58.9328770258799 58.6281083450344 59.0503982652541 59.2178703350902 59.3598052082604 59.3670200967439 59.5462497991737 59.4123709922768 59.610104604336 59.9202388961575 59.7005645834617 59.9320116387032 60.2074218838805 60.3718119776209 60.3387610809096 60.7004345085946 60.4197508211935 60.3650324087544 60.8181859032342 60.746626639148 61.1223238354795 61.45820295157 60.8336953786264 60.937456218057 61.3507203958543 61.1392599901291 61.2167433903824 61.533924601562 61.3520394990524 61.1353885992282
56.7573632868458 57.1031872559139 57.3917603780172 57.1555431673947 56.5418442867308 56.5608479015608 57.1331649198966 57.0892241267863 57.3665282711622 57.4263995823144 57.4134939363695 57.8401029939379 58.3070596225606 58.007386292207 58.0352687090603 58.3645392620733 58.5983767548211 58.9759556215641 58.8705899503231 59.1368450946406 59.1414121194573 59.0319432357509 58.9638407624318 59.0593574030372 59.3998737119937 59.7152715967929 60.0565284249686 59.6433320968798 59.7541136784518 60.0186984356557 59.8923338071776 60.1564300214746 60.5353160690954 60.5168706798869 60.5211585331847 60.4884376795171 60.6211814996894 60.621900579078 61.0082630279364 61.2526513490379 60.9445536202801 61.7953055498348 60.9657800630663 60.9476543551529 61.2556413044724 61.3161244135862 61.1492830741391 61.2442581914058 61.3742730618845 61.4847459121066
57.0551011341171 57.1814618658489 57.2136140298057 56.5530917965989 56.6288173225675 57.0523091884525 57.1569353909791 57.3357419745761 57.3359348512368 57.4777805873914 57.8858349055935 57.9866797772408 58.3919044034388 58.111876011508 58.6296781685061 58.1808610986641 58.1626871873098 58.8748145603513 58.4638764454306 58.8918866869364 59.2071744679217 59.0439790501796 59.2401337184605 59.3108350808922 -9999 59.3978092137843 59.6687609240241 59.5088262999985 59.7171745641421 60.4190332519976 60.4680681983469 60.3622810288697 60.5384872923539 60.3499400689146 60.6038911588099 60.3578775146671 60.5732301045305 60.8802921633788 60.8559613398078 61.091233590171 60.8842279823724 61.19317383161 60.9944174971292 61.1496912727306 61.0748338560071 61.0515369432943 61.2472774635105 61.3335484576748 61.3284382712597 61.9259696353413
57.1921715867177 57.2205372814867 57.0901911264755 56.7178003329652 56.9148077930585 57.2706470807792 57.1971357978426 57.3427176357953 57.4669702841071 57.6954737355105 58.1817847706881 58.1603218859234 58.4300574302182 57.8682569886542 58.2502560363555 58.2091018134784 58.4281401789459 58.7845138588919 58.5896989198669 58.9980479813078 59.0000735932158 59.0772254367552 59.2848048420276 59.3508612493369 59.59849724135 59.3281148051177 59.6303523370638 59.7076182177598 60.1683062975497 60.415925212729 60.6285446386316 60.4801506386818 60.7081458337358 60.3465935091393 60.3486218919103 60.9169010461818 61.0522543347598 61.2777232382122 61.1057830337079 60.9717501444659 61.3306640704629 60.921742657688 61.1492732243838 61.3825829777635 61.2214084696737 61.365867355807 61.6166932009445 61.7409814076265 61.836606177478 62.1089107551988
57.1256187570839 56.997837667099 57.0449999056447 57.1970821958488 57.4308384245592 57.3298498770065 57.4646769995653 57.7177462832566 58.0481930218321 58.0578654483072 57.7145202123495 58.4315471087795 58.6062315305081 58.6150380510429 58.5612166694702 58.3542241971458 58.6665173569191 58.8838258531007 59.3506280787359 59.0778217194147 59.2969072267968 59.7201062275899 59.5470482740868 59.2804295839717 59.7030918320669 59.8906803544834 60.0089389506158 59.7938082171126 60.7799145096834 60.0536888727991 60.2122034964606 60.3375444669402 60.5828709057905 60.7430181401457 60.963831819183 61.2967994539964 61.1549550394295 60.9367200001794 61.2800346673459 61.1994610659021 61.6212567893186 61.7013452052063 61.5311786393564 61.6225364515416 61.4736071362953 61.3719549087363 61.7566374469957 61.559668897843 61.4794196566273 61.8885805089397
57.3521439296776 57.0687521653914 57.2663130675182 57.5387046052849 57.1598832269519 57.3095478609445 57.7290602136595 58.0165334041058 58.3253948211651 57.8029283312493 58.0023043322701 58.3933335296908 58.3772943829069 58.6783511520438 58.7870936397428 58.8763865623877 58.4564360562837 58.7153118082095 59.4744820898351 58.8958365604051 59.4066845415825 59.2815673884789 59.4263092451379 59.6261143542611 59.9549183606733 60.2296864764971 60.2953799453426 60.4247232022693 60.4298039790583 59.9889164371881 60.419144523188 60.6754480651089 60.9575285621385 60.6741526854727 60.7014266703279 61.0841697470508 60.9812829795965 60.7945888432068 61.5291184461379 61.3754439738519 61.5989788613968 61.5420247298688 61.6846813000139 61.6057548682601 61.5492156095685 61.5927436259048 61.4595491641895 61.4314179492465 61.5081189849537 61.7300661182967
57.2590093197889 57.0616586010174 57.3404385810799 57.2630626237598 57.2076239510096 57.5658843391627 58.0303775113478 -9999 -9999 57.9946686153003 58.371611422624 58.6191029536874 58.4778555511824 58.7217305353811 58.7285409029399 59.1285442642612 59.0754991110587 59.0461887593462 59.4044419981796 59.3967112004656 59.6258535072583 59.1049883220013 59.4863805733618 59.7747203487116 60.2262329252802 59.9481312171327 -9999 60.2538794143566 -9999 60.2233966273945 60.5601707521538 60.7455373265651 61.1283125104703 60.5313903266668 60.4893839161786 61.1224338850741 61.2193686157078 -9999 61.3825699172312 61.8971518447229 61.4609823551107 61.5159613119772 61.6774428763883 61.573005811846 61.8436937759809 61.8399189879476 61.4865155158263 61.901049476001 61.9822621896943 62.0306885390121
57.2014027949407 57.2779583165381 57.1345410440528 57.2368494094173 57.5578725562287 57.7189774211389 -9999 -9999 -9999 58.2737895441519 58.7086714133667 58.9322422402317 58.4954668936001 58.9838310214952 58.5299317030492 59.2877432444164 59.0815248712192 59.1433088625947 59.2858431432202 59.7602009455644 59.2834737116547 59.7784713458445 59.7103020820642 60.0252493337678 60.3984761619562 59.6298874023315 60.7365707853058 59.8578409338105 60.2780235998116 60.4631924943987 60.7999098883403 60.9803326341731 60.9298617514056 60.8507919993891 60.5609082970595 61.3022288252161 61.5439040040232 61.2491110650852 61.4029969598738 61.9750914505832 61.5488375089681 61.8130836304404 61.5605995381944 -9999 61.7163522775751 62.0254436188709 61.8072647027535 62.3087532723297 61.7324062042475 62.2284228607881
57.328091087695 57.146817716156 57.2856021248955 57.5713635881679 57.7310774079428 -9999 -9999 -9999 -9999 58.5111613093843 58.6349691563571 58.6375297054164 58.1575254209653 58.6509851686273 59.0459847257276 58.9863917187628 58.9687762352553 58.9935335206393 59.1880259915982 59.5498187480212 59.2172278005484 59.4895136056211 59.9849314555612 60.3396303132419 60.595979502838 59.8328235979994 60.5515375505981 60.1729738259006 60.4048809019215 60.3706651425553 60.5086768026951 60.841776428001 61.0368573209136 61.1261807585396 61.2383989053394 61.1185421269978 61.5865363242321 60.9397989304713 61.7520233184526 61.6126133765485 61.8727002034114 62.0661896459881 61.9112229590816 61.5066701900954 61.6703987052959 61.9106207216335 61.9592451445791 62.1718824039691 61.6014303368406 61.981136548206
57.2061406776185 57.4138951236479 57.7211977678365 57.973715043505 57.711737937798 -9999 -9999 -9999 -9999 58.4162076172123 58.5711550096172 58.2206517480644 58.5087579481053 58.5299454998972 59.0243804714522 58.7771389057735 58.8720353897071 59.1561034905057 59.3726870009469 59.6908286712701 59.4390893229048 59.6686315734307 60.198222770296 59.7828684282883 60.1894097870347 60.1453746254465 60.3843631798548 60.3118907062799 61.103374479098 60.1987770461907 60.4292051788559 60.8507143310261 61.3845905170567 61.4176256787594 61.4168132845445 61.3779261036832 61.5467296535516 61.2024130722277 61.4997769105161 61.701005056583 61.8984033985923 62.2658738167398 61.8533488644005 61.4833003071587 61.7537957628917 61.706013786483 61.9404839472603 62.0938082403887 61.6500042755003 62.0834666506553
57.56301414713 58.0066841207861 58.1471911055549 57.589681794312 57.5848914584375 57.8039424753643 -9999 58.0531812742045 -9999 58.853222574828 58.8490208725798 58.5981642798732 58.603797171903 58.6588350494261 58.8138698100057 59.0153035968463 58.9333664671627 59.3563117537745 59.6582524086347 59.5658459033517 59.8162473461036 60.0949083369927 59.7336114728292 59.8638181673414 60.2076291794933 60.4625207633952 60.3093598318993 60.4511057739151 61.2143785286213 60.3374019390892 60.6052809388198 61.152741031987 61.6421544158956 61.649872084576 61.5816749914946 61.4681759959036 61.353354642901 61.3538330605831 61.5151464698493 61.8341977374303 61.8313033422762 61.8628578951034 61.5842804028395 61.8574543230325 61.85716919684 61.8548283818103 62.0081174897045 62.1069870165385 62.1066171637634 62.3257662496964
