rcp4.5models/GFDL_CM3/sc1gr7.34
NCOLS 261 
NROWS 433 
XLLCORNER 336357.134 
YLLCORNER 654653.479 
CELLSIZE 1000 
NODATA_value -3.4e+38 
[rows 242 to 263 of 433, columns 98 to 146 of 261]
91.685676574707 92.0730590820312 92.2501220703125 92.7348861694336 93.0365905761719 93.3408050537109 93.6066131591797 -3.4e+38 94.4034271240234 94.782341003418 95.1352691650391 95.5798568725586 96.0907135009766 96.5358581542969 97.5492477416992 98.3122634887695 98.7679824829102 98.3303070068359 98.5733184814453 98.8713912963867 99.2322311401367 99.837776184082 100.705047607422 101.169364929199 101.36979675293 101.61661529541 104.137657165527 -3.4e+38 104.395362854004 104.227806091309 104.08634185791 104.280334472656 104.748596191406 104.696441650391 104.719284057617 105.060859680176 104.78685760498 105.069831848145 104.710632324219 104.544860839844 104.984535217285 105.660911560059 105.642967224121 105.223739624023 105.181777954102 105.213241577148 105.289596557617 105.423721313477 105.818550109863
90.4466857910156 90.4732284545898 91.1596603393555 91.672981262207 91.9610900878906 92.2405776977539 92.6046600341797 93.0384216308594 93.3393325805664 93.6347961425781 94.1288146972656 94.6262130737305 95.0578536987305 95.6305999755859 96.8995208740234 97.4922332763672 97.6475982666016 97.5256271362305 97.6623153686523 97.875358581543 98.4828643798828 99.1642379760742 100.033882141113 100.376777648926 100.592826843262 101.397277832031 102.703392028809 103.351844787598 103.595932006836 103.339332580566 103.404396057129 102.868949890137 102.061370849609 102.552909851074 103.468505859375 104.413871765137 104.443382263184 104.377395629883 103.987892150879 104.29613494873 104.503936767578 104.662414550781 104.588226318359 105.202598571777 105.100524902344 104.898811340332 105.032760620117 105.167610168457 105.552116394043
89.7861480712891 89.736701965332 90.6266326904297 91.1635665893555 91.4358062744141 91.7421798706055 92.1278915405273 92.5557174682617 92.8901062011719 93.1555862426758 93.6751174926758 94.1917572021484 94.6718063354492 95.2130737304688 96.4897613525391 96.9039916992188 96.8031387329102 95.619873046875 95.1046142578125 95.6503372192383 98.1084442138672 98.9776000976562 99.6591873168945 99.8680419921875 100.277244567871 101.338043212891 102.493515014648 102.93049621582 103.074684143066 102.827453613281 102.695922851562 102.389373779297 101.480270385742 100.80428314209 101.962249755859 103.927314758301 103.963722229004 103.701141357422 103.244194030762 104.118125915527 104.369720458984 104.340850830078 104.004905700684 104.695472717285 104.906845092773 104.73233795166 104.88272857666 104.982986450195 105.426811218262
88.4590454101562 87.5200271606445 90.1969604492188 90.7186126708984 91.0171508789062 91.284553527832 91.6615753173828 92.0701141357422 92.4031753540039 92.6738052368164 93.1382598876953 93.6421432495117 94.1910705566406 94.7599639892578 95.8026733398438 96.2543487548828 95.8626022338867 92.7026214599609 89.9295272827148 91.6879119873047 97.3802642822266 98.6847763061523 99.1572875976562 99.177001953125 99.6063537597656 101.019309997559 102.134834289551 102.32445526123 102.570259094238 102.415283203125 101.892608642578 101.148315429688 100.677581787109 100.118728637695 100.755767822266 102.40648651123 102.673934936523 103.005874633789 102.959953308105 103.880348205566 104.162734985352 104.053939819336 103.517288208008 104.009002685547 104.598937988281 104.614242553711 104.690879821777 104.826103210449 105.244689941406
88.3412017822266 87.6056518554688 89.7165374755859 90.2379989624023 90.5807723999023 90.7898864746094 91.1823043823242 91.5516967773438 91.8367156982422 92.1912384033203 92.5952835083008 93.0242538452148 93.6157455444336 94.2975463867188 94.8487396240234 95.4526138305664 96.1540298461914 92.4440460205078 86.7523193359375 89.3497085571289 95.9560317993164 97.8761901855469 98.5297927856445 98.313102722168 98.7563323974609 100.413124084473 101.446235656738 101.676284790039 101.899284362793 101.3935546875 100.658340454102 98.6966247558594 97.2514572143555 97.5691909790039 97.5656127929688 98.640022277832 99.8098602294922 101.936721801758 102.289070129395 103.261924743652 103.870132446289 103.695045471191 103.063751220703 103.372024536133 104.191062927246 104.316329956055 104.424896240234 104.581016540527 105.086952209473
88.6642456054688 88.6239547729492 89.1706237792969 89.6873397827148 89.9831237792969 90.2564315795898 90.6366271972656 91.0382843017578 91.3395004272461 91.7005386352539 92.0154037475586 92.4479827880859 93.0791931152344 93.7744445800781 94.6494598388672 95.2061767578125 96.1007080078125 92.5400161743164 86.9321517944336 91.2737426757812 96.1914596557617 97.3727111816406 97.8956146240234 97.9277572631836 98.6564407348633 99.7978973388672 100.643600463867 101.096176147461 101.355163574219 100.799041748047 99.8131484985352 97.980827331543 96.2927551269531 96.7422714233398 97.7294616699219 95.8040161132812 97.5942001342773 101.190673828125 101.858200073242 102.923522949219 103.42603302002 103.423080444336 102.756645202637 102.52953338623 103.482307434082 104.039932250977 104.277839660645 104.411552429199 104.907028198242
88.3485946655273 88.4624786376953 88.6407699584961 89.1016616821289 89.3359832763672 89.6890335083008 90.1127548217773 90.513801574707 90.8203887939453 91.1548461914062 91.4981307983398 91.9564056396484 92.586311340332 93.1252059936523 94.3522720336914 94.9174957275391 95.338249206543 92.4625091552734 88.4817962646484 92.7855834960938 96.4526443481445 97.3166809082031 97.6910171508789 97.9446182250977 98.6992797851562 99.247802734375 100.278305053711 100.751113891602 101.082092285156 100.772171020508 98.9880905151367 96.1804275512695 94.8694458007812 96.3224868774414 98.5603332519531 95.6895141601562 97.9022750854492 101.409088134766 102.129341125488 102.648887634277 102.698150634766 102.803733825684 102.412628173828 101.80411529541 102.853553771973 103.827095031738 104.062194824219 104.244766235352 104.600051879883
87.8384170532227 88.0229568481445 88.1535034179688 88.7876510620117 88.8640518188477 89.1560745239258 89.5865325927734 89.997688293457 90.3717803955078 90.6096725463867 90.9904022216797 91.4614944458008 92.0198745727539 92.4935760498047 93.7009811401367 94.0916290283203 94.7992095947266 93.7919616699219 90.5227203369141 91.867919921875 95.6434783935547 96.9015960693359 97.3515930175781 97.5866165161133 98.1813278198242 98.7722320556641 99.9442977905273 100.381332397461 100.704765319824 100.187065124512 98.0887908935547 95.3423461914062 93.6735534667969 94.3632888793945 96.1048583984375 97.4667816162109 99.5319671630859 101.342109680176 101.397537231445 101.653800964355 101.574272155762 101.620223999023 101.621200561523 101.33536529541 102.372161865234 103.42879486084 103.714637756348 103.957733154297 104.376243591309
87.3853454589844 87.5594711303711 87.7143936157227 88.3855285644531 88.4295654296875 88.7161407470703 89.0794830322266 89.545051574707 89.892936706543 90.131462097168 90.4982376098633 90.9021530151367 91.4393920898438 91.9993591308594 93.2201538085938 93.8148574829102 94.6071090698242 94.5343933105469 92.9339370727539 93.5694427490234 95.794921875 96.4176559448242 96.6481094360352 97.2905883789062 98.0836181640625 98.6334228515625 99.5785903930664 99.741096496582 99.7092971801758 99.3867645263672 97.9875640869141 96.8336181640625 95.9746856689453 94.4979019165039 94.5898513793945 98.6365814208984 99.6835632324219 100.398803710938 100.104522705078 100.623893737793 100.64022064209 100.539375305176 100.761604309082 100.712913513184 101.752014160156 103.042556762695 103.320457458496 103.677558898926 104.143127441406
86.9629440307617 87.0858459472656 87.2584762573242 87.8891067504883 87.9569778442383 88.2220458984375 88.6271133422852 89.0753936767578 89.2683868408203 89.6127777099609 90.0188064575195 90.4336090087891 91.0316009521484 91.768798828125 92.6065139770508 93.3048782348633 94.1529083251953 94.6000747680664 94.2713394165039 95.2212829589844 95.8228607177734 95.9483795166016 95.8674621582031 96.8619232177734 97.7738723754883 98.2782516479492 99.1127243041992 98.9778518676758 98.2324676513672 98.1761474609375 97.6373138427734 96.3456344604492 94.651123046875 93.0033798217773 93.9367523193359 97.6999206542969 97.5412902832031 99.1870498657227 99.1895370483398 99.8109588623047 100.034606933594 99.8872833251953 100.149848937988 100.088447570801 101.094284057617 102.559234619141 102.757431030273 103.303802490234 103.787094116211
86.5073699951172 86.6054992675781 86.7797622680664 87.3001480102539 87.4879531860352 87.7231369018555 88.1054382324219 88.5161209106445 88.6518173217773 89.0630187988281 89.5342483520508 89.9645004272461 90.5924911499023 91.4522247314453 91.9887619018555 92.631950378418 93.7121353149414 93.9973754882812 93.5819549560547 94.6873092651367 95.3468551635742 95.4671936035156 95.2534027099609 96.114128112793 97.178840637207 97.7114105224609 98.5978775024414 98.5173645019531 97.3934173583984 96.8472518920898 96.8576049804688 95.2202072143555 92.2165222167969 91.2612152099609 92.4914627075195 94.946533203125 96.0152282714844 98.059928894043 98.0477142333984 98.9966583251953 99.2951736450195 99.3724212646484 99.4954833984375 99.5071105957031 100.446952819824 101.846580505371 101.946739196777 102.740715026855 103.302185058594
86.0511093139648 86.1186294555664 86.2858734130859 86.7145309448242 86.9784240722656 87.2364730834961 87.5647201538086 87.9326019287109 88.1867599487305 88.5769882202148 89.045654296875 89.4717407226562 90.0028610229492 90.8960723876953 91.6455612182617 92.3429946899414 93.4857406616211 93.2619400024414 93.0473480224609 94.2536239624023 95.0671844482422 94.7524948120117 94.0876007080078 95.5802917480469 96.8412933349609 97.3736801147461 98.1088256835938 98.3320770263672 97.6265106201172 96.7487106323242 96.8985824584961 95.5034332275391 92.9557647705078 91.1689529418945 92.6021270751953 94.8409118652344 96.8221740722656 95.6034927368164 96.6812362670898 98.2022323608398 98.5574264526367 98.7735137939453 98.8716735839844 99.0873641967773 100.008247375488 101.661354064941 101.975090026855 102.594345092773 103.042175292969
85.588508605957 85.6674880981445 85.7721481323242 86.2278137207031 86.5211181640625 -3.4e+38 87.0815887451172 87.3943634033203 87.7404479980469 88.1885681152344 88.6341323852539 89.0081939697266 89.464241027832 90.1697616577148 91.4061279296875 92.1204605102539 92.5800323486328 92.3106002807617 92.9719543457031 93.9007034301758 94.8603668212891 93.3271026611328 91.2456207275391 94.7690048217773 96.6284027099609 97.1267395019531 97.7017135620117 98.0601196289062 97.7716445922852 96.9623641967773 96.9354553222656 95.7588043212891 94.8385543823242 92.7729034423828 92.0479202270508 94.2536392211914 96.2747039794922 94.8384094238281 96.4927444458008 97.7309036254883 97.9725646972656 98.0806045532227 98.4700088500977 99.4435119628906 100.38020324707 101.616119384766 101.92261505127 102.328659057617 102.863121032715
84.7866287231445 84.8981094360352 85.0391235351562 85.4395065307617 85.7061309814453 -3.4e+38 86.2374496459961 86.5028839111328 86.9198684692383 87.4895553588867 88.0031661987305 88.3158874511719 88.7000122070312 89.0897827148438 90.6237487792969 91.6948852539062 92.2104034423828 91.4979858398438 89.8378219604492 91.8390197753906 93.7721405029297 93.4739456176758 92.436897277832 94.5046463012695 95.8803176879883 96.2811660766602 96.8716201782227 97.000244140625 97.3815689086914 97.4984970092773 97.0856704711914 96.1178665161133 95.4905395507812 94.0171661376953 91.573371887207 92.0886001586914 97.3295974731445 92.2984924316406 96.4210205078125 95.7829971313477 94.5660247802734 96.1371459960938 98.2136077880859 99.6078872680664 99.3387985229492 97.6040878295898 97.5989303588867 99.3846740722656 100.779579162598
84.3966293334961 84.4890975952148 84.6326446533203 85.0584869384766 85.2890243530273 85.5427017211914 85.8298797607422 86.4105911254883 86.9022598266602 86.9869537353516 87.6052169799805 87.875617980957 88.2775039672852 88.6942825317383 90.1692276000977 91.3380966186523 91.8115615844727 91.155387878418 89.8684310913086 91.7998275756836 93.5623168945312 93.1097183227539 91.956657409668 93.8617095947266 95.5012512207031 95.8890228271484 96.3112945556641 96.2396240234375 96.7931213378906 96.7029495239258 96.2266159057617 96.5296096801758 95.2900238037109 93.655029296875 91.4679183959961 90.4432678222656 93.9408950805664 91.6081466674805 95.5202865600586 94.8083648681641 94.4784088134766 96.5783538818359 98.6837387084961 98.9451751708984 97.9680099487305 96.6797943115234 96.6996078491211 98.1009902954102 99.9916000366211
84.1814041137695 84.1527938842773 84.3091812133789 84.7574462890625 84.9686050415039 85.1851959228516 85.4325942993164 86.2495880126953 86.9410171508789 86.9183578491211 87.7696914672852 87.734992980957 87.8621063232422 88.4052429199219 89.4314804077148 90.4377975463867 91.4357223510742 90.7981491088867 89.3107604980469 91.1183624267578 93.0511779785156 92.5959243774414 91.382453918457 93.4936294555664 95.2612533569336 95.6268539428711 95.9822692871094 95.8998031616211 96.3551940917969 96.3544998168945 95.6838684082031 95.5097198486328 94.8872222900391 93.7671279907227 91.7057800292969 88.9548645019531 90.7657623291016 90.647834777832 93.9103012084961 93.5492858886719 95.7542495727539 97.5195388793945 98.2759780883789 96.8776550292969 96.48095703125 96.1861953735352 96.2278518676758 97.2779083251953 98.8138885498047
83.8965682983398 83.8608016967773 84.0419998168945 84.425910949707 84.6259231567383 84.8867111206055 85.1108932495117 85.9127502441406 86.8442459106445 86.5323257446289 87.0285415649414 87.8377456665039 87.5839614868164 88.1173706054688 89.2759246826172 89.6553726196289 90.9906921386719 90.2429733276367 86.7966613769531 86.7225723266602 90.0185928344727 89.6964645385742 87.547233581543 91.7757186889648 95.0214309692383 95.2703552246094 95.6001358032227 95.6210479736328 96.0206985473633 96.1318588256836 95.0099716186523 93.5866928100586 93.6491088867188 91.6608047485352 89.2533950805664 91.086799621582 93.5042953491211 89.5494537353516 91.9728927612305 92.0929641723633 95.0059814453125 96.3275451660156 96.5507049560547 94.8088684082031 94.515007019043 95.5909652709961 95.5542755126953 95.9830093383789 96.6389770507812
83.707389831543 83.7368927001953 83.8431549072266 84.1939086914062 84.3286743164062 84.5588684082031 84.7941665649414 85.3815460205078 85.9817047119141 84.9561386108398 84.9705963134766 87.6043395996094 87.1916656494141 87.6460723876953 89.6189270019531 89.8095855712891 90.7976837158203 90.0035781860352 84.729866027832 80.6421585083008 83.9060134887695 84.9636688232422 82.5452270507812 89.2814178466797 94.6418533325195 94.9353561401367 95.2417449951172 95.2553558349609 95.6809234619141 95.5480041503906 93.8832702636719 92.1697616577148 92.4343338012695 89.7743301391602 88.4264068603516 93.9952239990234 94.7347564697266 88.6372375488281 91.418083190918 92.1044158935547 94.4257736206055 95.0178298950195 95.0365371704102 93.7577133178711 92.8895034790039 94.6352767944336 94.6205825805664 94.9445114135742 94.9773941040039
83.6595458984375 83.6805114746094 83.7181243896484 83.9038009643555 84.0751342773438 84.272575378418 84.5286560058594 84.9939575195312 85.1887435913086 84.1119842529297 84.4828491210938 87.1931533813477 86.755256652832 87.1320266723633 89.3439407348633 89.6167144775391 89.4320907592773 88.6689300537109 84.9131088256836 80.2030487060547 82.5004501342773 83.3933944702148 82.5510787963867 89.7383422851562 94.3217239379883 94.6355667114258 95.0316162109375 94.8410568237305 94.7046279907227 94.7797164916992 93.1414947509766 89.5955047607422 88.2388000488281 86.732063293457 87.9196701049805 92.7243194580078 93.1063385009766 90.9820785522461 91.5452346801758 90.229621887207 93.0519943237305 94.2681503295898 93.9142684936523 92.7269439697266 91.7682189941406 93.2569961547852 93.3106079101562 94.3786163330078 94.8652114868164
83.5631637573242 83.6075820922852 83.6166381835938 83.663818359375 83.8358612060547 84.05126953125 84.2904205322266 84.6972961425781 84.9565811157227 84.7473373413086 85.4922180175781 86.4587860107422 86.4036712646484 86.7538757324219 88.8333053588867 89.598518371582 88.6214141845703 86.4535675048828 84.4482192993164 82.6896438598633 84.6647491455078 85.8324356079102 86.6908416748047 92.2704086303711 94.046028137207 94.3098602294922 94.5268173217773 93.9127197265625 93.38330078125 93.5397033691406 92.1716766357422 87.0770874023438 83.1208572387695 84.481315612793 89.2036819458008 92.1821746826172 92.5819931030273 94.4429473876953 92.4557647705078 88.745361328125 92.3351745605469 93.3979034423828 92.6369094848633 92.6053619384766 95.7205352783203 97.4948425292969 95.880256652832 93.9730072021484 94.8455123901367
83.4811706542969 83.5332412719727 83.467529296875 83.4837875366211 83.6770477294922 83.8843154907227 84.1019287109375 84.3897018432617 84.9634323120117 85.5701599121094 85.8016586303711 86.0607681274414 86.2521820068359 86.5399322509766 88.9041137695312 89.4621734619141 88.5376510620117 86.1394424438477 84.3854446411133 84.9042434692383 87.4433517456055 89.6559066772461 90.3284301757812 93.3025283813477 93.6736145019531 93.9483871459961 93.9492340087891 92.7243118286133 92.3852462768555 92.4347610473633 90.912483215332 86.7984085083008 82.6817626953125 86.1021881103516 89.7909545898438 92.7251281738281 91.8276290893555 93.3097305297852 93.6035842895508 88.3677520751953 89.5482711791992 90.7929458618164 91.9298477172852 91.8829345703125 96.7988967895508 101.836982727051 98.7080154418945 93.7457122802734 93.8353805541992
83.5010604858398 83.4402542114258 83.2687835693359 83.3167572021484 83.5353240966797 83.7043838500977 83.9083557128906 84.1937026977539 84.6742706298828 85.2177581787109 85.5573577880859 86.1829452514648 85.9350967407227 86.3049621582031 87.3903427124023 87.0903778076172 86.7511444091797 85.4109573364258 85.4295883178711 85.9815444946289 88.2142181396484 91.2706832885742 92.0085754394531 93.0036773681641 93.3290786743164 93.6598358154297 93.7112579345703 92.2287979125977 90.5928955078125 90.4322967529297 89.0551223754883 86.3181533813477 83.7555694580078 85.4327926635742 85.5658187866211 90.2446670532227 91.352783203125 88.7555999755859 92.9360504150391 91.5569839477539 90.2882232666016 88.583251953125 90.1069717407227 90.0771255493164 93.2864532470703 97.9453430175781 94.7100219726562 92.7311172485352 92.6079788208008
