rcp4.5models/GFDL_CM3/sc1gr1.18
NCOLS 261 
NROWS 433 
XLLCORNER 336357.134 
YLLCORNER 654653.479 
CELLSIZE 1000 
NODATA_value -3.4e+38 
[rows 220 to 241 of 433, columns 98 to 146 of 261]
58.0718421936035 58.1326751708984 58.2382469177246 58.4457817077637 58.644115447998 58.7556304931641 58.7998542785645 59.0003395080566 58.9738502502441 58.9618377685547 58.9949836730957 58.987174987793 58.9446029663086 59.2358932495117 59.3539924621582 59.4934539794922 59.6164703369141 59.6518707275391 59.6985359191895 59.6893463134766 59.7166366577148 59.762752532959 59.9821624755859 60.1007080078125 60.2273101806641 60.0702819824219 60.2705383300781 60.3071975708008 60.4884338378906 60.479679107666 60.4575347900391 60.5911483764648 60.7045211791992 60.7003326416016 60.8336486816406 60.8903541564941 60.7950248718262 60.8650321960449 61.0312156677246 61.1649398803711 61.3135986328125 61.3734703063965 61.4170036315918 61.4004783630371 61.7188873291016 61.7164039611816 61.4928817749023 61.6138153076172 61.0134124755859
58.1481513977051 58.2209358215332 58.4216804504395 58.4449768066406 58.5436744689941 58.648494720459 58.6704902648926 58.8968276977539 58.7995338439941 58.9839973449707 59.0445938110352 59.0494728088379 58.9956550598145 59.1535453796387 59.4167671203613 59.565315246582 59.5425071716309 59.6057472229004 59.6398620605469 59.668758392334 59.7175559997559 59.652473449707 59.8720817565918 60.1002082824707 60.1253509521484 59.9711837768555 60.224479675293 60.1878433227539 60.4332237243652 60.5352897644043 60.4872817993164 60.7193450927734 60.7123947143555 60.7234954833984 60.8201026916504 60.8376235961914 61.1429748535156 60.7268753051758 60.8515892028809 61.0543594360352 61.1722183227539 61.2498092651367 61.3207015991211 61.2958526611328 61.5845832824707 61.7833824157715 61.7762489318848 61.6850280761719 61.0136489868164
58.2126808166504 58.3013954162598 58.4920883178711 58.5051612854004 58.4932899475098 58.4303283691406 58.5573921203613 58.7761878967285 58.6947402954102 58.917121887207 58.9187393188477 59.1636352539062 59.0145034790039 59.2950706481934 59.2020797729492 59.6483917236328 59.5979881286621 59.5600471496582 59.705753326416 59.6335487365723 59.8112335205078 59.7507476806641 60.0085334777832 60.1858596801758 59.8586730957031 59.8111343383789 60.2924652099609 60.2651634216309 60.5191993713379 60.5012283325195 60.5558624267578 60.5844955444336 60.4548301696777 60.5463752746582 60.6814613342285 60.6242599487305 61.0487747192383 60.6674728393555 60.9945030212402 61.2274055480957 61.1720733642578 61.180004119873 61.2839965820312 61.3473777770996 61.487117767334 61.6815643310547 61.6526489257812 61.5149078369141 61.2074851989746
58.2625427246094 58.3494453430176 58.3638153076172 58.519588470459 58.6303825378418 58.5300483703613 58.6670761108398 58.847827911377 58.8493919372559 58.9606246948242 58.956470489502 59.0768585205078 59.0641250610352 59.5159149169922 59.2395095825195 59.2890701293945 59.4839477539062 59.5094261169434 59.8302764892578 59.8205718994141 59.8389511108398 59.8006858825684 59.8155059814453 60.0903396606445 59.7466468811035 59.9054298400879 60.3596038818359 60.4081726074219 60.3819427490234 60.1959114074707 60.5483360290527 60.6830749511719 60.5797920227051 60.5948524475098 60.7294807434082 60.849479675293 61.0209999084473 60.900089263916 61.1984596252441 61.2795257568359 61.4065017700195 61.1774139404297 61.2212791442871 61.2031021118164 61.4275169372559 61.6578826904297 61.6247978210449 61.3891258239746 61.3564338684082
58.3180961608887 58.3256378173828 58.2500228881836 58.5322875976562 58.7169761657715 58.8206253051758 58.8684120178223 58.8956260681152 58.845027923584 58.931827545166 58.8827705383301 59.078556060791 59.1071090698242 59.2986106872559 59.122688293457 -3.4e+38 59.2721405029297 59.4799690246582 59.692211151123 -3.4e+38 59.6451721191406 59.6965599060059 59.4451560974121 59.9563446044922 60.0368461608887 60.055248260498 60.0664329528809 60.233154296875 60.3230781555176 60.2658271789551 60.5185737609863 60.6530990600586 60.4790191650391 60.5139617919922 60.7600479125977 60.8947830200195 60.7475395202637 60.9210739135742 61.1951332092285 60.9925003051758 61.1700820922852 61.2182922363281 61.3336334228516 61.4877548217773 61.5595779418945 61.6426391601562 61.5666313171387 61.355354309082 61.2381019592285
58.3488655090332 58.5035209655762 58.4614295959473 58.6764488220215 58.6699714660645 58.8025245666504 58.9471588134766 58.9324226379395 58.8783874511719 58.9430694580078 58.9850540161133 59.2067756652832 59.2846527099609 59.2192077636719 59.0258636474609 -3.4e+38 59.4756507873535 59.5187835693359 59.5048179626465 59.6925849914551 59.7664260864258 59.7729644775391 59.6881141662598 59.9146575927734 60.0220222473145 60.0894355773926 59.8680229187012 60.2229156494141 60.449577331543 60.4186935424805 60.4048919677734 60.4732551574707 60.5401496887207 60.6351661682129 60.6850204467773 60.5467758178711 60.5015525817871 61.0178604125977 61.1018714904785 61.0035209655762 61.0073127746582 61.3128509521484 61.3690147399902 61.4788932800293 61.6952781677246 61.5463714599609 61.3711395263672 61.4808807373047 61.1189804077148
58.3425903320312 58.4497604370117 58.4659042358398 58.7751274108887 58.7360763549805 58.6999359130859 58.9380836486816 58.974967956543 58.9951400756836 58.9405250549316 59.0016784667969 59.0730781555176 59.2963256835938 59.3737831115723 59.0769538879395 59.4640083312988 59.5171012878418 59.3244400024414 59.3965377807617 59.738151550293 59.8999786376953 -3.4e+38 59.917293548584 59.9097137451172 59.883731842041 60.0306167602539 60.0634689331055 60.2682266235352 60.4539451599121 60.4398040771484 60.4215927124023 60.3179473876953 60.5483055114746 60.8375549316406 60.5794334411621 60.5763626098633 60.6112327575684 61.0928077697754 60.7882385253906 60.9885902404785 61.3840370178223 61.5123558044434 61.4070091247559 61.4939765930176 61.6648330688477 61.6176414489746 61.4738845825195 61.5238380432129 61.1883392333984
58.1976928710938 58.2615585327148 58.4415092468262 58.7358360290527 58.6699104309082 58.6435203552246 58.8552665710449 58.949779510498 58.910514831543 59.0250396728516 59.0804061889648 59.0191993713379 59.1056060791016 59.1347503662109 59.1870422363281 59.5878067016602 59.6770172119141 59.5530815124512 59.5629501342773 59.6896591186523 59.6948356628418 59.7918510437012 59.9140472412109 59.8784332275391 59.8781242370605 59.9195022583008 60.2929725646973 60.4298629760742 60.472713470459 60.4806861877441 60.4932479858398 60.2144241333008 60.1991348266602 60.5951042175293 60.5002670288086 60.8058624267578 60.6727828979492 61.2218475341797 60.9372482299805 60.9731330871582 61.5191650390625 61.3935623168945 61.582088470459 61.786922454834 61.6705169677734 61.5790748596191 61.6162185668945 61.548397064209 61.4004096984863
58.2624893188477 58.4094161987305 58.6132965087891 58.6618690490723 58.6787376403809 -3.4e+38 -3.4e+38 58.8382530212402 58.8889007568359 59.1167526245117 59.1301422119141 59.0562515258789 59.0945320129395 59.0832862854004 59.2862510681152 59.7157707214355 59.701286315918 59.7931442260742 59.6822776794434 59.7218132019043 59.8334655761719 59.7877769470215 59.956657409668 59.8830299377441 59.943473815918 59.9283561706543 60.354606628418 60.5858039855957 60.3803749084473 60.5195045471191 60.5874290466309 60.4847679138184 60.311882019043 60.3754806518555 60.5021629333496 60.8126907348633 60.8396263122559 61.2846069335938 61.3203048706055 61.1015663146973 61.0537338256836 61.2681083679199 61.6683731079102 61.6593551635742 61.6570243835449 61.564281463623 61.7762794494629 61.6376991271973 61.5082321166992
58.3508071899414 58.4648094177246 58.5120124816895 58.3981399536133 58.6813163757324 58.79541015625 58.8739929199219 58.971378326416 58.968936920166 59.1546745300293 59.0726661682129 59.0581665039062 59.1833419799805 59.3378372192383 59.2103843688965 59.4436836242676 59.536060333252 59.5965614318848 59.7249870300293 59.8253707885742 59.8548889160156 59.6908073425293 59.9860916137695 59.9569435119629 60.0108489990234 60.0492362976074 60.2756423950195 60.4856033325195 60.4947471618652 60.6052665710449 60.7162818908691 60.5285682678223 60.3611602783203 60.4572334289551 60.6048431396484 60.8664398193359 60.9546546936035 61.2569427490234 61.2702293395996 61.1386375427246 61.1889419555664 61.3817329406738 61.5756340026855 61.5630722045898 61.7163619995117 61.6923522949219 61.7684326171875 61.7248611450195 61.5629844665527
58.1851692199707 58.4345550537109 58.4567642211914 58.4743270874023 58.5947799682617 58.6379890441895 58.7744941711426 58.9514236450195 58.9483451843262 59.1515884399414 59.1727027893066 59.2099189758301 59.2123489379883 59.2961654663086 59.2073669433594 59.244068145752 59.6491470336914 59.8424453735352 59.7957000732422 59.8651084899902 59.7836875915527 59.6513481140137 59.8378410339355 59.8440399169922 -3.4e+38 60.0291519165039 60.1830177307129 60.2680282592773 60.3938217163086 60.5291557312012 60.7379455566406 60.4470062255859 60.3520088195801 60.4749870300293 60.7643699645996 60.8924331665039 60.9005355834961 61.1700630187988 61.0490455627441 61.0326805114746 61.3484916687012 61.6279220581055 61.5520133972168 61.5588874816895 61.7502632141113 61.8302459716797 61.7377090454102 61.7686309814453 61.6117401123047
58.356315612793 58.5105857849121 58.6773300170898 58.6867599487305 58.652286529541 58.7216377258301 58.7397117614746 58.727237701416 58.9332084655762 59.1613883972168 59.0640830993652 59.2357406616211 59.4509811401367 59.2129364013672 59.4464454650879 59.3561210632324 59.3014297485352 59.2772560119629 59.4418258666992 59.6794662475586 59.6870307922363 59.8660087585449 59.8929061889648 60.0428009033203 59.9826850891113 59.9409408569336 60.1549377441406 60.1076965332031 60.4889297485352 60.8747482299805 60.2446975708008 60.2486267089844 60.1870574951172 60.5100021362305 60.7877655029297 60.8251266479492 60.8684005737305 60.9866333007812 61.1327667236328 61.0469284057617 61.2837371826172 61.451530456543 61.4965858459473 61.4074630737305 61.8315467834473 62.3154754638672 62.0068550109863 61.9674606323242 61.9472007751465
58.1167831420898 58.4932060241699 58.704460144043 58.8017501831055 58.8471412658691 58.8921508789062 58.8907356262207 58.7397499084473 58.8637504577637 59.1119384765625 59.1304473876953 59.1935234069824 59.5062637329102 59.4781036376953 59.3716506958008 59.4137649536133 59.4798355102539 59.3374977111816 59.4484786987305 59.5133018493652 59.3238830566406 59.7243843078613 60.0310554504395 60.0180587768555 59.9959411621094 59.9810752868652 60.0325736999512 60.1915473937988 60.4906044006348 60.8289604187012 60.2752304077148 60.4509162902832 60.3176231384277 60.4071235656738 60.6412658691406 60.6196708679199 60.9077568054199 61.1389389038086 61.2804183959961 61.4350852966309 61.4072418212891 61.6023635864258 61.7703094482422 61.4627799987793 61.5966033935547 61.9751930236816 62.0218620300293 61.9999160766602 61.9366989135742
58.2047691345215 58.4875450134277 58.773380279541 58.8813362121582 58.9388046264648 58.9176826477051 58.9212913513184 58.9120674133301 58.9182472229004 59.1254577636719 59.2132911682129 59.0171890258789 59.1070098876953 59.485668182373 59.318244934082 59.535400390625 59.5006942749023 59.410945892334 59.5975608825684 59.6338882446289 59.5713005065918 59.7154083251953 59.7610893249512 59.7932205200195 59.827522277832 59.8185691833496 60.0401992797852 60.4618606567383 60.4889221191406 60.5571975708008 60.5147743225098 60.5704116821289 60.5035972595215 60.6108856201172 60.88427734375 60.8624687194824 60.7956886291504 61.1187057495117 -3.4e+38 61.5664176940918 61.5601043701172 61.5577697753906 61.7304534912109 61.7665252685547 61.630298614502 61.5895919799805 61.7252235412598 61.841365814209 61.9501686096191
58.5402793884277 58.5671882629395 58.7281684875488 58.8155784606934 58.8772048950195 59.006591796875 58.981689453125 58.9513931274414 59.0761451721191 59.2068672180176 59.1606674194336 59.0641326904297 59.0749320983887 59.2060623168945 59.202335357666 59.4222717285156 59.4267807006836 59.4120826721191 59.4626388549805 59.619514465332 59.6380081176758 59.6329574584961 59.676399230957 59.753303527832 59.710865020752 59.8392066955566 60.1683921813965 60.6540946960449 60.3721580505371 60.2554016113281 60.435977935791 60.4005546569824 60.3487358093262 60.5065422058105 60.8921279907227 60.9945678710938 61.0192184448242 61.1558532714844 -3.4e+38 61.2455215454102 61.4382057189941 61.5625801086426 61.7222709655762 62.0815620422363 61.859691619873 61.5362930297852 61.6445388793945 61.727783203125 61.9684181213379
58.2411231994629 58.3308143615723 58.492057800293 58.6829528808594 58.7188873291016 59.006046295166 59.1478614807129 59.155933380127 59.2406959533691 59.173038482666 59.1944313049316 59.154369354248 59.2938346862793 59.2148742675781 59.2412376403809 59.4695281982422 59.5082664489746 59.6734390258789 59.4434394836426 59.523868560791 59.4914855957031 59.6314506530762 59.8252143859863 59.6828651428223 59.6103591918945 59.9048347473145 60.2913589477539 60.5817565917969 60.4640808105469 60.4427528381348 60.331844329834 60.4737014770508 60.2709770202637 60.4901008605957 60.7971038818359 60.9323310852051 61.3261833190918 61.155818939209 61.1608276367188 61.4691734313965 61.6819114685059 61.6157569885254 61.6478080749512 61.8946151733398 61.8904762268066 61.7028732299805 61.5749168395996 61.7854995727539 62.1623840332031
58.1138877868652 58.1594734191895 58.5197143554688 58.5909156799316 58.7002487182617 58.8163566589355 58.9867134094238 59.1055641174316 59.2231292724609 59.262622833252 59.2705879211426 59.1786308288574 59.3856391906738 59.3720397949219 59.4416198730469 59.5839385986328 59.5143203735352 59.6667861938477 59.5245018005371 59.5088691711426 59.5463485717773 59.6332740783691 59.6563758850098 59.6193771362305 59.6480255126953 59.7189064025879 60.1399230957031 60.2686195373535 60.3189277648926 60.2872009277344 60.2629089355469 60.444751739502 60.3327560424805 60.5661964416504 60.8402214050293 61.1087951660156 61.1590194702148 61.1373443603516 61.0878105163574 61.5126762390137 61.6453437805176 61.3770332336426 61.4977684020996 61.5317039489746 61.6710472106934 61.828800201416 61.7360153198242 62.0854721069336 62.2360534667969
58.2189064025879 58.3554306030273 58.5438232421875 58.7637214660645 58.8684577941895 59.0183219909668 59.015007019043 59.0165519714355 59.1649055480957 59.273021697998 59.3644142150879 59.5055351257324 59.5054244995117 59.5441131591797 59.5113830566406 59.5208320617676 59.4827766418457 59.5556297302246 59.5883827209473 59.509407043457 59.5046310424805 59.5588150024414 59.5250473022461 59.6204643249512 59.7290344238281 59.7541999816895 60.1753540039062 60.2328872680664 60.0219230651855 59.9647789001465 60.2487983703613 60.4998588562012 60.4144973754883 60.5875129699707 60.9326171875 61.2155227661133 61.1069221496582 61.1052703857422 61.0782318115234 -3.4e+38 -3.4e+38 61.324893951416 61.3913803100586 61.4907417297363 61.7240791320801 61.9555320739746 61.8263740539551 62.130931854248 62.3595886230469
58.4401206970215 58.619312286377 58.5359764099121 58.757926940918 58.7599830627441 58.9566192626953 59.0693893432617 59.1620826721191 59.3019371032715 59.2480049133301 59.4697761535645 59.6079063415527 59.4717254638672 59.6131324768066 59.4104843139648 59.3999824523926 59.4003753662109 59.4099502563477 59.5484237670898 59.5243339538574 59.4943466186523 59.5468063354492 59.6276016235352 59.6226387023926 59.8567123413086 60.0896110534668 60.4001960754395 60.3632545471191 60.1271896362305 59.9870109558105 60.3854026794434 60.7148818969727 60.6442375183105 60.8411140441895 61.0064315795898 61.128791809082 61.166389465332 61.030933380127 61.1836624145508 -3.4e+38 61.4594459533691 61.3616638183594 61.2839202880859 61.5205192565918 61.9164848327637 62.1616058349609 61.9072685241699 62.1724548339844 62.4305839538574
58.5323295593262 58.577392578125 58.6821937561035 58.6940879821777 58.7241744995117 59.0054626464844 59.1084899902344 59.1495628356934 59.3191261291504 59.3137130737305 59.4278678894043 59.4202766418457 59.3715209960938 59.6090774536133 59.3482627868652 59.3075981140137 59.4005966186523 59.5286674499512 59.6685752868652 59.5835075378418 59.6099700927734 59.7417602539062 59.7248153686523 59.6628570556641 59.9710350036621 60.2026290893555 -3.4e+38 -3.4e+38 -3.4e+38 60.1653861999512 60.4443130493164 60.7864723205566 60.7894439697266 60.8631477355957 61.0462875366211 61.0055084228516 61.2119522094727 61.2343711853027 61.2722778320312 -3.4e+38 61.4728813171387 61.4218482971191 61.6019744873047 61.6872520446777 61.9474334716797 61.9958724975586 61.8826446533203 62.2270851135254 62.2223358154297
58.5170021057129 58.5877990722656 58.7783737182617 58.6754150390625 59.0117034912109 59.0061416625977 58.8362808227539 59.1744003295898 59.2817802429199 59.3017158508301 59.4234237670898 59.4125099182129 59.3443832397461 59.7113189697266 59.4021263122559 59.4638710021973 59.3900032043457 59.4635429382324 59.4538688659668 59.493236541748 59.6335792541504 59.7373237609863 59.5871391296387 59.6598815917969 59.9124183654785 60.0584945678711 60.2746658325195 60.429630279541 -3.4e+38 60.4024658203125 60.7156372070312 60.9230766296387 60.8092803955078 60.6948776245117 61.0204925537109 61.1292991638184 61.1793556213379 61.1758041381836 61.2171363830566 61.2874412536621 61.2978630065918 61.3807487487793 61.8202362060547 61.7647018432617 -3.4e+38 61.9052543640137 61.9704437255859 62.0805320739746 62.3056869506836
58.4435119628906 58.3668212890625 58.5855331420898 58.6538276672363 59.026496887207 59.038932800293 58.9217720031738 59.2330932617188 59.2461700439453 59.3810806274414 59.6248016357422 59.5968856811523 59.4869270324707 59.7336311340332 59.5762710571289 59.7538642883301 59.5163078308105 59.3947448730469 59.3053703308105 59.3671417236328 59.6258506774902 59.7245216369629 59.7510948181152 59.8790588378906 59.8322601318359 59.7609481811523 60.3710517883301 -3.4e+38 60.43896484375 60.4985427856445 60.7405166625977 60.8739242553711 60.816032409668 60.7372856140137 60.7513084411621 61.0695457458496 61.1475791931152 61.104736328125 61.3606758117676 61.287036895752 61.2665939331055 61.5110359191895 61.6394653320312 61.7721977233887 61.8377342224121 61.8778533935547 61.9700584411621 62.0641021728516 62.3820571899414
