rcp4.5models/GFDL_CM3/sc1gr0.37
NCOLS 261 
NROWS 433 
XLLCORNER 336357.134 
YLLCORNER 654653.479 
CELLSIZE 1000 
NODATA_value -3.4e+38 
[rows 264 to 285 of 433, columns 196 to 244 of 261]
71.2408065795898 71.0147933959961 70.3941192626953 70.2372817993164 69.552848815918 69.1538848876953 68.8448486328125 68.7061614990234 68.3190536499023 68.3546676635742 68.3069305419922 67.8492889404297 67.5008010864258 68.8316192626953 72.2051162719727 72.4512557983398 70.1640701293945 68.6036758422852 66.3780212402344 65.9702224731445 65.7447891235352 66.0319061279297 67.3189544677734 68.8483123779297 67.2134170532227 65.004508972168 64.8019256591797 64.6244735717773 64.0635299682617 63.9109497070312 64.5842437744141 64.0986633300781 -3.4e+38 -3.4e+38 62.6088562011719 62.4850425720215 62.3769950866699 62.1822471618652 61.9182014465332 61.821662902832 61.6957550048828 61.3479614257812 61.1448440551758 61.0344123840332 60.8516082763672 60.6724472045898 60.6141891479492 60.5171546936035 60.3394622802734
71.0786285400391 71.0412368774414 70.933708190918 70.3016967773438 69.7056045532227 69.2022247314453 68.9988021850586 68.9297637939453 68.7383728027344 68.6659240722656 68.6672592163086 68.1657180786133 67.6256637573242 68.4713134765625 70.8240432739258 71.1463851928711 68.161003112793 67.5515213012695 66.4995346069336 66.0470809936523 65.9080200195312 66.0908966064453 66.9031677246094 67.5692291259766 66.7573318481445 64.9981994628906 64.7629928588867 64.4049224853516 64.1560745239258 64.0490417480469 63.6016387939453 63.4392929077148 63.2454376220703 62.9626159667969 62.8571472167969 62.7729187011719 62.5245628356934 62.3461837768555 62.1449241638184 62.0330505371094 61.8427124023438 61.448558807373 61.330265045166 61.1231002807617 60.9576530456543 60.8724975585938 60.7890396118164 60.6445693969727 60.467212677002
70.6903762817383 70.5213928222656 70.3788528442383 70.0384216308594 69.5400466918945 69.1634979248047 69.3237838745117 70.0928649902344 70.8270797729492 69.808723449707 68.9245986938477 68.3620910644531 67.9598159790039 68.1433410644531 68.6426849365234 68.4464950561523 68.4458160400391 67.4239120483398 66.6090621948242 66.6292572021484 66.8088760375977 66.8071975708008 65.9163055419922 65.5479583740234 65.4193725585938 65.3176345825195 65.0756454467773 65.1992874145508 64.6796188354492 64.4865264892578 63.917407989502 63.8484001159668 63.7619132995605 63.575309753418 63.2197227478027 63.1548767089844 62.7601013183594 62.5734481811523 62.537712097168 62.248851776123 62.1594429016113 61.6511001586914 61.5106163024902 61.3902130126953 61.2587776184082 61.1042747497559 61.0872421264648 60.953010559082 60.8611907958984
70.8309326171875 70.4595947265625 70.1523361206055 69.8864135742188 69.7631683349609 69.3974151611328 69.5642547607422 70.2179336547852 71.2811889648438 70.2262573242188 68.7349700927734 68.4449157714844 68.1806030273438 69.2441101074219 71.5288925170898 70.9015121459961 69.9739990234375 67.4473037719727 68.8707580566406 68.9617919921875 68.5231781005859 67.8853225708008 66.2190704345703 66.3406677246094 66.2883224487305 65.4925231933594 65.1918487548828 65.2214279174805 65.0114288330078 64.7558975219727 64.1924667358398 64.2555389404297 64.1261367797852 63.6919364929199 63.369556427002 63.1902618408203 62.8796348571777 62.7313499450684 62.4799652099609 62.2210693359375 62.1529159545898 61.7933883666992 61.6723785400391 61.5634994506836 61.4005508422852 61.2387809753418 61.2204780578613 61.1442337036133 60.9367408752441
70.9945449829102 70.6260757446289 70.3720855712891 70.1332778930664 70.0776443481445 69.7061920166016 69.90234375 71.1598587036133 71.2585525512695 70.0369338989258 68.8506927490234 68.7070617675781 68.4305801391602 69.4414443969727 72.4057388305664 72.2716903686523 70.2345657348633 67.3990097045898 72.0789566040039 71.3068771362305 69.6049499511719 67.9434280395508 66.3961334228516 66.62255859375 66.5313034057617 65.7033081054688 65.2278823852539 65.3091278076172 65.3302383422852 64.9373931884766 64.5901641845703 64.5424728393555 64.2513198852539 63.645751953125 63.3784637451172 63.228157043457 63.070140838623 62.8490715026855 62.4988059997559 62.2807579040527 62.1799621582031 61.9688835144043 61.8683815002441 61.6569633483887 61.5003967285156 61.3353614807129 61.3571395874023 61.307674407959 61.0068550109863
71.2375411987305 70.984504699707 70.7846069335938 70.4280548095703 70.1668930053711 69.8146591186523 70.3988342285156 72.2849426269531 71.7841567993164 70.3666458129883 69.1912689208984 68.9180145263672 68.5116500854492 68.4994125366211 69.7694625854492 70.2250137329102 68.8328552246094 67.5398788452148 71.9636459350586 71.7065048217773 70.5881118774414 69.0389099121094 66.6004104614258 66.3506011962891 66.2247848510742 65.8437576293945 65.5182113647461 65.5545196533203 65.7063751220703 65.1638641357422 65.1072769165039 65.1757965087891 64.6658554077148 63.823860168457 63.4731216430664 63.2890892028809 63.1563491821289 62.8599090576172 62.6174812316895 62.4206924438477 62.2656211853027 62.1528816223145 62.0536575317383 61.8426322937012 61.6481475830078 61.5532684326172 61.4587745666504 61.4416007995605 61.0965156555176
71.3257369995117 71.2765045166016 71.0207595825195 70.4444580078125 69.9982681274414 69.9532623291016 70.3357391357422 72.3253326416016 72.5898132324219 71.2507858276367 69.2919540405273 68.9211349487305 68.5361328125 68.2022933959961 68.2645263671875 68.4528350830078 68.1248397827148 67.8126220703125 71.0597229003906 72.3284530639648 72.2805099487305 71.4735946655273 68.3135681152344 66.5013656616211 66.4331207275391 66.4238433837891 66.272346496582 65.7010803222656 65.6650466918945 65.3788681030273 66.5326385498047 65.8787307739258 64.4500579833984 63.8083648681641 63.5580940246582 63.2983016967773 63.0921058654785 62.9492797851562 62.7329711914062 62.5517921447754 62.4367179870605 62.2921867370605 62.1288566589355 62.1113052368164 61.9193115234375 61.7524147033691 61.6323204040527 61.5270195007324 61.2612190246582
71.3485717773438 71.3486251831055 71.1046142578125 70.438102722168 70.0122680664062 70.2698822021484 70.4221267700195 71.4278106689453 72.6276550292969 71.5232543945312 69.3339233398438 68.9876174926758 68.5834732055664 68.3805770874023 68.4812774658203 68.3270492553711 68.1770935058594 68.1627655029297 72.3034133911133 73.5970611572266 74.1578750610352 73.4937744140625 71.4275360107422 69.2130661010742 67.4534149169922 67.0164489746094 66.5726470947266 65.5649185180664 65.4143981933594 65.3465118408203 65.8232421875 65.0137405395508 64.0675430297852 63.9128799438477 63.6293792724609 63.3531150817871 63.1134948730469 62.9858016967773 62.7693634033203 62.6708374023438 62.6248512268066 62.3373489379883 62.2988471984863 62.2918472290039 62.1648750305176 61.8430862426758 61.6586990356445 61.6115226745605 61.388111114502
71.6836929321289 71.46337890625 71.413948059082 70.5815048217773 70.3491516113281 70.8729400634766 72.4403305053711 71.8462905883789 71.2797622680664 70.8723907470703 70.2459259033203 69.1972503662109 68.7179260253906 68.4930953979492 68.6875076293945 68.4237060546875 68.2500228881836 69.0623321533203 71.3669891357422 72.6290588378906 72.7941970825195 73.8768920898438 72.753059387207 70.7030258178711 67.5530853271484 67.0801010131836 66.0575866699219 65.4952011108398 65.3461151123047 65.2187347412109 64.6353149414062 64.2899475097656 64.179069519043 64.0431900024414 63.7024383544922 63.5222969055176 63.3655662536621 63.0607147216797 62.9680290222168 62.9568061828613 62.9320907592773 62.6105461120605 62.574348449707 62.318717956543 62.1226119995117 61.8421630859375 61.6597480773926 -3.4e+38 61.4806175231934
72.0285873413086 71.5491943359375 71.2246246337891 70.8093795776367 71.3072204589844 72.4626007080078 73.4073867797852 73.5896072387695 70.7583312988281 70.5810852050781 70.3877716064453 69.3610992431641 68.817024230957 68.5641708374023 68.7579498291016 68.7412719726562 68.4714660644531 68.8506698608398 69.5734634399414 70.7122955322266 69.7814559936523 70.7550354003906 69.5472640991211 68.2873458862305 66.7541961669922 66.6175994873047 65.8766098022461 65.6306457519531 65.3765411376953 65.1434555053711 64.7929000854492 64.6151733398438 64.3325958251953 64.1366958618164 63.8316459655762 63.6903114318848 63.5681953430176 63.3051147460938 63.2729835510254 63.1142501831055 63.0614433288574 62.953010559082 62.6637191772461 62.3651504516602 62.2457275390625 62.014533996582 61.8354301452637 61.6279335021973 61.594295501709
71.9697723388672 71.4655380249023 70.973388671875 71.1488342285156 72.3262557983398 74.0620803833008 73.5748596191406 74.9063568115234 71.7541427612305 70.7599411010742 69.9321212768555 69.4189529418945 69.0209808349609 68.7663650512695 68.8248901367188 69.0639877319336 68.7090759277344 68.2115859985352 70.0415954589844 71.6502227783203 70.4127044677734 70.1667785644531 69.5603790283203 69.2381591796875 68.654899597168 68.4116134643555 68.1358108520508 66.1340179443359 65.5260314941406 65.4154815673828 64.9811325073242 64.7272872924805 64.3694915771484 64.285530090332 64.0793228149414 63.801586151123 63.6603469848633 63.5371055603027 63.3913764953613 63.2277870178223 63.1999206542969 63.0243148803711 62.7584037780762 62.4831581115723 62.3963279724121 62.2122383117676 61.9214897155762 61.8294067382812 61.6373252868652
71.7400207519531 71.3231582641602 71.0847854614258 71.1630706787109 71.8667755126953 73.1394882202148 74.1806488037109 75.9218215942383 72.6870193481445 71.801628112793 70.1646423339844 69.6403427124023 69.2431488037109 68.9542083740234 68.8870697021484 69.0643997192383 68.8812637329102 68.3954696655273 70.1320037841797 72.8549499511719 72.6380157470703 72.4842758178711 72.1618957519531 71.5284805297852 71.0739059448242 70.8976745605469 70.6487121582031 68.7653350830078 68.1012878417969 66.4131469726562 65.109016418457 64.6352767944336 64.3773422241211 64.3066940307617 64.3012619018555 63.9129981994629 63.796257019043 63.6779632568359 63.4693222045898 63.4022407531738 63.3385276794434 63.1445503234863 62.8668441772461 62.7681312561035 62.6785888671875 62.476505279541 62.084659576416 61.8804206848145 61.6887588500977
71.8219528198242 71.3547210693359 71.1916580200195 71.1520309448242 71.1742858886719 71.974235534668 74.54931640625 75.8585662841797 72.3614044189453 71.5869064331055 70.4411315917969 69.7771606445312 69.4404754638672 69.3827209472656 69.0254440307617 69.1656112670898 69.2095489501953 68.6605377197266 69.0595779418945 70.6176910400391 70.9045028686523 70.51318359375 70.6121215820312 71.3588562011719 70.9893417358398 70.5597839355469 71.1758270263672 70.4531631469727 70.3322525024414 66.3731231689453 65.104866027832 64.7724609375 64.6241760253906 64.5185699462891 64.4877395629883 64.2465515136719 64.1272659301758 63.7767066955566 63.7076072692871 63.7183799743652 63.5774345397949 63.2190933227539 63.1053047180176 63.0077171325684 62.830150604248 62.5618324279785 62.2188606262207 61.9744453430176 61.7612380981445
71.9304122924805 71.6304092407227 71.5032653808594 71.3107986450195 71.2564544677734 71.9099960327148 74.4654769897461 73.1731414794922 71.27490234375 70.6498641967773 70.3445510864258 69.8207855224609 69.7624969482422 69.9889984130859 69.302864074707 69.2902374267578 69.3468933105469 68.9197692871094 68.5546646118164 68.4825134277344 68.4969177246094 68.4781036376953 69.4568176269531 70.7903137207031 69.7789154052734 68.9094772338867 70.3678436279297 71.2615203857422 71.4387741088867 67.586784362793 65.0818176269531 64.955696105957 64.96875 64.8632583618164 64.6229476928711 64.4577102661133 64.3144760131836 63.9031105041504 63.9378356933594 63.8368911743164 63.686408996582 63.3645095825195 63.2298545837402 63.1459922790527 62.78515625 62.4653854370117 62.2417984008789 61.9857292175293 61.8247756958008
72.2765197753906 72.3555221557617 71.9787979125977 71.8477325439453 71.676628112793 72.4484176635742 74.7510147094727 71.3218383789062 70.9827270507812 70.6160736083984 70.264533996582 70.0586395263672 70.4079208374023 70.8857421875 70.6089401245117 69.598388671875 69.6088562011719 69.0929718017578 69.113883972168 69.1987609863281 68.26904296875 68.4394989013672 68.8062896728516 69.1537246704102 69.1183166503906 67.7996520996094 69.8790664672852 70.5506362915039 67.845703125 65.7181091308594 65.644905090332 65.5534591674805 65.329704284668 64.9487609863281 64.5132904052734 64.3617095947266 -3.4e+38 64.1937561035156 64.1169662475586 63.8453559875488 63.6550903320312 63.5078086853027 63.1258735656738 63.021354675293 62.7265930175781 62.4785652160645 62.2832908630371 62.1208648681641 62.0011253356934
72.77685546875 73.2758178710938 72.0442276000977 72.2286148071289 72.4033508300781 71.8808212280273 73.7936630249023 72.5423583984375 71.2029876708984 70.7192840576172 70.4050750732422 70.4019775390625 71.1288223266602 72.6343612670898 72.8823394775391 69.8992080688477 69.548828125 69.0508804321289 69.4446716308594 70.0717315673828 68.7751846313477 68.1875457763672 68.0199661254883 67.8122024536133 68.1886444091797 -3.4e+38 70.0654602050781 69.9298248291016 66.5110015869141 65.8409423828125 65.8382797241211 65.7482452392578 65.4386825561523 65.0430755615234 64.712028503418 64.607551574707 64.4606399536133 64.2450180053711 64.118049621582 63.9440460205078 63.6263427734375 63.4795684814453 63.2102317810059 63.0588645935059 62.7533226013184 62.6282653808594 62.473934173584 62.2695159912109 62.0406723022461
72.9417572021484 73.4311676025391 72.4054794311523 72.4151992797852 72.8847122192383 72.2331314086914 73.071418762207 75.4983062744141 73.0957946777344 70.8395080566406 70.5866470336914 70.6679077148438 71.7085876464844 74.037956237793 74.2156143188477 70.8746337890625 69.4924392700195 69.1357345581055 69.2144241333008 69.9970169067383 69.7040405273438 68.3775634765625 67.8557891845703 -3.4e+38 67.4681854248047 -3.4e+38 70.4182891845703 69.0408096313477 66.2101821899414 66.0489730834961 65.9929809570312 65.7461700439453 65.3802261352539 65.0516128540039 64.8809280395508 64.629638671875 64.4484558105469 64.2096328735352 64.1687469482422 64.0504608154297 63.6633987426758 63.4413375854492 63.2806968688965 63.0058517456055 62.779712677002 62.6870994567871 62.603832244873 62.3575630187988 62.1304397583008
73.119026184082 73.0893707275391 73.4972610473633 74.3723220825195 72.7007675170898 72.992301940918 73.3795547485352 77.0467910766602 75.6076049804688 72.1467132568359 70.9866790771484 71.6619567871094 72.1250915527344 73.2961578369141 74.8024139404297 72.3160018920898 69.4067611694336 69.2088088989258 69.427734375 70.3356018066406 70.0881042480469 68.5451736450195 68.1301193237305 67.7750930786133 -3.4e+38 -3.4e+38 68.5260391235352 67.3194808959961 66.4835205078125 66.2608489990234 66.1139602661133 65.7032775878906 65.3869934082031 65.0675735473633 -3.4e+38 64.5826110839844 64.4956130981445 -3.4e+38 64.0824661254883 64.083251953125 63.7820854187012 63.4577789306641 63.2259483337402 62.9707717895508 62.8235740661621 62.6560859680176 62.6177139282227 62.4026641845703 62.2255477905273
73.5750350952148 74.4220275878906 76.4560241699219 76.9086532592773 73.6008834838867 72.7726364135742 73.0397720336914 77.0703048706055 75.9124374389648 72.2785568237305 72.4682006835938 74.9031448364258 75.2385711669922 73.6332702636719 72.4703674316406 71.8216018676758 70.5355682373047 69.1006622314453 69.5846786499023 70.6395568847656 70.0512084960938 69.5574035644531 68.426628112793 67.7593612670898 -3.4e+38 -3.4e+38 67.0471572875977 66.8219604492188 66.6466827392578 66.2673645019531 66.1155776977539 65.7860260009766 65.530143737793 65.3560180664062 -3.4e+38 64.8876113891602 64.7628784179688 -3.4e+38 -3.4e+38 64.0628433227539 -3.4e+38 63.5557632446289 63.288013458252 63.0370330810547 62.9234924316406 62.7087745666504 62.6405448913574 62.5095329284668 62.2636489868164
74.0950164794922 76.166015625 77.4788131713867 77.3322830200195 75.4556427001953 72.7909469604492 72.930793762207 75.9556579589844 74.6340713500977 72.0353851318359 74.6535873413086 77.2982330322266 78.4541015625 76.0966186523438 71.7212295532227 70.4489288330078 70.5346221923828 69.1764602661133 69.3208312988281 70.0118026733398 70.5504837036133 71.0256729125977 69.4354476928711 67.7546310424805 67.4505844116211 67.322998046875 67.2307357788086 67.0086975097656 66.6670303344727 66.2732467651367 66.1193771362305 65.833137512207 65.7017669677734 65.5655517578125 65.2397003173828 65.1707000732422 64.8654556274414 64.4406204223633 64.223747253418 64.0805969238281 63.855525970459 63.6347236633301 63.4345703125 63.2084426879883 63.032341003418 62.8205261230469 62.7797966003418 62.7081413269043 62.452091217041
74.9228668212891 77.1767959594727 77.9468231201172 78.0793838500977 76.2016906738281 73.5799255371094 73.6005401611328 74.5516204833984 73.4867095947266 72.421875 75.7480239868164 78.1153411865234 79.2689971923828 76.6067428588867 72.6778411865234 70.2146682739258 69.8418579101562 69.3844299316406 69.2377853393555 69.9783325195312 71.1543045043945 70.7059783935547 69.4068450927734 67.8760986328125 67.5249862670898 67.3109817504883 67.3267974853516 67.1137161254883 66.8323516845703 66.3517379760742 66.1561431884766 65.8143539428711 65.7126159667969 65.4892883300781 65.2738571166992 65.2561187744141 65.0015335083008 64.4499816894531 64.2507400512695 64.1076202392578 63.8820953369141 63.6368064880371 63.5382270812988 63.3803253173828 63.141414642334 62.925666809082 62.8620986938477 62.7818794250488 62.5978355407715
75.6608428955078 76.6890258789062 78.3059844970703 78.6892166137695 75.6328277587891 74.0105895996094 73.8951644897461 74.3428573608398 74.0053863525391 75.0146331787109 75.5219650268555 77.697021484375 78.0000991821289 74.4362564086914 71.2517776489258 70.231315612793 69.947151184082 69.4299240112305 69.1181182861328 70.0440521240234 70.8536376953125 69.2246170043945 68.5141067504883 67.9102935791016 67.4983749389648 67.2760772705078 67.2764892578125 67.2044067382812 66.8493194580078 66.3414840698242 66.1888427734375 66.0294342041016 65.6752624511719 65.4945678710938 65.1972122192383 65.1056900024414 65.1470947265625 64.6467208862305 64.3847808837891 64.1706237792969 64.0522689819336 63.801872253418 63.6445159912109 63.4797210693359 63.2861061096191 63.136287689209 62.9158897399902 62.7925758361816 -3.4e+38
