rcp4.5models/GFDL_CM3/sc1gr8.5
NCOLS 261 
NROWS 433 
XLLCORNER 336357.134 
YLLCORNER 654653.479 
CELLSIZE 1000 
NODATA_value -9999 
[rows 176 to 197 of 433, columns 50 to 99 of 261]
37.0715470365559 37.2583951391353 37.6110023351444 38.9938341517416 39.4622296535669 39.5995753652554 40.9218950053711 41.2261000098008 42.1175319850338 42.4511507703642 43.4526737857035 43.8350404390562 44.4036580054165 45.2186506553912 46.2358503590903 46.5033752239447 46.7692110864695 47.3778461830829 47.3202388410257 47.4408739722056 47.6620037313982 47.7574049959319 47.8485970258234 47.7942832444017 47.8635462258585 47.9367647708993 48.2440966219613 48.5770251809495 49.5140582278498 49.9858032637982 50.5562195606881 51.0878428732265 51.1683999206575 51.8290895202305 52.4384104010648 52.9728651464046 53.2617169786398 53.8934575712213 54.2866484072972 54.5267569003588 55.230426510768 55.6292108243097 55.8989500423025 56.3511623109023 56.6135909062632 57.1031667080223 57.1448558293509 57.3886909323121 57.3864891051836 57.5722068544125
37.4168150292572 37.6275799937767 38.491242312829 39.6114501483811 39.7440327387537 39.9509394411765 41.178972977171 41.4329834850182 42.4113990448161 42.7958539909613 43.6502249809825 44.001374566806 44.4607029153194 45.4216074117066 46.4586159546196 46.7814362510181 46.9092247784186 47.2391526683061 47.2144558976092 47.4619820842984 47.6367264479852 47.6206809119347 47.5660724229647 47.6347276230994 47.7074709169187 47.9998313804972 48.2057349179277 48.6423331967057 49.6338821278925 50.0048549903786 50.2921069548669 50.8064194002869 50.9808648393993 51.5052370721713 52.0376153308715 52.4725932555559 52.9466616203191 53.5993486111581 54.0457046118078 54.2120678024332 55.0260934941562 55.3139737363706 55.5086575445937 55.7732012607561 56.2076521909177 56.6455133219522 56.9413874116951 57.1060353891424 57.2031932545375 57.3650900067295
37.8532788215639 38.055281642617 39.1077249302255 39.8964660149046 40.0997142901493 40.3402651279012 41.5084164784332 42.2677396005649 42.8777628677838 43.549405230112 44.0009848051725 44.2034769556202 44.8078288454944 46.261307104171 46.801951096697 46.8962318970424 46.9057387273221 47.30725493805 47.3829385776998 47.4140045774838 47.4324160164233 47.4813645531907 47.410176035107 47.4825138256331 47.7752210238629 47.9204054156712 48.1698579885085 48.6463324850139 49.4466764227655 49.8677764054315 49.947882878129 50.5674541976297 50.9322642044721 51.1954306825843 51.6961822355758 52.0507739379919 52.6361593516875 53.2886321487003 53.7686538816414 54.0202618366913 54.7491782536921 55.1705221520974 55.4239084749675 55.640122264211 55.8620277735075 56.2421648037458 56.7025251562381 56.8162715705839 57.0174002452596 57.259306386228
39.4354087834519 39.5025887680245 39.8594478996266 40.2918440390316 40.6509534992017 41.2018628523822 42.3750154999285 42.8625815635681 43.6841230895011 44.1305018000383 44.3116029387984 44.8091820582461 46.1310471759118 46.7250207902134 46.8677189070815 47.1536744530385 47.0754373724785 47.2886000044214 47.2693168807566 47.213100251361 47.2804868670842 47.3156335816745 47.4610458271814 47.5549990464476 47.699032393069 47.8844467869244 48.1835487687078 48.4993879394605 49.268539892567 49.5948493939469 49.7685234671577 50.2918139438371 50.7706935133875 51.0135265552829 51.3902433748961 51.7446770583124 52.3302075975251 52.9292267071459 53.2494243391135 53.5582368220493 54.3717849262614 54.8552176193364 55.2828236942409 55.5719362441298 55.7794316511668 56.1103604975409 56.3942462854268 56.5627741470928 56.9366016057291 57.1479187633806
40.2091670558705 40.3861154636919 40.4211088448277 40.6704272919196 41.4660350550427 41.965424270269 43.0398592405284 43.3038832491353 44.2685431448628 44.5517097333369 45.2399777851152 45.6576723276443 46.8492003153266 46.9311144657696 46.9854404342087 47.1019237415066 47.1511422124472 47.0544518208546 46.998042056953 47.0649173630755 47.099610706527 47.273622356893 47.4461419320988 47.466455973659 47.608712020405 47.9463747302726 48.1547673948487 48.3911099821058 49.2300359352387 49.3281636418734 49.6324927661966 50.114702801943 50.4892579604837 -9999 51.2982797052339 51.782721874728 52.1479568361403 52.5941838129823 52.8025218682299 53.113767968289 54.0455632157693 54.5419362710911 54.7543824211852 55.1258665046892 55.6560516773633 56.031618270219 56.0903833731326 56.2958444498655 56.7940207225977 56.9900294442101
40.5788439208272 40.698542574218 40.9850045425265 41.6710016557812 42.6003917088837 42.7907082430451 43.9299505659456 44.207303266973 44.6943756854729 45.5774721630187 46.5393427589652 46.7071043897969 47.0889618590294 46.9055646408581 46.8934570780035 46.9603589904271 46.9739506023788 46.9275844320677 46.9424856447908 47.264077456471 47.1994947390862 47.2702424741688 47.3882530982955 47.3874720533329 47.701438659907 47.9055402897043 48.0011195974479 48.4023203767408 49.0751719008567 49.2180952228403 49.5776389138967 49.9245510106931 50.3138677958984 50.5430267753375 51.127028267764 51.6899464650125 51.9054144445232 52.2384198940263 52.5388962673569 52.9315597940883 53.7151391502558 54.103913904639 54.3117996643339 54.6955022628724 55.2321790727108 55.5722359490921 55.9914379887637 56.1045801907255 56.5172572631574 56.7949435184774
41.1495037381517 41.6764746134257 42.0786669247852 42.8195794529308 43.1581436007545 43.3722945087563 44.6076876275033 45.0008397883277 45.7103287300783 46.6469919732523 46.9250040564547 47.0404267787732 47.004382972381 46.8345928575702 46.7557870142844 46.7320441053766 46.6926168433134 46.8085713411218 47.1046566326485 47.1904549150527 47.1355028385952 47.199393767093 47.2517773641622 47.4933897624383 47.6962826307044 47.7713801924365 48.0590793438962 48.2358475433867 48.926118895081 49.0626213597606 49.5522170394038 49.7735131933766 50.1270148758491 50.3699272155583 50.8340812227453 51.3959393588392 51.6007645378528 51.9095655454359 52.2668332890743 52.7439051043174 53.3866427761949 53.6960218055049 54.0733738576932 54.5847548779909 54.9890287797451 55.4099026910541 55.9170969930121 56.1944436851869 56.3614555766281 56.5919070720287
42.7106589432346 42.9339115751125 -9999 43.3323610745543 43.6916135561272 44.4172319820211 45.022439087277 45.9295508676819 46.7428896737373 46.9365364537936 46.8524344314042 46.8599352010236 46.906109780619 46.8074598026187 46.7101008338179 46.6139945007188 46.5917843450216 46.9029901720245 46.987459579692 46.9322562008129 46.9955756757218 47.0475717713713 47.2899056152458 47.4916252018657 47.5118762618813 47.6588803108446 48.0002935343264 -9999 48.7067561800981 48.7933376490543 49.3544049658271 49.5548834958214 49.9128211248132 50.3731352887493 50.6636119928083 51.1064729338893 51.3632411631693 51.8280040386886 52.1093814405253 52.5334072444359 53.2082929551267 53.4403676579038 53.9639960133677 54.5113091881685 54.7371873067104 55.2859164069799 55.5363477617364 55.8503632470895 56.2211333335334 56.4555255042602
43.4360610503604 43.4922767553111 43.6776049204199 43.8725378969648 44.6623487166039 45.0151433703023 45.9366187854383 46.5944936209041 47.289760537607 47.1299327374287 46.8666326584333 47.033890698103 47.110419899071 46.9046897476466 46.9113367429562 46.7104406490068 46.7818412202512 46.8254682165327 46.8688878745803 46.7962369837221 46.8841534262296 47.2229527634156 47.291572662371 47.3108467837906 47.4274489897469 47.6739582074196 47.8691383011871 48.0885012532538 48.5270088891156 48.9132050511422 49.2444598358848 49.5088116737194 49.8373238884053 50.2199023000797 50.4846550659222 -9999 51.2253498508899 51.7262255713354 52.1219124349617 52.4864078925471 53.1408145564848 53.4827891376667 53.8292720146229 54.2832823414998 54.3574289182949 54.777616225428 55.0452986958628 55.3714216444284 55.8795923693243 56.1184477275064
44.1985474735568 44.6244318900666 45.6697514121367 45.9582074276028 46.4097959876034 46.5997000130584 46.957078002401 46.9575595187603 47.1282347137238 47.1305362110463 47.1338062636999 46.9428717949277 47.0287671545732 46.8690352547594 46.7710777138658 46.6932656568776 46.6679907259494 46.9285423631872 46.987463122897 47.2346566046461 47.1428967663671 47.0523597611248 47.0391318434628 47.2857243882192 47.4789372890252 47.6091926384599 47.8065886724408 48.080745762211 48.7911521895739 48.8709790878383 49.1792950256258 49.4844317817169 49.8492899723834 50.1049694918353 50.4456173089232 50.7283029450982 51.1467224357262 51.471006399247 51.9719277471903 52.0844899643212 52.8541205540793 53.0998159070432 53.2505941401508 53.7226731963996 53.7610158742768 54.1359959660211 54.5874278241103 54.7974104174036 55.3108183557958 -9999
44.6041924153485 45.019213489052 46.4089033203859 46.6750401100434 46.7526518087302 46.9932798970355 47.0416814840922 46.9516687869823 46.9522514088371 47.0829486883446 47.3048844417116 47.1967575028217 47.2149821320378 46.7325403817266 46.7872779297493 46.5769575912536 46.8400926295862 -9999 46.9364088858282 47.0457802258709 47.0482645989371 47.286033644992 47.2792553906858 47.5023664839882 47.5497039476848 47.7459972712575 47.8842433733137 47.9283239210359 48.621965200593 -9999 49.1212968132226 49.3616185639668 49.7078437581538 49.9351678212409 50.3055155385917 50.5917735426969 51.124669792906 51.3089742876192 -9999 51.9025433914673 52.5799743459577 52.8483335941119 53.0462967404604 53.4829805093296 53.5914291779906 53.8620207459446 54.3462490673944 54.6245577089997 55.0016208516525 55.2276193995616
44.899808672901 45.2920380462116 46.8437393609854 47.0703248439413 47.0187364436019 47.026362673567 47.0326288937505 46.9819060686602 47.1097450559184 47.1616851758963 47.3916291297755 47.3073924971128 47.2199549186675 46.9462741334123 46.9229162047551 46.7688808840314 46.8553879116732 46.867541050516 46.8886696803586 47.1970576359781 47.1549562114923 47.2942065307228 47.4181987075735 47.4876719355551 47.6639192918292 47.8289838334631 47.8119003078817 47.8375644219267 -9999 -9999 -9999 -9999 49.5709187670475 49.7582762373793 50.1844054566478 50.4347395789692 50.8763665382978 51.1082771874046 51.484682675733 51.7246561747869 52.3445428621967 52.7252365057473 52.8448083800628 53.0594472045498 53.4233377795562 53.6943212116785 54.0980620645547 54.4212705893047 54.74127454056 55.0272620502219
45.9934625664819 46.4869729507919 47.0423237390153 47.0240985469118 46.9471901508956 46.9803789350814 47.1199782702059 47.0765230785098 47.2300098355388 47.2497847178161 47.382411382202 47.2792427262567 47.1776922682233 47.0398753889932 46.843974236997 46.8818082185693 46.7858622615134 47.1153307043668 47.0711187736922 47.1908378970906 47.2436518029818 47.2397062273131 47.3450036720963 47.6091634663539 47.6855079965427 47.8641283793453 48.0281238761209 48.0411876533218 -9999 -9999 -9999 -9999 49.4198322672022 49.697166862477 50.1206496908707 50.2727603671091 50.7206910840572 50.8775316352677 51.3274250059155 51.481087189752 52.1012588593518 52.5202478238679 52.5548566696884 52.8160559472921 53.340045282877 53.703932672502 53.9317352552915 54.1876592903933 54.5958310848919 54.860496528973
46.56377663586 46.9876606718065 47.1974817145921 -9999 47.1244224695865 47.0745972156941 47.1603685072734 47.0692301530048 47.0924373290481 47.2355157257289 47.1985984635465 47.0962772436074 46.9955836639448 46.8773750385989 46.7308300751167 46.7988661502626 47.0409604959405 47.1116077172738 47.1467290181536 47.1276878993294 47.3562931702507 47.4947398098484 47.4556440515439 47.579281191192 47.7093564126076 48.0209519085044 48.1954015318952 -9999 -9999 48.7372008584237 48.8853277565596 -9999 -9999 49.7110076822019 49.9445120251983 50.0901702822094 50.5264801003165 50.6383056353805 51.1678919183451 51.3260038532833 51.9444656682832 52.2990686134111 52.4379741001732 52.6434831605103 53.1241106897149 53.4044934560586 53.8281265858367 54.2390748040019 54.4901615401485 54.7167733462258
47.0566490348854 47.2315102312252 47.2241005826617 47.1691200333893 47.0908591764838 47.1199340480523 47.0970148448382 47.1285644730371 47.1070198519602 47.3499536767059 47.3821528275756 47.2777917954842 47.1750929458475 47.073943244682 46.9742433813695 46.9634757279974 47.1702567332139 47.0536118620617 47.2131103629812 47.20803838434 47.4835854775101 47.6234789624072 47.5320844811 47.5758904504654 47.971470069556 48.0808297408899 48.239249820803 48.4192909903071 48.6439309648569 48.7100137018382 49.051033915407 49.1703378545212 49.3233737691225 49.6765844529957 49.7919982138708 50.1957403845725 50.4110498732133 50.5232937734117 51.0378825729687 51.1887181160691 51.7878417914129 52.1783423392634 52.3768439471079 52.6818198226784 52.976975346032 53.3042641425298 53.5715685324966 54.0152324768529 54.3307399284804 54.5555390737207
47.2131515597021 47.1921032205708 47.2156508642713 47.0939827033205 46.9928953939611 46.9815968732602 47.0928888312282 47.305138456619 47.36365061287 47.4164754941152 47.5139803654708 47.3713939776013 47.1737524766327 47.2066325518364 47.107191883689 47.0286036588273 47.0541162951932 47.3421598192894 47.344861925368 47.3203428085515 47.4794411362371 47.5694189074721 47.8553949210517 47.8269770812477 47.9820353649654 48.0329836155065 48.160573885448 48.58150205894 48.721176480517 48.900829180668 49.0999530079228 49.2245392084815 49.4241561435818 49.6532286274225 49.7978127424983 50.3649739921658 50.7049954306795 50.7381218374792 51.0495090715651 51.2534074777908 52.0500802197263 52.1829634217229 52.2844488112704 52.6551143100259 52.9551199615022 53.3824695127435 53.525180186926 53.9420741440521 -9999 54.4166506837689
47.2110656607441 47.1015690621814 47.0815393398074 47.1040240608015 46.9840437999892 46.9470248309324 47.0875358557487 47.1986876485845 47.3332671579462 47.3818911474637 47.3426223383481 47.2202619785657 47.0715988680875 47.154746416968 47.453165702172 47.3530995707448 47.283082205529 47.4893625845751 47.3941558126996 47.3577222641892 47.5329055926575 47.7966025727332 48.0319199708913 47.9402732372281 47.8706138333021 47.9636434143751 48.308418055481 48.4666907635965 49.0082902119581 49.0447613911124 49.1126639246066 49.4858398832012 49.7047691841364 49.7632668385224 49.963633367727 50.2522184821777 50.7747696016598 50.9093934500606 51.2162332087033 51.3778688925451 52.0591786904541 52.1508421484372 52.4098847613197 52.559371450569 52.8899320199567 53.264909363739 53.5366280335783 53.9176666775231 54.1889071699874 54.5477025287867
47.0820527198064 47.1632352391792 47.2800549051848 47.2197454413686 47.156323204701 47.2693685253445 47.1486649167932 47.1250374160993 47.2369401689485 47.2970448136876 47.5385880310903 47.4332744042989 47.3296270552279 47.3044994755589 47.5027176313834 47.5323253477552 47.4339839628958 47.489972799318 47.4734835831724 47.6951047112516 47.8312405207269 47.8971655380878 47.9082443847929 48.0147908088031 48.1761390672663 48.1875780886792 48.4228999799225 48.4169236527082 49.0396346480342 49.1274952747147 49.2893416605963 49.4715385380915 49.7532067086138 50.0039158142885 50.0380544282465 50.1128230543716 50.5501685654409 50.8480650979226 51.3597033189437 51.2886734010735 51.86578066901 52.118615661722 52.5743708471669 52.6153009292803 52.9355154723882 53.1926332288103 53.3858019423623 53.8193907655583 54.16170960169 54.548100476917
47.2911199382446 47.2518946631653 47.2238609625822 47.1406705847887 47.1869864219383 47.1790765555925 47.0533771372127 47.0982586621083 47.1178336250059 47.3143675475628 47.5102245392448 47.4064169675026 47.3220568703671 47.328261903429 47.40642305573 47.4113613559345 47.4394492122692 47.8340373016778 47.8789343571456 48.2015184271687 47.9712559213337 47.876808020171 47.8843599509156 48.1933966392056 48.3598979152401 48.3886713369817 48.6725867463769 48.6364698311232 49.0273901120349 49.3620868303832 49.4452029249417 49.4918625333594 49.8629089501005 49.96046448866 49.9011313138942 50.0281364967672 50.4468808306611 50.7527583782635 51.2803740598934 51.2839575728177 51.8147283590862 52.0734921638764 52.500486336999 52.6642527808048 53.0299606705207 53.2401964033669 53.4855422102311 53.8114940772686 54.0117466051005 54.4491231456072
47.2798736741617 47.2927178363189 47.1643972927603 47.0575959971681 46.9994779869711 46.9079454039646 46.9661632932474 47.023902380721 47.2950358742494 47.3095694330399 47.2689195788811 47.2228033359934 47.3184620859707 47.2663162539296 47.2314259063399 47.2546596039853 47.5522895921946 47.6788933855586 48.0120323738964 48.5824218708075 48.0793085945792 48.0397775347633 48.1652394061819 48.233627510782 48.2443027049247 48.4423608104747 48.8914255617938 48.8117728115189 49.0412903134252 49.7307861929005 50.4056509134809 49.6095970800152 50.1259000529666 49.9379293332408 49.9677578198984 50.2733311595353 50.3978620635675 50.5786579208403 -9999 51.2833811733505 51.8754420173236 52.2631986258445 52.4123863829005 52.6525567458463 53.1242697353571 53.505845686601 53.6447394828108 53.8920255986156 54.2021769814688 54.5353897819772
47.1433445163182 47.3773172135211 47.2641174880527 47.1986671952108 47.1019213755122 47.143332530922 47.2311430012627 47.1605548429303 47.1833873398939 47.0760640294374 47.0087053239068 47.0376369167302 47.0696620136145 47.3032317891272 47.2547257338011 47.3638478514228 47.4268164901975 47.4971452985469 47.780674377365 47.9012122376846 47.952189309155 48.0267118789328 48.0797413566161 48.0709513950903 48.3297047111633 48.5859208620361 48.8034545705792 49.0917256358644 49.2124913344196 49.5080258952906 49.9605386836357 49.930080509384 49.9102683205669 49.9302942435175 50.1835778311575 50.226927259909 50.3785172166718 50.8220560984101 -9999 51.0905487983111 51.7615131950714 52.2787483593292 52.3963440843251 -9999 53.0435761482396 53.3751408489878 53.6296614479565 53.9347106378718 54.4547335029816 54.6529145329443
47.332521918012 47.3584153724373 47.268998505163 47.2975500469879 47.2439933829489 47.1707384075935 47.044099546452 47.0842612016367 47.0383833523599 46.9317892873096 46.9210358052143 47.1572859402209 47.2330152331004 47.2996943725762 47.2383990925381 47.3006225147326 47.3333389799191 47.6883050970579 47.9014650783425 47.887002082092 47.8963861022516 47.9691207867289 48.0406955346695 48.3112829761907 48.4157988623314 48.4778846816895 48.7207500269287 49.1366221301602 49.3316577886513 49.7299878345172 49.8875954320362 49.9701890360004 50.0710530068496 50.0456833439805 50.1912165765425 50.2887577767268 50.4069351193004 50.8452137859425 51.0246558467836 51.3068528606772 51.7181205586575 52.1850480489863 52.3950148223274 52.8368084691165 53.1458850324684 53.5369611531315 53.6890091086845 54.1593446334753 54.5777649252106 -9999
