rcp4.5models/GFDL_CM3/sc1gr9.38
NCOLS 261 
NROWS 433 
XLLCORNER 336357.134 
YLLCORNER 654653.479 
CELLSIZE 1000 
NODATA_value -3.4e+38 
[rows 154 to 175 of 433, columns 49 to 97 of 261]
41.3723526000977 42.6673240661621 42.9419136047363 44.1787719726562 44.4245796203613 45.2264518737793 46.8158874511719 49.0493431091309 50.8847694396973 50.7600593566895 51.4490242004395 51.7135734558105 52.3955307006836 54.1736793518066 54.916820526123 55.8865203857422 57.1534309387207 58.266960144043 60.9247932434082 61.5189628601074 62.6419105529785 63.5283813476562 65.2375564575195 66.6749420166016 68.1773834228516 69.3985900878906 70.7260589599609 71.8897323608398 72.8888168334961 75.8768844604492 76.9510192871094 78.3165969848633 79.8356399536133 81.5954284667969 83.1223983764648 84.8039016723633 86.0190582275391 88.0004348754883 89.3634643554688 90.3886871337891 92.2594451904297 95.2326431274414 96.2281494140625 97.0829849243164 98.9748077392578 99.9750671386719 101.610466003418 102.722229003906 104.113990783691
41.0178756713867 42.9709739685059 43.1178932189941 44.3865661621094 44.8777008056641 45.5674705505371 46.9978713989258 49.6046333312988 51.2287216186523 50.4053230285645 51.6734619140625 52.2454376220703 53.3331642150879 54.3713989257812 55.0900497436523 55.8819694519043 57.2326583862305 58.8732795715332 60.7544212341309 61.778621673584 63.0767517089844 63.8791885375977 65.3913497924805 66.4918212890625 68.2097015380859 69.6892852783203 71.2291793823242 71.7231216430664 73.0411071777344 75.4710540771484 76.7818756103516 78.5203018188477 80.0028533935547 81.5887756347656 83.1608505249023 85.0080718994141 85.9477615356445 87.6822052001953 89.3588409423828 90.3112030029297 91.8398742675781 94.8471603393555 96.0221939086914 97.0854034423828 98.9758148193359 99.8514785766602 100.983505249023 102.247375488281 103.910598754883
41.9771308898926 43.0060005187988 43.4750175476074 43.9566268920898 45.1105461120605 46.1735801696777 47.4616394042969 50.1169395446777 51.0362396240234 50.7444725036621 51.3900375366211 53.2034683227539 53.7157173156738 54.761905670166 55.0753326416016 55.9387474060059 57.5888824462891 58.7294044494629 60.5873680114746 61.9292373657227 62.9798049926758 64.4231643676758 65.3625335693359 66.2919540405273 68.1993789672852 69.6492080688477 71.1279678344727 72.0946350097656 -3.4e+38 75.2683486938477 76.8175201416016 78.6914596557617 79.7822418212891 81.1614761352539 82.7363433837891 84.5827255249023 85.5541687011719 87.3921737670898 89.0077514648438 90.2371139526367 91.6709213256836 94.6435775756836 96.0226516723633 97.0885543823242 98.9774627685547 99.8039321899414 100.779968261719 102.252082824707 103.830070495605
43.2988967895508 43.4418449401855 43.7218208312988 44.6836776733398 45.6036834716797 46.8426361083984 48.0688667297363 49.9038009643555 51.3436851501465 51.3597602844238 51.6607437133789 53.5830192565918 54.139347076416 54.9978179931641 55.5309638977051 56.4273529052734 58.2028579711914 58.9632720947266 61.0400314331055 62.3470458984375 63.2089576721191 64.6105422973633 65.431884765625 66.6739883422852 68.213249206543 69.6968994140625 71.3475952148438 72.292854309082 73.1530151367188 75.7128677368164 77.1143112182617 78.2946701049805 79.6181182861328 81.2871704101562 82.4942398071289 84.4166030883789 85.7133941650391 87.3295593261719 88.8831405639648 90.5797424316406 91.6381607055664 94.6454086303711 96.0239486694336 97.0924835205078 98.8993759155273 99.5530090332031 101.09432220459 102.174987792969 103.370811462402
44.0929870605469 44.0829734802246 44.241771697998 45.5724830627441 46.5446662902832 47.0306282043457 48.2911071777344 50.1579170227051 51.5994720458984 52.1436805725098 53.0350570678711 54.0067558288574 54.3144340515137 55.0935707092285 56.1939086914062 56.961051940918 58.4133377075195 59.1466865539551 61.721809387207 63.0151100158691 63.718189239502 64.6194763183594 65.3925247192383 66.5017623901367 68.2185363769531 69.740234375 71.5462036132812 72.3084869384766 73.2342147827148 75.5954208374023 77.3154525756836 78.4664764404297 79.6607360839844 81.4929733276367 82.494026184082 84.4614639282227 85.9241561889648 87.3296813964844 88.7801055908203 90.1240997314453 91.5894775390625 94.6481552124023 96.026123046875 97.0168075561523 98.5213623046875 99.3139266967773 100.946304321289 102.040031433105 102.771560668945
44.3262977600098 44.6887664794922 44.4851875305176 46.1530723571777 46.5716133117676 47.502010345459 48.8342971801758 50.326961517334 51.614688873291 52.458381652832 53.9685516357422 54.2439422607422 54.7761993408203 55.5242767333984 56.4639320373535 57.5067863464355 58.4189872741699 59.1948890686035 61.8749694824219 62.9279556274414 64.2607116699219 64.6936950683594 65.8091812133789 66.7667999267578 68.5962829589844 69.6664962768555 71.1845092773438 72.3903503417969 73.6489715576172 75.76904296875 77.3357925415039 78.5971069335938 79.2402496337891 81.1511611938477 82.4411163330078 84.0439987182617 85.4378509521484 86.6043319702148 88.2751846313477 89.3144989013672 91.2608337402344 94.3192596435547 96.0239639282227 96.9501876831055 98.3203353881836 99.2654113769531 100.733535766602 101.988616943359 102.559448242188
44.7646026611328 44.9030342102051 44.9255294799805 46.4026565551758 47.2626724243164 48.0503959655762 48.5849761962891 50.7312965393066 51.603630065918 52.4796829223633 54.205753326416 54.7368011474609 55.386962890625 55.8250961303711 57.2771339416504 58.0872116088867 58.4884643554688 59.681079864502 -3.4e+38 63.1639633178711 64.5211563110352 65.043083190918 65.6742401123047 67.0015563964844 68.795524597168 69.7229537963867 71.4460067749023 72.797492980957 73.8145294189453 76.052001953125 77.6316299438477 78.2863006591797 79.3717727661133 80.9589157104492 82.4117202758789 83.8043594360352 85.1552124023438 86.1814498901367 88.0314559936523 89.0720138549805 91.066650390625 93.9565811157227 95.3434143066406 96.9425811767578 98.3254623413086 99.2716674804688 100.656707763672 101.668594360352 102.483177185059
45.4194602966309 45.5585060119629 45.4834442138672 46.2509727478027 47.1346321105957 48.1323394775391 49.365852355957 51.618221282959 52.6506958007812 53.9313011169434 54.2695083618164 55.2025947570801 56.2101020812988 57.2977752685547 57.5407218933105 58.834228515625 59.6164627075195 60.6484413146973 62.4565544128418 63.9034729003906 64.5841522216797 65.4046859741211 66.5845336914062 67.6632843017578 68.7043991088867 70.0813064575195 71.2221221923828 72.572265625 74.4520797729492 76.2918853759766 77.7506713867188 78.864990234375 80.2649002075195 80.8675537109375 81.9366226196289 83.9668350219727 84.8563385009766 86.2462844848633 87.7610931396484 89.2400131225586 90.6145629882812 93.9530029296875 95.2896347045898 96.8689117431641 97.9915542602539 99.2029037475586 100.147064208984 100.914710998535 102.296653747559
45.5755653381348 45.572395324707 45.6371383666992 46.2895698547363 47.8802490234375 48.7727546691895 49.7167434692383 51.6044540405273 52.6344680786133 54.1047668457031 54.2337608337402 55.0529861450195 56.4237670898438 57.5823707580566 58.156120300293 59.0529899597168 59.8428916931152 60.8921585083008 62.645809173584 63.9604148864746 64.9700698852539 65.4546966552734 66.8213348388672 67.9750900268555 69.2511444091797 69.9677658081055 71.4898681640625 72.8759002685547 74.0746765136719 76.5187225341797 77.9649200439453 78.901985168457 80.3120269775391 80.9681701660156 82.2607650756836 83.8141937255859 85.1166687011719 86.5983963012695 87.522346496582 89.0001525878906 90.425407409668 93.5161972045898 94.8376770019531 96.8270874023438 97.7207260131836 98.8340682983398 99.9497756958008 100.838432312012 101.984107971191
46.3145484924316 45.6280403137207 46.1424980163574 46.8636283874512 47.8348236083984 48.9416770935059 49.7165107727051 52.0482215881348 52.8640251159668 54.1687431335449 54.6323661804199 55.0536804199219 56.4373817443848 57.6126441955566 58.4140281677246 59.5184440612793 60.2701759338379 61.0852394104004 63.1046371459961 64.358528137207 65.2406921386719 65.906982421875 67.1961059570312 68.1431121826172 69.1366729736328 70.2026138305664 71.6626281738281 72.7717361450195 74.2199478149414 77.042106628418 77.9964065551758 78.8784713745117 80.1291809082031 80.9681701660156 82.0610046386719 83.4558410644531 84.9207534790039 86.3581848144531 87.8050079345703 88.6783142089844 90.4345703125 93.3072357177734 94.6964721679688 96.4245223999023 97.2550354003906 98.2958755493164 99.9588012695312 100.792984008789 101.701477050781
45.4933891296387 46.1351165771484 46.7526512145996 47.0707092285156 48.1428985595703 49.4725570678711 50.5823974609375 52.2533226013184 53.0442085266113 54.1408042907715 54.4950218200684 55.4542846679688 56.5175361633301 58.0811042785645 58.847339630127 59.7597541809082 60.5343589782715 61.5526390075684 63.3373756408691 64.5581970214844 65.3811950683594 66.6006622314453 67.8293380737305 68.5653762817383 69.5185317993164 71.0958709716797 71.7313003540039 73.0055923461914 74.433235168457 77.2459182739258 78.0162658691406 78.8921508789062 80.1632690429688 80.9443359375 81.9145202636719 83.5813064575195 84.6867980957031 86.1416397094727 87.6452255249023 88.4088363647461 90.0338363647461 92.956787109375 94.5237274169922 96.1759796142578 97.1625900268555 98.7368240356445 99.8827209472656 100.390914916992 101.316627502441
45.4025764465332 45.9066619873047 47.0386848449707 47.9697036743164 49.2880554199219 50.4975051879883 51.3620719909668 52.656608581543 53.0444793701172 54.1851425170898 54.8265533447266 56.0355834960938 56.4830017089844 57.9234161376953 59.036319732666 59.8339462280273 60.9803314208984 62.2469291687012 63.4404563903809 65.025260925293 65.8975372314453 67.2220764160156 68.1510848999023 69.2665557861328 70.1018981933594 71.1976699829102 72.0908508300781 72.8735580444336 74.5497131347656 77.3504791259766 78.394660949707 78.9289474487305 80.1855773925781 80.9591674804688 81.9192657470703 83.4664840698242 84.7846221923828 86.4592666625977 87.5334625244141 88.7626647949219 90.1465759277344 92.7186965942383 94.2591705322266 95.7785034179688 96.7837066650391 98.4065780639648 99.5177764892578 100.05069732666 100.610633850098
45.6750335693359 46.6393814086914 47.5019378662109 48.3292427062988 49.7532157897949 51.2443580627441 51.5373497009277 52.904899597168 53.5215835571289 54.6186676025391 55.0436782836914 56.2926750183105 56.9237365722656 58.2191162109375 59.5070152282715 60.2592926025391 61.1817626953125 62.5401840209961 64.2681045532227 65.6450958251953 66.1285018920898 67.4541168212891 68.5825500488281 69.5360870361328 70.3490219116211 71.3591156005859 71.9920654296875 -3.4e+38 74.9083786010742 77.3532180786133 78.2716903686523 78.8740615844727 79.8649444580078 80.9971618652344 81.8985214233398 83.2892684936523 84.7912521362305 86.2687225341797 87.2683639526367 88.9516906738281 89.9609451293945 92.3262100219727 93.8249969482422 95.127311706543 96.0803985595703 97.4645767211914 98.5786361694336 99.5998458862305 99.8944931030273
46.076416015625 46.5869293212891 47.7404747009277 48.8130950927734 50.1946868896484 51.4150695800781 51.5369453430176 52.9494972229004 53.7354621887207 54.8736686706543 55.3723793029785 55.9493064880371 57.1467742919922 58.3712463378906 59.3610687255859 60.5285568237305 61.653751373291 62.9786376953125 64.5859146118164 65.5643768310547 66.5916519165039 67.7807235717773 68.4360656738281 69.5618896484375 70.4261322021484 71.6079788208008 72.3140640258789 73.7011795043945 74.8181915283203 77.4189376831055 78.46044921875 78.9508972167969 80.0484466552734 81.0230331420898 81.9994430541992 83.5798263549805 84.4402923583984 86.1248474121094 87.4413299560547 88.9283294677734 89.7243728637695 92.088005065918 93.5855255126953 94.8852157592773 95.7490997314453 96.7466812133789 97.6157150268555 98.6065826416016 99.2397842407227
46.2831115722656 46.9615669250488 48.5722770690918 49.3543968200684 49.9656562805176 51.4867057800293 51.9428253173828 53.0318031311035 54.2149047851562 55.3084297180176 55.5988273620605 56.2515296936035 57.6230163574219 58.8108024597168 59.7211112976074 61.3475685119629 62.353889465332 63.5673637390137 64.9371871948242 65.3562164306641 66.480842590332 68.0258102416992 68.6435775756836 69.5984649658203 70.455696105957 71.7712020874023 72.8622055053711 73.6124114990234 75.0555801391602 77.7633438110352 78.3425216674805 79.0278701782227 80.1861724853516 80.7092361450195 82.008415222168 83.4223098754883 84.1778259277344 85.7811889648438 87.2566146850586 88.5320739746094 89.3289184570312 92.0404357910156 93.1931533813477 94.4921569824219 95.2162475585938 95.7845458984375 96.8154678344727 97.5030899047852 98.8842163085938
46.8720016479492 48.0088653564453 48.9015159606934 49.5683212280273 50.2251281738281 51.6124458312988 52.1932754516602 53.3966674804688 54.0473747253418 55.5678176879883 56.1116828918457 57.0100936889648 58.5495414733887 59.038143157959 60.0630836486816 62.1150512695312 62.5135765075684 63.3242950439453 64.8594741821289 65.7880249023438 -3.4e+38 67.7984848022461 68.8528747558594 69.627815246582 70.5803375244141 72.1333389282227 72.842414855957 74.1555709838867 75.2762908935547 77.5967025756836 78.253547668457 79.4089202880859 80.2655029296875 80.8925476074219 82.0798263549805 83.6865844726562 84.5035018920898 85.4914093017578 86.6149978637695 87.8885269165039 88.6847381591797 91.608642578125 92.6409378051758 94.2804336547852 94.9438400268555 95.2635955810547 96.1069183349609 96.7031784057617 98.4238052368164
47.0989570617676 48.4187889099121 49.3875579833984 50.009204864502 50.4082107543945 51.730525970459 52.631763458252 53.6215400695801 54.2803726196289 55.607307434082 56.3338661193848 57.2660903930664 58.9616355895996 59.5146827697754 60.4244155883789 61.9429054260254 62.4847450256348 63.2626914978027 65.0337371826172 65.6779327392578 66.8004608154297 67.6718063354492 68.9735107421875 70.0153198242188 70.574333190918 72.0431823730469 73.2104339599609 74.9072265625 75.3190765380859 77.7899169921875 78.2625045776367 79.2992782592773 80.3461608886719 81.1074905395508 82.0360717773438 83.5513687133789 84.4053802490234 85.4717483520508 86.3851165771484 87.6560363769531 88.5436172485352 91.2849884033203 92.0559539794922 93.9081497192383 94.5670394897461 94.8176498413086 95.4559860229492 95.9693908691406 97.4746627807617
47.5900726318359 48.8627128601074 49.589485168457 50.3326950073242 51.2149505615234 51.7676620483398 52.8865585327148 53.6609649658203 54.5452194213867 56.087818145752 56.813907623291 57.7483749389648 59.4774742126465 60.2792930603027 61.2743911743164 61.7795677185059 62.5984954833984 63.8118286132812 65.2794647216797 65.8086700439453 -3.4e+38 67.6888656616211 68.9653167724609 69.9638977050781 71.0032196044922 72.3749084472656 73.7598342895508 74.8727035522461 75.8728332519531 77.6761016845703 78.2467041015625 79.0432586669922 80.0378875732422 81.2352752685547 82.341194152832 83.3253860473633 84.2294921875 85.4035797119141 86.0859680175781 87.7038421630859 88.5559616088867 90.9275817871094 91.7265853881836 93.2402954101562 94.0151519775391 94.604248046875 95.3296737670898 95.9160385131836 96.7221908569336
48.7466773986816 49.8314552307129 50.0776252746582 50.7312316894531 51.3010940551758 52.5632247924805 53.405403137207 54.2064590454102 55.3725509643555 56.7046699523926 57.0393218994141 57.9014434814453 59.3376960754395 60.4786796569824 61.3114547729492 61.7920150756836 62.5831642150879 63.6962471008301 65.7118835449219 66.0574798583984 66.7551498413086 68.1632919311523 69.3959350585938 70.2889099121094 71.5876541137695 72.5558547973633 73.6790771484375 75.0341186523438 75.6879425048828 77.9541320800781 78.7879257202148 79.7583694458008 80.2251586914062 81.32177734375 -3.4e+38 83.5140762329102 84.9026947021484 85.4868850708008 86.2624740600586 87.7410888671875 88.5361404418945 90.7770233154297 91.7166290283203 93.0110397338867 93.7469482421875 94.3256683349609 95.33349609375 95.7787475585938 96.5436477661133
50.1065521240234 50.7620849609375 51.3474349975586 51.6740264892578 53.2960243225098 53.6037979125977 54.2814903259277 55.5584983825684 56.1376190185547 57.019344329834 57.7502517700195 58.5414619445801 59.6582412719727 60.8549842834473 61.314525604248 62.5107421875 63.2230224609375 63.7460060119629 66.0153579711914 66.5918579101562 67.4687576293945 68.8213195800781 70.1273422241211 71.0188751220703 72.1716461181641 72.6407928466797 73.7678375244141 75.2029800415039 76.0702438354492 77.7808456420898 78.5648040771484 80.14990234375 80.9940567016602 82.0220642089844 82.7078857421875 83.8052978515625 84.9194412231445 85.187614440918 86.0526580810547 -3.4e+38 87.9825134277344 90.4293823242188 91.3148040771484 92.4703369140625 93.5193099975586 94.4153289794922 95.4192962646484 95.7722091674805 96.2588653564453
50.6768836975098 50.967658996582 51.5539932250977 51.8080673217773 53.1646842956543 54.0099716186523 54.325267791748 55.9981994628906 56.4091835021973 57.4200401306152 57.8269271850586 58.8938674926758 59.8945465087891 61.1359596252441 61.7114753723145 62.5245094299316 63.2798118591309 63.907844543457 66.0754852294922 66.844970703125 67.7253646850586 68.9971389770508 70.0433807373047 71.282096862793 72.3862533569336 72.6152725219727 73.6545791625977 75.3383255004883 75.7835845947266 77.7057952880859 78.9964904785156 80.428596496582 81.2338485717773 82.0944137573242 82.6786422729492 83.67822265625 85.0418090820312 85.0572738647461 86.3212203979492 87.4949722290039 87.9735946655273 90.1969528198242 91.145378112793 92.4575881958008 93.190803527832 93.9298782348633 95.408805847168 95.6504898071289 96.3823547363281
50.9286804199219 51.3783912658691 51.6418075561523 52.1842460632324 53.0423202514648 54.2731742858887 54.7303237915039 56.2680168151855 56.8505744934082 57.6943130493164 58.3440933227539 59.5192260742188 60.2937202453613 61.1910514831543 61.997875213623 62.9189910888672 63.29541015625 64.0804214477539 66.0926132202148 66.8628005981445 67.744987487793 68.9724578857422 69.9552536010742 71.5980987548828 72.4051208496094 72.635871887207 73.6781768798828 75.3115844726562 75.5859451293945 77.7813873291016 79.1365432739258 80.0357818603516 80.8791351318359 81.9257965087891 82.7964096069336 84.0195541381836 85.044059753418 85.4847183227539 86.5241470336914 87.4125442504883 88.0946807861328 89.9104385375977 91.1967849731445 92.4031143188477 92.9397659301758 94.0927352905273 95.4493255615234 95.6587295532227 96.3519744873047
