rcp4.5models/GFDL_CM3/sc1gr6.37
NCOLS 261 
NROWS 433 
XLLCORNER 336357.134 
YLLCORNER 654653.479 
CELLSIZE 1000 
NODATA_value -3.4e+38 
[rows 330 to 351 of 433, columns 98 to 146 of 261]
4810.2099609375 4321.48583984375 4058.10791015625 3907.92724609375 3872.20947265625 4017.9951171875 3714.7802734375 3210.01806640625 3034.39379882812 3050.17822265625 3055.51708984375 3047.61181640625 3055.23022460938 3015.22192382812 -3.4e+38 -3.4e+38 3057.87084960938 3022.6884765625 3061.20678710938 3107.76342773438 -3.4e+38 -3.4e+38 2994.63452148438 2920.02514648438 2906.01831054688 2880.04663085938 2771.7783203125 2575.54711914062 2519.4677734375 2690.60131835938 2709.20190429688 2668.36645507812 2632.15087890625 2610.1494140625 2622.59643554688 2610.76123046875 2577.55004882812 2542.12890625 2537.22412109375 2520.0166015625 2455.2685546875 2339.96166992188 2223.39404296875 2177.30541992188 2172.29321289062 2183.92163085938 2184.48779296875 2173.93774414062 2339.38403320312
5019.59326171875 4606.9375 4147.0810546875 3731.00317382812 3478.0263671875 3732.35034179688 3708.41943359375 3277.95288085938 3031.8662109375 2929.89477539062 2857.43237304688 2864.4892578125 2960.28784179688 2960.47021484375 3131.66381835938 -3.4e+38 3100.53930664062 3056.34936523438 3017.79614257812 2974.32177734375 2999.31225585938 3016.92846679688 2971.48291015625 2949.91577148438 2905.5263671875 2854.45166015625 2786.76953125 2667.14770507812 2525.70361328125 2489.0654296875 2535.69946289062 2558.78442382812 2518.55834960938 2549.54028320312 2589.06665039062 2586.46411132812 2549.18115234375 2498.92138671875 2472.45068359375 2463.33154296875 2457.36547851562 2368.66772460938 2256.21533203125 2182.00512695312 2165.23901367188 2165.41040039062 2166.29858398438 2158.20483398438 2351.453125
5096.828125 4931.10400390625 4617.80810546875 3957.29809570312 3514.0859375 3438.5458984375 3434.5791015625 3230.64624023438 3071.51025390625 2879.23388671875 2751.10620117188 2816.35498046875 2983.994140625 3039.82104492188 3123.76342773438 3185.87768554688 -3.4e+38 -3.4e+38 3014.64453125 2958.7041015625 2936.48364257812 2921.46850585938 2926.48657226562 2945.30102539062 2900.38012695312 2827.61352539062 2788.08642578125 2749.23852539062 2640.23168945312 2439.36181640625 2362.16650390625 2445.36254882812 2486.53637695312 2532.16040039062 2556.93920898438 2564.70874023438 2541.72192382812 2473.97631835938 2409.75024414062 2355.38305664062 2336.9990234375 2282.95678710938 2218.25415039062 2175.5380859375 2166.91943359375 2162.34594726562 2153.27099609375 2157.43969726562 2299.70434570312
5039.71142578125 5041.40380859375 4847.23291015625 4016.98510742188 3735.552734375 3447.49267578125 3243.8037109375 3167.39599609375 3083.3525390625 2936.802734375 2876.93115234375 2964.6572265625 3057.2705078125 3073.45703125 -3.4e+38 -3.4e+38 -3.4e+38 -3.4e+38 2977.3740234375 2939.208984375 2916.58862304688 2901.232421875 2884.57250976562 2876.98486328125 2853.05493164062 2801.84985351562 2773.5029296875 2746.31079101562 2700.86157226562 2583.79223632812 2435.70483398438 2428.47045898438 2520.23168945312 2550.650390625 2540.3583984375 2519.9091796875 2503.40576171875 2434.07861328125 2350.03735351562 2268.59692382812 2219.39038085938 2200.15698242188 2180.1875 2170.25341796875 2167.03051757812 2162.41333007812 2154.67260742188 2171.18115234375 2242.630859375
4852.537109375 4943.615234375 4808.74658203125 3758.82763671875 3474.42016601562 3343.03369140625 3202.41967773438 3128.63330078125 3029.45288085938 2869.04125976562 2834.55883789062 2933.14697265625 2982.92846679688 3023.01513671875 3064.7705078125 3141.19555664062 -3.4e+38 -3.4e+38 2977.6376953125 2916.43969726562 2895.970703125 2881.64794921875 2862.87548828125 2841.3154296875 2816.8408203125 2791.7724609375 2750.482421875 2725.44580078125 2697.15893554688 2664.25439453125 2590.14990234375 2522.24291992188 2544.03295898438 2557.37744140625 2526.3916015625 2482.34301757812 2460.32592773438 2363.27172851562 2265.47143554688 2218.57666015625 2193.77783203125 2184.61401367188 2176.81665039062 2170.17456054688 2165.65747070312 2161.4375 2155.560546875 2163.89453125 2234.51928710938
4415.0244140625 4603.28662109375 4693.1826171875 4140.89013671875 3721.45336914062 3528.47607421875 3349.14794921875 3085.66870117188 2923.73486328125 2743.84130859375 2716.8837890625 2815.16674804688 2845.68994140625 2905.11279296875 3039.82885742188 3100.25610351562 3048.32592773438 2993.62524414062 2945.87280273438 2898.251953125 2879.77734375 2862.6591796875 2845.00463867188 2822.27368164062 2794.9375 2771.212890625 2732.54711914062 2707.77587890625 2678.11572265625 2654.17163085938 2629.1787109375 2597.89697265625 2551.21557617188 2507.73559570312 2492.2431640625 2463.2587890625 2407.10375976562 2301.96875 2225.30932617188 2201.41577148438 2192.77221679688 2185.4267578125 2177.07373046875 2171.41723632812 2165.0859375 2160.31640625 2156.28466796875 2150.56494140625 2171.84741210938
4471.416015625 4637.81005859375 4834.90380859375 4854.736328125 4767.67822265625 4498.3046875 3966.06909179688 3555.87036132812 3171.69287109375 2819.93920898438 2832.18017578125 2856.61328125 2892.08740234375 2933.17602539062 2937.69458007812 2916.83374023438 2844.6748046875 2680.75634765625 2622.248046875 2754.66357421875 2839.86767578125 2829.85766601562 2811.060546875 2790.4638671875 2761.87646484375 2699.43505859375 2631.87036132812 2657.65551757812 2655.31494140625 2632.29248046875 2606.50952148438 2591.12182617188 2562.94995117188 2499.7373046875 2431.72192382812 2389.87841796875 2317.82202148438 2218.22192382812 2210.11889648438 2202.12158203125 2193.47924804688 2183.96337890625 2176.44702148438 2171.17260742188 2164.5517578125 2159.57153320312 2175.70556640625 2201.47143554688 2251.18627929688
4847.3515625 4897.42822265625 4924.64501953125 4884.88427734375 4845.775390625 4694.490234375 4266.1044921875 3855.58325195312 3364.96508789062 2882.71459960938 2856.02075195312 2828.94165039062 2849.65747070312 2883.55297851562 2793.29931640625 2750.08081054688 2721.02661132812 2627.79248046875 2551.88208007812 2670.89892578125 2822.62841796875 2812.9853515625 2790.86596679688 2768.71606445312 2750.04296875 2701.61791992188 2554.90966796875 2585.7392578125 2602.41259765625 2608.22119140625 2599.326171875 2580.41186523438 2559.916015625 2528.43139648438 2490.84057617188 2448.96215820312 2360.77661132812 2218.06079101562 2208.04516601562 2198.66455078125 2190.55053710938 2184.453125 2182.33715820312 2203.00634765625 2207.1826171875 2190.6953125 2235.78295898438 2263.52099609375 2194.76049804688
4933.19140625 4870.16162109375 4827.615234375 4725.74169921875 4742.712890625 4721.537109375 4530.3232421875 4088.48608398438 3473.22387695312 3078.87182617188 2977.615234375 2873.53442382812 2857.48559570312 2860.646484375 2725.13671875 2623.95166015625 2624.84790039062 2598.1416015625 2554.75805664062 2650.36254882812 2790.455078125 2780.33422851562 2765.77490234375 2743.55517578125 2733.79858398438 2700.02905273438 2483.47924804688 2451.47583007812 2491.28881835938 2548.00219726562 2564.72241210938 2550.6181640625 2534.37963867188 2510.9765625 2484.79541015625 2453.01782226562 2386.49560546875 2235.134765625 2207.55322265625 2199.85327148438 2191.55151367188 2185.951171875 2219.84790039062 2286.56616210938 2275.20825195312 2242.35913085938 2231.88525390625 2224.90795898438 2220.26098632812
4899.5712890625 4696.5966796875 4574.6630859375 4532.142578125 4685.88037109375 4740.15771484375 4695.65380859375 4430.64013671875 3949.33154296875 3578.79028320312 3378.60229492188 3213.68676757812 3033.94067382812 2960.78393554688 2965.69189453125 2743.28930664062 2674.24267578125 2643.55444335938 2621.02490234375 2613.22485351562 2644.22241210938 2646.18334960938 2687.2080078125 2720.28955078125 2702.26904296875 2663.18701171875 2473.92797851562 2380.2802734375 2387.48754882812 2445.5302734375 2506.32983398438 2529.49951171875 2503.33813476562 2474.76391601562 2440.3369140625 2398.13696289062 2363.748046875 2263.30200195312 2259.64086914062 2257.68115234375 2214.18627929688 2241.30126953125 2273.09106445312 2293.09375 2287.130859375 2244.70703125 2233.06811523438 2182.88403320312 2385.83544921875
4854.31689453125 4624.52734375 4430.1513671875 4400.79931640625 4676.37744140625 4750.05908203125 4706.064453125 4611.84423828125 4400.56494140625 4174.34423828125 3955.23168945312 3649.7265625 3360.05908203125 3301.92749023438 3241.7099609375 2925.75170898438 2804.21337890625 2789.66259765625 2769.00927734375 2707.94775390625 2660.41186523438 2656.68530273438 2684.17626953125 2708.9189453125 2668.10302734375 2616.63061523438 2460.48876953125 2388.5205078125 2377.7197265625 2427.81079101562 2514.947265625 2533.14404296875 2495.2421875 2460.84912109375 2438.93041992188 2413.99291992188 2395.00341796875 2335.00146484375 2319.80883789062 2316.2470703125 2276.42846679688 2277.24194335938 2273.837890625 2257.12426757812 2258.06030273438 2224.71752929688 2226.15454101562 2194.03271484375 2434.84814453125
4879.58056640625 4667.33544921875 4430.67919921875 4265.36083984375 4532.48095703125 4700.11669921875 4676.5400390625 4627.2578125 4534.060546875 4445.45263671875 4263.1943359375 3965.96704101562 3738.853515625 3642.8447265625 3404.12329101562 3048.75390625 2918.7021484375 2977.55590820312 2979.02197265625 2936.71533203125 2896.56665039062 2808.79931640625 2736.71875 2710.349609375 2663.7509765625 2601.82885742188 2481.04321289062 2487.38793945312 2486.1171875 2496.24975585938 2529.99877929688 2518.220703125 2490.58471679688 2462.39038085938 2441.89965820312 2423.60986328125 2418.03540039062 2414.71411132812 2366.1259765625 2314.22802734375 2313.9892578125 2269.92114257812 2284.8740234375 2273.21215820312 2247.330078125 2196.93969726562 2227.72387695312 2314.58642578125 2442.5009765625
4888.09716796875 4687.4921875 4450.6767578125 4196.4951171875 4393.84326171875 4602.72412109375 4652.5751953125 4620.763671875 4557.27392578125 4475.66748046875 4339.75390625 4147.3447265625 3946.39770507812 3782.2626953125 3528.4921875 3242.98461914062 3088.59936523438 3145.68237304688 3206.02661132812 3215.27416992188 3201.78442382812 3106.55493164062 3016.67700195312 2874.576171875 2714.79345703125 2632.24365234375 2573.84350585938 2597.95458984375 2582.51708984375 2539.20092773438 2540.39624023438 2558.9072265625 2551.17309570312 2491.78637695312 2427.41674804688 2405.46533203125 2443.22119140625 2543.30834960938 2522.2294921875 2412.55151367188 2393.89892578125 2376.587890625 2304.40454101562 2271.89599609375 2305.91650390625 2258.24072265625 2348.37768554688 2461.17749023438 2443.10620117188
4836.46142578125 4734.82666015625 4602.19580078125 4254.2275390625 4411.3173828125 4536.67529296875 4631.578125 4561.58642578125 4482.8134765625 4406.3994140625 4328.74609375 4208.36572265625 4012.88159179688 3824.61206054688 3615.31176757812 3451.5947265625 3312.1005859375 3230.26049804688 3158.97875976562 3218.8359375 3377.19091796875 3402.79809570312 3349.06665039062 3183.33569335938 2987.6806640625 2871.4931640625 2701.84228515625 2735.35961914062 2803.56787109375 2785.96264648438 2735.18115234375 2722.19897460938 2684.90112304688 2547.7021484375 2441.89331054688 2401.46728515625 2421.17041015625 2600.07373046875 2668.79272460938 2605.13598632812 2569.59814453125 2541.54296875 2427.86352539062 2409.87841796875 2452.74487304688 2442.4814453125 2469.71118164062 2492.43774414062 2435.64038085938
4822.318359375 4783.01904296875 4727.8896484375 4259.4033203125 4385.80908203125 4561.81201171875 4593.26416015625 4520.806640625 4441.0595703125 4326.212890625 4277.55859375 4250.14697265625 4111.5078125 3958.67236328125 3790.87939453125 3640.43774414062 3458.02172851562 3298.88110351562 3145.62133789062 3095.25244140625 3194.37817382812 3284.416015625 3371.27368164062 3377.92016601562 3287.51708984375 3174.63745117188 2881.91357421875 2955.64575195312 3037.59008789062 3041.9091796875 2971.31616210938 2919.66674804688 2866.95751953125 2737.27294921875 2636.01684570312 2578.75439453125 2455.83984375 2475.65356445312 2645.53442382812 2697.2119140625 2665.99438476562 2626.16015625 2587.86743164062 2572.89038085938 2553.64453125 2536.77465820312 2512.744140625 2483.11181640625 2425.05395507812
4801.33740234375 4772.82958984375 4711.9599609375 4226.646484375 4419.39697265625 4610.298828125 4581.8896484375 4537.6396484375 4484.517578125 4392.349609375 4342.16845703125 4321.740234375 4243.04150390625 4163.9873046875 4000.73193359375 3796.6875 3588.36987304688 3486.0107421875 3400.73559570312 3266.97631835938 3126.08276367188 3085.580078125 3159.8720703125 3234.83813476562 3323.44311523438 3301.12182617188 3103.62719726562 3118.88110351562 3105.27880859375 3082.88598632812 3046.12109375 3007.59106445312 2968.6220703125 2907.56469726562 2852.21264648438 2804.27099609375 2667.85571289062 2509.95141601562 2643.92919921875 2696.86279296875 2663.39819335938 2637.30883789062 2608.98779296875 2582.21630859375 2556.12939453125 2527.32666015625 2499.99975585938 2469.65234375 2406.4248046875
4690.93115234375 4741.8466796875 4543.5107421875 4183.76416015625 4330.56787109375 4467.71337890625 4499.15771484375 4441.35986328125 4377.72998046875 4349.408203125 4266.77099609375 4206.841796875 4215.044921875 4171.08349609375 4086.45947265625 3954.15185546875 3829.103515625 3752.68725585938 3643.82836914062 3518.1630859375 3374.9345703125 3239.6845703125 3161.57348632812 3188.7109375 3310.22290039062 3319.86840820312 3221.33276367188 3173.33349609375 3127.625 3081.4501953125 3036.33618164062 2996.33959960938 2958.392578125 2921.45922851562 2888.43920898438 2844.30419921875 2795.9638671875 2679.80541992188 2701.17236328125 2684.39965820312 -3.4e+38 2626.16430664062 2599.21044921875 2570.73803710938 2546.70678710938 2516.61108398438 2485.06787109375 2455.56323242188 2404.68994140625
4455.92724609375 4610.81103515625 4412.01025390625 4331.1689453125 4305.89990234375 4315.93115234375 4316.85595703125 4268.83642578125 4224.9873046875 4171.3779296875 4145.65087890625 4142.53076171875 4175.861328125 4148.27197265625 4078.6865234375 4032.3623046875 3967.03442382812 3855.64184570312 3727.0126953125 3621.44946289062 3535.35766601562 3408.76245117188 3291.74145507812 3286.34301757812 3329.76928710938 3306.9619140625 3211.98779296875 3162.9111328125 3113.55249023438 3066.5185546875 3018.5654296875 2979.71240234375 2950.41943359375 2921.48266601562 2882.38818359375 2837.91625976562 2800.75268554688 2739.75634765625 2711.51831054688 2677.6240234375 2643.947265625 2617.16772460938 2591.01733398438 2564.55883789062 2541.46264648438 2512.77294921875 2481.9326171875 2457.2265625 2414.64526367188
4162.326171875 4147.96630859375 4355.35107421875 4613.78662109375 4538.765625 4425.94873046875 4383.69482421875 4322.33740234375 4218.42333984375 4210.19287109375 4270.5966796875 4275.64404296875 4180.5595703125 4037.46899414062 4003.52221679688 3978.79565429688 3922.51342773438 3852.41552734375 3797.763671875 3699.84545898438 3534.00439453125 3398.86157226562 3188.7958984375 3054.5810546875 3138.40112304688 3181.9453125 3139.47680664062 3119.54541015625 3086.63354492188 3040.107421875 2993.74584960938 2946.28295898438 2905.84692382812 2870.82592773438 2841.49926757812 2813.1796875 2782.49145507812 2717.41284179688 2689.66967773438 2665.59399414062 -3.4e+38 -3.4e+38 2579.47729492188 2552.41162109375 2527.64306640625 2504.71166992188 2478.54711914062 2450.73022460938 2415.27416992188
4152.31103515625 4120.71533203125 4197.84716796875 4571.0908203125 4427.625 4288.86767578125 4360.8916015625 4402.63037109375 4297.29296875 4230.70166015625 4246.37548828125 4239.6064453125 4127.20556640625 3995.07739257812 3942.15502929688 3894.2939453125 3824.27368164062 3747.93676757812 3665.02270507812 3593.8134765625 3494.38159179688 3389.04638671875 3221.39331054688 3064.46508789062 3030.38452148438 3032.56762695312 3049.427734375 3090.7998046875 3075.03979492188 3025.1142578125 2977.1591796875 2933.7451171875 2897.49829101562 2856.14916992188 2824.53857421875 2797.45092773438 2771.62231445312 2707.25317382812 2684.11010742188 2659.4990234375 2631.54345703125 -3.4e+38 2576.763671875 2547.59252929688 2519.42626953125 2492.8740234375 2465.10571289062 2427.23413085938 2387.37622070312
4192.3408203125 4094.84033203125 4063.1162109375 4389.31689453125 4317.93896484375 4228.74658203125 4265.7568359375 4276.4365234375 4211.9443359375 4196.40673828125 4212.2841796875 4209.8515625 4149.87109375 4057.14428710938 3774.80859375 3704.87133789062 3711.2724609375 3584.29174804688 3444.12768554688 3336.26318359375 3204.578125 3124.626953125 3120.49145507812 3069.5546875 2934.40161132812 2877.17333984375 3009.66162109375 3036.36059570312 3048.22314453125 3015.33422851562 2955.35522460938 2918.82958984375 2883.525390625 2845.49365234375 2817.43579101562 2797.79565429688 2772.15454101562 2700.77709960938 2680.67016601562 2657.39794921875 2625.97265625 2599.65380859375 -3.4e+38 2543.8212890625 2518.09130859375 2495.95336914062 2468.56811523438 2423.99267578125 2326.36596679688
4299.404296875 4199.1025390625 4123.52978515625 4201.6533203125 4341.3330078125 4374.17431640625 4320.31787109375 4247.068359375 4171.39990234375 4116.75390625 4144.60009765625 4178.16357421875 4129.25830078125 4038.44458007812 3822.79931640625 3691.28930664062 3676.10278320312 3551.818359375 3430.14916992188 3335.42407226562 3109.30004882812 2889.53930664062 2832.73852539062 2821.96166992188 2728.2236328125 2670.5849609375 2851.45556640625 2953.56469726562 3033.71801757812 3014.70654296875 2937.02368164062 2899.421875 2862.60571289062 2833.64428710938 2809.4267578125 2789.24365234375 2762.46020507812 2698.421875 2680.26611328125 2653.97485351562 2621.07788085938 2594.94653320312 -3.4e+38 -3.4e+38 -3.4e+38 2507.27734375 2477.45483398438 2433.79736328125 2324.83813476562
