rcp4.5models/GFDL_CM3/sc1gr8.16
NCOLS 261 
NROWS 433 
XLLCORNER 336357.134 
YLLCORNER 654653.479 
CELLSIZE 1000 
NODATA_value -3.4e+38 
[rows 352 to 373 of 433, columns 49 to 97 of 261]
303.043762207031 305.857696533203 307.825073242188 317.177368164062 329.038970947266 337.968658447266 347.408264160156 361.67041015625 364.562377929688 367.976959228516 371.437164306641 374.025085449219 377.548461914062 380.784851074219 383.414733886719 387.049835205078 389.691314697266 391.566101074219 394.91796875 394.227569580078 394.597534179688 395.829864501953 396.12646484375 396.750305175781 397.205780029297 401.298095703125 400.768188476562 401.849487304688 405.379211425781 405.708679199219 408.012481689453 411.864837646484 415.512664794922 418.736114501953 418.894317626953 414.985870361328 406.978698730469 405.277709960938 405.412231445312 408.949615478516 416.920135498047 405.514434814453 395.792877197266 393.087188720703 391.366424560547 389.794128417969 386.684295654297 388.34912109375 393.927642822266
298.728912353516 303.506774902344 307.433013916016 316.980895996094 329.728515625 336.488403320312 344.042999267578 362.344512939453 365.583404541016 368.500427246094 371.425384521484 374.620208740234 377.770812988281 380.865203857422 384.234497070312 388.2041015625 390.549530029297 391.879211425781 395.452697753906 394.290466308594 395.768615722656 396.849609375 398.805755615234 399.030517578125 397.774932861328 399.502197265625 400.901916503906 400.143341064453 400.336822509766 409.349304199219 412.296691894531 413.880615234375 414.386871337891 419.302734375 423.390319824219 421.796356201172 415.722961425781 408.761901855469 405.147216796875 411.049255371094 420.877349853516 415.456604003906 405.820220947266 397.262084960938 398.002471923828 398.373138427734 392.086853027344 388.694641113281 396.701263427734
296.509338378906 301.257568359375 306.566558837891 315.298400878906 328.244140625 337.372009277344 345.533477783203 362.330688476562 365.484436035156 368.335571289062 371.292358398438 374.965454101562 378.152465820312 380.684661865234 384.739074707031 388.292602539062 390.986541748047 392.125427246094 396.284118652344 396.199493408203 397.018981933594 398.090301513672 399.819274902344 402.659515380859 402.893096923828 401.541412353516 401.135162353516 402.586456298828 402.944671630859 413.530975341797 418.193115234375 415.353515625 414.821929931641 421.480651855469 427.005706787109 427.192779541016 425.522735595703 419.723968505859 411.698364257812 413.441223144531 421.201416015625 419.644134521484 419.10498046875 405.448913574219 399.277679443359 405.472564697266 403.673431396484 394.662628173828 399.384490966797
298.508636474609 302.185791015625 306.380126953125 314.415588378906 326.422271728516 336.88037109375 344.921600341797 362.192687988281 365.403381347656 368.841156005859 371.661437988281 375.124694824219 378.925170898438 381.055084228516 384.1357421875 387.875701904297 391.618560791016 393.007873535156 399.189453125 398.875244140625 397.4423828125 399.47900390625 399.766357421875 403.043975830078 405.032165527344 402.944396972656 401.370361328125 404.145385742188 404.821533203125 409.54931640625 417.600219726562 414.947204589844 411.683197021484 418.011901855469 421.235504150391 427.286102294922 432.710754394531 430.113952636719 423.266052246094 416.854400634766 421.187805175781 415.378570556641 418.678161621094 420.367950439453 408.063537597656 411.329742431641 416.501342773438 410.342193603516 406.882171630859
298.750946044922 301.76806640625 307.689880371094 315.379791259766 323.83544921875 339.192413330078 352.003387451172 362.026672363281 366.084747314453 369.859436035156 374.089111328125 375.958801269531 379.378021240234 382.465209960938 385.079711914062 390.162780761719 392.764953613281 394.294128417969 401.218322753906 400.230926513672 398.305725097656 403.018585205078 406.5947265625 406.525970458984 404.715270996094 405.426300048828 404.437866210938 404.392303466797 405.817596435547 408.169372558594 415.354919433594 419.589080810547 419.88818359375 422.867401123047 422.518615722656 424.088714599609 430.410583496094 432.685119628906 430.968963623047 421.902679443359 418.455474853516 425.466156005859 428.994537353516 434.003326416016 423.476837158203 420.829559326172 424.636108398438 424.468811035156 418.135131835938
293.440093994141 298.451263427734 308.036407470703 316.803497314453 322.779113769531 338.051452636719 355.893188476562 361.178985595703 366.787109375 370.087738037109 374.065887451172 376.012756347656 379.269470214844 386.721740722656 389.054565429688 391.697296142578 395.554534912109 395.967193603516 401.304229736328 402.093597412109 402.177459716797 403.659515380859 413.131988525391 412.925689697266 407.320251464844 413.472381591797 411.188446044922 405.910064697266 407.026763916016 408.517333984375 418.854888916016 429.783874511719 432.579833984375 434.245422363281 431.461578369141 428.702392578125 431.043853759766 434.382659912109 436.200042724609 431.988464355469 426.525512695312 432.822357177734 442.239410400391 442.981109619141 436.149536132812 430.783508300781 427.193939208984 427.572875976562 425.846557617188
289.294494628906 299.702026367188 309.368774414062 319.810913085938 323.720001220703 334.611877441406 350.660919189453 362.940338134766 367.180450439453 370.127563476562 372.654846191406 378.437622070312 383.21875 387.339050292969 393.98095703125 397.596832275391 400.744842529297 401.915252685547 403.1025390625 401.053619384766 406.474578857422 406.092803955078 415.559936523438 414.500366210938 410.639892578125 417.938903808594 414.140106201172 408.320922851562 408.593994140625 410.135620117188 417.067932128906 432.514892578125 439.746459960938 439.504486083984 438.057495117188 437.029449462891 437.049102783203 438.942321777344 441.982574462891 441.525024414062 440.086090087891 433.956787109375 441.201873779297 436.260803222656 434.6064453125 439.630401611328 431.160339355469 427.5654296875 430.142822265625
289.349945068359 301.923187255859 309.780578613281 315.956939697266 327.355346679688 336.085876464844 352.184967041016 363.540405273438 367.398529052734 369.749938964844 372.583618164062 383.77197265625 393.150360107422 388.627166748047 396.124755859375 404.732391357422 405.914611816406 406.966613769531 400.569305419922 399.225982666016 404.188873291016 406.191009521484 410.155029296875 410.768676757812 411.196441650391 420.206970214844 423.602355957031 415.493957519531 410.633728027344 412.222473144531 413.330108642578 427.290313720703 441.2060546875 443.347839355469 443.369506835938 443.680847167969 441.248504638672 442.494415283203 448.221710205078 448.051208496094 447.013244628906 442.369964599609 442.175415039062 438.513214111328 440.699371337891 448.726898193359 442.523010253906 433.523712158203 431.005004882812
286.135375976562 296.375701904297 302.985656738281 313.391723632812 328.827819824219 337.304748535156 345.954620361328 357.370300292969 365.390319824219 375.591583251953 385.161315917969 391.858947753906 396.225311279297 397.862365722656 401.182769775391 409.430480957031 412.412994384766 410.6083984375 413.432647705078 408.185455322266 407.024078369141 408.325744628906 415.959228515625 416.996337890625 424.507171630859 430.494323730469 430.486480712891 427.7919921875 420.645965576172 420.807769775391 419.986968994141 424.860443115234 436.537414550781 443.892944335938 443.058685302734 448.190490722656 451.768493652344 451.128784179688 455.721496582031 458.913940429688 456.951690673828 456.833404541016 454.131195068359 452.564483642578 453.498077392578 455.310333251953 455.552307128906 455.360137939453 454.408599853516
284.217803955078 292.982482910156 301.655029296875 312.723724365234 328.089447021484 336.315185546875 344.679138183594 356.713165283203 364.782958984375 374.047760009766 384.706695556641 392.892639160156 396.092956542969 397.518493652344 404.869873046875 403.973785400391 404.347869873047 414.131072998047 414.238525390625 412.213623046875 408.888092041016 410.166290283203 417.189361572266 418.007690429688 424.517761230469 427.961120605469 430.734069824219 434.570953369141 425.622955322266 422.422485351562 422.929382324219 423.98828125 428.108337402344 439.133941650391 445.714752197266 449.760192871094 456.90673828125 459.379211425781 462.300994873047 464.809936523438 463.815551757812 461.981903076172 461.066802978516 459.437164306641 460.035186767578 460.641815185547 459.757080078125 459.564971923828 461.218841552734
286.636657714844 291.369018554688 301.244140625 311.952789306641 322.357727050781 331.239776611328 340.927886962891 357.008941650391 365.943054199219 373.666625976562 382.462524414062 392.245391845703 401.509857177734 403.408966064453 407.092803955078 402.130523681641 401.904083251953 411.105743408203 407.984588623047 410.328063964844 409.913177490234 410.754974365234 413.782043457031 418.932525634766 421.505889892578 424.565002441406 434.194793701172 436.270812988281 430.082580566406 423.468811035156 427.026031494141 425.959655761719 425.076812744141 437.452239990234 450.800262451172 456.599456787109 461.652770996094 464.875183105469 466.420745849609 468.179321289062 469.912109375 465.233123779297 465.876403808594 464.685119628906 465.387786865234 466.773559570312 465.689788818359 463.978088378906 464.373565673828
-3.4e+38 291.369415283203 297.945648193359 305.894409179688 314.163909912109 325.521087646484 339.312469482422 357.106475830078 368.075531005859 376.537139892578 381.963104248047 391.254333496094 403.598541259766 409.112060546875 408.715362548828 406.150512695312 404.770141601562 408.883850097656 406.900756835938 406.707611083984 409.158233642578 410.825897216797 417.268920898438 425.072540283203 422.941772460938 427.005432128906 438.946258544922 434.312744140625 429.503814697266 423.629058837891 428.584564208984 432.250030517578 430.719696044922 433.517578125 441.822875976562 453.958465576172 462.342590332031 467.449096679688 469.794403076172 471.346588134766 474.133544921875 469.214294433594 468.858093261719 469.492584228516 469.865356445312 471.285003662109 472.48291015625 470.451049804688 467.547698974609
-3.4e+38 291.017028808594 297.078369140625 303.066772460938 310.933319091797 323.422668457031 337.439422607422 357.501983642578 366.357116699219 377.925537109375 384.695373535156 394.740509033203 401.375122070312 406.630279541016 404.8515625 407.6943359375 404.101379394531 408.357513427734 410.966583251953 409.706024169922 411.487640380859 412.122894287109 419.162750244141 428.297302246094 429.092529296875 433.729919433594 441.683898925781 433.108459472656 426.907043457031 428.465362548828 428.373504638672 434.592712402344 435.068267822266 432.583343505859 442.835235595703 451.86328125 457.237976074219 466.438720703125 472.054016113281 474.253967285156 476.586517333984 473.781677246094 471.318908691406 472.343841552734 472.896728515625 474.551391601562 476.820373535156 475.819732666016 472.693145751953
-3.4e+38 290.737365722656 300.702758789062 307.080078125 313.163848876953 323.104461669922 335.442291259766 356.587005615234 368.069366455078 376.892669677734 385.088806152344 398.245819091797 403.635803222656 399.518798828125 395.483734130859 400.181304931641 401.683746337891 408.115631103516 409.068817138672 410.710418701172 412.957275390625 419.450286865234 420.609527587891 421.698120117188 426.459991455078 439.421997070312 446.020080566406 437.338989257812 430.003540039062 440.859466552734 436.371978759766 434.794616699219 439.437408447266 437.89501953125 446.373016357422 458.029754638672 462.765014648438 467.799499511719 473.46435546875 477.268920898438 478.903961181641 478.27880859375 476.463226318359 474.967742919922 476.549896240234 478.472839355469 478.858428955078 478.0400390625 476.261901855469
-3.4e+38 -3.4e+38 299.842742919922 306.476898193359 314.80810546875 324.252349853516 334.455352783203 352.618713378906 367.117279052734 376.831420898438 382.601531982422 390.553283691406 398.445007324219 397.352661132812 393.746032714844 395.646179199219 400.541320800781 405.414489746094 409.015106201172 412.421600341797 413.779571533203 422.286071777344 422.094024658203 420.084533691406 427.831420898438 435.458892822266 441.368225097656 440.700256347656 435.237487792969 440.103973388672 438.482299804688 436.009429931641 443.337585449219 446.921661376953 444.988403320312 460.154724121094 474.163879394531 468.486236572266 473.927642822266 484.721282958984 486.110900878906 485.620574951172 485.849670410156 479.235382080078 477.322784423828 479.115173339844 479.542205810547 478.564361572266 477.595001220703
-3.4e+38 -3.4e+38 299.342254638672 305.864593505859 313.606597900391 323.897308349609 331.410949707031 348.949951171875 363.815002441406 373.489807128906 381.223602294922 386.537078857422 391.155029296875 394.568237304688 394.415344238281 396.499237060547 400.715606689453 404.101501464844 414.957397460938 422.801422119141 422.205291748047 424.822998046875 428.997741699219 425.936218261719 437.000366210938 440.579376220703 443.245239257812 449.132995605469 441.581420898438 435.203216552734 436.226196289062 436.607879638672 441.040557861328 447.206329345703 448.969909667969 459.125854492188 476.408386230469 478.465667724609 480.610656738281 489.592864990234 494.273681640625 490.25537109375 492.786010742188 487.945037841797 482.001312255859 480.832763671875 480.923217773438 479.158874511719 479.428649902344
-3.4e+38 -3.4e+38 302.116455078125 306.604400634766 315.686553955078 320.034637451172 325.698974609375 348.551055908203 362.530242919922 369.579315185547 379.519104003906 387.646636962891 389.663330078125 392.706726074219 395.127227783203 398.663665771484 401.670532226562 403.843383789062 420.204833984375 431.685485839844 433.244445800781 435.061004638672 440.172973632812 431.874298095703 438.714965820312 447.995178222656 448.564331054688 455.06884765625 450.329071044922 437.412689208984 437.475982666016 437.332885742188 438.380950927734 446.480804443359 463.489624023438 474.272399902344 482.086791992188 486.597259521484 488.232421875 491.629852294922 492.832611083984 495.802307128906 497.276153564453 493.68701171875 490.758331298828 488.305847167969 482.321197509766 481.037933349609 484.352478027344
-3.4e+38 -3.4e+38 297.780517578125 310.011413574219 315.388610839844 318.102355957031 323.163604736328 347.459075927734 359.593688964844 367.799285888672 376.829742431641 394.706024169922 395.1494140625 392.437683105469 395.897033691406 402.521728515625 405.481292724609 406.264831542969 422.138275146484 437.102813720703 440.943817138672 442.494598388672 445.485687255859 441.320831298828 440.571014404297 450.455200195312 453.345458984375 457.477783203125 462.593231201172 442.187255859375 438.382659912109 438.190521240234 437.939392089844 448.757751464844 468.253845214844 480.266876220703 481.661102294922 481.947998046875 490.219390869141 492.822082519531 490.629516601562 496.693176269531 497.178497314453 496.253967285156 498.235107421875 492.271728515625 486.636444091797 484.429779052734 481.990295410156
-3.4e+38 -3.4e+38 299.032348632812 308.833862304688 312.222686767578 318.265869140625 323.497100830078 346.088958740234 357.22216796875 366.687774658203 375.613555908203 390.014617919922 394.777374267578 394.115539550781 396.974548339844 403.334503173828 409.206573486328 412.198425292969 418.948822021484 433.734588623047 444.624572753906 448.186950683594 444.070648193359 441.348205566406 441.801696777344 448.543762207031 449.514739990234 456.865295410156 472.516998291016 452.449737548828 438.801513671875 439.98828125 438.880035400391 451.005493164062 465.411560058594 472.155639648438 478.701080322266 482.589447021484 487.755920410156 490.678039550781 491.319366455078 495.659851074219 497.505615234375 489.554992675781 491.668029785156 492.657806396484 484.732604980469 480.885223388672 481.027282714844
-3.4e+38 -3.4e+38 297.935760498047 303.853546142578 310.729705810547 317.171691894531 326.012756347656 344.036590576172 355.138549804688 364.119232177734 371.725708007812 380.973388671875 392.927612304688 399.225067138672 400.661682128906 404.635528564453 407.361267089844 412.431640625 417.534545898438 424.186859130859 429.785858154297 435.707214355469 441.471801757812 452.19873046875 457.794891357422 443.765502929688 433.672790527344 449.175994873047 469.312347412109 471.728485107422 450.604675292969 443.109893798828 442.395538330078 443.22998046875 454.805999755859 463.948303222656 470.156677246094 473.512817382812 475.111785888672 480.394775390625 484.615234375 492.356140136719 477.420013427734 473.720520019531 474.388580322266 464.391815185547 472.953674316406 472.34814453125 465.875244140625
-3.4e+38 294.535736083984 298.618591308594 304.804931640625 311.981811523438 321.039611816406 330.429290771484 345.033477783203 355.527801513672 365.264221191406 373.875305175781 380.839111328125 392.31103515625 397.321594238281 402.104919433594 406.698028564453 408.659423828125 412.528045654297 426.525756835938 430.963531494141 429.258239746094 432.028625488281 445.445007324219 452.410583496094 448.780792236328 439.919799804688 434.221282958984 449.811218261719 469.678466796875 485.320678710938 471.060760498047 454.67919921875 446.418640136719 447.354827880859 454.423248291016 459.373657226562 465.561645507812 470.428894042969 470.070617675781 469.320953369141 472.382873535156 498.73095703125 486.365417480469 479.877655029297 480.738830566406 463.964294433594 463.874237060547 475.243438720703 469.895843505859
-3.4e+38 296.186492919922 300.385131835938 306.704223632812 313.613555908203 322.212951660156 330.129150390625 345.384033203125 356.689392089844 366.330596923828 372.854278564453 377.334320068359 387.763732910156 392.590270996094 399.263641357422 407.298309326172 414.833465576172 416.856842041016 433.758239746094 443.781585693359 446.857452392578 444.799346923828 446.150848388672 447.066802978516 438.804962158203 434.137878417969 434.466796875 443.40966796875 467.705871582031 490.725646972656 487.739044189453 463.829315185547 444.412322998047 443.552276611328 450.411102294922 459.034759521484 463.762176513672 465.974822998047 463.914184570312 464.827117919922 470.367736816406 498.383819580078 493.500366210938 486.795471191406 478.836334228516 469.244995117188 440.703430175781 444.471557617188 469.412628173828
