rcp4.5models/GFDL_CM3/sc1gr9.31
NCOLS 261 
NROWS 433 
XLLCORNER 336357.134 
YLLCORNER 654653.479 
CELLSIZE 1000 
NODATA_value -3.4e+38 
[rows 88 to 109 of 433, columns 98 to 146 of 261]
147.641830444336 147.186798095703 146.897338867188 145.937271118164 145.459838867188 145.054779052734 144.577774047852 144.225448608398 143.643936157227 142.599685668945 142.609298706055 142.020736694336 141.243194580078 140.350402832031 138.722763061523 137.961395263672 137.25569152832 135.888595581055 135.226470947266 134.858779907227 133.594116210938 132.454147338867 132.045562744141 130.634750366211 129.553176879883 128.569931030273 126.639457702637 125.353546142578 123.949378967285 123.29997253418 122.00838470459 120.778190612793 120.067817687988 119.090713500977 117.663925170898 116.772010803223 116.034942626953 114.22583770752 113.209030151367 112.286766052246 111.358139038086 110.328735351562 109.42578125 108.821334838867 107.759735107422 106.804557800293 106.027229309082 105.270210266113 102.842552185059
149.317749023438 148.801849365234 147.958145141602 146.986267089844 146.49299621582 146.010787963867 145.668670654297 145.399993896484 144.865142822266 144.118560791016 143.519226074219 142.734588623047 141.831558227539 141.106109619141 139.68049621582 139.125564575195 138.56672668457 137.111907958984 136.098098754883 135.482437133789 134.654937744141 133.477142333984 132.642288208008 131.578369140625 130.557510375977 129.050201416016 127.178321838379 126.119812011719 124.992301940918 123.819000244141 122.945747375488 121.805519104004 120.586311340332 119.788932800293 118.443824768066 117.447372436523 117.117767333984 114.664215087891 114.218887329102 113.042045593262 111.95401763916 111.262107849121 110.46688079834 109.301170349121 108.447814941406 107.530151367188 106.583457946777 105.933738708496 103.327819824219
150.262985229492 149.758712768555 148.98274230957 147.642562866211 147.699066162109 147.353210449219 146.938598632812 146.521057128906 145.961654663086 145.036880493164 144.298263549805 143.701156616211 142.676574707031 142.542251586914 140.366561889648 139.633529663086 139.239013671875 138.313598632812 136.672485351562 136.145874023438 135.282272338867 134.469787597656 133.333038330078 132.240951538086 131.365982055664 130.429306030273 127.806251525879 126.792304992676 125.891418457031 124.676727294922 123.60181427002 122.722457885742 121.475616455078 120.203300476074 119.426979064941 118.367980957031 117.627059936523 115.62264251709 114.682723999023 113.583618164062 112.194519042969 111.756568908691 110.959915161133 109.610382080078 109.041999816895 108.285652160645 106.944145202637 106.319999694824 103.710647583008
152.175567626953 151.614562988281 150.500045776367 150.34294128418 149.426055908203 148.909393310547 148.304794311523 147.793121337891 147.289703369141 146.805374145508 145.948318481445 145.657638549805 144.786148071289 144.304458618164 142.311904907227 141.839416503906 140.740219116211 139.396636962891 138.890960693359 138.199188232422 136.551605224609 136.00634765625 135.424133300781 133.959350585938 132.742889404297 131.746276855469 129.898681640625 128.650650024414 127.387504577637 126.264152526855 124.839233398438 123.609443664551 122.99097442627 122.016586303711 120.805351257324 120.101440429688 118.91674041748 117.018852233887 115.640434265137 114.276664733887 113.470001220703 112.766006469727 -3.4e+38 110.97386932373 109.975700378418 109.141723632812 108.042457580566 106.592323303223 105.045936584473
152.794876098633 152.277725219727 151.626571655273 151.392913818359 150.225280761719 149.744964599609 149.461013793945 148.944519042969 148.369964599609 147.427764892578 146.720016479492 146.500534057617 145.890167236328 145.276275634766 143.744918823242 142.692947387695 141.740173339844 140.541061401367 139.248550415039 138.879043579102 137.728652954102 136.662796020508 136.043258666992 134.968215942383 133.986846923828 132.340423583984 130.457092285156 129.36979675293 128.141937255859 126.694076538086 125.908126831055 124.824592590332 123.823768615723 122.973358154297 121.809440612793 120.373275756836 119.358207702637 117.374565124512 116.408073425293 115.306159973145 114.199714660645 113.463417053223 112.236038208008 111.363822937012 110.646034240723 109.387619018555 108.43138885498 -3.4e+38 105.749053955078
153.627655029297 153.132400512695 152.727478027344 152.479858398438 151.304702758789 150.748245239258 150.000854492188 150.075241088867 149.074493408203 148.773361206055 147.865509033203 147.354019165039 146.856597900391 145.930206298828 144.485977172852 143.644638061523 142.472091674805 141.326446533203 140.110366821289 139.625015258789 138.728744506836 137.77424621582 136.421737670898 135.693603515625 134.954620361328 133.377166748047 130.858932495117 130.175094604492 128.8134765625 127.336647033691 126.723030090332 126.021308898926 124.778076171875 123.49796295166 122.521354675293 121.094284057617 119.749198913574 -3.4e+38 116.860717773438 116.409339904785 115.159004211426 113.815856933594 -3.4e+38 111.782196044922 111.037666320801 110.058700561523 108.839859008789 108.217552185059 106.138526916504
154.746353149414 154.305435180664 154.323120117188 153.314758300781 152.482299804688 151.397598266602 150.901809692383 151.256713867188 150.46061706543 150.078598022461 148.497253417969 148.420669555664 147.483856201172 146.668182373047 145.210098266602 144.295959472656 143.431488037109 142.163681030273 141.115768432617 140.222518920898 139.475677490234 138.678329467773 137.123718261719 136.361724853516 135.336151123047 134.215530395508 131.697128295898 130.833724975586 129.540908813477 128.299606323242 127.166778564453 126.569091796875 125.593467712402 124.59309387207 122.885711669922 121.91886138916 120.931999206543 118.657295227051 117.160873413086 116.88370513916 115.725257873535 114.192565917969 113.654472351074 112.647720336914 111.589530944824 110.813941955566 109.783721923828 108.87646484375 106.667129516602
155.440856933594 155.513809204102 155.2900390625 154.263977050781 153.648864746094 152.395156860352 151.99967956543 151.804382324219 151.39680480957 150.784301757812 149.669906616211 148.949691772461 148.378463745117 147.322219848633 146.186065673828 145.018829345703 144.131637573242 143.427932739258 142.209259033203 140.91796875 140.010330200195 139.142501831055 138.21337890625 137.152236938477 136.017608642578 134.938201904297 132.75553894043 131.181137084961 130.102798461914 129.023864746094 -3.4e+38 126.902038574219 126.170021057129 125.431121826172 123.526718139648 122.766792297363 121.84203338623 119.404556274414 118.25390625 -3.4e+38 116.175369262695 -3.4e+38 114.276443481445 113.32884979248 112.208290100098 111.210113525391 110.500785827637 109.256317138672 107.515930175781
156.865478515625 156.671447753906 156.177337646484 155.32177734375 154.347946166992 153.592071533203 153.178176879883 152.659072875977 152.200271606445 151.665573120117 151.042007446289 149.979614257812 149.502075195312 148.231292724609 146.854751586914 145.992446899414 144.871124267578 144.106109619141 142.745758056641 141.461471557617 140.403961181641 139.851043701172 138.896087646484 137.721038818359 136.580581665039 135.451019287109 133.469787597656 131.948471069336 130.442337036133 129.555953979492 128.641204833984 127.677955627441 126.569381713867 125.889251708984 124.508972167969 123.328346252441 122.247367858887 119.944618225098 119.238693237305 -3.4e+38 116.572410583496 115.955123901367 114.963302612305 113.705604553223 112.880973815918 111.629188537598 110.89656829834 109.921379089355 108.427757263184
157.822418212891 157.31672668457 156.832260131836 156.408477783203 155.211624145508 154.635482788086 153.764297485352 153.307525634766 153.227340698242 152.297424316406 151.758087158203 151.153305053711 150.200958251953 149.329833984375 147.597213745117 146.60041809082 145.497589111328 144.858642578125 143.533126831055 142.220169067383 141.250595092773 140.455154418945 139.638626098633 138.586807250977 137.205352783203 135.768569946289 133.92317199707 132.96467590332 131.231338500977 130.029876708984 129.287200927734 128.284484863281 126.861030578613 126.309104919434 125.390937805176 124.055686950684 122.732948303223 120.840621948242 119.604385375977 118.611312866211 117.501411437988 116.531021118164 115.528060913086 114.067420959473 113.632995605469 112.49161529541 111.448394775391 110.68140411377 108.906494140625
158.683303833008 158.173233032227 157.684768676758 157.112014770508 156.275329589844 155.293273925781 154.511932373047 154.019378662109 153.696105957031 152.599243164062 152.54035949707 151.808471679688 150.969497680664 150.017166137695 148.238327026367 147.391235351562 -3.4e+38 145.547241210938 144.595520019531 143.050262451172 142.287017822266 141.183395385742 140.39436340332 139.310852050781 137.966522216797 136.49169921875 134.571746826172 133.650955200195 132.352401733398 130.653198242188 129.811889648438 128.85710144043 127.604637145996 126.631721496582 125.877075195312 124.89379119873 123.941192626953 121.58829498291 119.927528381348 119.176315307617 118.239295959473 116.948570251465 116.054557800293 115.166366577148 114.113746643066 113.243865966797 112.320388793945 111.320701599121 109.220489501953
159.837875366211 159.269760131836 158.339981079102 157.570785522461 157.36882019043 156.107955932617 155.160232543945 154.620788574219 154.061935424805 153.464111328125 153.226470947266 152.651412963867 152.001174926758 150.761260986328 149.227416992188 148.590560913086 147.45458984375 146.27815246582 145.24333190918 143.86393737793 142.951873779297 142.141036987305 141.210891723633 140.044342041016 138.862579345703 137.553939819336 135.121322631836 134.190658569336 133.189666748047 131.878463745117 130.141754150391 129.416610717773 128.63916015625 127.530532836914 126.166389465332 125.280311584473 124.573524475098 122.047889709473 120.834350585938 119.63272857666 118.86693572998 117.697265625 -3.4e+38 116.143600463867 114.794418334961 113.664085388184 113.087951660156 111.743988037109 109.929557800293
160.500244140625 159.97038269043 159.341430664062 158.402801513672 158.084976196289 157.258712768555 156.406265258789 155.475555419922 155.081954956055 154.556701660156 153.710922241211 153.67546081543 152.619720458984 151.305084228516 149.83349609375 149.309539794922 148.07487487793 146.917098999023 145.972030639648 144.49462890625 143.699020385742 142.887969970703 141.803253173828 140.700347900391 139.810821533203 138.345352172852 135.828414916992 134.96794128418 133.911148071289 132.800231933594 130.944412231445 130.033538818359 129.234222412109 128.24592590332 126.502655029297 125.677101135254 124.816345214844 122.617446899414 121.667030334473 120.386962890625 119.447273254395 118.613166809082 117.481857299805 116.509971618652 115.630615234375 114.754005432129 113.683158874512 112.608810424805 110.883651733398
161.378692626953 160.869094848633 160.443176269531 159.516799926758 158.976593017578 158.431182861328 157.783813476562 156.529144287109 155.685546875 155.235916137695 154.428298950195 153.763900756836 152.917587280273 152.021377563477 150.539505004883 150.091857910156 148.848526000977 147.659652709961 146.61540222168 145.222534179688 144.352325439453 143.723342895508 142.531646728516 141.431549072266 140.594757080078 139.258651733398 136.843322753906 135.530776977539 134.459091186523 133.460906982422 132.048095703125 130.564819335938 129.691070556641 128.666458129883 127.342971801758 126.40055847168 125.440315246582 123.447219848633 122.111328125 121.386245727539 120.350059509277 119.171089172363 118.269882202148 116.902854919434 116.464668273926 115.583778381348 114.099281311035 113.457733154297 111.670776367188
162.051010131836 161.548553466797 161.171340942383 160.187698364258 159.647003173828 159.10107421875 158.512817382812 157.63053894043 156.579330444336 156.110260009766 155.446502685547 154.259613037109 153.657974243164 152.837905883789 151.090515136719 150.147399902344 148.99626159668 148.249450683594 147.019104003906 145.86442565918 145.079162597656 144.402847290039 143.558502197266 142.539489746094 141.461273193359 140.293899536133 137.473419189453 135.924606323242 135.089141845703 133.962326049805 132.831787109375 131.577850341797 130.367828369141 129.169052124023 128.540679931641 127.360771179199 125.950477600098 124.036811828613 122.492202758789 122.123474121094 121.257766723633 120.142219543457 118.89168548584 117.993026733398 117.420280456543 115.99250793457 114.835235595703 114.12580871582 112.510581970215
163.765182495117 163.847106933594 163.255142211914 161.704864501953 160.904037475586 160.392242431641 160.072463989258 159.350463867188 158.471817016602 157.869201660156 157.058609008789 156.405456542969 155.369705200195 154.779357910156 152.918533325195 151.687225341797 150.657150268555 149.517028808594 148.867858886719 147.791366577148 146.656799316406 145.555892944336 144.938980102539 143.981979370117 142.71598815918 141.287826538086 139.144897460938 137.638626098633 136.311676025391 135.237258911133 134.317810058594 133.250534057617 131.810928344727 130.568206787109 129.639083862305 129.049423217773 127.91104888916 125.376777648926 124.648429870605 123.406272888184 122.609916687012 121.671897888184 120.356224060059 119.332496643066 118.795448303223 117.918716430664 116.675369262695 115.93286895752 113.47802734375
164.667633056641 164.457244873047 164.027221679688 162.624389648438 162.074981689453 161.45686340332 160.518020629883 160.142456054688 159.330337524414 158.697601318359 157.734802246094 157.162521362305 156.509475708008 155.515197753906 154.182891845703 152.914474487305 151.730834960938 150.510360717773 149.529510498047 148.595062255859 147.691833496094 146.542007446289 145.707778930664 144.596923828125 143.383926391602 142.16227722168 139.894561767578 138.507720947266 136.926605224609 135.587905883789 134.74267578125 133.768081665039 132.982330322266 131.3916015625 130.287780761719 129.693420410156 128.616012573242 125.849967956543 125.08219909668 124.332359313965 123.433952331543 122.050651550293 121.186515808105 120.461959838867 119.506698608398 118.637855529785 117.40901184082 116.454483032227 114.278831481934
165.776611328125 164.797180175781 164.343551635742 163.293304443359 163.275634765625 162.750015258789 161.530380249023 161.052505493164 160.418685913086 159.406402587891 158.612762451172 158.12548828125 157.211135864258 156.394775390625 154.9599609375 153.740234375 152.813766479492 151.566604614258 150.464294433594 149.352249145508 148.434463500977 147.696228027344 146.565231323242 145.3466796875 144.124465942383 142.869934082031 140.537811279297 139.407485961914 138.023162841797 136.425674438477 135.460800170898 134.597564697266 133.756011962891 132.501754760742 131.374176025391 130.043411254883 129.200424194336 126.795059204102 125.641799926758 125.06746673584 124.290863037109 123.27375793457 121.993850708008 121.358116149902 120.353507995605 119.015930175781 118.038955688477 116.950630187988 115.3359375
166.957290649414 165.700439453125 165.157760620117 164.121322631836 164.023529052734 163.504776000977 162.69775390625 162.221969604492 161.539886474609 160.313568115234 159.708679199219 158.924331665039 158.102981567383 157.451293945312 155.788558959961 154.535659790039 153.579574584961 152.812103271484 151.630828857422 150.364822387695 149.286544799805 148.837173461914 147.597442626953 146.328247070312 144.916381835938 143.605850219727 141.458038330078 140.323516845703 138.867492675781 137.558975219727 136.061874389648 135.294235229492 134.442520141602 133.27766418457 132.231307983398 130.818054199219 129.612686157227 127.72518157959 126.528198242188 125.65283203125 125.164855957031 124.378173828125 123.049263000488 121.961837768555 120.990394592285 119.588226318359 118.952934265137 118.078018188477 116.107490539551
168.181396484375 166.917907714844 166.370422363281 165.290649414062 164.879989624023 163.888916015625 163.328994750977 162.745712280273 161.720062255859 160.934280395508 160.566741943359 159.828323364258 159.174591064453 158.162857055664 156.907043457031 155.597213745117 154.467025756836 153.997650146484 152.637252807617 151.093048095703 150.272735595703 149.557907104492 148.563507080078 147.00959777832 145.820190429688 144.610977172852 142.467849731445 140.984420776367 139.806457519531 138.687347412109 137.195495605469 135.949691772461 135.062042236328 133.970748901367 132.755630493164 131.98127746582 130.396453857422 128.30598449707 127.557640075684 126.622215270996 125.737808227539 124.841934204102 123.973495483398 122.623794555664 121.696548461914 120.934265136719 120.288093566895 119.006553649902 116.688125610352
169.414474487305 168.144348144531 167.592102050781 166.638397216797 166.112045288086 165.21223449707 164.216064453125 163.594619750977 162.711563110352 161.817031860352 160.986236572266 160.331741333008 159.312835693359 158.509078979492 157.086196899414 156.165100097656 155.165985107422 154.670349121094 153.32893371582 151.976669311523 151.437103271484 150.320114135742 149.269409179688 147.900268554688 146.450729370117 145.349670410156 143.103012084961 141.785690307617 140.878219604492 139.691329956055 138.36474609375 137.036468505859 135.869720458984 134.601181030273 133.578033447266 132.678665161133 131.174545288086 128.707122802734 128.321014404297 127.396301269531 126.267974853516 125.401588439941 124.769760131836 123.560882568359 122.478591918945 121.835060119629 121.020988464355 119.391899108887 117.245742797852
170.199478149414 169.379821777344 168.757781982422 167.440139770508 166.871887207031 166.256057739258 165.418243408203 164.78776550293 163.899139404297 163.100250244141 162.186538696289 161.153762817383 160.239288330078 -3.4e+38 157.606399536133 156.933731079102 156.015106201172 155.496109008789 154.195434570312 153.008972167969 152.273254394531 151.336959838867 150.130035400391 149.070343017578 147.534057617188 146.106414794922 144.237548828125 142.923614501953 141.895401000977 140.861099243164 139.542114257812 138.169281005859 137.017974853516 135.360427856445 134.460693359375 133.115783691406 132.068466186523 129.878494262695 128.731201171875 127.863319396973 127.27082824707 126.267730712891 125.279434204102 124.349250793457 123.336318969727 122.115966796875 121.300285339355 119.807029724121 118.194648742676
