rcp4.5models/GFDL_CM3/sc1gr2.2
NCOLS 261 
NROWS 433 
XLLCORNER 336357.134 
YLLCORNER 654653.479 
CELLSIZE 1000 
NODATA_value -9999 
[rows 242 to 263 of 433, columns 200 to 249 of 261]
336.418955374702 336.911544845513 337.432376229101 337.006120804183 337.157525439046 337.728557596998 338.042847066227 338.871047181498 338.791207747298 338.704108399717 338.876093456712 339.109725110091 339.56827714054 339.770068272593 340.324058415242 -9999 -9999 340.564932115673 339.888397826554 340.211619706065 340.771652839911 340.641240607335 340.711383730691 340.508965265545 341.034850378534 341.510092007966 342.038008930557 342.511775532203 342.904736337656 342.586063987922 341.90780567666 342.043165625574 342.514192159136 342.912268408431 342.913693571574 343.102611266582 343.636534354339 343.919015534018 343.920227877364 343.921400138774 -9999 -9999 -9999 -9999 343.926403265911 343.92723272646 343.928009602444 343.928715966202 -9999 -9999
336.144460689155 336.504624555915 336.476150164922 336.533789675826 337.219264073946 337.782451238898 337.877070419186 338.308875383811 338.483852932456 339.314025487076 339.348863026212 339.566803173843 339.870833174255 339.87221737076 339.87489875781 -9999 -9999 340.036853323848 339.582969489873 339.881776387732 340.022075950053 340.3183299397 340.180772806577 340.206682580004 341.071200492883 341.599106265225 341.894604896751 341.896313531598 341.714835598897 341.505103008966 341.901404681451 342.087236897455 342.619380993782 342.906325438878 342.907903297676 342.909446786796 343.041053534807 343.913818181791 343.915173568393 343.916473805462 -9999 -9999 343.920044885188 -9999 -9999 -9999 -9999 343.924804608343 343.926111751604 -9999
335.839618197267 336.600399824296 336.38945749896 336.864267374064 337.72688144338 337.855061341797 338.178080596821 338.773827944562 338.569454500772 338.626057916736 339.007084942614 339.488733758154 339.866833074812 339.868201481528 339.312739421763 339.491441222283 -9999 -9999 340.259773452409 339.698391097158 339.494141523989 339.880933248745 340.062801504936 340.409246215696 340.633363460865 341.497617308326 341.891167094058 341.710963438519 341.184347620353 341.21253695398 341.898272038172 342.03237616399 342.319694972282 342.503827912567 342.905070339948 342.906678883705 342.908253096061 343.320244239623 343.506050282542 343.914054272529 -9999 343.91661926882 343.917822901736 343.918959954898 -9999 -9999 -9999 343.922869839685 343.924210891957 -9999
337.048125450344 337.480664699679 336.950276835689 337.410734271346 337.872659681503 337.92939304498 338.33132334027 338.855116141169 338.652564020497 338.423569480658 338.860029587831 339.180551886355 339.862895079274 339.687177889817 338.866925679625 339.186259283192 339.869621498682 340.010387707792 340.171271157087 339.735516370337 339.578123186328 339.877139854773 -9999 -9999 340.587879359274 341.019651797767 341.314359683349 341.180883274519 341.072886203679 341.603760307356 341.895185818597 341.89700340728 341.898791461492 342.214255948809 342.902285541102 342.903960796822 342.905606793857 342.908750359076 343.037539617697 343.503088567322 -9999 343.914366450821 343.915625527912 343.916813016547 343.917941978495 343.919011497274 -9999 343.920953387291 343.92263092203 343.923219886028
337.477778772681 337.964147195468 337.421803560654 337.591457708454 337.650521765516 338.101551272976 338.672267087487 338.851336516254 338.760447399624 338.657059404195 338.856215598016 339.175716520965 339.682833171534 338.98736266297 338.482315523337 339.004246204429 339.483259820385 339.867142425361 339.868617614389 339.870150072978 339.871749895344 339.873404411008 -9999 -9999 340.699596138023 340.48956212092 340.491319746534 340.886386241585 341.021317801216 341.493889229137 341.892156369016 341.89404461542 341.895918681721 342.028016445642 342.315262071126 342.498111438227 342.903001379588 342.906270989528 342.90782219796 343.21967299703 343.910757193394 343.912138289318 343.91344776697 343.914698687243 343.915886438812 343.917015725147 -9999 343.919061511717 343.920842687807 343.921425328293
337.363877796176 337.795630274262 337.808419424079 337.662201297092 337.481131492724 338.093896856936 338.617790997261 338.67295104752 338.355186978867 338.595368088031 -9999 338.995596026872 339.159896727467 338.540046954315 337.999156393124 338.478558506087 339.177468580845 339.863336322316 339.864832861304 339.689220881075 339.304023977703 339.482168913981 -9999 -9999 339.992886600687 339.441670879829 340.193888193558 340.883207951608 340.705590984446 340.622256908066 341.491148063145 341.89115874209 341.893097200071 341.894994571183 341.896859527223 342.027275505932 342.313508135203 342.903838116339 342.905452245864 343.032630770957 343.313759963366 343.49736726676 343.911308207184 343.912624994264 343.913863560998 343.915045931978 343.91615338515 -9999 343.919069285799 343.919895575742
337.968241032193 338.026668925792 338.135882324116 337.754376575502 337.673861971676 337.918975906524 338.108897651596 337.977934823903 337.515771478856 338.262289218288 338.674276963024 338.297420453249 338.472662480619 338.537375081101 338.030905515641 338.553920692548 339.172609872723 339.85960711523 339.684905982805 339.162972253533 339.041009290428 339.567261570077 340.003703899337 -9999 339.559655851129 338.873892016255 340.011128781237 340.30629322854 340.353730713972 340.592241920983 341.017224997202 341.309026302966 341.489397289819 341.712224286535 341.490942813074 341.896110054464 341.897953704678 342.493282762413 342.903128867753 342.904750217124 342.906293381558 343.031619371007 343.311548232208 343.494595547213 343.911862986091 343.729112658627 -9999 -9999 343.917313322048 343.732535789518
338.083371443539 338.36455788273 338.222389712037 337.947370768994 337.834615155294 337.837872072822 337.667769241335 337.124303701159 337.104311756356 337.985658759373 337.978396741996 337.642299475886 338.402087074724 338.229408269136 338.547647159872 338.853149068505 338.992747437575 339.296016713931 339.334598291311 339.421309223719 339.560489278712 339.6865547381 339.475010556073 339.866505245542 339.557586759283 338.870627220301 339.874895187135 -9999 339.613797735109 340.305155288694 340.305888906795 340.485184375599 341.016929532884 341.179089674773 341.199182967365 341.893599066645 341.895503864329 342.205353908195 342.900856924978 342.902526918478 342.904127399667 342.905661495162 342.907127609088 343.030558733676 343.309264034832 343.188127296065 343.215592480063 343.913501646215 -9999 -9999
338.166907010588 338.129290313814 337.565905140316 337.925118812495 337.831257629383 337.660719551457 336.972263014331 336.61416009234 337.485914633794 337.840384366555 337.527461149034 337.297891082435 338.178664780557 337.732222118259 338.291934968724 338.292163902628 338.292425343525 338.29273811367 338.604731843119 339.468556115319 339.682215059729 339.159542616178 339.171470365548 339.687499104081 339.33941443855 339.08448808398 339.300023216577 339.346047120533 339.581887225985 339.878516337756 339.880704350224 340.012247692133 340.482858647934 340.887098413473 341.195195626656 341.891143440728 341.89309695428 342.201520057329 342.898624024355 342.900333924513 342.901990016629 342.903574358232 342.905100152654 342.906560960285 342.907957150638 342.909278426658 343.030010768426 343.3062918523 -9999 343.18732975415
337.582836939402 337.41690341374 337.338016674318 338.010495967898 337.759380357654 337.157182041466 336.553632384096 336.291843379298 337.286492797946 337.287078970679 337.146809287531 336.980111591926 337.28818642923 337.322124347502 -9999 337.12852953991 337.107282005009 337.84888299542 338.160878724551 339.162222131773 339.544128754478 338.855825197172 338.81754920425 338.593265794095 338.60290493226 339.029840881276 338.473084109572 339.178255857915 339.521295892805 338.901003289615 339.477638111985 339.880249796908 340.187738219341 340.884595727433 341.013810333303 341.482330234834 341.890750672014 342.019292771667 342.306208490287 342.306398576472 342.306520790365 342.306545514543 342.486242220887 342.904603070769 342.906039075552 342.907412349977 342.908696068307 -9999 -9999 342.913169615244
336.668244070847 336.772883257755 337.455466748057 337.954146270656 337.259761470478 336.942109611053 336.59158510401 336.145431283603 336.660534234065 336.284167149219 336.284613521702 336.213629104807 336.299890138633 336.978056530459 337.14770416285 336.715537831797 336.871971230149 338.018591612508 338.543253835928 338.984289407152 339.153105393591 338.678825349399 338.155808411788 338.030927836837 338.385072523033 338.467232050061 338.172151772385 338.999122996621 339.036686975795 338.577883993284 339.180030745975 339.877715704654 340.183809645623 340.882162729987 341.060818646104 341.59621066691 341.888479472352 341.89241950768 341.894282049141 341.896100039558 341.719693999249 341.483293615761 342.200779386389 342.902681038538 342.904158654647 342.905569270765 342.906907509287 -9999 -9999 342.911526737978
336.930535123388 336.531979910946 336.884011231771 338.017391481987 337.35189466709 336.934597212664 336.61938686274 336.158447059511 336.485828820785 335.648620271639 335.387693506003 335.462958761174 335.84595001275 336.454273538834 336.838245198389 336.839479855721 336.977433964164 337.419619565326 337.896585046427 338.457174000087 338.847398490069 338.715361653069 338.243017813533 337.986817345282 337.462839902354 336.238088489927 337.597193395792 338.293542272867 338.294615937281 338.470177221079 339.176127306349 339.875260731435 340.17996867437 340.879803334505 341.008099826939 341.300704007343 341.301312524283 341.71386363856 341.30265100645 341.479822955568 341.774135699824 341.612936495618 342.01963169285 342.303224748844 342.481149704536 -9999 342.905146804653 342.906441913658 342.908821230663 342.909908657022
337.272545042727 336.498311572712 336.648572983606 337.686847628538 337.623705256129 336.430501329286 336.275087985396 336.014981362418 336.111709421728 335.678620731943 335.248968549339 335.263600967242 336.23255028089 336.18638702916 336.451298175397 336.836359910565 336.667004792339 336.454321233829 337.147619079685 338.148989903158 338.672252360037 338.455546300303 338.54319002173 337.85093826075 337.325352044168 336.522025227683 337.388434694076 337.637881360272 338.438869609462 338.571232604306 339.172309638305 339.872888121999 340.002009512792 340.471706830115 340.879770663872 340.881968576396 340.884112722614 341.177469813677 340.890169243087 341.189714986162 341.893893293562 341.89565410771 341.897342924457 342.075704696284 342.617932604282 -9999 -9999 342.904742201652 -9999 342.908311990668
336.269969010332 336.695545251033 337.090301138692 337.13118426142 337.138385174943 336.980522227557 336.874521866824 336.443832922881 336.155033318756 335.802910611266 335.484561054634 334.723963441521 333.934353782964 333.261972024499 336.912138083087 336.18237831581 336.914006083173 337.003355503691 337.662446180778 337.972117304357 337.314513100882 337.706653590923 338.538985530885 338.411343868271 337.545273686729 338.152310259295 338.726395267103 338.215196217326 338.015621873987 338.759813807757 339.16494727649 339.443410249026 338.700496453244 339.29363328546 339.764423681537 340.877771346574 341.00327024484 341.884228438442 341.886265417183 341.593750183486 340.890115764985 341.1854830816 341.893691617693 341.895388268448 342.189135741644 342.898546783572 342.900008623321 342.901409555785 342.903989347321 -9999
335.811555242731 336.206877314566 336.801012518177 336.936301292961 337.174134298627 337.027311521961 336.877507797129 336.122918349176 335.383594069475 334.824605431408 333.346953158881 333.397864867082 334.386734143221 333.78153348606 336.624505978529 336.824267942063 337.694041256123 337.522483389065 337.831987428508 336.51253521432 334.282242330988 336.623926474965 337.883944448105 338.147342692023 337.675434957798 337.58161254818 338.454458583634 338.428748123605 337.729530546008 338.561976833709 338.990263894947 338.992692947845 338.462356559677 339.042726981351 339.702216155757 340.465540275075 340.878035208938 341.295664600052 341.468744327954 341.766221910748 341.479654842691 341.60192542694 341.891928762019 341.893643220055 342.185747313636 342.896863023218 342.898355485883 342.899781726781 342.902422819732 342.79099419972
335.491360305562 336.288905951972 336.827018519336 336.478976638771 336.872271794887 337.157959867989 336.76358823728 335.692265021472 334.941684580416 333.974458684405 332.342363422068 334.129359360754 335.66136916788 335.233358166843 336.324811033019 336.961073586052 337.439225674259 337.827939070287 336.816264666203 333.37427928634 332.377617913343 336.054184823537 336.74505346755 337.671496997644 336.978300866693 336.578423833146 338.149505301057 338.556243129137 338.153797237893 338.859164047985 338.691463598975 337.481236150904 336.534157816504 338.82263946168 339.052436647368 340.167680826046 340.876138179499 340.880489175928 341.174383609449 341.884574850198 341.886529690181 341.716361304523 341.468193367413 341.891946754204 342.182404158833 342.895209658332 342.896732742559 342.898186159029 -9999 342.728441012606
335.7147229206 336.632461910862 336.853031467539 336.738863111502 336.582821840546 337.184647449477 336.787451098385 335.50672006529 334.482505707322 334.108199768701 332.291422107645 331.450779968111 331.615595794796 335.023801105091 336.277635255503 336.82321117456 337.126662038879 337.657619306492 -9999 331.419209848569 334.201540596478 336.870572227038 337.391852906938 337.935252304461 336.880216688004 336.937251333306 338.546245703728 338.724588412735 338.383829862808 338.114941298345 337.077432792862 334.381822868673 333.19508423992 337.517077937361 338.865530634386 340.164346584146 340.874304158551 340.878700148941 341.0005201259 341.464415394675 341.884800513556 341.768987253461 341.599444967946 341.890287781931 342.007630132779 342.294740372402 342.466383052143 -9999 -9999 -9999
336.058375689973 336.659282506721 336.879043561548 337.249764886531 336.817640199269 336.834639636948 336.982082660758 335.444376878981 331.941107809875 331.160925026561 333.508771454535 331.475619393008 330.883716024449 332.957455022027 332.5234135467 335.879554685938 336.568031702942 337.133782049056 335.896034580902 334.232843965774 335.652632221212 336.736754031489 337.964660998553 338.013380681095 337.365713124409 337.315126771694 338.446783103556 338.850050944861 338.221609257732 336.584323003618 335.234922143885 331.706330356541 331.715561294497 338.138382186779 339.570042502635 339.99205596205 340.289883963908 340.876966856141 340.879078051755 340.999629855477 341.462572645393 341.885031673984 341.886885011831 341.888660935666 341.890367108021 341.89200717699 342.007254242017 -9999 -9999 342.070382432184
336.084384664104 336.519512684478 336.364876881837 336.875869756601 336.645021052163 336.37803547127 336.770613135403 334.86705841002 329.45437429363 330.522788295881 334.82847119798 333.066045602725 330.21884062682 328.92838093484 328.571302947899 335.962182473524 336.277241646737 336.655337323362 336.432845794101 336.693715582845 336.22058148703 336.091188891633 336.875120999323 337.438639458474 337.541742602198 336.968478292156 337.972606468981 338.445912086541 338.473602314318 337.403156864838 335.667596737317 332.900618218003 335.617911023346 339.564262509011 339.866145933658 339.868519082452 339.870834757454 340.458362860878 340.877411013963 340.879477810084 341.167517400167 341.883420919652 341.885283300807 341.887068038818 341.888799657344 341.890453813195 341.892033079915 342.005925479602 341.896341632817 -9999
335.405889089599 335.658667073875 335.931028095106 336.444483741325 336.354808287402 336.265112311722 336.314437216935 334.631206469911 330.759689613576 332.716482854823 333.119533814609 328.96148797315 327.533131453865 328.753809180834 330.31499316668 335.574027061804 336.52442412291 336.433378204039 336.345199305158 335.767664568375 334.125462305438 334.021871024778 336.688384529368 337.525395273615 337.707607456373 337.404131329455 337.511089572616 337.33322223976 338.849247538865 338.227337163254 336.587685633717 336.922735371581 338.848113617578 339.86206354704 340.031537936103 340.447384463609 340.451190590053 340.577436706724 340.875799766805 340.877880819678 340.996610302333 341.458419208046 341.88371721492 341.88551855459 341.719076143425 341.291106350448 341.459436524322 -9999 -9999 -9999
335.366516375433 335.585539951828 336.331075362926 336.471312447598 336.216319423117 335.749107218661 335.931360693368 335.929425985145 333.799251582986 331.3175593727 327.900898744778 322.993377839631 325.196594154404 329.011197418239 334.292522427082 335.323048895356 336.176360467771 336.224861356378 336.494261190216 335.359203532585 334.241503146618 334.572387731633 337.123926423312 337.666510443834 337.43598511507 337.67160869563 336.691316623647 336.314874641134 338.847691626145 -9999 -9999 -9999 339.556097549947 339.860469158777 339.983819657581 340.285083654226 340.452200497807 340.872087349066 340.874245897034 340.876330686145 340.878345848207 341.162552791779 341.882179973339 341.883990286365 341.605280760783 340.887412210319 341.168261114046 -9999 -9999 -9999
335.109617907107 335.907502717277 336.30258833582 336.014240670291 335.857860597869 335.241490119286 335.444346879419 336.44869526594 335.599489710608 331.170276930147 323.29027526745 319.302636262592 322.783703666764 328.212112666126 335.79558239564 335.772450936299 335.980825774866 336.504979380006 335.348573346221 332.848819491458 335.593817760156 336.515086187047 336.627619854687 336.509145309232 337.524249034574 -9999 333.020310525469 333.982893462956 339.011072397961 -9999 -9999 339.853977268139 339.856481658606 339.858957503345 339.86139211129 339.863767779005 339.985127646479 340.286217490692 340.286854594645 340.452985238892 340.876840415356 340.99369645159 341.454321575954 341.716574731861 341.342015403105 341.483058272451 341.597711884308 -9999 341.891990424901 341.893318123334
