rcp4.5models/GFDL_CM3/sc1gr3.16
NCOLS 261 
NROWS 433 
XLLCORNER 336357.134 
YLLCORNER 654653.479 
CELLSIZE 1000 
NODATA_value -3.4e+38 
[rows 330 to 351 of 433, columns 147 to 195 of 261]
204.323089599609 210.47314453125 213.505905151367 215.640960693359 214.118255615234 213.70556640625 217.009002685547 217.172225952148 217.367340087891 218.596328735352 221.259643554688 222.078536987305 223.223297119141 222.664413452148 222.253814697266 221.694641113281 219.277938842773 220.021606445312 224.96484375 225.428253173828 223.804885864258 222.28352355957 233.151290893555 245.184829711914 243.198791503906 233.648544311523 226.247894287109 221.318405151367 207.914657592773 201.065948486328 215.976959228516 225.795913696289 232.838623046875 240.95735168457 245.564422607422 251.060668945312 249.394775390625 250.974273681641 249.540283203125 248.894653320312 248.718124389648 250.455505371094 252.704132080078 253.662673950195 254.042541503906 246.990951538086 244.804595947266 244.997146606445 252.108474731445
202.116119384766 209.560272216797 212.773071289062 214.335891723633 213.998764038086 213.744323730469 216.455108642578 217.062561035156 217.133377075195 217.468978881836 219.162734985352 217.614837646484 221.146423339844 221.25178527832 220.232604980469 220.376220703125 220.364852905273 221.585968017578 224.044586181641 222.18798828125 221.89826965332 221.812286376953 229.082229614258 239.616943359375 247.55012512207 247.643157958984 238.014312744141 234.848007202148 223.339126586914 217.745513916016 225.302108764648 229.710800170898 239.168609619141 251.697952270508 250.696060180664 252.622161865234 249.623107910156 249.393966674805 249.554901123047 249.482727050781 250.333435058594 254.37841796875 257.819427490234 257.572082519531 256.741424560547 244.307998657227 241.738967895508 247.57243347168 253.910949707031
198.931381225586 206.115280151367 209.456527709961 213.354248046875 215.147476196289 215.905899047852 216.690032958984 216.890991210938 215.565063476562 216.385375976562 219.57307434082 214.695495605469 218.18359375 220.827178955078 220.902618408203 219.735107421875 219.624984741211 219.157089233398 218.604522705078 219.354400634766 219.579452514648 222.418151855469 225.0146484375 228.792175292969 243.076354980469 252.370239257812 249.787551879883 245.996780395508 236.758361816406 233.142990112305 231.895309448242 232.707412719727 243.956680297852 258.125640869141 258.426086425781 256.833801269531 253.740081787109 250.302993774414 250.019149780273 249.720901489258 253.256591796875 255.939392089844 260.420501708984 260.732788085938 259.854278564453 247.62712097168 247.582702636719 254.001556396484 255.505172729492
191.234176635742 191.244140625 196.08967590332 210.099273681641 214.365432739258 215.917984008789 217.791931152344 218.312515258789 215.973449707031 217.045333862305 222.320861816406 216.390686035156 217.241302490234 220.744857788086 221.606811523438 218.276580810547 216.107345581055 215.004623413086 212.482604980469 210.13298034668 217.122802734375 223.28076171875 225.895370483398 225.668609619141 236.380874633789 246.758728027344 254.881103515625 253.883346557617 248.018829345703 247.002319335938 241.720321655273 241.320327758789 246.531616210938 259.261444091797 263.171081542969 257.851959228516 257.362365722656 251.75569152832 253.888885498047 256.099304199219 257.806060791016 258.450439453125 261.129455566406 261.673492431641 261.658386230469 251.43115234375 254.895065307617 255.955230712891 256.228057861328
189.103393554688 188.580444335938 191.999588012695 205.228210449219 212.077377319336 215.864318847656 217.885101318359 219.831451416016 220.429016113281 219.451431274414 220.520904541016 218.130523681641 219.076812744141 221.034194946289 219.614044189453 215.604598999023 212.260391235352 208.859451293945 203.691375732422 202.692642211914 216.9404296875 223.478775024414 222.296783447266 225.055297851562 235.75553894043 245.417129516602 256.173889160156 260.650573730469 255.771835327148 254.591018676758 251.882751464844 253.832809448242 254.65771484375 259.997406005859 264.616394042969 260.333923339844 257.787414550781 252.276336669922 257.732788085938 260.855590820312 260.502410888672 261.049591064453 262.181701660156 262.387420654297 261.976898193359 250.237945556641 256.326965332031 256.863983154297 258.564575195312
183.368118286133 191.355163574219 197.802337646484 205.470932006836 211.808670043945 216.201263427734 218.779724121094 220.943237304688 222.257125854492 220.700378417969 219.316436767578 216.926086425781 216.262802124023 216.432159423828 214.538177490234 211.728256225586 206.85075378418 198.619873046875 191.320343017578 198.692428588867 212.961303710938 219.47331237793 212.103256225586 225.529052734375 236.138732910156 248.315948486328 256.323516845703 261.557006835938 261.875427246094 260.656127929688 259.169708251953 260.825927734375 262.218872070312 261.990447998047 265.542785644531 264.319671630859 256.770355224609 253.537185668945 259.065887451172 261.340637207031 261.089233398438 261.882293701172 262.903717041016 262.711364746094 262.455139160156 249.917510986328 257.310791015625 259.311218261719 261.485992431641
181.690017700195 175.261672973633 180.361999511719 187.432083129883 199.601867675781 210.863403320312 217.195205688477 217.124771118164 216.433578491211 216.366973876953 218.867935180664 213.829345703125 206.185256958008 202.99153137207 195.975646972656 192.521270751953 190.846389770508 184.103912353516 179.423889160156 182.552398681641 189.703826904297 198.797286987305 218.594818115234 232.530914306641 242.826995849609 253.621109008789 260.778076171875 264.740203857422 264.936096191406 265.980712890625 263.610504150391 263.052673339844 262.552612304688 266.703857421875 267.811737060547 268.596405029297 268.202239990234 267.332794189453 262.736297607422 262.788696289062 261.870269775391 260.789367675781 262.909973144531 263.473388671875 262.608215332031 247.743637084961 263.707946777344 264.001525878906 262.251220703125
203.224884033203 194.030792236328 189.498916625977 183.3623046875 196.129760742188 207.317947387695 208.370086669922 209.234252929688 211.950317382812 213.566543579102 216.680328369141 212.325042724609 203.309265136719 194.810455322266 197.948440551758 203.552993774414 202.282577514648 192.223129272461 186.209609985352 185.90625 191.857208251953 199.497985839844 220.664245605469 227.381393432617 237.6669921875 253.334381103516 261.625793457031 265.817291259766 263.998199462891 266.43212890625 263.640075683594 262.4013671875 262.596862792969 266.395324707031 267.776519775391 268.772430419922 269.433898925781 268.747711181641 265.2490234375 263.210754394531 262.442443847656 261.494079589844 263.251983642578 263.477325439453 262.791076660156 253.700012207031 263.759613037109 264.252319335938 263.539093017578
226.036361694336 219.126388549805 209.448501586914 201.057693481445 208.526824951172 213.950576782227 208.847900390625 201.561141967773 201.845016479492 204.121841430664 210.252410888672 210.882720947266 200.586395263672 193.137451171875 202.360275268555 215.459777832031 213.025299072266 195.86491394043 193.572280883789 196.664215087891 209.366516113281 208.723083496094 212.215560913086 225.105102539062 239.98811340332 253.525268554688 262.322174072266 265.900817871094 263.106658935547 266.561798095703 261.496337890625 259.696228027344 263.812774658203 266.842407226562 268.622314453125 269.119262695312 269.814788818359 270.035461425781 268.013122558594 263.509307861328 263.513671875 263.529449462891 263.623901367188 263.568176269531 263.510437011719 258.141967773438 258.980865478516 264.37158203125 265.346221923828
234.974945068359 230.656845092773 226.2763671875 224.630386352539 224.710662841797 226.258270263672 224.075485229492 214.014923095703 209.610687255859 207.782211303711 207.801483154297 212.1796875 205.216262817383 201.813507080078 210.44514465332 224.78352355957 223.891250610352 211.300323486328 208.62239074707 211.151611328125 219.079376220703 218.124313354492 208.182510375977 226.165130615234 245.802673339844 256.455291748047 263.747802734375 267.598693847656 265.680480957031 266.690582275391 261.429962158203 260.911163330078 266.17724609375 268.782501220703 269.300872802734 269.7578125 270.118103027344 270.291778564453 268.6767578125 263.901550292969 263.820190429688 264.230651855469 264.158660888672 263.731506347656 263.581604003906 258.793182373047 258.862548828125 264.711669921875 266.140319824219
242.843978881836 237.879241943359 233.873580932617 234.478622436523 236.708435058594 238.58740234375 236.973251342773 229.841445922852 226.478042602539 223.166854858398 219.552810668945 222.941345214844 219.912521362305 218.670944213867 224.268081665039 233.06575012207 229.828201293945 223.788955688477 222.606216430664 222.148025512695 218.691024780273 219.11116027832 211.238815307617 228.638687133789 248.833877563477 258.507995605469 266.199981689453 269.226196289062 268.974609375 267.580017089844 265.057037353516 266.277404785156 268.338195800781 267.731628417969 269.816101074219 270.1572265625 270.500793457031 270.516845703125 269.718963623047 266.733367919922 264.081909179688 264.284606933594 264.593994140625 264.096649169922 264.027587890625 259.980407714844 262.758880615234 265.656951904297 266.244110107422
244.403015136719 241.334259033203 239.948913574219 242.937561035156 246.951278686523 246.030349731445 241.560455322266 236.898071289062 235.699340820312 235.493988037109 234.331878662109 229.199005126953 231.560806274414 231.716735839844 234.55859375 239.330535888672 235.114273071289 228.356948852539 226.670150756836 227.080856323242 222.692642211914 222.301666259766 219.739959716797 234.986694335938 251.830032348633 257.993347167969 266.392669677734 269.528137207031 269.623046875 268.377380371094 265.9794921875 266.721862792969 269.112030029297 267.83984375 269.488159179688 270.380218505859 270.898620605469 270.849578857422 270.722381591797 269.137420654297 264.270477294922 264.022064208984 264.707336425781 264.553070068359 264.417755126953 262.256744384766 263.325531005859 266.256958007812 266.439605712891
249.5068359375 248.707717895508 248.742797851562 250.338562011719 252.082153320312 249.119003295898 244.351516723633 245.669586181641 246.286544799805 247.265747070312 245.27490234375 237.155181884766 240.080337524414 241.392562866211 244.207336425781 244.911178588867 244.855285644531 239.619598388672 236.343994140625 234.796875 229.170181274414 228.451507568359 230.986663818359 243.035980224609 255.155181884766 258.044494628906 265.630950927734 269.586242675781 269.931640625 269.089904785156 266.192779541016 265.190521240234 269.3359375 269.308746337891 269.385833740234 270.771789550781 271.075286865234 271.153991699219 271.0908203125 270.030609130859 266.462829589844 264.008392333984 264.782623291016 264.82275390625 264.638366699219 258.830993652344 261.489929199219 266.464324951172 266.795623779297
257.693664550781 255.470779418945 254.543670654297 254.124572753906 252.559524536133 248.815231323242 247.656921386719 249.511688232422 251.036026000977 253.582229614258 253.821960449219 249.681625366211 250.196731567383 252.577072143555 252.397476196289 250.251052856445 249.074142456055 243.860977172852 242.911666870117 243.011291503906 238.657836914062 235.796493530273 238.999923706055 248.619903564453 257.466827392578 260.581909179688 266.489501953125 269.5556640625 270.249298095703 270.080963134766 268.957092285156 267.596984863281 269.664764404297 269.479217529297 270.037139892578 270.979278564453 271.225769042969 271.305480957031 271.264404296875 271.110229492188 268.979461669922 264.422576904297 264.967620849609 264.930267333984 264.865692138672 258.418212890625 259.304901123047 266.279571533203 266.921356201172
260.459228515625 257.155731201172 255.131759643555 253.239105224609 249.792465209961 250.405944824219 254.294174194336 254.164489746094 255.260070800781 258.347717285156 260.636993408203 256.175689697266 255.166564941406 257.011627197266 256.761505126953 254.099365234375 249.526916503906 245.834899902344 247.609603881836 249.872207641602 247.736358642578 244.64958190918 247.664947509766 253.687927246094 258.350494384766 264.05615234375 268.511871337891 269.830108642578 270.306427001953 270.386444091797 270.101745605469 269.677398681641 270.183837890625 269.974395751953 270.061157226562 270.459838867188 271.173828125 271.397430419922 271.418090820312 271.353485107422 269.439453125 264.726287841797 265.077423095703 265.188751220703 265.164428710938 262.183380126953 261.8212890625 265.313873291016 266.567230224609
263.347473144531 262.662506103516 260.900604248047 256.371063232422 251.134231567383 257.673797607422 262.844055175781 260.788269042969 260.819244384766 262.591644287109 264.462493896484 255.889755249023 251.66731262207 252.826232910156 256.565948486328 254.407211303711 250.741104125977 249.038619995117 249.416275024414 251.976974487305 252.710571289062 251.055908203125 253.846588134766 256.890960693359 259.266937255859 263.933166503906 267.457214355469 269.461456298828 270.443267822266 270.749145507812 268.577026367188 265.909088134766 270.178558349609 270.411102294922 270.268402099609 270.441040039062 271.304931640625 271.536804199219 271.760894775391 271.689208984375 270.523101806641 267.398742675781 265.417846679688 265.562042236328 265.496948242188 262.211395263672 262.206878662109 264.841003417969 265.986022949219
263.021514892578 265.406707763672 266.693786621094 263.391540527344 259.023986816406 262.155639648438 264.911407470703 263.729827880859 264.776336669922 264.651336669922 259.04150390625 249.849517822266 246.443603515625 248.145874023438 251.600082397461 250.830383300781 247.788391113281 246.945404052734 245.27815246582 248.012634277344 253.4931640625 254.485809326172 254.630752563477 256.890716552734 260.740264892578 263.371124267578 266.000671386719 269.719207763672 270.9013671875 270.646148681641 265.705352783203 260.568115234375 268.648284912109 270.931884765625 270.736083984375 270.971130371094 271.491088867188 271.580474853516 271.858367919922 272.0205078125 271.625579833984 270.148406982422 265.767669677734 265.770935058594 265.691528320312 261.707794189453 256.828155517578 264.429077148438 265.893646240234
259.655181884766 259.331817626953 259.929229736328 260.010070800781 263.127838134766 266.001129150391 265.612274169922 266.222015380859 267.207336425781 265.107391357422 257.902008056641 253.720901489258 250.017028808594 245.549758911133 246.112396240234 251.393463134766 250.027038574219 245.655914306641 243.384841918945 244.525741577148 249.455535888672 254.285781860352 256.832092285156 258.849548339844 261.47314453125 263.491912841797 266.940338134766 270.722473144531 271.209503173828 270.627716064453 265.180084228516 257.129699707031 264.054107666016 271.390472412109 270.746337890625 270.918823242188 271.234619140625 271.613800048828 272.014434814453 272.265747070312 272.091247558594 270.438140869141 265.769073486328 265.833648681641 265.774627685547 262.6806640625 257.660400390625 264.073211669922 265.039794921875
250.989471435547 254.383880615234 253.566223144531 255.832122802734 259.321746826172 260.426025390625 263.637817382812 268.696563720703 269.675994873047 266.036468505859 263.382843017578 260.723480224609 261.043762207031 259.068237304688 257.298034667969 258.876922607422 258.839935302734 255.226959228516 252.457427978516 250.210052490234 251.924743652344 257.046844482422 260.339324951172 263.461303710938 267.526702880859 268.878875732422 269.679077148438 270.804931640625 271.202453613281 271.249877929688 271.124694824219 270.348175048828 269.932952880859 271.218444824219 270.836212158203 270.072052001953 269.932647705078 271.844116210938 272.482513427734 272.804443359375 272.695526123047 271.599822998047 268.230987548828 265.769744873047 266.369232177734 265.559265136719 263.362335205078 262.479949951172 264.385406494141
255.230224609375 261.130828857422 262.169311523438 262.536285400391 261.608856201172 261.384552001953 267.470794677734 270.538787841797 270.006713867188 266.060516357422 263.860778808594 260.203430175781 260.610778808594 259.496307373047 258.780059814453 260.858520507812 261.640228271484 260.456420898438 258.260681152344 256.240081787109 255.856582641602 258.906860351562 262.400604248047 264.705261230469 267.15478515625 269.625 269.82666015625 270.499603271484 271.186859130859 271.259368896484 271.216918945312 271.082122802734 271.663146972656 271.693695068359 271.000030517578 270.225921630859 270.392730712891 271.995361328125 272.566192626953 272.704681396484 272.664764404297 272.646697998047 270.908081054688 266.186218261719 266.575286865234 266.032836914062 263.853607177734 263.036315917969 264.782379150391
261.183166503906 263.867218017578 266.006896972656 269.431610107422 267.287811279297 267.020477294922 272.603973388672 273.159240722656 270.591644287109 267.873229980469 265.839538574219 259.408721923828 257.987640380859 259.182434082031 260.538452148438 261.947631835938 264.750579833984 265.841552734375 263.530700683594 259.224975585938 259.060668945312 260.627868652344 263.342803955078 262.591400146484 264.857177734375 269.884460449219 270.168975830078 270.774810791016 271.246551513672 271.494537353516 271.428009033203 271.112884521484 271.542022705078 272.020935058594 271.295654296875 271.115173339844 271.500640869141 272.171264648438 272.686828613281 272.617004394531 272.843231201172 272.885498046875 271.213623046875 266.532196044922 266.622924804688 266.623168945312 265.644439697266 264.199188232422 264.864044189453
263.477691650391 263.194030761719 265.996032714844 272.713897705078 273.211212158203 273.660339355469 274.098022460938 272.767822265625 269.925018310547 269.682312011719 268.275421142578 257.708374023438 254.292984008789 254.922012329102 258.883758544922 262.182312011719 264.098846435547 265.969909667969 267.046966552734 263.087097167969 260.676879882812 263.466766357422 263.988494873047 259.809661865234 263.259216308594 269.810699462891 270.127746582031 270.7001953125 271.305938720703 271.753570556641 271.795196533203 271.40185546875 271.264068603516 -3.4e+38 271.768646240234 271.669036865234 271.816589355469 -3.4e+38 272.656860351562 272.769592285156 273.014923095703 273.208892822266 271.674438476562 266.657684326172 266.731018066406 266.565460205078 266.086608886719 264.920623779297 265.294525146484
