rcp4.5models/GFDL_CM3/sc1gr1.9
NCOLS 261 
NROWS 433 
XLLCORNER 336357.134 
YLLCORNER 654653.479 
CELLSIZE 1000 
NODATA_value -3.4e+38 
[rows 132 to 153 of 433, columns 49 to 97 of 261]
59.1906585693359 58.9957580566406 59.2949066162109 59.1942863464355 59.2193717956543 59.2210388183594 59.4083786010742 59.4055938720703 59.3992614746094 59.5534172058105 60.0193023681641 59.6893119812012 60.0320014953613 59.8505325317383 60.0559272766113 59.8556175231934 59.7704162597656 60.399097442627 60.6104278564453 60.5829887390137 60.6014213562012 60.3149375915527 60.6187858581543 60.9335975646973 60.9790229797363 61.0340118408203 61.0986061096191 61.2808380126953 61.3175239562988 61.4599761962891 61.4531631469727 61.0762710571289 61.7370300292969 61.9404945373535 61.7555541992188 61.8128890991211 61.7716903686523 61.9924011230469 61.9819526672363 61.8762702941895 62.1226272583008 62.3765258789062 62.1486396789551 62.0517654418945 62.2807846069336 62.3162803649902 62.4797096252441 62.2071533203125 62.5182685852051
58.9560012817383 59.1067276000977 59.0255355834961 59.2184982299805 58.9799613952637 58.9599800109863 59.407356262207 59.4778900146484 59.6098861694336 59.6809234619141 59.7609252929688 60.0269165039062 59.7524490356445 59.870304107666 60.2830352783203 59.9254570007324 60.2018280029297 60.4363441467285 60.484317779541 60.4580345153809 60.8063011169434 60.8151664733887 60.548770904541 61.0692367553711 61.0371475219727 61.1495475769043 61.2866973876953 61.1763343811035 61.4807815551758 61.1120681762695 61.3051414489746 61.1252212524414 61.4567642211914 61.9340515136719 61.8332595825195 61.9497833251953 61.8184204101562 62.1050987243652 62.1208152770996 62.1565475463867 61.9165153503418 62.2209243774414 62.037467956543 61.8596572875977 62.2484512329102 62.3248100280762 62.5157203674316 62.6875381469727 62.6336288452148
59.0229454040527 59.1267585754395 58.8094635009766 58.757869720459 58.868480682373 59.1079864501953 59.3558235168457 59.5881614685059 59.7740287780762 59.4300842285156 59.6542015075684 59.7048835754395 59.6090888977051 59.6149787902832 59.8103637695312 60.0511207580566 60.4666862487793 60.6979446411133 60.5093688964844 60.3193664550781 60.7683296203613 60.6230888366699 60.5830192565918 60.9052200317383 61.0389709472656 61.2335777282715 61.3482131958008 60.9017295837402 61.2419471740723 61.0283660888672 61.1931343078613 61.1838912963867 61.3384170532227 61.6674766540527 61.7972030639648 61.8595390319824 61.9725914001465 62.1810302734375 62.0122909545898 61.9687805175781 62.0835380554199 62.2040824890137 62.2749671936035 62.2900848388672 62.31689453125 62.4465713500977 62.3838500976562 62.4905166625977 62.6388893127441
59.1064796447754 59.3989372253418 59.3303756713867 59.015625 59.0530281066895 59.2373886108398 59.3412704467773 59.6265640258789 59.4460601806641 59.4623756408691 59.5288352966309 60.0495414733887 59.8802909851074 59.9415855407715 60.1133918762207 60.4392738342285 60.5840492248535 60.4725036621094 60.3837547302246 60.5436706542969 60.6881561279297 60.4518432617188 60.6166191101074 60.8874588012695 61.104434967041 61.3312721252441 61.4192047119141 61.0303344726562 61.0454521179199 61.0950889587402 61.1650848388672 61.2022705078125 61.340705871582 61.5398712158203 61.5832099914551 61.701545715332 62.0146331787109 61.9038887023926 61.9136772155762 61.7889709472656 62.0082168579102 61.925910949707 61.9093208312988 62.4265098571777 62.4459762573242 62.333194732666 62.367488861084 62.1694984436035 62.3369598388672
58.7583656311035 59.5655708312988 59.1953506469727 59.3972320556641 59.1710395812988 59.3209800720215 59.6593322753906 59.893424987793 59.3658638000488 59.4595146179199 59.692943572998 59.9177894592285 60.0539665222168 60.213996887207 59.785083770752 60.260913848877 60.1985244750977 60.212833404541 60.5092163085938 60.4464302062988 60.6526947021484 60.5988807678223 60.759407043457 60.8401145935059 61.0738525390625 60.9383239746094 61.4088325500488 61.2188568115234 61.0712509155273 61.2193984985352 61.2402191162109 61.6326522827148 61.4381446838379 61.5054664611816 61.5673828125 61.8859481811523 61.8411674499512 61.858341217041 62.2139854431152 61.7868537902832 61.8283271789551 61.776683807373 61.6849708557129 62.3382034301758 62.4713592529297 62.2204742431641 62.5147399902344 62.619945526123 62.2259674072266
59.0256042480469 59.4557723999023 59.1016960144043 59.3599281311035 59.3523712158203 59.1714057922363 59.726448059082 59.8122749328613 59.7936744689941 59.6522369384766 59.9659843444824 59.9730796813965 60.1607475280762 59.8408164978027 59.6955375671387 60.5308570861816 60.1499214172363 60.4123992919922 60.7167701721191 60.6539726257324 60.5633697509766 60.6980361938477 60.8537101745605 61.019344329834 60.959644317627 60.7102317810059 61.2989387512207 61.2449340820312 61.0689964294434 61.3514404296875 61.6038284301758 62.0180358886719 61.5277290344238 61.6134910583496 61.7516555786133 61.9082336425781 62.0797843933105 61.9930725097656 62.0235290527344 61.896900177002 62.0548324584961 62.1207008361816 62.1704139709473 62.043643951416 62.5053215026855 62.3181266784668 62.5147247314453 62.4775047302246 62.2502021789551
59.606861114502 59.3250961303711 59.3810501098633 59.3216438293457 59.4777946472168 59.5357398986816 59.6754608154297 59.4520111083984 59.9199600219727 59.7016105651855 59.5812149047852 59.7830581665039 60.0259704589844 60.1052551269531 60.1563568115234 60.1166305541992 60.3730316162109 60.5671272277832 60.6879577636719 60.7504539489746 60.7996520996094 61.0273399353027 61.0152206420898 60.9654998779297 61.013542175293 61.1676445007324 61.291316986084 61.0629692077637 61.4583892822266 61.5545768737793 61.5335311889648 61.321216583252 61.8518295288086 61.4025230407715 61.6047096252441 61.9564628601074 62.0503959655762 61.962287902832 61.8384437561035 61.7552642822266 62.1663131713867 62.4900970458984 62.3293800354004 62.5814971923828 62.4497756958008 62.2210083007812 61.9975967407227 62.1658134460449 62.2783393859863
59.0392837524414 59.3606567382812 59.3756256103516 59.1280059814453 59.5195083618164 59.4045791625977 59.4590606689453 59.6985740661621 60.1280632019043 60.1555099487305 59.6003112792969 59.6872444152832 60.0054893493652 60.0515632629395 60.4142875671387 60.1701774597168 60.3309516906738 60.6736373901367 60.6249809265137 60.8574142456055 60.7710418701172 60.9998893737793 60.783561706543 61.1643714904785 61.1607704162598 61.1554870605469 61.2423515319824 60.8991584777832 61.1894454956055 61.709545135498 61.2042465209961 61.5860595703125 61.9749183654785 61.557933807373 61.5303421020508 61.9369812011719 62.0035171508789 61.7966461181641 61.8383522033691 61.6214714050293 62.2593421936035 62.2270431518555 62.211051940918 62.235595703125 62.2458343505859 62.2337455749512 62.1403121948242 62.3948822021484 62.5324058532715
58.9312477111816 59.2228012084961 -3.4e+38 59.3507690429688 59.6837196350098 59.4471282958984 59.4629974365234 59.6457862854004 59.851921081543 60.4196128845215 59.9859313964844 60.0588302612305 59.9650382995605 60.1516380310059 60.3870048522949 60.3582344055176 60.5681838989258 60.8296546936035 60.7364463806152 60.7044372558594 60.6892051696777 60.8294105529785 60.7792625427246 61.0353507995605 61.113468170166 61.1334953308105 61.2355003356934 60.9168357849121 61.1292610168457 61.5494804382324 61.7117919921875 61.4170570373535 61.5846099853516 61.4453201293945 -3.4e+38 61.8312568664551 61.5967826843262 61.8510551452637 61.7755470275879 61.7216644287109 61.949951171875 61.7314109802246 62.0115242004395 62.3366050720215 62.3860893249512 62.421817779541 62.3385581970215 62.5351486206055 62.3698959350586
59.2848472595215 59.1825828552246 -3.4e+38 59.6052131652832 59.4734497070312 59.4114418029785 59.4464645385742 59.6764183044434 59.8216590881348 59.8722496032715 60.124340057373 59.9946365356445 59.9949722290039 60.2447700500488 60.1073913574219 60.5087394714355 60.7153358459473 60.6666107177734 60.6126289367676 60.8875961303711 60.7651824951172 60.8888473510742 60.9815521240234 61.125244140625 61.0593109130859 60.9448699951172 61.2351112365723 60.8804779052734 61.5342712402344 61.6618385314941 61.8673057556152 61.3499984741211 61.6096115112305 61.4667816162109 61.6411895751953 61.4198150634766 61.4582176208496 61.9568824768066 61.731128692627 61.827953338623 62.0025749206543 61.5431098937988 61.7395782470703 62.1067924499512 62.2453918457031 62.3417549133301 62.3312530517578 62.3232040405273 62.1793212890625
59.4114990234375 59.4117202758789 59.6070594787598 59.3853454589844 59.6078720092773 59.1843490600586 59.6146926879883 59.8495750427246 60.0097236633301 59.8788566589355 60.1830139160156 60.038501739502 60.1217880249023 60.0069618225098 60.3155136108398 60.310489654541 60.2476348876953 60.2631950378418 60.5089721679688 60.8223762512207 60.7868232727051 60.796028137207 60.9324951171875 61.0998992919922 61.1166763305664 61.2769622802734 61.5288162231445 61.4823837280273 61.5680046081543 61.4481811523438 61.749267578125 61.3591690063477 61.5665054321289 61.5843849182129 61.6390800476074 61.5345726013184 61.7279205322266 61.8200416564941 61.7858467102051 61.8837661743164 62.1492080688477 62.1292304992676 61.9005928039551 61.8431129455566 62.0227966308594 62.2093811035156 62.4824676513672 62.3058433532715 62.2307815551758
59.1427879333496 59.3055114746094 59.4440383911133 59.4077377319336 59.2976341247559 59.3429069519043 59.5634689331055 59.8721237182617 59.7266311645508 59.7893600463867 59.9200057983398 60.1044960021973 60.2878189086914 60.209903717041 60.3835830688477 60.0097427368164 60.1628608703613 60.3414726257324 60.6005859375 60.7029113769531 60.889965057373 60.7721328735352 60.9385643005371 61.0452079772949 60.959659576416 61.4420471191406 61.0043334960938 61.1521263122559 61.4543037414551 61.3284645080566 61.7822380065918 61.6405181884766 61.4979553222656 61.7015838623047 61.7333068847656 61.5845985412598 61.9454154968262 61.7574119567871 61.9259033203125 62.0405616760254 62.1603050231934 61.9407234191895 61.8827018737793 61.8073616027832 61.940746307373 62.1844902038574 62.4115562438965 62.4042739868164 62.3756637573242
58.7893104553223 59.2670822143555 59.2897415161133 59.6007843017578 59.354923248291 59.5707168579102 59.6445655822754 59.9027214050293 60.068172454834 60.1204109191895 59.9182739257812 60.1459579467773 60.3580551147461 60.5207672119141 60.2040634155273 60.079288482666 60.5793151855469 60.4963417053223 60.7406616210938 60.8307571411133 60.9100646972656 60.8272247314453 60.97802734375 61.0855255126953 60.9101867675781 61.5078659057617 60.8753204345703 61.043041229248 61.2219047546387 61.623363494873 61.5295028686523 61.8287696838379 61.6202011108398 61.7488822937012 61.8326988220215 61.7539253234863 62.0218734741211 61.8565979003906 61.7625389099121 61.9404678344727 61.9619407653809 61.886661529541 -3.4e+38 61.9211196899414 61.8877029418945 62.0768699645996 62.1995811462402 62.1595458984375 62.2333030700684
58.8743286132812 59.4092292785645 59.2826728820801 59.448055267334 59.4779968261719 59.5957107543945 59.836067199707 59.8567504882812 60.0878410339355 60.1241645812988 59.8822898864746 59.7499923706055 59.9297142028809 60.5709762573242 59.9239768981934 60.0368309020996 60.7204437255859 60.4067687988281 60.781681060791 60.8886604309082 60.8536071777344 60.8908615112305 60.8293495178223 61.15673828125 61.0526657104492 61.4397010803223 60.9103240966797 61.0020942687988 61.3977127075195 61.4262046813965 61.409610748291 61.8453025817871 61.7154159545898 61.6470146179199 61.782844543457 61.9590873718262 62.0418586730957 61.783763885498 61.717041015625 62.1911087036133 62.1756858825684 62.0834121704102 61.8345832824707 61.7803726196289 61.9487419128418 62.0730743408203 62.1668548583984 62.1571502685547 62.0997467041016
59.2676391601562 59.380931854248 59.4258499145508 59.5084838867188 59.7117385864258 59.7541046142578 59.9460983276367 59.8413352966309 59.7165107727051 59.6126670837402 59.884334564209 59.6096725463867 59.763011932373 60.5258026123047 60.3138656616211 60.1778411865234 60.5079917907715 60.593448638916 60.5608787536621 61.2538261413574 61.0539817810059 60.9073295593262 60.9425010681152 60.9524765014648 61.0544738769531 61.2528343200684 -3.4e+38 61.2398071289062 61.5690307617188 61.3863792419434 61.5771064758301 61.9558906555176 61.8223648071289 61.8280715942383 61.6551361083984 61.8604888916016 62.1336364746094 62.0534591674805 61.9014778137207 61.9901962280273 62.1357765197754 62.206657409668 61.912841796875 61.8586158752441 62.0596237182617 62.1393051147461 62.1878662109375 62.2504386901855 62.0267753601074
59.3976364135742 59.4411506652832 59.5837745666504 59.7669563293457 59.3839530944824 59.8097801208496 59.9131660461426 59.9445915222168 59.8292121887207 59.824836730957 60.0366249084473 60.1426162719727 59.8487510681152 60.2085609436035 60.651611328125 60.6188888549805 60.466869354248 60.5456809997559 60.7315101623535 60.9472694396973 60.7153015136719 60.714183807373 61.0372047424316 60.8682899475098 60.987922668457 60.9728698730469 61.2246017456055 61.4282989501953 61.5510292053223 61.4370193481445 61.5929336547852 61.8103179931641 61.732120513916 61.9423561096191 61.8843994140625 61.8203735351562 62.1880798339844 62.0716819763184 61.8052024841309 61.7457466125488 61.9598350524902 62.2883491516113 61.949390411377 62.0696601867676 61.9358367919922 62.121166229248 61.9820785522461 62.0665550231934 62.0821914672852
59.3324127197266 59.692455291748 59.7173461914062 59.5957489013672 59.6269836425781 59.8292388916016 59.7534637451172 59.7888336181641 60.0301933288574 59.8998527526855 60.2856826782227 60.1018753051758 60.2744903564453 60.145809173584 60.7026557922363 60.814079284668 60.746021270752 60.4013023376465 61.0009803771973 60.9400596618652 60.5344123840332 60.6191368103027 60.8073768615723 60.8515815734863 60.9935569763184 60.8421974182129 61.3686599731445 61.4463424682617 61.3762130737305 61.6898422241211 61.676399230957 61.747386932373 61.7462425231934 61.8944053649902 61.9804191589355 61.76904296875 61.7531929016113 61.6769371032715 61.7607498168945 61.8659820556641 61.8774223327637 61.9763412475586 61.7559356689453 62.0278167724609 61.9818115234375 62.2202491760254 62.1856460571289 62.1893577575684 62.2174453735352
59.3501167297363 59.3929138183594 59.6901016235352 59.3617706298828 59.7026252746582 59.8455810546875 59.8181343078613 60.0486640930176 60.3288116455078 60.0952033996582 60.4503402709961 60.0777053833008 60.6476173400879 60.5806350708008 60.8582534790039 60.9061393737793 60.9242286682129 60.4985313415527 60.6514739990234 60.8256988525391 60.6113548278809 60.8063774108887 60.7987213134766 60.8427467346191 60.869987487793 60.937370300293 61.4742240905762 61.4530067443848 61.3701324462891 61.7794036865234 61.8191375732422 61.6689949035645 61.7589530944824 61.8746032714844 61.9361457824707 61.516414642334 61.4771766662598 61.520881652832 61.6396179199219 61.6117248535156 61.6861953735352 62.0213317871094 61.6856803894043 61.9043159484863 62.1072311401367 62.3314552307129 62.4128494262695 62.2981414794922 62.1890296936035
59.2937850952148 59.4802436828613 59.5176124572754 59.5532455444336 59.767894744873 59.9021644592285 60.1324691772461 60.0486526489258 59.8650550842285 59.6457290649414 60.2162132263184 59.816650390625 60.0861396789551 60.0152435302734 60.1713256835938 60.0042037963867 60.1724815368652 60.3754119873047 60.6568984985352 60.5946350097656 60.7063331604004 61.0570411682129 61.0664367675781 61.2040214538574 61.1913452148438 61.3816947937012 61.6208877563477 61.6873207092285 61.6355972290039 61.5766944885254 61.751293182373 61.5761528015137 61.8225250244141 61.8347129821777 61.4957008361816 61.8116302490234 61.8943901062012 61.8799629211426 62.0574531555176 61.6472206115723 61.5418014526367 61.9035530090332 61.8949699401855 61.853385925293 61.6331024169922 61.9932250976562 62.0564422607422 62.1832809448242 62.1438484191895
59.4579086303711 59.5377006530762 59.6521911621094 59.6784210205078 59.9717025756836 59.7741432189941 59.9209136962891 59.9569435119629 60.2058486938477 59.5935707092285 60.3847885131836 59.672664642334 59.8287544250488 60.399730682373 60.0152893066406 60.1586380004883 60.2917671203613 60.4202308654785 60.7323265075684 60.865177154541 61.0778350830078 60.8351974487305 61.1878433227539 61.2792663574219 61.5016441345215 -3.4e+38 -3.4e+38 61.805103302002 61.8302803039551 61.3985252380371 61.5141296386719 61.3850402832031 61.786994934082 61.5614929199219 61.2836151123047 61.3697166442871 61.5196647644043 61.6614761352539 62.0046157836914 62.0132865905762 61.8397331237793 62.0413360595703 61.8967323303223 61.8991355895996 61.7635917663574 61.8497734069824 61.9531211853027 62.3563537597656 62.4462585449219
59.5686187744141 59.7416496276855 59.8314552307129 59.9413146972656 59.81640625 59.6146812438965 59.4069633483887 59.9096870422363 60.2858467102051 60.0294075012207 60.0811805725098 60.0102653503418 59.8694839477539 60.2982749938965 60.1305541992188 60.2909088134766 60.4497909545898 60.7878723144531 60.8470726013184 60.9678192138672 61.1378936767578 61.0390281677246 61.2995185852051 61.3886909484863 61.0437049865723 61.4034996032715 -3.4e+38 -3.4e+38 61.6590766906738 61.5968055725098 61.4364585876465 61.2795600891113 61.5509910583496 61.4598236083984 61.4250755310059 61.4571380615234 61.4325866699219 61.4429130554199 61.7606887817383 62.0830116271973 61.8228302001953 61.9325485229492 61.7382316589355 61.9634742736816 62.0164604187012 62.0000343322754 61.7349891662598 62.1983375549316 62.278190612793
59.6235847473145 59.5524559020996 59.7709274291992 59.7644309997559 59.605525970459 59.6070442199707 59.5710182189941 60.1103897094727 60.3379554748535 60.3812561035156 59.9177284240723 60.2852592468262 60.3896217346191 60.4371643066406 60.5218544006348 60.3892250061035 60.6730918884277 60.7866592407227 60.7656669616699 60.9583358764648 60.9302444458008 61.2335510253906 61.3111839294434 61.2470054626465 60.8145217895508 61.371036529541 61.3127136230469 61.2821388244629 61.5419387817383 61.6876983642578 61.5397720336914 61.5354385375977 61.4255294799805 61.5578536987305 61.5644683837891 61.6886177062988 61.4891624450684 61.541748046875 61.6789321899414 61.7793464660645 61.4997291564941 61.6416778564453 61.6534461975098 61.9963645935059 61.8888626098633 61.9061622619629 61.5149688720703 61.7401733398438 61.8678131103516
