rcp4.5models/GFDL_CM3/sc1gr9.4
NCOLS 261 
NROWS 433 
XLLCORNER 336357.134 
YLLCORNER 654653.479 
CELLSIZE 1000 
NODATA_value -9999 
[rows 220 to 241 of 433, columns 100 to 149 of 261]
313.524014994959 311.492980073054 311.491200077389 311.249721970689 310.121542564657 309.788999640755 308.87885101126 307.337528198213 307.36741228428 306.969722931105 304.084849143909 302.291045643073 300.431184199902 299.423676630973 298.402473941879 297.687807249336 297.188670965208 296.637622636656 295.675122145346 294.620114196406 293.91274012942 293.333535387932 292.494715744343 292.168266385068 291.764842823 291.60227145983 291.159495528487 294.171736102382 297.267279139571 291.608509586492 290.764564419148 290.466963432924 290.909273356697 292.214296092703 292.632511907463 292.202762192333 293.056057521157 296.995673842469 304.947226132314 303.473069966776 295.025860902574 302.159279011779 289.782613969961 250.603415682234 237.937664355064 212.039918817859 209.832135514508 209.015889186726 208.109432748616 207.43066930868
315.208125603421 313.569989275471 313.068220679322 312.072552412471 310.645796360444 309.904228218529 309.401332632384 308.242465742581 307.880573045982 306.852427297624 304.661510415111 303.232617489304 301.281507166855 300.073793287409 299.184802698418 298.825789086213 298.058828922577 297.484694345075 296.073597364919 295.325263463021 294.651421772645 294.068522670542 293.136529705378 292.807835328947 292.267843674333 291.902146128857 291.740311671759 296.907891814477 302.239933776919 291.459433896774 291.4091516776 291.348409717393 291.567881339809 293.083232788762 294.79298657468 292.814002663213 295.626430574664 303.145562124171 307.435396641365 300.62509574277 295.594574953194 303.895120140613 280.102448379594 215.412739179629 213.99103492456 213.265874109816 211.18335543466 210.70996403027 209.591747711113 208.770691868923
316.996822129413 315.395696401551 314.7683564305 313.790125210163 312.555374135928 310.661480702479 309.850302025091 309.308563884922 309.181057664605 307.676748194314 305.356211907722 304.088348075103 302.154391301038 300.91410813237 300.536049014923 299.653663337339 298.982647882502 297.934883848665 296.97999899843 296.282460636441 295.189826182373 294.558581220187 294.113631345507 293.547770269807 292.53267835936 292.406335289304 292.486535827948 297.333617638949 303.110995101558 292.345886366096 291.962461877438 291.742490836268 291.825871518479 293.110006801586 294.415087081972 294.335385648818 298.156441501191 304.204478465006 301.134757555311 294.792477451029 294.765181054854 299.09118805278 289.1101542025 258.817383860264 258.484095103293 244.551082833952 212.820963790559 211.875441155475 211.096192666238 210.419925059567
318.211636114832 316.805464938555 316.228206013433 315.688938656905 314.59054817248 312.395239390982 311.274613167328 310.579160064189 310.150255559315 308.505513537577 306.944664039146 305.44255693495 302.906041520734 302.158926291849 301.496130295654 300.294041430936 299.311847277214 300.96339778378 303.190395739566 296.979680340801 295.896911190191 295.28438081564 294.810333358824 294.00809768806 293.358863012158 293.358572420948 293.764009320703 297.710978353132 300.340816313486 293.103042409718 292.870051724761 292.54155423792 292.719966312727 293.295025145749 295.115753177907 297.232799361395 299.243443054714 297.892013899546 295.540633529585 293.878558422653 294.63994659696 295.494779230056 296.173262915614 281.93830016201 267.749063596527 270.868733994613 244.193199562314 212.925291047381 212.0956143585 211.289728131571
319.404034474217 318.124715024263 317.635623832964 317.50473469118 315.237102019488 313.655314585599 312.395466267932 311.466310708433 310.7126969561 309.078130535132 307.691637991441 306.357702260701 304.16691871595 -9999 302.081373375992 301.023835817167 300.288949496302 -9999 303.925380269138 297.698897535055 296.602843245997 295.948830601968 295.475776930386 294.732027825955 294.146386748869 293.544833596738 293.980933699871 295.77803395551 295.957975087229 293.546544803884 293.774618653679 293.150888456254 294.031418749089 295.809487572154 297.603717709727 299.615574898585 300.270171643468 294.113714898271 294.52603396341 294.176011367753 294.897420999668 282.821933287774 268.520231318707 270.850156658739 243.66039047266 285.140652600054 270.954831833862 213.509581445921 212.652905696016 211.898934690824
321.267622517101 319.94456486915 319.086746524623 318.381657364303 315.850099842269 314.98420564777 313.499704392527 313.114974296503 312.531017105229 310.211299973749 308.575900102791 307.577151198532 305.127358162094 -9999 302.921220243106 301.922424142736 301.150006610559 300.84719507425 300.001879061438 298.309572016659 297.052131854557 296.615067927811 296.09589879838 295.36750659976 294.634967520145 293.977451116451 293.991075352644 293.649998027418 293.475028150004 294.416526305438 294.825769124406 293.459606325562 297.871658188308 303.921807081141 299.032332063198 299.489242930544 298.922978183993 295.143635039796 295.793611048834 295.045292804139 295.089179520077 285.064439205381 273.191063460808 271.721024794846 244.187618566185 283.462286895764 271.558533826318 214.040001195943 213.062123399586 227.987595882354
323.253741152619 321.789846826738 320.915898511067 319.625649164104 317.459350081813 316.643251286789 314.972307795414 314.711191621886 313.926648162875 311.309986490868 309.817385921077 308.738303046851 305.87136271677 304.761394712202 303.618118624794 302.501717297678 301.133475869504 300.119936319317 299.465428066344 -9999 297.961892139949 297.495261035783 296.54429403201 296.110019580925 295.053366092948 294.662166025397 294.495073869404 293.865854657581 293.653747483511 296.129435842588 300.388847453293 301.184582879237 311.084477950032 318.85599308312 301.738978689239 296.757494586166 295.845285259994 296.350424948258 298.1047908658 296.076340746574 295.614703835952 296.370452208743 297.00763089697 285.594747994482 272.876284324896 285.689374930831 256.465879118422 244.973087876837 213.899282402753 226.582491883087
325.619236368925 323.258372168683 322.281078137854 321.217368850062 319.349812571084 318.179612136092 316.486473975049 315.270646679461 314.201884853143 312.322407229769 310.903688647487 309.404363009768 306.806473003001 305.851634920461 304.548611484644 303.337995702131 301.898709194246 301.196414228716 300.05377586024 299.19310915788 298.818312503989 297.766307422481 296.876475858324 296.509185733204 295.316761551449 294.911523960737 294.733397697801 294.220371957308 294.334250051143 299.061821973652 311.791695205212 324.789561473188 333.260596469579 320.861038572409 300.391024240623 294.882732410478 296.775146675774 300.097683675548 299.405122831376 297.759987527003 296.890197676347 296.737074855642 296.81126761074 297.02444994467 297.461461587315 283.963138945911 229.495808951395 256.053351960313 244.707472780024 214.554875698959
328.060702336862 325.08947599284 323.71079206625 -9999 -9999 319.936850205443 318.026732065361 316.177056735379 314.846947990116 313.339494476412 312.232480402528 310.479955791028 307.833769065488 306.452342752163 305.37695903441 304.17002502286 302.899146388248 301.710821696195 300.73060143626 300.110203351056 298.945755817122 298.045396361112 297.556838004377 296.789240530064 295.717245758784 295.422543565227 295.131047446278 295.021218564822 295.214791905185 299.304200400237 318.730025007491 342.900029828105 332.763050901127 305.15950585448 296.873170169872 295.415885359434 298.142790344628 301.807002320798 298.102752596688 297.441358931636 297.135552228859 296.740004795148 296.46445757468 296.994362267464 297.194836206036 271.66760829044 231.746683271479 272.429578704585 285.380747310481 259.858858518941
330.430226839275 327.583181846436 325.905597416414 324.67793771136 322.98958294529 321.594033776582 319.552332859604 317.962829575519 316.365025836883 314.526696757579 313.625782489359 311.990817450147 309.078382909782 307.410022232815 306.321271566518 305.111392227207 303.899996895668 302.358924027268 301.456390507291 300.448953656303 299.539739132401 298.720481211625 297.804430628982 297.125450012771 297.29409331521 297.523893049338 295.177470413012 295.420335212741 295.388879674549 298.754178672014 319.113975832035 341.353232063717 316.966341964443 295.796710825407 295.777643935598 296.081201080363 296.69824921883 298.112862330153 296.653157560466 296.257755661887 296.490361545316 296.546621787993 296.856933148949 297.034895338399 296.990382197362 285.63014183708 272.608897783825 297.571079606646 297.761072666854 298.342122337307
332.487672345067 329.677755735036 327.857843885477 326.732122307367 324.817406798524 323.419581407879 321.295659235294 319.707904009021 318.114906387178 315.992477719572 314.829046388929 314.201601240296 310.024559967931 308.159856325029 306.852558317528 305.826580738182 304.399716082499 303.04407399953 301.676468993193 300.569167318057 299.805705328837 298.895775578861 -9999 302.999741351578 306.904835211279 302.947214803475 295.491289345811 295.689122709026 295.64027632277 303.598351093388 328.806534001197 335.203782392791 305.185225508403 295.561957992944 295.672324897411 296.956705975766 296.24419081033 296.177963142603 296.132343415985 296.270361264008 296.570400189604 296.828818963536 297.261226383947 296.928578652777 297.017109130003 297.47154329649 297.344418696331 297.393030377656 297.534810454861 284.286241440807
337.712132022615 333.917548737143 332.456324899068 330.548343584756 329.025152773636 326.758931834713 324.582313493509 322.786811707242 321.043382762486 318.986120053527 317.129976845459 319.061729518078 316.097394859384 309.85853623387 307.96520433418 306.857460415761 305.439806050849 305.501923339427 305.764445823059 301.367604777311 300.446188105169 300.556516998667 303.744845391643 310.065409970385 320.881269232253 299.134790342273 295.940181245101 295.953053231962 298.477012761871 315.197069437115 335.034148234415 317.280201556166 296.177555900882 295.662093746367 297.290015454339 299.328959867255 297.809427623021 296.620889460749 296.565843158081 296.379799475026 296.204991783441 296.394108106913 296.38384054831 297.028605918775 297.15633430077 296.651162713831 296.538906406897 296.695068687746 297.499983324919 298.561475150586
340.248347210419 336.746194469172 334.527691708128 332.635048353789 331.37314667707 328.629312038497 326.378017555735 324.502249734148 322.640592302282 320.198636604753 318.207298675646 317.398106748945 317.242114390029 310.760915962703 308.833685306094 309.007803525439 309.620983705047 308.201908978886 309.052784737178 303.736401256347 302.021092586348 302.143379691895 308.314191486165 312.628986776948 304.170726473366 297.634027265445 296.258109125276 296.851028556565 297.084798294722 310.720997609882 329.339545603185 307.183857159117 295.771016561962 296.072227812224 298.256369767577 297.298185042467 297.45097088756 296.630480082641 296.65401421368 296.77946336375 296.638454065667 296.855990954209 296.8375935507 296.904309358637 296.868420173361 296.22928491518 296.105386145976 296.353577830535 296.821331014725 297.978104155735
342.687016844618 339.239257206385 336.830886069783 334.960077534715 333.290945598752 330.92721849524 328.928359974997 326.711388394826 324.899546545437 322.776216798709 320.249036647839 317.813224926685 315.386713290272 311.572719573535 310.502836546031 312.566489738063 315.86208561846 313.453599451946 312.566456000846 308.55205108737 305.469117394397 306.452135037717 311.288023080543 317.910404845627 300.992956801381 298.473494066698 297.89162512241 298.323638689984 296.882950698233 306.741521969496 318.836749161639 299.840159252777 296.080369353054 296.447398851822 299.355493718626 300.329032716073 -9999 296.734920418481 296.697554553856 296.890948871344 296.811122635826 296.867452460687 297.241004945636 297.244884449593 296.33181567392 295.811283996502 295.779711696169 295.760528215057 296.046804856069 296.829652769237
345.638945114612 341.827711142243 339.62730666348 337.490585412036 335.457328628227 333.578083999895 331.316158584394 328.681512743668 326.863899791969 324.612176221874 321.037968992671 319.909381566573 317.232604145603 312.169287717119 312.773047840726 316.487849683299 318.095088716486 316.598553188927 315.106055641616 313.800598699411 311.178543566035 310.440536231496 314.814641692164 320.582994691146 301.194329269793 300.209045055711 301.238911532401 299.652690574585 296.667385131131 303.339981204735 310.336170200616 296.738630765899 296.535225557866 296.757861227924 298.5860509126 303.018402923605 -9999 297.007313562562 296.576874371797 296.431665198732 296.507610511099 296.867306686311 297.313390415338 297.24355325051 295.950884494512 295.536791341945 295.474660919787 295.612426283758 296.565882796926 297.053713756948
348.710763236453 344.218784565711 342.204604672223 340.471477283945 338.134445682768 335.888758999211 333.101449884724 330.372105147092 328.47695422903 326.27451013995 322.80857604455 324.791257527182 317.615205485885 312.928880365399 314.074258204609 318.286444785499 317.267410553575 316.608294942354 315.981347553636 315.7342974448 313.44228645721 310.592021723878 313.413471968015 318.031127263278 301.757116727433 300.165987751395 300.776176517333 298.761114474542 297.310063155231 306.808194766254 314.566626057185 297.174087449253 296.348305424788 296.634379577353 296.929443478328 302.549703680887 300.930098882635 297.237660893821 296.898125597559 296.632120795971 296.777674833618 296.988495579118 297.41380715273 297.045917090054 296.302407088431 295.711070748582 295.483895986161 295.237492042934 296.546236373765 297.22401682796
351.6755532531 347.009784498942 345.090386896261 342.974941474896 340.265147564129 337.915949501399 335.549195663703 332.259237196985 329.322982704219 327.200882713598 323.477685362839 323.779646702377 316.701904337016 313.91682039077 314.71489473627 318.416010517721 316.985728539178 316.031991540767 315.573917837488 315.488312850311 312.938048193608 312.192597085859 315.383342880448 323.489777435584 302.20478437983 299.831682160798 302.418645736995 304.836344363769 297.435350863468 302.844366259353 307.107931727893 297.313728181138 296.623693154924 296.967320012048 297.120447115411 299.335223875539 299.500142388179 296.977353681313 297.223210561672 297.586900264507 297.658439915008 297.660057073867 297.777840160476 297.400053371321 296.594420081073 296.007725815444 294.876063580203 294.697494487326 296.402173098914 298.781946646402
354.381491154756 350.113221308219 347.70552699028 344.954082984696 342.464447863435 340.219016895453 338.091150406007 334.560510684609 330.964951298495 328.828682406242 325.676736157374 322.940920113333 317.401815057294 314.716575965221 314.558564208951 317.377499314001 317.898154301073 316.056010163886 314.869110265417 315.186331731213 311.50091606136 312.603838932358 316.532739337176 321.337239170567 301.183009649482 299.332713938513 305.580192529823 312.080111564667 296.583667585244 296.627456531709 297.207679698764 297.028805018871 297.070633778295 297.90864501785 297.752213745592 297.520631683971 297.349797163587 -9999 -9999 299.345787847035 299.074524804521 298.679302140791 298.121867627075 297.171875544516 296.194698634906 296.003349385749 294.633206679797 294.789689988879 296.073431876505 298.819599737577
357.475535368742 353.229055350936 350.570650049886 347.995845525044 345.483555493177 342.690205337137 339.889901886916 336.585861110043 333.66717495309 332.104456661135 329.289576988938 326.551176369666 319.903672619228 316.373389948977 315.567784600087 316.211440235808 317.055885151503 317.159009475609 315.1892537092 313.983376568004 310.808517154844 310.948227459907 312.54399828785 309.648466402496 298.899355903 298.048232304818 304.502649077891 314.435791490606 301.97444210842 296.604716753553 297.321839979752 297.336124727147 297.430040082702 297.901543200195 297.785119116423 297.94391099364 297.794368694386 -9999 299.119348540854 300.970387885547 300.782971678571 299.126047582878 298.206011531117 296.877650360179 296.156341923809 295.712410825382 294.727880785457 294.558393222664 295.789881087541 297.207657475548
361.139997113791 356.051402182297 353.628036060039 351.37897409225 347.720611732428 344.01115930369 342.450774647391 339.246920810853 336.583157271828 334.54813881193 331.430195932934 328.543292517377 320.643150525168 318.564432419501 316.552760145139 314.110102564699 314.720741483161 318.085286089243 315.698611194366 313.438280628276 312.736864008073 311.94691108457 310.541713710702 304.865991583569 -9999 -9999 -9999 309.363777665082 305.755319341257 297.996770082385 297.673869102759 297.971209156989 298.646070887715 298.857809637149 297.680421881228 298.043587999067 298.024856085785 -9999 300.370561614641 305.601396842021 303.621933369663 298.598009856892 297.835565373534 296.981400024373 296.358432757503 295.527209631712 294.180216451473 294.011146625713 295.451680597702 300.539928889132
364.767127510076 358.994688532695 356.454915975159 353.927168782554 349.6599185692 345.614533798457 345.231679740089 342.486379309109 339.687474947167 336.341206507091 333.183882236282 330.160485764815 322.348580898368 320.837176044885 317.413098397959 314.866271331445 315.635318232211 318.5774728575 316.110125926542 314.626196631467 315.495619966565 314.083485955279 310.955896786761 307.807125914452 297.835064263331 297.487009145655 -9999 300.925834560454 301.789692388864 298.928334717296 298.194876147786 298.583808788636 299.019271331679 299.420035565599 298.399879518917 298.342510415817 298.344034222035 298.116161124683 301.074899446074 310.575594632025 310.562763325765 298.528338007831 -9999 296.811296907603 296.003325206191 295.609258689324 293.92838829225 294.507033529447 296.299764126819 302.314900894463
367.733434721441 362.633229959911 359.712818689309 356.958033846359 353.53578206691 349.636958754443 347.252177707601 345.27301123731 342.500089960844 339.137069309906 336.126413969895 333.10502026611 326.556250190867 323.371173039134 319.360642273275 318.103767344183 318.527674079176 320.181054057334 319.180192844973 318.863550934279 316.426931516933 314.973451140982 312.767868952946 311.85754199582 299.23551675232 -9999 297.993016098904 299.03821818726 299.596404661727 299.530485516872 299.022699977675 298.957208127884 299.276940991082 299.628556101976 298.81609504889 299.000322188203 298.394115680146 298.119429054089 299.807697369898 308.131332085374 312.045224688599 298.516211778192 297.50806422176 296.74429997996 295.986175140983 295.479014935724 293.901623254683 295.193317894117 299.16052308953 304.270894943229
