rcp4.5models/GFDL_CM3/sc1gr5.40
NCOLS 261 
NROWS 433 
XLLCORNER 336357.134 
YLLCORNER 654653.479 
CELLSIZE 1000 
NODATA_value -9999 
[rows 154 to 175 of 433, columns 150 to 199 of 261]
304.781762946829 304.319181348302 303.884128648924 303.303123941089 303.017770667697 303.34890916315 304.101156915093 303.932088271735 303.358020543725 304.0116461197 303.468821047498 302.23630923397 303.273938674048 304.719203922331 304.37212961384 304.254599273825 306.905164773831 -9999 305.598491953214 309.196673195322 309.25909090992 309.450119621367 309.678361694585 310.084936437777 310.05961113209 310.130186147053 310.174523520395 310.078601677107 309.814783370436 309.725587668271 310.386324143012 310.886366584871 310.801921809494 310.739002155799 310.735196530229 310.731337534483 310.762576876701 -9999 310.809954154256 310.715559764824 310.683863401751 310.662871671513 310.699266786126 310.731960319969 310.748691578963 310.686661267876 -9999 310.81671631728 310.617772616948 310.432257351424
304.62704842456 304.321308439097 303.886222310476 303.287616940936 302.998403548359 -9999 303.502235242016 303.288080571669 303.632964631517 304.711685977854 304.227762704804 302.900869142371 304.481540274434 305.102834220311 304.880895298108 -9999 306.346872520673 304.94525463528 306.337204580198 309.069568468686 309.423385180762 309.510337554403 309.54889245247 309.803318056009 309.986168841609 310.103631990939 309.968630177635 309.639226441706 309.461511886014 309.595950370149 310.402580955471 310.700507066137 310.788457022272 310.738306955014 310.595866011438 310.530217035072 310.812684582584 310.768241401312 310.718801078146 310.714773274293 310.710730596147 310.706660412173 310.640466165149 310.722262836896 310.475318669453 310.133680367268 310.442334125527 310.691604484979 310.527120360905 310.354128091672
303.930781879799 303.879256815432 303.588450817068 302.922375960352 303.108715568231 303.127434794592 302.813657026911 302.806758486917 303.860048938608 304.747820660571 304.491728987915 303.572148882883 304.853063851155 305.314766809194 305.025244187125 305.780577949205 -9999 304.006843548093 307.977160676126 308.81720137969 309.306770283162 309.529306000249 309.538631349362 309.554668769216 309.703863188367 309.851776677853 309.590674316108 309.310390534757 309.285753226912 309.482617088607 310.296561927676 310.465199114037 310.486164179882 -9999 310.251385342853 310.198885845336 310.396818769921 310.34677725194 310.519374343911 310.772305565669 310.674050499383 310.611583428586 310.412978753405 310.330653576747 310.192900132709 309.792174554665 310.11566056285 310.518095839709 310.454906526458 310.338580003381
303.020860441839 303.020695162127 303.223403607408 302.686888159116 303.177240711244 302.791914843919 302.338629405697 302.397122127042 304.10533123697 305.160053864822 305.108522479853 304.713311132668 305.166968203899 305.203436176182 305.642208523783 305.824627267149 305.569609011215 305.682817778501 308.361837900066 308.822766812049 309.292966464043 309.473661692912 309.551172676112 309.582950539993 309.583297697171 309.526192181941 309.154697829208 309.082340518821 309.291884703011 309.427439070147 310.20202529294 310.376972381978 310.260193252379 -9999 310.066187435595 310.062298047533 310.058370073381 310.089505498483 310.281278518225 310.618510591547 310.739625780123 310.596354310446 310.454760967485 310.37859567495 310.365302688799 310.229386460113 -9999 310.513641902816 310.311343734155 310.21818005856
302.738353077504 302.392091323167 302.608880018077 302.545778054835 302.79099849311 302.465482913148 301.648593519222 301.63167558978 303.964236067078 304.942743442052 305.791927627437 305.805419060542 305.566489656028 305.321877938651 306.376115576043 305.054610478694 303.828000793261 307.596729794296 308.330430243223 308.908147034651 309.340784957593 309.415486831447 309.345187484608 309.329723173384 309.326406602793 309.245158068064 309.045940759688 309.058620956202 309.350435669169 309.613995546842 310.167325355731 310.256236339843 310.180424934755 310.174624279228 310.065270378808 310.061369746866 310.057422662142 310.080727055879 310.19276890024 310.48670045998 310.788668093726 310.69850196227 310.687178531362 310.684806705503 310.520349479689 310.553000084359 310.634769099071 310.543150763898 310.139119757998 310.030677951551
302.770005249351 302.398836803256 302.301356370681 302.3120937309 302.352985595035 302.369229217933 301.631195899819 301.358664403998 303.832051114836 304.869989384061 305.870818360604 306.244598472473 305.929511470378 306.047207774636 -9999 305.323046077285 305.096578034591 307.949450387294 308.403647947289 308.800455982154 309.125584599667 309.360300844884 309.343831514341 309.099078690724 308.862515962443 309.100526133141 309.12991807983 309.245711232403 309.435515454588 309.632631083277 309.860458481956 310.003924476 310.098789950133 310.114629869317 309.995497799753 309.942627230504 310.056407882615 310.052399617532 310.103091627305 310.244873321975 310.429807763652 310.639305009869 310.63546763727 310.401950048802 310.388110997562 310.353758536013 310.393129407628 310.332078848593 310.005854988281 309.87642981125
302.584865456286 302.605193757224 302.311255099276 301.597378109805 301.651438569141 301.685081593398 301.259578323455 301.712042079218 303.421695870778 304.953014646714 305.634158931119 -9999 -9999 306.221049910865 -9999 307.004201778636 307.856607774641 308.034157698664 308.402669325749 308.674869853957 308.858027321041 309.122266929812 309.317953198369 309.003323505328 308.599835865737 308.76129373697 308.942122240241 309.192845538587 309.296266773745 309.373569473857 309.418990097725 309.6167851109 309.952522254593 310.067116773402 309.906288064993 309.686706743445 309.844263239719 309.992622077618 310.047246109257 310.078444358997 310.152443164347 310.334430623611 310.438339837766 310.230226573236 310.228933949989 310.106918453068 310.097458115 310.229403793071 309.905156489466 309.609566772345
302.643044318973 303.182007406767 302.629835780567 302.243702370842 301.051879909316 300.637451391176 300.881389956455 302.644406831221 304.912144497713 305.632770095865 306.05989374432 -9999 -9999 306.129182478674 306.356517854415 307.356771879539 307.791487638073 308.2070082642 308.399529454314 308.616029752648 308.549982214424 308.488870373462 308.543246699941 308.457398988288 308.520207212667 308.55025729821 308.689699766791 308.958323887004 309.220874670144 309.23653191956 309.622014074913 309.692164103114 309.72828891278 309.779912037464 309.921182962448 309.963641761726 309.912747936413 309.876224863654 309.951223924757 309.919622277203 309.814910052347 309.775180666057 309.902047234836 309.908486109205 309.937577053798 309.953899319467 310.179695913399 310.180904182756 309.831764578766 309.493585868578
302.969931613186 303.653959239567 303.718645114907 302.615129039755 301.638175541785 302.087797760728 302.487086933419 303.347024942777 305.200103199901 305.680502940948 -9999 -9999 -9999 306.4795224774 306.428687541402 307.251357223823 307.636864803503 307.98559665712 308.275166493288 308.430516543309 308.40868161677 308.387418801747 308.369865782533 -9999 308.513471843273 308.463849417671 308.482424132309 308.875976269501 309.002101865392 308.843655518205 309.622795555701 309.704352911975 309.61437022174 309.685172137586 309.892976378864 309.88899922841 309.912086764081 309.926954839917 309.876804308875 309.872673854181 309.797973467289 309.676634873808 309.703532381053 309.721285594135 309.73111444144 309.926553277489 310.054947073851 309.96607962418 309.736496005096 309.549700061201
303.043903068926 303.531596605252 304.251904934347 303.719999073683 303.216882071827 303.74630318477 304.201693264821 304.292739521282 305.684350604555 305.954760885565 -9999 -9999 -9999 306.891239776274 306.873661703006 307.21859962251 307.420989120742 307.727983357618 308.206475384292 308.313048703446 308.301039644234 308.106898919286 307.962421187651 308.084409666513 308.393172723493 308.35633126619 308.392513710995 308.498911904118 308.668954848965 308.717951924185 309.460179772157 309.591304956853 309.625396565278 309.683686762887 309.8234957451 309.769765118506 309.883621450625 309.879533198204 309.805800375178 309.684120834216 309.624887450078 309.600253259598 309.620135334232 309.677791699076 309.640235398229 309.768617226388 309.648033029899 309.643398263005 309.647628177863 309.628987346517
302.90819351319 303.103415861054 303.887736671467 303.889511081103 303.983341711365 304.297816974622 304.662062772828 305.040151403202 305.805010905288 306.114617403898 -9999 -9999 306.679044832575 306.963290131098 307.07112287984 307.292077390952 307.345221012504 307.677126145198 308.168107543814 308.1189497889 307.873796249995 307.608333592842 307.536012517994 307.824844066656 308.193932102938 308.177924486802 308.370105596685 308.458311763807 308.661355608829 309.160024030139 -9999 309.540428457127 309.459616313402 309.521471836327 309.557238598101 309.513726560244 309.568104842366 309.539326227482 309.643436819782 309.723480455858 309.71946905448 309.770385571443 309.574678520392 309.60495227641 309.566292089156 309.595484739146 309.502019909399 309.460972749255 309.463438298378 309.52360179438
302.606752082287 302.865212538889 303.472202331152 303.39388934898 303.372582392529 304.208566970759 304.850019561215 305.334522018754 305.593783171725 305.857352764269 305.892708523577 306.110915206477 306.594124706477 306.960544015552 307.193102064337 307.321243588433 307.405239825542 307.675684854818 308.023470027711 307.635048055883 307.461205765426 307.475618987127 307.416176547159 307.551850832548 307.633938697563 307.849888035922 308.372557314051 308.657151716192 309.008392416099 309.405124890853 309.623701569791 309.46842146301 309.349542579606 309.426494138371 309.447832668872 309.487120946269 309.530284991539 309.33030762121 309.454064552452 309.587843493568 309.688411262581 309.859758823321 309.51781957067 309.51348132557 309.545099718108 309.562803226499 309.500334585127 309.467997797703 309.44744814495 309.45902153804
302.345471021045 302.248648542307 302.971259086899 302.806170430608 302.552951774191 303.940542213652 304.619453526422 304.970906295885 305.422010769307 305.691604002919 305.675208045667 305.892720285328 306.258885445333 306.773888121119 307.168552412704 307.315520554932 307.364294053213 307.461284901391 307.579304906186 307.388001324939 307.508467373516 307.578168608262 307.55792769336 307.557707226676 307.349340881602 307.514115111471 308.310997942351 308.760066726197 -9999 309.383915821258 309.497772893363 -9999 309.395121657407 309.485385491683 309.518336616838 309.405022486662 309.518613388919 309.374979122578 309.440002581185 309.483898145465 309.514315024757 309.694216454089 309.703797984903 309.663969376512 309.593280542814 309.619878292843 309.614649882204 309.530626006858 309.547612434193 309.300943298922
301.815344574503 301.724357072709 301.999487634952 301.45887453772 302.455649207336 303.70759526185 304.326267974615 304.718305419037 305.343097174032 305.477448479647 305.382759719469 305.853383687214 306.133913490109 306.502967249977 306.760822495063 307.104913400469 307.166810024215 307.288632375812 307.066340158063 307.203649133095 307.577928410926 307.941707566391 308.053901093396 308.013538249859 307.75618496882 307.650535479967 308.321081063862 -9999 309.131416134378 309.289319827309 309.401230813845 309.397407333581 -9999 309.443116364659 309.384935201006 309.148818541145 309.259634952263 309.373319087542 309.423474806016 309.45705448848 309.345555009298 309.225623825222 309.847710579597 309.815736894815 309.738628945787 309.672954756503 309.586001931747 309.592933284423 309.574845512806 309.227764727997
300.685289444969 300.835793633991 300.18920100215 300.23812474078 303.080392404956 303.662165222845 304.19664605347 304.686369632599 305.253341647516 305.237367384591 305.169444795421 305.777697598648 306.205693584564 306.433454673514 306.663768086716 306.89125751152 307.004223638124 307.105459741904 306.828405720161 307.033798657372 307.345239473614 307.848792277286 308.258497501349 308.278445810724 308.23037183893 308.180700746085 308.367684194547 -9999 308.97956509623 308.980053333809 309.214453193248 309.276988677803 309.391878201945 309.354341067021 309.203644756516 309.114378150538 309.214269559671 309.253901428194 309.367403550688 309.363171117611 309.304314820068 309.040994680657 309.577009222309 309.78319272779 309.837100112613 309.741363093737 309.480807747519 309.429976630849 309.518843931983 309.393208825564
299.60667455676 299.180019371641 298.256526956177 298.784866048766 302.205217046159 303.421451686314 304.039380197797 304.882424760967 304.97217173326 304.749486016644 305.122658758229 305.618707663797 306.029227254413 306.395391684941 306.788924006773 306.84426270758 306.950741176598 307.011857660125 307.025412351683 307.035704533702 307.231906447199 307.467007113825 307.913274878603 308.15281509312 308.317428904696 308.349927458565 308.36593229732 308.657585344639 308.654950341749 308.655998584072 309.064566890586 309.113835826229 309.204816200876 309.173976164792 309.028482370594 309.014323064584 309.26108033159 309.276706382453 309.365588815777 309.361333153501 309.357050310158 309.243373333116 309.318178705395 309.454556627892 309.624714514381 309.709041367658 309.540416114692 309.254495622489 309.069961759026 309.189622975278
299.913933874279 298.660295630659 296.614506619122 296.957079168652 301.158133205169 303.497472842431 304.187290971623 304.909094226464 304.552684353163 304.550788170767 305.096845948058 305.325667139158 305.842289070662 306.381000386658 306.610053421905 -9999 306.957648488171 307.068050923409 307.200374240107 307.17093354816 307.271397221319 307.330469977818 307.481623118587 307.653144916298 307.953401021361 308.227747406586 308.256014408146 308.360685869548 308.277174470148 308.368383095271 309.062778637311 308.992649741452 308.869783538787 308.865652009751 308.908766700579 309.102523318948 309.223432842278 309.157136295488 309.30489199096 309.359435552988 309.355137995133 309.350805377835 309.138707029826 308.964969546001 309.401107169428 309.483439965688 309.231216411472 309.114771030308 308.751152255093 308.965742401589
300.350327911749 299.079452040872 297.591525826714 298.557943994003 301.431736421593 303.718708671193 304.36725568116 304.605078175181 304.495891494744 304.988678084251 305.105893224902 305.248867559419 305.885675828621 306.349199843042 306.37349072603 306.666754879445 306.953828467752 -9999 307.240177200466 307.267936827374 307.265078650379 -9999 307.283429573571 307.31650114023 307.663528410473 308.198402736121 308.118390844463 308.02716134088 307.91895306791 308.142829684462 -9999 308.937832881348 308.719797467901 308.682399796898 308.766500977385 309.04892854791 308.976870346583 308.792967446991 308.918386146381 309.181215521945 309.35316240188 309.348808670613 308.933939502705 308.881083226267 308.930220181856 308.900157098383 308.783420572094 308.813031654158 308.691057905824 308.962924009134
300.602642964267 299.43543236546 298.864868590735 301.414713935192 302.371085343303 303.661890993207 304.219231791642 304.606342176433 304.774873329817 305.151650157898 305.099327300201 305.411470762736 305.993476078007 306.362111786422 306.300993377226 306.423051956456 306.759520945363 306.969920614271 -9999 307.266067400825 307.294439760953 307.383494873997 307.447466170018 307.402980697405 307.563402115949 307.87761090645 307.621119605937 307.719111295831 307.778398606423 308.158807249953 -9999 308.817207875576 308.717843308063 308.653828539742 308.563142936809 308.594116235615 308.698109004145 308.788178759686 308.741831499388 308.99558093661 309.037000500554 308.973511032059 308.893467850719 309.037321955661 308.634820770536 308.612605211094 308.724781192151 308.765228141982 308.680373874097 308.873034440132
300.806138653808 300.259044271935 299.44212574413 301.579093351321 302.491054732216 302.957023932168 302.613780548431 304.301457925907 304.658206719746 305.141311590897 -9999 306.075486585964 306.042728119904 306.198331287595 306.131888686631 306.181928650382 306.324979971493 306.476200542385 306.629494169395 306.910784567481 306.9106998525 307.109767063144 307.363631421359 307.687942833255 307.639583060441 307.721221057228 307.785261401483 307.758348892164 307.934566367039 308.153547571421 -9999 308.44715412821 308.20754721057 308.331440272819 308.253025870366 308.261840470132 308.363979104812 308.467500696171 308.596500333187 308.444331615312 308.3467854585 308.500342994683 308.694160846555 308.735487092067 308.703431545361 308.65332648491 308.648786177911 308.707572906839 308.861660229144 309.146297831859
300.522069329604 301.326172951426 301.093701287001 301.589145549882 302.852306874729 303.206375098843 303.430672312271 304.483392792896 305.045184128451 305.222823069296 305.230852964546 305.537912578998 305.571288337918 305.822164713952 305.868535064301 306.08364471128 306.123118103022 306.178998821443 306.301203760091 306.89706260678 306.807110695243 307.034498314897 307.287599917238 307.457877032595 307.626387599961 307.620558618775 307.747447724016 307.968830880191 308.244740262809 -9999 -9999 308.284883584417 308.130832680537 308.148286898829 308.203456529339 308.192619849335 308.243686247657 308.357529888843 308.285345383561 308.162991459069 308.192692726575 308.431805357542 308.69929818265 308.753513145606 308.713998999487 308.650971842804 308.646421827475 308.705065704819 308.768141528499 308.815805709175
301.012566799118 301.716006186143 302.082804802431 301.837633798884 303.176831179515 303.46035263513 304.160949017044 304.700786564812 305.052133875052 305.218551127164 305.104469405494 305.199434412259 305.187843138877 305.3499073129 305.633079697259 305.963080451314 306.035410214023 306.213583480623 306.375114872199 306.995762956743 306.99702664726 307.03228167304 307.257811525805 307.284114812968 307.36655658446 307.48656135964 307.604187603624 307.955289647592 308.239912897769 308.225229777767 -9999 -9999 308.182811274879 308.157638913334 308.167940670486 308.077739722201 308.113383088159 308.228802492604 308.111390647984 308.013235149189 308.172729495038 308.566205714928 -9999 -9999 -9999 308.68375314561 308.667044704913 308.64410572011 308.7381782956 308.630211487766
