rcp4.5models/GFDL_CM3/sc1gr3.6
NCOLS 261 
NROWS 433 
XLLCORNER 336357.134 
YLLCORNER 654653.479 
CELLSIZE 1000 
NODATA_value -9999 
[rows 154 to 175 of 433, columns 50 to 99 of 261]
269.566801790752 270.318451172875 269.873901633945 270.1911461739 270.13356719432 269.482193930887 269.141419549526 268.164594535186 268.759727067894 269.85057825527 270.038164782198 269.968140323848 270.159637776255 270.170594277371 270.549760308654 270.220794352479 269.86708802344 269.713376284351 269.666141688596 269.762161798913 270.235728910344 269.659948206688 269.611087853039 269.577546819158 269.423021800052 269.659846003292 269.879911084774 269.86403023948 269.808062640985 269.437277740353 269.387789521605 269.357746132821 269.125119735996 268.645955866213 268.310574165825 268.390644122026 268.078622511011 267.954328551949 268.249283563284 268.536536879227 268.072370744211 268.568612553829 268.776465078603 268.681512986103 268.848917265416 267.494977334335 261.84180969374 261.75257935499 261.690388898338 261.377301827526
269.849187410239 270.172660217062 270.054092879296 269.948393543094 269.887566954935 269.676607143039 269.06304902775 268.21632151472 269.157501032569 270.011961764232 270.005668200031 269.482413622272 270.247901706486 270.126594296936 270.255838841898 270.089614149598 269.652163180504 269.773333996524 269.741361442816 269.633423417455 270.091192766908 269.936036050667 269.642117597223 269.752268663501 269.350215157232 269.470090914628 269.625078542 269.730076916487 269.731225612393 269.426629765112 269.337636950129 269.302110927563 269.030123433237 268.5719570862 268.570467034904 268.406065485372 268.159086355122 267.888389715181 267.945923685477 268.130577394372 267.951412424336 268.292122802002 268.460633075791 268.287084254982 268.534002654876 268.275907940235 265.293772697383 261.615537089752 261.307647639312 261.252932801586
269.769626055825 270.149501772665 270.540132172611 270.008808617205 270.090397173799 269.860113661264 268.9850727032 268.319499493585 269.152904812591 269.807889392512 269.35371547115 269.142198132599 270.14638823007 270.108882511944 270.100785574351 269.772893331791 269.828456989616 269.850071667883 269.627034423947 269.521135005352 269.986295213581 269.889986959066 269.640467285759 269.691893909854 268.971526543297 269.165364528895 269.432480336501 -9999 269.670315529117 269.431849206344 269.382455014835 269.307100977962 268.893002423124 268.713334204673 268.873409287774 268.289577612814 268.063575988255 267.999696057397 267.827409229419 268.021937881074 267.85338012557 267.948996211128 268.111938063954 268.022210572166 268.132006774651 268.410833055965 267.161752384465 261.442957562655 261.389632644956 -9999
269.446328110782 270.18564747501 270.034097542884 269.976888173152 269.951417201017 269.422500607643 269.073410271683 268.23840568901 268.936663661656 269.343794651565 268.891362270413 269.111062845298 269.591081115339 270.001234420875 270.044937757814 269.696117778144 269.645186917796 269.711568763368 269.705085993361 269.666210220745 269.739908204282 269.854272701356 269.722206234593 269.681669535608 269.147215611003 268.856601677483 269.047095831897 269.271534846951 269.429397040575 269.349954968337 269.439315599529 269.389973093764 269.104833813283 268.882212031815 268.784859410431 268.214094748917 267.971265120972 268.008445102149 267.66614678916 268.065759023277 267.677243252157 267.37035147129 267.839881574654 267.860506424016 267.956170539749 268.054058494758 266.910528861689 261.61690585617 261.661894367542 261.60116964098
269.593105709395 270.366547216689 270.263135783122 269.683791011554 269.67599629249 269.601082648812 268.918074471204 268.204146029754 268.264070712023 268.71620426663 268.311649365226 269.118275408241 269.356069521139 269.937221808009 269.903246330857 269.442712882514 269.5510841365 269.573470583496 269.448675851411 269.569751336656 269.727915834621 269.81445364397 269.767221073052 269.714184859797 269.326696334552 268.750338477443 268.760274239785 269.196542135926 269.250947081849 269.209285719167 269.436431313086 269.407543575682 269.248966491191 269.100551174689 268.786499371188 268.277637015821 267.844303937322 267.849669043802 267.713506294749 267.989631652072 267.696758619165 267.100961979533 267.692941804148 267.476237803779 267.940594032599 267.15094452993 264.375940687702 265.807067416148 264.844772125499 261.526291947248
269.472272698403 270.34702279355 269.924915190179 270.232112971297 269.766239200484 269.371052081273 268.894902315613 268.690357721037 268.450208446645 268.197365596412 268.664094231276 268.985445951544 269.110729770762 269.586283535817 269.540217304827 269.310500376272 269.586989559736 269.450484436378 269.271513353777 269.370978137371 269.687897650635 269.856717542834 269.711414795713 269.453084632287 269.4315399497 268.828438346832 268.637658684451 268.757170305338 269.007549397651 269.33481912422 269.433425050326 269.423062407583 269.316609507824 269.072004712604 269.073942378258 268.647611633608 268.168880172944 268.08270971353 268.034816560339 267.811931651858 267.305346196459 266.915413272995 267.184952124562 267.084215054038 267.855547053842 267.406909753396 265.874157408218 268.161615827747 266.852316069751 262.304172119514
269.792002627977 270.277972165609 270.102893509609 269.612630948018 269.512398885401 269.846474877966 269.204598424945 268.765210776658 268.471547876181 268.17889133977 268.414086206078 268.841405562148 269.060303048655 269.230390548762 269.399848091869 269.308343171844 269.643203314713 -9999 268.867290614008 269.254634362273 269.815316511561 269.808430938554 269.733556563169 269.482881287291 268.884337232566 268.601355116553 268.595724875416 268.539084286131 268.804368470207 269.076866198388 269.430312898466 269.430569008439 269.283140404551 268.635712951361 268.772703675487 268.897431013918 268.676242763872 268.291147009239 267.91713385761 267.734003361891 267.595142734411 267.088913949506 267.086136191811 267.070089469639 267.882978265116 267.859105219653 266.802031090099 264.747436691665 266.780844234957 262.079459530373
269.347285780607 271.141152955416 270.757653003955 270.447431534785 270.317985309099 269.453906054153 268.717203829611 268.800469397306 268.538908754472 268.798913065362 269.093022921499 269.066430861676 268.933279956188 268.948939857307 268.585941102255 268.944654651257 269.163501141922 269.538428988861 268.787374756847 269.300279918198 269.515238641287 269.430715951756 269.496918336589 269.570108057955 269.393722118055 268.897096920244 268.520754425084 268.41545521306 268.444384318146 268.532176521538 268.47287680116 268.567712866626 269.189787732322 268.967230473701 268.373676878736 268.188017452622 268.343826343791 268.247088783619 267.779171426682 267.863172547424 267.546841735379 267.233610440187 267.060017651026 266.979380891724 267.234746070731 267.433380526723 267.469581548486 267.677326014416 267.707336092267 266.06821699869
270.059174541954 271.647422961078 271.170279037102 270.638442270771 269.948514746381 269.575684640696 269.339910560451 268.768334877463 268.988340121245 269.474578659611 269.635823034503 269.17960333411 268.8179057203 268.890139921638 268.813969736658 269.184440245579 269.418634734366 269.12028823282 269.091463992429 269.398105854791 269.344059055137 269.491131895383 269.262763912263 269.103696492076 269.36137331782 269.036504093093 268.76436303885 268.497698610193 268.243934609533 268.420028934764 268.400749297326 268.456794281785 269.087329925389 268.942658220803 268.292587496814 268.173025973779 268.132221616734 268.289386443079 268.102816949884 267.859420643633 267.49598744212 266.946606050515 266.808876732894 266.660743503802 267.291588956734 267.555063575921 267.664472933049 267.682096840537 267.816897878356 267.986035166858
271.383421118938 271.760711049224 270.877105228537 270.819611648403 270.534045964222 270.031632669647 269.297390755338 268.799563031919 269.228371075773 269.733081448907 269.614756193928 269.254441648888 269.232606665091 268.745326671918 268.548801833962 269.03812376296 269.122474599342 268.867912169174 268.792433553332 269.433117949134 268.752580258639 269.105796279864 269.344135882475 268.82574256862 269.177451439969 269.014719019458 268.678618722715 268.493169778687 268.01687036712 268.183193971156 268.125356670476 268.385725705584 269.017628044469 269.011604062676 268.250821155772 268.218948993924 268.056004996593 268.032257690623 268.286946396948 267.776994249819 267.370725796623 267.060159844848 266.813778066592 266.451950775096 267.293100945109 267.614258869025 267.71741121003 267.71962521899 267.766641662795 267.877760978035
271.686930105661 271.376753351195 271.092741799881 270.984360078456 270.05249692466 269.880237670401 269.527754249883 269.2744571792 269.687436730349 269.616606243671 269.592218018074 269.6238637575 269.138673001782 268.638706512893 268.727264208116 268.908958815283 268.818192908996 268.919914036171 268.568302704301 269.196641445226 268.467534002416 268.774327912823 268.87166309391 268.655798599033 268.809537409462 268.989635762421 268.57868408732 268.50798971491 268.010931650575 268.020894907567 268.234904744512 268.312036550168 268.719369912494 269.035330941737 268.162137579233 268.255661609098 268.183763145446 267.817561863879 268.052686712162 267.7895364471 267.298771196572 267.409439968303 266.995131738132 266.725803147646 267.021558940968 267.175945109203 267.306909714264 267.814380660146 267.917278189462 267.8669129408
271.722855181336 271.700894600634 271.598923031143 270.828756772013 269.830864736363 269.756511256987 269.700907518355 269.574953023596 269.974181776877 270.247118444096 269.603995824646 269.748124895043 269.44491223526 269.004353097586 268.905038971995 268.850329658501 268.469471657168 268.924614251993 268.711304724586 268.548442176427 268.426650253704 268.511340379233 268.48402174341 268.574416465553 268.683099404829 269.073760737231 268.555364336791 268.426198793244 267.830431224392 267.769152026733 268.11873055326 268.274319394068 268.528657544092 268.847441261019 268.108951849042 268.255508136675 268.194575383531 267.7770048753 267.931555914947 267.955430712168 267.283869900384 267.341153197014 266.877177965157 266.588796908558 266.912380452714 266.999269885442 267.446224180353 267.913095651477 267.935271748565 267.955716024828
271.730023739604 271.824080342171 271.94745878654 270.745886878252 269.869471928781 269.736064285197 270.167683251683 269.988057378137 269.9312054237 270.674929327614 270.282933427501 269.810752079041 269.503181571979 268.841152162841 268.582197103288 268.631686511855 268.29978310157 268.642702228148 268.44062868186 268.356637513979 268.326595918433 268.061428153057 268.484468763189 268.372154876812 268.543174215577 268.850600192123 -9999 268.305899710374 267.940901260373 267.914300458445 268.054749304127 268.291038920113 268.505674660193 268.465463810148 268.379210933162 268.281905369756 268.014215465155 267.939769889176 267.919351166789 267.978194839816 267.46452736901 267.111494100141 266.956434967649 266.828653214881 267.090515617776 267.153188110761 267.726945906569 267.886994290903 267.800564763606 267.700526305345
272.327726506393 271.690294959194 271.422601708442 270.739951050269 269.989435388684 270.522689070251 270.714476863496 270.422471481307 269.771529845289 270.632562313217 270.668567906451 270.241579350562 269.614568075432 269.202762094382 268.725547366551 268.554608785403 267.970952163361 268.343480841752 268.352876539189 268.399353045971 268.340041834625 268.151684827832 268.506698520668 268.224101288485 268.243846096569 268.506448478828 268.437429143132 268.312312572781 268.02695286313 267.895197695272 268.079392205718 268.172739955098 268.374225726815 268.428212584262 268.366938028816 268.36475995656 268.122797774835 267.786092532826 267.838866516644 267.62629833002 267.623303019635 267.475714105563 267.048593941433 267.003825661296 267.274626418144 267.794781013768 267.853464105695 267.912571169884 267.792175170865 267.21833625224
272.906089918744 271.914332613737 271.567900692411 270.841190856573 270.63429055193 270.862366182947 270.650575660928 270.569591124201 270.374405565346 270.471037648851 270.621638430892 270.479492440682 269.472394834735 269.241775022366 268.772334006559 268.55721505301 267.852143404356 268.923195740029 269.058788451154 268.959049308871 268.514947630243 268.578234956601 268.650827385679 268.46556520204 269.400243212176 274.010851116826 269.724401401729 275.443602445425 273.894150223709 267.966362102107 268.125510574681 268.351773284269 268.317090399925 268.60299541328 268.348103240166 268.39763009868 268.292172922064 267.881174967277 267.816578333244 267.493508722256 267.386421998323 267.268505883775 266.568880078121 267.059303991181 267.478192946065 268.160785186498 267.81143686289 267.510596556147 267.430776758173 266.974682565354
273.019023955531 271.958021460291 272.035671049435 271.458731553354 270.767018941976 270.760350943212 270.474338541455 270.67690650517 270.666381105519 270.434174373615 270.432258617314 269.308220847013 269.60659707794 269.399730665723 268.630256234073 268.609027188127 268.223234044771 269.253833594333 269.371524139449 -9999 269.097636472344 269.073301238765 270.459912165414 276.102368315369 276.257795291372 278.339947914875 276.085817650195 279.120642419821 278.271708621468 275.124978424942 275.375404704318 275.454796256473 274.181459326121 268.385740501375 267.932187557671 268.226604898271 268.367863983887 268.212436067874 267.928257151422 267.629205253858 267.30877185508 266.97897359323 266.210345540657 266.849694233467 267.417406889409 268.155795742941 267.748700504899 267.229304566139 267.155047335443 266.843484597279
273.004760674032 271.892365635221 271.961238131676 271.750769335537 271.119045072781 271.411801395486 270.723920917502 271.253743410493 270.967716675289 270.534912138162 270.487564067796 269.389768200673 269.528407930848 269.129405350421 269.011355657145 269.046266789374 268.901731634138 269.562710174173 269.637700347978 269.681281732 270.588817599364 276.44798247897 277.254937963513 280.241307728844 279.824097385789 279.030977984456 279.006227404414 278.70800053373 278.950209245455 279.355998542172 279.425593221654 279.540868083656 278.98891118721 275.392334217173 273.420688245013 267.874557194983 268.410425280057 268.445280217694 268.171692797281 267.769173040228 267.478966196246 267.199579521829 266.405496879144 266.643823433118 267.211429843603 268.093991584225 267.911725069591 267.538270592874 267.149958078947 266.846878880503
272.945849226543 272.668045954522 271.762729103146 271.254011299645 271.700310662976 271.788866649073 271.254818524761 271.068732863852 270.948892196612 270.68746083911 270.165949612933 269.705202696201 269.526013506637 268.998807212826 269.532243442578 269.448943798105 269.35538890617 269.716063391829 269.797166295813 -9999 271.438244475516 280.658557327841 280.329505803948 280.230831266621 279.982523651621 279.105256618322 278.984226420025 278.831427086861 279.155843670858 279.508155566163 279.514462188291 279.693023614709 279.547523832708 279.481250466971 278.19542808983 273.425922603315 268.397261325381 268.303277967554 267.744915337637 267.651175157251 267.41262660785 267.504371615897 266.871831872726 266.647928167249 267.24529875234 268.086653739914 267.858762580059 267.827457053524 267.615703883452 267.521300046837
272.884294059446 272.829681480293 272.076765312081 271.915644388521 271.872526282332 271.779873076468 271.525394342207 270.87516649168 270.914667222092 271.039636868709 270.667784791368 270.409853069233 270.315144843862 269.488083026065 269.681413748364 269.624871550503 269.839703702064 269.792931406387 271.504895003976 277.416654259728 277.934784728248 280.800039718932 280.316563121339 280.181982099654 279.989754464207 279.213244529649 279.339176198856 279.305793765345 279.250777387689 279.454064777533 279.289347534835 279.560647490779 279.238143237222 -9999 278.976418836328 278.025165983553 275.114623286442 273.744560899732 267.474682568096 267.465450224966 267.049871137364 267.114942137643 266.748740891814 266.680607847502 267.318501777997 267.753363433763 267.338052515985 267.803828644291 267.89711920047 267.902991865821
272.616087376129 271.881674204763 271.927880694211 271.605641382849 271.392954142203 271.6822689424 271.26944033838 271.611518909702 271.878544767581 271.585641716111 271.298810887571 271.044775890443 270.460035631061 270.194274886227 270.485604466981 269.769036821037 269.885753459105 280.812580416013 281.176325674937 281.039042486907 280.432266297725 280.34413439951 280.267160499372 279.979341746938 280.019747209701 279.652467321101 279.761576573426 279.50075185678 279.392835071023 279.336680035099 279.032534992586 278.675782158207 278.637499053382 278.714198391243 278.282902437012 278.17847425386 279.015532562486 279.042902785129 -9999 267.778644957571 267.358109652859 267.06379964628 266.803036387324 266.234321774452 266.480339235011 266.769466600665 267.30441696956 267.59184028419 267.717761890135 267.461228833514
272.808761070527 272.591587613758 272.680613285496 272.318618649275 271.763921132177 271.972808751084 271.400514887859 271.640195680427 271.907947193036 271.799835888068 271.369369287005 270.852403441545 270.575986539216 270.564754953511 270.626673905352 271.627307114235 277.469800033656 281.233549333558 281.619839117981 281.173326495118 281.069098013947 280.605561467346 280.331118666969 280.284480499035 280.239637844317 279.953041925257 279.614704487433 279.851850152872 279.510966937495 279.486174877555 279.207182440819 278.454803073568 278.288113624619 278.380471954301 278.0435408459 278.182152013318 278.827431989714 278.909511381273 278.000391721199 273.120569294284 267.459051649647 267.278346878352 266.758063998381 266.680503657552 266.365827779721 266.587743969959 267.381034311026 267.548468685076 267.584315332723 267.377870562936
272.971321825224 272.980113681407 273.004679145841 272.738160039414 271.925811163459 272.205835916063 271.691783983199 271.740238327856 272.210849206696 272.132668500655 271.423322455474 270.683131413469 270.711558705392 271.03007423547 271.018792002595 272.957638395234 281.515551363287 281.888809858706 281.976193865762 281.393177823951 281.330940931359 280.938134721611 280.492167274984 280.600718512656 280.307434392579 280.081114162611 279.827154028295 280.189184986789 279.761457394779 279.5087528523 279.321497765547 278.588656023896 278.548816126206 278.597259610762 277.994046191054 278.176397907965 278.726645736383 278.532987962281 278.602164534027 277.806190251071 267.432490752373 267.352058531736 266.891785357218 266.561232871205 266.360474736419 266.512800454921 267.140007213399 267.527863211548 267.528115738013 267.465746655315
