rcp4.5models/GFDL_CM3/sc1gr8.35
NCOLS 261 
NROWS 433 
XLLCORNER 336357.134 
YLLCORNER 654653.479 
CELLSIZE 1000 
NODATA_value -3.4e+38 
[rows 352 to 373 of 433, columns 49 to 97 of 261]
366.930541992188 367.608337402344 367.2763671875 375.4130859375 386.293304443359 393.774597167969 401.694244384766 421.799163818359 429.082611083984 437.222625732422 448.097045898438 453.682556152344 463.986511230469 473.510559082031 480.143676757812 490.180755615234 496.617431640625 502.452087402344 524.43212890625 518.028930664062 517.214599609375 522.069885253906 524.158935546875 525.234558105469 525.989990234375 541.285522460938 540.834594726562 538.357421875 544.602416992188 539.031860351562 542.348815917969 548.424072265625 551.375122070312 548.1689453125 546.2314453125 541.12255859375 521.550048828125 514.930114746094 511.627075195312 514.697387695312 508.239990234375 501.887115478516 478.887725830078 471.805053710938 466.63720703125 461.535797119141 453.478973388672 454.112640380859 461.437591552734
361.335906982422 364.318756103516 366.288208007812 374.691162109375 386.569366455078 391.631744384766 397.445068359375 423.457763671875 432.501037597656 439.593627929688 446.280914306641 452.625366210938 462.034484863281 471.401824951172 480.151336669922 490.730987548828 497.223083496094 501.474822998047 514.975891113281 509.629089355469 515.851379394531 519.817016601562 527.745544433594 527.979675292969 523.254760742188 529.022766113281 532.888916015625 529.239379882812 526.933044433594 543.730163574219 547.748901367188 547.007446289062 544.372253417969 548.826904296875 547.962951660156 543.489990234375 532.955810546875 516.299560546875 505.43212890625 515.011352539062 510.28564453125 508.477600097656 493.203491210938 474.775115966797 473.433898925781 470.875427246094 457.488403320312 449.928497314453 461.472412109375
358.188110351562 361.219635009766 364.863464355469 372.347473144531 384.383880615234 392.087341308594 398.609619140625 418.11083984375 426.869567871094 436.201049804688 443.145843505859 452.024169921875 460.898162841797 467.993804931641 480.288146972656 489.568298339844 495.923400878906 497.912261962891 513.283752441406 512.098754882812 513.714660644531 516.748107910156 523.064331054688 535.179138183594 536.699462890625 529.547241210938 527.909362792969 530.804748535156 529.032470703125 547.408203125 554.753479003906 544.412780761719 539.155883789062 548.210876464844 550.035705566406 544.859191894531 540.077026367188 529.004760742188 512.916442871094 513.667663574219 521.177307128906 487.442901611328 502.864685058594 484.023315429688 470.035736083984 479.117706298828 473.438537597656 455.079559326172 460.456756591797
360.057830810547 361.764984130859 364.077087402344 370.697235107422 381.706329345703 390.960174560547 397.431457519531 414.491149902344 422.713653564453 431.975402832031 440.324279785156 450.960510253906 460.907806396484 465.866760253906 474.470947265625 485.850341796875 496.215972900391 497.116027832031 524.473571777344 521.56591796875 510.591186523438 515.341857910156 516.247924804688 529.780029296875 536.112060546875 527.250366210938 523.160949707031 529.201049804688 528.337280273438 531.438415527344 546.164916992188 536.95166015625 526.434387207031 536.665832519531 538.756103515625 536.128479003906 539.678039550781 537.852416992188 526.31689453125 513.989868164062 520.084167480469 472.666687011719 480.98974609375 495.307037353516 480.504608154297 483.542510986328 489.481109619141 475.81884765625 466.932220458984
359.781921386719 360.793334960938 365.060546875 371.260620117188 378.306945800781 393.0546875 406.579803466797 413.005432128906 423.9921875 434.002990722656 447.872894287109 452.171813964844 460.696594238281 469.348449707031 474.938812255859 491.919494628906 499.807098388672 501.493896484375 527.376831054688 521.577331542969 509.959411621094 524.905212402344 537.111572265625 534.998291015625 526.80810546875 529.125061035156 526.014221191406 524.208251953125 525.361938476562 523.373779296875 535.136291503906 541.1083984375 538.642150878906 541.68212890625 536.913208007812 529.598999023438 536.645935058594 541.34765625 537.197631835938 518.150085449219 508.530212402344 497.184326171875 477.944274902344 499.083374023438 502.11328125 493.798797607422 497.836334228516 495.334014892578 481.006500244141
353.169647216797 356.599822998047 364.985198974609 372.432067871094 376.695404052734 391.264923095703 410.183746337891 409.922058105469 421.758361816406 431.893157958984 442.970031738281 446.889312744141 456.750671386719 486.624298095703 487.958557128906 492.544891357422 507.333923339844 505.243072509766 519.486450195312 520.257202148438 519.145629882812 522.394470214844 553.973815917969 550.488647460938 528.409606933594 546.215881347656 538.608459472656 522.496948242188 524.153686523438 520.038208007812 537.922912597656 556.857238769531 559.467346191406 558.024475097656 548.6953125 540.548095703125 541.452026367188 544.064453125 543.221130371094 531.005920410156 517.44287109375 515.717102050781 497.3310546875 490.004608154297 504.721771240234 505.075988769531 496.420379638672 495.002258300781 488.848358154297
347.946228027344 357.451873779297 365.933868408203 375.311431884766 377.287139892578 386.9443359375 402.576232910156 412.342346191406 422.098510742188 429.513854980469 434.425506591797 452.56787109375 468.626220703125 483.683807373047 506.311553955078 513.980041503906 525.08447265625 527.261413574219 520.514465332031 509.640319824219 528.417358398438 524.548767089844 554.853332519531 549.731506347656 533.319519042969 554.221862792969 541.020690917969 522.535888671875 522.639953613281 519.288940429688 529.567504882812 553.917846679688 565.199890136719 562.400146484375 555.79931640625 550.851867675781 547.536376953125 546.107666015625 545.896362304688 542.077026367188 533.976684570312 519.513061523438 510.275451660156 485.175079345703 487.942291259766 507.416412353516 497.738433837891 488.000183105469 489.384185791016
347.5888671875 359.572174072266 365.940856933594 370.424530029297 380.828704833984 388.088500976562 407.976348876953 414.751647949219 420.739440917969 424.778381347656 432.101440429688 473.194213867188 506.526336669922 482.376495361328 510.288726806641 539.937133789062 540.791870117188 540.951721191406 504.472351074219 497.318359375 513.48974609375 516.72314453125 527.701110839844 528.926086425781 529.159484863281 554.071166992188 559.458190917969 533.963439941406 520.690551757812 519.322265625 517.520690917969 539.757446289062 563.058288574219 564.446838378906 560.311706542969 556.474914550781 548.468933105469 546.375305175781 544.711975097656 542.109619140625 540.157470703125 522.8544921875 520.936828613281 508.937713623047 498.156463623047 503.409332275391 504.018218994141 493.082824707031 484.510040283203
342.847259521484 352.099365234375 357.172210693359 366.483764648438 381.415008544922 388.456207275391 395.564849853516 403.189788818359 413.739074707031 440.650054931641 473.178863525391 493.615417480469 505.232299804688 506.738891601562 514.204650878906 535.758605957031 544.317565917969 534.400329589844 539.182861328125 517.483215332031 511.174163818359 512.863952636719 535.006225585938 535.285583496094 555.616149902344 571.914794921875 566.565063476562 553.857788085938 534.509948730469 526.188537597656 520.712097167969 527.0322265625 546.181762695312 556.28125 549.497619628906 552.637329101562 555.54638671875 551.59326171875 549.942199707031 546.016418457031 544.442504882812 537.538330078125 533.375854492188 527.617004394531 525.739685058594 524.438903808594 518.897277832031 513.386962890625 507.436706542969
340.340942382812 347.797546386719 355.154113769531 365.233978271484 380.060943603516 386.870086669922 393.688323974609 402.012756347656 412.105651855469 430.893707275391 464.510040283203 488.54736328125 496.968597412109 498.437255859375 519.900146484375 512.199401855469 511.254669189453 541.011169433594 532.941040039062 524.989807128906 512.238586425781 512.2900390625 531.870361328125 530.915405273438 548.593139648438 558.203918457031 560.52880859375 564.523376464844 539.882202148438 525.804992675781 522.862365722656 520.65673828125 525.006225585938 542.574768066406 550.068359375 552.226623535156 558.912048339844 557.485534667969 551.93603515625 547.387084960938 545.48095703125 541.382019042969 537.623596191406 533.815856933594 530.911010742188 528.016052246094 522.973083496094 517.502685546875 510.475494384766
341.784210205078 345.60791015625 354.309661865234 363.819549560547 373.059295654297 380.624237060547 388.917755126953 401.886566162109 411.718505859375 425.495300292969 451.334930419922 479.981506347656 507.203063964844 511.600067138672 521.471618652344 499.069427490234 495.144561767578 522.342834472656 506.38037109375 512.179931640625 508.557098388672 506.013763427734 512.436767578125 527.108520507812 532.999206542969 539.68310546875 561.463623046875 562.508178710938 544.486450195312 522.891662597656 526.493896484375 520.183227539062 514.788818359375 534.724487304688 554.34033203125 558.851806640625 561.191589355469 560.3095703125 554.657653808594 550.83251953125 547.781433105469 543.01171875 540.144714355469 536.227355957031 532.927490234375 530.35009765625 526.363464355469 522.945739746094 517.751892089844
-3.4e+38 345.094848632812 350.056457519531 356.566101074219 363.473327636719 373.821899414062 386.672454833984 401.659332275391 413.886413574219 430.326721191406 444.691375732422 472.655914306641 508.939605712891 522.094055175781 517.9736328125 506.339630126953 498.888214111328 508.585662841797 495.644897460938 493.336883544922 498.453247070312 499.068420410156 516.648803710938 538.134643554688 528.657531738281 537.451782226562 565.847961425781 550.438049316406 536.602111816406 517.150268554688 524.064819335938 527.232604980469 520.619201660156 522.000671386719 532.638305664062 549.121276855469 558.502136230469 559.300659179688 558.728942871094 555.287231445312 551.215026855469 543.299377441406 540.862731933594 538.552795410156 534.97802734375 532.379577636719 527.831604003906 524.013854980469 520.951782226562
-3.4e+38 344.138885498047 348.578918457031 352.884338378906 359.388275146484 371.034545898438 384.224945068359 401.773345947266 410.164459228516 434.360076904297 448.940277099609 476.575164794922 494.306610107422 507.809600830078 497.997619628906 503.890869140625 491.679138183594 501.243682861328 502.347503662109 495.961669921875 498.596527099609 497.388092041016 515.595886230469 540.040649414062 538.520568847656 548.310852050781 566.99267578125 540.437744140625 521.803527832031 522.007934570312 518.48291015625 526.945556640625 524.021179199219 514.676208496094 529.051818847656 541.272155761719 545.849670410156 554.907409667969 559.090759277344 557.718322753906 554.759216308594 544.752014160156 540.301391601562 538.244506835938 535.506408691406 533.839721679688 530.827880859375 526.9775390625 522.475463867188
-3.4e+38 343.428771972656 352.260986328125 356.960998535156 361.278015136719 370.071868896484 381.607391357422 400.464172363281 411.173248291016 425.424774169922 444.435913085938 480.609558105469 493.367370605469 478.678802490234 463.1064453125 474.385803222656 477.859619140625 494.235931396484 491.058502197266 492.256500244141 496.922088623047 512.2099609375 512.886657714844 514.877685546875 523.783630371094 553.424499511719 569.54150390625 544.832824707031 522.396606445312 542.455444335938 529.0712890625 522.687133789062 527.497375488281 519.712768554688 530.524963378906 546.488464355469 550.180541992188 554.667236328125 558.8310546875 559.319274902344 556.348876953125 548.511291503906 543.040466308594 538.286865234375 537.098876953125 535.558044433594 532.583251953125 529.237976074219 524.197692871094
-3.4e+38 -3.4e+38 350.792633056641 355.873413085938 362.698211669922 370.852203369141 380.021697998047 395.851898193359 409.823425292969 420.186431884766 431.839202880859 451.893463134766 472.948944091797 467.405853271484 453.493713378906 455.071624755859 466.372863769531 480.214080810547 484.278076171875 491.369934082031 493.385803222656 513.723449707031 509.530303955078 501.791107177734 519.833312988281 536.392700195312 550.238464355469 546.316040039062 528.692443847656 533.947082519531 526.648254394531 519.034423828125 529.347229003906 531.980163574219 526.032470703125 546.44482421875 563.85107421875 552.865905761719 554.331970214844 561.633605957031 557.888610839844 550.012634277344 547.169860839844 541.589233398438 537.519226074219 535.80029296875 532.767700195312 529.42578125 525.449279785156
-3.4e+38 -3.4e+38 349.841766357422 354.649627685547 361.005310058594 370.247741699219 376.389892578125 391.610260009766 405.824890136719 415.230895996094 426.803070068359 434.227478027344 447.339141845703 454.471832275391 449.813903808594 452.024139404297 461.740600585938 470.362701416016 493.795471191406 512.445861816406 509.614074707031 514.355407714844 521.250183105469 510.131713867188 535.6279296875 542.913024902344 547.835327148438 557.873779296875 535.730712890625 516.42431640625 516.265197753906 515.976867675781 523.117553710938 531.950622558594 532.263305664062 544.606140136719 563.955383300781 561.41796875 559.196655273438 563.238342285156 556.273742675781 552.097961425781 550.991821289062 547.00244140625 540.584411621094 537.387573242188 534.358581542969 530.626708984375 527.523254394531
-3.4e+38 -3.4e+38 351.700744628906 355.158447265625 363.098052978516 365.781341552734 369.897216796875 391.099975585938 404.369598388672 410.038909912109 421.603118896484 433.155944824219 437.507843017578 442.400573730469 446.862518310547 453.659240722656 460.491851806641 464.570983886719 501.968933105469 530.23291015625 531.942077636719 532.903076171875 542.675170898438 518.29443359375 532.114624023438 554.104858398438 552.383422851562 563.201904296875 549.211486816406 515.964050292969 515.988159179688 515.567138671875 517.83154296875 529.862854003906 550.96337890625 562.201721191406 567.775939941406 569.877990722656 567.001220703125 564.870971679688 550.06201171875 556.198852539062 554.347839355469 550.630859375 546.200256347656 542.329223632812 536.177612304688 532.654174804688 531.550659179688
-3.4e+38 -3.4e+38 347.497192382812 358.962890625 362.514739990234 363.383666992188 366.959075927734 389.893768310547 401.239837646484 408.191528320312 416.075531005859 450.484710693359 446.375854492188 437.001373291016 443.522216796875 459.351806640625 465.429351806641 464.575866699219 501.248077392578 536.729431152344 544.236450195312 544.242492675781 547.786926269531 534.602661132812 530.638122558594 551.398071289062 555.172119140625 560.974914550781 567.207458496094 523.533569335938 516.258361816406 515.853820800781 515.749206542969 532.740539550781 558.606689453125 570.214782714844 568.65673828125 566.561462402344 567.995727539062 566.419250488281 556.343078613281 551.965637207031 556.185974121094 551.238098144531 547.356628417969 540.168273925781 535.354248046875 534.640319824219 531.403198242188
-3.4e+38 -3.4e+38 349.006072998047 357.606323242188 358.908996582031 363.549499511719 367.426483154297 388.473724365234 398.737670898438 407.021484375 414.624084472656 438.097259521484 442.120178222656 436.552917480469 439.395111083984 454.606750488281 467.667938232422 473.342071533203 486.510437011719 520.434509277344 544.439331054688 550.227600097656 536.982604980469 527.763305664062 527.359313964844 540.262451171875 539.778015136719 551.612487792969 574.276123046875 537.528137207031 515.339172363281 517.936706542969 516.112609863281 535.18994140625 556.258666992188 562.340515136719 566.786560058594 567.853088378906 567.662353515625 566.375 564.670043945312 554.011535644531 553.418823242188 536.768310546875 535.165649414062 536.71044921875 527.931884765625 528.888671875 530.251892089844
-3.4e+38 -3.4e+38 348.292114257812 352.504577636719 357.964782714844 363.013977050781 370.736663818359 386.676727294922 396.864105224609 404.737426757812 410.944030761719 418.986785888672 429.942932128906 439.059448242188 440.085601806641 445.834411621094 451.668518066406 463.883331298828 470.3232421875 483.858856201172 496.351867675781 507.145690917969 518.105712890625 540.408264160156 550.679748535156 519.935363769531 499.488647460938 529.350402832031 563.598388671875 560.973205566406 531.224670410156 521.296325683594 519.725830078125 521.625854492188 539.722900390625 552.269165039062 557.894165039062 559.30859375 558.48828125 557.356567382812 558.9052734375 547.230224609375 518.25048828125 514.385925292969 515.349670410156 506.868438720703 517.852294921875 514.774108886719 506.046264648438
-3.4e+38 346.123352050781 349.251922607422 353.836029052734 359.68310546875 367.726440429688 376.047698974609 388.160980224609 397.664154052734 406.264221191406 413.634643554688 419.212066650391 429.452789306641 434.689239501953 440.306976318359 445.917510986328 449.872650146484 457.007629394531 485.011688232422 492.795501708984 486.613739013672 491.705810546875 520.313537597656 535.075500488281 527.475524902344 510.199127197266 499.997314453125 528.633972167969 561.701721191406 574.506530761719 558.640869140625 539.635192871094 526.588745117188 527.812133789062 538.630249023438 545.296630859375 552.203552246094 556.342041015625 553.020935058594 549.393859863281 549.570556640625 550.736999511719 531.463256835938 520.760437011719 521.749633789062 502.507965087891 503.938934326172 516.744995117188 509.588806152344
-3.4e+38 348.286529541016 351.583984375 356.337463378906 361.957427978516 369.394653320312 376.093994140625 388.943695068359 399.357513427734 407.920532226562 412.915008544922 415.775634765625 424.981262207031 428.075103759766 434.596710205078 445.14306640625 459.434875488281 460.554351806641 497.015075683594 516.927612304688 520.005737304688 514.40673828125 517.896240234375 521.074096679688 505.493743896484 497.559936523438 499.542175292969 515.850280761719 551.691772460938 569.004943847656 568.434326171875 544.317565917969 520.912658691406 519.095947265625 530.554016113281 543.552856445312 548.910583496094 550.141662597656 545.560119628906 544.255065917969 547.551940917969 548.916442871094 544.67578125 530.239990234375 519.262756347656 508.333251953125 474.848419189453 478.937683105469 508.095031738281
