rcp4.5models/GFDL_CM3/sc1gr10.23
NCOLS 261 
NROWS 433 
XLLCORNER 336357.134 
YLLCORNER 654653.479 
CELLSIZE 1000 
NODATA_value -3.4e+38 
[rows 374 to 395 of 433, columns 147 to 195 of 261]
-3.4e+38 -3.4e+38 370.11767578125 316.556457519531 362.683166503906 309.650024414062 355.684265136719 245.5478515625 244.52018737793 243.021774291992 -3.4e+38 241.752197265625 241.569946289062 242.274261474609 243.509887695312 245.310394287109 248.272064208984 250.201019287109 251.400650024414 254.265777587891 257.782592773438 259.599060058594 266.755340576172 -3.4e+38 275.121643066406 279.258972167969 284.162292480469 289.238952636719 293.086181640625 297.044311523438 301.621429443359 306.4833984375 311.863586425781 323.272247314453 328.604583740234 334.657562255859 340.221435546875 346.712768554688 352.552185058594 359.293579101562 366.141845703125 372.884124755859 378.853240966797 -3.4e+38 391.368957519531 404.561126708984 410.929626464844 417.683807373047 424.09228515625
507.667541503906 550.426391601562 428.618377685547 427.440368652344 423.926086425781 416.269165039062 413.12353515625 348.078582763672 241.762954711914 240.615264892578 238.916290283203 -3.4e+38 -3.4e+38 -3.4e+38 241.309478759766 242.803466796875 244.868560791016 246.953475952148 247.965637207031 250.216033935547 253.640411376953 256.557189941406 262.928070068359 266.801177978516 270.704986572266 275.093627929688 279.928314208984 283.845855712891 287.293426513672 291.913787841797 296.428314208984 301.036376953125 306.094665527344 317.911224365234 322.715484619141 328.010772705078 334.468811035156 340.732849121094 346.524688720703 352.913848876953 359.333404541016 365.393157958984 372.223693847656 378.519470214844 384.484283447266 396.935302734375 403.831848144531 -3.4e+38 416.411560058594
617.006896972656 610.356323242188 604.942810058594 470.650970458984 308.287689208984 412.283355712891 404.667388916016 347.443908691406 294.134002685547 339.078521728516 236.166915893555 -3.4e+38 235.901794433594 237.06315612793 238.325469970703 239.948760986328 242.12712097168 244.124038696289 245.710800170898 247.321197509766 249.917709350586 252.795761108398 258.924774169922 262.705383300781 266.592498779297 271.021514892578 275.177001953125 278.520965576172 282.583190917969 286.829528808594 291.224090576172 296.123474121094 300.990020751953 312.640411376953 317.354888916016 322.519439697266 328.797454833984 334.765289306641 340.400787353516 346.665466308594 352.962585449219 358.840972900391 365.520935058594 372.029113769531 377.686248779297 390.117767333984 -3.4e+38 403.037780761719 409.119537353516
429.993072509766 426.875854492188 424.275482177734 356.211181640625 242.205825805664 300.327972412109 344.174560546875 236.078033447266 292.810852050781 339.107940673828 233.734237670898 232.698486328125 233.029815673828 234.157104492188 235.378814697266 237.311706542969 239.974914550781 241.401611328125 242.573486328125 244.007110595703 246.300186157227 249.063568115234 255.886199951172 258.977203369141 262.497375488281 266.561065673828 270.296875 274.107727050781 278.1064453125 282.362213134766 286.734497070312 291.473571777344 296.515472412109 307.487213134766 312.084136962891 317.162139892578 323.317749023438 329.018981933594 334.276184082031 340.521820068359 346.165863037109 352.793365478516 359.295532226562 -3.4e+38 371.280883789062 384.010314941406 389.836883544922 396.196441650391 -3.4e+38
246.032455444336 244.298675537109 241.899291992188 240.755126953125 239.66584777832 237.613723754883 234.686172485352 232.864715576172 233.082122802734 232.893859863281 230.925384521484 230.293670654297 231.19938659668 232.189086914062 233.473495483398 234.911773681641 236.928375244141 238.000061035156 239.020370483398 240.529800415039 242.680953979492 245.63151550293 253.35514831543 255.807159423828 258.477508544922 262.454437255859 266.076324462891 269.799285888672 274.007995605469 278.728515625 282.3359375 286.763275146484 291.683258056641 302.261596679688 306.869476318359 311.717346191406 317.601013183594 322.647735595703 328.620086669922 334.638702392578 340.266754150391 346.667419433594 353.219451904297 359.411224365234 365.151306152344 377.524627685547 383.306579589844 389.540985107422 395.303405761719
244.040954589844 241.373779296875 238.591400146484 238.064346313477 237.38444519043 235.438461303711 232.152221679688 230.501663208008 230.064865112305 229.899642944336 228.184936523438 228.271392822266 229.069808959961 230.162231445312 231.407791137695 232.443572998047 233.799072265625 235.274963378906 236.738388061523 238.084762573242 239.714828491211 242.17106628418 249.855834960938 252.826248168945 255.295791625977 258.431182861328 261.966491699219 265.575866699219 269.702362060547 274.542236328125 278.377655029297 282.211059570312 287.160675048828 297.021636962891 301.868438720703 307.108551025391 312.079528808594 317.016754150391 323.104370117188 329.161651611328 334.972076416016 340.782653808594 347.106414794922 353.428466796875 359.233581542969 371.127136230469 376.840942382812 383.030364990234 388.670135498047
241.435317993164 238.777206420898 235.732543945312 235.134384155273 234.667953491211 288.393768310547 381.645935058594 -3.4e+38 320.868072509766 227.001968383789 225.86735534668 225.550582885742 227.226699829102 228.046188354492 228.484024047852 229.582763671875 231.017486572266 233.182250976562 234.765350341797 236.006484985352 -3.4e+38 239.403717041016 246.081130981445 248.964202880859 251.910705566406 255.01643371582 257.928466796875 261.5439453125 265.670654296875 270.192718505859 274.206390380859 278.402435302734 282.751403808594 291.926879882812 296.917785644531 302.038665771484 307.118103027344 312.358276367188 317.718475341797 -3.4e+38 -3.4e+38 334.807891845703 341.193908691406 347.59814453125 354.390808105469 364.997680664062 370.700347900391 376.913421630859 383.315490722656
239.010650634766 236.776428222656 232.715774536133 231.893737792969 231.761749267578 286.917602539062 384.125366210938 378.357849121094 320.637420654297 224.166091918945 223.384094238281 223.945343017578 225.240676879883 225.239685058594 225.343566894531 226.643203735352 228.463592529297 230.73518371582 231.689453125 233.176864624023 234.565307617188 236.451278686523 242.496322631836 244.777359008789 248.145172119141 251.400695800781 254.505218505859 257.813354492188 262.294586181641 265.976837158203 270.222320556641 274.730072021484 278.441741943359 287.961608886719 292.122894287109 297.499786376953 302.725280761719 307.402221679688 -3.4e+38 -3.4e+38 323.725677490234 330.042114257812 336.028350830078 341.465484619141 348.268157958984 359.47119140625 364.953308105469 370.550109863281 376.91845703125
335.281188964844 233.627716064453 230.464797973633 229.627517700195 228.651962280273 226.898513793945 226.653747558594 224.85466003418 222.975738525391 221.699645996094 268.629058837891 222.127883911133 -3.4e+38 -3.4e+38 223.422805786133 224.790176391602 226.449295043945 227.973831176758 228.752166748047 230.072357177734 231.57453918457 233.360397338867 239.075088500977 241.401138305664 244.468841552734 247.617141723633 250.867782592773 254.376251220703 258.326873779297 262.423767089844 267.251556396484 271.438171386719 275.063262939453 284.610382080078 288.457153320312 293.457733154297 297.889099121094 302.751861572266 308.036773681641 -3.4e+38 -3.4e+38 -3.4e+38 330.077819824219 335.32080078125 341.798217773438 354.249572753906 358.485382080078 363.923706054688 370.146820068359
287.837554931641 322.919464111328 226.285125732422 223.904266357422 223.484527587891 222.009185791016 221.119659423828 221.462493896484 221.131530761719 267.301544189453 353.859130859375 217.827453613281 218.876052856445 -3.4e+38 219.485366821289 220.43391418457 222.015029907227 223.298675537109 224.446701049805 225.003494262695 226.15283203125 228.1181640625 233.061859130859 235.377136230469 238.040298461914 240.535232543945 243.787872314453 247.595184326172 251.750396728516 256.136657714844 260.035888671875 264.021453857422 268.310089111328 276.127105712891 280.436218261719 284.884979248047 289.423828125 294.387176513672 298.810668945312 -3.4e+38 -3.4e+38 -3.4e+38 319.085632324219 324.631530761719 330.022918701172 341.175872802734 346.345733642578 352.906280517578 361.108215332031
289.025115966797 324.157196044922 224.348648071289 222.150985717773 221.413757324219 220.08723449707 218.986465454102 219.129653930664 218.601654052734 216.584426879883 215.210296630859 215.62873840332 216.174240112305 217.680923461914 218.554748535156 219.719818115234 220.515090942383 221.517318725586 221.711456298828 222.076522827148 223.378387451172 225.186141967773 229.840774536133 232.208282470703 234.799423217773 237.561782836914 240.570602416992 244.727172851562 248.805709838867 252.21044921875 256.004058837891 259.917602539062 264.36865234375 272.150451660156 -3.4e+38 280.186462402344 284.80029296875 289.801483154297 294.021484375 -3.4e+38 -3.4e+38 308.740234375 313.666809082031 319.075134277344 324.914581298828 335.199554443359 340.348114013672 347.415893554688 355.467193603516
229.775955200195 226.08381652832 223.788833618164 221.647491455078 219.658248901367 217.786758422852 216.392349243164 216.089202880859 215.401504516602 214.372009277344 -3.4e+38 213.961959838867 214.353988647461 215.536972045898 216.485565185547 218.314834594727 219.029891967773 219.619262695312 219.956665039062 220.626220703125 221.551208496094 222.938919067383 227.295684814453 229.585739135742 231.407775878906 234.404724121094 237.921936035156 241.55924987793 245.149917602539 248.643249511719 252.22932434082 255.861358642578 260.416900634766 268.49853515625 272.264495849609 276.480407714844 -3.4e+38 285.026184082031 289.949249267578 294.435882568359 298.570587158203 303.796508789062 309.142669677734 314.02099609375 319.014892578125 329.762939453125 335.448822021484 341.339080810547 346.532684326172
228.759719848633 226.160064697266 224.628570556641 222.016204833984 218.969482421875 216.256301879883 214.356658935547 214.266494750977 213.580917358398 212.447891235352 211.7421875 212.870101928711 213.813583374023 214.04280090332 214.561614990234 216.196670532227 216.915740966797 217.519088745117 219.179077148438 219.408081054688 219.705657958984 220.978912353516 224.345901489258 226.646789550781 228.848587036133 231.403579711914 234.897903442383 237.973175048828 241.658081054688 245.26872253418 248.337371826172 252.753479003906 257.528625488281 264.751892089844 268.758850097656 272.469573974609 276.409088134766 280.858764648438 285.294830322266 290.109191894531 294.654510498047 299.586181640625 304.579772949219 308.784851074219 313.671844482422 -3.4e+38 330.365264892578 335.184844970703 340.251892089844
229.501495361328 226.122207641602 223.138412475586 220.550628662109 217.429672241211 214.853164672852 212.920166015625 212.813766479492 212.117858886719 -3.4e+38 210.426986694336 211.535247802734 212.514892578125 212.61897277832 212.589706420898 213.528961181641 214.200714111328 214.859420776367 217.070358276367 217.853317260742 217.842620849609 219.17333984375 222.250793457031 224.718063354492 226.996917724609 228.973617553711 231.791091918945 235.175994873047 238.876907348633 241.703201293945 245.30778503418 249.582473754883 253.803161621094 261.360137939453 265.219390869141 268.287017822266 272.476013183594 276.365692138672 280.876281738281 285.768493652344 290.623657226562 295.615264892578 300.165740966797 304.062286376953 309.204223632812 320.439392089844 324.845153808594 329.902557373047 336.263427734375
228.755996704102 224.395538330078 220.335342407227 218.032653808594 215.055084228516 212.825271606445 211.513748168945 211.141876220703 209.894592285156 209.305969238281 209.548294067383 210.1923828125 210.61555480957 210.063430786133 209.981170654297 210.887435913086 211.830612182617 212.768737792969 214.596298217773 216.078186035156 216.495788574219 218.046997070312 220.665649414062 223.213882446289 224.751861572266 226.453475952148 228.930160522461 232.423034667969 235.353622436523 238.414703369141 242.610900878906 246.161666870117 249.787048339844 257.426666259766 261.704528808594 265.013244628906 268.920013427734 272.302276611328 277.004333496094 281.756042480469 286.637756347656 291.464172363281 295.472747802734 300.000457763672 304.807739257812 314.620758056641 319.599182128906 325.369903564453 331.934936523438
226.704925537109 222.621566772461 218.922805786133 216.734146118164 214.254699707031 212.226013183594 210.636169433594 209.46794128418 208.105087280273 207.449005126953 208.217834472656 208.55827331543 208.131301879883 207.851379394531 208.061630249023 208.318313598633 209.526672363281 210.938339233398 212.300491333008 213.682098388672 214.844268798828 216.663726806641 219.044235229492 220.367492675781 221.898223876953 224.182327270508 226.306671142578 228.947357177734 231.921295166016 235.630477905273 239.192810058594 242.667221069336 246.425308227539 253.39241027832 257.912719726562 261.792663574219 265.130737304688 268.847381591797 273.213348388672 277.690765380859 281.880523681641 286.448333740234 290.770294189453 295.844604492188 300.720367431641 309.554351806641 315.029907226562 320.392730712891 325.531463623047
225.752029418945 221.817230224609 219.232238769531 217.699844360352 215.065399169922 212.099502563477 209.635803222656 207.840744018555 206.928146362305 206.560317993164 206.359390258789 206.148208618164 205.679946899414 205.400756835938 205.570388793945 205.772491455078 207.242767333984 209.225128173828 210.409912109375 211.501586914062 212.480987548828 214.503967285156 218.089416503906 218.277709960938 219.242568969727 221.440155029297 223.726943969727 226.120574951172 229.508636474609 232.625015258789 236.013977050781 239.374252319336 242.593658447266 250.190963745117 254.133193969727 257.813537597656 261.559631347656 265.528442382812 269.629119873047 273.427520751953 277.270111083984 281.918426513672 286.69677734375 291.755676269531 296.705535888672 305.146087646484 310.363800048828 314.877624511719 319.628051757812
226.212448120117 -3.4e+38 220.350799560547 218.17106628418 214.863723754883 211.704467773438 208.610717773438 206.697052001953 205.583618164062 205.211608886719 204.852264404297 202.708084106445 203.081298828125 202.952331542969 203.400604248047 204.189956665039 205.429473876953 206.880172729492 207.811721801758 208.848724365234 210.045913696289 212.412384033203 215.9619140625 216.475708007812 216.952789306641 218.55110168457 220.838226318359 223.79997253418 226.896987915039 229.596786499023 233.357772827148 236.382919311523 239.164901733398 246.47526550293 250.190490722656 254.243453979492 258.464141845703 262.2734375 265.539703369141 269.174194335938 273.525238037109 -3.4e+38 282.687072753906 287.656524658203 292.424011230469 300.806579589844 305.772125244141 309.820220947266 314.898010253906
228.176742553711 223.287628173828 219.968215942383 216.889617919922 213.176483154297 210.416687011719 207.600845336914 205.527084350586 203.837280273438 202.668884277344 202.253128051758 200.932800292969 201.399612426758 201.585342407227 202.104385375977 203.023162841797 204.285369873047 204.216079711914 204.88688659668 205.982803344727 207.464111328125 -3.4e+38 212.961273193359 214.04020690918 214.881698608398 216.235900878906 218.19743347168 221.346740722656 224.11408996582 227.076400756836 230.419342041016 233.260101318359 236.166580200195 242.756759643555 246.846817016602 251.31526184082 255.041015625 258.731719970703 261.855529785156 265.581878662109 269.999114990234 274.467010498047 -3.4e+38 -3.4e+38 288.213531494141 296.537628173828 301.424682617188 305.462158203125 310.42333984375
227.359741210938 223.060745239258 219.443206787109 215.833648681641 211.900054931641 209.124114990234 206.319732666016 204.314605712891 202.669509887695 201.009353637695 199.961975097656 200.479583740234 200.70344543457 200.350723266602 200.62890625 201.408981323242 202.329238891602 201.990188598633 202.862213134766 204.192398071289 205.118423461914 206.49609375 210.505218505859 212.389694213867 213.299087524414 214.46533203125 216.227264404297 218.530456542969 221.538757324219 224.522598266602 227.34895324707 230.101364135742 232.915435791016 239.745727539062 243.895233154297 248.186721801758 251.909362792969 254.903381347656 258.715209960938 262.456634521484 266.673370361328 271.164703369141 275.420684814453 -3.4e+38 283.659454345703 292.653442382812 297.39111328125 300.964813232422 305.471984863281
225.019195556641 221.243301391602 218.603744506836 215.746917724609 212.032608032227 209.054916381836 205.914459228516 203.36555480957 201.601806640625 199.725814819336 198.765167236328 198.915725708008 198.93620300293 198.831756591797 199.040390014648 199.401000976562 199.151794433594 199.913513183594 201.266510009766 202.228820800781 203.254608154297 203.978805541992 208.083465576172 210.622024536133 211.414627075195 212.645904541016 213.946273803711 215.898574829102 219.282028198242 222.146072387695 224.446899414062 227.445220947266 229.825164794922 236.765625 240.329284667969 244.446685791016 248.369659423828 251.446762084961 255.414108276367 259.519409179688 263.362426757812 267.33837890625 271.936248779297 275.500762939453 279.416473388672 288.841430664062 293.428833007812 296.538848876953 300.446441650391
223.572799682617 217.773513793945 213.807907104492 212.217239379883 210.361129760742 207.38606262207 205.296966552734 202.884155273438 199.904571533203 197.216278076172 195.909271240234 195.186706542969 195.421859741211 195.054183959961 194.445236206055 195.205505371094 196.120040893555 197.223937988281 197.824645996094 197.95817565918 198.687057495117 199.847381591797 204.022354125977 206.111145019531 207.855209350586 209.111190795898 210.068832397461 211.57048034668 213.76042175293 216.318283081055 219.266708374023 221.450103759766 224.544372558594 230.428955078125 234.249114990234 237.969436645508 240.985687255859 244.967483520508 249.01741027832 252.541870117188 256.294067382812 260.183868408203 264.332275390625 268.220825195312 272.229858398438 280.214447021484 284.289581298828 287.876068115234 291.978149414062
