rcp4.5models/GFDL_CM3/sc1gr10.30
NCOLS 261 
NROWS 433 
XLLCORNER 336357.134 
YLLCORNER 654653.479 
CELLSIZE 1000 
NODATA_value -9999 
[rows 253 to 275 of 433, columns 50 to 99 of 261]
502.713592529297 507.384338378906 511.594909667969 515.554626464844 520.117614746094 524.520812988281 533.794311523438 538.942138671875 543.260559082031 547.525146484375 552.527282714844 558.030029296875 562.412048339844 566.988342285156 572.2978515625 577.556030273438 582.259338378906 592.80029296875 597.631042480469 603.760681152344 609.932006835938 614.823913574219 620.859191894531 625.224853515625 629.790283203125 635.701416015625 641.30810546875 647.168579101562 658.983337402344 665.153259277344 670.585815429688 676.360778808594 682.858276367188 688.604370117188 696.024291992188 702.197326660156 706.528686523438 711.864501953125 717.812377929688 723.538879394531 735.130859375 742.3837890625 748.26611328125 750.596557617188 755.805297851562 761.828552246094 767.532287597656 771.632751464844 775.3525390625 780.028381347656
505.334655761719 510.124053955078 514.731262207031 519.099731445312 523.59130859375 528.5400390625 537.679748535156 543.827209472656 548.515014648438 552.053833007812 556.621643066406 561.329223632812 565.818420410156 570.64990234375 576.129699707031 581.123901367188 586.117309570312 596.669738769531 601.683288574219 607.756286621094 613.717407226562 618.939331054688 624.1884765625 629.485229492188 635.402099609375 641.292236328125 646.527160644531 651.733337402344 664.66455078125 670.560974121094 675.049621582031 681.289611816406 687.500427246094 693.767639160156 700.843444824219 708.361755371094 712.700622558594 717.345153808594 723.744934082031 730.107299804688 740.984497070312 748.233520507812 757.705017089844 762.361450195312 761.779846191406 768.01416015625 773.490112304688 777.838500976562 781.820068359375 786.533020019531
510.939605712891 515.734130859375 521.109558105469 527.144897460938 532.220520019531 537.164123535156 546.743835449219 552.830078125 557.811828613281 560.906860351562 565.33251953125 569.769714355469 574.448425292969 580.048461914062 585.932922363281 591.327392578125 596.015380859375 606.092956542969 610.833557128906 616.097290039062 621.4931640625 627.426452636719 634.490417480469 639.724609375 645.203125 651.515075683594 658.806823730469 663.71923828125 674.046875 680.281677246094 686.297302246094 692.200317382812 698.873352050781 704.872314453125 712.356567382812 720.035278320312 725.90478515625 729.362182617188 734.806091308594 741.531921386719 754.962036132812 759.840087890625 765.787109375 771.497314453125 774.606628417969 780.465148925781 787.085754394531 792.009216308594 796.270874023438 800.706787109375
513.227661132812 519.108642578125 524.93212890625 531.020141601562 535.906982421875 540.585266113281 550.943054199219 557.378540039062 562.243896484375 567.402038574219 571.111328125 575.652526855469 580.097778320312 584.5234375 589.610107421875 596.101928710938 601.669982910156 611.186218261719 616.53173828125 622.520751953125 627.067077636719 631.679870605469 638.519592285156 643.484619140625 649.080871582031 656.226379394531 663.274963378906 668.823425292969 679.839660644531 685.303894042969 691.584350585938 698.075073242188 703.820617675781 709.833190917969 717.438659667969 725.204711914062 731.133239746094 734.641906738281 740.226989746094 746.685607910156 760.383850097656 766.625610351562 774.24462890625 780.909606933594 785.542236328125 787.13232421875 793.578002929688 799.110229492188 802.402038574219 807.03857421875
515.960693359375 522.466125488281 528.984008789062 533.644165039062 538.997924804688 544.543395996094 554.752014160156 560.755004882812 565.44970703125 570.638671875 574.862670898438 580.068725585938 585.442321777344 589.80029296875 594.369506835938 599.942260742188 605.7255859375 616.316589355469 621.435791015625 627.398071289062 632.831237792969 637.561828613281 643.136840820312 648.179992675781 653.645324707031 660.170166015625 666.732482910156 672.717956542969 685.4365234375 690.160400390625 697.242858886719 704.032653808594 709.763977050781 716.285766601562 722.479187011719 729.30126953125 735.784240722656 740.3134765625 745.841430664062 752.19384765625 765.19287109375 772.236328125 779.481567382812 786.488464355469 791.310180664062 793.035217285156 800.36328125 807.072631835938 810.477478027344 814.172180175781
519.762756347656 525.641967773438 531.147033691406 536.648254394531 542.279479980469 548.285278320312 557.945190429688 563.477661132812 568.519287109375 572.849060058594 578.293823242188 583.921264648438 589.943786621094 594.727172851562 599.53759765625 604.281066894531 609.469604492188 619.882446289062 625.274780273438 631.566345214844 637.542907714844 643.448425292969 648.063659667969 653.337463378906 660.274108886719 665.159912109375 670.669311523438 677.708618164062 690.777221679688 696.606750488281 703.374145507812 710.163757324219 716.454711914062 723.369934082031 728.607666015625 734.8369140625 741.768005371094 746.998474121094 752.223083496094 757.857055664062 770.874206542969 777.373168945312 783.864318847656 789.699096679688 794.317565917969 798.993774414062 806.108520507812 813.266540527344 817.160278320312 820.244262695312
523.600463867188 528.197143554688 533.337768554688 539.344970703125 545.313415527344 550.640563964844 561.531372070312 566.524353027344 571.449584960938 575.963317871094 581.569885253906 587.590942382812 593.492797851562 599.216613769531 604.020874023438 608.289123535156 612.990356445312 624.705749511719 629.744140625 636.311950683594 642.261535644531 648.770629882812 653.161560058594 658.106872558594 665.308349609375 670.215087890625 675.82958984375 683.546997070312 698.76416015625 701.802734375 707.994384765625 714.879760742188 721.286376953125 728.723937988281 734.953979492188 740.743225097656 746.851989746094 752.138366699219 757.398254394531 763.279968261719 776.402893066406 783.006591796875 788.926208496094 796.317993164062 803.056091308594 804.931762695312 811.732543945312 817.843139648438 822.512023925781 826.787109375
526.28271484375 531.202270507812 536.490417480469 541.799926757812 547.223327636719 552.230651855469 563.898010253906 569.180480957031 574.843078613281 580.1904296875 586.131408691406 591.477966308594 597.226501464844 603.49462890625 608.450073242188 613.163330078125 618.067504882812 630.621520996094 635.565979003906 641.260864257812 647.463989257812 654.075988769531 658.504699707031 663.2265625 670.009155273438 675.242370605469 681.522094726562 688.854736328125 703.422424316406 707.490600585938 713.588562011719 719.269348144531 726.539855957031 733.8212890625 739.845153808594 745.89453125 752.371398925781 757.734924316406 763.07080078125 769.420349121094 782.665649414062 788.941284179688 793.819885253906 801.711242675781 808.139526367188 811.119201660156 817.836791992188 824.227966308594 829.4853515625 834.525390625
529.048156738281 534.484313964844 539.700927734375 545.363037109375 551.274047851562 556.261291503906 566.810607910156 571.959411621094 577.802978515625 583.843200683594 589.315490722656 594.804931640625 601.475891113281 607.873352050781 612.938293457031 617.941101074219 624.748168945312 636.662292480469 640.982666015625 646.276306152344 652.515441894531 659.248291015625 663.72021484375 668.582702636719 675.463073730469 681.318725585938 688.037536621094 694.201599121094 706.576232910156 713.294128417969 719.012390136719 724.268676757812 731.268859863281 738.273620605469 744.31005859375 751.181701660156 758.007995605469 764.380187988281 769.76416015625 775.524230957031 789.010437011719 794.642333984375 799.749084472656 805.708862304688 811.723510742188 818.174987792969 823.792907714844 830.866333007812 837.465087890625 842.382080078125
532.098693847656 537.557800292969 542.879638671875 548.474914550781 554.524719238281 560.37646484375 570.310241699219 575.864440917969 581.395446777344 586.529479980469 592.42724609375 597.8115234375 604.284057617188 610.789672851562 616.494445800781 622.369873046875 629.663452148438 641.821533203125 645.185852050781 649.779418945312 656.628662109375 664.408081054688 668.943115234375 673.918090820312 680.844116210938 686.671630859375 693.461853027344 699.903259277344 710.918090820312 718.936950683594 724.452575683594 729.926513671875 735.86865234375 742.602294921875 750.009704589844 757.219116210938 763.288940429688 769.395141601562 774.87060546875 780.854309082031 793.982055664062 800.010192871094 806.486755371094 811.811401367188 817.594360351562 823.68701171875 829.027709960938 835.861633300781 843.945251464844 849.523315429688
535.12744140625 540.496032714844 545.921142578125 551.347045898438 557.289001464844 563.715515136719 573.787658691406 579.650024414062 585.772583007812 590.701599121094 596.221801757812 601.434020996094 607.487121582031 614.074096679688 620.201599121094 626.74072265625 632.783935546875 645.622131347656 650.229614257812 655.217590332031 661.432006835938 668.080810546875 673.307250976562 679.195251464844 686.20556640625 691.853271484375 697.906188964844 704.085693359375 715.625854492188 723.9501953125 731.023071289062 736.908630371094 741.571655273438 747.604553222656 754.8154296875 762.635070800781 769.274658203125 774.838806152344 780.416137695312 786.357177734375 800.372863769531 807.326049804688 813.678527832031 819.002380371094 824.281555175781 829.685668945312 835.205810546875 843.357360839844 853.861938476562 857.275207519531
538.057189941406 543.560668945312 548.990966796875 554.874755859375 560.662902832031 565.552551269531 577.247314453125 582.701354980469 588.320617675781 594.094970703125 600.020935058594 605.242248535156 611.358581542969 618.039489746094 624.311096191406 631.005798339844 636.484497070312 650.313415527344 656.205749511719 660.349853515625 665.630737304688 672.165893554688 678.506958007812 685.361572265625 692.736083984375 698.545227050781 701.58251953125 707.183654785156 720.522705078125 727.729064941406 735.833435058594 742.684387207031 747.769592285156 753.453430175781 760.033630371094 768.304382324219 775.083801269531 779.846557617188 786.074157714844 792.636291503906 805.950012207031 813.29443359375 819.810485839844 825.651733398438 830.539489746094 840.223754882812 847.649963378906 854.117980957031 874.12451171875 876.472839355469
540.113525390625 546.447265625 552.4716796875 558.387268066406 563.100036621094 568.535400390625 581.202331542969 586.587524414062 591.026916503906 596.694030761719 602.966796875 609.669250488281 615.587768554688 620.618957519531 627.011840820312 633.809448242188 639.871704101562 655.256652832031 661.415832519531 665.353881835938 670.85107421875 677.16259765625 683.341125488281 690.23779296875 697.58642578125 703.418701171875 706.994018554688 711.849365234375 725.915283203125 731.986450195312 739.269592285156 747.117431640625 753.8720703125 759.669128417969 766.382629394531 774.122497558594 780.13134765625 785.1884765625 791.860412597656 799.272644042969 810.96142578125 817.968811035156 825.284118652344 831.859985351562 837.5927734375 845.121398925781 852.632690429688 865.440673828125 899.996948242188 904.077453613281
545.1123046875 551.85986328125 557.807861328125 563.897094726562 569.275207519531 574.890563964844 588.373962402344 594.951232910156 601.604858398438 606.811767578125 610.449768066406 616.755126953125 622.744323730469 628.369018554688 633.966552734375 640.605773925781 648.291687011719 662.288269042969 668.116027832031 673.537414550781 680.546630859375 685.782470703125 692.017517089844 700.409057617188 707.572570800781 712.133544921875 717.196533203125 721.899658203125 736.23681640625 743.633544921875 750.714782714844 757.779357910156 765.10400390625 772.904052734375 779.554626464844 783.9345703125 790.938415527344 797.160339355469 802.745239257812 810.034545898438 821.80126953125 828.874633789062 836.804626464844 847.098388671875 858.060546875 861.121520996094 863.105407714844 903.064147949219 964.861328125 945.045532226562
547.688537597656 554.417785644531 560.660827636719 566.749450683594 571.770935058594 577.203796386719 591.726196289062 597.729675292969 604.978576660156 611.960083007812 615.805114746094 622.063171386719 627.917541503906 632.77490234375 638.482788085938 644.523864746094 651.889831542969 665.47021484375 671.610412597656 678.030151367188 685.596862792969 690.777465820312 696.361999511719 705.678100585938 712.248413085938 715.154418945312 720.851623535156 726.709899902344 741.098510742188 749.583435058594 757.57275390625 764.252990722656 770.086364746094 776.995788574219 784.082275390625 789.662109375 796.015563964844 802.185913085938 807.883972167969 815.139038085938 827.948425292969 834.252380371094 841.365966796875 849.051818847656 857.174438476562 862.40478515625 868.637817382812 899.91650390625 938.804931640625 924.214294433594
548.868103027344 556.186584472656 563.519714355469 569.603454589844 574.072387695312 579.6220703125 595.981201171875 600.760620117188 606.991271972656 613.359436035156 619.187866210938 626.702209472656 633.487365722656 638.244506835938 643.156921386719 648.995727539062 655.344543457031 669.297058105469 676.032836914062 683.432739257812 690.159790039062 695.429870605469 700.569213867188 709.773559570312 717.003051757812 718.958862304688 725.463073730469 732.948120117188 746.019470214844 754.777404785156 766.287902832031 772.458679199219 774.023071289062 781.065307617188 787.5986328125 794.849487304688 801.809326171875 807.873168945312 813.904968261719 820.974548339844 833.871765136719 838.781982421875 845.347290039062 852.255310058594 859.211853027344 866.193176269531 875.412902832031 926.900146484375 966.773132324219 915.236267089844
550.681091308594 558.359191894531 565.536926269531 571.480834960938 576.146606445312 581.614990234375 597.956298828125 602.972412109375 609.521301269531 615.310791015625 621.478271484375 628.755737304688 636.550415039062 643.017700195312 648.413818359375 653.732727050781 659.528564453125 674.08203125 681.566711425781 688.356811523438 694.017700195312 699.106994628906 705.405212402344 714.333557128906 720.972778320312 723.728332519531 730.902282714844 738.733703613281 751.977600097656 759.555541992188 771.043579101562 776.83544921875 779.237121582031 787.016967773438 793.238830566406 799.715087890625 806.403442382812 813.174255371094 820.250671386719 826.762451171875 840.370300292969 846.419555664062 851.356323242188 859.151611328125 867.556579589844 874.875366210938 879.515625 923.228759765625 952.111450195312 903.88916015625
552.487670898438 559.497741699219 566.419738769531 572.28515625 578.224487304688 584.628601074219 599.257690429688 604.813781738281 611.653564453125 617.863708496094 623.598876953125 631.306274414062 639.509887695312 647.459289550781 655.004760742188 660.405883789062 664.581359863281 679.499938964844 686.908020019531 692.879577636719 697.760314941406 703.886291503906 710.339538574219 718.629150390625 724.851379394531 729.370971679688 736.475463867188 744.706970214844 757.066345214844 764.099548339844 773.386535644531 780.278442382812 785.884582519531 792.889526367188 799.216003417969 805.34619140625 811.39990234375 818.070983886719 824.946655273438 831.142639160156 847.812866210938 857.617248535156 861.935729980469 868.428649902344 875.534729003906 880.015441894531 883.223876953125 913.995910644531 941.483154296875 909.6025390625
552.488403320312 560.449645996094 568.125244140625 573.454833984375 579.898193359375 588.219177246094 601.593994140625 607.402770996094 614.2373046875 621.173950195312 627.673278808594 635.316650390625 642.855773925781 651.234130859375 660.341003417969 668.156188964844 672.198181152344 684.632629394531 691.64892578125 697.592346191406 703.065734863281 707.982055664062 714.863464355469 722.829833984375 729.308715820312 735.343933105469 742.674987792969 750.328735351562 763.248107910156 769.986572265625 779.06640625 787.984924316406 793.580383300781 799.396606445312 804.927856445312 811.366516113281 817.528015136719 823.858337402344 830.138916015625 836.392517089844 853.380737304688 863.571472167969 869.571716308594 873.687805175781 878.300598144531 882.555908203125 888.410949707031 912.953063964844 934.38330078125 912.526550292969
553.732788085938 561.19091796875 568.380554199219 574.739929199219 581.430847167969 589.811828613281 602.930969238281 609.491577148438 617.263244628906 625.177917480469 632.430236816406 638.996704101562 646.139465332031 654.627868652344 663.620056152344 673.170654296875 679.986999511719 689.222961425781 695.022705078125 701.966125488281 709.187133789062 714.0693359375 720.180480957031 727.365966796875 733.930236816406 741.139282226562 749.078491210938 755.918151855469 770.270812988281 775.896850585938 785.875549316406 799.284301757812 806.379699707031 812.769104003906 818.727355957031 817.283020019531 823.642150878906 830.198608398438 836.62646484375 842.868713378906 858.725830078125 868.649597167969 874.661682128906 875.331298828125 880.610473632812 887.073364257812 893.761962890625 914.116760253906 928.728576660156 912.28515625
556.605651855469 562.742736816406 568.970031738281 575.930908203125 583.486328125 590.943298339844 605.266723632812 613.083984375 620.862121582031 628.374389648438 635.750061035156 642.081420898438 649.362182617188 658.632385253906 667.614929199219 677.738586425781 687.271179199219 694.125061035156 699.028259277344 706.955139160156 714.112060546875 719.795593261719 725.090087890625 731.82763671875 739.151306152344 747.706787109375 756.493530273438 764.106018066406 776.605163574219 782.595825195312 791.366760253906 807.166137695312 817.617431640625 820.396240234375 827.423767089844 823.8984375 829.657775878906 836.421325683594 842.915649414062 849.193786621094 863.200134277344 871.046020507812 876.92529296875 881.284118652344 888.16650390625 892.54931640625 898.898010253906 916.447387695312 929.19140625 917.24072265625
559.589111328125 566.296508789062 572.249633789062 579.130126953125 587.183532714844 594.9755859375 608.975341796875 616.548095703125 624.582214355469 632.029357910156 638.739929199219 645.701782226562 653.362365722656 661.629333496094 671.2509765625 680.388854980469 687.508483886719 698.18798828125 704.197143554688 712.130310058594 719.096801757812 724.681091308594 730.967468261719 737.765930175781 745.569885253906 754.190063476562 763.183837890625 772.377075195312 782.744506835938 790.246704101562 796.868041992188 808.899780273438 820.638305664062 822.862182617188 828.257690429688 830.298217773438 835.568237304688 842.432556152344 849.006408691406 855.428100585938 867.863342285156 873.845642089844 880.223083496094 887.486572265625 894.228759765625 898.83447265625 904.567687988281 913.310913085938 921.0908203125 922.838562011719
560.782531738281 568.3896484375 575.661987304688 584.023620605469 592.934204101562 599.925537109375 612.523254394531 619.93896484375 627.588012695312 635.310485839844 642.391296386719 650.597229003906 658.422790527344 664.72265625 672.392822265625 681.860107421875 691.0302734375 700.919311523438 709.218017578125 717.309692382812 724.302185058594 730.080627441406 736.200805664062 743.156616210938 751.048583984375 759.445556640625 767.248229980469 775.975158691406 788.268859863281 797.656799316406 804.760864257812 810.969787597656 820.215454101562 828.699951171875 834.839111328125 836.026306152344 841.4013671875 848.391845703125 855.100341796875 861.544250488281 874.664672851562 879.962219238281 887.038818359375 893.890258789062 899.383483886719 905.285583496094 911.274841308594 917.367492675781 922.987243652344 928.916198730469
