rcp4.5models/GFDL_CM3/sc1gr7.21
NCOLS 261 
NROWS 433 
XLLCORNER 336357.134 
YLLCORNER 654653.479 
CELLSIZE 1000 
NODATA_value -3.4e+38 
[rows 308 to 329 of 433, columns 98 to 146 of 261]
80.1838989257812 80.8387832641602 82.2197799682617 82.4752655029297 82.4838790893555 82.5116271972656 82.7170486450195 82.7413101196289 82.7792205810547 83.5619201660156 84.5225677490234 85.4577331542969 85.8843994140625 86.395881652832 86.3517379760742 85.5735321044922 85.3828964233398 85.5550918579102 85.8605804443359 86.0504913330078 86.05029296875 85.7068557739258 85.7018661499023 85.64990234375 86.3882751464844 86.8309020996094 86.9484634399414 86.2694778442383 86.4473419189453 87.1974029541016 86.6824951171875 87.0759811401367 86.4285888671875 82.5271453857422 80.3384475708008 81.8330535888672 84.0265731811523 83.1398391723633 83.0359191894531 86.6638107299805 88.1912536621094 88.1786270141602 86.1824417114258 83.8055572509766 84.6261901855469 84.8363571166992 85.0863952636719 85.3995361328125 87.1540603637695
80.6779022216797 81.177360534668 82.6553497314453 82.9219741821289 81.8903579711914 82.02880859375 82.5356292724609 83.1222381591797 83.3542251586914 83.6857223510742 84.9481582641602 86.315299987793 86.6113128662109 86.6466217041016 85.7262649536133 85.1221771240234 85.0758209228516 85.2213134765625 85.2383499145508 85.1772308349609 85.0581741333008 84.3373565673828 83.586555480957 82.8486862182617 83.1282272338867 84.8063201904297 87.0657958984375 85.9259185791016 85.3853225708008 84.4207458496094 83.3466644287109 83.4462203979492 84.2901458740234 81.7391204833984 80.8559341430664 82.3804168701172 83.8144226074219 83.8670196533203 82.3695449829102 83.9288864135742 86.4427947998047 87.4414443969727 85.2110977172852 84.0635375976562 85.2901229858398 85.3873748779297 85.2949829101562 85.572265625 87.1190948486328
83.831413269043 83.7369079589844 84.1150894165039 84.0436706542969 82.1182632446289 81.434700012207 81.5216979980469 82.9831695556641 83.3744125366211 83.6685791015625 85.2129592895508 86.2451858520508 86.1364212036133 86.0770492553711 85.0835418701172 84.6912078857422 84.7757797241211 85.0724182128906 85.142463684082 85.3140029907227 84.4804077148438 82.0310363769531 80.2070236206055 79.1085433959961 79.5231170654297 82.2712631225586 86.9106216430664 86.012939453125 83.3574295043945 80.3054809570312 80.701789855957 81.2787551879883 82.1816864013672 81.2511672973633 81.5123062133789 83.3364028930664 84.8381500244141 84.6344299316406 83.7807006835938 83.5036849975586 85.095947265625 87.3454971313477 86.0271224975586 84.4246063232422 86.2327423095703 85.661865234375 85.3722076416016 85.9143447875977 86.3437347412109
86.5307159423828 86.723876953125 86.5476455688477 85.5235290527344 83.2405471801758 81.3617858886719 81.3451309204102 82.9697570800781 83.7705383300781 84.2642974853516 85.5157241821289 86.0411376953125 85.6524429321289 85.315559387207 84.8944244384766 84.5668640136719 84.4740600585938 84.6412200927734 84.8670349121094 85.2129287719727 84.5596923828125 81.5908889770508 78.7271881103516 78.4103164672852 80.4551162719727 84.486946105957 86.9575119018555 86.6012496948242 84.1915740966797 80.4151382446289 80.1656646728516 81.7646560668945 81.6690979003906 81.4178009033203 81.4905853271484 82.8093185424805 84.8615264892578 86.1536254882812 85.9253387451172 84.860595703125 83.8278198242188 84.930061340332 85.4189605712891 85.4370880126953 86.864501953125 86.4442596435547 86.0029754638672 86.0110321044922 85.8245391845703
87.2357482910156 87.7303085327148 87.587760925293 86.1716995239258 83.5947113037109 81.7044830322266 82.1280746459961 83.11328125 84.0724182128906 84.8450622558594 85.2916412353516 85.2713241577148 84.8331985473633 84.4181747436523 84.5852966308594 84.343017578125 84.1822509765625 84.1611938476562 84.3738861083984 84.5865325927734 84.5975036621094 82.6037521362305 79.3161773681641 79.6106796264648 82.9464340209961 85.9725036621094 85.4599685668945 85.5880126953125 85.2142486572266 82.9452896118164 80.5007858276367 80.2468185424805 80.9823837280273 81.9703903198242 81.9602584838867 82.3138656616211 83.6965408325195 87.0014343261719 87.0719604492188 85.9315643310547 84.4054260253906 84.8495483398438 85.7281799316406 86.8877258300781 87.2478332519531 87.0494155883789 86.4166564941406 85.4593505859375 86.4138107299805
86.9661102294922 87.2035980224609 87.1748733520508 85.9087905883789 85.4969100952148 84.0333480834961 84.3944091796875 85.2247085571289 84.4971084594727 83.987907409668 83.6593627929688 83.1869277954102 83.1461944580078 83.5343780517578 83.6543731689453 83.5656433105469 83.5636825561523 83.1852874755859 82.1100234985352 81.024658203125 81.0563735961914 80.9252700805664 79.1104354858398 80.2920227050781 84.2304763793945 85.1399536132812 82.2040100097656 78.6781616210938 79.4960327148438 80.4539184570312 80.2364349365234 79.2006683349609 79.6937026977539 81.4380111694336 82.4304504394531 83.2742004394531 84.2826995849609 86.3208999633789 87.0359039306641 87.5006256103516 87.6793899536133 87.764030456543 87.5078506469727 86.9894790649414 86.7796096801758 86.6917266845703 86.6148147583008 86.4817047119141 85.3240356445312
86.6380996704102 86.9730072021484 87.0709609985352 86.8685073852539 87.0616302490234 86.5763549804688 86.5459060668945 86.9665756225586 85.9712219238281 84.0325546264648 83.2042083740234 82.9224700927734 83.0232849121094 83.1764297485352 83.4868698120117 83.2728805541992 83.0268630981445 81.7813491821289 80.1685180664062 79.5048675537109 78.7027053833008 78.963249206543 78.7111892700195 79.2725982666016 82.147705078125 84.4797897338867 81.6183624267578 79.88134765625 80.5888900756836 80.7856292724609 80.6860122680664 80.5663452148438 81.367919921875 82.0878829956055 82.3295745849609 83.1770324707031 84.8333587646484 86.1615829467773 86.3970336914062 86.8889770507812 87.255126953125 87.5025177001953 87.2884521484375 86.7482528686523 86.4696273803711 86.6109237670898 86.8147430419922 87.0009002685547 85.7801132202148
86.1419982910156 86.4889755249023 86.7704010009766 86.0428237915039 87.32275390625 87.3162994384766 86.9852066040039 87.2682647705078 86.9316024780273 84.7542953491211 83.0179901123047 83.0335998535156 83.4349136352539 83.3367691040039 83.2109222412109 83.2299041748047 82.7165603637695 80.9645919799805 79.7868118286133 80.3202972412109 79.1470336914062 78.5313186645508 79.0259475708008 79.9242782592773 82.1195068359375 83.9358825683594 80.8604507446289 80.7380828857422 82.5420684814453 82.9693984985352 82.698600769043 83.1259765625 83.3779983520508 83.2782440185547 83.8412094116211 84.234733581543 85.4297790527344 86.0871047973633 85.9244918823242 86.0979309082031 86.6442642211914 86.9774780273438 86.935173034668 86.6139221191406 86.2994003295898 86.5420379638672 86.8398818969727 86.8921737670898 86.2869644165039
85.2701721191406 85.3527984619141 86.0523986816406 83.7131500244141 85.6378707885742 87.123405456543 85.924186706543 85.8804702758789 87.2207717895508 85.3212585449219 83.0686264038086 82.7029418945312 83.3450393676758 83.5505447387695 83.3086242675781 83.2938690185547 81.7671279907227 80.2297210693359 80.4348526000977 81.0081329345703 80.3781661987305 79.2944107055664 79.3287582397461 81.4331741333008 83.4856185913086 82.9840850830078 78.9976577758789 79.1349029541016 81.1327056884766 83.0599670410156 83.4830703735352 84.3230972290039 84.7003021240234 84.7076187133789 85.1616516113281 85.3060836791992 85.8149948120117 85.9666290283203 85.8631896972656 85.6323089599609 85.9944534301758 86.1447296142578 86.1162643432617 86.050163269043 86.1583709716797 86.6067733764648 86.7293014526367 86.189208984375 85.831916809082
84.7500152587891 84.8089752197266 85.1770172119141 82.6158676147461 83.7581176757812 86.6221923828125 85.734733581543 84.4204483032227 85.7296447753906 86.0244064331055 84.3211669921875 82.8517150878906 82.7833786010742 83.2955627441406 82.2879104614258 82.6457824707031 80.8426742553711 79.2621994018555 80.0686416625977 80.9830551147461 80.5028610229492 79.0529327392578 79.0371856689453 81.0191650390625 82.8876876831055 82.67822265625 78.7016830444336 78.3659820556641 78.8286437988281 80.4710540771484 81.9509429931641 83.8855056762695 84.9793395996094 84.9678497314453 85.1974258422852 85.660026550293 85.752815246582 85.6635971069336 85.7695846557617 85.4820175170898 85.517219543457 85.6025543212891 85.5990982055664 85.4260177612305 85.6282348632812 86.3598785400391 86.5366821289062 85.6140975952148 88.4585266113281
84.2966537475586 84.0795364379883 84.4208602905273 83.3696594238281 84.1901168823242 86.4184646606445 85.9972839355469 83.8577041625977 83.4746322631836 85.1087799072266 84.7151260375977 83.0603332519531 82.6903381347656 83.5582122802734 81.3978652954102 81.7639083862305 80.7315139770508 79.1613006591797 79.0913009643555 79.6513366699219 79.3129806518555 78.4569091796875 79.3189086914062 80.432731628418 81.4514541625977 82.6394805908203 80.0703506469727 79.1997604370117 78.5651245117188 78.7768325805664 79.3884429931641 81.4208984375 83.4458160400391 83.4347991943359 83.7882080078125 84.6635665893555 85.1523590087891 84.9594345092773 85.3284606933594 85.4755477905273 85.434684753418 85.5771560668945 85.6435699462891 85.4397277832031 85.2727279663086 85.3055191040039 85.1952819824219 84.6125640869141 90.8592147827148
83.9094161987305 83.337532043457 83.6544418334961 83.8770446777344 83.3176498413086 85.0204086303711 85.7956237792969 83.8191375732422 82.1681823730469 83.1005477905273 83.5422058105469 82.9240798950195 83.2287445068359 83.3909225463867 82.8662033081055 82.3500289916992 80.6712951660156 79.0686950683594 78.5176086425781 78.4384078979492 78.4262542724609 78.3832550048828 78.9545135498047 79.5140609741211 80.0736389160156 80.9546813964844 80.5285491943359 80.0480804443359 79.2807464599609 79.0873794555664 78.8955001831055 79.3871307373047 80.435920715332 80.8838424682617 81.9566268920898 82.6657333374023 83.2076797485352 83.2900772094727 84.2514114379883 85.0638275146484 85.2280654907227 85.4476699829102 85.4802856445312 85.5622406005859 85.5744094848633 85.0997924804688 84.569580078125 85.4142913818359 90.9186553955078
84.2077484130859 84.0359039306641 83.804931640625 83.8253173828125 81.9661865234375 82.5422058105469 84.7699661254883 84.4972381591797 82.2322463989258 81.6891250610352 82.1297225952148 82.3384780883789 82.5256118774414 82.194206237793 83.8108749389648 82.9099807739258 80.4871444702148 78.8567962646484 78.2349548339844 78.350212097168 78.5394744873047 78.6566848754883 78.5706405639648 78.8234634399414 79.4752044677734 79.3156661987305 79.347038269043 79.8950805664062 79.8999710083008 79.1290893554688 78.8152694702148 78.7074890136719 79.0086822509766 79.6731414794922 80.3551559448242 80.7544174194336 81.3697738647461 82.4845733642578 84.2651138305664 85.0990447998047 85.1527557373047 85.142936706543 84.9695434570312 84.9427719116211 85.2687835693359 85.5528945922852 85.0785140991211 86.7844390869141 91.0135192871094
84.4923782348633 84.7180633544922 84.3919525146484 83.8032073974609 81.671272277832 80.8116912841797 83.0973052978516 85.0674285888672 83.2820129394531 81.4616928100586 81.3640670776367 81.699951171875 81.2968215942383 81.4838180541992 82.2980880737305 81.7932357788086 80.7397155761719 78.8000564575195 78.3084945678711 78.324089050293 78.8459854125977 79.1516723632812 79.0084762573242 79.1830139160156 79.1895065307617 78.5238723754883 78.3484573364258 78.9827880859375 79.4652404785156 78.9723739624023 78.9243545532227 79.010856628418 79.1183319091797 79.5985794067383 79.3622207641602 79.7458877563477 80.604362487793 83.0157089233398 84.830322265625 85.4146270751953 85.2383270263672 85.0812454223633 84.8889999389648 84.5102157592773 84.3771286010742 84.7610778808594 84.3081359863281 85.6295928955078 90.8092727661133
84.0550079345703 84.570426940918 84.195556640625 83.3809585571289 81.2573928833008 80.1215362548828 81.7016296386719 84.2025833129883 83.9321975708008 82.3209381103516 81.4281921386719 81.3061752319336 81.9046325683594 82.6683959960938 80.3315734863281 80.4931030273438 81.2574691772461 80.2905044555664 78.8751678466797 78.2070770263672 78.7391510009766 79.2074661254883 79.1555480957031 79.2785797119141 78.8037109375 78.335578918457 78.1277770996094 78.2829971313477 78.4906845092773 78.6471099853516 79.019172668457 79.1557846069336 78.9607162475586 79.2540740966797 79.3007431030273 79.6110153198242 80.1626968383789 82.4568328857422 84.0261993408203 85.1575012207031 85.1173324584961 85.1768035888672 85.1735229492188 85.0008926391602 84.9103469848633 84.8281631469727 83.8774032592773 85.0655059814453 90.7571868896484
82.0416793823242 83.2299194335938 83.7587738037109 83.0685653686523 81.3354263305664 80.0655822753906 80.6935577392578 82.0683822631836 82.8007125854492 82.3117141723633 81.4459075927734 81.1760864257812 82.1280822753906 82.8302001953125 79.3498764038086 79.5243682861328 80.1650924682617 81.1577224731445 80.2169189453125 78.5087356567383 78.4358901977539 78.7210998535156 78.7375946044922 78.6143417358398 78.3769912719727 78.4560623168945 78.6086273193359 78.261100769043 78.2329635620117 78.2924957275391 78.5579376220703 78.7342529296875 78.7248687744141 78.9437484741211 79.3001403808594 79.6001129150391 79.9766693115234 81.4228363037109 82.9161758422852 84.6267776489258 85.1631546020508 85.1557006835938 85.1193084716797 85.2086334228516 85.5705108642578 85.7159271240234 84.3057708740234 85.1278076171875 90.6477127075195
81.796745300293 82.7149353027344 83.4915084838867 82.5320663452148 81.553466796875 80.0459976196289 79.8790435791016 80.3137664794922 80.8828964233398 81.0263671875 80.8299713134766 80.8401336669922 81.8136596679688 82.6653747558594 79.9537811279297 78.8794784545898 78.6053466796875 79.3094329833984 79.825325012207 79.1257934570312 78.4824752807617 78.2426910400391 78.3015899658203 78.0847702026367 78.1663284301758 78.7030410766602 78.5588836669922 78.2073745727539 78.2174835205078 78.3297348022461 78.6316452026367 78.9130249023438 78.8207931518555 78.9711303710938 79.298942565918 79.6090545654297 79.9199600219727 81.1202087402344 81.9834136962891 83.4762268066406 84.6755981445312 84.8266830444336 84.9171371459961 85.0085983276367 85.0037612915039 84.8501358032227 83.8732299804688 84.2839126586914 90.2726669311523
83.298454284668 83.6304016113281 83.6827392578125 82.7492904663086 81.3609771728516 80.1870040893555 80.2368392944336 80.6202621459961 80.8380889892578 79.7910766601562 79.9931716918945 81.1862640380859 80.8000335693359 79.9590072631836 80.4223175048828 80.3664703369141 78.8724975585938 77.9875869750977 78.1130142211914 78.2165832519531 78.3283615112305 78.4074172973633 78.4126892089844 78.4833984375 78.5261535644531 78.7971801757812 80.3779296875 79.6058349609375 79.3063735961914 79.1730728149414 78.6315231323242 78.6657333374023 78.806526184082 79.1151885986328 79.4485855102539 79.6837158203125 80.0289840698242 80.8535308837891 81.2749481201172 81.8392639160156 82.6994094848633 83.7274169921875 84.1029815673828 84.4238662719727 84.4760437011719 84.1269607543945 83.3694915771484 84.3593368530273 88.0635833740234
82.3114166259766 83.0754547119141 82.6360931396484 82.1987228393555 80.8815689086914 79.4903793334961 79.2659530639648 79.7771530151367 79.8338241577148 78.6091461181641 79.2572174072266 81.3380889892578 80.9666595458984 80.3427886962891 78.8945159912109 80.3791961669922 80.5472793579102 79.0374298095703 77.8632049560547 77.9342346191406 78.0754852294922 78.3395385742188 78.4054870605469 78.0329818725586 77.8703765869141 78.3718795776367 80.9061279296875 80.4017868041992 80.0710678100586 79.6331787109375 78.589714050293 78.6543579101562 78.7802429199219 79.0696868896484 79.4353485107422 79.8455047607422 80.3556289672852 81.9059448242188 82.1054000854492 82.2798233032227 82.8402633666992 83.4429168701172 83.7156219482422 84.0418701171875 84.2524642944336 84.2216796875 83.5791854858398 84.1961288452148 90.0815505981445
81.2223587036133 82.5328140258789 82.1543121337891 80.2577819824219 79.3867111206055 78.5233535766602 78.8754653930664 79.0327453613281 78.508171081543 77.7205810546875 77.9715347290039 79.277587890625 79.8884582519531 80.5386352539062 77.9250717163086 78.2675857543945 79.970085144043 80.201057434082 79.0124740600586 78.2487487792969 78.0177001953125 78.4943542480469 78.7541427612305 78.3491592407227 77.9607925415039 77.9742126464844 79.7667083740234 79.8037948608398 79.3120651245117 79.0354080200195 78.4268264770508 78.5916061401367 78.8078918457031 79.0710983276367 79.474365234375 79.919548034668 80.473876953125 82.1479034423828 83.1797180175781 83.585693359375 83.8213424682617 83.7940444946289 83.9079284667969 83.8872909545898 84.0346221923828 84.2784118652344 84.0233001708984 84.296875 89.9945831298828
79.9109725952148 80.2266311645508 80.6730880737305 78.8773956298828 78.4950561523438 78.3469696044922 78.1782836914062 77.4213256835938 77.339111328125 77.0313491821289 76.9599761962891 77.3340377807617 78.8353424072266 80.9672241210938 78.8065414428711 77.472785949707 77.9295349121094 79.2608413696289 -3.4e+38 80.054069519043 79.4010543823242 78.9081268310547 78.4198837280273 78.1238403320312 77.8944854736328 77.7079238891602 79.255744934082 79.359260559082 78.6687622070312 78.5052337646484 78.4784469604492 78.6111145019531 78.8135299682617 79.0877914428711 79.4226303100586 79.7572555541992 80.1078338623047 81.0173034667969 81.8670959472656 82.6454315185547 83.5687637329102 83.8949584960938 84.2804870605469 84.1156387329102 84.0046157836914 84.2453765869141 84.3408584594727 84.6067428588867 87.8985824584961
78.5901947021484 77.4826431274414 77.8210830688477 77.7345428466797 77.7222213745117 78.0538864135742 77.5955963134766 76.6646194458008 77.0932922363281 77.0255889892578 76.8396072387695 76.8874206542969 77.6369094848633 79.1401519775391 78.9917373657227 77.9044189453125 77.3629684448242 77.8971481323242 79.5542907714844 -3.4e+38 -3.4e+38 79.7773895263672 78.5320510864258 77.7018966674805 77.6774139404297 77.6141052246094 79.0597229003906 80.1920700073242 79.6279220581055 78.6747589111328 78.671760559082 78.9190826416016 79.2172546386719 79.4168167114258 79.6387634277344 79.7614898681641 79.964225769043 80.5909729003906 80.8395614624023 81.2500381469727 82.0952224731445 83.2370681762695 84.3933181762695 84.5793304443359 84.2741470336914 84.1216506958008 84.3346557617188 84.1663360595703 85.6481018066406
