rcp4.5models/GFDL_CM3/sc1gr0.39
NCOLS 261 
NROWS 433 
XLLCORNER 336357.134 
YLLCORNER 654653.479 
CELLSIZE 1000 
NODATA_value -9999 
[rows 132 to 153 of 433, columns 150 to 199 of 261]
-9999 70.4412384033203 70.1152801513672 69.7279281616211 69.5413284301758 69.3845062255859 69.1159591674805 69.0155792236328 68.8715591430664 68.3276672363281 67.713249206543 67.2742080688477 66.8991317749023 66.5009765625 66.1070098876953 65.7573623657227 65.5941543579102 65.3245162963867 65.0862655639648 64.7499237060547 64.1710662841797 63.8045654296875 63.4668579101562 63.1230201721191 62.7747077941895 62.4776802062988 62.0939979553223 61.816032409668 61.4747314453125 61.1270790100098 60.5859184265137 60.272289276123 59.9128150939941 59.6408081054688 59.3991584777832 59.2037239074707 58.959545135498 58.7220458984375 -9999 -9999 -9999 -9999 -9999 -9999 -9999 -9999 -9999 -9999 -9999 -9999
70.8638610839844 70.5531005859375 70.1977157592773 69.8325500488281 69.5575790405273 69.5630416870117 69.2426605224609 69.0080490112305 68.8257751464844 68.2326507568359 67.6324005126953 67.2283325195312 66.8326644897461 66.5498733520508 66.201171875 65.8394927978516 65.6537017822266 65.4578399658203 65.307502746582 64.6988906860352 64.1751480102539 63.8233070373535 63.5295677185059 63.2004241943359 62.8790321350098 62.5586624145508 62.083438873291 61.7994575500488 61.5067329406738 61.2149467468262 60.6363868713379 60.3941764831543 59.9959182739258 59.7405128479004 59.460075378418 59.1092643737793 58.8506355285645 58.6545944213867 -9999 -9999 -9999 -9999 -9999 -9999 -9999 -9999 -9999 -9999 -9999 -9999
70.939323425293 70.4940032958984 70.2378311157227 69.9650573730469 69.7677459716797 69.5652542114258 69.2927322387695 69.1234359741211 68.3673248291016 68.0615768432617 67.5854339599609 67.2155456542969 66.8965454101562 66.6437683105469 66.2827224731445 65.9524459838867 65.840202331543 65.7443008422852 65.4636306762695 64.7071914672852 64.2573394775391 63.9062652587891 63.752254486084 63.344913482666 62.9320220947266 62.5892372131348 62.0847816467285 61.733699798584 61.4834594726562 61.2242736816406 60.6158714294434 60.320930480957 60.1032180786133 59.893970489502 59.427001953125 58.9962425231934 -9999 58.5023193359375 -9999 -9999 -9999 -9999 -9999 -9999 -9999 -9999 -9999 -9999 -9999 -9999
70.9444274902344 70.5475616455078 70.3501281738281 70.0566101074219 69.8901977539062 69.5635452270508 69.3304901123047 -9999 -9999 67.8515853881836 67.5573348999023 67.2391586303711 66.9646606445312 66.7028045654297 66.4198379516602 66.1455459594727 65.9619064331055 65.8306579589844 65.5367584228516 64.7931594848633 64.4303512573242 64.2941055297852 64.2021865844727 63.4996948242188 63.0271911621094 62.9198303222656 62.6417694091797 61.9193344116211 61.5516967773438 61.2155418395996 60.5690383911133 60.2100410461426 60.0594902038574 59.7709465026855 59.3445091247559 58.9582290649414 -9999 -9999 -9999 -9999 -9999 -9999 -9999 -9999 -9999 -9999 -9999 -9999 -9999 -9999
70.8716125488281 70.6223754882812 70.5383529663086 70.1547698974609 69.8826370239258 69.6552352905273 69.3916397094727 69.0464706420898 -9999 67.9144744873047 67.7096786499023 67.4047698974609 67.0609664916992 66.7633361816406 66.5725021362305 66.3540954589844 66.1428527832031 65.9429473876953 65.55224609375 64.9289245605469 64.6658248901367 64.5652694702148 64.4668807983398 63.7341346740723 63.2812957763672 63.1376991271973 62.8287582397461 62.1700019836426 61.7338829040527 61.2927284240723 60.70166015625 60.4338989257812 60.0530776977539 59.6275062561035 59.3423919677734 58.9742584228516 58.7285537719727 58.4747848510742 -9999 -9999 -9999 -9999 -9999 -9999 -9999 -9999 -9999 -9999 -9999 -9999
71.1061553955078 70.784538269043 70.555778503418 70.2804183959961 70.0207214355469 69.7521362304688 69.4746398925781 69.2754745483398 -9999 68.2417144775391 67.8758773803711 67.5374908447266 67.2473602294922 66.8818435668945 66.6526107788086 -9999 66.2889556884766 66.1279983520508 65.7099380493164 65.0984878540039 64.6462707519531 64.3776702880859 64.0928497314453 63.5538024902344 63.2533874511719 62.9298782348633 62.5633354187012 62.2261161804199 61.8147964477539 61.376106262207 61.2581443786621 60.7654647827148 60.2241554260254 59.7089500427246 59.3876075744629 59.0513534545898 58.8112678527832 58.4986228942871 -9999 -9999 -9999 -9999 -9999 -9999 -9999 -9999 -9999 -9999 -9999 -9999
71.2793350219727 70.9658432006836 70.5887908935547 70.3901748657227 70.2237167358398 70.0559844970703 69.5250778198242 -9999 -9999 68.5096740722656 68.0315475463867 67.665901184082 67.4888916015625 67.194465637207 -9999 66.6120452880859 66.3397445678711 66.1567764282227 66.1272735595703 65.1567611694336 64.7890396118164 64.1487274169922 63.6869354248047 63.3552932739258 63.1149253845215 62.8856811523438 62.6318626403809 62.310546875 61.859432220459 61.5661964416504 61.6723899841309 60.7168121337891 60.1810493469238 59.7536010742188 59.4629669189453 59.2108993530273 58.8900375366211 58.4868812561035 -9999 -9999 -9999 -9999 -9999 -9999 -9999 -9999 -9999 -9999 -9999 -9999
71.2560272216797 -9999 70.6427841186523 70.4319610595703 70.3869781494141 70.131706237793 69.6394271850586 69.3826904296875 -9999 68.5921096801758 68.4132461547852 67.9662170410156 67.486457824707 67.2320938110352 -9999 -9999 66.264045715332 66.2630920410156 66.3355407714844 65.2915649414062 64.7303924560547 64.0921630859375 63.6849937438965 63.2905082702637 62.9660682678223 62.7252769470215 62.6093063354492 62.3627967834473 61.8477630615234 61.363151550293 61.1714820861816 60.5810623168945 60.3289833068848 59.9857749938965 59.5887718200684 -9999 58.8539505004883 -9999 58.0593795776367 -9999 -9999 -9999 -9999 -9999 -9999 -9999 -9999 -9999 -9999 -9999
71.1899185180664 70.8334579467773 70.7009735107422 70.4490051269531 70.3727798461914 70.1651306152344 69.7720413208008 69.4518127441406 68.8600006103516 68.8794555664062 68.600227355957 68.1149520874023 67.4916839599609 67.2967834472656 67.1435928344727 66.7395248413086 66.3703308105469 66.4700012207031 66.4439849853516 65.1323623657227 64.5982284545898 64.1771621704102 63.7882537841797 63.2271766662598 62.9413414001465 62.6398658752441 62.4588813781738 62.2052345275879 61.7952003479004 61.359260559082 60.7907066345215 60.6611976623535 60.5964202880859 60.0613403320312 59.5665168762207 -9999 -9999 -9999 -9999 57.8761672973633 -9999 -9999 -9999 -9999 -9999 -9999 -9999 -9999 -9999 -9999
71.2274703979492 71.0992050170898 71.0579605102539 70.6462783813477 70.4083099365234 70.3846817016602 69.7646942138672 69.4846878051758 69.0925521850586 68.8920211791992 68.3421249389648 68.0326538085938 67.8572158813477 67.6324462890625 67.2953796386719 66.80078125 66.4681243896484 66.4861755371094 66.2168350219727 64.9583053588867 64.7058715820312 64.2438812255859 63.8991470336914 63.3922691345215 63.0287933349609 62.7113380432129 62.4278945922852 62.0678176879883 61.7770347595215 61.443675994873 61.0867729187012 60.851146697998 60.6368026733398 60.1188125610352 59.8345947265625 -9999 -9999 -9999 -9999 58.2081832885742 -9999 -9999 -9999 -9999 -9999 -9999 -9999 -9999 -9999 -9999
71.3373641967773 71.4209442138672 71.2840270996094 70.9464111328125 70.6386032104492 70.47509765625 69.8616638183594 69.5265274047852 68.9889221191406 68.8702621459961 68.4826354980469 68.4038391113281 68.2095260620117 67.9629287719727 67.3812561035156 66.8255386352539 66.4304962158203 66.3437576293945 -9999 65.243537902832 64.8751220703125 64.2894821166992 64.1457290649414 63.8884429931641 63.0423851013184 62.8050880432129 62.5526809692383 62.1985015869141 61.9321937561035 61.6312408447266 61.0320053100586 60.7397117614746 60.4500770568848 60.1347312927246 59.7121353149414 -9999 -9999 -9999 -9999 58.820728302002 58.2298736572266 -9999 -9999 -9999 -9999 -9999 -9999 -9999 -9999 -9999
71.3651351928711 71.3496780395508 71.1428146362305 70.9811019897461 70.6627502441406 70.5271224975586 70.0233688354492 69.6171569824219 69.0312271118164 68.9651107788086 68.8321151733398 68.8341903686523 68.4322357177734 67.9161834716797 67.484016418457 66.9124145507812 66.5461044311523 66.2952423095703 65.9275741577148 65.4746246337891 64.9924087524414 64.8525848388672 64.5564346313477 63.7971572875977 63.0688934326172 62.8827095031738 62.5157051086426 62.1591911315918 61.9378814697266 61.6286354064941 -9999 -9999 60.4482002258301 60.1110572814941 59.7034873962402 59.694507598877 -9999 -9999 -9999 58.6788864135742 -9999 -9999 -9999 -9999 -9999 -9999 -9999 -9999 -9999 -9999
71.3622360229492 71.1924362182617 71.0387573242188 70.8570098876953 70.7717056274414 70.8120574951172 70.2545928955078 69.7211837768555 69.177131652832 69.2836761474609 69.1712493896484 68.8621063232422 68.4511337280273 67.7868347167969 67.4609375 66.9859008789062 66.7429733276367 66.413215637207 66.1401672363281 65.5459594726562 65.34716796875 65.4585494995117 64.9260025024414 63.619026184082 63.2036819458008 62.8207473754883 62.4110107421875 62.1233215332031 61.9336853027344 61.6402053833008 -9999 -9999 -9999 60.1741828918457 59.8651924133301 59.5973014831543 -9999 -9999 -9999 -9999 -9999 -9999 -9999 -9999 -9999 -9999 -9999 -9999 -9999 -9999
71.611946105957 71.3146896362305 71.1848983764648 71.0191268920898 70.9935150146484 70.8519821166992 70.4061279296875 69.7256011962891 69.3445892333984 69.3361740112305 69.1976852416992 69.0353164672852 68.3696441650391 67.849479675293 67.524055480957 67.1194686889648 66.8633193969727 66.6212692260742 66.4636306762695 65.9106750488281 65.9376525878906 65.8284225463867 65.0719299316406 63.7219429016113 63.3029861450195 62.8221397399902 62.4512634277344 62.2444458007812 -9999 -9999 -9999 -9999 -9999 -9999 59.9969253540039 59.7765007019043 59.50537109375 -9999 -9999 -9999 -9999 -9999 -9999 -9999 -9999 -9999 -9999 -9999 -9999 -9999
71.8086547851562 71.5099411010742 71.4434204101562 71.1987228393555 71.0284881591797 70.6333084106445 70.3813781738281 69.7872467041016 69.4445953369141 69.2754898071289 69.0181579589844 68.9807281494141 68.5087738037109 68.0477066040039 67.7085952758789 67.3232269287109 67.0182266235352 66.8247528076172 66.5376586914062 66.2738800048828 66.3797607421875 65.982048034668 64.7340240478516 63.7735061645508 63.3428535461426 62.9266357421875 -9999 -9999 -9999 -9999 -9999 -9999 -9999 -9999 60.1609039306641 60.0203475952148 59.9895362854004 -9999 -9999 -9999 -9999 -9999 -9999 -9999 -9999 -9999 -9999 -9999 -9999 -9999
71.8907852172852 71.6740188598633 71.6696472167969 71.5438766479492 71.1633071899414 70.6278076171875 70.3795318603516 69.9683074951172 69.4403305053711 69.2258224487305 68.9732284545898 68.7308044433594 68.3941497802734 68.0463562011719 67.6893081665039 67.3747787475586 67.2251968383789 66.890998840332 66.462760925293 66.3558120727539 66.2390518188477 65.5766220092773 -9999 63.8439140319824 63.4769134521484 63.0708503723145 -9999 -9999 -9999 -9999 -9999 60.9528045654297 60.7428398132324 60.5880737304688 60.3924598693848 -9999 -9999 -9999 -9999 -9999 -9999 -9999 -9999 -9999 -9999 -9999 -9999 -9999 -9999 58.049674987793
-9999 71.7569808959961 71.8924179077148 71.850227355957 71.2594757080078 70.7356567382812 70.3495941162109 70.0934982299805 69.5032806396484 69.2724685668945 69.0900726318359 68.8357009887695 68.3926696777344 68.1280746459961 67.8418045043945 67.5956802368164 67.3202209472656 66.9228286743164 66.5844879150391 65.839729309082 65.7234115600586 65.2583236694336 64.3817749023438 63.8636322021484 63.557731628418 63.1848487854004 -9999 -9999 -9999 -9999 61.4835929870605 61.2044143676758 60.9625129699707 60.7514801025391 60.7220268249512 -9999 -9999 -9999 -9999 -9999 -9999 -9999 -9999 -9999 -9999 58.0966949462891 58.0788879394531 58.142261505127 58.1619758605957 58.1070442199707
71.8960113525391 71.6538162231445 71.8052597045898 71.7097396850586 71.3067398071289 70.8790283203125 70.5138702392578 70.1473159790039 69.5137786865234 69.3213653564453 69.0809020996094 68.8443832397461 68.5529861450195 68.2901077270508 68.165397644043 67.8823394775391 67.4104537963867 67.0502243041992 66.6467590332031 -9999 65.3189010620117 64.9936828613281 64.298583984375 63.941535949707 63.6048812866211 63.2557334899902 62.888614654541 -9999 -9999 -9999 61.6382751464844 61.3670043945312 61.053466796875 60.8016510009766 60.7198600769043 -9999 -9999 -9999 -9999 -9999 -9999 -9999 -9999 -9999 -9999 58.2378463745117 58.2492713928223 58.1261672973633 58.1632232666016 58.1513137817383
72.0388717651367 71.978271484375 71.9724273681641 71.7306442260742 71.1969375610352 70.9120712280273 70.5436248779297 70.3988037109375 69.7360610961914 69.4047241210938 69.1774444580078 69.0731887817383 69.101692199707 68.8101501464844 68.3356552124023 67.8787307739258 67.5589294433594 67.1942520141602 66.5291519165039 65.6044311523438 -9999 64.7801818847656 64.3833312988281 64.0729370117188 63.7373886108398 63.402717590332 63.2234115600586 62.9572143554688 -9999 -9999 -9999 -9999 61.3354759216309 60.985595703125 -9999 -9999 -9999 -9999 -9999 -9999 -9999 -9999 -9999 -9999 -9999 -9999 58.7710990905762 58.7656517028809 58.5472221374512 58.3639068603516
72.0397415161133 72.0663070678711 72.0110855102539 71.6837768554688 71.2970809936523 71.0583801269531 70.7906646728516 70.4946517944336 69.7952728271484 69.5847320556641 69.4007110595703 69.4173431396484 69.3139572143555 68.8362426757812 68.3083877563477 67.876708984375 67.5933151245117 67.1295776367188 66.6039733886719 65.449104309082 65.2725219726562 64.8998107910156 64.4465255737305 64.1829299926758 63.8921890258789 63.5071716308594 63.2972717285156 63.0718154907227 62.6717720031738 62.3882942199707 61.9143867492676 61.663501739502 -9999 61.1592597961426 -9999 -9999 -9999 -9999 -9999 -9999 -9999 -9999 -9999 -9999 -9999 59.1146926879883 59.0119285583496 58.8881378173828 58.5622406005859 58.4796562194824
72.053955078125 71.9711227416992 71.8115386962891 71.7490005493164 71.4709777832031 71.1118392944336 70.8300476074219 70.4656524658203 69.8846206665039 69.7153091430664 69.6587066650391 69.6929931640625 69.4252319335938 68.8516693115234 68.3052673339844 67.9105758666992 67.5314407348633 67.0285873413086 66.5209350585938 65.6374588012695 65.3436508178711 64.9790344238281 64.5979080200195 64.2906875610352 64.0089950561523 63.6986846923828 63.4183082580566 63.1462783813477 62.8827934265137 62.6189575195312 62.2625770568848 61.9251708984375 61.6593246459961 61.3750305175781 61.0209503173828 -9999 -9999 -9999 -9999 -9999 -9999 -9999 -9999 -9999 -9999 59.3027954101562 -9999 58.9749221801758 58.6439018249512 58.5777244567871
72.172607421875 72.0185775756836 71.6925888061523 71.8090286254883 71.6113815307617 71.161018371582 70.8019256591797 70.4982757568359 70.0326385498047 69.757682800293 69.751220703125 69.7764511108398 69.4031753540039 68.6657867431641 68.4246673583984 68.1839218139648 67.3961486816406 66.9651412963867 66.6758880615234 65.7288360595703 65.3909759521484 65.0789031982422 64.7156372070312 64.3827209472656 64.0952911376953 63.8759536743164 63.5672645568848 63.2231254577637 63.0435752868652 62.8843078613281 62.3862838745117 61.983528137207 61.6943588256836 61.496826171875 61.2368087768555 60.9312057495117 60.6778335571289 60.5804786682129 60.4288063049316 60.2845230102539 -9999 -9999 59.6257247924805 -9999 -9999 59.3660697937012 -9999 58.9543762207031 58.727596282959 58.7406425476074
