rcp4.5models/GFDL_CM3/sc1gr5.6
NCOLS 261 
NROWS 433 
XLLCORNER 336357.134 
YLLCORNER 654653.479 
CELLSIZE 1000 
NODATA_value -9999 
[rows 0 to 22 of 433, columns 50 to 99 of 261]
-9999 -9999 -9999 -9999 -9999 -9999 -9999 -9999 -9999 -9999 -9999 -9999 -9999 -9999 -9999 -9999 -9999 -9999 -9999 -9999 -9999 -9999 -9999 -9999 -9999 -9999 -9999 -9999 -9999 -9999 -9999 -9999 -9999 -9999 -9999 -9999 -9999 -9999 -9999 -9999 -9999 -9999 -9999 -9999 -9999 -9999 -9999 -9999 -9999 -9999
-9999 -9999 -9999 -9999 -9999 -9999 -9999 -9999 -9999 -9999 -9999 -9999 -9999 -9999 -9999 -9999 -9999 -9999 -9999 -9999 300.147827148438 300.034174615071 300.01164854383 300.002966267313 299.898916247306 299.899626161433 299.762609909728 299.966959380638 300.152655204913 300.151745427689 300.169391612719 -9999 -9999 -9999 -9999 -9999 -9999 -9999 -9999 -9999 -9999 -9999 -9999 -9999 -9999 -9999 -9999 -9999 -9999 -9999
-9999 -9999 -9999 -9999 -9999 -9999 -9999 -9999 -9999 -9999 -9999 -9999 -9999 -9999 -9999 -9999 -9999 -9999 -9999 299.661782450454 300.017700202186 299.935553115684 299.97895289705 299.733947698018 299.542074989273 299.624861076937 299.309554261366 299.824708631397 299.770439780824 299.789191916676 300.10042100719 300.318703108527 -9999 -9999 -9999 -9999 -9999 -9999 -9999 -9999 -9999 -9999 -9999 -9999 -9999 -9999 -9999 -9999 -9999 -9999
-9999 -9999 300.474365234375 300.481683660804 300.386067956253 300.123707050001 300.098997479573 300.061685664194 300.245528292187 299.938312423536 -9999 -9999 300.179280670205 300.190986873138 299.80158398834 299.684042938877 299.952620925867 300.467118268539 300.005903669934 299.750447504027 299.668183445068 299.780352209141 299.868852382569 299.606293955233 299.787453870298 299.907850566928 299.82474944587 299.914441853631 299.950035309802 300.091162078667 300.154704666786 300.225462857015 -9999 -9999 -9999 -9999 -9999 -9999 -9999 -9999 -9999 -9999 -9999 -9999 -9999 -9999 -9999 -9999 -9999 -9999
300.230934301898 300.162273279246 300.271791590252 300.289460105698 300.131247474003 300.031768134654 300.052636064558 299.702268727591 299.682375625074 299.577910946477 299.599051224624 299.677705918319 299.753024258125 299.840827554243 299.81240322408 299.812981957365 299.908324417403 300.011404687074 299.885533771655 299.854656579275 299.726858481439 299.59645342879 299.681605034122 299.480837885326 299.831403418525 300.029368834141 300.065333089614 300.045749153054 299.471311319229 300.04188804748 300.170658525598 300.19659839412 300.236102627425 -9999 -9999 -9999 -9999 -9999 -9999 -9999 -9999 -9999 -9999 -9999 -9999 -9999 -9999 -9999 -9999 -9999
300.234542307782 300.134082423249 300.045102379835 299.89963444547 299.737328161997 299.705385128815 299.696142501534 299.681313717171 299.51329999494 299.643087506521 299.749007274908 299.823286195804 299.689175606798 299.750928041217 299.827301824951 299.86583501778 299.90430728168 299.856217497235 -9999 299.9204010295 -9999 299.791765470162 299.499691832855 299.109256464485 299.633618174734 299.563596704864 299.757494747278 299.643049649626 299.890028388632 300.099885515531 300.171350944367 300.209701101422 300.344926177972 -9999 -9999 -9999 -9999 -9999 -9999 -9999 -9999 -9999 -9999 -9999 -9999 -9999 -9999 -9999 -9999 -9999
300.076855810349 300.045908956404 299.742308062802 299.688612016022 299.642215005561 299.712105393887 299.665716238488 299.708731274719 299.627973554507 299.481197280595 299.470325952628 299.510435744692 299.317944287233 299.28888285578 299.613529139506 299.662424406891 299.668401891789 299.745801087363 -9999 -9999 -9999 -9999 299.775134923112 -9999 299.616968378978 299.700341265635 299.407257631707 299.684216675267 300.007582296897 300.035740600245 300.165334946564 300.025748166836 300.06429030721 300.036560458695 -9999 -9999 -9999 -9999 -9999 -9999 -9999 -9999 -9999 -9999 -9999 -9999 -9999 -9999 -9999 -9999
299.69668987102 299.726575980666 299.68635872748 299.713187644728 299.563495441595 299.618419778414 299.401429171524 299.358031514863 299.378715486237 299.352913563175 299.368994626923 299.498826655056 299.424247455425 299.404365603351 299.53126921121 299.572467757804 299.69299356857 299.470917431079 -9999 -9999 -9999 -9999 -9999 -9999 299.617130371108 299.598780148981 299.366366539018 299.594667595489 -9999 299.639686736889 299.717277349112 299.682444144185 299.703563013677 299.677914639744 -9999 -9999 -9999 -9999 -9999 -9999 -9999 -9999 -9999 -9999 -9999 -9999 -9999 -9999 -9999 -9999
299.270361851387 299.264793349234 299.305229672349 299.433830058719 299.469008182631 299.776163280017 299.331850043882 299.267895444316 299.306639173321 299.16382076711 299.310756836894 299.267950650435 299.218486185511 299.339049894455 299.319544923172 299.325403388343 299.395595533596 -9999 299.594974551395 299.738186122764 299.838519547337 299.4008060587 299.302328909536 299.340931153989 -9999 299.283927132125 299.251336786954 299.415823161007 -9999 -9999 299.645482597168 299.701336401938 299.53842896811 299.60548454077 299.405302888665 -9999 -9999 -9999 -9999 -9999 -9999 -9999 -9999 -9999 -9999 -9999 -9999 -9999 -9999 -9999
299.28383996774 299.310665776128 299.349033510175 299.322565402855 299.508225446399 299.704953667447 299.385758656254 299.102475504337 299.064675230167 299.04944426724 299.121598124766 298.942701129441 298.889254017938 298.958132656965 299.164158467489 299.071403477569 299.046043622898 -9999 299.48216930218 299.524781822776 -9999 -9999 299.217342629649 299.178867866122 -9999 -9999 299.233168240929 299.284972404249 -9999 299.40498003486 299.679844000957 299.763253823602 299.71664954276 299.678877323582 299.41936557132 299.410346954958 -9999 -9999 -9999 -9999 -9999 -9999 -9999 -9999 -9999 -9999 -9999 -9999 -9999 -9999
299.131393191307 299.300976619147 298.990532923454 299.345247871045 298.934299643611 298.715587228866 298.746661915942 298.691658906982 298.777048904658 298.760514405498 298.670671562644 298.766394230708 298.810030718464 298.83711048176 298.781485589606 298.912047519001 299.023617388853 -9999 299.177341241707 299.15325173399 299.215414613938 -9999 298.721210036138 298.767808838291 298.900343015389 298.997132252686 299.141549491301 299.06539518225 298.833659331687 298.893733941106 -9999 -9999 299.708658198297 299.660287809698 299.623572298345 299.462312627891 299.468666292908 -9999 -9999 -9999 -9999 -9999 -9999 -9999 -9999 -9999 -9999 -9999 -9999 -9999
299.32997467321 299.502466016379 299.455695510988 299.031644339755 298.717689286254 298.67718553191 298.753366623635 298.791407973556 298.948404696875 299.006127023645 298.542732605104 298.517316637903 298.601523916911 298.640619575892 298.836307080928 298.864540463231 298.88214393891 299.115426208219 299.130165393911 299.157942444602 -9999 -9999 -9999 298.665271010353 -9999 298.761111968658 298.934207519966 299.06197044032 298.850346548486 298.552517771334 299.132983998271 -9999 299.673029614103 299.306931478814 299.435771376839 299.554267841837 299.395052945589 -9999 -9999 -9999 -9999 -9999 -9999 -9999 -9999 -9999 -9999 -9999 -9999 -9999
299.071021392796 299.135652216357 299.129239456172 298.801852756079 298.510366989792 298.469027435753 298.547946635237 298.770508118952 298.726888938561 298.52038245982 298.254236474232 298.233730261877 298.190219557461 298.383760112126 298.548578286816 298.577250003478 298.700370933608 298.726005052763 299.051632133533 -9999 -9999 -9999 298.784614319771 298.785392794164 -9999 -9999 298.902099651561 -9999 299.002436719432 298.710537999229 299.047434939196 -9999 -9999 -9999 299.208986299526 299.372126702167 299.442517086278 299.288765867239 -9999 -9999 -9999 -9999 -9999 -9999 -9999 -9999 -9999 -9999 -9999 -9999
299.086376911423 298.853893321625 298.621123026034 298.288703275791 298.224833717991 298.190809032532 298.267954475669 298.324090709733 298.422833152394 298.326850559532 298.001030711421 298.112909090076 298.281780331884 298.40209288112 298.272418689863 -9999 298.568663280867 298.449193232741 -9999 -9999 298.873825449278 -9999 -9999 -9999 298.873008403205 298.774143551307 298.818187724924 298.962258155009 299.056029273767 298.812001857162 299.077009433293 -9999 -9999 -9999 -9999 298.908911972576 299.024047085033 298.894461287024 299.356254341504 -9999 -9999 -9999 -9999 -9999 -9999 -9999 -9999 -9999 -9999 -9999
299.123538484578 298.867544840688 298.662634011809 298.393186684171 298.341904117579 298.182704333547 297.923744355676 297.952161432074 298.01924717924 297.855446456171 297.728399903616 297.981324806725 298.137170567731 298.280581787643 -9999 -9999 -9999 298.446137133516 -9999 298.613434769307 298.529277912072 298.267169695482 298.164655794675 298.330619821917 298.404423556592 298.404912670154 298.532814801096 298.828232900597 298.774533627661 298.588226504212 298.855395075897 298.942541531804 -9999 -9999 -9999 -9999 298.950604902767 298.75535498314 298.941016037544 299.11597885154 -9999 -9999 -9999 -9999 -9999 -9999 -9999 -9999 -9999 -9999
298.954530497626 298.7216858708 298.582060735642 298.519416104349 298.353045653741 298.170145337789 297.982219466091 297.927474230924 297.929717081909 297.910646766734 297.739774743941 297.95759353356 297.987824525819 -9999 -9999 298.015291252859 -9999 -9999 298.555113832631 298.285821034637 298.184950949855 298.044904752406 298.137212380151 298.198016561964 298.234817234195 298.271509217503 298.445488626539 298.589555397488 298.471014029876 298.468082545853 298.973149604977 298.892036698369 298.893731471616 298.929210428143 -9999 -9999 -9999 298.876107543226 298.783089080909 299.001395498992 -9999 -9999 -9999 -9999 -9999 -9999 -9999 -9999 -9999 -9999
-9999 -9999 -9999 -9999 298.14571791756 297.861231401474 297.500619667309 297.682775079396 297.724309621821 297.821965957153 297.554514968018 297.720875345907 -9999 -9999 298.047660423072 297.926329146018 298.138678500589 298.156402554486 298.29660260471 298.030155029286 297.979348751042 297.980864667904 298.143182208434 298.212370846402 298.052311521878 298.242810577932 298.459991923345 298.525238717995 298.641881068018 298.502960343088 298.870229234428 298.684101065052 298.470818416908 298.881228420685 298.818390148073 -9999 -9999 -9999 298.801362060614 298.96815054123 -9999 -9999 -9999 -9999 -9999 -9999 -9999 -9999 -9999 -9999
-9999 -9999 -9999 -9999 297.916371008234 297.527269318133 297.285917053625 297.432964792064 297.510290350511 297.848431391463 297.720533119736 -9999 -9999 -9999 297.550810022858 297.528150532557 -9999 297.495676583705 297.348110220441 297.60955499456 297.705298514489 297.93854704508 297.863972028997 297.765835846575 297.705904358036 298.001088754208 298.135937828575 298.380463430642 298.596907905043 298.513039964338 298.600060055668 298.565840284306 298.299053777278 298.36192535625 298.729017298892 298.693856096876 -9999 -9999 -9999 298.878103281518 299.017778268497 -9999 -9999 -9999 -9999 -9999 -9999 -9999 -9999 -9999
-9999 -9999 -9999 -9999 297.213923853808 297.097168577447 297.115870970102 296.891666255617 296.838070532324 297.529835980607 297.928184568331 -9999 297.533017896651 -9999 297.313578077714 297.570469513943 297.954104934557 297.084817896968 297.056713694935 297.199368418534 297.557759795994 297.740310886585 297.623416161291 297.484381432206 297.589523410775 297.724644632822 297.777971201815 297.694889341343 298.458166238755 298.01614256409 298.446178847185 298.464524123331 298.194916089403 298.244463611253 298.362557210588 298.626731651337 -9999 -9999 -9999 -9999 299.068905734778 299.063504254532 298.991353132457 -9999 -9999 -9999 -9999 -9999 -9999 -9999
-9999 -9999 -9999 -9999 -9999 296.910947154537 296.697521897635 296.558518041731 296.437408992487 297.18426283259 297.351673327122 -9999 297.013994593208 297.108408162342 -9999 297.642096847616 297.922870078513 -9999 297.249623310585 297.108552544516 297.253248307585 297.612330090479 297.583438562348 297.551301863649 297.617217074291 297.661761924315 297.698001955977 297.654366490839 298.426953763114 297.702702405137 298.612506509249 298.771190760417 298.00040963068 298.368431173869 298.320953884903 298.470413246258 298.671653411226 -9999 -9999 -9999 -9999 299.020474964539 299.100542854715 299.036370584537 -9999 -9999 -9999 -9999 -9999 -9999
-9999 -9999 -9999 -9999 -9999 -9999 296.540246451661 296.480616033853 296.384920836521 296.745292945403 297.040249512878 296.995476660306 -9999 296.894662038441 297.070593007467 297.245033242186 297.539287695633 297.791983700722 297.517457213625 297.783669026744 297.69493424062 297.891046197128 -9999 -9999 297.498595358267 297.655767521241 297.512441529534 297.810568710535 297.832692638636 297.564144309692 298.706636859789 298.316898596181 297.956413727495 298.020387913369 298.022461368488 298.155008938683 298.455055887966 298.61274177681 298.922411284621 -9999 -9999 -9999 299.167237830881 299.259153774449 299.400777819121 -9999 -9999 -9999 -9999 -9999
-9999 -9999 -9999 -9999 -9999 -9999 -9999 -9999 -9999 -9999 -9999 296.736304673763 296.856480774379 -9999 -9999 297.216623732532 297.143275837513 297.367584817226 297.300500806377 297.051139534041 297.205244473828 -9999 297.789137288809 -9999 -9999 -9999 297.793627171098 297.796206901707 297.53842184831 297.63410027762 297.598405391088 298.782007950884 297.995578127193 298.007952110105 297.910582124936 297.926231176211 298.202199421393 298.275298490092 298.34788537724 298.338852433365 -9999 -9999 -9999 299.229224850113 299.261911434766 299.452313548461 -9999 -9999 -9999 -9999
-9999 -9999 -9999 -9999 -9999 -9999 -9999 -9999 -9999 -9999 -9999 -9999 296.860383126608 296.906646087471 296.946452727978 -9999 -9999 297.613621090468 297.173568904499 297.018278111824 297.037693393345 297.210486763197 297.390454160923 -9999 -9999 -9999 -9999 -9999 297.771367714588 297.595895094344 297.598951041722 297.879212243106 297.703479285776 297.792863408168 297.897804421771 297.939531921182 298.123603871875 298.429050920564 298.442370639711 298.470737969111 298.740877010977 -9999 -9999 -9999 299.380377527879 299.470636636938 299.133308678223 -9999 -9999 -9999
