rcp4.5models/GFDL_CM3/sc1gr2.20
NCOLS 261 
NROWS 433 
XLLCORNER 336357.134 
YLLCORNER 654653.479 
CELLSIZE 1000 
NODATA_value -3.4e+38 
[rows 264 to 285 of 433, columns 196 to 244 of 261]
332.455657958984 333.097839355469 334.095489501953 334.057983398438 335.680053710938 336.379455566406 337.235168457031 336.522796630859 337.311492919922 336.634460449219 336.627868652344 337.215026855469 338.391693115234 333.478149414062 322.138000488281 320.892425537109 327.430816650391 331.957489013672 338.122100830078 338.84375 338.698364257812 337.506317138672 333.041442871094 327.959686279297 332.78515625 338.953216552734 338.878479003906 338.930633544922 339.824127197266 340.623718261719 337.068206787109 338.313049316406 -3.4e+38 -3.4e+38 341.250610351562 341.735229492188 342.161773681641 342.014251708984 341.781158447266 342.211456298828 342.063446044922 342.260131835938 342.440643310547 342.994873046875 343.307830810547 343.323486328125 343.339050292969 343.3544921875 343.482055664062
333.636535644531 333.651092529297 333.115783691406 333.984252929688 335.438262939453 336.830902099609 337.054168701172 336.0283203125 336.761901855469 335.919586181641 335.584899902344 336.566528320312 338.220184326172 334.626007080078 326.586944580078 324.990417480469 333.483703613281 335.329864501953 338.112579345703 338.672180175781 338.168640136719 337.217926025391 334.661102294922 332.394927978516 334.712310791016 339.341491699219 339.254058837891 339.981079101562 340.161956787109 340.706787109375 340.743133544922 340.905914306641 340.679992675781 341.103485107422 341.120513916016 341.258819580078 341.742614746094 341.8876953125 341.306976318359 341.788238525391 342.102508544922 342.2529296875 342.384857177734 342.861694335938 343.300720214844 343.316436767578 343.33203125 343.347534179688 343.362915039062
335.081420898438 335.282928466797 335.144500732422 335.679595947266 336.305114746094 336.969543457031 336.709381103516 332.956298828125 330.327087402344 333.391448974609 335.763854980469 336.402038574219 337.121734619141 336.193695068359 333.867034912109 333.277862548828 333.265319824219 335.965148925781 337.66796875 337.208862304688 336.159118652344 335.792388916016 338.874267578125 338.731018066406 338.22509765625 338.345855712891 338.556365966797 337.228393554688 339.108764648438 339.598754882812 340.346282958984 340.053649902344 340.193389892578 340.518096923828 340.412841796875 340.565704345703 341.552185058594 341.317626953125 341.588531494141 341.350891113281 341.902862548828 342.238494873047 342.369415283203 342.684539794922 342.860443115234 343.140716552734 342.727142333984 342.6298828125 342.459503173828
335.024475097656 335.57861328125 336.112762451172 336.293914794922 336.26611328125 336.709594726562 335.979858398438 332.833282470703 329.234558105469 332.094573974609 335.779632568359 336.478424072266 336.87744140625 332.708618164062 325.220336914062 326.461242675781 328.82666015625 336.248962402344 331.478057861328 330.369262695312 331.754669189453 332.542449951172 337.828125 336.209503173828 335.920532226562 338.209075927734 338.525482177734 337.609130859375 338.011749267578 338.714996337891 339.867797851562 339.478759765625 339.655456542969 340.241271972656 340.669067382812 341.087799072266 341.852172851562 341.427764892578 342.047698974609 341.87744140625 342.198608398438 342.231262207031 342.247436523438 342.263488769531 342.392242431641 342.59423828125 342.150390625 341.895050048828 342.342071533203
334.690216064453 335.385101318359 335.519592285156 335.770843505859 335.910461425781 336.509521484375 335.022613525391 330.18994140625 329.812622070312 332.6787109375 335.526031494141 336.764343261719 336.995086669922 333.017303466797 323.578460693359 323.190765380859 328.770751953125 336.905639648438 321.714691162109 323.444580078125 328.517456054688 332.465148925781 337.077575683594 336.1279296875 335.919830322266 338.199890136719 338.645202636719 337.823974609375 337.813903808594 338.352630615234 339.332366943359 338.878509521484 338.928466796875 340.353546142578 341.090301513672 341.226776123047 341.43212890625 341.418914794922 342.158081054688 342.174743652344 342.191284179688 342.224029541016 342.240234375 342.256317138672 342.272308349609 342.288177490234 342.193145751953 342.021423339844 342.335113525391
334.355072021484 334.186950683594 334.347564697266 335.4375 335.759887695312 336.015960693359 333.899047851562 327.570922851562 328.512268066406 332.035675048828 335.03271484375 336.077087402344 336.391448974609 335.905364990234 331.91650390625 330.077575683594 333.447326660156 336.868377685547 322.709716796875 323.227752685547 325.643188476562 329.410522460938 336.347686767578 337.581268310547 337.173095703125 338.031372070312 338.238647460938 337.941497802734 337.924652099609 337.763824462891 337.723419189453 337.368225097656 338.198822021484 340.344604492188 341.241607666016 341.671875 341.531524658203 341.410064697266 342.150695800781 342.167388916016 342.183990478516 342.058197021484 341.649475097656 341.822631835938 342.106658935547 341.851379394531 342.296875 342.312561035156 342.328125
334.061553955078 333.548034667969 334.223114013672 335.215850830078 335.962768554688 335.654357910156 334.472045898438 327.933990478516 326.961456298828 329.914337158203 334.886688232422 335.770690917969 336.308044433594 336.650085449219 336.243103027344 335.367858886719 336.000305175781 336.568481445312 326.361846923828 321.422424316406 320.756103515625 322.711242675781 331.589324951172 337.177764892578 336.687835693359 336.224273681641 336.556091308594 337.532073974609 337.827850341797 337.496948242188 333.245025634766 335.14404296875 339.262603759766 340.74658203125 341.352233886719 341.934509277344 341.576721191406 341.817810058594 342.143310546875 342.317779541016 342.597717285156 342.096221923828 341.80908203125 341.781097412109 341.875640869141 342.245208740234 341.857788085938 342.305541992188 342.321136474609
333.681396484375 333.517822265625 334.024749755859 335.020385742188 335.978088378906 334.923706054688 334.141387939453 330.734832763672 327.080688476562 329.309051513672 334.876831054688 335.896087646484 336.621520996094 336.482025146484 335.983306884766 335.839569091797 336.378387451172 336.588165283203 322.716033935547 317.437194824219 314.411987304688 316.185394287109 322.4052734375 329.155487060547 333.755523681641 334.647552490234 336.030975341797 337.767150878906 338.347137451172 337.996704101562 336.044342041016 337.916748046875 340.31005859375 341.050323486328 341.343322753906 341.810028076172 341.219146728516 341.701843261719 342.135925292969 342.267669677734 342.476654052734 341.620910644531 341.635711669922 341.695617675781 342.214599609375 342.890747070312 341.824554443359 341.864135742188 342.470520019531
333.135681152344 333.417388916016 333.103637695312 335.062377929688 335.241271972656 333.545349121094 328.368438720703 329.932861328125 330.766204833984 331.104797363281 332.799987792969 335.344696044922 336.229034423828 336.340515136719 335.652282714844 335.804016113281 335.828643798828 333.962127685547 325.139739990234 320.957061767578 318.791473388672 314.969635009766 318.546997070312 324.942749023438 333.704376220703 334.759582519531 337.421539306641 338.600830078125 338.813110351562 338.794891357422 340.110748291016 340.478302001953 340.711669921875 341.042724609375 341.334411621094 341.803894042969 341.094573974609 341.383514404297 342.128540039062 342.145324707031 342.006225585938 341.195068359375 341.21142578125 341.338409423828 341.768127441406 342.131500244141 342.167175292969 -3.4e+38 342.414154052734
332.779266357422 333.723236083984 334.072235107422 334.939758300781 332.746124267578 329.159118652344 325.873657226562 324.952056884766 332.44580078125 332.398773193359 332.940032958984 334.876495361328 335.895721435547 336.332702636719 335.485656738281 335.276092529297 335.420684814453 333.883056640625 330.862243652344 327.388610839844 329.321533203125 326.067474365234 328.962554931641 332.234161376953 336.159790039062 336.197814941406 338.171752929688 338.909973144531 338.928192138672 339.224029541016 339.418121337891 339.7099609375 340.606536865234 341.03515625 341.170135498047 341.382385253906 341.087097167969 341.219543457031 341.546234130859 341.561676025391 341.463745117188 341.187835693359 341.358856201172 341.804260253906 341.821990966797 341.948272705078 342.268585205078 342.284423828125 342.300140380859
333.159271240234 334.320861816406 335.04931640625 333.884094238281 330.332550048828 324.955627441406 325.766021728516 321.261108398438 329.993835449219 332.414489746094 334.712799072266 335.249908447266 335.886016845703 336.324890136719 335.345550537109 334.786071777344 335.285705566406 335.693939208984 330.532257080078 325.013702392578 327.813751220703 328.330230712891 329.620056152344 329.780212402344 330.495025634766 330.958160400391 332.067138671875 337.691955566406 338.765075683594 338.498596191406 339.129425048828 339.831390380859 340.69482421875 341.027587890625 340.890533447266 340.646453857422 341.079620361328 341.096740722656 341.113739013672 341.130645751953 341.147399902344 341.180572509766 341.307373046875 341.783416748047 342.2294921875 342.092132568359 341.826690673828 342.124084472656 341.854888916016
333.617218017578 334.6376953125 334.920593261719 333.615661621094 331.848083496094 328.472381591797 324.993804931641 317.956237792969 327.573364257812 329.575805664062 334.297668457031 335.339935302734 336.103729248047 335.931457519531 335.337829589844 334.646087646484 335.109039306641 336.075592041016 330.645751953125 321.05322265625 320.77099609375 321.731018066406 322.453521728516 323.391052246094 323.977355957031 323.951965332031 324.298522949219 329.808319091797 331.226470947266 335.491516113281 339.240386962891 340.257385253906 341.002410888672 340.8662109375 340.352264404297 340.170715332031 340.500732421875 340.669830322266 341.106353759766 340.970153808594 340.562927246094 340.746002197266 341.037048339844 340.884674072266 341.637634277344 341.697021484375 342.101348876953 342.601470947266 341.982360839844
333.606842041016 334.468353271484 334.836486816406 334.606628417969 334.064056396484 332.026428222656 324.298431396484 318.100830078125 328.414916992188 330.418518066406 333.601959228516 335.520904541016 336.131805419922 335.211669921875 335.486297607422 334.713714599609 334.294494628906 336.001556396484 333.768585205078 328.055084228516 326.571472167969 328.169555664062 327.385528564453 324.472381591797 325.111938476562 325.260162353516 322.839172363281 324.932250976562 324.678344726562 336.162689208984 339.641204833984 339.942047119141 340.016418457031 340.32861328125 340.029968261719 340.047393798828 340.217254638672 340.768249511719 340.946655273438 340.276000976562 339.7080078125 340.855865478516 340.921478271484 340.307434082031 340.782318115234 341.489685058594 342.504821777344 343.006591796875 342.279022216797
333.596496582031 334.318756103516 334.479248046875 334.689819335938 334.382507324219 332.221649169922 324.498840332031 326.632598876953 332.005920410156 333.911743164062 334.163665771484 335.681335449219 335.295227050781 334.103820800781 335.608947753906 335.082641601562 334.127380371094 335.122741699219 335.186889648438 335.022155761719 334.494537353516 334.149230957031 330.836578369141 326.818328857422 329.148498535156 330.467437744141 325.666351318359 322.268493652344 321.294830322266 332.890563964844 339.951416015625 339.69921875 339.104187011719 339.590240478516 340.022430419922 340.039886474609 340.171295166016 340.502258300781 340.253967285156 339.421691894531 339.387603759766 340.579315185547 340.485595703125 340.342315673828 340.899200439453 341.48095703125 342.345855712891 342.5625 342.27197265625
333.492431640625 333.083953857422 333.833984375 333.65283203125 333.611328125 331.176696777344 323.883850097656 332.531524658203 333.087554931641 333.778686523438 334.798431396484 335.243469238281 333.955169677734 332.132202148438 332.048919677734 333.938934326172 333.914672851562 334.933654785156 334.077758789062 333.535430908203 335.957305908203 334.664978027344 332.634552001953 331.494293212891 331.436218261719 335.10986328125 328.317199707031 325.331085205078 333.391876220703 338.899688720703 338.373840332031 338.390563964844 338.557739257812 339.140167236328 339.689361572266 340.288787841797 -3.4e+38 340.481384277344 340.076751708984 340.243255615234 340.796539306641 340.831451416016 341.160797119141 341.325927734375 341.776947021484 342.153717041016 343.121429443359 342.830017089844 342.699584960938
332.513793945312 330.857879638672 333.641693115234 332.568359375 331.655914306641 332.476898193359 327.023101806641 329.445892333984 332.748992919922 333.768890380859 334.633972167969 334.541748046875 332.142730712891 327.102661132812 325.636993408203 333.367401123047 334.295867919922 334.924255371094 333.413482666016 331.393096923828 335.053344726562 335.693725585938 335.212493896484 336.319946289062 334.802093505859 -3.4e+38 327.921417236328 327.761352539062 337.583404541016 338.741424560547 337.928375244141 337.946411132812 338.229675292969 339.246551513672 339.999816894531 340.279907226562 341.034820556641 340.79150390625 340.0693359375 340.345184326172 341.251770019531 341.136932373047 341.301422119141 341.710113525391 341.603363037109 341.722778320312 342.046478271484 342.353424072266 343.148406982422
331.735321044922 330.391998291016 332.927459716797 332.460998535156 330.645874023438 331.544464111328 328.866668701172 322.394287109375 327.775360107422 333.759124755859 334.492492675781 334.096038818359 330.751342773438 323.275848388672 322.308959960938 331.752288818359 335.158569335938 335.307006835938 334.134704589844 331.383361816406 332.525909423828 335.334655761719 336.150024414062 -3.4e+38 336.912445068359 -3.4e+38 327.057312011719 330.994873046875 338.307800292969 338.206970214844 338.070037841797 338.352508544922 338.220764160156 339.237640380859 339.992309570312 340.122650146484 340.605987548828 340.933471679688 340.486450195312 340.336364746094 341.204925537109 341.560699462891 341.252807617188 341.622619628906 341.761901855469 341.779754638672 341.797485351562 342.020263671875 342.654632568359
331.050903320312 331.035675048828 329.870513916016 327.246734619141 331.594818115234 330.607391357422 328.423858642578 317.761016845703 320.859039306641 330.913238525391 333.331268310547 331.372467041016 329.593444824219 325.516265869141 321.186676025391 328.211853027344 335.606414794922 335.62646484375 333.834350585938 330.272430419922 331.081481933594 334.999237060547 336.017639160156 336.763610839844 -3.4e+38 -3.4e+38 332.877319335938 335.892333984375 338.007110595703 338.137298583984 337.764892578125 338.815795898438 338.775726318359 339.793914794922 -3.4e+38 340.570251464844 340.700622558594 -3.4e+38 340.944610595703 340.754241943359 341.088684082031 341.583892822266 341.718353271484 341.841583251953 342.026428222656 341.749755859375 342.204498291016 342.220581054688 342.236541748047
330.456390380859 327.966796875 321.677032470703 320.182434082031 329.532257080078 331.272338867188 329.661071777344 317.321716308594 320.043609619141 330.677703857422 329.345336914062 321.753082275391 319.912261962891 324.618682861328 327.910308837891 329.145263671875 332.073394775391 335.769317626953 333.547729492188 329.951538085938 331.607788085938 331.895263671875 335.207336425781 336.905151367188 -3.4e+38 -3.4e+38 337.257751464844 337.275360107422 337.559143066406 338.075866699219 338.11083984375 338.361206054688 338.639343261719 339.654937744141 -3.4e+38 340.427307128906 340.443481445312 -3.4e+38 -3.4e+38 341.064270019531 -3.4e+38 341.798797607422 342.131744384766 342.148284912109 341.916351318359 341.284118652344 341.75634765625 342.213439941406 342.229431152344
329.550262451172 323.859191894531 319.427978515625 319.694610595703 325.175048828125 331.030151367188 329.716125488281 320.860076904297 323.807678222656 331.137115478516 323.929534912109 314.403106689453 309.462158203125 317.4345703125 329.5947265625 332.825805664062 332.226928710938 335.886688232422 334.750122070312 332.151275634766 330.308044433594 328.04541015625 332.135681152344 336.868804931641 337.391265869141 337.596038818359 336.952972412109 337.379455566406 337.664459228516 338.271697998047 338.368774414062 338.331115722656 338.194030761719 339.2109375 339.823638916016 339.420104980469 339.727508544922 340.702056884766 341.039672851562 341.056854248047 341.073944091797 342.107727050781 342.124450683594 342.141052246094 341.910675048828 341.173889160156 341.434936523438 342.206268310547 342.222320556641
327.828857421875 321.467132568359 318.702972412109 317.607818603516 323.034820556641 329.46240234375 328.549072265625 325.329895019531 327.128356933594 329.880249023438 321.084777832031 311.832611083984 306.108215332031 316.038726806641 327.168609619141 333.688140869141 334.4658203125 335.877349853516 335.367431640625 332.997894287109 328.663543701172 329.463897705078 332.558166503906 336.887756347656 337.698852539062 338.244079589844 337.062866210938 337.668670654297 337.688659667969 338.736968994141 338.565063476562 338.794342041016 338.602386474609 339.056610107422 339.430206298828 339.401824951172 339.506805419922 341.014923095703 341.032257080078 341.049468994141 341.066589355469 341.666870117188 342.117156982422 342.1337890625 341.904968261719 341.166687011719 341.283996582031 341.613037109375 341.769195556641
326.129211425781 322.668609619141 317.830871582031 315.744903564453 324.500305175781 328.3203125 328.341888427734 325.773284912109 325.604949951172 322.579071044922 321.591247558594 314.570922851562 311.807556152344 322.953704833984 331.749450683594 334.093566894531 334.517333984375 335.867980957031 335.607788085938 332.500305175781 329.626251220703 333.948394775391 335.871795654297 337.402557373047 337.870483398438 337.9794921875 337.461212158203 337.837127685547 338.172637939453 338.845428466797 338.736938476562 338.484344482422 339.063598632812 339.500671386719 339.630920410156 339.862121582031 339.920684814453 341.007446289062 341.024841308594 341.042083740234 341.059204101562 341.197692871094 341.673980712891 342.126525878906 342.040924072266 341.600677490234 341.175750732422 341.191955566406 -3.4e+38
