rcp4.5models/GFDL_CM3/sc1gr0.11
NCOLS 261 
NROWS 433 
XLLCORNER 336357.134 
YLLCORNER 654653.479 
CELLSIZE 1000 
NODATA_value -3.4e+38 
[rows 176 to 197 of 433, columns 49 to 97 of 261]
79.5920181274414 79.7292327880859 79.8412170410156 79.864143371582 80.0334701538086 80.2016525268555 80.1878128051758 80.4247970581055 80.6216354370117 80.722282409668 80.790153503418 80.8874969482422 81.2040557861328 81.2724533081055 81.1465454101562 81.3447723388672 81.4482727050781 81.4387435913086 81.6305084228516 81.6263885498047 81.8286514282227 81.9065093994141 82.0960693359375 82.1873245239258 82.2405471801758 82.3357086181641 82.5055084228516 82.6367721557617 82.7531127929688 82.8279266357422 82.916259765625 83.0110244750977 83.1967849731445 83.3060989379883 83.3729782104492 83.2760925292969 83.4481658935547 83.4873123168945 83.4019012451172 83.4241333007812 83.4645690917969 83.5934371948242 83.5761184692383 83.4752655029297 83.5678787231445 83.7644424438477 83.8226699829102 83.7432479858398 83.6956558227539
79.7415313720703 79.7667617797852 79.9369354248047 79.9328384399414 80.1791458129883 80.2618026733398 80.3175354003906 80.6303863525391 80.743034362793 80.7832717895508 80.7981338500977 80.8336944580078 81.0233840942383 81.1220626831055 81.1998596191406 81.2789916992188 81.3816757202148 81.4949645996094 81.7491836547852 81.7765808105469 81.9395294189453 82.0351257324219 82.2089385986328 82.3084335327148 82.292724609375 82.3137435913086 82.5363235473633 82.6986999511719 82.7992553710938 82.9986419677734 83.0248565673828 83.0732955932617 83.2879409790039 83.3559951782227 83.2551574707031 83.3041915893555 83.3792495727539 83.3711090087891 83.523681640625 83.5659637451172 83.6149444580078 83.7113494873047 83.5896682739258 83.5947341918945 83.5618438720703 83.6544570922852 83.7886657714844 83.7743606567383 83.7071151733398
79.9211349487305 80.1089096069336 79.986442565918 80.126106262207 80.4137191772461 80.2847518920898 80.3798751831055 80.6599197387695 80.8351135253906 80.9413604736328 81.0195159912109 81.0021209716797 81.0767288208008 81.1830825805664 81.3759460449219 81.3502044677734 81.2841339111328 81.3907165527344 81.7836151123047 81.9290084838867 81.9595947265625 82.1150894165039 82.1738357543945 82.3087844848633 82.4852294921875 82.3946685791016 82.5315093994141 82.6764068603516 82.7636337280273 83.0834884643555 83.1324615478516 83.0339431762695 83.1767578125 83.3720016479492 83.1245040893555 83.3718643188477 83.2660903930664 83.4092178344727 83.630859375 83.7354888916016 83.7706909179688 83.8212127685547 83.7099151611328 83.7285461425781 83.6449356079102 83.6543502807617 83.8266067504883 83.8894119262695 83.7842025756836
80.0948867797852 80.1931076049805 80.243049621582 80.4325561523438 80.4669876098633 80.4302749633789 80.6188354492188 80.7238845825195 80.8220825195312 81.0060195922852 81.0361633300781 81.0660400390625 81.301643371582 81.3067398071289 81.4760360717773 81.5679168701172 81.5811157226562 81.5314865112305 81.9892272949219 82.0850677490234 82.0692901611328 82.1498718261719 82.2431488037109 82.3735122680664 82.6269912719727 82.5441665649414 82.6452865600586 82.7916564941406 82.7615737915039 83.0905151367188 83.1389389038086 82.9785614013672 83.0898742675781 83.1943206787109 83.1312561035156 83.2969741821289 83.2970352172852 83.499870300293 83.7001876831055 83.7048645019531 83.7179870605469 83.7197418212891 83.71875 83.8285140991211 83.8302917480469 83.8215179443359 83.8365936279297 83.879264831543 83.8725891113281
80.2461624145508 80.4308090209961 80.4515762329102 80.596923828125 80.5696411132812 80.6198959350586 80.88330078125 80.9521560668945 81.0296173095703 81.0475616455078 81.2466049194336 81.2050933837891 81.4248275756836 81.348518371582 81.4046173095703 81.6636962890625 81.6875839233398 81.8221054077148 81.987922668457 82.0996246337891 82.133171081543 82.1910705566406 82.4256439208984 82.3650741577148 82.4552764892578 82.6747055053711 82.8101425170898 82.7723999023438 82.7500915527344 83.0154495239258 82.9608383178711 82.9557113647461 83.0859680175781 83.1220932006836 -3.4e+38 83.2715225219727 83.4880752563477 83.5482788085938 83.7589569091797 83.7387542724609 83.6474533081055 83.6355438232422 83.6853790283203 83.7677764892578 83.8437728881836 83.8895721435547 83.8259735107422 83.8962326049805 83.9756240844727
80.3354721069336 80.5599136352539 80.6012420654297 80.6936187744141 80.7558135986328 80.8507919311523 80.9172592163086 81.1059646606445 81.2796020507812 81.2999877929688 81.4322280883789 81.5780181884766 81.6393051147461 81.6253051757812 81.531135559082 81.6374588012695 81.6839981079102 81.8303146362305 82.0755081176758 82.138801574707 82.2492065429688 82.3344345092773 82.5122146606445 82.4719848632812 82.5767288208008 82.7852401733398 82.8544311523438 82.8919067382812 82.9465484619141 83.0940093994141 83.1534194946289 83.1258392333984 83.162727355957 83.2737808227539 83.2344436645508 83.4317398071289 83.5175399780273 83.5713119506836 83.5885696411133 83.5710906982422 83.6132049560547 83.6363525390625 83.7121429443359 83.7734985351562 83.7990875244141 83.9449234008789 83.9034652709961 83.9141387939453 83.9959030151367
80.6488800048828 80.8278884887695 80.7724990844727 80.8962326049805 80.9660339355469 81.0170211791992 81.0967559814453 81.3876342773438 81.4921340942383 81.6541900634766 81.5519409179688 81.7423629760742 81.84033203125 81.88671875 81.8557968139648 81.8948974609375 81.7353439331055 81.827392578125 82.1237640380859 82.2786560058594 82.3830184936523 82.3671188354492 82.5508422851562 82.4786911010742 82.6039657592773 82.7780990600586 82.8683776855469 83.0663986206055 83.0781631469727 83.1998443603516 83.1939849853516 83.2339019775391 83.2541732788086 83.4341278076172 83.418815612793 83.439582824707 83.5099639892578 83.5793762207031 83.5237197875977 83.462287902832 83.5741119384766 83.629638671875 83.7086944580078 83.777458190918 83.8001937866211 83.9784774780273 83.9463272094727 83.9154663085938 84.0139617919922
80.9244079589844 81.0048370361328 80.9645309448242 -3.4e+38 81.1572265625 81.2285995483398 81.3998870849609 81.5000762939453 81.5692825317383 81.8015441894531 81.557975769043 81.783821105957 81.8349685668945 81.9153213500977 82.0291748046875 82.0722961425781 81.7763900756836 81.8891372680664 82.1296234130859 82.2105941772461 82.2883834838867 82.2885055541992 82.372444152832 82.5232925415039 82.5352096557617 82.7194442749023 82.8834228515625 82.9357986450195 -3.4e+38 83.1328506469727 82.9650955200195 83.2755661010742 83.2439575195312 83.3114166259766 83.3337020874023 83.3922576904297 83.5041198730469 83.5006790161133 83.5846786499023 83.6269302368164 83.6761169433594 83.7248458862305 83.7958908081055 83.8470077514648 83.8582229614258 83.9330673217773 83.9512100219727 83.9503860473633 84.014892578125
80.9871520996094 81.0547256469727 81.1282272338867 81.3494262695312 81.3733291625977 81.3847274780273 81.4264755249023 81.7373428344727 81.8231658935547 81.9955825805664 81.9234313964844 81.8978576660156 81.9067077636719 82.1413650512695 82.1303482055664 82.0800247192383 81.9158782958984 81.9756851196289 82.2139205932617 82.3188552856445 82.3990859985352 82.3421936035156 82.4364242553711 82.5758285522461 82.5779342651367 82.7046127319336 82.7684631347656 82.8987579345703 82.904670715332 83.0237045288086 83.1170883178711 83.2932739257812 83.2169494628906 83.2528228759766 83.4397354125977 83.5100326538086 -3.4e+38 83.5525817871094 83.5731201171875 83.7553176879883 83.7432708740234 83.8215637207031 83.8418350219727 83.8911056518555 83.9452209472656 83.8124847412109 83.9017028808594 83.9346694946289 84.0405044555664
81.388069152832 81.223518371582 81.3269805908203 81.6465606689453 81.549919128418 81.7750930786133 81.9560012817383 81.7912292480469 81.9022064208984 82.0608978271484 82.2704696655273 82.2590179443359 82.2961730957031 82.4982147216797 82.278205871582 82.1884002685547 82.1414260864258 82.4861602783203 82.5063629150391 82.5770111083984 82.6548233032227 82.687141418457 82.5659484863281 82.7152328491211 82.785758972168 82.719482421875 82.8240356445312 82.8985595703125 83.2051544189453 83.2394638061523 83.283935546875 83.3955383300781 83.4550933837891 83.5397262573242 83.5178070068359 83.5851516723633 83.691032409668 83.7439880371094 83.7887496948242 83.7935028076172 83.8701934814453 84.039192199707 83.8510971069336 83.8786315917969 83.8448791503906 83.8508834838867 83.7416229248047 83.7913589477539 83.9253997802734
81.4025192260742 81.5257110595703 81.5840377807617 81.6293258666992 81.7356719970703 81.8347625732422 82.0172119140625 81.9779891967773 82.0334625244141 82.1580200195312 82.3721008300781 82.5329895019531 82.5302200317383 82.5988845825195 82.4563446044922 82.3467483520508 82.3640060424805 82.6036605834961 -3.4e+38 82.6300277709961 82.720832824707 82.8379974365234 82.8086547851562 82.8195571899414 82.9658660888672 82.8367385864258 83.0609436035156 83.0236663818359 83.0831298828125 83.3588790893555 -3.4e+38 83.4248504638672 83.4107284545898 83.4709854125977 83.5387496948242 83.5537261962891 83.6661987304688 83.7748718261719 83.7642974853516 -3.4e+38 83.8876876831055 83.8510360717773 83.8345260620117 83.8376159667969 83.8547973632812 83.8757781982422 83.8054122924805 83.8386611938477 84.0178985595703
81.5343551635742 81.7543792724609 81.6785430908203 81.6475067138672 81.8489685058594 81.7193222045898 81.849983215332 82.1503067016602 82.2009658813477 82.0953369140625 82.2509155273438 82.5806427001953 82.4507827758789 82.5035400390625 82.5296020507812 82.4344482421875 82.5530395507812 82.6765365600586 82.5875473022461 82.6681747436523 82.7165145874023 82.8842315673828 83.0311660766602 83.0002822875977 83.0654907226562 83.055778503418 83.2533569335938 83.3033142089844 83.1379699707031 -3.4e+38 -3.4e+38 -3.4e+38 -3.4e+38 83.517822265625 83.5530090332031 83.560302734375 83.6463012695312 83.7379760742188 83.7261276245117 83.8022842407227 83.8288116455078 83.8154449462891 83.8303451538086 83.801399230957 83.80126953125 83.8013305664062 83.9146728515625 83.8772888183594 83.9937973022461
81.4215469360352 81.5970001220703 81.5188903808594 81.57275390625 81.8836898803711 81.8937301635742 81.871940612793 82.0953674316406 82.3029556274414 82.2750701904297 82.3657150268555 82.6960296630859 82.5471572875977 82.4872741699219 82.6342239379883 82.4308776855469 82.5926666259766 82.8656768798828 82.7864151000977 82.9042129516602 82.9174880981445 83.0246276855469 83.1104507446289 83.0815353393555 83.1594848632812 83.1894912719727 83.2500762939453 83.3142623901367 83.4086990356445 -3.4e+38 -3.4e+38 -3.4e+38 -3.4e+38 83.6301345825195 83.5903778076172 83.6248474121094 83.6563873291016 83.7320251464844 83.8128280639648 83.8159255981445 83.7221527099609 83.7966690063477 83.9254837036133 83.8366165161133 83.8283615112305 83.8365707397461 83.8315811157227 83.7990951538086 83.8656616210938
81.5222778320312 81.6712188720703 81.5534973144531 81.7676391601562 -3.4e+38 82.025260925293 82.0502853393555 82.1861953735352 82.34716796875 82.4921264648438 82.5358581542969 82.702278137207 82.633918762207 82.6828460693359 82.7776184082031 82.6981735229492 82.7890014648438 82.927864074707 82.9146499633789 82.9181060791016 83.0049438476562 83.1779861450195 83.1403732299805 83.1070327758789 83.1489562988281 83.2964248657227 83.2716369628906 83.2998657226562 -3.4e+38 -3.4e+38 83.5907745361328 83.5730819702148 -3.4e+38 -3.4e+38 83.6435241699219 83.6815719604492 83.6624374389648 83.7548751831055 83.7643661499023 83.7748794555664 83.7341232299805 83.7666931152344 83.809944152832 83.7359466552734 83.8202056884766 83.8661956787109 83.8415298461914 83.8118896484375 83.8007888793945
81.7344741821289 81.7946624755859 81.8770294189453 82.0908889770508 82.1322326660156 82.2206497192383 82.1209487915039 82.4412460327148 82.566032409668 82.5230865478516 82.6575317382812 82.683952331543 82.6646270751953 82.7281265258789 82.8384017944336 82.8647613525391 82.8700180053711 83 83.0112609863281 83.0681228637695 83.092529296875 83.1346817016602 83.1670227050781 83.2683715820312 83.3843307495117 83.4313049316406 83.3460693359375 83.4560165405273 83.5350494384766 83.5536880493164 83.6680679321289 83.6353988647461 83.5718231201172 83.6261978149414 83.7079696655273 83.71142578125 83.6901779174805 83.7430114746094 83.8167266845703 83.9177093505859 83.925666809082 83.8648300170898 83.7686614990234 83.8360595703125 83.9056167602539 83.9011001586914 83.9633712768555 83.9453353881836 83.8301696777344
81.7917098999023 81.8196411132812 81.9840927124023 82.1520767211914 82.2456665039062 82.2541122436523 82.1609649658203 82.4605178833008 82.6098327636719 82.6435241699219 82.7588195800781 82.9297866821289 82.7634124755859 82.7034683227539 82.8410568237305 82.8886871337891 82.887565612793 83.0222625732422 83.1942749023438 83.2269058227539 83.2084045410156 83.230842590332 83.4079971313477 83.407600402832 83.4477844238281 83.4784774780273 83.403205871582 83.6512832641602 83.7629318237305 83.6862106323242 83.6783065795898 83.7899780273438 83.787712097168 83.7790603637695 83.8163909912109 83.751594543457 83.7378311157227 83.8315734863281 83.8181762695312 83.9513473510742 84.0746078491211 83.990348815918 83.8190612792969 83.9520721435547 84.0060195922852 84.0016784667969 83.9849319458008 83.9800796508789 83.8963088989258
81.8612060546875 81.9223937988281 81.9977493286133 82.0453720092773 82.2581787109375 82.2564926147461 82.2902069091797 82.4385528564453 82.6399765014648 82.7723770141602 82.8236694335938 82.8826065063477 82.895866394043 82.9230346679688 83.0469589233398 83.0571060180664 83.052001953125 83.0565643310547 83.1369705200195 83.2639007568359 83.306396484375 83.3884124755859 83.5420989990234 83.4876708984375 83.4636077880859 83.6176071166992 83.5900802612305 83.6331176757812 83.8370513916016 83.7155380249023 83.7038879394531 83.8610610961914 83.9164047241211 83.9139938354492 83.8905715942383 83.8721160888672 83.845344543457 83.9529266357422 83.8739242553711 83.9811859130859 84.1252822875977 83.9185791015625 83.9508819580078 84.0071487426758 83.9524230957031 83.9560623168945 83.9575805664062 84.0303039550781 83.9350662231445
81.9358673095703 81.9783706665039 82.0880279541016 82.1397705078125 82.2434234619141 82.2464141845703 82.4546356201172 82.4864654541016 82.6388854980469 82.7150421142578 82.8636245727539 82.9386901855469 83.1239471435547 83.0353469848633 83.0327606201172 83.2053527832031 83.2364196777344 83.2243118286133 83.3432693481445 83.3750457763672 83.4716873168945 83.581298828125 83.4902496337891 83.4839019775391 83.5110321044922 83.5997467041016 83.7079696655273 83.7708206176758 83.818359375 83.8769607543945 83.9067611694336 83.8156585693359 83.9255599975586 83.9804992675781 83.9776763916016 83.9030609130859 83.7660446166992 83.8576889038086 84.0338134765625 84.0605926513672 84.0204238891602 83.9274520874023 84.0842971801758 84.103515625 84.004020690918 83.9780654907227 83.9540023803711 83.9982681274414 83.9231872558594
81.9538879394531 81.9954605102539 82.1680221557617 82.1850280761719 82.2419967651367 82.4401397705078 82.6062774658203 82.5176467895508 82.6935043334961 82.7581024169922 82.9114379882812 83.1071395874023 83.1254653930664 83.0467071533203 83.001579284668 83.1425552368164 83.1328582763672 83.3390655517578 83.5519332885742 83.5758514404297 83.746208190918 83.6972274780273 83.6173706054688 83.5987548828125 83.5678787231445 83.6210479736328 83.8372116088867 83.8600006103516 83.7827529907227 83.9262161254883 84.0473403930664 84.0351104736328 83.9715270996094 84.0288009643555 84.0056076049805 83.8803787231445 83.8212432861328 83.8614501953125 84.1166305541992 84.0649032592773 83.991096496582 84.0774841308594 84.0464935302734 84.088737487793 84.163215637207 84.1415100097656 84.0907516479492 84.0278244018555 83.9563903808594
-3.4e+38 82.1486053466797 82.2698822021484 82.363655090332 82.4350051879883 82.5232543945312 82.4607391357422 82.5086898803711 82.7060623168945 82.9097518920898 83.0012359619141 83.1244201660156 83.1354904174805 83.1308822631836 83.1536407470703 83.1589202880859 83.1209487915039 83.3408050537109 83.4170303344727 83.6635665893555 83.8937225341797 83.7134323120117 83.7269287109375 83.7756500244141 83.7254104614258 83.8222732543945 83.9134063720703 83.9256820678711 83.8759231567383 83.9558639526367 84.0897598266602 84.3987655639648 84.1007614135742 84.1368103027344 84.0426864624023 83.938591003418 84.0048904418945 83.9226455688477 83.9479598999023 -3.4e+38 84.1044158935547 84.0595092773438 84.0240325927734 84.1243743896484 84.2220077514648 84.2222290039062 84.2113037109375 84.1176528930664 84.1313171386719
-3.4e+38 82.1843948364258 82.3493423461914 82.3404998779297 82.3770065307617 82.5331802368164 82.5396423339844 82.8256530761719 82.752555847168 82.8607177734375 82.969108581543 83.014518737793 83.0450973510742 83.0342559814453 83.0292587280273 83.1051864624023 83.2975769042969 83.3118362426758 83.5018920898438 83.5605316162109 83.6666870117188 83.7184753417969 83.6115646362305 83.6831207275391 83.671501159668 83.7245025634766 83.9045562744141 84.0595703125 84.1626815795898 84.1524505615234 84.1858901977539 84.203498840332 84.2425079345703 84.2805404663086 84.1615295410156 84.1124877929688 84.0739364624023 84.1440353393555 84.0504379272461 -3.4e+38 84.0822219848633 84.1948547363281 84.3110885620117 84.2479705810547 -3.4e+38 84.0475311279297 84.0156936645508 84.1315612792969 84.3177642822266
82.3988037109375 82.2980575561523 82.3477096557617 82.3654327392578 82.4891128540039 82.6200256347656 82.6482315063477 82.7516098022461 82.8088989257812 82.8029556274414 82.8395309448242 82.9335632324219 82.9865875244141 82.98193359375 83.0183563232422 83.1442642211914 83.3349151611328 83.4067535400391 83.5425567626953 83.632568359375 83.7236709594727 83.7750549316406 83.6339340209961 83.7985610961914 83.7748184204102 83.7991027832031 83.8748931884766 84.0383605957031 84.1626663208008 84.3160934448242 84.2864608764648 84.29931640625 84.3577728271484 84.2861480712891 84.1403121948242 84.1212310791016 84.1795806884766 84.1615524291992 84.0490264892578 84.2550888061523 84.2515563964844 84.1668014526367 84.144905090332 84.252685546875 84.157585144043 84.1242904663086 84.154182434082 84.2578582763672 84.3346939086914
