rcp4.5models/GFDL_CM3/sc1gr2.25
NCOLS 261 
NROWS 433 
XLLCORNER 336357.134 
YLLCORNER 654653.479 
CELLSIZE 1000 
NODATA_value -3.4e+38 
[rows 154 to 175 of 433, columns 98 to 146 of 261]
346.265014648438 346.074645996094 345.286254882812 345.307281494141 345.317657470703 345.327850341797 345.337799072266 345.347473144531 345.443450927734 345.76953125 345.690612792969 345.382232666016 345.389770507812 345.305145263672 344.409851074219 344.415832519531 344.285766601562 343.841674804688 343.750244140625 343.437255859375 343.442138671875 343.307098388672 342.871459960938 342.876953125 342.778503417969 342.464691162109 342.042510986328 342.223846435547 341.481201171875 341.485198974609 341.489135742188 341.344207763672 340.963500976562 341.070129394531 341.187927246094 341.508117675781 341.395050048828 341.364196777344 340.957061767578 339.575714111328 337.238037109375 340.374267578125 339.849151611328 339.538757324219 339.541778564453 339.382873535156 338.986328125 338.989410400391 338.864990234375
345.601745605469 345.657684326172 345.839691162109 345.253601074219 345.263885498047 345.146911621094 344.811828613281 345.29345703125 345.302734375 345.311676025391 -3.4e+38 345.328247070312 345.335906982422 345.343109130859 344.356414794922 344.226989746094 343.686065673828 343.374114990234 343.379547119141 343.384765625 343.389862060547 -3.4e+38 342.838165283203 342.404266357422 342.408874511719 342.413391113281 341.959289550781 341.744171142578 341.430755615234 341.434936523438 341.439117431641 341.181793212891 340.560485839844 341.032989501953 341.303619384766 341.044067382812 341.463134765625 340.786071777344 340.474517822266 339.873413085938 338.910491943359 340.362426757812 340.051452636719 340.054260253906 339.895935058594 339.209869384766 338.501434326172 338.504302978516 338.509613037109
345.767425537109 -3.4e+38 345.572021484375 345.199310302734 345.209503173828 345.006774902344 344.315216064453 344.770050048828 345.248107910156 345.257019042969 345.265533447266 345.273681640625 345.281402587891 345.288757324219 344.302368164062 344.212829589844 343.763580322266 343.320617675781 343.326232910156 343.331665039062 343.336944580078 343.201202392578 342.664886474609 342.351959228516 342.356781005859 342.361480712891 341.688354492188 341.375244140625 341.379730224609 341.384124755859 341.239776611328 340.709838867188 340.246765136719 340.249542236328 341.138061523438 340.679168701172 341.413940429688 340.422058105469 340.426025390625 340.429931640625 340.433776855469 340.437561035156 340.441253662109 340.44482421875 340.161102294922 339.324798583984 338.852416992188 338.458099365234 338.857421875
346.103393554688 346.033050537109 345.604614257812 345.144439697266 345.154541015625 345.078948974609 344.644012451172 344.271209716797 344.596435546875 344.738220214844 345.078033447266 344.759002685547 345.226348876953 345.233795166016 344.699401855469 344.254211425781 344.025512695312 343.266479492188 343.272308349609 343.277923583984 343.283386230469 343.186370849609 342.872955322266 342.877075195312 342.881134033203 342.740661621094 341.318664550781 341.323394775391 341.328094482422 341.332733154297 341.076080322266 340.341918945312 340.081665039062 339.884033203125 341.087097167969 340.476745605469 340.797821044922 340.782257080078 340.377014160156 340.381195068359 340.385284423828 340.389312744141 340.393218994141 340.236480712891 339.552032470703 339.006164550781 339.11669921875 338.411346435547 338.562164306641
346.048400878906 346.05859375 345.986541748047 345.089019775391 345.099029541016 345.10888671875 344.901306152344 344.127960205078 344.137145996094 344.236145019531 344.470001220703 344.388641357422 345.170745849609 345.178283691406 344.509094238281 344.061737060547 343.660675048828 343.656860351562 343.2177734375 343.223602294922 343.229278564453 343.234802246094 343.240234375 343.102172851562 342.674041748047 342.71826171875 341.266021728516 341.27099609375 341.275909423828 341.280792236328 341.023559570312 340.140106201172 339.762847900391 340.098968505859 340.620788574219 340.462738037109 340.879943847656 341.046997070312 340.327453613281 340.331878662109 340.177917480469 339.778167724609 339.782897949219 339.501068115234 338.827056884766 338.882019042969 -3.4e+38 338.364105224609 338.239776611328
345.992889404297 345.876403808594 345.407501220703 345.033050537109 345.04296875 345.052734375 344.843719482422 344.071716308594 344.080841064453 344.089721679688 344.098327636719 344.199249267578 344.523895263672 344.668609619141 344.136688232422 -3.4e+38 -3.4e+38 343.917541503906 343.162658691406 343.168701171875 343.174560546875 343.180297851562 343.185943603516 343.086151123047 342.773315429688 342.884979248047 341.212799072266 341.218017578125 341.074768066406 340.6572265625 340.550140380859 339.973754882812 339.509704589844 340.400573730469 340.667449951172 340.375915527344 340.851898193359 340.996002197266 340.277374267578 340.282043457031 340.163391113281 339.69384765625 339.295623779297 339.174011230469 338.991607666016 339.017944335938 338.312438964844 338.152008056641 338.323638916016
345.936859130859 345.864227294922 345.433837890625 344.9765625 344.856201171875 344.396575927734 344.450622558594 344.479431152344 343.891082763672 343.572448730469 344.04150390625 344.049835205078 344.057891845703 344.160827636719 -3.4e+38 -3.4e+38 343.954772949219 343.417297363281 343.107025146484 343.113220214844 343.119293212891 343.125244140625 343.131072998047 343.136810302734 342.997375488281 342.572937011719 341.159027099609 341.164459228516 341.058319091797 340.745910644531 340.60009765625 339.920379638672 339.458129882812 340.465026855469 340.930938720703 340.206573486328 340.485565185547 341.100921630859 340.633056640625 340.073699951172 339.674285888672 339.555145263672 339.246063232422 339.250701904297 338.931213378906 338.175018310547 338.100280761719 337.579437255859 337.717956542969
345.823303222656 345.619995117188 344.842712402344 344.862091064453 344.652252197266 343.881225585938 343.890594482422 343.766143798828 343.222595214844 343.052795410156 343.476287841797 343.480316162109 343.942962646484 343.950897216797 343.552124023438 -3.4e+38 343.296508789062 342.987335205078 342.852203369141 342.420166015625 342.427703857422 342.43505859375 342.336456298828 342.132659912109 342.456512451172 342.24609375 340.901702880859 340.483978271484 340.640289306641 341.067413330078 340.807861328125 340.230712890625 340.616027832031 340.406433105469 340.096099853516 340.256469726562 340.7919921875 340.961547851562 340.280944824219 339.44384765625 339.134857177734 339.140197753906 339.145446777344 338.862060546875 338.155639648438 338.031890869141 337.396057128906 336.611938476562 337.012603759766
345.158752441406 345.085205078125 344.784973144531 344.804107666016 344.725250244141 344.288360595703 343.698608398438 343.154632568359 342.850616455078 342.952575683594 343.182220458984 343.108642578125 343.884796142578 343.892791748047 343.768463134766 -3.4e+38 342.922821044922 342.929901123047 342.834197998047 342.380615234375 341.950225830078 341.956756591797 341.963226318359 341.969604492188 341.829406738281 341.55517578125 340.883453369141 340.422760009766 340.119567871094 340.442962646484 340.335083007812 340.292541503906 340.761352539062 340.036712646484 340.042663574219 340.167846679688 340.645751953125 340.629669189453 339.386505126953 339.077606201172 338.923767089844 338.688354492188 339.094390869141 338.810760498047 338.105133056641 337.946990966797 337.133331298828 336.285308837891 336.440399169922
344.707885742188 344.71728515625 344.595397949219 344.144805908203 344.155639648438 344.076416015625 343.682800292969 343.378234863281 343.250122070312 342.800689697266 342.809356689453 342.775726318359 342.924926757812 343.834228515625 343.610107421875 342.857360839844 342.723083496094 342.432250976562 342.879028320312 342.638275146484 341.892822265625 341.899566650391 341.906219482422 341.912811279297 341.663604736328 341.18310546875 341.087585449219 341.104217529297 339.951232910156 339.95751953125 339.963806152344 340.238616943359 340.859313964844 340.240997314453 339.577789306641 340.150238037109 340.685760498047 339.800384521484 339.581481933594 339.427886962891 338.906219482422 338.562896728516 338.644165039062 338.758972167969 337.891387939453 337.208404541016 336.376892089844 336.036163330078 336.080230712891
344.649475097656 344.658752441406 344.581207275391 344.153930664062 343.696105957031 343.705383300781 343.714599609375 343.723693847656 343.639221191406 343.196746826172 342.750152587891 342.662445068359 342.68896484375 343.635498046875 343.691009521484 343.240966796875 342.562103271484 341.916259765625 342.383728027344 342.579132080078 341.834899902344 341.841857910156 341.848693847656 341.708709716797 341.325988769531 341.404449462891 340.422424316406 340.521362304688 339.895294189453 339.901824951172 339.756164550781 339.61669921875 340.201049804688 339.559295654297 339.208404541016 340.060791015625 340.539642333984 339.645111083984 339.649139404297 338.884613037109 338.978637695312 338.697875976562 338.117889404297 338.147644042969 337.315338134766 336.715179443359 336.014129638672 335.888336181641 335.863403320312
344.590606689453 344.599761962891 344.608947753906 344.403900146484 343.636688232422 343.645874023438 343.654998779297 343.6640625 343.673004150391 343.449035644531 342.690490722656 342.699035644531 342.944854736328 343.617004394531 343.731658935547 343.495819091797 342.644714355469 342.192504882812 341.866241455078 342.085021972656 341.776519775391 341.783630371094 341.644073486328 341.113800048828 340.914337158203 340.979156494141 339.825225830078 339.982574462891 340.257263183594 339.693756103516 339.168365478516 339.129302978516 339.594177246094 339.181793212891 339.973510742188 339.886047363281 340.014068603516 339.501831054688 339.347137451172 338.203399658203 338.925598144531 338.644561767578 337.938354492188 337.654022216797 336.787658691406 336.269134521484 335.962768554688 335.968566894531 335.679595947266
344.531341552734 344.540344238281 344.415649414062 344.342712402344 343.712371826172 344.182983398438 344.053955078125 343.60400390625 343.612915039062 343.526153564453 343.081756591797 342.638977050781 341.903869628906 340.394073486328 342.645294189453 342.994567871094 342.687591552734 342.591400146484 342.138092041016 341.710266113281 341.717651367188 341.724975585938 341.623809814453 341.166442871094 340.894927978516 341.066436767578 340.188568115234 339.737701416016 339.528594970703 339.104888916016 338.948852539062 339.487152099609 339.537475585938 339.055145263672 339.730316162109 339.830871582031 339.837829589844 339.537017822266 339.291839599609 338.309967041016 339.271759033203 338.590789794922 337.885437011719 337.763458251953 337.163726806641 336.462249755859 336.303253173828 335.917053222656 335.239501953125
344.338226318359 343.876708984375 343.932830810547 344.416809082031 344.069915771484 343.928894042969 343.845794677734 343.543518066406 343.552429199219 343.422027587891 342.882720947266 342.578491210938 341.993438720703 340.712768554688 342.154663085938 342.18017578125 342.627593994141 342.490875244141 341.958251953125 341.650756835938 341.658325195312 341.665802001953 341.673248291016 341.570831298828 341.223327636719 341.011199951172 340.025848388672 339.602966308594 339.141479492188 338.731750488281 339.009216308594 339.746276855469 339.789489746094 339.735595703125 339.452728271484 339.775268554688 339.782470703125 339.796844482422 339.236083984375 338.062103271484 338.732879638672 338.536560058594 337.83203125 337.838897705078 -3.4e+38 336.688049316406 336.335632324219 336.090148925781 335.432922363281
344.189636230469 343.420288085938 343.518615722656 344.446899414062 344.363616943359 343.923553466797 343.473754882812 343.482635498047 343.491516113281 343.263610839844 342.508972167969 342.517608642578 342.526123046875 342.534545898438 342.448822021484 342.244873046875 342.567199707031 342.47021484375 342.016540527344 341.590789794922 341.598510742188 341.606201171875 341.613830566406 341.621398925781 341.368469238281 340.786437988281 340.070831298828 339.659088134766 339.550994873047 339.088897705078 338.952606201172 339.689117431641 339.970642089844 340.584228515625 339.963165283203 339.312774658203 339.726654052734 339.741577148438 339.179870605469 337.756378173828 337.890441894531 338.084564208984 337.778228759766 337.622375488281 -3.4e+38 -3.4e+38 336.494140625 336.382202148438 335.82568359375
344.127655029297 343.495300292969 343.833801269531 343.787139892578 343.797393798828 343.7138671875 343.412536621094 343.421356201172 343.43017578125 343.341552734375 342.895965576172 342.456298828125 342.46484375 342.473327636719 342.489990234375 342.353698730469 341.925262451172 341.934448242188 341.837158203125 341.530364990234 341.538269042969 341.398132324219 341.127746582031 341.561737060547 341.457824707031 341.26171875 340.326843261719 339.600494384766 339.455444335938 338.778137207031 338.482879638672 339.631500244141 339.9140625 340.335205078125 339.441680908203 339.347625732422 339.670379638672 339.284057617188 339.123199462891 337.701263427734 337.547760009766 337.157867431641 337.328369140625 337.438751220703 336.738739013672 336.745941162109 336.753051757812 336.46142578125 335.773529052734
344.065277099609 343.388580322266 343.615051269531 343.324554443359 343.333312988281 343.342102050781 343.350921630859 343.219543457031 342.917541503906 343.235992431641 342.697937011719 342.394592285156 342.403167724609 342.268280029297 342.428527832031 342.1875 341.590728759766 341.886749267578 341.46142578125 341.469543457031 341.477600097656 341.227569580078 340.753112792969 341.351959228516 340.937042236328 340.945953369141 340.266693115234 339.541442871094 339.432922363281 338.853485107422 338.059417724609 338.341705322266 339.545745849609 339.532348632812 339.689025878906 339.605621337891 339.613677978516 338.754638671875 338.666137695312 337.806396484375 337.923736572266 337.219787597656 337.193359375 336.989959716797 336.684661865234 336.692199707031 336.699584960938 336.241729736328 335.333862304688
344.139282226562 343.702392578125 343.245666503906 343.401580810547 343.728851318359 343.280181884766 343.288909912109 343.059967041016 342.404144287109 342.626495361328 342.323822021484 342.332489013672 342.197601318359 341.662445068359 341.783966064453 341.834381103516 341.92333984375 341.705841064453 341.252716064453 340.978942871094 341.416473388672 341.165618896484 340.543792724609 340.756072998047 340.449188232422 340.457366943359 339.7890625 339.48193359375 339.490173339844 339.380615234375 338.680694580078 338.159362792969 339.402923583984 339.181060791016 339.448974609375 339.548187255859 339.556518554688 338.973815917969 338.455322265625 338.114776611328 337.911651611328 337.606109619141 337.159088134766 336.065277099609 336.07373046875 336.246948242188 336.480194091797 335.831756591797 334.802825927734
344.167358398438 344.222290039062 344.107818603516 343.294586181641 343.518096923828 343.077301025391 342.632934570312 342.687103271484 342.834930419922 342.699737548828 342.261352539062 342.126403808594 341.590881347656 341.431945800781 341.304382324219 341.272003173828 341.201690673828 341.329803466797 341.230224609375 340.883880615234 340.779144287109 340.677917480469 340.371673583984 340.380035400391 340.388397216797 340.396759033203 339.982696533203 339.836853027344 339.430480957031 339.284393310547 338.762603759766 338.731628417969 339.464538574219 339.194641113281 338.761627197266 339.490325927734 339.498931884766 338.830444335938 338.524719238281 338.406036376953 -3.4e+38 336.992614746094 336.742248535156 335.959930419922 335.575286865234 335.715423583984 335.903503417969 335.599395751953 334.61474609375
344.581207275391 343.236114501953 343.905822753906 343.980133056641 343.537811279297 343.092193603516 343.100738525391 343.109344482422 -3.4e+38 342.982666015625 342.446258544922 342.143981933594 342.049621582031 341.849334716797 342.073059082031 341.620544433594 341.196044921875 341.096496582031 340.790618896484 340.648773193359 340.230682373047 340.239379882812 340.248046875 340.256805419922 340.265533447266 340.274322509766 339.606842041016 339.029174804688 338.428131103516 338.633697509766 338.327789306641 338.336822509766 338.62451171875 339.197479248047 338.678863525391 338.497344970703 338.696990966797 338.114013671875 337.410095214844 337.547210693359 -3.4e+38 337.124053955078 336.989196777344 335.604248046875 335.073577880859 335.307769775391 334.92724609375 335.102874755859 335.028015136719
344.655609130859 343.448638916016 343.090148925781 343.415496826172 343.328430175781 343.028839111328 343.037292480469 343.045837402344 -3.4e+38 342.962005615234 342.514038085938 342.080413818359 342.089111328125 342.097839355469 342.115295410156 342.016998291016 341.563446044922 341.141571044922 341.000885009766 340.472808837891 340.318450927734 340.599639892578 340.185668945312 340.194580078125 340.203521728516 340.212493896484 339.644653320312 339.121765136719 338.66015625 338.102355957031 337.858734130859 338.276641845703 338.407989501953 338.610046386719 338.304779052734 338.314239501953 338.323699951172 338.05517578125 337.352172851562 337.19970703125 336.976287841797 337.217376708984 336.244934082031 334.876373291016 334.930755615234 334.729827880859 334.592651367188 335.123596191406 335.316864013672
343.620147705078 343.230407714844 343.074462890625 343.091278076172 343.551818847656 343.415252685547 342.973541259766 -3.4e+38 -3.4e+38 -3.4e+38 342.905303955078 342.602325439453 342.609832763672 342.470245361328 341.903472900391 341.629028320312 341.811706542969 340.928558349609 340.400207519531 340.246398925781 340.791198730469 341.001190185547 340.695404052734 340.551025390625 340.141082763672 340.150238037109 339.637817382812 -3.4e+38 338.502166748047 338.076934814453 337.891815185547 338.216033935547 338.383331298828 338.797515869141 338.647735595703 338.254730224609 338.264495849609 337.59814453125 337.293853759766 337.012817382812 336.605560302734 337.029602050781 335.743072509766 334.638610839844 335.219512939453 334.915863037109 335.058654785156 335.379974365234 335.397979736328
