rcp4.5models/GFDL_CM3/sc1gr9.27
NCOLS 261 
NROWS 433 
XLLCORNER 336357.134 
YLLCORNER 654653.479 
CELLSIZE 1000 
NODATA_value -9999 
[rows 308 to 329 of 433, columns 150 to 199 of 261]
150.159484863281 175.30598449707 188.817169189453 193.072555541992 213.047058105469 237.011749267578 201.059326171875 183.346496582031 205.027069091797 240.843765258789 194.407974243164 170.733459472656 157.862014770508 149.573440551758 143.94157409668 140.005294799805 139.28938293457 144.469161987305 145.92578125 167.597213745117 158.872665405273 155.308898925781 139.5 144.367721557617 146.182418823242 141.951126098633 137.054000854492 133.445007324219 136.61686706543 133.851791381836 106.609550476074 100.35319519043 111.552230834961 140.717559814453 137.607559204102 134.458862304688 133.824279785156 139.754425048828 133.746444702148 128.733627319336 124.754859924316 109.229598999023 88.5489196777344 87.5544509887695 89.3258209228516 90.0389556884766 92.0981750488281 97.1462249755859 113.980628967285 118.855979919434
142.035552978516 159.075973510742 190.128112792969 195.007965087891 201.921524047852 204.662796020508 179.332153320312 175.707626342773 202.366104125977 226.340484619141 164.695999145508 161.1611328125 157.295440673828 141.916351318359 113.752182006836 110.959884643555 118.169486999512 144.396194458008 146.957015991211 169.479766845703 159.224029541016 155.365585327148 140.438583374023 139.405471801758 148.607070922852 144.758102416992 136.221435546875 138.194900512695 135.78564453125 131.212417602539 99.5088195800781 98.1988220214844 105.740547180176 130.213302612305 140.401519775391 133.986770629883 133.439086914062 136.119094848633 128.268371582031 126.030128479004 127.441207885742 122.358596801758 91.6742553710938 87.5620651245117 89.6796188354492 96.3077392578125 99.7382431030273 94.4386215209961 103.514381408691 106.39380645752
144.724975585938 152.970764160156 186.89013671875 197.220718383789 196.614868164062 182.259536743164 161.970840454102 169.214965820312 194.195205688477 213.042572021484 162.760406494141 160.122024536133 153.396820068359 129.140930175781 96.3796005249023 101.439262390137 124.150863647461 147.84684753418 138.970626831055 167.43733215332 155.731750488281 144.745834350586 136.074996948242 132.152130126953 142.756164550781 147.361068725586 138.901306152344 136.200042724609 136.22721862793 131.872665405273 103.390075683594 97.9823532104492 100.966232299805 118.043655395508 142.612808227539 132.980377197266 132.392364501953 134.679626464844 124.719787597656 120.68546295166 122.388084411621 122.381568908691 91.7889633178711 87.9402542114258 90.1769943237305 97.723388671875 103.047561645508 93.1020584106445 97.7857284545898 106.441413879395
144.038681030273 140.66064453125 159.42399597168 188.706100463867 192.663177490234 175.232513427734 160.950057983398 169.889038085938 196.566284179688 199.361633300781 160.994537353516 157.304061889648 147.903610229492 129.904830932617 110.423698425293 118.011360168457 142.295883178711 142.124374389648 134.378967285156 151.20817565918 145.236083984375 132.455749511719 136.881469726562 137.728256225586 144.059936523438 150.565368652344 146.656478881836 136.512008666992 131.700836181641 133.746429443359 113.756576538086 98.4289169311523 99.8889846801758 107.445983886719 127.203231811523 129.743469238281 131.058853149414 134.345947265625 122.165855407715 116.746559143066 118.541351318359 118.165100097656 89.082160949707 89.6716384887695 90.2267074584961 95.873779296875 101.316871643066 93.2206115722656 97.3972473144531 109.566207885742
141.454803466797 136.011917114258 151.511276245117 179.242065429688 166.668441772461 152.704925537109 165.729843139648 174.869995117188 184.539840698242 181.465133666992 164.89958190918 156.020904541016 149.834350585938 144.087020874023 139.483856201172 141.950546264648 149.755599975586 141.016021728516 132.255310058594 132.69841003418 132.592758178711 126.813407897949 131.706756591797 146.466049194336 142.741668701172 136.365356445312 146.979583740234 143.02507019043 126.971984863281 131.160873413086 121.723388671875 99.740592956543 102.659339904785 112.264221191406 126.135108947754 128.694488525391 128.143493652344 130.131286621094 119.985816955566 115.237014770508 118.54052734375 116.003204345703 91.6116485595703 91.574333190918 91.3628158569336 96.6008911132812 100.068412780762 96.6560897827148 95.9708709716797 102.817932128906
190.317932128906 139.098983764648 136.718139648438 125.373352050781 123.202682495117 127.864051818848 123.565589904785 140.236068725586 146.007034301758 158.174179077148 153.08186340332 151.113204956055 143.404479980469 146.088317871094 151.209777832031 148.409317016602 144.250442504883 148.216918945312 145.700454711914 120.869651794434 125.069206237793 137.48274230957 143.057067871094 148.792495727539 150.039916992188 149.415924072266 136.420745849609 127.909278869629 137.613708496094 126.631118774414 134.367126464844 109.850547790527 101.642272949219 114.074317932129 134.593109130859 128.898986816406 125.288024902344 126.212493896484 118.430191040039 115.603225708008 115.581420898438 103.53239440918 94.9109802246094 96.9625091552734 95.0011749267578 99.9246444702148 105.992813110352 94.9203262329102 95.8307189941406 101.774108886719
180.234939575195 135.226058959961 129.262588500977 137.830978393555 156.357986450195 144.019577026367 109.143585205078 112.485656738281 145.731491088867 158.446823120117 151.452529907227 149.806518554688 146.708251953125 146.075393676758 151.239868164062 148.805160522461 148.021606445312 147.662017822266 143.252670288086 117.894622802734 119.728851318359 123.30802154541 130.830429077148 144.969787597656 146.212783813477 151.253463745117 137.881057739258 122.896255493164 138.690567016602 128.658477783203 130.615142822266 130.378433227539 111.14289855957 111.199256896973 119.830741882324 128.672546386719 122.91625213623 124.55054473877 117.03882598877 113.809577941895 115.330078125 103.420425415039 95.8634643554688 97.3443603515625 95.3156433105469 98.469596862793 106.132804870605 97.2716751098633 95.7972259521484 100.763885498047
169.144775390625 176.921920776367 168.498748779297 169.363830566406 149.742218017578 130.441360473633 111.497871398926 115.234390258789 161.314407348633 158.852615356445 156.453384399414 156.075149536133 147.255859375 148.083999633789 150.258605957031 144.919448852539 145.379409790039 148.344909667969 138.677276611328 116.489372253418 117.510375976562 119.538642883301 125.847465515137 131.757705688477 139.893432617188 150.728515625 138.063613891602 115.274742126465 127.301132202148 136.662551879883 125.370407104492 140.675109863281 132.480041503906 123.156356811523 123.058265686035 131.780944824219 125.926918029785 121.80891418457 113.866134643555 107.657318115234 111.334533691406 103.769676208496 96.9371795654297 95.8210601806641 94.0550994873047 96.3151473999023 103.658462524414 97.9142913818359 96.439323425293 100.39176940918
169.858062744141 176.422805786133 166.443542480469 155.942535400391 127.061149597168 130.665893554688 128.288909912109 119.009689331055 159.271072387695 159.862411499023 157.7900390625 153.867828369141 146.720596313477 151.458190917969 150.081756591797 142.932510375977 139.149612426758 143.605163574219 134.442413330078 123.559677124023 117.82967376709 127.104202270508 134.549102783203 125.779670715332 130.440185546875 143.801254272461 144.278091430664 119.302726745605 117.362205505371 145.527328491211 119.875755310059 135.472045898438 144.437973022461 131.687149047852 137.152740478516 127.282165527344 124.873542785645 116.486183166504 109.787574768066 102.419166564941 105.782432556152 102.419723510742 95.0807876586914 93.4475784301758 92.6151962280273 94.0618438720703 100.710494995117 97.3176803588867 97.4178466796875 99.7900695800781
144.363555908203 137.641540527344 130.489105224609 131.325500488281 142.270523071289 150.324859619141 152.962875366211 142.393112182617 159.413116455078 155.504425048828 150.258056640625 147.241775512695 144.984146118164 137.732681274414 141.390090942383 141.539947509766 136.72932434082 134.530395507812 132.664184570312 131.134201049805 119.405166625977 128.430862426758 144.704956054688 139.730270385742 138.793167114258 141.134613037109 144.847381591797 130.83056640625 126.317512512207 145.587280273438 118.789726257324 128.388473510742 140.910079956055 131.105102539062 139.64860534668 118.451614379883 118.162963867188 113.894439697266 105.35440826416 99.9889678955078 102.461647033691 98.0705184936523 92.8720397949219 94.6266860961914 93.7860107421875 91.7560882568359 98.9999160766602 100.671043395996 103.264236450195 103.149566650391
155.568908691406 151.727783203125 147.400573730469 147.446670532227 154.214996337891 156.059936523438 160.670043945312 160.916244506836 160.639389038086 153.670471191406 152.755996704102 150.872680664062 139.594802856445 116.785507202148 120.642890930176 129.476150512695 135.441604614258 130.304763793945 134.507293701172 128.71923828125 120.899780273438 123.480545043945 137.514068603516 138.612945556641 124.327224731445 124.18017578125 121.427253723145 129.354766845703 144.377090454102 135.779998779297 123.55037689209 135.34065246582 140.459075927734 125.793518066406 132.377014160156 121.978080749512 117.666244506836 113.718627929688 106.60383605957 101.076797485352 103.28392791748 95.1894226074219 91.7753524780273 95.6569061279297 95.5339965820312 91.3997650146484 97.8425521850586 100.497817993164 103.793563842773 107.596252441406
165.253631591797 160.774887084961 160.129623413086 158.861282348633 154.482055664062 155.595123291016 154.308654785156 150.011871337891 161.509750366211 155.048782348633 147.484603881836 139.321136474609 129.050445556641 110.098190307617 116.204963684082 135.578384399414 140.163909912109 133.836776733398 138.20783996582 135.455642700195 125.541130065918 125.418632507324 135.433776855469 132.698013305664 103.812812805176 121.989524841309 130.127990722656 126.904693603516 154.72966003418 139.658706665039 130.400573730469 147.627822875977 139.086029052734 134.952926635742 128.677017211914 129.774215698242 121.282920837402 115.125106811523 110.225959777832 103.863822937012 102.204078674316 94.9630889892578 90.2019577026367 92.5788879394531 92.86328125 90.0014572143555 95.2775955200195 96.4218368530273 98.1885375976562 103.762451171875
159.236999511719 155.3349609375 159.106079101562 153.096618652344 142.969055175781 148.600662231445 146.324752807617 139.768417358398 161.884536743164 153.973770141602 134.242965698242 116.825622558594 113.790351867676 108.1796875 122.140754699707 143.806686401367 135.801818847656 138.733520507812 135.891372680664 145.063552856445 135.548522949219 127.147735595703 138.994064331055 140.116424560547 113.421257019043 134.399398803711 155.170028686523 116.931175231934 153.142776489258 150.773468017578 133.172180175781 140.689666748047 131.787353515625 137.335189819336 124.263893127441 128.447799682617 121.453330993652 114.461883544922 110.27286529541 104.717323303223 99.375129699707 96.0197525024414 90.42138671875 90.4319381713867 89.8028259277344 88.1368560791016 91.5501861572266 95.0969085693359 96.9106140136719 97.4821090698242
155.018051147461 150.395294189453 153.529251098633 143.422149658203 131.142059326172 135.177261352539 137.644989013672 137.294647216797 160.163497924805 148.580551147461 126.733787536621 108.64249420166 106.35774230957 105.678787231445 116.382171630859 127.258865356445 121.950866699219 139.335037231445 132.185531616211 137.642807006836 138.287933349609 136.870819091797 142.440414428711 144.805114746094 120.475997924805 127.795486450195 167.508804321289 124.677879333496 132.012023925781 155.548919677734 143.794052124023 131.620727539062 121.46068572998 121.448066711426 116.73526763916 119.833381652832 117.991157531738 112.334182739258 109.07080078125 103.857757568359 99.476203918457 95.6750640869141 90.994499206543 90.4233322143555 89.9602890014648 88.4717178344727 92.2254409790039 96.5676574707031 97.8684997558594 94.2465515136719
162.322265625 152.958679199219 151.641494750977 141.194259643555 129.246078491211 132.355911254883 137.813278198242 141.264450073242 160.139602661133 144.23323059082 116.242179870605 106.447059631348 107.58748626709 109.299217224121 109.885192871094 110.844612121582 109.822731018066 126.050559997559 138.906616210938 134.485763549805 141.976943969727 148.354644775391 143.661193847656 128.636688232422 110.657501220703 112.541694641113 145.134582519531 131.306625366211 115.694862365723 151.365753173828 147.388656616211 135.744903564453 117.777153015137 115.016708374023 114.65071105957 114.781410217285 114.145034790039 111.386093139648 108.271621704102 103.186813354492 99.5222930908203 93.5584182739258 91.8543167114258 92.3034439086914 93.0245895385742 89.2300567626953 93.3560333251953 97.2170867919922 97.5753631591797 92.5141830444336
164.139526367188 158.554870605469 157.859878540039 150.25537109375 137.809112548828 147.395050048828 150.957656860352 152.479141235352 159.779800415039 141.520935058594 110.80793762207 104.684791564941 108.187759399414 112.578414916992 106.801460266113 104.19474029541 100.192863464355 107.628692626953 129.145660400391 143.171920776367 147.302124023438 148.939727783203 133.185302734375 109.002593994141 114.6396484375 112.290107727051 110.617752075195 116.342185974121 124.165138244629 140.860488891602 144.537857055664 133.050354003906 120.477699279785 113.761520385742 113.425300598145 113.376571655273 112.398300170898 110.659828186035 108.13427734375 104.421241760254 100.43977355957 95.1531372070312 94.6246871948242 95.0624160766602 93.8261184692383 88.9390411376953 91.811653137207 96.304573059082 96.7409286499023 93.3843994140625
155.034194946289 151.568328857422 153.711776733398 158.276275634766 152.533538818359 156.502502441406 149.120513916016 148.32341003418 152.178985595703 139.450317382812 110.08519744873 105.72200012207 107.06005859375 109.152992248535 104.894454956055 102.194152832031 98.4221496582031 100.133018493652 107.999450683594 140.499313354492 141.962814331055 144.671112060547 132.113098144531 106.578956604004 118.046607971191 120.40340423584 105.662109375 112.733039855957 133.908569335938 137.178161621094 145.958160400391 124.786560058594 116.668601989746 112.901222229004 112.488174438477 112.094520568848 112.353500366211 110.323867797852 108.11302947998 105.20100402832 100.741325378418 98.9806137084961 95.3016891479492 94.1843719482422 90.7786407470703 88.7054901123047 90.9256591796875 95.013069152832 95.6897048950195 94.0810546875
148.641403198242 148.183517456055 143.378570556641 139.582275390625 137.696395874023 134.123901367188 119.872108459473 116.967178344727 146.154708862305 132.820129394531 118.79753112793 108.862533569336 104.632385253906 105.129539489746 112.059936523438 126.009620666504 134.078262329102 130.102783203125 131.98713684082 147.251647949219 143.942504882812 143.5986328125 144.919387817383 135.856903076172 125.129577636719 104.37922668457 112.092979431152 118.870948791504 140.791244506836 137.998748779297 117.988464355469 120.105743408203 117.343170166016 112.220169067383 110.677574157715 110.115455627441 110.449821472168 109.322334289551 106.581428527832 106.61937713623 102.015060424805 99.8861236572266 93.4347305297852 93.0036087036133 91.714729309082 90.3103790283203 90.3516082763672 92.8516540527344 93.994987487793 92.8562164306641
147.633682250977 145.330764770508 139.165924072266 129.202087402344 128.130813598633 127.925979614258 120.46760559082 118.371887207031 135.744064331055 122.485954284668 116.736473083496 109.973449707031 104.601463317871 104.5380859375 107.546226501465 117.627906799316 129.410568237305 138.643264770508 146.486236572266 145.093383789062 142.72053527832 135.892303466797 144.176422119141 146.87678527832 133.186477661133 103.126502990723 105.477912902832 105.159858703613 116.037353515625 127.868240356445 114.21337890625 113.036827087402 115.151229858398 111.823371887207 110.760604858398 109.131568908691 108.818153381348 106.666831970215 103.564697265625 104.600204467773 101.597747802734 97.9028091430664 94.1617126464844 94.2151565551758 92.4644165039062 90.4566802978516 89.2990570068359 91.1484680175781 93.5187911987305 91.6199645996094
150.54736328125 144.728744506836 137.608932495117 132.312164306641 128.447509765625 123.949981689453 120.05982208252 120.373916625977 130.405960083008 116.887397766113 113.012054443359 109.076797485352 106.270820617676 106.119445800781 105.161415100098 105.203262329102 115.880126953125 133.744110107422 136.493896484375 143.030792236328 140.61604309082 137.889862060547 141.761291503906 140.849533081055 125.285682678223 104.886306762695 104.686836242676 105.892936706543 112.108360290527 129.204315185547 114.685768127441 113.050819396973 113.001899719238 111.497291564941 110.416107177734 107.446411132812 105.760810852051 103.598297119141 101.262840270996 100.313743591309 99.6551132202148 96.9594955444336 95.4125137329102 97.0664749145508 94.0814743041992 92.7505874633789 88.9354782104492 91.7624816894531 93.0360488891602 90.415657043457
156.077423095703 147.921417236328 139.985748291016 136.689910888672 131.5078125 126.228538513184 122.106834411621 121.975563049316 132.110229492188 127.180671691895 117.194931030273 110.828506469727 107.959602355957 106.778625488281 106.282508850098 112.83837890625 132.32194519043 136.382247924805 128.002777099609 136.691055297852 139.522842407227 137.343627929688 138.085891723633 130.343658447266 117.05419921875 105.775611877441 108.489517211914 118.871765136719 133.570831298828 136.847717285156 114.556571960449 112.913467407227 113.124786376953 111.438453674316 109.143432617188 107.128219604492 105.153503417969 102.656204223633 100.575088500977 98.8677368164062 97.7284545898438 97.3405914306641 98.7303237915039 99.8627319335938 97.7609786987305 96.6191635131836 89.2740783691406 92.9149856567383 94.2172088623047 90.7037048339844
158.143768310547 151.168762207031 145.19416809082 139.191268920898 134.075103759766 129.23323059082 125.946495056152 123.787933349609 125.528472900391 127.570610046387 122.565032958984 116.803169250488 113.830642700195 107.977256774902 108.454261779785 121.051078796387 140.485961914062 127.47437286377 122.31177520752 130.857315063477 131.708480834961 129.000778198242 133.773223876953 136.76936340332 128.467346191406 110.788192749023 113.722450256348 127.446563720703 143.476638793945 128.53987121582 117.55086517334 112.405250549316 112.173431396484 111.48412322998 110.056114196777 109.227210998535 106.840133666992 104.202529907227 102.226936340332 100.313941955566 96.8544464111328 96.7276077270508 101.53857421875 101.763565063477 101.065551757812 98.2048492431641 89.5256500244141 91.6597671508789 93.4139175415039 91.5960998535156
