rcp4.5models/GFDL_CM3/sc1gr2.31
NCOLS 261 
NROWS 433 
XLLCORNER 336357.134 
YLLCORNER 654653.479 
CELLSIZE 1000 
NODATA_value -3.4e+38 
[rows 352 to 373 of 433, columns 196 to 244 of 261]
339.824371337891 339.658325195312 339.112274169922 338.940948486328 339.658782958984 339.501953125 339.208404541016 339.741821289062 340.672790527344 341.403106689453 341.466949462891 341.911926269531 342.273040771484 342.229461669922 342.287750244141 342.730072021484 343.098266601562 343.054443359375 342.966644287109 342.922698974609 342.785797119141 342.157806396484 341.656951904297 343.277374267578 343.234558105469 343.191833496094 343.234405517578 343.475494384766 343.088134765625 343.660736083984 344.490509033203 344.804077148438 344.402221679688 344.72265625 344.152618408203 343.801544189453 344.141540527344 344.029235839844 343.674926757812 344.165679931641 344.907501220703 345.034393310547 345.850189208984 -3.4e+38 -3.4e+38 -3.4e+38 -3.4e+38 345.158752441406 345.553802490234
339.341278076172 339.180389404297 338.893157958984 339.35693359375 339.686584472656 339.644714355469 339.7158203125 340.517822265625 340.584442138672 341.031066894531 341.274780273438 341.046722412109 341.783752441406 341.850952148438 342.215972900391 342.382049560547 343.128784179688 343.085113525391 342.997619628906 343.058013916016 343.333984375 342.683746337891 342.251617431641 343.778686523438 343.734954833984 343.691284179688 343.647644042969 343.616363525391 343.618835449219 343.691864013672 344.600677490234 345.310424804688 344.961608886719 345.138763427734 344.259124755859 344.216613769531 344.259399414062 344.595245361328 344.090087890625 344.197174072266 -3.4e+38 -3.4e+38 -3.4e+38 -3.4e+38 -3.4e+38 -3.4e+38 -3.4e+38 345.299621582031 345.641906738281
339.261627197266 338.836975097656 339.03759765625 339.755187988281 339.713836669922 339.672241210938 339.51123046875 340.148193359375 340.387481689453 340.167236328125 340.794464111328 340.480285644531 340.925231933594 341.391448974609 341.835021972656 342.302185058594 342.744384765625 343.115295410156 343.132843017578 343.603851318359 343.746124267578 342.897216796875 343.043609619141 343.809936523438 343.766296386719 343.722747802734 343.679229736328 343.814025878906 344.510559082031 344.165771484375 344.540618896484 344.969879150391 345.376770019531 345.259918212891 344.748016357422 344.248931884766 344.361328125 345.012145996094 344.122528076172 -3.4e+38 -3.4e+38 -3.4e+38 -3.4e+38 -3.4e+38 -3.4e+38 -3.4e+38 -3.4e+38 -3.4e+38 345.674438476562
339.657684326172 338.862945556641 338.940277099609 339.392303466797 339.740600585938 339.69921875 339.426239013672 339.285705566406 339.907348632812 339.711059570312 340.446472167969 340.403747558594 340.46435546875 340.908935546875 341.485076904297 342.231628417969 342.28662109375 342.622192382812 343.152557373047 343.592193603516 343.675445556641 342.602142333984 343.501922607422 343.741882324219 343.364440917969 343.657043457031 343.177673339844 343.405059814453 344.530181884766 344.136962890625 344.494293212891 344.527526855469 344.956085205078 345.365844726562 345.165069580078 344.280883789062 344.39208984375 345.128051757812 -3.4e+38 -3.4e+38 -3.4e+38 -3.4e+38 -3.4e+38 -3.4e+38 -3.4e+38 -3.4e+38 -3.4e+38 -3.4e+38 -3.4e+38
339.683441162109 338.888366699219 338.84814453125 339.045379638672 339.766784667969 339.725677490234 339.571990966797 339.108856201172 339.043701171875 339.336120605469 340.587432861328 340.949371337891 340.796508789062 340.4482421875 340.992919921875 341.739685058594 341.695739746094 341.651702880859 342.6669921875 343.137145996094 343.292205810547 342.765594482422 343.914489746094 343.685424804688 343.011016845703 343.699615478516 343.273529052734 343.489654541016 344.573791503906 344.134979248047 343.987579345703 344.032073974609 344.514282226562 344.942138671875 345.197814941406 344.312469482422 -3.4e+38 -3.4e+38 -3.4e+38 -3.4e+38 -3.4e+38 -3.4e+38 -3.4e+38 -3.4e+38 -3.4e+38 -3.4e+38 -3.4e+38 -3.4e+38 -3.4e+38
339.324035644531 338.913269042969 338.873321533203 339.070159912109 339.912536621094 340.144744873047 339.828460693359 339.916595458984 339.100769042969 339.386810302734 340.607147216797 341.0537109375 341.203643798828 340.483856201172 340.951629638672 341.288940429688 341.246063232422 341.203094482422 342.313598632812 343.073852539062 343.030670166016 343.077087402344 343.416229248047 343.382720947266 343.473510742188 343.814605712891 343.771423339844 343.809997558594 344.243133544922 344.563079833984 343.556335449219 343.676605224609 344.470916748047 344.500946044922 344.772247314453 344.343658447266 -3.4e+38 -3.4e+38 -3.4e+38 -3.4e+38 -3.4e+38 -3.4e+38 -3.4e+38 -3.4e+38 -3.4e+38 -3.4e+38 -3.4e+38 -3.4e+38 -3.4e+38
338.852996826172 338.674041748047 339.286041259766 338.973663330078 339.540496826172 340.152069091797 339.847930908203 340.544647216797 340.012634277344 339.676940917969 340.236724853516 341.107330322266 341.341827392578 341.021728515625 341.359466552734 341.31689453125 341.274200439453 341.336120605469 341.817443847656 342.577880859375 342.63427734375 343.016693115234 342.973602294922 342.919952392578 342.923858642578 343.313537597656 343.175628662109 342.785095214844 343.352813720703 344.137237548828 343.586761474609 343.618774414062 344.047821044922 344.459045410156 344.416687011719 -3.4e+38 -3.4e+38 -3.4e+38 -3.4e+38 -3.4e+38 -3.4e+38 -3.4e+38 -3.4e+38 -3.4e+38 -3.4e+38 -3.4e+38 -3.4e+38 -3.4e+38 -3.4e+38
338.496124267578 338.706726074219 339.295562744141 339.002624511719 339.467346191406 339.801910400391 339.761322021484 340.050720214844 339.615570068359 339.709442138672 340.280548095703 340.996337890625 340.953521728516 341.019073486328 341.38671875 341.238006591797 340.886138916016 341.354736328125 341.688354492188 341.707427978516 342.178405761719 342.518920898438 342.475006103516 342.441497802734 342.435546875 342.343139648438 342.217041015625 341.960784912109 342.824493408203 343.167327880859 343.616790771484 343.574188232422 343.68994140625 344.489318847656 344.447052001953 344.404907226562 -3.4e+38 -3.4e+38 -3.4e+38 -3.4e+38 -3.4e+38 -3.4e+38 -3.4e+38 -3.4e+38 -3.4e+38 -3.4e+38 -3.4e+38 -3.4e+38 -3.4e+38
338.681213378906 337.616485595703 338.307800292969 339.539123535156 339.889923095703 339.967498779297 340.321899414062 340.620941162109 340.08935546875 339.75927734375 340.336639404297 341.081085205078 340.931732177734 340.689208984375 341.439788818359 341.397827148438 341.251525878906 340.697570800781 340.421905517578 341.186614990234 341.2333984375 341.477996826172 340.725494384766 339.708374023438 340.926086425781 341.106781005859 341.888427734375 342.016510009766 342.724639892578 342.372131347656 342.675598144531 342.791564941406 343.662780761719 344.091461181641 344.506591796875 344.464630126953 -3.4e+38 -3.4e+38 -3.4e+38 -3.4e+38 -3.4e+38 -3.4e+38 -3.4e+38 -3.4e+38 -3.4e+38 -3.4e+38 -3.4e+38 -3.4e+38 -3.4e+38
338.830291748047 337.924896240234 337.852386474609 339.066864013672 339.520782470703 340.102386474609 340.833648681641 340.753265380859 340.606201171875 340.291656494141 340.84521484375 341.262115478516 339.788848876953 339.482116699219 341.465576171875 341.423828125 341.1826171875 340.340057373047 340.347442626953 340.789093017578 341.073211669922 340.224670410156 338.334075927734 337.970336914062 340.272399902344 341.571014404297 342.007995605469 342.485412597656 342.831604003906 342.789154052734 342.704376220703 342.819305419922 343.619903564453 343.730010986328 344.535797119141 344.493896484375 344.452117919922 -3.4e+38 -3.4e+38 -3.4e+38 -3.4e+38 -3.4e+38 -3.4e+38 -3.4e+38 -3.4e+38 -3.4e+38 -3.4e+38 -3.4e+38 -3.4e+38
339.089172363281 338.934112548828 338.637512207031 338.974395751953 339.166229248047 340.007934570312 340.460845947266 340.776885986328 340.736602783203 340.696105957031 340.868804931641 341.30810546875 339.591735839844 338.356109619141 341.490875244141 341.449371337891 341.312469482422 340.886840820312 340.282257080078 340.330078125 340.585144042969 339.798187255859 338.357330322266 339.151885986328 339.417358398438 341.641052246094 342.555236816406 342.901977539062 342.859649658203 342.817291259766 342.732757568359 342.762817382812 343.192810058594 343.676055908203 344.104187011719 344.522796630859 344.481109619141 344.439544677734 344.473663330078 344.965362548828 345.315673828125 -3.4e+38 -3.4e+38 -3.4e+38 -3.4e+38 -3.4e+38 -3.4e+38 -3.4e+38 -3.4e+38
339.109985351562 339.072387695312 339.034423828125 338.996124267578 339.070281982422 339.524261474609 339.989318847656 340.687133789062 340.3583984375 340.7197265625 340.782440185547 341.231414794922 341.088897705078 339.504516601562 341.102661132812 341.474456787109 341.433044433594 341.391510009766 340.83056640625 340.691497802734 340.127410888672 339.570526123047 339.500579833984 340.846435546875 339.981018066406 341.705627441406 342.531555175781 342.929443359375 342.887237548828 342.845031738281 342.7607421875 342.718688964844 342.829071044922 343.634796142578 343.740325927734 344.551300048828 344.509704589844 344.392211914062 344.018676757812 344.912628173828 345.344604492188 345.192993164062 -3.4e+38 -3.4e+38 -3.4e+38 -3.4e+38 -3.4e+38 -3.4e+38 -3.4e+38
339.008850097656 338.585357666016 338.666229248047 339.017272949219 339.095825195312 339.561584472656 339.901275634766 340.715545654297 340.401428222656 340.742797851562 340.593627929688 340.356292724609 341.112243652344 341.097839355469 341.155090332031 341.4990234375 341.457824707031 341.315460205078 341.333618164062 341.202972412109 340.590179443359 339.733489990234 339.956604003906 341.217742919922 341.692810058594 342.131378173828 342.608032226562 342.956481933594 342.914398193359 342.872314453125 343.323791503906 343.200500488281 342.774383544922 343.203857421875 343.767120361328 344.501678466797 343.995330810547 343.96484375 344.062194824219 344.474639892578 344.825469970703 345.235107421875 344.84521484375 -3.4e+38 -3.4e+38 -3.4e+38 -3.4e+38 -3.4e+38 -3.4e+38
339.032196044922 338.620422363281 338.698699951172 339.155578613281 339.621429443359 339.961486816406 339.922790527344 340.844604492188 340.805145263672 340.765411376953 340.622955322266 340.301544189453 340.85107421875 341.604553222656 341.459899902344 341.107604980469 341.482147216797 341.247741699219 340.934967041016 341.220092773438 340.760650634766 340.664031982422 340.370544433594 341.233764648438 341.672424316406 342.147277832031 342.495269775391 342.5400390625 342.941131591797 342.899200439453 343.280212402344 343.166534423828 342.731903076172 342.837707519531 343.715301513672 344.077728271484 344.108062744141 344.130645751953 344.483306884766 344.442230224609 344.401336669922 344.769927978516 344.673492431641 344.358367919922 345.147033691406 -3.4e+38 -3.4e+38 -3.4e+38 -3.4e+38
339.169219970703 339.132537841797 339.095489501953 339.171447753906 339.627380371094 339.982208251953 339.943817138672 340.465911865234 340.826965332031 340.787536621094 340.747863769531 340.81494140625 341.282928466797 341.627685546875 341.490661621094 341.160003662109 341.505981445312 341.272674560547 340.570465087891 341.157104492188 340.482879638672 341.173797607422 340.827239990234 341.176177978516 341.215789794922 341.564331054688 341.521514892578 341.468627929688 341.630493164062 342.925659179688 342.924591064453 343.336608886719 343.296142578125 343.323272705078 343.675842285156 343.775604248047 344.593200683594 344.552032470703 344.510925292969 344.470001220703 344.429168701172 344.347930908203 344.307525634766 344.385131835938 345.227203369141 -3.4e+38 -3.4e+38 -3.4e+38 -3.4e+38
339.187896728516 339.151519775391 339.114776611328 339.077667236328 339.267669677734 340.002410888672 339.964294433594 340.104461669922 340.848297119141 340.809112548828 340.769714355469 340.937103271484 341.690307617188 341.650329589844 341.610137939453 341.56982421875 341.529357910156 341.297149658203 340.072204589844 340.852081298828 340.839935302734 340.759704589844 340.809967041016 341.201263427734 341.159759521484 341.118194580078 341.164337158203 341.488586425781 341.367279052734 342.951690673828 343.021362304688 343.826965332031 343.785461425781 343.744049072266 343.625823974609 343.33642578125 344.620269775391 344.579162597656 344.538208007812 344.497344970703 344.456604003906 344.375549316406 344.335235595703 344.411529541016 345.255035400391 345.215209960938 -3.4e+38 -3.4e+38 -3.4e+38
338.819946289062 339.170013427734 339.133544921875 339.096740722656 339.171051025391 339.627044677734 339.984283447266 340.013580322266 340.466644287109 340.830230712891 340.791107177734 340.851898193359 341.301971435547 341.672454833984 341.632537841797 341.592468261719 341.552215576172 341.420196533203 340.040679931641 340.572875976562 341.263061523438 340.738952636719 340.442199707031 341.316589355469 341.621887207031 341.054779052734 340.737518310547 341.616180419922 342.178344726562 342.893768310547 342.511749267578 343.397338867188 343.811645507812 343.692962646484 343.201110839844 343.355773925781 344.105438232422 344.135650634766 344.565093994141 344.524353027344 344.483703613281 344.468933105469 344.913055419922 344.925903320312 345.282531738281 -3.4e+38 -3.4e+38 -3.4e+38 -3.4e+38
338.726776123047 338.799957275391 339.151824951172 339.115325927734 338.963500976562 338.755828857422 339.606719970703 340.328643798828 340.102661132812 340.850860595703 340.811981201172 340.667297363281 340.525970458984 341.694122314453 341.654449462891 341.513732910156 341.156127929688 341.435943603516 340.453796386719 340.595245361328 341.278839111328 340.723968505859 340.465148925781 341.421508789062 342.128875732422 341.616760253906 341.347534179688 342.220397949219 342.648986816406 342.929534912109 342.604644775391 343.482696533203 343.837432861328 343.730255126953 343.358581542969 343.714141845703 343.673217773438 343.764587402344 344.591613769531 344.550964355469 344.510437011719 344.548767089844 345.389587402344 345.349578857422 345.309692382812 -3.4e+38 -3.4e+38 -3.4e+38 -3.4e+38
339.004852294922 338.320556640625 338.779663085938 339.133361816406 338.985900878906 338.678192138672 339.130798339844 340.331359863281 340.121765136719 340.763458251953 340.425659179688 340.694091796875 340.465270996094 341.199890136719 341.26123046875 341.442138671875 340.688873291016 341.044921875 340.997009277344 341.044250488281 341.310455322266 340.878540039062 341.012023925781 341.879974365234 342.144317626953 341.838653564453 342.669830322266 342.664733886719 343.068389892578 343.027252197266 343.094451904297 343.903869628906 343.86279296875 343.82177734375 343.780822753906 343.739929199219 343.699127197266 343.789367675781 344.617736816406 344.577209472656 344.536804199219 345.057983398438 345.352966308594 344.887023925781 -3.4e+38 -3.4e+38 -3.4e+38 -3.4e+38 -3.4e+38
339.038665771484 338.470764160156 339.203521728516 339.282958984375 339.639678955078 339.491455078125 339.059173583984 339.985015869141 340.050689697266 340.504577636719 340.871704101562 340.833435058594 340.898010253906 341.367126464844 341.717346191406 341.585205078125 341.058227539062 340.689697265625 341.033050537109 340.966857910156 341.046722412109 341.317260742188 341.136596679688 342.319549560547 342.113128662109 341.392913818359 342.226684570312 342.553680419922 342.189208984375 342.472808837891 342.993865966797 343.09765625 343.770446777344 343.010833740234 343.904418945312 344.195648193359 343.421356201172 344.181335449219 343.658142089844 343.607391357422 344.108734130859 344.571380615234 345.066833496094 -3.4e+38 -3.4e+38 -3.4e+38 -3.4e+38 -3.4e+38 -3.4e+38
339.173034667969 338.874542236328 339.2197265625 339.410705566406 340.148895263672 340.004272460938 339.474365234375 340.003112792969 340.073303222656 340.541381835938 340.890655517578 340.852661132812 341.014068603516 341.776000976562 341.737365722656 341.599578857422 341.051086425781 340.620300292969 341.45458984375 341.108032226562 341.462036132812 341.422088623047 341.463134765625 341.905151367188 342.223327636719 341.787780761719 341.823699951172 342.180145263672 342.221252441406 342.629821777344 343.017700195312 343.043914794922 343.335784912109 343.033996582031 343.917999267578 344.214904785156 343.904510498047 344.606964111328 343.636962890625 343.253173828125 343.732849121094 344.64599609375 -3.4e+38 -3.4e+38 -3.4e+38 -3.4e+38 -3.4e+38 -3.4e+38 -3.4e+38
338.79931640625 338.881317138672 339.119964599609 338.805328369141 339.377044677734 340.129608154297 339.876098632812 340.020690917969 340.193298339844 340.946594238281 340.909118652344 340.871429443359 341.032287597656 341.795288085938 341.756896972656 341.527557373047 340.679565429688 340.736633300781 341.562225341797 341.522796630859 341.483245849609 341.443511962891 341.403686523438 341.530303955078 342.323638916016 342.283447265625 342.2431640625 342.202850341797 342.315551757812 343.122039794922 343.118408203125 343.534637451172 343.420654296875 343.056732177734 343.879516601562 -3.4e+38 343.858154296875 -3.4e+38 343.651733398438 343.200531005859 343.692230224609 -3.4e+38 -3.4e+38 -3.4e+38 -3.4e+38 -3.4e+38 -3.4e+38 -3.4e+38 -3.4e+38
