rcp4.5models/GFDL_CM3/sc1gr21.28
NCOLS 261 
NROWS 433 
XLLCORNER 336357.134 
YLLCORNER 654653.479 
CELLSIZE 1000 
NODATA_value -9999 
[rows 286 to 307 of 433, columns 50 to 99 of 261]
711.482849121094 641.690063476562 997.574768066406 869.691650390625 735.2158203125 709.438110351562 746.754760742188 768.406005859375 718.429626464844 652.193786621094 659.3310546875 659.266784667969 632.216064453125 846.213195800781 1048.55541992188 1399.54113769531 1682.73474121094 1706.14562988281 1636.37438964844 1499.02709960938 1329.57861328125 1104.38989257812 803.199340820312 634.399719238281 568.820129394531 897.068969726562 952.133056640625 820.864013671875 639.970275878906 488.941864013672 468.7333984375 560.701110839844 622.214660644531 630.311462402344 694.786987304688 871.423645019531 1049.36303710938 1112.24108886719 1393.23266601562 1895.44750976562 2416.78369140625 2414.81640625 1840.11486816406 1358.32885742188 1164.1845703125 1084.7216796875 1085.38330078125 914.898681640625 938.473693847656 1093.232421875
1107.63549804688 992.26513671875 1235.01123046875 1049.36157226562 923.443237304688 877.270812988281 796.215759277344 629.691711425781 468.814392089844 520.211791992188 752.494995117188 894.987243652344 1011.82745361328 1058.58239746094 964.140014648438 1308.35400390625 1743.97045898438 1823.01403808594 1541.57482910156 1192.94897460938 933.134704589844 720.225158691406 560.997985839844 574.656372070312 820.963745117188 1181.14123535156 1166.71862792969 1117.14135742188 928.939270019531 679.370483398438 624.749389648438 711.682800292969 705.320190429688 694.767822265625 826.561950683594 1092.22094726562 1197.52392578125 1138.19116210938 1273.41967773438 1480.07446289062 1632.19970703125 1589.27258300781 1318.25146484375 1020.98187255859 868.359436035156 818.740600585938 829.665466308594 893.701354980469 941.917419433594 1048.53845214844
1300.72326660156 1183.61840820312 1314.53918457031 1644.07067871094 1775.19934082031 1358.51379394531 825.338195800781 547.975036621094 449.913208007812 504.450958251953 716.495788574219 882.240844726562 945.969055175781 976.435729980469 989.058288574219 1307.59375 1604.22448730469 1520.39379882812 1209.4033203125 961.068725585938 772.268676757812 604.735900878906 540.855895996094 654.083312988281 1056.90075683594 1470.64538574219 1281.86303710938 1144.40869140625 971.949523925781 790.67138671875 793.264587402344 875.846740722656 793.84619140625 712.160888671875 866.146362304688 1202.55493164062 1085.61669921875 904.231079101562 1000.37188720703 1205.31689453125 1395.07055664062 1411.89697265625 1231.3291015625 1000.67138671875 806.162109375 692.791137695312 690.37744140625 806.557678222656 896.722473144531 1015.65563964844
1080.46801757812 939.442138671875 1070.19958496094 1285.72204589844 1455.70520019531 1162.22180175781 753.587097167969 631.307983398438 718.365417480469 855.6279296875 920.07275390625 949.149658203125 1108.72082519531 1218.02380371094 997.596984863281 1013.44146728516 1167.51477050781 1069.455078125 827.124389648438 681.577453613281 582.538940429688 546.015441894531 586.190002441406 762.844116210938 1127.9580078125 1392.96752929688 1113.85632324219 850.70361328125 703.750305175781 677.400573730469 771.229736328125 890.778198242188 799.221557617188 641.90087890625 695.210754394531 916.4814453125 909.931274414062 756.322631835938 754.882019042969 875.632202148438 1076.18481445312 1182.00061035156 1202.25988769531 1138.77868652344 874.41064453125 682.196472167969 709.937316894531 816.53271484375 862.314208984375 948.32958984375
829.773498535156 805.786865234375 1066.77734375 1227.41882324219 1166.34802246094 912.270568847656 700.33251953125 643.406433105469 753.436706542969 875.684204101562 839.7998046875 806.258544921875 1016.65948486328 1573.16149902344 1378.99133300781 1098.27990722656 909.866088867188 748.979919433594 671.757995605469 663.039855957031 595.793029785156 570.009521484375 698.423706054688 937.380981445312 1112.27416992188 1217.19995117188 1002.96765136719 718.059753417969 573.341064453125 582.593505859375 655.207214355469 743.014831542969 707.824157714844 587.169006347656 617.987426757812 819.763488769531 854.011291503906 769.627258300781 759.584838867188 745.291687011719 768.705261230469 842.406127929688 960.193115234375 1043.89050292969 919.065979003906 739.180419921875 729.733947753906 792.404968261719 782.159423828125 853.366088867188
1567.82189941406 1665.84045410156 1105.64343261719 956.895324707031 818.925842285156 723.505249023438 699.970825195312 640.031982421875 599.528564453125 671.391540527344 833.507080078125 1015.91595458984 1198.14624023438 2440.134765625 2742.99047851562 1826.62438964844 1017.08856201172 920.878967285156 1057.83947753906 1186.16674804688 1051.90002441406 959.608337402344 1005.92138671875 966.97802734375 889.334228515625 874.644958496094 1114.68469238281 1193.53125 929.057678222656 627.96142578125 557.461547851562 605.7822265625 618.82421875 611.785095214844 664.968505859375 732.526123046875 608.505126953125 612.952941894531 695.642456054688 717.5869140625 713.858642578125 801.220825195312 967.640502929688 1060.16259765625 900.926635742188 676.441467285156 614.558044433594 527.246887207031 442.1474609375 554.431518554688
2057.44970703125 1944.24487304688 986.36328125 797.942077636719 726.011596679688 657.617614746094 628.169128417969 662.339050292969 989.702392578125 1370.59362792969 1302.95495605469 1169.462890625 1208.14013671875 1828.93371582031 2068.94140625 1711.9775390625 1384.658203125 1391.50231933594 1429.03356933594 1297.98742675781 1031.66076660156 950.578491210938 908.11767578125 751.971130371094 659.219299316406 760.328979492188 1071.86950683594 1259.01196289062 1032.8310546875 680.942199707031 595.312316894531 584.092956542969 504.792297363281 504.434204101562 583.752807617188 686.208312988281 647.957458496094 622.904968261719 671.22509765625 701.469909667969 705.455932617188 725.243041992188 746.897766113281 794.417236328125 782.592834472656 663.688659667969 561.231384277344 419.582611083984 401.028747558594 498.830352783203
2156.98583984375 1546.53979492188 969.56591796875 833.380187988281 746.019165039062 654.642578125 662.389953613281 942.159362792969 1564.77893066406 2095.06396484375 1996.2998046875 1551.64575195312 1205.30981445312 1222.23449707031 1344.94079589844 1363.36645507812 1540.48315429688 1867.62353515625 2075.50415039062 1725.05224609375 969.670532226562 627.696655273438 606.683776855469 535.397521972656 495.067291259766 622.838684082031 840.660522460938 986.363952636719 853.970031738281 635.538024902344 638.415954589844 651.537109375 511.440490722656 439.653106689453 483.545257568359 584.628601074219 671.657836914062 610.819641113281 567.532775878906 569.676208496094 614.708862304688 637.752685546875 618.752075195312 675.689270019531 739.617553710938 667.449645996094 577.684875488281 464.915954589844 451.068084716797 504.123565673828
1892.50988769531 1349.81091308594 1082.01232910156 1032.29467773438 950.815734863281 958.283020019531 1222.46691894531 1656.87951660156 2133.7119140625 2377.03271484375 2117.43481445312 1593.84875488281 1197.14196777344 1166.32421875 1123.61352539062 1065.95349121094 1326.80822753906 1862.79895019531 2081.5888671875 1491.06713867188 716.097534179688 457.57177734375 451.848480224609 425.990570068359 424.904418945312 555.352600097656 609.947143554688 589.156188964844 520.543640136719 507.024536132812 649.910400390625 740.149658203125 602.264892578125 453.439453125 436.851745605469 508.096862792969 589.055786132812 542.6572265625 467.131713867188 412.697509765625 456.984497070312 575.7392578125 690.134643554688 783.068725585938 734.949035644531 617.580871582031 629.922607421875 772.429565429688 610.06689453125 509.8798828125
1395.00170898438 1278.32885742188 1073.77294921875 1079.3017578125 1157.85766601562 1282.89807128906 1709.92126464844 2346.55834960938 2934.34008789062 2947.3583984375 2197.0048828125 1560.06970214844 1285.7783203125 1109.83813476562 1082.58215332031 1089.77026367188 1227.26013183594 1414.48889160156 1436.64904785156 1080.4228515625 635.840942382812 462.283477783203 415.210113525391 369.721466064453 390.6162109375 539.807189941406 536.4013671875 449.940368652344 364.501647949219 445.123443603516 656.349975585938 685.185729980469 539.291809082031 461.916961669922 481.579498291016 553.501220703125 541.764953613281 452.092102050781 360.697448730469 307.819793701172 382.445495605469 550.969604492188 664.936340332031 674.918090820312 619.763732910156 606.834899902344 660.059997558594 582.5380859375 444.048980712891 429.636199951172
1167.50378417969 1238.42834472656 1328.61462402344 1327.12133789062 1293.67077636719 1386.05993652344 1647.05688476562 1985.205078125 2623.5322265625 2922.47875976562 2181.27783203125 1451.23156738281 1294.51220703125 1290.30847167969 1423.33081054688 1462.17114257812 1398.9130859375 1326.88903808594 1350.07592773438 1250.98754882812 824.5263671875 499.976409912109 407.875427246094 356.987945556641 386.519592285156 515.130676269531 506.96337890625 436.030883789062 366.681457519531 435.442077636719 592.238525390625 611.67041015625 552.39013671875 557.565734863281 585.249450683594 616.024475097656 529.662170410156 441.251708984375 345.312957763672 315.688079833984 431.076202392578 613.969421386719 683.865478515625 622.585327148438 581.200622558594 609.865539550781 625.74853515625 351.917297363281 273.963745117188 309.337799072266
1215.46691894531 1220.86145019531 1691.90661621094 1784.52416992188 1484.39636230469 1309.85119628906 1345.76379394531 1444.87487792969 1768.60546875 2142.81909179688 2248.76318359375 2148.93725585938 1988.67114257812 1679.22839355469 1481.18505859375 1268.71301269531 1223.93481445312 1248.99035644531 1278.43762207031 1168.59802246094 808.767761230469 546.222778320312 459.372314453125 404.146728515625 409.359680175781 481.367889404297 493.831451416016 467.777893066406 437.035766601562 489.081756591797 590.217590332031 642.080505371094 660.247619628906 659.686889648438 657.960266113281 674.8486328125 567.122924804688 503.976287841797 429.101226806641 440.819366455078 574.796752929688 723.151306152344 782.120239257812 751.235107421875 697.276184082031 647.856018066406 590.977233886719 360.003021240234 297.433776855469 291.232116699219
1805.93872070312 1628.4287109375 2058.05200195312 2223.3193359375 1846.95983886719 1422.84533691406 1332.16662597656 1367.40625 1310.392578125 1389.60522460938 1815.5341796875 2078.31469726562 1892.82202148438 2449.220703125 2929.44360351562 2570.56079101562 1746.74755859375 1372.76977539062 1243.06506347656 950.487731933594 686.590148925781 560.765380859375 480.693420410156 417.706329345703 396.775329589844 411.814544677734 419.725433349609 447.458587646484 500.404144287109 545.020751953125 556.6103515625 542.263061523438 556.193481445312 617.455810546875 736.886657714844 889.379943847656 688.999267578125 513.824401855469 446.158508300781 479.312469482422 572.873596191406 672.999206542969 764.14697265625 807.404357910156 752.850708007812 652.791625976562 584.5107421875 471.954498291016 378.208648681641 329.256927490234
2069.72265625 2146.25756835938 1888.73620605469 1743.47229003906 1649.91748046875 1471.28295898438 1345.89965820312 1448.39099121094 1594.46435546875 1839.759765625 2597.60400390625 3192.76928710938 3082.31079101562 3189.7548828125 3241.396484375 2660.0068359375 1892.77453613281 1520.74768066406 1211.79418945312 878.505126953125 676.389465332031 538.618041992188 422.720611572266 366.572479248047 328.592010498047 280.332061767578 308.657409667969 380.312316894531 485.575775146484 541.341918945312 509.77001953125 446.972961425781 459.6298828125 570.042236328125 723.383422851562 866.99755859375 728.908874511719 531.111206054688 443.737518310547 459.904205322266 509.650756835938 557.720275878906 594.763366699219 613.741088867188 591.537841796875 555.161560058594 570.765502929688 512.656372070312 359.190948486328 303.754425048828
1865.3935546875 1833.38244628906 1419.29089355469 1334.90783691406 1464.29077148438 1459.18383789062 1277.193359375 1349.79638671875 1665.37158203125 2189.60961914062 3249.42260742188 4082.68676757812 3630.10791015625 2477.47729492188 2493.087890625 2096.86157226562 1614.9267578125 1366.1357421875 1153.77709960938 883.720581054688 694.1318359375 545.921691894531 392.841156005859 337.280303955078 302.416076660156 287.499572753906 318.656890869141 377.083343505859 448.192199707031 485.69775390625 472.879943847656 414.867034912109 422.628845214844 540.245727539062 682.040710449219 776.343872070312 804.914428710938 641.517333984375 477.355529785156 446.428680419922 480.430511474609 508.820953369141 511.164123535156 499.765350341797 472.485687255859 442.144134521484 462.261413574219 402.947296142578 275.404907226562 208.399291992188
1684.29248046875 1816.76635742188 1421.15515136719 1240.26525878906 1317.83569335938 1380.3916015625 1385.23474121094 1579.18322753906 1999.60473632812 2371.44458007812 3013.01049804688 3522.82397460938 2749.67114257812 1823.87084960938 2080.82055664062 1764.52795410156 1351.69812011719 1189.7724609375 1012.15173339844 746.962524414062 603.700073242188 545.496948242188 446.538452148438 378.094940185547 355.023834228516 381.744689941406 382.638916015625 393.987121582031 396.004913330078 389.504974365234 387.093780517578 370.915222167969 417.071136474609 602.928894042969 802.857604980469 822.459533691406 782.007385253906 660.557922363281 504.734130859375 479.317810058594 550.070129394531 582.063171386719 541.082824707031 495.95458984375 432.474822998047 351.930328369141 328.702301025391 287.826293945312 220.0078125 151.625427246094
1783.01611328125 2124.49609375 2304.8056640625 1851.47692871094 1678.43798828125 1664.77392578125 1673.09289550781 1836.40344238281 2015.97790527344 1864.44738769531 1668.82312011719 1706.60656738281 1522.53991699219 1876.60681152344 2338.86157226562 1829.60534667969 1107.12145996094 921.435180664062 938.989929199219 792.751647949219 595.52294921875 578.382385253906 576.925659179688 460.646087646484 390.663177490234 427.143676757812 419.641387939453 433.026245117188 450.747009277344 445.720855712891 414.846618652344 395.550140380859 487.944580078125 756.851013183594 996.204772949219 932.037170410156 691.691955566406 618.506469726562 554.843688964844 610.4541015625 740.419067382812 755.989562988281 656.146057128906 557.349243164062 436.5615234375 317.600982666016 273.022613525391 242.871566772461 201.127471923828 142.487823486328
1621.24987792969 2069.33374023438 3284.81665039062 3599.51733398438 3554.92626953125 3273.91259765625 2806.69848632812 2334.87329101562 1885.9970703125 1414.01208496094 1027.50744628906 864.964782714844 850.454467773438 1487.76123046875 2101.59155273438 1758.01611328125 1091.7685546875 947.754699707031 1003.19683837891 876.500183105469 594.012084960938 543.616333007812 691.573974609375 639.453491210938 502.155548095703 392.277130126953 257.526977539062 251.602996826172 479.293273925781 894.846496582031 1113.619140625 879.995422363281 705.554138183594 998.439086914062 1244.34814453125 1055.66772460938 669.565612792969 598.168884277344 540.329406738281 513.076416015625 513.282104492188 486.710632324219 395.223388671875 322.58544921875 337.443969726562 348.373901367188 275.464141845703 146.139694213867 179.878463745117 184.498428344727
2268.06689453125 2382.64477539062 3158.23559570312 3451.54833984375 3450.6572265625 3152.97973632812 3206.18041992188 3056.6640625 2040.28820800781 1182.63110351562 870.268981933594 779.168212890625 836.460266113281 1251.52307128906 1401.67419433594 1244.798828125 972.750549316406 846.843078613281 832.735107421875 799.886291503906 709.051330566406 629.408081054688 562.620239257812 476.434814453125 437.011444091797 320.310760498047 222.564880371094 224.921936035156 396.902496337891 815.97900390625 1205.93786621094 1093.60717773438 912.842712402344 1253.20251464844 1442.24572753906 1092.12414550781 695.321655273438 610.175231933594 534.1484375 481.889923095703 440.885284423828 375.149139404297 288.381408691406 254.544860839844 273.854705810547 253.804992675781 194.243286132812 141.209396362305 154.029571533203 140.830932617188
2504.16772460938 2231.48999023438 2624.94580078125 2826.1064453125 2677.62890625 2506.7119140625 2766.26538085938 2620.10180664062 1580.30212402344 862.126586914062 766.159484863281 766.057067871094 902.991943359375 1307.96264648438 1166.982421875 984.367614746094 862.401000976562 777.836303710938 755.374389648438 729.742858886719 642.586791992188 545.059631347656 452.290405273438 376.090789794922 348.850006103516 315.332092285156 286.354614257812 289.505126953125 373.484466552734 572.341369628906 778.520935058594 848.489379882812 1016.10791015625 1330.94421386719 1274.73132324219 919.184753417969 644.422546386719 501.518768310547 409.996032714844 382.870361328125 354.381958007812 313.414123535156 274.941131591797 284.814422607422 310.580810546875 276.552886962891 224.072311401367 239.934753417969 213.466247558594 163.677032470703
3049.50244140625 2384.6884765625 2657.03637695312 2803.56127929688 2544.06030273438 2119.0869140625 1875.60729980469 1579.77709960938 1136.19213867188 986.83251953125 1045.39672851562 1034.81457519531 1151.88488769531 1197.298828125 963.627258300781 897.436401367188 891.959899902344 825.71875 770.472412109375 692.232971191406 572.000915527344 477.616577148438 434.642486572266 416.655242919922 381.222381591797 345.625732421875 340.047790527344 351.925323486328 426.871948242188 594.489990234375 736.885620117188 872.719604492188 1080.79919433594 1085.6953125 865.091247558594 711.125122070312 595.182922363281 440.304473876953 349.145172119141 353.197082519531 341.319122314453 308.362030029297 296.434112548828 328.985687255859 346.667846679688 305.56884765625 258.570129394531 260.680847167969 204.374893188477 161.471069335938
3072.1640625 2535.65161132812 2561.90747070312 2708.43725585938 2568.35302734375 1975.76123046875 1428.18994140625 1205.4091796875 1170.52331542969 1236.66015625 1305.88452148438 1229.63916015625 1058.52795410156 872.411682128906 893.501647949219 1169.21923828125 1428.47033691406 1207.52001953125 882.365112304688 697.744506835938 578.439208984375 486.621307373047 395.568756103516 408.664123535156 445.810913085938 375.452697753906 363.549743652344 381.393127441406 474.240539550781 698.735595703125 944.1357421875 1128.67932128906 1133.28051757812 868.552185058594 654.211364746094 625.94091796875 565.529968261719 453.489013671875 386.387451171875 383.084289550781 366.142913818359 332.007385253906 320.139282226562 334.629730224609 325.081634521484 282.350921630859 249.094467163086 226.761322021484 159.559341430664 129.736862182617
