rcp4.5models/GFDL_CM3/sc1gr9.5
NCOLS 261 
NROWS 433 
XLLCORNER 336357.134 
YLLCORNER 654653.479 
CELLSIZE 1000 
NODATA_value -9999 
[rows 330 to 351 of 433, columns 200 to 249 of 261]
195.53408556786 192.533560207667 190.710753352913 200.299052464186 190.236162468798 132.472964154538 117.701304775867 193.446505407998 186.462509337179 173.29081551027 132.903495889035 130.635973769221 110.766996404391 71.8183108074632 72.4168794056833 71.9153786421597 71.7445129191012 71.1764160209934 70.3520465475709 70.0861056496776 69.4900477588954 69.7897622121696 69.5275933825493 69.925688193666 69.5634421795223 69.3926623095296 68.8206889621795 68.6427795795456 69.1372903801204 68.5350463008442 69.1294071919413 68.7425776653492 68.7441507419546 68.3165773581907 68.2343284331949 68.152782128482 68.0102888317391 67.6659765674568 67.1692649339543 66.8106805281879 66.7847210007524 66.9005766283792 66.5441219227489 66.3961701674694 65.9478080228535 65.8728570147062 65.7985422616032 65.6722935288117 64.6697034097188 64.2092981892414
198.133602389174 192.5765351585 190.641934860937 192.046584923195 192.260263813684 178.300431124061 148.329953275465 185.736429030746 172.827886998069 126.877633826711 117.122260618835 97.5750057329919 115.500940668828 70.5531491306496 70.4785811031325 69.8628643228097 69.8537708519699 69.957510916926 69.4663408239656 69.2912217961094 68.8860844888266 68.7235800180823 68.4018099630293 68.3577375815792 67.8479669906519 67.8327949693989 67.8703870744409 67.45224416257 67.3635356685848 67.4187140890933 67.8138661780722 67.1428489492884 67.1296149971848 66.7696933114617 66.6894198586184 66.7418611410741 67.1860938554965 66.6174844486174 66.1849860855008 65.7471256594938 65.7094311639497 65.7502711248786 65.3434079477825 65.4102874924226 65.0544663762991 64.9812464651651 64.8376279413435 64.3836506144462 63.8191974617922 63.4681915820778
200.860171425197 192.833666284888 189.739348178179 187.813058903932 187.665098788577 185.855171016613 173.06392245461 146.561262304004 173.642727934371 117.770924926659 73.7703781643855 88.4785721932295 122.141447323466 -9999 68.6972845384103 67.9629495267389 67.9451797630745 68.3313400718175 68.8802957954027 68.2123496595866 67.5348859916074 67.4449365805188 67.2840705594032 66.8298632059649 66.3876719965053 66.34151931054 66.3937258902189 66.6082549839945 66.5922115518361 66.787550752963 66.5616499496178 65.8615366519409 65.7801625226446 65.7774060176913 66.0456374208258 65.9956770295126 65.9811541338867 65.3348193773468 65.1997067065906 64.7687144689074 64.3292476406904 64.1970993009636 63.8700027353008 63.9469071479823 63.8029225324874 63.3540745764118 63.3460825658078 63.6309473356386 63.0369184676705 62.9668045691898
197.584767606788 191.826459443537 188.850085960711 185.439325068695 184.823621052407 184.251545038281 173.031566365005 137.202142553155 132.119196364657 125.953488339982 119.656840845198 76.5243777819595 92.2701557788765 -9999 67.4312546626866 66.6132243320748 66.5193694290328 66.5578956094277 66.9948237933373 67.0206749888691 66.576781656069 66.1722881197399 66.0846731672194 65.9977551491825 65.911536226576 65.6754319184324 65.0184431441969 65.450883255712 65.5264321531639 65.4442816460597 65.2982931921511 64.8612790961729 64.4382333121877 64.4198940208554 64.6957712852607 64.8294052334992 64.1198597390633 63.3691168339337 63.2924273739223 63.284007668722 63.5461616475826 63.4739350433024 63.3306873875049 62.8880944539676 62.7627476408543 62.4092655303194 62.3561261592429 62.3772018018715 -9999 61.3256937579163
196.470471714235 196.451559548617 190.066216716622 184.92699577781 183.469864994263 183.805366941255 183.313304238953 171.808260210915 123.731651410717 91.4147252036364 120.350381218415 76.8507847918613 86.4853339779501 117.491838506019 66.4546052133733 65.7226250992545 65.5464501096091 65.1468802751284 65.1858573312129 65.7238606331306 65.9257296317714 64.829571157937 64.741829852765 64.6548156482582 64.5685241869422 64.4144889286347 63.6397323629442 63.8394250758334 63.5561252812038 63.4742289989882 63.3930431808916 63.3832203310594 63.6179460670707 63.5410354286825 63.525906463705 63.6698281930575 63.2398488223959 62.3967190628579 62.2496074512689 61.9105136498853 62.3137324242318 62.3594881733673 62.8570116454517 62.5027929152309 62.2831828595819 61.4107648519718 61.2885365681272 60.9355692428276 59.9764245326886 59.9090751289942
199.616079789831 204.787159223994 203.181060503235 184.619800003389 182.665864258974 183.098699207274 182.096399588495 181.422543555645 170.442053918368 124.470295833187 84.1367077500286 78.8031794755555 80.9594433633178 79.2065902907569 65.7423044351097 65.650155220784 65.399922474321 64.5328186128696 63.7140897770653 63.7518182896689 63.9780695591565 63.4015940233754 63.7979209543071 63.3929479817392 63.3084386130484 63.2246930755124 -9999 62.579845133737 62.4761035101046 62.0602058098754 61.9796191009768 62.0083691907972 62.4110664087652 62.331077580077 62.3815415206 62.9064586776272 62.7714076178666 61.4025118235685 61.271266744711 60.8442910636691 60.4076186473125 60.4260907621664 60.8315602960913 60.7570040693745 60.5720936682462 59.9444834108703 60.1377537155361 60.0691459420029 59.6019189454331 59.535724579914
187.658745584999 164.526072652277 180.490580417052 184.924716995565 180.821884406787 180.407431417187 180.368773878914 167.98223085274 140.845252617649 166.760649091213 115.440573130769 91.3539983869481 107.374543658897 71.745963774755 63.3992000616402 63.6555258762775 66.2534302476728 71.1916227743159 62.7583725305164 62.5591807742261 62.0207331114251 61.1635288875163 60.7602349026143 60.7274818419192 60.8536536825591 60.9084170225112 60.4780615389754 60.3984796666796 60.2556107041744 59.8998366647468 59.8228912709822 59.6713465369781 59.3283194736097 59.5223690415634 59.1014429126267 59.026494437958 59.0522943117348 59.4554814462141 59.7190745210751 59.5779039660912 59.1440843515022 59.0193388280614 58.6661590824219 58.5193604911885 57.9587245052094 57.5149332969813 57.4457952407156 57.377211723797 57.3210534388226 57.6864146416205
196.318888215741 213.207591748885 229.294252813976 184.235125044776 180.064421430117 179.377798366798 179.738388372193 156.068995378418 91.49426833629 120.249376045942 117.305459757517 78.4270627880034 67.0043753032454 77.4801207497379 62.8246264190771 64.0056952089599 65.5197803623693 69.6060664774711 61.6269723087572 60.9553194404683 60.7749207921949 60.2593094556403 59.9024724795931 59.820436986081 59.660361405997 59.373080249401 59.3554564990189 59.2748325062577 59.3293481055346 59.7649504282247 59.3507133589566 59.2119712863963 58.9166735114783 59.0608937346605 58.6179072154847 58.0517716756835 57.6277946995308 57.5776451371282 57.9911504546053 57.8633301111569 57.5581514623605 57.7507723594939 57.6797723578556 57.5511438393614 57.1093596283221 56.7597564815123 56.6944812187449 56.6297691542421 56.0520566836335 55.9870200335258
190.986033980399 200.304982748637 219.492625958302 183.353263722732 180.336843245052 167.74725775915 140.566339715076 167.009040657854 118.762353302529 72.7679204568531 71.6589351088907 69.4231452936979 63.9950389416369 69.1231883495478 62.2590340933574 62.7054250204726 61.0850302845961 60.413514347403 60.4465243408065 60.088675304181 60.0039495711292 59.840363206157 59.4394600580663 59.3560427982531 59.2066662851081 58.8495637683075 57.7690166623615 57.6896150137799 57.7221109115325 58.0711813643926 57.8453771765747 58.2916018360273 57.8746327968534 57.798666659445 57.6530356492171 57.1836677629512 56.8318585445642 56.2662737447482 56.195920871855 56.1261990784134 56.0954349593295 56.2311488922457 56.1619423277292 56.1410446624443 56.3416740509501 56.274369531223 56.2076190322597 56.1414153912902 55.6800757844709 55.6161738818513
190.114441047979 193.731662440429 198.955702079663 183.206531894301 180.304216935037 167.934303375664 142.79236913254 165.890900329642 129.07102511253 116.736227399554 63.9536306562639 71.6649549062184 69.2466288398735 60.9513351541956 60.9827401554134 60.3339873875044 59.2287949118174 58.9990357291368 59.4015303599661 59.3143650637593 59.2282214869612 59.0339505458258 58.5139134560186 58.4319892203539 58.2733311968965 57.8691358791923 56.9340916478816 56.8582073986625 56.7081875946861 56.2989788361632 56.3314123970347 56.687706160802 56.3331152945229 56.3136493631535 56.5022130092145 56.4296452510223 56.357770364693 55.8787665838811 55.740770503339 55.3114562124654 55.2415133009837 55.1721824899312 55.1034495006492 55.0713958411758 55.2079210333957 -9999 -9999 55.2080328673581 54.6953022877872 54.6303389722057
189.101673735601 187.946891012235 185.638707995711 182.062227193785 179.426915019551 177.174325572872 176.975266816068 166.764785398096 129.012849703913 106.862562500804 73.3538556838583 80.3407720462521 78.1576757182671 68.3799924581324 59.6823424900634 59.2496912823468 58.6994945302332 57.8900627940086 57.8028804156227 57.7167605480201 57.6316913244792 57.512802473889 57.2901398684707 57.2715801627414 57.3821752157355 56.9515429705513 56.8743186548386 56.7239158724872 56.2545772208149 55.9008901697437 55.753343039967 55.3405607995598 55.2661015428287 55.2364942797277 55.375580014565 55.3414337691628 55.3958258610839 54.9024956684162 54.7789419696758 54.4270968175442 54.3588045009128 54.2911206813917 54.158726977812 53.7219594115748 53.6541469866264 53.5868773874522 53.5483857862836 53.606248523142 53.1931652865258 53.2324589412207
187.515438133829 185.688587707624 183.610307991813 180.458632707468 178.291309849836 176.567665494065 176.179173596209 162.142459063314 117.832216543865 113.019864371853 77.896032552908 69.3008168808219 71.6020833590114 75.5258986664363 58.8090667080959 58.0020135580926 57.7446636792916 57.0207558301183 56.9366177122825 56.8535939124018 56.6930991923238 56.2970100157619 56.2156826096038 56.1881293459631 56.2512770613847 55.9196266130603 56.4111432147347 56.2719194284264 55.7527513636915 54.9273902477578 54.7925936154109 54.4394233657511 54.2952618582574 53.8796446031589 53.8066090992675 53.7657745090624 53.7966467669835 53.3762279838962 53.3583730989846 53.5609503611771 53.4940759467445 53.4277853170502 53.312255986282 52.9634137278797 52.8993852341693 52.8359057658431 52.7729714093791 52.7105661097237 52.1412936921277 52.1527645396917
187.331386320315 185.663475532514 184.056842440899 180.92894234198 178.433220206021 176.100409822896 174.793906096796 161.462396022653 121.009750623699 127.499274879442 114.851181527671 69.7226763551033 69.3427508024009 65.8719637105134 58.9207683466239 59.4714150482419 68.186477192474 65.5687399659422 56.4831182446991 56.4771606009959 56.6386566814943 56.1295223818634 55.316084883703 54.9957798287571 55.4135022234215 54.4376530978144 54.3764181390275 54.429814150841 54.8096039015786 54.0372750487688 53.6296457825562 53.5576572905903 53.4283835538385 53.0776287366868 53.0082435124931 52.8707185054559 52.4523943291202 52.6706947712849 52.2865680660478 52.4315853579494 52.3636969322294 52.4089675359941 52.9841803179222 52.8569390989837 52.4209015867321 52.3559708161775 52.2915681736808 52.2276765535671 51.7720117063631 51.7103006991396
188.417199880799 186.298749294502 185.233388695971 182.302931201033 180.316562040465 177.488380314636 174.854046738498 173.190855710508 162.340074405372 124.48165610074 101.880320462113 67.7757131596967 78.1565321021467 103.280152153928 57.7214117083399 58.7552297273692 66.5496546094017 64.4253230519729 55.9728109584053 55.5443118138054 55.6578842142378 55.1284493517686 54.4128743672704 54.1263505326818 54.4578736350644 53.4272954608727 52.9369832804731 52.9007485792601 53.1243309585181 53.5887174616946 53.2372941751614 53.1660558763571 53.0956130662149 52.9565498240222 52.5421724718675 52.4170576380674 52.0661651653438 52.2136812977496 51.8636576721395 51.7974348428093 51.667506047269 51.2512160184061 51.2593095931354 51.1443604031075 50.9010148829532 51.4895082845932 51.4266853478575 51.3643709301143 51.2412251017525 51.1230080205532
192.301381144787 189.270324078837 185.833276091238 181.749576420116 180.362800111121 178.767998546805 176.169247615668 173.052984726736 160.281808506198 121.796362671086 106.473565162466 68.9414829516405 77.4973792435842 98.2187369561824 55.8408422175176 55.7528173402836 55.7362915704659 55.7738491427133 55.0179737216637 54.4943115503308 54.0342790646136 53.7561719674117 53.9174591309291 53.5219805583698 53.380511892102 53.0282064658893 52.4784316535547 52.3426849037764 52.0987820579628 52.5260713069852 52.3659684994017 51.9331679314964 52.0074847055696 51.3908635942965 51.6546472876959 51.5863297590317 51.5186965039166 51.3853952238324 51.3196865166247 51.1903501623159 50.7139471329395 50.3080140733911 49.917094533445 49.855691528985 49.8761019076525 50.3126351746928 50.1913877928022 49.8525054512488 50.3958330700094 50.2944502249805
195.827298005658 194.904628608859 187.826593555859 179.637493218964 178.371081576086 177.386546912007 176.153626374646 173.785182871994 161.174896984698 125.416706940177 112.922221613147 76.4352333105904 67.0205307160439 64.7620104754466 57.3487718043691 64.0471445983405 57.2002178746177 64.1474172821036 54.2510486822918 54.025230045556 53.3598141812582 53.345472916124 53.4753727869577 52.9515479170585 52.1416613130051 52.065348862843 51.5763546749258 51.5032171577075 51.3599167478147 50.9550181656435 50.8812147422361 50.7804049438858 50.4942895866405 49.9557830944213 50.0465028740909 50.0446226727171 50.3780240035598 50.4722166575854 50.067074107402 49.7060676937331 49.9975090228026 49.9354357552275 49.8739152232922 49.7521689513399 49.3197741684236 49.2579679961054 49.1522448179598 48.881890070938 49.3567932372758 49.9712926781043
189.980300945272 190.82752821972 184.745874382801 177.992727350759 176.695730637604 175.532482070643 162.945469187536 135.532360682839 160.852118711108 111.980231182263 75.4392830476401 64.1909337806864 60.1789282305725 74.8153163788183 58.7639491946235 71.7726357595967 56.3726927882604 62.0229131355738 53.4405640433301 53.1417297002787 52.7124985622789 52.3195055685629 52.2401388437673 52.0153563704778 51.3078533646621 51.2348979926972 51.092089472571 50.9511082384562 50.4917050064273 50.1430161950485 50.1321170529303 50.2873737065514 49.8716588836608 49.4076647560041 49.0591502116354 49.0467026373826 49.3047270200081 49.3545367228355 49.0192106191393 48.6972169645159 48.8856520297749 49.4655456734602 49.4026276388415 49.2939021397259 48.9469502777947 48.8275704665539 48.390329079924 48.3857486828653 48.2787443348739 48.7169693173846
183.526632592741 182.652164710987 180.049512075856 177.214831817701 175.227477545978 173.434419023572 148.144296364914 76.5025973672924 114.182236948423 125.0874310764 110.171068219582 55.0334001428252 56.7887537761081 65.0479609910561 55.54237811414 62.0823801353621 53.1266994753891 52.1148889141455 52.5699091355812 52.282989197428 51.8281685685508 51.4768295076171 51.3267160626733 50.9339157405106 50.8585996285686 50.7843855227581 50.6390984813249 50.5083056937412 50.1595323672503 50.0212735960509 49.6863010147025 49.9549343253507 49.7654431093637 49.076373652136 49.0099835429635 48.8789164632908 48.5293266984986 48.3330633245695 48.1949749397041 47.7348650986343 47.8216974856163 47.8431930531955 47.8260984760573 48.0480633668202 47.9858593179556 47.8799848444134 47.5329656525314 47.5152761312107 47.3538068429044 47.2949960889438
183.977216440898 182.713640468179 181.77555208076 179.174694139018 162.208405301705 126.122274248643 157.981688062425 112.128199046582 105.608076057661 55.6462580594934 76.5512303442837 108.637323166651 62.1079959582141 55.0031145681918 70.6569055495403 58.5635755240112 72.3967462208341 61.2318460944513 51.0159229640289 50.9960813399935 50.3129866456081 50.1307065125374 49.9819054799551 49.5897983694825 49.5147379103039 49.3796847206813 49.1618341943831 48.3942878337116 47.9970467076062 47.9974387447901 48.2656626108618 48.1347638556208 47.7317913167964 47.6673972495962 47.5506811907527 47.1935827461982 47.0139613270476 46.5551442047053 46.209357276998 46.1965153677257 46.3734865341332 46.0282694045269 45.9689695099507 45.9895974195967 46.3814141317317 45.947778258312 45.9427109967704 46.2671198527898 46.4798917686236 46.3860098571666
184.497443691148 184.168318977887 182.336014212323 177.282712261153 148.815814009669 81.3938284093691 159.465123388669 106.352216667437 84.4369959990178 101.76222550252 67.675403790271 76.164541030744 70.8796498386333 54.3577232468612 109.981975120033 53.5205012360427 61.5649126310248 59.2092222107665 49.8695257843864 49.3936170106944 48.8405799083939 48.9136674375506 48.7039182866819 48.0382445187089 48.0963832607771 48.5481579382657 48.0851272039071 47.957884468686 47.6109301066847 47.600698421529 47.8146927240971 47.6942219966808 47.2831635026397 46.9426025426968 47.1579490260473 46.6976790686185 46.3515514580505 46.1663515632991 45.7492840429189 45.7469071624185 46.0461430674862 45.9867327729572 45.9278359980204 45.8124572927669 45.3400473972726 44.9945029732521 45.0101794405024 45.5561792131075 -9999 -9999
185.129288284123 185.117610293486 183.22710165374 178.470347430665 149.458217595482 81.3943225513157 163.017667160777 112.233458232139 83.2665459571469 110.065235720462 109.328828182475 62.9834306651547 60.4283307905473 51.1049217742114 158.148471153126 99.8896531001342 49.8224346059626 49.0450615893123 48.4559270387151 48.3789916400687 48.2305469559523 47.8436793044183 47.7067186613123 47.3582304551311 47.3290925117033 47.3889892903287 47.6981546464317 47.5618258422379 47.1644693097946 47.0964007598002 46.9081439270193 46.2245328625584 46.2216780186731 46.433050719002 45.9724676406807 45.7385043434692 46.1720783879353 45.2325989016807 44.8865892018699 44.8728704287999 45.0976157401016 45.0373951515822 44.9776516740848 44.8746769042423 44.5296080946346 44.4717954130654 44.3604640473324 43.9962976184978 45.2739809093801 -9999
186.218752678271 185.334218181067 185.086867378752 166.336934248878 114.63555282655 115.173518526649 115.541677627903 125.042591507857 123.163113811267 111.984133773493 105.956755873887 97.0053008126543 50.5980518256811 52.8332690010471 116.496837409007 94.6270860907531 49.3402661505158 48.4785725708026 48.3266866272247 47.941472599216 47.8007748977692 47.3793137615592 46.990817002767 46.9167199196174 46.7832749526615 46.4348339185969 46.027906054972 45.9002602001509 45.5517189615342 45.4834898798781 45.3154706832774 44.7342400880507 44.7032064796225 44.7810298134883 44.4810193365896 44.2782521511035 45.144017517265 44.5147874935121 44.3973600858969 43.9815451893438 43.9803298171747 -9999 -9999 43.7486138277783 43.7462739238772 44.0090603463263 43.5380231962651 43.194963566891 43.684178341166 -9999
