rcp4.5models/GFDL_CM3/sc1gr8.10
NCOLS 261 
NROWS 433 
XLLCORNER 336357.134 
YLLCORNER 654653.479 
CELLSIZE 1000 
NODATA_value -3.4e+38 
[rows 308 to 329 of 433, columns 147 to 195 of 261]
113.122383117676 120.89372253418 129.173156738281 110.611083984375 128.815185546875 134.972457885742 134.556350708008 129.080688476562 121.724533081055 128.492034912109 132.524490356445 131.842956542969 128.523696899414 127.542343139648 124.852272033691 117.850631713867 110.828796386719 105.800918579102 102.400009155273 101.460083007812 104.548828125 105.724617004395 117.014450073242 111.156555175781 108.157173156738 98.2223510742188 100.821556091309 101.042129516602 97.2943954467773 93.5533676147461 91.0796813964844 92.1784210205078 88.5792999267578 67.1971969604492 61.9177284240723 69.5229339599609 90.647575378418 88.2604217529297 85.8708877563477 84.976188659668 88.1187591552734 83.4600677490234 79.9849166870117 77.5204772949219 68.7261047363281 56.3708457946777 55.3296546936035 55.8504791259766 55.9675445556641
103.83065032959 125.442291259766 125.248054504395 105.348251342773 116.045394897461 131.878509521484 130.293762207031 126.63639831543 124.089454650879 132.687377929688 134.386917114258 129.698791503906 126.04940032959 123.977584838867 120.865081787109 117.598175048828 105.060394287109 83.1678771972656 80.9165649414062 85.3543853759766 104.842391967773 106.519775390625 117.560455322266 110.802314758301 107.552581787109 97.896484375 97.466064453125 102.901840209961 99.1053619384766 92.3972549438477 92.994987487793 90.9175338745117 86.6183090209961 61.7494316101074 59.8532371520996 65.3076934814453 82.6913681030273 89.7045745849609 84.7529144287109 84.1930084228516 85.5676727294922 79.6568984985352 77.8971481323242 78.1604919433594 74.7936248779297 57.461727142334 54.6503562927246 55.2948875427246 58.7977523803711
114.705841064453 135.494781494141 124.72526550293 108.207695007324 110.949409484863 127.661987304688 126.006134033203 125.131874084473 124.502632141113 123.08154296875 127.943214416504 126.849632263184 124.089981079102 122.88362121582 120.134643554688 114.51203918457 95.260498046875 70.3844985961914 73.9301681518555 89.7852783203125 107.617141723633 100.92805480957 115.672546386719 108.051734924316 100.491325378418 94.6429824829102 92.0549850463867 98.5989837646484 100.877197265625 94.0912094116211 91.1402969360352 90.6633758544922 86.9926147460938 64.7605209350586 59.763500213623 61.3945732116699 73.6855010986328 90.8589782714844 83.401237487793 82.7334671020508 83.8724212646484 76.9427642822266 74.2946624755859 74.8043594360352 74.2183990478516 56.7100410461426 53.9946975708008 54.9989242553711 59.070484161377
125.180946350098 139.86474609375 130.086151123047 107.615989685059 105.034645080566 117.141708374023 127.108596801758 125.544166564941 127.296043395996 122.200874328613 127.231399536133 122.185325622559 121.60262298584 120.92839050293 117.656730651855 109.966423034668 95.3455657958984 80.3298263549805 85.6033172607422 103.463027954102 103.268447875977 97.0509948730469 105.479141235352 101.284378051758 93.2140350341797 95.7148895263672 95.5570755004883 99.3048934936523 102.812965393066 99.5415725708008 91.8405990600586 87.3322143554688 88.0292434692383 71.9606246948242 59.6896438598633 60.0771179199219 65.7069473266602 79.5435104370117 81.2227249145508 81.5045013427734 83.1792373657227 75.1741409301758 71.7013854980469 72.2286605834961 71.2310333251953 54.7176856994629 54.3437881469727 54.4305877685547 57.1642379760742
132.609848022461 141.591537475586 132.129425048828 105.764839172363 101.299842834473 111.36353302002 127.109725952148 117.632293701172 113.059089660645 125.598968505859 131.453414916992 122.069595336914 120.580459594727 119.669815063477 116.379463195801 111.271873474121 106.251136779785 102.107757568359 103.557418823242 109.033462524414 102.30199432373 95.3063201904297 94.1927490234375 93.2487106323242 88.8239212036133 91.0352096557617 101.203994750977 97.6010284423828 92.165901184082 99.7117767333984 96.1719512939453 83.835807800293 85.4896392822266 77.4959030151367 60.5533866882324 62.1422309875488 68.8837356567383 78.7282562255859 80.2853622436523 79.4757232666016 80.0692749023438 73.4464874267578 70.3624038696289 71.565544128418 69.2055053710938 55.4814147949219 54.9543838500977 54.5745391845703 56.9414176940918
118.437911987305 130.807006835938 127.392623901367 116.622108459473 103.692794799805 101.767189025879 94.088264465332 95.0891952514648 98.0409622192383 92.8489761352539 105.240516662598 108.758590698242 118.083923339844 113.157012939453 110.495979309082 105.362899780273 107.403526306152 110.737915039062 108.083656311035 104.203475952148 106.74634552002 104.058601379395 85.8005981445312 87.6964492797852 95.5494155883789 98.7474899291992 101.908424377441 102.183700561523 101.108276367188 91.1696624755859 84.3607482910156 90.8185958862305 81.8048477172852 86.435188293457 67.5544967651367 61.2484016418457 69.8084564208984 83.887451171875 79.1312637329102 76.2368850708008 76.61328125 70.9704055786133 68.8121185302734 68.5309829711914 61.8369026184082 55.7422485351562 56.6014213562012 55.0611686706543 57.3396759033203
97.7131195068359 111.888900756836 117.537704467773 109.763130187988 101.508087158203 98.3399887084961 105.42822265625 119.478828430176 110.505874633789 85.6983413696289 85.9750366210938 108.418983459473 117.84691619873 111.93766784668 109.861801147461 106.909568786621 106.707183837891 110.269981384277 108.164283752441 106.923225402832 105.923301696777 102.028198242188 83.4047393798828 83.6657257080078 85.4368667602539 89.8695373535156 98.9998931884766 99.0504913330078 102.024703979492 91.9894027709961 80.2705841064453 91.2831802368164 83.0860366821289 83.463623046875 82.3938827514648 67.8846282958984 67.4098663330078 72.8045043945312 78.5769653320312 74.1831588745117 74.8231811523438 69.5370941162109 67.2252349853516 67.6856918334961 61.0464630126953 55.8071975708008 56.0904579162598 54.6761016845703 55.7974281311035
87.6245269775391 107.49437713623 125.900588989258 120.300933837891 117.211555480957 119.207328796387 117.907936096191 112.652549743652 99.4358901977539 86.6219482421875 87.5423049926758 120.5517578125 117.943473815918 114.214912414551 111.644554138184 107.245651245117 107.976997375488 109.229721069336 104.997535705566 104.677146911621 105.982093811035 98.6641540527344 81.9812545776367 81.6273345947266 82.2738876342773 85.7340774536133 89.4103622436523 94.4092178344727 101.823570251465 92.0672836303711 74.3207092285156 82.3966674804688 88.7018661499023 79.3132095336914 89.4453811645508 83.1518783569336 75.6932525634766 74.8014678955078 80.4606094360352 75.7794494628906 72.4076309204102 67.2685928344727 63.3612823486328 64.7683792114258 60.2422981262207 55.6902961730957 54.7114601135254 53.3331260681152 53.6905746459961
98.166748046875 115.749465942383 124.411331176758 121.526260375977 117.36791229248 117.008193969727 106.593772888184 94.460334777832 97.3425445556641 95.1814880371094 87.5190200805664 118.466674804688 118.264678955078 114.484901428223 109.217163085938 106.992141723633 110.427581787109 108.676078796387 102.909530639648 99.4978790283203 101.835922241211 94.8471984863281 86.3726577758789 81.1531982421875 86.8396682739258 91.5506439208984 84.7322692871094 87.4344100952148 96.5785675048828 96.1989593505859 77.0467758178711 74.9607086181641 94.7709655761719 74.996452331543 85.4563369750977 91.6188125610352 81.4929046630859 84.4505386352539 76.972900390625 74.6539306640625 68.3321685791016 64.255859375 59.9385185241699 61.1063461303711 58.7504234313965 53.8233947753906 52.9636459350586 51.7026443481445 51.8370628356934
115.930320739746 120.688591003418 113.263938903809 108.332275390625 102.823219299316 97.8246765136719 97.8836212158203 105.330009460449 111.840866088867 113.854209899902 105.220611572266 117.747467041016 113.94701385498 109.50358581543 106.453094482422 105.199447631836 99.7569808959961 101.731803894043 101.110862731934 96.9561233520508 94.6526107788086 92.664436340332 90.5542984008789 81.6950912475586 87.1989974975586 98.1512985229492 94.1602554321289 92.9109268188477 94.0874633789062 96.2085723876953 85.1614456176758 81.1791229248047 94.1937561035156 73.7140426635742 80.0140838623047 88.4503936767578 80.485595703125 85.7935409545898 70.2957305908203 69.6659317016602 66.2306289672852 60.9167938232422 57.911205291748 58.7389259338379 55.8616027832031 51.7807693481445 52.7161407470703 51.4276657104492 49.9962730407715
116.323684692383 113.395050048828 111.664421081543 110.301597595215 108.990524291992 107.522842407227 109.493919372559 114.62735748291 116.155296325684 119.553382873535 118.975791931152 117.854911804199 111.913375854492 111.148948669434 109.128715515137 100.691268920898 83.6154937744141 85.8491668701172 91.6666030883789 95.4175033569336 91.0444946289062 93.4343872070312 87.7411651611328 81.9082794189453 83.0273590087891 92.3177642822266 93.0221099853516 82.2144088745117 81.4818420410156 78.7661895751953 83.7312927246094 93.7745361328125 86.3819351196289 76.4986801147461 84.4361419677734 87.8099060058594 76.6447677612305 80.6591567993164 71.9752426147461 68.7597503662109 65.4910659790039 60.8581275939941 57.504638671875 58.2383308410645 53.3906173706055 50.4440536499023 52.5212478637695 51.7060127258301 49.0797157287598
111.135818481445 107.397087097168 109.088973999023 110.957313537598 113.009803771973 115.191627502441 116.102973937988 114.540245056152 115.175262451172 113.987030029297 110.075202941895 118.033218383789 112.775169372559 107.054893493652 100.607376098633 92.6189270019531 78.0313262939453 81.8526229858398 95.5704116821289 98.3127899169922 92.6975021362305 95.216194152832 92.4209136962891 84.3684005737305 83.5814590454102 90.6443786621094 88.4380264282227 66.2425537109375 76.3705291748047 80.6053085327148 81.4046096801758 100.634643554688 88.7485198974609 80.5678939819336 92.6810684204102 86.2249908447266 82.5128707885742 77.4420013427734 77.008918762207 70.6198883056641 65.7153549194336 62.3841514587402 58.4041213989258 56.9347763061523 52.6135864257812 49.0500640869141 50.2734069824219 49.8108024597168 47.9395332336426
112.533569335938 107.334732055664 107.649620056152 109.087387084961 110.667617797852 113.613128662109 111.17015838623 105.063636779785 109.223899841309 107.114433288574 101.728713989258 117.676528930664 111.310432434082 96.6001205444336 83.4065475463867 80.645378112793 76.0393676757812 85.5861053466797 100.81519317627 94.5631790161133 95.8358764648438 92.9369735717773 99.3708648681641 91.400032043457 84.1199035644531 92.2627105712891 92.8436660766602 72.1827163696289 82.7177658081055 94.4918823242188 73.7601623535156 99.1108016967773 96.520133972168 81.6813201904297 87.0459442138672 80.0780868530273 83.1519927978516 73.0944442749023 75.482048034668 69.7814865112305 64.3781967163086 61.4947471618652 58.1774520874023 54.8686637878418 52.6300926208496 48.6154747009277 48.1826286315918 47.1028671264648 46.1246032714844
107.727935791016 105.626358032227 106.024803161621 107.555717468262 109.068305969238 110.81803894043 104.960731506348 95.3781814575195 98.3956069946289 100.098945617676 99.3693008422852 115.328033447266 106.728996276855 90.2530364990234 76.3399200439453 74.3251342773438 73.6642227172852 81.0135345458984 88.3464736938477 84.2939987182617 96.2523880004883 89.6350860595703 93.4393081665039 93.3218002319336 90.8843383789062 94.0466384887695 95.8113784790039 77.4968338012695 78.2290267944336 101.154273986816 76.2127914428711 83.5423889160156 99.7303695678711 89.2120590209961 79.8980484008789 71.8361129760742 71.1409454345703 66.6924057006836 68.2788162231445 66.5071258544922 62.2337837219238 59.9395027160645 56.743278503418 53.8323669433594 51.4762268066406 48.2394866943359 47.1532897949219 46.4696655273438 45.3745346069336
102.18286895752 102.481735229492 104.367088317871 106.33674621582 108.180061340332 108.947830200195 102.863319396973 93.4465026855469 95.7371520996094 99.6121444702148 102.006790161133 114.635444641113 102.870758056641 81.7660980224609 74.2701797485352 74.8428726196289 75.6944580078125 75.9619827270508 76.3330307006836 75.2898559570312 85.9510726928711 93.6987228393555 89.7772064208984 95.2752075195312 99.0262603759766 94.9797515869141 84.0392227172852 70.3869400024414 68.6995315551758 87.0208892822266 78.4315490722656 70.8125610351562 96.4839630126953 91.8902130126953 82.0663757324219 68.2325439453125 65.4697647094727 64.3003463745117 63.8627548217773 63.2618522644043 60.8610687255859 58.8314552307129 55.7519302368164 53.1901741027832 49.6494483947754 47.871395111084 47.5551300048828 47.9825401306152 45.4068183898926
100.965972900391 100.907066345215 102.832794189453 104.855278015137 106.694374084473 108.815071105957 105.255386352539 99.3510513305664 106.441802978516 108.64128112793 109.705505371094 114.175567626953 100.351509094238 77.2266159057617 72.6606292724609 74.9273376464844 77.5505676269531 73.074836730957 70.7816390991211 67.8437652587891 72.2517166137695 86.6816329956055 95.2301712036133 97.8599472045898 99.0834884643555 87.1757659912109 68.3908767700195 70.2319869995117 67.8796768188477 65.9097747802734 69.6109161376953 76.4844360351562 88.3550186157227 89.0251159667969 79.0488739013672 69.4536590576172 63.6682968139648 62.8828086853027 62.1592254638672 61.2470092773438 59.8630180358887 58.182186126709 55.7391166687012 52.9583740234375 49.7572975158691 48.6668853759766 48.6594696044922 47.7103309631348 44.5851783752441
105.881286621094 100.912475585938 101.692436218262 103.329963684082 104.393211364746 106.101058959961 107.96703338623 107.82495880127 110.958122253418 106.771919250488 105.793197631836 108.120895385742 98.3536758422852 76.2959671020508 72.7632675170898 73.5888442993164 74.6555938720703 71.1321640014648 68.8680038452148 66.0527191162109 66.8254928588867 71.6519012451172 93.157958984375 92.7706756591797 95.1203308105469 86.1080474853516 66.194206237793 71.4990539550781 72.0497436523438 63.1197280883789 68.8506774902344 83.3579864501953 84.3451461791992 89.2703018188477 72.0890731811523 65.9293212890625 62.3324890136719 61.6311798095703 60.8209915161133 60.3461723327637 59.007152557373 57.5431709289551 55.3558959960938 52.291316986084 50.9441299438477 48.3674545288086 47.5766143798828 45.2202110290527 43.5699844360352
107.555770874023 99.4217529296875 99.6392593383789 100.79354095459 102.370407104492 101.911521911621 98.7426376342773 97.6703033447266 94.374153137207 83.4056777954102 81.2216491699219 102.202026367188 92.2124328613281 81.6080093383789 74.1270141601562 71.0646591186523 71.0466003417969 75.2850036621094 84.5941925048828 89.8924331665039 86.198371887207 86.8261566162109 95.8796997070312 93.206787109375 93.0376586914062 93.5639724731445 86.6824951171875 78.2435150146484 61.5225868225098 65.599494934082 72.1032333374023 87.1225128173828 83.497917175293 66.2120742797852 67.3532104492188 64.5989837646484 60.0886764526367 58.9066467285156 58.0955352783203 57.8262748718262 56.914176940918 55.0553932189941 54.5788459777832 51.8567848205566 50.159065246582 46.2134437561035 45.3290748596191 44.3323860168457 43.278636932373
99.2590866088867 97.2156524658203 97.8333129882812 99.4060134887695 101.178024291992 98.5151138305664 90.7534561157227 89.672119140625 89.2579040527344 83.4632720947266 81.6779251098633 93.7099761962891 83.8754425048828 79.4089889526367 74.3691177368164 70.5721130371094 70.0025253295898 71.6447372436523 78.1322708129883 85.8276138305664 91.3966293334961 96.0573196411133 94.1805877685547 92.0170745849609 87.2667083740234 92.2876968383789 93.2635192871094 82.9982986450195 60.157829284668 60.8938217163086 61.6335182189941 68.8727722167969 76.1478500366211 62.5008430480957 61.3320808410645 62.0475387573242 59.1280632019043 58.046314239502 56.8670768737793 56.3467483520508 54.7743988037109 52.7125473022461 52.9441680908203 51.0158805847168 48.6020393371582 45.9846839904785 45.5231781005859 43.9859733581543 42.7172737121582
97.7651748657227 96.5909729003906 97.0347137451172 99.8920516967773 101.08814239502 96.6967391967773 92.5564880371094 89.3630523681641 85.8136978149414 82.7182312011719 82.5216979980469 89.1726303100586 79.1320877075195 76.0710754394531 73.2727737426758 70.9365997314453 70.1648254394531 69.1419448852539 68.6378784179688 75.706672668457 87.4326553344727 88.8174896240234 92.3262481689453 90.1401977539062 87.9109039306641 89.7771301269531 88.4820175170898 77.0222015380859 61.4536056518555 60.4384346008301 61.955738067627 65.5258026123047 76.2090759277344 61.9372634887695 59.9706802368164 59.3018264770508 58.2475090026855 57.1291465759277 55.2023658752441 54.1209449768066 52.2681503295898 50.5036697387695 50.0071830749512 49.1853179931641 47.3221473693848 45.7992858886719 46.3242874145508 44.1615943908691 43.4278221130371
104.381278991699 100.089179992676 98.4190368652344 101.307655334473 101.36156463623 97.7464065551758 95.0860824584961 91.0367202758789 86.8326034545898 83.5228042602539 83.2400665283203 89.8592910766602 85.7703323364258 78.2505264282227 73.6922988891602 71.4773483276367 69.9900741577148 68.7833480834961 72.6582107543945 85.9460830688477 88.4938812255859 82.4549865722656 85.2715454101562 87.5695343017578 85.0457763671875 85.497184753418 80.9588851928711 70.9993057250977 61.5544776916504 62.4404830932617 70.7541122436523 79.5304336547852 79.8508682250977 60.8123970031738 59.0683364868164 58.4217185974121 57.3773384094238 55.8693237304688 54.2042617797852 52.9365997314453 51.0816383361816 49.484992980957 48.4077033996582 47.2932739257812 46.5796813964844 46.9400672912598 46.9903526306152 45.5908851623535 44.8934860229492
106.690559387207 102.057563781738 100.83260345459 99.9315872192383 101.332374572754 100.981605529785 96.041130065918 92.1937866210938 88.4304504394531 85.5965270996094 83.7645721435547 84.6020660400391 85.4153747558594 81.3911590576172 77.0987548828125 74.9394683837891 70.6945648193359 69.9705657958984 78.0113906860352 90.8745574951172 81.7753295898438 77.9375228881836 79.7424163818359 78.4836959838867 75.6491317749023 80.062629699707 84.072380065918 78.0045623779297 64.2289123535156 64.63525390625 75.7353363037109 84.6918640136719 71.8103103637695 62.0985412597656 58.1846656799316 57.4653129577637 56.4738655090332 55.4714965820312 54.5479583740234 53.0716819763184 51.3227348327637 49.8331718444824 48.2814254760742 46.1117630004883 45.6376953125 47.7300071716309 47.3314361572266 46.6897468566895 45.1314277648926
