rcp4.5models/GFDL_CM3/sc1gr3.23
NCOLS 261 
NROWS 433 
XLLCORNER 336357.134 
YLLCORNER 654653.479 
CELLSIZE 1000 
NODATA_value -3.4e+38 
[rows 176 to 197 of 433, columns 49 to 97 of 261]
288.246063232422 290.096862792969 289.749053955078 289.714233398438 289.524566650391 289.129638671875 289.050964355469 288.682708740234 288.917755126953 288.843200683594 288.965087890625 288.563385009766 287.751770019531 287.531951904297 287.993713378906 287.824462890625 287.581726074219 287.737426757812 287.889465332031 287.74658203125 287.1650390625 286.942596435547 286.532806396484 286.315185546875 286.749450683594 286.045135498047 285.888305664062 285.897613525391 286.03759765625 285.37548828125 285.277130126953 284.739685058594 284.366546630859 284.547607421875 284.522491455078 284.113128662109 284.202850341797 284.305694580078 283.847747802734 284.052825927734 284.470550537109 284.0107421875 284.312683105469 283.873138427734 283.846771240234 283.350250244141 283.271148681641 283.645233154297 283.971923828125
290.106781005859 290.107055664062 289.929260253906 289.650512695312 289.348480224609 289.466003417969 289.168762207031 289.064666748047 289.116058349609 288.97216796875 288.819702148438 288.947570800781 288.521820068359 288.528015136719 288.726226806641 288.3896484375 287.991973876953 288.045623779297 287.421203613281 287.519561767578 287.181121826172 286.868957519531 286.563995361328 286.702026367188 286.830841064453 286.201812744141 285.908020019531 285.983703613281 285.865417480469 285.192779541016 284.907928466797 284.912048339844 284.401123046875 284.734741210938 284.674499511719 284.452758789062 284.328765869141 284.286712646484 284.059967041016 283.777770996094 284.093780517578 283.766387939453 284.106536865234 284.004638671875 284.208251953125 283.614440917969 283.288330078125 283.354339599609 283.446502685547
289.981475830078 289.607025146484 290.134643554688 289.768310546875 289.062561035156 289.535888671875 289.542388916016 289.229339599609 289.079040527344 288.849914550781 288.715576171875 288.741027832031 288.742492675781 288.718475341797 288.413635253906 288.187561035156 288.400360107422 288.288238525391 287.337158203125 287.227416992188 287.146453857422 287.040802001953 287.045623779297 287.013793945312 286.535095214844 286.30224609375 285.991149902344 285.968963623047 285.658386230469 285.215515136719 284.908508300781 285.224060058594 284.917785644531 284.932281494141 285.002868652344 284.71728515625 284.656127929688 284.278717041016 284.212341308594 283.593658447266 283.719390869141 283.702423095703 283.691955566406 283.659881591797 283.8095703125 283.660430908203 283.401000976562 283.277313232422 283.158843994141
289.784484863281 289.041656494141 289.262969970703 289.147216796875 288.904724121094 289.105712890625 288.898406982422 288.935028076172 288.902648925781 288.988220214844 288.963226318359 288.828521728516 288.427703857422 288.198394775391 288.437164306641 288.381530761719 287.895599365234 288.106811523438 287.412445068359 287.220672607422 287.207427978516 287.228363037109 287.281005859375 286.837921142578 286.209991455078 286.29931640625 286.068725585938 286.06494140625 285.427856445312 285.246795654297 285.415313720703 285.499267578125 285.415100097656 285.193481445312 285.273895263672 284.959503173828 284.826446533203 284.367797851562 284.392547607422 284.094268798828 284.198120117188 284.130554199219 283.804809570312 283.424774169922 283.309478759766 283.122406005859 283.359039306641 283.286010742188 283.156677246094
289.207122802734 288.781433105469 288.862762451172 288.848022460938 288.821136474609 288.768463134766 288.684906005859 288.403747558594 288.781005859375 288.808746337891 288.568420410156 288.419738769531 288.455017089844 288.010314941406 288.665924072266 288.631713867188 287.783233642578 287.704040527344 287.804901123047 287.438049316406 287.27294921875 287.336090087891 287.269470214844 287.120574951172 286.700561523438 286.284240722656 285.943328857422 285.612457275391 285.318878173828 285.320678710938 285.618103027344 285.584014892578 285.464111328125 285.370788574219 -3.4e+38 285.119598388672 284.487823486328 284.256011962891 284.521362304688 284.477294921875 284.517364501953 284.422576904297 284.074035644531 283.77294921875 283.533355712891 282.952026367188 283.015380859375 283.133697509766 283.135711669922
288.931915283203 288.941802978516 288.966644287109 288.907867431641 288.716217041016 288.795593261719 288.7578125 288.020629882812 288.176666259766 288.165893554688 288.093780517578 287.920959472656 288.144012451172 287.425750732422 288.114715576172 288.537750244141 288.268737792969 288.019226074219 287.575775146484 287.298065185547 287.398803710938 287.137542724609 286.960266113281 286.856994628906 286.793426513672 286.099914550781 285.966827392578 285.873657226562 285.966857910156 285.887329101562 285.554748535156 285.989074707031 285.519958496094 285.509002685547 285.428009033203 285.067352294922 284.585906982422 284.374938964844 284.783294677734 284.5908203125 284.502471923828 284.400421142578 284.337890625 283.968475341797 283.787048339844 283.189331054688 283.00048828125 282.79345703125 282.899993896484
288.478271484375 288.313873291016 288.279479980469 288.175689697266 288.317901611328 288.784729003906 288.281768798828 287.800506591797 287.652648925781 287.234954833984 287.790954589844 287.700775146484 287.538879394531 286.928649902344 287.592956542969 287.936248779297 288.455230712891 288.304626464844 287.478607177734 287.323364257812 287.387298583984 287.139312744141 287.055603027344 286.974853515625 287.013946533203 286.783111572266 286.459564208984 286.231689453125 286.219818115234 286.21044921875 285.901550292969 286.143737792969 285.566986083984 285.603393554688 285.664978027344 285.215179443359 284.712036132812 284.661437988281 284.976806640625 284.830505371094 284.668853759766 284.363861083984 284.208099365234 284.084197998047 283.637023925781 282.968475341797 282.8740234375 282.508972167969 282.346496582031
288.004089355469 288.005096435547 288.002899169922 -3.4e+38 288.206207275391 288.170013427734 287.855651855469 287.734924316406 287.499938964844 286.723571777344 287.306793212891 287.531188964844 287.215881347656 286.706665039062 287.379974365234 287.660308837891 288.41845703125 288.259368896484 287.97216796875 287.802734375 287.690002441406 287.653472900391 287.6318359375 287.254577636719 287.169921875 287.142211914062 286.727294921875 286.060668945312 -3.4e+38 286.262329101562 286.275421142578 286.174652099609 285.948120117188 285.812316894531 285.627532958984 285.377593994141 284.932495117188 285.062530517578 284.895477294922 284.579833984375 284.586029052734 284.511169433594 284.263458251953 283.920867919922 283.645324707031 283.187805175781 282.885467529297 282.562103271484 282.193725585938
287.967620849609 287.992126464844 287.986724853516 287.999542236328 287.844879150391 287.505432128906 287.658416748047 287.607208251953 287.404998779297 286.625793457031 286.751708984375 287.394561767578 286.854888916016 286.528259277344 287.211242675781 287.514434814453 288.217254638672 288.11962890625 288.201904296875 287.676696777344 287.603393554688 287.836791992188 287.664245605469 287.224822998047 287.227172851562 287.117584228516 286.979949951172 286.592102050781 286.250030517578 286.333526611328 286.273956298828 286.215362548828 286.190338134766 286.041046142578 285.700897216797 285.542572021484 -3.4e+38 284.876739501953 284.638519287109 284.212738037109 284.204620361328 284.121795654297 284.089782714844 283.659454345703 283.451080322266 283.679504394531 283.336883544922 283.048492431641 282.412994384766
287.360076904297 287.713195800781 287.818969726562 287.299560546875 287.3271484375 286.941497802734 286.756958007812 287.255584716797 287.3193359375 286.508392333984 286.322418212891 286.303527832031 286.20751953125 286.012786865234 286.634613037109 287.403594970703 288.011779785156 287.446502685547 287.260894775391 287.229797363281 287.103668212891 287.428894042969 287.315521240234 287.114196777344 287.092468261719 287.105834960938 286.731170654297 286.754577636719 286.749664306641 285.995147705078 285.992645263672 285.852935791016 285.629425048828 285.078338623047 285.486022949219 284.9931640625 284.666290283203 284.359130859375 284.228942871094 283.770812988281 283.721649169922 283.817687988281 283.88623046875 283.981536865234 283.893218994141 284.053619384766 283.838104248047 283.631317138672 283.124206542969
287.300415039062 287.633026123047 287.898071289062 287.603881835938 287.094635009766 286.946502685547 286.829467773438 286.685363769531 287.046020507812 286.504516601562 286.050170898438 285.798370361328 286.040588378906 286.162506103516 286.851470947266 287.249450683594 287.953399658203 287.372497558594 -3.4e+38 287.294189453125 287.074890136719 286.778198242188 286.726654052734 286.884979248047 286.637329101562 287.072326660156 286.4345703125 286.534729003906 286.830474853516 286.238952636719 -3.4e+38 286.153198242188 285.966735839844 285.453002929688 285.621612548828 285.255828857422 284.667449951172 284.466369628906 284.352203369141 -3.4e+38 283.755920410156 284.225982666016 284.502990722656 284.359497070312 283.986724853516 284.215911865234 283.855895996094 283.657318115234 283.058471679688
287.964172363281 288.055633544922 288.111114501953 287.763732910156 287.272338867188 287.551605224609 287.181549072266 286.739990234375 286.510223388672 286.367523193359 286.029907226562 285.430114746094 285.547821044922 286.311828613281 286.817321777344 287.216918945312 287.548126220703 287.382873535156 287.259155273438 286.990631103516 287.023651123047 286.971801757812 286.331115722656 286.434997558594 286.263214111328 286.444671630859 286.274871826172 286.341552734375 286.622039794922 -3.4e+38 -3.4e+38 -3.4e+38 -3.4e+38 285.69775390625 285.687347412109 285.439178466797 284.652099609375 284.61865234375 284.646759033203 284.497894287109 284.413421630859 284.607055664062 284.678436279297 284.616424560547 284.425689697266 284.524749755859 284.116821289062 283.549560546875 283.077667236328
288.090301513672 288.333343505859 288.574645996094 288.339569091797 287.787872314453 287.671539306641 287.330169677734 287.034027099609 286.785614013672 286.713653564453 286.010833740234 285.479187011719 285.749176025391 286.243713378906 286.761749267578 287.156127929688 287.261901855469 287.01416015625 286.963562011719 287.070068359375 286.565490722656 286.786102294922 286.348236083984 286.153839111328 285.795959472656 285.839447021484 286.093475341797 285.899444580078 286.063446044922 -3.4e+38 -3.4e+38 -3.4e+38 -3.4e+38 285.620788574219 285.610076904297 285.483947753906 285.105712890625 285.034912109375 284.823272705078 284.771057128906 284.775146484375 284.683288574219 284.666748046875 284.758453369141 284.573852539062 284.222869873047 284.008026123047 283.684906005859 283.435577392578
288.654632568359 288.722747802734 288.684875488281 288.419403076172 -3.4e+38 287.986694335938 287.700531005859 287.017120361328 286.947814941406 286.768402099609 286.130340576172 285.525421142578 286.060821533203 286.611877441406 286.693603515625 287.050842285156 287.050170898438 286.800872802734 286.701782226562 286.821105957031 286.397705078125 286.066925048828 286.129364013672 286.232971191406 286.053863525391 285.586975097656 285.67138671875 285.548889160156 -3.4e+38 -3.4e+38 285.853576660156 285.780426025391 -3.4e+38 -3.4e+38 285.520599365234 285.334197998047 285.486175537109 285.351379394531 285.196014404297 285.119537353516 284.897369384766 284.938720703125 284.793548583984 284.817901611328 284.668823242188 284.269104003906 283.936737060547 283.927673339844 283.569763183594
289.245361328125 288.929718017578 288.020050048828 287.550231933594 287.570922851562 287.744812011719 287.399566650391 286.774993896484 286.507049560547 286.44287109375 285.984649658203 285.688568115234 285.986175537109 286.391387939453 286.675109863281 286.791229248047 286.790008544922 286.780517578125 286.57421875 286.44189453125 286.505523681641 286.072265625 285.689910888672 285.738189697266 285.818084716797 285.531585693359 285.494079589844 285.350463867188 285.165985107422 285.720336914062 285.582275390625 285.571441650391 285.5859375 285.639343261719 285.535278320312 285.426940917969 285.519348144531 285.282379150391 284.963043212891 284.947998046875 284.877655029297 284.858062744141 284.827789306641 284.794036865234 284.694061279297 284.467834472656 284.005340576172 284.071166992188 283.811737060547
289.197296142578 288.371948242188 288.081115722656 287.465576171875 287.185516357422 287.193359375 287.133056640625 286.837219238281 286.545227050781 286.221618652344 285.743743896484 285.324249267578 286.012573242188 286.448364257812 286.322174072266 286.248229980469 286.333679199219 286.351806640625 286.315399169922 286.071990966797 286.185546875 286.076751708984 285.226745605469 284.953277587891 285.316040039062 285.354187011719 285.465637207031 285.322357177734 285.157501220703 285.082153320312 285.075439453125 285.223907470703 285.177795410156 285.057464599609 285.174682617188 285.530578613281 285.223846435547 284.533874511719 284.487030029297 284.595703125 284.874542236328 284.342224121094 284.63623046875 284.687103271484 284.553131103516 284.227722167969 283.939392089844 283.779296875 283.497222900391
289.308532714844 288.998565673828 288.864929199219 287.984344482422 287.333831787109 287.133819580078 287.186676025391 287.0771484375 286.593994140625 285.940216064453 285.619537353516 285.536468505859 285.899322509766 285.950622558594 285.71044921875 285.717346191406 285.867645263672 285.684906005859 285.69091796875 285.58984375 285.604400634766 285.625183105469 285.217987060547 284.585296630859 284.906616210938 285.412292480469 285.324676513672 284.897155761719 285.181640625 284.724639892578 284.685638427734 285.06005859375 284.76123046875 284.233459472656 284.74365234375 285.188995361328 285.084991455078 284.206939697266 284.113616943359 284.246032714844 284.882781982422 284.301544189453 284.354766845703 284.346405029297 284.363189697266 284.164764404297 283.964385986328 283.672729492188 283.400482177734
289.381469726562 289.188171386719 288.496612548828 288.252960205078 287.923583984375 287.634002685547 286.921447753906 287.498657226562 286.682373046875 286.281585693359 285.69580078125 285.771270751953 285.613739013672 285.620635986328 285.743743896484 285.397003173828 285.180999755859 285.385498046875 285.525665283203 285.460632324219 285.229827880859 285.141723632812 285.312103271484 284.792297363281 284.424896240234 284.849578857422 284.700958251953 284.438537597656 285.013092041016 284.444366455078 284.2646484375 284.742553710938 284.449035644531 283.792846679688 284.256439208984 284.959503173828 284.842529296875 284.487182617188 284.081390380859 283.637725830078 284.497894287109 284.465972900391 284.113952636719 283.975463867188 284.166412353516 284.141693115234 284.050323486328 283.943817138672 283.788299560547
289.278076171875 289.096435546875 288.284637451172 288.529052734375 287.998779296875 287.776123046875 287.372528076172 287.56005859375 286.7294921875 286.615325927734 286.145599365234 285.739959716797 285.854644775391 286.254272460938 286.131439208984 285.900756835938 285.739868164062 285.342407226562 284.806549072266 284.639465332031 284.200653076172 284.600402832031 285.119293212891 284.84765625 284.210021972656 284.343658447266 284.195678710938 284.213623046875 284.909759521484 284.421997070312 284.146636962891 284.217987060547 284.025787353516 283.700988769531 284.022735595703 284.929046630859 284.668640136719 284.564575195312 284.120849609375 283.756744384766 284.153869628906 284.357879638672 284.195159912109 284.119140625 283.932922363281 283.7509765625 283.670288085938 283.768402099609 283.924560546875
-3.4e+38 289.262664794922 288.808074951172 288.174713134766 287.974761962891 287.969909667969 287.810546875 287.416320800781 286.69091796875 286.576629638672 286.302154541016 285.753662109375 286.36767578125 286.334747314453 286.392150878906 286.412200927734 286.352172851562 285.413757324219 285.043670654297 284.389099121094 282.782012939453 284.252380371094 284.541534423828 284.650390625 284.289215087891 284.361633300781 284.181671142578 284.117004394531 284.561706542969 284.247009277344 283.582794189453 282.198638916016 283.537261962891 282.831451416016 283.880798339844 284.502380371094 284.577392578125 284.595062255859 284.424224853516 -3.4e+38 284.071624755859 284.060333251953 284.121398925781 284.155456542969 283.69482421875 283.43603515625 282.972686767578 283.4990234375 283.543273925781
-3.4e+38 289.111175537109 289.176788330078 289.045806884766 288.713958740234 288.554443359375 288.283905029297 287.420227050781 287.162384033203 287.134613037109 287.308654785156 287.114715576172 286.746246337891 286.758697509766 287.260589599609 286.813507080078 286.494537353516 286.157745361328 286.107666015625 285.238586425781 285.099090576172 285.165771484375 284.961547851562 284.834259033203 285.109008789062 284.976104736328 284.957092285156 284.471160888672 284.124603271484 284.055206298828 283.712554931641 282.925842285156 283.020629882812 283.636077880859 283.96630859375 284.276153564453 284.464996337891 284.357513427734 284.039245605469 -3.4e+38 284.534515380859 284.173950195312 283.412750244141 283.658264160156 -3.4e+38 283.533203125 283.525573730469 283.393157958984 283.039489746094
288.963562011719 289.099487304688 289.134094238281 289.092407226562 288.821990966797 288.601379394531 288.199584960938 287.576843261719 287.363830566406 287.453979492188 287.622192382812 287.496276855469 287.344390869141 287.225372314453 287.342010498047 286.925415039062 286.462921142578 286.475646972656 286.159484863281 285.498046875 285.315399169922 285.2529296875 285.095336914062 285.138549804688 285.024688720703 284.936370849609 284.919708251953 284.598449707031 284.075592041016 283.781799316406 283.475006103516 283.268829345703 282.987426757812 283.576019287109 283.967895507812 284.033966064453 283.892578125 284.367340087891 284.179504394531 284.147369384766 284.041015625 284.527496337891 283.962646484375 283.805053710938 283.526397705078 283.358856201172 283.072235107422 283.317108154297 282.748718261719
