rcp4.5models/GFDL_CM3/sc1gr3.27
NCOLS 261 
NROWS 433 
XLLCORNER 336357.134 
YLLCORNER 654653.479 
CELLSIZE 1000 
NODATA_value -9999 
[rows 88 to 109 of 433, columns 100 to 149 of 261]
274.971313476562 275.000427246094 274.765930175781 274.171691894531 274.038757324219 273.652282714844 273.143280029297 273.565979003906 274.136413574219 274.442901611328 274.716918945312 274.929321289062 274.421813964844 274.487579345703 274.42822265625 274.010620117188 273.549072265625 273.303070068359 273.658020019531 272.819946289062 272.821990966797 272.812927246094 272.817687988281 273.141998291016 274.288208007812 274.355804443359 274.948394775391 275.406127929688 275.944091796875 275.7666015625 275.115203857422 275.454376220703 275.989715576172 276.446716308594 275.810455322266 275.628021240234 275.775390625 275.891510009766 275.84228515625 275.799011230469 275.684478759766 275.736053466797 275.602600097656 275.70703125 275.904602050781 275.9443359375 276.765869140625 276.707489013672 277.389831542969 277.283569335938
274.733612060547 274.910980224609 274.312072753906 274.027954101562 273.965026855469 273.81884765625 273.106475830078 273.1142578125 273.75 274.153747558594 274.557220458984 274.685913085938 274.5751953125 274.291748046875 274.023956298828 273.908508300781 273.460479736328 273.248809814453 273.688018798828 273.275787353516 272.838836669922 272.739715576172 272.693695068359 273.021667480469 273.967010498047 274.355255126953 274.852844238281 275.43603515625 275.725311279297 275.196197509766 275.095520019531 275.609161376953 275.913513183594 276.036773681641 275.717437744141 275.801086425781 275.820251464844 275.876739501953 275.903594970703 275.949157714844 275.881530761719 275.955780029297 275.813873291016 275.692657470703 275.699951171875 275.970458984375 277.260711669922 277.527526855469 277.830230712891 -9999
274.427734375 274.642822265625 274.076324462891 273.711944580078 273.804473876953 273.739135742188 273.250457763672 273.326843261719 273.408416748047 273.751525878906 274.161010742188 274.574157714844 274.442504882812 274.382507324219 273.770477294922 273.689300537109 273.554534912109 273.387817382812 273.228515625 273.192474365234 273.293853759766 272.643920898438 272.632202148438 272.939910888672 273.982330322266 274.519683837891 274.661437988281 274.923126220703 274.940032958984 274.90576171875 275.521575927734 275.770568847656 275.264068603516 275.873840332031 275.795196533203 275.777709960938 275.77294921875 275.980102539062 275.924743652344 275.934051513672 275.836975097656 275.988647460938 275.975280761719 276.050842285156 276.307342529297 276.186340332031 277.746429443359 277.800415039062 277.836608886719 277.809844970703
274.124603271484 274.176177978516 274.464080810547 274.2509765625 274.273834228516 273.9482421875 274.340240478516 273.802764892578 273.444519042969 273.986938476562 274.051086425781 274.385406494141 273.843597412109 274.686370849609 274.616638183594 273.890441894531 273.775604248047 273.667083740234 273.186737060547 272.749420166016 272.306549072266 272.592834472656 272.610290527344 272.703216552734 273.808074951172 273.992126464844 274.540557861328 274.603973388672 274.851196289062 275.281524658203 275.136901855469 274.862213134766 274.634796142578 275.072235107422 275.258758544922 275.690826416016 275.790954589844 276.346038818359 276.747863769531 276.756530761719 -9999 276.47802734375 276.425537109375 276.544555664062 276.817138671875 277.094390869141 277.992767333984 277.919830322266 277.853698730469 277.831359863281
274.046447753906 273.990020751953 274.160858154297 274.315093994141 274.015533447266 273.622680664062 273.959808349609 273.662048339844 273.183898925781 273.576934814453 273.982543945312 274.136047363281 273.683776855469 274.378875732422 274.606170654297 274.338165283203 273.884674072266 273.702514648438 273.386291503906 272.764068603516 272.098510742188 272.509613037109 272.681701660156 273.084716796875 274.022552490234 274.499206542969 274.785675048828 274.635894775391 274.406280517578 274.949584960938 274.607238769531 274.698303222656 274.676849365234 274.954162597656 275.570281982422 275.850372314453 275.6044921875 275.905609130859 276.850463867188 276.820831298828 276.981719970703 276.968383789062 276.920196533203 276.906433105469 276.980712890625 -9999 277.91357421875 277.899108886719 277.852752685547 277.810943603516
273.551513671875 273.55419921875 274.100952148438 274.277130126953 274.051147460938 273.866271972656 273.738250732422 273.692230224609 273.380035400391 273.421997070312 273.735778808594 274.001220703125 273.790161132812 273.929748535156 274.264129638672 274.168304443359 273.814971923828 273.824829101562 273.666259765625 273.225433349609 272.290161132812 272.342102050781 272.549926757812 273.063079833984 273.991241455078 274.375030517578 274.833282470703 274.761505126953 274.506469726562 274.565643310547 274.258544921875 274.660278320312 274.756134033203 275.429412841797 275.644439697266 -9999 275.766540527344 275.691864013672 276.525909423828 276.855804443359 -9999 276.984680175781 276.915008544922 276.850158691406 277.374389648438 277.698425292969 277.913787841797 277.873718261719 277.868713378906 277.670532226562
273.048950195312 273.300140380859 273.804168701172 274.129272460938 274.072998046875 274.0185546875 273.621459960938 273.482727050781 273.212646484375 273.584197998047 273.690795898438 273.825378417969 273.707061767578 273.774780273438 273.930969238281 273.727600097656 273.838623046875 273.810363769531 273.750305175781 273.321228027344 272.635986328125 272.304992675781 272.63818359375 273.10205078125 274.287200927734 274.15478515625 274.386322021484 274.860504150391 274.830718994141 274.747985839844 274.467468261719 274.308868408203 274.870635986328 275.693481445312 275.713287353516 276.226440429688 276.338287353516 276.120208740234 276.423889160156 276.742553710938 276.827545166016 276.837799072266 276.959686279297 277.036926269531 277.532043457031 277.639556884766 277.893157958984 277.865600585938 277.836486816406 277.638488769531
273.168304443359 273.280212402344 273.620391845703 273.933074951172 273.669677734375 273.763122558594 273.743713378906 273.482299804688 273.266998291016 272.976287841797 273.193359375 273.644073486328 273.683319091797 273.733642578125 273.71533203125 273.782043457031 273.814056396484 273.845031738281 273.795928955078 273.439575195312 272.834014892578 272.522766113281 272.986389160156 273.587707519531 274.203125 274.49755859375 274.049713134766 275.039733886719 -9999 274.939147949219 274.834991455078 274.510437011719 274.834228515625 275.195404052734 275.794281005859 276.047027587891 276.390319824219 -9999 276.511688232422 -9999 276.798309326172 276.903228759766 277.0771484375 277.096343994141 277.27978515625 277.448364257812 277.391204833984 277.801849365234 277.874237060547 277.688232421875
273.677185058594 273.047973632812 273.24462890625 273.897338867188 273.829284667969 273.885559082031 273.861572265625 273.516143798828 273.120727539062 272.943634033203 273.396911621094 273.672576904297 273.738128662109 273.728942871094 273.695220947266 273.763519287109 273.567535400391 273.742340087891 273.900665283203 273.650634765625 272.708953857422 272.707824707031 273.002136230469 273.796478271484 274.266510009766 274.753723144531 274.968109130859 275.530120849609 275.770843505859 275.094665527344 274.906005859375 274.756408691406 274.688873291016 274.84326171875 275.400360107422 276.404693603516 276.121002197266 -9999 276.487579345703 276.615234375 276.873992919922 276.999694824219 277.038146972656 276.990295410156 277.124603271484 277.410766601562 277.321899414062 277.672821044922 277.880920410156 277.703033447266
273.911163330078 273.014526367188 273.093444824219 273.756866455078 274.099731445312 273.585479736328 273.78466796875 273.639770507812 273.384429931641 273.222625732422 273.575653076172 273.82421875 273.737976074219 273.786071777344 273.979522705078 273.634796142578 273.621459960938 273.699615478516 273.793701171875 273.514770507812 272.628936767578 272.850067138672 273.035858154297 273.835052490234 274.717041015625 274.87060546875 275.629913330078 275.799652099609 275.879089355469 275.616577148438 275.29296875 274.889678955078 275.315948486328 275.343322753906 275.353088378906 276.26123046875 276.083282470703 276.669464111328 276.544128417969 276.524871826172 276.758392333984 276.981597900391 276.985565185547 276.989624023438 277.124145507812 277.461029052734 277.726043701172 277.839141845703 277.918701171875 277.686462402344
274.118591308594 273.619171142578 273.055297851562 273.746704101562 274.114654541016 273.263000488281 273.414581298828 273.394470214844 273.770904541016 273.319427490234 273.285369873047 273.716827392578 273.479583740234 273.753356933594 -9999 273.601104736328 273.641265869141 273.138793945312 273.129974365234 273.007904052734 272.794616699219 273.33447265625 273.510040283203 273.907653808594 274.911560058594 274.867401123047 274.956359863281 275.306976318359 275.835876464844 275.824432373047 275.622985839844 275.202850341797 275.702850341797 275.751892089844 275.701477050781 276.020416259766 276.590087890625 276.706817626953 276.595916748047 276.473327636719 276.577239990234 276.908355712891 277.034362792969 277.182769775391 277.266784667969 277.497283935547 277.884429931641 278.010406494141 277.861755371094 277.442535400391
274.683288574219 273.780487060547 273.142395019531 273.438354492188 274.165893554688 273.585662841797 273.09912109375 272.894195556641 273.155181884766 273.517486572266 273.005310058594 273.178741455078 272.924377441406 273.456024169922 273.605407714844 273.786682128906 273.742767333984 273.229095458984 273.059112548828 272.645629882812 272.851287841797 273.776489257812 273.875091552734 274.417907714844 274.805603027344 274.707794189453 274.63427734375 274.871032714844 275.709899902344 275.847930908203 275.729095458984 275.47216796875 275.266754150391 275.760070800781 275.725158691406 276.363433837891 276.945556640625 276.856231689453 276.668914794922 276.472747802734 -9999 276.831298828125 276.997344970703 277.321716308594 277.344146728516 277.476898193359 277.883941650391 277.824493408203 277.242004394531 277.140655517578
274.297882080078 273.801483154297 273.3798828125 272.947845458984 273.551818847656 273.693328857422 272.937774658203 272.771423339844 273.073120117188 273.588623046875 273.222747802734 272.715118408203 272.659454345703 273.222564697266 273.695251464844 273.806182861328 273.785308837891 273.579193115234 273.016754150391 272.596923828125 272.8857421875 273.822021484375 273.907257080078 274.193664550781 274.286987304688 274.368774414062 274.374053955078 274.919891357422 275.514099121094 275.880249023438 275.674285888672 275.630462646484 275.534362792969 275.76611328125 275.820648193359 276.575012207031 276.96142578125 276.948303222656 276.794311523438 276.472229003906 276.559265136719 276.788696289062 276.823486328125 277.102569580078 277.009857177734 277.050109863281 277.374847412109 277.295684814453 277.050689697266 277.466583251953
274.705017089844 274.067169189453 273.616180419922 273.133514404297 272.989685058594 273.132537841797 273.178131103516 272.94189453125 272.947998046875 273.132965087891 273.422790527344 272.611358642578 272.815490722656 273.620666503906 273.840728759766 273.841461181641 273.842346191406 273.786315917969 273.366241455078 272.691070556641 272.838256835938 273.354644775391 273.805267333984 273.759490966797 273.929534912109 274.311340332031 274.269317626953 274.921478271484 275.365325927734 275.710266113281 275.648040771484 275.834777832031 275.885925292969 275.705352783203 275.847290039062 276.574920654297 276.937835693359 276.843780517578 276.770294189453 276.739044189453 276.655853271484 276.650390625 276.757843017578 276.826019287109 276.903106689453 276.841461181641 276.811553955078 276.816131591797 276.952758789062 277.44775390625
275.183258056641 274.471435546875 273.792938232422 273.384765625 273.2099609375 273.131744384766 273.046997070312 273.290405273438 272.738128662109 272.784851074219 273.017944335938 272.794616699219 273.078002929688 273.82080078125 273.906433105469 273.805877685547 273.407470703125 273.909576416016 273.740051269531 272.927886962891 272.841094970703 272.878112792969 273.153259277344 273.257934570312 273.948120117188 274.708953857422 274.678070068359 274.867797851562 275.357543945312 275.637817382812 275.481170654297 275.745330810547 275.73974609375 275.793914794922 276.009857177734 276.253875732422 276.846740722656 276.804168701172 276.743835449219 276.589172363281 276.821807861328 276.537536621094 276.53564453125 276.883422851562 276.965667724609 276.861419677734 276.320129394531 276.675109863281 276.799377441406 277.247467041016
275.030517578125 274.613433837891 274.424621582031 274.426452636719 273.881683349609 274.063079833984 273.745788574219 273.754486083984 273.506072998047 272.886474609375 272.794128417969 272.519317626953 272.739135742188 272.739654541016 272.795196533203 273.070770263672 273.026947021484 272.985595703125 273.793029785156 273.548645019531 272.888153076172 273.277313232422 273.5615234375 273.673614501953 274.404724121094 274.474822998047 274.945953369141 274.955505371094 275.222412109375 275.493988037109 275.720611572266 275.66015625 275.673492431641 275.578430175781 275.693023681641 276.099365234375 276.672790527344 276.447387695312 275.967102050781 276.195587158203 276.731292724609 276.297058105469 276.184906005859 276.132598876953 276.747283935547 276.470611572266 276.855865478516 276.911560058594 276.935882568359 277.139923095703
274.886505126953 274.494476318359 274.627716064453 274.661193847656 274.546447753906 274.570678710938 274.014892578125 273.809875488281 273.745666503906 273.204925537109 273.221282958984 272.669006347656 272.402862548828 272.318115234375 272.740692138672 272.741485595703 272.742431640625 272.885131835938 273.460327148438 273.000274658203 272.716186523438 273.155944824219 273.738525390625 273.734039306641 274.361694335938 274.786682128906 274.910003662109 275.051361083984 275.473724365234 275.626525878906 275.207061767578 275.612976074219 275.696136474609 275.256774902344 275.865478515625 276.246704101562 276.318237304688 276.171051025391 275.893798828125 276.0576171875 276.217803955078 275.919189453125 275.869323730469 275.888031005859 276.625915527344 276.635559082031 276.810028076172 276.744689941406 276.803070068359 277.053131103516
274.673034667969 274.299652099609 274.227416992188 274.318817138672 274.896087646484 274.756195068359 274.390502929688 273.983184814453 273.611358642578 273.659912109375 273.470031738281 272.869842529297 272.098968505859 272.483734130859 272.859008789062 272.92578125 272.825592041016 272.80908203125 273.026916503906 272.597320556641 272.450256347656 272.8828125 273.503753662109 273.795715332031 274.427459716797 274.857696533203 274.88818359375 275.104156494141 275.452728271484 275.210144042969 275.064544677734 275.355224609375 275.223175048828 275.523132324219 275.853271484375 276.124938964844 276.106353759766 275.731414794922 275.744323730469 275.897735595703 275.949584960938 275.764343261719 275.517761230469 275.986785888672 276.674713134766 276.89794921875 276.737731933594 276.561676025391 276.814086914062 276.940521240234
274.7861328125 274.553649902344 273.796112060547 273.756622314453 274.091033935547 274.087554931641 273.867889404297 273.886993408203 273.631500244141 273.746337890625 273.641693115234 272.896636962891 272.400421142578 272.432830810547 272.902313232422 272.880523681641 272.915863037109 272.938507080078 272.8876953125 272.717803955078 272.485168457031 272.821868896484 273.620758056641 273.946350097656 274.420288085938 274.571868896484 274.772247314453 274.973846435547 275.115203857422 275.005676269531 274.945739746094 275.016906738281 275.026153564453 275.76416015625 275.791473388672 275.989410400391 275.920745849609 275.335662841797 275.263122558594 275.482849121094 275.858093261719 275.523803710938 275.650451660156 276.059539794922 276.334197998047 276.597320556641 276.725067138672 276.521942138672 276.775939941406 276.849639892578
274.906097412109 274.465179443359 273.532012939453 273.490417480469 273.587280273438 273.608306884766 273.458251953125 273.742340087891 273.741760253906 273.767028808594 273.766571044922 273.057891845703 272.697723388672 272.448883056641 272.327880859375 272.523101806641 272.939910888672 273.084014892578 272.98388671875 272.389923095703 272.396148681641 273.029357910156 273.723602294922 274.019012451172 274.061737060547 274.525482177734 274.820373535156 274.930511474609 274.968933105469 274.986328125 274.677825927734 275.060607910156 275.173156738281 275.405090332031 275.860992431641 275.956176757812 275.891967773438 275.506988525391 274.966522216797 275.075653076172 275.421264648438 275.5830078125 275.682678222656 275.209838867188 275.231384277344 276.243774414062 276.552124023438 276.414733886719 276.59033203125 276.343048095703
274.807830810547 274.207977294922 273.53271484375 273.629150390625 273.682312011719 273.686584472656 273.737152099609 273.814849853516 273.656005859375 273.752136230469 273.755279541016 273.397796630859 272.556365966797 272.098358154297 272.001892089844 272.543884277344 272.987121582031 272.890411376953 272.786468505859 272.155548095703 272.61376953125 273.279632568359 273.72412109375 273.849487304688 273.847381591797 274.26806640625 274.514129638672 274.502563476562 274.815582275391 274.955841064453 274.543151855469 274.927886962891 274.975250244141 275.139617919922 275.861267089844 276.029968261719 275.959564208984 275.836059570312 275.450225830078 275.331604003906 275.094543457031 275.419799804688 275.248229980469 275.013397216797 275.280059814453 276.069885253906 276.341125488281 276.232696533203 276.310913085938 276.091766357422
274.740936279297 274.424621582031 274.226379394531 274.280914306641 273.761474609375 273.842803955078 273.732940673828 273.339294433594 273.586639404297 273.5771484375 273.315643310547 -9999 272.839508056641 272.088256835938 271.855499267578 272.146148681641 272.489074707031 272.563934326172 272.523071289062 272.126159667969 272.787841796875 273.050048828125 273.474487304688 273.489318847656 273.261260986328 273.741851806641 274.107513427734 273.966461181641 274.380706787109 274.814422607422 274.241516113281 274.645568847656 274.890686035156 275.140380859375 275.861633300781 276.203186035156 276.129791259766 275.994842529297 275.679229736328 275.256469726562 275.106201171875 275.178314208984 275.121429443359 275.355133056641 275.745330810547 276.045684814453 276.220367431641 276.146881103516 276.217254638672 276.565734863281
