rcp4.5models/GFDL_CM3/sc1gr3.4
NCOLS 261 
NROWS 433 
XLLCORNER 336357.134 
YLLCORNER 654653.479 
CELLSIZE 1000 
NODATA_value -9999 
[rows 110 to 131 of 433, columns 100 to 149 of 261]
261.359331148087 261.434089181693 261.325553500121 261.091070757697 260.227987719831 260.244644605393 260.316405842616 260.06447696453 260.035261853625 259.726389096644 259.465864912688 259.427592893005 259.60536229898 258.941852690598 258.708278728952 258.733284890445 258.518556720076 258.691410742276 258.743023200054 258.720135487602 258.696336463881 258.993351829283 259.325703198929 259.581724323109 259.185274861726 259.600130284391 259.429911386628 260.187484172495 260.883040073897 261.002155223719 260.503303317482 260.757416152924 261.415823302239 261.651843116629 261.97816672911 262.590239540818 262.385111966833 262.261230520098 261.529335571469 261.495733704025 261.530747058729 261.516610065974 261.260917395301 261.504358389596 261.689648865114 262.230354695582 262.683875260091 262.686679211299 262.52121167038 262.747681891108
260.922769035842 261.320254283719 261.16295598022 261.034660453809 260.598426477315 260.493559607776 260.413631410102 260.313082714861 260.066880391647 259.908758378354 259.476165739874 259.329184649176 259.515886831373 259.466463313721 259.431042113256 259.043301801152 258.547356084882 258.488612017862 258.341952798093 258.714215986557 258.487404712351 258.600537214426 258.786132337077 259.032654175018 259.427564468153 259.507202089822 259.482544418946 260.615021383115 260.926344034928 260.536146772743 260.369343073795 260.9823595414 261.579500309444 261.535355138207 261.65686004042 262.524064174016 262.293292380374 261.867029100746 261.442214484603 261.420261625237 261.129413919602 260.990989558707 261.283158126966 261.497184070959 261.54628405358 261.78535035477 262.701380308416 262.828654895287 262.887259302654 263.132770764249
260.438758915159 260.987894462644 261.077893410244 260.887053409619 260.848990971348 260.914983764562 260.626585346533 260.585834487152 260.363570942418 260.184201581067 259.875959651745 259.820768026649 259.51679101852 -9999 259.838898031086 259.478196167257 258.79082105778 258.505177903639 258.388941333572 258.609616935128 258.580718651912 258.37699853607 258.448386651634 258.694118629101 259.560754646925 259.811499430572 260.296209842469 260.741557804442 260.613155933716 260.25039082819 260.436823188033 261.112409692195 261.346018148936 261.054551763861 261.614544035045 262.348761209628 261.808614345483 261.522496592952 261.420477894376 261.340016241163 260.914427089738 261.130901852797 261.559934472745 261.660230783625 262.063800515205 261.980513381431 262.60359018023 262.824133013896 263.114973630977 263.281240318157
260.197144443509 260.869381557151 260.792621652318 260.767577781402 260.797114729758 260.954306117053 260.753852282497 260.70737363113 260.472250515428 260.400654812433 260.188332383817 260.235582509189 259.725063623477 259.578112453737 259.683843807415 259.656684627847 259.41487950347 258.877680652959 258.940980677255 258.547628611604 258.553225307087 258.38170057377 258.511558131748 258.810083794219 259.448173541119 259.75849695237 260.570142994339 260.674942810887 260.196116642029 259.754309490705 259.872700592234 260.64491044992 260.715197097392 260.808564492279 261.580383345939 -9999 -9999 -9999 -9999 261.198873248324 260.832789699727 261.504190915433 261.756522549636 261.963852176673 262.447668170457 262.382065794909 262.610344971913 262.997512955944 263.022362773152 262.731167013989
260.051951816366 260.466031033195 260.701737201088 260.633030252858 260.52456752177 260.89822530259 260.720738936557 260.539803779079 260.506295635129 260.45007452857 260.28027161017 259.993719603029 259.897717188231 259.417231568344 259.285022827725 259.507103350332 259.69566047394 259.363827455199 259.271593355775 258.45302732942 258.516760142333 258.472936174758 258.551700812139 258.671449662327 259.349577094966 259.449475543031 260.003313778315 260.500563879551 259.743361296117 259.019729466589 259.585442695733 260.334189657609 260.500693513327 261.157247296401 -9999 -9999 -9999 -9999 -9999 261.231223868338 261.02730660603 261.259435045629 261.528923565552 261.92578606199 262.343663757931 262.509280104522 262.587938194763 262.862098536498 262.808534653476 262.761814290728
260.386802322853 260.091508224713 260.004354610885 260.042536631445 260.121513900533 260.318308816771 260.528727582254 260.557868680673 260.350626671724 259.861341286982 259.9415772628 260.364572720442 259.751907488678 259.566525819179 259.370636067462 258.833558219741 258.715981763874 258.987741778703 258.898526666795 259.254053951389 258.493796930556 258.329957117818 258.320709264088 258.7970263091 259.244850877005 259.398537462381 259.668782068195 260.126087595404 259.481265355474 259.501314603979 259.461094658383 259.459483545593 259.852760267956 260.097685263637 261.291785911433 261.205636243855 261.16992642525 261.142968445431 261.537582835598 261.441180804863 261.334583397725 261.429709913519 261.58402624128 261.888497530786 262.505730554652 262.451034478105 262.256934641742 262.158083345612 262.647537871318 263.274582815487
260.315434285815 260.183983927562 260.030732655872 259.977220903524 259.933201615869 260.234824309225 260.479738340214 260.475571977442 260.334118093041 259.64018240537 259.715562059469 259.898282769572 259.619036731628 259.603459391828 259.36168954833 258.529438891508 258.591108857119 258.959470461031 258.443673499689 258.719840806673 258.472317965913 258.297022671513 258.493425252697 258.709857362356 259.457492198498 259.443073228329 259.393344434725 259.888182344262 259.318764985537 259.663468478075 259.937907834202 260.196659933596 260.400104529128 260.352475012095 261.260498685873 261.126196170595 260.859038653971 260.788827506279 261.483236184643 261.439239196686 261.264493915185 261.190563164318 261.497367912496 261.990673066067 262.393466181271 262.192819757335 262.65198422867 262.904944437479 263.152805122428 263.476037983491
260.144011609082 259.966778969742 259.986442500786 259.902057360651 259.770222704228 259.917653636371 260.328210329635 260.409379128995 260.249711799171 259.477253950626 259.516635751336 259.440890695419 259.43302383601 259.255895019352 258.788302014811 258.503012051437 258.401424685725 258.611989664467 258.383039044133 258.472910979595 -9999 258.156766055492 258.419412253744 258.416747932345 258.921130467358 259.032257787202 259.431957490492 259.361369693141 259.279457076947 259.823048431421 260.405072973582 260.628402253953 260.751718856273 260.628858398088 261.252582049496 261.123735503527 260.444902822613 260.519080575128 261.505956998874 261.533403402226 261.296739811626 261.091301982544 261.488624901689 261.790550873145 261.946689833622 261.965346141201 262.590218786734 263.07810667696 263.423187570779 263.474129680367
260.073495950147 259.897039222456 260.018208483222 259.900497906838 259.72872996214 259.624807897443 259.84868643378 259.983498667778 260.287224582759 259.668773331259 259.496394620104 259.462880940393 259.015887189157 258.595986411583 258.14428772217 258.319845712266 257.880114637713 258.250483335662 258.377033267967 258.069865264137 258.224710636531 258.184048145217 258.115545497049 258.326298060569 258.375499033951 258.693562119212 259.076709436417 259.287204854274 259.309581731846 259.703603290796 260.494208697984 260.469479862845 260.376863497476 260.428725555131 260.870918082999 261.069318900216 260.25620439808 260.432268886951 261.522253549336 261.602091825717 261.371954136673 261.153671530156 261.449809878457 261.615804167007 261.564608533952 261.831863966586 262.472789486244 263.035696384649 263.404266768258 263.417435323837
260.284727240005 259.84100611737 259.865199692667 259.725784403959 259.727175839027 259.582324664553 259.577840493615 259.610605513558 259.778140884862 259.690744000423 259.608937075379 259.343524673896 259.037319078426 258.304511053593 258.068225823781 258.312470361589 257.781301506354 258.383626836858 258.164164607479 257.658958562005 258.164343277185 257.581040088053 257.796664498601 258.331024902501 258.575536653168 259.007134466893 259.189847221569 259.310476388021 259.462899546124 260.045513241487 260.35716520925 259.937809712138 260.123457976053 260.573183674033 260.974995409012 260.753168118825 260.272346845949 260.601743657862 261.210168609695 261.52910946053 261.288116188721 260.903537711527 261.319521642463 261.307947840497 261.315865378395 261.911469736221 262.670271464491 262.942810243272 263.133862725918 263.171193155191
260.683447033488 259.869463711661 259.838643503989 259.638412880972 259.365655433482 259.495591865406 259.559759589394 259.476688883955 260.250092260589 263.146600077127 259.572877133792 259.304777179341 259.088892891142 -9999 258.115379061665 258.239295998607 257.62028434533 258.346912864064 257.530770557014 257.412571891386 257.880785466295 257.354515238713 257.729315128829 258.477946782798 258.844361180919 259.471348701826 259.404082948236 259.126297586894 259.467787470165 260.020825495433 260.267340772193 260.200369979971 260.417159941429 260.946338419471 261.23968533528 260.49800639526 260.366843467292 260.591968704503 261.098783242574 261.379060243452 261.191271755343 260.809057642764 261.241937227666 261.309882765705 261.406248123688 262.03289444244 262.367974097259 262.467074275823 263.036632161294 262.961821105663
260.532592839499 259.995022868247 260.279663878182 259.887235438527 259.513859689306 259.6442846651 259.717127115799 260.165036012144 263.613013310467 261.792854531217 259.546482148015 259.440067761774 258.633059736204 258.513297404971 258.206797998542 257.998364466452 257.741929025764 257.786805120499 257.191261349082 257.309380279438 257.810081373007 257.909179425935 258.047551278423 258.617548842821 259.173280797934 259.576313009502 259.615167420563 259.687342593352 259.747950959704 259.900703930828 260.221379538572 260.750852319214 260.759073516661 260.770939088701 260.205746881386 260.069116633313 260.628242567175 260.879348433989 261.184021420544 261.331529005541 261.295073080014 261.058981569765 261.373173792202 261.781935640886 261.837375787745 261.873689901441 261.888573012511 262.261068852419 262.922922452098 262.851093633412
260.050987633373 259.962875895617 260.664748768337 260.411018471351 259.987171385882 260.180234370453 260.213026335987 260.193006790478 262.104530488589 259.839923150873 259.538877698639 259.410141618753 258.785928475656 258.336704832291 258.132790328381 257.940980977664 257.713840758607 257.202235570828 257.210371167969 257.776261774785 258.153707374457 258.200855000666 258.325281387944 258.650401586398 259.305032856213 259.862145151352 259.873345352677 260.198600566745 260.036809853652 260.161549743086 260.212066657752 260.625383850118 260.374849807618 259.464948305148 258.93504083641 260.057479572051 260.79284293447 261.187637277614 261.111282793139 261.323373581992 261.261797919831 261.065537231989 261.57652014219 262.134364033429 -9999 -9999 261.665946667181 -9999 262.798520593065 262.74346807076
260.518202253002 260.336492195225 260.655239212432 260.609171225676 260.392399773317 260.42131501512 260.427059930216 260.223142415524 260.289470041805 260.09068115433 259.442990810236 259.35446417897 259.054401463799 258.347707736011 258.254476972589 258.14974004826 257.344328752029 257.223322921625 257.717678749832 258.145102478885 258.358613611557 258.721682445056 258.595286607092 258.922759821442 259.540954369272 260.101514577468 260.243433135411 260.294703870492 260.239380578841 260.42510488618 260.40793352022 260.12925897924 259.164636673154 257.959002296459 258.894274750366 260.4114648192 260.712046650816 260.959395471048 261.103596042068 261.157447445402 260.958966510438 260.95333429134 261.499439657678 261.367108573945 260.598751153697 -9999 -9999 262.319006519553 262.796812120061 262.727658377039
260.824836260527 260.578386973238 260.4873284155 260.499518151372 260.569743707251 260.47679826868 260.320497512683 260.411633751713 260.385301473492 259.892890295988 259.305091862097 259.352952912867 258.983773785213 258.737595378901 258.181629286815 258.127345460238 257.61155512936 257.337574906118 257.640357170853 258.085093404027 258.187788258347 258.689308554098 259.075428044038 259.14729648712 259.305495013276 259.653915003175 260.456225578581 260.28029724667 260.144266422484 260.212168572933 260.03125235161 259.09247185571 258.341206063189 258.105915510103 259.23533927587 260.491377067347 260.567202907901 260.741172807586 261.090022089526 261.093224721947 260.730192185544 260.984013167728 261.605042362104 261.451228776655 -9999 262.222467692467 -9999 262.676146361578 262.767850728157 262.679345678451
260.872948359678 260.788444371359 260.679365567765 260.444532347481 260.545114395818 260.349163153276 260.195648262635 260.011682532668 260.038910425657 259.706215790792 259.313939748292 259.232560139657 258.48068149688 258.415452521331 258.052648025937 258.109423631579 257.93262368807 257.600160977249 257.827844933868 258.015753800613 258.068046256879 258.43829920637 259.072632357306 259.17000597371 259.182086890247 259.666098158621 260.237778758337 259.932811386418 259.711977336293 260.036716166345 259.59300514757 258.574148583749 258.442864847398 258.912313417563 259.571138344835 260.279921590638 260.370025248594 260.721602983779 261.004710890468 261.009024649002 260.847898750556 261.300519549758 261.7653507272 262.045178201076 261.943731313255 261.795602646699 262.182593454031 262.674562367843 262.745523930114 262.599195976951
-9999 -9999 260.783048492517 260.425335529544 260.49829758933 260.546217638583 260.239818141386 260.218182823966 260.15970189851 260.076245874659 259.643337254646 259.294453249349 258.878415012359 258.181720338447 258.104184047507 258.139627586194 258.061872458362 257.545679472903 257.62477035238 258.222080882986 258.976192344375 258.939361681903 259.225695283688 259.054216166772 259.352293869495 259.523807586267 259.111632603073 259.158614906915 259.487011117582 258.233699984508 257.904164178357 258.771967098785 259.355235031177 259.40897462281 259.756856445195 260.18991319751 260.729431913504 260.719521877557 260.50139338326 260.503526093939 260.56091706068 261.140432585071 261.756200528035 262.063498060312 261.873418482964 261.396718503868 262.160646561487 262.4884133155 262.486916657015 262.281167561667
-9999 260.615214281527 260.562021275665 260.328410900785 260.448216884996 260.642168158656 260.608854604509 260.275447797641 260.022453432388 259.908540939631 259.38985816669 259.265566259024 258.492700521086 258.344662334916 258.460926044699 258.152498786899 257.88918100875 257.425371958432 257.293260078918 257.864253416777 258.479411347811 258.732884596298 258.900916100214 259.075335742149 259.137492210353 259.242315530765 259.047884819668 258.997243925135 258.718768171886 258.045738819552 258.4887952017 259.360619261309 259.696693821204 259.633664656204 259.864782889267 260.251543936456 260.746498145129 260.754556506281 260.586162030065 260.581624498692 260.951648513924 261.13193530416 261.456322335399 261.767834320391 261.721199093494 261.466646895987 262.116019664639 262.167698435698 262.179286855327 261.927695116673
261.389750208357 260.387435152924 260.132803518261 259.833266226546 260.316775862852 260.377863227894 260.404643001941 260.27558454719 260.100078982112 259.616742746079 259.296014697549 259.115450766888 258.553290763479 258.783290600046 258.787905815363 258.421182981487 258.069037555205 257.568418953539 256.995261034608 257.538201029109 258.205961971586 258.820738458673 258.569793204656 259.105870336879 259.083134330827 259.073394857204 258.830740182572 258.739889107251 258.151182543003 258.734760781419 259.36699310236 259.648739613517 259.812608296432 259.864935339875 260.017218897353 260.545018987523 260.726563540918 260.752916896095 260.584532408023 260.535825290041 260.846500523854 261.124928285312 261.260081563095 261.62322658038 261.444786437637 261.106798559051 262.01972588927 261.758082474039 261.837129003117 262.030151551533
261.218803567454 260.29601127906 259.629701639944 259.553547263747 260.221580309782 260.151206241389 260.230259781506 260.237773161438 260.226972314515 259.903012231689 259.611521330271 259.226522645039 258.926555969384 258.997460040697 258.766921820879 258.344808277601 258.045856137783 257.405635605258 256.720285363388 257.40621512565 258.114841851219 258.495200309079 258.484446871038 258.622144805294 259.006162401546 258.898051386411 258.376661697317 258.307614537224 258.163117015886 259.136982127387 259.65915417598 259.780829438928 260.014565597932 260.041722157269 260.027193682559 260.296829279826 260.530523859145 260.676605648879 260.321601521273 260.242804214198 260.375938762737 260.958745084138 261.189640288286 261.647838576704 261.412137526296 260.886647694512 261.746909057378 261.531053090387 261.651292894455 261.844242882584
261.16638963498 260.336348281284 259.941541434365 260.05857734119 260.137406245806 259.672942287823 259.70511971921 259.65600765958 259.854756685968 260.009080634934 259.902903296322 259.484795122174 259.132621109631 259.075547318871 258.704315629003 257.873526185754 257.055027657673 256.914773438095 256.200646442831 257.077972780233 257.886183123306 258.240294464013 258.46105014309 258.247431502397 258.559386535904 257.530551573772 257.656315069613 257.332885805419 258.584760692344 259.066614746885 259.444732871281 259.833582818428 259.946654339899 259.396326037921 259.624859879656 259.952533361319 260.303637671378 260.453034200521 259.979523267401 259.819095889815 260.040511439331 260.859450088764 261.2055223303 261.587634350908 261.282750829942 260.961047505617 261.516519350867 261.336979920723 261.577829104062 261.711950962822
260.918040113757 260.406246674953 260.358920093952 260.37873120564 260.178954438394 259.8144086446 259.364012012792 259.265959114439 259.457468895737 259.586862115423 259.94190970441 259.435526368555 259.278181022149 259.127655877378 258.728594418403 258.018521098469 257.233795445027 257.013267242212 256.416091973343 257.160799734432 257.952674725953 258.251306335617 258.166257207706 258.074923171517 258.413382978496 256.99207563398 257.748089220923 257.514728531226 258.827172189192 258.964791398455 259.350709499311 259.789232527404 259.875504938879 259.387281169853 259.532504172199 259.784648749006 260.117372770756 260.232054383258 259.798874550802 259.673324561086 259.997525027587 260.592275954929 260.971383360982 261.215803846436 260.924585441229 261.001185104295 260.838379213201 261.144931900754 261.601071312391 261.999205901445
