rcp4.5models/GFDL_CM3/sc1gr0.6
NCOLS 261 
NROWS 433 
XLLCORNER 336357.134 
YLLCORNER 654653.479 
CELLSIZE 1000 
NODATA_value -9999 
[rows 198 to 219 of 433, columns 50 to 99 of 261]
82.432425949774 82.4371743545256 82.4840580868487 82.5126206301193 82.5331821380932 82.6843622363437 82.6966192682993 82.855296936079 82.8195574319025 82.9408194682171 82.9609633984144 82.9888405255119 83.0012723977908 83.0837877909576 83.1382406151173 83.2682209347962 83.4070181584167 83.4495516524173 83.5253312524043 83.4628420769322 83.6298670869091 83.6957821985082 83.7593561963142 83.7317204011277 83.7793480363105 83.8336290233679 83.8546140590022 84.0108812348536 84.1554385502869 84.1389202342334 84.2387528623015 84.3071770517705 84.1696461402583 84.0882109396316 84.0452866563603 84.0631836583453 84.0246930831483 84.0531533870356 84.1285096760981 84.1206095968019 83.8887378886164 83.8500353010349 83.9641727354852 84.0059264491982 84.0929305857696 84.1906798306014 84.2117059146205 84.1642764156251 84.1806802818152 84.0753989373135
82.5088916752424 82.5640658635551 82.6183883341914 82.6023719679751 82.6042754269272 82.757660943475 82.8336655961208 82.9754019998855 83.0041482135031 83.0934975171243 83.2201597311773 83.1935043088167 83.0379102855213 83.1208042905357 83.1541139714633 83.1944245944607 83.3179850020655 83.4295501568633 83.4748787167595 83.5482334971502 83.6452423850865 83.6533926490774 83.6620370121762 83.7576344775282 83.8691754300949 83.9537076075493 84.0188845442413 84.0779160315382 84.0400146720878 84.1251766827552 84.1032852309378 84.1517495149286 84.1246194344197 84.2098904956521 84.1379330877747 84.0539283203143 84.1223118600495 84.2169140964334 84.1452848370108 84.1951777590864 84.1167340318142 84.0708558957739 83.9855987861516 84.0792010913425 84.1509733934431 84.2734735099313 84.2942859792814 84.2457620059054 84.2617516816392 84.1563176100166
82.5851706440567 82.6869916603782 82.8283336429329 82.8315267194875 82.8701441121084 82.90396907366 82.9770066929287 83.0117415450104 83.0331133952906 83.095893453396 83.2071885099025 83.2425060689475 83.2194128166072 83.3149498946777 83.3199605231704 83.3376592682363 83.4049621444031 83.448883063431 83.5479274568806 83.6435938973015 83.6671592211349 83.6929557527484 83.6896744431003 83.8632520727535 83.96296501743 84.0465315114045 84.0539255655953 84.0743861494643 84.0846032725412 84.2965048775728 84.2251961859397 84.2898785124295 84.254423770263 84.2759133939629 84.1751078772895 84.165861528871 84.1951782146726 84.1507296963651 84.2137166689122 84.3305823586814 84.3022009994665 84.2281876608509 84.070773354471 84.2298270842219 84.2025349863994 84.2745539051802 84.2768881190236 84.2640113866836 84.270852707964 84.2234925462214
82.6368626401466 82.7533028617758 82.8301955717626 82.9273436034476 83.0213374325733 83.1529808830164 83.0139859075681 83.0001810284146 83.1206901893299 83.1616602023817 83.2726028576125 83.3272092136655 83.346767457225 83.3735131856952 83.3852177192329 83.4928884775179 83.5655230949776 83.6325503519169 83.5981127845845 83.6421158071726 83.6932567120928 83.8571634653939 83.7848460081388 83.8277923238065 83.9252800196309 83.9837440444868 84.09364470042 84.1384881368025 84.2104496478396 84.2850517619217 84.3612799406413 84.3729701694432 84.1131703632479 84.1812087018363 84.2828945562593 84.2173898089623 84.2426391275777 84.293669692274 84.3295876460144 84.3629772155431 84.2886930519412 84.2899175973689 84.240100903024 84.2462920847001 84.2587522899472 84.2699040886151 84.202660730252 84.2795876538423 84.3382266963363 84.2944956552618
82.7572207384994 82.8439806419268 82.8898505917323 82.9108643028711 82.9240387591558 83.1211390662662 83.1727686675538 83.1159973512707 83.2484070551286 83.1774525905699 83.3787886329889 83.4123611418258 83.4659529150655 83.4639221908986 83.6261176530012 83.6520033396723 83.6156298135895 83.8617132355157 83.7517200929745 83.6354699125391 83.7806710555165 83.8957934108913 83.8722495499906 83.8197159879841 83.8837690330251 83.9145833066116 84.0834591354911 84.1699788009043 84.1669627429672 84.1665314030206 84.2296977320608 84.065911218064 84.0058534603376 84.2280956855468 84.3951278830143 84.3494465010113 84.3288597671826 84.4147504466203 84.4059148686689 84.4251785524137 84.3372181880024 84.3245878347556 84.3172708116594 84.1825119432439 84.1934827064874 84.2179704855025 84.2593924095894 84.2412659208806 84.2922152670565 84.4321340615362
82.8721864128131 82.9314645703995 82.983057194722 83.0808397389915 82.9909812813495 83.0441434595423 83.2848323475318 83.1244015364191 83.2777242443561 83.2573055771269 83.4365283291014 83.5042495334137 83.5238158222009 83.6247069833921 83.6657031189171 83.6964998602307 83.7188926341743 83.8995439971882 83.7722146294063 83.7670484668015 83.7432729244023 83.8867071332963 83.9069655056987 -9999 84.0078713518103 84.069465483196 84.1733809131657 84.1585919788283 84.2968424521662 84.214502777799 84.232731025161 84.1606831528552 84.0950290034602 84.2483006512564 84.3429065006662 -9999 84.2882944500573 84.3776112875698 84.414528544577 84.4751024190747 84.3611829966793 84.3598383712721 84.3016840539649 84.1490380571014 84.1985248195229 84.2171811245189 84.3079775165246 84.2914514037153 84.3212246115867 84.4370224297358
82.8088380587064 82.9194762425473 83.0001692091894 83.1274396681479 83.1257565972937 83.255431038959 83.3081001871228 83.2337387921603 83.3088305318206 83.3914492711717 83.4880713535551 83.6723216358988 83.628275331401 83.6277271279229 83.7337068988022 83.7994369416779 83.8020000422828 83.7645224561584 83.8356671506131 83.793052082488 83.7706507160068 83.8386085221667 83.8862752589658 83.9344690273197 84.0669352147008 84.1263130564185 84.2863931122555 84.2776278850504 84.2784998642474 84.2246828695147 84.2435290115616 84.2181222755101 84.1862084550044 84.2415243844041 84.298380477015 84.3639773321291 84.3581324618236 84.3909686420019 84.4280672063136 84.5113105004194 84.4180731449567 84.3962063440016 84.3680146136849 84.2268032110498 84.2489108286239 84.3733788999421 84.3040576344913 84.3588095308307 84.3169078831858 84.3746615599797
82.8487856243296 82.9124338446599 83.1200685392816 83.0763964218932 83.1559966755139 83.2948356918349 83.2898298351313 83.2208292247883 83.3183415508663 83.4003376931713 83.4549057764449 83.5508397125486 83.574308592774 83.5270536958994 83.7276655581982 83.6477255443413 83.8518937032316 83.8136920779397 83.8798259625191 83.850050911934 83.8967796451252 84.1206024198001 84.1292402522745 84.1178473684245 84.0911899744146 84.1716945518316 84.2479742430444 84.2854813801845 84.165993377006 84.176209134146 84.1582584869168 84.2105936110314 84.2431022242539 84.2197846867771 84.3298619045798 84.5770717207562 84.5627828573901 84.4791065027745 84.5102853847393 84.5481974649097 84.4645134871801 84.403803545066 84.4314757497206 84.3930067054741 84.4256604810614 84.4318852245213 84.3107856000246 84.3748064025297 84.3139670597448 84.4106421090174
82.9073157200483 82.9246895796439 83.0548805302073 83.0392918617483 83.0179911580001 83.0744492130606 83.3003333979968 83.275520120391 83.4600745228508 83.4450097974902 83.5053126261666 83.5587958259161 83.6241584305102 83.6423748165877 83.7144637073567 83.6751905786579 83.8093436141104 83.7719446330405 83.9194883496584 83.89931617507 83.9359507331844 84.2580646001946 84.276480923997 84.2109817498831 84.0835517587275 84.1350474313887 84.2409266098878 84.3001194706183 84.2020600486417 84.3270920725338 84.1465915783877 84.2483896309384 84.371256124521 84.2255527948575 84.4370379401125 84.6738383135565 84.6050005632216 84.5063561621696 84.5483120041709 84.6434748272735 84.5494089661746 84.4661813616781 84.5246695046168 84.4835626913104 84.5407168221759 84.5393523311976 84.3512509680524 84.2960701033878 84.2815899659316 84.3567211287559
82.8253851159773 82.893704701717 82.9937746235325 83.0093471659069 83.0195602859643 83.0347322941394 83.2901205272482 83.3107707781428 83.357642075635 83.3974069116684 83.4119217374356 83.5610582610565 83.6276892615317 83.6575809554316 83.6359201789628 83.7264477213455 83.7648253672573 83.7618288088053 83.9758915390163 84.0409237265896 84.0343075814826 84.0279018772777 84.1539539611681 84.2784952352855 84.0327866560835 84.0517529147597 84.1037242012505 84.2165817211021 84.2390054454403 84.5276191107447 84.5393625980702 84.5393357900286 84.4180527617408 84.3237646840532 84.604914104896 84.7025497435127 84.6040070509898 84.4743107029208 84.5368041542105 84.5616133451781 84.6827467653772 84.6292120972393 84.6436942717019 -9999 84.5843147154393 84.7903944319064 84.533239163021 84.3393423351911 84.4383340810476 84.364335239915
83.1465386814699 83.1986256912656 83.1657706157456 83.1076087448366 83.1245369745323 83.296962371941 83.3868984079034 83.3652197629452 83.3725611879579 83.4863055013636 83.5053777073751 83.5370342915369 83.6137695884918 83.7958991342577 83.7843759430215 83.7790517338738 83.785477022568 83.9863210509077 -9999 -9999 83.9859614653169 84.2148560611746 84.1688008296925 84.1915245320942 84.2223835519865 84.275457302546 84.2430570187707 84.3271499199937 84.4462941773048 84.5354592344335 84.5714408745549 84.4898270268113 84.3078087440575 84.3335188339906 84.5383723803852 84.6287404537704 84.5977676932626 84.5423553229809 84.7212277690064 84.6916903792388 84.6684003676955 84.7079969714695 84.7629676211303 84.6261163561407 84.6864917704249 84.9758293277081 85.267248054957 84.6356875588312 84.5636606619165 84.5566481715951
83.0989735628844 83.276343625446 83.3305342833386 83.2903878378069 83.2369288136108 83.4107021700578 83.3916533965023 83.4450144312491 83.4643811440741 83.5255015184319 83.6616400564134 83.7260656691879 83.6065909778382 83.7975455936813 83.8990344766077 83.9014528404288 83.9114203799983 84.0889507722078 -9999 83.869201420622 -9999 84.056795927136 -9999 84.2510566230973 84.2816655516587 84.3329614775231 84.2985148344494 84.3598348500542 84.4666953465945 84.6550797525394 84.6019239618443 84.5194308764507 84.4111679717413 84.3446067824577 84.4678015712439 -9999 84.6044649809732 84.6019613733647 84.7202024457655 84.6859478280339 84.6717529667513 84.6989741904968 84.7457912814113 84.6967293430909 84.9875950819922 -9999 85.0002679603515 84.7073499096096 84.6644277784616 84.6504608635033
83.1375879246213 83.1274468883238 83.1876057638459 83.1539555069097 83.2033593240832 -9999 83.4993206489782 83.555738010023 83.6516819888532 83.5757237244095 83.687233042038 83.8219504241511 83.7437749408586 83.793867679832 83.8272379753324 83.9029947815271 83.9164748107885 84.089524871279 -9999 -9999 -9999 -9999 84.1649942846073 84.2392381912204 84.2629014338581 84.3055471763315 84.3579488654414 84.2790896224986 84.5616894816885 84.6252260628251 84.6662236858812 84.5756675223489 84.5042463370733 84.419661393982 84.5157155630414 84.6610019886041 84.6523963615008 84.6392843602862 84.7409160080069 84.6434740230057 84.5907004419238 84.6444224891726 84.7596409826884 84.7747178445433 85.2267267931865 86.1041067582246 84.7322803245728 84.7283170418788 84.7422870661368 84.7185061324719
83.0817833200387 83.1226508008747 83.1218660969379 83.126820101824 83.2823618705454 83.4574295421586 83.6537406669988 83.6189017978418 83.6930943018727 83.7720632225402 83.8170604846438 83.9050824420873 83.998904396449 83.9374522892149 -9999 83.9790012887205 83.9855614967961 84.1904303203553 84.1062552304775 84.0090907725241 84.16406763385 84.0555835387981 84.1998749507827 84.2659121727764 84.3872436418849 84.3277688789492 84.3764836021287 84.3138292074921 84.4648473285227 84.5706835364542 84.6423471164965 84.6001537137922 84.5798001266696 84.5548182109367 84.6163395548622 84.6696383003883 84.6490518985602 84.6337002204745 84.7320119269224 84.6593166682403 84.6843136014297 84.7109375231935 84.8095565561582 84.8901241534489 -9999 85.8288883374405 84.7993220915707 84.7633501370324 84.7483018111582 84.7235312741984
83.1813117160012 83.054778250312 83.1609416734859 83.3379535564353 83.3320904822861 83.4583697837991 83.588713551818 83.6493219871373 83.6498845785445 83.6560976817006 83.8600242852694 83.880274745981 83.9555472081968 83.9534085802848 83.9792402494621 83.9436585315487 84.1927521140831 84.139115779458 84.2921377539134 84.3683968556884 84.219120518027 84.2673824448275 84.3707015267995 84.3724760052652 84.5101231821794 84.5175420478854 84.5962788247916 84.5830426605476 84.5260985983927 84.5696464122649 84.6410004714677 84.639072491957 84.6875981826389 84.7074929048265 84.6754835348696 -9999 -9999 84.6598125077197 84.7311599393133 84.7555069739378 84.8700699195538 84.8795590059822 84.8682620739768 84.8980066889567 85.118461694249 85.4053844063445 84.912350495785 84.7930928938621 84.7392419304668 84.6779249422552
83.134372293146 83.1779556123997 83.2659367360577 83.4885002096304 83.5318593244676 83.6016957840357 83.6715238365661 83.6169672208306 83.7986329956751 83.8043418168297 83.9610207060123 83.8607952651202 83.9719782441249 84.0549948079683 84.0345426991151 83.9991426590073 84.3363822193898 84.1812516844601 84.5113584457672 84.5857860402741 84.4614006683856 84.4846812013029 84.4048344465789 84.3534100387833 84.4943637981754 84.6533884605542 84.584146143039 84.6017360114767 84.6702793169578 84.6619858318191 84.8142349684388 84.7751119347016 84.7882201287534 84.726708639111 84.7184500128668 84.6791445902743 84.7352811728338 84.7474871277313 84.8256975030133 84.8613450075311 84.8462710646862 84.8875064290624 84.9576237804332 84.9127269745409 84.9634068586927 84.9811204263413 84.7375118110593 84.8376939754725 84.7919372002318 84.7625659825785
83.1505537074348 83.3657392256231 83.5288045219549 83.652782531744 83.6979620276839 83.7899269700961 83.7359284671641 83.6839075362888 83.9022191490592 83.9475138134618 84.0279283711241 84.0608049924997 83.9855924757401 84.0946024254491 84.0560462656462 84.2377403814432 84.3336684589093 84.358993494895 84.6031974614456 84.6467863547544 84.6184656792535 84.5080301107715 84.4391751626693 84.4849833977826 84.4652906515353 84.5920255668777 84.599216411445 84.6331865277224 84.829645786026 84.7509950907145 84.9018766604378 84.8107243419094 84.7376274528137 84.6826992173831 84.758619367597 -9999 84.7819609872463 84.7955594443251 84.7945661463905 84.8523029613551 84.8362689967579 84.8182931368965 84.9275974397298 84.9326210992068 84.8224748795413 84.7995585408813 84.7728015567383 84.8962329905253 84.9394857806586 84.8804962668493
83.2787358007795 83.5341666114695 83.550648137352 83.6148831091744 83.6858291913371 83.5887231998198 83.7729112659058 83.7834139994118 83.8244101787057 83.9373496731574 84.0451841307165 84.1304304988099 84.1232024285288 84.1957035819932 84.1265370001398 84.3026184269219 84.3199208614532 84.2910335675122 84.6327028440484 84.5859021060951 84.5592136125777 84.5747253948941 84.5621122018073 84.5250635477059 84.5178824136438 84.5697684481677 84.6875937903654 84.8770254668171 84.805258938014 84.8413921925576 84.793425994678 84.8379275426271 84.8517347965911 84.800031289111 84.7951236250934 84.8193799836404 84.8203997503058 84.9290751801668 84.894233736229 84.8385657961986 84.9425511354894 84.8458729017777 84.9122394157507 84.9336250376442 -9999 84.9018914107431 84.8887661104766 84.8828775143495 84.9924306632018 85.0403338301476
83.2271944324183 83.4312729091094 83.5374376459752 83.6017945783384 83.6463491259248 83.5952172372302 83.8146865912717 83.8733620188685 83.8581493335564 84.0143834262984 84.0590228050697 84.1071648144052 84.1548969861955 84.1908790985495 84.0902706656127 84.2895834825967 84.3272024706736 84.237940981418 84.5140936580303 84.6439623263608 84.6303290183175 84.5215250183661 84.5543044740167 84.5474835898182 84.6206080348097 84.6914699829134 84.704229976987 84.816731247117 84.7823805614997 84.9129939936633 84.8302660848763 84.9249462846835 84.921991175212 84.9271181054533 84.9182943418893 -9999 84.9255435171646 85.0486605338792 85.0251244825077 84.9361165312419 84.9411113592683 84.9117628446911 84.9329350976564 84.9545976733735 84.8945987525501 84.8655661607249 84.8989009096745 84.9652220843469 85.1376034708556 85.1260606876687
83.2743562654924 83.3524599544132 83.5001558146997 83.5686767449769 83.6534117129797 83.7694805613022 83.7933526209082 83.926866616844 83.943976363209 84.1114746604346 84.2023709723395 84.178736449857 84.1508307069541 84.0842209794863 84.2827733106354 84.3435707160324 84.2730551456848 84.1768924572932 84.4291356312209 84.6372121368985 84.6743550863319 84.6100190132494 84.6916266457055 84.8071795788791 84.6799694563362 84.7790403906167 84.7152911603005 84.8138574593762 84.8720866382443 84.8387471906907 84.9322105414675 85.0221208312319 85.089677246906 85.0789920086664 85.0231243268919 84.9595662549088 84.9511782161058 84.9997112448743 85.05793491672 85.0853760667022 85.0714143789112 85.0172625140796 84.9794639041455 84.9663343492363 84.8148096524509 84.819163006878 84.9735460827272 84.9920028218642 85.1402308217447 85.1604348292813
83.2424592481024 83.3414304450187 83.4452816142265 83.5701017472967 83.7254895989367 83.8551217413302 83.9363609594771 84.0403317755353 83.9978064321648 84.0586142890372 84.146505039211 84.1695618950456 84.2068505590533 84.2625067768675 84.4494482705585 84.3912064796331 84.2547058603877 84.1264820114689 84.3894328462987 84.6047104020024 84.678878966411 84.750451764607 84.7848533644372 84.8911287869117 84.8574878072445 84.8171846188021 84.7026847450779 84.9568263694846 84.9954498160012 84.8618319178639 84.8536659328969 84.9587878327247 85.0925016610466 85.0947371863872 85.2284581809691 85.1975932480334 85.1183038660961 85.0737825406204 85.0867691501425 85.066495100928 85.2027906595786 85.0661986595569 85.0795874321313 84.9807670116229 84.8273193949293 84.9046501165491 85.0315416089318 85.0348518844731 85.1213707797384 85.0837362605838
83.2996143791382 83.3464318886702 83.4060763557803 83.4604181301767 83.5790395035084 83.7500644201377 83.9264761768991 84.0422564399071 83.9963520955384 84.0795373102308 84.1266798775532 84.1185145668011 84.1592984073678 84.3503008517947 84.3853102732151 84.3844583720754 84.3514265306112 84.4377739261225 84.4887504660454 84.5796904557161 84.6030003234835 -9999 84.8003655986817 84.8574388366219 84.816093054621 84.8210547316458 84.8257233120666 84.9425905861536 85.047839215671 84.9578219541849 84.9608523062656 85.0707637505694 85.1365078468757 85.1181283997563 85.2383887266472 85.350725876661 85.2389087282277 85.1519454695208 85.1886246971411 85.2373556620444 85.2381841713768 85.1842530324503 85.0739031515284 85.011906289107 85.0203755476407 84.9827160866159 85.0667991074702 85.1240363790825 85.1035643433938 85.0251677570451
