rcp4.5models/GFDL_CM3/sc1gr4.40
NCOLS 261 
NROWS 433 
XLLCORNER 336357.134 
YLLCORNER 654653.479 
CELLSIZE 1000 
NODATA_value -9999 
[rows 374 to 395 of 433, columns 50 to 99 of 261]
-9999 -9999 291.514794356221 291.479030927509 291.42016096639 291.360207929774 291.284192725564 291.13178428431 291.44870597312 291.505604316072 291.488046106621 291.691750340028 291.852265615936 291.437887242995 291.321025672901 290.520420746216 289.818840829876 290.112978626578 286.875960084318 285.79549517509 287.925035894627 289.367380282792 288.111187985295 288.666395240806 290.435924926766 291.123835585531 291.264395081224 287.492787637069 278.100774151368 276.855146351022 282.9031359103 288.708068681868 289.953539288606 289.736642334144 288.489977732402 286.683011110872 285.134191069165 285.596769681412 286.044666235037 283.690662710557 275.501056236071 275.511301572068 272.872713290092 266.119662237299 264.669446769699 263.177589075771 260.895958519105 264.56254600574 269.018458886519 269.253389300479
-9999 -9999 291.528857759224 291.536118909928 291.445360184781 291.350510672671 291.334505656867 291.294245943717 291.771569597422 291.80046989738 291.573840068357 291.788796550064 291.865621668991 291.578643335481 291.527219083433 291.362727216311 289.808763758033 290.637437163377 288.073322705161 287.866198396365 289.509597806335 287.594096444379 285.555562108652 288.110562688037 290.439494293318 290.968550004559 291.06311240007 290.49197981993 277.02609860946 279.133602135943 283.075650015821 286.909020311555 289.398380397158 290.042080817186 288.789279862306 287.097811389438 283.477001763008 283.555032303885 285.183826120412 283.379520940102 274.843266806489 272.335586426873 271.076794595155 265.25393530778 260.797306895541 263.206135271999 263.436497767342 263.946794342692 267.573728378151 269.424585272968
-9999 -9999 291.593990811703 291.536934957417 291.489840938757 291.44224863184 291.48961231593 291.57191034139 291.862039407271 291.779819455825 291.800262608178 291.811207922102 291.671695600956 291.055737918709 290.173201218029 289.827078502739 288.955060541853 286.929420671988 288.681949743917 288.011544767433 288.139857145719 285.907337505404 284.210999308484 288.180762564898 290.231926263427 290.646332108893 291.042689312873 290.844167292844 281.246117804237 281.701231148694 282.927917030354 286.127306964706 289.341690760991 289.054765224083 287.730774755884 287.354748439816 285.005717097001 284.091963909729 284.946011830337 284.228378924987 275.720108978557 268.115135690539 267.306458299382 266.8878075064 261.076298631741 260.524061554636 264.083052064247 265.186536362176 264.521521975103 263.754276732293
-9999 -9999 -9999 291.441113466336 291.400018930915 291.463937384671 291.578575493826 291.761818759632 291.894331285061 291.491858603175 291.756056770072 291.94694623008 291.625457327459 291.037793167802 289.086186075496 288.605561248113 288.263360605067 286.768850197183 287.126914528347 286.266846140874 286.901370495927 285.745091830743 283.370675630575 286.273072811252 289.583367618579 290.429523315719 290.948278229033 290.896972804327 288.282516072983 286.791915921115 286.255658456423 287.60601555201 288.993918037813 287.964544835984 288.026435385352 287.965519528347 286.700020346723 284.738360945411 284.68582690362 285.221787382944 280.498068309405 274.334298926062 271.021032638205 268.090738735594 263.864405794189 258.643898623736 259.559399449451 262.489163987899 261.215373662565 258.804796986255
-9999 -9999 -9999 291.446286822012 291.461868001466 291.401052190502 -9999 291.902971316417 -9999 -9999 291.874545591018 291.924560017967 291.658229097162 291.330877984593 290.328535902219 289.465255961081 289.236245026576 289.473178380064 285.777369557455 283.515148087726 286.145166445489 288.028822596962 285.334032141671 286.387115231115 289.637816494837 290.533987003963 291.022852928662 291.129139005515 290.641178819513 290.789132379262 287.834002845356 287.661868536975 288.878122916545 288.270358146967 288.04826749301 288.158152752437 287.098742572294 284.692152413647 282.937880005903 283.968611295979 284.001154142905 278.945110825378 274.385379491037 267.589869069427 264.495627645628 262.476901396384 257.541938558059 260.510590051913 262.736189351517 259.23086557325
-9999 -9999 -9999 291.4845932595 291.439544545352 -9999 291.822696828314 291.865294288121 291.58788011049 291.686978302674 291.86214054269 291.759533282211 291.645316003414 291.511508574277 291.553262075926 290.990634602796 290.104741337328 290.184599535645 286.405829310835 284.199734755519 285.045529151121 287.965486595028 288.861779273992 288.270913547331 289.478604519995 290.513159449161 290.994322842924 291.20876280249 290.697331905552 290.364418269815 286.813223881143 283.593156163159 285.559309585323 287.438846454023 287.731348606846 288.399411911401 287.937782313052 286.07738888542 283.590618359392 283.771920187126 283.348832736711 276.563038825767 272.092045974 271.978962594221 274.120837334364 272.942350849443 264.868511850405 259.995098521063 260.302577565689 260.351421550731
-9999 -9999 -9999 -9999 291.367594060693 291.393961921393 -9999 291.526125549837 291.190938060497 291.474254663172 291.733538624235 291.704361137132 291.639367192577 291.617377870526 291.74394073474 291.731023047761 290.872154913378 289.036854401118 287.569862185974 285.355196240217 282.822196719908 284.253240599616 288.313303753268 289.80161119232 290.411634238569 290.758482525097 290.926343316388 290.98223212403 290.478774614166 289.377089044764 287.462652864043 282.1987243914 281.828554028032 285.43347035318 285.867297790259 286.8908848348 287.809111750366 287.16005566418 285.906273361904 284.738914085351 285.240273218852 279.362871069412 274.086809256581 278.445517775823 284.440322185694 283.198483417525 276.104072361115 266.540986798305 261.823524782646 260.940884164632
-9999 -9999 -9999 -9999 291.148490092892 291.231435260522 291.532419556892 291.441754178362 291.213186280029 291.202595427298 291.371736804769 291.529493050688 291.409545426892 291.399459713877 291.616644354923 291.610995384023 290.784328858282 287.59967077884 285.577772691349 283.522618336605 281.47592769973 282.750625738423 285.447249010804 289.346966090873 290.972022783011 290.573015115766 290.833613503023 291.02072204632 290.035548643625 288.870223903175 287.169569637655 285.247293268145 282.693385863603 285.10736939964 284.510102384172 285.837690937972 288.28933963892 288.344271633952 286.672933329004 284.298252481241 285.575278500797 284.295180172979 281.940614518611 283.915474124596 286.928206234776 287.935888340195 281.939048183282 274.701884853129 269.845701934333 262.357366529647
-9999 -9999 -9999 -9999 291.188662402445 290.912558676343 291.301768905302 291.30202307936 291.204806806416 291.109614261711 291.302677598295 291.223845731239 291.233712900527 291.034551990701 291.241916535607 291.237311146871 290.86445148789 287.516878452021 284.880362116429 282.879312939406 282.676388899136 284.551947016144 285.697902901644 288.683144676822 290.625899122656 290.539080013566 290.720111332501 290.908123303578 290.297017758216 288.014899641154 285.944521347226 285.995195196966 283.460224184749 285.543892606922 283.970831111963 285.226805118792 288.782107075607 289.117619788489 286.526667986748 283.91334677145 284.852311204956 287.029582880019 287.091973492037 287.460711633866 287.709785797869 287.372508860561 284.603836792925 280.353721154067 276.393566795523 272.057973839652
-9999 -9999 -9999 -9999 -9999 290.654709070596 290.802135716596 290.966380461953 290.862378285491 290.972678916808 291.233688281875 291.157398413149 291.154783395886 291.006581258782 290.949470077362 290.887228796753 290.967926527486 291.222336420999 290.875694988192 290.916380636942 290.942728950337 289.123544350015 287.788144115936 288.713634040536 290.268335756633 290.903568326559 290.855908497605 290.867964324116 290.868061961016 286.449415593722 285.678282128994 286.506513498277 284.096943808059 284.578277491034 283.788947709597 283.250441019205 286.0390786879 288.5692731361 289.205512401177 287.656624263947 286.619044093237 287.091642234136 286.714710069299 285.088186022066 285.911629162384 286.725536820879 285.946569352436 286.032888691054 285.680953955999 279.884423956201
-9999 -9999 -9999 -9999 -9999 290.633193509912 290.420572896293 290.737414407814 290.471722074187 290.765368577098 291.041985896994 290.885435461637 290.817460464167 290.895994816419 290.427182783433 290.565749231913 290.823799527101 291.33227802556 290.858308834877 290.728231206047 290.579738711012 290.253327056671 290.012603336594 290.290113381429 290.502319912071 290.675810841158 290.860982215674 290.614186751966 290.851120564459 288.187217161582 287.285923656494 287.018617448641 282.282745570509 282.233011879992 284.044736687446 278.596420237731 281.109095811667 286.603539672126 288.321935883091 289.126283899855 285.952494366943 286.037016597866 287.639075449137 286.21606764537 285.616474622529 285.392369971321 285.048783347517 286.105595339302 286.267934174791 283.18572603145
-9999 -9999 -9999 -9999 -9999 -9999 290.815382397277 290.844180351094 290.540036701861 290.500451390628 290.555559716806 290.557411474976 290.369261933265 290.651833967594 290.553123479677 290.356886833332 290.656673337339 291.394255450598 290.909896177077 290.116964113539 289.558482533464 289.825944578204 290.319787717518 288.773124064246 287.959862216083 289.170023340728 290.312187228948 290.48332319157 290.536655753273 288.854159269195 285.521018663465 284.801344010746 281.606314755622 279.77747699464 281.688465150458 276.527258553559 279.703158650403 285.35019848503 286.974081140586 288.818939939155 287.33531918497 285.717779655732 285.047021658322 285.03966758339 285.115021882577 283.719136664248 283.609608557196 284.823344471759 285.802363896048 285.175729874252
-9999 -9999 -9999 -9999 -9999 -9999 290.690437517707 290.476362388581 290.754940171353 290.707298610212 290.337263566083 290.391786024767 290.183027339979 290.247406242153 290.393901947165 290.249785978173 290.529199985936 291.009117882747 290.646246287504 290.050339265286 289.325364792754 288.827653269834 289.723691785205 288.386003855016 288.039784798109 289.052782737127 289.809645156792 290.373953751776 290.311189091009 289.209965646644 285.550308975704 284.170612112249 284.446318238167 281.30773274079 278.029407825446 276.00439657119 280.070263777917 284.513550662765 286.15896490806 287.527778745516 288.797594692186 286.90487666655 284.005967552196 283.302411632104 283.997642586681 283.723190456267 281.982706838469 278.358524228265 279.697252251268 284.12564473192
-9999 -9999 -9999 -9999 -9999 -9999 290.503904534576 290.601350169323 290.89752732859 291.036094023291 290.504464096747 290.454377469468 290.578854743752 290.408290628321 290.320807756756 290.076137619403 290.033869043938 290.561840099616 290.418039956545 290.265849339145 289.754523684402 289.006177747653 288.824179223857 289.308971155682 288.408726676348 287.149839491081 288.137381023284 289.880121169277 290.141829657832 290.11091312263 288.892902464332 286.706553545349 286.108373717317 281.819793270645 277.357316824105 275.138224640667 274.405127946459 280.93298023407 286.645485498027 286.762469395826 287.778360452136 287.56162304695 284.658654004865 282.612900887735 282.192541786914 282.819803833285 280.926253250488 274.400305950491 270.444508308604 277.049135260884
-9999 -9999 -9999 -9999 -9999 -9999 290.731832940115 290.846329384096 290.830242835764 291.024155287326 290.86192609515 290.795497935887 290.957677156579 290.75950610583 290.706745992815 290.343880247135 289.891033247937 290.380629585862 290.419101584861 290.303577164894 290.009919352309 289.844347633691 287.55967089739 288.401630807878 287.953556223108 286.074946415748 287.88335797474 289.922479878713 289.346635329257 289.97113481457 289.597664855305 286.041332710014 283.921007193547 282.310150483825 279.923936141567 277.800378552373 275.123753318552 281.909735413733 288.156331593806 286.712949156275 285.503231183944 287.792696538103 284.801102761245 281.178252344623 279.951429131459 280.796283855077 280.108316903827 275.82671581355 270.131303864169 273.461012134812
-9999 -9999 -9999 -9999 -9999 -9999 -9999 290.299987581277 290.672533322369 290.823859183625 -9999 290.871821187321 290.853691347759 290.823406626129 290.837208588204 290.625648654257 290.13263602811 290.356171339934 290.632396119606 290.402923631979 290.16250780299 290.116659925404 286.330853366763 285.893697359606 287.309580805637 286.980083590228 288.483105971532 290.003352059021 287.918933953174 289.915484651532 288.371832986707 283.952859974022 281.330605026237 282.102777234373 281.830405041746 280.937471249568 280.798527092969 285.745806020604 289.046687671102 286.796311108515 281.652535910583 285.550579691912 286.545364966284 281.995568589893 277.42632959194 278.226841060298 279.981807412044 279.175602406784 277.639101733367 277.381411241059
-9999 -9999 -9999 -9999 -9999 -9999 -9999 290.261402955736 290.658791798213 -9999 290.696539135489 290.420729776281 290.195868783778 290.491135665995 290.685672447658 290.423993970045 290.100362699317 290.319968555136 290.341575915215 290.489913864893 290.412406554897 290.183559338712 287.638388186595 286.646993172172 287.322556369176 287.985706820212 289.026726869535 289.901920182516 288.592933611605 289.959110073865 287.970228918683 284.76922146685 282.008230532935 282.751791017845 282.741746500339 281.326593006733 281.608463893026 286.296295676961 289.233387660777 287.601240335375 281.630126275155 281.569750538386 285.887164461214 284.7108605416 278.896854253266 278.128327965698 280.960566911377 281.901899920408 281.603059265361 281.269222083756
-9999 -9999 -9999 -9999 -9999 -9999 -9999 290.261989208192 290.282085950489 290.554326530184 290.461430517064 290.297104005994 289.864733060096 289.969760204699 290.077510540348 289.872059667555 289.73802223046 289.968822208987 289.822499857074 290.060285302106 290.201114700877 290.323978005624 289.820101649959 288.055713995339 287.033632026063 287.583972674543 288.249897867504 289.435729966976 289.394358926306 289.704404255393 288.83351106586 287.775914463694 284.790513345653 283.875909004805 283.650410857493 281.79985691321 281.299721524319 285.953072560431 288.931709904809 288.192776170118 283.288486337306 280.199281614868 282.176229605841 284.777753355841 282.775623518022 280.609504678129 281.627079223567 282.475597185555 282.668542802302 283.124263166097
-9999 -9999 -9999 -9999 -9999 -9999 -9999 290.188751326155 290.108668903947 290.410492131588 290.654604522847 290.291640982883 289.756256314797 289.637418767494 289.706446797331 289.751407114061 289.598020702558 289.575968754189 289.521763222199 289.653542145869 289.932603897078 290.053907513453 289.984100987798 288.81346527374 286.691349811902 286.52241391738 286.781932642505 288.482658337855 288.483890761631 288.708528175394 289.396244837255 289.667748992794 287.288129001552 284.288166655099 283.534434239388 281.833575884703 279.203138254753 284.055049408354 288.613850891237 287.839501798568 281.440933811981 280.197034615401 278.145887051525 279.369993347355 283.104133280573 284.47755525022 284.425529922541 283.966426904302 283.069798507311 284.038611522365
-9999 -9999 -9999 -9999 -9999 -9999 -9999 290.165800792009 290.210241935073 290.307633156337 290.477302592724 290.124448750802 289.825799005573 289.74224951288 289.900604817801 289.873157694392 289.615885034339 289.199313077604 289.34116251473 289.486029854783 289.265300288388 289.199542743527 289.582906454255 289.200090229788 287.679329028189 286.571825995016 285.886651060833 286.827515014626 288.404749556984 288.646913042744 289.166579321772 289.389752400591 288.584766253143 286.56429959853 284.952553331046 282.309547109183 280.087373506808 284.575817036284 288.794112962169 285.371720001038 279.992880757282 277.147187870998 273.210740283568 273.336545646347 278.545480558832 284.528023565725 286.437912178444 285.595430625259 283.392752392189 284.164521900107
-9999 -9999 -9999 -9999 -9999 -9999 -9999 290.087074008412 290.100341764048 290.15349553871 290.127775280173 290.023629596376 289.941919809098 290.011468038504 290.045038679101 289.908221401362 289.690933519832 289.092875296556 289.288879114132 289.130330254378 287.561557394243 288.231578159396 289.372304353192 287.205429479877 285.211303572096 285.216182243499 285.105493441559 285.924701847718 288.923857715763 288.645942091301 288.733892284265 288.642307214573 288.682246204387 288.45768792541 287.704182151513 284.300624321817 279.959260185676 281.150208657617 286.104356581053 284.149013606634 276.261089207824 275.960391877417 272.99890911322 273.862989540874 276.312268060126 282.275782610781 286.364767990763 286.462723346814 285.387665749433 284.36224795809
-9999 -9999 -9999 -9999 -9999 -9999 -9999 290.06488309655 290.054871117692 289.973791771999 290.205586132099 290.238914963702 289.903321372311 289.554882264446 289.368304631291 289.715525961988 289.832033569933 289.355348945277 289.189640618704 289.164606555117 288.512276603035 286.571457395834 286.449212462517 288.406536525059 287.984948964065 285.718463718407 285.095204713021 285.881867288104 287.875583098715 288.610569854862 288.826829200956 289.009040874502 288.390227537453 287.933952465718 287.930822215276 288.451535506889 286.14604770984 279.432203978546 283.30052798894 288.015993864991 278.265285879823 278.2993040993 278.768050184393 278.374643383912 277.78185365574 278.7419171191 281.402384312237 282.540989263454 284.614951351194 285.607137943277
