rcp4.5models/GFDL_CM3/sc1gr21.3
NCOLS 261 
NROWS 433 
XLLCORNER 336357.134 
YLLCORNER 654653.479 
CELLSIZE 1000 
NODATA_value -9999 
[rows 132 to 153 of 433, columns 50 to 99 of 261]
7.98684740066528 6.16442346572876 2.35928273200989 1.81110334396362 1.75167441368103 1.74946653842926 1.7487541437149 1.78087985515594 2.44030952453613 5.35291957855225 9.08213043212891 10.3590793609619 10.3288164138794 10.2707901000977 10.2286987304688 10.1993827819824 10.2008695602417 10.222770690918 10.2651624679565 10.330512046814 10.6584491729736 12.1371660232544 14.8324098587036 16.6015892028809 18.3096599578857 34.5758247375488 37.1385955810547 35.1183929443359 31.8898181915283 22.1153507232666 10.7650232315063 7.9843602180481 8.83638381958008 15.3342704772949 35.377986907959 62.5507583618164 106.133934020996 115.292083740234 104.656677246094 95.7945404052734 89.8259124755859 82.1358489990234 81.4432907104492 80.7286987304688 79.5417709350586 80.1328659057617 79.9252624511719 63.4341468811035 50.3137245178223 46.698184967041
3.72727251052856 2.76887917518616 1.80172443389893 1.74974048137665 1.74827611446381 1.74827611446381 1.74828135967255 1.77410984039307 2.35756015777588 5.05263566970825 8.819899559021 10.3707914352417 10.3702449798584 10.3693771362305 10.3688125610352 10.3684539794922 10.3674287796021 10.3507995605469 10.3435859680176 10.373387336731 10.8845129013062 12.9468870162964 15.5988693237305 16.6464519500732 18.7460098266602 36.079891204834 37.5446014404297 35.5472831726074 32.4329452514648 23.9015331268311 12.4551563262939 8.55211544036865 13.8053693771362 31.889720916748 57.0450668334961 70.8752136230469 98.5676422119141 114.305397033691 103.607444763184 92.2678680419922 93.9183959960938 90.9649429321289 92.258430480957 94.3945846557617 89.7946472167969 84.811279296875 80.1733169555664 61.9401702880859 52.3622589111328 47.5710372924805
2.02589106559753 1.83613693714142 1.74284994602203 1.73736441135406 1.73559713363647 1.7356379032135 1.73567843437195 1.76441705226898 2.38823676109314 5.18186140060425 8.90293598175049 10.2974061965942 10.2976341247559 10.2980833053589 10.2983045578003 10.2985229492188 10.2955560684204 10.2541341781616 10.2378568649292 10.3386211395264 11.1894826889038 13.7038602828979 16.0692348480225 16.5055618286133 19.0110492706299 37.2742767333984 37.651683807373 35.7435684204102 33.4747009277344 28.8141899108887 19.094762802124 14.9227180480957 29.3603935241699 54.021312713623 69.1677551269531 72.4997253417969 85.1228790283203 97.5145568847656 95.2930679321289 88.4015731811523 95.937385559082 101.437911987305 102.571640014648 103.518348693848 98.1871643066406 87.5419540405273 75.2016983032227 62.2067756652832 58.1866989135742 54.1336555480957
1.75725710391998 1.7419046163559 1.7389760017395 1.7330402135849 1.73040783405304 1.73041415214539 1.73042035102844 1.76324927806854 2.44746732711792 5.40164422988892 9.08536720275879 10.2652263641357 10.2652616500854 10.2653312683105 10.2653656005859 10.2653999328613 10.2660636901855 10.3194789886475 11.0206203460693 13.0289011001587 15.270791053772 16.120943069458 16.2345333099365 16.6458415985107 19.9263553619385 38.0668678283691 37.8257751464844 36.1353721618652 34.2953720092773 32.7571907043457 29.0411434173584 27.9768142700195 38.3135795593262 56.2650527954102 68.6670913696289 72.4938812255859 75.1383438110352 79.21826171875 81.752197265625 86.9262084960938 99.2792129516602 105.57527923584 106.006294250488 105.718101501465 100.908325195312 86.5121765136719 69.649055480957 62.8866806030273 62.0450477600098 60.5009613037109
1.73949372768402 1.73909604549408 1.73873925209045 1.73262667655945 1.72990763187408 1.72990763187408 1.72990763187408 1.76639533042908 2.49871206283569 5.5741810798645 9.23625087738037 10.2620038986206 10.2620038986206 10.2620038986206 10.2620038986206 10.279483795166 10.6033391952515 12.2166433334351 15.5700378417969 18.3706569671631 18.555305480957 17.1875915527344 16.2736206054688 16.8427791595459 20.2822608947754 35.7669944763184 37.1980590820312 36.8166313171387 35.005443572998 34.0206184387207 33.5371627807617 34.0617942810059 38.1178283691406 49.1625671386719 64.1583557128906 72.3984680175781 71.8038024902344 71.6218185424805 72.7421417236328 78.3662948608398 89.2001113891602 100.064140319824 106.383766174316 106.144134521484 103.327537536621 92.6766815185547 76.1911315917969 63.2154960632324 63.0876579284668 63.729621887207
1.73909616470337 1.73909616470337 1.7387228012085 1.73261916637421 1.72990787029266 1.72990787029266 1.72990787029266 1.76956474781036 2.53812313079834 5.69640398025513 9.34233283996582 10.2620048522949 10.2620048522949 10.2620048522949 10.2783613204956 10.596773147583 12.3606672286987 16.2591457366943 19.8621387481689 20.6809635162354 19.3900489807129 17.2479820251465 16.2583847045898 16.4877033233643 17.7658195495605 25.4418201446533 32.0807914733887 37.2172966003418 35.9530754089355 34.4589042663574 34.2226104736328 34.8558158874512 36.7184371948242 44.6451301574707 60.434741973877 71.3547973632812 70.1490707397461 69.7838668823242 69.9584045410156 72.5408935546875 81.1871566772461 96.0365829467773 106.176811218262 106.049514770508 105.440986633301 102.179542541504 93.3670501708984 67.5048980712891 64.2900085449219 69.0865859985352
1.73909616470337 1.73909604549408 1.73868942260742 1.73260402679443 1.72990787029266 1.72990787029266 1.72990787029266 1.77152192592621 2.53290510177612 5.6195969581604 9.26112937927246 10.2620038986206 10.2620038986206 10.269024848938 10.458610534668 12.0867795944214 16.8804740905762 21.1264762878418 21.3956642150879 21.2566547393799 20.3683452606201 18.2126331329346 16.4077491760254 16.2457714080811 16.2463455200195 18.4979209899902 26.1350574493408 35.440258026123 38.2414474487305 39.7594985961914 48.2402763366699 64.7324066162109 79.9746704101562 90.1307601928711 90.7700805664062 80.3430328369141 69.4234237670898 69.4559478759766 69.5168380737305 70.2383499145508 74.0278854370117 81.9613571166992 88.2658843994141 89.7551727294922 93.6850433349609 101.448684692383 107.44588470459 101.510322570801 96.9786682128906 100.200973510742
1.73909616470337 1.73909604549408 1.73867285251617 1.7325963973999 1.72990775108337 1.72990775108337 1.72990775108337 1.77386927604675 2.55452919006348 5.67165660858154 9.30263710021973 10.2620048522949 10.2620038986206 10.2690563201904 10.4651823043823 12.1794013977051 17.1905250549316 21.4126434326172 21.4047813415527 21.3643016815186 20.9590244293213 19.4749774932861 17.318323135376 16.2504463195801 16.2457675933838 18.0854110717773 24.7980804443359 34.2460670471191 38.7533760070801 43.7890777587891 62.801399230957 89.5536193847656 102.107498168945 104.532585144043 100.55632019043 86.937126159668 69.9662170410156 71.4645614624023 71.8139038085938 70.2390289306641 70.9693298339844 74.6657409667969 77.9080581665039 79.9268112182617 88.5375137329102 101.587074279785 108.54231262207 107.998504638672 107.205413818359 107.451438903809
1.73909616470337 -9999 1.73865616321564 1.73258888721466 1.72990775108337 1.72990775108337 1.72990775108337 1.77804446220398 2.60633969306946 5.834388256073 9.44544410705566 10.2620038986206 10.2620038986206 10.2641887664795 10.3744792938232 11.6707496643066 16.0802440643311 20.6177253723145 21.4059772491455 21.3990535736084 21.2831993103027 20.5674419403076 18.7129859924316 16.8012237548828 16.2462310791016 17.2512302398682 21.9829425811768 31.4624004364014 38.4899520874023 42.8405990600586 60.2022514343262 89.3877944946289 105.670150756836 -9999 94.3760757446289 77.187370300293 67.7154769897461 72.639533996582 72.8787994384766 70.0247573852539 69.6091079711914 70.0018310546875 69.8941268920898 70.9203414916992 79.1434631347656 94.5139465332031 106.092933654785 106.355674743652 101.636573791504 97.0924377441406
1.78709316253662 -9999 1.73863959312439 1.73258137702942 1.72990775108337 1.72990775108337 1.72990775108337 1.78215038776398 2.65467953681946 5.98175144195557 9.57412052154541 10.2620038986206 10.2620038986206 10.2622222900391 10.3008623123169 10.8987340927124 13.6167469024658 18.3088970184326 21.2364196777344 21.4055404663086 21.3860282897949 21.1583633422852 20.1084842681885 18.0183143615723 16.4324016571045 16.578987121582 19.0615215301514 26.5283641815186 35.3975448608398 39.8238983154297 46.5794906616211 60.9787292480469 71.2183380126953 68.4576187133789 59.2516021728516 46.9680442810059 45.9321250915527 59.8873634338379 68.6593933105469 69.1617126464844 68.5053787231445 67.5543518066406 66.8341293334961 67.2367172241211 70.2588272094727 77.0178070068359 83.6280899047852 88.2390975952148 85.5416488647461 81.1119079589844
2.20004963874817 2.14547038078308 1.8340779542923 1.7905478477478 1.73659229278564 1.72990787029266 1.72990787029266 1.78638923168182 2.70299100875854 6.12624263763428 9.69993114471436 10.2620038986206 10.2620048522949 10.2620067596436 10.2694597244263 10.4263744354248 11.5369911193848 14.8600196838379 19.2833309173584 21.3963031768799 21.4041614532471 21.3540153503418 20.9137573242188 19.404727935791 17.2803325653076 16.3094940185547 17.1167144775391 21.0473327636719 29.4216194152832 36.8977470397949 39.6756134033203 42.9763145446777 45.4150924682617 43.6622352600098 38.4261054992676 30.0603885650635 28.9106025695801 41.893367767334 53.1437797546387 57.1908378601074 59.3559226989746 62.1680068969727 65.4413757324219 66.3382034301758 66.8247146606445 67.7532806396484 69.0573348999023 73.8478393554688 75.1179275512695 73.9443130493164
2.37394881248474 2.3511905670166 2.20220422744751 2.06481075286865 1.84485578536987 1.73002624511719 1.72990775108337 1.79118800163269 2.75799989700317 6.29196405410767 9.84486961364746 10.2620038986206 10.2620038986206 10.2620038986206 10.2625923156738 10.2847833633423 10.5600090026855 12.0267858505249 15.7864894866943 19.9027538299561 21.4059715270996 21.3979415893555 21.2683258056641 20.4968929290771 18.5775604248047 16.2526073455811 16.3972358703613 17.7088108062744 22.7657833099365 31.5892391204834 37.7265625 38.3967895507812 35.5844383239746 29.5036029815674 24.5002193450928 21.7935123443604 22.4383125305176 30.3608837127686 39.6196556091309 43.9789390563965 45.6773681640625 48.7061996459961 54.6904067993164 61.6880302429199 66.0838775634766 66.4283905029297 66.8461151123047 71.1904449462891 72.8776702880859 72.6765975952148
2.39691925048828 2.39431619644165 2.36882209777832 2.30180716514587 2.16797184944153 2.01716876029968 1.87349164485931 1.82894861698151 2.79325151443481 6.33470964431763 9.86171340942383 10.2620038986206 10.2620038986206 10.2620038986206 10.2620096206665 10.2633800506592 10.2958927154541 10.6366167068481 12.4314842224121 16.3915386199951 20.199779510498 21.4054355621338 21.3820209503174 21.1239986419678 20.0144519805908 16.4349231719971 16.2612056732178 16.5182876586914 18.13503074646 22.4549045562744 27.1630725860596 28.073486328125 24.6576652526855 20.0247650146484 17.9728050231934 18.4096145629883 19.8613586425781 23.0206069946289 28.8633651733398 34.8673820495605 38.7137908935547 -9999 44.408805847168 52.5281639099121 61.7925491333008 66.0438232421875 67.1448745727539 72.2570343017578 72.8645935058594 72.4716873168945
2.3980028629303 2.39792609214783 2.39542102813721 2.37785339355469 2.35150909423828 2.41079115867615 2.95777368545532 4.29064178466797 5.83859205245972 7.75133943557739 9.75260353088379 10.2574758529663 10.2620048522949 10.2620048522949 10.2620048522949 10.2620153427124 10.2584209442139 10.2563591003418 10.7050447463989 12.6810598373413 16.6532535552979 20.2820816040039 21.401704788208 21.3492698669434 20.9276485443115 17.5038986206055 16.5238437652588 16.7082576751709 16.9176158905029 17.5589046478271 18.72971534729 19.3117122650146 18.1846294403076 17.1128921508789 17.5047416687012 19.0912647247314 19.3574256896973 19.7151699066162 21.7375640869141 26.1176910400391 32.6681938171387 38.0040550231934 40.0355911254883 43.3558921813965 49.2146148681641 55.244255065918 60.5250129699707 72.243034362793 72.8554306030273 72.5922622680664
2.39801931381226 2.39801931381226 2.39721941947937 2.38836050033569 2.38491582870483 2.45204043388367 3.08609795570374 5.06414461135864 7.16970586776733 8.00159072875977 8.76783752441406 9.63339138031006 10.21262550354 10.2620038986206 10.2620048522949 10.2620038986206 10.2560634613037 10.2043714523315 10.2401094436646 10.7449674606323 12.6705751419067 16.4057006835938 20.0161323547363 21.4326438903809 21.4642353057861 -9999 43.2478141784668 58.5823173522949 51.3880615234375 29.9718132019043 16.6468811035156 17.0847911834717 18.5913639068604 24.0764083862305 33.7251243591309 41.5499076843262 29.389404296875 20.0706024169922 19.3664722442627 21.0951728820801 26.3997287750244 34.262393951416 38.8306579589844 39.5103759765625 40.9897041320801 44.1071510314941 50.2119941711426 69.5750732421875 71.3696517944336 72.3908920288086
2.39801931381226 2.39801907539368 2.39725255966187 2.3889627456665 2.38558435440063 2.41307687759399 2.79245328903198 4.34460878372192 6.66990852355957 7.8577709197998 8.04449081420898 8.56982231140137 9.46102809906006 10.2620048522949 10.2620048522949 10.2620048522949 10.255913734436 10.2013072967529 10.1779375076294 10.2846450805664 11.3167066574097 15.0144290924072 21.481107711792 30.9877338409424 46.4002227783203 92.1410140991211 120.872856140137 129.69270324707 100.741622924805 53.6081428527832 28.0504474639893 28.9742965698242 37.8809852600098 47.407543182373 54.5917129516602 58.7304039001465 44.6411170959473 28.6712665557861 20.28737449646 19.4525718688965 21.9242572784424 28.1953678131104 35.49609375 38.7596130371094 39.8446311950684 45.2743797302246 58.319507598877 67.778694152832 68.0079345703125 70.6490859985352
2.36646938323975 2.3665726184845 2.36653208732605 2.36406064033508 2.36305522918701 2.374107837677 2.56962871551514 3.66039848327637 6.03441095352173 7.74756574630737 7.77238512039185 7.91988945007324 8.39210796356201 9.65307807922363 9.91038608551025 10.1411542892456 11.52232837677 16.0848426818848 21.5021286010742 33.1294898986816 73.5476760864258 124.793853759766 139.209442138672 147.351760864258 172.927978515625 171.7158203125 163.012557983398 148.660720825195 110.012130737305 74.4701156616211 59.263988494873 54.3702774047852 56.8042831420898 60.8288917541504 62.5649147033691 63.1901435852051 58.8406372070312 47.3971748352051 30.6240463256836 19.8330173492432 19.6820373535156 22.4341011047363 28.394947052002 35.9006118774414 44.728645324707 62.0180130004883 83.1912307739258 71.9905014038086 66.2588195800781 69.668083190918
2.35389161109924 2.35390830039978 2.35395264625549 2.35408544540405 2.35413908958435 2.36209106445312 2.50900268554688 3.39066314697266 5.51640844345093 7.39220952987671 7.7163782119751 7.7376594543457 7.8421893119812 8.30221939086914 8.43386650085449 8.92684936523438 13.6222314834595 28.3540439605713 43.3545837402344 62.8957557678223 129.79753112793 205.336929321289 213.957000732422 202.205825805664 217.457427978516 199.143463134766 163.381088256836 130.663589477539 94.65380859375 82.6747360229492 77.7576446533203 71.0939331054688 65.5091400146484 63.6218948364258 63.578685760498 63.8614082336426 65.4381103515625 59.800910949707 43.0739974975586 24.8372116088867 19.2783164978027 20.929407119751 28.0189266204834 42.8361968994141 62.3561401367188 84.3834686279297 99.9631576538086 76.392692565918 66.0047378540039 69.249755859375
2.35268521308899 2.35268521308899 2.35273003578186 2.35316038131714 2.35533428192139 2.39755773544312 2.70684742927551 3.69801735877991 5.29683446884155 6.86865234375 7.71169376373291 7.71171140670776 7.71181488037109 7.71230125427246 7.71276426315308 8.19042682647705 14.0500917434692 33.0326538085938 51.0336799621582 55.4716567993164 74.1248626708984 108.856330871582 129.087020874023 130.575164794922 165.244369506836 193.894744873047 139.742965698242 100.996917724609 84.5890350341797 84.5792999267578 85.3413619995117 87.9663772583008 90.4731063842773 89.2796173095703 86.0273895263672 83.4009094238281 71.594123840332 67.0965805053711 62.9304885864258 54.6345596313477 49.2122268676758 59.9691619873047 87.2322387695312 107.731071472168 109.383911132812 108.221626281738 105.122611999512 79.2074661254883 69.2871856689453 78.8738708496094
2.35268521308899 2.35268521308899 2.35273122787476 2.35317420959473 2.3630793094635 2.49949765205383 3.05660128593445 4.05740308761597 5.34696865081787 6.85870599746704 7.71169281005859 7.71169281005859 7.71169233322144 7.71169281005859 7.7116961479187 8.1822509765625 13.9207353591919 32.5383453369141 50.3050308227539 51.6282043457031 54.6022300720215 66.3357620239258 89.5625534057617 109.621856689453 -9999 -9999 131.021514892578 95.833740234375 89.5734329223633 89.6301345825195 90.9218139648438 93.2002029418945 94.9052124023438 95.1009902954102 93.8384170532227 91.3897094726562 75.3286514282227 67.9114761352539 65.0136489868164 61.6640930175781 60.8327484130859 67.6954040527344 85.3154830932617 104.02613067627 111.041770935059 109.57218170166 106.249359130859 92.6198196411133 90.0420913696289 96.8377380371094
2.35268521308899 2.35268521308899 2.35273241996765 2.35863542556763 2.44196963310242 2.83100414276123 3.57987642288208 4.27077579498291 5.09051847457886 6.60444593429565 7.69110536575317 7.71169328689575 7.71169281005859 7.71169233322144 7.71169233322144 8.18592739105225 13.8911304473877 32.3333702087402 50.0575714111328 51.2003364562988 52.0375709533691 59.9222869873047 82.8769760131836 103.597396850586 104.201553344727 -9999 -9999 94.9871826171875 93.652946472168 91.9143829345703 89.6472778320312 88.5979614257812 85.1483306884766 76.8789596557617 71.6966781616211 72.9865646362305 74.499397277832 70.9050216674805 67.6136245727539 63.7270164489746 61.8100814819336 63.8476066589355 72.0034332275391 88.6163787841797 105.31689453125 111.206588745117 111.149406433105 118.167694091797 114.350914001465 108.878677368164
2.35268521308899 2.35268521308899 2.35340356826782 2.37640857696533 2.58869314193726 3.26266407966614 4.00570297241211 4.26049757003784 4.65651893615723 5.82625579833984 7.2084698677063 7.71169328689575 7.71169328689575 7.71169281005859 7.71169328689575 8.17942810058594 13.7458667755127 31.7768726348877 49.5075492858887 51.2627716064453 52.783992767334 62.1354866027832 83.3105621337891 95.6935653686523 84.6948852539062 55.8117027282715 57.6433601379395 74.2223815917969 78.1020736694336 69.5729370117188 64.1139526367188 62.8892059326172 60.8907432556152 56.3191375732422 55.1823501586914 62.0414161682129 76.2207641601562 75.1005554199219 71.4248275756836 65.5308532714844 61.4241027832031 61.436580657959 64.3882904052734 74.1750183105469 93.2016906738281 110.097839355469 120.41641998291 154.581481933594 146.438339233398 138.372055053711
