rcp4.5models/GFDL_CM3/sc1gr3.9
NCOLS 261 
NROWS 433 
XLLCORNER 336357.134 
YLLCORNER 654653.479 
CELLSIZE 1000 
NODATA_value -3.4e+38 
[rows 264 to 285 of 433, columns 49 to 97 of 261]
293.039916992188 292.872039794922 292.823852539062 292.823547363281 292.900177001953 292.950805664062 293.045196533203 292.713928222656 293.022735595703 292.968231201172 292.788909912109 292.748504638672 292.774200439453 292.499206542969 292.237945556641 291.696136474609 291.179046630859 291.442901611328 290.927612304688 290.636505126953 290.963134765625 291.031372070312 290.778930664062 290.448455810547 290.102783203125 289.665710449219 289.69873046875 290.637939453125 291.173980712891 291.111175537109 289.931915283203 289.354064941406 289.326782226562 289.475463867188 289.647003173828 289.507843017578 288.846252441406 288.511199951172 289.106231689453 289.159698486328 288.820404052734 287.815673828125 287.250427246094 282.758209228516 276.9814453125 277.640441894531 275.470062255859 274.589599609375 274.153503417969
293.018615722656 292.820098876953 292.735260009766 292.446655273438 292.454406738281 292.672088623047 292.793090820312 292.194763183594 292.334075927734 292.873077392578 293.033813476562 292.7412109375 292.220336914062 292.090942382812 292.291076660156 291.813629150391 291.416748046875 291.611175537109 290.307983398438 290.222778320312 290.713928222656 290.845336914062 290.607757568359 290.258758544922 289.848876953125 289.353057861328 289.331420898438 290.338653564453 291.330261230469 290.696868896484 290.453857421875 290.079895019531 289.369201660156 289.221343994141 289.153778076172 288.987152099609 288.4013671875 288.173248291016 288.613006591797 288.758941650391 288.436584472656 287.809783935547 287.201232910156 282.893615722656 276.435241699219 276.3017578125 275.14794921875 274.370819091797 272.350280761719
292.643341064453 292.605102539062 292.087463378906 291.928039550781 291.960693359375 292.192443847656 292.38134765625 291.623809814453 291.408111572266 291.374938964844 291.629577636719 292.362854003906 292.09130859375 292.099395751953 292.182678222656 292.2587890625 292.061798095703 291.475738525391 290.440124511719 290.491912841797 290.802612304688 290.567718505859 290.839538574219 290.756744384766 289.877624511719 289.325958251953 289.911010742188 290.298431396484 291.051422119141 290.870025634766 290.057739257812 289.37255859375 288.968475341797 288.365936279297 287.914703369141 287.829528808594 288.324645996094 288.177581787109 288.482940673828 288.492126464844 287.940734863281 287.859039306641 287.295501708984 282.340484619141 274.058563232422 271.838409423828 273.269958496094 274.627166748047 266.339294433594
292.163940429688 292.089599609375 291.889221191406 291.749847412109 291.688568115234 292.127716064453 292.392517089844 291.398864746094 291.462310791016 291.197631835938 290.852813720703 291.587066650391 291.16943359375 291.247497558594 291.723785400391 291.894348144531 292.177764892578 291.666839599609 290.829559326172 290.783935546875 290.68408203125 290.191711425781 290.507171630859 290.711029052734 289.505981445312 289.140991210938 290.494873046875 290.901153564453 291.205963134766 290.942016601562 289.611236572266 288.389251708984 288.475128173828 288.494384765625 288.189392089844 288.162048339844 288.325775146484 288.095397949219 288.123962402344 288.238677978516 287.823028564453 287.721801757812 287.566040039062 283.131713867188 275.855499267578 274.763031005859 275.130676269531 274.580078125 267.441040039062
292.362030029297 292.325225830078 292.137634277344 291.669372558594 291.579803466797 292.099090576172 292.37451171875 290.948760986328 291.475128173828 291.493225097656 291.371765136719 291.489105224609 290.943878173828 290.604248046875 290.831756591797 291.411712646484 291.884521484375 291.952941894531 290.949432373047 290.736358642578 290.393249511719 290.34326171875 290.612121582031 290.773468017578 289.580627441406 289.163421630859 290.761627197266 291.102264404297 290.794189453125 290.593811035156 289.241302490234 286.755706787109 287.2451171875 289.155517578125 288.644561767578 289.096557617188 288.754852294922 288.455047607422 288.144500732422 287.839477539062 287.527709960938 287.118469238281 287.612915039062 283.970550537109 277.591400146484 275.962646484375 275.597717285156 274.592041015625 264.355285644531
292.700378417969 292.483947753906 291.864685058594 291.604309082031 291.899780273438 292.394256591797 292.546295166016 290.974517822266 291.604705810547 291.536865234375 291.367736816406 291.300079345703 291.170562744141 290.980346679688 290.559326171875 290.619567871094 291.293151855469 291.597839355469 290.610931396484 290.418640136719 290.360870361328 290.491394042969 291.034423828125 291.02734375 289.776092529297 289.507385253906 290.99755859375 290.984649658203 290.334930419922 290.025634765625 289.312438964844 287.096374511719 287.72705078125 289.564483642578 289.042816162109 289.308197021484 289.093109130859 288.895538330078 288.254760742188 287.524627685547 287.468627929688 286.034393310547 286.069610595703 282.941864013672 275.986389160156 274.415557861328 273.879852294922 275.253234863281 266.862945556641
292.502075195312 292.390869140625 291.981262207031 291.758666992188 292.109405517578 292.395629882812 292.186187744141 291.211883544922 291.843841552734 291.705444335938 291.375518798828 291.462951660156 291.212921142578 291.125518798828 290.495056152344 289.761352539062 290.091125488281 290.990478515625 290.155456542969 290.008972167969 290.169830322266 290.524383544922 290.878875732422 291.193237304688 290.255737304688 290.068664550781 290.983184814453 290.831939697266 290.189056396484 290.464508056641 290.356781005859 288.901550292969 288.441711425781 289.240844726562 289.345397949219 289.456604003906 289.007934570312 288.4521484375 288.114196777344 287.702178955078 287.752319335938 282.563446044922 277.629333496094 276.70751953125 273.360107421875 273.257446289062 273.849395751953 275.034912109375 269.488952636719
292.688903808594 292.638610839844 292.267486572266 291.940856933594 292.343841552734 292.424560546875 291.752685546875 291.578735351562 292.006774902344 291.717590332031 291.459045410156 291.363067626953 291.267761230469 290.961486816406 290.263946533203 289.259735107422 288.538208007812 289.529052734375 289.873413085938 289.722717285156 289.860229492188 290.442779541016 291.070495605469 291.136962890625 290.516296386719 290.483032226562 291.045501708984 290.694061279297 289.880920410156 290.578002929688 290.712341308594 288.852630615234 286.606079101562 287.447357177734 288.103546142578 288.612701416016 288.814819335938 288.540863037109 288.542022705078 288.565521240234 288.682159423828 282.831909179688 276.114501953125 273.026885986328 273.956878662109 275.373107910156 276.024963378906 275.843688964844 270.869354248047
292.68896484375 292.646820068359 292.554473876953 292.434631347656 292.6396484375 292.526275634766 291.934875488281 291.989074707031 292.170989990234 291.652130126953 291.137542724609 290.876190185547 290.8798828125 291.032928466797 290.499481201172 289.486114501953 288.328857421875 288.26806640625 289.714233398438 290.110778808594 290.180389404297 290.24560546875 290.882843017578 291.066162109375 290.622131347656 290.779083251953 290.835784912109 290.204376220703 289.519989013672 289.94970703125 290.409576416016 288.085388183594 283.948364257812 283.751647949219 283.992401123047 284.854370117188 288.590850830078 288.666778564453 289.237396240234 289.530944824219 289.429901123047 284.045989990234 278.612335205078 273.455932617188 276.658935546875 278.097015380859 277.240875244141 276.140502929688 271.147857666016
292.566772460938 292.446105957031 292.665008544922 292.615570068359 292.574493408203 292.414428710938 292.218963623047 291.987152099609 291.53076171875 291.318267822266 291.025665283203 290.902191162109 290.943359375 291.115783691406 290.477294921875 289.514831542969 288.430969238281 287.239929199219 289.486572265625 290.398468017578 290.239929199219 290.35791015625 290.793975830078 291.349822998047 291.284545898438 291.092041015625 290.314666748047 289.036041259766 288.219848632812 289.421844482422 289.7958984375 288.222320556641 283.082427978516 281.329711914062 282.319793701172 282.685791015625 287.389068603516 288.630096435547 289.588043212891 289.778015136719 289.536743164062 286.498901367188 281.427093505859 276.248199462891 276.804595947266 276.623443603516 278.187103271484 276.639770507812 271.861083984375
292.475860595703 292.040802001953 291.933807373047 292.018280029297 292.046539306641 291.902648925781 291.482818603516 291.576873779297 291.147033691406 291.064392089844 290.917144775391 290.835815429688 290.846527099609 290.475250244141 290.189819335938 289.534851074219 288.970458984375 288.791168212891 289.880187988281 290.380706787109 290.043975830078 290.329803466797 290.756072998047 291.145294189453 291.535522460938 291.174194335938 290.008758544922 288.332458496094 287.166687011719 288.984344482422 288.4697265625 288.345794677734 285.297576904297 281.752868652344 282.952392578125 284.04052734375 286.825347900391 288.361755371094 289.661346435547 289.658264160156 289.490234375 287.438354492188 282.527923583984 277.851501464844 277.1826171875 276.909484863281 278.859069824219 277.880523681641 275.816986083984
292.178161621094 291.656188964844 291.611938476562 291.525329589844 291.089294433594 290.667297363281 290.635375976562 291.264038085938 291.191680908203 291.082458496094 290.965728759766 290.593658447266 290.254547119141 290.187957763672 290.481018066406 290.274078369141 289.500823974609 289.056945800781 290.460083007812 290.028106689453 289.822113037109 290.334503173828 290.578063964844 290.956970214844 291.370697021484 291.145538330078 290.279937744141 289.289245605469 288.738403320312 289.463226318359 287.520965576172 286.975646972656 287.510162353516 284.658203125 282.839813232422 283.135711669922 286.168121337891 288.059295654297 289.448181152344 289.42138671875 288.975616455078 282.501220703125 278.125030517578 276.326995849609 276.595306396484 278.521453857422 278.347747802734 278.185028076172 278.470520019531
292.179840087891 291.776031494141 291.55322265625 291.370819091797 291.164245605469 291.056701660156 291.241455078125 291.140716552734 291.145721435547 291.107604980469 290.806762695312 290.248443603516 290.059967041016 290.409484863281 290.678466796875 289.990356445312 289.208770751953 289.332305908203 290.78515625 289.959014892578 289.616668701172 289.961822509766 290.34375 290.739501953125 290.786834716797 290.82177734375 290.543365478516 290.259704589844 289.998870849609 288.811065673828 285.21435546875 285.086059570312 288.239440917969 287.477325439453 283.955383300781 280.106262207031 282.041870117188 286.517974853516 289.452728271484 289.252380371094 288.727386474609 283.769592285156 279.757049560547 277.183685302734 277.484649658203 279.253845214844 278.684143066406 278.773345947266 279.150482177734
291.993347167969 291.933563232422 291.751708984375 291.632171630859 291.604156494141 291.357025146484 291.469207763672 291.472320556641 291.101776123047 291.098022460938 290.893920898438 290.303771972656 290.189331054688 290.541473388672 290.602691650391 290.445556640625 290.103637695312 290.341125488281 290.686981201172 289.645935058594 289.081939697266 289.703948974609 290.625793457031 290.716369628906 290.56298828125 290.525421142578 290.325256347656 289.643280029297 289.171875 288.097198486328 284.656890869141 284.717864990234 288.082977294922 288.764282226562 287.521881103516 284.973815917969 285.033294677734 287.448028564453 289.429229736328 289.375457763672 288.851684570312 286.454132080078 283.271850585938 278.738159179688 279.364013671875 279.834991455078 279.750732421875 279.292266845703 278.909820556641
291.616577148438 291.471771240234 291.462158203125 291.489562988281 291.392333984375 291.265106201172 291.231903076172 290.7578125 290.414031982422 290.559417724609 290.482543945312 290.01416015625 289.912292480469 290.3681640625 290.759704589844 290.770111083984 290.865600585938 290.858123779297 290.411560058594 290.476867675781 290.398132324219 290.360626220703 289.544799804688 288.852142333984 289.781555175781 290.002777099609 290.077575683594 289.641845703125 287.96337890625 287.478302001953 285.899230957031 285.728607177734 289.092742919922 289.534240722656 289.746551513672 289.525329589844 288.996978759766 288.843383789062 289.125885009766 288.920013427734 288.486785888672 282.905731201172 277.384124755859 279.946838378906 279.610900878906 279.434661865234 279.665893554688 279.074127197266 278.448425292969
291.568267822266 291.209045410156 291.123626708984 291.334350585938 291.392913818359 290.822906494141 290.633697509766 290.965759277344 290.784576416016 290.877380371094 290.551361083984 289.891693115234 290.095642089844 290.712249755859 290.561462402344 290.175048828125 290.374938964844 290.421508789062 289.938690185547 290.181335449219 290.348327636719 290.204620361328 288.648193359375 287.701965332031 288.727020263672 289.781372070312 289.840301513672 289.3408203125 288.259826660156 288.106353759766 288.330932617188 287.951354980469 288.699676513672 288.031311035156 288.440490722656 288.326721191406 287.723968505859 287.960662841797 288.955383300781 288.750427246094 287.452758789062 277.612152099609 274.251037597656 277.909851074219 277.138580322266 277.627380371094 279.561340332031 279.008666992188 278.109802246094
291.413879394531 291.110900878906 291.052062988281 291.049560546875 290.938201904297 290.448425292969 290.289215087891 291.230010986328 291.227081298828 291.032104492188 290.438385009766 290.147155761719 290.578247070312 290.878051757812 290.443420410156 289.359954833984 289.452056884766 289.927185058594 289.667816162109 289.951751708984 290.201080322266 289.850891113281 288.932067871094 287.8916015625 288.033264160156 289.095153808594 289.373962402344 288.875915527344 288.308044433594 288.608673095703 289.4931640625 289.104370117188 287.699859619141 286.013793945312 285.140686035156 284.899444580078 285.396087646484 286.261810302734 288.0224609375 287.902893066406 286.318298339844 273.953277587891 272.646362304688 275.354370117188 276.006927490234 276.790496826172 278.774597167969 278.623077392578 277.705505371094
291.101867675781 291.067321777344 290.919250488281 290.782989501953 290.714599609375 290.289794921875 290.171203613281 290.709350585938 290.469787597656 290.716247558594 290.875396728516 290.412048339844 290.191345214844 290.297943115234 290.030853271484 289.073394775391 289.052520751953 289.914031982422 289.614166259766 289.533416748047 289.995910644531 289.819152832031 289.442596435547 288.831573486328 288.675750732422 288.334411621094 288.390075683594 288.798431396484 288.236114501953 288.949493408203 289.026428222656 288.081176757812 286.313446044922 285.276550292969 282.775543212891 282.390411376953 284.918090820312 286.249298095703 287.357421875 287.854888916016 286.876739501953 275.425048828125 273.679138183594 274.252868652344 275.876739501953 276.295104980469 277.462463378906 278.418060302734 277.388732910156
290.607055664062 290.694244384766 290.976013183594 290.637573242188 290.240997314453 290.011322021484 290.005889892578 290.221405029297 290.144836425781 290.328338623047 290.816864013672 290.550598144531 289.300506591797 288.314178466797 288.251953125 288.892913818359 289.258850097656 289.585906982422 289.312042236328 289.474670410156 288.788696289062 288.773620605469 289.551818847656 289.474334716797 288.724761962891 287.831787109375 288.133178710938 288.714813232422 288.773529052734 286.993255615234 285.672119140625 287.7197265625 287.209899902344 286.623931884766 283.681518554688 282.805480957031 284.683685302734 285.688262939453 286.429534912109 287.180450439453 286.732604980469 275.616577148438 273.541412353516 273.314300537109 274.735412597656 275.664093017578 277.140289306641 278.383087158203 276.826629638672
290.417999267578 290.336608886719 290.773986816406 290.410034179688 289.963073730469 289.869354248047 289.893707275391 289.866333007812 290.193481445312 290.19091796875 290.630126953125 290.644470214844 289.352752685547 288.068786621094 287.928039550781 288.855621337891 289.185455322266 289.315582275391 289.031982421875 288.521759033203 287.473693847656 287.568389892578 288.7158203125 289.441802978516 288.407104492188 287.616241455078 288.273468017578 288.685119628906 288.916137695312 285.453399658203 283.426544189453 287.431884765625 288.48486328125 287.759704589844 285.746185302734 283.929656982422 284.078216552734 284.530242919922 285.684997558594 284.771362304688 282.000213623047 275.249084472656 272.726898193359 273.024169921875 274.116912841797 275.801361083984 277.613342285156 277.352264404297 276.026702880859
290.090698242188 290.361785888672 290.669219970703 290.507781982422 290.079437255859 289.749267578125 289.795959472656 289.805023193359 289.968872070312 289.731109619141 289.599060058594 290.221069335938 290.25244140625 289.117004394531 288.578369140625 288.800506591797 289.010528564453 289.125701904297 289.150360107422 287.915008544922 287.587280273438 288.347686767578 288.917694091797 288.887329101562 288.609436035156 288.375244140625 288.541900634766 288.940216064453 288.623687744141 285.844146728516 284.413391113281 287.068725585938 288.406585693359 288.028503417969 286.843902587891 285.746398925781 286.042114257812 283.471832275391 280.690246582031 280.289611816406 278.565246582031 274.10986328125 272.508972167969 272.898529052734 273.818298339844 276.535858154297 277.617034912109 276.301483154297 275.243865966797
289.881988525391 290.034698486328 290.247009277344 290.171264648438 289.947570800781 289.932159423828 289.938446044922 289.801452636719 289.528289794922 288.942657470703 288.647216796875 289.350891113281 289.93017578125 288.143920898438 285.573760986328 286.831939697266 288.666717529297 288.590881347656 289.272583007812 287.768096923828 287.538909912109 288.862762451172 288.801666259766 288.497283935547 288.352355957031 288.139068603516 288.186889648438 288.445159912109 288.610565185547 286.204895019531 282.415832519531 283.789337158203 288.378875732422 287.676300048828 285.995391845703 283.566131591797 282.248168945312 282.950103759766 281.156036376953 278.262115478516 278.523284912109 273.710876464844 272.945983886719 273.960418701172 274.307983398438 277.231658935547 277.878082275391 276.293029785156 275.42578125
