rcp4.5models/GFDL_CM3/sc1gr1.7
NCOLS 261 
NROWS 433 
XLLCORNER 336357.134 
YLLCORNER 654653.479 
CELLSIZE 1000 
NODATA_value -9999 
[rows 132 to 153 of 433, columns 50 to 99 of 261]
60.8340941277935 60.8092939773112 60.7215542530275 61.0895834747138 60.9577073600097 61.2920478138123 61.153351525683 61.3075118688448 61.7834339135527 61.8206121396829 61.6082754820722 62.1385284876047 62.1171671697132 62.1330652045748 61.7945992476525 62.0164659368662 62.7102299347238 62.9522312321286 63.0805871553188 62.9554927733364 63.0555635046261 63.0373240198238 63.100322604146 63.4496657055936 63.5133964210627 63.681349764466 63.446897349505 63.7879645890683 63.8284483237698 63.4952253706048 63.704566707759 64.0648485979207 64.1277873931056 64.0576701861647 64.0479989235937 64.0368792177425 64.2860787626732 63.6820717910496 63.6349261835246 64.200482178924 64.3527022477302 64.4196120363714 64.4083821508571 64.297311881738 64.3602108966831 64.2214073659739 64.1760059524456 64.2435110035462 64.4076491357304 64.0601807320856
61.3172991270983 60.7444846120389 60.9628538625019 60.8513895363203 61.1241096500828 60.9770983233568 61.3910060693706 61.8637777004554 61.7590647276495 61.9824408740497 61.6363133920284 61.6687485689339 61.904415339625 61.9181074551045 61.8595341844699 62.2977874589731 62.5877663368222 63.0198804815178 62.8815830719071 62.9637485992581 63.1334977492386 62.9712590767267 63.4078464533068 63.5109046844838 63.6247120339203 63.7836024399029 63.7329656125491 63.6444511829603 63.7591690455272 63.5701941024633 63.7982516424854 64.0536439692257 64.2485554768746 64.0473254477625 64.0407814883647 64.0312847968488 64.3184342867049 64.2208487863407 64.3152875730593 64.4209501459762 64.4879454854339 64.6443785617393 64.5842606996086 64.1852868625626 64.3354186023374 64.1322541191733 64.2629955168484 64.5121644206934 64.5267028073088 64.3571306941132
61.1187140308765 60.6593179815599 60.9241061334498 60.7087384409542 61.0852298351949 61.10817897026 61.8396446532025 61.8573245842065 61.6857147861362 62.0451396673875 61.8215086671138 61.8539851314563 61.8378797173288 61.8957882758895 61.986333836795 62.4041348925101 62.408730460466 62.6614074236553 62.3987380484846 62.7695256820519 62.9252658643989 63.022125966145 63.3741662076688 63.4762389246342 63.3815275427046 63.5831413079882 63.772719881902 63.7333919748611 63.8871218192977 63.9831350265938 63.8743858519145 64.0344343945732 64.3212137715525 64.3514175050233 63.9938619026267 64.1172142382715 64.4698897333135 64.5442738965274 64.4176655359674 64.1804939173679 64.4741760922057 64.444431747467 64.5626102932145 64.3710170957345 64.469950005656 64.2520356217764 64.2096435433925 64.400294927882 64.2787790967668 64.6091592200053
60.5639804017899 60.8667876450133 60.9939078177186 60.8981570049348 61.1015996354732 61.2185451274977 61.6969937996637 61.6776322002338 61.5014850714774 61.5433464873262 61.809066587108 61.949769574266 62.0145309672389 62.1907870170019 62.406108486374 62.5490417721347 62.3037504485038 62.3288929723268 62.496602868995 62.6995879232164 62.8847052755425 63.0624769352333 63.3539587112905 63.4970822416836 63.0243790346853 63.5088195837686 63.9545061503275 63.8856723754808 63.9971814569991 64.2341640280169 63.8984468049465 64.0126621827036 64.0140492507969 64.3013511828145 64.1748015402747 64.0964310147534 64.1657618921542 64.3076315470203 64.1537083807564 64.3140136585672 64.7496101228391 64.6630415161895 64.2739538206355 64.6427300210588 64.6054460092441 64.2669360397297 64.4486268279004 64.5671656930718 64.4200822140825 64.6330778975857
60.4976611943586 60.8975501091738 60.9355822387133 61.0282644424823 61.1716411292293 61.2024422433447 61.1694924775104 61.3753726040215 61.3429159401313 61.6090786773705 62.0556635877414 62.313088806663 62.2187524969723 62.3485745538125 62.5557326263449 62.4774491846932 62.4583737893351 62.4947064800349 62.725367641415 62.9631172816891 63.0477801014173 63.2552562939552 63.5991011145192 63.5554971731473 63.3221446575715 63.5041820077844 64.1646956428015 63.9163745831921 64.1320841241444 64.3063790644326 64.3035648331014 64.1339084345693 64.0631454532282 64.2117657672907 64.0775639468526 63.8604942921007 64.3594483124835 64.4621069541128 64.007941087535 64.2194409824353 64.6890548853893 65.0029356615442 64.3493755974301 64.4388552936687 64.3592518795487 64.1895145351452 64.6617357120933 64.698926084736 64.4017432321983 64.6914491832368
60.7304906321176 60.9371067007149 61.1003364924555 61.2488590760166 61.3303450596759 61.1339652074699 61.1035351018068 61.3773767584664 61.5490385353988 61.9013691615487 62.0534839351472 62.3040157952096 62.4663310264956 62.4826190936026 62.3448311355789 62.2335779786494 62.534303158246 62.7048440306567 62.8127867128467 63.0135595941154 63.1593703379661 63.3445127967879 63.6475805793707 63.4775746845434 63.5452323379307 63.6199510549143 63.8833890349503 63.937043628233 64.2353028873552 64.3396098675825 64.195462448547 64.283564939896 64.0680146297564 64.118951296366 63.9760837604775 63.8726831455029 64.6945340949675 64.51971392393 64.1141231877894 64.292350953636 64.3543936561271 64.8318664430807 64.4116515335001 64.5056265687387 64.363610311909 64.3969034950692 64.399530227244 64.3999335498392 64.3107270939647 64.6503633202326
61.162285700829 60.9122722414 61.1593929869272 61.0096208240141 61.1864686396375 61.0869976526519 61.0110922330645 61.8661305151631 61.9785614406235 62.1190199658219 61.8888509324563 62.2104116067983 61.8644267259005 62.1082863093178 62.2097042897779 62.3251195561196 62.5677570767629 62.8185479226576 62.7025135064472 62.597264134812 62.8962662258786 63.3113362629411 63.1388050901659 63.4628080991172 63.5679181483474 63.3733050076348 63.747539052712 63.939861060989 64.2433884020655 64.0997666244794 64.3241845797059 64.0454036514943 64.0878653208033 64.23932324975 64.1887274388393 64.2259531709679 64.3614606785248 64.7241132194421 64.6339415464321 64.4120378109141 64.4914685157468 64.5833974719527 64.2025479826177 64.4481715763673 64.7038782262402 64.7302751201636 64.3593647510568 64.3452510493358 64.5512958254165 64.7026837965382
61.1935678362218 60.7744020673039 60.9309000054246 60.9029961544966 60.7796345772212 60.8703130359378 61.4397429303628 61.6962181349997 61.6434846198462 62.0827616140213 61.7151112353766 61.8828825383622 61.5029687132968 62.046407243496 61.9704440129732 62.5824732253688 62.7026257267329 63.0385097626628 62.8222957979216 62.5780686241615 62.8927488936227 63.1790857226594 63.1732907896005 63.3417211811025 63.5767261626949 63.6013653572574 63.7533215184676 63.847063921091 64.1073609907025 64.4543389833583 64.3276340754634 64.4249102413373 64.1084145447393 64.253027631464 64.1841494520793 64.3481067230347 64.6742703076468 64.7177202418745 64.373722432945 64.5365387841355 64.3657156855154 64.8440373205474 64.5417626078766 64.5418560518424 64.6162754409352 64.7786948064164 64.4748255130249 64.5988081929983 64.673871236913 64.7474570645687
60.7293692334277 -9999 61.1521282462715 60.7550069237447 60.8257150190343 60.9146648685063 61.5257183579028 61.5157090196205 61.1764960420893 62.0437454495538 61.9586221291518 61.5615472070129 61.9372304228864 62.1926264049449 62.1581102145361 62.3389269141327 62.5698196041482 62.8573723308366 62.7083472595245 62.9497724199744 62.8569190965053 63.2073646234229 63.3326648481496 63.4255499390569 63.5707484162028 63.7271013015369 63.7929842178725 63.8895724262466 64.0600554553156 64.1723218231817 64.2435870088929 64.4250942925521 64.1855592513939 -9999 64.2424269773408 64.3913176516559 64.4481555483746 64.4709088090362 64.4285416442092 64.6995533516143 64.7577069469356 64.5861896677281 64.4138113618523 64.4281138790252 64.3776907241766 64.6133024591089 64.6956889836834 64.7378286053262 64.8191166179275 64.8959567333672
60.1926950288494 -9999 61.1143327434555 60.7264401362638 60.8475399043745 61.4943739585466 61.5704924869618 61.6923052497331 61.3206744593166 61.40847368974 61.5974525500471 61.7855871938601 62.2244649172098 62.279219492813 61.8243281899022 62.2426382813507 62.5192172662222 62.5412359352534 62.5971837098283 62.8822658163618 62.8512662855753 62.8372722102971 63.3146501629468 63.5418649265804 63.6461652732863 63.7258470249511 63.65792075495 63.7646284968181 64.234147466309 64.1968154474204 64.1367066044539 64.2140183220503 64.4111260066585 64.2708897318481 64.3404194853172 64.4993815075607 64.3410227102546 64.4248926717886 64.5550988278839 64.7355799813353 64.8268889757914 64.6559940662484 64.6322862643735 64.2548212596126 64.3651156562697 64.516976830704 64.8109704354768 64.9814917041402 64.7793998169849 64.6016127581864
60.2946308134665 60.5432715505211 60.7323988785322 60.7381137390285 61.2125172028807 61.2748809659962 61.3816389069127 61.2768723641059 61.4250749207605 61.5028064474632 61.4915971436463 61.7524363877699 61.9144120521453 62.106993515855 62.3117826740788 62.3500551638512 62.2047135520098 62.4499617572221 62.627399743565 62.5125072455902 63.0764969996307 63.0132646221461 62.8653256310768 63.5286683413737 63.2420661789698 63.3859593249375 63.4658589579179 63.5882656559211 64.2321446015785 64.035028193599 64.2898666523273 64.4319293037067 64.4139416406684 64.4521436280221 64.6526230917196 64.4139000806083 64.5225177180268 64.5262863383757 64.3911300656921 64.7730138766774 64.8100779667576 64.8457215868393 64.9501275432931 64.7620072691906 64.5802505200754 64.4467330358174 64.6967298984914 64.9050192773593 64.8221042989535 64.6907564361994
60.5314765468555 60.6937241272722 60.8300457073122 61.2358976971377 61.2932272438729 60.9602666894175 61.3136006387203 61.3507336067105 61.5533183634794 61.6629771102075 61.5522689754497 61.7656225319081 61.804297596166 61.9964318138968 62.6937502735775 62.2338378182457 62.2530871568879 62.5703351657914 62.6243134554396 62.5051525186332 63.2277324022051 63.3594102979108 63.2787271652609 63.5660093945539 63.0806939015741 63.4034458383135 63.5382161705063 63.830575415219 64.1119969263368 64.3086031601467 64.3902934385216 64.3608915224465 64.4070632831379 64.4477706668478 64.6587370605982 64.4432700815114 64.6277276244558 64.7609784606509 64.6827586599025 64.670617289535 64.8486659353464 64.9437947639202 64.9862715431876 65.0119400850081 64.7421778958949 64.3977551116811 64.2860997284229 64.4549193822664 64.8795876230939 64.9044830977076
60.6546299047195 60.9722981928778 61.0160526380165 60.995262452029 61.0914760499777 61.0479397196799 61.3144910943912 61.3127354066047 61.4416337603064 61.8298119670551 61.9430544543239 62.1370760985622 62.0417793577501 62.0508474127846 62.2128107531286 61.9595220650054 62.4049316527718 62.7250573162698 62.7649112752399 62.5335386249167 63.2864537051541 63.4009246474428 63.3030269658725 63.3524733710658 63.2201389562997 63.6825456780837 63.3984703732961 63.6649171923286 63.9457718433513 64.1522342188387 63.9936091196224 64.4969339190906 64.4616148837686 64.5042156515202 64.57496947003 64.5441219838316 64.8314457271484 65.0508422542754 64.6774566427302 64.287694906053 64.521250642213 -9999 64.6162944177215 65.029094500237 64.9780438690603 64.6998457649766 64.6089705358956 64.2344668646969 64.5570527428324 64.9986583045236
60.82179568458 61.1193997400286 61.1183759992739 60.5200151922353 60.651628523775 60.9118124439671 61.2681588489468 61.3871974629487 61.4918279994237 61.8340528509248 62.0278867382623 62.3735422913903 61.8150721506735 61.885445093621 62.1597767889341 61.8456613004128 62.3049496803597 62.7743075419501 62.9091886814046 63.0072083831176 63.0366253982407 62.9013776307494 62.8978850250881 63.1446311715259 63.4009790579321 63.7480865629366 63.4967482318122 63.3439538239744 63.9562889573076 64.186819847392 63.6787210638991 64.0071076523271 64.4220347419132 64.5247076501207 64.4713803323107 64.3175519513134 64.7853341568882 65.0443605916614 64.7166044695674 64.5592376318654 64.3663641433157 64.5343136332982 64.6295920725901 65.1524081298144 65.1766046958955 64.8769193122408 64.868783293661 64.2215079145236 64.264943643242 64.6295662226626
60.4742333275885 61.257792829853 60.9773770259664 60.6336595563728 60.6844414571642 60.92403862616 61.334037944034 61.8142990336198 61.6749452761 61.8526168313199 62.0034394943918 62.1728250947924 61.8963804622467 61.9550068097634 61.9324715622197 62.2090769927189 62.5517669357958 62.7867218180769 62.9373401080622 62.591003854213 62.6182793229444 62.9147857817968 62.7993026728353 63.0446066982643 63.282984421671 -9999 63.4832952170759 63.4848325552793 64.1987888530617 64.2704551070741 63.7782825943272 64.0025407393513 64.5938785013458 64.4058656735851 64.5675903971713 64.1852316379253 64.5049721024553 64.9097246678724 64.5684003240475 64.7355410011967 64.5773561243964 64.6709445292907 64.6973844717951 64.7212213211554 64.9775669429388 64.8260233642561 64.5762001066662 64.2111418714889 64.2532876084437 64.2856444415016
60.6752843599535 60.720748875307 60.5654612776428 60.930733084388 61.0841543743913 61.211041956273 61.444494896244 61.8845440038177 61.8666051793017 61.9147780262387 61.631924409522 61.884018861948 61.9702166700008 62.1164956706345 61.8435774420462 62.1097881916598 62.1981917711061 62.5562707876488 62.8153213057435 62.7229625329311 62.8380884661644 63.046040450263 62.8967285198008 63.3241684826358 63.3648313624444 63.2698488653887 63.4935576729997 63.6195287417911 64.1963701224324 64.2677712402322 64.2075395260635 64.1305163844344 64.369164352604 64.3857624785077 64.671148866354 64.2533698174844 64.4693887886265 64.7535277328956 64.741348008128 64.333964082802 64.725804410225 64.7334053508948 64.8591532625121 64.757565586311 64.8216598930136 64.5950876240124 64.5139932060211 64.5543558040616 64.5046958886906 64.2769049892143
60.7265082221879 60.6563224187226 60.754936530372 61.1469338497878 61.2457541266976 61.1308607345988 61.188043018975 61.3171483241711 61.4446252898917 61.5709397432815 61.4063051319695 61.63894327116 62.0389501605123 62.1582622747527 61.8687316561448 62.0099523568533 62.1754060024532 62.2267345141212 62.4009526894099 62.6617033543729 62.7338770447346 62.7984281200721 62.901745005951 63.4906699567615 63.5004471304787 63.1261465983301 63.3111504581443 63.7494998334691 63.8163975842914 63.9188507504172 63.8601733525056 63.9362577059149 64.1641262497617 64.2350746744719 64.8690148540951 64.7307643296538 64.8507288767153 64.7062756402472 64.8792356826479 64.5553640608672 64.8679067025903 64.7831043281417 64.8425093680559 64.8854475066796 64.9660804120231 64.8752835046042 64.8379803411538 64.8711884503656 64.7813693853372 64.6385651892603
60.625773354779 60.9644566689574 60.7702955069564 61.4143000169857 61.2684587535929 61.1870395280625 61.1376860054766 61.3645941539861 61.4907672522731 61.5049553583061 61.4812398781354 61.7037894043276 61.8835408658819 62.0336177392568 61.9537520502019 62.0521388292052 62.2149073315072 62.5659311889902 62.3136470051843 62.9159558431529 63.1205037855526 63.0428760111966 62.9385885064244 63.6212453072255 63.6362297029735 63.0739384245406 63.2390832354221 64.0237416787399 63.6847162075755 63.564646959506 63.6288073681209 63.9956980314211 64.1577042875887 64.0813659447838 64.3918436668104 64.4896469451372 64.8460636569456 64.8749014645103 64.8086179510057 64.8441181964838 64.6990310868337 64.9204115880216 64.9346973004574 64.8889798877209 65.1060858682989 65.1655522707055 65.0007098344827 64.9155863659969 64.8968380377269 64.8221459588857
60.8266353685005 60.5781227093559 60.7819871758177 61.2425520820171 60.7467616208548 61.2379197907081 61.1078916178853 61.6824189573351 61.7199808426925 61.3417610671458 61.874732400161 61.92062576433 62.1116695615867 62.202924425283 62.4207441307836 62.5629941933326 62.4554245703382 62.2322330432804 62.5815467626761 62.6362921915133 62.5925109122618 62.6032432580366 62.8140361357166 63.2007002843754 63.2995394130906 62.9165202241029 63.0389635189259 63.1975116351155 63.7004122377415 64.1418328411341 64.2292486007184 63.8584557613828 64.1084578571468 64.429468049955 64.5018280256963 64.7441369264327 64.7442462355957 64.8931086692525 64.6308134696609 64.7686756559191 64.5449776703018 64.589739709379 64.408460997329 65.0834420590982 65.0644195396945 65.0723865367989 64.9795904289572 64.7936897954885 64.6902366745058 64.6472311123048
60.5705072074494 60.5785199060205 60.5918893909878 60.749999238784 60.7573732831216 61.2858631883545 61.543858254528 61.6062708918593 61.8301120545407 61.7756490553482 61.4574559357206 61.9782335550596 61.9431444664789 62.1459523915385 62.5502054991715 62.3893419953323 62.2904802963618 62.2723133477147 62.5669005182083 62.9431442624783 62.953712786594 63.0138670146598 62.8341609665336 63.0697669390198 -9999 -9999 62.9734594402757 63.1327532839108 63.5905445408305 64.4958406003505 63.9940691787347 63.9285210057108 64.4170464994423 64.6173484385152 64.3992229641481 64.3973104359251 64.9796971536679 64.9662934427418 64.8996121350703 64.8190179747849 64.7588481450258 64.4727000630095 64.6486268182379 64.9432774891477 65.1057000019098 65.12211734269 65.1148921338613 64.9641377829826 65.0312924043929 64.774065428639
60.6367258270339 60.4374139326861 60.5805755187365 60.6798538083608 60.9345328729461 61.160628134779 61.4194060098596 61.3696441857445 61.7362050452387 61.5828245378407 61.7992083202595 61.5630808885229 61.7141659202873 62.1013050198259 62.3477558390703 62.0620271410365 62.1499338498755 62.3785160964818 62.5157471635818 62.7820297869446 62.8802694426131 63.0006395498835 63.045349125188 63.1614565334533 63.2147277641897 -9999 -9999 63.2337221041023 63.9266681840486 64.2433538700125 63.7191218064906 64.0041267862319 64.6500616006325 64.7104721963397 64.4614997726799 64.2227910012236 64.9265043930869 64.9940660076201 65.1153134274545 64.9847863102944 65.0076437432461 64.6319846704117 64.5152209781341 64.5824756257662 64.8541653086634 65.1608392155352 65.1272426814666 64.8622870544103 64.987298425824 64.9664890243113
60.7608858276798 60.5776507506251 60.6266149056716 60.9270091922361 61.3663525777939 61.4149366679439 61.1811742302043 61.0323928461438 61.2878534577221 61.3890765415211 61.8618369823393 61.558370281271 61.6335044542077 61.8997923443116 61.9535972182483 61.727872216954 62.1854867008648 62.5678979484409 62.5481229280596 62.7428922769602 62.7971458662715 62.8786045360914 62.9432909175694 63.2184491754795 63.4065250396915 63.288741832544 63.1217644553132 63.26942238441 63.8932670175294 64.2271898283136 64.1094001059028 63.8091065063683 64.268334218454 64.2483775154906 64.6922861281938 64.181812638694 64.4887675820852 64.6883118811446 65.137866139688 65.1290745970732 65.1006398986825 64.8698159939302 64.7256884603109 64.8314225004142 64.9859765233908 65.1828862110368 65.2188434953694 65.0166554344239 64.7687585827693 64.7505894939327
