rcp4.5models/GFDL_CM3/sc1gr5.26
NCOLS 261 
NROWS 433 
XLLCORNER 336357.134 
YLLCORNER 654653.479 
CELLSIZE 1000 
NODATA_value -9999 
[rows 44 to 65 of 433, columns 100 to 149 of 261]
306.915252685547 306.901702880859 306.9990234375 306.987060546875 306.884613037109 307.160125732422 307.362609863281 307.467651367188 307.683654785156 307.8330078125 307.821868896484 307.771392822266 307.70068359375 307.795043945312 308.145751953125 308.442230224609 308.420104980469 308.26904296875 308.200378417969 308.479370117188 308.551147460938 308.715057373047 -9999 -9999 -9999 -9999 -9999 -9999 -9999 -9999 -9999 -9999 -9999 -9999 -9999 -9999 -9999 -9999 -9999 -9999 -9999 -9999 -9999 -9999 -9999 -9999 -9999 -9999 -9999 -9999
307.001159667969 306.820098876953 306.823425292969 307.193237304688 307.121276855469 306.957855224609 307.081939697266 307.433227539062 307.383605957031 307.422515869141 307.479064941406 307.572845458984 307.406036376953 307.447204589844 307.542266845703 307.625396728516 307.799591064453 307.876251220703 307.626159667969 307.814025878906 308.0302734375 308.028167724609 308.123626708984 -9999 -9999 -9999 -9999 -9999 -9999 -9999 -9999 -9999 -9999 -9999 -9999 -9999 -9999 -9999 -9999 -9999 -9999 -9999 -9999 -9999 -9999 -9999 -9999 -9999 -9999 -9999
307.048309326172 306.976287841797 306.968017578125 306.977447509766 307.169830322266 307.001739501953 307.018402099609 307.482086181641 307.420379638672 307.468933105469 307.460754394531 307.440582275391 307.379852294922 307.442443847656 307.581207275391 307.506744384766 307.432739257812 307.691833496094 307.721282958984 307.690032958984 307.498138427734 307.535949707031 307.888244628906 308.091491699219 308.528381347656 -9999 -9999 -9999 -9999 -9999 -9999 -9999 -9999 -9999 -9999 -9999 -9999 -9999 -9999 -9999 -9999 -9999 -9999 -9999 -9999 -9999 -9999 -9999 -9999 -9999
306.285797119141 306.919342041016 307.014068603516 306.953186035156 307.056396484375 306.991333007812 306.997802734375 307.273651123047 307.466766357422 307.458587646484 307.443145751953 307.339935302734 307.522583007812 307.441528320312 307.681335449219 307.657104492188 307.493957519531 307.465789794922 307.595947265625 307.505035400391 307.569183349609 307.596832275391 307.859466552734 307.922943115234 308.154724121094 -9999 308.691040039062 -9999 -9999 -9999 -9999 -9999 -9999 -9999 -9999 -9999 -9999 -9999 -9999 -9999 -9999 -9999 -9999 -9999 -9999 -9999 -9999 -9999 -9999 -9999
305.876983642578 306.636169433594 306.790008544922 306.786529541016 306.886566162109 306.980895996094 306.975860595703 307.037628173828 307.256896972656 307.441223144531 307.337463378906 307.367553710938 307.48095703125 307.523498535156 307.628295898438 307.614471435547 307.554565429688 307.590454101562 307.608489990234 307.362396240234 307.411773681641 307.698059082031 307.857696533203 307.978454589844 307.952087402344 308.189300537109 -9999 -9999 -9999 -9999 -9999 -9999 -9999 -9999 -9999 -9999 -9999 -9999 -9999 -9999 -9999 -9999 -9999 -9999 -9999 -9999 -9999 -9999 -9999 -9999
305.762817382812 306.505126953125 306.542114257812 306.243743896484 306.702545166016 306.649597167969 306.64794921875 306.750946044922 306.914520263672 307.108673095703 306.935028076172 306.824096679688 307.419616699219 307.564086914062 307.556060791016 307.548065185547 307.535827636719 -9999 307.469268798828 307.342407226562 307.289001464844 307.404144287109 307.758056640625 307.971557617188 307.970001220703 307.986846923828 308.191375732422 308.608367919922 308.799987792969 -9999 -9999 -9999 -9999 -9999 -9999 -9999 -9999 -9999 -9999 -9999 -9999 -9999 -9999 -9999 -9999 -9999 -9999 -9999 -9999 -9999
305.897277832031 306.496276855469 306.560577392578 305.789855957031 306.417663574219 306.358489990234 306.455047607422 306.513854980469 306.652862548828 306.492279052734 306.336456298828 306.459442138672 307.016693115234 307.391967773438 306.853546142578 307.214324951172 307.149993896484 -9999 306.979064941406 307.363739013672 307.530792236328 307.477813720703 307.589904785156 307.836151123047 307.9599609375 307.97705078125 308.131225585938 308.285614013672 308.619293212891 308.922790527344 -9999 -9999 -9999 -9999 -9999 -9999 -9999 -9999 -9999 -9999 -9999 -9999 -9999 -9999 -9999 -9999 -9999 -9999 -9999 -9999
305.785980224609 306.480255126953 306.402618408203 305.847869873047 305.878112792969 306.173309326172 306.121459960938 306.104705810547 305.961151123047 306.034240722656 306.010437011719 306.520599365234 306.538970947266 306.809326171875 306.4228515625 306.937866210938 307.032684326172 306.750122070312 306.527099609375 307.094848632812 307.654876708984 307.626007080078 307.489471435547 307.589508056641 307.847503662109 307.864929199219 308.01513671875 308.114593505859 308.215148925781 308.319549560547 -9999 -9999 -9999 -9999 -9999 -9999 -9999 -9999 -9999 -9999 -9999 -9999 -9999 -9999 -9999 -9999 -9999 -9999 -9999 -9999
305.858917236328 306.261596679688 306.39013671875 306.032196044922 305.413787841797 305.692535400391 305.936798095703 305.994293212891 305.490325927734 305.687194824219 305.640289306641 306.363189697266 306.484588623047 306.527160644531 306.501342773438 306.831268310547 306.644592285156 306.519348144531 306.38427734375 306.881408691406 307.360412597656 307.512542724609 307.414123535156 307.771789550781 307.860656738281 307.790618896484 307.934875488281 307.982330322266 307.954040527344 307.981781005859 308.710235595703 -9999 -9999 -9999 -9999 -9999 -9999 -9999 -9999 -9999 -9999 -9999 -9999 -9999 -9999 -9999 -9999 -9999 -9999 -9999
305.951843261719 305.812896728516 306.031433105469 306.178680419922 305.379425048828 305.444000244141 305.697875976562 305.538848876953 305.415222167969 305.550201416016 305.460296630859 306.336883544922 305.863037109375 306.5224609375 306.516540527344 306.508148193359 306.345611572266 306.459259033203 306.569671630859 306.927368164062 307.047027587891 307.142822265625 307.155242919922 307.665100097656 307.817993164062 307.703796386719 307.483978271484 307.907501220703 307.900207519531 307.970794677734 308.413299560547 308.741424560547 -9999 -9999 309.020477294922 -9999 -9999 -9999 -9999 -9999 -9999 -9999 -9999 -9999 -9999 -9999 -9999 -9999 -9999 -9999
305.726776123047 305.519897460938 305.797241210938 306.205200195312 304.986602783203 304.811706542969 305.329498291016 304.828033447266 305.064910888672 304.960601806641 305.552917480469 306.33056640625 305.460021972656 -9999 305.997192382812 306.143096923828 306.321716308594 306.304718017578 306.313110351562 306.952514648438 306.893188476562 -9999 306.954071044922 307.042022705078 307.316986083984 307.675354003906 307.341583251953 307.628723144531 307.414215087891 308.125 308.344360351562 308.511322021484 308.643890380859 -9999 -9999 308.998321533203 -9999 -9999 -9999 -9999 -9999 -9999 -9999 -9999 -9999 -9999 -9999 -9999 -9999 -9999
305.1708984375 304.924163818359 305.460418701172 -9999 304.931640625 304.461883544922 -9999 304.565307617188 304.654541015625 304.503387451172 -9999 306.348968505859 305.487609863281 -9999 305.579223632812 305.790893554688 305.918762207031 306.10546875 306.263214111328 306.921600341797 306.727722167969 307.050262451172 306.923156738281 306.860137939453 306.915588378906 307.542633056641 307.624450683594 307.6171875 307.083770751953 308.150299072266 308.348175048828 308.257598876953 308.335540771484 -9999 309.004577636719 -9999 308.815185546875 -9999 -9999 -9999 -9999 -9999 -9999 -9999 -9999 -9999 -9999 -9999 -9999 -9999
304.594879150391 304.610961914062 -9999 -9999 304.892791748047 304.324737548828 304.184234619141 305.230438232422 304.257263183594 305.089019775391 -9999 306.013458251953 305.488098144531 305.295227050781 305.318756103516 305.448303222656 305.619964599609 305.581024169922 306.787963867188 306.092712402344 305.978393554688 306.66455078125 306.087066650391 306.031005859375 306.80322265625 306.795013427734 307.436340332031 307.385162353516 306.990295410156 307.057983398438 307.463439941406 307.726837158203 307.947967529297 308.500518798828 308.721649169922 308.804626464844 -9999 -9999 -9999 -9999 -9999 -9999 -9999 -9999 -9999 -9999 -9999 -9999 -9999 -9999
303.793609619141 305.180145263672 -9999 -9999 305.300659179688 304.954681396484 304.977294921875 304.821105957031 304.740600585938 305.107818603516 305.341003417969 305.371795654297 305.222381591797 305.348480224609 305.191070556641 305.167663574219 305.09521484375 305.742004394531 -9999 305.550109863281 305.854461669922 306.065185546875 305.693023681641 305.916656494141 -9999 306.692596435547 306.414764404297 306.356628417969 306.360717773438 306.9775390625 307.127105712891 307.242919921875 307.977600097656 308.283721923828 -9999 -9999 -9999 -9999 -9999 -9999 -9999 -9999 -9999 -9999 -9999 -9999 -9999 -9999 -9999 -9999
303.643280029297 305.395324707031 -9999 305.278472900391 305.364715576172 305.260833740234 305.240783691406 304.323486328125 304.636260986328 305.25048828125 305.22216796875 305.186248779297 304.867218017578 305.264526367188 305.002746582031 304.957458496094 305.469604492188 -9999 -9999 305.412750244141 305.827880859375 305.731079101562 305.660980224609 305.398498535156 305.817047119141 306.355255126953 305.822967529297 305.863189697266 306.0693359375 306.660491943359 306.564910888672 306.984558105469 307.32275390625 307.763153076172 -9999 -9999 -9999 -9999 -9999 308.570587158203 308.507934570312 -9999 -9999 -9999 -9999 -9999 -9999 -9999 -9999 -9999
303.650970458984 305.384307861328 305.367279052734 305.192626953125 305.023864746094 304.781921386719 305.008636474609 304.205841064453 304.703552246094 305.363067626953 305.133117675781 304.947113037109 305.064758300781 305.257751464844 305.015197753906 304.843109130859 305.505828857422 305.933197021484 305.825836181641 305.463623046875 305.262390136719 305.724975585938 305.067993164062 304.993225097656 305.305267333984 305.949737548828 305.788696289062 305.863800048828 306.029113769531 306.145050048828 306.113067626953 306.898834228516 307.177551269531 308.115844726562 -9999 -9999 -9999 -9999 -9999 -9999 308.502075195312 308.568634033203 -9999 -9999 -9999 -9999 -9999 -9999 -9999 -9999
304.111999511719 305.474884033203 305.355987548828 305.196136474609 305.260314941406 305.000518798828 304.456329345703 304.274963378906 304.478302001953 305.40966796875 305.278472900391 304.588531494141 305.090911865234 305.242340087891 304.967498779297 304.847045898438 305.580261230469 305.727569580078 305.621459960938 305.450317382812 304.873413085938 305.730010986328 304.915710449219 305.623992919922 304.907379150391 305.326873779297 305.832946777344 305.769165039062 305.548736572266 305.848297119141 305.901123046875 306.969818115234 307.864868164062 308.489166259766 -9999 -9999 -9999 -9999 -9999 -9999 308.905029296875 308.715606689453 -9999 -9999 -9999 -9999 -9999 -9999 -9999 -9999
304.380920410156 305.418579101562 305.338531494141 305.086822509766 305.302185058594 305.384826660156 304.658203125 304.334289550781 304.609985351562 305.150085449219 305.090850830078 304.540649414062 304.853485107422 305.027587890625 304.808197021484 304.787872314453 305.177886962891 305.580505371094 305.220123291016 305.018798828125 304.944854736328 305.109741210938 305.010925292969 305.915954589844 304.563232421875 304.790344238281 305.261871337891 305.889282226562 305.340026855469 305.843200683594 306.204833984375 307.215972900391 308.23974609375 308.340576171875 308.360137939453 -9999 -9999 -9999 -9999 -9999 -9999 309.166809082031 309.131683349609 -9999 -9999 -9999 -9999 -9999 -9999 -9999
304.362091064453 305.33935546875 305.122497558594 305.025573730469 305.359741210938 305.124908447266 304.520843505859 304.140289306641 304.695434570312 304.753540039062 304.830596923828 304.678436279297 304.763244628906 304.760406494141 304.361206054688 304.630279541016 304.734954833984 305.515655517578 305.181396484375 304.734039306641 304.909545898438 304.800170898438 304.9921875 305.840789794922 304.324432373047 304.936950683594 305.434906005859 305.711395263672 305.217163085938 305.932983398438 306.791870117188 307.818603515625 308.270751953125 308.264099121094 308.079711914062 307.678070068359 307.812194824219 308.446350097656 -9999 -9999 -9999 -9999 309.183563232422 -9999 -9999 -9999 -9999 -9999 -9999 -9999
304.347869873047 305.024322509766 305.105255126953 305.115539550781 305.349609375 304.918884277344 304.193328857422 304.181213378906 304.328948974609 304.597015380859 304.454803466797 304.41552734375 304.46630859375 304.699615478516 304.361175537109 304.294281005859 304.697998046875 305.108093261719 305.549896240234 304.715118408203 304.824096679688 304.669067382812 304.92333984375 305.407165527344 304.633026123047 305.522064208984 305.166259765625 305.010955810547 305.098937988281 305.958343505859 307.01611328125 308.075439453125 308.016387939453 308.020599365234 306.926910400391 306.709228515625 307.029937744141 307.742431640625 308.191070556641 -9999 -9999 -9999 309.144256591797 309.030639648438 -9999 -9999 -9999 -9999 -9999 -9999
304.228912353516 304.615600585938 304.660461425781 305.256469726562 305.303863525391 305.2197265625 304.427703857422 304.30224609375 304.543365478516 304.664611816406 304.267883300781 304.301666259766 304.139801025391 304.235595703125 304.451477050781 304.488922119141 304.70458984375 304.766265869141 305.167938232422 304.718322753906 304.911987304688 304.723602294922 304.786010742188 304.593048095703 304.977478027344 305.013641357422 304.358245849609 304.758087158203 305.089233398438 305.984802246094 307.134704589844 307.901977539062 307.778411865234 306.846649169922 305.997100830078 306.542388916016 307.17333984375 307.506805419922 308.021087646484 308.415252685547 -9999 -9999 -9999 309.081390380859 -9999 -9999 -9999 -9999 -9999 -9999
304.163635253906 304.179107666016 304.4794921875 305.407897949219 305.373809814453 304.974456787109 304.284973144531 304.206604003906 304.666564941406 304.728210449219 304.452209472656 304.350128173828 303.946624755859 303.892517089844 304.047485351562 304.725891113281 304.899993896484 304.8740234375 304.761322021484 304.879974365234 304.800506591797 304.298156738281 304.793029785156 304.659820556641 304.695343017578 304.003326416016 304.035858154297 304.637542724609 305.619201660156 306.595672607422 307.327728271484 307.953338623047 307.756378173828 306.495147705078 305.166290283203 306.443237304688 306.782073974609 307.384613037109 308.170318603516 308.353515625 -9999 -9999 -9999 308.982757568359 308.499359130859 -9999 -9999 -9999 -9999 -9999
