rcp4.5models/GFDL_CM3/sc1gr2.23
NCOLS 261 
NROWS 433 
XLLCORNER 336357.134 
YLLCORNER 654653.479 
CELLSIZE 1000 
NODATA_value -3.4e+38 
[rows 110 to 131 of 433, columns 49 to 97 of 261]
349.875579833984 349.8212890625 349.749694824219 349.678466796875 349.871215820312 349.806854248047 349.739440917969 349.605865478516 349.5390625 348.755706787109 348.413299560547 349.058776855469 349.279663085938 349.2158203125 349.152526855469 349.069580078125 348.050476074219 348.9658203125 348.844055175781 348.807556152344 349.412872314453 349.312133789062 348.347137451172 349.504821777344 348.493041992188 348.436767578125 348.434692382812 349.326141357422 349.292053222656 348.853515625 349.113250732422 349.0380859375 348.719970703125 349.228179931641 348.595764160156 348.810485839844 348.218902587891 348.857025146484 349.760223388672 350.041351318359 349.614196777344 350.227966308594 350.360717773438 350.702850341797 351.104644775391 351.719909667969 352.097015380859 352.466278076172 352.754425048828
350.030548095703 349.967132568359 349.898620605469 349.830505371094 349.762725830078 349.6953125 349.628326416016 349.49609375 350.148193359375 349.798126220703 349.730773925781 349.947113037109 349.870544433594 349.108184814453 349.059326171875 349.678192138672 349.327850341797 349.537536621094 348.739227294922 348.716125488281 349.620819091797 349.549285888672 349.202178955078 349.432556152344 349.036010742188 348.371276855469 349.010559082031 349.898254394531 349.862548828125 349.688262939453 349.061279296875 349.578277587891 348.939636230469 349.179992675781 348.816131591797 348.739440917969 348.403625488281 348.706420898438 349.013824462891 349.320068359375 349.5419921875 349.684539794922 350.13916015625 350.223846435547 351.096008300781 351.994415283203 352.005737304688 352.214080810547 353.584381103516
349.923065185547 349.854614257812 349.786499023438 349.71875 349.651336669922 349.584350585938 349.517730712891 350.108184814453 350.320495605469 350.255645751953 350.191284179688 350.127380371094 350.047058105469 349.014923095703 349.649169921875 349.876861572266 349.815551757812 349.745544433594 348.635009765625 348.614685058594 349.517547607422 349.429443359375 348.719665527344 348.699096679688 349.237579345703 348.289855957031 349.198974609375 349.494995117188 350.072906494141 349.279846191406 348.941558837891 349.180267333984 348.817474365234 348.768646240234 348.720581054688 348.67333984375 348.626892089844 348.640472412109 349.184600830078 349.173004150391 349.481994628906 349.454620361328 350.238128662109 350.82373046875 351.147399902344 351.310699462891 351.399536132812 352.136535644531 353.309448242188
349.810760498047 349.74267578125 349.674926757812 349.607513427734 349.54052734375 350.201263427734 350.134094238281 350.276611328125 350.211730957031 350.147308349609 350.083374023438 350.008026123047 349.242980957031 348.901031494141 349.146667480469 349.771240234375 349.710418701172 349.650146484375 349.914337158203 349.835662841797 349.414855957031 349.311065673828 348.300811767578 348.261352539062 348.493743896484 348.19189453125 349.080474853516 349.047668457031 349.348754882812 349.489013671875 348.869262695312 349.431732177734 349.328460693359 348.727020263672 349.280883789062 349.289337158203 349.777069091797 349.169982910156 349.443664550781 349.400268554688 349.411376953125 349.382141113281 350.323089599609 350.999450683594 350.981842041016 350.969207763672 351.659698486328 352.59716796875 352.936676025391
349.699005126953 349.631286621094 349.563903808594 350.227203369141 350.161315917969 350.364044189453 350.298248291016 350.16796875 350.103515625 350.039520263672 349.964202880859 349.210754394531 349.558380126953 349.493927001953 349.438140869141 349.666198730469 349.605834960938 349.546051025391 350.428192138672 350.326812744141 349.312744140625 349.207183837891 348.19970703125 348.180938720703 348.766784667969 348.729675292969 348.981384277344 348.928466796875 348.898651123047 350.414306640625 -3.4e+38 350.335357666016 350.20361328125 349.263854980469 349.53125 349.516052246094 349.756469726562 349.395080566406 349.351318359375 349.308471679688 349.324890136719 349.698181152344 350.607208251953 350.748962402344 350.271514892578 350.88818359375 351.425659179688 352.872497558594 352.888488769531
349.477203369141 350.145111083984 350.343048095703 350.277282714844 350.211456298828 350.14599609375 350.081024169922 349.962310791016 350.601135253906 350.260009765625 350.465789794922 349.984436035156 349.639343261719 349.578277587891 349.517761230469 349.457824707031 349.424499511719 350.034454345703 350.223693847656 350.166625976562 350.059600830078 349.054382324219 348.999206542969 348.944641113281 348.932159423828 349.468963623047 348.784942626953 348.802276611328 349.681884765625 348.658874511719 349.559661865234 349.79638671875 349.436859130859 349.390106201172 349.434692382812 350.266540527344 349.938385009766 350.176422119141 349.814880371094 349.808135986328 350.192260742188 350.300903320312 -3.4e+38 350.154632568359 349.849945068359 350.866119384766 351.883636474609 352.693542480469 352.246246337891
350.107604980469 350.300048828125 350.234222412109 350.168334960938 350.102874755859 350.037841796875 349.981353759766 350.569152832031 350.782257080078 350.719573974609 350.650421142578 350.285705566406 349.534606933594 349.473999023438 349.413970947266 349.354461669922 349.335357666016 350.237213134766 350.122314453125 350.065734863281 349.9931640625 349.599487304688 348.939392089844 349.524230957031 349.489166259766 349.718139648438 349.359558105469 349.329620361328 349.585601806641 349.176635742188 349.437896728516 349.39013671875 349.343139648438 349.355804443359 -3.4e+38 350.206817626953 350.162963867188 350.119964599609 350.077789306641 350.011810302734 349.827606201172 350.005249023438 350.620300292969 350.366912841797 350.433776855469 351.370269775391 351.754974365234 352.047821044922 351.958435058594
350.257659912109 350.191345214844 350.125457763672 350.059967041016 349.988494873047 349.203765869141 349.156066894531 350.034088134766 350.676300048828 350.596832275391 -3.4e+38 -3.4e+38 350.113952636719 349.370300292969 349.336700439453 349.950439453125 349.902435302734 350.135406494141 350.021484375 349.965423583984 349.909973144531 349.876251220703 350.139709472656 349.747467041016 349.694580078125 349.642364501953 349.590850830078 349.589172363281 350.106414794922 350.054840087891 349.949340820312 349.353515625 349.848510742188 349.296081542969 350.159332275391 350.115203857422 350.071899414062 350.029388427734 349.987731933594 349.933074951172 349.791778564453 349.922576904297 350.600769042969 350.613006591797 350.753112792969 351.742462158203 352.206390380859 351.675048828125 351.878021240234
350.148742675781 350.082794189453 -3.4e+38 349.9521484375 349.876037597656 348.833312988281 349.487335205078 349.639343261719 349.855316162109 349.788391113281 349.468597412109 350.104400634766 350.316711425781 349.944366455078 349.219879150391 349.451232910156 349.395690917969 349.373382568359 349.921264648438 349.865692138672 349.810760498047 349.816497802734 350.682708740234 350.283172607422 349.643188476562 350.218933105469 350.165771484375 350.138336181641 350.36865234375 350.297576904297 350.277740478516 350.551025390625 350.782836914062 350.392700195312 350.067810058594 349.959747314453 349.398345947266 349.939392089844 349.898254394531 349.928405761719 350.460144042969 350.478546142578 351.183776855469 351.195007324219 351.334533691406 352.281005859375 352.476531982422 351.792358398438 352.947967529297
350.040374755859 349.974822998047 -3.4e+38 -3.4e+38 -3.4e+38 349.446838378906 349.653350830078 349.528045654297 349.466156005859 349.425567626953 350.063201904297 350.283599853516 350.223846435547 350.125274658203 349.105987548828 349.047943115234 348.990478515625 348.948760986328 350.472412109375 349.805786132812 350.395965576172 350.359741210938 350.605133056641 350.530853271484 350.198486328125 350.498382568359 351.019348144531 350.349243164062 350.300140380859 350.204040527344 350.186950683594 350.51220703125 351.065399169922 -3.4e+38 349.976837158203 349.898468017578 349.576416015625 349.849975585938 349.809326171875 349.861999511719 350.638122558594 351.226409912109 351.493988037109 351.586456298828 352.201690673828 352.538757324219 352.507293701172 352.303039550781 353.141204833984
349.9326171875 349.867431640625 349.811248779297 -3.4e+38 -3.4e+38 349.610870361328 349.547882080078 349.442596435547 350.076599121094 350.022277832031 350.240570068359 350.154724121094 349.416778564453 349.347991943359 349.004516601562 348.946929931641 348.924255371094 349.526184082031 350.055969238281 350.372375488281 350.614044189453 350.560729980469 350.508087158203 350.456085205078 350.404724121094 350.428771972656 351.278564453125 350.922882080078 350.817321777344 350.111083984375 350.064636230469 350.111541748047 350.911590576172 350.242065429688 349.886444091797 349.843841552734 349.802062988281 349.761108398438 349.792236328125 350.354125976562 350.592163085938 351.427307128906 351.518768310547 352.134582519531 352.47021484375 352.487121582031 352.589477539062 353.237518310547 353.900787353516
349.825469970703 349.769470214844 350.4326171875 350.632171630859 350.549163818359 349.521453857422 350.147308349609 349.327667236328 349.544067382812 349.486114501953 349.428649902344 349.388000488281 349.723785400391 349.632019042969 348.903625488281 348.846496582031 348.841766357422 349.734069824219 349.642608642578 349.927093505859 350.516571044922 350.463775634766 350.41162109375 350.360107421875 350.309265136719 350.335998535156 351.209625244141 351.160858154297 351.028259277344 350.621002197266 350.033477783203 350.617462158203 350.849700927734 350.427886962891 349.796630859375 349.754547119141 349.713287353516 349.672821044922 349.745635986328 350.594451904297 350.620208740234 351.377197265625 351.543060302734 352.401458740234 352.417724609375 352.435333251953 352.589630126953 353.612335205078 354.495758056641
350.456420898438 350.393096923828 350.577667236328 349.811645507812 350.457489013672 350.113922119141 349.609680175781 349.215850830078 349.155242919922 349.095184326172 349.035675048828 348.989013671875 349.245727539062 349.813812255859 348.837677001953 349.443176269531 349.401336669922 349.635223388672 349.526245117188 349.492858886719 349.828033447266 351.000732421875 350.315765380859 350.264770507812 350.266021728516 350.8623046875 351.115814208984 351.067535400391 350.933380126953 350.895874023438 350.572662353516 350.836822509766 350.792907714844 350.648101806641 349.775238037109 350.315093994141 350.2724609375 350.230621337891 350.230407714844 350.507720947266 350.573577880859 351.957153320312 352.031585693359 352.430053710938 352.913055419922 352.468017578125 353.081848144531 353.475799560547 353.909759521484
350.612884521484 350.535858154297 349.748046875 349.444152832031 350.359008789062 350.289215087891 349.9345703125 349.112976074219 349.052795410156 348.9931640625 348.93408203125 348.906860351562 349.534851074219 349.745635986328 349.417602539062 349.6474609375 349.552703857422 348.845642089844 349.428955078125 349.375885009766 349.414154052734 350.568939208984 350.220489501953 350.221496582031 350.819213867188 351.071044921875 351.022583007812 350.974792480469 350.898010253906 350.835723876953 350.790832519531 350.746643066406 350.703247070312 350.624633789062 350.306579589844 350.577667236328 350.537414550781 350.497985839844 350.459350585938 350.486785888672 350.974853515625 351.732788085938 352.278198242188 352.342742919922 352.631866455078 352.467315673828 353.351287841797 353.461212158203 354.073974609375
350.507476806641 350.423400878906 349.380340576172 349.342559814453 350.255096435547 350.193206787109 350.099548339844 349.010681152344 348.950927734375 348.921508789062 349.540924072266 349.494171142578 349.683074951172 348.996520996094 349.6044921875 349.509552001953 348.782470703125 348.439300537109 349.332275390625 349.279693603516 349.298889160156 350.176483154297 350.125854492188 350.101348876953 350.353668212891 350.363098144531 350.929931640625 350.882659912109 350.836090087891 350.7451171875 350.700714111328 350.657073974609 350.614166259766 350.572021484375 350.530670166016 350.490112304688 350.523406982422 351.056121826172 351.016174316406 351.014129638672 351.323577880859 351.905029296875 352.223846435547 352.324859619141 352.889709472656 352.958801269531 353.387634277344 354.000823974609 354.254364013672
350.402679443359 350.316253662109 349.294830322266 349.949279785156 350.151763916016 350.090270996094 349.994384765625 348.937347412109 349.591979980469 350.223510742188 350.406951904297 349.675170898438 349.602813720703 349.277954101562 349.506011962891 349.432861328125 349.131469726562 349.679138183594 349.236206054688 349.184143066406 349.156097412109 349.454376220703 350.031799316406 349.982299804688 349.933502197266 349.970886230469 350.837890625 350.791137695312 350.745086669922 350.655120849609 350.611206054688 350.568054199219 350.525665283203 350.554138183594 351.021697998047 350.475982666016 351.050720214844 351.325408935547 351.287780761719 351.322509765625 351.847351074219 352.152923583984 352.252990722656 352.868377685547 353.205871582031 353.226104736328 353.389678955078 354.270416259766 354.239135742188
350.917724609375 350.392181396484 350.069915771484 350.008148193359 349.972595214844 350.607940673828 350.516296386719 349.707427978516 349.662567138672 349.867797851562 349.533843994141 349.477172851562 349.421112060547 349.365661621094 349.310791015625 349.256591796875 349.248687744141 349.792388916016 349.045928955078 348.994873046875 348.997436523438 349.5986328125 349.818725585938 349.555847167969 350.390808105469 350.092803955078 350.655639648438 350.704528808594 351.564849853516 351.135925292969 351.022552490234 350.391845703125 350.421661376953 350.999816894531 351.269958496094 351.230895996094 351.192626953125 351.155151367188 351.118530273438 351.203155517578 352.011077880859 351.540588378906 352.512603759766 353.07861328125 353.098846435547 353.120361328125 353.234191894531 353.847259521484 354.192596435547
351.063049316406 350.029571533203 349.967651367188 349.932250976562 350.579833984375 350.755920410156 349.994659423828 349.607543945312 349.549530029297 349.492095947266 349.435302734375 349.379089355469 349.323486328125 349.268493652344 349.214141845703 349.206237792969 349.772552490234 349.343688964844 348.951721191406 348.954223632812 349.556823730469 349.745971679688 349.135101318359 349.733825683594 350.017517089844 350.310852050781 350.5654296875 350.552612304688 350.812927246094 350.798431396484 351.309814453125 350.959259033203 350.954956054688 351.223602294922 351.184234619141 351.145660400391 351.107879638672 351.070892333984 350.954376220703 350.486114501953 351.320617675781 351.121185302734 352.141906738281 353.024169921875 353.045043945312 353.067230224609 353.237640380859 354.115386962891 354.141387939453
350.247039794922 349.927551269531 349.892395019531 350.513641357422 350.021087646484 349.951751708984 349.657806396484 350.221343994141 350.161224365234 350.101715087891 350.002746582031 349.3232421875 349.884002685547 349.171997070312 349.118103027344 349.085845947266 349.299346923828 348.960235595703 348.911315917969 349.515319824219 349.702606201172 349.005157470703 348.748779296875 349.614196777344 349.597625732422 349.915618896484 350.475830078125 350.431091308594 350.387023925781 350.337249755859 350.674011230469 351.218017578125 351.177612304688 351.137969970703 351.099090576172 351.061004638672 351.023712158203 350.906982421875 350.264984130859 350.047607421875 350.899078369141 351.067016601562 352.000457763672 352.428344726562 352.991058349609 353.013885498047 353.093658447266 353.533752441406 354.089965820312
350.596313476562 349.826171875 349.803863525391 350.693023681641 350.367156982422 350.305023193359 350.222595214844 349.697052001953 349.642456054688 349.628845214844 350.222564697266 349.905731201172 350.110961914062 349.727569580078 349.022705078125 348.969909667969 348.917785644531 348.866271972656 348.790496826172 349.09033203125 349.639465332031 349.236328125 348.599761962891 348.912872314453 349.477447509766 349.463745117188 349.720764160156 349.745635986328 350.299041748047 350.800872802734 350.282928466797 351.132019042969 351.092071533203 351.052917480469 351.014556884766 350.976928710938 351.020202636719 351.501159667969 351.149963378906 351.16357421875 351.475952148438 351.558441162109 351.893890380859 351.967742919922 352.400054931641 352.867706298828 352.454010009766 353.163696289062 354.038360595703
350.77685546875 350.427154541016 349.706146240234 350.604309082031 350.544586181641 350.450653076172 349.695343017578 349.350860595703 349.923828125 349.258453369141 350.186981201172 350.790710449219 350.687622070312 349.960052490234 349.622772216797 349.568115234375 349.514099121094 349.460754394531 349.356018066406 349.331665039062 349.575286865234 349.438262939453 348.480346679688 348.527679443359 349.388092041016 349.342926025391 349.365539550781 349.884582519531 349.619842529297 350.5048828125 350.780822753906 351.046569824219 351.007141113281 350.968475341797 350.930603027344 350.973449707031 351.5458984375 351.821594238281 351.704315185547 351.129760742188 351.14501953125 351.273803710938 351.838287353516 351.859802246094 351.937377929688 352.224517822266 352.083923339844 353.016784667969 353.365112304688
350.715484619141 351.313232421875 350.336395263672 351.195831298828 350.410369873047 349.653137207031 349.328674316406 349.271881103516 350.140563964844 349.783294677734 349.362274169922 349.589660644531 349.568267822266 349.886199951172 349.833770751953 349.781982421875 349.730804443359 349.680297851562 349.638916015625 350.153869628906 349.484558105469 349.407653808594 349.064453125 349.047821044922 349.299346923828 349.254699707031 349.313568115234 350.132049560547 349.893371582031 350.737274169922 351.00146484375 350.961761474609 350.922821044922 350.884643554688 350.847229003906 350.936340332031 351.692321777344 351.181762695312 351.661407470703 351.344940185547 351.272735595703 350.903625488281 351.782531738281 351.804656982422 351.828094482422 351.852783203125 352.032287597656 352.906005859375 352.934509277344
