rcp4.5models/GFDL_CM3/sc1gr8.37
NCOLS 261 
NROWS 433 
XLLCORNER 336357.134 
YLLCORNER 654653.479 
CELLSIZE 1000 
NODATA_value -3.4e+38 
[rows 264 to 285 of 433, columns 196 to 244 of 261]
115.901062011719 116.424575805664 116.954010009766 118.377624511719 117.677787780762 117.798454284668 117.761360168457 120.044059753418 119.966567993164 120.965286254883 121.609191894531 121.122756958008 120.080360412598 124.501815795898 132.560028076172 133.014526367188 129.292938232422 126.390022277832 120.940284729004 120.250015258789 120.02067565918 121.419219970703 125.610336303711 128.507125854492 124.386436462402 118.153732299805 117.870231628418 117.372489929199 115.655067443848 114.048179626465 116.93872833252 114.809509277344 -3.4e+38 -3.4e+38 108.258163452148 107.45539855957 106.633949279785 105.097663879395 103.895782470703 103.190353393555 102.903396606445 99.9125671386719 98.9738006591797 97.369255065918 94.9875335693359 94.3683166503906 93.2612762451172 91.3978118896484 90.4417114257812
113.890846252441 115.320030212402 116.798652648926 116.951553344727 116.289978027344 115.636512756348 116.680335998535 119.319114685059 119.252067565918 120.29931640625 121.20378112793 120.753158569336 119.41609954834 122.941535949707 129.644973754883 130.23762512207 124.239234924316 123.076301574707 120.911827087402 120.232223510742 120.432403564453 121.599113464355 124.057197570801 124.622459411621 122.737510681152 117.663230895996 117.155258178711 116.192749023438 115.422920227051 114.61100769043 112.49853515625 112.016693115234 111.399642944336 110.873313903809 109.72403717041 108.736701965332 107.339225769043 106.442672729492 105.151481628418 103.492874145508 102.708847045898 100.356727600098 98.8370132446289 97.2142944335938 94.9830093383789 94.3130416870117 93.6550140380859 92.361686706543 90.3594131469727
109.5302734375 110.230079650879 111.896583557129 112.636543273926 112.524803161621 112.889579772949 114.766166687012 119.960304260254 123.699440002441 121.920639038086 119.695770263672 118.963569641113 118.473335266113 120.30297088623 123.042671203613 123.710159301758 123.936630249023 121.34644317627 120.225036621094 121.173057556152 122.568824768066 123.017486572266 119.797660827637 119.375015258789 119.754295349121 119.773979187012 118.38712310791 120.344215393066 117.175102233887 116.216575622559 114.364593505859 113.907661437988 113.022613525391 111.859184265137 111.02791595459 110.366233825684 108.62166595459 106.899375915527 106.290107727051 105.532554626465 103.783363342285 100.63614654541 98.2844848632812 97.9012603759766 96.9393768310547 95.1412353515625 94.0775985717773 93.0890808105469 91.6838912963867
108.44637298584 108.480545043945 109.633575439453 110.168029785156 111.070747375488 111.936630249023 114.108795166016 119.257057189941 124.480682373047 122.148040771484 117.982276916504 117.794570922852 118.11646270752 122.763229370117 129.442504882812 129.220397949219 127.458274841309 120.796966552734 125.669502258301 126.070602416992 126.875 125.938133239746 120.45059967041 122.03190612793 122.594276428223 119.3505859375 117.708976745605 119.199729919434 118.643341064453 116.933219909668 115.102073669434 115.531929016113 114.775810241699 113.013900756836 111.253303527832 110.360000610352 108.881507873535 106.910484313965 106.03303527832 105.547401428223 104.09733581543 101.11548614502 99.3353424072266 98.1262664794922 97.3395919799805 96.2594909667969 95.2551956176758 93.9779739379883 92.4230880737305
107.048278808594 107.408935546875 108.840644836426 109.284973144531 109.982269287109 110.711318969727 113.768798828125 122.314239501953 123.828712463379 120.22193145752 116.977340698242 116.586654663086 117.2333984375 121.92610168457 130.985702514648 131.735885620117 127.482612609863 120.065620422363 130.976455688477 130.276275634766 128.77995300293 125.559013366699 121.000129699707 122.165267944336 122.404739379883 119.257835388184 117.465126037598 119.21955871582 119.683654785156 117.558334350586 116.060440063477 116.27906036377 115.78572845459 113.935722351074 111.348388671875 110.244178771973 109.20433807373 107.859008789062 106.020683288574 105.273246765137 104.445350646973 101.643180847168 100.618682861328 99.1252136230469 97.5666351318359 96.5588455200195 95.7749404907227 93.8976440429688 92.085075378418
106.288383483887 107.537055969238 109.174118041992 108.826774597168 108.65682220459 109.74885559082 114.21630859375 125.044288635254 124.880584716797 120.046630859375 117.051658630371 116.93571472168 116.864639282227 117.995040893555 123.209197998047 125.932479858398 122.602783203125 119.213928222656 130.896026611328 130.555068969727 129.375106811523 126.720657348633 121.727600097656 120.62434387207 120.877883911133 119.934928894043 118.881446838379 119.873596191406 120.179878234863 118.729988098145 117.857887268066 118.484794616699 116.88395690918 113.465293884277 111.143180847168 110.168815612793 109.443481445312 108.62149810791 106.909111022949 105.215835571289 104.79313659668 102.9296875 101.354484558105 100.477607727051 98.6574172973633 97.0771865844727 96.1848526000977 94.5037460327148 92.4002914428711
105.379440307617 107.077972412109 107.828399658203 107.337852478027 107.539192199707 109.100868225098 111.745994567871 123.814628601074 126.155395507812 121.536903381348 116.111923217773 116.690391540527 116.281349182129 116.091613769531 117.564865112305 119.665321350098 118.928771972656 118.693344116211 129.916778564453 130.620407104492 129.937240600586 129.087341308594 124.991035461426 120.705978393555 121.327644348145 121.934898376465 121.64892578125 120.103691101074 119.821548461914 119.829780578613 122.231674194336 120.378211975098 115.581825256348 113.159828186035 111.555854797363 110.026489257812 109.231025695801 108.591239929199 107.915077209473 106.118797302246 104.773170471191 103.694564819336 102.456588745117 101.387763977051 100.087265014648 98.3300933837891 96.8396682739258 95.3205032348633 92.7010192871094
104.187446594238 105.666793823242 106.542572021484 106.208129882812 106.522994995117 108.344459533691 110.948120117188 118.600646972656 124.779083251953 121.774559020996 115.286476135254 115.341934204102 114.798278808594 115.416061401367 117.640403747559 117.968627929688 118.100044250488 118.769157409668 130.240493774414 129.764404296875 128.42170715332 128.38298034668 127.774711608887 125.307037353516 124.377464294434 123.768280029297 122.606941223145 119.669631958008 119.209907531738 119.113594055176 119.376113891602 116.899848937988 113.62784576416 112.975898742676 112.2470703125 110.723815917969 109.421775817871 108.698616027832 108.165328979492 107.381912231445 105.853317260742 104.29801940918 103.794738769531 102.40552520752 100.557052612305 98.8713455200195 96.9850387573242 95.7116546630859 93.549446105957
103.907783508301 105.088180541992 107.035949707031 105.147468566895 106.095245361328 109.47492980957 119.584602355957 119.633453369141 118.85237121582 119.186805725098 118.238723754883 114.491989135742 113.734703063965 114.682594299316 116.960342407227 117.705665588379 118.065567016602 121.265296936035 128.437469482422 129.193099975586 127.596237182617 127.396331787109 127.95092010498 127.477195739746 124.299171447754 123.369827270508 120.461837768555 119.072448730469 118.789855957031 117.911567687988 114.811393737793 114.015281677246 113.532516479492 112.9609375 112.63353729248 111.823539733887 110.528205871582 108.919418334961 108.678489685059 108.143020629883 107.425392150879 105.81600189209 104.603080749512 103.126655578613 100.537254333496 99.3250732421875 97.7148056030273 -3.4e+38 94.4648361206055
103.253273010254 103.685806274414 104.003028869629 103.827735900879 108.621444702148 116.483573913574 122.795181274414 126.689010620117 116.152648925781 117.041366577148 117.395294189453 114.025665283203 113.477142333984 114.030815124512 116.124778747559 118.274536132812 118.144805908203 120.563545227051 124.576042175293 127.805786132812 126.229988098145 125.484802246094 122.945426940918 122.810722351074 121.136726379395 121.05396270752 118.88191986084 118.554290771484 117.965530395508 116.610122680664 116.732841491699 115.662857055664 113.844841003418 113.040382385254 112.809928894043 112.462516784668 111.74821472168 110.295516967773 110.075736999512 108.658897399902 108.271705627441 107.065483093262 105.450553894043 103.338012695312 101.571090698242 99.7007217407227 98.8496398925781 96.9861297607422 94.9165725708008
101.429000854492 101.309341430664 101.057556152344 104.455665588379 112.604034423828 123.469512939453 121.760459899902 130.691268920898 118.166221618652 115.476165771484 113.549468994141 112.85334777832 112.822494506836 113.699653625488 115.512138366699 118.000045776367 117.955619812012 117.365737915039 124.10555267334 127.714981079102 126.785377502441 126.123672485352 124.044853210449 124.376838684082 124.294532775879 124.32438659668 122.896339416504 120.062118530273 118.233825683594 117.586921691895 117.984550476074 116.592147827148 113.934700012207 113.105682373047 112.803894042969 112.880531311035 112.38842010498 111.334854125977 110.892143249512 110.175666809082 109.514427185059 107.67357635498 106.278923034668 103.909729003906 103.049827575684 101.343322753906 99.4593811035156 98.2256851196289 96.7482757568359
99.2537002563477 98.9725341796875 99.9260101318359 103.255012512207 108.403861999512 116.879096984863 123.199447631836 132.13688659668 120.854721069336 118.529067993164 112.962142944336 112.381652832031 112.105598449707 112.951278686523 114.627876281738 116.555328369141 117.148849487305 116.405891418457 123.324203491211 128.32080078125 128.084075927734 127.239822387695 127.634857177734 127.852722167969 127.534713745117 126.91569519043 126.073150634766 124.256774902344 122.411437988281 121.100944519043 117.446388244629 116.263252258301 114.922973632812 114.635383605957 114.53556060791 114.049362182617 112.898651123047 111.876167297363 111.177604675293 111.494285583496 111.256973266602 108.040382385254 106.935691833496 105.924835205078 104.690330505371 102.976615905762 100.463455200195 98.7752227783203 97.9314651489258
97.7789535522461 97.6471633911133 98.7382049560547 100.384544372559 102.547142028809 109.053428649902 124.327735900879 130.485366821289 118.38134765625 116.596832275391 113.419235229492 111.936866760254 111.804054260254 113.044822692871 113.815010070801 116.108741760254 117.57421875 116.299964904785 120.450614929199 123.727279663086 124.570365905762 123.474266052246 124.872673034668 127.399200439453 127.300987243652 126.197685241699 126.197830200195 126.502639770508 123.591896057129 120.303840637207 117.262306213379 116.598083496094 116.374053955078 115.939178466797 116.075630187988 115.307609558105 114.336364746094 113.095306396484 111.84245300293 111.993133544922 112.043655395508 108.982551574707 107.484756469727 107.455764770508 105.904594421387 103.338150024414 101.65168762207 99.9598693847656 98.1838760375977
96.1180267333984 97.0335464477539 98.5488586425781 99.1445083618164 101.102592468262 107.313255310059 122.482727050781 118.080032348633 112.108489990234 110.50611114502 111.317390441895 110.456581115723 111.39599609375 114.179107666016 113.02027130127 114.781127929688 117.344673156738 116.532745361328 119.329200744629 119.504425048828 120.417091369629 121.685234069824 124.687088012695 126.749710083008 126.306083679199 125.381988525391 125.863311767578 124.491561889648 122.320388793945 120.673057556152 116.892478942871 116.866439819336 117.19945526123 116.473663330078 116.227897644043 115.82958984375 115.220207214355 114.339828491211 113.834518432617 113.356269836426 112.183708190918 110.206642150879 108.905822753906 107.544998168945 106.181411743164 104.115348815918 101.98624420166 100.624610900879 98.2763442993164
94.7764511108398 97.0082778930664 98.0925064086914 99.5045547485352 100.376396179199 106.724960327148 121.973747253418 107.517425537109 107.562805175781 107.433181762695 107.814025878906 108.429679870605 111.549041748047 116.093734741211 116.944381713867 114.591041564941 116.189804077148 116.243690490723 118.840377807617 120.653190612793 118.235946655273 120.55721282959 122.506118774414 123.62100982666 124.516471862793 120.690628051758 126.060432434082 124.815986633301 122.305953979492 117.715400695801 118.078140258789 117.569351196289 117.796279907227 117.110816955566 116.035629272461 115.312942504883 -3.4e+38 115.095886230469 115.063438415527 113.964302062988 113.48063659668 111.619400024414 109.898376464844 108.912117004395 106.726921081543 104.740913391113 103.205604553223 101.63355255127 100.894836425781
96.3001480102539 101.320518493652 96.8952484130859 100.05298614502 103.03938293457 103.072906494141 114.67049407959 111.95824432373 107.389450073242 106.899940490723 106.715316772461 108.247024536133 113.842651367188 120.845878601074 122.098564147949 114.65299987793 114.638916015625 114.702445983887 119.180221557617 122.534156799316 118.859321594238 117.88623046875 119.200485229492 118.896484375 120.866851806641 -3.4e+38 126.573677062988 123.725761413574 118.220176696777 117.524131774902 118.654502868652 118.543273925781 117.970245361328 116.988998413086 116.052833557129 115.634170532227 114.730270385742 114.83349609375 114.740951538086 114.069152832031 113.391647338867 112.492568969727 111.009918212891 109.062919616699 107.963859558105 106.430473327637 104.434768676758 103.136978149414 101.487739562988
95.8284606933594 100.129508972168 96.1674880981445 99.0159912109375 104.071899414062 103.326622009277 108.973190307617 123.153007507324 114.638488769531 106.028694152832 106.551696777344 108.387802124023 114.878684997559 123.906196594238 124.082405090332 116.865058898926 113.085807800293 112.864822387695 117.771446228027 121.546508789062 121.158561706543 116.721267700195 116.837181091309 -3.4e+38 117.408317565918 -3.4e+38 125.337097167969 122.23365020752 116.118713378906 117.667724609375 118.952522277832 118.634223937988 117.739044189453 116.796264648438 116.372772216797 116.812309265137 116.099044799805 115.886665344238 115.60001373291 115.462944030762 114.297538757324 112.366020202637 112.09513092041 110.40860748291 108.590232849121 107.404487609863 105.100936889648 104.489814758301 102.748268127441
94.8628234863281 95.7506866455078 101.16576385498 110.030220031738 100.985298156738 104.850601196289 109.238784790039 129.045822143555 124.195304870605 109.869529724121 107.037643432617 112.438888549805 115.992782592773 120.368621826172 125.029304504395 119.273193359375 111.29411315918 112.233024597168 116.995941162109 122.270393371582 121.941528320312 117.022575378418 116.85408782959 117.441879272461 -3.4e+38 -3.4e+38 120.261276245117 118.903198242188 116.736061096191 118.210662841797 118.756233215332 117.920562744141 117.148963928223 116.446281433105 -3.4e+38 117.238502502441 117.031578063965 -3.4e+38 116.522285461426 116.268501281738 115.063163757324 112.285224914551 112.184288024902 111.037696838379 108.718292236328 107.952301025391 106.308609008789 104.888442993164 104.097541809082
95.0411911010742 103.258163452148 119.62646484375 124.08869934082 104.861137390137 101.641883850098 105.452781677246 128.361038208008 123.74535369873 109.561401367188 111.894332885742 122.056365966797 122.276901245117 118.677848815918 116.713188171387 117.01245880127 114.90544128418 110.717720031738 116.467010498047 122.920181274414 121.430152893066 120.548248291016 117.500015258789 116.170272827148 -3.4e+38 -3.4e+38 116.604820251465 116.414741516113 116.86124420166 117.370765686035 118.316688537598 117.767936706543 117.090507507324 116.812797546387 -3.4e+38 117.741149902344 117.467735290527 -3.4e+38 -3.4e+38 116.178245544434 -3.4e+38 113.378524780273 112.052070617676 111.324142456055 109.730430603027 108.339477539062 107.577796936035 105.939880371094 104.492279052734
97.4646987915039 114.434555053711 124.969825744629 124.956314086914 114.468032836914 100.856590270996 103.927436828613 122.35969543457 117.149147033691 106.869613647461 119.30818939209 126.225570678711 124.944450378418 122.242088317871 114.564926147461 112.387886047363 113.948921203613 109.403038024902 114.304794311523 119.161041259766 122.426795959473 124.291389465332 120.219207763672 115.089721679688 114.718505859375 115.076301574707 116.315452575684 116.464698791504 115.914611816406 115.788841247559 117.809379577637 117.329719543457 117.262557983398 117.338729858398 118.337936401367 118.529167175293 117.86011505127 117.151779174805 116.93815612793 117.460594177246 116.638259887695 114.597686767578 113.035064697266 111.61848449707 110.45777130127 108.515075683594 107.883087158203 106.684906005859 104.765533447266
101.581809997559 119.651107788086 124.929122924805 126.921646118164 118.017959594727 103.616966247559 105.940200805664 114.514518737793 110.873474121094 107.317085266113 121.688735961914 125.010772705078 122.375984191895 123.234771728516 117.324630737305 109.889091491699 109.91414642334 108.964050292969 112.140892028809 117.383666992188 123.69165802002 123.050201416016 119.240707397461 114.759170532227 114.081535339355 113.907051086426 116.123199462891 116.420387268066 115.629920959473 114.789077758789 117.452018737793 116.665840148926 116.794631958008 117.137451171875 118.211891174316 118.101669311523 117.784873962402 117.114944458008 118.070877075195 118.649765014648 117.553825378418 115.120315551758 113.747619628906 111.796737670898 110.886192321777 109.487373352051 108.080093383789 107.130737304688 105.747436523438
105.214530944824 114.66032409668 125.579597473145 127.496971130371 112.398010253906 104.035308837891 105.005836486816 112.313018798828 111.293411254883 115.685684204102 119.953140258789 123.619720458984 122.068916320801 118.541580200195 110.458740234375 108.40535736084 108.668746948242 107.792945861816 110.810028076172 117.44408416748 122.424880981445 116.596557617188 114.067405700684 112.991706848145 113.28963470459 113.452209472656 114.650489807129 115.992370605469 115.597587585449 114.426727294922 116.620979309082 116.527641296387 116.024192810059 116.429138183594 117.644332885742 117.53825378418 117.586692810059 117.20369720459 118.780311584473 118.711059570312 117.644332885742 115.220031738281 113.901229858398 111.880973815918 111.105186462402 110.009422302246 108.260215759277 107.78148651123 -3.4e+38
