rcp4.5models/GFDL_CM3/sc1gr9.14
NCOLS 261 
NROWS 433 
XLLCORNER 336357.134 
YLLCORNER 654653.479 
CELLSIZE 1000 
NODATA_value -3.4e+38 
[rows 396 to 417 of 433, columns 49 to 97 of 261]
-3.4e+38 -3.4e+38 -3.4e+38 -3.4e+38 -3.4e+38 -3.4e+38 -3.4e+38 -3.4e+38 -3.4e+38 475.270538330078 482.466918945312 476.342163085938 472.843780517578 474.957550048828 478.565002441406 479.721740722656 481.3798828125 480.679901123047 482.393493652344 484.267395019531 483.086700439453 483.609436035156 488.439575195312 501.095184326172 488.50048828125 479.463653564453 483.304168701172 483.878448486328 479.355255126953 475.95654296875 473.409698486328 469.826049804688 468.597869873047 467.044647216797 465.726409912109 466.8974609375 464.620910644531 471.810729980469 478.097564697266 481.658264160156 465.676147460938 470.346252441406 480.389526367188 476.3212890625 466.124237060547 474.851287841797 469.799102783203 458.044464111328 454.852203369141
-3.4e+38 -3.4e+38 -3.4e+38 -3.4e+38 -3.4e+38 -3.4e+38 -3.4e+38 -3.4e+38 -3.4e+38 469.262664794922 476.499908447266 473.001159667969 472.736328125 473.303955078125 475.5478515625 476.661010742188 477.711273193359 477.997650146484 480.288848876953 481.660614013672 480.021697998047 478.261138916016 479.5634765625 490.623657226562 483.324401855469 477.145599365234 476.765014648438 473.793640136719 472.46826171875 472.416076660156 471.461883544922 467.541625976562 465.128051757812 463.314849853516 461.386962890625 460.489196777344 457.857299804688 454.418914794922 462.857543945312 473.952545166016 464.192352294922 466.68896484375 474.724334716797 471.673156738281 463.382659912109 460.168151855469 456.996337890625 453.663360595703 450.14208984375
-3.4e+38 -3.4e+38 -3.4e+38 -3.4e+38 -3.4e+38 -3.4e+38 -3.4e+38 -3.4e+38 -3.4e+38 -3.4e+38 466.901580810547 467.887969970703 470.913177490234 471.150787353516 473.506256103516 474.520538330078 474.8701171875 475.925262451172 477.066589355469 476.326782226562 485.481536865234 479.956115722656 485.527496337891 482.390930175781 474.276611328125 472.355560302734 473.495483398438 475.487121582031 470.994842529297 466.882629394531 468.529846191406 463.866119384766 460.246734619141 458.394653320312 471.710876464844 464.102172851562 451.714385986328 450.97021484375 452.656860351562 450.766387939453 449.918670654297 459.777770996094 477.761749267578 472.499206542969 459.641693115234 457.691314697266 470.564819335938 463.360260009766 447.368103027344
-3.4e+38 -3.4e+38 -3.4e+38 -3.4e+38 -3.4e+38 -3.4e+38 -3.4e+38 -3.4e+38 -3.4e+38 -3.4e+38 464.244537353516 465.325225830078 467.709686279297 467.545806884766 470.393737792969 473.310028076172 474.4482421875 473.610504150391 473.700714111328 475.616546630859 484.215789794922 487.94140625 485.759735107422 477.301879882812 469.751525878906 467.613922119141 468.188140869141 469.412445068359 464.793365478516 462.276550292969 461.734100341797 458.243286132812 456.575103759766 456.023315429688 466.016693115234 474.779907226562 460.751525878906 448.706115722656 446.478851318359 447.820953369141 445.609283447266 455.0498046875 472.704620361328 467.023712158203 455.400848388672 454.128631591797 465.891510009766 474.438751220703 456.036102294922
-3.4e+38 -3.4e+38 -3.4e+38 -3.4e+38 -3.4e+38 -3.4e+38 -3.4e+38 -3.4e+38 -3.4e+38 -3.4e+38 -3.4e+38 463.079406738281 463.749847412109 463.357147216797 464.650299072266 470.313018798828 473.627716064453 471.282379150391 470.864440917969 472.247161865234 484.038970947266 483.556671142578 483.020050048828 473.891571044922 466.230926513672 466.098846435547 462.879486083984 460.190338134766 472.715606689453 456.604248046875 456.604034423828 454.693817138672 453.654602050781 453.875549316406 450.562103271484 462.117492675781 456.472686767578 444.866394042969 443.134033203125 443.963714599609 441.171051025391 446.498840332031 452.069305419922 452.920043945312 451.673889160156 449.429504394531 448.097991943359 459.342651367188 450.909454345703
-3.4e+38 -3.4e+38 -3.4e+38 -3.4e+38 -3.4e+38 -3.4e+38 -3.4e+38 -3.4e+38 -3.4e+38 -3.4e+38 -3.4e+38 460.569610595703 461.101654052734 463.582794189453 462.319030761719 464.014892578125 467.215759277344 467.720001220703 467.478668212891 467.361297607422 474.853759765625 469.418853759766 472.349395751953 474.024291992188 465.564666748047 463.565887451172 463.376861572266 472.356872558594 474.426696777344 451.990020751953 452.750213623047 451.432312011719 450.521148681641 452.069030761719 447.592376708984 445.976043701172 443.496215820312 440.312744140625 439.640594482422 441.011840820312 439.473846435547 435.641021728516 444.204376220703 449.310241699219 447.984313964844 444.250396728516 455.902954101562 452.492065429688 437.638488769531
-3.4e+38 -3.4e+38 -3.4e+38 -3.4e+38 -3.4e+38 -3.4e+38 -3.4e+38 -3.4e+38 -3.4e+38 -3.4e+38 -3.4e+38 458.193634033203 458.697113037109 460.933410644531 460.289581298828 460.2822265625 462.198547363281 464.048431396484 464.338958740234 464.695159912109 469.013397216797 464.674957275391 460.550750732422 464.115600585938 460.55810546875 457.429779052734 457.935455322266 465.035827636719 460.138549804688 448.259735107422 447.001983642578 446.071624755859 446.041381835938 446.371368408203 442.326354980469 439.948181152344 439.115600585938 439.216827392578 438.026428222656 438.050506591797 437.758636474609 438.123748779297 438.185363769531 441.983337402344 443.650512695312 440.910522460938 450.370330810547 446.319885253906 434.979400634766
-3.4e+38 -3.4e+38 -3.4e+38 -3.4e+38 -3.4e+38 -3.4e+38 -3.4e+38 -3.4e+38 -3.4e+38 -3.4e+38 -3.4e+38 -3.4e+38 458.692352294922 460.272430419922 458.233032226562 460.719451904297 463.792205810547 465.038665771484 461.364837646484 461.746185302734 465.051025390625 465.421813964844 460.111114501953 456.175506591797 455.036712646484 453.854248046875 451.422668457031 448.893829345703 449.335601806641 443.758270263672 444.708923339844 442.675994873047 440.076171875 438.559265136719 436.869323730469 437.165283203125 439.376831054688 439.107849121094 437.791473388672 436.582855224609 436.979522705078 442.118377685547 438.018951416016 433.596069335938 435.875640869141 437.68310546875 435.695068359375 449.603118896484 444.800659179688
-3.4e+38 -3.4e+38 -3.4e+38 -3.4e+38 -3.4e+38 -3.4e+38 -3.4e+38 -3.4e+38 -3.4e+38 -3.4e+38 -3.4e+38 -3.4e+38 -3.4e+38 458.726348876953 458.447631835938 461.115417480469 463.118865966797 465.112274169922 457.786468505859 458.390808105469 458.005615234375 459.962219238281 457.052978515625 453.446075439453 451.837646484375 450.242156982422 447.108154296875 445.364196777344 443.60595703125 439.541687011719 440.157104492188 438.006530761719 434.758270263672 435.144134521484 435.945434570312 436.097839355469 435.265869140625 434.372222900391 436.265045166016 437.052185058594 436.696472167969 438.821044921875 437.866851806641 432.795166015625 428.470703125 430.827331542969 432.136108398438 444.334777832031 438.888763427734
-3.4e+38 -3.4e+38 -3.4e+38 -3.4e+38 -3.4e+38 -3.4e+38 -3.4e+38 -3.4e+38 -3.4e+38 -3.4e+38 -3.4e+38 -3.4e+38 -3.4e+38 -3.4e+38 454.022735595703 454.643737792969 454.959045410156 460.250152587891 456.423828125 455.357635498047 454.926391601562 453.695526123047 452.053863525391 449.692260742188 447.181335449219 444.968078613281 442.307495117188 440.555786132812 439.650787353516 435.426025390625 434.407470703125 434.211395263672 431.083435058594 432.310150146484 433.424102783203 430.399658203125 429.299224853516 429.276397705078 430.988067626953 432.522216796875 431.432586669922 433.422698974609 432.410797119141 431.624847412109 427.260070800781 424.790649414062 425.854064941406 425.116668701172 423.295867919922
-3.4e+38 -3.4e+38 -3.4e+38 -3.4e+38 -3.4e+38 -3.4e+38 -3.4e+38 -3.4e+38 -3.4e+38 -3.4e+38 -3.4e+38 -3.4e+38 -3.4e+38 -3.4e+38 447.092376708984 445.310974121094 444.776062011719 445.200103759766 453.143798828125 450.736999511719 448.628875732422 449.902984619141 445.415649414062 440.614135742188 441.90478515625 437.933013916016 433.590209960938 431.273193359375 429.0654296875 426.073699951172 423.761413574219 422.043090820312 421.8154296875 421.043701171875 419.195037841797 418.839050292969 420.609222412109 421.312866210938 421.152770996094 419.631439208984 419.037689208984 421.180236816406 420.982421875 419.223388671875 419.451568603516 418.139801025391 433.852691650391 426.365631103516 431.084350585938
-3.4e+38 -3.4e+38 -3.4e+38 -3.4e+38 -3.4e+38 -3.4e+38 -3.4e+38 -3.4e+38 -3.4e+38 -3.4e+38 -3.4e+38 -3.4e+38 -3.4e+38 -3.4e+38 -3.4e+38 439.830444335938 440.613128662109 441.437194824219 442.451721191406 444.221282958984 443.969970703125 441.860168457031 444.013946533203 438.431579589844 438.4951171875 433.434326171875 428.190948486328 426.12890625 424.175933837891 427.475982666016 423.204772949219 417.399627685547 416.373413085938 415.583343505859 415.005065917969 413.968963623047 415.094604492188 416.500183105469 417.943145751953 416.992919921875 413.786987304688 415.123321533203 415.381958007812 414.931213378906 415.164245605469 414.131072998047 430.225982666016 443.619110107422 440.970123291016
-3.4e+38 -3.4e+38 -3.4e+38 -3.4e+38 -3.4e+38 -3.4e+38 -3.4e+38 -3.4e+38 -3.4e+38 -3.4e+38 -3.4e+38 -3.4e+38 -3.4e+38 -3.4e+38 -3.4e+38 439.237670898438 437.814910888672 436.750671386719 437.246398925781 438.553314208984 438.047393798828 435.934661865234 442.337951660156 440.609008789062 435.229125976562 433.669006347656 425.945007324219 420.706848144531 418.757873535156 420.147003173828 416.501251220703 411.649627685547 410.593444824219 409.70751953125 409.539428710938 408.416717529297 408.511383056641 410.492797851562 411.788177490234 412.732940673828 410.979736328125 408.970611572266 409.198089599609 410.623168945312 410.726959228516 408.965118408203 407.360931396484 425.009613037109 440.677612304688
-3.4e+38 -3.4e+38 -3.4e+38 -3.4e+38 -3.4e+38 -3.4e+38 -3.4e+38 -3.4e+38 -3.4e+38 -3.4e+38 -3.4e+38 -3.4e+38 -3.4e+38 -3.4e+38 -3.4e+38 439.720001220703 438.232147216797 438.359893798828 439.356964111328 434.723663330078 431.264739990234 433.820251464844 433.395538330078 430.935729980469 424.449005126953 424.176025390625 419.482879638672 414.765228271484 412.596862792969 408.644592285156 406.912567138672 405.526947021484 404.959014892578 403.844268798828 403.236511230469 402.423675537109 402.135803222656 403.008514404297 403.719482421875 403.878356933594 404.349365234375 402.630462646484 402.962463378906 403.974426269531 404.633483886719 402.393371582031 401.144592285156 401.446441650391 418.939575195312
-3.4e+38 -3.4e+38 -3.4e+38 -3.4e+38 -3.4e+38 -3.4e+38 -3.4e+38 -3.4e+38 -3.4e+38 -3.4e+38 -3.4e+38 -3.4e+38 -3.4e+38 -3.4e+38 -3.4e+38 -3.4e+38 436.606262207031 437.784240722656 431.511138916016 432.641357421875 432.597045898438 434.23974609375 430.1611328125 426.432403564453 418.717163085938 413.201965332031 410.639404296875 416.050964355469 410.153076171875 402.175170898438 400.807067871094 399.647430419922 398.646057128906 397.489471435547 396.817047119141 396.266754150391 396.661895751953 397.499114990234 397.144470214844 396.285736083984 395.629852294922 394.894012451172 395.423309326172 396.394409179688 397.435516357422 396.97705078125 395.697448730469 395.795776367188 394.175811767578
-3.4e+38 -3.4e+38 -3.4e+38 -3.4e+38 -3.4e+38 -3.4e+38 -3.4e+38 -3.4e+38 -3.4e+38 -3.4e+38 -3.4e+38 -3.4e+38 -3.4e+38 -3.4e+38 -3.4e+38 -3.4e+38 -3.4e+38 -3.4e+38 421.995727539062 428.367584228516 432.171203613281 424.903747558594 419.871368408203 418.188232421875 411.629577636719 406.995910644531 412.047637939453 412.459320068359 403.144622802734 416.823608398438 406.759582519531 393.26416015625 392.053741455078 391.358856201172 390.5849609375 390.201080322266 390.72900390625 391.581115722656 390.672241210938 389.762939453125 389.692932128906 388.157287597656 388.198516845703 391.649810791016 393.402679443359 393.232116699219 390.455291748047 389.78759765625 389.411956787109
-3.4e+38 -3.4e+38 -3.4e+38 -3.4e+38 -3.4e+38 -3.4e+38 -3.4e+38 -3.4e+38 -3.4e+38 -3.4e+38 -3.4e+38 -3.4e+38 -3.4e+38 -3.4e+38 -3.4e+38 -3.4e+38 -3.4e+38 -3.4e+38 417.273559570312 416.568572998047 417.107299804688 411.118927001953 407.153717041016 405.311004638672 403.249176025391 400.852966308594 404.686737060547 399.729461669922 394.018035888672 406.479766845703 397.529907226562 386.541809082031 385.867858886719 384.9638671875 384.462860107422 384.364654541016 384.584930419922 385.057983398438 384.880096435547 384.129730224609 384.382415771484 382.584228515625 382.059204101562 387.103057861328 390.218292236328 387.291046142578 384.205535888672 382.126373291016 380.265808105469
-3.4e+38 -3.4e+38 -3.4e+38 -3.4e+38 -3.4e+38 -3.4e+38 -3.4e+38 -3.4e+38 -3.4e+38 -3.4e+38 -3.4e+38 -3.4e+38 -3.4e+38 -3.4e+38 -3.4e+38 -3.4e+38 -3.4e+38 -3.4e+38 -3.4e+38 413.373565673828 406.548706054688 402.268859863281 400.871032714844 399.258331298828 397.023468017578 394.763366699219 392.805511474609 390.614288330078 388.435028076172 383.316986083984 381.161895751953 379.678436279297 378.500946044922 378.518859863281 378.387603759766 378.316375732422 378.619415283203 379.282257080078 379.478118896484 380.467407226562 406.640563964844 380.419036865234 377.909423828125 378.811279296875 380.678741455078 377.98681640625 377.138214111328 375.626800537109 373.618408203125
-3.4e+38 -3.4e+38 -3.4e+38 -3.4e+38 -3.4e+38 -3.4e+38 -3.4e+38 -3.4e+38 -3.4e+38 -3.4e+38 -3.4e+38 -3.4e+38 -3.4e+38 -3.4e+38 -3.4e+38 -3.4e+38 -3.4e+38 -3.4e+38 -3.4e+38 -3.4e+38 401.983947753906 395.921936035156 394.644592285156 393.199462890625 390.980590820312 395.403289794922 390.114990234375 384.199249267578 382.536163330078 377.608428955078 375.603149414062 373.868560791016 371.289001464844 371.146667480469 371.280609130859 371.561279296875 396.308654785156 388.022979736328 374.961700439453 377.549285888672 398.907379150391 376.237548828125 374.058074951172 372.210815429688 371.763275146484 371.629180908203 372.348114013672 372.512634277344 371.810150146484
-3.4e+38 -3.4e+38 -3.4e+38 -3.4e+38 -3.4e+38 -3.4e+38 -3.4e+38 -3.4e+38 -3.4e+38 -3.4e+38 -3.4e+38 -3.4e+38 -3.4e+38 -3.4e+38 -3.4e+38 -3.4e+38 -3.4e+38 -3.4e+38 -3.4e+38 -3.4e+38 -3.4e+38 392.726745605469 388.703857421875 387.013732910156 384.978424072266 395.315612792969 384.975463867188 376.223663330078 375.664459228516 372.385528564453 370.082275390625 368.611511230469 389.912536621094 377.951995849609 363.727844238281 364.602752685547 385.961120605469 379.338897705078 394.032257080078 387.838775634766 372.229248046875 371.436187744141 370.324584960938 369.034454345703 367.230804443359 367.758972167969 369.871612548828 370.286437988281 369.295135498047
-3.4e+38 -3.4e+38 -3.4e+38 -3.4e+38 -3.4e+38 -3.4e+38 -3.4e+38 -3.4e+38 -3.4e+38 -3.4e+38 -3.4e+38 -3.4e+38 -3.4e+38 -3.4e+38 -3.4e+38 -3.4e+38 -3.4e+38 -3.4e+38 -3.4e+38 -3.4e+38 -3.4e+38 -3.4e+38 389.062194824219 390.512512207031 382.265625 381.654998779297 373.234405517578 368.413024902344 368.529418945312 365.950012207031 364.373352050781 363.099029541016 381.265319824219 369.973266601562 357.673156738281 358.585845947266 359.292633056641 360.561584472656 408.784332275391 394.575805664062 368.286346435547 369.082855224609 368.382476806641 365.868377685547 363.123016357422 362.826843261719 365.873748779297 365.621368408203 365.088806152344
-3.4e+38 -3.4e+38 -3.4e+38 -3.4e+38 -3.4e+38 -3.4e+38 -3.4e+38 -3.4e+38 -3.4e+38 -3.4e+38 -3.4e+38 -3.4e+38 -3.4e+38 -3.4e+38 -3.4e+38 -3.4e+38 -3.4e+38 -3.4e+38 -3.4e+38 -3.4e+38 -3.4e+38 -3.4e+38 -3.4e+38 386.475402832031 375.813171386719 369.331634521484 365.386077880859 363.998931884766 371.740356445312 358.226348876953 357.789459228516 357.676483154297 355.796112060547 353.165588378906 352.062561035156 352.357177734375 353.674774169922 354.594818115234 379.200256347656 374.350860595703 363.159301757812 382.576507568359 365.014862060547 362.044372558594 359.495483398438 359.041259765625 359.386108398438 358.201538085938 359.449340820312
