rcp4.5models/GFDL_CM3/sc1gr1.2
NCOLS 261 
NROWS 433 
XLLCORNER 336357.134 
YLLCORNER 654653.479 
CELLSIZE 1000 
NODATA_value -9999 
[rows 176 to 197 of 433, columns 150 to 199 of 261]
65.9370243680815 65.91094366148 65.7413780412579 65.7624064127117 65.6466065302131 65.3033671416032 65.1112174437215 65.3071544979305 64.9874589111461 64.6693930539034 64.3700712135568 64.1245841143252 64.2868023263063 64.5227913741943 64.1896973635985 64.2975409244375 64.0826774141757 63.824305632473 63.9375662355333 63.4547376163216 63.2693861691634 63.2771396047546 63.4980243668535 63.3369779110691 63.0474223094778 62.9762161435329 62.8272724248228 62.675222084468 62.6073207793736 62.5776782500746 62.504157679437 62.3281541091507 62.2742160205649 62.1335240390589 62.1006853915588 62.0591338042779 61.7119270027043 61.7506072649144 61.949193592364 61.6837124334076 61.4522877278762 61.2543004430012 60.9331843817571 60.7379725455861 -9999 60.6735074979672 60.8053734851739 60.658828276456 60.2593289059127 60.4000227189328
65.8673096555796 65.7871604066895 65.7683947812738 65.7343292746612 65.6988658894319 65.7222109262228 65.1894230238155 65.3126990883153 65.1695312665065 64.9374189200206 64.6054357622332 64.0005744616374 64.4366007515533 64.4798826416311 64.4586315587024 64.4273221323834 63.941469335122 63.6961834590591 63.8338818361096 63.5693323235354 63.7346556060826 63.4874905880666 63.3269818501316 63.2617765682333 62.9068120412325 63.0737492035638 62.8936240129811 62.7231200919281 62.6589927178833 62.5522217650851 62.5274667452345 62.4960095092654 62.4055228141063 62.2148329364766 62.0522598632633 62.0358336600857 61.8357070002445 61.9187800039415 62.0439147725131 61.8043947759407 61.5759390885446 61.4309447914526 61.115375469028 60.9935196513216 60.7010110132002 60.5757546919306 60.9189354116235 60.9143514154419 60.5561253045214 60.4177654904426
65.7960153241516 65.5661077055498 65.6138872480298 -9999 65.5044242247958 65.7579622055433 65.4731660393775 65.3497168323666 65.2091743164417 65.0708711516882 64.7640205943449 64.3366085457642 64.4698046541031 64.4582407227166 64.4619237668343 64.3008970276669 64.0067171233073 63.74722278112 63.8436214896316 63.6297797502799 63.9345389621273 63.7215809259453 63.4733896148061 63.223667539164 62.9387763209476 63.1055018864992 63.3543423430433 63.1775774202432 62.9927367082554 62.7348952869368 62.5958151163583 62.5042676083072 62.4753216880994 62.3481092050939 62.0895079365702 62.0113967616171 61.9512653140077 61.9263236129742 61.8454459769435 61.7995490803222 61.7306024015237 61.4721134699612 61.2568053801055 -9999 60.963180896255 60.6787137063717 60.9111979942601 60.9168460355091 60.4397346432633 60.4730272679412
66.0886972136193 65.7815266994794 65.4447587749099 65.3710910085174 65.4496120760789 65.4389388619902 65.4912362323645 65.3694029526481 65.1851346832735 65.0893830172478 64.8872412546015 64.5518528229625 64.4238201248579 64.3214807387195 64.4049546432616 64.5144736488222 64.1225510173381 63.8571045477637 63.6242986242213 63.880257065679 63.9553354989224 63.6248668208977 63.4558813958673 63.4945614261728 63.299032176774 63.3691138578542 63.6778263965018 63.4585837179232 63.4027910211423 63.0858569532382 62.6831876430161 62.6002954222545 62.4623386132043 62.3905530244527 62.3184355886561 62.1577343835715 61.9991340206315 61.8760622243811 61.7183065021777 61.7961509616053 61.8934172720579 61.6716229861314 61.3921180377907 61.2636801238516 61.1657737582365 60.9747584864602 60.8996864757869 60.775983543313 60.3338674140604 60.2729632581511
66.4597176311794 66.0250990587259 65.4358029328587 65.5372827666543 65.9006161077118 65.7697725586572 65.5483610923249 65.2253628060247 65.4155970082647 65.3388296615487 65.0117508590041 64.7275712382672 64.5186034739944 64.4386832027024 64.3037391661622 64.7511953988111 64.2778804530495 63.9008330345047 63.6353987826009 64.0097482579361 64.0766692488282 63.7601036795042 63.5107296073331 63.7660916692651 63.5514892643407 63.4010159800515 63.5574930376042 63.3590599125426 63.4213893131804 63.4219084898767 62.8425583647777 62.7951948903605 62.7466753090118 62.7491648455451 62.4754364862722 62.228337556408 62.0954072485775 61.9644618922813 61.9505918281834 62.0311759297716 61.7390766801403 61.6275699862953 61.5221219908461 61.3875823403038 61.2727146549628 61.0863324879763 60.9063678672528 60.6042585803289 60.1761374928155 60.0387456605924
66.3451865319985 66.0432836651762 65.7311938066877 65.5178600276658 65.810746772692 65.7160964439017 65.5956303114516 65.4314525596033 65.6113757226977 65.5960064741045 65.3002809612956 65.0474579452841 64.522004075272 64.3881204570011 64.1844620274844 64.5342585407712 64.5881995480369 64.2271063454379 64.0931475954963 64.0012618821854 64.1581499651956 64.1324585202439 63.769486284417 63.7760218274143 63.655321331564 63.4888591616143 63.4958766701423 63.3225545529335 63.3535630452188 63.3722864612538 63.0323345070162 62.9427980313411 63.0129670300742 62.8525966239394 62.4510406267501 62.3681386717976 62.3630976074867 62.3546276972003 62.0537656087795 61.9922212171063 61.627571587591 61.5993069252142 61.7455107468312 61.5037484858327 61.3723851007028 61.2389205066567 61.075084362584 60.7736223104015 60.2474033732081 59.9572086654888
66.5037591435215 66.5059451464524 66.1729969611454 65.6818029376808 65.5972414585465 65.522951776751 65.6356761651619 65.7985986184708 65.4395621766238 65.1439569239199 65.1799011339371 65.1131002616448 64.4413557302525 64.1605381541833 64.2688600268757 64.6337631939104 64.630619456 64.3198132725209 64.164137825427 64.1025205666413 -9999 64.01629474507 63.7286533088572 63.6329394662108 63.650838740174 63.7354647453134 63.5750228073627 63.3634174112012 63.3222652010789 63.3031981648303 63.1129851842122 62.9580978771197 62.8289036375545 62.4873299742541 62.3271927192967 62.282507365432 62.2517076071239 62.426952171998 62.0817517385629 61.9010416604691 61.7727041748968 61.6792445776434 61.6897910042541 61.7400082389701 61.4924473266019 61.3691323651186 61.1980404607887 60.9982750263158 60.5426539770592 59.9966409061152
66.4628313276127 66.8800855189363 66.3146681247138 65.7914727206548 65.4433652170855 65.612865598338 -9999 65.7797998806285 65.2761074292941 64.8026438704791 65.0919653726264 65.1638160058848 64.8519778851062 64.5567110405075 64.5867476212702 64.7323855789626 64.5393843345018 64.284436096167 64.2645049572543 64.349269955196 64.2725109907623 64.0334715843176 63.9705486135579 63.8354675004778 63.781880730761 64.018548018061 63.9430039505577 63.4464216316418 63.2148331549057 63.2398630698322 63.0210718578348 62.9735897830605 62.7255108135143 62.4900167241966 62.4384843060007 62.1987491454407 62.0607512021627 62.1753613659479 62.2300416878898 62.0789555923623 61.8641107775394 61.7181855095311 61.5430036334804 61.7038954840063 61.6928113099319 61.5041381774344 61.256057967484 61.0779236608821 60.6711866496947 60.1629210332995
66.4318403846204 66.9128452442011 66.336322143189 65.9235857522935 -9999 -9999 65.5929941095079 65.4154007857151 65.1750634300956 64.9480251545851 64.9642373058002 65.1333522962572 64.9934362360605 64.9540250997691 64.7404589579748 64.5855172207678 64.5819004481588 64.5904733539616 64.5125391329356 64.4902055704616 64.2954660240917 64.1686960509033 64.103625094112 64.0784400846085 64.1575693726596 64.1522034864 63.97015796945 63.5186049672329 63.2834591479542 63.442857643123 63.2479536326985 63.2362128247158 63.0998605370466 62.8262444296524 62.7458621608231 62.5419790658969 62.4669309460898 62.4016451224112 62.195614594556 62.2285897703845 61.9898115360159 61.8120034440346 61.5819413561466 61.6042187454748 61.6210913109338 61.4743202061362 61.4266407871413 61.1954328983746 60.9299077553701 60.6656517988008
66.9940829197917 66.5881565196 66.6228286968374 66.0222028661329 -9999 -9999 65.819176717517 65.9601009469348 65.3151211225091 65.3785095501348 65.4935746102146 65.381850694205 65.2163213169994 65.073534933191 65.2433917777934 65.0061330108156 64.6039340297393 64.526046708187 64.717707529616 64.649472579873 64.4373191268223 64.3550199776979 64.1738660228077 64.1713059187668 63.983518252385 63.7748621007402 63.8261818781583 63.6479637975838 63.547192702287 63.4447071170827 63.343203670524 63.240403220196 63.2118272676075 63.0777578166123 62.9188525704232 62.8328851945322 62.7909974211625 62.6597175548718 62.3346363375898 62.5904171215728 62.7587799252844 62.5564195674151 62.1385058214794 61.9570499010793 61.8382448005665 61.7718017269933 61.5940800480176 61.7821074409974 61.6574574096447 61.1789650902426
66.6525703914327 66.7874324211745 66.588836280856 65.8829777931112 -9999 -9999 65.6885924771094 65.7591400952015 65.5658934093957 65.4062781392812 65.3196760890876 65.4341358705337 65.0904242335354 65.1782167195478 65.2179098547905 64.9205471477649 64.7996761199789 64.7851274623381 64.6887662344337 64.7782032360111 64.3569501178061 64.227105355606 64.1302822096548 64.0793241546927 64.1550804663081 64.1308769375536 64.2183758076023 64.0984385592827 63.8523200834669 63.5548359982826 63.5056834514135 63.5688671405373 63.5343530332095 63.1840530393436 63.0253926553363 62.9244823802245 62.7452419277512 62.652766034738 62.5485947902881 62.4912822499662 62.8450145394619 62.7728022512541 62.2168276266165 61.8548643811751 61.7094188186802 61.5552750864332 61.6548767731534 62.0268118082539 61.6998225672229 61.2385905888658
66.5505327305062 66.7938885283288 66.4909058731182 66.3171347580024 -9999 -9999 65.8627169920329 66.1190039022671 65.5713835066467 65.4542086827505 65.2941937398788 65.3297202997946 65.2837499918657 65.4374398733845 65.4443588681332 65.1517212747252 64.8854198693583 64.8650153057344 64.7643073781249 64.8159538686354 64.5380342447266 64.2735181932193 64.2864156644264 64.337868916631 64.4634107420046 64.4773470177446 64.459456355577 64.405771206388 64.1154691775744 63.8003116482524 63.7091418148973 63.5635102221002 63.4578463972432 63.1728845935105 63.3546750060627 63.1264037810435 62.8987589656761 62.8407140753997 62.6935896049014 62.4164426265977 62.7234427749283 62.928151061169 62.4602132841889 62.1238208606669 61.7708547624056 61.7033895949258 62.0413816342422 62.0242271398187 61.2569680681604 61.1433893354484
66.9029492953908 66.8329830786589 66.5665374502133 66.6344384673264 -9999 -9999 65.9622620596058 66.3867000075589 65.7508672220507 65.7755135056313 65.4785092202493 65.7248002242983 65.5707039102154 65.4776789780747 65.4467612183463 65.2462055774979 65.1068779621174 64.8255345986541 64.751583059733 64.9119194298578 64.6958297133571 64.5758691513035 64.3561309322345 64.3052339940214 64.264496176244 64.5103591109552 64.3470033416443 64.0549021934575 64.286978412561 64.0921479769473 63.8590735799507 63.636944019074 63.4069134975762 63.3537884897167 63.6394520086579 63.3604270188519 63.1187701873648 62.9884890217192 62.8657996830042 62.6661638232564 62.6094161794865 62.7058542492833 62.6157973927559 62.3587492031151 61.9448404046493 62.0810598207009 62.0458411860149 61.6525029498254 -9999 -9999
66.8203649063695 66.682645144037 66.5711771608579 66.6071525602248 -9999 -9999 66.0114463733263 66.1352244998063 65.7166472742883 65.855255664226 65.9068959605691 65.8834447853758 65.7009093962927 65.6353296773575 65.4730181313649 65.2680154264063 65.0969109220323 64.8038727938664 64.7674038998717 64.8098364309115 64.6821046571291 64.8864650193574 64.5593053370101 64.389225691484 64.2946932918688 64.2209322932686 64.3200258823074 -9999 64.4026035821014 64.2705398358308 63.9988377426292 63.8278040754102 63.5860422559093 63.5191470636104 63.6214288894113 63.5904325146629 63.3772458000484 63.1833770858377 62.9161619825921 62.7740994424278 62.7253859479281 62.663414341518 62.6766739412251 62.4388231938968 62.3735271901752 62.3729690584347 61.9658922270654 -9999 -9999 61.1066067266203
66.8423306890946 66.5705574717338 66.803391056079 66.8787496487638 66.5013391372666 66.3475528048739 66.1388098363913 66.0363294444857 65.9725151361539 65.8790237482137 65.9821445235092 65.6864656816522 65.6851995816666 65.6312537738645 65.5563535588824 65.30387187842 64.9342819406093 65.0063595558209 64.9245753605405 64.6939134970807 64.6834163098709 64.794268698756 64.8080043147663 64.6140473202775 64.5580580718009 64.2019805381091 64.2534486791901 64.2761034057997 64.2616855832042 64.365675822167 64.0424033868748 63.9250830033031 -9999 63.5446686912274 63.5983898052244 63.7138099598603 63.5100805959249 63.3143436174555 63.0250901221477 62.877937741605 62.8065610105323 62.7168492710023 62.6025665086803 62.4320072048263 62.5011323581924 62.4794164853635 62.2514396804425 61.8940964889231 61.6010852147051 61.0962457655228
67.2101733094771 66.8281958763784 66.7052405348295 66.7242451418429 66.6882488779053 66.4795553904319 66.2458899163534 66.133901014167 66.3392490290717 66.1637696213077 66.1514919203362 65.7248271113809 65.6797651444623 65.6502559148756 65.581099158486 65.424969877665 65.1364845154325 65.1672961863265 65.3993960809532 64.7240556935117 64.6512227812774 64.6859063492729 64.8670385257052 64.6591846414517 64.5580694627756 64.4093006612005 64.2929214683633 64.1564590097755 64.1629787420153 64.4173279204162 64.0423314231375 63.9316873638407 63.8338170890915 63.6757898559644 63.5932493782636 63.6388703816706 63.7182421064829 63.4988207033091 63.2846590062462 63.2389739268114 62.9297684599218 62.8504759180588 62.6222998644584 62.563646057676 62.6806946103821 62.6269992691794 62.4817924637907 62.3265931317022 62.0183995660998 61.6002154451703
67.3513714609367 67.0977599595603 66.8065587256291 67.0077709856509 67.1852487853001 66.8098726479511 66.3853628754279 66.174803262232 66.3569564401748 66.2604697407732 66.3133857065641 66.0614144043757 65.9493562078465 65.7076122655697 65.5620327505658 65.5833682112079 65.5072809131732 65.514620749493 65.6649643937893 64.790353099203 64.6701574987612 64.7343922422501 64.9166078673096 64.7217924156247 64.5638461234782 64.4526045538917 64.3844587928452 64.2385103453099 64.2347143890026 64.4929095665828 64.1529168931394 64.0334484109579 63.9322583193185 63.8104654623615 63.589542450403 63.4618590635642 63.6926199630222 63.6564804314256 63.2786937056581 63.3333932160245 63.21601934927 63.0465418997621 62.7082305572367 62.9787789551063 62.8387679908652 62.4916015142746 62.3643929419854 62.2572092601364 62.2305169523378 62.0696410596658
67.4035527833494 67.2633398392667 67.1338483799053 67.3437015362204 67.5646392388807 67.1350957309833 66.5327185985876 66.4278909192805 66.4619892254008 66.1000065668959 66.1995594485877 66.0898815696733 66.044292984542 65.8380397963011 65.5826066971356 65.6155954830821 65.5987414548297 65.6571385299767 65.5299047366713 65.0987723123503 64.7391975313994 64.6730817125181 64.8062508985948 64.8079308211636 64.622841218562 64.5067064968497 64.3946197891185 64.2335134221422 64.2030023311083 64.3109713418256 64.1037245042731 64.1523691493547 64.0356622303483 63.9119855112201 63.7252265485741 63.5086351119939 63.5609146741003 63.7673450589425 63.4606444300321 63.4253802370453 63.3823421381739 63.1024778736978 62.9437875632398 63.1100657147273 62.612608649243 62.533050603014 62.4640079121526 62.3741620995323 62.2647132368887 62.0695090454692
67.5875061898269 67.3069024953477 67.1456363759974 67.2818034032478 67.4477774345051 67.167660088284 66.9268755033103 66.8284959629915 66.7082871338318 66.3458247700111 66.2693168956037 66.3120924961008 66.150207528075 65.8863285159065 65.585825753751 65.5200322150839 65.6799128534708 65.7833605814834 65.6433078811199 65.4188285065874 65.1234744961956 64.8583799441519 64.6160249250898 64.7084301207836 64.6455976250585 64.5626552663439 64.3919301786773 64.3201112686636 64.2640890176609 64.134219514687 64.0245775334711 64.1755000529192 64.0666511609101 63.9884183008561 63.8397433717971 63.6336279430545 63.61752103291 63.8527646034909 63.7093983323925 63.5561340802319 63.4806718194728 63.3444571094534 62.9400518058117 62.8848078303744 62.407008389518 62.4977024438462 62.6310819463232 62.6277517741194 62.3944317918919 62.2391846815638
67.6778461789158 67.4012276646804 67.3100009723827 67.3553082433492 67.3997514430902 67.2825831532074 67.1248162176934 66.9227497693641 66.7305480584332 66.5492904422871 66.4341785734356 66.6049183075018 66.4277601638289 66.0212525389644 65.5656072924131 65.3625837666039 65.6133814050127 65.9211154639144 65.9161517259085 65.5192651307421 65.4513215901892 65.2035085845276 64.9210982710779 64.7864646840297 64.6078732606717 64.5740825473955 64.4888703430475 64.5795733873908 64.5824567217659 64.2726900045336 63.9884647951193 64.2458319122599 64.4144229535142 64.2526033285321 63.9790985478763 63.9391985734697 63.9099909326042 64.2853024020411 64.0146843360568 63.6450672762441 63.598400507712 63.5932594766431 63.0018859105238 62.8378713327889 62.5255146675759 -9999 62.8727553328627 62.7692274575426 62.5202478705627 62.4158911570714
67.9439448824023 -9999 67.5757920161535 67.847657368341 67.9314472410472 67.4603466309256 67.2491069811976 67.3019397680399 66.6323149040608 66.5081335936611 66.4344258771715 66.4498146873748 66.5097000012879 66.3405791174865 65.8638126495751 65.491609374985 65.347965518277 65.2704950775821 65.5913604016572 65.8003986450989 65.6308990963406 65.3508926048977 65.3122445736754 65.1890986876052 65.0098849801259 65.0377731374382 65.2006278099275 65.2406492406519 65.1192693658085 64.9492082492868 64.5380394866934 64.5223196335533 64.866947430277 64.6621024107645 64.3229484643986 63.9689271636597 63.9536719258556 -9999 63.8475161399274 63.7180129909603 63.5743858424315 63.5737856615924 63.2013901212451 63.0817766313503 63.1110864931025 63.1082131256398 62.9892727586449 62.6613778810803 62.2971512168248 62.3294742723592
-9999 -9999 -9999 67.9190325339826 67.5028237294483 67.1804542441853 66.9884680147603 67.1424856334075 66.6824840857388 66.5689209305358 66.4772847278344 66.4539649390893 66.504061961821 66.3958705105018 66.1780091575881 65.8705892502497 65.7288025460548 65.6674031169262 65.7961194620741 66.0302476838202 65.8890149643615 65.5497345765867 65.2802115704314 65.2555824104664 65.1262732548069 65.0422616436892 65.0666942845751 65.1244597936926 65.1664626644957 65.0497486390713 64.6811323533096 64.5515156366352 -9999 64.5240190950624 64.4014078979122 -9999 64.0715877332134 64.2660022619973 -9999 63.6821316567173 63.8675242289461 63.8520081330031 63.4459349470689 63.510900613823 63.2873287119974 63.1385891412971 63.1178285791395 62.7969215560291 62.3221681447289 62.18978883414
