rcp4.5models/GFDL_CM3/sc1gr0.28
NCOLS 261 
NROWS 433 
XLLCORNER 336357.134 
YLLCORNER 654653.479 
CELLSIZE 1000 
NODATA_value -9999 
[rows 308 to 329 of 433, columns 150 to 199 of 261]
89.6044921875 90.650260925293 91.3302764892578 91.7704086303711 91.9979248046875 92.1148071289062 92.3002700805664 92.0873336791992 91.803108215332 90.4956588745117 92.211555480957 92.7216415405273 92.1346893310547 90.8896179199219 90.7483291625977 90.6118316650391 90.6045532226562 90.5924453735352 91.1073684692383 88.2829971313477 88.2173080444336 90.9801254272461 91.9812774658203 91.147102355957 90.7440643310547 91.251091003418 89.7110748291016 87.8524780273438 90.8478927612305 89.929313659668 87.9547424316406 87.5288848876953 87.7513275146484 89.127082824707 89.7916564941406 89.7997741699219 89.4442977905273 89.1260070800781 88.5895004272461 86.9842758178711 86.6039047241211 84.0752334594727 80.3015518188477 79.7362365722656 79.5907745361328 79.3824996948242 79.2379913330078 79.5640640258789 82.0376129150391 82.8761825561523
89.1885833740234 90.2409591674805 91.5174713134766 91.9573059082031 92.3166656494141 92.1798400878906 91.7270965576172 91.7187423706055 91.7253036499023 90.9429931640625 92.6475143432617 92.620979309082 92.1422271728516 90.7336120605469 89.4902725219727 89.1146545410156 89.716552734375 90.8803024291992 91.6657943725586 89.3253936767578 88.42578125 90.760612487793 91.8103332519531 91.619758605957 90.7252731323242 90.8571472167969 90.2003173828125 88.358528137207 90.3649978637695 90.5402603149414 87.5792007446289 87.2744674682617 87.5179672241211 88.6286697387695 89.6558227539062 89.7456436157227 89.5185470581055 88.946403503418 87.7980041503906 86.4351959228516 87.1038284301758 86.6241836547852 80.6807708740234 79.5682754516602 79.6387100219727 80.4670639038086 80.4807586669922 79.0825576782227 80.2090454101562 80.6029052734375
88.9513320922852 90.0278549194336 91.6333770751953 92.2958831787109 92.4445724487305 91.7776794433594 90.9357376098633 91.5413360595703 91.9500045776367 91.2412796020508 92.4205474853516 92.3032531738281 91.7551193237305 90.1570053100586 88.8508911132812 88.8452529907227 89.9656219482422 91.6362838745117 92.6257400512695 89.3362503051758 89.801887512207 91.6067504882812 91.9987487792969 92.0881423950195 91.093994140625 90.5663452148438 90.7542343139648 89.66015625 89.0659103393555 90.2527160644531 87.838020324707 87.2998962402344 87.2051544189453 88.0132904052734 89.364875793457 89.7749862670898 89.505241394043 88.967529296875 87.427375793457 85.4741134643555 86.2021331787109 86.6842193603516 80.6291198730469 79.6462860107422 79.7363891601562 80.7136917114258 81.1261596679688 79.0402374267578 79.361442565918 80.7565383911133
89.0308685302734 89.5410690307617 90.455436706543 91.9119262695312 92.3390121459961 91.5762710571289 90.9797897338867 91.9036483764648 92.2582702636719 91.9634094238281 92.5583343505859 91.9991912841797 90.9398956298828 90.0485992431641 89.4177627563477 89.7619857788086 90.9452209472656 92.332649230957 93.0051803588867 90.8730621337891 91.603141784668 92.3422927856445 91.9191513061523 91.6231307983398 90.934326171875 90.2766647338867 90.3534240722656 90.4974975585938 89.3596038818359 89.4085388183594 88.1502532958984 87.1652755737305 87.0475921630859 87.5202865600586 88.7006912231445 89.8187408447266 89.5645599365234 89.0045928955078 87.5188217163086 84.9999923706055 85.5452728271484 86.0348129272461 80.2583618164062 79.9390563964844 79.8640594482422 80.3474655151367 80.9260787963867 79.1760711669922 79.3464431762695 81.2494888305664
88.8795166015625 89.3294067382812 90.085319519043 91.3523254394531 91.1977996826172 90.6197891235352 91.2320251464844 92.3164672851562 92.4209671020508 92.4250183105469 92.5412445068359 91.9059066772461 91.3008422851562 91.4762191772461 90.8703079223633 90.7547149658203 91.3258361816406 92.4192504882812 93.080810546875 92.5208129882812 92.4359893798828 91.7715530395508 90.3204956054688 90.5315628051758 89.9756164550781 89.6885452270508 89.9583511352539 90.5402526855469 90.4465713500977 89.1063919067383 88.3279037475586 87.3822250366211 87.4187927246094 87.7830581665039 88.6583557128906 89.8661880493164 89.6804504394531 88.7917022705078 86.6451416015625 84.9207458496094 85.6617889404297 85.4840927124023 80.6530990600586 80.2930908203125 80.0764083862305 80.4993515014648 80.7670669555664 79.7736740112305 79.2110366821289 80.0754699707031
88.6007385253906 89.4262466430664 89.4899749755859 89.1599731445312 88.6135101318359 88.7321853637695 89.655143737793 90.2151107788086 91.0361709594727 92.4594573974609 93.0503997802734 93.0806198120117 93.1610717773438 92.5244750976562 91.8102874755859 91.2594833374023 90.5559005737305 91.0213088989258 91.5068130493164 93.3264465332031 92.8153991699219 91.4880599975586 91.0327072143555 90.7297134399414 90.0613250732422 89.8544311523438 89.4975051879883 89.3392028808594 90.3576202392578 90.2155227661133 89.2927551269531 87.8622665405273 87.4152984619141 87.8502807617188 88.9830703735352 89.8510360717773 89.6582489013672 89.068229675293 87.359977722168 85.6114196777344 85.7434692382812 82.8768157958984 81.1812133789062 81.2042236328125 80.4741744995117 81.1487655639648 82.0001449584961 79.5419921875 79.2434234619141 80.1147308349609
88.5796356201172 89.099235534668 88.901969909668 88.6670227050781 88.2937774658203 88.4321975708008 88.787223815918 88.9999084472656 90.8818588256836 92.2199249267578 92.9647064208984 92.9345550537109 92.9645919799805 92.5119400024414 91.6211318969727 91.5035247802734 90.8827819824219 90.9580841064453 91.7197799682617 93.5679016113281 93.1191101074219 92.5642776489258 92.0165328979492 90.8922729492188 90.2389526367188 89.7885437011719 89.3876037597656 88.9059448242188 89.8204116821289 90.5168762207031 90.1477661132812 88.6906356811523 87.8114929199219 87.7416000366211 88.3825149536133 89.7550201416016 89.4982452392578 89.1471099853516 87.2685012817383 85.5939407348633 86.3638076782227 83.0073623657227 81.2939071655273 81.289794921875 80.6413803100586 80.9258728027344 82.1689529418945 79.9317169189453 79.1976013183594 79.9409027099609
88.3526611328125 88.4288635253906 88.391960144043 88.3418426513672 88.5452575683594 88.6097412109375 88.8222351074219 89.1787033081055 91.5827560424805 92.2745742797852 92.4234466552734 92.5833053588867 92.7223052978516 92.138557434082 91.4673385620117 91.8448715209961 91.4318161010742 90.7671127319336 91.621711730957 93.5791320800781 93.2050933837891 92.8623046875 92.2826919555664 91.737548828125 91.0458297729492 90.0008850097656 89.2709045410156 88.6194686889648 89.1441497802734 90.3444061279297 90.3764877319336 89.5047607421875 88.4656372070312 88.1463851928711 88.49560546875 89.615104675293 89.3911209106445 88.589973449707 86.1658020019531 84.4009017944336 85.2269134521484 82.9868774414062 81.4225921630859 80.9762954711914 80.3250961303711 80.4183883666992 81.6267166137695 80.1026763916016 79.2274627685547 79.8243179321289
88.272102355957 88.4055862426758 88.4236450195312 88.6534042358398 89.2637634277344 89.5114974975586 89.6639785766602 89.6112823486328 91.3087463378906 91.8373184204102 92.1255187988281 92.5838012695312 92.3310089111328 91.4665679931641 91.3347015380859 91.9262390136719 92.0527572631836 91.4588241577148 92.0278625488281 92.8016815185547 93.0566787719727 92.1136856079102 91.3076248168945 91.9699783325195 91.534782409668 90.6779251098633 89.7725372314453 88.6534194946289 88.4299621582031 89.9141845703125 90.5297012329102 90.1443328857422 88.9559860229492 88.4202194213867 88.9144287109375 89.6578750610352 89.4626541137695 87.9674072265625 84.8221588134766 83.382926940918 83.7359771728516 82.7652587890625 81.1442413330078 80.5925521850586 79.9168548583984 79.8559341430664 81.0656814575195 80.1997909545898 79.6129913330078 79.7568969726562
88.8244247436523 88.9855117797852 88.7723922729492 89.1010818481445 89.8925704956055 90.2598495483398 90.4993515014648 90.3860321044922 91.5505981445312 92.2203979492188 92.5073394775391 92.5875091552734 91.5846862792969 90.5640411376953 90.7020492553711 91.3285369873047 92.25537109375 92.3615951538086 92.345329284668 92.0681610107422 92.7525863647461 92.0435791015625 90.7346954345703 91.1840057373047 91.098991394043 90.7537536621094 89.7734146118164 88.9779586791992 88.8756790161133 90.0688095092773 90.779655456543 90.3895645141602 89.1403503417969 88.4708557128906 89.2496490478516 89.5585784912109 88.7649002075195 86.9345779418945 83.8819732666016 82.9994354248047 83.1709213256836 82.1423873901367 80.5999374389648 80.7687835693359 80.094596862793 79.3561248779297 80.895378112793 80.8404159545898 81.077995300293 80.4686965942383
89.6017837524414 89.6476821899414 89.5646896362305 89.6886978149414 90.0847244262695 90.3302612304688 90.6524276733398 90.7830429077148 91.9376983642578 92.430908203125 92.0712203979492 91.8661651611328 90.678825378418 89.6613235473633 89.7661666870117 90.6116943359375 92.2496795654297 92.5394744873047 92.0988311767578 92.1907196044922 92.5416641235352 92.3036575317383 91.0954742431641 89.8904571533203 89.4274826049805 89.4045333862305 88.8076858520508 88.9935760498047 89.7736129760742 90.4394607543945 90.6433181762695 89.9842758178711 88.9559478759766 88.2555541992188 88.9393539428711 89.4046325683594 88.6265106201172 87.0693969726562 84.3552551269531 83.0217437744141 83.221794128418 81.5752258300781 80.2709884643555 80.8824081420898 80.3462448120117 79.1785202026367 80.5611267089844 80.6284790039062 81.2979354858398 81.7553482055664
89.9796447753906 90.0093460083008 90.1659851074219 90.1035461425781 90.0185317993164 90.1808395385742 90.3200378417969 90.3301239013672 91.605598449707 91.657844543457 90.784309387207 90.52197265625 90.0177688598633 89.481201171875 89.5737838745117 90.6196517944336 91.8589172363281 92.2675018310547 91.8285751342773 91.6830902099609 92.175178527832 92.0281753540039 91.0681228637695 89.369743347168 88.0736083984375 87.5260009765625 87.5014190673828 88.7958755493164 89.7082595825195 90.1874847412109 90.3193511962891 89.2655715942383 88.5355072021484 88.521369934082 89.1278457641602 89.4181823730469 89.2979049682617 88.184196472168 85.4550552368164 83.562141418457 82.9585189819336 81.4995346069336 80.0241317749023 80.3930892944336 79.9692230224609 78.9732055664062 79.9745941162109 79.8361358642578 80.1189651489258 80.9848403930664
89.748649597168 89.9404830932617 90.0443496704102 89.9665222167969 89.8534393310547 90.0034255981445 90.0748825073242 90.0634460449219 91.236083984375 90.9844284057617 89.9789428710938 89.4657592773438 89.4117279052734 89.3151397705078 89.8772277832031 90.7778091430664 90.5943374633789 91.6665802001953 91.8746337890625 90.5058441162109 91.2167892456055 91.8480377197266 91.0577163696289 89.8021545410156 88.0815124511719 86.6623840332031 86.5275268554688 88.2009429931641 89.3280334472656 89.7793502807617 90.1590576171875 89.5202026367188 89.2282791137695 89.4549255371094 89.7952117919922 89.4677200317383 89.0067367553711 87.3357543945312 85.378532409668 83.7293395996094 82.4024353027344 81.6278381347656 80.0314178466797 79.7626876831055 79.2372283935547 78.5469360351562 79.0485076904297 79.4921340942383 79.7300720214844 79.411003112793
89.7113952636719 89.8163909912109 89.9058380126953 89.7433776855469 89.5220031738281 89.7148361206055 89.98486328125 90.1212692260742 91.2814102172852 90.4494476318359 89.7904281616211 89.2966079711914 89.187141418457 89.1023330688477 89.6185989379883 90.030387878418 89.6382446289062 91.0269775390625 91.942497253418 89.8219146728516 90.1842956542969 91.1316604614258 90.78857421875 89.9357299804688 88.5154113769531 86.7859191894531 86.0645370483398 87.1760025024414 88.5900802612305 89.4783172607422 89.7551727294922 90.0115661621094 90.1106109619141 89.7264175415039 89.2332611083984 89.4944610595703 88.6198348999023 86.1280670166016 84.9342422485352 83.4366607666016 82.3121795654297 81.4897994995117 80.0239486694336 79.4363708496094 79.0295257568359 78.4204864501953 79.0284423828125 79.8503494262695 79.7316589355469 78.5902862548828
89.9142456054688 89.8328857421875 89.82373046875 89.6097640991211 89.47509765625 89.665168762207 89.8918609619141 90.0939254760742 91.4218826293945 90.4595031738281 89.4871139526367 89.0588531494141 89.1329116821289 89.318977355957 89.3445892333984 89.2169876098633 89.1379928588867 90.01171875 91.3545379638672 90.366455078125 90.0180969238281 90.1314392089844 89.9062347412109 89.2672271728516 88.3015441894531 87.2842864990234 86.3982925415039 86.5961608886719 87.7344665527344 88.9833068847656 89.057975769043 89.7769622802734 89.8457565307617 88.7881469726562 88.1424331665039 88.5563583374023 87.7028503417969 85.7333221435547 84.7142868041992 83.2614135742188 82.2551574707031 80.9764785766602 80.1611022949219 79.943717956543 79.8383026123047 78.5938720703125 79.4045791625977 79.9799346923828 79.5911254882812 78.0402679443359
89.8744430541992 89.8678436279297 89.8007736206055 89.7801513671875 89.7001800537109 89.9285202026367 90.0231094360352 90.2250595092773 90.9915161132812 90.3429412841797 89.244255065918 88.875617980957 89.0986251831055 89.2919540405273 89.1259689331055 88.8769302368164 88.6504364013672 89.0330200195312 89.9359970092773 90.8397369384766 90.4770736694336 89.7766799926758 89.1962585449219 88.1017379760742 87.3136825561523 87.2045669555664 86.9260711669922 87.2126922607422 88.1605911254883 88.7107162475586 88.94775390625 89.7794952392578 89.6542510986328 88.3727951049805 87.1784362792969 87.1354064941406 86.8178100585938 85.5561981201172 84.7444763183594 83.6258544921875 82.3351058959961 81.199104309082 80.6755523681641 80.6345520019531 80.0010757446289 78.3635101318359 78.8849334716797 79.5470962524414 79.4614105224609 78.3602676391602
89.5536499023438 89.5881195068359 89.651985168457 89.8769226074219 89.8809127807617 90.0239105224609 90.0181198120117 90.1232223510742 90.3598098754883 90.0329208374023 89.1779708862305 88.9317474365234 89.0594635009766 88.9789733886719 88.8401489257812 88.6913146972656 88.3918762207031 88.5401000976562 88.7820053100586 90.2275238037109 90.8557357788086 90.1902618408203 89.1672439575195 87.8054885864258 86.9434432983398 86.8428573608398 87.289176940918 87.9824295043945 88.9065628051758 89.3265228271484 89.0602264404297 89.9172058105469 89.6952590942383 88.6271057128906 86.6001129150391 86.1799392700195 86.5214767456055 85.6505661010742 84.7701034545898 83.8968658447266 82.4093246459961 81.9060363769531 80.6609573364258 80.2678756713867 79.1344757080078 78.0300521850586 78.3684844970703 79.2972869873047 79.1548614501953 78.4609298706055
89.1973342895508 89.4112930297852 89.5090179443359 89.5282287597656 89.4601364135742 89.4390869140625 89.1589965820312 89.0607223510742 89.7819519042969 89.5400085449219 89.1986083984375 88.871452331543 88.7213973999023 88.6657333374023 88.92919921875 89.3903198242188 89.7190246582031 89.6050643920898 89.6968460083008 90.2374725341797 90.0394973754883 89.6027526855469 89.6419830322266 89.0311965942383 88.5675811767578 87.1950149536133 87.1120452880859 88.0947341918945 88.8500289916992 89.3600997924805 89.7964782714844 89.654541015625 89.5193634033203 88.0541763305664 85.8282470703125 85.3776016235352 85.5911331176758 85.2119827270508 84.0517883300781 84.0057983398438 82.8411178588867 82.0636901855469 79.9809722900391 79.5401382446289 78.9091415405273 78.2483596801758 77.7954483032227 78.5298461914062 78.6486129760742 77.7116012573242
89.056755065918 89.022705078125 89.2543487548828 89.2623672485352 89.0942840576172 89.0644302368164 89.1045074462891 89.1174926757812 89.5460739135742 89.4010162353516 89.1864776611328 88.7599258422852 88.4304656982422 88.1964797973633 88.3873748779297 89.0955963134766 89.5129470825195 89.8008651733398 90.2273330688477 89.9486541748047 89.7874526977539 89.1731643676758 89.4178771972656 89.5199813842773 88.7841110229492 87.2242050170898 87.1572875976562 87.5132217407227 87.8685989379883 88.3653945922852 89.7357864379883 89.1796722412109 88.5103073120117 87.6748886108398 85.4633407592773 84.8873519897461 84.9266891479492 84.2191162109375 83.1609497070312 83.449104309082 82.4868011474609 81.527702331543 80.0793151855469 79.7839889526367 78.9263916015625 78.204704284668 77.6859970092773 77.9975357055664 78.3080139160156 77.4550552368164
88.6936721801758 88.7051239013672 88.9046630859375 88.8744735717773 88.8025817871094 88.7514114379883 88.9681243896484 89.1449813842773 89.3959426879883 89.1826477050781 89.0625076293945 88.5420684814453 88.2283325195312 88.0390167236328 88.0500106811523 88.4256439208984 88.8233947753906 89.4965209960938 89.6689682006836 89.6570816040039 89.4240417480469 89.020881652832 89.1835327148438 89.3475799560547 88.59814453125 87.553108215332 87.3031234741211 87.6424407958984 87.7364044189453 88.3781433105469 89.7331466674805 88.7537536621094 87.165412902832 86.8933639526367 85.5579071044922 84.2382125854492 83.9441757202148 83.083625793457 82.4241485595703 82.2056884765625 81.7641067504883 81.1530914306641 80.294807434082 80.5026245117188 79.3814468383789 78.7609405517578 77.5873184204102 77.9468002319336 77.8940963745117 77.0965576171875
88.3757705688477 88.4780731201172 88.6223678588867 88.5560455322266 88.6099548339844 88.677131652832 88.8307418823242 89.102783203125 89.3558502197266 89.2820510864258 88.9821929931641 88.5447311401367 88.2714462280273 88.1372528076172 87.9573669433594 88.3155364990234 89.1812133789062 89.4264907836914 89.0932998657227 90.1681823730469 89.7051773071289 89.7617950439453 89.4501266479492 88.7330703735352 88.2232971191406 87.4607772827148 87.2524566650391 88.0937728881836 88.640625 89.2748870849609 89.6270294189453 88.6330642700195 86.8919525146484 85.8171539306641 84.8205947875977 84.1601791381836 83.6944046020508 82.9357681274414 82.3222427368164 81.7186279296875 81.2254257202148 80.945686340332 80.9822006225586 80.9860916137695 80.3038330078125 79.8659057617188 77.4585418701172 78.0884323120117 77.9536285400391 76.9350738525391
88.261360168457 88.2661285400391 88.3735198974609 88.372688293457 88.3422546386719 88.2989120483398 88.5396347045898 88.9040145874023 89.0630264282227 89.0560913085938 88.9553604125977 88.6861190795898 88.4289627075195 88.1128311157227 88.0454635620117 88.6793823242188 89.4263000488281 89.038200378418 88.7930450439453 90.0913467407227 90.244987487793 90.3572235107422 89.8397369384766 88.9172134399414 88.5552978515625 87.403450012207 87.0774765014648 88.2353363037109 89.2112121582031 89.7209625244141 89.4830627441406 88.2978897094727 86.3052673339844 85.7973709106445 84.8060531616211 85.0195617675781 84.1566619873047 83.3170623779297 82.5503997802734 81.7557144165039 80.9683151245117 80.7676467895508 81.7106018066406 81.5634613037109 81.0870132446289 80.2672882080078 77.5791015625 77.9002532958984 77.8992462158203 77.0824890136719
