rcp4.5models/GFDL_CM3/sc1gr21.16
NCOLS 261 
NROWS 433 
XLLCORNER 336357.134 
YLLCORNER 654653.479 
CELLSIZE 1000 
NODATA_value -9999 
[rows 352 to 373 of 433, columns 100 to 149 of 261]
756.638122558594 745.137084960938 683.357421875 678.444396972656 695.911743164062 638.4326171875 645.482055664062 809.3369140625 851.293823242188 783.844848632812 724.153869628906 537.454345703125 347.308776855469 279.813079833984 278.526702880859 297.974975585938 298.072204589844 249.116470336914 194.511627197266 -9999 256.101684570312 270.472534179688 261.306182861328 236.873748779297 234.165161132812 263.279052734375 297.889862060547 364.596038818359 714.409301757812 1639.69372558594 2649.62475585938 2076.21337890625 1112.29907226562 590.79345703125 478.775451660156 331.811431884766 222.988998413086 159.142868041992 91.9224624633789 55.044017791748 40.320140838623 -9999 -9999 24.0176563262939 32.5876960754395 60.3790016174316 99.4669799804688 120.243980407715 125.826034545898 143.485610961914
658.354248046875 717.21044921875 690.179748535156 651.263610839844 631.162231445312 568.941467285156 531.099365234375 660.012634277344 1034.82690429688 1026.24182128906 915.023376464844 703.776489257812 472.772308349609 336.421051025391 318.098327636719 363.444427490234 368.329162597656 283.786407470703 203.734588623047 249.151321411133 277.578216552734 280.543212890625 260.967834472656 213.874328613281 174.773635864258 193.381942749023 268.285705566406 410.663604736328 775.423828125 1526.8876953125 2315.9541015625 2268.49658203125 1455.41955566406 858.366882324219 589.562316894531 326.148101806641 233.773452758789 186.022323608398 114.333602905273 62.0915412902832 -9999 -9999 -9999 24.1462688446045 32.3567428588867 60.172779083252 101.800384521484 125.9306640625 134.049133300781 157.493621826172
523.946899414062 600.680297851562 631.713500976562 605.538269042969 565.627624511719 498.099334716797 419.214935302734 442.285095214844 766.518127441406 915.86376953125 991.153625488281 982.756774902344 906.557922363281 736.214294433594 545.178527832031 470.973724365234 443.976104736328 353.296539306641 258.223510742188 274.918426513672 303.844848632812 304.779968261719 320.964416503906 312.441131591797 253.596786499023 247.7119140625 332.470916748047 447.598205566406 655.626647949219 996.909484863281 1312.07153320312 1566.849609375 1309.17846679688 976.73193359375 624.919311523438 322.148864746094 263.854217529297 249.325607299805 200.945846557617 120.646453857422 -9999 41.6079559326172 26.0192832946777 29.6186866760254 41.1515235900879 71.4145050048828 109.858528137207 132.270462036133 167.674346923828 241.70964050293
471.37255859375 507.561950683594 541.317687988281 548.473022460938 515.541320800781 432.684112548828 359.384307861328 351.779296875 481.557525634766 663.76953125 915.4150390625 1168.4345703125 1513.96203613281 1679.69421386719 1276.58850097656 784.577880859375 633.461181640625 561.646484375 468.464111328125 488.11376953125 463.674713134766 383.728363037109 373.837127685547 403.245452880859 388.236328125 346.971557617188 333.615112304688 331.920471191406 392.213928222656 511.029815673828 596.578308105469 777.761840820312 855.198608398438 802.880249023438 572.533813476562 372.472869873047 318.119293212891 293.902801513672 255.101348876953 154.502349853516 66.2291946411133 45.7662239074707 41.3269119262695 57.8978805541992 74.7049713134766 98.623405456543 125.075729370117 148.790191650391 232.523056030273 384.548706054688
477.401275634766 502.952423095703 529.081176757812 525.391357421875 489.728240966797 419.116516113281 353.923553466797 331.106170654297 429.930328369141 575.347412109375 723.499267578125 859.956298828125 1229.68029785156 1646.07629394531 1498.20385742188 1053.46557617188 800.503112792969 658.983520507812 615.308471679688 733.766845703125 730.611267089844 628.183532714844 510.367248535156 465.120910644531 459.300476074219 386.095825195312 291.601440429688 239.676315307617 252.995529174805 295.872375488281 335.409271240234 434.76806640625 509.505676269531 548.735961914062 499.086730957031 417.810729980469 354.315277099609 312.795684814453 280.575256347656 197.162017822266 98.1489486694336 60.1382446289062 67.0459747314453 82.3345184326172 93.4786911010742 108.389633178711 128.867721557617 157.649505615234 241.028549194336 378.330108642578
628.965942382812 644.602661132812 674.144653320312 632.408081054688 584.514099121094 533.592895507812 443.991027832031 357.660247802734 434.411468505859 560.440246582031 604.693237304688 606.264892578125 764.240844726562 1075.34191894531 1248.244140625 1172.98950195312 958.515380859375 734.202087402344 657.679504394531 736.988586425781 737.290161132812 754.624816894531 695.54052734375 531.618469238281 422.52197265625 355.791229248047 273.426971435547 229.68669128418 238.876022338867 252.819046020508 279.818542480469 327.975738525391 349.880462646484 395.924591064453 411.859283447266 368.0009765625 308.118133544922 280.522613525391 262.509521484375 210.300964355469 128.318298339844 86.5418853759766 89.380615234375 92.2222900390625 92.4464950561523 99.4368362426758 117.705268859863 152.906433105469 204.443115234375 253.497863769531
787.936462402344 752.509643554688 756.734802246094 717.857421875 682.669799804688 653.515991210938 579.879272460938 464.402648925781 411.410827636719 534.271911621094 601.065490722656 596.007690429688 643.779357910156 794.686828613281 997.390991210938 1149.984375 1141.7177734375 972.604736328125 784.682006835938 627.535278320312 571.496398925781 602.023071289062 621.500915527344 524.79541015625 404.102020263672 321.1650390625 267.102264404297 244.595153808594 242.319778442383 239.65315246582 257.764678955078 297.053833007812 276.898742675781 279.071380615234 293.218627929688 292.963287353516 272.020812988281 247.278167724609 221.453598022461 185.902740478516 138.324127197266 107.836418151855 104.472412109375 97.1964340209961 88.045768737793 95.065673828125 113.97240447998 151.675338745117 188.587707519531 193.132110595703
690.728149414062 666.436889648438 664.686828613281 638.791259765625 621.880249023438 624.999450683594 621.425842285156 590.849304199219 500.413024902344 535.307861328125 581.445373535156 590.204223632812 605.052551269531 667.848693847656 793.764282226562 966.912719726562 1084.95349121094 1018.31658935547 824.788818359375 552.915405273438 480.977447509766 510.951812744141 542.047485351562 503.794708251953 459.851257324219 415.563568115234 342.681335449219 276.792358398438 242.460037231445 239.960998535156 288.047637939453 404.654144287109 326.845672607422 253.62336730957 259.208984375 276.949890136719 257.523773193359 206.325714111328 158.660736083984 126.323036193848 101.39973449707 81.8467636108398 74.412483215332 72.9484405517578 83.3680648803711 108.262496948242 129.351501464844 156.979156494141 181.818450927734 177.015716552734
540.578430175781 580.6083984375 597.677062988281 594.180297851562 598.521667480469 605.930541992188 592.280334472656 571.334106445312 581.442749023438 595.252746582031 587.065307617188 577.352233886719 579.805419921875 601.910827636719 695.356567382812 899.682434082031 1086.56225585938 1040.44116210938 802.744567871094 445.922698974609 378.0380859375 408.724487304688 452.581390380859 438.934448242188 433.575012207031 453.8134765625 412.833435058594 329.313293457031 265.055633544922 264.697784423828 321.615051269531 397.302947998047 329.778594970703 259.663909912109 221.073654174805 191.478210449219 168.637924194336 135.650054931641 100.821846008301 74.6848526000977 58.3845863342285 45.552604675293 40.6474723815918 43.9981842041016 59.8443794250488 91.48095703125 124.78946685791 147.953125 155.004943847656 139.514373779297
412.129333496094 477.792236328125 532.130493164062 543.992248535156 551.573913574219 568.047180175781 543.623474121094 506.335845947266 507.707122802734 526.996154785156 557.788452148438 576.921020507812 578.704772949219 589.634704589844 675.596557617188 904.715759277344 1130.66589355469 1129.57788085938 970.94970703125 512.55029296875 341.999328613281 327.036499023438 334.940399169922 321.776916503906 319.280334472656 351.134185791016 370.530456542969 334.162109375 270.619720458984 272.347961425781 325.574768066406 346.907531738281 307.407623291016 257.477416992188 188.334838867188 129.018539428711 112.254325866699 100.081649780273 80.0206069946289 58.8242568969727 43.4833145141602 32.8858032226562 31.4132442474365 34.0981903076172 42.0670280456543 65.3478240966797 100.942253112793 -9999 112.391311645508 82.7525329589844
294.208770751953 300.470153808594 326.137359619141 359.742034912109 384.773010253906 411.544311523438 445.414855957031 457.345031738281 394.375640869141 376.247467041016 408.725250244141 489.605804443359 555.321472167969 578.517150878906 623.694763183594 801.994873046875 1051.49035644531 1052.70959472656 838.309753417969 512.942626953125 396.435882568359 357.009368896484 309.419372558594 274.758331298828 254.684951782227 243.755111694336 254.644805908203 279.719665527344 294.604919433594 298.932067871094 317.011260986328 298.734039306641 262.111907958984 225.646133422852 147.067489624023 87.3133239746094 75.7486343383789 72.5366668701172 67.2531661987305 58.2189865112305 46.7991943359375 35.3932418823242 31.616174697876 33.0560607910156 33.2952003479004 33.9593124389648 35.7544479370117 38.4640731811523 39.3662376403809 36.2366333007812
315.347473144531 301.906951904297 308.736022949219 323.571319580078 345.796661376953 376.719848632812 395.244049072266 373.961059570312 359.795379638672 411.781433105469 454.114593505859 504.209197998047 550.387573242188 571.135314941406 595.032836914062 701.213073730469 901.610900878906 1019.24468994141 943.291687011719 607.503479003906 472.816528320312 389.168640136719 323.742034912109 291.76171875 279.616607666016 267.315979003906 259.879821777344 274.326599121094 306.156372070312 318.742309570312 318.994445800781 237.545715332031 185.342620849609 179.534423828125 150.561996459961 109.56632232666 80.7403030395508 71.2920608520508 66.1869964599609 56.5354843139648 44.1488800048828 33.6951599121094 31.8401260375977 32.9095153808594 32.9822425842285 33.0881118774414 32.9247856140137 31.620491027832 28.4226055145264 25.2800445556641
368.4345703125 340.716339111328 312.731872558594 299.431304931641 315.186645507812 341.104309082031 324.403259277344 268.327880859375 269.899017333984 381.317749023438 526.176696777344 591.547668457031 580.163330078125 566.161376953125 558.739135742188 589.590576171875 694.954223632812 874.434875488281 1024.79016113281 786.162048339844 570.341430664062 426.333099365234 358.048278808594 329.410217285156 335.510345458984 338.726989746094 321.936096191406 309.585510253906 309.480407714844 307.050048828125 306.553680419922 211.76220703125 153.471618652344 166.518676757812 170.761016845703 143.913650512695 100.899291992188 74.3997955322266 63.4058494567871 50.0656814575195 37.2099151611328 30.5222225189209 30.5102386474609 31.1330013275146 31.722282409668 32.5704154968262 31.8804893493652 28.3243007659912 22.8751087188721 19.4772396087646
390.028686523438 371.299377441406 320.399261474609 270.412872314453 257.822845458984 265.883636474609 249.189239501953 216.698257446289 219.398101806641 345.106567382812 582.341552734375 716.852294921875 662.055725097656 554.535888671875 491.711853027344 515.628540039062 606.333435058594 775.927001953125 987.547668457031 922.463623046875 712.269226074219 501.710998535156 405.216735839844 390.992950439453 423.670867919922 415.068054199219 371.272491455078 347.972961425781 322.120849609375 294.888061523438 275.316558837891 209.343643188477 169.717346191406 175.552642822266 182.99462890625 163.972778320312 120.44010925293 82.1459350585938 60.4249496459961 41.1211624145508 30.7256183624268 28.7341995239258 28.9506988525391 29.3654861450195 30.4207134246826 31.4363307952881 29.5190181732178 24.3230228424072 19.7968788146973 18.4801216125488
380.819366455078 360.673828125 293.551635742188 236.546127319336 221.115234375 221.447265625 217.564834594727 211.071655273438 213.748153686523 302.085113525391 514.404113769531 663.511047363281 599.639587402344 470.441131591797 408.76806640625 426.604797363281 519.735412597656 665.155395507812 806.200500488281 842.086486816406 742.277404785156 610.468078613281 552.224670410156 577.685424804688 605.237731933594 510.531768798828 400.739318847656 391.068572998047 377.650848388672 334.208984375 276.973388671875 235.737884521484 229.497909545898 219.349655151367 198.906005859375 168.68896484375 123.193130493164 87.3427734375 66.4878540039062 43.400691986084 32.3615989685059 31.9363346099854 29.1501140594482 28.9209270477295 29.8843727111816 29.5105018615723 25.3743305206299 20.3888244628906 18.5513153076172 18.42942237854
356.345245361328 323.853454589844 254.167724609375 214.384033203125 212.879089355469 213.902969360352 213.702529907227 213.124847412109 208.013870239258 229.419494628906 320.317687988281 434.774353027344 470.78076171875 436.586364746094 401.425323486328 420.36181640625 520.137878417969 644.256042480469 721.490661621094 728.307739257812 711.659851074219 707.800842285156 728.295715332031 757.805603027344 723.095581054688 555.58544921875 423.070526123047 422.217437744141 425.755706787109 409.0302734375 348.909545898438 254.908065795898 279.876831054688 283.176208496094 244.881988525391 184.414276123047 122.670639038086 93.6892547607422 83.7987442016602 70.2227401733398 63.2490653991699 61.4392356872559 37.7927017211914 31.4035453796387 29.3115558624268 26.0640983581543 21.4882717132568 18.6172351837158 18.333122253418 18.4295196533203
294.329345703125 251.332824707031 185.620391845703 172.255386352539 197.2861328125 208.631210327148 211.518356323242 212.460586547852 199.663619995117 193.478912353516 215.36018371582 289.679931640625 384.924011230469 418.812805175781 385.465026855469 373.397705078125 445.177185058594 576.390869140625 684.68212890625 700.315551757812 712.178344726562 756.190246582031 807.96484375 893.405944824219 935.640686035156 742.858337402344 542.028686523438 515.541381835938 481.346923828125 463.010070800781 414.82421875 244.946594238281 255.046936035156 259.953033447266 224.513366699219 176.141571044922 133.661010742188 111.89372253418 102.665031433105 97.3740310668945 100.05428314209 100.591720581055 68.2124481201172 52.1516151428223 35.4576072692871 23.3885612487793 19.11012840271 18.3398780822754 18.3261127471924 18.427131652832
206.886642456055 179.605972290039 137.042846679688 120.919830322266 139.519760131836 165.914993286133 189.68408203125 202.805130004883 192.712936401367 186.848831176758 189.302963256836 207.21516418457 251.315979003906 283.677093505859 269.943756103516 276.337615966797 346.678100585938 472.919738769531 614.584716796875 698.335510253906 728.093078613281 768.581481933594 794.621154785156 828.812255859375 849.00244140625 745.801574707031 622.106994628906 597.490600585938 584.911804199219 559.553283691406 485.769561767578 253.47492980957 220.169815063477 206.056625366211 182.834899902344 162.017547607422 145.259078979492 135.004547119141 127.555938720703 122.47705078125 126.79337310791 129.157470703125 96.5599060058594 78.214729309082 -9999 28.9951705932617 18.4232444763184 18.3728199005127 18.3728008270264 18.3997611999512
181.181549072266 161.381546020508 146.172378540039 121.166015625 101.491264343262 111.113037109375 146.067123413086 176.443328857422 199.181716918945 207.60710144043 198.409637451172 164.571731567383 129.647613525391 118.80680847168 125.957305908203 172.712860107422 283.170501708984 450.667266845703 629.397766113281 775.357055664062 791.386657714844 757.79443359375 682.939270019531 635.080444335938 653.487426757812 647.657958984375 573.5009765625 546.110229492188 614.205810546875 672.399963378906 632.127563476562 399.557556152344 318.350524902344 241.717178344727 190.692916870117 166.05451965332 153.049011230469 146.338623046875 142.040969848633 137.692398071289 136.189071655273 133.068145751953 115.585090637207 100.330459594727 -9999 38.8617630004883 18.3964405059814 18.3964405059814 18.3964405059814 18.3857612609863
155.242263793945 137.25309753418 138.653015136719 123.139183044434 93.7116470336914 96.6010131835938 133.132995605469 162.861755371094 206.315170288086 227.040893554688 209.025390625 145.94987487793 82.1343002319336 57.9237480163574 62.2280693054199 93.4755859375 216.631927490234 494.274078369141 798.813293457031 1025.22814941406 1027.60461425781 796.834045410156 543.599975585938 477.362915039062 515.937072753906 559.347290039062 515.675598144531 464.929718017578 493.438293457031 536.477111816406 549.62890625 484.755218505859 439.830627441406 317.386352539062 218.102981567383 188.460418701172 174.261840820312 159.138656616211 140.110870361328 125.847244262695 119.551956176758 112.998542785645 113.092842102051 113.131744384766 95.9860763549805 -9999 18.3964385986328 18.3964385986328 18.3964385986328 18.3857498168945
151.805267333984 122.819450378418 104.681106567383 94.4622802734375 84.5629348754883 91.2785949707031 120.157356262207 150.587677001953 207.639389038086 230.908706665039 204.327529907227 128.171737670898 69.2796020507812 55.2380752563477 54.8692016601562 64.7081680297852 146.155410766602 392.690185546875 675.730346679688 988.892272949219 1122.22509765625 861.066284179688 538.73681640625 453.263061523438 524.30810546875 643.043884277344 597.606201171875 443.129852294922 370.661804199219 349.055480957031 352.877349853516 366.2470703125 388.660522460938 351.035949707031 276.697204589844 227.656295776367 197.033004760742 168.813552856445 132.301391601562 107.131088256836 103.436561584473 100.922027587891 103.26318359375 104.612968444824 -9999 -9999 -9999 18.3964385986328 18.3964385986328 18.3857402801514
161.297088623047 141.796340942383 108.106117248535 87.2338104248047 82.6290512084961 84.6406173706055 96.8397521972656 124.391296386719 201.732650756836 226.66389465332 194.997604370117 112.60196685791 61.8953437805176 56.8607139587402 57.8168296813965 71.2043151855469 124.561798095703 242.753982543945 366.120758056641 580.736755371094 762.323791503906 770.6982421875 616.081420898438 472.805114746094 476.684967041016 539.531921386719 497.982055664062 386.574890136719 314.588165283203 280.849365234375 277.902130126953 272.113647460938 296.776519775391 337.162872314453 352.555725097656 316.596405029297 241.352325439453 172.013961791992 124.427207946777 100.092842102051 100.731864929199 106.610656738281 118.3134765625 106.868225097656 83.8174667358398 -9999 -9999 18.3964385986328 18.3964385986328 18.3857326507568
