rcp4.5models/GFDL_CM3/sc1gr6.5
NCOLS 261 
NROWS 433 
XLLCORNER 336357.134 
YLLCORNER 654653.479 
CELLSIZE 1000 
NODATA_value -9999 
[rows 352 to 373 of 433, columns 50 to 99 of 261]
2728.63210531711 2735.80650616008 2777.91318733479 2830.96219741858 2869.91924750324 2911.17212741385 3011.29603383974 3050.21845907119 3091.38116557432 3144.47266024453 3175.54747307138 3226.4322118292 3275.16792315947 3310.20648829954 3359.28118306789 3393.28712383373 3424.67418600728 3534.55675730965 3512.02964051035 3514.84127389814 3542.66883239378 3558.14231548948 3568.30588775188 3577.08378070653 3678.15150071289 3678.45033026046 3703.62317658039 3789.55745665839 3813.00808655583 3869.31935591171 3948.39023138007 4034.7834992295 4079.14384090052 4105.48642530707 4064.05929244673 3899.56618973626 3877.74824353018 3887.63730741218 3994.94149025617 4054.9723670466 3961.16367142576 3754.02329725261 3721.54668181158 3701.19458561028 3680.836378756 3631.67265744551 3666.31383931387 3763.52568153341 3782.87831561232 3746.40681980706
2718.85529349511 2735.04654640189 2777.61670895839 2834.15353150589 2862.09286496532 2894.56158868733 3019.88067135034 3065.82851749698 3102.19901254865 3137.69863923415 3172.45995798067 3218.68758736217 3265.17641025182 3310.28936788411 3363.21552697539 3397.12473416237 3420.79890641593 3493.07973920578 3474.32115620762 3507.69005727105 3531.77928783408 3573.65612410457 3580.00508944962 3563.89473226516 3598.73625549672 3622.25613891884 3616.53377318643 3632.61157013276 3826.71059022645 3893.15579317541 3916.5221075016 3934.80248818362 4036.74534246616 4097.56411429399 4092.92372205844 4001.88140982943 3869.41905450539 3806.56350995469 3940.34072292934 4013.97269274058 4040.47070181326 3875.82060363994 3726.39123981239 3742.72782506428 3746.39978578814 3646.59169153911 3598.72725503003 3736.35363554686 3814.29206187684 3800.83350507335
2707.61607567238 2731.03145512345 2770.08769048895 2826.85765792753 2866.89595629827 2902.74886592974 2999.21800593001 3043.63696871303 3088.70917763868 3125.69480605259 3171.64117280851 3215.22039054223 3251.04117950466 3310.3391202432 3357.54803220978 3391.70209660723 3405.43370037902 3485.67660081091 3485.32704545621 3497.76422107477 3517.17731244503 3550.72791612901 3610.88775606322 3623.73862223737 3596.06746897284 3594.6472238393 3626.83536598055 3639.20181816157 3846.67329264194 3936.67453778907 3885.33916778431 3875.08409720787 4006.12291251131 4092.54591033674 4101.24940943518 4084.02046146275 3987.82844980779 3856.29458263973 3897.37179497475 4048.18688940992 3870.82735152866 3979.0284583771 3790.68097045125 3688.59597331597 3805.49812924641 3778.31593051577 3623.25517569568 3698.79948836837 3785.58416202021 3823.05928902076
2712.00736387297 2729.2881137777 2764.6149249691 2818.03028621055 2864.42622579519 2898.71099150038 2985.74940208189 3027.94573203321 3073.14596531788 3114.45801192679 3167.72388487996 3216.61060891581 3242.76278308457 3285.07029723264 3340.86954922803 3392.29648756814 3401.80883930454 3532.84519949402 3525.59578184781 3484.27733097155 3511.11712493386 3519.38930360046 3585.20435318919 3619.75377838896 3585.29965371899 3571.76514761837 3617.41760540832 3627.29607152811 3714.2095339939 3853.74225387211 3813.05290302706 3762.78795767799 3882.09682674851 3944.34152954175 3992.67228345069 4076.47589762692 4076.550139834 3974.8056153462 3880.54339209828 3985.41946538375 3710.81503250291 3799.16662265452 3905.03570781018 3764.38746700727 3821.14210992275 3899.65737040184 3788.91131538464 3726.67889734228 3698.58063870944 3755.72606219998
2709.35638584206 2734.75209826982 2768.3859190142 2804.94369328432 2874.78953733574 2938.94345953438 2980.90238737448 3034.09826972152 3082.39328559335 3147.83263398579 3173.23984965265 3216.28470514813 3258.72308198173 3288.02363375271 3368.12996865748 3407.64567308236 3421.05847455687 3545.47355201355 3525.43649874523 3481.03974336402 3554.04379037421 3614.51534578051 3609.68018009937 3577.36104561606 3594.3048822767 3584.99974404573 3584.86814764062 3603.2043149959 3645.35119341592 3763.7008145345 3834.90546402534 3848.66814723237 3906.12353736882 3895.59674789641 3888.06520145966 3993.1463216444 4062.8892472163 4046.89674840922 3900.8438493855 3850.7725695553 3873.47901443354 3753.7772154538 3948.17597677736 3951.74972780044 3882.74692966957 3947.38263711371 3947.54361408444 3829.35021295093 3662.06075323889 3620.89772889257
2693.78696451364 2737.26620955192 2775.34535460934 2799.81489590368 2869.58945142477 2956.81264989519 2969.2307576779 3026.22902171301 3075.475839244 3129.27243917423 3151.4048279503 3198.97616476566 3331.65131566399 3344.21064656003 3372.21399650234 3441.78466143204 3438.53754730306 3511.57939035345 3521.52383668292 3522.29300135062 3542.02785985467 3694.71969648944 3683.26087191135 3584.74334302812 3694.15778194548 3658.51327126696 3572.0523954889 3592.90930960738 3610.95948813868 3771.19913915125 3945.51769549887 4000.52468084989 4024.13580413658 3976.50453109329 3940.79924458464 3983.06839064714 4041.48343432784 4071.39758272528 3996.52153937285 3901.80969438164 3972.58622588546 3867.53572824982 3841.81527559391 3977.26198153442 3971.44999882227 3905.49251185009 3918.02463755636 3876.82840076654 3720.11774933556 3628.21766841762
2699.77307345552 2744.05616049554 2789.82942182751 2805.05096838904 2853.60432762798 2927.36633848686 2981.38801537232 3028.70872529415 3066.71425825659 3093.31440208455 3176.87324329611 3251.33023191446 3320.58317835031 3422.69151449416 3463.85279959135 3518.69501183041 3534.71999348734 3516.10498325064 3474.09386134392 3564.43507352097 3552.12282303886 3698.77596717003 3678.51141507922 3606.22569199691 3729.27506905428 3668.64966580728 3571.98414107987 3580.59881326063 3599.2583368954 3700.69114706035 3917.55525350112 4031.15685365425 4038.45974332861 4017.09673294832 4008.07901715227 4013.11879543888 4037.55677398908 4077.23463471791 4076.97315616569 4036.73214707216 3956.83089902038 3930.54917570969 3760.9661088143 3808.04187135484 3986.3739658986 3895.63374388989 3819.85854327109 3853.47956673004 3794.47486354435 3672.30055148338
2711.12278403291 2746.05984754551 2771.47879300931 2821.89126157331 2859.2945484306 2949.91316800178 2993.15673084885 3024.52243157252 3047.21636026824 3084.34568880486 3263.92823493531 3409.58523983472 3314.01455373479 3439.29426425161 3573.16220100702 3585.81755292309 3594.68933778597 3446.13425388826 3418.12626263379 3496.00184976974 3515.42625446388 3570.23155443142 3580.11469079347 3585.62733360156 3725.15119620722 3773.09502683803 3640.74954300237 3566.70440726228 3592.91692438191 3604.92072858956 3797.10332168292 3997.80660017172 4034.50517875637 4034.40743602304 4034.46742723854 3999.95709211135 4018.64366878486 4045.11038470833 4054.79866776702 4069.79980299648 3964.62074063728 3982.7071712129 3921.69241176604 3855.34188612973 3923.94566952532 3940.12100818167 3844.58658443123 3780.4564864127 3787.8830428904 3721.16567219088
2684.96544814351 2713.47545336445 2759.19726608403 2829.01671266506 2865.18536010635 2903.01928872476 2947.6454248882 2997.52765114413 3118.11506886098 3261.7302141703 3354.44587000069 3409.57359808299 3422.82742822938 3461.75976844805 3559.82839283657 3604.11666143747 3567.76518547585 3599.72652984674 3509.44926482949 3485.00481700223 3496.99091256328 3601.96918883396 3607.84197694549 3715.08988611814 3804.54398008175 3799.04761002029 3746.0774174884 3639.97868138948 3624.47207047373 3611.3272620228 3679.5392124155 3839.83054585396 3937.94711190006 3916.37688951123 3968.2735518516 4011.90079184558 4008.9960657252 4028.74810110298 4024.9288353178 4036.20013550759 4038.68825461577 4024.35495363271 3996.4929137403 4006.79868589093 4027.5258747762 4006.81308342734 3977.3141249894 3936.7167099109 3877.18506063624 3809.67630745235
2668.76507976829 2706.88983875456 2756.0763058688 2825.73536046658 2861.12056115342 2897.47224100469 2944.14855105869 2993.25917195929 3079.86549987482 3228.05803042062 3336.10521994616 3378.03496172001 3390.12671798127 3487.63169169074 3459.81320525954 3462.58100957147 3598.75239494319 3574.71273664425 3543.89534401258 3488.41539825194 3494.10089470996 3588.46920129018 3587.65554412556 3677.76546773443 3727.27882207101 3758.39376350181 3799.74489540831 3668.59643422741 3614.94333886936 3617.70880317279 3624.96839200086 3677.02126171625 3822.71884574039 3900.44051298916 3941.93902692077 4016.46173557621 4032.44133270696 4013.15330191366 4002.08211450125 4015.74228819155 4037.63367119755 4031.72880753411 4023.29457298748 4022.2693664993 4020.53158860515 4001.50128096802 3973.10713069804 3925.99750010702 3909.45543625317 3874.90226573571
2659.91832371052 2705.16815325752 2753.03205750133 2799.34471058951 2837.18052793233 2878.74798397804 2946.26853614883 2993.6266850454 3058.35889724995 3174.06195206122 3301.26703636969 3422.10089228108 3447.91896429514 3496.52884194822 3404.65926158911 3394.54516556564 3519.42075159564 3454.75891493002 3484.63916372292 3471.27114203631 3464.47485447307 3498.73747599906 3570.35173762902 3600.73739049278 3637.54467214697 3759.24714413657 3775.17208038863 3687.89944823154 3589.88996431864 3633.88878460774 3610.21513199166 3592.18534032637 3753.16691060071 3914.50922720032 3969.40266812932 4009.93380693577 4030.10954019834 4009.63553941 4003.14803465935 4003.43465116474 4020.55677045129 4021.72838759219 4012.01548890997 4007.72964572369 4004.20715770525 3991.17306159095 3982.8621030639 3953.73896481304 3924.77623407402 3900.05375169194
2659.41027167457 2688.2109799301 2722.73245317579 2758.12904214055 2809.35352068442 2871.43126015596 2947.32324641082 3004.15020381745 3079.60360738547 3146.38941935307 3271.90332922686 3431.00532393622 3493.74405325012 3482.96869086305 3438.8117608105 3411.3273358256 3459.11246236886 3406.2782356366 3398.58115300324 3425.57929827676 3431.23648899553 3516.65073226458 3621.24557972199 3580.32454144535 3626.53845757246 3774.34681975994 3703.89907583721 3641.07887967833 3552.66048207457 3609.43168349337 3648.36478870771 3622.84348812316 3653.80943208765 3748.80735798965 3884.30091589503 3972.49249155023 3998.30883106112 4016.03951785317 4013.32455795051 4001.5133925361 3990.65650213305 3995.65185057211 3996.76812577589 3992.76656661088 3990.31819528613 3964.40788414323 3954.01163142615 3951.05111270217 3938.40431730547 3906.71172241754
2657.8153453318 2683.83969964628 2708.31943698797 2741.56191997764 2799.4530872563 2863.03300172975 2949.15578660689 2988.8539077253 3097.74654120164 3166.32959668583 3290.6925458002 3371.40957158518 3434.19112337073 3397.22287723929 3428.96846075268 3377.32057319501 3426.12480523542 3436.70265810578 3410.41006047761 3425.74406394409 3422.40051736384 3510.60649977483 3628.92819339919 3626.20138754461 3677.74798644816 3773.09650915994 3649.51332156487 3563.22479099288 3573.69748107138 3563.77423903412 3636.71626100192 3636.59985903081 3592.542140963 3707.61309772592 3812.67289726147 3867.68191172697 3947.83096792001 3995.01974329842 4005.29869801314 4003.64265049244 3971.83990707094 3963.03465917061 3966.73601371584 3968.25260453415 3974.31385015185 3958.64151180719 3945.65804584762 3932.52639510748 3913.66402520826 3910.32148578897
2656.73707500556 2701.89313909522 2729.04793802928 2753.3469008121 2798.0643674925 2853.87458959424 2944.75127635189 2995.86853343979 3060.64844382201 3148.31159770292 3308.36200526234 3369.02518439845 3308.20196928519 3242.11914017464 3296.83926624545 3315.28526178834 3393.88608532887 3384.29770096739 3392.3077571669 3415.66570845404 3491.04753696026 3497.31073632264 3508.52821313183 3555.34525583895 3703.45448548151 3783.64573653653 3667.79168453344 3563.5277443399 3686.93607817715 3621.35584565879 3596.52745267254 3644.19292825407 3614.5160616689 3706.86693411534 3831.86886804568 3877.32857033921 3928.86951791671 3974.05233406832 3993.19266959803 3992.38666318899 3976.19472043542 3958.86675725593 3942.75504059592 3950.7641562136 3955.89578873657 3947.24875628966 3936.16324435417 3913.91142740657 3895.31068217062 3895.07063526188
-9999 2697.39968015185 2726.13992357819 2761.93293762267 2803.26373255096 2848.59881400296 2925.43563801568 2991.92214639372 3039.82761177569 3093.15265105148 3183.64191618931 3281.33451502049 3260.65386139868 3199.40209583849 3209.47980421685 3264.16096575745 3329.07501712203 3352.39013806078 3387.82662105502 3397.57053161765 3496.41131696192 3479.36572675476 3444.86753966478 3535.20920651996 3619.74327202859 3689.47382054369 3673.6813541056 3592.12141996564 3638.15876462344 3604.7455597118 3566.33850841305 3646.35889980352 3682.91309255427 3664.47127098733 3814.68864595509 3945.37764862428 3896.28599943086 3921.60061154332 3975.98484208073 3965.61900401426 3953.99872383715 3950.75344509148 3939.73343329648 3928.96506509223 3930.26691239663 3921.03700960902 3909.49120482923 3896.0430726054 3889.70630297028 3888.01839108909
-9999 2695.28318786156 2723.12483431873 2756.67558537557 2802.40704780616 2833.50707419019 2906.28003492095 2973.00351530877 3017.51964662156 3070.5580301061 3106.87486832057 3168.6195881071 3203.51796571243 3182.83990387144 3194.79613931408 3242.09420498962 3283.01752516906 3396.83464060255 3488.28074320719 3476.33068772486 3500.78427347568 3535.94113818721 3483.22390886946 3610.74737032144 3649.85976252414 3676.75878665428 3730.96497667153 3626.04487309633 3538.2965413916 3542.87040516115 3545.66512744509 3599.12863812298 3670.27089350796 3691.67417194386 3787.31888707622 3922.35721344324 3921.12598665951 3926.75783384639 3959.78977087696 3931.44271018313 3941.666953648 3945.56371509097 3947.98471040967 3923.09886132106 3916.5420067108 3909.16703592681 3894.20919558271 3886.66586849172 3877.9225291122 3873.73461844414
-9999 2706.51427042075 2726.41286209942 2767.4185817694 2782.81219810754 2803.39357798782 2903.72610731638 2965.50475060038 2992.80597150196 3047.24350150462 3101.13796659395 3122.25459224591 3147.23606793608 3168.45627354171 3202.118023623 3234.73987899148 3254.65897490631 3434.86580658072 3571.69724016261 3582.74313371559 3590.39561240858 3639.59964292001 3522.49759064921 3593.81818267919 3704.17585818326 3697.82869417966 3757.26770924103 3692.47229912941 3534.18290048511 3538.70375438295 3540.62848618439 3558.98494396597 3645.54614376858 3790.31067106552 3873.758624893 3923.69304161998 3953.58577723974 3952.79518205402 3954.01483637141 3902.62912585277 3941.71708927869 3942.6499218622 3943.5963564454 3931.35503367411 3920.25605905879 3896.85307706712 3883.47901560085 3889.9651018628 3877.09979826075 3832.65009863204
-9999 2682.87455816086 2741.96203853372 2764.83270867679 2772.2152836093 2788.84396939267 2898.44691602007 2950.93538120574 2984.15593079916 3021.56216664011 3177.94252892936 3159.8327266206 3119.34011469971 3150.31759114954 3226.91659841709 3256.42396628948 3252.99780956481 3430.21625543699 3602.68806194922 3641.38120492201 3644.38596288472 3664.50435709607 3602.75059166639 3585.57751386114 3690.84854301221 3712.74605051895 3745.88503178904 3783.78591443038 3569.14582285385 3536.10744743112 3538.90813033017 3544.02371794929 3655.1580187328 3820.67941996497 3905.78422896571 3915.37807500737 3919.26362025561 3936.88881316536 3943.85181542952 3917.18601758593 3913.36360788647 3932.83323815902 3928.99399045299 3923.29034827966 3908.04344114228 3890.10343630236 3874.3624139511 3862.00132161214 3866.41733992924 3742.02737852762
-9999 2688.82741507175 2733.9568659307 2746.86651372715 2771.16593753514 2788.31847718974 2890.4301433128 2938.24550549999 2976.2727181939 3012.87070469903 3120.20807848242 3140.08139157568 3115.90911737399 3129.49971157326 3202.57749425924 3266.36999278009 3294.3034312613 3357.69937804933 3524.26220332635 3643.45230598589 3674.03894000678 3610.93284236862 3567.60714570913 3567.41651335758 3634.18811785343 3635.01223430627 3698.43540459641 3824.33100081754 3642.17392752874 3528.31853909047 3545.94566877604 3541.7007269325 3661.45312532564 3795.67223328026 3847.11051337833 3886.63052950567 3906.5224104658 3918.51773404644 3926.95660230504 3930.90965772006 3910.48501993923 3918.98536217079 3882.22010235566 3883.3050871654 3895.54193919061 3877.82681726737 3854.68370413641 3840.71055606883 3853.57159431699 3714.78993640638
-9999 2676.57011410823 2702.43259085195 2731.99856561347 2757.94971646544 2797.56363766874 2872.94852654409 2922.11160266668 2960.27008899367 2990.84196321202 3029.0999267045 3081.3590830851 3123.72579780926 3127.99097055082 3156.08202752495 3182.99982206895 3242.46243940338 3275.43504082137 3341.75732092221 3403.4063932979 3457.92573345796 3514.28160329939 3629.71710677015 3684.25436905753 3528.78431003758 3425.41988224402 3582.21634447235 3766.44248489358 3768.58590536051 3609.62012039399 3558.09284840558 3554.67141397727 3568.62996613997 3676.2341184379 3759.64793817052 3806.07319796906 3829.65965879529 3839.32293810891 3849.50396699126 3868.66115130653 3877.02727888869 3814.92005352877 3813.23272987591 3826.68747938197 3798.14368309781 3820.84983496931 3835.78070465286 3831.14517368875 3837.39540051863 3817.63573741729
2660.54673015194 2677.92173831205 2703.97190824077 2735.62224191381 2775.52910030953 2817.99029239466 2876.86874412623 2922.31897206766 2963.86243659714 3000.27928973166 3026.46650468392 3075.91974964215 3099.56765126863 3125.97070691262 3152.50457835838 3170.6563439608 3205.24283213819 3345.1727752467 3384.42471721214 3353.46832941275 3378.93800035699 3523.89056830452 3601.13527069846 3563.75055222576 3476.08469182214 3425.04254399291 3577.62571965389 3756.1688847121 3846.71371640804 3758.4862329869 3652.85637123297 3586.13000651718 3597.49963715364 3662.66752113206 3707.96475568139 3758.73910933907 3795.62299498402 3790.26284717802 3783.92929960916 3797.84788949068 3881.86654610208 3843.36681454046 3829.56319628918 3840.98376222202 3795.97477933374 3794.96485536237 3829.43913800227 3828.97775465224 3828.48347391423 3820.71591873054
2666.12801505769 2684.4313480477 2712.24905263179 2741.96835240809 2778.98018968076 2813.50621336727 2876.00295520249 2925.88339571203 2967.41291518631 2992.19003099822 3004.9290498689 3050.22989028086 3063.30301473462 3093.54616762469 3144.54745473614 3215.04064248207 3220.57053647474 3402.52724023829 3503.6880159904 3522.00593244405 3492.66723660707 3509.58259592553 3527.59051058721 3448.33091480784 3407.93122273367 3419.22982780731 3507.5891403253 3707.13265366983 3832.52146560171 3829.54871513202 3686.38043184451 3553.99420667927 3549.94335689832 3617.01312622559 3693.84131448019 3731.54130519746 3748.71321910226 3733.41980091262 3738.44080018877 3772.5294987167 3869.0913775867 3862.67950430689 3844.96857705289 3829.89328007688 3810.74475658161 3705.1093952439 3717.36390899207 3814.11408913239 3821.40228234341 3809.85505970864
