rcp4.5models/GFDL_CM3/sc1gr4.32
NCOLS 261 
NROWS 433 
XLLCORNER 336357.134 
YLLCORNER 654653.479 
CELLSIZE 1000 
NODATA_value -3.4e+38 
[rows 352 to 373 of 433, columns 147 to 195 of 261]
274.351501464844 273.218048095703 276.930236816406 285.841369628906 287.035614013672 287.027252197266 286.964599609375 286.403045654297 285.654327392578 285.849700927734 284.33642578125 275.486450195312 269.942504882812 266.62353515625 273.126708984375 279.934783935547 280.353240966797 277.596099853516 277.448455810547 280.140380859375 280.75634765625 282.722473144531 279.568389892578 275.996673583984 277.616271972656 283.513885498047 285.900512695312 286.371337890625 287.031860351562 287.693023681641 287.822082519531 287.6337890625 287.725280761719 288.804138183594 288.18408203125 288.147064208984 288.251556396484 288.438018798828 288.729400634766 289.168334960938 289.753814697266 290.358734130859 290.377258300781 290.38818359375 290.392883300781 290.623565673828 290.092895507812 289.607116699219 289.619445800781
272.191467285156 272.485137939453 277.638092041016 286.435791015625 287.284881591797 287.300354003906 287.095947265625 286.871734619141 286.691589355469 286.236907958984 285.270324707031 281.383117675781 277.69580078125 275.098754882812 278.838562011719 283.798889160156 283.827514648438 278.555206298828 272.408935546875 277.148895263672 285.224243164062 286.035034179688 282.489013671875 281.317932128906 281.109710693359 284.097290039062 286.592834472656 286.953338623047 287.065490722656 287.693420410156 287.955383300781 287.992248535156 288.273834228516 288.99609375 288.402984619141 288.102386474609 288.194488525391 288.480895996094 288.806549072266 289.505920410156 290.039642333984 290.404571533203 290.540222167969 290.457641601562 290.728973388672 290.725189208984 290.077423095703 289.552978515625 289.483032226562
271.315490722656 273.762664794922 281.009185791016 287.345947265625 287.414855957031 287.299987792969 287.237976074219 287.087219238281 286.862121582031 286.450469970703 285.647125244141 285.177337646484 284.339538574219 284.080993652344 284.317565917969 284.775726318359 285.117523193359 283.780609130859 279.470397949219 280.735076904297 284.969055175781 286.845611572266 286.582397460938 286.367614746094 286.090179443359 287.134490966797 287.241638183594 287.403411865234 287.407867431641 287.845123291016 288.004760742188 288.340209960938 288.747436523438 289.258880615234 288.820678710938 288.280395507812 288.696899414062 289.041442871094 289.318481445312 289.898376464844 290.319976806641 290.472961425781 290.854766845703 290.727172851562 290.871459960938 290.876281738281 290.245758056641 289.782562255859 289.691833496094
270.287445068359 273.168121337891 281.621826171875 287.482208251953 287.491271972656 287.269958496094 287.208282470703 287.057861328125 286.861907958984 286.475524902344 285.733428955078 285.596832275391 284.244567871094 282.721343994141 281.931762695312 281.661987304688 285.814727783203 286.217132568359 286.3994140625 284.928619384766 283.711791992188 287.209320068359 285.599670410156 285.393737792969 286.252502441406 287.526092529297 287.58251953125 287.703948974609 287.833190917969 288.030334472656 287.995513916016 288.590484619141 288.911468505859 289.294708251953 288.632141113281 287.975769042969 289.149475097656 289.366180419922 289.532806396484 290.204498291016 290.495727539062 290.865478515625 291.063934326172 291.058135986328 290.999298095703 291.18896484375 290.476928710938 289.570068359375 289.137725830078
268.771911621094 274.800964355469 284.22265625 287.505004882812 287.461059570312 287.120941162109 286.815704345703 286.729034423828 286.836761474609 286.583618164062 285.758880615234 285.656494140625 284.122009277344 280.829956054688 280.203735351562 281.866973876953 285.541839599609 285.771087646484 286.505432128906 286.207275390625 285.634368896484 285.472534179688 283.746551513672 285.222778320312 285.884735107422 286.96728515625 287.941284179688 288.103607177734 288.033538818359 288.172729492188 288.18701171875 288.826934814453 288.947387695312 289.069091796875 288.598663330078 288.100036621094 289.186645507812 289.389038085938 289.629791259766 290.156158447266 290.432067871094 290.899719238281 291.087768554688 291.246032714844 291.201873779297 291.187438964844 290.559173583984 289.794830322266 289.501373291016
270.001892089844 282.186431884766 287.557373046875 287.527893066406 287.370971679688 286.835083007812 286.369476318359 286.312744140625 286.474914550781 286.396057128906 285.810272216797 285.823608398438 284.933288574219 282.759704589844 283.337280273438 285.44287109375 285.038757324219 285.54638671875 286.611236572266 287.384552001953 287.339324951172 284.569091796875 282.303955078125 285.927276611328 286.864501953125 286.616271972656 287.047149658203 288.254791259766 288.517303466797 288.45703125 288.412567138672 289.028533935547 289.066131591797 289.189910888672 288.917694091797 288.795593261719 289.210784912109 289.558044433594 289.677368164062 289.786987304688 290.178619384766 290.597076416016 291.127532958984 291.268829345703 291.263092041016 291.089874267578 290.797943115234 290.417175292969 290.175384521484
274.638397216797 286.931030273438 287.640716552734 287.543670654297 287.114379882812 286.590972900391 286.279968261719 286.086456298828 286.078247070312 286.015197753906 285.893341064453 286.348114013672 286.393218994141 286.325408935547 286.09375 285.915344238281 285.537261962891 285.993103027344 286.72607421875 287.32861328125 287.449188232422 286.327911376953 283.125244140625 286.220001220703 287.634613037109 286.986938476562 286.206512451172 288.379486083984 288.918212890625 288.707305908203 288.599090576172 288.945465087891 289.210998535156 289.548004150391 289.001190185547 288.891937255859 289.303405761719 289.951904296875 289.958465576172 289.765838623047 290.090393066406 290.281890869141 290.776550292969 291.164093017578 291.159729003906 291.051330566406 290.897613525391 290.39306640625 290.059997558594
281.926391601562 287.375213623047 287.610504150391 287.422882080078 286.954254150391 286.703765869141 286.382293701172 286.033294677734 286.044586181641 285.906616210938 286.063079833984 286.763336181641 286.479797363281 286.328918457031 286.094635009766 285.9716796875 285.928436279297 286.301696777344 286.784698486328 287.218109130859 287.366790771484 287.360870361328 285.822662353516 287.453155517578 287.750915527344 287.375762939453 287.119110107422 288.696411132812 289.010559082031 288.732391357422 288.668151855469 288.910797119141 289.425842285156 289.751190185547 289.051330566406 288.842163085938 289.591552734375 290.179077148438 290.186279296875 289.837188720703 289.803985595703 290.072479248047 290.369506835938 291.041839599609 291.018981933594 290.947601318359 290.861877441406 290.546783447266 290.226135253906
287.216461181641 287.486389160156 287.239868164062 287.067626953125 286.902709960938 286.753173828125 286.412261962891 286.312530517578 286.252227783203 285.653228759766 285.728149414062 286.655670166016 286.755187988281 286.631530761719 286.1748046875 285.554351806641 285.70703125 286.383697509766 -3.4e+38 287.080810546875 287.309722900391 -3.4e+38 288.373626708984 288.413757324219 288.262237548828 288.191619873047 288.572143554688 288.936431884766 289.371185302734 288.806274414062 289.011779785156 289.220031738281 289.650329589844 289.287109375 289.099731445312 289.130767822266 289.765686035156 290.029724121094 290.069854736328 289.897277832031 289.7041015625 290.137725830078 290.677978515625 291.189208984375 291.247253417969 291.157012939453 291.111450195312 290.9013671875 -3.4e+38
-3.4e+38 287.539489746094 287.292541503906 286.96923828125 286.53857421875 286.478363037109 286.477416992188 286.582214355469 286.481719970703 286.118347167969 285.914886474609 286.790710449219 286.642059326172 286.608551025391 286.787292480469 286.219085693359 285.898864746094 286.333099365234 286.651672363281 286.918823242188 287.060699462891 287.601135253906 288.623809814453 288.850982666016 288.935363769531 288.573364257812 288.800201416016 289.420471191406 289.193023681641 288.838470458984 289.059173583984 289.324523925781 289.531616210938 289.240783691406 289.017608642578 289.038848876953 289.516052246094 289.910034179688 290.130249023438 290.046936035156 289.962219238281 290.009552001953 290.509948730469 291.040649414062 291.018371582031 291.304809570312 291.216827392578 290.938171386719 290.832000732422
287.292572021484 287.693969726562 287.580230712891 287.000610351562 286.675903320312 286.586578369141 286.650360107422 286.852111816406 286.741424560547 286.757904052734 286.553466796875 287.096496582031 286.833099365234 286.606170654297 286.983581542969 286.696258544922 286.237274169922 286.225891113281 286.207092285156 286.502075195312 286.779998779297 287.542541503906 288.599060058594 288.955017089844 289.327728271484 288.962524414062 289.062683105469 289.366638183594 289.155883789062 288.953033447266 289.116424560547 289.262084960938 289.316619873047 289.193298339844 288.933685302734 289.061248779297 289.659698486328 290.122192382812 290.5478515625 290.436584472656 290.131072998047 290.129821777344 290.343841552734 290.958435058594 -3.4e+38 291.448852539062 291.279479980469 290.773651123047 290.849792480469
287.388977050781 287.550903320312 287.445556640625 287.091766357422 286.889282226562 286.640289306641 286.735046386719 286.990447998047 286.821502685547 286.7890625 286.808837890625 287.209259033203 287.196807861328 287.048919677734 286.817565917969 286.115173339844 285.82177734375 286.087127685547 285.829864501953 285.716827392578 286.669952392578 287.408874511719 288.098175048828 288.404541015625 288.832153320312 289.156188964844 289.317230224609 289.553985595703 289.536743164062 289.509887695312 289.575286865234 289.557373046875 289.647674560547 288.882690429688 288.789794921875 289.106719970703 289.839935302734 290.158569335938 290.63525390625 290.8740234375 290.713653564453 290.709228515625 290.544677734375 290.708526611328 -3.4e+38 -3.4e+38 291.153289794922 290.837707519531 290.913940429688
287.59033203125 287.345489501953 287.204803466797 287.003295898438 286.755584716797 286.671875 286.724334716797 286.742797851562 286.685516357422 286.875183105469 287.025787353516 -3.4e+38 -3.4e+38 286.966064453125 286.375183105469 286.274719238281 286.067596435547 286.140167236328 285.618774414062 284.393371582031 285.380859375 287.104766845703 287.545135498047 287.585845947266 287.754058837891 288.617797851562 289.105682373047 289.720855712891 289.787719726562 289.844268798828 289.968627929688 289.926513671875 289.837371826172 288.965515136719 288.909118652344 289.142913818359 289.816436767578 290.090362548828 290.491607666016 290.940246582031 290.979309082031 290.894927978516 290.790069580078 290.731109619141 291.104064941406 -3.4e+38 290.986480712891 291.004547119141 291.205902099609
287.634948730469 287.233184814453 287.031280517578 286.693237304688 286.452484130859 286.596038818359 286.684234619141 286.556213378906 286.850708007812 287.127105712891 287.331970214844 287.096252441406 287.033203125 286.630676269531 286.262084960938 286.97265625 286.878692626953 286.557952880859 286.057922363281 284.382568359375 284.21728515625 286.717651367188 287.313507080078 287.447265625 287.452331542969 288.213043212891 289.020416259766 289.595611572266 289.528076171875 289.769348144531 289.776885986328 289.759033203125 289.753082275391 289.427520751953 289.365447998047 289.003723144531 289.490295410156 290.066680908203 290.332885742188 290.549682617188 290.934661865234 290.877899169922 291.040649414062 290.933166503906 291.018676757812 291.679077148438 291.113067626953 291.35986328125 291.645111083984
287.543670654297 287.068206787109 286.949127197266 286.663879394531 286.543884277344 286.899017333984 286.868408203125 286.734558105469 287.347534179688 287.368988037109 287.391296386719 287.041473388672 286.893218994141 286.715972900391 286.705780029297 286.969116210938 286.809356689453 286.660919189453 286.580535888672 285.440765380859 284.591705322266 286.126129150391 287.10107421875 287.762084960938 288.047027587891 288.466491699219 288.960845947266 289.096710205078 289.209320068359 289.768707275391 289.761505126953 289.759552001953 290.155334472656 289.797576904297 289.605865478516 288.924957275391 289.164031982422 289.975677490234 290.015655517578 290.066497802734 290.481628417969 290.919830322266 291.224334716797 291.017730712891 291.123718261719 291.803924560547 291.636047363281 291.75439453125 291.939025878906
287.161041259766 286.851409912109 286.959564208984 286.823913574219 286.65966796875 287.21240234375 287.428527832031 287.30615234375 287.740936279297 287.778564453125 287.356628417969 287.231903076172 286.974945068359 286.739471435547 286.772521972656 286.811645507812 286.483947753906 286.557647705078 286.786254882812 286.164520263672 -3.4e+38 285.579071044922 286.746765136719 287.420440673828 288.159423828125 288.618041992188 288.734130859375 288.527404785156 288.85986328125 289.416320800781 289.844390869141 290.020874023438 290.667358398438 289.692443847656 289.244934082031 289.076416015625 289.419952392578 289.914123535156 290.187896728516 290.433746337891 290.544586181641 291.003295898438 291.456329345703 291.539306640625 291.578491210938 291.969390869141 292.030517578125 291.858062744141 291.916748046875
286.765319824219 286.883056640625 287.036041259766 286.857330322266 286.647216796875 286.99560546875 287.428314208984 287.570129394531 287.827331542969 287.310668945312 286.944488525391 287.236724853516 286.760314941406 286.606506347656 286.748504638672 286.714996337891 286.510162353516 286.691558837891 286.964111328125 286.730407714844 285.547546386719 283.891052246094 286.810729980469 287.112945556641 287.722595214844 287.98486328125 288.119567871094 288.209533691406 288.856597900391 289.421569824219 289.808929443359 290.139526367188 290.679168701172 289.728302001953 289.358703613281 289.529113769531 289.653778076172 289.791687011719 290.359527587891 290.910217285156 290.976806640625 291.248565673828 291.601867675781 -3.4e+38 291.804840087891 291.967620849609 292.133880615234 292.049499511719 291.921905517578
286.912322998047 287.126892089844 287.022064208984 286.640167236328 286.476196289062 286.716796875 287.076202392578 287.151000976562 287.4599609375 286.857604980469 286.780883789062 287.097900390625 286.786041259766 286.812866210938 287.136383056641 286.851501464844 286.895843505859 287.135589599609 287.106170654297 286.680145263672 285.591705322266 283.991638183594 287.025665283203 287.489654541016 287.617919921875 287.553955078125 287.491729736328 288.032196044922 289.038848876953 289.727325439453 289.84521484375 290.432800292969 290.618530273438 289.737854003906 289.761383056641 290.080413818359 289.917694091797 289.844787597656 290.191772460938 290.825988769531 290.954162597656 291.26904296875 291.725982666016 291.908721923828 291.763397216797 291.987670898438 292.573150634766 292.450653076172 291.9560546875
287.352874755859 287.190612792969 286.627502441406 286.418731689453 286.310913085938 286.443511962891 286.647003173828 286.825531005859 287.201995849609 287.192779541016 287.112579345703 287.240661621094 287.038787841797 286.954772949219 287.388244628906 287.350036621094 287.343597412109 287.174468994141 286.776641845703 286.427795410156 286.191467285156 285.955871582031 286.770874023438 287.492156982422 287.675720214844 287.585693359375 287.464050292969 288.00634765625 288.988739013672 289.618988037109 289.906616210938 290.742156982422 290.464294433594 289.783447265625 290.055847167969 290.602111816406 290.537933349609 290.336853027344 290.278991699219 290.435333251953 290.909545898438 291.206420898438 291.764282226562 291.950866699219 292.014312744141 291.985290527344 292.691131591797 292.783416748047 292.397491455078
286.558471679688 286.434600830078 286.233093261719 286.251403808594 286.204711914062 286.106811523438 286.201690673828 287.072418212891 287.514099121094 287.719451904297 287.550140380859 287.070190429688 286.846588134766 287.092407226562 287.528045654297 287.71337890625 287.677795410156 287.394348144531 287.014587402344 287.059143066406 287.054962158203 286.818481445312 286.81884765625 287.139038085938 287.802917480469 287.494201660156 287.588745117188 287.930236816406 288.730590820312 289.114074707031 289.593719482422 290.657073974609 290.4501953125 289.698638916016 290.091278076172 290.638946533203 290.642913818359 290.646789550781 290.516357421875 290.283721923828 290.67578125 290.717254638672 290.954833984375 291.844146728516 292.031005859375 292.677429199219 292.549438476562 292.734558105469 292.691802978516
286.530456542969 286.528259277344 286.504089355469 286.444580078125 286.224761962891 286.032409667969 286.103332519531 286.666168212891 287.349334716797 287.843200683594 288.050109863281 287.318664550781 287.205932617188 287.337097167969 287.446655273438 287.799102783203 287.572143554688 287.364532470703 287.520690917969 287.513519287109 287.385192871094 287.404937744141 287.432708740234 287.635803222656 288.065734863281 287.492889404297 287.619812011719 287.904144287109 288.730621337891 289.274353027344 289.84130859375 290.549072265625 290.532623291016 289.790008544922 290.322143554688 290.630798339844 291.050415039062 290.850128173828 290.748626708984 290.541625976562 290.36328125 290.614135742188 290.864471435547 291.134185791016 291.467041015625 292.526824951172 292.674133300781 292.586029052734 292.65283203125
286.81298828125 286.978668212891 286.939056396484 286.543426513672 286.202178955078 286.22900390625 286.225982666016 286.437438964844 287.072631835938 287.597229003906 288.003875732422 287.849761962891 287.981842041016 287.973968505859 287.8291015625 287.662902832031 286.960357666016 287.252593994141 287.464141845703 287.516082763672 287.305480957031 287.589721679688 288.144470214844 288.416778564453 288.334320068359 287.995666503906 287.860473632812 287.820983886719 288.582824707031 288.977386474609 289.899810791016 290.535186767578 290.531158447266 289.919281005859 290.562683105469 290.826446533203 291.633422851562 291.292755126953 290.621063232422 290.395935058594 290.340362548828 290.570251464844 290.631469726562 290.677612304688 291.405578613281 292.277038574219 292.507843017578 292.483062744141 292.60693359375
