rcp4.5models/GFDL_CM3/sc1gr5.7
NCOLS 261 
NROWS 433 
XLLCORNER 336357.134 
YLLCORNER 654653.479 
CELLSIZE 1000 
NODATA_value -9999 
[rows 396 to 417 of 433, columns 100 to 149 of 261]
274.91184616046 269.975226471014 268.597713566804 270.417183960974 272.873801457014 272.337106671345 272.862909275529 274.779841717901 274.866222047022 272.867127835683 269.994311960134 266.202740727277 261.617436992628 262.585644963645 261.843517618667 262.369414499069 266.110668285605 269.070789912574 268.710366291307 267.872390245462 267.287830076672 264.922402400506 256.996231313439 245.842155155268 263.550841931098 272.232735349192 273.196771548649 273.757415109326 274.141373980909 274.505303110984 274.341734992441 274.053975544726 273.993190655493 274.086529736784 273.550049966888 273.518119479463 273.561689128093 273.748916427142 273.143122823286 272.728411410601 273.532005246115 274.245037328993 274.755162736048 275.196864019145 275.348191487066 275.391594923994 275.920915232078 276.674556624786 277.71406286481 278.233789713592
276.032237897746 273.533729461601 270.78008212514 270.13635435856 271.418122914823 271.168189097077 272.150264303133 274.814398734864 274.644211622882 272.072067852677 269.316451583223 267.41722618552 262.821941753824 261.505448944148 263.550468406142 266.585748096006 269.517139435453 270.414861827041 267.749421730846 266.713331797367 267.009267494362 262.011021959226 251.723745027992 248.586267603641 269.592064670219 272.757287706297 272.900551800516 273.373322484597 273.838407278304 274.60798596644 274.966634737067 274.252453260919 273.712991210792 274.036711852462 273.707633294854 273.377391544724 273.416961358194 273.678489857116 274.105955998828 273.914791333514 273.815064911413 273.948488983995 274.527703615021 275.141769343368 274.6485781415 274.496838985081 275.478414309936 276.118181237905 277.249597843409 277.911671595805
276.59977158345 275.511473552289 271.406274315602 269.94846010121 270.930175545946 273.101033152414 275.390781508901 276.335180888342 275.000587370293 271.314316267079 268.537231107018 268.217025414707 265.783900624856 266.931280320592 269.660612482622 270.647658974284 271.081197819342 270.558748861182 267.255380168364 266.321058191901 265.86710043144 259.534341228334 252.351666834896 256.653892965027 273.457295688362 272.620193021077 272.686932041649 273.087163466064 273.03568990976 273.880037241462 274.746016961674 273.972547845983 273.529001013698 274.53614333976 274.114854222453 273.245911870086 273.160582752123 273.28769494478 274.207456636215 274.608300350086 274.383433341515 274.150927452265 274.67932420493 275.110106800514 274.747600603538 274.923377700814 276.406866436101 276.874004248903 277.521714820279 278.086469691041
273.249302454061 275.715630609814 273.129318576557 271.296238257904 271.788508860487 275.388441508299 277.461099636712 277.331154484845 276.77005851486 273.028273092484 269.137048642032 268.411522700668 270.272978028874 271.233380501835 271.768239526193 272.10240541244 271.828770936636 268.536096580802 265.095221689403 265.487719129668 263.437340051234 258.450857516208 258.565133827784 266.568752944495 273.763272420059 272.197966351912 272.336250802235 272.498894772607 271.492055364844 272.468007497613 274.538203512792 -9999 274.568883475757 275.161353432982 275.197547486517 274.12765353748 273.751372672249 273.563982868579 274.018348224589 274.680769434044 274.791775177928 274.677346249326 274.31367718133 273.965354809671 275.802444392639 276.525829194139 277.284336198445 277.713287541803 278.075715066859 278.427369887307
268.809266279438 276.077491013842 275.934244647303 274.545236429372 273.855063177601 276.458749136501 277.574333551198 276.003003965377 276.431211177454 275.50536041112 271.562829706077 270.092397141521 273.029054479536 273.424664948731 274.130199622597 273.694969559197 269.660795275994 264.328164799706 263.10236548074 262.326284328727 256.060036377453 253.070553351902 261.469047858996 271.643969428356 274.56411410351 273.858914009105 273.285935271181 271.960994780469 270.512633894962 272.026545875488 274.774245511359 275.621350861928 -9999 275.839485417695 275.839691543351 274.373299379044 274.004579334928 274.142547349606 274.034945299079 274.600042098447 275.154309417904 275.611112163922 274.034715854782 272.991726255631 276.376782736232 277.140073950805 277.713305787208 277.821328610783 278.174703677261 278.557404371348
266.756835917917 274.667292600243 276.582618553923 276.493254115068 276.338958625212 277.759708999679 278.421244470636 275.973349453421 274.923099121619 275.907692734418 273.89807505546 271.038658130127 272.95372425497 272.9252303453 271.521467378725 268.493348110501 264.574196544401 263.074930690026 263.76067574379 259.864036767974 251.547775300814 252.333125489652 265.115497004348 273.610663733291 274.215035042616 274.40278318426 274.61621468165 273.209408497634 272.29984727428 274.054837684987 275.012677876921 274.957005842827 275.585971144861 276.223364744282 276.456080794109 274.874046446498 274.714368637432 275.042495207187 274.756836034132 275.16955250163 275.848623108109 276.473652113431 275.531301803589 274.982582532197 276.720480355129 277.167618130879 278.002606921239 278.092894670052 278.407602084467 278.767408746267
266.73853701759 273.538754869171 276.738539730257 277.16738994729 277.760070038507 277.938938603708 277.202021860635 276.66520940418 276.408863486261 275.90605144473 274.671477277482 272.523853804116 269.221677642144 267.098548484985 266.835274259041 265.185609633145 263.69417520442 264.577845330877 264.372348749553 260.113218400631 256.046617886266 260.348552652264 270.397413115118 275.03633030814 273.592443489135 273.69690864052 274.42011960746 274.80888529117 275.001706538236 275.911323424258 275.340365515937 274.793473515644 275.133866009026 275.822963394202 276.486213956545 276.191688888193 276.052177634531 276.171017369025 275.894536482427 276.22322094598 276.653227755924 276.845837185662 276.858287132275 276.819264476877 276.828588675875 277.255966079404 277.906105861607 278.289485700293 278.470365699685 278.902136750606
268.442422071688 274.829919284965 277.325071713493 278.043226296413 278.38764102358 277.574974009765 274.84791569892 273.623525124808 275.371137942181 274.325166423274 271.66121548223 269.751516463878 264.416211562776 264.535158311806 266.766386715133 267.654192782267 266.36046220559 264.572977585609 263.059528949549 261.594731354077 262.67962666305 268.470615175082 274.141286324129 274.43206841315 273.381652590089 273.434544063307 274.253062892276 275.191076420242 275.873383193383 276.20327627287 275.87895032284 275.397736977807 275.278535339025 275.388313961677 276.020245417275 276.979397891455 276.806609335423 277.029914655933 277.169052363165 277.299249635807 277.475290365987 277.515966343586 277.559957735148 277.601105387015 277.620880275813 277.77996055044 277.841069009501 278.286976124395 278.653846867356 278.987086814011
270.372975825807 273.654760058517 276.364811387527 278.092049622023 278.72186892608 278.391026516923 275.078354930509 270.584327019786 269.582420463182 269.993492716838 268.661561944656 266.108418987536 262.848954491058 264.576300906644 264.801906574141 264.473595684735 266.63737056936 266.401500417038 263.807414511295 264.390479899223 266.993357532752 271.186172258059 274.972460151487 274.143807584565 272.37447974871 271.762529407583 273.461277611161 275.197782574692 275.782481105664 276.293400312252 276.622840476586 276.472066554806 276.391137738721 276.238706443985 276.630121054565 277.579716328679 277.610645148773 277.754717654895 277.680980124379 277.701589637506 278.071410782208 278.013232238643 277.979495124955 278.448698732172 278.707631995687 278.485871769912 278.298218501645 278.538755775237 278.979040980267 279.313180564966
273.903488336899 273.428859140314 276.556056499066 278.279020552792 278.786524328924 279.055059947765 276.959357206103 272.842521589742 270.099630988715 268.358741886425 265.446959071589 263.042336486665 261.645606405518 261.640106758542 261.366627197521 261.146265709487 265.041182321459 269.317188974392 268.354319638516 268.777303904087 271.860948046758 273.848241550782 274.925567995518 274.220489187267 272.102343044998 270.870902695582 272.656436821241 275.145317449296 275.847768557836 276.573995335754 276.906650439918 277.099674671049 277.231756362531 277.02864591507 277.126860295821 277.90561360067 278.128869100264 278.198368707866 277.845716231978 277.865353281239 278.47627850919 278.201105501833 278.097940159737 278.660052880872 279.03443540857 278.946837506824 278.712485103128 278.7052333091 278.923471445887 279.256758885452
276.407038280432 273.568975415683 274.295125949065 275.035459995048 276.81099939552 278.264086164524 278.603888973574 278.098745840115 276.640972365098 274.911111253012 274.397538414026 274.431626138883 273.379430684874 272.592975610122 272.415569180054 273.209582630163 274.53361857495 277.014252468682 277.907842197462 277.694471560454 277.500289667265 276.721026231958 276.007246068143 275.126606479099 273.252389920674 271.837270799719 273.053033535173 275.32843692981 276.398490495548 277.129051620863 276.592843022098 276.308779889661 276.9443634164 277.439028088346 277.711578810253 277.861253127209 278.478682307726 278.710387469144 278.428028946758 278.574929624601 278.84674789205 279.090297353041 279.267515919062 279.293163562778 279.232408826998 279.085762580721 279.222931587251 278.89472420435 278.412987780149 278.43151085301
275.176015125924 272.983790598638 269.936832158807 271.343941279966 276.345175480522 278.334038643769 278.532622137817 278.404148340033 277.82432366712 276.885334383105 276.21920481561 275.390068046652 276.969342445276 277.638457237211 277.136390199229 276.479332267311 277.16719687591 277.61803816929 277.415001117056 277.897545797718 278.072095690616 276.751795802053 275.933027445946 275.421829722714 273.394990775936 273.102819463779 273.677071284289 274.623896549605 276.397508794648 277.545151637048 276.421538431617 275.62671318812 276.36679607488 277.004779664939 277.049906009083 277.553249120524 278.092893398725 278.402591492137 278.361227831724 278.270876768969 278.276330258985 278.682163438703 278.88171826568 278.876108022809 279.213023417602 279.417305847205 279.628569479822 279.393052645549 278.871468761129 278.870382846873
276.4008263666 275.073615552079 272.679028489498 274.069921087667 277.807325681345 278.848987719395 279.050931881154 278.77520161495 278.013368612996 278.019484273519 277.82149873617 276.231243401156 277.619424535494 278.266436279531 278.225244528077 278.099656278943 277.811255983835 277.316693152237 276.85709271008 277.335244617837 277.858177460599 277.338537980804 276.751577470786 276.067174290653 274.793738097948 274.17709110663 274.183766921592 274.531531224281 276.155927537462 277.808529461414 277.628810379941 277.088818772182 276.942986480419 276.523009166134 276.049716565431 276.958735090852 277.389566768848 277.554611059293 277.77601699952 277.806532672324 277.746468730835 277.947392890869 278.158268373024 278.329235753255 278.949920393418 279.507377309342 279.793313760804 279.607287475488 279.362407492663 279.463515917252
277.630773114538 277.465514757232 277.140512659239 277.460013931525 278.374279824266 278.739578402671 279.241772952163 279.101974314183 278.505022919472 278.397789548218 278.492190010699 277.649829752909 277.508769001314 278.245475151747 278.203521415029 278.289729907837 277.998466103303 277.248684404952 277.158989758706 276.97148326225 276.778069778899 277.450366937436 276.28248617389 274.832492311226 275.187254296315 274.448482973551 274.363977191449 275.397030324009 277.038300584083 278.036624802767 278.269296156517 277.67149217817 277.563012367979 277.257202676431 276.460572384049 277.302196995461 277.512429698816 277.283348165794 277.536541310864 278.021031470777 278.224670450591 278.028044737261 277.942877867628 278.578064896908 279.056051990672 279.28654899474 279.759027549829 279.302962451279 279.518867143773 279.84693182705
278.496285788298 277.68561806752 278.190486492594 278.570113628335 278.972295268077 279.127515767453 279.381799745735 279.239232476338 278.448166786038 277.494676830404 277.25990586075 277.569416736128 277.579241731947 277.882687777357 278.01625536841 278.642433050565 278.102350386142 277.559387859376 277.730498865644 275.559051980924 273.663167482215 275.092170614013 274.885654769352 273.358910955104 274.421309359124 274.872861751272 275.813191330691 277.086099560072 278.375485453056 278.751220009425 278.352333122898 277.428012849762 277.655531330476 277.377060967992 275.891008126535 276.768991259243 277.403637122002 277.650043506952 277.905258805867 278.065538371488 278.312173803399 278.41948920418 278.152478818811 278.602950786832 279.103408953565 279.395272147543 279.634471085987 279.288229689218 279.775678860719 280.082149529408
278.299693529166 276.504779611816 278.1272260233 279.0472606874 279.220365183663 279.416649389313 279.443395861715 278.949205041246 277.804653436001 276.430543602264 276.319696934255 277.268006262495 277.877750252906 277.872416074394 278.128334935805 278.362243275224 278.118130273449 278.118363976709 277.333638341617 272.823523219583 269.716034527068 272.143259404887 274.074160542352 273.623304480346 275.481177855251 276.165897349068 276.475178178214 276.994381438088 278.026253539176 278.815922253757 278.739530842189 278.088034012857 277.72002788747 277.294117644463 276.315340984215 276.570609989436 277.175764744804 277.861235158465 278.49799832866 278.439101062673 278.569555688085 278.860045144574 278.357818944316 278.366389572086 278.861388669371 279.634632523823 279.807972338642 279.710560422879 279.788532339822 279.961011320331
275.857263018894 274.148660939061 276.726846339335 278.343643295992 278.558057483815 279.207161480277 279.456421721012 279.031461838307 278.187872798813 277.245488135265 276.922458819553 277.024266009398 277.562499018076 277.715601989971 278.22782265435 277.713301939444 277.336406068908 277.302711387386 275.065379348262 272.174045276733 270.531640778548 271.757682267731 273.4310437437 274.119472490105 276.532953852668 275.991291819799 274.801925249785 274.513074362886 276.078038286592 277.242131712289 277.710350719722 278.403389250924 277.953440457849 277.670562146049 277.740842097205 277.233650053661 277.479154468161 277.839376034306 278.575845256913 278.782198506493 278.967727476695 279.272153386215 278.962245414836 278.820370538049 278.701907936168 279.291443321127 280.006198223539 280.061369049558 279.998394276161 280.092328921792
274.175763937344 271.563332224031 273.751793306229 276.14534701665 277.629377244029 279.025870454149 279.315235334513 279.274061826286 278.738221240077 277.903713394968 277.592963649341 277.380698430442 277.53551234233 277.504629806591 278.16692515562 277.866923624277 277.416519326579 276.916038161817 274.644052463151 273.897019167714 273.489069313102 272.523683761981 273.1515186338 274.764648497506 276.982559585864 274.725134312029 272.253862837578 272.237768416559 273.382588905724 274.207163471072 275.481613884381 277.896903466717 278.477090351244 277.880681331074 277.850468065938 277.622242059945 277.6439756877 277.558976675377 278.038863685319 278.498421562726 278.777915710998 279.166741035649 279.36552568861 279.135615445608 278.856133396003 279.067665404678 279.570450389922 279.673811260335 279.926024512693 280.236428653851
274.322805274072 270.090625605176 270.559660849725 273.650462717554 277.201078846193 278.907488580425 279.17854456641 278.706543335284 278.051108176499 277.920070505496 278.132115052141 277.753191433566 277.769219459978 278.241369539376 278.55751579296 278.558203056264 278.428730803475 277.01319831842 275.678280764613 275.019735413783 274.103460143356 273.114462978836 273.31482069166 275.056801927569 278.06503502411 276.189358895817 273.9794946107 273.315598572277 272.99930453898 273.778343339066 275.300400262228 277.555389304586 278.549416084602 278.080787279704 277.866058874705 278.335473786213 278.070363078708 277.902520672009 278.182231454432 278.642098487248 278.69985607889 278.645677567611 279.245027030344 279.504762561367 279.329571745922 279.074024150484 279.124097573787 279.175939587187 279.650967420785 280.326562219474
273.761412826246 269.502101533304 269.016325000034 273.610961515276 277.949059823074 278.93165036076 279.163231426838 278.712484502137 278.294344804073 278.758066012225 278.296279204832 277.100850340837 277.935702404264 278.620625072468 278.827404550863 279.034720735971 278.570025475056 277.328663296 276.576640512053 276.083017222177 275.169696893273 274.416076644135 275.158096100187 276.680214241078 278.081432873499 277.883097598676 277.629214930263 276.730493743413 276.127659316566 276.654644143996 277.137876280661 277.97137104826 278.449220327115 278.333028879211 278.132791320064 278.886656467134 278.839063777766 278.916437273126 279.018565523377 279.233560969296 279.2547695527 278.867657057744 279.188751095686 279.776570802565 279.840066857515 279.606959149269 279.176013391109 279.239795873519 279.882263837583 280.53794717335
273.288605696471 268.923513328519 268.381622711601 273.905256275459 278.305708644875 278.664699069292 278.947937961847 279.209538162325 279.211750712416 279.289285921874 278.678618501518 277.9638645669 278.330111797953 278.594087408179 278.811883586018 279.005605718635 278.675648579769 278.427444747439 277.596540615871 277.168308480307 276.690915633548 275.233699427991 275.512285067506 276.392369471455 276.248226572946 277.385691797875 278.496394166236 278.541494469572 278.38458791507 278.529797968201 278.56212635337 278.547617320756 278.674138471875 278.998313530863 278.931009370352 279.490671592804 279.617130031046 279.702252653197 279.737893819102 279.497043138876 279.550906579539 279.416116198554 279.292411799719 279.569633525772 280.055158911799 280.208033711301 279.594845992253 279.813307422428 280.184711261852 280.57334855931
275.503446689045 271.853453234109 271.286133362144 274.393507051954 277.901032315668 278.843358890962 279.061854818694 279.140946038416 279.151441347434 279.308821081206 279.343756265745 279.161247351699 278.548396444887 278.786330688137 278.868932011898 278.819571338386 278.651460483537 278.230045737547 277.110102773296 276.642986834386 277.226181180377 276.271467885653 275.221508322321 274.888504322515 275.171780371887 276.200289037767 277.190642182019 277.429608594677 277.721738714056 278.175512715471 278.628549345678 279.061280972098 279.003263422761 279.180697511982 279.311048792111 279.434393702979 279.509636564422 280.111177192 280.332683132467 279.835760907405 279.793903343961 279.86572529169 279.484868947664 279.557414248216 280.096835273823 280.516345415619 280.053636918274 280.170879942895 280.151532045803 280.361312719314
