rcp4.5models/GFDL_CM3/sc1gr0.4
NCOLS 261 
NROWS 433 
XLLCORNER 336357.134 
YLLCORNER 654653.479 
CELLSIZE 1000 
NODATA_value -9999 
[rows 286 to 307 of 433, columns 100 to 149 of 261]
92.7962875173404 92.8216332185549 92.8061410099413 93.0476888151821 93.2420569522084 93.2475647256611 93.1706471063351 93.3994154348633 93.853218718916 94.3933791293663 94.9776994864532 95.2168448144128 95.09427336531 95.1501857533897 94.9770415793721 95.0447187745444 95.1947394030564 95.0717925696262 95.0245367204535 95.489889061371 96.3276587858778 96.8675084209392 97.085377925017 97.2557978328767 96.7624770457536 96.5430306701371 96.4993835850168 96.456237359787 96.290757858224 96.1109964631128 96.3853832462736 96.548142590242 96.7397791342081 96.4983270482618 96.0390401301717 -9999 -9999 96.563752781095 96.5004677312613 -9999 -9999 96.7903143455111 97.4557446908566 98.330911637095 98.7230684897181 98.7018524767463 98.3500428491142 97.0261997856873 95.7269134521421 96.6665495380736
92.9893696977769 92.8855466311759 92.8698746280257 93.022478707571 93.1268401194756 93.1362610348001 93.264476577818 93.3214456820285 93.3623812896387 93.8261760846016 94.6464770965454 95.1463919150743 95.1808565734738 95.2945300793096 95.1598990633346 95.2345406806554 95.3270119509731 95.3047338199144 95.1357872690074 95.5184769090938 96.4765975561113 97.0645776368051 97.1121719462603 97.1642104680191 97.2531454279223 97.2028566837954 97.236787347777 97.1280655032265 96.6406338238794 96.4804592592187 96.5662272548296 96.3902143955472 96.3060326207776 96.1754720804266 96.1383689138262 96.1225949513758 96.2998988850515 -9999 97.1260203873756 96.481140550397 96.2979830251107 97.1740340907663 97.7135306963401 98.4308417450433 98.5389058035445 98.5103944546463 98.3316376597498 97.0774653420502 95.7844049967209 96.6574425670873
93.1639855436551 92.7734380379436 92.7916122862838 92.9173888239846 92.9731145990645 93.0880346100666 93.3380648422676 93.3346732971758 93.3027033270689 93.6295124652773 94.1348652259919 94.7324250654608 95.1629726970636 95.2854887513421 95.4970560781683 95.3203748983866 95.2940472011612 95.4753326760716 95.2815932316268 95.2790233978134 95.9866709528766 96.9850559796379 97.0210953284435 97.0424229975004 97.4425685459729 97.461315843689 97.4766342517495 97.4603741183187 97.1995626385146 96.9218769872247 96.6016786741792 96.3817473672714 96.1794608180249 96.3008121013078 96.4829217468334 96.8322726626875 96.9200347536303 96.7016990640802 97.4073343080146 97.6132630747844 96.5962990183416 96.4324242733447 97.4348841191382 98.1273015646892 97.5877709111984 98.1239062224115 97.6781795512761 96.0249016037824 95.4141255429046 96.9237153711297
93.0285689640439 92.7018648084014 92.6684447617759 92.7349677334446 92.8514452140459 92.9586200851685 93.1714875440025 93.5418973198834 93.8779490066552 94.0051268277889 94.3308890856476 94.6879004942677 95.176848305691 95.4181726425714 95.5240375994287 95.2566023244289 95.2552443215769 95.4004340537602 95.4142946459336 95.2664324668119 95.5799416875445 96.6844626009964 97.0884638555398 97.1097815389183 97.3521674211067 97.4655273070004 97.5252956985999 97.5961719180234 97.6452937576639 97.4550055200153 97.1810241920915 97.0163841324152 96.6666806882286 96.5398962555138 96.7926093602701 97.1264957639362 97.0749207596824 96.751589521941 97.1015103384219 97.9616362784982 -9999 96.3115713447527 96.7054582308961 97.4996945457312 96.656190960262 97.1938709627325 97.1454194331717 94.9960150326154 95.345681883744 96.5694627667789
92.8256759829741 92.988516299545 92.9593277874673 92.7717065609763 92.9369072040193 93.0408308980561 93.0673123000886 93.3885412927246 93.9396963474695 94.3944150731866 94.5963793863778 95.0871938693802 95.1864154679988 95.4043190783212 95.4333516331583 95.4590832498687 95.3282003390513 95.2725404242334 95.3081064862691 95.3227521254757 95.5428973429464 95.9645694064952 96.4823553969067 96.9007070325397 97.4159729765097 97.5272415041065 97.5531068072094 97.6480282582398 97.6251812860238 97.4381768949787 97.5865904532604 97.8650067218832 98.0235241061609 97.8848273784735 97.3831566241124 97.6749246019288 97.9183022063162 97.9081269232653 97.7411345421639 97.9762331258882 98.067611026804 96.7385771156685 -9999 96.5529185447527 95.9039110259992 95.6504472844176 95.9263431234178 95.3239435183303 96.1644487622705 -9999
93.0714093692221 93.0794672437106 92.9176302976983 92.8346893977503 92.9375876327384 93.095969831227 93.0910897309365 93.217783227424 93.4996112588496 94.2287996660083 94.8243088788058 95.0556908630525 95.3269293141832 95.4561582938356 95.5063198121261 95.5407545228766 95.4023459917564 95.3237764125823 95.3944861128118 95.3438524374834 95.6497206978095 96.1044735281256 96.4115332461418 96.7425624287636 97.5050653412973 97.4930385677564 97.4611877565169 97.6169968984706 97.7488093392412 97.4504548507339 97.2357883551589 97.3436356475372 97.8125716789666 98.1722530336655 98.0156509251017 97.752686680788 97.9929005979951 98.064103099987 97.9603239863725 98.1042877187833 98.0918983801876 96.6431253680726 95.0052975123518 94.8672026404852 94.3511171918607 94.3532454744313 95.4753707861988 94.5043254028789 94.648038450945 94.6419093237065
93.5164215862822 93.5594600358536 93.1812434272782 92.9443084015284 93.0868317507925 93.1431355342667 93.1097153998059 93.1274023318611 93.2702492210199 94.0803418139858 94.8928984409381 94.9044964757948 95.6292402547764 95.6593643692201 95.4644103091879 95.5042998639232 95.4389379618723 95.5289576431007 95.6275279010669 95.45484884314 95.6246222615493 96.2065532377264 96.5351395318279 96.6225060045165 97.279783320362 97.4843999774201 97.6168488803553 97.730652764283 97.7869725928066 97.6160174245246 97.26526872533 97.1658091682502 97.5992432216274 98.1174826051833 -9999 97.8473673912381 97.7526746454635 97.8454029671633 98.2684676013695 98.4583073367064 98.582734176629 97.809720949846 96.2619265338982 94.953078149083 -9999 -9999 -9999 -9999 -9999 -9999
93.4924923760157 93.326926643833 92.9734628977437 92.903307000306 93.0452182622092 93.1383394733056 93.2434574122203 93.3680171360333 93.3025992332078 93.642885478433 94.2880555523302 94.4282792066363 95.8498062704393 95.8721484796848 95.5889320281632 95.6564438696898 95.3623424917766 95.4074593254323 95.5310093464474 95.5322632731996 95.7782909499387 96.4205437847835 96.7309167951922 96.7085488974648 97.0758027955588 97.4950471266683 97.6583887546989 97.6048469010294 97.5586851057965 97.802262915323 97.6595926435942 97.6435430882303 97.8004973290498 98.1110260110788 98.2959372081983 97.8619739336212 97.8156637539621 98.0162300244085 98.5025791121761 98.7443168234433 98.8475242082503 98.6591332144438 98.0701011729138 97.4923138468041 96.2766899311695 94.9658619130591 -9999 -9999 -9999 93.9098132307329
92.7839211891415 92.8629196220851 92.7588250632901 92.8172412949027 92.9040426158655 93.0327302590584 93.2118306515744 93.3815282892137 93.3737421094664 93.4435505621475 93.6575626879464 93.9229253350445 95.5851053551073 95.792966620669 95.4209455516229 95.4909846044542 95.1474311287188 95.2509769640229 95.5080014758961 95.7862186090078 96.1867228797664 96.6691822789692 96.9945344347849 96.9605509846651 97.0578235708988 97.4434240334408 97.5811739790392 97.5202728086983 97.4117364737435 97.623298086079 97.8855145294778 97.9957807505733 98.0862868463904 98.255926822275 98.3072819352351 97.925988339231 98.2030077567303 98.3193410112625 98.5434295021064 98.8531876896764 98.61612031272 98.1181220183876 98.23576522408 98.8155008904901 98.4296373046214 96.4662873304162 96.1932829387937 -9999 96.1240748729097 94.1109417048474
92.8844795143917 93.0434738394939 93.0897850038647 92.9167159688051 92.9155898897337 93.0618616338541 93.1949848916258 93.2466029648732 93.4308867091796 93.5547672577633 93.4303074886183 93.759636351788 95.2744290962998 95.6793016570342 95.1214868955024 95.1717635820662 95.1625945937642 95.3243185748304 95.8090301505527 96.2407991571263 96.5839413858486 96.9314764702236 97.0949093766543 97.1364531778515 97.2238946430463 97.4148439859035 97.6085011792022 97.6054454838522 97.2532960943867 97.0814754444432 97.5386678498255 97.9917542121232 98.1924314418754 98.2643729095956 98.2139279849954 98.1886507783328 98.5315393229945 98.542076636892 98.6066820750483 98.8117397754968 98.3572774099688 97.3848961865222 97.5919400460833 98.5491108009718 98.569075937333 96.6177865260047 96.39719756846 98.2629512615712 96.772822585571 94.8123194645596
93.6272908104099 93.7841343483502 93.5338603675048 93.0368324799638 92.8780714287083 93.0539037578874 93.1843561825965 93.3129902805507 93.7043920282344 94.0089581633115 93.9590431138434 94.2440527228862 95.5548504653262 95.720882784958 95.1629310771631 95.0864298991301 95.200803008271 95.4761761387895 96.1535279709703 96.6505155378398 96.8520542103476 97.055736613334 97.1160782169635 97.2359188164145 97.4193448462748 97.5238175549684 97.6169862237898 97.5957906105162 97.0744454445805 96.7525903508147 97.0433143796044 97.8479684642131 98.2132517243699 98.2190732982237 98.0475208928913 98.4461704203257 98.6209509377389 98.5495911706444 98.6539533085791 98.7849329309823 98.3885040384669 97.6232703863342 97.6529526831882 98.5694339012894 98.475362433109 96.519360035351 96.219460845647 97.4602770896315 96.5098669191889 95.4452969761755
94.0566766251456 94.2888102791604 93.6750525122942 92.8600656188697 92.7480819034727 92.9137541312968 93.0673877244945 93.1737620038982 93.5967013216903 94.470099639108 94.8877532489758 94.9247949053411 95.7612724552857 95.6503513842679 95.2789988974254 95.1118670625804 95.1760590677397 95.6376456878116 96.3879032012283 96.8855471481628 96.9223980703775 96.8512443318194 96.9983531926609 97.2778316872187 97.3314070152816 97.5103372845334 97.6484409925191 97.6076586627677 97.1146317753065 96.6141631846553 96.5843412213909 97.2485477546977 98.1012644990503 98.2250385082594 98.2026733111679 98.5592542457655 98.5217188455442 98.3805784433309 98.3595212608214 98.5713559205206 98.437819372699 97.969986537655 98.0027294550637 98.7772996131954 98.4141717208607 96.4091447732605 96.3973386031956 96.8091314786086 97.2516419626056 97.0631961566847
93.9713181227745 94.1447152459959 93.5900835135683 92.9565600871144 92.754070175601 92.854402036694 93.1532253497434 93.5454475551881 94.0420189855503 94.7065949862597 95.4513062907281 95.4179675035796 95.9415085410282 95.8845704331478 95.6176383564783 95.286201434905 95.3260234858996 95.659932607263 96.2703499967275 96.5543833908026 96.8102848846785 96.8512365543634 96.998884389384 97.2767378241997 97.2863378703257 97.427410287412 97.547504974253 97.4904973365695 97.1343455476218 96.4805982904795 96.2411538676786 96.7756189571748 97.716955706702 98.1407450585238 98.3613592899035 98.5979958010052 98.5464148284428 98.4886901095103 98.3936044003948 98.5150738475386 98.7338660537505 98.5903406815419 98.6878243861791 98.8406196804824 97.9208483930793 96.1286140905578 97.4197573532513 97.0309798221239 98.0358888868138 97.4481564701548
93.938345295254 94.2276226735755 94.1446298619059 93.9162717005309 93.3904058247886 93.2070597056295 93.7899943310487 94.7495443163607 95.0141018445069 95.1159543608549 95.5698490702719 95.5694111813519 96.1002315851201 96.0341801638429 95.709592422852 95.4365902754794 95.5443185792517 95.6998122077749 96.1766778567335 96.461166724237 96.7622198381872 96.9064125900602 96.9397268474171 97.0799731530966 97.2823238283491 97.3924882535974 97.3692284000165 97.2110925302329 96.899860203981 96.2727497076862 96.0528249078838 96.7430373757019 97.3459402255843 97.632059162153 97.8685739507104 98.3415839205449 98.4559446571677 98.4410524857777 98.3404737373414 98.6443994513937 98.9494902218756 98.983882710902 98.8131884310992 98.1660225224382 96.9999322686927 96.8258647964897 98.4124770654075 97.9498561243691 97.9859733117683 96.9874778174026
94.1714506474404 94.5752922516836 94.6466717728113 94.6822672280556 94.4514066267558 94.1325551941039 94.2464057124883 95.0977607396358 95.4880419625579 95.3708759738359 95.4320063606541 95.662787245327 96.0409263471189 95.9558370058476 95.6240576532779 95.512576306824 95.7662281674164 95.8581727950478 95.987376805938 96.5159941698226 96.8231895961865 96.8023015634118 96.7488806938005 96.8820060565588 97.1794591055992 97.389178975303 97.3973498430625 97.0030877147914 96.5061346842898 96.0404188099987 95.9089328190376 96.610212049392 96.9077122421559 96.7361365683503 97.0207841588977 97.8741618686059 98.0643220345455 98.0810684217705 98.0253790320108 98.2995905876599 98.7448302455577 98.8155865387874 98.3068451125771 97.9133484728627 97.8668196796615 98.3363504976743 98.9951411593324 99.0495973929202 98.16022492388 97.056366002155
94.4037153066822 94.5527623918545 94.6107465165008 94.7203342036581 94.8496705862388 95.02140023193 95.1088299797268 95.1184385744822 95.3046688685228 95.4646868719032 95.5403269800074 95.745540703654 95.7969909152645 95.9828413852915 95.6291983876547 95.3816198534909 95.8573583447211 96.3893602298393 96.5256442253036 96.6346272118391 96.781103516856 96.7954678854672 96.9432250313801 97.1415215527223 96.731112036271 96.6354335722426 96.7616964918089 96.7686654550912 96.543994241549 96.1332398918816 95.6541888623065 95.5281376481084 95.3377858128978 95.2276448357352 95.7197513562255 96.7812404238992 97.1844193667 97.1099048914645 97.0352137954782 97.3295315213979 98.1110329695686 98.8712613203245 98.8523559295295 99.1859309108037 99.017662937295 98.5501049596857 98.201178990988 99.1871798879872 99.5764397206217 99.0878954042126
94.2200854131159 94.5578993733118 94.601066992041 94.7952404385738 94.926989244735 94.9695654128762 95.0454751227217 95.155999898049 95.2337700914903 95.3008531693879 95.4379931196543 95.6719225028316 95.8738394431241 95.8674509631152 95.422740720905 95.5537464001343 95.967418850664 96.4658707511697 96.5479695641347 96.610108663321 96.7625504452322 96.7038735008387 96.6957844043518 96.9013387319642 96.8558394835258 96.726302413747 96.5668180561657 96.1911814557828 96.0385347200268 96.0572424312663 95.6231930833148 95.1079300427032 94.7180303927668 94.5676912202762 95.2233952981949 96.2931361509794 96.4388512881765 96.4793803572075 96.329107070954 96.5741908714288 97.6816843574076 98.823359389016 99.0127456968475 98.9036900332646 98.4307586352873 97.892790094945 97.728727565203 98.9858440754463 99.6347586838401 99.6966947897597
94.1673117778455 94.5088716383929 94.5629120670895 94.7403541850353 94.8902683745006 94.9516955064922 95.056351670809 95.1977593453273 95.319885185463 95.4100531856605 95.5802790287957 95.685047758997 95.8521509629008 95.8505307777166 95.5826866588333 95.7777807588475 96.0199737901401 96.3564996998951 96.4110963818523 96.3855875886337 96.4145015186279 96.3273628769396 96.0876721098071 96.2614781915555 96.9701635027409 96.9358035756435 96.742495574474 96.153168175382 95.8121413983798 95.8594819662932 95.5213177965957 95.0878704023208 94.5656007303385 94.3293065713968 94.9508826497831 95.8756803308924 95.8291961829307 95.8805368563965 96.1243179066932 96.6929315237425 97.9406118557598 98.9286813096386 98.9811498598946 98.3007515481782 97.6435030153697 97.2807194939382 97.7826092660703 98.6182046914814 99.2829890399454 99.515118256012
93.9300456666575 94.2058834799909 94.4881007934573 94.64562522613 94.7995566963292 94.9277837362655 94.9339886187479 95.0429561176701 95.2313698101618 95.4040063395486 95.5794056870795 95.7076801046255 95.5659889563648 95.4996006440863 95.5680180913731 95.7587228691175 95.9571360872293 96.2811268146052 96.2942009790738 96.1647234499518 96.0095672475806 95.9420880755231 95.8108384512117 96.0301444832562 97.1206916443618 97.1462177884266 97.1243876870164 96.670983529697 96.056247944421 95.6046211061727 95.5060494026867 95.3364647472935 94.9203135961672 94.5175770124716 94.5978641457537 95.2880179802477 95.3371791484849 95.5505136739433 96.4903217921632 97.7500082006053 98.7214579656358 98.9972368860302 98.6844248967147 97.7204625774204 96.8765044594287 96.4445420065184 97.0536536106007 97.4046401092557 98.1454944111275 98.629571253196
93.5484905484178 93.9951625862047 94.4765837259786 94.5519568749326 94.685606919092 94.8207048558742 94.6734966267913 94.7778987944784 94.9408207170421 95.0736794019822 95.4146720965303 95.5759064135586 95.3148438976648 95.3349338436055 95.5684344973349 95.8262551608951 95.9680481960832 96.1008564818861 96.2663892326048 96.3166749610785 96.3066237493091 96.3533609386009 96.3259034786862 96.4550909494035 97.2076194687721 97.1742932275856 97.4002900043052 97.2337313676485 96.7566301022396 96.098047507562 95.7713178391474 95.5178955203745 95.225760308889 94.8355659814528 94.3087140526248 95.0356328806864 95.5176161272714 95.9654386374615 96.9914609927765 98.212934776955 98.6295154395677 98.4876051948689 98.0554811290396 97.204954729723 96.5218545754191 95.9666582279782 96.0843920871589 96.359967894576 97.2941246599455 97.8072208895252
93.5445796235712 94.0091879123564 94.4585390103395 94.5720342586661 94.6523337375122 94.7020136152776 94.7072642334245 94.7734373641971 94.7343643065319 95.0340107491807 95.3959876592955 95.5349297793676 95.24108895289 95.396666935978 95.679450752031 96.028657156622 96.098832811891 96.0630316341766 96.1891208308645 96.3737147085502 96.5383129915275 96.6330191078741 96.7493007196372 96.8253799645634 97.0881786868946 -9999 97.2680004505873 97.5052187528272 97.4220217078891 97.0449407496521 96.3651034737546 95.7963654057779 95.4343732732657 95.0416061568552 94.4271622551713 94.9818839124654 96.1283624668378 96.734686682453 97.4035324433801 97.8150350371911 97.5429600713394 97.4881547449667 97.2054375616556 96.5884872429102 96.1050094088127 95.7915313384877 95.8084556300273 95.8166027030276 96.5040982065814 97.0326175137705
93.7295221068733 94.072256599679 94.2735314016935 94.5020532859388 94.6360449130786 94.6455578832905 94.6920767117658 94.8580715925974 94.9505777677598 95.2485895322613 95.3264063497385 95.3336833649261 95.1943828645533 95.3230061592027 95.5779460409712 95.9635319037538 96.0887117497744 96.1568282228867 96.1724853328519 -9999 -9999 -9999 -9999 -9999 -9999 97.0302079679081 -9999 -9999 97.5967890443859 97.548460696465 96.9514970133196 96.1527776590854 95.6150721755054 95.1275688703511 94.6308781910787 95.1828700049477 96.3816634684425 97.1193174258802 97.5600213894934 97.3244637526586 96.5222204505665 96.3592789409499 96.2992665323443 95.8800338315095 95.5403515984269 95.4882558790318 95.5867405591619 95.6873201555906 95.7108154410514 96.3162374536763
