rcp4.5models/GFDL_CM3/sc1gr8.14
NCOLS 261 
NROWS 433 
XLLCORNER 336357.134 
YLLCORNER 654653.479 
CELLSIZE 1000 
NODATA_value -3.4e+38 
[rows 396 to 417 of 433, columns 49 to 97 of 261]
-3.4e+38 -3.4e+38 -3.4e+38 -3.4e+38 -3.4e+38 -3.4e+38 -3.4e+38 -3.4e+38 -3.4e+38 218.616744995117 221.79801940918 224.395660400391 228.140121459961 232.22819519043 236.789672851562 240.446472167969 243.779754638672 246.641189575195 253.786270141602 256.716796875 259.780242919922 263.639587402344 268.935729980469 272.879608154297 271.953521728516 273.695465087891 278.864715576172 281.786895751953 282.621307373047 287.008605957031 288.770538330078 289.618743896484 291.504852294922 293.487274169922 295.369354248047 298.573760986328 299.804901123047 298.911499023438 302.110473632812 304.180206298828 303.230285644531 314.030914306641 307.746917724609 308.983856201172 313.735473632812 309.935638427734 310.231964111328 312.457824707031 312.117218017578
-3.4e+38 -3.4e+38 -3.4e+38 -3.4e+38 -3.4e+38 -3.4e+38 -3.4e+38 -3.4e+38 -3.4e+38 216.329681396484 218.792785644531 221.773391723633 226.01904296875 229.280319213867 233.703796386719 237.301834106445 240.703018188477 243.736633300781 250.72282409668 253.464599609375 256.150543212891 258.737274169922 262.486236572266 267.000213623047 268.046661376953 270.287414550781 273.286804199219 274.923858642578 277.102600097656 282.918701171875 285.451843261719 286.234985351562 287.674194335938 289.524627685547 290.992828369141 293.215270996094 294.297973632812 294.808288574219 300.645385742188 302.075531005859 301.632873535156 310.352142333984 303.817199707031 306.154296875 312.228729248047 309.516906738281 307.608703613281 306.324554443359 304.792907714844
-3.4e+38 -3.4e+38 -3.4e+38 -3.4e+38 -3.4e+38 -3.4e+38 -3.4e+38 -3.4e+38 -3.4e+38 -3.4e+38 216.637573242188 219.306365966797 222.938781738281 225.807708740234 229.854766845703 233.879104614258 237.169631958008 240.754745483398 246.940505981445 249.642990112305 251.91438293457 254.530334472656 257.600555419922 261.599670410156 263.895660400391 265.904968261719 269.145812988281 272.573425292969 273.810546875 277.956665039062 281.690582275391 282.147491455078 283.126831054688 285.125610351562 286.471557617188 287.826232910156 289.314575195312 291.242523193359 294.360412597656 295.737274169922 297.384918212891 304.624298095703 304.789459228516 306.164947509766 308.260925292969 309.015838623047 307.224029541016 303.489562988281 301.912231445312
-3.4e+38 -3.4e+38 -3.4e+38 -3.4e+38 -3.4e+38 -3.4e+38 -3.4e+38 -3.4e+38 -3.4e+38 -3.4e+38 214.796188354492 216.817428588867 219.788330078125 222.731246948242 226.178283691406 230.262542724609 233.5908203125 237.052429199219 243.304702758789 245.883026123047 248.178573608398 250.837890625 254.057403564453 257.719818115234 259.567291259766 261.513824462891 264.634674072266 267.703125 268.759307861328 273.604095458984 276.236511230469 277.401580810547 279.274322509766 281.704895019531 282.896697998047 284.030029296875 286.513244628906 288.177764892578 289.369659423828 292.435150146484 293.283203125 300.400970458984 302.668548583984 301.604705810547 301.643615722656 304.477416992188 305.091339111328 300.340942382812 296.337860107422
-3.4e+38 -3.4e+38 -3.4e+38 -3.4e+38 -3.4e+38 -3.4e+38 -3.4e+38 -3.4e+38 -3.4e+38 -3.4e+38 -3.4e+38 214.355621337891 217.054473876953 219.792602539062 222.936447143555 226.724044799805 230.288238525391 233.605804443359 239.988357543945 242.510040283203 245.163955688477 247.478958129883 249.97526550293 253.36686706543 255.760528564453 258.402557373047 260.109771728516 261.912872314453 264.131164550781 268.962799072266 271.696319580078 273.666290283203 275.870635986328 278.521759033203 279.603942871094 281.391571044922 283.246826171875 284.434906005859 286.22119140625 288.911102294922 289.372100830078 295.320007324219 299.064086914062 298.6298828125 297.615692138672 297.008666992188 299.653442382812 298.924560546875 292.263305664062
-3.4e+38 -3.4e+38 -3.4e+38 -3.4e+38 -3.4e+38 -3.4e+38 -3.4e+38 -3.4e+38 -3.4e+38 -3.4e+38 -3.4e+38 211.31672668457 214.414978027344 217.531448364258 220.257705688477 223.308151245117 227.044235229492 230.682998657227 236.546875 239.10612487793 241.688674926758 244.135787963867 246.38069152832 249.543655395508 252.08447265625 255.130874633789 257.042297363281 258.299194335938 260.312530517578 264.891418457031 268.000274658203 269.955444335938 272.401275634766 275.473480224609 276.110565185547 278.164581298828 279.526092529297 280.45703125 282.644927978516 285.696411132812 287.172485351562 289.029205322266 293.829376220703 296.211578369141 295.386016845703 290.640075683594 287.650329589844 292.840606689453 292.826690673828
-3.4e+38 -3.4e+38 -3.4e+38 -3.4e+38 -3.4e+38 -3.4e+38 -3.4e+38 -3.4e+38 -3.4e+38 -3.4e+38 -3.4e+38 208.16796875 211.557983398438 215.040969848633 217.72248840332 220.544845581055 223.870666503906 227.287963867188 233.218460083008 235.845657348633 238.425827026367 240.699371337891 243.042373657227 245.796890258789 248.003463745117 250.337173461914 252.688568115234 254.309585571289 256.748229980469 260.870788574219 263.098022460938 265.333343505859 268.218902587891 270.997436523438 271.764556884766 273.483947753906 275.653686523438 278.118499755859 280.0185546875 282.469451904297 284.769744873047 288.258087158203 289.297698974609 291.024780273438 290.937225341797 289.044281005859 284.874420166016 287.458404541016 292.300262451172
-3.4e+38 -3.4e+38 -3.4e+38 -3.4e+38 -3.4e+38 -3.4e+38 -3.4e+38 -3.4e+38 -3.4e+38 -3.4e+38 -3.4e+38 -3.4e+38 208.775115966797 212.063430786133 214.968322753906 217.980010986328 220.948547363281 223.820281982422 229.910064697266 232.56169128418 235.192749023438 237.321746826172 239.647567749023 241.898910522461 244.318695068359 246.490036010742 248.350143432617 250.459335327148 253.039276123047 256.823272705078 259.274597167969 261.354736328125 263.552093505859 265.545379638672 267.346221923828 270.267669677734 273.404632568359 276.031951904297 278.073516845703 279.82373046875 282.234954833984 285.943511962891 285.514343261719 286.274993896484 288.284423828125 289.916229248047 288.81298828125 285.487091064453 288.773132324219
-3.4e+38 -3.4e+38 -3.4e+38 -3.4e+38 -3.4e+38 -3.4e+38 -3.4e+38 -3.4e+38 -3.4e+38 -3.4e+38 -3.4e+38 -3.4e+38 -3.4e+38 208.828399658203 211.855941772461 215.0068359375 217.954132080078 220.856079101562 226.342269897461 229.13427734375 231.705642700195 234.029739379883 236.24494934082 238.359664916992 240.709594726562 242.888870239258 244.492279052734 246.734725952148 248.875793457031 252.855819702148 255.186080932617 257.268676757812 259.1748046875 261.882843017578 264.765594482422 267.604034423828 269.791534423828 272.111572265625 275.318817138672 277.91845703125 280.194885253906 281.488403320312 282.6572265625 282.863891601562 284.829895019531 286.635192871094 287.423461914062 284.835388183594 284.426300048828
-3.4e+38 -3.4e+38 -3.4e+38 -3.4e+38 -3.4e+38 -3.4e+38 -3.4e+38 -3.4e+38 -3.4e+38 -3.4e+38 -3.4e+38 -3.4e+38 -3.4e+38 -3.4e+38 208.873550415039 211.790130615234 214.649917602539 217.568054199219 222.988418579102 225.745346069336 228.17756652832 230.469863891602 232.620620727539 234.760864257812 236.81071472168 238.69352722168 240.539840698242 242.540802001953 244.579818725586 248.85498046875 250.882415771484 253.128768920898 255.082077026367 258.059997558594 261.193481445312 263.1259765625 265.298400878906 267.904113769531 271.143341064453 274.008514404297 276.249938964844 278.966003417969 280.689147949219 280.768646240234 280.983062744141 282.682067871094 282.938232421875 284.076477050781 284.938690185547
-3.4e+38 -3.4e+38 -3.4e+38 -3.4e+38 -3.4e+38 -3.4e+38 -3.4e+38 -3.4e+38 -3.4e+38 -3.4e+38 -3.4e+38 -3.4e+38 -3.4e+38 -3.4e+38 203.933746337891 205.720291137695 208.366851806641 211.085266113281 216.377700805664 219.032836914062 221.372772216797 223.488128662109 225.392379760742 227.392837524414 229.289398193359 230.812072753906 232.547866821289 234.452133178711 236.289047241211 239.962173461914 242.00959777832 244.205520629883 246.629180908203 248.804290771484 251.252105712891 254.033782958984 257.242919921875 260.313842773438 263.226715087891 265.289001464844 267.606628417969 272.240173339844 274.363861083984 276.209686279297 275.854309082031 277.564331054688 278.903594970703 279.504638671875 279.13818359375
-3.4e+38 -3.4e+38 -3.4e+38 -3.4e+38 -3.4e+38 -3.4e+38 -3.4e+38 -3.4e+38 -3.4e+38 -3.4e+38 -3.4e+38 -3.4e+38 -3.4e+38 -3.4e+38 -3.4e+38 202.492889404297 205.228897094727 207.835708618164 213.144195556641 215.609466552734 217.760940551758 219.873886108398 221.885116577148 223.663619995117 225.281936645508 226.878311157227 228.652328491211 230.168655395508 231.083099365234 235.350280761719 237.22721862793 239.528915405273 241.997283935547 244.377365112305 246.864212036133 249.588043212891 252.779357910156 255.758346557617 256.342590332031 258.254058837891 262.481964111328 268.378662109375 270.796875 271.501220703125 270.869812011719 271.974151611328 274.543579101562 276.0078125 276.776702880859
-3.4e+38 -3.4e+38 -3.4e+38 -3.4e+38 -3.4e+38 -3.4e+38 -3.4e+38 -3.4e+38 -3.4e+38 -3.4e+38 -3.4e+38 -3.4e+38 -3.4e+38 -3.4e+38 -3.4e+38 199.90461730957 201.907257080078 204.519027709961 209.723571777344 212.066436767578 214.006927490234 216.070373535156 218.173873901367 219.653884887695 221.101913452148 222.966400146484 224.773590087891 225.143981933594 225.463882446289 229.729827880859 232.732955932617 235.053237915039 237.271514892578 239.599502563477 242.226043701172 245.083923339844 248.10139465332 251.247497558594 252.272277832031 254.962097167969 258.747589111328 264.769226074219 267.208190917969 265.201965332031 265.811279296875 269.066345214844 267.963287353516 269.906768798828 273.238525390625
-3.4e+38 -3.4e+38 -3.4e+38 -3.4e+38 -3.4e+38 -3.4e+38 -3.4e+38 -3.4e+38 -3.4e+38 -3.4e+38 -3.4e+38 -3.4e+38 -3.4e+38 -3.4e+38 -3.4e+38 197.135986328125 198.599411010742 200.97868347168 206.082000732422 208.248992919922 210.306533813477 212.489471435547 214.107040405273 215.466384887695 217.161849975586 218.984100341797 220.449142456055 220.464416503906 221.142532348633 224.34733581543 227.404922485352 230.442276000977 232.590698242188 234.987380981445 237.495407104492 240.371765136719 243.411468505859 246.592712402344 250.038223266602 253.005035400391 255.317016601562 260.70947265625 263.112426757812 263.015197753906 263.142150878906 266.834197998047 264.070404052734 255.171661376953 256.804138183594
-3.4e+38 -3.4e+38 -3.4e+38 -3.4e+38 -3.4e+38 -3.4e+38 -3.4e+38 -3.4e+38 -3.4e+38 -3.4e+38 -3.4e+38 -3.4e+38 -3.4e+38 -3.4e+38 -3.4e+38 -3.4e+38 195.909652709961 197.566207885742 202.577224731445 204.550918579102 206.427719116211 208.519927978516 210.297592163086 211.816116333008 213.495162963867 214.577926635742 215.33073425293 216.150970458984 216.413192749023 219.695114135742 221.665908813477 224.709701538086 227.347671508789 230.130126953125 232.619216918945 235.455764770508 238.662048339844 242.226226806641 245.277267456055 247.935211181641 250.275939941406 255.273895263672 257.907958984375 261.148712158203 262.243896484375 263.716613769531 263.683837890625 254.607406616211 249.544509887695
-3.4e+38 -3.4e+38 -3.4e+38 -3.4e+38 -3.4e+38 -3.4e+38 -3.4e+38 -3.4e+38 -3.4e+38 -3.4e+38 -3.4e+38 -3.4e+38 -3.4e+38 -3.4e+38 -3.4e+38 -3.4e+38 -3.4e+38 -3.4e+38 199.169998168945 200.832260131836 202.618576049805 204.46875 206.315872192383 207.938217163086 209.506393432617 210.527099609375 210.561660766602 211.925857543945 212.490768432617 214.781860351562 217.312881469727 219.29541015625 221.406845092773 224.126510620117 227.123626708984 230.363052368164 233.656616210938 237.535415649414 240.383438110352 242.849716186523 245.593185424805 250.000183105469 252.465377807617 256.114685058594 257.461151123047 259.523559570312 261.962768554688 261.827575683594 258.520446777344
-3.4e+38 -3.4e+38 -3.4e+38 -3.4e+38 -3.4e+38 -3.4e+38 -3.4e+38 -3.4e+38 -3.4e+38 -3.4e+38 -3.4e+38 -3.4e+38 -3.4e+38 -3.4e+38 -3.4e+38 -3.4e+38 -3.4e+38 -3.4e+38 195.842254638672 197.446624755859 198.306869506836 199.834289550781 201.774642944336 203.81901550293 205.326919555664 206.579483032227 207.131774902344 208.453170776367 208.934127807617 209.491348266602 211.631973266602 214.159286499023 216.797729492188 218.421279907227 221.016265869141 224.73161315918 228.666580200195 232.477172851562 235.458908081055 237.839492797852 241.316192626953 245.356887817383 247.487487792969 251.323272705078 252.486038208008 254.668182373047 257.924560546875 258.160064697266 258.544830322266
-3.4e+38 -3.4e+38 -3.4e+38 -3.4e+38 -3.4e+38 -3.4e+38 -3.4e+38 -3.4e+38 -3.4e+38 -3.4e+38 -3.4e+38 -3.4e+38 -3.4e+38 -3.4e+38 -3.4e+38 -3.4e+38 -3.4e+38 -3.4e+38 -3.4e+38 193.938873291016 194.810394287109 196.090042114258 198.204391479492 200.029495239258 201.147155761719 202.268829345703 203.224670410156 204.400787353516 205.0859375 205.483535766602 206.115707397461 207.730606079102 209.628311157227 213.120010375977 215.853408813477 218.937088012695 223.44612121582 227.566192626953 231.02001953125 234.98112487793 239.211059570312 243.72346496582 244.013534545898 245.896911621094 248.318954467773 249.868881225586 252.773971557617 254.047973632812 254.730819702148
-3.4e+38 -3.4e+38 -3.4e+38 -3.4e+38 -3.4e+38 -3.4e+38 -3.4e+38 -3.4e+38 -3.4e+38 -3.4e+38 -3.4e+38 -3.4e+38 -3.4e+38 -3.4e+38 -3.4e+38 -3.4e+38 -3.4e+38 -3.4e+38 -3.4e+38 -3.4e+38 191.584213256836 192.76042175293 194.834838867188 196.098495483398 197.036010742188 197.35026550293 198.46842956543 199.467727661133 200.645904541016 201.818099975586 202.203018188477 203.418975830078 202.902816772461 206.088256835938 209.795028686523 213.206695556641 217.811508178711 222.149490356445 227.420791625977 232.956329345703 235.424255371094 240.115081787109 240.386093139648 241.02587890625 243.192077636719 245.756698608398 248.927307128906 251.163604736328 252.485168457031
-3.4e+38 -3.4e+38 -3.4e+38 -3.4e+38 -3.4e+38 -3.4e+38 -3.4e+38 -3.4e+38 -3.4e+38 -3.4e+38 -3.4e+38 -3.4e+38 -3.4e+38 -3.4e+38 -3.4e+38 -3.4e+38 -3.4e+38 -3.4e+38 -3.4e+38 -3.4e+38 -3.4e+38 189.290618896484 190.970611572266 192.046279907227 192.935882568359 190.933319091797 190.077224731445 192.37451171875 194.849594116211 198.013793945312 198.155853271484 199.923553466797 199.922897338867 199.875335693359 202.995498657227 207.323989868164 211.948150634766 216.70849609375 221.912673950195 228.011672973633 231.410385131836 236.235366821289 237.345642089844 238.234710693359 239.115295410156 242.18684387207 245.784698486328 247.751663208008 243.756805419922
-3.4e+38 -3.4e+38 -3.4e+38 -3.4e+38 -3.4e+38 -3.4e+38 -3.4e+38 -3.4e+38 -3.4e+38 -3.4e+38 -3.4e+38 -3.4e+38 -3.4e+38 -3.4e+38 -3.4e+38 -3.4e+38 -3.4e+38 -3.4e+38 -3.4e+38 -3.4e+38 -3.4e+38 -3.4e+38 186.834487915039 187.338500976562 188.76286315918 186.311676025391 182.893264770508 185.310806274414 188.759841918945 192.404235839844 193.642196655273 195.474044799805 196.511535644531 195.567916870117 198.163452148438 202.217239379883 206.299011230469 210.896591186523 215.187454223633 222.322860717773 228.692520141602 233.629486083984 235.269668579102 235.39680480957 235.436416625977 237.446853637695 241.137817382812 243.132339477539 238.797988891602
-3.4e+38 -3.4e+38 -3.4e+38 -3.4e+38 -3.4e+38 -3.4e+38 -3.4e+38 -3.4e+38 -3.4e+38 -3.4e+38 -3.4e+38 -3.4e+38 -3.4e+38 -3.4e+38 -3.4e+38 -3.4e+38 -3.4e+38 -3.4e+38 -3.4e+38 -3.4e+38 -3.4e+38 -3.4e+38 -3.4e+38 183.573348999023 184.406021118164 182.479507446289 180.434814453125 182.467208862305 184.30451965332 185.194076538086 187.76171875 190.798461914062 191.305236816406 191.033584594727 193.031219482422 196.264999389648 201.411422729492 205.346099853516 212.324645996094 217.352294921875 221.632125854492 228.182113647461 229.331802368164 230.471267700195 231.831497192383 233.744201660156 235.814010620117 237.454650878906 238.862335205078
