rcp4.5models/GFDL_CM3/sc1gr7.25
NCOLS 261 
NROWS 433 
XLLCORNER 336357.134 
YLLCORNER 654653.479 
CELLSIZE 1000 
NODATA_value -3.4e+38 
[rows 88 to 109 of 433, columns 49 to 97 of 261]
-3.4e+38 -3.4e+38 -3.4e+38 -3.4e+38 -3.4e+38 -3.4e+38 -3.4e+38 -3.4e+38 -3.4e+38 -3.4e+38 125.612319946289 -3.4e+38 125.428031921387 125.138328552246 125.039596557617 124.858093261719 124.807098388672 124.452125549316 124.127769470215 123.702476501465 123.562950134277 123.371002197266 123.204925537109 123.156646728516 122.810653686523 122.61799621582 122.442245483398 122.270263671875 122.084335327148 121.9326171875 121.693687438965 121.626686096191 -3.4e+38 121.208366394043 121.034790039062 120.778099060059 120.854515075684 120.627906799316 120.457534790039 120.264114379883 120.092544555664 119.691818237305 119.476112365723 119.461074829102 119.207832336426 119.196083068848 119.184425354004 118.984352111816 119.015884399414
-3.4e+38 -3.4e+38 -3.4e+38 -3.4e+38 -3.4e+38 -3.4e+38 -3.4e+38 -3.4e+38 -3.4e+38 -3.4e+38 125.505630493164 125.288879394531 125.198364257812 124.924133300781 124.827171325684 124.628356933594 124.415069580078 124.106079101562 123.589447021484 123.371826171875 123.133605957031 123.009590148926 122.881126403809 122.841972351074 122.35856628418 122.297706604004 121.998176574707 121.911575317383 121.711967468262 121.324951171875 121.076347351074 120.995498657227 120.766586303711 120.627922058105 120.45344543457 120.40461730957 120.485214233398 120.119728088379 120.060539245605 119.79271697998 119.697509765625 119.242088317871 119.028343200684 118.930488586426 118.714935302734 118.740447998047 118.669448852539 118.512130737305 118.331504821777
-3.4e+38 -3.4e+38 -3.4e+38 -3.4e+38 -3.4e+38 -3.4e+38 -3.4e+38 -3.4e+38 -3.4e+38 -3.4e+38 125.356773376465 125.154838562012 124.904670715332 124.724716186523 124.49275970459 124.479965209961 123.966499328613 123.776184082031 123.306564331055 123.00724029541 122.83748626709 122.727272033691 122.494148254395 122.321975708008 121.996643066406 121.937683105469 121.61792755127 121.528602600098 121.366432189941 120.895973205566 120.589027404785 120.459861755371 120.268356323242 120.120872497559 120.118072509766 120.013694763184 119.885749816895 119.78254699707 119.594757080078 119.415733337402 119.326324462891 119.028762817383 118.742286682129 118.585845947266 118.47745513916 118.428932189941 118.071449279785 118.119506835938 117.754570007324
-3.4e+38 -3.4e+38 -3.4e+38 -3.4e+38 -3.4e+38 -3.4e+38 -3.4e+38 -3.4e+38 -3.4e+38 125.084625244141 124.829414367676 124.583297729492 124.337249755859 124.157958984375 124.075996398926 123.501457214355 123.415641784668 123.247512817383 122.81436920166 122.428535461426 122.15828704834 122.005485534668 121.937927246094 121.588859558105 121.458557128906 121.285888671875 121.040245056152 120.844551086426 120.57691192627 120.064323425293 119.839111328125 119.628128051758 119.344650268555 119.038558959961 119.02783203125 118.8544921875 118.848594665527 118.726470947266 118.693069458008 118.675796508789 118.527626037598 118.053817749023 118.04630279541 117.882827758789 117.677703857422 117.319709777832 116.997100830078 116.925071716309 116.613555908203
-3.4e+38 -3.4e+38 -3.4e+38 -3.4e+38 -3.4e+38 -3.4e+38 -3.4e+38 -3.4e+38 125.055107116699 124.792427062988 124.606689453125 124.286636352539 124.092887878418 123.956954956055 123.64274597168 123.281005859375 123.143249511719 123.05982208252 122.475173950195 122.058296203613 121.81127166748 121.711196899414 121.611686706543 121.306060791016 121.113922119141 120.939872741699 120.659545898438 120.28662109375 120.16739654541 119.670074462891 119.481056213379 119.121391296387 118.836280822754 118.722984313965 118.558868408203 118.336669921875 118.385459899902 118.361518859863 118.355293273926 118.238586425781 118.00048828125 117.675727844238 117.50553894043 117.302886962891 117.134803771973 116.818389892578 116.677093505859 116.340980529785 116.214904785156
-3.4e+38 -3.4e+38 -3.4e+38 -3.4e+38 -3.4e+38 125.72053527832 125.313110351562 124.92977142334 -3.4e+38 124.592842102051 124.301429748535 124.023864746094 123.838973999023 123.759033203125 123.306419372559 122.968994140625 122.902130126953 -3.4e+38 -3.4e+38 121.895683288574 121.620986938477 121.455986022949 121.291893005371 120.981391906738 -3.4e+38 120.468696594238 120.254928588867 119.830619812012 119.878677368164 119.34139251709 119.028923034668 118.880874633789 118.730659484863 118.301025390625 118.151725769043 117.964889526367 117.899452209473 117.993438720703 117.655250549316 117.719680786133 117.52555847168 117.358528137207 117.144981384277 116.764617919922 116.700424194336 116.327590942383 116.100814819336 115.893379211426 115.854263305664
-3.4e+38 -3.4e+38 -3.4e+38 -3.4e+38 125.660888671875 -3.4e+38 125.241554260254 124.748825073242 124.572975158691 124.336471557617 123.990333557129 123.81282043457 123.625686645508 123.455772399902 122.962928771973 122.762145996094 122.628616333008 122.283851623535 121.905494689941 121.574203491211 121.32071685791 121.140342712402 120.843444824219 120.711082458496 -3.4e+38 -3.4e+38 119.973686218262 119.526138305664 119.626655578613 118.81169128418 118.579292297363 118.540138244629 118.250511169434 117.957138061523 117.663719177246 117.472557067871 117.378616333008 117.368621826172 116.85376739502 117.144515991211 117.02131652832 116.889808654785 116.602668762207 116.193336486816 116.210182189941 115.986427307129 115.559516906738 115.637176513672 115.430267333984
-3.4e+38 -3.4e+38 -3.4e+38 -3.4e+38 125.418525695801 125.273239135742 125.141929626465 124.579772949219 124.385368347168 124.120613098145 123.865905761719 123.417236328125 123.328567504883 123.071487426758 122.579689025879 122.508781433105 122.387474060059 121.974151611328 121.533615112305 121.174308776855 120.865089416504 120.797080993652 120.481887817383 120.33235168457 120.105697631836 119.828567504883 -3.4e+38 119.31819152832 119.146469116211 118.483810424805 118.324333190918 118.02067565918 117.683769226074 117.650848388672 117.154449462891 116.860641479492 116.754417419434 116.691635131836 116.578659057617 116.653633117676 116.589881896973 116.252098083496 116.091995239258 115.834945678711 115.726356506348 115.453735351562 115.2666015625 115.157241821289 115.015182495117
-3.4e+38 125.843597412109 125.609535217285 125.517311096191 125.247177124023 124.85432434082 124.779594421387 124.400215148926 124.158195495605 123.835006713867 123.553688049316 123.143859863281 122.973876953125 122.767127990723 122.331268310547 122.237869262695 122.057312011719 121.667510986328 121.10717010498 120.826164245605 120.579437255859 120.304244995117 120.126434326172 119.906188964844 119.530090332031 119.332374572754 119.074836730957 118.95386505127 118.774421691895 118.321136474609 117.846687316895 117.490135192871 117.315818786621 117.242485046387 116.782119750977 116.466178894043 116.333000183105 116.143272399902 116.165313720703 116.227195739746 115.946929931641 115.788703918457 115.553688049316 115.443016052246 115.098159790039 114.879371643066 114.90714263916 114.774200439453 114.432067871094
125.820114135742 125.534797668457 125.452003479004 125.437454223633 125.069953918457 124.755828857422 124.573684692383 124.05940246582 123.871765136719 123.585792541504 123.339698791504 123.019371032715 122.668914794922 122.423965454102 122.177070617676 121.772369384766 121.661529541016 121.390701293945 120.793785095215 120.433219909668 120.228713989258 119.834526062012 119.871597290039 119.447578430176 119.096588134766 118.907997131348 118.655342102051 118.603591918945 118.498916625977 117.973495483398 117.503204345703 117.0888671875 117.015609741211 116.704963684082 116.434951782227 116.19115447998 116.002555847168 115.712013244629 115.602668762207 115.630645751953 115.468887329102 115.286323547363 115.137710571289 114.888450622559 114.705123901367 114.480560302734 114.417404174805 114.297500610352 113.964866638184
125.739250183105 125.430374145508 125.269546508789 125.130889892578 124.92635345459 124.565521240234 124.315246582031 123.742805480957 123.583763122559 123.256912231445 123.14151763916 122.89030456543 122.323486328125 122.10725402832 121.904121398926 121.425857543945 121.280418395996 121.217422485352 120.424369812012 120.050880432129 119.84587097168 119.517051696777 119.368942260742 119.219924926758 118.882629394531 118.553642272949 118.342712402344 118.200057983398 118.125289916992 117.478622436523 117.316551208496 116.862747192383 116.800895690918 116.369636535645 116.031761169434 115.868843078613 115.780944824219 115.334503173828 115.09651184082 115.067108154297 114.983726501465 114.741943359375 114.603492736816 114.404190063477 114.22102355957 114.087394714355 113.856422424316 113.66577911377 113.276657104492
125.518142700195 125.204063415527 124.942436218262 124.794715881348 124.518623352051 124.433952331543 124.020370483398 123.563079833984 123.300674438477 123.085556030273 122.733108520508 122.643264770508 122.198127746582 121.797698974609 121.602157592773 121.302604675293 120.906349182129 120.888137817383 120.117080688477 119.806396484375 119.59888458252 119.125419616699 118.906143188477 118.755905151367 118.497123718262 118.259819030762 117.947074890137 117.84561920166 117.643707275391 117.070610046387 116.90412902832 116.519264221191 116.45637512207 116.089279174805 115.733711242676 115.468315124512 115.378746032715 114.953887939453 114.738830566406 114.57137298584 114.388122558594 114.090408325195 113.940925598145 113.858200073242 113.650764465332 113.436790466309 113.280006408691 113.188934326172 112.758529663086
125.356086730957 125.077682495117 124.805160522461 124.51904296875 124.467132568359 124.123634338379 123.957000732422 123.249626159668 123.039848327637 122.800834655762 122.579483032227 122.348457336426 121.934097290039 121.410942077637 121.252159118652 121.029502868652 120.539390563965 120.541580200195 119.705215454102 119.460861206055 119.231086730957 118.759010314941 118.56364440918 118.378089904785 118.101142883301 118.042137145996 117.69319152832 117.49951171875 117.29768371582 116.65007019043 116.39461517334 116.06852722168 115.924606323242 115.615165710449 115.253448486328 114.915649414062 114.751319885254 114.451187133789 114.241546630859 113.944343566895 113.84676361084 113.569847106934 113.190902709961 113.250480651855 113.118927001953 112.802383422852 112.73193359375 112.530258178711 112.309761047363
125.095985412598 124.866477966309 124.500831604004 124.278656005859 124.087600708008 123.95866394043 123.535842895508 123.018478393555 122.771751403809 122.604339599609 122.3173828125 121.99683380127 121.465065002441 121.034934997559 120.889190673828 120.742813110352 120.21883392334 119.978240966797 119.429298400879 119.038063049316 118.915794372559 118.580780029297 118.257499694824 117.932907104492 117.72615814209 -3.4e+38 117.330665588379 116.907356262207 116.816040039062 116.256134033203 116.047645568848 115.697311401367 115.545280456543 115.124313354492 114.708808898926 114.346206665039 114.263565063477 113.983955383301 113.796875 113.463745117188 113.212875366211 112.94815826416 112.718002319336 112.652824401855 112.455230712891 112.166061401367 112.014953613281 111.924499511719 111.631248474121
124.846611022949 124.662910461426 124.335014343262 124.190269470215 123.893997192383 123.667625427246 123.489868164062 122.996635437012 122.48770904541 122.256652832031 121.975608825684 121.751800537109 121.114418029785 120.776679992676 120.573738098145 120.361175537109 120.033096313477 119.648963928223 119.062446594238 118.883377075195 118.555519104004 118.245399475098 117.908935546875 117.664009094238 117.254554748535 117.096397399902 116.778694152832 116.382064819336 116.264030456543 115.965843200684 115.488296508789 115.264442443848 115.107528686523 114.71475982666 114.389717102051 113.971519470215 113.762809753418 113.462928771973 113.301467895508 113.07275390625 112.59822845459 112.45777130127 112.226989746094 112.127471923828 111.874488830566 111.69588470459 111.219619750977 111.284248352051 111.040084838867
124.471984863281 124.167068481445 123.87255859375 123.73511505127 123.37419128418 123.174491882324 122.89087677002 122.281181335449 122.139945983887 121.827842712402 121.43921661377 121.073287963867 120.597854614258 120.284683227539 120.031127929688 119.519355773926 119.46802520752 119.02961730957 118.512062072754 118.108451843262 117.746002197266 117.49072265625 117.140693664551 116.911903381348 116.573020935059 116.021858215332 115.930000305176 115.891288757324 115.536117553711 114.948173522949 114.680015563965 114.561218261719 113.986892700195 113.61767578125 113.417518615723 113.164710998535 112.971786499023 112.666473388672 112.365516662598 111.96533203125 111.521835327148 110.866394042969 110.936897277832 110.829696655273 110.541397094727 110.390869140625 110.089866638184 109.754295349121 109.608581542969
124.206413269043 124.193450927734 123.701324462891 123.429191589355 123.227111816406 123.024192810059 122.703971862793 122.043571472168 121.87353515625 121.465217590332 121.121566772461 120.782165527344 120.38355255127 120.064979553223 119.803489685059 119.316329956055 119.050559997559 118.829536437988 118.399597167969 117.945190429688 117.326103210449 117.126365661621 116.767189025879 116.631370544434 116.224884033203 115.644172668457 115.587333679199 115.598503112793 115.237060546875 114.482643127441 114.21760559082 113.781494140625 113.407699584961 113.134460449219 112.95532989502 112.767097473145 112.390129089355 112.294952392578 111.922866821289 111.495361328125 111.034996032715 110.330528259277 110.356651306152 110.202629089355 109.952415466309 109.778762817383 109.567718505859 109.120750427246 108.860191345215
123.977546691895 123.881423950195 123.475746154785 123.290451049805 122.987327575684 122.637535095215 122.480979919434 121.903541564941 -3.4e+38 -3.4e+38 120.819984436035 120.497207641602 120.154075622559 119.742622375488 119.34447479248 119.149887084961 118.767166137695 118.47093963623 117.920761108398 117.640838623047 117.192169189453 116.883987426758 116.425491333008 116.189788818359 115.717910766602 115.407089233398 115.239974975586 -3.4e+38 114.795051574707 -3.4e+38 113.890029907227 113.358940124512 112.70085144043 112.562385559082 112.420532226562 112.114051818848 111.931838989258 111.627182006836 -3.4e+38 111.090957641602 110.671348571777 109.911689758301 109.606033325195 109.493530273438 109.332077026367 109.283683776855 108.965812683105 108.502723693848 108.196060180664
123.77262878418 123.677665710449 123.367263793945 123.002563476562 122.7763671875 122.545806884766 122.146965026855 -3.4e+38 -3.4e+38 -3.4e+38 120.662094116211 120.354057312012 119.813446044922 119.478225708008 119.089164733887 118.767211914062 118.527893066406 118.130111694336 117.458709716797 117.252998352051 116.811683654785 116.502922058105 116.047294616699 115.82689666748 115.349571228027 115.196723937988 114.86905670166 114.703369140625 114.337089538574 113.799560546875 113.534889221191 112.915565490723 112.318939208984 111.918579101562 111.737716674805 111.463943481445 111.279823303223 110.89966583252 110.721496582031 110.49382019043 110.287612915039 109.401878356934 109.040679931641 108.972671508789 -3.4e+38 108.632820129395 108.284965515137 107.819946289062 107.493286132812
123.788864135742 123.595741271973 123.077125549316 122.851600646973 122.618698120117 122.178153991699 -3.4e+38 -3.4e+38 -3.4e+38 -3.4e+38 120.355964660645 120.152717590332 119.46736907959 119.201820373535 118.913856506348 118.409118652344 118.22875213623 117.876693725586 117.08423614502 116.812149047852 116.432060241699 116.077796936035 115.847717285156 115.390228271484 115.080307006836 114.802421569824 114.432960510254 114.351135253906 113.872428894043 113.33610534668 113.007377624512 112.393768310547 111.929039001465 111.514678955078 111.184211730957 110.980842590332 110.67798614502 110.311981201172 110.160835266113 109.955299377441 109.573944091797 108.826591491699 108.681625366211 108.387939453125 108.111892700195 107.875244140625 107.71166229248 107.291244506836 106.87996673584
123.6279296875 123.354881286621 122.849678039551 122.633148193359 122.349571228027 122.048377990723 -3.4e+38 -3.4e+38 -3.4e+38 -3.4e+38 120.206253051758 119.800552368164 119.457298278809 118.919662475586 118.729209899902 118.223403930664 117.804786682129 117.517242431641 116.975028991699 116.604499816895 116.227920532227 115.923362731934 115.506950378418 114.968818664551 114.827743530273 114.478958129883 114.103019714355 113.917984008789 113.537651062012 112.728851318359 112.37361907959 112.014785766602 111.542373657227 111.084457397461 110.72093963623 110.335502624512 110.167037963867 109.817680358887 109.689346313477 109.461318969727 109.053359985352 108.244537353516 107.944046020508 107.696838378906 107.512298583984 107.285369873047 106.999420166016 106.798515319824 106.293518066406
123.435134887695 123.006454467773 122.821807861328 122.42936706543 122.233451843262 121.843910217285 121.631866455078 -3.4e+38 120.620498657227 -3.4e+38 119.913368225098 119.650703430176 119.196929931641 118.918487548828 118.348762512207 118.024375915527 117.569114685059 117.330490112305 116.698692321777 116.164825439453 115.904624938965 115.592956542969 115.127899169922 114.669883728027 114.392990112305 113.998779296875 113.703422546387 113.475830078125 113.143028259277 112.276138305664 111.938049316406 111.655418395996 111.003242492676 110.682022094727 110.394241333008 109.881088256836 109.601631164551 109.309883117676 109.262023925781 108.897338867188 108.627243041992 107.79158782959 107.352333068848 107.12483215332 106.897529602051 106.633682250977 106.375022888184 106.144905090332 105.781326293945
