rcp4.5models/GFDL_CM3/sc1gr7.27
NCOLS 261 
NROWS 433 
XLLCORNER 336357.134 
YLLCORNER 654653.479 
CELLSIZE 1000 
NODATA_value -9999 
[rows 88 to 109 of 433, columns 100 to 149 of 261]
134.442764282227 134.853713989258 134.856002807617 134.910995483398 135.079193115234 134.903472900391 135.063186645508 135.315139770508 135.597564697266 135.833465576172 136.069458007812 136.255996704102 136.078750610352 136.084945678711 136.009552001953 135.92529296875 135.721633911133 135.555130004883 135.59196472168 135.232437133789 135.088851928711 135.104080200195 135.108444213867 135.024780273438 135.12760925293 135.229309082031 135.207504272461 135.093566894531 135.136199951172 135.075424194336 134.91438293457 134.773162841797 134.850555419922 134.792068481445 134.568222045898 134.320983886719 134.358947753906 134.270584106445 134.259948730469 134.146347045898 134.112701416016 134.016571044922 133.954284667969 134.037384033203 134.082092285156 133.912582397461 134.073699951172 134.046798706055 134.083709716797 134.020248413086
134.109710693359 134.526504516602 134.609725952148 134.814682006836 134.812652587891 134.789535522461 134.895690917969 135.002700805664 135.292419433594 135.635620117188 135.85026550293 135.977905273438 135.94059753418 135.831573486328 135.744522094727 135.627014160156 135.505783081055 135.201522827148 135.274429321289 135.054733276367 134.737945556641 134.721588134766 134.777008056641 134.876266479492 134.859375 135.006820678711 134.973587036133 134.882369995117 134.835098266602 134.682922363281 134.669326782227 134.487838745117 134.549133300781 134.508453369141 134.186950683594 134.107284545898 134.077682495117 133.899429321289 133.976547241211 133.884078979492 133.782333374023 133.80305480957 133.732360839844 133.781143188477 133.751907348633 133.60676574707 133.807403564453 133.894393920898 133.905838012695 -9999
133.804443359375 134.289215087891 134.326065063477 134.217971801758 134.309371948242 134.47087097168 134.65901184082 134.875793457031 134.920318603516 135.164535522461 135.484558105469 135.635269165039 135.717086791992 135.657012939453 135.399887084961 135.327438354492 135.245025634766 134.981567382812 134.945999145508 134.778610229492 134.704803466797 134.486114501953 134.34748840332 134.406768798828 134.542022705078 134.651962280273 134.567977905273 134.446701049805 134.333358764648 134.265411376953 134.292831420898 134.235580444336 134.240371704102 134.227233886719 133.905838012695 133.896469116211 133.832855224609 133.649261474609 133.755447387695 133.653854370117 133.535064697266 133.577743530273 133.545944213867 133.463226318359 133.546157836914 133.375610351562 133.588653564453 133.640686035156 133.647964477539 133.59489440918
133.178161621094 133.506729125977 133.836196899414 133.993255615234 134.020370483398 134.210815429688 134.483276367188 134.344680786133 134.389404296875 134.568466186523 134.812896728516 135.052856445312 134.995513916016 135.063842773438 135.036178588867 134.874572753906 134.717895507812 134.527862548828 134.251449584961 134.015121459961 133.863876342773 133.929000854492 133.751708984375 133.81721496582 133.883743286133 133.810531616211 133.822372436523 133.770782470703 133.784790039062 133.782302856445 133.540344238281 133.47184753418 133.370590209961 133.299896240234 133.327239990234 133.119201660156 133.164138793945 133.249801635742 133.226547241211 133.064056396484 -9999 132.994689941406 132.880126953125 132.971084594727 133.037063598633 133.097244262695 132.978652954102 133.019973754883 133.082321166992 133.085861206055
132.74951171875 133.14860534668 133.450820922852 133.652755737305 133.564224243164 133.604309082031 133.942337036133 133.977172851562 133.985565185547 134.106781005859 134.325256347656 134.609313964844 134.472732543945 134.695114135742 134.841369628906 134.609283447266 134.618698120117 134.276916503906 133.981597900391 133.702911376953 133.480911254883 133.454635620117 133.441696166992 133.650390625 133.63005065918 133.519515991211 133.476776123047 133.398254394531 133.307373046875 133.21760559082 133.13688659668 133.134963989258 133.042938232422 133.00080871582 133.017364501953 132.960464477539 132.873657226562 132.852722167969 132.839172363281 132.801010131836 132.867248535156 132.727249145508 132.653549194336 132.817947387695 132.833786010742 -9999 132.644577026367 132.807830810547 132.737167358398 132.810562133789
132.332748413086 132.772613525391 133.085830688477 133.317428588867 133.459716796875 133.248107910156 133.449111938477 133.607604980469 133.7470703125 133.66569519043 133.919143676758 134.162628173828 134.037292480469 134.127319335938 134.333786010742 134.213363647461 134.018707275391 133.916015625 133.753295898438 133.487411499023 133.15104675293 133.057464599609 133.013412475586 133.220169067383 133.308441162109 133.20280456543 133.248764038086 133.133926391602 132.984588623047 132.796264648438 132.756225585938 132.760208129883 132.710205078125 132.684310913086 132.782928466797 -9999 132.652542114258 132.497909545898 132.481048583984 132.516845703125 -9999 132.468826293945 132.379577636719 132.482315063477 132.521484375 132.4658203125 132.408157348633 132.566040039062 132.503814697266 132.410125732422
131.99690246582 132.319366455078 132.638687133789 132.9716796875 133.081588745117 133.043197631836 133.188186645508 133.323760986328 133.282287597656 133.341659545898 133.706756591797 133.834732055664 133.647445678711 133.695999145508 133.860565185547 133.868301391602 133.637588500977 133.581420898438 133.464508056641 133.031677246094 132.868438720703 132.711044311523 132.715835571289 132.845275878906 133.065338134766 132.911285400391 132.813705444336 132.777328491211 132.690139770508 132.566177368164 132.437622070312 132.328277587891 132.450256347656 132.435134887695 132.341781616211 132.343643188477 132.415283203125 132.263473510742 132.203308105469 132.197326660156 132.210540771484 132.172210693359 132.06364440918 132.111923217773 132.109024047852 132.151138305664 132.168365478516 132.224838256836 132.167449951172 132.092468261719
131.594055175781 131.84895324707 132.168701171875 132.430328369141 132.510940551758 132.705856323242 132.866729736328 132.912078857422 132.882919311523 132.993850708008 133.104858398438 133.461441040039 133.183029174805 133.351318359375 133.506683349609 133.287963867188 133.292114257812 133.185180664062 133.085601806641 132.777587890625 132.698028564453 132.466262817383 132.538223266602 132.657730102539 132.737579345703 132.618011474609 132.514724731445 132.463684082031 -9999 132.27555847168 132.04768371582 131.927200317383 131.992095947266 132.015411376953 131.970703125 131.885955810547 131.921493530273 -9999 131.894989013672 -9999 131.820755004883 131.881484985352 131.834136962891 131.874847412109 131.795318603516 131.820983886719 131.865524291992 131.854843139648 131.82292175293 131.879913330078
131.316131591797 131.337036132812 131.700256347656 132.044387817383 132.141052246094 132.333953857422 132.498321533203 132.458923339844 132.461151123047 132.396499633789 132.50732421875 132.857238769531 132.815856933594 132.844055175781 133.018829345703 132.796310424805 132.841369628906 132.922637939453 132.755554199219 132.56608581543 132.334869384766 132.145324707031 132.098693847656 132.334045410156 132.277114868164 132.259735107422 132.302749633789 132.123168945312 132.152404785156 131.937301635742 131.688842773438 131.608184814453 131.618377685547 131.59196472168 131.55403137207 131.552581787109 131.549301147461 -9999 131.592514038086 131.453460693359 131.525604248047 131.547958374023 131.592437744141 131.525482177734 131.497802734375 131.528335571289 131.52311706543 131.56005859375 131.622894287109 131.634643554688
131.091781616211 130.948532104492 131.266052246094 131.670928955078 131.8837890625 131.821762084961 131.926025390625 132.08528137207 132.146438598633 131.977340698242 132.095077514648 132.26416015625 132.443450927734 132.477645874023 132.628372192383 132.468627929688 132.330047607422 132.418594360352 132.253051757812 132.0673828125 131.894073486328 131.808822631836 131.702087402344 131.95393371582 131.918441772461 131.919189453125 131.951507568359 131.83935546875 131.770095825195 131.660888671875 131.47639465332 131.401184082031 131.296142578125 131.25212097168 131.163787841797 131.215942382812 131.286666870117 131.274475097656 131.206695556641 131.170761108398 131.212387084961 131.183975219727 131.21125793457 131.153625488281 131.212539672852 131.239898681641 131.225509643555 131.29768371582 131.403900146484 131.331985473633
130.8515625 130.755706787109 130.874176025391 131.202697753906 131.483840942383 131.24446105957 131.436645507812 131.652160644531 131.837844848633 131.642517089844 131.684539794922 131.844192504883 131.905746459961 132.090744018555 -9999 132.116577148438 131.864059448242 131.746170043945 131.644958496094 131.551010131836 131.475860595703 131.517135620117 131.441970825195 131.56184387207 131.603622436523 131.542999267578 131.386734008789 131.385818481445 131.386245727539 131.269012451172 131.147644042969 131.182312011719 131.009246826172 130.917922973633 130.784729003906 130.762252807617 130.924499511719 130.892440795898 130.762817382812 130.864227294922 130.859008789062 130.818237304688 130.888137817383 130.869079589844 130.906829833984 130.901809692383 130.945297241211 131.065277099609 131.144973754883 131.042709350586
130.574035644531 130.409454345703 130.349243164062 130.62890625 131.023025512695 131.063903808594 131.04150390625 130.976272583008 131.123962402344 131.259063720703 131.272491455078 131.326324462891 131.302230834961 131.472808837891 131.445159912109 131.611358642578 131.519546508789 131.326278686523 131.191955566406 131.137878417969 131.021545410156 131.211151123047 131.220245361328 131.280120849609 131.148223876953 130.962753295898 130.927032470703 130.901962280273 131.06298828125 130.883377075195 130.784652709961 130.782318115234 130.602203369141 130.588119506836 130.391738891602 130.392578125 130.467056274414 130.449554443359 130.380981445312 130.455535888672 -9999 130.492172241211 130.534469604492 130.532501220703 130.468460083008 130.505615234375 130.685958862305 130.761901855469 130.759536743164 130.750778198242
130.00520324707 129.999664306641 129.928207397461 130.165191650391 130.501403808594 130.750778198242 130.406021118164 130.41780090332 130.646087646484 130.786727905273 130.781585693359 130.841659545898 130.801162719727 130.869094848633 130.969711303711 131.110977172852 131.149673461914 130.934997558594 130.831558227539 130.628112792969 130.640243530273 130.759613037109 130.806228637695 130.841323852539 130.61589050293 130.473983764648 130.458557128906 130.489791870117 130.522994995117 130.448303222656 130.417007446289 130.29866027832 130.190902709961 130.187438964844 130.080856323242 130.033630371094 130.048797607422 130.048126220703 130.099609375 130.045547485352 130.040283203125 130.154037475586 130.123901367188 130.103576660156 130.056045532227 130.164031982422 130.30989074707 130.324829101562 130.316467285156 130.451049804688
129.584991455078 129.693878173828 129.648056030273 129.740264892578 129.922073364258 130.049041748047 130.110214233398 130.114151000977 130.272506713867 130.229415893555 130.349304199219 130.389404296875 130.315383911133 130.481948852539 130.586730957031 130.653411865234 130.574844360352 130.568008422852 130.472930908203 130.120300292969 130.182571411133 130.261795043945 130.260757446289 130.243515014648 130.058410644531 130.118347167969 130.071472167969 130.044235229492 130.018814086914 130.047027587891 129.962677001953 129.876953125 129.88720703125 129.742858886719 129.737503051758 129.583770751953 129.692413330078 129.638854980469 129.678848266602 129.63801574707 129.699035644531 129.733383178711 129.682861328125 129.704406738281 129.828414916992 129.829879760742 129.897048950195 129.922073364258 130.006896972656 130.172805786133
129.227279663086 129.398300170898 129.264312744141 129.377563476562 129.538986206055 129.537872314453 129.609756469727 129.726028442383 129.708114624023 129.642547607422 129.80534362793 129.803451538086 129.855972290039 130.141250610352 130.22868347168 130.039367675781 130.007034301758 130.174194335938 130.07160949707 129.718078613281 129.720916748047 129.635665893555 129.708480834961 129.670333862305 129.584320068359 129.727157592773 129.721298217773 129.679809570312 129.604553222656 129.613662719727 129.542526245117 129.506988525391 129.376800537109 129.324981689453 129.325759887695 129.169998168945 129.302825927734 129.147094726562 129.230651855469 129.261627197266 129.330307006836 129.283172607422 129.254272460938 129.299682617188 129.515396118164 129.466949462891 129.532867431641 129.66520690918 129.738708496094 129.896057128906
128.411911010742 128.587158203125 128.763458251953 128.857452392578 128.809448242188 128.724807739258 128.811706542969 128.862808227539 128.732788085938 128.758666992188 128.840438842773 128.739532470703 128.884719848633 128.955169677734 128.995651245117 129.103179931641 129.019744873047 128.880142211914 129.022644042969 128.995513916016 128.861785888672 128.778579711914 128.871627807617 128.867584228516 128.885864257812 128.920959472656 128.837203979492 128.731811523438 128.699234008789 128.646942138672 128.674621582031 128.516876220703 128.492156982422 128.367095947266 128.381591796875 128.411514282227 128.419860839844 128.412124633789 128.286193847656 128.383911132812 128.432754516602 128.444580078125 128.47102355957 128.514694213867 128.645980834961 128.720550537109 129.054962158203 129.132278442383 129.171859741211 129.242218017578
127.991508483887 128.080612182617 128.303298950195 128.339248657227 128.416458129883 128.275375366211 128.382080078125 128.424011230469 128.366806030273 128.384246826172 128.404586791992 128.348098754883 128.177627563477 128.259628295898 128.417297363281 128.60676574707 128.467636108398 128.346496582031 128.474899291992 128.412857055664 128.323989868164 128.374710083008 128.376907348633 128.352783203125 128.518585205078 128.374313354492 128.321441650391 128.344650268555 128.188430786133 128.236221313477 128.14631652832 128.089065551758 128.102462768555 127.832649230957 127.917922973633 128.000701904297 128.037445068359 127.906433105469 127.830963134766 128.030471801758 128.062393188477 128.028549194336 128.057098388672 128.209320068359 128.302627563477 128.473999023438 128.615966796875 128.655578613281 128.730346679688 128.862731933594
127.590782165527 127.584518432617 127.641395568848 127.630416870117 127.787010192871 127.840713500977 127.92520904541 128.048263549805 127.981727600098 127.919509887695 127.889205932617 127.766883850098 127.640144348145 127.792861938477 127.818809509277 127.952629089355 127.838409423828 127.970039367676 127.930137634277 127.836883544922 127.745681762695 127.875534057617 127.899696350098 127.954750061035 128.064178466797 127.959655761719 127.831100463867 127.88745880127 127.802978515625 127.789573669434 127.684394836426 127.636444091797 127.531555175781 127.432563781738 127.455284118652 127.529655456543 127.498374938965 127.476600646973 127.392349243164 127.494812011719 127.604400634766 127.615509033203 127.708618164062 127.949089050293 127.91187286377 128.022933959961 128.266693115234 128.263153076172 128.445602416992 128.614303588867
127.184867858887 127.151473999023 127.001892089844 127.070816040039 127.220375061035 127.293014526367 127.440803527832 127.534912109375 127.526985168457 127.446479797363 127.364044189453 127.333602905273 127.157646179199 127.214630126953 127.273155212402 127.296974182129 127.317123413086 127.550109863281 127.43448638916 127.337173461914 127.297309875488 127.367111206055 127.435554504395 127.582473754883 127.536781311035 127.547958374023 127.433769226074 127.425025939941 127.410858154297 127.252708435059 127.19441986084 127.158020019531 127.021728515625 127.099609375 127.054122924805 127.015289306641 127.038871765137 127.048034667969 126.932815551758 126.99836730957 127.152366638184 127.253173828125 127.283493041992 127.497222900391 127.527122497559 127.605972290039 127.962036132812 128.0888671875 128.256393432617 128.33332824707
126.600135803223 126.676795959473 126.509910583496 126.648361206055 126.705406188965 126.62540435791 126.833831787109 126.932830810547 126.896354675293 126.807052612305 126.862037658691 126.924255371094 126.67879486084 126.658340454102 126.754173278809 126.75602722168 126.772758483887 127.082824707031 126.987777709961 126.793159484863 126.840919494629 126.969841003418 127.033668518066 127.057548522949 127.004905700684 126.978698730469 126.93864440918 126.938331604004 126.912185668945 126.743530273438 126.734832763672 126.682518005371 126.614784240723 126.598808288574 126.649597167969 126.596099853516 126.578315734863 126.577392578125 126.536811828613 126.641296386719 126.657989501953 126.864852905273 126.884330749512 127.006149291992 127.175453186035 127.32266998291 127.66544342041 127.816528320312 127.99324798584 128.007415771484
126.156944274902 126.108451843262 126.006774902344 126.088851928711 126.118316650391 126.079704284668 126.22306060791 126.280464172363 126.396469116211 126.262588500977 126.400123596191 126.436569213867 126.301002502441 126.225166320801 126.15958404541 126.193481445312 126.300132751465 126.505058288574 126.42261505127 126.344169616699 126.391120910645 126.48169708252 126.549514770508 126.530014038086 126.466415405273 126.458282470703 126.459892272949 126.442161560059 126.297218322754 126.370208740234 126.245513916016 126.255699157715 126.165237426758 126.148994445801 126.228736877441 126.149833679199 126.094024658203 126.099258422852 126.149932861328 126.16431427002 126.183532714844 126.416168212891 126.494552612305 126.623504638672 126.802886962891 127.080284118652 127.282814025879 127.362854003906 127.570724487305 127.686492919922
125.671730041504 125.588966369629 125.534332275391 125.662170410156 125.667190551758 125.606910705566 125.648056030273 125.672874450684 125.778190612793 125.79859161377 125.878044128418 -9999 125.846305847168 125.732727050781 125.551399230957 125.711250305176 125.883811950684 126.007545471191 125.848449707031 125.87769317627 125.843322753906 125.885124206543 126.041694641113 126.097328186035 125.973777770996 125.985694885254 125.971313476562 125.910369873047 125.791809082031 125.896125793457 125.775482177734 125.763320922852 125.729095458984 125.748207092285 125.712997436523 125.613632202148 125.647079467773 125.672348022461 125.713371276855 125.731506347656 125.913482666016 126.012687683105 126.140617370605 126.382522583008 126.540260314941 126.727684020996 126.944259643555 127.037376403809 127.211982727051 127.406478881836
