rcp4.5models/GFDL_CM3/sc1gr1.FIL
NCOLS 261 
NROWS 433 
XLLCORNER 336357.134 
YLLCORNER 654653.479 
CELLSIZE 1000 
NODATA_value -9999 
[rows 352 to 373 of 433, columns 150 to 199 of 261]
72.9775253869586 72.6471362727546 72.6481962002437 72.845706623732 73.0238175620337 73.2826125406993 73.119439868857 73.1085779604864 74.4216598522413 74.6176365826919 74.6576607544496 74.6099640987828 74.1114074002691 73.8423521224738 74.314585438588 74.2391362338234 73.7166453346724 73.4427809275192 73.3055777451477 74.2958688439646 74.9644958925293 74.6268400948955 74.2752232271529 73.3872753802177 73.3119221864105 73.386317255223 73.4731173701749 72.9564456802855 73.2737114346924 73.7172735619987 73.4313600999846 73.0124976038563 73.5555525700724 73.557943160156 73.1609361151277 72.8035981835392 72.9359537627372 72.8193677570329 72.4406840048563 72.5094078531813 72.7175533395806 72.8600345421192 72.5876027865629 72.9678424891869 72.8482092171707 72.5407737464694 72.407151624271 72.388801735924 72.7568454389232 73.1887282341575
72.9104946853761 72.604971424155 72.7817951815865 73.0850785071749 72.7941373710458 72.9814727479322 72.9965055574573 72.9262140986509 73.7691758508302 74.0376472386014 74.0414243912203 73.9849713772423 73.7371774634593 73.672353361811 74.22300090476 74.5634070105062 73.8923740718879 72.9999133911879 72.6482819556852 73.3876610289745 73.8438677783649 74.379428995944 74.3050107402177 73.5371720315371 73.1283692914213 73.3890819505579 73.3800453793436 73.0669012052341 73.2692474108853 73.4245296761144 73.2619594105342 72.9786997801442 73.1673055238813 73.4632441394139 73.0249532922466 73.1465076548738 73.3164212846588 72.5357519600263 72.9351979190382 72.9671547745713 72.885177405474 73.033044482126 72.4299969288869 72.5829838671844 72.3450209889543 72.3182305400319 72.2057331803724 72.4583121180818 73.3107257592899 73.2955207455686
72.7978653512902 72.7594663966285 73.0334072873435 73.0803798068709 72.677538291744 72.9014047374108 72.9551117068135 72.5748993918712 73.1497556550375 73.1478755989257 73.2757202798981 73.1994074413737 73.5112988736538 73.8261342545582 73.6506452440723 73.5406632100902 73.2977883730557 73.0864144220592 72.988331251758 72.7814137809492 73.1681257218387 73.5045176448271 73.6691590025848 73.3415024723507 72.9444697140248 73.2659738609013 72.8800532873414 72.973566007234 73.250556490666 72.7908129663328 73.3585435719131 73.1012238872807 73.25175024541 73.4515716432202 73.0841253760042 73.0621892158056 72.9606071827788 72.5539062455516 72.7673648350754 73.1282614543501 73.1431905108089 73.0980498394276 72.684947175172 72.4273358725809 72.4638001455003 72.2140571160975 72.5889044018433 72.7604348854741 72.9681704105515 72.5652118940356
72.3033028201092 72.5098537637684 73.0997517368861 72.9869312138658 72.7088603901607 72.7945550287623 72.9019461116528 72.4014023554179 72.6462493140704 72.96697812008 73.4874782815809 73.5535574637849 73.5168672790294 73.4328796239101 73.3232329437412 72.7203533904791 72.9012801995001 73.1630380615148 73.2923037725712 72.8695724055511 73.4060108198049 73.2479282993378 73.2857541516358 73.1441568160405 72.8706956704188 73.0056852236319 72.7626385145668 72.7398808679577 72.9657449712125 72.4744788277227 73.3998766205648 73.0236005470699 73.4585766531544 73.2836302389171 73.0579426822752 72.5912215934207 72.4333068804649 72.7524122493052 72.2040739562782 72.8041650978063 72.9588654196724 72.9652975602327 72.8155507773563 72.6909238040348 72.3151236367655 72.4822881854249 73.2043630166503 72.8103057638139 72.7850091061228 72.2280294957446
72.1206506347704 72.3868382716327 72.9651313456908 72.8912125441764 72.6890826093778 72.7503676450578 72.7418074384591 72.3867487623691 72.5858204216665 72.958497501935 73.5191006478729 73.7937760958005 73.467996558226 73.1083010021734 73.3528714309187 72.8055962478523 72.5542171966625 72.7967602531069 73.5417870097652 73.0255484529604 73.3155699384786 73.4486371067819 73.3251209464851 72.9194152717716 72.7845138680408 72.7403441153932 72.8875473756316 72.8817376547175 72.7059074476844 72.7734318509596 73.2630515193728 72.9231174042389 72.8993646606403 72.8385723610599 72.7522294473102 72.1396293871466 72.2658220956129 72.8218496508944 72.1617245350172 72.5089885727997 72.5844930004494 72.6582186184081 72.363190685108 72.5333311487358 72.1241930147465 72.5507232642465 73.047323497388 72.5477090917207 72.9722005607934 72.410770329022
72.6176168495482 72.8582053427908 72.7807868192322 72.6653145878348 72.3685611012797 72.6295121784674 72.7248517186809 72.6014669301976 72.752770872052 72.7885226407291 72.9439952780668 73.1527620302935 73.2657897715982 73.2091998017407 73.1816850766161 73.0031585708833 72.533079815798 72.7978201088741 73.4765700735781 73.000888296259 72.9954720174445 73.29616012502 73.214739828628 72.6801668149957 72.4839903523043 72.4509188981461 72.6363671494476 72.7380790756617 72.8608729416116 73.1550621311774 73.0000031052491 72.8869888882263 72.574811538709 72.3454736172648 72.6280899596163 72.345097612408 71.9777189293487 72.3752954163836 72.1620960991375 72.7669774332859 72.6419524810867 72.4291588450566 72.2511037465967 72.429821964089 72.1606529879662 72.5757775789968 72.8275419641847 72.5982877025473 72.482046491447 72.0725970375074
72.6408184336386 72.7867649214375 72.5307126702462 72.5832525087863 72.2040513132803 72.3289848185944 72.7344745119826 72.7642383502044 72.3236410898725 72.3922481330672 72.5342252096273 72.7840009833236 72.9872919840628 73.0333697100534 72.8395757185814 72.8515487871063 72.6819419950998 72.892494330349 72.9952211054462 73.1396757126366 72.9354261752927 72.7544007908677 72.8756135408087 73.0655525853875 72.4060064554072 72.3828688779351 72.8068797810042 72.6210853147951 73.1533550326448 73.0250517221662 72.6335300955194 72.7602963305081 72.5893127663817 72.0621475378829 72.4531322690119 72.5810768815771 71.9738683931765 72.1553735042581 72.5326506208037 72.994146608112 72.7097685171579 72.4905851862783 72.1825177843156 72.4338862215791 72.1139320185237 72.5718317993116 72.5901039605738 72.589830986538 71.9874040008419 71.9167110040189
72.2906875610694 72.35537366341 72.3162651248317 72.5572992211329 72.5054889614633 72.2057629067693 72.2671044983692 72.4366591346048 72.4489228752385 72.5192669780065 72.5872353428357 72.3867003562612 72.4738500142409 72.6686005503607 72.4517401941676 72.6344108632934 72.6608671737109 72.7464787044075 72.6958836630658 72.8884917587798 72.6167611482055 72.6884704813362 72.7785986663418 72.929428449173 72.5407404114203 72.6278297833424 73.0270204202607 72.7540709902041 72.90990628176 72.6526036519735 72.4031452033473 72.6261555948684 72.4915498688565 71.9874348688053 72.2492692467375 72.2183158988597 72.0983073478245 72.1602026390334 72.5434240032217 72.5188646370384 72.3558855450328 72.3152195972246 71.9487565003603 72.3676679140231 72.0940309430342 72.0646659057138 72.2148868191139 71.9675162046708 71.5074758656664 71.9657376445021
72.1454180582627 71.9898287298741 71.7391611554739 71.9142782082248 72.009330372868 72.1083685462952 72.2675610456086 72.2653066980981 72.6773603684608 72.6263896955075 72.3243158967177 72.4314221340447 72.4812967900363 72.5352169242217 72.2973833330729 -9999 72.811705537155 72.5218252337663 -9999 72.5470215653876 72.5204623885078 72.4908654449031 72.5213035033088 72.4349885947182 72.3104141380755 72.6989242573467 72.6168440342773 72.1879143882994 72.2170531569784 72.532020078258 72.1475429548027 72.246214396265 72.245279112964 72.0277432734911 72.0972797041915 72.4414905150591 72.1884750735431 72.0482840512872 72.3668973231989 72.312949832487 72.2729430436178 71.9815389120703 71.9710675660176 71.5156689435933 71.4177677459144 -9999 71.7550051452564 72.3439934209865 72.4505497743018 72.3752762916365
71.9511867685214 71.6154654927767 71.5761178706859 71.6522674108921 71.7063247144355 71.9536284617879 72.4210386930926 72.132328252518 72.7052446015037 72.5310989316508 72.0463590051926 72.0605760384287 72.453397062291 72.4752839039418 72.0030639234897 72.3011801575718 72.5496662979003 72.5517230642042 72.2195515893784 72.2585334145933 72.272429604571 72.4283761195858 72.3701917136146 72.1646280165322 71.8384455767739 72.0498964266792 72.2299198466256 72.2981510259294 72.4622254942873 72.5939404209083 72.1525047407244 72.1252617056846 72.1695399238057 71.7840008682981 72.2491032978927 72.59671751337 72.1325639540412 71.996142694579 72.2480855747845 72.3427023846235 72.1579417113391 71.8478929326168 71.8202479510741 71.583466800235 71.4490208096427 71.5789919250431 71.4834032451597 72.2236375139104 72.2039578664616 72.1513925709062
71.8430026880654 71.5826819163634 71.3601556988457 71.4031591290416 71.5314931379673 71.7054981676353 72.3805624439469 72.2301403359067 72.3618635686013 72.3169753617538 72.0687428204296 72.0438721841556 72.352234989473 72.2771473552522 71.9685865961044 72.3094088372 72.1624838544796 72.3596591945104 72.4324313846056 72.0876813127508 72.1086630728393 71.9006199021669 71.9379596604561 71.6889566454321 71.5986737243867 71.496671807801 71.9298632017358 72.399094200717 72.5176685016149 72.0011794926855 72.0488106712133 72.103292790222 72.1123005727989 71.8396654177303 72.2175800367425 72.0361656179938 71.8869278275111 71.8366021951458 71.9059641760295 72.1175723354649 71.9834585073695 -9999 71.4654245789948 71.5041371175483 71.5473912491214 71.708139966509 71.6509658380733 71.7757755951398 71.9195166384967 71.8103377436112
71.7250970884289 71.6253449918409 71.2609738535893 71.3387187577489 71.8636582498916 71.8753242486608 72.2202860129377 72.2400226146246 71.9782082449 72.0090969491424 71.962293084852 71.9931334100323 72.1533347123837 72.098397980887 71.935739241526 72.0853084229477 72.1253844504845 72.421735858948 72.4077144041891 72.3114601781861 72.2816709277458 71.793642808666 71.5005204534391 71.7490067527354 71.934466959225 71.8680553131422 72.0229235867705 72.066650558984 72.1649122582531 71.8211576420765 72.2739984918913 72.0747372604507 71.8518537991896 71.7456194072483 72.0910244205259 71.4765557168321 71.5096880962075 71.85419052408 71.794121383673 71.912006244548 71.9997714930389 -9999 -9999 71.466505068686 71.7103773798597 71.932197618633 71.8137525192008 71.1075664646198 71.4615852665763 71.859018626269
71.3960801801881 71.3417769125521 71.3869998138753 71.493937012992 71.837845332244 71.9833689412014 71.9150089396055 72.0119512599372 -9999 -9999 71.8022522875491 71.8856135233303 71.9564951592601 71.8679425314736 71.8841920705717 71.8884370608403 72.1284106277757 72.3865873081998 72.4158343174733 72.2964974057474 72.4296856535937 72.0322147941703 71.6552547317223 71.8821275831554 72.0920537574982 72.1196021093461 72.0857976567788 72.0730778100839 72.0754622890723 72.2006241129105 71.9484571604296 71.9973238299969 71.9466557715016 71.5380553599755 71.8682297566759 71.3717339766563 71.3938819909298 71.8011619924027 71.8448518094499 71.556553648957 71.7513936724816 71.5497241768807 -9999 71.6293148763395 71.681051496656 71.7027875749837 71.6559024931961 71.1218981826344 71.3246811326074 71.9202516044207
71.3938229402586 71.1606926988844 71.5140426776519 71.6740491383489 71.5946935226699 71.7578919292015 71.6847431390207 71.6304415219423 71.803906022206 71.5200862461465 71.6701661009865 71.7277279675981 71.8265862757346 71.9728686411508 72.0313102516892 72.1637731981456 72.0774612610791 72.166807767322 72.274225577667 71.8894343636389 72.23099276136 72.0730642695169 71.8821065676158 71.6369272662745 72.0646097744014 72.2674198090889 72.0800293898753 71.7781439303266 71.909429134223 72.2286540173043 71.413609051927 71.9020607152208 72.1424516147359 71.4804816466604 71.6968227314986 71.7362186865563 71.3210355592921 71.4944551151348 72.0245433751724 71.6490696692945 71.6903950282853 71.3692773787794 71.8477161404401 71.4327189557022 71.1027735743899 71.3012158671603 71.4281218079899 71.8848162452589 71.606786419137 71.7153623319257
71.4903425778808 71.1101916122391 71.2507478596981 71.5152456067916 71.5368854136774 71.5330970576309 71.535911617995 71.4141860538685 71.7360692840825 71.400749295808 71.5678881983087 71.7781437498442 71.8313260508031 72.0380366234041 71.7182070919341 71.9922284807107 72.0746946491677 71.8909630449448 71.8133654264543 71.7407682328335 71.7770489277001 71.8029631121233 71.94890270909 71.6289085920279 72.0501668789782 72.458205846137 72.2053543161745 71.7388767910008 71.571614180213 71.6051309835756 71.70253789976 71.9087122904146 71.8217208357448 71.4307820978426 71.751757430484 71.4933931157788 71.380688412821 71.5143286827355 71.8679176284427 71.8558609684263 72.0372225648678 71.5867483200546 71.6066351839095 71.1905319117633 71.0868357284849 71.6912310153941 71.434553651952 71.7342451254858 71.6844596016293 71.5387572202131
71.1394017512257 70.9495131578879 71.2305109295553 71.4267734043338 71.3235162319839 71.3536277275338 71.287525746299 71.5423347441806 71.559057035947 71.3797234672058 71.4377453458771 71.5280053561667 71.6743517934644 71.7399562234852 71.2719278914543 71.9607573155025 72.1523984910526 -9999 71.6369627948552 71.7875845998869 71.620750091701 71.5603824880433 71.7860664301384 71.5368543507418 71.8672130853056 72.1065613683606 72.1763714602127 71.7867049929256 71.2105010571831 70.9994708005355 71.4953130410052 71.8286707417885 71.6580347419889 71.8565922424801 71.7925782787578 70.819215799878 71.5485511672602 71.5793619130593 71.8511030876799 71.5669597281758 71.6342396913582 71.7209686489417 71.0784029490342 71.0149147963036 71.1122000240414 71.5247570991819 71.3467103274498 71.2053013471002 71.4529884743918 71.4256650547846
71.0398061965614 70.9439656002401 71.2892837788847 71.2985094819224 71.0357377893021 71.4556327299844 71.4486716907532 71.4065320800915 71.3428243062043 71.4148535747672 71.2803682954868 71.1090748933225 71.5001186212139 71.7621859687896 71.5189653343907 71.8338259518349 71.8515426943385 71.8815004341854 71.996595727276 71.5754704975831 71.3689615844289 71.1934702166334 71.5213197453187 71.2544269334872 71.5097147719972 71.9321352293976 71.8480890568399 71.2709347226763 70.9696045078657 71.1374494052864 71.1478079807273 71.2244404962764 71.2217411887118 71.479091620055 71.3450801649705 70.7852527117983 71.5944525357437 71.3114773130178 71.5818260515964 71.2301601385189 -9999 71.1143446175226 70.8125482130449 70.6587199683065 70.6882393279142 70.8472532240463 71.4307876815881 71.1273853081069 71.0512625231537 71.5123721181342
70.8637868572358 70.6433133290065 71.0119249567019 71.0282382996011 70.7183958668122 71.2959581338425 71.5001520186188 71.3952089354634 71.0638767611095 71.1236580865308 71.1900366077915 71.3142325634876 71.5871673418131 71.8324530471707 71.6253250944654 71.783922097735 71.6233558987785 71.7656874342714 72.0208272493916 71.3749948506252 71.3584716890124 70.9911031012204 71.3305998014244 71.3386167058929 71.2298538042178 71.901708247164 71.3693688337668 70.8007389205798 71.0786448087312 71.3349777508441 70.9183311058248 70.993691805794 71.2141488292875 71.1435720453488 70.949216206612 70.8445082656395 71.491400475462 71.6180078193103 71.3939022867213 70.9221516910016 70.859167407121 71.057130429473 70.7087031128146 71.1549414082507 70.9827875332038 70.6903901005573 71.2933660296468 71.1391101084229 70.8940962257793 71.1740787257933
70.5498880948171 70.3313762320801 71.1865217372459 71.1780659038781 70.6905601937259 70.9198332036684 71.1120570234174 71.1083586495969 70.9789786856742 70.9320604312423 71.2485698975871 71.3763711210587 71.4189118759449 71.5338827441355 71.5312403241623 71.6842796486032 71.563938162812 71.3410595515439 71.6572521097033 71.2205266287935 71.4004140704777 71.5916996712699 71.4871783462545 71.306548905711 71.4853333792474 71.5927001763009 71.2068821747781 70.9832593800983 71.2128073639063 71.3024535985574 70.8786110527638 71.0406930174866 71.3746554306421 71.441103336837 71.2018836201501 71.2456085482441 71.0811321800564 71.4301356472797 71.2169009206614 70.7457929735005 70.6899912931889 71.1744540211569 70.4396208529865 71.1299543645519 71.3553360197118 70.8731352308557 70.9921271730454 71.0591034903667 71.015925245309 71.2079661106254
70.8011188006944 71.0600062572912 70.8211001389539 70.4636024509933 70.890700172454 70.6354868421404 70.71489030426 70.5811558853918 70.7608041408634 70.6879776445281 70.8628368727175 71.0161133275492 71.0421423863751 70.7712384965874 70.8999411673428 71.185765997355 71.1950297394383 71.1846627641773 70.9661671828473 71.164186333336 70.9432894654935 71.1184201913123 71.4717034969939 71.0268315051631 71.0983525646387 70.9239277181967 70.9562609361633 70.8775704517647 71.3374131583665 71.1402545254827 71.1361654857476 70.6760892623341 70.5760147223786 71.1765009812504 71.3593599488471 71.0239010174456 70.8852703727655 71.2863780489148 71.3499386324791 70.9391075092469 70.269839616574 70.4395640218116 70.6273558597911 70.6041664829934 70.8939500767293 71.2819769735278 70.977429763428 70.8453373682237 71.1509464021897 70.9024011144317
70.6185277461256 70.7875206138674 70.7651842940105 70.497061217008 70.5384367839878 70.4240585006165 70.5504667041035 70.861273870931 70.3744315935932 70.5461389603111 70.6423522728217 70.8077729630716 70.7827828344856 70.8808927985694 70.7607238575968 71.1717530681689 71.0511726857216 71.1385158768976 71.1406463806668 71.2578229320939 70.9320276871982 71.0285201070582 71.3871247207697 71.3127903838531 71.3476913240788 71.2464039776362 70.8357932355094 70.4952869254396 70.9859151140598 70.8878590962243 71.0692838061627 70.7842156449632 70.7794011937356 71.0594499956921 71.0695585117301 70.9668578997265 71.1248065259065 70.9496147410231 70.9056013028877 70.8814944352459 70.4937195068525 70.3565788134319 70.4105994939834 70.5166076946252 70.4970142734992 71.3398709378085 70.7315887824616 70.5894796220009 70.6754812449882 70.6216642871194
70.5893247934594 70.7511429557225 70.7380323463833 70.6394073375539 70.45411944909 70.3277922051543 70.1042148173351 70.5046248750895 70.4483565997141 70.5572185424081 70.3837140255845 70.6056287686023 70.7031904704883 71.1147940324643 70.7048186399738 70.8356431171617 70.7005414201121 70.8597775221921 70.8109836647499 70.7637236609366 70.791437445417 70.951670145698 70.8917190545902 70.8814382297576 71.3459859259657 71.1410888747625 70.9889305345813 70.6303947927791 70.6462920826002 70.5888457010586 70.6888098529406 70.4454876487919 70.7514522194407 70.3291004678988 70.6483656879121 70.8226088592052 70.6619437034423 70.6475871734277 70.5662110222473 70.8024231377856 70.7101172348743 70.4760773188874 70.3407955592667 70.1625681927783 70.4372847577157 70.5336604201829 70.3708841284837 70.7616252410755 70.7276720604666 70.6471647036573
