rcp4.5models/GFDL_CM3/sc1gr0.15
NCOLS 261 
NROWS 433 
XLLCORNER 336357.134 
YLLCORNER 654653.479 
CELLSIZE 1000 
NODATA_value -3.4e+38 
[rows 396 to 417 of 433, columns 98 to 146 of 261]
63.7180557250977 62.757625579834 63.4227409362793 64.9748153686523 65.4433441162109 65.0810852050781 64.5960311889648 64.9264602661133 64.8884506225586 64.4851760864258 64.6694030761719 65.3533706665039 66.2043151855469 67.3806991577148 68.9182739257812 68.6698455810547 68.8379211425781 68.7786636352539 67.913330078125 67.3500671386719 67.5866088867188 67.9299926757812 68.2463912963867 68.9096908569336 70.8742218017578 73.5324935913086 69.6847381591797 67.5462112426758 67.3175811767578 67.3834609985352 67.4010925292969 67.4108428955078 67.6248779296875 67.7094879150391 67.7292022705078 67.7798538208008 67.9382705688477 68.0488052368164 68.1969604492188 68.2395324707031 68.5075836181641 68.6983871459961 68.5349273681641 68.3889389038086 68.360954284668 68.3736343383789 68.4250869750977 68.3569946289062 68.2344818115234
64.2252883911133 62.991039276123 62.8011817932129 63.7600326538086 64.6781768798828 64.9633941650391 64.6422958374023 64.8644104003906 64.7983627319336 64.1202239990234 64.3097610473633 65.2377395629883 66.0389175415039 66.7012252807617 68.3095855712891 68.5818710327148 67.9896469116211 67.3723754882812 66.7936096191406 66.7210388183594 67.4944534301758 67.8857803344727 68.0625839233398 69.4271926879883 71.8521728515625 72.6339569091797 67.7967300415039 67.0629043579102 67.1450653076172 67.1620635986328 67.1380920410156 67.0729751586914 67.1137313842773 67.2807312011719 67.4013214111328 67.4142990112305 67.6580963134766 67.9341125488281 68.0922775268555 67.991943359375 67.8880920410156 68.0169525146484 68.0947875976562 68.1559677124023 68.0927276611328 68.0464324951172 68.2653427124023 68.2641983032227 68.10107421875
64.1099853515625 62.8704605102539 62.1908569335938 62.8721961975098 64.1514892578125 64.69677734375 64.4445190429688 63.9440841674805 63.4843521118164 63.2821006774902 63.743335723877 65.0062484741211 65.9372940063477 66.1294708251953 67.1345138549805 66.9272232055664 66.240104675293 66.1435775756836 66.156364440918 66.3986663818359 67.3585815429688 67.704963684082 68.0716781616211 69.796630859375 71.4400177001953 70.3860092163086 66.5501327514648 66.7655334472656 66.9161071777344 66.9470596313477 67.0425033569336 66.9393005371094 66.7802505493164 67.0811614990234 67.271369934082 66.9825897216797 67.200927734375 67.6537017822266 67.8693466186523 67.8148574829102 67.5874404907227 67.544548034668 67.6908111572266 67.8504180908203 67.7869186401367 67.7060546875 67.8269500732422 67.7845611572266 67.5702667236328
64.0409622192383 63.3723487854004 62.7713890075684 62.3965187072754 63.2677345275879 63.8707046508789 63.8243713378906 63.0220565795898 62.5498847961426 62.6374282836914 62.9526786804199 64.1507263183594 65.4112091064453 65.725471496582 65.5093841552734 65.4802322387695 65.4863586425781 65.4799423217773 65.5957870483398 66.6403579711914 67.7447357177734 67.6478729248047 68.3045196533203 69.8090209960938 69.7990264892578 67.7162857055664 66.2441864013672 66.6016006469727 66.6315994262695 66.7582168579102 67.1373291015625 66.9535522460938 66.4986419677734 -3.4e+38 66.8100051879883 66.6248474121094 66.6421737670898 66.9700622558594 67.3031768798828 67.4659729003906 67.3904724121094 67.2021102905273 67.227424621582 67.3774566650391 67.5686492919922 67.7266235351562 67.2682113647461 67.1456604003906 67.0276107788086
64.1579437255859 64.0643005371094 63.7583618164062 61.9340972900391 62.186092376709 62.6785888671875 62.9183120727539 62.3977127075195 62.2851219177246 62.8128356933594 62.8760414123535 63.2586479187012 64.4383773803711 64.9571304321289 64.4652099609375 64.6072845458984 64.5484085083008 64.7644348144531 65.8767013549805 67.3942031860352 68.0037002563477 68.2610549926758 69.8261184692383 70.7485046386719 68.8585357666016 66.2980346679688 65.573616027832 65.9236068725586 66.0663299560547 66.5597076416016 67.0710830688477 66.7611083984375 66.1018218994141 66.0740432739258 -3.4e+38 66.1257553100586 66.2619857788086 66.6363906860352 66.9365997314453 67.0258407592773 67.0818099975586 66.9398651123047 66.8615493774414 66.8465270996094 67.3339614868164 67.703498840332 66.8348083496094 66.7604751586914 66.5576477050781
63.2880973815918 63.6962127685547 64.0645980834961 62.0426902770996 61.7058219909668 61.8246803283691 61.9991302490234 61.7179222106934 61.7369918823242 62.622241973877 62.919677734375 62.8246421813965 63.5711822509766 64.453971862793 64.1779022216797 64.414436340332 64.8626251220703 65.8598022460938 67.1201019287109 67.5198059082031 67.4542846679688 68.6537246704102 70.8028182983398 70.6479797363281 67.6305465698242 65.5528106689453 65.4241714477539 65.4781036376953 65.4651565551758 66.0100173950195 66.3501586914062 65.9211959838867 65.6804428100586 65.9343032836914 66.0402679443359 65.8301391601562 65.7892990112305 66.2512283325195 66.3957901000977 66.432731628418 66.5229263305664 66.5153045654297 66.4568481445312 66.3748168945312 66.6554336547852 66.8424453735352 66.4926300048828 66.4606552124023 66.2108688354492
62.4502296447754 63.4894218444824 63.7358016967773 62.0278205871582 61.3662300109863 61.3321952819824 61.4246025085449 61.4221076965332 61.6863174438477 62.1666564941406 62.2812004089355 62.4706192016602 62.9875526428223 63.7857780456543 64.893424987793 65.6424179077148 65.8129577636719 66.4235382080078 67.0154190063477 66.8672103881836 67.003303527832 68.3745727539062 69.5109024047852 68.3771514892578 65.8738403320312 64.7631988525391 65.3168792724609 65.3375015258789 65.2839431762695 65.322135925293 65.3764572143555 65.1925811767578 65.3814926147461 65.754753112793 65.8806762695312 65.594612121582 65.5032653808594 65.6651000976562 65.8111572265625 65.9045104980469 65.9696044921875 65.9960708618164 65.9523010253906 65.9222412109375 65.9955520629883 65.9877624511719 66.1455078125 66.1134872436523 65.9792785644531
61.9511413574219 62.9661598205566 62.8697471618652 61.3559989929199 60.8051490783691 60.7603607177734 60.9128494262695 61.2173881530762 62.0055770874023 62.6178207397461 62.3420143127441 62.6120758056641 63.4349708557129 64.2666244506836 65.9454040527344 66.0902557373047 65.6376113891602 65.5329437255859 65.9623031616211 66.558967590332 67.0953750610352 67.7048034667969 67.5000991821289 65.9245758056641 64.4291305541992 64.4899291992188 65.0164947509766 65.1384429931641 65.050537109375 64.8918838500977 64.8497619628906 64.9221649169922 65.014045715332 65.2214813232422 65.3438034057617 65.2618865966797 65.2882690429688 65.2693939208984 65.4767150878906 65.4854965209961 65.5014419555664 65.5269546508789 65.5155410766602 65.5001602172852 65.5575637817383 65.5646209716797 65.6415023803711 65.6871948242188 65.74755859375
61.2747764587402 61.5128326416016 61.9548263549805 61.310489654541 60.6444473266602 60.342960357666 60.439582824707 60.7729263305664 61.7431869506836 63.1185722351074 63.5739288330078 63.5195503234863 64.070556640625 65.0570373535156 66.0620193481445 65.7759857177734 65.9292221069336 66.1480865478516 65.6597747802734 65.8037109375 66.5602340698242 66.5419692993164 65.9830551147461 64.86181640625 63.9245376586914 64.3262176513672 64.9991683959961 65.318229675293 64.9606704711914 64.6239013671875 64.6336898803711 64.6479263305664 64.6095352172852 64.7005767822266 64.7715301513672 64.9256973266602 64.8805618286133 64.8418731689453 64.9465713500977 64.9953918457031 65.067741394043 65.0899353027344 65.0905380249023 65.1795043945312 65.2598266601562 65.2429122924805 65.1832580566406 65.2887954711914 65.4391403198242
60.4337310791016 60.1656951904297 60.6852798461914 60.9780693054199 60.3000068664551 59.9911231994629 60.1262664794922 60.3425750732422 60.9362640380859 62.1530609130859 63.0759353637695 63.6771812438965 64.7076950073242 65.6368637084961 66.3046646118164 66.4073486328125 66.5861968994141 66.723991394043 65.7426300048828 64.6632385253906 65.0203552246094 65.0346069335938 64.2798919677734 63.8072204589844 63.7356643676758 64.132080078125 64.7755584716797 65.1859893798828 64.8294372558594 64.3902206420898 64.2984008789062 64.1804733276367 64.2516784667969 64.3653717041016 64.3259429931641 64.3928604125977 64.4328536987305 64.5183639526367 64.4957275390625 64.6031494140625 64.7589797973633 64.7602157592773 64.7130355834961 64.8435897827148 64.8603591918945 64.8650817871094 64.8619079589844 64.9085083007812 65.0274124145508
59.9612884521484 59.6234016418457 59.2291946411133 60.3453521728516 60.3321800231934 60.2859344482422 60.0118522644043 59.850757598877 59.9556274414062 60.2442283630371 60.7414360046387 61.3762130737305 61.6532592773438 61.7121124267578 62.258674621582 62.6703987121582 62.7342262268066 62.6828231811523 62.5406951904297 62.0010261535645 61.9564781188965 62.0642013549805 62.2273750305176 62.6233024597168 62.9430503845215 63.2506256103516 63.8975563049316 64.3860855102539 64.2125549316406 63.6704177856445 63.4898490905762 63.4589500427246 63.7031669616699 63.8966598510742 63.8116645812988 63.6699104309082 63.754711151123 63.8711433410645 63.9054641723633 63.9122543334961 63.9775772094727 64.054069519043 64.0995330810547 64.1881561279297 64.2342910766602 64.1655426025391 64.1214904785156 64.1354751586914 64.4070663452148
58.8887672424316 58.8437957763672 59.3885765075684 60.134895324707 61.351001739502 61.1371116638184 59.8155403137207 59.4395790100098 59.4896774291992 59.8452110290527 60.1429748535156 60.5190391540527 60.9250373840332 61.2446823120117 61.0620727539062 61.0780296325684 61.3053970336914 61.6948471069336 61.6576118469238 61.5948295593262 61.8029441833496 61.7885627746582 61.8994255065918 62.4402618408203 62.7455444335938 62.9658660888672 63.5363693237305 63.7750396728516 63.7527389526367 63.5474472045898 63.2903671264648 63.1684722900391 63.5061645507812 63.7962875366211 63.6297149658203 63.5597229003906 63.7039489746094 63.6961860656738 63.7496566772461 63.6730308532715 63.6100082397461 63.8150444030762 63.9729042053223 63.995044708252 63.9653854370117 63.853084564209 63.7900314331055 63.7678642272949 64.0952758789062
58.3183631896973 57.9525566101074 58.7203674316406 59.2670211791992 60.246452331543 60.0519599914551 59.1535797119141 59.1196250915527 59.10595703125 59.3658294677734 59.748908996582 59.8829345703125 60.1079521179199 60.6680374145508 60.6133117675781 60.5506248474121 60.7361755371094 60.9849014282227 61.1704559326172 61.3551216125488 61.6445159912109 61.6523323059082 61.6435928344727 61.9743499755859 62.1893043518066 62.5297660827637 62.958568572998 63.2153129577637 63.3481330871582 63.3196678161621 63.1404991149902 62.9166488647461 62.9558982849121 63.2042045593262 63.3126335144043 63.5128211975098 63.7224349975586 63.6395721435547 63.6542205810547 63.607105255127 63.5518493652344 63.719310760498 63.7911148071289 63.8425979614258 63.8358840942383 63.7476615905762 63.644660949707 63.6227226257324 63.8461418151855
58.8690185546875 57.8838958740234 58.0336494445801 58.4415740966797 58.6686363220215 58.7287139892578 58.7261276245117 58.8562049865723 58.8069801330566 58.9398231506348 59.2843818664551 59.4619026184082 59.6119384765625 60.0714912414551 60.3178405761719 60.2595672607422 60.5045280456543 60.6649894714355 60.8704223632812 61.1181030273438 61.3245239257812 61.5307884216309 61.618480682373 61.5937767028809 62.0353050231934 62.5714721679688 62.6086196899414 62.9252471923828 63.0446548461914 62.8335151672363 62.6890449523926 62.6311454772949 62.5837364196777 62.7658271789551 62.9441299438477 63.2064781188965 63.3453407287598 63.3330230712891 63.3901863098145 63.3411140441895 63.4171257019043 63.6130142211914 63.5718040466309 63.5550193786621 63.6394233703613 63.5257606506348 63.4430274963379 63.4550895690918 63.7483520507812
59.3184700012207 57.8585166931152 57.5969505310059 58.1663436889648 58.2357635498047 58.2523498535156 58.2125473022461 58.4057159423828 58.5830917358398 58.7067489624023 59.0676536560059 59.4968910217285 59.6898040771484 59.869815826416 60.1452560424805 60.2324562072754 60.4111518859863 60.408275604248 60.6123008728027 60.8381195068359 61.0013160705566 61.5955238342285 62.0472755432129 61.8412818908691 62.1243133544922 62.6631889343262 62.6168975830078 62.6756134033203 62.4913902282715 62.2496452331543 62.1487770080566 62.2408103942871 62.3955612182617 62.5810775756836 62.6612968444824 62.9023780822754 63.1493949890137 63.1232833862305 63.0626029968262 63.0041236877441 63.131217956543 63.301685333252 63.288459777832 63.2027969360352 63.3521270751953 63.3100471496582 63.2393951416016 63.1701622009277 63.4662742614746
58.0918464660645 57.2432289123535 57.2483749389648 58.1838569641113 58.0148239135742 57.850414276123 57.750904083252 58.1059150695801 58.4776992797852 58.5718078613281 58.978832244873 59.5478324890137 59.6752777099609 59.5900688171387 59.8070373535156 59.9514083862305 60.0903701782227 60.1924362182617 60.2704811096191 60.4109268188477 60.7836723327637 61.9707260131836 62.8922233581543 62.4182281494141 62.1298294067383 62.3728408813477 62.1535873413086 62.0949478149414 62.0680885314941 62.0544586181641 61.9530296325684 61.9277038574219 62.0307731628418 62.1430358886719 62.2818145751953 62.5141792297363 62.7669448852539 62.9437026977539 62.8260040283203 62.8081436157227 62.803783416748 62.8067512512207 62.881965637207 62.873119354248 63.1620979309082 63.2696952819824 63.1210060119629 62.9059944152832 63.0754432678223
56.9326171875 57.090145111084 57.5696144104004 58.5595092773438 58.0189208984375 57.7224655151367 57.7342681884766 57.9740142822266 58.1453704833984 58.1460800170898 58.4877700805664 58.9076118469238 59.1728973388672 59.3139686584473 59.6617851257324 59.7384910583496 59.7083015441895 59.9778366088867 60.1196632385254 60.2581405639648 61.0432319641113 61.9492454528809 62.5337066650391 62.3616485595703 62.0556526184082 61.9577674865723 61.5674209594727 61.8530006408691 62.2441787719727 62.3936386108398 62.0940628051758 62.016731262207 62.0344352722168 61.7747268676758 61.9138641357422 62.1332817077637 62.2194633483887 62.6587448120117 62.6646537780762 62.6138648986816 62.5308570861816 62.5920066833496 62.637825012207 62.5853385925293 62.7645835876465 62.915111541748 62.9130439758301 62.7858963012695 62.7737655639648
56.7358245849609 57.0888557434082 57.7638740539551 59.0407752990723 58.6301918029785 58.1053466796875 57.893196105957 57.8115501403809 57.8090896606445 57.7755928039551 58.1364669799805 58.5411605834961 58.7582168579102 58.9359588623047 59.4859924316406 59.5604476928711 59.4522094726562 59.6561889648438 59.8776779174805 60.1429672241211 60.883056640625 61.1591873168945 61.4533882141113 61.9019813537598 61.8373680114746 61.5145301818848 61.2159767150879 61.9367866516113 62.6140403747559 62.6446952819824 62.5012855529785 62.5409278869629 62.3120346069336 61.6633377075195 61.6271209716797 61.8539810180664 61.9549102783203 62.2833404541016 62.3956069946289 62.4829864501953 62.4355392456055 62.4971122741699 62.5510444641113 62.4659156799316 62.3690414428711 62.462287902832 62.6031913757324 62.603630065918 62.6562385559082
56.6001091003418 56.8869018554688 57.4076881408691 59.3120765686035 59.468807220459 58.6394500732422 57.8192291259766 57.5442886352539 57.5623168945312 57.7587966918945 58.1762161254883 58.4181289672852 58.4986228942871 58.7509918212891 59.1877479553223 59.1361274719238 59.1104202270508 59.2094612121582 59.4124641418457 59.8640556335449 60.3171539306641 60.66455078125 61.0553398132324 61.484619140625 61.6199264526367 61.2476272583008 60.7680358886719 61.3631782531738 61.863208770752 62.0614204406738 62.3575325012207 62.3342170715332 62.0351181030273 61.5526809692383 61.4723510742188 61.5972557067871 61.7618026733398 61.8023452758789 61.909423828125 62.1480026245117 62.1957740783691 62.1572189331055 62.2318840026855 62.2205619812012 62.1431274414062 62.1282196044922 62.253173828125 62.3505706787109 62.5520973205566
57.2830772399902 57.0464057922363 57.4433631896973 59.2921257019043 59.6488952636719 58.3737983703613 57.2725639343262 57.1402893066406 57.2527542114258 57.5396461486816 57.8388175964355 57.8625907897949 58.1782379150391 58.723934173584 58.8442687988281 58.7761535644531 58.7508659362793 58.8907203674316 59.1755905151367 59.583812713623 59.9314155578613 60.2770118713379 60.5870132446289 60.8693923950195 60.9406204223633 60.6457901000977 60.526180267334 60.6670875549316 60.7552947998047 61.0606994628906 61.4031562805176 61.3962898254395 61.3451347351074 61.2688522338867 61.3306312561035 61.3567352294922 61.4481315612793 61.488468170166 61.5175094604492 61.6654663085938 61.7791366577148 61.7573089599609 61.6677513122559 61.8020553588867 61.9678535461426 61.9168586730957 61.9910469055176 62.0759582519531 62.2229614257812
57.5279197692871 57.2107620239258 57.4231338500977 59.1590805053711 59.4560813903809 57.8878898620605 56.8141326904297 56.9254531860352 57.0558815002441 57.1325225830078 57.2978439331055 57.4327774047852 57.7693634033203 58.1424598693848 58.4681777954102 58.5844612121582 58.6398849487305 58.7577896118164 58.978630065918 59.1786270141602 59.4830932617188 59.7701797485352 59.9699287414551 60.4180564880371 60.5935363769531 60.4781494140625 60.7087059020996 60.4922676086426 60.4252777099609 60.4797439575195 60.6047096252441 60.7072639465332 60.7720375061035 60.8110733032227 60.8741493225098 60.8819351196289 60.9642868041992 61.1480827331543 61.2046585083008 61.3101234436035 61.4146423339844 61.4833450317383 61.4177589416504 61.5428199768066 61.8516311645508 61.776008605957 61.7272834777832 61.7332763671875 61.9371948242188
56.420825958252 56.5120010375977 56.4921379089355 58.0029678344727 58.3165283203125 57.5029182434082 56.7320861816406 56.7951278686523 56.9433517456055 56.9168891906738 57.0673561096191 57.3075103759766 57.4433708190918 57.6946601867676 58.2157669067383 58.3859100341797 58.4652900695801 58.643913269043 58.739673614502 58.9409637451172 59.3489036560059 59.5730895996094 59.5650939941406 60.0262641906738 60.3708457946777 60.4569854736328 60.7311897277832 60.563606262207 60.4472274780273 60.5407257080078 60.5340805053711 60.5130348205566 60.5333518981934 60.3988189697266 60.4869155883789 60.6020736694336 60.6561241149902 60.9329299926758 60.9382781982422 60.9724349975586 61.0953903198242 61.2254753112793 61.2277183532715 61.2888336181641 61.492546081543 61.4546508789062 61.4081573486328 61.4392127990723 61.6779937744141
