rcp4.5models/GFDL_CM3/sc1gr8.32
NCOLS 261 
NROWS 433 
XLLCORNER 336357.134 
YLLCORNER 654653.479 
CELLSIZE 1000 
NODATA_value -3.4e+38 
[rows 154 to 175 of 433, columns 49 to 97 of 261]
19.9321556091309 20.5841865539551 20.8837471008301 21.431303024292 21.6108722686768 21.9548301696777 22.9986820220947 23.87522315979 25.0400428771973 24.8814525604248 25.3233547210693 25.4476146697998 25.7418899536133 26.9969158172607 27.2091636657715 27.9224739074707 28.8174438476562 29.4408626556396 31.1327152252197 31.5153694152832 32.0337829589844 32.5476760864258 33.8311653137207 34.6510772705078 35.8136215209961 36.6871147155762 37.9222183227539 38.6178016662598 39.293155670166 41.6875991821289 42.4432907104492 44.0182838439941 44.9755477905273 46.4071617126465 47.4239120483398 49.0571632385254 50.1010818481445 51.7646789550781 52.6664772033691 53.7480392456055 55.4536056518555 58.2297668457031 58.8351707458496 59.7948875427246 61.5697975158691 62.5485305786133 63.51318359375 64.2667999267578 64.723518371582
19.8426036834717 20.8480854034424 20.9782295227051 21.5138626098633 21.6519966125488 22.2636451721191 22.9990520477295 24.3493251800537 25.2164325714111 24.7426166534424 25.3232917785645 25.5153713226318 26.1950035095215 26.9975414276123 27.1619834899902 27.6107215881348 28.8201293945312 29.4415702819824 30.7981986999512 31.3957576751709 32.2730751037598 32.8914566040039 33.9947166442871 34.5331344604492 35.8566627502441 36.8496322631836 38.256706237793 38.5727005004883 39.3966751098633 41.4515380859375 42.249340057373 43.8214378356934 44.8128204345703 46.4149932861328 47.4332275390625 49.0656661987305 50.0060882568359 51.2854194641113 52.6752548217773 53.6909790039062 55.0926513671875 57.8953018188477 58.6611175537109 59.8076210021973 61.5819396972656 62.4676399230957 63.1655464172363 64.4104690551758 64.8701629638672
20.0462284088135 20.8484668731689 20.9376468658447 21.1890277862549 21.6786975860596 22.4492378234863 23.0285243988037 24.7077484130859 25.0119590759277 24.9239521026611 25.3000164031982 26.219554901123 26.6250152587891 27.2207069396973 27.3617687225342 27.6884880065918 28.9918994903564 29.3513660430908 30.8679904937744 31.5473003387451 32.1330833435059 33.274829864502 33.7729988098145 34.4919586181641 35.9564018249512 36.799633026123 37.9569854736328 38.5793876647949 -3.4e+38 41.2919692993164 42.2582702636719 43.7673416137695 44.4569854736328 46.0577812194824 47.0769882202148 48.708065032959 49.6929397583008 51.1311683654785 52.4639091491699 54.0231285095215 54.921329498291 57.8954010009766 58.6725425720215 59.8204956054688 61.594165802002 62.4525604248047 63.072509765625 64.4313201904297 64.9317398071289
20.8504123687744 21.0873641967773 21.2021408081055 21.6184597015381 21.9153861999512 22.6852416992188 23.2450180053711 24.4594020843506 24.8893985748291 25.0059490203857 25.295783996582 26.5250682830811 26.7315254211426 27.3257942199707 27.4679012298584 27.7987155914307 29.0757637023926 29.3123607635498 30.9806804656982 31.6165428161621 32.0029640197754 33.3449096679688 33.6233711242676 34.4435615539551 35.6019554138184 36.4730987548828 37.8036041259766 38.527660369873 39.1266136169434 41.3002166748047 42.2060165405273 43.4392318725586 44.2626342773438 45.8605194091797 46.8791999816895 48.5074195861816 49.5913734436035 51.4233360290527 52.5194892883301 54.2880668640137 55.1287498474121 58.0515937805176 58.8958473205566 60.0453567504883 61.745548248291 62.4998016357422 63.796745300293 64.6417236328125 65.1303787231445
21.1152667999268 21.1840934753418 21.3188304901123 21.9090442657471 22.4530620574951 22.7874126434326 23.3336334228516 24.3292789459229 24.9241027832031 25.3243141174316 26.0912857055664 26.7235679626465 26.6878814697266 27.0204391479492 27.5477104187012 28.2579212188721 29.081033706665 29.2659893035889 30.9880752563477 31.7048091888428 32.4164505004883 33.0474891662598 33.5746612548828 34.1195602416992 35.4225997924805 36.323600769043 37.7884712219238 38.3804016113281 38.9739646911621 41.0453872680664 42.3579902648926 43.2812728881836 44.2744903564453 45.8713836669922 46.9292945861816 48.7304077148438 49.7999687194824 51.5592231750488 52.5230407714844 53.8340873718262 55.2437515258789 58.0888366699219 59.0373878479004 60.1166763305664 61.5456008911133 62.5370407104492 64.2995986938477 64.9499816894531 65.2472915649414
21.3297672271729 21.1880378723145 21.324613571167 21.8769645690918 22.2020721435547 22.8242702484131 23.635684967041 24.5657520294189 25.1406021118164 25.5023422241211 26.6443138122559 26.84814453125 26.8948383331299 27.075590133667 27.6224098205566 28.6472148895264 28.9692440032959 29.3271160125732 31.1597690582275 31.6686153411865 32.8103485107422 32.9028205871582 33.5534286499023 34.0086784362793 35.6474838256836 36.4902381896973 37.6639785766602 38.3599395751953 39.1990585327148 41.1257476806641 42.6797027587891 43.4412536621094 44.137077331543 45.7322959899902 46.775016784668 48.501106262207 49.4400825500488 50.7204055786133 52.1037483215332 53.1902236938477 54.8895835876465 57.805248260498 59.0984230041504 60.2846374511719 61.3740119934082 62.5522689819336 64.3477401733398 65.1637496948242 65.5665130615234
21.445951461792 21.4318008422852 21.5685863494873 22.1560726165771 22.6990566253662 23.0004615783691 23.3887424468994 24.6740245819092 25.2339897155762 25.5267143249512 26.7388801574707 26.8702945709229 27.0051593780518 27.2812213897705 28.2846336364746 28.7355175018311 28.9547576904297 29.5951557159424 -3.4e+38 31.6376991271973 32.9455223083496 33.0728912353516 33.478328704834 34.2200508117676 35.7117881774902 36.2847290039062 37.6114273071289 38.4261703491211 39.4391288757324 41.2569732666016 42.7471694946289 43.239185333252 44.0666465759277 45.6597328186035 46.680793762207 48.3043823242188 49.1767082214355 50.2349319458008 51.900707244873 52.986499786377 54.6829109191895 57.5674324035645 58.8467216491699 60.4222221374512 61.388126373291 62.5676078796387 64.2906036376953 64.9399108886719 65.8138732910156
21.7117919921875 21.7494487762451 21.6604328155518 22.1114921569824 22.6800441741943 23.131872177124 23.6574897766113 24.9039478302002 25.464900970459 26.426607131958 26.456449508667 26.6181125640869 27.3630867004395 28.1216316223145 28.1927661895752 28.9445190429688 29.0613441467285 30.094409942627 30.8653011322021 31.8065948486328 32.4787063598633 32.8794746398926 33.540584564209 34.6560516357422 35.25244140625 36.0958137512207 37.2491836547852 38.018669128418 39.528392791748 40.8941345214844 42.2800369262695 43.2075347900391 44.5100746154785 45.2912368774414 46.1831436157227 47.9733772277832 48.9170150756836 50.2160835266113 51.5669136047363 52.6546211242676 54.3483772277832 57.5533027648926 58.6971702575684 60.4526405334473 61.4168395996094 62.5228691101074 63.9776344299316 64.78125 65.8692398071289
21.8154182434082 21.8408737182617 21.6232299804688 21.8462619781494 22.9045886993408 23.348482131958 23.7261009216309 24.9878368377686 25.3947792053223 26.4536437988281 26.5654544830322 26.7008285522461 27.4803085327148 28.2566967010498 28.4124774932861 29.0801181793213 29.27073097229 30.1841793060303 31.0867118835449 31.9704837799072 32.6815910339355 32.9603576660156 33.7426300048828 34.7343254089355 35.423023223877 36.0007209777832 37.3225212097168 38.1883773803711 39.4028129577637 40.9625587463379 42.4449691772461 43.1403732299805 44.6406478881836 45.1398735046387 46.1623039245605 47.7801208496094 48.8296890258789 50.478157043457 51.3670539855957 52.453987121582 54.1446723937988 57.2043876647949 58.4655456542969 60.6057434082031 61.2335662841797 62.1988182067871 63.8076324462891 64.7184219360352 65.5929565429688
22.2524471282959 21.8823642730713 21.8723087310791 22.0679244995117 22.9541053771973 23.4378089904785 23.6580142974854 24.9783039093018 25.2760696411133 26.4670085906982 26.594165802002 26.7495574951172 27.1953048706055 28.2868804931641 28.5170040130615 29.1100463867188 29.3930740356445 30.2509422302246 31.2272262573242 32.1759948730469 32.8072662353516 33.1216506958008 34.0367736816406 34.8036994934082 35.227352142334 35.9775581359863 37.3926010131836 37.9964332580566 39.3435516357422 41.5067901611328 42.2537269592285 43.0783462524414 44.5640335083008 44.9725646972656 45.863037109375 47.6515617370605 48.7016258239746 50.4183654785156 51.4836616516113 52.1821022033691 54.1614151000977 57.2096061706543 58.425895690918 60.4167098999023 61.1687698364258 62.2000732421875 63.8236198425293 64.6829376220703 65.3434448242188
21.6932544708252 21.9061336517334 21.9807739257812 22.1589775085449 22.9244804382324 23.5572490692139 24.3359031677246 24.9919662475586 25.2399959564209 26.1271877288818 26.3089942932129 26.7395515441895 27.0742416381836 28.3020420074463 28.4774227142334 28.8283863067627 29.409688949585 30.2393207550049 31.2446937561035 32.1349678039551 32.530647277832 33.1571769714355 34.1406936645508 34.7891960144043 35.1898498535156 36.3979454040527 37.0858154296875 37.8587837219238 39.2985382080078 41.4610176086426 42.1099548339844 43.0322723388672 44.2781639099121 44.9255027770996 45.8721008300781 47.5854721069336 48.6356353759766 50.3219413757324 51.3128967285156 52.168384552002 54.0300712585449 57.0691261291504 58.5029602050781 60.2533798217773 61.3442192077637 62.8650169372559 63.929759979248 64.4085006713867 65.30908203125
21.3632698059082 21.6098232269287 22.0641078948975 22.6874828338623 23.5552043914795 24.2510948181152 24.6792583465576 25.2388286590576 25.4643745422363 26.179141998291 26.2257804870605 26.9830131530762 27.2643165588379 28.2484226226807 28.6921997070312 28.9578342437744 29.8034496307373 30.4789905548096 31.1920948028564 32.3436050415039 32.620532989502 33.3957176208496 34.3792724609375 34.9870948791504 35.2006187438965 36.340518951416 36.8859519958496 37.5272445678711 38.9939651489258 41.3205947875977 42.0634536743164 42.7272720336914 44.1341934204102 44.9006118774414 45.6369857788086 47.3185501098633 48.6569976806641 50.3001403808594 51.3061447143555 52.7597541809082 53.9585609436035 56.836727142334 58.1597633361816 59.9082336425781 61.0816345214844 62.8601989746094 63.7147979736328 64.1605529785156 64.9584655761719
21.4415683746338 22.0487995147705 22.3493423461914 23.1212978363037 23.8296508789062 24.5349578857422 24.658727645874 25.3568477630615 25.5853500366211 26.3194103240967 26.4546184539795 27.1047477722168 27.3630638122559 28.2351589202881 28.8167343139648 29.0994319915771 30.0055065155029 30.6970996856689 31.628849029541 32.4741516113281 32.787971496582 33.6953620910645 34.4521255493164 34.8503074645996 35.4067153930664 36.3616409301758 36.8012351989746 -3.4e+38 39.0083122253418 41.204647064209 41.933837890625 42.5193405151367 43.8016548156738 44.5952453613281 45.4528884887695 47.1027336120605 48.3224029541016 49.9637031555176 51.0428619384766 52.7148628234863 53.619068145752 56.4496726989746 57.5937232971191 59.3381462097168 60.4530181884766 62.0737190246582 63.1839790344238 63.7602462768555 64.3723602294922
21.6498279571533 21.9808044433594 22.4644718170166 23.223316192627 23.8471393585205 24.5520439147949 24.6533088684082 25.076997756958 25.6046981811523 26.3543643951416 26.5064907073975 26.8292083740234 27.3834381103516 28.1985759735107 28.5439701080322 29.1205368041992 30.0648555755615 30.857006072998 31.815881729126 32.2062187194824 32.8284111022949 33.7416343688965 34.154125213623 34.678539276123 35.2581405639648 36.4660186767578 36.786247253418 37.6520309448242 38.8277549743652 41.1513862609863 41.8663558959961 42.4340438842773 43.7950439453125 44.4525527954102 45.4765853881836 47.0132827758789 47.8507614135742 49.7730445861816 50.8513298034668 52.5200805664062 53.421272277832 56.2476425170898 57.3906707763672 59.1318016052246 60.1888465881348 61.5314674377441 62.438777923584 63.1775169372559 63.7887306213379
21.7283020019531 21.9487895965576 22.9065113067627 23.2242279052734 23.8061637878418 24.8081359863281 24.8717555999756 25.1631641387939 25.6247806549072 26.3739452362061 26.5380630493164 26.9068279266357 27.4045848846436 28.2299118041992 28.7430744171143 29.8112697601318 30.2932643890381 30.9619884490967 31.8078060150146 32.0218505859375 32.5655479431152 33.732780456543 33.9655075073242 34.3824691772461 35.0673294067383 36.2045516967773 36.7453651428223 37.3568115234375 38.695686340332 41.1087989807129 41.5910568237305 42.4200439453125 43.8909873962402 44.2951622009277 45.1474113464355 46.7109870910645 47.6365356445312 49.4406051635742 50.5193367004395 52.1861419677734 53.0856170654297 55.9102897644043 57.0535621643066 58.7926292419434 59.6542701721191 60.4014854431152 61.6774253845215 62.454418182373 63.7073059082031
22.0441703796387 22.5440292358398 23.3414554595947 23.4404525756836 23.7242088317871 24.5021057128906 25.0143795013428 25.2524261474609 25.5868225097656 26.6268920898438 26.7701416015625 27.1429748535156 28.0934829711914 28.4600429534912 28.9194355010986 30.1561698913574 30.3481101989746 30.6559219360352 31.7684783935547 32.2364616394043 -3.4e+38 33.2400970458984 34.177318572998 34.4130630493164 34.99462890625 36.2312927246094 36.7363319396973 37.6921501159668 38.6546821594238 40.8135299682617 41.456371307373 42.3777236938477 43.6182289123535 44.257755279541 45.1816215515137 46.7835311889648 47.718147277832 48.8982315063477 49.9754104614258 51.6382446289062 52.5339622497559 55.3528480529785 56.4943008422852 58.2292251586914 59.095100402832 59.860668182373 61.052978515625 61.787956237793 63.4522476196289
22.1835021972656 22.7853355407715 23.4604225158691 23.5451164245605 23.7120475769043 24.3410415649414 25.0513076782227 25.265625 25.5847320556641 26.7541065216064 26.8809185028076 27.2267570495605 28.4280738830566 28.5728950500488 28.8861236572266 29.8938999176025 30.342752456665 30.6044673919678 31.7012367248535 32.0905113220215 32.560131072998 32.9370613098145 34.0355834960938 34.5209350585938 34.9238891601562 36.0585594177246 36.8074378967285 38.1242027282715 38.5802879333496 40.7883453369141 41.1331558227539 42.0844268798828 43.4830627441406 44.3583145141602 45.4589233398438 46.5833930969238 47.5657348632812 48.9264221191406 49.9578323364258 51.4477005004883 52.3403434753418 55.0783500671387 55.9376792907715 57.6684379577637 58.5624885559082 59.4121780395508 60.4819145202637 61.0735549926758 62.3769874572754
22.4130268096924 22.8053665161133 23.5185375213623 23.8642826080322 24.2691478729248 24.5646553039551 25.0727882385254 25.3268489837646 25.8455257415771 27.0110416412354 27.1369857788086 27.4850311279297 28.6826438903809 28.9191017150879 29.55153465271 29.9087467193604 30.1237621307373 30.9049892425537 31.6965942382812 31.9104423522949 -3.4e+38 32.9321479797363 33.8512496948242 34.2669334411621 34.918041229248 35.9361343383789 36.7937774658203 37.9553184509277 38.6870994567871 40.6385650634766 41.1366004943848 41.8829536437988 43.1612586975098 44.1361198425293 45.5595893859863 46.4027900695801 47.4536476135254 49.0080871582031 49.7794723510742 51.3345069885254 52.1795921325684 54.7756996154785 55.7403335571289 57.3894462585449 58.0170822143555 58.9069862365723 59.9936866760254 60.6901245117188 61.560863494873
22.9319400787354 23.4932746887207 23.7621879577637 23.9560661315918 24.3086700439453 25.1375904083252 25.3347091674805 25.652494430542 26.4079532623291 27.1419448852539 27.2688102722168 27.5610027313232 28.5317516326904 29.0059299468994 29.4605655670166 30.0373210906982 30.1573944091797 30.7635765075684 31.9079647064209 31.9057788848877 32.187629699707 32.9610404968262 33.8456954956055 34.1893119812012 35.1253051757812 35.8995361328125 36.5092964172363 37.7645721435547 38.3207321166992 40.5357856750488 41.426082611084 42.5590400695801 43.2053108215332 44.1761589050293 -3.4e+38 46.5566482543945 47.8877983093262 48.7133293151855 49.6226425170898 51.2773666381836 52.1375541687012 54.2729988098145 55.4116973876953 57.0871047973633 57.7652931213379 58.5302200317383 59.7584953308105 60.3829116821289 61.3224792480469
23.812032699585 24.0756187438965 24.2255172729492 24.4437160491943 25.6336441040039 25.7320232391357 25.8339691162109 26.688928604126 26.8528537750244 27.1936912536621 27.3210887908936 27.6314735412598 28.6881160736084 29.2473106384277 29.4977264404297 30.1565570831299 30.46311378479 30.4725513458252 32.1222229003906 32.3041534423828 32.6499824523926 33.6248664855957 34.2456893920898 34.6158561706543 35.5215797424316 35.7719078063965 36.3841361999512 37.6791191101074 38.2794075012207 40.2135467529297 41.0398712158203 42.5797691345215 43.5166091918945 44.7680358886719 45.4827575683594 46.6891250610352 48.1089706420898 48.2556762695312 49.287296295166 -3.4e+38 51.5758972167969 54.0257530212402 54.8419723510742 56.3065376281738 56.9585037231445 58.0778312683105 59.542781829834 59.9256820678711 60.4505004882812
24.1066188812256 24.1853122711182 24.2673149108887 24.4997119903564 25.3728790283203 25.7583312988281 25.8606853485107 26.8239917755127 27.0121936798096 27.4575634002686 27.6784343719482 28.3052520751953 28.8290500640869 29.387056350708 29.6617870330811 30.3958187103271 30.6279067993164 30.6569404602051 32.1530227661133 32.3350791931152 32.6831283569336 33.5920066833496 34.0022277832031 34.6497230529785 35.5549812316895 35.7685623168945 36.2696723937988 37.6689376831055 38.2402763366699 40.3106460571289 41.248218536377 42.6128768920898 43.5500030517578 44.8023376464844 45.4721946716309 46.5155067443848 47.9767913818359 48.2454376220703 49.1524047851562 50.7235069274902 51.283821105957 53.8818626403809 54.8346900939941 56.1768569946289 56.6796646118164 57.5746726989746 59.1927795410156 59.60107421875 60.3805885314941
24.3830337524414 24.4606437683105 24.5415782928467 24.7078266143799 25.3209476470947 26.0295715332031 26.1309413909912 27.0509834289551 27.0618019104004 27.594690322876 27.8622341156006 28.6276874542236 28.8609676361084 29.4171257019043 29.7146186828613 30.5191860198975 30.6809139251709 30.9279041290283 32.4123497009277 32.5937232971191 32.9432106018066 33.8160133361816 34.2272033691406 35.3161849975586 35.589054107666 35.8027000427246 36.3068504333496 37.6653213500977 38.0713768005371 40.4698181152344 41.3563995361328 42.5211029052734 43.4421882629395 44.6763076782227 45.50537109375 46.4750061035156 47.7644958496094 48.4265441894531 49.3251075744629 50.603401184082 51.2839775085449 53.5909576416016 54.6780700683594 56.1070137023926 56.5497207641602 57.3766746520996 58.9906005859375 59.4005317687988 60.2392311096191
