rcp4.5models/GFDL_CM3/sc1gr10.27
NCOLS 261 
NROWS 433 
XLLCORNER 336357.134 
YLLCORNER 654653.479 
CELLSIZE 1000 
NODATA_value -9999 
[rows 391 to 413 of 433, columns 150 to 199 of 261]
710.860107421875 707.988891601562 705.372497558594 700.614990234375 698.820678710938 700.116088867188 704.109375 707.344848632812 708.4541015625 712.375244140625 714.080688476562 718.046142578125 722.364074707031 728.117065429688 732.854736328125 736.648071289062 740.632141113281 744.204833984375 751.557495117188 761.092651367188 759.712951660156 757.758483886719 757.401306152344 758.607666015625 764.273742675781 771.524658203125 776.576904296875 783.784484863281 788.625915527344 792.004638671875 800.253784179688 806.698303222656 815.157104492188 821.889282226562 823.219665527344 826.372375488281 827.128723144531 830.697387695312 -9999 840.738098144531 847.474304199219 853.706115722656 863.437072753906 869.741088867188 875.35107421875 882.882263183594 887.355773925781 890.392700195312 895.514404296875 902.103820800781
705.857543945312 702.671630859375 700.888916015625 696.94677734375 694.871704101562 694.715270996094 696.407043457031 699.767150878906 701.696960449219 706.932373046875 711.817626953125 715.958312988281 719.436096191406 725.584716796875 726.537658691406 729.199340820312 733.671020507812 738.463012695312 -9999 753.225280761719 754.273071289062 753.183959960938 754.157287597656 754.69482421875 760.986267089844 767.204345703125 772.236999511719 778.72216796875 782.503662109375 785.919189453125 794.758422851562 803.518920898438 811.663146972656 817.408996582031 819.773986816406 822.624633789062 822.618347167969 827.792053222656 833.333801269531 -9999 -9999 848.960754394531 859.340515136719 864.821716308594 871.207763671875 877.490112304688 882.093994140625 886.437072753906 892.022094726562 898.787780761719
703.130798339844 699.305114746094 696.824768066406 693.309020996094 692.382690429688 692.169616699219 691.398498535156 692.873352050781 700.654663085938 705.865661621094 709.700012207031 712.009155273438 714.554443359375 718.823852539062 720.083557128906 724.237487792969 729.139770507812 732.267150878906 736.956848144531 748.263610839844 751.496826171875 750.594116210938 751.783447265625 752.8408203125 756.852600097656 761.945007324219 767.970336914062 774.228942871094 777.577819824219 779.908081054688 791.438842773438 800.423706054688 807.937194824219 812.780517578125 815.572082519531 821.316223144531 822.320068359375 827.155700683594 831.616577148438 835.330871582031 -9999 845.100463867188 857.530151367188 862.534545898438 867.345153808594 873.135498046875 877.087097167969 883.110290527344 890.251708984375 897.917419433594
702.428588867188 699.411376953125 696.729309082031 692.773010253906 690.652893066406 689.601867675781 688.160949707031 689.43603515625 697.4267578125 701.80029296875 704.828186035156 706.622192382812 709.763122558594 710.97216796875 715.730163574219 721.648742675781 723.783752441406 726.239562988281 729.59326171875 743.660766601562 750.00341796875 748.80419921875 750.028503417969 751.732177734375 753.301513671875 757.786682128906 764.08984375 768.628295898438 773.6630859375 776.290222167969 787.596923828125 795.741027832031 804.002136230469 808.117797851562 811.152526855469 819.095397949219 823.070251464844 825.02099609375 828.62939453125 833.510803222656 838.079467773438 843.022705078125 854.565124511719 860.244079589844 863.466979980469 869.400207519531 874.656372070312 -9999 -9999 894.133056640625
690.26123046875 691.92724609375 690.574890136719 689.345275878906 687.385498046875 685.212280273438 681.260681152344 680.542602539062 687.858093261719 691.215393066406 692.786315917969 694.684692382812 698.508911132812 704.083923339844 710.287963867188 712.809020996094 713.807006835938 715.779602050781 719.627380371094 734.074523925781 740.450744628906 744.445617675781 745.074096679688 744.680847167969 746.026489257812 749.078979492188 754.003784179688 759.941711425781 762.914611816406 767.572875976562 776.937744140625 784.886169433594 792.793518066406 797.4345703125 804.022094726562 811.444274902344 816.668273925781 820.41650390625 825.302062988281 831.368469238281 834.962219238281 836.779235839844 846.713684082031 852.37548828125 856.279479980469 862.56591796875 868.649108886719 875.549133300781 883.140380859375 889.516906738281
681.495300292969 683.905517578125 684.79443359375 682.756408691406 680.829223632812 680.289428710938 677.655334472656 677.181701660156 681.26953125 683.677490234375 687.619079589844 691.515014648438 698.194213867188 704.341125488281 705.719055175781 705.354797363281 708.04443359375 710.957336425781 716.787841796875 727.74658203125 734.670837402344 742.272583007812 743.051025390625 741.750366210938 -9999 -9999 750.108459472656 754.223327636719 -9999 -9999 773.442626953125 780.426574707031 786.312927246094 793.063842773438 801.699157714844 807.24853515625 810.391174316406 815.789611816406 821.954406738281 828.083679199219 832.932739257812 834.715026855469 -9999 849.105285644531 853.699096679688 858.542846679688 864.849487304688 871.361999511719 878.920532226562 884.887268066406
676.104858398438 674.518920898438 678.480834960938 678.762573242188 674.110656738281 673.07470703125 673.346313476562 673.948059082031 677.371520996094 679.75390625 684.869140625 690.935119628906 695.226379394531 699.618041992188 700.047119140625 700.096008300781 703.357727050781 706.676513671875 713.425170898438 720.876403808594 728.736145019531 739.506469726562 745.705444335938 739.50439453125 741.378356933594 -9999 -9999 751.040771484375 -9999 -9999 770.17626953125 776.786865234375 782.017272949219 789.616027832031 796.818786621094 801.182739257812 804.732971191406 812.027404785156 818.033142089844 822.821166992188 828.780151367188 832.943176269531 -9999 -9999 851.559875488281 855.985290527344 860.958740234375 867.279418945312 873.546569824219 880.005432128906
671.552673339844 667.954711914062 671.126342773438 675.27392578125 673.316833496094 669.411804199219 667.812133789062 668.949401855469 674.367736816406 677.719604492188 680.546997070312 684.681030273438 686.730529785156 692.302978515625 694.981079101562 695.44970703125 698.484924316406 701.620849609375 708.533447265625 717.03564453125 725.664916992188 737.124938964844 745.01513671875 739.139770507812 739.739929199219 741.702209472656 745.64697265625 749.131042480469 752.84228515625 759.057861328125 766.503112792969 772.496826171875 778.46435546875 784.346923828125 790.520874023438 796.020690917969 800.221130371094 808.101440429688 812.728820800781 817.56884765625 823.442749023438 -9999 841.484069824219 843.163757324219 -9999 854.160339355469 858.757629394531 864.679260253906 869.580810546875 876.182739257812
665.478942871094 662.199523925781 663.138977050781 667.07275390625 669.669860839844 668.049255371094 665.427612304688 664.899230957031 670.681335449219 673.763427734375 673.954772949219 676.575866699219 679.422607421875 687.163757324219 692.275268554688 689.994445800781 693.410339355469 696.245666503906 702.108154296875 714.627685546875 723.91015625 732.368774414062 739.489135742188 741.302062988281 739.782775878906 741.723266601562 745.201599121094 746.993835449219 748.771911621094 753.187316894531 763.881530761719 770.62548828125 774.747985839844 779.593383789062 785.974914550781 792.27783203125 796.416931152344 803.207275390625 808.587036132812 815.465454101562 819.376342773438 -9999 838.655029296875 842.959228515625 847.3251953125 850.78564453125 856.548095703125 862.447204589844 866.995727539062 872.345642089844
661.537536621094 657.337524414062 655.739990234375 657.686218261719 660.498596191406 664.558166503906 664.268737792969 661.142333984375 666.441772460938 670.005310058594 670.077453613281 -9999 -9999 680.903991699219 687.892211914062 685.491943359375 688.479248046875 691.649963378906 697.245300292969 711.740661621094 720.56982421875 726.903686523438 732.804870605469 738.43310546875 740.280700683594 742.009338378906 742.251892089844 744.112365722656 745.5751953125 748.903503417969 760.36962890625 766.332824707031 771.06494140625 774.934204101562 781.147155761719 787.799499511719 792.590087890625 799.082885742188 806.491394042969 811.962951660156 815.819274902344 819.517944335938 835.289489746094 841.15087890625 845.111694335938 848.497863769531 854.335266113281 858.992858886719 864.73193359375 870.383361816406
655.822814941406 653.831359863281 652.561584472656 652.41650390625 653.910339355469 659.675476074219 659.780944824219 656.234680175781 661.488830566406 664.947387695312 665.962585449219 -9999 -9999 -9999 681.032348632812 681.67626953125 683.248107910156 687.894653320312 694.914001464844 709.189697265625 715.6328125 720.311096191406 724.890747070312 732.440490722656 738.5439453125 738.598205566406 737.654968261719 739.952880859375 742.830871582031 746.747009277344 756.157775878906 760.656921386719 768.203125 772.556091308594 777.343017578125 783.331298828125 789.273559570312 795.601867675781 802.637573242188 807.234741210938 812.180236816406 816.596374511719 831.466674804688 837.073425292969 840.381652832031 846.288269042969 852.054565429688 856.5537109375 862.450439453125 867.709655761719
647.929382324219 649.003845214844 650.961364746094 649.027099609375 649.238342285156 654.768188476562 656.09130859375 652.888549804688 657.007751464844 660.035217285156 -9999 -9999 -9999 671.052673339844 675.068420410156 677.571228027344 680.248840332031 687.122863769531 693.677673339844 707.042236328125 710.454650878906 713.241760253906 719.233337402344 727.646667480469 733.652404785156 735.754272460938 735.857727050781 738.042358398438 741.080383300781 744.646911621094 753.234069824219 758.433837890625 765.192504882812 770.605407714844 775.098022460938 779.867858886719 785.790954589844 791.715454101562 798.337524414062 804.874572753906 -9999 813.167358398438 827.737915039062 833.540710449219 838.16064453125 843.712036132812 848.696533203125 854.735168457031 -9999 -9999
643.462890625 643.059936523438 646.294189453125 643.809387207031 643.238220214844 648.227966308594 652.776672363281 651.67529296875 653.213134765625 656.487365722656 659.754211425781 661.972412109375 664.733459472656 667.33935546875 670.079162597656 674.323486328125 679.34814453125 686.348205566406 690.629516601562 702.721557617188 705.911315917969 708.514221191406 713.011840820312 720.183288574219 727.1396484375 732.782958984375 733.892028808594 738.496459960938 740.714660644531 743.5341796875 750.460632324219 756.242797851562 761.837036132812 767.352844238281 772.038024902344 777.792663574219 783.447082519531 788.516540527344 794.799377441406 801.3212890625 -9999 -9999 -9999 830.171813964844 -9999 -9999 -9999 -9999 -9999 -9999
638.350708007812 637.089965820312 638.731811523438 637.972778320312 636.332946777344 640.528564453125 646.477172851562 649.576782226562 651.428283691406 654.929748535156 656.109069824219 658.79296875 661.267150878906 664.550354003906 667.555786132812 672.201416015625 677.669067382812 683.154357910156 685.562438964844 696.357055664062 701.564880371094 704.474670410156 709.272033691406 714.758728027344 722.573120117188 726.610046386719 731.591491699219 737.212951660156 739.4033203125 742.171997070312 749.514587402344 753.0126953125 758.884399414062 -9999 -9999 -9999 781.70166015625 -9999 792.404541015625 -9999 -9999 -9999 -9999 -9999 -9999 -9999 -9999 -9999 -9999 -9999
631.902282714844 630.409118652344 630.792114257812 631.774230957031 631.614318847656 634.581298828125 639.702697753906 645.353759765625 650.457946777344 654.332885742188 652.996765136719 655.110046386719 658.486389160156 662.020080566406 665.408447265625 670.341613769531 674.864624023438 680.475524902344 681.692260742188 691.038818359375 697.278137207031 700.573486328125 706.249084472656 712.105346679688 719.441101074219 720.293273925781 728.386535644531 734.156433105469 738.021545410156 739.8603515625 748.129943847656 750.964050292969 755.726623535156 -9999 -9999 -9999 778.90966796875 784.928039550781 791.711059570312 -9999 -9999 -9999 -9999 -9999 -9999 -9999 -9999 -9999 -9999 -9999
634.648193359375 631.215454101562 629.966918945312 628.494018554688 627.454467773438 626.805786132812 629.222351074219 633.077453613281 645.740539550781 648.696228027344 649.223571777344 650.594787597656 652.21484375 655.866088867188 661.83544921875 664.484741210938 667.069274902344 671.531066894531 674.921264648438 685.176940917969 692.0419921875 695.168029785156 698.078735351562 701.677978515625 708.476806640625 715.825561523438 722.652282714844 725.041809082031 729.114929199219 733.641723632812 741.013916015625 747.341613769531 753.318969726562 -9999 -9999 -9999 -9999 -9999 -9999 -9999 -9999 -9999 -9999 -9999 -9999 -9999 -9999 -9999 -9999 -9999
628.131164550781 630.589477539062 631.363037109375 628.56494140625 627.071411132812 626.713989257812 627.505004882812 630.59912109375 642.033325195312 645.326843261719 645.382019042969 646.026977539062 649.528259277344 652.5302734375 657.689147949219 661.206848144531 664.817932128906 667.276977539062 671.560302734375 681.598083496094 690.054809570312 694.616088867188 695.435791015625 698.441589355469 704.780212402344 713.395690917969 717.647216796875 720.144470214844 724.518371582031 729.691589355469 739.567626953125 -9999 751.628540039062 -9999 -9999 -9999 -9999 -9999 -9999 -9999 -9999 -9999 -9999 -9999 -9999 -9999 -9999 -9999 -9999 -9999
618.869079589844 625.088195800781 631.121398925781 629.264465332031 627.120544433594 625.681091308594 625.434692382812 627.715942382812 637.731201171875 640.552795410156 643.282409667969 644.434448242188 647.615600585938 650.845275878906 655.190795898438 659.431701660156 662.235717773438 665.070251464844 670.195983886719 678.807678222656 686.665893554688 691.254638671875 693.549743652344 695.382690429688 701.350402832031 708.484130859375 711.713623046875 715.97314453125 721.402465820312 725.847229003906 739.543762207031 745.441833496094 -9999 -9999 -9999 -9999 -9999 -9999 -9999 -9999 -9999 -9999 -9999 -9999 -9999 -9999 -9999 -9999 -9999 -9999
616.275695800781 621.105712890625 623.942077636719 622.498901367188 623.343566894531 621.959045410156 622.13916015625 625.1337890625 633.095031738281 637.865356445312 641.717712402344 644.801086425781 647.979431152344 651.268371582031 654.71923828125 657.482055664062 661.04296875 663.90087890625 668.670776367188 676.953918457031 682.988220214844 686.602966308594 692.070373535156 693.561462402344 697.878356933594 701.481872558594 706.804260253906 713.488098144531 719.297180175781 -9999 -9999 -9999 -9999 -9999 -9999 -9999 -9999 -9999 -9999 -9999 -9999 -9999 -9999 -9999 -9999 -9999 -9999 -9999 -9999 -9999
616.124084472656 619.462341308594 617.93798828125 616.158020019531 618.748779296875 618.949951171875 620.253173828125 622.648193359375 629.180786132812 634.89453125 640.657958984375 645.462585449219 647.404174804688 648.727416992188 652.387878417969 655.466003417969 659.922180175781 662.377502441406 666.652038574219 676.153686523438 680.593688964844 684.528381347656 689.792053222656 692.270568847656 696.508605957031 699.682189941406 705.361389160156 -9999 -9999 -9999 -9999 -9999 -9999 -9999 -9999 -9999 -9999 -9999 -9999 -9999 -9999 -9999 -9999 -9999 -9999 -9999 -9999 -9999 -9999 -9999
613.663635253906 616.807983398438 616.584777832031 613.4873046875 615.35595703125 616.816284179688 618.779235839844 620.505004882812 627.345703125 633.470520019531 638.587951660156 643.546203613281 645.772766113281 645.676086425781 649.097534179688 653.712524414062 657.697631835938 660.581909179688 664.43017578125 675.115661621094 679.196105957031 682.663513183594 686.836242675781 690.023132324219 -9999 -9999 -9999 -9999 -9999 -9999 -9999 -9999 -9999 -9999 -9999 -9999 -9999 -9999 -9999 -9999 -9999 -9999 -9999 -9999 -9999 -9999 -9999 -9999 -9999 -9999
610.623718261719 615.647766113281 616.721801757812 611.930358886719 613.350891113281 615.422912597656 616.932556152344 619.648620605469 627.265258789062 632.183349609375 635.207092285156 639.155700683594 643.842468261719 644.896301269531 648.251342773438 -9999 656.47314453125 659.6513671875 663.473266601562 -9999 -9999 -9999 -9999 -9999 -9999 -9999 -9999 -9999 -9999 -9999 -9999 -9999 -9999 -9999 -9999 -9999 -9999 -9999 -9999 -9999 -9999 -9999 -9999 -9999 -9999 -9999 -9999 -9999 -9999 -9999
609.666625976562 614.755615234375 617.971801757812 616.238464355469 615.202087402344 614.648315429688 616.061950683594 618.803771972656 -9999 629.645141601562 -9999 638.217956542969 642.353271484375 -9999 -9999 -9999 -9999 -9999 -9999 -9999 -9999 -9999 -9999 -9999 -9999 -9999 -9999 -9999 -9999 -9999 -9999 -9999 -9999 -9999 -9999 -9999 -9999 -9999 -9999 -9999 -9999 -9999 -9999 -9999 -9999 -9999 -9999 -9999 -9999 -9999
