rcp4.5models/GFDL_CM3/sc1gr3.24
NCOLS 261 
NROWS 433 
XLLCORNER 336357.134 
YLLCORNER 654653.479 
CELLSIZE 1000 
NODATA_value -9999 
[rows 220 to 241 of 433, columns 150 to 199 of 261]
272.438690185547 272.251800537109 271.386810302734 270.280975341797 272.367858886719 272.78369140625 273.019744873047 273.028930664062 273.130340576172 273.017364501953 273.146057128906 273.154571533203 273.495269775391 274.284942626953 274.450134277344 -9999 274.372924804688 274.294616699219 274.302978515625 274.370727539062 274.515228271484 274.514862060547 274.402557373047 274.3837890625 274.309295654297 274.282043457031 274.266937255859 273.883331298828 273.420349121094 273.431182861328 272.886444091797 272.38525390625 272.559204101562 273.052459716797 273.437957763672 273.655548095703 273.803833007812 274.002960205078 273.837982177734 273.699584960938 273.254699707031 272.959686279297 272.679290771484 272.167938232422 271.519683837891 271.830444335938 272.384826660156 272.636047363281 272.583984375 272.791381835938
272.355743408203 271.829772949219 270.569122314453 269.3994140625 272.143646240234 272.337005615234 272.6640625 272.751708984375 273.373443603516 273.276672363281 273.3896484375 273.544586181641 273.884429931641 274.133728027344 274.442413330078 274.334777832031 274.295684814453 274.162475585938 274.198944091797 274.573883056641 274.603485107422 274.381195068359 273.957153320312 273.784973144531 273.9443359375 274.257415771484 274.319610595703 274.240509033203 273.742706298828 273.471221923828 272.957000732422 272.531494140625 272.436065673828 272.808502197266 273.091125488281 273.358489990234 273.740020751953 273.876129150391 273.809387207031 273.616149902344 273.180908203125 272.788665771484 272.380462646484 272.229034423828 271.808563232422 271.84912109375 272.081787109375 272.360809326172 272.438049316406 272.557342529297
272.147186279297 271.540283203125 270.902709960938 270.862854003906 272.043701171875 272.247406005859 272.799224853516 272.832000732422 273.328857421875 273.516235351562 273.703430175781 273.959228515625 274.130310058594 274.061981201172 274.330505371094 274.262451171875 274.116729736328 274.137268066406 274.198669433594 274.489868164062 274.381866455078 274.176025390625 273.393951416016 272.916595458984 273.673583984375 274.169464111328 273.933227539062 274.067138671875 273.696868896484 273.186401367188 272.488708496094 272.18798828125 272.398681640625 272.456024169922 272.649810791016 273.01513671875 273.485168457031 273.634918212891 273.575653076172 273.507995605469 273.183227539062 272.749298095703 272.407379150391 272.226257324219 271.744232177734 271.672943115234 271.802734375 272.235626220703 272.461761474609 272.539764404297
272.20556640625 271.430206298828 270.927642822266 271.41259765625 272.215057373047 272.529418945312 273.028991699219 273.136322021484 273.371429443359 273.746276855469 273.967437744141 274.290863037109 274.118988037109 273.972320556641 274.218963623047 274.229248046875 274.080535888672 274.255279541016 274.378997802734 274.051910400391 274.071746826172 273.790161132812 273.062194824219 272.633117675781 273.751770019531 274.064178466797 273.421020507812 273.611968994141 273.515350341797 273.008148193359 272.161468505859 271.924285888672 272.148986816406 272.512664794922 272.661468505859 273.269378662109 273.513946533203 273.559814453125 273.399963378906 273.459594726562 273.216094970703 272.862945556641 272.505004882812 272.111328125 271.36181640625 271.401489257812 272.023010253906 272.397308349609 272.287322998047 272.234466552734
272.137359619141 270.705627441406 269.300201416016 270.567504882812 272.103332519531 272.564910888672 272.969909667969 273.142211914062 273.531616210938 273.664367675781 273.781555175781 274.093475341797 273.776489257812 273.561950683594 274.139892578125 273.880157470703 274.004852294922 274.389312744141 274.357208251953 273.954223632812 273.892547607422 273.514221191406 273.263885498047 273.170074462891 273.901611328125 274.218322753906 273.536102294922 273.389739990234 273.336853027344 273.099395751953 272.278717041016 272.118011474609 272.31787109375 273.019073486328 273.103515625 273.581817626953 273.578491210938 273.502166748047 273.401947021484 273.492156982422 273.243286132812 272.765289306641 272.390991210938 272.008972167969 271.548461914062 271.914428710938 272.437622070312 272.601440429688 272.429962158203 272.511932373047
271.820953369141 270.442291259766 268.840728759766 270.473571777344 271.953308105469 272.579620361328 272.918395996094 273.037109375 273.410400390625 273.396759033203 273.575164794922 273.808288574219 273.543518066406 273.255706787109 273.698822021484 273.649139404297 274.087860107422 274.327117919922 274.232116699219 274.192169189453 274.100463867188 273.864593505859 273.485473632812 273.457855224609 273.8837890625 274.046630859375 273.680511474609 273.383117675781 273.397979736328 273.297454833984 272.596221923828 272.167205810547 272.644165039062 273.461090087891 273.467163085938 273.549377441406 273.50390625 273.483673095703 273.463897705078 273.459442138672 273.125244140625 272.701751708984 272.347961425781 272.047271728516 271.830810546875 272.505493164062 272.736083984375 272.884460449219 273.222381591797 273.389831542969
271.158203125 270.478546142578 269.703552246094 271.287261962891 272.002990722656 272.625 272.739501953125 272.800201416016 273.399749755859 273.34423828125 273.516662597656 273.717956542969 273.69091796875 273.223205566406 273.215850830078 273.673156738281 274.297576904297 274.219879150391 274.287689208984 274.218688964844 274.311096191406 274.125885009766 273.290466308594 273.185394287109 273.488616943359 273.644927978516 273.51513671875 273.392608642578 273.361907958984 273.134002685547 272.624816894531 272.322479248047 272.50439453125 272.950622558594 273.285430908203 273.560180664062 273.505981445312 273.511505126953 273.516937255859 273.31982421875 272.816162109375 272.604156494141 272.406372070312 272.099761962891 271.742767333984 272.527160644531 272.627075195312 272.799774169922 273.293792724609 273.527069091797
269.396423339844 269.672637939453 269.327270507812 271.255126953125 271.856658935547 272.273803710938 272.641723632812 272.771423339844 273.381286621094 273.670501708984 273.644714355469 273.639068603516 273.761444091797 273.121856689453 273.020660400391 273.852447509766 274.298126220703 274.194885253906 274.313232421875 274.072723388672 273.863433837891 273.770324707031 273.187896728516 273.083892822266 273.168365478516 273.394012451172 273.468933105469 273.29736328125 273.048370361328 272.754943847656 272.472290039062 272.627624511719 272.936859130859 273.028747558594 273.317260742188 273.553649902344 273.508148193359 273.513732910156 273.519195556641 273.245697021484 272.640686035156 272.509399414062 272.372955322266 271.952789306641 271.850067138672 272.503509521484 272.422973632812 272.533752441406 272.775756835938 272.959014892578
266.734161376953 268.029724121094 267.861206054688 270.930633544922 271.165802001953 271.592712402344 272.69189453125 272.955352783203 273.394897460938 273.661529541016 273.4140625 273.550323486328 273.680023193359 273.059020996094 273.060455322266 273.921691894531 274.149261474609 274.284484863281 274.344268798828 273.974853515625 273.509948730469 273.459716796875 273.218627929688 273.174255371094 273.063781738281 272.909759521484 272.991302490234 272.783447265625 272.605621337891 272.478820800781 272.474182128906 272.60888671875 272.927825927734 273.193939208984 273.498779296875 273.504638671875 273.360534667969 273.246398925781 273.551391601562 273.1884765625 272.643157958984 272.537384033203 272.415191650391 272.010711669922 271.820861816406 271.99169921875 271.945434570312 271.944274902344 271.753967285156 271.449554443359
265.292907714844 266.251678466797 265.846893310547 270.345306396484 271.207275390625 271.439788818359 272.392364501953 272.951232910156 273.383972167969 273.164947509766 273.074890136719 273.501800537109 273.742340087891 273.251586914062 273.16650390625 273.726257324219 273.931243896484 274.125885009766 274.252532958984 274.118988037109 273.801300048828 273.460998535156 273.216217041016 273.076049804688 272.743072509766 272.423431396484 272.434387207031 272.478729248047 272.519653320312 272.470855712891 272.476135253906 272.482543945312 272.603729248047 272.998748779297 273.38134765625 273.536743164062 273.294982910156 272.868438720703 273.339508056641 273.410491943359 272.976104736328 272.630126953125 272.554595947266 272.195739746094 271.761474609375 271.5947265625 271.508972167969 271.365814208984 270.834991455078 270.073547363281
266.192138671875 265.194610595703 265.005157470703 269.986999511719 271.342864990234 271.830993652344 272.42919921875 272.92529296875 273.191436767578 273.015289306641 273.104125976562 273.558013916016 273.760925292969 273.300689697266 273.108489990234 273.622406005859 273.855041503906 273.918792724609 274.090576171875 274.105590820312 273.714263916016 273.343292236328 273.103851318359 272.744201660156 272.514892578125 272.299957275391 272.125335693359 272.149108886719 272.328216552734 272.188842773438 272.41845703125 272.484619140625 272.567840576172 272.754180908203 273.071105957031 273.564788818359 273.169555664062 272.652770996094 273.047302246094 273.282806396484 273.109313964844 272.588806152344 272.547912597656 272.133544921875 271.598663330078 271.501861572266 271.248687744141 271.001098632812 271.183624267578 270.8759765625
263.861938476562 261.139953613281 266.463104248047 269.003601074219 271.113067626953 271.78759765625 272.089050292969 272.575317382812 272.707153320312 272.955749511719 273.068328857422 273.375213623047 273.537994384766 273.126831054688 272.552185058594 272.911193847656 273.015228271484 273.246765136719 273.564971923828 274.136505126953 273.902954101562 273.470794677734 273.583282470703 273.338195800781 272.806640625 272.681335449219 272.257171630859 271.629669189453 271.479797363281 271.575836181641 272.040893554688 272.296691894531 272.277008056641 272.301361083984 272.294586181641 272.488494873047 272.406127929688 271.8125 271.90576171875 272.787963867188 273.128540039062 272.629333496094 272.055633544922 272.181823730469 272.062133789062 271.709625244141 271.225128173828 270.582916259766 269.117614746094 266.869934082031
263.369201660156 258.511993408203 263.837677001953 267.825408935547 271.077606201172 271.55712890625 271.798065185547 272.041564941406 272.52685546875 273.015380859375 272.966094970703 273.169616699219 273.603851318359 273.270751953125 272.474365234375 272.624633789062 272.999938964844 273.409057617188 273.747924804688 273.97119140625 273.873321533203 273.606903076172 273.525360107422 273.380157470703 272.750854492188 272.169403076172 271.896545410156 271.766662597656 271.204376220703 271.258728027344 271.73876953125 271.966094970703 272.331024169922 -9999 -9999 272.124389648438 271.724334716797 271.494171142578 271.783996582031 272.666198730469 272.976928710938 272.666229248047 272.398376464844 272.415985107422 271.992095947266 271.657073974609 271.026885986328 269.336395263672 267.243316650391 265.953063964844
265.652984619141 262.404418945312 266.820129394531 269.444549560547 271.146026611328 271.755828857422 271.865753173828 271.961212158203 272.702026367188 273.03759765625 273.054992675781 273.255187988281 -9999 273.643218994141 273.078399658203 272.773498535156 273.049926757812 273.37841796875 273.724304199219 273.716217041016 273.819030761719 273.517150878906 273.121856689453 273.008666992188 272.767364501953 271.216430664062 270.697143554688 271.675262451172 271.19677734375 271.116180419922 271.549530029297 271.807708740234 272.154083251953 272.314270019531 -9999 -9999 271.320281982422 271.507446289062 272.201477050781 272.810394287109 273.0361328125 272.631072998047 272.180938720703 272.292236328125 271.861419677734 271.60498046875 270.969757080078 268.192321777344 265.805297851562 269.160705566406
266.964477539062 266.996429443359 269.768646240234 270.809448242188 271.39404296875 271.920318603516 272.114410400391 272.527954101562 272.774322509766 273.011077880859 273.162567138672 273.367553710938 273.766937255859 273.723388671875 273.079345703125 272.96435546875 273.026306152344 273.174438476562 273.543823242188 273.412567138672 273.735473632812 273.415161132812 272.872100830078 272.594482421875 272.662841796875 271.211334228516 269.945739746094 271.246185302734 271.036407470703 270.928100585938 271.506195068359 271.849914550781 272.209594726562 272.431579589844 -9999 271.9697265625 271.341949462891 271.885406494141 272.508087158203 272.894348144531 273.008453369141 272.647308349609 271.683837890625 271.933044433594 271.905303955078 271.704223632812 271.042419433594 269.465759277344 268.126251220703 270.286499023438
266.244171142578 266.842742919922 269.754852294922 271.042785644531 271.528717041016 271.820007324219 272.036376953125 272.397338867188 272.840972900391 272.982330322266 273.100189208984 273.244842529297 -9999 273.696014404297 272.926452636719 272.958435058594 273.027404785156 273.172210693359 273.341125488281 273.165832519531 273.536712646484 273.357482910156 272.808624267578 272.389434814453 272.632965087891 271.270904541016 269.326599121094 270.5771484375 270.714508056641 270.8466796875 271.765289306641 271.983581542969 272.213897705078 -9999 272.255889892578 271.732177734375 271.385101318359 271.666809082031 272.365112304688 272.769409179688 272.831756591797 272.666229248047 271.338928222656 271.298522949219 271.555603027344 271.656921386719 271.447875976562 271.110961914062 270.675811767578 270.553070068359
262.708984375 264.052886962891 270.008666992188 270.982879638672 271.495819091797 271.698455810547 271.796173095703 272.010192871094 272.888000488281 272.809204101562 272.963165283203 273.090179443359 273.201202392578 273.490844726562 273.072875976562 272.819763183594 272.850524902344 273.089599609375 273.071929931641 273.005279541016 273.230834960938 273.158905029297 272.823303222656 272.447692871094 272.255706787109 270.936492919922 269.347106933594 270.388519287109 270.845001220703 271.068664550781 271.805084228516 272.257537841797 272.29833984375 -9999 270.56982421875 268.962890625 269.785430908203 270.987823486328 272.025054931641 272.592803955078 272.655212402344 272.498199462891 271.570770263672 271.1748046875 270.644897460938 270.714019775391 271.462829589844 271.176635742188 270.603454589844 270.455200195312
261.935974121094 265.131805419922 270.347290039062 271.077026367188 271.680725097656 271.803009033203 271.923095703125 272.033538818359 272.836883544922 272.708038330078 272.941528320312 273.118743896484 273.30615234375 273.392517089844 273.178924560547 272.801879882812 272.812896728516 273.010406494141 272.963836669922 272.926361083984 273.016845703125 272.855590820312 272.483001708984 272.279113769531 271.442077636719 270.927947998047 270.259613037109 270.699615478516 270.881164550781 271.089172363281 271.368713378906 272.217193603516 272.419982910156 272.163513183594 269.86083984375 266.196166992188 266.812561035156 271.237854003906 271.912475585938 272.381530761719 272.504486083984 272.191558837891 271.616271972656 271.005584716797 270.389831542969 270.301605224609 271.139831542969 271.314117431641 270.969482421875 270.816925048828
265.958709716797 268.887664794922 270.647369384766 271.237640380859 271.681854248047 272.009490966797 272.345672607422 272.299285888672 272.602355957031 272.438995361328 272.850402832031 273.115173339844 273.460144042969 -9999 273.180023193359 272.796447753906 272.655426025391 272.515197753906 272.495422363281 272.931396484375 272.996429443359 272.731262207031 272.067810058594 271.528381347656 270.302032470703 269.036895751953 269.587432861328 270.649597167969 271.048645019531 271.365325927734 271.57373046875 272.115417480469 272.346130371094 272.159423828125 269.707611083984 264.084655761719 263.368804931641 269.189758300781 272.113708496094 272.332611083984 272.478210449219 -9999 271.594512939453 271.232086181641 270.948150634766 270.569427490234 270.797454833984 271.402770996094 271.485015869141 271.798461914062
263.220947265625 269.871551513672 270.60400390625 271.057861328125 271.555847167969 272.187622070312 272.460784912109 272.565307617188 272.333129882812 272.415008544922 272.716979980469 273.089080810547 273.552795410156 273.617004394531 273.444885253906 273.100616455078 272.686614990234 272.424926757812 272.047576904297 272.958831787109 273.054138183594 272.701080322266 271.92626953125 271.488128662109 270.332580566406 268.609619140625 269.298065185547 270.645355224609 -9999 271.594085693359 271.649322509766 272.208343505859 272.201507568359 271.899047851562 269.796813964844 264.958557128906 264.237854003906 269.583435058594 272.220428466797 272.276824951172 -9999 271.996307373047 271.537719726562 271.584259033203 271.060150146484 270.326538085938 270.568420410156 271.027557373047 271.271514892578 271.826782226562
261.256683349609 269.349487304688 270.412750244141 271.111877441406 271.431732177734 271.93212890625 272.121063232422 272.441650390625 272.455718994141 272.7734375 272.722137451172 272.884582519531 273.275787353516 273.492004394531 273.622131347656 273.327056884766 272.952270507812 272.801025390625 272.295257568359 272.575714111328 272.993377685547 272.477600097656 271.612365722656 271.894866943359 271.225219726562 270.359893798828 270.355529785156 270.629119873047 270.932403564453 271.278106689453 271.32470703125 272.051055908203 271.959320068359 271.367828369141 270.582366943359 268.987915039062 268.175201416016 269.905731201172 272.1650390625 272.050445556641 -9999 -9999 271.542358398438 271.5361328125 271.204071044922 270.703155517578 270.669708251953 270.866027832031 271.187561035156 271.661102294922
262.762786865234 268.309234619141 269.709411621094 270.995025634766 271.307098388672 271.622985839844 272.266296386719 272.429809570312 272.615264892578 272.668365478516 272.807830810547 272.851348876953 272.995574951172 273.219268798828 273.277038574219 273.101531982422 272.979400634766 273.026245117188 272.735382080078 272.235992431641 272.945983886719 272.52880859375 271.581634521484 271.588073730469 271.303588867188 270.904052734375 270.479858398438 270.327117919922 270.736907958984 271.019317626953 271.431762695312 272.052795410156 271.891479492188 270.996704101562 270.786437988281 -9999 -9999 270.036010742188 272.059417724609 271.77880859375 271.930297851562 271.979644775391 271.550506591797 271.537628173828 271.4365234375 270.830413818359 270.412872314453 270.821868896484 271.394317626953 271.870361328125
