rcp4.5models/GFDL_CM3/sc1gr9.12
NCOLS 261 
NROWS 433 
XLLCORNER 336357.134 
YLLCORNER 654653.479 
CELLSIZE 1000 
NODATA_value -3.4e+38 
[rows 374 to 395 of 433, columns 196 to 244 of 261]
103.89217376709 104.027084350586 103.769226074219 103.583343505859 103.141304016113 102.86727142334 103.102279663086 103.261589050293 102.819007873535 102.089866638184 101.799522399902 101.672210693359 101.691566467285 101.33683013916 101.013610839844 101.147048950195 101.732093811035 101.897567749023 101.080635070801 100.691696166992 100.319938659668 100.561248779297 100.426048278809 100.067794799805 99.5471801757812 99.5942001342773 99.1800918579102 98.449821472168 97.9197998046875 96.8198699951172 95.8162078857422 95.1935501098633 94.8953857421875 94.8162384033203 94.4567184448242 93.9783020019531 93.140266418457 93.1327590942383 92.6097412109375 93.3045120239258 -3.4e+38 -3.4e+38 -3.4e+38 -3.4e+38 -3.4e+38 -3.4e+38 -3.4e+38 -3.4e+38 -3.4e+38
103.89778137207 103.791496276855 103.676406860352 103.889434814453 103.442527770996 103.141479492188 103.274925231934 103.323524475098 102.97509765625 102.918045043945 102.211540222168 101.871963500977 101.606971740723 101.645042419434 101.519012451172 101.775093078613 101.847412109375 101.952377319336 100.903839111328 101.054054260254 100.700393676758 100.863471984863 100.308822631836 99.5733795166016 99.2409591674805 99.6478958129883 99.9379577636719 99.5685043334961 98.5443344116211 97.7892761230469 96.4961166381836 95.7089614868164 95.0626678466797 94.7307891845703 94.7083969116211 94.5942611694336 94.1808395385742 93.7432479858398 -3.4e+38 -3.4e+38 -3.4e+38 -3.4e+38 -3.4e+38 -3.4e+38 -3.4e+38 -3.4e+38 -3.4e+38 -3.4e+38 -3.4e+38
104.15119934082 103.829666137695 103.661140441895 103.924461364746 103.762420654297 103.60440826416 103.452690124512 103.358100891113 102.962867736816 103.219245910645 102.998329162598 102.62328338623 101.713859558105 101.766319274902 101.936859130859 102.35164642334 101.947311401367 102.034942626953 100.657501220703 101.111320495605 101.092239379883 101.131103515625 100.410331726074 100.057266235352 99.4889907836914 99.8424682617188 99.8975219726562 99.8935623168945 99.5245056152344 98.7793045043945 97.2094879150391 96.6714019775391 95.8454818725586 95.1177520751953 95.1622695922852 94.8273696899414 -3.4e+38 -3.4e+38 -3.4e+38 -3.4e+38 -3.4e+38 -3.4e+38 -3.4e+38 -3.4e+38 -3.4e+38 -3.4e+38 -3.4e+38 -3.4e+38 -3.4e+38
104.572731018066 104.697608947754 104.142051696777 104.119735717773 103.758178710938 103.805244445801 103.675773620605 103.663543701172 103.041412353516 103.129096984863 103.200927734375 103.098274230957 102.375762939453 102.131248474121 101.927215576172 102.137992858887 101.918281555176 101.90251159668 100.942497253418 101.07014465332 100.981025695801 100.80672454834 100.466102600098 100.487586975098 100.032279968262 99.9927139282227 99.7382431030273 99.5500183105469 99.8080291748047 99.4329376220703 98.1166534423828 97.3455505371094 96.6227111816406 95.700080871582 -3.4e+38 -3.4e+38 -3.4e+38 -3.4e+38 -3.4e+38 -3.4e+38 -3.4e+38 -3.4e+38 -3.4e+38 -3.4e+38 -3.4e+38 -3.4e+38 -3.4e+38 -3.4e+38 -3.4e+38
105.19384765625 105.298027038574 104.988479614258 104.629264831543 104.264305114746 104.263328552246 103.960876464844 103.90153503418 103.426986694336 103.17359161377 103.068023681641 103.314994812012 103.13289642334 103.027702331543 102.378982543945 102.228164672852 102.176368713379 101.970100402832 101.650550842285 101.330177307129 100.854598999023 100.526290893555 100.59300994873 100.186462402344 100.241104125977 100.002311706543 99.9713363647461 99.4577102661133 99.7038650512695 99.3103408813477 98.7128372192383 98.2474060058594 97.3543701171875 97.0725173950195 97.6964492797852 95.342643737793 -3.4e+38 -3.4e+38 -3.4e+38 -3.4e+38 -3.4e+38 -3.4e+38 -3.4e+38 -3.4e+38 -3.4e+38 -3.4e+38 -3.4e+38 -3.4e+38 -3.4e+38
106.254943847656 105.780265808105 105.22477722168 104.754257202148 105.14591217041 104.992973327637 104.535263061523 104.377548217773 104.091735839844 103.601181030273 103.412612915039 103.384971618652 103.280494689941 103.193206787109 103.163818359375 102.886940002441 102.756439208984 102.178161621094 102.073348999023 101.887504577637 101.210456848145 101.07869720459 100.785461425781 100.339729309082 100.119529724121 99.979248046875 100.257934570312 99.975700378418 99.8719177246094 99.5158462524414 98.642692565918 98.8360748291016 98.4241256713867 98.3864135742188 -3.4e+38 -3.4e+38 -3.4e+38 -3.4e+38 -3.4e+38 -3.4e+38 -3.4e+38 -3.4e+38 -3.4e+38 -3.4e+38 -3.4e+38 -3.4e+38 -3.4e+38 -3.4e+38 -3.4e+38
107.736381530762 106.283805847168 105.78971862793 105.486679077148 106.82479095459 109.631149291992 105.596801757812 105.026184082031 104.588104248047 104.0888671875 104.169097900391 103.760307312012 103.414939880371 103.018226623535 103.461982727051 103.27326965332 103.424430847168 102.886436462402 102.314193725586 102.163955688477 101.817733764648 101.717575073242 101.041366577148 100.507934570312 100.310264587402 100.110527038574 100.154853820801 100.148361206055 99.8136291503906 99.689697265625 98.5063400268555 99.0535354614258 98.8506698608398 -3.4e+38 -3.4e+38 -3.4e+38 -3.4e+38 -3.4e+38 -3.4e+38 -3.4e+38 -3.4e+38 -3.4e+38 -3.4e+38 -3.4e+38 -3.4e+38 -3.4e+38 -3.4e+38 -3.4e+38 -3.4e+38
108.171775817871 106.70386505127 106.700210571289 109.148681640625 118.344337463379 119.26131439209 107.491554260254 105.468292236328 105.165184020996 104.773063659668 104.926559448242 104.415557861328 104.074676513672 103.614013671875 103.784324645996 103.735481262207 104.196571350098 104.493125915527 102.741333007812 102.163345336914 102.251525878906 101.821296691895 101.609313964844 101.10897064209 100.880989074707 100.200347900391 99.9765777587891 100.031135559082 100.007583618164 99.712287902832 98.2979431152344 -3.4e+38 -3.4e+38 -3.4e+38 -3.4e+38 -3.4e+38 -3.4e+38 -3.4e+38 -3.4e+38 -3.4e+38 -3.4e+38 -3.4e+38 -3.4e+38 -3.4e+38 -3.4e+38 -3.4e+38 -3.4e+38 -3.4e+38 -3.4e+38
108.624710083008 108.646186828613 108.629348754883 113.919822692871 121.671974182129 116.396369934082 108.206970214844 106.324890136719 107.065727233887 105.980010986328 105.275093078613 104.849411010742 104.515815734863 104.675964355469 104.753227233887 104.835929870605 105.677810668945 106.426292419434 103.405952453613 103.167427062988 102.990730285645 102.003982543945 101.820709228516 101.598030090332 101.256408691406 100.655563354492 100.079093933105 99.8806686401367 100.131927490234 99.8703079223633 -3.4e+38 -3.4e+38 -3.4e+38 -3.4e+38 -3.4e+38 -3.4e+38 -3.4e+38 -3.4e+38 -3.4e+38 -3.4e+38 -3.4e+38 -3.4e+38 -3.4e+38 -3.4e+38 -3.4e+38 -3.4e+38 -3.4e+38 -3.4e+38 -3.4e+38
110.649536132812 110.46475982666 111.135055541992 110.307006835938 109.162796020508 109.002853393555 108.597503662109 107.909477233887 108.023918151855 107.383918762207 106.608428955078 106.331283569336 106.086692810059 105.761566162109 106.17017364502 106.047096252441 106.582656860352 105.764625549316 105.359558105469 105.204597473145 104.072784423828 103.303268432617 102.618934631348 101.888900756836 101.644721984863 101.41471862793 101.172027587891 101.088088989258 100.415245056152 99.7617340087891 -3.4e+38 -3.4e+38 -3.4e+38 -3.4e+38 -3.4e+38 -3.4e+38 -3.4e+38 -3.4e+38 -3.4e+38 -3.4e+38 -3.4e+38 -3.4e+38 -3.4e+38 -3.4e+38 -3.4e+38 -3.4e+38 -3.4e+38 -3.4e+38 -3.4e+38
109.62476348877 110.392761230469 111.157272338867 110.094062805176 109.675575256348 108.727180480957 108.202560424805 108.257385253906 108.374984741211 107.753532409668 107.017654418945 106.749206542969 107.052017211914 106.235908508301 106.125770568848 105.784889221191 105.582534790039 105.098403930664 105.362907409668 105.46760559082 104.954704284668 104.173355102539 103.458915710449 102.080863952637 101.772842407227 -3.4e+38 -3.4e+38 -3.4e+38 -3.4e+38 -3.4e+38 -3.4e+38 -3.4e+38 -3.4e+38 -3.4e+38 -3.4e+38 -3.4e+38 -3.4e+38 -3.4e+38 -3.4e+38 -3.4e+38 -3.4e+38 -3.4e+38 -3.4e+38 -3.4e+38 -3.4e+38 -3.4e+38 -3.4e+38 -3.4e+38 -3.4e+38
109.369346618652 109.680145263672 110.048095703125 109.09838104248 109.324432373047 107.914695739746 107.955207824707 107.963768005371 108.148292541504 107.845520019531 107.438842773438 106.98551940918 107.054878234863 106.582496643066 106.671051025391 105.989959716797 105.434295654297 104.759582519531 104.807762145996 105.182014465332 105.359558105469 104.246200561523 103.363998413086 102.589424133301 -3.4e+38 -3.4e+38 -3.4e+38 -3.4e+38 -3.4e+38 -3.4e+38 -3.4e+38 -3.4e+38 -3.4e+38 -3.4e+38 -3.4e+38 -3.4e+38 -3.4e+38 -3.4e+38 -3.4e+38 -3.4e+38 -3.4e+38 -3.4e+38 -3.4e+38 -3.4e+38 -3.4e+38 -3.4e+38 -3.4e+38 -3.4e+38 -3.4e+38
109.311416625977 108.859115600586 108.734367370605 108.398132324219 108.780784606934 108.32829284668 108.029029846191 107.918594360352 107.776458740234 107.241821289062 107.217506408691 107.327590942383 107.684959411621 107.244651794434 107.289215087891 107.012603759766 106.258255004883 105.141487121582 104.498931884766 104.696823120117 104.926231384277 104.083023071289 103.190071105957 -3.4e+38 -3.4e+38 -3.4e+38 -3.4e+38 -3.4e+38 -3.4e+38 -3.4e+38 -3.4e+38 -3.4e+38 -3.4e+38 -3.4e+38 -3.4e+38 -3.4e+38 -3.4e+38 -3.4e+38 -3.4e+38 -3.4e+38 -3.4e+38 -3.4e+38 -3.4e+38 -3.4e+38 -3.4e+38 -3.4e+38 -3.4e+38 -3.4e+38 -3.4e+38
111.509063720703 108.99471282959 108.495040893555 108.149276733398 108.680992126465 108.702079772949 108.039848327637 107.596321105957 107.505714416504 107.22526550293 107.179779052734 107.366798400879 108.286605834961 107.809776306152 107.245903015137 107.363121032715 107.012054443359 106.641899108887 104.72110748291 104.408958435059 104.19571685791 103.96573638916 103.319351196289 -3.4e+38 -3.4e+38 -3.4e+38 -3.4e+38 -3.4e+38 -3.4e+38 -3.4e+38 -3.4e+38 -3.4e+38 -3.4e+38 -3.4e+38 -3.4e+38 -3.4e+38 -3.4e+38 -3.4e+38 -3.4e+38 -3.4e+38 -3.4e+38 -3.4e+38 -3.4e+38 -3.4e+38 -3.4e+38 -3.4e+38 -3.4e+38 -3.4e+38 -3.4e+38
111.835945129395 109.091262817383 108.337432861328 108.241889953613 108.393768310547 108.475318908691 107.979415893555 107.582420349121 107.475936889648 107.292823791504 107.794471740723 107.945106506348 108.30606842041 108.257789611816 107.08812713623 107.038696289062 107.368827819824 107.84691619873 105.352844238281 104.800872802734 103.98511505127 -3.4e+38 -3.4e+38 -3.4e+38 -3.4e+38 -3.4e+38 -3.4e+38 -3.4e+38 -3.4e+38 -3.4e+38 -3.4e+38 -3.4e+38 -3.4e+38 -3.4e+38 -3.4e+38 -3.4e+38 -3.4e+38 -3.4e+38 -3.4e+38 -3.4e+38 -3.4e+38 -3.4e+38 -3.4e+38 -3.4e+38 -3.4e+38 -3.4e+38 -3.4e+38 -3.4e+38 -3.4e+38
109.591064453125 109.133377075195 108.407852172852 108.294509887695 108.086128234863 108.283027648926 108.208206176758 107.529373168945 107.478851318359 107.556953430176 108.036247253418 108.223075866699 108.207038879395 108.176071166992 107.222755432129 106.788505554199 107.170387268066 107.394157409668 105.563652038574 105.414009094238 105.078018188477 -3.4e+38 -3.4e+38 -3.4e+38 -3.4e+38 -3.4e+38 -3.4e+38 -3.4e+38 -3.4e+38 -3.4e+38 -3.4e+38 -3.4e+38 -3.4e+38 -3.4e+38 -3.4e+38 -3.4e+38 -3.4e+38 -3.4e+38 -3.4e+38 -3.4e+38 -3.4e+38 -3.4e+38 -3.4e+38 -3.4e+38 -3.4e+38 -3.4e+38 -3.4e+38 -3.4e+38 -3.4e+38
109.263336181641 108.597282409668 108.165580749512 108.286560058594 108.069602966309 108.256309509277 108.215629577637 107.478103637695 107.568000793457 108.16919708252 108.192878723145 107.956802368164 107.764198303223 107.79125213623 107.077163696289 106.647422790527 106.90348815918 106.688369750977 105.660125732422 -3.4e+38 -3.4e+38 -3.4e+38 -3.4e+38 -3.4e+38 -3.4e+38 -3.4e+38 -3.4e+38 -3.4e+38 -3.4e+38 -3.4e+38 -3.4e+38 -3.4e+38 -3.4e+38 -3.4e+38 -3.4e+38 -3.4e+38 -3.4e+38 -3.4e+38 -3.4e+38 -3.4e+38 -3.4e+38 -3.4e+38 -3.4e+38 -3.4e+38 -3.4e+38 -3.4e+38 -3.4e+38 -3.4e+38 -3.4e+38
108.96378326416 108.354423522949 108.151878356934 108.329254150391 108.420700073242 108.880706787109 108.855178833008 107.719062805176 107.66975402832 107.865089416504 108.322334289551 107.656997680664 107.371604919434 107.657676696777 107.027206420898 106.884834289551 106.667198181152 -3.4e+38 -3.4e+38 -3.4e+38 -3.4e+38 -3.4e+38 -3.4e+38 -3.4e+38 -3.4e+38 -3.4e+38 -3.4e+38 -3.4e+38 -3.4e+38 -3.4e+38 -3.4e+38 -3.4e+38 -3.4e+38 -3.4e+38 -3.4e+38 -3.4e+38 -3.4e+38 -3.4e+38 -3.4e+38 -3.4e+38 -3.4e+38 -3.4e+38 -3.4e+38 -3.4e+38 -3.4e+38 -3.4e+38 -3.4e+38 -3.4e+38 -3.4e+38
108.785903930664 108.658973693848 108.432723999023 108.60587310791 108.755401611328 109.493797302246 109.672332763672 108.594093322754 107.785057067871 107.649787902832 108.226737976074 107.624153137207 107.225494384766 107.627059936523 107.471038818359 -3.4e+38 -3.4e+38 -3.4e+38 -3.4e+38 -3.4e+38 -3.4e+38 -3.4e+38 -3.4e+38 -3.4e+38 -3.4e+38 -3.4e+38 -3.4e+38 -3.4e+38 -3.4e+38 -3.4e+38 -3.4e+38 -3.4e+38 -3.4e+38 -3.4e+38 -3.4e+38 -3.4e+38 -3.4e+38 -3.4e+38 -3.4e+38 -3.4e+38 -3.4e+38 -3.4e+38 -3.4e+38 -3.4e+38 -3.4e+38 -3.4e+38 -3.4e+38 -3.4e+38 -3.4e+38
109.1220703125 108.689453125 108.772911071777 109.219886779785 109.446884155273 110.074226379395 110.338668823242 109.375839233398 108.89086151123 108.081604003906 107.902824401855 107.918930053711 107.345161437988 107.455093383789 107.34139251709 -3.4e+38 -3.4e+38 -3.4e+38 -3.4e+38 -3.4e+38 -3.4e+38 -3.4e+38 -3.4e+38 -3.4e+38 -3.4e+38 -3.4e+38 -3.4e+38 -3.4e+38 -3.4e+38 -3.4e+38 -3.4e+38 -3.4e+38 -3.4e+38 -3.4e+38 -3.4e+38 -3.4e+38 -3.4e+38 -3.4e+38 -3.4e+38 -3.4e+38 -3.4e+38 -3.4e+38 -3.4e+38 -3.4e+38 -3.4e+38 -3.4e+38 -3.4e+38 -3.4e+38 -3.4e+38
109.570449829102 -3.4e+38 -3.4e+38 109.56755065918 110.121597290039 110.576477050781 110.501182556152 109.394378662109 109.507682800293 108.934104919434 108.03670501709 107.81713104248 107.50479888916 107.491271972656 -3.4e+38 -3.4e+38 -3.4e+38 -3.4e+38 -3.4e+38 -3.4e+38 -3.4e+38 -3.4e+38 -3.4e+38 -3.4e+38 -3.4e+38 -3.4e+38 -3.4e+38 -3.4e+38 -3.4e+38 -3.4e+38 -3.4e+38 -3.4e+38 -3.4e+38 -3.4e+38 -3.4e+38 -3.4e+38 -3.4e+38 -3.4e+38 -3.4e+38 -3.4e+38 -3.4e+38 -3.4e+38 -3.4e+38 -3.4e+38 -3.4e+38 -3.4e+38 -3.4e+38 -3.4e+38 -3.4e+38
110.154838562012 110.154472351074 110.401298522949 110.661026000977 110.430419921875 110.299354553223 109.916946411133 110.12378692627 108.999923706055 109.068824768066 108.832611083984 109.087936401367 108.34139251709 -3.4e+38 -3.4e+38 -3.4e+38 -3.4e+38 -3.4e+38 -3.4e+38 -3.4e+38 -3.4e+38 -3.4e+38 -3.4e+38 -3.4e+38 -3.4e+38 -3.4e+38 -3.4e+38 -3.4e+38 -3.4e+38 -3.4e+38 -3.4e+38 -3.4e+38 -3.4e+38 -3.4e+38 -3.4e+38 -3.4e+38 -3.4e+38 -3.4e+38 -3.4e+38 -3.4e+38 -3.4e+38 -3.4e+38 -3.4e+38 -3.4e+38 -3.4e+38 -3.4e+38 -3.4e+38 -3.4e+38 -3.4e+38
