ssp1models/sc1gr21.18
NCOLS 261 
NROWS 433 
XLLCORNER 336357.134 
YLLCORNER 654653.479 
CELLSIZE 1000 
NODATA_value -9999 
[rows 44 to 65 of 433, columns 100 to 149 of 261]
61.3725814819336 60.3116188049316 60.9119491577148 72.112190246582 92.1026840209961 97.3546447753906 77.3741912841797 44.6284370422363 23.8565292358398 32.7161560058594 44.4751815795898 46.2191200256348 42.5983695983887 57.2185935974121 85.0873031616211 109.322151184082 116.185897827148 97.0527267456055 80.2337341308594 62.8699722290039 35.6078643798828 8.26418304443359 -9999 -9999 -9999 -9999 -9999 -9999 -9999 -9999 -9999 -9999 -9999 -9999 -9999 -9999 -9999 -9999 -9999 -9999 -9999 -9999 -9999 -9999 -9999 -9999 -9999 -9999 -9999 -9999
55.0541000366211 54.7761611938477 55.9668045043945 65.8922882080078 91.2587203979492 115.708320617676 109.444534301758 79.6828994750977 43.0068435668945 63.1582679748535 117.969085693359 137.393630981445 90.1951675415039 62.7199020385742 82.7771377563477 103.081451416016 94.9793090820312 78.5322341918945 72.1697540283203 61.7277336120605 39.0947570800781 14.6375360488892 9.58126640319824 -9999 -9999 -9999 -9999 -9999 -9999 -9999 -9999 -9999 -9999 -9999 -9999 -9999 -9999 -9999 -9999 -9999 -9999 -9999 -9999 -9999 -9999 -9999 -9999 -9999 -9999 -9999
55.8378105163574 53.4521903991699 53.0543937683105 61.7512702941895 85.2978210449219 106.621704101562 107.574333190918 97.1552886962891 80.24365234375 112.32022857666 182.020767211914 197.054290771484 138.081634521484 103.256790161133 101.234817504883 94.3247528076172 77.9511260986328 72.5290069580078 73.2739715576172 59.8014144897461 45.9907760620117 32.8441162109375 20.2042713165283 9.01864147186279 1.63773369789124 -9999 -9999 -9999 -9999 -9999 -9999 -9999 -9999 -9999 -9999 -9999 -9999 -9999 -9999 -9999 -9999 -9999 -9999 -9999 -9999 -9999 -9999 -9999 -9999 -9999
115.089782714844 98.0519409179688 70.6277770996094 71.0742034912109 98.3737945556641 107.9404296875 115.768020629883 116.661148071289 104.386528015137 134.657897949219 175.648422241211 173.550109863281 140.51188659668 123.521957397461 108.048202514648 87.4272155761719 75.3278579711914 72.7844085693359 77.0052490234375 58.1292991638184 49.0939025878906 45.542179107666 37.8283615112305 24.1425514221191 10.6636924743652 -9999 8.14971923828125 -9999 -9999 -9999 -9999 -9999 -9999 -9999 -9999 -9999 -9999 -9999 -9999 -9999 -9999 -9999 -9999 -9999 -9999 -9999 -9999 -9999 -9999 -9999
157.469619750977 130.37646484375 85.984260559082 81.3369369506836 106.991539001465 112.19905090332 140.887969970703 170.997344970703 133.243606567383 148.014755249023 157.989501953125 144.529083251953 124.33659362793 121.915298461914 118.737525939941 104.940307617188 88.7263641357422 76.1768569946289 81.1549987792969 60.9746131896973 50.1301155090332 49.3235168457031 48.1013946533203 42.1974716186523 30.7653026580811 17.9594192504883 -9999 -9999 -9999 -9999 -9999 -9999 -9999 -9999 -9999 -9999 -9999 -9999 -9999 -9999 -9999 -9999 -9999 -9999 -9999 -9999 -9999 -9999 -9999 -9999
165.717346191406 113.201095581055 72.7077255249023 84.3725662231445 108.387893676758 113.981864929199 157.400375366211 218.042419433594 216.247772216797 226.524749755859 217.721664428711 173.519866943359 117.759338378906 111.972099304199 122.600326538086 120.853393554688 102.188705444336 -9999 83.7953567504883 69.1995849609375 53.6425895690918 49.7751693725586 50.5171394348145 49.7623710632324 45.8679237365723 37.5149612426758 26.3250141143799 19.2198963165283 19.1705169677734 -9999 -9999 -9999 -9999 -9999 -9999 -9999 -9999 -9999 -9999 -9999 -9999 -9999 -9999 -9999 -9999 -9999 -9999 -9999 -9999 -9999
144.179809570312 74.5515060424805 55.6767311096191 80.9962387084961 110.539756774902 126.534629821777 174.036056518555 235.347381591797 274.871765136719 296.611175537109 284.339172363281 212.304931640625 119.116821289062 101.431121826172 113.221687316895 122.410095214844 116.498153686523 -9999 91.0752258300781 74.0016479492188 56.0074768066406 49.7844200134277 50.702751159668 51.116813659668 51.7128028869629 54.1495704650879 56.6267433166504 51.0306434631348 33.535572052002 21.7160778045654 -9999 -9999 -9999 -9999 -9999 -9999 -9999 -9999 -9999 -9999 -9999 -9999 -9999 -9999 -9999 -9999 -9999 -9999 -9999 -9999
97.7015991210938 52.5848541259766 64.8440856933594 111.6162109375 151.539337158203 175.600616455078 217.227142333984 250.495529174805 292.530792236328 322.471862792969 300.350769042969 207.117645263672 110.723274230957 99.443489074707 108.53938293457 131.252487182617 154.853912353516 141.477645874023 103.93724822998 79.1718597412109 60.3031120300293 51.4612693786621 51.8895378112793 53.0972595214844 58.5478286743164 70.2722320556641 80.3988647460938 77.5962219238281 58.0812072753906 33.9236679077148 -9999 -9999 -9999 -9999 -9999 -9999 -9999 -9999 -9999 -9999 -9999 -9999 -9999 -9999 -9999 -9999 -9999 -9999 -9999 -9999
88.9428329467773 81.8466491699219 133.317306518555 177.127822875977 199.825347900391 217.919052124023 243.546127319336 258.307067871094 289.063720703125 315.571960449219 266.824005126953 162.498596191406 102.142692565918 103.700241088867 125.958595275879 184.577529907227 250.159072875977 220.810836791992 116.904220581055 84.6726531982422 68.3374252319336 58.3572463989258 58.8744163513184 61.8727035522461 71.9309310913086 83.8426284790039 89.5850372314453 87.9340286254883 74.8118286132812 44.052116394043 15.581600189209 -9999 -9999 -9999 -9999 -9999 -9999 -9999 -9999 -9999 -9999 -9999 -9999 -9999 -9999 -9999 -9999 -9999 -9999 -9999
166.042465209961 156.674530029297 194.933639526367 212.080627441406 218.690582275391 230.854675292969 247.133804321289 258.381713867188 281.987762451172 302.72705078125 233.536758422852 125.155685424805 100.07120513916 106.734558105469 144.045639038086 241.782852172852 333.943511962891 266.954376220703 109.522392272949 72.1494445800781 72.304801940918 73.6694946289062 77.6096267700195 79.4579010009766 84.6413955688477 89.8194427490234 92.3119125366211 99.0464553833008 107.334907531738 87.1003494262695 42.1797943115234 202.955764770508 -9999 -9999 0.0645243376493454 -9999 -9999 -9999 -9999 -9999 -9999 -9999 -9999 -9999 -9999 -9999 -9999 -9999 -9999 -9999
236.517684936523 202.651062011719 208.717880249023 215.181198120117 206.319839477539 197.011093139648 199.03630065918 205.489868164062 218.572402954102 238.018661499023 185.422348022461 99.6910858154297 97.8162612915039 -9999 130.931045532227 204.037872314453 265.450469970703 200.763763427734 84.875617980957 52.3218231201172 57.128719329834 -9999 66.0517501831055 71.9315414428711 81.3616790771484 90.0412445068359 100.19066619873 125.433502197266 156.341461181641 156.826065063477 135.228790283203 202.809387207031 135.351135253906 -9999 -9999 0.0130526386201382 -9999 -9999 -9999 -9999 -9999 -9999 -9999 -9999 -9999 -9999 -9999 -9999 -9999 -9999
108.079650878906 106.638542175293 117.051254272461 -9999 74.7740936279297 15.6717576980591 -9999 15.3182735443115 15.8064918518066 17.0571594238281 -9999 11.8850135803223 21.6542930603027 -9999 46.2818412780762 68.9793548583984 93.7404022216797 86.5295028686523 52.3238334655762 41.9456787109375 40.4383888244629 35.1857452392578 28.6965026855469 27.336462020874 30.1983776092529 43.0984954833984 81.5605239868164 140.003295898438 183.216033935547 197.948303222656 197.294128417969 126.815010070801 49.8270492553711 -9999 0.168563544750214 -9999 0.00897928792983294 -9999 -9999 -9999 -9999 -9999 -9999 -9999 -9999 -9999 -9999 -9999 -9999 -9999
90.3383483886719 95.7040863037109 -9999 -9999 22.6445255279541 4.06818389892578 3.99746370315552 3.99746322631836 3.95977544784546 3.6393620967865 -9999 3.33320021629333 5.25306034088135 7.64520978927612 10.4389142990112 18.8049621582031 31.5916290283203 38.1714859008789 38.4758415222168 41.1274833679199 37.0986099243164 30.1123867034912 25.4685878753662 24.2222747802734 22.4421463012695 22.4153289794922 34.996696472168 70.245002746582 122.715881347656 164.424133300781 157.902435302734 45.3432273864746 10.261456489563 0.348735481500626 0.158718109130859 0.0655350536108017 -9999 -9999 -9999 -9999 -9999 -9999 -9999 -9999 -9999 -9999 -9999 -9999 -9999 -9999
50.5884094238281 66.8357696533203 -9999 -9999 12.195930480957 12.5464210510254 3.99746346473694 3.99746322631836 3.93924593925476 3.55619406700134 2.97277784347534 2.74959325790405 2.80300092697144 2.82090425491333 2.99343824386597 4.24372673034668 8.5905179977417 19.8393268585205 -9999 39.6692390441895 33.2233200073242 26.2767219543457 24.443811416626 22.6043949127197 -9999 16.6489295959473 17.8223552703857 27.232479095459 52.1635055541992 81.5240020751953 76.0903396606445 21.1275730133057 2.61864805221558 1.04614567756653 -9999 -9999 -9999 -9999 -9999 -9999 -9999 -9999 -9999 -9999 -9999 -9999 -9999 -9999 -9999 -9999
17.6514873504639 27.8288669586182 -9999 5.34209108352661 10.0461692810059 10.3239288330078 3.99746298789978 3.99744009971619 3.90055799484253 3.41286754608154 2.82746291160583 2.73140215873718 2.73140215873718 2.73140215873718 2.73180866241455 2.92082691192627 6.78252220153809 -9999 -9999 37.4417762756348 30.0563468933105 24.8874034881592 23.724422454834 20.5307807922363 16.7778396606445 15.6970367431641 15.6408596038818 16.5634307861328 20.7304344177246 25.9830875396729 20.4678001403809 3.40578532218933 3.66254043579102 3.86969971656799 -9999 -9999 -9999 -9999 -9999 36.7294731140137 56.2894134521484 -9999 -9999 -9999 -9999 -9999 -9999 -9999 -9999 -9999
8.37267589569092 10.1829738616943 8.6290225982666 4.76546955108643 5.08391714096069 5.13670969009399 3.99746322631836 3.99699878692627 3.80933022499084 3.2623450756073 2.74974322319031 2.73140215873718 2.73140239715576 2.73140215873718 2.73709201812744 3.07217216491699 7.90663766860962 24.5118713378906 41.4471778869629 35.4196357727051 27.8789215087891 24.6931648254395 23.4208946228027 19.5802707672119 15.7909069061279 15.5811958312988 15.5801658630371 15.5747928619385 15.3646125793457 13.4484634399414 8.41892528533936 3.55205845832825 3.44320178031921 4.10930156707764 -9999 -9999 -9999 -9999 -9999 -9999 63.9869804382324 66.0546417236328 -9999 -9999 -9999 -9999 -9999 -9999 -9999 -9999
7.52900314331055 7.51685237884521 6.11940670013428 3.99746298789978 3.99746322631836 3.99746322631836 3.99746322631836 3.9958598613739 3.63088083267212 3.06386733055115 2.73268246650696 2.7314019203186 2.73140215873718 2.73140215873718 2.75346088409424 3.42919611930847 9.33553218841553 26.3531970977783 41.9569053649902 34.0925598144531 26.5309829711914 24.6982364654541 23.4188385009766 19.5111770629883 15.6695232391357 15.4933013916016 15.4479207992554 15.386773109436 14.7698955535889 12.4421606063843 9.60753631591797 3.16487956047058 3.23457789421082 3.57353830337524 -9999 -9999 -9999 -9999 -9999 -9999 65.9918060302734 66.6528930664062 -9999 -9999 -9999 -9999 -9999 -9999 -9999 -9999
7.52900314331055 7.52471923828125 7.071457862854 3.99746298789978 3.99746298789978 3.99746322631836 3.99746322631836 3.99466753005981 3.46547818183899 2.89044308662415 2.73140215873718 2.73140215873718 2.73140215873718 2.73140215873718 2.75708794593811 3.50213241577148 9.61026477813721 26.6598052978516 41.9785499572754 33.4845161437988 25.9200649261475 24.7261371612549 23.5092086791992 19.3773765563965 14.5457897186279 13.4019823074341 13.331748008728 13.2646036148071 12.5899028778076 10.2630577087402 7.09861373901367 3.47385907173157 3.6292724609375 4.77965879440308 6.78578805923462 -9999 -9999 -9999 -9999 -9999 -9999 90.9983062744141 374.256652832031 -9999 -9999 -9999 -9999 -9999 -9999 -9999
7.52900362014771 7.52900314331055 7.52900314331055 4.00553941726685 4.00838994979858 3.99746346473694 3.9974467754364 3.99326586723328 3.37161922454834 2.79581212997437 2.73140239715576 2.73140239715576 2.73140215873718 2.73140215873718 2.76016545295715 3.56006407737732 9.81799125671387 26.8709182739258 41.9778594970703 33.5344390869141 25.9794368743896 24.7575416564941 23.7434272766113 19.8313636779785 14.1817436218262 11.6802005767822 11.6438074111938 11.6015949249268 11.0669641494751 8.73030853271484 4.39477205276489 5.86675786972046 4.33701181411743 6.62551307678223 7.58440351486206 7.72692918777466 7.4583797454834 7.24832439422607 -9999 -9999 -9999 -9999 724.8564453125 -9999 -9999 -9999 -9999 -9999 -9999 -9999
7.52900362014771 7.52900362014771 7.52337121963501 7.15490484237671 5.12649869918823 3.99810266494751 3.99718236923218 3.98304605484009 3.28573942184448 2.74988198280334 2.73140239715576 2.73140239715576 2.73140239715576 2.73140239715576 2.78439211845398 4.0415940284729 11.5642328262329 28.6594638824463 41.9832382202148 33.9479675292969 26.40744972229 24.7711029052734 23.906322479248 20.3199005126953 14.4959306716919 11.3163404464722 11.3103227615356 11.2953691482544 11.0625219345093 9.84271049499512 7.31871843338013 6.55965805053711 6.05956840515137 7.58304405212402 7.75618743896484 7.71600246429443 7.39122343063354 7.25632476806641 9.02849960327148 -9999 -9999 -9999 666.447204589844 875.991027832031 -9999 -9999 -9999 -9999 -9999 -9999
7.52900314331055 7.52900314331055 7.52308893203735 7.17666530609131 5.6711893081665 4.06358861923218 3.99692296981812 3.97401356697083 3.23317694664001 2.73405027389526 2.73140239715576 2.73140239715576 2.73140239715576 2.73140239715576 2.81039214134216 4.54282379150391 13.3737850189209 30.5119800567627 41.9998245239258 35.0097007751465 27.4915409088135 24.7772731781006 23.9858894348145 20.5949420928955 14.7691631317139 11.3095932006836 11.3095893859863 11.3075141906738 11.2679605484009 11.016077041626 10.3487644195557 8.40548419952393 7.60297822952271 7.76059913635254 7.76416492462158 7.71939468383789 7.45310735702515 7.94153785705566 14.1017742156982 51.1156349182129 -9999 -9999 -9999 873.902893066406 -9999 -9999 -9999 -9999 -9999 -9999
7.57618045806885 7.57607412338257 7.57245397567749 7.37774324417114 6.38305950164795 4.79082536697388 4.02191591262817 4.00687456130981 3.29103469848633 2.75142025947571 2.72659516334534 2.72660446166992 2.72661352157593 2.72662258148193 2.8318989276886 5.02696704864502 15.1076049804688 32.2373046875 41.9430732727051 37.0022468566895 29.5821876525879 24.8384208679199 24.3028869628906 21.6003112792969 15.7590885162354 11.3510980606079 11.3450574874878 11.3450088500977 11.3438577651978 11.3238868713379 11.1769819259644 9.21038627624512 7.99224090576172 7.78826522827148 7.79420948028564 8.02058887481689 10.7262058258057 24.9837646484375 63.6932601928711 130.21223449707 -9999 -9999 -9999 593.891174316406 636.760437011719 -9999 -9999 -9999 -9999 -9999
