ssp1models/sc1gr21.8
NCOLS 261 
NROWS 433 
XLLCORNER 336357.134 
YLLCORNER 654653.479 
CELLSIZE 1000 
NODATA_value -9999 
[rows 391 to 413 of 433, columns 100 to 149 of 261]
384.364593505859 417.114654541016 331.228668212891 199.057830810547 157.604934692383 178.568878173828 185.432189941406 184.17626953125 191.589248657227 222.492584228516 283.165863037109 356.500823974609 454.982635498047 578.746032714844 622.59130859375 571.86376953125 517.191772460938 508.217712402344 531.632263183594 430.634582519531 411.433349609375 477.456634521484 582.144958496094 598.570922851562 552.585266113281 588.892333984375 646.266845703125 631.120849609375 580.545227050781 542.6982421875 518.564514160156 378.796112060547 282.398895263672 244.374557495117 240.086486816406 247.618743896484 255.333160400391 257.908630371094 254.754592895508 229.529327392578 173.498184204102 130.265106201172 173.260650634766 261.771087646484 426.938507080078 592.44140625 591.711059570312 488.238922119141 -9999 415.702545166016
544.095764160156 614.68017578125 517.036010742188 333.938995361328 234.994857788086 230.671524047852 268.267639160156 296.671508789062 231.681167602539 259.819580078125 342.071197509766 408.437652587891 454.958831787109 541.324462890625 599.182250976562 556.955383300781 497.6708984375 486.478363037109 490.466491699219 451.851898193359 471.60498046875 490.294219970703 497.104034423828 470.239288330078 444.439514160156 484.133331298828 526.05419921875 500.900848388672 455.035339355469 469.290283203125 529.537353515625 457.497039794922 342.832153320312 267.353179931641 254.813079833984 257.090728759766 258.824615478516 255.054458618164 238.456130981445 197.796783447266 145.370941162109 116.770439147949 120.089202880859 151.983154296875 259.806549072266 414.012115478516 457.666564941406 389.522308349609 359.626312255859 366.423736572266
556.894653320312 628.763366699219 544.086486816406 421.173675537109 377.919860839844 393.881439208984 431.433715820312 430.920379638672 373.995483398438 385.426391601562 414.196899414062 442.182342529297 456.070739746094 483.286071777344 480.28076171875 388.403686523438 339.615264892578 398.336059570312 451.673889160156 451.268768310547 462.34326171875 457.834930419922 437.668151855469 414.432342529297 402.527252197266 434.562133789062 482.493896484375 469.493743896484 442.372589111328 490.654083251953 557.843811035156 502.041198730469 409.307159423828 324.978729248047 301.207916259766 302.91796875 314.432189941406 305.783599853516 248.430389404297 176.878662109375 130.617080688477 116.618476867676 115.152114868164 123.44499206543 170.575225830078 274.066253662109 364.497863769531 377.557006835938 367.767059326172 380.508422851562
445.290771484375 447.153106689453 402.363067626953 391.780151367188 446.725067138672 514.478698730469 566.875244140625 563.140197753906 455.214538574219 454.321655273438 432.694519042969 417.80419921875 426.594299316406 430.937225341797 365.777801513672 247.202453613281 221.665390014648 299.989990234375 382.560119628906 479.057983398438 481.2841796875 450.738708496094 420.980529785156 413.827697753906 409.364624023438 429.188873291016 474.653717041016 496.173065185547 530.285766601562 596.285888671875 603.26416015625 499.23193359375 435.757354736328 395.638916015625 395.377380371094 389.357330322266 396.760070800781 400.421417236328 336.191925048828 257.738403320312 194.860687255859 150.349609375 129.188201904297 128.372467041016 154.357620239258 219.634124755859 298.287048339844 336.065582275391 348.549682617188 372.806518554688
386.586334228516 402.779571533203 393.389434814453 386.031677246094 432.365417480469 516.242004394531 608.728454589844 629.861267089844 423.772918701172 402.00732421875 376.900054931641 355.259399414062 349.448791503906 323.730865478516 252.574752807617 185.597595214844 190.374389648438 259.938385009766 354.850860595703 487.671295166016 484.885986328125 447.298583984375 420.7900390625 422.106903076172 426.977203369141 443.244354248047 486.176910400391 567.667663574219 665.530456542969 683.831848144531 607.002685546875 442.521392822266 393.417907714844 385.136749267578 409.047271728516 419.767913818359 474.021820068359 585.950256347656 584.898254394531 470.744903564453 360.323974609375 278.665008544922 204.241729736328 197.689178466797 223.645248413086 262.115051269531 298.168304443359 312.572479248047 324.974914550781 349.352600097656
391.100372314453 464.735321044922 499.801452636719 465.758666992188 417.430206298828 444.839599609375 580.954833984375 682.128051757812 421.65087890625 346.981018066406 332.62646484375 314.493438720703 288.504150390625 249.172744750977 211.191009521484 193.828842163086 204.332778930664 256.9580078125 353.717987060547 459.6640625 426.613342285156 400.265075683594 409.073028564453 447.825866699219 510.606536865234 581.593505859375 625.722045898438 636.88427734375 598.472534179688 518.679565429688 451.283172607422 365.964935302734 346.957275390625 354.002288818359 397.804412841797 466.419067382812 581.117614746094 701.488037109375 689.492065429688 565.639099121094 436.491394042969 335.698852539062 246.836700439453 249.379745483398 279.248443603516 302.757354736328 312.564727783203 303.223937988281 282.196502685547 272.864379882812
372.840118408203 449.313262939453 510.816589355469 514.546203613281 442.469970703125 385.226226806641 441.681121826172 609.566040039062 508.924072265625 343.652465820312 293.754486083984 257.852111816406 231.242309570312 221.089797973633 223.682281494141 234.70686340332 256.679260253906 298.413879394531 352.138488769531 380.928497314453 363.883666992188 359.399261474609 378.888336181641 453.231353759766 584.147766113281 688.946716308594 687.073547363281 605.872253417969 491.960113525391 384.134887695312 325.852691650391 328.549560546875 363.113372802734 409.741180419922 457.095092773438 504.411682128906 584.123779296875 670.575805664062 674.597839355469 563.184326171875 404.072662353516 305.100860595703 265.305145263672 270.145568847656 285.500762939453 283.031524658203 253.789703369141 211.094528198242 175.742233276367 167.455322265625
228.864944458008 296.712677001953 363.0068359375 439.828186035156 491.016235351562 484.524444580078 472.116790771484 451.7783203125 296.295318603516 247.719924926758 203.11540222168 177.551010131836 190.133224487305 225.66357421875 265.501251220703 320.598754882812 371.058258056641 353.635375976562 284.482849121094 236.396545410156 266.0732421875 307.118469238281 316.159820556641 334.044372558594 425.301055908203 526.479675292969 510.606140136719 404.1982421875 318.665649414062 271.85986328125 236.416687011719 229.721740722656 293.041809082031 334.910247802734 358.210418701172 379.778503417969 380.807800292969 367.120574951172 345.368957519531 315.430084228516 293.585357666016 297.527801513672 300.453704833984 274.494842529297 230.807693481445 190.447326660156 169.613876342773 165.363418579102 177.042938232422 187.760070800781
143.71142578125 179.061935424805 271.114074707031 383.115905761719 471.631469726562 488.375579833984 447.457458496094 399.937896728516 296.318023681641 244.654266357422 191.422760009766 172.72053527832 189.310531616211 216.86604309082 246.995681762695 273.55859375 284.937530517578 276.196807861328 259.323150634766 236.733169555664 268.594482421875 343.866363525391 396.765808105469 393.277435302734 391.178833007812 412.695220947266 395.802185058594 326.825469970703 280.871612548828 273.276672363281 236.64533996582 -9999 262.357696533203 330.887542724609 359.675170898438 376.433563232422 407.485137939453 449.945861816406 424.574737548828 319.793090820312 268.848754882812 305.597534179688 324.001403808594 297.789581298828 256.314666748047 204.283020019531 186.487457275391 212.356094360352 240.701049804688 239.677612304688
74.4628524780273 87.5458221435547 202.771789550781 378.459655761719 489.508850097656 514.466491699219 493.015533447266 434.163787841797 304.519226074219 262.374053955078 217.224395751953 190.681579589844 189.969131469727 206.415222167969 230.67155456543 246.826843261719 274.06884765625 328.955139160156 350.2333984375 279.184143066406 325.758087158203 401.156768798828 433.511657714844 431.770294189453 442.336090087891 444.390075683594 408.481109619141 347.918914794922 354.344787597656 461.485137939453 477.054656982422 191.622192382812 -9999 315.104827880859 342.256469726562 353.441162109375 381.684204101562 429.390594482422 425.159881591797 337.008270263672 277.965393066406 302.332946777344 333.302947998047 339.174713134766 326.733245849609 268.787628173828 239.119613647461 276.071929931641 291.904937744141 272.558380126953
44.4137573242188 62.320987701416 194.867263793945 412.998870849609 543.121704101562 570.822692871094 562.505310058594 496.012359619141 290.395965576172 243.052017211914 200.955261230469 176.127105712891 171.691467285156 187.166717529297 220.898223876953 258.283294677734 319.112335205078 393.276489257812 426.09912109375 399.105804443359 419.203948974609 425.683929443359 402.378753662109 406.334106445312 463.386962890625 528.520935058594 534.756164550781 443.714813232422 364.239196777344 405.949798583984 444.750885009766 269.506958007812 259.927856445312 292.586242675781 310.192443847656 327.543060302734 363.6953125 418.550262451172 424.203125 338.817199707031 285.668334960938 326.363464355469 392.493591308594 384.245758056641 363.7216796875 329.711791992188 307.175659179688 308.016540527344 294.238647460938 279.358367919922
38.5342063903809 55.788387298584 196.405227661133 446.372100830078 611.146240234375 627.800842285156 553.594421386719 438.572906494141 250.487915039062 209.736968994141 168.817916870117 150.719833374023 159.57243347168 184.781845092773 215.389282226562 251.619033813477 316.867279052734 386.008148193359 422.785125732422 458.472686767578 451.518829345703 410.593658447266 367.468658447266 361.443267822266 393.274078369141 461.916076660156 522.631591796875 473.980255126953 362.785308837891 309.260711669922 317.89453125 346.741668701172 349.327819824219 359.689483642578 345.989440917969 356.207977294922 402.072113037109 452.763916015625 439.107635498047 334.283172607422 283.429809570312 350.831420898438 452.549652099609 416.837371826172 363.76953125 329.046661376953 323.018005371094 301.546264648438 273.526153564453 280.489868164062
38.0992660522461 52.8030738830566 185.400543212891 411.893768310547 542.634033203125 545.383239746094 487.869323730469 402.022766113281 234.194366455078 194.737335205078 166.735366821289 160.459823608398 175.084106445312 195.387176513672 212.042892456055 232.003524780273 271.316772460938 324.250732421875 372.295166015625 436.270141601562 426.649658203125 382.271240234375 336.329223632812 310.223449707031 307.809753417969 356.30322265625 463.648284912109 530.675659179688 513.234497070312 442.741516113281 343.855072021484 367.700744628906 411.955657958984 403.288391113281 363.218658447266 376.481079101562 442.812072753906 488.39794921875 456.002014160156 368.863098144531 351.204284667969 444.404541015625 492.993011474609 399.366241455078 327.453948974609 287.856719970703 297.725524902344 293.108917236328 288.429748535156 311.625
46.0448265075684 71.5243148803711 210.649459838867 405.345306396484 490.321990966797 479.961975097656 454.846557617188 409.731872558594 250.38655090332 211.073348999023 194.863510131836 190.386199951172 193.806274414062 200.351608276367 212.138519287109 237.220840454102 282.524597167969 333.878845214844 364.363494873047 404.953887939453 401.029998779297 361.702392578125 309.217010498047 253.318115234375 220.695114135742 282.392028808594 445.124603271484 573.969360351562 620.780883789062 602.265441894531 478.568359375 366.125732421875 375.448699951172 360.410705566406 343.656829833984 364.672790527344 429.291534423828 481.932281494141 480.360443115234 452.9013671875 454.305328369141 509.820556640625 448.407257080078 300.165283203125 253.144943237305 231.211578369141 239.014877319336 258.379028320312 299.427612304688 370.129699707031
113.329010009766 134.815170288086 286.10400390625 434.289703369141 481.645812988281 472.500091552734 465.995544433594 441.445861816406 292.131286621094 256.406982421875 236.393753051758 221.561538696289 216.624649047852 220.087799072266 238.119033813477 285.264465332031 359.990936279297 410.414611816406 411.434600830078 409.462951660156 398.964111328125 368.384918212891 328.876617431641 265.637756347656 215.435989379883 272.326171875 426.718811035156 563.979858398438 658.422973632812 696.153381347656 611.077880859375 372.744873046875 367.150604248047 382.83447265625 389.539916992188 412.228088378906 496.632629394531 576.716003417969 552.800964355469 479.966125488281 434.043395996094 413.530700683594 322.824188232422 239.951721191406 220.489273071289 213.690612792969 222.007949829102 265.668853759766 343.069000244141 431.813232421875
254.851058959961 173.958648681641 255.977462768555 376.745941162109 446.532928466797 475.635467529297 501.994537353516 505.515167236328 355.543426513672 305.527160644531 303.36279296875 320.728393554688 329.228698730469 304.296966552734 278.682464599609 307.301605224609 391.929748535156 460.019134521484 477.699554443359 481.723052978516 452.641479492188 420.840667724609 383.617340087891 321.606140136719 269.489288330078 294.362884521484 402.304290771484 588.367919921875 827.238464355469 929.727966308594 806.762329101562 450.181823730469 395.811798095703 415.639465332031 426.115539550781 450.316802978516 556.86572265625 685.068603515625 654.545166015625 486.504486083984 378.909698486328 346.062683105469 259.970123291016 235.698852539062 235.162536621094 229.506393432617 227.215316772461 265.078247070312 345.894714355469 427.010681152344
386.616088867188 238.108047485352 227.567108154297 307.967712402344 398.028564453125 487.152191162109 578.47265625 590.014953613281 419.364807128906 375.802947998047 384.569488525391 431.640411376953 449.788024902344 403.662780761719 344.750244140625 361.335235595703 499.061340332031 629.562133789062 650.450134277344 736.750244140625 638.196899414062 505.887054443359 423.766906738281 346.017303466797 291.141479492188 283.33447265625 353.008148193359 572.705017089844 956.194641113281 1251.96154785156 1164.35961914062 548.376708984375 439.859832763672 415.744354248047 420.272247314453 453.528411865234 522.960754394531 583.6435546875 544.63232421875 427.688140869141 363.72314453125 338.974273681641 258.159210205078 255.976928710938 286.801788330078 275.920501708984 232.191009521484 238.047988891602 288.459411621094 352.049560546875
495.589691162109 388.363525390625 321.156433105469 334.478118896484 389.221496582031 485.598358154297 612.142944335938 628.261596679688 456.175231933594 441.08740234375 469.779144287109 520.667846679688 548.364624023438 576.700866699219 583.005920410156 522.953674316406 559.389038085938 681.464660644531 713.319213867188 755.185424804688 659.214233398438 511.000061035156 411.210815429688 344.921173095703 319.816284179688 348.069305419922 443.161041259766 629.771240234375 937.838012695312 1221.08520507812 1131.90625 525.602661132812 426.614868164062 385.138031005859 392.287200927734 453.584564208984 585.441772460938 697.695678710938 589.42236328125 381.21484375 349.918762207031 342.635620117188 261.535095214844 271.989868164062 338.628997802734 329.373962402344 249.295837402344 222.259078979492 230.760391235352 267.526733398438
571.813110351562 541.022216796875 544.441223144531 570.215209960938 575.358825683594 588.445007324219 647.701049804688 650.532958984375 480.344512939453 487.233734130859 521.673889160156 546.035766601562 550.606384277344 586.467651367188 620.287902832031 591.02783203125 613.643798828125 662.135864257812 629.792602539062 581.717163085938 534.469665527344 474.299041748047 421.225524902344 383.743774414062 404.599395751953 468.439025878906 537.297302246094 609.372497558594 722.46875 840.945739746094 771.930236816406 421.495269775391 336.375671386719 313.063507080078 344.259979248047 422.466003417969 527.247985839844 603.023986816406 541.102661132812 386.867736816406 349.1884765625 350.645599365234 243.088165283203 246.745162963867 314.116424560547 336.143493652344 301.627960205078 276.908905029297 253.089950561523 256.166198730469
535.894653320312 553.540344238281 638.105224609375 650.747131347656 667.141296386719 919.338562011719 1195.37915039062 1001.31121826172 419.203460693359 379.870361328125 399.741790771484 458.619232177734 577.757385253906 715.7333984375 716.9619140625 605.719604492188 505.23193359375 434.387725830078 388.384063720703 368.217041015625 386.342590332031 446.775115966797 533.679382324219 534.99560546875 453.515930175781 418.663665771484 472.937255859375 553.259216308594 579.07421875 524.60546875 453.192596435547 340.521514892578 289.363342285156 301.431518554688 339.217498779297 344.09130859375 334.237762451172 325.404724121094 317.95361328125 299.555084228516 279.410980224609 273.307495117188 240.031814575195 257.255126953125 304.618896484375 325.852600097656 301.119934082031 268.879058837891 244.26203918457 296.53564453125
468.220855712891 479.776672363281 562.097961425781 655.796569824219 813.652404785156 1082.47827148438 1213.39135742188 941.302856445312 355.531555175781 320.462646484375 337.199798583984 404.812133789062 582.05126953125 775.595764160156 736.470520019531 536.55908203125 452.861297607422 473.128234863281 439.514862060547 362.664764404297 410.663146972656 487.486846923828 558.805297851562 545.1533203125 474.695434570312 436.324951171875 458.892425537109 508.827301025391 522.869567871094 464.550109863281 374.664642333984 279.597229003906 261.411804199219 272.027282714844 309.940490722656 322.16845703125 288.285217285156 257.330169677734 246.242233276367 244.164337158203 246.568145751953 256.575866699219 279.327941894531 290.800109863281 319.558074951172 324.312438964844 285.733001708984 241.29296875 221.814086914062 300.316497802734
429.921752929688 391.556549072266 431.126586914062 584.56982421875 850.702209472656 1086.63403320312 1098.82287597656 846.701110839844 392.621551513672 363.094390869141 346.190734863281 363.049407958984 465.673370361328 583.863952636719 561.868713378906 471.109130859375 488.338317871094 529.6103515625 488.019134521484 499.080627441406 578.086242675781 599.974609375 597.857421875 577.299499511719 529.485412597656 493.723205566406 465.720153808594 433.072357177734 409.626129150391 365.54345703125 311.531311035156 310.601013183594 325.739074707031 310.831359863281 310.374786376953 316.341674804688 276.407012939453 241.582626342773 249.180297851562 260.371307373047 261.996734619141 273.856811523438 293.536987304688 276.205505371094 284.809936523438 299.729125976562 298.407318115234 295.594940185547 332.145477294922 454.371643066406
446.328674316406 370.583129882812 364.430236816406 496.28515625 770.394592285156 1042.84875488281 1080.78723144531 835.115600585938 432.197204589844 388.683135986328 365.368072509766 373.821411132812 461.990417480469 562.671081542969 581.504333496094 623.345825195312 719.075744628906 703.731201171875 631.200500488281 673.209411621094 776.409362792969 806.5791015625 760.341979980469 720.108276367188 653.821838378906 557.367248535156 464.635314941406 394.159942626953 361.8603515625 328.942840576172 308.517730712891 326.890747070312 336.557495117188 328.115509033203 331.303131103516 353.805938720703 352.152923583984 324.400817871094 301.284515380859 293.203674316406 283.444549560547 275.875671386719 275.798004150391 246.45703125 239.451095581055 261.023712158203 309.872528076172 396.598449707031 545.423522949219 683.816650390625
