ssp1models/sc1gr21.16
NCOLS 261 
NROWS 433 
XLLCORNER 336357.134 
YLLCORNER 654653.479 
CELLSIZE 1000 
NODATA_value -9999 
[rows 220 to 241 of 433, columns 200 to 249 of 261]
7.01381015777588 6.43325138092041 6.08523178100586 6.00696420669556 5.99176502227783 5.99178647994995 5.99184608459473 6.01432418823242 6.29971170425415 10.7036075592041 13.6588640213013 14.6807165145874 14.7739725112915 14.7775821685791 15.4859418869019 22.3765602111816 45.3967742919922 74.9075393676758 88.9684524536133 102.426246643066 193.663024902344 242.394500732422 379.445526123047 -9999 718.057250976562 519.290100097656 454.965484619141 467.63720703125 -9999 -9999 -9999 -9999 -9999 -9999 -9999 -9999 -9999 -9999 -9999 -9999 -9999 -9999 -9999 -9999 -9999 -9999 -9999 -9999 -9999 -9999
6.31318855285645 6.07438850402832 5.99703550338745 5.991774559021 5.99176454544067 5.99178647994995 5.99179697036743 5.99467086791992 6.05119323730469 8.10340023040771 11.2030744552612 13.9537992477417 14.7739715576172 14.7738952636719 15.319354057312 21.1242561340332 42.608814239502 74.9175262451172 92.7860412597656 100.318840026855 193.887954711914 227.027816772461 355.697052001953 -9999 1099.99523925781 1453.0517578125 1072.30322265625 948.752746582031 -9999 -9999 -9999 -9999 -9999 -9999 -9999 -9999 -9999 -9999 -9999 -9999 -9999 -9999 -9999 -9999 -9999 -9999 -9999 -9999 -9999 -9999
6.02374505996704 5.99726152420044 5.99175930023193 5.99175882339478 5.99176454544067 5.99178647994995 5.99179697036743 5.99192237854004 5.99571371078491 6.74525165557861 9.08248901367188 12.7090187072754 14.765118598938 14.7658224105835 15.078221321106 18.8416194915771 33.4070472717285 58.8357315063477 83.7829360961914 98.3959655761719 -9999 -9999 -9999 -9999 1486.48217773438 1888.08801269531 1576.03869628906 1364.951171875 819.154418945312 -9999 -9999 -9999 -9999 -9999 -9999 -9999 -9999 -9999 -9999 -9999 -9999 -9999 -9999 -9999 -9999 -9999 -9999 -9999 -9999 -9999
5.99216079711914 5.99175930023193 5.99175930023193 5.99175930023193 5.99176502227783 5.99178647994995 5.99179697036743 5.99179697036743 5.99179649353027 6.26470279693604 7.73786163330078 11.2680358886719 14.3514251708984 14.6340169906616 13.8794431686401 12.7971172332764 16.3984546661377 36.4584808349609 81.905158996582 118.785469055176 -9999 -9999 -9999 -9999 1333.23645019531 1883.95568847656 1834.42443847656 1647.18310546875 1304.31420898438 846.16552734375 539.685119628906 -9999 -9999 -9999 -9999 -9999 -9999 -9999 -9999 -9999 -9999 -9999 -9999 -9999 -9999 -9999 -9999 -9999 -9999 -9999
5.99175930023193 5.99175930023193 5.99175930023193 5.99175930023193 5.99176454544067 5.99178600311279 5.99179649353027 5.99179649353027 5.99179649353027 6.10211420059204 7.06430053710938 10.081995010376 13.5707635879517 14.2639350891113 12.3184804916382 8.91356563568115 8.78871917724609 27.0022621154785 80.4697189331055 -9999 -9999 117.629959106445 108.16674041748 208.125885009766 638.598327636719 1273.47521972656 1643.04089355469 1624.94274902344 1553.75 1257.51428222656 799.351318359375 926.801391601562 1102.98840332031 -9999 -9999 -9999 -9999 -9999 -9999 -9999 -9999 -9999 -9999 -9999 -9999 -9999 -9999 -9999 -9999 -9999
5.99175882339478 -9999 -9999 5.99175930023193 5.99176454544067 5.99178600311279 5.99179649353027 5.99179649353027 5.99179649353027 6.06576681137085 6.8162899017334 9.44392490386963 13.0139389038086 13.9650583267212 11.3761358261108 7.77567529678345 6.93711948394775 15.7334852218628 47.9623527526855 96.79931640625 119.624740600586 86.2061920166016 54.2843856811523 67.9387130737305 175.852416992188 440.773132324219 750.010437011719 1034.10827636719 1301.53381347656 1293.51696777344 1016.15197753906 1069.76428222656 1481.83325195312 1928.30090332031 -9999 -9999 -9999 -9999 -9999 -9999 -9999 -9999 -9999 -9999 -9999 -9999 -9999 -9999 -9999 -9999
5.99175930023193 5.99175977706909 5.99176120758057 5.9917778968811 5.9918532371521 5.99202251434326 5.99221658706665 5.99238252639771 5.9925103187561 6.06572723388672 6.81121158599854 9.42569732666016 12.9353542327881 13.5561084747314 10.3782062530518 6.9562840461731 6.20531034469604 7.95574474334717 17.4924850463867 41.3269462585449 66.4821166992188 45.9926605224609 32.8153991699219 42.2315330505371 74.6627502441406 125.14363861084 215.078430175781 481.701629638672 1027.62854003906 1591.33923339844 1691.89306640625 1164.08715820312 1645.8779296875 1994.12426757812 -9999 -9999 -9999 -9999 -9999 -9999 -9999 -9999 -9999 -9999 -9999 -9999 -9999 -9999 -9999 -9999
5.99310111999512 5.99332666397095 5.99353790283203 5.99409770965576 5.99612045288086 6.00041484832764 6.00605916976929 6.011643409729 6.01656913757324 6.09421110153198 6.83830499649048 9.35689353942871 12.2293977737427 11.5366535186768 8.19455242156982 6.30199384689331 6.08964586257935 6.24058389663696 7.50088310241699 11.9748001098633 22.1296577453613 25.0250644683838 33.4038352966309 44.6948127746582 64.2274169921875 81.1895751953125 101.223159790039 249.588272094727 746.352722167969 1468.93322753906 1955.86560058594 1931.49633789062 1521.47119140625 1653.90942382812 1464.29626464844 -9999 -9999 -9999 -9999 -9999 -9999 -9999 -9999 -9999 -9999 -9999 -9999 -9999 -9999 -9999
6.02544116973877 6.03184604644775 6.03739404678345 6.04209566116333 6.04696559906006 6.05141115188599 6.05508279800415 6.05865430831909 6.06178522109985 6.09899854660034 6.44515323638916 7.58223104476929 8.71837329864502 8.05232524871826 6.55224895477295 6.09955167770386 6.08420848846436 6.09162282943726 6.16463947296143 6.45957183837891 12.4259586334229 25.9181728363037 39.9021492004395 44.7324676513672 50.4692268371582 54.9246444702148 64.2517395019531 157.337158203125 511.845489501953 1225.82348632812 2874.67211914062 6901.67431640625 2914.67626953125 1240.2978515625 872.332275390625 363.849517822266 -9999 -9999 -9999 -9999 -9999 -9999 -9999 -9999 -9999 -9999 -9999 -9999 -9999 -9999
6.06684637069702 6.07097196578979 6.07450437545776 6.07733345031738 6.07975244522095 6.08113193511963 6.08156061172485 6.08194732666016 6.08228158950806 6.08843851089478 6.14579248428345 6.3261284828186 6.48147869110107 6.33963108062744 6.13883924484253 6.20537662506104 6.39294767379761 6.69957542419434 8.28232669830322 12.7613220214844 24.8042659759521 37.4935417175293 44.2929801940918 43.9726715087891 44.3749237060547 44.649974822998 49.9528541564941 111.90665435791 -9999 -9999 -9999 -9999 2434.75048828125 899.368591308594 543.796813964844 460.948883056641 556.440856933594 595.552551269531 -9999 -9999 -9999 -9999 -9999 -9999 -9999 -9999 -9999 -9999 -9999 -9999
6.08266162872314 6.08311605453491 6.08349800109863 6.08379459381104 6.08403778076172 6.08416795730591 6.08418035507202 6.08418035507202 6.08418035507202 6.08449745178223 6.08752536773682 6.09662628173828 6.1032657623291 6.18412208557129 7.32874917984009 12.798716545105 24.0877590179443 33.4149322509766 37.6633186340332 44.2370643615723 50.7025337219238 51.7217254638672 47.6017837524414 43.9975624084473 43.9573669433594 43.9437675476074 45.4852447509766 80.1474533081055 -9999 -9999 -9999 -9999 -9999 585.895935058594 437.682342529297 619.719482421875 852.041320800781 831.919982910156 606.220397949219 -9999 -9999 -9999 -9999 -9999 -9999 -9999 -9999 -9999 -9999 -9999
6.01272058486938 6.01263427734375 6.01254558563232 6.01245498657227 6.01999282836914 6.0511908531189 6.06420803070068 6.06418037414551 6.06415271759033 6.06409454345703 6.06406450271606 6.0640344619751 6.06794452667236 6.53512382507324 11.0185985565186 26.4248867034912 47.5796394348145 57.724235534668 59.7356910705566 62.2673530578613 63.490852355957 63.1033897399902 61.4448547363281 56.8776473999023 49.1156730651855 44.1116104125977 44.1893882751465 -9999 -9999 -9999 -9999 -9999 -9999 -9999 -9999 -9999 1028.05895996094 1313.11865234375 1569.24548339844 1933.41674804688 -9999 -9999 -9999 -9999 -9999 -9999 -9999 -9999 -9999 -9999
5.93035554885864 5.97272109985352 5.97272109985352 5.97272109985352 5.98450040817261 6.03314638137817 6.05338335037231 6.05338335037231 6.05338335037231 6.05338335037231 6.05338382720947 6.2479305267334 8.49724102020264 18.2520923614502 37.9893646240234 56.9207496643066 64.2239379882812 64.6980133056641 64.702278137207 64.8023910522461 69.1577835083008 74.9966125488281 78.5027465820312 77.9722442626953 78.4716491699219 99.0494613647461 173.31298828125 239.988693237305 -9999 -9999 -9999 -9999 -9999 -9999 -9999 -9999 -9999 2006.81091308594 4234.9345703125 5827.0751953125 5249.36279296875 4608.103515625 -9999 -9999 -9999 -9999 -9999 -9999 -9999 -9999
5.49560022354126 5.97069978713989 5.97272109985352 5.97272109985352 5.98445272445679 6.03312349319458 6.05338335037231 -9999 6.05338382720947 6.05338335037231 6.05338335037231 6.65635299682617 12.52317237854 31.7142848968506 55.1456146240234 63.7424926757812 64.6891021728516 64.7172164916992 64.7900238037109 65.536979675293 73.5457916259766 77.6170959472656 78.8141555786133 78.8093872070312 85.063102722168 146.039932250977 338.782409667969 -9999 -9999 -9999 -9999 -9999 784.362976074219 -9999 -9999 -9999 -9999 1039.02233886719 -9999 5952.81689453125 5235.16064453125 -9999 -9999 -9999 -9999 -9999 -9999 -9999 -9999 -9999
4.58646488189697 5.88448238372803 5.96859693527222 5.97272109985352 5.98440456390381 6.03310060501099 6.05338335037231 6.05338382720947 6.05338382720947 6.05338335037231 6.05338335037231 6.79927921295166 13.8743553161621 35.9041328430176 59.6399459838867 64.8193359375 65.3096160888672 65.8289031982422 66.3395004272461 68.580696105957 78.4259567260742 80.0796279907227 79.7062835693359 79.4026412963867 86.1971435546875 139.170974731445 294.968200683594 457.872161865234 440.475128173828 313.835693359375 -9999 463.376190185547 544.753356933594 628.679931640625 706.0419921875 -9999 -9999 467.007751464844 1717.63549804688 -9999 5390.34033203125 -9999 4569.75830078125 -9999 -9999 -9999 -9999 -9999 -9999 -9999
3.04709625244141 4.8963737487793 5.84079694747925 5.97214889526367 5.98435735702515 6.03307771682739 6.05338382720947 6.05338382720947 6.05338382720947 6.05338382720947 6.05338382720947 6.79965925216675 13.8788471221924 35.936767578125 59.7948913574219 65.3938293457031 67.0138320922852 -9999 70.4775466918945 76.1746444702148 85.2695541381836 85.5860595703125 84.9448699951172 83.5502395629883 86.5879669189453 111.955123901367 175.307525634766 256.490142822266 295.672149658203 260.639190673828 218.567687988281 213.428604125977 245.303909301758 314.113586425781 -9999 -9999 -9999 696.525695800781 1535.84094238281 3778.57202148438 4373.21533203125 -9999 3529.02758789062 2299.25317382812 -9999 -9999 -9999 -9999 -9999 -9999
1.69492530822754 3.18520927429199 5.00446224212646 5.94175624847412 5.98430919647217 6.0330548286438 6.05338335037231 6.05338335037231 6.05338335037231 6.05338335037231 6.05382394790649 6.7452244758606 13.3476400375366 34.3650550842285 58.5782470703125 66.2928771972656 68.4809875488281 69.9540634155273 71.929801940918 78.3138122558594 -9999 88.2831344604492 88.037483215332 87.4952545166016 90.0305557250977 103.37939453125 125.107704162598 147.461807250977 171.537078857422 189.027725219727 193.692626953125 106.347244262695 104.596992492676 119.369735717773 -9999 302.083862304688 -9999 -9999 1514.94226074219 -9999 -9999 -9999 3544.3056640625 5012.24951171875 -9999 -9999 -9999 -9999 -9999 -9999
1.09428513050079 1.90248823165894 3.73547768592834 5.50292491912842 5.97847843170166 6.03303194046021 6.05378723144531 -9999 6.06690263748169 6.06637573242188 6.09313440322876 6.98714351654053 14.0233116149902 34.5190620422363 56.1234703063965 62.9528465270996 67.7403717041016 69.7537384033203 70.8345336914062 -9999 88.189697265625 88.4789962768555 88.5378570556641 89.3732757568359 94.4945220947266 107.357131958008 119.391929626465 122.718658447266 132.979217529297 161.376571655273 177.956848144531 65.2807998657227 64.0436172485352 67.4635543823242 80.5730667114258 147.622955322266 421.829711914062 -9999 -9999 -9999 -9999 -9999 -9999 6755.8662109375 8304.291015625 -9999 -9999 -9999 -9999 -9999
0.93624073266983 1.2435040473938 2.40537333488464 4.41176319122314 5.81697034835815 6.03770542144775 6.11265897750854 6.35354661941528 6.80605602264404 6.86872434616089 7.27484560012817 9.92029476165771 17.8490810394287 30.7637100219727 40.7773323059082 47.9205703735352 55.8550758361816 59.3751487731934 64.5982818603516 71.566276550293 82.2579879760742 86.3838043212891 88.5100708007812 91.0861892700195 98.5278701782227 108.351432800293 112.366584777832 111.831657409668 112.217468261719 114.676452636719 107.226837158203 56.7643051147461 57.5988960266113 67.2553176879883 94.826171875 142.709442138672 289.909942626953 -9999 -9999 -9999 -9999 -9999 -9999 9860.3837890625 8362.345703125 6806.76220703125 -9999 -9999 -9999 -9999
0.905593276023865 0.990781843662262 1.55704188346863 3.17549324035645 5.16598176956177 6.20981740951538 7.58438539505005 11.7070932388306 17.0987033843994 19.3611621856689 19.7510108947754 21.3452682495117 24.8271789550781 28.6781826019287 30.5464687347412 33.5717582702637 37.1953430175781 40.5444030761719 49.7418746948242 62.4902572631836 73.5183868408203 77.9088363647461 86.3385314941406 98.6345367431641 107.042388916016 107.146377563477 104.60961151123 103.801971435547 99.2310028076172 85.2120895385742 67.2172470092773 70.4596786499023 86.6235733032227 109.227783203125 144.745513916016 209.211151123047 322.765472412109 -9999 497.446258544922 339.015747070312 -9999 -9999 -9999 -9999 4808.86474609375 3142.01025390625 -9999 -9999 -9999 -9999
0.901570498943329 0.920268774032593 1.11356377601624 1.94149231910706 3.915691614151 7.4759202003479 13.3622627258301 20.7873611450195 26.029260635376 27.5297679901123 27.635591506958 27.8750438690186 28.2775440216064 28.7126331329346 28.8244667053223 29.0761833190918 -9999 30.5912055969238 34.5016326904297 40.7256011962891 54.6481552124023 67.5704116821289 89.0633850097656 108.486167907715 107.532539367676 95.9106979370117 88.7320404052734 87.6869430541992 86.4138336181641 80.2792663574219 76.518310546875 105.649444580078 135.157760620117 186.822494506836 263.129913330078 311.110656738281 307.471496582031 283.047546386719 234.134338378906 176.292282104492 -9999 -9999 -9999 -9999 2956.08422851562 1998.68518066406 1717.619140625 -9999 -9999 -9999
0.901347041130066 0.903355658054352 0.935151934623718 1.16734564304352 2.2397141456604 5.55742216110229 11.9864082336426 19.2317790985107 24.3083686828613 28.3380584716797 28.5524730682373 28.7075862884521 28.7310695648193 -9999 29.0388774871826 29.5928325653076 -9999 29.1196899414062 29.3754749298096 30.1482887268066 45.3733024597168 73.302001953125 102.467720031738 105.717727661133 89.3633422851562 75.3505325317383 72.9612045288086 76.3467483520508 84.9745559692383 91.8705596923828 94.1382598876953 118.575538635254 169.687774658203 250.096923828125 303.641784667969 289.067626953125 241.492935180664 185.857086181641 135.330429077148 -9999 -9999 -9999 -9999 2051.51586914062 2090.17846679688 1849.59790039062 1357.54040527344 -9999 -9999 -9999
