ssp1models/sc1gr21.39
NCOLS 261 
NROWS 433 
XLLCORNER 336357.134 
YLLCORNER 654653.479 
CELLSIZE 1000 
NODATA_value -9999 
[rows 66 to 87 of 433, columns 50 to 99 of 261]
-9999 -9999 -9999 -9999 -9999 -9999 -9999 -9999 -9999 -9999 -9999 -9999 -9999 -9999 -9999 -9999 -9999 95.0511169433594 96.281379699707 -9999 94.2383117675781 94.1790313720703 93.1717910766602 83.984001159668 60.153636932373 17.8005962371826 16.2727565765381 13.1141138076782 9.51999378204346 8.56502437591553 8.51900482177734 8.40438365936279 8.32548332214355 8.26556205749512 8.19300365447998 8.18838787078857 16.5130786895752 19.6835536956787 12.5084686279297 -9999 4.80218982696533 4.16067743301392 4.32821846008301 -9999 -9999 7.1754298210144 7.25989580154419 7.26781225204468 7.26775217056274 7.26769113540649
-9999 -9999 -9999 -9999 -9999 -9999 -9999 -9999 -9999 -9999 -9999 -9999 -9999 -9999 -9999 -9999 -9999 91.0192413330078 93.9372177124023 94.1769485473633 -9999 88.4044036865234 70.7997436523438 45.0292091369629 23.0329208374023 9.27304744720459 9.21016216278076 9.51221656799316 9.25148010253906 8.69417858123779 8.65997314453125 8.53825950622559 8.4646053314209 8.46449279785156 9.04489612579346 -9999 -9999 34.5667991638184 32.6566276550293 24.9868640899658 12.7014665603638 6.29871797561646 6.73308229446411 7.07951307296753 7.16129207611084 7.24282121658325 7.2783522605896 7.27726411819458 7.26981210708618 7.25062847137451
-9999 -9999 -9999 -9999 -9999 -9999 -9999 -9999 -9999 -9999 -9999 -9999 -9999 -9999 -9999 -9999 -9999 84.0213088989258 85.0267181396484 83.6116180419922 69.7651443481445 48.4361381530762 30.5034465789795 17.5549373626709 10.8025321960449 8.73714351654053 8.73414421081543 8.80006122589111 8.78731536865234 8.71054077148438 8.70586490631104 8.58702182769775 8.54687881469727 8.79466533660889 9.79338073730469 13.064435005188 30.3686752319336 34.7765731811523 34.1111488342285 27.2934455871582 14.2908020019531 6.77326631546021 7.07036876678467 7.14043712615967 7.14496278762817 7.22662448883057 7.26250505447388 7.2495288848877 7.22795486450195 7.20566415786743
-9999 -9999 -9999 -9999 -9999 -9999 -9999 -9999 -9999 -9999 -9999 -9999 -9999 -9999 -9999 -9999 -9999 54.9344635009766 39.1545829772949 36.4710350036621 28.8490581512451 18.0792427062988 11.9409837722778 9.74203872680664 8.94388484954834 8.72306442260742 8.71326160430908 8.71426773071289 8.71401977539062 8.71260547637939 8.7125301361084 8.61052131652832 8.74643421173096 9.50973987579346 10.501335144043 11.520676612854 24.0602073669434 33.7052230834961 35.4155082702637 27.9368782043457 -9999 -9999 7.55627536773682 7.19228506088257 7.09762144088745 7.17779970169067 7.21327114105225 7.20479822158813 7.19244766235352 7.1838755607605
-9999 -9999 -9999 -9999 -9999 -9999 -9999 -9999 -9999 -9999 -9999 -9999 -9999 -9999 -9999 -9999 -9999 38.5501251220703 14.9875860214233 12.5570192337036 11.3643131256104 9.75953483581543 9.00212001800537 8.89076614379883 8.98158073425293 10.3660125732422 9.96708202362061 9.32337188720703 8.86326026916504 8.71883010864258 8.71288967132568 8.69106674194336 9.2826566696167 10.3195714950562 10.8691062927246 11.3785219192505 27.2404518127441 38.4258308410645 39.2980422973633 32.7479782104492 19.5926189422607 -9999 9.73172473907471 8.74282169342041 7.62030744552612 7.18765735626221 7.18829536437988 7.18360471725464 7.18166160583496 7.18058729171753
-9999 -9999 -9999 -9999 -9999 -9999 -9999 -9999 -9999 -9999 -9999 -9999 -9999 -9999 -9999 -9999 60.5604362487793 34.9619827270508 10.9977521896362 8.97766876220703 8.93686771392822 8.89109802246094 8.87154006958008 8.86984539031982 9.10243225097656 12.6450338363647 12.8146524429321 12.3998365402222 11.8151817321777 11.2564172744751 10.9425354003906 -9999 10.323314666748 10.8257169723511 11.1119194030762 13.4828567504883 36.6149291992188 42.0601692199707 41.6224021911621 35.7112312316895 21.7752285003662 11.4747629165649 11.2557821273804 11.1549291610718 11.811110496521 10.9606504440308 7.93700981140137 7.17960786819458 7.18056154251099 7.18056154251099
-9999 -9999 -9999 -9999 -9999 -9999 -9999 -9999 -9999 -9999 -9999 -9999 -9999 -9999 -9999 -9999 58.7198524475098 33.1435012817383 10.6509428024292 8.86994075775146 8.86981201171875 8.86981201171875 8.86981201171875 8.86981201171875 9.13743019104004 13.5188217163086 14.1777868270874 14.1225728988647 13.9098024368286 13.819224357605 14.4848079681396 -9999 14.2980651855469 14.2090187072754 16.3616771697998 22.7594814300537 41.59228515625 42.7970695495605 41.7600212097168 34.5332832336426 20.342903137207 11.6355600357056 11.5882558822632 12.2757081985474 15.122106552124 15.1012964248657 8.93512439727783 7.05783891677856 7.22467613220215 7.21386909484863
-9999 -9999 -9999 -9999 -9999 -9999 -9999 -9999 -9999 -9999 -9999 -9999 -9999 -9999 -9999 60.2208824157715 54.7009315490723 31.460054397583 10.4830350875854 8.86964416503906 8.86981105804443 8.86981105804443 8.86981105804443 8.86981105804443 9.05263328552246 13.0478467941284 14.3457355499268 14.4033851623535 14.3857574462891 14.6174821853638 15.933521270752 16.9022903442383 16.739860534668 17.7486057281494 24.7840633392334 33.8244476318359 46.5253143310547 50.6286163330078 -9999 32.1730995178223 17.5698471069336 11.6139459609985 11.6005821228027 12.3803758621216 15.8376245498657 16.9970512390137 9.58766937255859 9.1512975692749 12.5635261535645 10.867431640625
-9999 -9999 -9999 -9999 -9999 -9999 -9999 -9999 -9999 -9999 -9999 -9999 -9999 -9999 -9999 27.6243705749512 25.1322898864746 16.958667755127 9.3082103729248 8.79172325134277 8.82840061187744 8.86063957214355 8.86936187744141 8.86981105804443 8.92775821685791 11.7020540237427 13.8122367858887 14.3894309997559 14.4151077270508 14.6225843429565 15.8451461791992 17.0024833679199 17.4187831878662 20.2777862548828 30.007474899292 39.2199821472168 60.875904083252 77.1935119628906 88.414176940918 61.9148559570312 15.4301309585571 11.6013078689575 11.5998554229736 12.2785711288452 15.6955871582031 18.2007083892822 11.1265354156494 13.9003572463989 23.4842433929443 23.1603088378906
-9999 -9999 -9999 -9999 -9999 -9999 -9999 -9999 -9999 -9999 -9999 -9999 -9999 -9999 -9999 10.4566249847412 9.93167495727539 9.30112934112549 8.54873752593994 8.52954387664795 8.59315586090088 8.70862770080566 8.75881958007812 8.73844718933105 8.76383018493652 10.1184034347534 12.4958543777466 14.1946535110474 14.4067945480347 14.5594491958618 -9999 16.7357330322266 17.665678024292 21.6387882232666 -9999 40.9132232666016 78.3310241699219 107.210960388184 136.860961914062 89.2596893310547 13.3678750991821 11.5983753204346 11.6005640029907 12.1607789993286 15.2731037139893 18.657865524292 13.0495386123657 16.3177509307861 29.0575771331787 30.5548229217529
-9999 -9999 -9999 -9999 -9999 -9999 -9999 -9999 -9999 -9999 -9999 -9999 -9999 -9999 8.05059623718262 7.71950817108154 7.67799234390259 8.14012908935547 8.37500476837158 8.39752388000488 8.42451190948486 8.48184490203857 8.50835418701172 8.49703025817871 8.51009654998779 8.9810094833374 10.688702583313 13.184344291687 14.3659048080444 14.5275049209595 15.3553514480591 16.5603065490723 17.409200668335 19.6111698150635 27.4191150665283 44.282096862793 89.9159088134766 124.309562683105 151.552993774414 86.61572265625 11.9890394210815 11.5983772277832 11.6009359359741 12.0590515136719 14.7968444824219 18.6182918548584 14.8041515350342 16.785514831543 29.9870662689209 31.7788791656494
-9999 -9999 -9999 -9999 -9999 -9999 -9999 -9999 -9999 -9999 -9999 -9999 -9999 -9999 -9999 8.23049640655518 7.62118482589722 8.1029167175293 8.35994911193848 8.37661075592041 8.38028526306152 8.38859081268311 8.39247512817383 8.39072799682617 8.39349269866943 8.49869346618652 9.26494216918945 11.6182870864868 13.846155166626 14.4518222808838 15.1102027893066 16.328670501709 17.2467041015625 19.1315155029297 30.3115539550781 59.219554901123 160.585571289062 177.470367431641 151.002807617188 69.9846115112305 11.6332674026489 11.5995225906372 11.6056547164917 11.8443002700806 13.7332553863525 17.8544692993164 16.3715724945068 16.6723690032959 29.8546543121338 31.7868404388428
-9999 -9999 -9999 -9999 -9999 -9999 -9999 -9999 -9999 -9999 -9999 -9999 -9999 38.0494422912598 23.80881690979 10.4519357681274 7.7415509223938 8.10408020019531 8.36014080047607 8.37573623657227 8.37583065032959 8.37603378295898 8.37611389160156 8.37605571746826 8.37624263763428 8.38792037963867 8.68991756439209 10.378960609436 12.5462913513184 13.267632484436 13.414270401001 14.093334197998 17.3883686065674 31.2747936248779 53.2485656738281 80.1566009521484 188.093521118164 187.686920166016 134.724349975586 49.8293380737305 11.7100620269775 12.3957195281982 13.7555437088013 14.6589708328247 15.7973489761353 18.8782978057861 17.3747901916504 15.7367210388184 28.8863430023193 31.7868385314941
-9999 -9999 -9999 -9999 -9999 -9999 -9999 -9999 -9999 -9999 -9999 -9999 50.4240417480469 40.9727325439453 26.6010341644287 15.3747396469116 9.70871257781982 8.21329212188721 8.14367485046387 8.14433574676514 8.14441967010498 8.14450263977051 8.14458465576172 8.14466667175293 8.14474773406982 8.14491081237793 8.23097515106201 8.92975234985352 10.4449968338013 11.4170780181885 11.4333019256592 10.7274465560913 13.2628059387207 28.6794776916504 52.5961418151855 74.1757965087891 111.688186645508 110.913566589355 101.814361572266 88.0313568115234 63.6268196105957 39.5751647949219 33.3911209106445 27.5584335327148 20.9313945770264 20.7367382049561 15.6896619796753 11.6233062744141 21.291202545166 24.0129947662354
-9999 -9999 -9999 -9999 -9999 -9999 -9999 -9999 -9999 -9999 -9999 -9999 49.9968681335449 33.6113700866699 22.7679271697998 18.4286041259766 13.1532850265503 9.07995796203613 8.17720699310303 8.13601970672607 8.13601970672607 8.13601970672607 8.13601970672607 8.13601970672607 8.13601970672607 8.14094924926758 8.31870079040527 9.34443664550781 10.7879991531372 11.3743333816528 11.3695907592773 10.3300380706787 11.4484825134277 23.4089412689209 41.0249099731445 58.0338516235352 88.4812622070312 92.0112228393555 105.178985595703 107.550605773926 81.171012878418 49.0374946594238 33.5929832458496 26.3671131134033 19.8493232727051 20.3016262054443 13.4903898239136 7.16149473190308 12.0406332015991 13.3676290512085
-9999 -9999 -9999 -9999 -9999 -9999 -9999 -9999 -9999 -9999 -9999 -9999 -9999 25.465217590332 21.1199417114258 20.1244525909424 17.0185241699219 11.8399286270142 8.68042373657227 8.15612030029297 8.13601970672607 8.13601970672607 8.13601970672607 8.13601970672607 8.13601970672607 8.15584087371826 8.46625804901123 9.73495197296143 10.8638858795166 10.7427358627319 9.97013473510742 7.98096799850464 8.02717781066895 17.2785129547119 32.5074653625488 46.0330543518066 73.8721618652344 89.8662948608398 101.880126953125 81.0183258056641 54.8718566894531 42.1380882263184 33.8200607299805 26.3993549346924 19.4677791595459 19.3751411437988 11.4355411529541 5.1362361907959 7.88463115692139 8.67819499969482
-9999 -9999 -9999 -9999 -9999 -9999 -9999 -9999 -9999 -9999 -9999 -9999 -9999 21.534143447876 20.7795963287354 20.6363201141357 19.4711017608643 15.1010665893555 10.0592279434204 8.22087383270264 8.13601970672607 8.13601970672607 8.13601970672607 8.13601970672607 8.13601970672607 8.11058712005615 7.93141555786133 7.63207006454468 7.42514181137085 7.25828313827515 6.79168462753296 5.55929374694824 5.50775241851807 11.3819408416748 26.5251693725586 42.2214889526367 64.6730117797852 72.4497146606445 70.0852203369141 54.3120002746582 46.9691734313965 -9999 -9999 26.6627159118652 19.0012645721436 17.1622276306152 8.83376598358154 3.7251672744751 4.97279834747314 5.65320348739624
-9999 -9999 -9999 -9999 -9999 -9999 -9999 -9999 -9999 -9999 -9999 -9999 21.4293441772461 20.7656135559082 20.7454452514648 20.734037399292 20.3500595092773 17.4609909057617 11.5584182739258 8.13481712341309 8.1285228729248 8.13602066040039 8.13602066040039 8.13601970672607 8.13602066040039 8.08557033538818 7.61347103118896 6.33025169372559 5.35963773727417 5.30700588226318 5.23074150085449 4.70746088027954 4.58197498321533 7.79590702056885 22.0903606414795 41.2976417541504 58.9771003723145 63.9732475280762 62.6095352172852 59.9578742980957 58.2063255310059 -9999 24.181770324707 18.3580627441406 14.3381996154785 10.6733732223511 4.84881496429443 2.79138898849487 3.0649881362915 3.6971971988678
-9999 -9999 -9999 -9999 -9999 -9999 -9999 -9999 -9999 -9999 -9999 -9999 19.3053112030029 20.3951644897461 20.7097282409668 20.5874805450439 18.9238929748535 13.8744239807129 8.56403732299805 7.26359033584595 7.93341016769409 8.1290340423584 8.13601970672607 8.13601970672607 8.13601970672607 8.09793281555176 7.5961971282959 5.76757335662842 4.22355651855469 4.18386554718018 4.18913078308105 3.90358257293701 3.74343609809875 4.94365644454956 13.8553915023804 34.3466033935547 57.7940521240234 64.1344528198242 65.2298049926758 60.0327835083008 43.2848587036133 22.235559463501 10.0521106719971 7.75006198883057 6.54803133010864 4.74099922180176 2.83473944664001 2.55535817146301 2.59339237213135 3.18494749069214
-9999 -9999 -9999 -9999 -9999 -9999 -9999 -9999 -9999 -9999 -9999 18.855785369873 18.8842716217041 19.0506992340088 17.6419105529785 15.40589427948 12.6933040618896 8.85854911804199 6.38495016098022 6.69787406921387 7.73097133636475 8.12195110321045 8.13601970672607 8.13601970672607 8.13601970672607 8.12343120574951 7.69403553009033 5.52370357513428 3.43002581596375 3.28738760948181 3.29053401947021 3.06033635139465 2.92351627349854 3.18245482444763 6.24181175231934 17.6784553527832 43.984546661377 48.2497177124023 47.2012252807617 35.8510665893555 16.4782981872559 -9999 3.34614753723145 2.938556432724 2.74585318565369 2.68338823318481 2.53769373893738 2.5377025604248 2.55791401863098 3.10064792633057
-9999 -9999 -9999 -9999 -9999 -9999 -9999 -9999 -9999 -9999 -9999 -9999 18.5548992156982 14.4655561447144 10.8281259536743 8.68084812164307 7.79950428009033 6.7726902961731 6.00475597381592 6.32287883758545 7.16017389297485 7.72358798980713 7.85763740539551 7.78542947769165 7.92668437957764 7.70110416412354 6.84314918518066 4.92419815063477 3.17780184745789 2.97493600845337 2.97329378128052 2.74395298957825 2.63163304328918 2.79112529754639 3.48832845687866 6.43624401092529 17.3432731628418 18.6315593719482 17.6728439331055 12.0284223556519 4.57733058929443 2.78451228141785 2.43867087364197 2.29421973228455 2.22000217437744 2.44351482391357 2.5376935005188 2.53769373893738 2.55734705924988 3.07510924339294
-9999 -9999 -9999 -9999 -9999 -9999 -9999 -9999 -9999 -9999 -9999 15.8601188659668 15.3094453811646 11.6079473495483 8.66092681884766 6.43120765686035 6.07260322570801 6.00896024703979 5.97754716873169 6.28938007354736 6.69377756118774 6.95962572097778 7.03087854385376 6.974778175354 7.00308609008789 5.24233150482178 4.34746026992798 3.63200879096985 3.02188086509705 2.93680953979492 2.93596529960632 2.70504903793335 2.60439920425415 2.81325507164001 3.11661839485168 3.39398002624512 4.52117776870728 4.63492918014526 4.44430589675903 3.63839244842529 2.72408008575439 2.64180016517639 2.57871031761169 2.4254903793335 2.25836229324341 2.44368267059326 2.5376935005188 2.53769373893738 2.55712962150574 3.05480122566223
