ssp1models/sc1gr21.32
NCOLS 261 
NROWS 433 
XLLCORNER 336357.134 
YLLCORNER 654653.479 
CELLSIZE 1000 
NODATA_value -9999 
[rows 132 to 153 of 433, columns 150 to 199 of 261]
-9999 49.8425254821777 60.4225425720215 65.0593566894531 61.4703407287598 57.9854431152344 62.1152725219727 81.2504806518555 108.565841674805 120.50602722168 113.496795654297 99.9319381713867 82.7250061035156 60.4731101989746 29.7719955444336 29.5502948760986 31.7669410705566 32.490406036377 37.3898735046387 39.2638816833496 26.6796360015869 10.4964113235474 3.71163606643677 3.00907635688782 2.97044706344604 3.40837645530701 6.75642251968384 17.7196884155273 33.031078338623 39.4756774902344 36.6161842346191 46.6784439086914 93.4361114501953 171.265319824219 242.299102783203 294.151977539062 343.269653320312 561.846130371094 -9999 -9999 -9999 -9999 -9999 -9999 -9999 -9999 -9999 -9999 -9999 -9999
42.2068862915039 48.0509796142578 58.8773956298828 65.3550109863281 62.3237953186035 58.2888374328613 58.444995880127 68.2318878173828 88.2691040039062 104.676635742188 103.21021270752 92.6650924682617 83.4138259887695 70.5295181274414 30.9861335754395 25.5054302215576 30.7390251159668 33.6484794616699 33.6811714172363 27.4707641601562 13.9836721420288 4.70901775360107 2.98462152481079 2.97044706344604 2.97044730186462 3.00688290596008 3.68560481071472 8.14089775085449 19.2792224884033 28.7435455322266 31.4652938842773 46.7148933410645 98.6458206176758 168.46257019043 209.785980224609 240.091690063477 310.134429931641 646.346557617188 -9999 -9999 -9999 -9999 -9999 -9999 -9999 -9999 -9999 -9999 -9999 -9999
40.6206283569336 43.6074295043945 52.4330291748047 63.8248062133789 62.2567405700684 58.3173522949219 55.5849075317383 57.4955520629883 64.6166839599609 74.3201370239258 78.4543151855469 76.652214050293 74.3902282714844 66.5488739013672 23.9994716644287 18.7433681488037 21.3649787902832 23.2333374023438 21.1296367645264 13.9765748977661 6.00860548019409 2.88632822036743 2.72297024726868 2.72288775444031 2.72279667854309 2.72198438644409 2.96804261207581 5.82559776306152 14.7949953079224 23.8080215454102 26.7740840911865 35.7231407165527 76.8617553710938 155.34504699707 208.62939453125 240.373718261719 -9999 925.562316894531 -9999 -9999 -9999 -9999 -9999 -9999 -9999 -9999 -9999 -9999 -9999 -9999
39.654899597168 39.2233963012695 42.203369140625 57.5170440673828 61.5969009399414 59.4519805908203 55.6287307739258 -9999 -9999 57.9339942932129 62.7595062255859 68.0715255737305 70.6049575805664 63.4808349609375 19.8138561248779 16.075288772583 16.4192962646484 16.5304393768311 14.4883947372437 8.6007776260376 3.44156622886658 2.55370211601257 2.55367994308472 2.5536687374115 2.55365657806396 2.54517269134521 2.58292627334595 3.61779427528381 7.26583290100098 11.3955249786377 14.9632215499878 23.7503128051758 50.6217880249023 111.732528686523 177.543884277344 385.904846191406 -9999 -9999 -9999 -9999 -9999 -9999 -9999 -9999 -9999 -9999 -9999 -9999 -9999 -9999
43.7514572143555 40.4506378173828 37.2433815002441 50.6221885681152 60.3550567626953 61.6987953186035 58.7374687194824 55.4356384277344 -9999 54.2579154968262 56.1700401306152 60.085578918457 64.3352966308594 61.549129486084 21.8805561065674 15.8286094665527 15.7961120605469 15.2964010238647 12.6091651916504 6.84791135787964 2.79029083251953 2.53541278839111 2.53541278839111 2.53541278839111 2.53541278839111 2.51554822921753 2.33044385910034 1.83307647705078 1.67906224727631 3.90992832183838 11.6235866546631 26.767484664917 59.0443572998047 116.015533447266 186.880889892578 608.538330078125 2204.61865234375 4831.02001953125 -9999 -9999 -9999 -9999 -9999 -9999 -9999 -9999 -9999 -9999 -9999 -9999
51.7125358581543 44.3896903991699 36.6122589111328 47.5577812194824 59.3790855407715 63.0540161132812 61.5865707397461 58.2816009521484 -9999 53.7458419799805 54.0197944641113 54.8965377807617 55.665657043457 50.3997421264648 19.3126926422119 -9999 15.7843475341797 15.1865119934082 12.3536825180054 6.80236434936523 2.9386088848114 2.53631806373596 2.53541302680969 2.53541302680969 2.53541302680969 2.51673817634583 2.26158905029297 1.49026000499725 1.54235768318176 6.1646671295166 17.6874160766602 42.1114501953125 105.458709716797 244.440368652344 551.520385742188 1456.39782714844 3602.03295898438 6312.07373046875 -9999 -9999 -9999 -9999 -9999 -9999 -9999 -9999 -9999 -9999 -9999 -9999
66.0938110351562 43.8809852600098 33.2766609191895 40.1742668151855 51.3614768981934 60.7485160827637 62.3679161071777 -9999 -9999 52.9510307312012 49.7331886291504 41.7667350769043 30.95680809021 20.98801612854 -9999 15.6398601531982 15.8259744644165 15.7727890014648 15.3230724334717 13.3662376403809 9.02704238891602 4.56014013290405 2.76289033889771 2.59654116630554 2.55264687538147 3.70313405990601 8.03293800354004 15.0501775741577 19.5539379119873 24.461784362793 48.9086151123047 124.141731262207 291.199432373047 682.508483886719 1531.64416503906 2735.92260742188 3689.93188476562 5753.78466796875 -9999 -9999 -9999 -9999 -9999 -9999 -9999 -9999 -9999 -9999 -9999 -9999
64.3344879150391 -9999 30.7944030761719 35.603214263916 42.1577453613281 52.4837036132812 59.5779991149902 58.8949775695801 -9999 47.8654479980469 37.2668228149414 25.2863330841064 18.014009475708 14.6366262435913 -9999 -9999 15.8285369873047 15.8246011734009 15.7512989044189 15.1769866943359 13.0643949508667 9.28966617584229 6.00862789154053 4.20862245559692 3.10743522644043 4.59219360351562 11.1346368789673 19.8084754943848 26.1431903839111 50.0905227661133 139.838012695312 283.679595947266 408.479125976562 592.347351074219 1141.17993164062 -9999 3060.25219726562 -9999 5245.51025390625 -9999 -9999 -9999 -9999 -9999 -9999 -9999 -9999 -9999 -9999 -9999
50.4123725891113 23.3690414428711 26.2695636749268 33.5091667175293 35.7460975646973 41.9140815734863 50.575813293457 53.791015625 47.016227722168 34.4812698364258 22.4560260772705 15.9403028488159 14.1835594177246 13.5973043441772 13.2321815490723 14.7880191802979 15.8159170150757 15.7734079360962 15.5848474502563 15.0381345748901 13.8647699356079 12.0670299530029 10.237401008606 8.65817260742188 6.68220043182373 5.46433925628662 13.4392347335815 22.5289154052734 35.4254188537598 87.3176040649414 215.866394042969 374.621368408203 457.589294433594 521.97802734375 771.639099121094 -9999 -9999 -9999 -9999 3022.33569335938 -9999 -9999 -9999 -9999 -9999 -9999 -9999 -9999 -9999 -9999
33.6968765258789 16.9927501678467 20.074031829834 29.6053695678711 32.4505157470703 34.8858833312988 37.9919662475586 37.4265899658203 29.7195091247559 20.4832630157471 15.2480535507202 13.941611289978 13.8099679946899 13.5756072998047 13.0216302871704 14.5088520050049 15.5558528900146 15.126163482666 14.2307825088501 13.4702339172363 12.8924188613892 12.3903570175171 12.0646562576294 11.6332530975342 10.3649578094482 8.0696439743042 15.3559608459473 24.8454151153564 48.8375549316406 123.99161529541 237.043380737305 357.587585449219 441.957916259766 495.242584228516 634.39013671875 -9999 -9999 -9999 -9999 1631.50390625 -9999 -9999 -9999 -9999 -9999 -9999 -9999 -9999 -9999 -9999
20.9260158538818 15.3632354736328 16.2112693786621 21.178092956543 23.5404510498047 24.834659576416 24.8027801513672 22.0016078948975 17.3939018249512 14.6047916412354 13.8848152160645 13.8099689483643 13.8099689483643 13.5763921737671 12.7793426513672 13.9462900161743 14.8207454681396 14.0747194290161 -9999 12.479287147522 12.3834981918335 12.3267345428467 12.3146953582764 12.2651672363281 11.9325342178345 11.8780403137207 17.5560150146484 27.5419311523438 61.5400733947754 147.1513671875 232.870895385742 310.223785400391 399.160186767578 429.75927734375 451.269378662109 -9999 -9999 -9999 -9999 1065.32788085938 1007.49938964844 -9999 -9999 -9999 -9999 -9999 -9999 -9999 -9999 -9999
15.9150094985962 15.0722494125366 15.058424949646 15.1678552627563 15.2065954208374 15.2384166717529 15.0168771743774 14.3685436248779 13.873046875 13.8099689483643 13.8099679946899 13.8099679946899 13.8099679946899 13.5757389068604 12.4902191162109 12.973406791687 13.3553419113159 12.9587202072144 12.4069213867188 12.3185415267944 12.3173999786377 12.3173999786377 12.3173122406006 12.3320913314819 12.8359241485596 24.8874683380127 27.4396438598633 34.395580291748 81.7273635864258 165.483978271484 -9999 -9999 358.854339599609 317.111358642578 300.360168457031 320.862762451172 -9999 -9999 -9999 1003.13433837891 -9999 -9999 -9999 -9999 -9999 -9999 -9999 -9999 -9999 -9999
13.7151956558228 13.3177690505981 12.7555589675903 11.876914024353 11.4364738464355 11.1084890365601 11.1671285629272 12.0139055252075 13.2600927352905 13.8099679946899 13.8099670410156 13.8099670410156 13.8099679946899 13.5756206512451 12.3403816223145 12.4084625244141 12.4657497406006 12.4052219390869 12.3233003616333 12.3173999786377 12.3173999786377 12.3173999786377 12.3173999786377 12.5802450180054 15.9159517288208 48.0576591491699 45.4758644104004 44.0819549560547 95.7305908203125 173.925094604492 -9999 -9999 -9999 302.891784667969 359.111328125 378.957763671875 -9999 -9999 -9999 -9999 -9999 -9999 -9999 -9999 -9999 -9999 -9999 -9999 -9999 -9999
11.446252822876 11.1336755752563 10.7217292785645 10.3571071624756 10.2694673538208 10.2245483398438 10.5167636871338 11.6525726318359 13.1581039428711 13.8099679946899 13.8099679946899 13.8099679946899 13.8099679946899 13.575608253479 12.3174505233765 12.3178844451904 12.3187475204468 12.3184299468994 12.3173999786377 12.3173999786377 12.3173999786377 12.3173999786377 12.3238964080811 13.1143026351929 21.1136322021484 69.4294281005859 62.9840316772461 48.6956024169922 -9999 -9999 -9999 -9999 -9999 -9999 509.154205322266 504.882690429688 559.17724609375 -9999 -9999 -9999 -9999 -9999 -9999 -9999 -9999 -9999 -9999 -9999 -9999 -9999
10.3706827163696 10.2299146652222 10.1589756011963 10.1121444702148 10.1121444702148 10.139931678772 10.4326877593994 11.4880599975586 13.0149621963501 13.7898054122925 13.8070468902588 13.8099679946899 13.8099679946899 13.5755949020386 12.3173999786377 12.3173999786377 12.3173999786377 12.3173999786377 12.3173999786377 12.3173999786377 12.3173999786377 12.3252716064453 12.6916446685791 16.6279449462891 33.3734283447266 82.7769241333008 -9999 -9999 -9999 -9999 -9999 -9999 -9999 -9999 4048.03295898438 591.01318359375 608.041259765625 -9999 -9999 -9999 -9999 -9999 -9999 -9999 -9999 -9999 -9999 -9999 -9999 -9999
10.2171564102173 10.1121444702148 10.1121444702148 10.1121444702148 10.1121435165405 10.1250171661377 10.2794551849365 10.9545373916626 12.2653961181641 13.3662929534912 13.729024887085 13.8099679946899 13.8099679946899 13.5755834579468 12.3173999786377 12.3173999786377 12.3173999786377 12.3173999786377 12.3173999786377 12.3173999786377 12.3173999786377 12.5726022720337 -9999 58.7170906066895 145.546081542969 126.816474914551 -9999 -9999 -9999 -9999 -9999 1477.27478027344 4058.19409179688 7527.62060546875 6350.54345703125 -9999 -9999 -9999 -9999 -9999 -9999 -9999 -9999 -9999 -9999 -9999 -9999 -9999 -9999 10.6642627716064
-9999 10.050666809082 10.0506944656372 10.0507411956787 10.0507621765137 10.053150177002 10.0918302536011 10.3259735107422 11.0025234222412 12.0700416564941 13.1428394317627 13.6939992904663 13.7362070083618 13.6897201538086 12.945125579834 12.9750280380249 13.0232543945312 12.9547462463379 12.8805627822876 12.8806734085083 12.8895492553711 15.1432790756226 42.9697418212891 161.295120239258 347.266448974609 226.315200805664 -9999 -9999 -9999 -9999 603.447265625 1433.60534667969 3453.740234375 6471.62890625 7848.03857421875 -9999 -9999 -9999 -9999 -9999 -9999 -9999 -9999 -9999 -9999 0.0701235309243202 0.0705662816762924 0.0904363095760345 1.52112662792206 9.54898738861084
10.1458415985107 10.0104103088379 10.0104131698608 10.0104188919067 10.0104207992554 10.010537147522 10.0141744613647 10.0548267364502 10.2858247756958 11.0054779052734 12.1542091369629 13.0108184814453 14.0875768661499 16.3607578277588 15.4373779296875 16.0612354278564 17.2460479736328 15.5605096817017 13.5532388687134 -9999 13.5238151550293 20.6914443969727 77.0371627807617 244.193359375 413.947296142578 238.359771728516 185.310745239258 -9999 -9999 -9999 781.164428710938 1380.12634277344 2435.376953125 4520.291015625 5667.50830078125 -9999 -9999 -9999 -9999 -9999 -9999 -9999 -9999 -9999 -9999 18.9911231994629 0.881001353263855 0.321202367544174 0.934374153614044 6.06540155410767
11.2146701812744 10.0368337631226 10.0103235244751 10.0068235397339 10.0068235397339 10.0068225860596 10.0068225860596 10.0075979232788 10.0597515106201 10.5391826629639 12.2628955841064 16.4118824005127 28.0897254943848 49.9388656616211 56.4232559204102 56.8512344360352 60.0974807739258 53.8128395080566 39.9786682128906 27.5146808624268 -9999 123.921455383301 218.844741821289 257.180236816406 239.059860229492 181.268707275391 200.263793945312 173.57568359375 -9999 -9999 -9999 -9999 833.288879394531 1064.37182617188 -9999 -9999 -9999 -9999 -9999 -9999 -9999 -9999 -9999 -9999 -9999 -9999 164.574172973633 98.8061752319336 48.7006416320801 20.9554214477539
12.6254329681396 10.6773881912231 10.1969814300537 10.0210628509521 10.0068225860596 10.0068235397339 10.0068368911743 10.0159950256348 10.2896585464478 12.6869888305664 21.6704139709473 37.4647216796875 51.7032356262207 62.2811241149902 66.3974838256836 66.4568939208984 66.926628112793 65.1490631103516 61.5100212097168 76.544189453125 166.952407836914 322.828460693359 394.062438964844 328.456146240234 250.526977539062 208.72770690918 191.039047241211 143.483428955078 135.92578125 213.109100341797 393.987396240234 565.399536132812 -9999 422.460601806641 -9999 -9999 -9999 -9999 -9999 -9999 -9999 -9999 -9999 -9999 -9999 431.846527099609 227.077529907227 180.89697265625 131.029190063477 68.7554168701172
14.6532278060913 13.3308019638062 12.4330902099609 10.3635854721069 10.0988092422485 10.1059598922729 10.1194686889648 10.3875017166138 12.8662805557251 22.944507598877 42.4213409423828 60.4967308044434 67.5901718139648 68.6052856445312 67.7201766967773 67.7201766967773 67.7141418457031 68.5201034545898 82.8685073852539 167.813339233398 370.669158935547 541.35498046875 539.230651855469 454.443176269531 358.025360107422 224.188888549805 160.49787902832 117.078536987305 126.445274353027 197.770294189453 367.042083740234 527.472534179688 473.122436523438 281.965270996094 137.107971191406 -9999 -9999 -9999 -9999 -9999 -9999 -9999 -9999 -9999 -9999 548.847351074219 -9999 183.255020141602 174.181579589844 164.563461303711
15.794792175293 15.3268194198608 14.7961254119873 12.3042583465576 11.7527990341187 11.8846492767334 12.1543664932251 14.4154596328735 25.7432556152344 53.5557594299316 79.1765670776367 83.3834533691406 79.3493118286133 74.2975006103516 68.6988754272461 68.4193420410156 68.4801559448242 77.3478698730469 147.653778076172 353.736389160156 584.697326660156 658.032043457031 620.185791015625 554.682922363281 485.930816650391 259.467010498047 129.514266967773 98.9646072387695 128.825469970703 213.042388916016 347.531646728516 437.003936767578 400.994537353516 237.618545532227 39.2969970703125 5.84423398971558 9.77246856689453 105.392967224121 219.356842041016 521.825256347656 -9999 -9999 2107.05493164062 -9999 -9999 378.440277099609 -9999 166.940521240234 197.585861206055 237.929840087891
