ssp1models/sc1gr21.26
NCOLS 261 
NROWS 433 
XLLCORNER 336357.134 
YLLCORNER 654653.479 
CELLSIZE 1000 
NODATA_value -9999 
[rows 308 to 329 of 433, columns 50 to 99 of 261]
3083.0126953125 3218.99609375 2729.23681640625 2307.22607421875 2158.6318359375 1834.96301269531 1382.12866210938 1306.7255859375 1464.03662109375 1456.82824707031 1415.64636230469 1274.29260253906 961.688354492188 965.434509277344 1164.7197265625 1348.42956542969 1435.69274902344 1357.27160644531 1138.41479492188 834.082702636719 742.2177734375 658.708190917969 413.946014404297 344.273590087891 407.176177978516 382.456085205078 353.5751953125 353.835510253906 403.325164794922 591.565368652344 976.113830566406 1286.53100585938 1131.93762207031 731.946044921875 560.133605957031 594.345275878906 529.693298339844 420.424560546875 384.712127685547 387.562683105469 388.660308837891 354.717590332031 304.328552246094 265.026000976562 225.855590820312 196.400756835938 195.505645751953 180.739212036133 127.557907104492 103.633522033691
3436.81958007812 3460.39184570312 3043.59887695312 2209.50048828125 1795.31762695312 1771.42004394531 1603.77502441406 1277.32348632812 1223.70629882812 1337.67028808594 1391.37451171875 1259.61218261719 973.859802246094 1248.01489257812 1405.033203125 1407.52734375 1365.9296875 1438.43933105469 1444.662109375 1237.50390625 1046.79846191406 758.417114257812 448.900299072266 357.578460693359 375.48876953125 422.9423828125 396.080780029297 372.195373535156 379.798065185547 471.433135986328 809.800659179688 1215.08044433594 1136.47998046875 736.659790039062 611.972778320312 732.527160644531 597.418334960938 450.353118896484 418.287475585938 432.773712158203 451.140380859375 401.7099609375 298.671691894531 217.864456176758 168.590469360352 146.918533325195 163.357147216797 209.328033447266 176.742065429688 132.509155273438
4761.107421875 3797.25122070312 3081.98583984375 2264.31567382812 2134.4033203125 2940.03515625 3301.97509765625 2487.67651367188 1657.51623535156 1351.55432128906 1231.46862792969 1139.33874511719 1093.75158691406 1478.46240234375 1436.83850097656 1200.77722167969 1116.56628417969 1187.43347167969 1159.75085449219 958.253112792969 771.760314941406 600.091613769531 417.311706542969 322.240417480469 329.260284423828 467.652923583984 458.878753662109 410.4208984375 382.201019287109 416.708068847656 640.367370605469 950.988220214844 947.595031738281 776.790100097656 908.056335449219 1165.2958984375 755.087097167969 516.783447265625 445.395355224609 439.534088134766 413.515960693359 339.180328369141 263.147430419922 212.469757080078 165.650756835938 138.985977172852 149.286605834961 225.056167602539 214.000122070312 160.208709716797
4454.634765625 3541.5107421875 2657.4013671875 2075.08154296875 2027.89904785156 2353.96923828125 2352.57641601562 1889.01538085938 1460.24096679688 1332.59545898438 1335.20593261719 1259.58740234375 1161.87109375 1432.88928222656 1405.251953125 1073.23059082031 944.570739746094 1000.21301269531 910.661804199219 700.633178710938 576.934020996094 532.87158203125 418.719573974609 313.920013427734 315.216278076172 488.674133300781 512.884582519531 432.753662109375 344.38916015625 342.217468261719 501.262359619141 732.699890136719 814.426025390625 769.211975097656 847.177062988281 1083.40148925781 955.2861328125 667.621398925781 464.954711914062 357.397125244141 305.59619140625 281.125549316406 266.9677734375 256.849151611328 236.620544433594 208.930999755859 191.120727539062 232.138519287109 208.333694458008 148.457214355469
4221.73876953125 3422.99096679688 2019.43713378906 1889.04431152344 2109.033203125 2020.12634277344 1487.34191894531 1182.48510742188 1103.73364257812 1000.44372558594 1051.77978515625 1186.5654296875 1149.56994628906 1161.06787109375 1083.42199707031 943.224365234375 953.054443359375 1011.91613769531 969.558654785156 792.978576660156 615.793884277344 531.644409179688 492.006256103516 464.489685058594 420.62451171875 466.478179931641 529.355773925781 460.584930419922 322.161041259766 276.432678222656 369.723571777344 583.333190917969 753.316345214844 665.235107421875 563.080810546875 661.214111328125 758.299499511719 621.50830078125 488.668395996094 371.448333740234 301.450225830078 299.721496582031 307.464080810547 324.684112548828 344.678771972656 333.634735107422 288.821472167969 275.843536376953 230.494064331055 141.748199462891
4071.91235351562 3244.109375 1951.69018554688 1874.69653320312 2078.42993164062 1914.53601074219 1362.78527832031 1027.89404296875 882.242248535156 740.490234375 804.439697265625 1028.83020019531 1089.70629882812 915.058349609375 804.364013671875 825.198608398438 1008.28594970703 1080.05432128906 1024.70129394531 902.117797851562 778.769897460938 646.995666503906 490.653594970703 423.612274169922 396.859222412109 413.228729248047 561.273010253906 658.224548339844 537.601928710938 367.882293701172 349.911224365234 471.503509521484 572.358520507812 489.367248535156 407.392211914062 440.805603027344 441.426116943359 428.710327148438 460.003875732422 454.308959960938 394.266296386719 364.343414306641 391.691284179688 452.225830078125 488.089385986328 452.822967529297 391.248748779297 432.411529541016 377.785827636719 192.834915161133
4268.56884765625 3984.50610351562 2287.91918945312 1791.57922363281 1871.81201171875 1758.97998046875 1324.64147949219 977.528442382812 824.573486328125 746.303771972656 762.652893066406 842.212280273438 860.586853027344 871.00048828125 803.728454589844 932.110595703125 1196.22827148438 1119.30993652344 867.537170410156 686.979919433594 569.815002441406 482.444946289062 385.880554199219 353.08251953125 357.427551269531 420.710418701172 694.447265625 930.071838378906 800.253173828125 521.052673339844 413.125 434.841400146484 440.062316894531 389.943695068359 374.968872070312 405.136291503906 337.487640380859 329.541351318359 381.543518066406 407.489288330078 380.296264648438 379.029022216797 415.136993408203 426.600280761719 405.921569824219 359.037933349609 327.444976806641 482.410186767578 472.951568603516 274.985076904297
4580.4912109375 4467.4580078125 3183.73413085938 2812.2529296875 2367.36083984375 1963.93347167969 1563.28295898438 1264.7939453125 1153.63146972656 1042.98706054688 888.111877441406 805.037475585938 793.4716796875 893.76904296875 1199.83056640625 1499.65393066406 1489.32458496094 1263.12744140625 960.150756835938 601.890747070312 370.996490478516 321.013397216797 340.88427734375 370.878540039062 408.589660644531 617.82275390625 897.649230957031 1063.720703125 903.227294921875 590.112670898438 534.112609863281 678.756225585938 680.347229003906 570.5966796875 484.851104736328 453.162445068359 443.381896972656 355.387359619141 278.245849609375 246.236923217773 233.408264160156 205.443832397461 167.168869018555 156.874237060547 176.381484985352 197.87092590332 211.979995727539 173.871856689453 183.196792602539 220.146820068359
3936.28149414062 3720.23510742188 3612.19921875 3484.1640625 2866.107421875 2246.57421875 1820.87707519531 1699.33642578125 1590.10021972656 1184.60803222656 777.212524414062 747.374389648438 867.578857421875 840.951843261719 1227.26684570312 1701.87377929688 1619.59643554688 1031.1103515625 549.066467285156 337.858001708984 293.226776123047 344.451110839844 406.881439208984 465.979217529297 628.809020996094 961.701782226562 1092.59655761719 1320.89270019531 1131.36730957031 683.867553710938 529.741333007812 635.302429199219 728.5771484375 705.604797363281 631.223083496094 565.159118652344 490.381744384766 403.805206298828 295.349945068359 249.663665771484 246.79573059082 220.861190795898 175.169311523438 157.365234375 177.570770263672 205.120574951172 220.489028930664 167.384216308594 136.620101928711 131.801239013672
2970.86767578125 3154.21484375 3818.67578125 3534.8076171875 3210.64575195312 2761.29809570312 2062.357421875 1701.24304199219 1603.22131347656 1319.98388671875 960.701904296875 865.134887695312 886.811096191406 844.825317382812 1091.76635742188 1318.14086914062 1226.02648925781 810.400939941406 386.553863525391 223.742813110352 287.414154052734 410.759674072266 460.160125732422 521.25830078125 984.648071289062 2000.03588867188 1661.53955078125 1561.02294921875 1300.34362792969 821.62353515625 584.460754394531 588.204833984375 644.319274902344 608.073303222656 556.930358886719 534.409729003906 491.129119873047 451.076202392578 379.954406738281 366.516967773438 389.771301269531 333.315765380859 219.742858886719 170.641143798828 186.182708740234 201.958282470703 210.836074829102 180.16438293457 149.669158935547 132.34765625
2660.86938476562 3184.60693359375 4009.1533203125 3746.37670898438 3547.55029296875 2871.66552734375 1839.12634277344 1273.66870117188 1408.68591308594 1623.30151367188 1390.00146484375 1000.56567382812 813.09130859375 1036.80822753906 1019.75268554688 1046.58276367188 1127.29174804688 1011.34106445312 782.315002441406 575.000610351562 446.832061767578 494.611846923828 545.098205566406 561.402770996094 933.887573242188 2844.990234375 2750.07788085938 1926.00708007812 1200.92590332031 791.57275390625 592.303588867188 550.341735839844 530.704040527344 439.276458740234 390.603454589844 414.971069335938 436.998443603516 452.048919677734 475.786285400391 500.549224853516 478.278137207031 358.824371337891 220.604583740234 172.416915893555 181.235916137695 194.156494140625 221.594467163086 208.167251586914 172.059539794922 160.200149536133
2620.49853515625 2851.92065429688 3914.5849609375 3940.83764648438 3213.00219726562 2054.5966796875 1234.6826171875 1038.34851074219 1271.14221191406 1424.47631835938 1199.97534179688 1117.87841796875 1261.77600097656 1069.81481933594 852.491577148438 1014.35900878906 1388.37646484375 1410.14770507812 1195.02917480469 1017.26123046875 894.676025390625 827.021362304688 726.479675292969 635.4013671875 778.731689453125 2083.13793945312 2454.33081054688 1913.50415039062 1075.81079101562 615.751159667969 487.583587646484 446.016418457031 373.536071777344 310.746673583984 307.347839355469 347.396179199219 408.690826416016 444.485595703125 512.803466796875 557.536071777344 495.538879394531 327.837677001953 198.753936767578 170.706497192383 174.110137939453 190.935165405273 240.421188354492 242.09700012207 188.97380065918 178.267364501953
3198.35131835938 3011.62573242188 3160.9365234375 3153.736328125 2354.60375976562 1323.40991210938 1083.4462890625 1278.01391601562 1136.90649414062 884.895324707031 796.847534179688 961.966552734375 1228.57824707031 802.089599609375 549.450012207031 831.858520507812 1389.81372070312 1556.57983398438 1340.83154296875 1192.8779296875 1217.82751464844 1118.81176757812 859.277404785156 881.316955566406 1404.90307617188 1941.10571289062 1984.81420898438 1650.64916992188 968.976806640625 516.724243164062 367.399169921875 307.777954101562 255.687057495117 238.503067016602 252.789749145508 288.234283447266 374.058197021484 430.765960693359 559.170349121094 743.155639648438 737.892028808594 449.756439208984 230.05485534668 191.202255249023 185.790939331055 212.877029418945 275.306060791016 277.819763183594 208.202697753906 183.074096679688
3781.29956054688 3522.18383789062 2821.7626953125 2777.95458984375 2229.2138671875 1271.56567382812 872.543640136719 854.535278320312 739.438171386719 660.004760742188 681.705383300781 815.144470214844 979.554992675781 768.508361816406 571.320251464844 818.902221679688 1102.8759765625 971.290710449219 790.333129882812 786.910583496094 841.387878417969 797.237060546875 683.864501953125 798.962219238281 1329.59729003906 1348.11413574219 1329.1171875 1257.89929199219 854.89697265625 529.882568359375 367.880554199219 279.811706542969 229.653030395508 224.573669433594 244.825210571289 262.230346679688 288.820068359375 386.686706542969 592.7734375 902.843078613281 971.837463378906 611.212951660156 332.685363769531 287.462677001953 260.484008789062 278.26025390625 317.72705078125 277.180084228516 217.830596923828 190.14762878418
3782.404296875 3727.90502929688 2858.16967773438 2725.23559570312 2468.19580078125 1896.59533691406 1302.10119628906 866.670654296875 647.531311035156 628.930236816406 657.678466796875 727.883728027344 848.547668457031 854.237609863281 889.241882324219 1093.1484375 1091.05615234375 815.049865722656 613.314331054688 561.615234375 561.270263671875 566.015075683594 563.553771972656 594.648132324219 704.524353027344 734.140014648438 1010.77648925781 1092.55847167969 857.043334960938 720.119567871094 644.526733398438 453.679809570312 279.016448974609 283.852111816406 378.546173095703 359.0361328125 196.25373840332 288.831665039062 450.639526367188 633.650756835938 675.951293945312 515.786926269531 380.900451660156 337.787719726562 308.681549072266 310.655609130859 315.575134277344 230.031265258789 201.013900756836 188.530258178711
4100.5595703125 3375.783203125 2433.43041992188 2326.81689453125 2261.01928710938 2051.04125976562 1746.53344726562 1486.31982421875 1197.68054199219 936.050537109375 810.184143066406 866.443420410156 1093.16833496094 1120.44982910156 996.345153808594 959.45947265625 921.361450195312 794.102722167969 646.406311035156 539.411560058594 461.263458251953 441.328125 447.317626953125 416.916076660156 376.081237792969 599.581787109375 950.406127929688 1008.31781005859 769.7666015625 613.738159179688 552.333068847656 416.762786865234 279.087951660156 307.621520996094 430.983734130859 404.349670410156 159.513870239258 213.667572021484 342.810394287109 459.172821044922 488.325286865234 441.398223876953 372.292175292969 324.736145019531 308.123352050781 296.715118408203 270.561126708984 195.313888549805 182.650726318359 169.844741821289
3561.98315429688 2756.2822265625 2220.87548828125 2055.35375976562 1874.24475097656 1711.21154785156 1688.38525390625 1813.64379882812 1745.83227539062 1406.10998535156 1282.03039550781 1510.27819824219 1654.65075683594 1170.40319824219 924.668334960938 773.211608886719 716.098510742188 699.096984863281 645.663757324219 528.223937988281 397.770599365234 350.033416748047 358.338073730469 357.004547119141 363.750183105469 553.611389160156 758.767822265625 830.04736328125 745.756713867188 636.666809082031 523.142333984375 399.024993896484 308.066558837891 306.987060546875 350.965148925781 318.034606933594 156.451477050781 188.553207397461 296.078002929688 397.701080322266 434.135986328125 418.500701904297 365.533752441406 306.833099365234 278.639312744141 260.181610107422 230.571731567383 176.933197021484 159.000289916992 135.322845458984
3502.63989257812 2883.31103515625 2688.32421875 2305.36987304688 1767.10205078125 1431.53393554688 1583.35571289062 1890.93615722656 1843.46533203125 1434.61840820312 1303.18725585938 1727.9814453125 1962.10546875 1104.10168457031 804.930847167969 604.18994140625 558.559997558594 641.223815917969 667.003723144531 540.67138671875 376.096374511719 311.362426757812 343.945983886719 401.698425292969 434.473510742188 473.274200439453 588.262634277344 764.909851074219 857.018920898438 819.341003417969 664.213989257812 478.838195800781 388.090942382812 363.130340576172 323.525115966797 280.654449462891 225.32536315918 229.783584594727 282.5537109375 360.975463867188 403.446411132812 405.1064453125 380.087463378906 333.007049560547 291.532836914062 257.818328857422 230.448654174805 174.903015136719 129.726043701172 97.1830825805664
4079.38012695312 3665.5517578125 3102.95556640625 2732.93505859375 2360.69897460938 2079.60498046875 2054.65771484375 2036.1416015625 1809.84619140625 1406.86303710938 1252.97778320312 1764.72546386719 2031.42138671875 884.711181640625 715.360900878906 609.196838378906 563.360107421875 646.012756347656 683.802124023438 549.565063476562 371.053253173828 296.754577636719 343.825378417969 402.131927490234 386.986175537109 375.951782226562 443.874298095703 621.507263183594 803.213745117188 845.949279785156 735.820861816406 579.3134765625 485.125762939453 427.787628173828 348.580688476562 293.786315917969 285.32275390625 285.419097900391 300.805603027344 340.024780273438 370.511749267578 384.933563232422 401.608367919922 398.464935302734 356.790863037109 292.817596435547 246.52197265625 203.192977905273 144.866027832031 79.624755859375
3441.66772460938 3118.6728515625 3065.33081054688 2920.09814453125 2598.73486328125 2273.142578125 2082.12426757812 1905.44421386719 1675.99987792969 1498.03979492188 1390.1796875 1357.3173828125 1206.7646484375 766.300109863281 677.170532226562 629.775512695312 646.998657226562 690.040283203125 690.2958984375 607.099914550781 477.741485595703 358.853210449219 279.688018798828 217.748687744141 169.452072143555 246.096603393555 339.240875244141 409.535919189453 588.753601074219 946.431884765625 1170.69189453125 1189.03454589844 1067.42785644531 663.404357910156 334.036376953125 286.345275878906 293.677185058594 276.222778320312 260.524353027344 257.459411621094 263.330078125 279.471588134766 313.798156738281 339.922088623047 305.401519775391 244.309036254883 212.399917602539 128.151672363281 76.08837890625 47.1420936584473
3664.81640625 3374.32080078125 3365.45532226562 3095.734375 2678.73559570312 2499.59204101562 2719.8525390625 2729.02563476562 2307.08056640625 1891.97521972656 1626.64562988281 1555.37902832031 1508.79907226562 1038.85778808594 878.733703613281 750.737670898438 670.534606933594 625.907409667969 587.102722167969 522.968688964844 458.554260253906 407.949645996094 318.611389160156 206.843307495117 153.980438232422 -9999 364.773773193359 434.847015380859 564.965393066406 858.910400390625 1251.92163085938 1659.13696289062 1593.66809082031 881.532592773438 350.426116943359 275.265625 311.954742431641 281.952819824219 255.044494628906 248.879959106445 248.921951293945 255.380508422852 285.11328125 319.429382324219 291.915100097656 225.775192260742 193.958068847656 98.1281661987305 57.8220062255859 49.2691688537598
3929.24536132812 4089.53564453125 3684.73681640625 3106.11694335938 2700.66723632812 2547.82568359375 2799.560546875 2952.57958984375 2592.82202148438 2091.60888671875 1776.88708496094 1852.09069824219 2196.99365234375 1760.61328125 1247.97875976562 891.158813476562 661.219665527344 544.632446289062 482.579956054688 385.203247070312 299.884918212891 248.47102355957 197.107681274414 146.628829956055 -9999 234.221649169922 329.672424316406 402.11669921875 550.325927734375 836.75244140625 1370.72546386719 2096.17993164062 2123.490234375 1212.71252441406 466.886169433594 355.353118896484 438.908142089844 353.605743408203 285.078674316406 256.983367919922 252.465042114258 253.685958862305 276.183074951172 308.937255859375 289.149719238281 228.725845336914 204.159683227539 136.356002807617 78.4390335083008 54.7713356018066
