ssp1models/sc1gr21.1
NCOLS 261 
NROWS 433 
XLLCORNER 336357.134 
YLLCORNER 654653.479 
CELLSIZE 1000 
NODATA_value -9999 
[rows 374 to 395 of 433, columns 50 to 99 of 261]
-9999 -9999 3854.89013671875 4561.99609375 3661.98022460938 2071.7958984375 1060.39074707031 760.1572265625 609.879760742188 449.153167724609 395.540374755859 510.550598144531 536.606628417969 359.862579345703 332.105804443359 302.502197265625 229.611572265625 157.502471923828 132.751525878906 139.866012573242 161.022308349609 210.69270324707 301.981689453125 411.912139892578 482.592254638672 405.342376708984 315.581878662109 216.757629394531 140.436660766602 102.453323364258 93.3519821166992 98.3254776000977 130.177703857422 174.108383178711 185.946212768555 162.573211669922 110.892669677734 79.080322265625 34.4877700805664 8.29146766662598 3.32793521881104 3.49032378196716 5.54260110855103 13.435863494873 24.5583801269531 30.1031475067139 29.3889236450195 32.594165802002 49.2378730773926 89.3965072631836
-9999 -9999 4832.9150390625 4959.28662109375 3823.30004882812 2530.87915039062 1487.80603027344 952.348937988281 647.639465332031 436.453125 369.283782958984 416.31005859375 427.698120117188 427.189514160156 450.524475097656 385.633026123047 258.412353515625 157.750625610352 126.336166381836 122.738800048828 125.808464050293 149.481475830078 227.643981933594 366.348327636719 490.321014404297 417.988983154297 285.181762695312 210.071166992188 161.14094543457 114.679077148438 95.9576568603516 96.3776092529297 113.383155822754 144.434906005859 160.253067016602 148.298034667969 104.481231689453 65.4895629882812 23.7531127929688 6.16827440261841 3.8323085308075 3.35512804985046 3.72620010375977 7.00303888320923 15.3317413330078 23.5638904571533 26.2199172973633 27.0816192626953 40.452880859375 78.3055419921875
-9999 -9999 3377.79711914062 2747.08325195312 2300.57299804688 1672.97692871094 1032.47106933594 726.999938964844 553.738159179688 554.011901855469 574.034301757812 490.713836669922 441.785522460938 479.161529541016 473.155395507812 392.616546630859 252.788665771484 146.038131713867 119.140975952148 118.884834289551 122.493293762207 155.544509887695 215.314102172852 323.543426513672 462.934692382812 470.932006835938 290.075347900391 224.452285766602 199.345657348633 148.490478515625 112.56803894043 104.472473144531 115.609153747559 140.045639038086 158.210357666016 157.685104370117 126.939903259277 100.655822753906 63.671028137207 33.2393569946289 16.8341960906982 9.70536994934082 8.51283645629883 13.9702157974243 22.206428527832 26.1777400970459 26.230884552002 26.0702629089355 30.7957515716553 48.0340156555176
-9999 -9999 -9999 1642.09204101562 1607.48510742188 1184.37670898438 694.791625976562 503.871063232422 463.668334960938 488.048889160156 502.362365722656 420.559387207031 404.505889892578 446.742492675781 393.292083740234 331.547271728516 219.326293945312 122.119873046875 102.551849365234 108.814193725586 107.329376220703 119.442123413086 170.757583618164 265.028137207031 367.510192871094 484.013061523438 327.587921142578 249.755081176758 219.321136474609 168.5634765625 126.000450134277 112.171287536621 125.012008666992 149.826843261719 163.156982421875 163.005798339844 154.175094604492 147.265228271484 132.626770019531 115.478675842285 97.6843109130859 70.8870697021484 53.4083366394043 61.9380836486816 71.0825805664062 58.7529182434082 37.5747184753418 25.8242816925049 26.1340293884277 30.3575077056885
-9999 -9999 -9999 1109.22131347656 1134.68981933594 860.178771972656 -9999 759.338989257812 -9999 -9999 359.429107666016 260.874908447266 354.620880126953 453.899108886719 380.843170166016 327.865417480469 225.135070800781 123.57014465332 92.9492111206055 94.204475402832 95.3390045166016 99.5277633666992 134.179702758789 231.700592041016 322.564239501953 419.001434326172 363.388549804688 298.230834960938 243.710327148438 195.155090332031 162.358139038086 139.822326660156 135.907073974609 153.770233154297 165.877395629883 165.240478515625 162.429946899414 162.416534423828 162.362823486328 164.595138549805 167.538436889648 160.655288696289 137.418716430664 109.377769470215 88.1239166259766 68.6474838256836 48.5651779174805 27.3946628570557 25.8579998016357 27.3271389007568
-9999 -9999 -9999 630.21923828125 554.941345214844 -9999 567.057434082031 812.765441894531 976.142700195312 734.623352050781 376.310943603516 217.165756225586 293.230682373047 447.136932373047 404.408508300781 337.545318603516 247.720886230469 167.835433959961 122.745239257812 103.06413269043 108.167938232422 128.658309936523 156.546096801758 243.991241455078 340.386016845703 407.716613769531 393.377624511719 347.770782470703 315.881774902344 305.089630126953 288.201416015625 238.858139038086 191.554672241211 178.890548706055 174.363464355469 167.584335327148 163.938064575195 168.711639404297 178.527648925781 190.705825805664 201.238082885742 212.335891723633 200.989837646484 147.700241088867 91.8481903076172 66.0438079833984 57.0234260559082 35.4850807189941 28.3458557128906 26.7631931304932
-9999 -9999 -9999 -9999 591.369384765625 604.578735351562 -9999 812.388977050781 961.117919921875 819.844665527344 508.784484863281 311.761962890625 284.512268066406 429.438262939453 461.772186279297 405.230407714844 317.155487060547 254.375610351562 200.947372436523 145.588272094727 124.793853759766 142.236282348633 166.934478759766 217.503570556641 292.545532226562 411.229370117188 418.290191650391 390.910217285156 366.477020263672 351.539581298828 329.999145507812 295.91845703125 257.731353759766 228.257171630859 200.116302490234 172.915802001953 169.096099853516 187.896377563477 199.571807861328 215.969314575195 241.784622192383 257.668792724609 242.796310424805 183.455200195312 114.92219543457 81.2783355712891 69.4402847290039 51.7308616638184 41.4348754882812 32.650749206543
-9999 -9999 -9999 -9999 971.01025390625 922.56787109375 808.064697265625 834.674133300781 955.799499511719 864.543823242188 635.711608886719 459.371978759766 349.576965332031 305.381408691406 381.319091796875 450.587280273438 395.746429443359 291.338684082031 204.720092773438 137.303268432617 110.104232788086 133.097595214844 179.359771728516 222.200561523438 325.638702392578 461.447814941406 464.834991455078 451.229400634766 394.060089111328 311.230895996094 252.741546630859 232.856719970703 247.964584350586 277.471069335938 259.498779296875 196.825912475586 166.364639282227 201.141525268555 219.919799804688 236.352844238281 276.628814697266 310.049468994141 300.951751708984 242.849258422852 195.87776184082 190.187850952148 149.522018432617 69.6992416381836 65.2828979492188 58.6566772460938
-9999 -9999 -9999 -9999 1274.14343261719 1176.13305664062 851.522583007812 669.145629882812 768.657592773438 832.886413574219 715.678039550781 571.974975585938 479.593963623047 293.250366210938 244.389739990234 346.676483154297 388.210784912109 283.490386962891 175.139343261719 120.140640258789 101.958106994629 110.314498901367 152.36262512207 221.865249633789 334.510864257812 443.356689453125 431.857452392578 422.274627685547 368.892730712891 272.667602539062 209.578430175781 192.855163574219 216.530197143555 247.809875488281 232.191513061523 183.543395996094 158.785568237305 195.470352172852 221.753356933594 238.385299682617 271.901794433594 346.487701416016 437.204040527344 412.589874267578 316.289398193359 302.514923095703 268.584625244141 125.071449279785 104.774826049805 84.1454238891602
-9999 -9999 -9999 -9999 -9999 1157.17553710938 854.340026855469 648.216125488281 775.272705078125 826.180419921875 675.385192871094 551.3984375 500.796966552734 360.459625244141 255.465179443359 284.466247558594 337.055603027344 265.131713867188 173.853134155273 135.119720458984 116.90803527832 113.562492370605 154.981811523438 221.843505859375 273.45751953125 332.607238769531 330.830383300781 329.779296875 321.904571533203 276.375579833984 222.331954956055 189.855316162109 181.762222290039 183.015350341797 174.196166992188 156.274032592773 154.34260559082 189.259719848633 217.742538452148 233.998992919922 259.338653564453 321.094757080078 457.292633056641 521.940002441406 419.596313476562 327.738800048828 289.763427734375 210.476837158203 165.144683837891 109.445388793945
-9999 -9999 -9999 -9999 -9999 1208.86291503906 879.386657714844 746.945190429688 830.090393066406 841.960693359375 675.802490234375 570.790161132812 560.212036132812 434.339324951172 331.135620117188 316.951416015625 343.044677734375 326.31640625 300.481262207031 288.7939453125 249.416687011719 194.553588867188 194.695510864258 227.388977050781 239.077484130859 280.529327392578 309.977569580078 326.6865234375 328.895385742188 310.748718261719 268.282287597656 200.508697509766 142.998931884766 121.456565856934 119.820281982422 126.146751403809 147.037933349609 183.699371337891 224.884948730469 253.736145019531 291.644470214844 337.766632080078 445.967407226562 562.060485839844 509.693695068359 355.226623535156 261.402404785156 209.688873291016 183.784042358398 134.274429321289
-9999 -9999 -9999 -9999 -9999 -9999 877.63037109375 768.575927734375 782.802124023438 722.201110839844 589.05859375 578.960693359375 694.790344238281 680.491516113281 522.320922851562 436.697814941406 433.741119384766 403.858642578125 381.506866455078 389.881469726562 365.832824707031 317.771728515625 286.331451416016 265.039520263672 261.708862304688 390.841278076172 555.146850585938 612.404968261719 508.650451660156 364.423736572266 281.891235351562 216.735702514648 143.27604675293 97.6757202148438 86.1046295166016 100.833000183105 154.577117919922 207.87028503418 268.574829101562 304.055572509766 335.846374511719 363.851348876953 404.388549804688 484.374053955078 491.531188964844 375.289825439453 269.761566162109 179.631591796875 159.09944152832 137.494140625
-9999 -9999 -9999 -9999 -9999 -9999 818.789306640625 613.243408203125 412.731353759766 340.278656005859 399.521942138672 778.0537109375 1148.3818359375 933.9775390625 804.971374511719 589.69873046875 371.309661865234 318.218536376953 349.062896728516 372.396209716797 396.097229003906 374.932708740234 302.520782470703 259.417572021484 292.258514404297 466.706329345703 577.501098632812 608.34619140625 521.786987304688 370.265228271484 257.513977050781 221.222625732422 203.530822753906 167.594604492188 119.701873779297 95.1942367553711 168.083511352539 192.054748535156 223.304901123047 313.191131591797 413.569244384766 425.646026611328 382.577606201172 359.00634765625 362.985198974609 360.989318847656 331.405944824219 251.404174804688 223.455795288086 197.721206665039
-9999 -9999 -9999 -9999 -9999 -9999 1172.93249511719 899.728759765625 453.628875732422 251.709671020508 320.356842041016 578.178344726562 935.556518554688 788.21923828125 676.575073242188 658.296447753906 629.259094238281 561.872436523438 474.382720947266 418.430297851562 415.506896972656 380.400085449219 288.970581054688 226.27653503418 227.046112060547 366.866333007812 443.449401855469 566.340026855469 655.190856933594 509.566528320312 299.138366699219 230.015121459961 209.236236572266 164.886276245117 122.94116973877 102.95824432373 160.268173217773 187.303665161133 204.831756591797 233.435302734375 283.629608154297 331.056854248047 355.5556640625 357.274139404297 336.053741455078 305.906707763672 290.038421630859 270.290435791016 254.907516479492 263.539093017578
-9999 -9999 -9999 -9999 -9999 -9999 1568.50793457031 1117.11804199219 662.223510742188 394.374206542969 324.411712646484 414.160766601562 715.370849609375 591.837341308594 503.306213378906 570.463256835938 653.892700195312 665.9765625 638.500427246094 627.44189453125 593.667053222656 502.459136962891 362.159576416016 250.997650146484 231.81510925293 386.65625 472.53515625 507.629608154297 501.874481201172 421.335357666016 316.6337890625 265.079376220703 219.245681762695 158.321426391602 121.02490234375 109.762298583984 161.045181274414 210.524108886719 242.708618164062 249.47526550293 260.142242431641 287.495697021484 318.716094970703 331.96484375 301.400512695312 252.03515625 235.268768310547 267.320465087891 260.389129638672 279.400451660156
-9999 -9999 -9999 -9999 -9999 -9999 -9999 1954.23620605469 1368.83728027344 718.939270019531 -9999 418.601623535156 520.717590332031 480.749938964844 449.462860107422 484.937194824219 566.730590820312 608.315551757812 623.248229980469 676.323852539062 704.053649902344 628.312255859375 466.102630615234 357.570617675781 364.269622802734 496.851257324219 598.418762207031 560.420837402344 417.359252929688 354.830413818359 345.292053222656 295.51171875 207.588882446289 142.037612915039 118.130126953125 111.632354736328 155.264678955078 211.487121582031 258.257080078125 272.671142578125 270.732818603516 259.989379882812 254.001754760742 265.112243652344 266.817504882812 244.161407470703 229.501098632812 270.964202880859 264.273620605469 275.400360107422
-9999 -9999 -9999 -9999 -9999 -9999 -9999 1977.78845214844 1100.23168945312 -9999 366.503479003906 453.076080322266 489.411895751953 477.874725341797 480.651184082031 559.302062988281 745.708984375 772.634338378906 708.841430664062 718.307067871094 747.441284179688 718.287170410156 584.093200683594 465.601654052734 445.171051025391 528.033874511719 572.619995117188 516.786376953125 392.640777587891 338.7900390625 334.78466796875 297.64794921875 214.419052124023 148.552154541016 125.771125793457 115.971923828125 140.265411376953 201.637832641602 263.5673828125 285.213531494141 280.781280517578 254.546096801758 222.330963134766 222.534729003906 249.123077392578 268.645172119141 276.099670410156 298.683715820312 285.257293701172 271.017028808594
-9999 -9999 -9999 -9999 -9999 -9999 -9999 1511.16284179688 958.683471679688 470.404968261719 435.960815429688 535.382995605469 568.86767578125 527.408203125 478.675628662109 618.223754882812 823.1005859375 810.790405273438 716.331481933594 658.573425292969 805.618530273438 883.923156738281 662.094177246094 464.778900146484 435.326141357422 484.909851074219 472.340759277344 430.697052001953 376.815856933594 347.747711181641 338.068237304688 318.80517578125 258.911437988281 183.067840576172 139.617965698242 120.794776916504 121.748649597168 169.074661254883 205.033111572266 192.201400756836 178.183471679688 187.332641601562 195.775604248047 218.215759277344 277.271850585938 325.989105224609 320.651336669922 295.745391845703 301.590209960938 315.944885253906
-9999 -9999 -9999 -9999 -9999 -9999 -9999 1910.07434082031 1346.48315429688 715.70166015625 573.879333496094 633.172790527344 764.741149902344 698.664245605469 523.636962890625 554.447509765625 665.040588378906 775.695861816406 733.485717773438 661.244506835938 956.28466796875 1109.75915527344 722.505615234375 389.420928955078 365.213775634766 428.502593994141 435.089050292969 424.142303466797 390.487030029297 364.84033203125 378.954254150391 415.542083740234 396.204742431641 278.236236572266 162.653396606445 120.29948425293 121.751312255859 134.3955078125 134.080520629883 123.256256103516 131.619079589844 160.10400390625 173.759155273438 184.084915161133 238.658752441406 317.007568359375 340.534759521484 302.812896728516 349.009887695312 418.239227294922
-9999 -9999 -9999 -9999 -9999 -9999 -9999 2654.23828125 2015.8876953125 1148.01538085938 734.08154296875 696.299194335938 892.30859375 803.666015625 684.660766601562 775.351379394531 922.978637695312 1025.75463867188 988.8173828125 956.85693359375 1016.46105957031 987.357299804688 642.807983398438 294.672180175781 215.68994140625 337.477325439453 397.798278808594 413.342895507812 393.214263916016 373.279724121094 414.829833984375 472.060150146484 407.003509521484 248.592300415039 141.486480712891 114.836044311523 147.639572143555 152.486236572266 148.140411376953 147.082107543945 146.801467895508 141.320327758789 130.050445556641 133.913345336914 164.02018737793 208.010116577148 246.132278442383 313.525024414062 372.866333007812 436.585266113281
-9999 -9999 -9999 -9999 -9999 -9999 -9999 2517.61572265625 2425.65380859375 1859.62377929688 1089.21069335938 806.524230957031 926.539245605469 748.122497558594 716.927551269531 856.027770996094 994.649963378906 1122.04602050781 1111.44897460938 1020.67950439453 806.687377929688 624.275512695312 527.067443847656 359.107025146484 197.070953369141 198.045928955078 263.419219970703 285.246154785156 348.567291259766 404.681396484375 495.725372314453 576.602661132812 458.487731933594 255.987640380859 147.87190246582 126.139694213867 165.535690307617 157.864379882812 135.898635864258 123.273338317871 115.762023925781 104.753318786621 96.5526275634766 107.52815246582 133.362350463867 154.564666748047 170.309051513672 244.154510498047 323.588256835938 389.46826171875
-9999 -9999 -9999 -9999 -9999 -9999 -9999 2466.0068359375 2737.9814453125 2654.06762695312 1782.89721679688 1104.22985839844 822.320129394531 758.039733886719 797.968322753906 929.106811523438 1043.86853027344 1138.07336425781 1090.51184082031 942.397888183594 711.671142578125 476.476043701172 410.499450683594 384.031402587891 255.091888427734 122.681564331055 143.700164794922 176.188812255859 313.102325439453 434.879455566406 497.731567382812 508.411010742188 402.58056640625 278.071533203125 205.682220458984 173.7998046875 184.958358764648 165.872940063477 127.751190185547 100.684303283691 90.5938110351562 85.1052398681641 81.8217544555664 93.4718322753906 121.607467651367 141.173324584961 142.121627807617 173.753265380859 254.382827758789 333.100616455078
