ssp1models/sc1gr21.35
NCOLS 261 
NROWS 433 
XLLCORNER 336357.134 
YLLCORNER 654653.479 
CELLSIZE 1000 
NODATA_value -9999 
[rows 220 to 241 of 433, columns 150 to 199 of 261]
158.690979003906 121.324401855469 93.5711975097656 14.708423614502 6.9676308631897 6.96763038635254 6.9676308631897 6.9676308631897 6.9676308631897 6.9676308631897 6.9676308631897 6.9676308631897 6.99302625656128 8.30187702178955 50.7620010375977 -9999 128.751388549805 132.322128295898 132.483871459961 133.648422241211 136.714065551758 139.240524291992 139.274520874023 139.274520874023 139.274520874023 139.274520874023 141.864349365234 151.421905517578 155.278137207031 155.278137207031 155.278121948242 155.278137207031 155.278137207031 155.278137207031 155.278137207031 155.278137207031 155.278121948242 139.496368408203 92.4924163818359 32.3085327148438 7.35949850082397 7.38473224639893 7.39416170120239 7.39416170120239 7.39416170120239 7.39419269561768 7.39704084396362 7.42234420776367 7.5388765335083 7.35379505157471
105.148933410645 78.8433151245117 62.9853591918945 10.698317527771 6.96763038635254 6.96763038635254 6.9676308631897 6.9676308631897 6.96763038635254 6.96856260299683 7.03704357147217 7.57326316833496 9.34133911132812 15.5551424026489 87.6256103515625 128.354965209961 138.773254394531 139.274520874023 139.274505615234 139.274505615234 139.274520874023 139.274520874023 139.274520874023 139.274520874023 139.274520874023 139.274520874023 141.861221313477 151.420349121094 155.278137207031 155.278137207031 155.278121948242 155.278121948242 155.278137207031 155.278137207031 155.278121948242 155.278137207031 155.268615722656 133.948745727539 77.545036315918 19.8711929321289 7.33750534057617 7.36382818222046 7.37328147888184 7.37204027175903 7.36818361282349 7.36194324493408 7.34122323989868 7.27424097061157 6.96025562286377 6.5984320640564
81.0814971923828 69.0571670532227 56.0344581604004 7.93807506561279 6.96763038635254 6.96763038635254 6.96763038635254 6.96763038635254 6.96763038635254 6.99906969070435 8.08857727050781 15.8194313049316 36.2052192687988 60.5606803894043 122.152549743652 138.175933837891 139.274520874023 139.274520874023 139.274520874023 139.274505615234 139.274520874023 139.274520874023 139.274505615234 139.274520874023 139.274520874023 139.274520874023 141.85807800293 151.418807983398 155.278121948242 155.278121948242 155.278121948242 155.278121948242 155.278121948242 155.278121948242 155.278121948242 155.278137207031 155.115798950195 126.102005004883 62.9375915527344 9.98711967468262 6.90956401824951 6.94698524475098 6.94866275787354 6.9154839515686 6.82793712615967 6.72304439544678 6.63588953018188 6.5003833770752 6.21075057983398 6.03361892700195
77.6215286254883 66.8623962402344 51.6650047302246 7.05930042266846 6.9676308631897 6.96763038635254 6.96763038635254 6.96763038635254 6.9676308631897 7.24807977676392 11.0898427963257 29.9241104125977 69.1953125 104.604682922363 137.271987915039 139.274520874023 139.274520874023 139.274520874023 139.274520874023 139.274520874023 139.274520874023 139.274520874023 139.274520874023 139.274520874023 139.274520874023 139.274520874023 141.854949951172 151.417266845703 155.278121948242 155.278137207031 155.278137207031 155.278137207031 155.278137207031 155.278137207031 155.278137207031 155.278137207031 155.108810424805 124.786849975586 59.5271530151367 6.85338354110718 6.20623683929443 6.2359447479248 6.23826932907104 6.21538114547729 6.15657806396484 6.08732128143311 6.03634166717529 5.97264719009399 5.9056978225708 5.8869366645813
77.1158676147461 64.8222503662109 46.4903831481934 6.9676308631897 6.9676308631897 6.9676308631897 6.9676308631897 6.9676308631897 6.9676308631897 7.49924850463867 13.5297451019287 38.6233406066895 83.7244873046875 117.931594848633 139.251235961914 139.274520874023 139.274520874023 139.274520874023 139.274520874023 139.274520874023 139.274520874023 139.274520874023 139.274520874023 139.274520874023 139.274520874023 139.274520874023 141.851806640625 151.415710449219 155.278121948242 155.278121948242 155.278121948242 155.278121948242 155.278121948242 155.278121948242 155.278121948242 155.278121948242 155.222869873047 130.042175292969 68.7096633911133 12.4410953521729 5.88309764862061 5.90412425994873 5.91079902648926 5.907874584198 5.90074157714844 5.89249038696289 5.88666725158691 5.87994050979614 5.87535190582275 5.87535190582275
74.1223754882812 61.7020835876465 40.7886085510254 6.96763038635254 6.9676308631897 6.96763038635254 6.96763038635254 6.96763038635254 6.9676308631897 7.55162000656128 14.0025224685669 40.1108207702637 85.7081604003906 118.657035827637 139.274505615234 139.274505615234 139.274505615234 139.274505615234 139.274505615234 139.274520874023 139.274505615234 139.274520874023 139.274520874023 139.274505615234 139.274505615234 139.274505615234 141.848678588867 151.414169311523 155.278121948242 155.278121948242 155.278121948242 155.278121948242 155.278121948242 155.278121948242 155.278121948242 155.278121948242 155.272918701172 134.755569458008 79.4566802978516 20.6228561401367 5.84774112701416 5.8678297996521 5.87535190582275 5.8753514289856 5.8753514289856 5.87535190582275 5.87535190582275 5.87535190582275 5.8753514289856 5.87535190582275
69.46142578125 56.3499298095703 34.3864860534668 6.9676308631897 6.9676308631897 6.9676308631897 6.96763038635254 6.96763038635254 6.9676308631897 7.49315977096558 13.5144395828247 38.8151702880859 84.6431655883789 118.563697814941 139.274520874023 139.274520874023 139.274520874023 139.274520874023 139.274520874023 139.274520874023 139.274520874023 139.274520874023 139.274505615234 139.274505615234 139.274505615234 139.274505615234 141.845550537109 151.412643432617 155.278121948242 155.278137207031 155.278137207031 155.278137207031 155.278137207031 155.278137207031 155.278121948242 155.278137207031 155.278121948242 133.997177124023 77.1107482910156 18.5016479492188 5.84772777557373 5.86782360076904 5.87535190582275 5.87535190582275 5.8753514289856 5.87535190582275 5.87535190582275 5.87535190582275 5.87535190582275 5.87535190582275
66.7368927001953 52.2859840393066 29.1440811157227 6.96763134002686 6.96763134002686 6.9676308631897 6.9676308631897 6.9676308631897 6.9676308631897 7.38878583908081 12.6460704803467 36.5168838500977 82.7587966918945 118.561622619629 139.274520874023 139.274520874023 139.274520874023 139.274520874023 139.274520874023 139.274536132812 139.274520874023 139.274520874023 139.274520874023 139.274520874023 139.274520874023 139.274505615234 141.842437744141 151.411102294922 155.278121948242 155.278121948242 155.278121948242 155.278137207031 155.278137207031 155.278121948242 155.278121948242 155.278137207031 155.278045654297 131.539886474609 70.2865371704102 12.6637306213379 5.84927320480347 5.8693470954895 5.87686967849731 5.87681150436401 5.87675380706787 5.87671756744385 5.87669610977173 5.87666606903076 5.87651300430298 5.87650632858276
62.9705429077148 50.2144165039062 26.714635848999 6.9676308631897 6.96763038635254 6.96763038635254 6.96763038635254 6.96763038635254 6.96763038635254 7.23675107955933 11.3828382492065 33.172435760498 80.0022430419922 118.543212890625 139.274520874023 139.274520874023 139.274520874023 139.274520874023 139.274520874023 139.274520874023 139.274520874023 139.274520874023 139.274520874023 139.274520874023 139.274520874023 139.274505615234 141.839324951172 151.409561157227 155.278121948242 155.278121948242 155.278121948242 155.278121948242 155.278121948242 155.278121948242 155.278121948242 155.278121948242 155.278060913086 136.624282836914 84.4961395263672 24.9298782348633 6.09232759475708 5.89826726913452 5.90613031387329 5.90561151504517 5.90508604049683 5.90497398376465 5.90516185760498 5.90519142150879 5.90326499938965 5.90383625030518
50.8950576782227 41.5686378479004 23.1481246948242 6.96763038635254 6.96763038635254 6.9676308631897 6.9676308631897 6.9676308631897 6.96763038635254 7.10372924804688 10.2545862197876 30.0462875366211 77.0468978881836 118.079696655273 139.274505615234 139.274505615234 139.274505615234 139.274520874023 139.274505615234 139.274505615234 139.274520874023 139.274505615234 139.274505615234 139.274505615234 139.274520874023 139.274520874023 141.836212158203 151.408020019531 155.278121948242 155.278121948242 155.278121948242 155.278121948242 155.278121948242 155.278121948242 155.278121948242 155.278121948242 155.278121948242 147.124725341797 114.783325195312 53.8148193359375 9.88462924957275 5.93927192687988 5.94713926315308 5.94683837890625 5.94653558731079 5.9465069770813 5.94667720794678 5.94674491882324 5.94560050964355 5.94601964950562
42.5428085327148 33.721923828125 19.2510757446289 6.9676308631897 6.9676308631897 6.9676308631897 6.9676308631897 6.96763134002686 6.9676308631897 7.01009750366211 9.30217552185059 26.5238552093506 71.4595413208008 114.879180908203 139.274505615234 139.274505615234 139.274505615234 139.274520874023 139.274520874023 139.274520874023 139.274520874023 139.274520874023 139.274520874023 139.274505615234 139.274505615234 139.274520874023 141.833114624023 151.406509399414 155.278121948242 155.278121948242 155.278137207031 155.278137207031 155.278137207031 155.278121948242 155.278121948242 155.278121948242 155.278137207031 152.253463745117 129.857604980469 68.9769668579102 12.7113914489746 5.95648765563965 5.96419048309326 5.96416521072388 5.96414089202881 5.96414852142334 5.96417951583862 5.96419858932495 5.96409559249878 5.96415376663208
38.565128326416 30.1543121337891 16.883617401123 6.76558971405029 6.76565170288086 6.76570701599121 6.76575660705566 6.76579999923706 6.7658371925354 6.77042865753174 8.51406669616699 23.1602439880371 63.9787712097168 109.949020385742 147.405151367188 147.405624389648 147.406341552734 147.407302856445 147.40852355957 147.409973144531 147.411682128906 147.413635253906 147.415817260742 147.418258666992 147.420944213867 147.42707824707 147.176025390625 146.0859375 145.25080871582 145.245681762695 145.240264892578 145.23454284668 145.228515625 145.222183227539 145.215545654297 145.208618164062 145.201370239258 143.218154907227 125.470932006836 72.6686935424805 17.7003898620605 5.71150541305542 5.77756547927856 5.76916265487671 5.76811838150024 5.76915550231934 5.7702522277832 5.77085781097412 5.77838182449341 5.78509092330933
35.8858680725098 26.1767253875732 13.8124475479126 6.64597749710083 6.64597749710083 6.64597702026367 6.64597702026367 6.64597702026367 6.64596509933472 6.64565086364746 8.00694942474365 19.9930515289307 55.6679420471191 103.373878479004 151.645416259766 151.313568115234 151.227157592773 151.486389160156 151.476348876953 150.13362121582 147.478515625 147.353500366211 150.655303955078 152.182861328125 152.182861328125 152.182861328125 150.290756225586 142.957214355469 139.337249755859 139.337249755859 139.337249755859 139.337249755859 139.337249755859 -9999 -9999 139.337249755859 139.337249755859 137.408721923828 120.639030456543 70.5335998535156 16.5397701263428 2.92791652679443 2.98566198348999 2.59870028495789 2.57945966720581 2.5856249332428 2.59275579452515 2.60133147239685 3.35328269004822 4.65938091278076
33.9284820556641 21.755464553833 10.3364162445068 6.55663967132568 6.60790777206421 6.61429691314697 6.58095979690552 6.53402090072632 6.50059175491333 6.46998977661133 7.560631275177 17.6812992095947 -9999 94.969856262207 143.551300048828 139.457901000977 138.33708190918 141.482284545898 142.716430664062 137.112930297852 129.361267089844 133.108184814453 146.00146484375 152.182861328125 152.182861328125 152.182861328125 150.293045043945 142.958648681641 139.337249755859 139.337249755859 139.337249755859 139.337249755859 139.337249755859 139.337249755859 -9999 -9999 139.337249755859 136.627426147461 116.445976257324 61.0631065368652 8.57368183135986 1.25740706920624 1.23501420021057 1.03553545475006 1.03199625015259 1.03141093254089 1.03090107440948 1.03449285030365 1.77705025672913 3.48103761672974
30.3446521759033 15.7762184143066 5.57331514358521 5.41025590896606 5.99162197113037 6.06323719024658 5.67845058441162 5.13335132598877 4.74119853973389 4.4168119430542 4.98201894760132 12.4778423309326 37.2743873596191 76.7070693969727 120.203338623047 117.321884155273 116.524642944336 118.713706970215 119.611755371094 116.223854064941 113.357223510742 122.709106445312 141.692840576172 152.190307617188 152.182861328125 152.182861328125 150.295349121094 142.960067749023 139.337249755859 139.337249755859 139.337249755859 139.337249755859 139.337249755859 139.337249755859 -9999 139.337249755859 139.337249755859 137.46647644043 122.522338867188 76.8552627563477 21.604887008667 0.872459650039673 0.880000114440918 0.858337581157684 0.85833066701889 0.85833066701889 0.85833066701889 0.858858227729797 1.20952832698822 2.40174436569214
22.4115943908691 10.1167459487915 2.73800015449524 3.20854473114014 3.61669325828552 3.66667914390564 3.39584612846375 3.01225709915161 2.73620843887329 2.50924944877625 2.88576173782349 8.2988452911377 -9999 64.2753219604492 106.427825927734 106.032035827637 105.920028686523 106.211891174316 106.330436706543 106.051132202148 107.755325317383 118.341217041016 138.890747070312 152.498886108398 152.186477661133 152.182861328125 150.297637939453 142.961486816406 139.337249755859 139.337265014648 139.337265014648 139.337265014648 139.337249755859 -9999 139.337249755859 139.337249755859 139.337249755859 138.064559936523 125.952812194824 84.7928771972656 27.7908897399902 0.845146358013153 0.85833066701889 0.85833066701889 0.85833066701889 0.85833066701889 0.85833066701889 0.858330726623535 0.957878351211548 1.48863911628723
15.7347917556763 6.51246690750122 1.98690545558929 2.06376147270203 2.12042903900146 2.12711501121521 2.08923172950745 2.0358259677887 1.99748957157135 1.96612942218781 2.38238525390625 7.05208969116211 25.3062992095947 61.3801422119141 104.638084411621 104.638076782227 104.638076782227 104.638076782227 104.642265319824 105.11848449707 109.573661804199 124.974098205566 146.866653442383 155.737457275391 152.505783081055 152.182846069336 150.299926757812 142.962905883789 139.337249755859 139.337249755859 139.337249755859 139.337249755859 139.337249755859 -9999 139.33723449707 139.337249755859 139.337265014648 138.301132202148 127.788360595703 89.716926574707 31.9786262512207 0.845136284828186 0.85833066701889 0.85833066701889 0.85833066701889 0.85833066701889 0.85833066701889 0.85833066701889 0.872951686382294 1.00872015953064
11.5080499649048 4.55052280426025 1.9181387424469 1.9181387424469 1.9181387424469 1.91813862323761 1.91813862323761 1.91813862323761 1.9181387424469 1.9181387424469 2.59191656112671 8.98883628845215 30.5876235961914 66.2360153198242 105.19686126709 105.301536560059 105.751739501953 106.483627319336 107.124229431152 108.684524536133 117.382926940918 139.963348388672 162.057250976562 163.417846679688 156.253616333008 152.182846069336 150.303070068359 142.967193603516 139.337249755859 139.337249755859 139.337249755859 139.337249755859 139.337249755859 139.337249755859 139.337249755859 139.337249755859 139.336975097656 137.961624145508 125.932205200195 85.495002746582 28.6679744720459 0.845126271247864 0.85833066701889 0.85833066701889 0.85833066701889 0.85833066701889 0.858330726623535 0.858330726623535 0.859133660793304 0.876685321331024
7.25877809524536 2.96626925468445 1.9181387424469 1.9181387424469 1.9181387424469 1.9181387424469 1.9181387424469 1.9181387424469 1.9181387424469 1.9181387424469 2.41178941726685 7.60925054550171 27.6443252563477 -9999 112.27840423584 113.773895263672 119.919662475586 129.820037841797 137.671234130859 142.283721923828 149.730697631836 162.167938232422 171.980880737305 169.804794311523 161.161605834961 152.182861328125 150.305160522461 142.96794128418 139.337249755859 139.337249755859 139.337249755859 139.337249755859 139.337249755859 139.337249755859 139.337249755859 139.337249755859 139.288558959961 133.104797363281 112.742599487305 69.5947952270508 21.9586734771729 -9999 0.85833066701889 0.85833066701889 0.85833066701889 0.858330607414246 0.85833066701889 0.85833066701889 0.85833066701889 0.859198391437531
4.74868726730347 2.11914563179016 1.91813862323761 1.91813862323761 1.91813862323761 1.9181387424469 1.9181387424469 1.91813862323761 1.91813862323761 1.91813862323761 2.05223846435547 4.52813482284546 18.9772968292236 58.8393020629883 121.85954284668 125.277854919434 137.528915405273 155.520782470703 166.386932373047 169.176254272461 171.733505249023 173.878005981445 174.859832763672 172.436996459961 164.740081787109 152.336288452148 150.328079223633 142.970611572266 -9999 139.492279052734 139.643249511719 139.596267700195 139.400039672852 139.33723449707 139.33723449707 139.337249755859 138.582824707031 104.228965759277 61.3976669311523 27.6660346984863 -9999 0.845106184482574 0.85833066701889 0.85833066701889 0.85833066701889 0.85833066701889 0.85833066701889 0.85833066701889 0.85833066701889 0.858330607414246
4.19213390350342 1.93205809593201 1.91813862323761 1.92048943042755 1.93939197063446 1.98553550243378 2.00522041320801 1.95649945735931 1.91813862323761 1.91813862323761 1.94075071811676 3.36595892906189 14.5908241271973 51.7027053833008 125.952705383301 130.426940917969 145.200180053711 165.148254394531 174.539260864258 174.598587036133 174.596435546875 174.919692993164 175.204452514648 173.962860107422 169.131729125977 155.041625976562 151.177886962891 143.248962402344 139.88313293457 141.768920898438 145.776977539062 150.423416137695 152.741577148438 149.057022094727 141.916412353516 139.338088989258 137.763580322266 77.6629028320312 23.2373371124268 3.53864026069641 -9999 -9999 0.85833066701889 0.85833066701889 0.85833066701889 0.85833066701889 0.85833066701889 0.85833066701889 0.85833066701889 0.85833066701889
4.12829256057739 1.9181387424469 1.9181387424469 2.14947867393494 4.04210042953491 8.90174388885498 11.882137298584 8.12983989715576 3.59999346733093 2.11504507064819 2.10422492027283 4.89179706573486 19.6379318237305 58.9636306762695 126.437301635742 131.126434326172 146.113525390625 165.184921264648 172.004211425781 168.145248413086 164.874359130859 168.019287109375 173.877059936523 174.964797973633 173.450714111328 165.646011352539 159.198272705078 147.021133422852 141.498519897461 148.780349731445 185.443161010742 269.504455566406 343.724365234375 303.536315917969 196.352478027344 -9999 -9999 69.499885559082 15.1320466995239 0.803372740745544 0.81168133020401 0.845086097717285 0.85833066701889 0.858330726623535 0.85833066701889 0.858330726623535 0.858330726623535 0.858330726623535 0.85833066701889 0.858330726623535
