ssp1models/sc1gr21.5
NCOLS 261 
NROWS 433 
XLLCORNER 336357.134 
YLLCORNER 654653.479 
CELLSIZE 1000 
NODATA_value -9999 
[rows 396 to 417 of 433, columns 100 to 149 of 261]
385.204833984375 457.727325439453 492.263397216797 458.73486328125 411.140350341797 438.140930175781 572.203125 671.8466796875 415.481811523438 341.9462890625 327.799774169922 309.930084228516 284.319671630859 245.558639526367 208.123565673828 191.010284423828 201.363571166992 253.227813720703 348.584075927734 452.995300292969 420.427459716797 394.185089111328 402.315643310547 440.232177734375 501.947021484375 571.72900390625 615.109252929688 626.084228515625 588.327026367188 509.888610839844 443.634185791016 359.760650634766 341.074737548828 348.000061035156 391.059143066406 458.345428466797 570.651000976562 688.683776855469 676.907165527344 555.314575195312 428.524444580078 329.572326660156 242.331298828125 244.827651977539 274.151123046875 297.231048583984 306.859558105469 297.689453125 277.046264648438 267.875640869141
366.779388427734 442.015045166016 502.512725830078 506.160217285156 435.252044677734 378.971832275391 434.557891845703 599.693725585938 500.566741943359 338.038848876953 288.987121582031 253.685562133789 227.505462646484 217.494918823242 220.023559570312 230.855590820312 252.459777832031 293.517944335938 346.401641845703 374.777923583984 357.987457275391 353.456024169922 372.413208007812 445.398651123047 574.045959472656 677.032592773438 675.199035644531 595.408447265625 483.464813232422 377.502105712891 320.228942871094 322.873291015625 356.833709716797 402.650421142578 449.186737060547 495.535919189453 573.474670410156 658.193908691406 662.137634277344 552.781494140625 396.612518310547 299.468566894531 260.402862548828 265.154205322266 280.2275390625 277.806488037109 249.108444213867 207.20475769043 172.505386352539 164.385177612305
225.018600463867 291.72607421875 356.906066894531 432.436340332031 482.764099121094 476.381439208984 464.182281494141 444.185638427734 291.241455078125 243.481094360352 199.63981628418 174.512878417969 186.879776000977 221.802154541016 260.958160400391 315.112854003906 364.708953857422 347.584197998047 279.614959716797 232.351470947266 261.520355224609 301.834045410156 310.666748046875 328.21923828125 417.884552001953 517.298828125 501.702056884766 397.149749755859 313.108673095703 267.119079589844 232.293991088867 225.715789794922 287.931671142578 329.069976806641 351.963836669922 373.049499511719 373.824066162109 360.299499511719 338.952056884766 309.569427490234 288.130584716797 291.999755859375 294.871307373047 269.394744873047 226.519317626953 186.908843994141 166.462478637695 162.290985107422 173.753494262695 184.304244995117
141.296188354492 176.052581787109 266.557647705078 376.677185058594 463.705139160156 480.167846679688 439.937377929688 393.216461181641 291.263519287109 240.467880249023 188.147262573242 169.765060424805 186.071166992188 213.155166625977 242.769241333008 268.877624511719 280.061859130859 271.470703125 254.885757446289 232.682342529297 263.998443603516 337.946228027344 389.871368408203 386.419342041016 384.357330322266 405.49853515625 388.900085449219 321.126190185547 275.973693847656 268.511199951172 232.518661499023 -9999 257.782653808594 325.117431640625 353.403076171875 369.761566162109 400.005828857422 441.585906982422 416.686187744141 313.851379394531 263.853576660156 299.919555664062 317.981506347656 292.256683349609 251.552383422852 200.48747253418 183.022537231445 208.410537719727 236.228851318359 235.263565063477
73.2114181518555 86.0745086669922 199.363967895508 372.099182128906 481.282073974609 505.820251464844 484.729827880859 426.867126464844 299.324645996094 257.884460449219 213.507385253906 187.418762207031 186.718505859375 202.883163452148 226.724456787109 242.603302001953 269.379150390625 323.326263427734 344.240447998047 274.406921386719 320.183898925781 394.251983642578 425.978729248047 424.240966796875 434.622497558594 436.640686035156 401.35791015625 341.851806640625 348.165618896484 453.437652587891 468.735656738281 188.280639648438 -9999 309.609924316406 336.288116455078 347.177032470703 374.67822265625 421.412567138672 417.260437011719 330.746704101562 272.800842285156 296.715637207031 327.110229492188 332.872863769531 320.662567138672 263.793579101562 234.676788330078 270.942535400391 286.481353759766 267.537689208984
43.6673316955566 61.273609161377 191.59228515625 406.057952880859 533.993896484375 561.229370117188 553.0517578125 487.67626953125 285.442626953125 238.89306640625 197.516632080078 173.113327026367 168.75358581543 183.96403503418 217.118362426758 253.863723754883 313.651885986328 386.546997070312 418.807983398438 392.276550292969 412.030792236328 418.361572265625 395.387084960938 399.248352050781 455.306304931641 519.304443359375 525.430969238281 435.977203369141 357.887481689453 398.870758056641 436.995208740234 264.807220458984 255.395172119141 287.484069824219 304.783233642578 321.735778808594 357.018951416016 410.773651123047 416.321472167969 332.522033691406 280.360656738281 320.299682617188 385.201110839844 377.106506347656 356.963775634766 323.585784912109 301.468383789062 302.293609619141 288.771728515625 274.216064453125
37.8865928649902 54.8507957458496 193.104400634766 438.870269775391 600.875183105469 617.249877929688 544.290588378906 431.202178955078 246.215148925781 206.148086547852 165.92919921875 148.140808105469 156.841934204102 181.619964599609 211.703674316406 247.313491821289 311.445251464844 379.403015136719 415.550689697266 450.627593994141 443.792724609375 403.53271484375 361.083618164062 355.140319824219 386.416076660156 453.861083984375 513.517822265625 465.714874267578 356.458953857422 303.867736816406 312.351013183594 340.695098876953 343.236145019531 353.417114257812 339.955993652344 349.890258789062 394.691497802734 444.351623535156 430.949066162109 328.072235107422 278.163726806641 344.31298828125 444.141326904297 409.092590332031 357.0107421875 322.933013916016 317.016357421875 295.943572998047 268.444061279297 275.332489013672
37.4589614868164 51.9156532287598 182.28466796875 404.971405029297 533.514404296875 536.217407226562 479.670104980469 395.266265869141 230.199722290039 191.405120849609 163.882293701172 157.714141845703 172.088180541992 192.043823242188 208.41455078125 228.033630371094 266.674163818359 318.702362060547 365.924682617188 428.804962158203 419.349090576172 375.697296142578 330.485595703125 304.813690185547 302.442077636719 350.089904785156 455.563079833984 521.421569824219 504.284576416016 435.020874023438 337.858825683594 361.288696289062 404.771881103516 396.255737304688 356.884765625 369.799377441406 434.683135986328 479.323547363281 447.529541015625 362.009674072266 344.678955078125 436.147552490234 483.833282470703 391.946044921875 321.369903564453 282.508361816406 292.193817138672 287.662994384766 283.070770263672 305.895355224609
45.2709884643555 70.3222579956055 207.109237670898 398.532989501953 482.08154296875 471.895629882812 447.202301025391 402.845825195312 246.115737915039 207.46159362793 191.52912902832 187.12841796875 190.489974975586 196.923309326172 208.508529663086 233.161666870117 277.690216064453 328.165740966797 358.128723144531 398.024566650391 394.167846679688 355.482208251953 303.845153808594 248.900695800781 216.846588134766 277.467620849609 437.362396240234 563.960327148438 609.95556640625 591.762939453125 470.222961425781 359.741149902344 368.901550292969 354.125793457031 337.664031982422 358.201019287109 421.410247802734 472.978057861328 471.435394287109 444.486511230469 445.864379882812 500.34814453125 440.075897216797 294.588256835938 248.441543579102 226.91569519043 234.574005126953 253.578384399414 293.864288330078 363.328033447266
111.424377441406 132.549423217773 281.295654296875 426.990936279297 473.551177978516 464.559143066406 458.163940429688 434.026824951172 287.147369384766 252.019500732422 232.348724365234 217.770309448242 212.917892456055 216.32177734375 234.044494628906 280.383178710938 353.830993652344 403.391845703125 404.394378662109 402.456481933594 392.137298583984 362.048675537109 323.162872314453 261.005493164062 211.679168701172 267.577301025391 419.277587890625 554.14501953125 646.941223144531 684.013671875 600.421752929688 366.244842529297 360.748138427734 376.158477783203 382.747039794922 404.91259765625 487.512084960938 566.000671386719 542.529968261719 471.048400878906 425.978942871094 405.847351074219 316.826171875 235.493453979492 216.392623901367 209.720260620117 217.883071899414 260.732757568359 336.69482421875 423.876831054688
250.567977905273 171.035049438477 251.675445556641 370.414245605469 439.028411865234 467.641815185547 493.557922363281 497.019378662109 349.478668212891 300.299163818359 298.171844482422 315.240295410156 323.595153808594 299.090026855469 273.913818359375 302.043243408203 385.223297119141 452.147583007812 469.525482177734 473.480102539062 444.896148681641 413.601531982422 376.952239990234 315.997894287109 264.789886474609 289.229736328125 395.288787841797 578.107788085938 812.812866210938 913.51513671875 792.693786621094 442.331451416016 388.909545898438 408.391448974609 418.684814453125 442.325286865234 546.6357421875 672.340087890625 642.383850097656 477.465301513672 371.869598388672 339.632873535156 255.139907836914 231.319595336914 230.793243408203 225.2421875 222.993682861328 260.153106689453 339.468017578125 419.160461425781
380.118560791016 234.106353759766 223.742568969727 302.791931152344 391.339202880859 478.964996337891 568.750671386719 580.099060058594 412.211181640625 369.372436523438 377.988983154297 424.254455566406 442.091522216797 396.755554199219 338.851104736328 355.152282714844 490.521697998047 618.789489746094 639.320007324219 724.143371582031 627.276489257812 497.187652587891 416.404846191406 339.983367919922 286.064483642578 278.393615722656 346.852294921875 562.718078613281 939.520263671875 1230.12951660156 1144.05529785156 538.81396484375 432.189453125 408.494476318359 412.943420410156 445.481872558594 513.359741210938 572.799560546875 534.513122558594 419.741729736328 356.965209960938 332.676177978516 253.362640380859 251.220901489258 281.473052978516 270.7939453125 227.876937866211 233.625091552734 283.099884033203 345.578369140625
487.260711669922 381.836608886719 315.759002685547 328.856811523438 382.680145263672 477.437286376953 601.855163574219 617.702880859375 448.392913818359 433.539794921875 461.740570068359 511.758514404297 538.981323242188 566.832702636719 573.029907226562 514.005249023438 549.817138671875 669.803894042969 701.113342285156 742.263122558594 647.934204101562 502.214324951172 404.066864013672 338.906341552734 314.2392578125 341.999572753906 435.433074951172 618.789123535156 921.483764648438 1199.79150390625 1112.16772460938 516.437072753906 419.175445556641 378.421905517578 385.446411132812 445.528533935547 574.686706542969 684.732543945312 578.471008300781 374.131896972656 343.417327880859 336.269500732422 256.67578125 266.936309814453 332.337310791016 323.254241943359 244.663940429688 218.129531860352 226.472900390625 262.611053466797
562.203063964844 531.9296875 535.291198730469 560.632019042969 565.689208984375 578.555480957031 636.815673828125 639.599975585938 472.149322509766 478.896514892578 512.747314453125 536.692321777344 541.184753417969 576.432373046875 609.673889160156 580.91455078125 603.143493652344 650.805847167969 619.015991210938 571.76318359375 525.324157714844 466.141143798828 413.906982421875 377.051940917969 397.543884277344 460.270263671875 527.927734375 598.74609375 709.870178222656 826.281127929688 758.469116210938 414.145141601562 330.509857177734 307.604217529297 338.256683349609 414.961883544922 517.566162109375 591.819885253906 531.049011230469 379.679779052734 342.700622558594 344.130645751953 238.57160949707 242.160659790039 308.280181884766 329.897979736328 296.023742675781 271.763977050781 248.387573242188 251.457626342773
526.179748535156 543.497436523438 626.504638671875 638.908996582031 654.992614746094 902.510070800781 1173.44970703125 983.003112792969 411.968811035156 373.383575439453 392.915679931641 450.788604736328 567.894592285156 703.516723632812 704.723388671875 595.378173828125 496.605438232422 426.97119140625 381.7529296875 361.929626464844 379.746002197266 438.958190917969 524.005249023438 525.183349609375 445.203125 410.995056152344 464.272125244141 543.110778808594 568.442687988281 514.976257324219 444.888275146484 334.290100097656 284.068634033203 295.910034179688 332.995300292969 337.797973632812 328.162933349609 319.49755859375 312.174835205078 294.108978271484 274.335357666016 268.346923828125 235.687927246094 252.601623535156 299.105987548828 319.950439453125 295.659545898438 263.998199462891 239.82746887207 291.390502929688
459.470397949219 470.810241699219 551.593078613281 643.540588378906 798.446228027344 1062.24816894531 1190.71459960938 923.711120605469 349.362884521484 314.996429443359 331.448059082031 397.907135009766 572.123046875 762.366149902344 723.908264160156 527.406799316406 445.136688232422 465.057922363281 432.017913818359 356.478668212891 403.658355712891 478.893218994141 548.498046875 534.964782714844 465.823699951172 428.170349121094 450.316070556641 499.317687988281 513.097473144531 455.867980957031 367.662414550781 274.371765136719 256.526184082031 266.943298339844 304.147918701172 316.200866699219 283.063598632812 252.716796875 241.827651977539 239.787002563477 242.147720336914 251.976028442383 274.320190429688 285.586700439453 313.8291015625 318.498229980469 280.610443115234 236.96711730957 217.837448120117 295.235687255859
421.887054443359 384.238861083984 423.069396972656 573.644958496094 834.803649902344 1066.32629394531 1078.28735351562 830.877380371094 385.813934326172 356.901000976562 340.28564453125 356.856750488281 457.730224609375 573.904846191406 552.284729003906 463.073272705078 480.008605957031 520.576599121094 479.694854736328 490.567657470703 568.225646972656 589.44189453125 586.841979980469 566.510192871094 519.589721679688 484.495910644531 457.016174316406 424.978546142578 401.970489501953 358.711700439453 305.709014892578 304.796081542969 319.651245117188 305.022155761719 304.574127197266 310.480194091797 271.396331787109 237.251586914062 244.713043212891 255.703399658203 257.299713134766 268.947174072266 288.274536132812 271.253723144531 279.703918457031 294.355621337891 293.057525634766 290.295562744141 326.190826416016 446.637268066406
437.987335205078 363.657409667969 357.619476318359 487.010192871094 755.996887207031 1023.35925292969 1060.58862304688 819.508361816406 424.701293945312 382.053253173828 359.135864257812 367.445037841797 454.110107421875 553.073425292969 571.58544921875 612.713195800781 706.810241699219 691.727478027344 620.433898925781 661.726318359375 763.165893554688 792.447814941406 746.357727050781 706.650024414062 641.602355957031 546.950439453125 455.951629638672 386.793395996094 355.097442626953 322.795135498047 302.751739501953 320.781402587891 330.267486572266 321.983276367188 325.111328125 347.259429931641 345.779022216797 318.585021972656 295.883148193359 287.947174072266 278.363006591797 270.929840087891 270.853576660156 242.038589477539 235.158264160156 256.344146728516 304.317199707031 389.488311767578 535.645324707031 672.060668945312
299.563323974609 302.334075927734 311.714691162109 434.921630859375 716.031982421875 973.881225585938 1012.26989746094 821.813842773438 443.488983154297 412.583099365234 394.663665771484 395.370727539062 497.914794921875 641.814819335938 741.243774414062 825.190063476562 828.802429199219 734.327819824219 652.656433105469 675.910400390625 844.185791015625 957.088256835938 960.289245605469 973.468872070312 918.68603515625 736.691040039062 574.054138183594 460.133666992188 390.583038330078 367.067047119141 362.423156738281 329.4482421875 318.004241943359 348.016510009766 403.317504882812 444.231658935547 435.976501464844 369.765502929688 308.103881835938 302.113525390625 282.265716552734 252.506225585938 238.689010620117 221.614471435547 216.169494628906 240.728881835938 324.700561523438 477.630462646484 657.172485351562 726.708618164062
206.48225402832 258.245819091797 308.594818115234 385.8740234375 584.87060546875 796.593566894531 812.870727539062 674.39599609375 409.169281005859 350.475219726562 366.428405761719 438.272918701172 533.928527832031 682.581787109375 883.175109863281 1017.76477050781 920.69580078125 771.113220214844 706.227294921875 552.687927246094 701.800903320312 834.067565917969 909.376892089844 990.186157226562 978.782348632812 837.131713867188 695.731994628906 546.551452636719 449.259948730469 465.384094238281 499.746704101562 398.69384765625 364.375610351562 442.102081298828 541.564086914062 554.530212402344 487.585205078125 390.464630126953 310.911285400391 286.163360595703 252.601013183594 219.988433837891 224.201232910156 230.480926513672 244.66325378418 295.934204101562 392.739532470703 480.505126953125 525.467529296875 493.125305175781
190.082321166992 243.296020507812 339.060516357422 424.382415771484 558.004821777344 720.532287597656 762.275939941406 702.610656738281 491.084381103516 382.676055908203 455.197448730469 608.880859375 642.218933105469 718.395263671875 889.690612792969 974.424865722656 901.331298828125 777.350708007812 671.270141601562 566.751403808594 645.603149414062 723.566833496094 840.511596679688 929.279296875 880.2294921875 759.064331054688 650.685729980469 538.362182617188 480.767608642578 513.193603515625 562.646179199219 479.060211181641 454.516296386719 563.088317871094 685.554565429688 634.333374023438 478.891296386719 372.106781005859 310.120788574219 290.324035644531 234.227767944336 182.20964050293 240.068801879883 294.016021728516 338.345245361328 396.537109375 439.428771972656 415.532836914062 364.496185302734 300.885467529297
267.824554443359 271.069854736328 346.708709716797 446.246215820312 572.442016601562 696.448852539062 742.691162109375 693.250427246094 481.355621337891 451.32177734375 536.841735839844 642.331115722656 680.268859863281 799.95849609375 1002.00860595703 1069.04614257812 960.432739257812 764.437805175781 546.992126464844 554.944213867188 636.273254394531 703.433166503906 794.852661132812 846.881896972656 857.528564453125 824.21484375 668.523132324219 519.321960449219 496.106872558594 499.647216796875 489.005737304688 491.668273925781 565.292907714844 680.705139160156 729.329956054688 606.274169921875 407.217437744141 311.618560791016 336.213958740234 382.100555419922 325.845733642578 215.307876586914 257.523651123047 339.951324462891 402.960815429688 435.200866699219 431.383422851562 398.932342529297 342.231872558594 273.141967773438
