ssp1models/sc1gr21.19
NCOLS 261 
NROWS 433 
XLLCORNER 336357.134 
YLLCORNER 654653.479 
CELLSIZE 1000 
NODATA_value -9999 
[rows 345 to 367 of 433, columns 50 to 99 of 261]
1903.1748046875 2074.99145507812 1888.0078125 1609.18579101562 1474.95971679688 1467.52429199219 1626.60485839844 1544.58557128906 1563.65466308594 2001.40222167969 2189.38256835938 1988.00256347656 1574.50122070312 558.148620605469 560.217590332031 599.299255371094 467.963500976562 358.726959228516 292.399993896484 244.342910766602 240.665740966797 245.943145751953 308.793518066406 422.358001708984 471.763549804688 330.740509033203 244.886001586914 208.685531616211 189.839920043945 178.390899658203 187.148910522461 262.987884521484 384.879455566406 439.857727050781 427.778747558594 402.570373535156 350.994354248047 348.175445556641 353.770874023438 384.433715820312 471.308715820312 649.573608398438 859.457092285156 967.707336425781 1016.94738769531 1079.60034179688 1112.83947753906 983.889221191406 773.582885742188 557.573425292969
1959.24096679688 3148.98583984375 2777.53515625 1762.50817871094 1477.8076171875 1271.94946289062 1215.79162597656 1142.29650878906 1103.26611328125 1566.55590820312 2035.63403320312 1873.97375488281 1328.39025878906 498.684539794922 438.273773193359 429.14990234375 391.0576171875 364.896697998047 322.314056396484 254.501037597656 210.64875793457 199.919128417969 235.322525024414 317.987854003906 363.768524169922 290.395141601562 240.657928466797 215.092193603516 197.291702270508 179.141204833984 173.525161743164 200.609741210938 292.175262451172 393.367828369141 427.327880859375 413.813629150391 336.7509765625 324.786224365234 332.234558105469 366.583068847656 442.627685546875 567.321899414062 766.388916015625 991.0244140625 1153.03942871094 1227.14489746094 1228.33166503906 920.091735839844 719.887329101562 565.832458496094
1577.35498046875 3894.30297851562 3092.83569335938 1510.86169433594 1159.203125 1096.94519042969 1133.6279296875 1021.30535888672 858.476257324219 1072.2236328125 1328.88879394531 1349.41418457031 1197.7490234375 517.162048339844 415.537445068359 406.788360595703 398.309143066406 390.308227539062 368.608520507812 304.000640869141 238.958877563477 221.713912963867 245.733779907227 287.717987060547 299.193328857422 243.886947631836 226.018859863281 217.243209838867 194.714538574219 160.789108276367 144.196914672852 152.81950378418 193.732833862305 263.15283203125 335.192962646484 381.410675048828 337.461334228516 317.201721191406 332.761810302734 377.533233642578 435.802551269531 510.007385253906 724.481811523438 1090.07641601562 1422.13537597656 1600.98327636719 1630.2705078125 1355.73803710938 1149.35620117188 793.089782714844
966.782043457031 1950.80822753906 1408.45593261719 853.124145507812 820.344482421875 901.906555175781 1034.26013183594 956.698608398438 774.867980957031 913.255615234375 1141.10949707031 1217.25915527344 1136.12023925781 514.709289550781 418.787231445312 404.614105224609 371.129241943359 361.004577636719 371.770355224609 346.148620605469 294.240020751953 295.424865722656 344.783020019531 346.392852783203 289.704864501953 223.463043212891 218.920562744141 213.614532470703 181.690536499023 135.241928100586 114.703277587891 120.202789306641 142.606109619141 187.281616210938 262.193145751953 336.130157470703 331.923156738281 308.267791748047 316.275115966797 365.413757324219 426.896636962891 476.955352783203 646.823303222656 972.9228515625 1383.42224121094 1849.75268554688 2218.6103515625 3239.78759765625 3079.40234375 1674.91296386719
727.621765136719 938.696838378906 772.884033203125 671.672241210938 733.86865234375 899.221984863281 1054.91137695312 932.137390136719 728.103942871094 744.628662109375 862.135009765625 965.91650390625 1006.41333007812 506.447174072266 435.300018310547 450.510681152344 389.619720458984 342.536163330078 361.192932128906 440.225067138672 545.229736328125 577.780517578125 522.474914550781 407.621826171875 287.566864013672 219.145248413086 216.808349609375 202.382019042969 162.179443359375 121.235786437988 106.07878112793 108.711036682129 127.016662597656 159.679641723633 217.635162353516 295.7470703125 323.080413818359 300.940521240234 302.727081298828 344.681488037109 409.323974609375 459.246246337891 541.794189453125 684.012023925781 1010.93804931641 1760.0078125 2560.53833007812 3614.9326171875 3111.21948242188 1840.88781738281
756.079528808594 731.920349121094 848.270751953125 750.118103027344 619.658020019531 708.768005371094 926.163513183594 874.787109375 692.761413574219 743.77001953125 866.89013671875 879.609741210938 781.862670898438 404.796203613281 414.255218505859 495.456390380859 453.144226074219 355.862213134766 348.819641113281 482.81982421875 639.015380859375 625.571411132812 489.005889892578 354.736785888672 265.681121826172 220.427062988281 217.592803955078 209.758056640625 181.588531494141 140.056304931641 113.344673156738 114.09944152832 134.256134033203 156.409942626953 190.500701904297 253.438140869141 281.124694824219 280.136779785156 308.203338623047 339.481964111328 388.966552734375 476.459899902344 626.828430175781 760.131591796875 870.050476074219 1487.40783691406 2520.48193359375 2904.15405273438 2192.89086914062 1448.57958984375
1257.091796875 867.643798828125 764.157897949219 696.521545410156 610.747192382812 638.400451660156 765.455383300781 786.10595703125 729.148620605469 850.141967773438 950.956359863281 801.876403808594 592.172790527344 363.682434082031 375.935699462891 391.667602539062 337.789306640625 270.485687255859 277.069396972656 373.038604736328 452.452087402344 543.844787597656 681.019836425781 700.534484863281 576.297607421875 273.0244140625 204.369430541992 174.544967651367 146.585540771484 131.73307800293 141.497268676758 164.290008544922 181.045715332031 193.210037231445 226.251113891602 274.972900390625 256.248931884766 222.681442260742 230.306213378906 272.512084960938 473.436492919922 701.268310546875 696.074768066406 711.726440429688 861.936279296875 986.059997558594 1022.00830078125 959.138427734375 815.446838378906 742.788940429688
1376.60888671875 898.009582519531 670.438232421875 582.744995117188 544.971801757812 598.536010742188 738.627685546875 799.674926757812 733.811279296875 781.643127441406 841.997802734375 771.550537109375 598.867614746094 340.396636962891 320.272155761719 280.994842529297 240.628524780273 221.655517578125 256.301116943359 346.642456054688 473.134521484375 713.985595703125 1001.78680419922 1018.626953125 770.514465332031 356.272186279297 217.011032104492 145.502578735352 124.65315246582 122.116821289062 131.860198974609 152.680114746094 173.628219604492 191.113494873047 222.334426879883 272.611755371094 295.321411132812 241.680053710938 213.43115234375 228.827484130859 331.939147949219 498.681365966797 565.700317382812 584.4013671875 692.611022949219 792.831848144531 779.606689453125 617.458923339844 599.294067382812 661.041076660156
1440.85974121094 970.76513671875 823.292114257812 778.869201660156 653.912292480469 591.427978515625 628.223876953125 635.572326660156 582.689514160156 624.496337890625 763.639892578125 786.393859863281 590.519104003906 396.63134765625 360.997772216797 284.064300537109 234.855941772461 219.945861816406 270.527496337891 367.455871582031 492.350982666016 595.510925292969 611.15185546875 535.2216796875 443.412292480469 355.642181396484 250.271926879883 151.3330078125 118.233528137207 116.129653930664 116.15860748291 122.134719848633 139.276077270508 167.27424621582 198.901229858398 245.129928588867 322.975372314453 305.593536376953 281.022216796875 258.238098144531 252.173873901367 301.669982910156 371.763519287109 437.316467285156 531.178833007812 597.570556640625 612.400573730469 517.024780273438 472.451080322266 528.831970214844
1825.08984375 1187.88671875 862.169006347656 837.275756835938 720.932861328125 585.270141601562 507.177398681641 494.430694580078 500.486602783203 632.257751464844 825.387756347656 790.600158691406 566.18994140625 549.691467285156 500.793304443359 370.202941894531 283.193634033203 239.819061279297 268.977355957031 357.451843261719 410.502288818359 370.299774169922 287.244689941406 228.093368530273 208.003433227539 213.665298461914 186.966934204102 158.546630859375 137.071838378906 117.880752563477 109.831756591797 110.436485290527 117.349533081055 135.439697265625 165.618698120117 209.136962890625 306.560333251953 327.168334960938 328.758880615234 304.734649658203 274.619506835938 279.282867431641 305.916870117188 337.866516113281 399.010803222656 466.02099609375 507.608276367188 500.325592041016 446.992309570312 444.549560546875
1550.48095703125 1079.26159667969 773.453918457031 743.485229492188 637.521667480469 498.026000976562 415.604461669922 411.363708496094 444.826751708984 598.211120605469 720.133239746094 625.736206054688 465.830718994141 640.718200683594 600.545776367188 439.067840576172 316.222351074219 254.947830200195 278.408843994141 366.257843017578 411.530151367188 372.247650146484 269.482513427734 169.763305664062 148.151077270508 189.024810791016 206.243041992188 208.594848632812 171.152038574219 129.854614257812 114.467712402344 109.890670776367 108.943168640137 114.927627563477 141.612838745117 184.363586425781 265.472564697266 300.521820068359 304.766418457031 277.850189208984 260.197204589844 276.126739501953 292.560852050781 285.956756591797 294.895294189453 354.936614990234 427.099334716797 500.884490966797 486.022277832031 453.313323974609
2399.88012695312 1294.54211425781 715.107177734375 756.583068847656 711.288269042969 527.991821289062 381.683319091797 334.844329833984 326.571319580078 402.406829833984 489.049346923828 472.933074951172 408.792449951172 503.354339599609 463.469024658203 389.152679443359 317.322784423828 265.360443115234 294.187042236328 372.813079833984 428.677795410156 419.937622070312 289.216644287109 135.809432983398 94.6001815795898 233.015167236328 260.461181640625 251.497695922852 224.573455810547 202.805084228516 178.203567504883 136.622116088867 112.749694824219 110.814750671387 133.122192382812 176.138458251953 231.022613525391 255.553970336914 252.555313110352 223.548721313477 201.811859130859 211.334625244141 235.868576049805 242.012390136719 247.975326538086 299.92236328125 382.985046386719 521.498779296875 513.841064453125 471.120330810547
2326.86376953125 1514.55346679688 762.525756835938 637.908874511719 573.471252441406 488.617492675781 415.63671875 355.364135742188 301.490905761719 324.618896484375 385.070983886719 403.426696777344 394.977264404297 418.514923095703 374.79931640625 330.838195800781 285.180908203125 261.289093017578 274.445861816406 318.449737548828 409.547790527344 460.822357177734 335.426452636719 150.897994995117 79.5158538818359 234.770980834961 274.373382568359 264.901214599609 251.287582397461 235.660003662109 213.53288269043 189.765502929688 170.959503173828 144.975372314453 127.865280151367 151.095336914062 211.503616333008 219.851898193359 210.634246826172 181.068740844727 155.630966186523 155.746170043945 179.688217163086 214.66081237793 263.139892578125 324.990814208984 386.930633544922 612.086791992188 687.346252441406 660.99365234375
2009.97180175781 1575.99792480469 1005.0029296875 684.241333007812 538.569641113281 470.017456054688 412.663299560547 350.809020996094 313.435791015625 337.447265625 375.315216064453 393.217315673828 417.090454101562 474.958953857422 395.361297607422 305.885589599609 269.250823974609 317.152618408203 383.041046142578 446.863311767578 568.785705566406 592.139343261719 436.747589111328 237.617004394531 108.477783203125 208.110397338867 263.363800048828 254.941040039062 220.060760498047 184.590774536133 177.109344482422 197.740585327148 219.921951293945 203.974166870117 149.359939575195 121.60083770752 160.910873413086 174.817428588867 179.974517822266 161.128784179688 140.83024597168 138.423263549805 152.77165222168 205.851501464844 292.425811767578 354.937622070312 384.686126708984 611.9013671875 775.023010253906 822.7978515625
2755.56518554688 2074.177734375 1434.93774414062 1105.57702636719 785.585327148438 518.355651855469 395.755157470703 340.667633056641 326.891906738281 353.273956298828 376.836151123047 439.307159423828 539.389587402344 497.362121582031 401.925842285156 332.221801757812 352.725891113281 438.873291015625 589.865051269531 665.957885742188 662.101623535156 642.6962890625 507.713592529297 281.522033691406 118.721618652344 156.103515625 238.549270629883 260.382385253906 231.595001220703 188.539962768555 161.142181396484 171.078979492188 214.598434448242 235.64079284668 182.916259765625 116.993278503418 114.248825073242 128.051742553711 142.069915771484 144.895904541016 140.91438293457 140.102874755859 145.58674621582 176.273986816406 245.775238037109 321.619842529297 365.726104736328 467.184204101562 587.752502441406 674.875122070312
3741.96606445312 2300.22314453125 1859.37475585938 1525.90124511719 934.524475097656 598.427795410156 499.501220703125 410.890808105469 346.308990478516 339.527282714844 353.199157714844 419.187652587891 460.617828369141 366.142547607422 387.725250244141 446.587799072266 504.340545654297 551.734497070312 726.773742675781 789.061889648438 647.718872070312 576.846130371094 532.015930175781 363.288665771484 188.295135498047 155.085662841797 223.783203125 268.127807617188 272.991821289062 259.146820068359 225.757247924805 185.888168334961 178.597244262695 190.059051513672 160.683059692383 111.107841491699 99.2904815673828 108.858215332031 123.130462646484 138.129135131836 143.81884765625 140.768005371094 138.966567993164 150.169448852539 194.360427856445 271.357238769531 331.417999267578 361.665344238281 400.644256591797 462.716644287109
4834.0537109375 2415.9990234375 2158.17236328125 2018.06958007812 1676.35217285156 1155.48278808594 812.041320800781 603.792907714844 421.578643798828 344.930938720703 360.951843261719 411.420623779297 367.566558837891 310.651885986328 434.939208984375 511.092895507812 529.875549316406 581.997863769531 717.814758300781 761.611267089844 669.769409179688 579.137329101562 479.950134277344 329.972442626953 212.367233276367 186.878402709961 218.472259521484 259.233245849609 286.115203857422 299.687683105469 297.543029785156 253.566970825195 186.253967285156 146.451797485352 127.794609069824 111.983787536621 103.607887268066 108.169502258301 118.270317077637 134.226516723633 143.762878417969 138.469375610352 128.754409790039 134.28532409668 178.854202270508 252.773986816406 304.414764404297 331.392608642578 338.102966308594 354.680450439453
3372.845703125 2657.39868164062 2104.32177734375 1683.09204101562 1539.25439453125 1456.72778320312 1246.86755371094 1003.75640869141 795.671813964844 514.346740722656 288.094055175781 238.809020996094 286.177337646484 340.531860351562 410.312438964844 408.389038085938 348.934295654297 350.616424560547 416.221160888672 553.517944335938 695.931518554688 684.776184082031 522.423950195312 361.606079101562 282.452117919922 285.399963378906 321.954742431641 345.011322021484 333.371795654297 324.411376953125 344.287261962891 351.530151367188 290.519592285156 196.427017211914 145.292556762695 135.118560791016 130.007995605469 127.175422668457 135.794937133789 164.346176147461 179.461044311523 162.927062988281 147.983612060547 161.163009643555 199.611740112305 242.243988037109 277.402496337891 313.445648193359 302.092346191406 288.510223388672
3393.44287109375 2441.47680664062 1240.48937988281 1169.41271972656 1343.88757324219 1420.81164550781 1268.85363769531 1012.22711181641 719.005432128906 410.147674560547 217.201553344727 240.53532409668 425.132354736328 493.567413330078 480.654541015625 460.176116943359 496.886627197266 561.964599609375 631.541625976562 791.584716796875 956.134216308594 921.431762695312 657.034118652344 411.127960205078 324.564605712891 337.467956542969 411.090301513672 454.460906982422 404.000610351562 341.096313476562 362.991302490234 407.014984130859 345.550201416016 230.495651245117 167.539321899414 143.154708862305 130.038711547852 129.497085571289 137.466949462891 165.296661376953 184.947616577148 170.490509033203 162.882797241211 192.314361572266 235.238723754883 283.0341796875 375.859313964844 496.302001953125 400.42529296875 330.615875244141
3104.46826171875 2480.49169921875 1092.16174316406 848.205810546875 872.882507324219 899.834716796875 1088.95654296875 1111.24011230469 811.019958496094 456.8447265625 251.04328918457 224.885971069336 419.635162353516 671.08056640625 686.108093261719 689.593566894531 771.524719238281 884.028137207031 902.427734375 923.497375488281 987.105834960938 926.844482421875 694.713195800781 468.096832275391 362.93212890625 335.427307128906 411.527252197266 502.866455078125 473.148986816406 368.331451416016 345.603363037109 385.796417236328 358.240631103516 275.295318603516 195.903518676758 129.862213134766 110.929946899414 123.311828613281 132.462341308594 151.657012939453 177.683410644531 182.361877441406 185.806198120117 220.117492675781 289.117828369141 394.766845703125 543.164367675781 659.414245605469 514.865539550781 399.052368164062
3317.02661132812 2609.3212890625 1240.10632324219 966.155212402344 833.698791503906 761.179321289062 952.824401855469 1024.79895019531 819.958740234375 620.863403320312 514.495544433594 371.420684814453 383.317413330078 982.178649902344 1289.05212402344 1372.033203125 1184.98522949219 1020.43646240234 934.800170898438 871.774536132812 844.300354003906 762.531188964844 618.049560546875 481.349853515625 391.743743896484 369.383270263672 471.405487060547 603.417846679688 580.572143554688 417.896148681641 314.897674560547 295.266021728516 273.424163818359 249.876113891602 206.716018676758 125.859992980957 79.7664947509766 103.60619354248 124.312400817871 139.693557739258 166.87190246582 193.845108032227 213.984527587891 262.758941650391 363.053192138672 481.035858154297 588.809020996094 633.116516113281 508.115203857422 404.852874755859
-9999 2815.53515625 1481.40100097656 1245.06066894531 1064.46765136719 841.232604980469 736.529174804688 714.683227539062 682.260620117188 661.641723632812 649.982543945312 580.460876464844 524.224853515625 949.078857421875 1385.45971679688 1591.60192871094 1324.27294921875 943.572814941406 743.62646484375 676.879028320312 658.612426757812 637.702819824219 607.781494140625 578.169982910156 491.274383544922 450.18310546875 599.577941894531 714.784301757812 692.902038574219 521.405822753906 343.498260498047 267.910339355469 245.008270263672 235.13249206543 217.329544067383 151.369323730469 63.3208503723145 82.5618133544922 111.538734436035 129.844116210938 146.364028930664 172.083770751953 206.785461425781 286.021667480469 410.584991455078 500.069763183594 522.03173828125 470.268341064453 412.53076171875 370.462646484375
-9999 2606.13549804688 1841.53759765625 1488.49829101562 1200.38415527344 892.354919433594 653.285522460938 541.112976074219 621.768676757812 796.378723144531 883.307312011719 885.402465820312 761.124206542969 731.373840332031 1119.00476074219 1399.20043945312 1187.08984375 859.957641601562 640.758361816406 472.440734863281 434.205230712891 492.695159912109 535.481567382812 529.89208984375 430.2451171875 419.850006103516 603.252258300781 704.4951171875 675.790283203125 542.214050292969 383.324188232422 286.812561035156 257.548248291016 237.536987304688 192.656341552734 135.212814331055 64.8153533935547 67.3529434204102 91.760368347168 117.044494628906 128.02131652832 136.46125793457 163.908843994141 235.166397094727 351.996826171875 448.306671142578 457.222991943359 367.686370849609 345.516571044922 340.221771240234
