ssp1models/sc1gr21.36
NCOLS 261 
NROWS 433 
XLLCORNER 336357.134 
YLLCORNER 654653.479 
CELLSIZE 1000 
NODATA_value -9999 
[rows 308 to 329 of 433, columns 100 to 149 of 261]
113.167037963867 131.382049560547 146.850112915039 159.005569458008 159.561370849609 160.325378417969 170.283187866211 197.661743164062 388.623748779297 816.43115234375 1936.51696777344 2921.13647460938 2172.7158203125 823.384643554688 496.506256103516 513.342834472656 627.137634277344 627.603454589844 490.563568115234 373.341796875 324.370056152344 315.183868408203 341.057800292969 403.622772216797 452.548309326172 420.210784912109 379.312622070312 408.040069580078 453.554016113281 464.086975097656 434.304962158203 260.398040771484 243.883819580078 240.809661865234 209.850662231445 159.265106201172 122.637718200684 122.651565551758 189.392944335938 325.529144287109 357.257507324219 279.713989257812 291.245697021484 361.117584228516 424.272155761719 421.563262939453 392.781646728516 385.782440185547 406.951873779297 448.218780517578
103.216773986816 99.9919128417969 102.179504394531 116.839912414551 142.591537475586 162.319900512695 169.658279418945 194.52717590332 418.276000976562 760.391662597656 1334.05688476562 1764.30456542969 1446.70654296875 776.687438964844 450.342346191406 302.234802246094 285.009460449219 340.510009765625 401.454742431641 405.717132568359 411.577270507812 481.195709228516 556.100402832031 579.209350585938 568.046813964844 509.379760742188 412.980316162109 350.769683837891 347.574371337891 348.301940917969 337.820404052734 269.943267822266 267.214630126953 264.837005615234 231.979110717773 167.774703979492 116.342346191406 108.54931640625 141.741241455078 219.317504882812 254.188568115234 236.012023925781 272.283081054688 362.142700195312 513.49267578125 563.947326660156 468.071105957031 437.671569824219 498.691314697266 522.386047363281
106.879806518555 88.7530975341797 84.2565841674805 103.156616210938 166.281860351562 251.66194152832 313.170440673828 399.569671630859 613.340209960938 681.5283203125 833.598388671875 1033.57507324219 1123.10705566406 924.636352539062 552.226501464844 305.930480957031 279.136535644531 335.908660888672 397.362030029297 396.783752441406 405.446411132812 468.487213134766 522.661926269531 550.174072265625 632.3173828125 640.757995605469 487.039947509766 365.812866210938 336.014190673828 314.195343017578 300.531585693359 281.153198242188 278.431945800781 273.080596923828 239.198760986328 167.959136962891 109.382102966309 100.591926574707 112.689994812012 146.895980834961 188.438781738281 216.370391845703 253.45442199707 306.511627197266 408.290008544922 483.921691894531 495.376281738281 576.015686035156 682.87255859375 658.746704101562
98.531135559082 82.0727310180664 77.0555267333984 101.491729736328 186.628921508789 312.298919677734 401.027679443359 480.160980224609 624.203857421875 580.864868164062 620.329772949219 762.250915527344 823.913879394531 646.729431152344 384.078735351562 288.756866455078 322.370758056641 372.137939453125 411.625823974609 411.500335693359 422.816864013672 452.837829589844 462.201721191406 511.306610107422 655.448364257812 663.838317871094 501.556823730469 426.299041748047 402.024932861328 356.439758300781 317.390045166016 283.352203369141 285.129180908203 275.871215820312 239.848846435547 181.85107421875 122.522018432617 101.178901672363 110.136924743652 136.518676757812 178.062438964844 215.143325805664 265.770477294922 307.859802246094 348.599395751953 417.082397460938 551.062133789062 748.63525390625 857.15380859375 765.980651855469
87.3277282714844 78.4100494384766 89.0722045898438 156.461120605469 281.228363037109 398.679321289062 479.633514404297 531.170654296875 528.367248535156 458.230743408203 466.789825439453 573.2890625 527.522399902344 321.373718261719 215.460571289062 240.872222900391 299.755279541016 347.56884765625 394.719757080078 416.409698486328 416.817352294922 455.630767822266 520.988037109375 556.656005859375 591.660766601562 656.493957519531 712.249572753906 723.305358886719 585.800903320312 424.397094726562 357.405609130859 269.068542480469 269.654754638672 262.930633544922 216.654052734375 184.399078369141 146.189346313477 112.451385498047 111.345352172852 131.648971557617 170.628982543945 217.075698852539 316.960083007812 370.118682861328 387.988525390625 454.774505615234 659.4453125 914.537963867188 961.768493652344 781.2587890625
82.8044281005859 90.5923385620117 136.857269287109 255.27473449707 399.951232910156 493.407348632812 540.218322753906 546.386047363281 477.616485595703 380.561187744141 347.043090820312 421.421203613281 353.568237304688 200.129486083984 181.522766113281 217.900512695312 264.272979736328 306.602081298828 346.428253173828 343.732086181641 334.979278564453 379.783203125 469.716217041016 526.689086914062 547.245971679688 656.954711914062 794.103759765625 760.406982421875 559.715759277344 419.514373779297 381.912078857422 263.188873291016 225.507202148438 199.067306518555 148.054824829102 141.829711914062 146.820022583008 136.990600585938 126.048439025879 137.811996459961 190.500701904297 292.829284667969 505.942291259766 516.069213867188 466.875915527344 503.262969970703 716.157836914062 900.498596191406 867.1044921875 694.388122558594
150.798583984375 204.522384643555 264.989715576172 336.033416748047 437.004730224609 525.802856445312 551.464904785156 503.153656005859 443.142120361328 342.466125488281 251.182601928711 253.02214050293 225.781494140625 178.016387939453 192.902359008789 217.083404541016 242.195892333984 276.736541748047 310.382507324219 308.790466308594 312.060882568359 365.737457275391 439.717407226562 495.809020996094 549.451843261719 664.590270996094 735.779602050781 607.34326171875 447.306884765625 406.722320556641 394.675842285156 249.902328491211 167.522155761719 134.724716186523 124.625022888184 161.277923583984 192.849868774414 189.096572875977 181.929229736328 199.113555908203 296.858581542969 499.098724365234 763.784790039062 732.383666992188 580.213684082031 517.439270019531 681.045471191406 798.69384765625 760.270202636719 632.0029296875
217.957290649414 243.12077331543 288.830230712891 315.817901611328 338.762664794922 369.505798339844 398.126953125 411.686431884766 398.964874267578 331.7646484375 240.285217285156 179.559722900391 175.162826538086 194.290924072266 215.210998535156 221.783172607422 223.850372314453 254.147750854492 378.029907226562 672.343811035156 561.282897949219 423.843444824219 408.968688964844 459.836791992188 465.578308105469 481.728790283203 467.305511474609 374.034240722656 286.3095703125 251.684478759766 211.952789306641 125.95728302002 113.116340637207 172.371994018555 469.593688964844 1022.63513183594 1259.87158203125 1096.70666503906 1175.51623535156 1122.96008300781 746.451904296875 743.169494628906 776.741027832031 362.600708007812 318.69140625 345.699462890625 398.030303955078 432.993896484375 478.313415527344 540.110778808594
134.689971923828 172.094436645508 229.043411254883 256.563262939453 249.622085571289 271.918487548828 345.853820800781 417.080688476562 427.430145263672 390.469360351562 357.424835205078 272.019744873047 200.711151123047 199.589660644531 219.615020751953 227.649475097656 229.769683837891 262.533813476562 391.934539794922 732.09033203125 663.662475585938 524.804565429688 467.040008544922 491.566528320312 486.623626708984 439.704925537109 335.409118652344 234.673461914062 179.756072998047 141.656158447266 118.65064239502 126.531402587891 183.412185668945 272.713073730469 448.935607910156 780.304992675781 1099.35314941406 1389.29113769531 1822.3583984375 1873.72119140625 1221.08703613281 727.992797851562 500.598175048828 249.36457824707 223.9248046875 263.042114257812 319.843902587891 361.067016601562 409.098419189453 511.939270019531
118.578590393066 127.880058288574 168.098327636719 207.156600952148 200.516525268555 212.064147949219 295.8671875 386.270080566406 444.139404296875 455.915161132812 492.345825195312 453.979064941406 332.144439697266 241.135986328125 223.082946777344 234.403656005859 247.613952636719 286.532012939453 364.6962890625 545.001281738281 545.3876953125 539.490295410156 572.801452636719 584.171447753906 556.026184082031 526.442199707031 462.947204589844 380.541259765625 287.428894042969 188.5244140625 129.639633178711 170.169219970703 267.401702880859 359.219909667969 398.166137695312 482.610229492188 713.555480957031 1159.86840820312 1616.78308105469 1632.26354980469 1173.89147949219 761.36474609375 361.940673828125 234.881530761719 204.828109741211 222.255462646484 263.1416015625 323.464569091797 415.751831054688 537.69873046875
128.847549438477 98.5498123168945 118.184883117676 183.532470703125 196.964019775391 190.408798217773 249.763137817383 339.584320068359 407.486968994141 396.227294921875 466.964813232422 542.058166503906 472.970275878906 326.662322998047 242.137969970703 239.999465942383 273.060211181641 346.335266113281 425.800903320312 499.890075683594 531.604309082031 628.226623535156 710.0029296875 679.001098632812 634.22802734375 679.912719726562 742.496520996094 654.580871582031 469.467224121094 348.800964355469 266.546020507812 282.289031982422 338.816040039062 384.887237548828 392.194458007812 412.807189941406 557.181823730469 1037.57385253906 1689.61486816406 1701.01708984375 1070.07775878906 713.166870117188 387.206970214844 246.168731689453 216.28727722168 249.774520874023 303.656280517578 401.552886962891 540.507263183594 679.925720214844
147.288986206055 99.4982528686523 96.7052993774414 168.938522338867 213.37483215332 209.886505126953 231.613006591797 288.465698242188 349.149139404297 329.538421630859 393.077178955078 511.245697021484 537.007751464844 431.287567138672 300.971984863281 264.372467041016 320.764801025391 424.632354736328 519.643920898438 621.477661132812 683.534729003906 762.249816894531 804.261169433594 790.546569824219 809.981018066406 922.289306640625 987.2451171875 826.07666015625 604.765197753906 525.337585449219 501.023620605469 457.422149658203 449.915435791016 458.894592285156 467.926940917969 478.970367431641 527.649719238281 779.330200195312 1201.55517578125 1303.68969726562 996.616088867188 732.891357421875 382.452453613281 239.109130859375 232.969100952148 306.550476074219 389.8876953125 521.843444824219 695.247802734375 843.409301757812
152.768920898438 97.3412857055664 74.1963882446289 136.014938354492 212.267517089844 237.155609130859 252.25830078125 292.043579101562 280.862670898438 278.071716308594 339.211578369141 429.758361816406 505.618286132812 498.761688232422 401.656158447266 355.882659912109 419.378601074219 509.736938476562 615.358947753906 997.299682617188 949.686767578125 809.75 796.742248535156 849.322814941406 977.263671875 1098.74047851562 1031.60888671875 806.979187011719 714.18994140625 766.72021484375 742.2939453125 632.641540527344 665.182495117188 752.461364746094 801.772094726562 751.292602539062 657.720581054688 626.856506347656 694.337280273438 773.543090820312 782.220825195312 652.253540039062 286.228881835938 211.569793701172 266.062683105469 366.704315185547 457.041595458984 624.405090332031 869.411071777344 1038.23156738281
152.031631469727 88.6573104858398 52.3041954040527 97.0153274536133 196.833358764648 285.750549316406 351.604339599609 402.074005126953 274.891204833984 235.228546142578 286.765838623047 367.853515625 433.540771484375 456.53662109375 416.412078857422 411.913238525391 492.038635253906 566.850952148438 653.706420898438 1227.91577148438 1133.62829589844 808.649841308594 708.138732910156 747.179016113281 867.52001953125 1018.74737548828 989.526428222656 784.641784667969 763.989440917969 929.275573730469 932.250244140625 748.788269042969 784.281005859375 833.271606445312 774.233276367188 668.513977050781 595.495483398438 569.402160644531 654.1474609375 793.450866699219 799.073974609375 583.137634277344 213.143142700195 262.703460693359 440.612945556641 584.757568359375 610.936889648438 697.564758300781 892.718811035156 1067.96813964844
139.883514404297 74.9715576171875 40.3560485839844 66.1503829956055 159.377334594727 287.8525390625 381.658355712891 441.110931396484 300.200775146484 215.516464233398 244.274322509766 320.751922607422 379.9072265625 393.801818847656 390.635375976562 429.609924316406 528.632263183594 593.875183105469 621.733459472656 961.155456542969 941.966186523438 741.910766601562 644.969421386719 631.166687011719 657.148315429688 730.171691894531 750.165710449219 688.35888671875 693.365295410156 788.3037109375 841.059936523438 837.823791503906 787.715270996094 733.667663574219 592.417724609375 472.113830566406 447.542572021484 475.450012207031 591.689697265625 684.882568359375 640.636901855469 520.18115234375 302.715759277344 494.553741455078 804.220642089844 899.840026855469 818.376586914062 819.145874023438 907.221435546875 1003.35302734375
117.31534576416 63.9024505615234 38.7334213256836 44.841438293457 91.2274017333984 196.209426879883 296.559234619141 317.193603515625 252.030914306641 232.666549682617 262.420776367188 315.379150390625 355.845123291016 363.8212890625 377.997283935547 447.471832275391 569.665771484375 651.426147460938 703.25537109375 770.574401855469 699.417419433594 650.3134765625 611.987976074219 588.232055664062 582.935241699219 598.921936035156 623.436767578125 660.522644042969 715.212890625 768.247192382812 807.60498046875 915.990478515625 816.893127441406 710.777648925781 575.150146484375 441.647613525391 375.607025146484 331.6142578125 325.397979736328 342.968963623047 331.531005859375 325.458190917969 294.410461425781 444.364837646484 682.016784667969 819.511962890625 847.195251464844 844.246643066406 865.299438476562 935.990478515625
95.6370697021484 68.8733215332031 55.3279113769531 47.4173278808594 53.3891220092773 102.664077758789 180.743927001953 208.273880004883 215.255966186523 251.969635009766 281.690093994141 311.513763427734 340.854309082031 353.929321289062 378.968597412109 452.162414550781 564.605346679688 768.3154296875 1131.02038574219 1068.16003417969 728.238830566406 611.876037597656 583.675415039062 569.293273925781 572.273376464844 588.063842773438 614.792602539062 664.787353515625 738.455505371094 823.579528808594 887.858337402344 944.120178222656 817.315734863281 686.564880371094 579.796813964844 459.756958007812 352.007873535156 225.236175537109 124.342681884766 114.081245422363 127.527893066406 147.640182495117 220.125350952148 296.806518554688 466.027038574219 726.537292480469 877.69091796875 841.268127441406 863.207702636719 1020.45623779297
79.1798858642578 74.1922149658203 71.2051620483398 66.5152206420898 63.204719543457 72.1421661376953 102.58716583252 136.335906982422 187.806976318359 233.661331176758 274.399597167969 296.52734375 319.585357666016 343.187927246094 370.055480957031 428.079406738281 529.184387207031 888.794128417969 1648.54040527344 1690.841796875 1061.77893066406 676.177856445312 527.057495117188 526.022094726562 549.539367675781 573.353149414062 603.721862792969 647.340881347656 701.280883789062 769.245544433594 853.710388183594 965.495727539062 803.75830078125 603.455932617188 497.033050537109 458.535339355469 354.175384521484 177.672210693359 60.3204956054688 50.1301803588867 55.5189590454102 69.4906387329102 169.234725952148 236.535736083984 372.67333984375 647.997863769531 845.639038085938 867.793579101562 988.561096191406 1200.55627441406
54.4814453125 63.9136734008789 71.2540740966797 74.0016555786133 73.9747619628906 74.0371170043945 79.8139572143555 98.4963531494141 160.641357421875 196.243988037109 240.650527954102 273.347381591797 300.246398925781 331.410675048828 367.069091796875 419.947021484375 508.865295410156 1014.16613769531 2468.9013671875 2648.34716796875 1083.73669433594 640.421142578125 474.299591064453 486.563842773438 523.463012695312 560.74365234375 591.461853027344 622.348937988281 683.006164550781 797.481689453125 903.598510742188 944.221008300781 789.452575683594 541.720031738281 375.739593505859 350.849853515625 287.981384277344 158.108215332031 59.787712097168 42.9184913635254 43.9800720214844 48.630184173584 131.259170532227 195.557006835938 268.355438232422 411.790832519531 571.403076171875 696.219909667969 866.969665527344 1022.06860351562
29.821662902832 24.8211536407471 26.6668605804443 32.34521484375 41.3304595947266 51.3162422180176 61.3531913757324 80.6590118408203 161.210510253906 192.366348266602 209.531356811523 217.644577026367 227.789016723633 253.131149291992 286.841278076172 305.752044677734 320.381286621094 406.904815673828 652.161254882812 1087.34399414062 890.882507324219 585.910827636719 446.18603515625 457.768676757812 477.008544921875 505.012084960938 520.808349609375 527.081604003906 550.232177734375 592.370666503906 612.998107910156 596.391418457031 581.473022460938 558.897399902344 530.79931640625 416.290008544922 225.899688720703 97.710563659668 34.6032791137695 28.8657321929932 28.6189804077148 30.4092712402344 60.7364387512207 109.259910583496 165.785903930664 211.126022338867 269.475036621094 357.484588623047 443.860717773438 512.411254882812
39.3768920898438 31.6122417449951 25.4071750640869 22.8192100524902 24.3772487640381 28.547830581665 35.2617797851562 55.7246742248535 167.291778564453 200.879364013672 206.183944702148 206.649124145508 209.219833374023 225.563140869141 260.581176757812 290.092407226562 -9999 385.089294433594 521.815856933594 705.093688964844 674.158142089844 544.023559570312 472.826965332031 466.514099121094 465.201263427734 478.912353515625 487.94921875 489.609832763672 493.755737304688 503.084167480469 529.391296386719 634.365539550781 656.478454589844 673.327026367188 642.503845214844 504.495635986328 315.113861083984 194.938568115234 100.362091064453 45.7380409240723 25.7872276306152 25.2690334320068 45.5317649841309 95.5499877929688 160.369720458984 209.11897277832 253.116271972656 299.084503173828 358.051300048828 463.600799560547
46.9315452575684 42.6951560974121 35.457218170166 26.6952247619629 21.7924880981445 21.3543910980225 22.8890647888184 33.8704414367676 140.249038696289 191.302398681641 204.783248901367 203.131973266602 205.324325561523 236.212173461914 308.138061523438 368.987243652344 394.371765136719 -9999 -9999 611.073669433594 592.73876953125 559.523498535156 546.652465820312 519.329528808594 491.529968261719 493.739074707031 494.475341796875 482.056701660156 472.772003173828 443.188781738281 396.400939941406 422.831481933594 481.125122070312 562.660888671875 564.251281738281 447.529663085938 344.402923583984 335.954467773438 276.178619384766 148.605209350586 45.388557434082 24.9208831787109 36.5762748718262 71.6589279174805 130.460098266602 185.240615844727 214.019760131836 237.284439086914 327.4072265625 515.332763671875
