ssp1models/sc1gr21.7
NCOLS 261 
NROWS 433 
XLLCORNER 336357.134 
YLLCORNER 654653.479 
CELLSIZE 1000 
NODATA_value -9999 
[rows 176 to 197 of 433, columns 150 to 199 of 261]
8.37427234649658 8.35791873931885 8.35791683197021 8.36892032623291 9.96070575714111 22.7336959838867 52.7748947143555 62.4701499938965 37.8096046447754 26.662425994873 26.1575393676758 26.537181854248 30.0778026580811 40.7353553771973 54.3470344543457 51.2906761169434 45.8106231689453 41.7859687805176 40.857852935791 40.1631164550781 38.5706939697266 35.9374618530273 33.4622039794922 32.623649597168 32.5789527893066 32.5189933776855 32.441047668457 31.7588806152344 30.9937992095947 28.0551338195801 20.1150169372559 11.7607421875 8.8646879196167 7.99076509475708 6.62607383728027 5.95015144348145 5.95460224151611 5.9612340927124 5.96146106719971 5.96459817886353 6.00377464294434 6.30859136581421 7.62787389755249 10.5305557250977 -9999 14.5193214416504 15.3151617050171 20.9855651855469 63.141284942627 73.2456665039062
8.37546253204346 8.35938930511475 8.35938930511475 8.4292049407959 11.1406917572021 31.0052051544189 79.4157867431641 104.17488861084 68.0973052978516 34.5961570739746 26.1621627807617 26.5277690887451 29.9536056518555 40.3833618164062 54.8032150268555 52.6727294921875 47.3192024230957 42.2658576965332 41.0389518737793 40.91162109375 40.1571273803711 37.7649002075195 34.3635101318359 32.6332740783691 32.632999420166 32.6271095275879 32.3897323608398 31.5040664672852 30.1692028045654 25.8918991088867 16.6206893920898 8.67814445495605 6.93155956268311 6.73278141021729 6.1190938949585 5.68809509277344 5.79445552825928 5.95784330368042 5.96459674835205 6.05755376815796 6.5610876083374 8.00752353668213 10.4774141311646 12.9840612411499 14.2695951461792 14.4899044036865 14.8697080612183 19.1474952697754 54.1195793151855 62.9635810852051
8.37545680999756 8.35938930511475 8.35938930511475 -9999 11.8778104782104 32.6418838500977 83.2593460083008 119.463165283203 91.2831344604492 44.3762702941895 26.2768058776855 26.5099258422852 29.790506362915 39.9283218383789 54.2836303710938 51.2061004638672 46.0513725280762 43.0978775024414 44.0059967041016 44.6206245422363 42.4740180969238 38.5294151306152 34.5891723632812 32.8484725952148 32.8420257568359 32.4597549438477 31.1193313598633 27.0354709625244 21.5470676422119 15.517876625061 9.22916126251221 5.80354499816895 5.44501924514771 5.50592613220215 5.44178342819214 5.38686466217041 5.6364893913269 5.95784330368042 5.98006916046143 6.27901363372803 7.7136607170105 10.7037744522095 13.322286605835 -9999 14.4797534942627 14.4966192245483 14.8041000366211 18.3167247772217 47.1872634887695 54.5619697570801
8.37545013427734 8.3687686920166 8.45523738861084 9.60589504241943 15.145881652832 37.6280364990234 82.9346313476562 121.659088134766 110.715049743652 60.789665222168 28.5268859863281 26.4381999969482 29.1273498535156 37.9731788635254 54.1382293701172 53.2521324157715 54.2900848388672 67.8293380737305 96.0948333740234 107.351402282715 79.2174911499023 46.7657508850098 36.0634498596191 37.8179130554199 37.800048828125 31.4593734741211 26.1359214782715 17.167947769165 10.4356679916382 7.41358327865601 5.61605358123779 5.17939615249634 5.15730762481689 5.17233753204346 5.18266010284424 5.26207590103149 5.5512580871582 5.95784282684326 5.97961902618408 6.30983400344849 8.06386756896973 11.7815752029419 14.3708477020264 14.4821395874023 14.4966192245483 14.4966192245483 14.8020448684692 18.2507991790771 45.8790702819824 52.6909103393555
8.38937187194824 8.53600788116455 9.96830081939697 22.5768070220947 35.1405029296875 58.1122970581055 89.7608413696289 121.281646728516 125.306480407715 82.3281707763672 38.009349822998 26.5076217651367 28.2879505157471 33.5871238708496 52.6835632324219 63.3890571594238 88.0531768798828 135.832931518555 181.961120605469 183.474273681641 130.156860351562 73.5829162597656 57.3933868408203 61.4654731750488 62.1525993347168 32.5297355651855 19.1156196594238 9.32446956634521 5.72144651412964 5.31790542602539 5.14493799209595 5.14429998397827 5.14430046081543 5.14430904388428 5.154212474823 5.25304889678955 5.55510234832764 5.95906782150269 6.01989603042603 6.62609910964966 8.90987205505371 12.5118370056152 14.489727973938 14.4966192245483 14.496618270874 14.496618270874 14.8389120101929 18.6053047180176 46.2403831481934 52.0850143432617
8.65876007080078 9.15055370330811 12.8634719848633 47.7353973388672 65.5250930786133 78.1039581298828 93.7639999389648 116.965812683105 130.614990234375 102.866485595703 54.0648155212402 33.6777839660645 44.6884536743164 50.8155288696289 63.7328910827637 110.704124450684 165.296569824219 207.155395507812 224.946426391602 198.079528808594 135.939254760742 88.7947311401367 80.1799163818359 81.4219818115234 76.5956802368164 25.2101211547852 10.743727684021 6.08240985870361 5.14430046081543 5.14430046081543 5.14430046081543 5.14430046081543 5.14430046081543 5.14449214935303 5.15815877914429 5.27871561050415 5.61626720428467 5.9898829460144 6.37845182418823 8.02945804595947 11.1378087997437 13.7408695220947 14.4956722259521 14.4966201782227 14.496618270874 14.4966192245483 14.6817750930786 16.6913242340088 30.7168102264404 33.2032852172852
9.81191539764404 10.3578910827637 15.1405963897705 61.2291946411133 78.9086380004883 83.4245910644531 93.4562530517578 112.788345336914 131.66259765625 123.965576171875 93.115478515625 96.7770385742188 137.123199462891 146.748886108398 130.944122314453 201.595169067383 263.587005615234 268.021331787109 253.556915283203 211.529571533203 -9999 94.2208251953125 89.225471496582 82.638916015625 63.4541893005371 12.2086009979248 6.17146492004395 5.27989196777344 5.14430046081543 5.14430093765259 5.14430046081543 5.14430046081543 5.14430046081543 5.14443874359131 5.15705442428589 5.27131271362305 5.59802722930908 6.0289831161499 6.80110168457031 9.41122627258301 12.7932558059692 14.3743190765381 14.4966201782227 14.4966201782227 14.4966192245483 14.4966201782227 14.5407018661499 15.0151863098145 18.244966506958 18.7044353485107
10.5962581634521 11.474907875061 19.1546363830566 69.6546096801758 81.1420669555664 94.616813659668 -9999 135.496765136719 143.213806152344 184.977584838867 218.254867553711 217.595916748047 207.058135986328 210.242141723633 244.678558349609 303.102172851562 327.932067871094 317.520812988281 292.9755859375 258.340362548828 208.721481323242 158.176895141602 119.079124450684 78.6957321166992 41.5390396118164 6.11822462081909 5.34692621231079 5.19922494888306 5.14430093765259 5.14430093765259 5.14430046081543 5.14430046081543 5.14430046081543 5.14432048797607 5.15024328231812 5.21229267120361 5.43095302581787 6.00695657730103 6.84612035751343 9.53667831420898 12.9716262817383 14.4728336334229 14.4966201782227 14.4966201782227 14.4966201782227 14.4966201782227 14.5118598937988 14.6735467910767 15.7387456893921 15.898078918457
10.8603134155273 13.1686458587646 25.6948471069336 76.5007934570312 -9999 -9999 185.819778442383 167.008682250977 214.445327758789 442.254364013672 612.508117675781 442.769378662109 226.903686523438 229.809844970703 358.391510009766 387.897583007812 370.445526123047 340.836334228516 294.204650878906 277.092224121094 261.381439208984 227.277709960938 174.371429443359 92.8302764892578 26.9755668640137 5.34032440185547 5.3098316192627 5.19924831390381 5.14430046081543 5.14430046081543 5.14430093765259 5.14430093765259 5.14430093765259 5.14436340332031 5.14693212509155 5.1784234046936 5.33806228637695 6.17495679855347 7.5298924446106 10.7496213912964 13.709415435791 14.4763631820679 14.4966192245483 14.4966201782227 14.4966201782227 14.4966201782227 14.5112771987915 14.6642179489136 15.6184024810791 15.7483291625977
12.9141511917114 24.3366775512695 50.9282341003418 79.2113800048828 -9999 -9999 204.286987304688 191.823150634766 267.46630859375 491.963897705078 723.035278320312 678.588195800781 461.51953125 395.504638671875 531.107055664062 497.804412841797 391.814880371094 288.196166992188 251.829528808594 247.891967773438 245.513488769531 226.761306762695 175.703430175781 93.1475830078125 25.9609355926514 5.34032392501831 5.30990505218506 5.19929456710815 5.14430046081543 5.14429998397827 5.14696455001831 5.1778736114502 5.31556129455566 5.62746477127075 5.95459699630737 5.93802881240845 5.84159898757935 6.85533380508423 9.0129280090332 12.4607200622559 14.4201288223267 14.4763278961182 14.4966192245483 14.496618270874 14.496618270874 14.496618270874 14.5134963989258 14.6851367950439 15.6632213592529 15.7483282089233
16.3266010284424 33.5947036743164 61.5741119384766 83.5669326782227 -9999 -9999 157.259490966797 169.463027954102 270.772644042969 515.148559570312 760.205627441406 704.604187011719 473.73388671875 379.320556640625 494.673034667969 522.160705566406 388.360046386719 237.913391113281 231.310211181641 230.784576416016 222.584747314453 202.853240966797 158.872650146484 91.9123687744141 32.0776519775391 5.34033298492432 5.31140375137329 5.21440601348877 5.20142078399658 5.24161291122437 5.28284025192261 5.84769439697266 7.89795255661011 10.2131614685059 9.51183128356934 7.19512176513672 6.57285118103027 7.22285652160645 8.97667407989502 12.1957979202271 14.3238763809204 14.4763107299805 14.4966201782227 14.4966192245483 14.4966192245483 14.4966192245483 14.514835357666 14.6977424621582 15.6904754638672 15.7484741210938
31.2406921386719 54.8055419921875 72.6950378417969 82.9301528930664 -9999 -9999 156.628677368164 198.553298950195 299.027801513672 500.576904296875 709.496154785156 650.744079589844 421.507537841797 325.525390625 421.076141357422 477.346527099609 370.647857666016 219.735366821289 224.23420715332 224.1552734375 210.702667236328 186.847854614258 146.766174316406 90.2672500610352 33.8053894042969 5.47114849090576 5.41071271896362 5.55610227584839 6.45113182067871 7.34439992904663 7.20788049697876 7.83449792861938 11.4388227462769 14.4420166015625 11.7935943603516 7.76360464096069 7.0150294303894 7.22459936141968 8.16531753540039 10.6534948348999 13.4048156738281 14.4706935882568 14.4966192245483 14.4966192245483 14.4966192245483 14.4966344833374 14.5163621902466 14.7110977172852 15.7197542190552 15.7616815567017
61.5523643493652 88.425422668457 84.3973007202148 86.5792236328125 -9999 -9999 261.328338623047 286.303253173828 323.716339111328 387.660064697266 487.3955078125 518.013916015625 399.535980224609 283.424835205078 351.263702392578 372.436248779297 302.493408203125 216.991912841797 223.07958984375 221.736770629883 203.822738647461 171.42333984375 126.455474853516 73.6215133666992 27.6438941955566 8.42211055755615 7.32926082611084 7.36436176300049 10.9558734893799 13.9754219055176 13.91100025177 14.1312017440796 15.772102355957 16.0308036804199 11.9599113464355 7.80786323547363 7.09602355957031 7.13515996932983 7.5063738822937 9.11901473999023 12.180811882019 14.3192949295044 14.4966201782227 14.4966201782227 14.4966201782227 14.497166633606 14.5232677459717 14.7419214248657 -9999 -9999
82.7169036865234 115.160346984863 100.174415588379 91.3178100585938 -9999 -9999 322.5283203125 331.371429443359 319.784332275391 300.509674072266 312.027923583984 353.937896728516 336.970581054688 263.460784912109 277.463073730469 270.579223632812 225.253219604492 201.652465820312 217.896286010742 217.576965332031 198.007705688477 163.572326660156 119.335624694824 68.5726547241211 29.68772315979 21.8167629241943 19.1106300354004 -9999 16.1758899688721 18.1187362670898 18.139612197876 18.1526660919189 18.1122970581055 16.5173778533936 11.9461135864258 7.85121917724609 7.12129783630371 7.12675952911377 7.27155780792236 8.32950305938721 11.2135372161865 14.035454750061 14.6870517730713 14.6872425079346 14.6874389648438 14.6911945343018 14.7663688659668 -9999 -9999 17.9209384918213
90.1745452880859 128.212738037109 118.646705627441 93.083869934082 137.591552734375 257.120056152344 331.429412841797 361.418640136719 376.978698730469 361.052886962891 326.451019287109 307.813812255859 285.055297851562 251.875335693359 214.110366821289 193.639862060547 168.692260742188 166.123977661133 179.788970947266 181.727355957031 171.381729125977 150.259124755859 114.956298828125 67.8473663330078 34.1142730712891 31.3126754760742 28.7133750915527 23.2013320922852 19.3476257324219 18.7493305206299 18.7538032531738 18.7045917510986 -9999 15.6723909378052 10.8873710632324 7.47192859649658 7.13422679901123 7.13501405715942 7.20260286331177 7.86000490188599 10.1423425674438 13.3260679244995 14.799222946167 14.7992343902588 14.7992458343506 14.8087139129639 14.9775066375732 15.975905418396 19.8164806365967 20.237720489502
87.7244644165039 130.098693847656 126.810844421387 92.5957641601562 122.645645141602 236.11247253418 356.465576171875 403.575469970703 430.041809082031 440.322631835938 420.628265380859 373.97705078125 326.358978271484 305.987274169922 223.715240478516 196.82502746582 167.786285400391 141.382385253906 146.387939453125 148.431106567383 146.045837402344 135.079132080078 105.479606628418 66.1761703491211 40.1314353942871 32.2721557617188 28.5453300476074 22.8161945343018 19.4367580413818 18.75657081604 18.7408409118652 18.4736499786377 16.8774108886719 12.817081451416 8.59849834442139 7.17709350585938 7.13498210906982 7.14589738845825 7.31206846237183 8.25135231018066 10.7060012817383 13.6156234741211 14.8051109313965 14.8051109313965 14.8051099777222 14.8196125030518 15.0528812408447 16.3465747833252 21.1387691497803 21.1894130706787
77.4580383300781 123.678840637207 130.194854736328 96.0955429077148 112.744758605957 219.422180175781 370.733093261719 441.605834960938 431.847625732422 428.404632568359 422.253479003906 395.698120117188 373.496948242188 374.091949462891 367.734191894531 315.069213867188 198.90950012207 132.364395141602 133.549423217773 133.851760864258 132.172393798828 126.278617858887 110.250076293945 84.36376953125 53.4943885803223 31.0703620910645 25.724157333374 20.3246822357178 18.859582901001 18.7559909820557 18.712911605835 18.1913223266602 15.7390737533569 10.820182800293 7.33672142028809 7.13498258590698 7.13498258590698 7.20364999771118 7.89168357849121 10.107346534729 12.8762006759644 14.4000988006592 14.8051109313965 14.8051109313965 14.8051109313965 14.8233156204224 15.0907649993896 16.4707622528076 21.2928237915039 21.2928237915039
63.9145698547363 112.702491760254 130.65934753418 94.1722946166992 95.3336868286133 181.640731811523 349.956909179688 432.062438964844 381.044006347656 367.998413085938 365.020538330078 351.168914794922 340.134857177734 353.304565429688 453.097290039062 377.747863769531 192.589950561523 126.088157653809 126.489067077637 127.15087890625 126.79997253418 124.547973632812 122.929893493652 115.534698486328 77.4092025756836 28.7731151580811 23.1348304748535 19.2337779998779 18.7564029693604 18.7373542785645 18.5151081085205 17.2994995117188 13.9423580169678 9.44086837768555 7.14076709747314 7.13498210906982 7.13498258590698 7.24792242050171 8.30769824981689 11.3458232879639 14.1251649856567 14.704833984375 14.8051099777222 14.8051099777222 14.8051099777222 14.8269395828247 15.1252365112305 16.5653781890869 21.2928237915039 21.2928237915039
53.4757041931152 97.5497817993164 124.617660522461 93.0390930175781 105.855903625488 211.111587524414 415.219635009766 502.385864257812 393.269012451172 336.025329589844 326.570953369141 296.480529785156 273.478057861328 282.426177978516 555.480346679688 575.531066894531 302.383697509766 148.987380981445 150.23210144043 171.629623413086 212.160202026367 221.47004699707 236.814468383789 320.322570800781 277.213500976562 23.4969673156738 20.6959323883057 18.9405994415283 18.7434787750244 18.5490283966064 17.4534530639648 14.525749206543 10.6254777908325 7.97512149810791 7.13498258590698 7.13498258590698 7.13498258590698 7.30882406234741 8.56074810028076 11.793719291687 14.4269151687622 14.7366237640381 14.8051090240479 14.8051099777222 14.8051090240479 14.829553604126 15.1470146179199 16.6034984588623 21.1697883605957 21.1925754547119
44.8016967773438 73.2016983032227 102.155311584473 146.433120727539 220.172134399414 342.473083496094 530.067749023438 585.112731933594 431.911926269531 334.601135253906 323.945281982422 291.136444091797 257.705261230469 233.400283813477 391.217254638672 430.798065185547 281.889923095703 184.404495239258 196.684020996094 285.293121337891 470.697052001953 522.862243652344 468.659729003906 528.763488769531 380.412231445312 20.0225830078125 19.4762687683105 18.9066905975342 18.6562652587891 17.7555103302002 14.7694311141968 10.602632522583 8.03977298736572 7.26468229293823 7.13852119445801 7.16295528411865 7.22845935821533 7.66808652877808 9.2862024307251 12.4098329544067 14.5148429870605 14.7365674972534 14.8051099777222 14.8091449737549 14.8660497665405 -9999 15.7384147644043 16.1612186431885 17.2326698303223 17.8013000488281
41.6775970458984 -9999 67.1928024291992 179.422912597656 288.218292236328 410.645568847656 600.408325195312 645.111938476562 445.568237304688 326.520446777344 335.486694335938 345.755035400391 326.48193359375 257.546966552734 248.068420410156 253.369506835938 235.483261108398 234.862716674805 252.71484375 313.515991210938 447.124572753906 516.380859375 530.2314453125 573.154479980469 372.474334716797 20.4815559387207 20.344633102417 19.9230480194092 19.2164344787598 16.8403301239014 11.9837894439697 8.03267097473145 7.2230978012085 7.18791627883911 7.35509586334229 7.91817855834961 9.22931003570557 -9999 11.3872871398926 13.2844896316528 14.5346307754517 14.7365102767944 14.8102550506592 14.9877195358276 16.8613033294678 25.3112697601318 41.1662368774414 45.2982597351074 10.078330039978 10.4479427337646
-9999 -9999 -9999 494.277099609375 450.792358398438 389.264312744141 514.212341308594 721.41357421875 882.501220703125 989.101501464844 950.866577148438 762.929870605469 463.604797363281 272.332397460938 280.431427001953 322.275482177734 342.187835693359 326.046051025391 329.924407958984 358.659149169922 321.201171875 250.216766357422 221.092849731445 191.303619384766 139.845581054688 58.2470169067383 57.8438987731934 56.3292198181152 52.8320007324219 44.8625335693359 39.9820747375488 49.6148338317871 -9999 66.2935485839844 74.1558532714844 -9999 33.3132934570312 14.4340867996216 -9999 14.4395294189453 14.53590965271 14.7724752426147 16.1038494110107 26.4257221221924 58.2228927612305 97.2939987182617 109.427642822266 82.8320083618164 6.29040765762329 6.29040718078613
