ssp1models/sc1gr21.13
NCOLS 261 
NROWS 433 
XLLCORNER 336357.134 
YLLCORNER 654653.479 
CELLSIZE 1000 
NODATA_value -9999 
[rows 176 to 197 of 433, columns 150 to 199 of 261]
8.52828121185303 8.49605751037598 8.49605560302734 8.50724029541016 10.1254940032959 23.1108455657959 53.6514358520508 63.5075454711914 38.4362564086914 27.1031627655029 26.5898475646973 26.9757633209229 30.5748863220215 41.4347343444824 55.4181900024414 52.3017463684082 46.7137107849121 42.6095809936523 41.6631240844727 40.9547843933105 39.3310813903809 36.645938873291 34.1217727661133 33.2666168212891 33.2210311889648 33.1599044799805 32.9096336364746 31.6021118164062 30.5340595245361 27.6391429901123 19.8161926269531 11.5859794616699 8.73324012756348 7.87214183807373 6.52769565582275 5.86185598373413 5.86623334884644 5.87275362014771 5.872971534729 5.8760552406311 5.92061758041382 6.24166584014893 7.55586338043213 10.4311904907227 -9999 14.3824262619019 15.1708736419678 20.7879543304443 62.5454521179199 72.5543746948242
8.53060626983643 8.49892520904541 8.49892520904541 8.56990623474121 11.3266544342041 31.5227470397949 80.7414093017578 105.913795471191 69.2339935302734 35.173641204834 26.5988655090332 26.970573425293 30.4535961151123 41.0830116271973 55.8894348144531 53.7167205810547 48.2570838928223 43.1035842895508 41.8523597717285 41.7225074768066 40.9530601501465 38.5134162902832 35.0446090698242 33.2800788879395 33.2798004150391 33.2737922668457 32.8589401245117 31.3388710021973 29.7050228118896 25.4935302734375 16.3649654388428 8.54462337493896 6.82491159439087 6.62919187545776 6.02494621276855 5.60057878494263 5.70530271530151 5.86617660522461 5.87282657623291 5.96435308456421 6.46782970428467 7.92122650146484 10.3781061172485 12.8609952926636 14.1343441009521 14.3525648117065 14.7287693023682 18.9660110473633 53.6066207885742 62.3667984008789
8.53059387207031 8.49892520904541 8.49892520904541 -9999 12.0760765075684 33.1867446899414 84.6491165161133 121.457260131836 92.8068466186523 45.1170043945312 26.7154216766357 26.9524345397949 30.2877731323242 40.6201286315918 55.3595504760742 52.2210235595703 46.9641265869141 43.952091217041 44.8782119750977 45.5050201416016 43.3158683776855 39.293083190918 35.2747421264648 33.4995422363281 33.4929656982422 33.1031188964844 31.5817165374756 26.9055290222168 21.2155475616455 15.2791213989258 9.08716297149658 5.71425247192383 5.36124277114868 5.42121267318726 5.35805702209473 5.30398321151733 5.5497670173645 5.86617660522461 5.88806056976318 6.18240547180176 7.6038966178894 10.5845670700073 13.1960153579712 -9999 14.342511177063 14.3592166900635 14.6637830734253 18.1431140899658 46.7400093078613 54.0448188781738
8.53058052062988 8.50846099853516 8.59637355804443 9.76623821258545 15.3986988067627 38.2561302185059 84.3189849853516 123.689834594727 112.563125610352 61.8043746948242 29.0030612945557 26.8795108795166 29.61354637146 38.6311416625977 55.2112693786621 54.3076095581055 55.3661346435547 69.1737442016602 97.9994659423828 109.479141235352 80.7876129150391 47.6926689147949 36.7782402038574 38.5674743652344 38.549259185791 32.0829086303711 26.5499629974365 17.0967063903809 10.2751054763794 7.29951858520508 5.52964544296265 5.09970664978027 5.07795810699463 5.09275674819946 5.10292053222656 5.1811146736145 5.46584701538086 5.86617612838745 5.88761758804321 6.21275186538696 7.94869184494019 11.6477489471436 14.234637260437 14.344874382019 14.3592166900635 14.3592166900635 14.6617479324341 18.0778121948242 45.4442176818848 52.1914939880371
8.54475021362305 8.67849254608154 10.134693145752 22.9536628723145 35.7270736694336 59.0823173522949 91.2591400146484 123.306098937988 127.39811706543 83.7024002075195 38.6438064575195 26.9500885009766 28.7601356506348 34.1681098937988 53.7277717590332 64.6454544067383 89.7984237670898 138.525177001953 185.567657470703 187.110794067383 132.736618041992 75.0413589477539 58.5309448242188 62.6837425231934 63.3844871520996 33.174488067627 19.4375915527344 9.28674507141113 5.6334171295166 5.23608493804932 5.0657787322998 5.06515073776245 5.06515073776245 5.0651593208313 5.07491016387939 5.17222595214844 5.46963214874268 5.86738204956055 5.92727422714233 6.52415084838867 8.78292369842529 12.3706274032593 14.3523902893066 14.3592166900635 14.3592157363892 14.3592157363892 14.6982650756836 18.4289588928223 45.8021049499512 51.5913391113281
8.81905555725098 9.30329608917236 13.0781908035278 48.5322036743164 66.6188507080078 79.4076766967773 95.3291244506836 118.91822052002 132.795227050781 104.583541870117 54.9672737121582 34.2399368286133 45.434398651123 51.6874084472656 64.9961013793945 112.898323059082 168.572814941406 211.261291503906 229.404937744141 202.00553894043 138.63362121582 90.5546798706055 81.7691116333008 83.0357971191406 78.1138381958008 25.7097949981689 10.9220151901245 6.05333423614502 5.06515073776245 5.06515121459961 5.06515121459961 5.06515073776245 5.06515073776245 5.0653395652771 5.07879590988159 5.19749784469604 5.52985620498657 5.89772319793701 6.28031396865845 7.90591812133789 10.9797563552856 13.58997631073 14.3582792282104 14.3592166900635 14.3592157363892 14.3592166900635 14.5426177978516 16.5331192016602 30.4256687164307 32.8885765075684
9.99357891082764 10.5307855606079 15.3933258056641 62.2512397766113 80.2257919311523 84.8171234130859 95.016242980957 114.671020507812 133.860336303711 126.034820556641 94.6697769165039 98.3924560546875 139.412063598633 149.263031005859 133.539474487305 205.590866088867 268.811401367188 273.333618164062 258.582489013672 215.722152709961 -9999 96.0883178710938 90.9939575195312 84.2768478393555 64.7118759155273 12.4505796432495 6.26496315002441 5.2523980140686 5.06515121459961 5.06515121459961 5.06515121459961 5.06515073776245 5.06515073776245 5.0652871131897 5.07770872116089 5.19020891189575 5.51189661026001 5.93622207641602 6.69646120071411 9.2664270401001 12.6114549636841 14.2187395095825 14.3592176437378 14.3592176437378 14.3592166900635 14.3592166900635 14.4028816223145 14.8728685379028 18.0720348358154 18.5271511077881
10.7924680709839 11.6664485931396 19.4743671417236 70.8172912597656 82.4965057373047 96.1961669921875 -9999 137.758499145508 145.604339599609 188.065246582031 221.897994995117 221.228057861328 210.514373779297 213.853897094727 249.528182983398 309.109771728516 334.431823730469 323.814208984375 298.782470703125 263.460754394531 212.858413696289 161.31201171875 121.439323425293 80.2555084228516 42.3623580932617 6.23949003219604 5.4246973991394 5.17191028594971 5.06515121459961 5.06515121459961 5.06515121459961 5.06515121459961 5.06515121459961 5.0651707649231 5.07100200653076 5.1320972442627 5.34739303588867 5.91453409194946 6.74078702926636 9.38994884490967 12.7873096466064 14.3164873123169 14.3592176437378 14.3592176437378 14.3592176437378 14.3592176437378 14.3743133544922 14.5344667434692 15.5895700454712 15.7473936080933
11.0611543655396 13.3884592056274 26.1237487792969 77.7777557373047 -9999 -9999 188.921508789062 169.796417236328 218.024887084961 449.636505126953 622.732177734375 450.160125732422 230.691192626953 233.776504516602 365.494964599609 395.585876464844 377.787902832031 347.591857910156 300.035888671875 282.584289550781 266.562103271484 231.782440185547 177.827545166016 94.6702117919922 27.510232925415 5.44617176055908 5.38690185546875 5.17195558547974 5.06515073776245 5.06515121459961 5.06515121459961 5.06515121459961 5.06515121459961 5.06521272659302 5.06774234771729 5.09874868392944 5.25593137741089 6.07994985580444 7.41403818130493 10.5842294692993 13.5137195587158 14.3199729919434 14.3592166900635 14.3592176437378 14.3592176437378 14.3592176437378 14.3737354278564 14.5252275466919 15.4703674316406 15.5990619659424
13.1502771377563 24.7429084777832 51.7783355712891 80.5335845947266 -9999 -9999 207.696975708008 195.025085449219 271.930908203125 500.175811767578 735.104309082031 689.915283203125 469.223266601562 402.330200195312 541.6337890625 507.671081542969 399.580810546875 293.908325195312 256.820892333984 252.805282592773 250.379669189453 231.255798339844 179.185928344727 94.9938049316406 26.4754905700684 5.44617128372192 5.38704442977905 5.17204618453979 5.06515073776245 5.06515073776245 5.06777381896973 5.09820747375488 5.23377656936646 5.54088115692139 5.86298036575317 5.84666728973389 5.75172090530396 6.74985837936401 8.8742561340332 12.2690010070801 14.2134256362915 14.3199062347412 14.3592166900635 14.3592157363892 14.3592157363892 14.3592157363892 14.3759336471558 14.5459480285645 15.5147609710693 15.5990610122681
16.623140335083 34.1554718017578 62.6019134521484 84.9618453979492 -9999 -9999 159.884490966797 172.291732788086 275.292419433594 523.747497558594 772.895080566406 716.365539550781 481.641510009766 385.852386474609 504.477661132812 532.510131835938 396.057495117188 242.628921508789 235.894866943359 235.358810424805 226.996459960938 206.873870849609 162.021560668945 93.7341003417969 32.7134437561035 5.44618034362793 5.38857555389404 5.1870059967041 5.12139225006104 5.16096639633179 5.20155906677246 5.7577223777771 7.77643537521362 10.056022644043 9.36548328399658 7.08441877365112 6.47172212600708 7.11172676086426 8.83856010437012 12.0081548690796 14.1186170578003 14.3198728561401 14.3592166900635 14.3592166900635 14.3592166900635 14.3592166900635 14.3772602081299 14.5584335327148 15.5417566299438 15.5992059707642
31.8069286346436 55.7203636169434 73.9084701538086 84.3144378662109 -9999 -9999 159.243148803711 201.867584228516 304.019195556641 508.932586669922 721.339172363281 661.606384277344 428.543395996094 331.132873535156 429.422027587891 486.807708740234 377.994232177734 224.090591430664 228.678619384766 228.598114013672 214.878875732422 190.551254272461 149.67512512207 92.0563812255859 34.4754219055176 5.57958841323853 5.48914480209351 5.52486562728882 6.35187578201294 7.23140001296997 7.09698104858398 7.7139573097229 11.2628269195557 14.2198133468628 11.6121397018433 7.64415502548218 6.90709733963013 7.11344289779663 8.03968715667725 10.4895820617676 13.2136535644531 14.314302444458 14.3592166900635 14.3592166900635 14.3592166900635 14.3592319488525 14.3787727355957 14.5716619491577 15.5707578659058 15.6122884750366
62.6752090454102 89.9014282226562 85.8060684204102 88.0244216918945 -9999 -9999 265.690460205078 291.082244873047 329.119842529297 394.130950927734 495.531188964844 526.660705566406 406.205108642578 288.303375244141 358.225860595703 379.818084716797 308.488922119141 221.292770385742 227.501113891602 226.13166809082 207.862579345703 174.821014404297 128.961868286133 75.0807266235352 28.1918067932129 8.58903980255127 7.43859624862671 7.3139705657959 10.7873077392578 13.7603979110718 13.696967124939 13.9137811660767 15.5294342041016 15.7841567993164 11.7758979797363 7.68773221969604 6.98684501647949 7.02537965774536 7.39088153839111 8.97871112823486 12.0082349777222 14.1645927429199 14.3592166900635 14.3592176437378 14.3592176437378 14.3597583770752 14.385612487793 14.6021938323975 -9999 -9999
84.0745086669922 116.92407989502 101.709075927734 92.7221984863281 -9999 -9999 327.488189697266 336.468231201172 324.715026855469 305.161224365234 316.884429931641 359.460754394531 342.201141357422 267.607269287109 282.390502929688 275.397125244141 229.259719848633 205.206192016602 221.721664428711 221.394668579102 201.482177734375 166.441223144531 121.424850463867 69.770133972168 30.2013149261475 22.1840438842773 19.3538475036621 -9999 15.9792003631592 17.8944072723389 17.9150333404541 17.9278793334961 17.8873424530029 16.3116340637207 11.797215461731 7.75337505340576 7.03255224227905 7.03796672821045 7.18084716796875 8.22519969940186 11.1110506057739 14.0305347442627 14.7306289672852 14.7310009002686 14.7313833236694 14.7353591918945 14.8113327026367 -9999 -9999 17.9853343963623
91.5660934448242 130.084991455078 120.37914276123 94.4432067871094 139.602157592773 260.877166748047 336.269134521484 366.695343017578 382.480987548828 366.321868896484 331.2158203125 312.308410644531 289.218872070312 255.607635498047 217.561065673828 196.761672973633 171.411254882812 168.80126953125 182.686996459961 184.656478881836 174.143478393555 152.679702758789 116.807815551758 68.9400787353516 34.663459777832 31.81662940979 29.0571823120117 23.0835094451904 19.1408843994141 18.5487079620361 18.5531330108643 18.5044460296631 -9999 15.5046005249023 10.7707567214966 7.39193487167358 7.05789470672607 7.05867528915405 7.12553882598877 7.77588319778442 10.0823955535889 13.4061079025269 14.9494037628174 14.9494247436523 14.9494466781616 14.9590244293213 15.1296110153198 16.1383972167969 20.018404006958 20.4437446594238
89.0719451904297 131.992752075195 128.657043457031 93.9438323974609 124.431198120117 239.549957275391 361.655242919922 409.450988769531 436.302642822266 446.733154296875 426.752044677734 379.421661376953 331.110321044922 310.507507324219 227.298843383789 199.977874755859 170.473983764648 143.647125244141 148.732864379883 150.80876159668 148.385284423828 137.242904663086 107.169242858887 67.2362213134766 40.774284362793 32.7891120910645 28.8952255249023 22.7235527038574 19.2307929992676 18.5578136444092 18.5422496795654 18.277889251709 16.6985664367676 12.6812629699707 8.5073823928833 7.10103988647461 7.05937480926514 7.07017421722412 7.23458480834961 8.16391563415527 10.6432666778564 13.7015562057495 14.9608850479126 14.9608850479126 14.9608840942383 14.9755401611328 15.2112627029419 16.5185680389404 21.3611850738525 21.4123611450195
78.64599609375 125.479446411133 132.090316772461 97.4945678710938 114.386177062988 222.616683959961 376.130493164062 448.035003662109 438.134735107422 434.641632080078 428.400939941406 401.458984375 378.9345703125 379.624450683594 373.624786376953 320.116180419922 202.095748901367 134.484680175781 135.688690185547 135.995880126953 134.289596557617 128.301422119141 112.016128540039 85.7151565551758 54.3512916564941 31.5680656433105 26.0496616363525 20.2606811523438 18.6597328186035 18.5572395324707 18.5146179199219 17.9985542297363 15.5722913742065 10.7055244445801 7.25897645950317 7.05937528610229 7.05937528610229 7.12731504440308 7.80805730819702 10.0002412796021 12.7943563461304 14.489691734314 14.9608850479126 14.9608850479126 14.9608850479126 14.9792814254761 15.2495450973511 16.6440620422363 21.5168590545654 21.5168590545654
64.8928146362305 114.343284606934 132.561584472656 95.5433197021484 96.7216186523438 184.285186767578 355.051818847656 438.352691650391 386.591522216797 373.355987548828 370.334777832031 356.281463623047 345.086761474609 358.536102294922 460.355285644531 383.798828125 195.67497253418 128.10791015625 128.515243530273 129.18766784668 128.831130981445 126.54305267334 124.899055480957 117.385398864746 78.6491851806641 29.2340202331543 23.4265727996826 19.1766586303711 18.5576457977295 18.5387992858887 18.3189086914062 17.1161823272705 13.7946147918701 9.3408260345459 7.06509828567505 7.05937480926514 7.05937528610229 7.17111825942993 8.21966361999512 11.2255945205688 14.0315065383911 14.7958154678345 14.9608840942383 14.9608840942383 14.9608840942383 14.9829435348511 15.2843790054321 16.739673614502 21.5168590545654 21.5168590545654
54.2943267822266 98.9699783325195 126.431930541992 94.3936233520508 107.397026062012 214.185089111328 421.264709472656 509.699951171875 398.994476318359 340.917388916016 331.325408935547 300.796875 277.459503173828 286.610687255859 564.378356933594 584.750244140625 307.227478027344 151.373947143555 152.638610839844 174.378890991211 215.558700561523 225.017684936523 240.60791015625 325.453674316406 281.654052734375 23.8733558654785 20.9505081176758 18.8844089508057 18.5448589324951 18.3524703979492 17.2685031890869 14.3718233108521 10.5128831863403 7.89061164855957 7.05937480926514 7.05937480926514 7.05937528610229 7.23137474060059 8.47003173828125 11.6687440872192 14.3300848007202 14.8277025222778 14.9608840942383 14.9608840942383 14.9608840942383 14.9855852127075 15.3063869476318 16.7781944274902 21.3925304412842 21.4155559539795
45.4902687072754 74.2674179077148 103.642555236816 148.564987182617 223.377548217773 347.459014892578 537.784790039062 593.631164550781 438.199981689453 339.472503662109 328.661499023438 295.375 261.457092285156 236.852310180664 397.484008789062 437.698852539062 286.405395507812 187.358383178711 199.834625244141 289.863098144531 478.236968994141 531.23779296875 476.1669921875 537.233520507812 386.505889892578 20.3433170318604 19.7115821838379 18.8506183624268 18.4585704803467 17.567361831665 14.6129236221313 10.4902791976929 7.95457792282104 7.1877007484436 7.06287670135498 7.08705186843872 7.15186166763306 7.58683013916016 9.18779945373535 12.2783288955688 14.4169445037842 14.8275928497314 14.9608850479126 14.9649620056152 15.0224657058716 -9999 15.9040098190308 16.3312606811523 17.4139862060547 17.9885997772217
42.3218193054199 -9999 68.1710357666016 182.035064697266 292.414367675781 416.6240234375 609.149475097656 654.50390625 452.055114746094 331.274169921875 340.370941162109 350.788757324219 331.235076904297 261.346618652344 252.042129516602 257.428131103516 239.255355834961 238.624877929688 256.762969970703 318.5380859375 454.286895751953 524.652526855469 538.725036621094 582.335571289062 378.440826416016 20.8096408843994 20.5896301269531 19.8644123077393 19.0128040313721 16.6618785858154 11.85680103302 7.94755077362061 7.14655685424805 7.11174821853638 7.27715587615967 7.8342719078064 9.13150882720947 -9999 11.266619682312 13.1437177658081 14.4363870620728 14.8274812698364 14.9660835266113 15.1454153060913 17.0387134552002 25.5775852203369 41.5993728637695 45.7748718261719 10.1843700408936 10.5578718185425
-9999 -9999 -9999 501.473114013672 457.355285644531 394.931488037109 521.698608398438 731.916381835938 895.349304199219 1003.50152587891 964.7099609375 774.037170410156 470.354278564453 276.352142333984 284.923553466797 327.437896728516 347.669189453125 331.268829345703 335.209320068359 364.404357910156 326.346374511719 254.224884033203 224.63444519043 194.368041992188 142.085708618164 59.1800498962402 58.5413589477539 56.1656150817871 52.2721557617188 44.3871383666992 39.5583953857422 49.0890769958496 -9999 65.5910491943359 73.3700485229492 -9999 32.9602813720703 14.2811326980591 -9999 14.2865180969238 14.4373807907104 14.8637180328369 16.2732887268066 26.703763961792 58.8354911804199 98.3176879882812 110.579002380371 83.7035446166992 6.35659313201904 6.35659313201904
