ssp1models/sc1gr3.FIL
ncols         261
nrows         433
xllcorner     336357.134
yllcorner     654653.479
cellsize      1000
NODATA_value  -9999
[rows 87 to 115 of 433, columns 66 to 131 of 261]
269.5968 269.7693 269.2722 269.6085 269.7781 269.4477 269.1172 269.1201 269.123 268.9592 269.1287 268.9649 269.1372 269.3067 269.3095 268.6456 268.6484 268.6512 268.6539 268.6567 268.8261 268.1621 267.6649 267.3369 266.6729 267.3422 266.8448 266.6808 266.6835 266.0194 266.022 266.8579 266.8605 266.5298 267.0349 267.0374 266.5399 266.2091 266.2116 265.5475 265.55 266.0524 266.5549 266.5574 266.7265 266.898 266.5671 266.2362 266.2386 266.241 266.0767 266.0791 266.0815 265.0838 265.0862 265.0885 265.7598 264.9288 266.7645 267.1001 266.9357 267.938 268.1069 268.1092 267.6115 268.1137
269.4294 269.6019 268.9382 268.6078 269.1107 268.9469 268.7831 268.9527 268.7889 268.6251 268.9613 268.9641 268.9698 269.1393 269.142 -9999 267.8143 268.1504 268.6531 268.3225 268.1586 267.9947 267.8307 267.6694 266.6721 266.8414 266.8441 266.5134 266.8493 266.8519 266.8545 266.8571 266.5264 266.0289 267.0341 267.2033 267.2058 266.375 266.2108 266.0467 265.0492 265.385 266.0541 266.5566 266.8924 266.7306 266.5663 266.9021 266.9045 266.2402 265.5759 264.9117 265.914 264.9164 264.9187 264.9211 264.9257 265.928 266.2637 265.9326 267.1016 267.1039 268.1061 268.1084 266.944 267.1129
269.5953 269.2678 268.7707 268.7737 268.7766 268.9461 268.6157 268.6186 268.7881 268.4576 268.7938 267.9633 268.1356 268.1384 267.8079 267.8107 267.8135 267.8162 267.819 268.4884 268.4911 267.9938 267.6632 267.6686 266.6712 267.0073 267.0099 266.0125 267.0152 266.8511 266.8537 266.023 266.0256 266.1948 267.1999 267.0358 266.0383 266.0408 266.0434 266.0459 265.3817 265.0508 265.72 266.0558 266.5582 266.7298 266.8989 266.2346 265.737 266.0728 265.7418 265.5775 265.9132 265.9156 265.0846 264.9203 265.0916 265.9272 265.9295 266.7652 266.7675 267.7697 267.9387 266.9409 267.2765 268.1121
269.5945 269.2671 268.4366 269.1062 268.7758 269.112 268.7816 268.7845 268.6206 267.9568 267.9597 267.9625 267.9682 268.1376 267.8071 267.3099 267.9793 268.1487 268.3182 267.9876 267.9903 267.993 267.6624 267.8344 267.8371 267.1731 267.0091 267.0117 266.681 266.017 266.8529 266.0222 266.1914 265.3607 267.0324 266.7017 266.3708 265.7067 265.8759 265.8784 265.3809 265.7167 265.3859 265.7216 266.0574 266.729 266.3981 266.9005 266.0695 265.7386 265.741 265.5767 265.0791 264.9148 265.9171 264.7528 264.9241 265.4265 266.0954 266.5977 266.7667 266.6023 266.6046 266.9402 267.7758 268.1113
269.4271 269.433 268.7692 269.1055 268.9417 269.2779 268.7808 268.9503 268.4532 268.7894 268.7922 268.295 268.134 267.9702 267.6396 266.9757 266.9785 267.9813 267.984 267.6534 267.6562 267.8255 268.1616 268.0003 268.003 267.839 268.0083 266.8442 266.8469 266.0162 266.0188 265.688 265.6906 266.0265 266.0316 266.3675 267.0367 266.3726 266.8751 266.5443 266.5468 266.2159 265.7184 265.7209 266.0566 266.8949 266.0639 266.733 266.9021 266.0712 265.7402 265.9093 264.9117 264.914 264.9164 264.752 264.4234 264.9257 265.7613 265.9303 266.5992 266.9348 266.6038 267.2727 267.9416 267.6105
269.093 269.4322 269.4351 269.1047 269.1076 268.9438 269.1133 268.6162 268.7857 268.6219 268.4581 268.1276 267.9666 267.9694 267.3055 266.9749 267.311 267.3138 266.9832 266.6526 267.1554 267.6581 268.3275 267.6661 267.6688 267.8381 267.8408 267.0101 267.0127 266.0154 266.0179 265.5206 265.0231 266.1924 266.3642 266.2001 266.3693 266.3718 266.2076 265.7101 266.546 265.8818 265.3843 266.3867 266.2225 266.8941 265.7298 266.8989 266.9013 266.0704 266.0728 265.9085 265.7442 265.0799 264.0822 264.7513 264.9226 265.9249 266.0939 266.0962 266.7651 266.6007 267.103 267.6053 266.9409 266.7764
-9999 -9999 269.4344 268.9373 268.9402 268.9431 268.6126 -9999 269.1183 268.7878 268.124 267.9601 267.4658 267.9686 267.3047 266.9742 266.8102 266.6463 266.1491 266.6518 267.3212 267.8239 267.9933 267.832 268.0013 267.8373 267.0067 266.8427 266.6786 266.5146 266.1838 265.8531 266.0223 265.3582 266.1967 266.0326 266.2018 266.5377 266.2068 265.7094 265.8785 265.881 265.2168 265.2193 266.0551 266.56 265.7291 266.2315 266.7339 266.903 266.072 265.9077 265.5768 265.0791 264.2481 264.5838 265.2551 265.7574 266.0931 266.9287 267.0977 267.0999 265.9355 266.9378 266.6067 266.9423
269.4249 269.7641 269.4337 269.2699 268.9394 268.9423 269.1118 -9999 -9999 268.787 268.1232 267.9594 267.7983 267.6345 268.3039 267.9734 267.3094 266.8122 266.6483 266.9844 267.8204 266.8231 267.8258 267.6646 267.5005 267.6699 267.8392 267.0085 267.0111 266.0138 266.0164 266.019 266.1882 265.5241 266.1959 265.3651 266.201 266.3702 266.2061 266.2086 265.8777 265.8802 265.716 265.7185 265.7209 266.2258 266.0616 265.8973 266.2331 266.0688 265.9046 266.0736 266.076 265.9117 264.5807 264.4164 265.0877 265.4233 266.0923 266.0946 266.9302 266.9325 267.1014 266.7704 266.106 266.7749
269.2568 269.4293 269.4322 268.935 268.9379 269.1075 268.4437 268.7798 268.7827 -9999 268.955 267.7912 267.9634 268.2996 266.8023 267.8051 266.8079 266.644 266.3134 266.4828 266.6522 267.3215 267.9909 267.4963 267.499 267.8358 267.0051 267.0077 267.0103 266.1796 266.8489 266.5182 266.1874 265.5233 266.1951 265.3643 265.7002 266.2028 266.2053 266.2078 265.7103 265.5461 265.0486 265.7177 265.8868 266.0584 265.7275 265.8966 266.0656 265.7347 266.0704 265.9062 265.9085 265.4109 265.0799 264.4156 265.2536 265.7559 266.7582 266.4272 266.0961 267.0984 -9999 267.1029 267.1052 266.1074
269.4228 269.4286 268.9314 268.9343 269.1039 268.2734 267.9429 268.2791 268.2819 267.7848 268.9543 268.9571 268.296 266.9655 266.8016 267.8043 267.3071 266.9765 266.9792 266.982 266.8181 266.8208 267.6568 267.4955 267.6649 267.6675 267.6702 267.1728 267.0088 267.5114 267.514 267.1833 265.8525 266.1884 265.6936 265.0294 265.032 266.0345 266.2037 266.2062 266.0421 265.7112 265.047 265.2162 265.8853 265.8902 265.8926 265.895 265.8974 265.8998 265.5689 265.7379 266.0737 266.076 264.7451 264.9141 265.9187 265.9211 266.59 266.759 267.7613 267.9302 268.0992 267.4347 267.1036 266.9392
269.422 268.9278 268.9307 268.1003 268.7698 268.7726 268.2755 268.2783 268.1145 267.9507 268.4535 269.123 268.1286 267.9647 267.8008 267.3036 266.8063 266.9757 266.8118 266.8145 266.8173 266.6533 266.4893 267.8281 267.6641 267.6667 267.6694 268.0053 267.508 267.5106 267.5132 267.1825 266.3517 266.6877 266.1928 265.1953 265.1979 265.7004 266.3696 265.3721 265.8746 265.8771 265.8796 265.382 265.5512 265.8894 265.8918 265.8943 266.3967 265.7324 265.9015 265.9039 265.9062 265.7419 264.7443 265.08 266.0846 265.9203 267.0892 266.9249 267.7605 267.9294 268.0984 268.1006 267.9362 266.9384
269.4213 268.9271 268.7633 268.2662 268.769 268.9386 268.1081 267.7776 267.7804 268.1166 269.1194 269.1222 268.6278 268.2972 267.8 267.6361 267.9722 267.1416 267.811 267.8138 267.3165 266.8192 266.6552 267.6606 267.6633 267.6659 267.8353 267.8379 267.6739 267.0098 266.8458 267.015 267.1843 266.3535 266.192 266.1945 265.0304 265.8663 266.3688 265.3713 265.3738 265.2097 266.0455 265.5479 265.2171 265.0553 265.3911 265.8935 -9999 265.7317 265.9007 264.9031 264.9055 264.9078 264.9102 265.7459 266.0839 266.0862 267.0885 267.0908 266.5931 266.9287 267.9309 267.9332 267.9355 267.4377
269.4206 268.2597 268.5959 268.4321 268.435 268.9378 267.774 267.7769 267.7797 267.9492 267.952 268.9548 267.9604 268.2965 267.9659 267.9687 267.8048 267.8075 267.8103 267.9796 267.3157 267.3184 266.8211 267.8265 267.9958 267.8318 268.0012 267.5038 267.3398 267.3424 267.5117 267.3476 266.5168 266.1861 266.0246 265.8604 265.363 265.1989 266.368 266.0372 265.2064 264.8755 264.7114 265.8805 265.0497 265.0545 264.7236 265.3927 265.7285 266.0642 266.0666 265.7357 265.5714 264.7404 264.7428 266.0784 266.9164 266.9188 266.9211 266.7567 266.9256 266.7612 267.7635 268.0991 267.9347 267.9369
268.42 268.259 268.2619 268.2647 268.6009 268.1038 267.7733 267.7761 267.7789 267.9484 267.9512 269.1207 267.9596 267.7957 267.9651 267.9679 267.804 267.1401 266.4762 267.6456 266.8149 266.651 266.6537 266.8257 267.8284 266.8311 267.3337 267.003 267.0056 267.3416 267.5109 267.5135 267.0161 267.0186 266.0238 266.0263 265.6956 264.8647 265.2006 265.8698 265.039 264.8748 265.3773 265.7131 265.7155 264.8871 264.7229 265.2253 265.8944 265.8968 265.8992 265.9016 265.0706 264.7397 264.9087 265.911 265.9157 266.2513 266.087 266.4226 266.0916 267.0938 267.4294 268.0983 267.7672 267.7695
269.0859 268.2583 268.2612 267.764 268.1002 267.7697 267.9392 267.7754 -9999 268.281 268.1172 268.4533 268.2922 267.9616 268.1311 267.9672 267.6366 267.306 266.4754 267.3115 267.3142 267.1502 266.4862 267.1583 267.1609 267.1636 267.3329 267.3356 267.1715 267.3408 267.3434 267.346 267.182 267.0179 266.6897 266.3589 265.8615 265.5306 265.0332 264.869 265.5382 265.2074 264.8765 264.879 265.7148 265.053 264.8888 266.0579 266.0603 266.0627 266.0651 266.0675 266.0699 264.9055 264.9079 265.9126 265.9149 265.7506 265.9196 266.5885 266.4241 266.9264 267.4286 267.7643 267.7665 268.1021
268.7519 268.2576 268.2605 268.43 267.7662 267.769 267.7719 268.2747 268.2775 268.2803 267.9498 267.9526 268.1248 267.9609 267.797 268.1331 267.8025 267.6386 267.308 266.8107 266.8134 266.8161 266.9855 266.4908 266.9935 266.8295 266.8322 267.1682 267.3374 266.8401 267.176 267.1786 267.0145 267.0171 266.8556 266.8582 266.0273 265.5299 265.5324 265.5349 264.8708 265.7066 264.8757 264.8782 264.8807 265.0522 265.2213 265.8904 266.0595 266.0619 265.0643 266.0667 266.0691 265.2381 265.0738 264.9118 264.9142 265.9165 265.9188 267.0877 267.09 266.9256 267.4279 267.9302 267.4324 267.768
268.5845 268.2569 268.5931 268.9293 267.7655 267.435 268.1045 267.1073 266.9434 267.9462 268.1157 268.2852 268.4574 267.9601 267.9629 267.9657 267.8018 267.6378 267.8072 267.6433 267.3127 266.8154 266.9847 266.4901 266.6594 267.1621 267.3314 267.1674 267.0034 267.006 267.1753 267.0112 266.8471 267.3497 266.8548 266.8574 266.5266 266.5291 265.865 266.0342 265.87 265.7058 265.5417 265.5441 264.8799 264.8848 264.8873 264.8897 264.8921 265.7278 265.7303 265.066 266.0683 266.0707 265.0731 265.4111 265.0801 266.0824 266.0847 265.9203 266.9226 267.2582 267.4272 267.0961 268.0983 268.1005
268.9172 269.0896 268.9258 267.7619 267.7648 268.1009 266.9371 266.9399 266.9427 267.2788 267.7816 268.6178 267.9566 267.7928 267.7955 267.2982 267.301 267.6371 267.8065 267.8092 267.8119 267.6479 267.1506 265.9893 265.6587 267.1613 267.164 267.1666 267.1693 267.1719 266.1745 266.6771 267.013 267.1823 267.1874 266.69 266.5258 266.695 266.0309 266.3668 265.8693 266.0384 265.8742 264.7101 265.0458 264.3841 264.8865 264.8889 264.8914 264.8938 264.8961 264.8986 265.9009 265.7366 264.9056 265.9103 266.246 266.0816 266.9173 266.9196 267.2552 266.9241 267.2597 267.9286 267.7642 267.5998
268.9165 269.0889 269.0917 267.7612 267.7641 268.2669 266.9364 266.7725 266.7753 266.9448 -9999 268.2837 -9999 267.6253 266.9614 266.4642 266.6336 267.303 267.3057 267.3084 267.8112 -9999 266.8166 266.3219 265.9912 266.1606 267.1632 266.9992 266.8352 266.8378 266.6737 266.843 266.8456 267.3482 266.52 266.5226 266.8584 266.861 267.0302 267.0327 266.3685 265.871 266.0401 265.7093 265.7118 264.7167 264.3858 264.0548 264.8906 264.893 264.8954 264.8978 265.5668 264.9025 264.7382 265.9096 265.5786 266.0809 266.0832 266.9188 266.9211 267.2567 267.759 267.9279 266.9301 267.7657
268.7492 268.4215 268.591 268.4272 268.0967 268.0995 267.1024 267.2718 266.9413 268.1107 268.1135 267.6163 268.1219 267.6246 267.6274 266.7968 265.9662 266.8022 266.4716 266.9744 266.8104 266.8131 266.8158 266.6545 266.3239 265.9932 266.3292 -9999 266.8344 267.1704 266.8397 266.1756 265.8448 267.0141 266.5192 266.3551 266.0243 266.0269 267.0294 266.8652 266.7011 266.3702 265.5394 265.8752 265.0468 264.8826 264.0517 264.8875 265.0565 265.2256 265.0613 264.897 265.0661 264.7351 264.4041 265.4088 266.0778 266.4135 266.7491 267.0847 267.087 267.0893 267.5916 267.0938 267.2627 267.4316
268.0812 267.7535 267.7564 268.0925 268.0953 268.0981 267.2676 267.2704 267.2732 267.1093 268.1121 267.9482 267.7871 267.4565 266.6259 266.7953 266.4648 265.8008 265.9702 266.4729 266.309 266.145 267.3143 265.9864 265.8224 265.9917 266.161 266.1636 266.9996 267.1689 267.3382 266.0074 266.01 267.0126 266.8511 266.5203 265.5228 265.5254 265.6946 265.8645 265.5337 265.8695 265.872 265.8745 265.0461 265.0485 264.8842 264.22 265.0558 264.8915 265.0606 265.2296 265.0653 265.0677 264.7367 265.9081 266.0771 266.0794 266.415 266.4173 266.753 267.0885 267.0908 267.2597 266.9286 267.0975
268.0806 268.4196 268.4224 268.0919 267.928 268.0975 268.2669 268.2697 266.9392 267.1086 268.1114 268.1142 267.453 267.4558 267.6252 266.7946 266.1307 266.1334 265.8028 266.1389 265.9749 266.6443 266.9803 265.9856 266.155 265.4909 266.1603 266.4962 267.1655 267.0015 267.0041 267.0067 266.3426 266.0119 266.8503 266.3529 265.6888 265.858 265.8605 265.863 266.0322 266.0347 265.7038 265.873 265.8779 264.7137 264.7161 263.8852 264.0543 264.7234 265.2258 264.8948 264.8972 264.2329 264.9019 265.9066 265.9089 265.5779 265.9135 266.0825 266.4181 266.2537 266.756 267.2582 266.5938 266.9294
268.0799 269.0856 269.0884 268.0912 267.9273 267.9301 268.0996 267.4357 267.2719 267.2746 268.1107 268.2802 267.4523 267.1218 267.4578 266.4606 265.9633 265.966 265.6354 265.8048 265.9742 266.9769 265.9796 265.8182 265.8209 266.1569 266.4929 265.9955 266.3315 267.0008 266.8367 267.006 266.8419 266.847 266.683 266.6855 266.688 266.8572 265.8598 266.0289 265.8648 265.0339 265.7031 265.7056 265.8771 -9999 265.382 264.5511 263.8869 263.8893 264.225 264.5607 264.7298 264.0655 264.9012 265.4059 265.5748 265.2438 264.9128 265.5818 266.2507 265.9196 266.0886 267.0908 266.093 266.5952
268.2459 268.4182 268.4211 267.9239 267.9267 268.2628 267.9323 267.6017 267.2711 267.1073 268.2767 268.1128 267.285 267.6211 267.6238 266.7932 266.4626 265.7986 265.6347 265.3041 265.9734 265.9761 265.8122 266.1508 266.1535 266.1562 266.1588 265.9948 266.8307 266.8334 267.0026 266.8386 266.1745 266.513 266.8489 266.6848 266.854 266.8565 265.6924 265.6949 266.0307 265.8665 265.869 265.0381 264.8764 264.8788 265.2146 264.717 264.5528 264.8885 264.0576 264.06 264.0624 264.5647 264.2337 264.7384 265.2408 264.7431 265.2454 265.4143 264.2499 265.9189 267.0878 266.9234 266.2589 266.0945
269.0786 268.4176 267.9204 267.9232 268.0927 267.9288 267.9316 268.101 267.2705 267.1066 267.776 268.1121 267.451 267.6204 266.6231 266.1258 265.7952 266.2979 265.9673 265.97 266.3061 265.4754 265.1475 265.3168 265.9861 265.8221 265.9914 266.6607 266.4967 265.9993 266.8352 266.8379 265.8404 266.0122 266.8481 266.8507 267.0199 267.0224 266.6916 266.3608 265.8633 265.8658 265.7016 265.8708 265.209 265.0448 265.3806 265.383 265.3854 264.8878 264.3902 264.0592 263.7283 264.064 264.233 264.071 264.4067 265.2423 265.2446 265.4136 265.5825 266.4181 266.9204 266.0893 266.0915 266.9271
269.078 268.917 268.2531 267.9226 268.092 267.9282 267.2643 268.1004 267.4365 267.2726 267.1087 267.7809 267.2836 267.6197 266.7891 265.7918 265.7945 266.1306 266.3 266.3027 266.1387 265.4747 265.1468 266.1494 264.9854 264.9881 265.824 265.9933 266.1626 265.9986 266.0012 266.6704 266.0064 265.6782 265.8474 266.1833 266.6859 266.0217 266.3575 266.6934 266.3626 266.3651 266.0342 266.0367 266.0416 265.3774 265.3798 -9999 265.5513 265.3871 264.8895 264.3918 264.0609 264.0632 264.2323 263.9036 264.0726 265.0749 265.4106 265.9128 266.2484 266.584 266.253 266.2552 265.9241 266.7597
268.9135 268.9163 268.9191 268.9219 267.9247 267.2608 267.2636 267.2664 267.2692 267.1053 267.108 267.7802 267.7829 267.619 267.2884 266.6245 266.2938 266.9632 266.9659 265.802 265.9713 266.1407 265.146 266.3154 264.9847 264.9874 265.6567 265.6593 265.9952 265.9979 266.5005 266.5031 265.839 265.5108 265.68 266.5159 265.8518 266.021 266.0235 266.526 266.3618 266.3643 266.0335 266.0359 266.2076 266.21 265.7124 265.3815 265.5506 265.553 265.3887 264.8911 265.3935 264.2292 264.3982 264.4029 264.7385 264.7408 265.0764 265.2454 266.4144 266.4166 266.0855 265.2545 265.2567 266.0923
269.9129 268.9157 269.0852 268.7546 267.9241 267.2602 267.0963 267.4324 267.2685 266.6046 266.6073 267.6128 267.6156 -9999 267.4544 267.2904 267.1265 267.2959 265.9652 265.968 265.804 265.9733 265.1453 266.148 265.6507 265.4867 265.6559 264.9919 265.8279 265.8305 265.8331 266.8357 266.1716 265.3434 265.6793 265.6819 266.0177 266.0203 265.8561 266.5253 266.3611 266.0303 266.1994 266.0352 265.3735 265.3759 265.8784 265.0474 265.0499 265.2189 265.2213 265.3904 265.3927 264.3951 264.3974 264.4021 264.4044 264.0734 265.0757 265.2447 265.2469 266.4159 265.2515 264.2537 265.4226 266.0915
269.9123 269.9151 269.0846 268.9207 267.9235 268.0929 267.929 267.2651 267.2679 267.2706 266.94 266.7788 267.1149 267.1176 267.287 267.2898 267.4591 267.1285 265.7979 265.8006 266.3033 266.306 266.1447 265.9807 265.9833 -9999 265.8219 264.9912 264.8272 265.8298 265.8324 266.835 266.3376 265.8427 265.6786 265.8478 265.8503 265.6862 265.8554 266.1912 266.0271 266.1962 266.1987 265.7012 266.2061 265.5418 265.2109 265.0467 265.2158 265.2182 264.7206 265.3896 265.2253 265.3943 264.23 263.7347 264.4037 264.0727 264.7416 264.9106 266.0795 266.4151 265.4174 265.4196 265.4218 265.0907
