ssp1models/sc1gr21.4
NCOLS 261 
NROWS 433 
XLLCORNER 336357.134 
YLLCORNER 654653.479 
CELLSIZE 1000 
NODATA_value -9999 
[rows 264 to 285 of 433, columns 50 to 99 of 261]
372.435241699219 365.731964111328 419.630798339844 571.031372070312 792.463928222656 914.789794921875 803.350219726562 628.506530761719 569.13427734375 558.895080566406 523.239379882812 452.574798583984 414.480316162109 396.431701660156 313.026672363281 279.826995849609 295.176849365234 310.399017333984 347.168670654297 432.720092773438 602.650573730469 824.060913085938 860.679626464844 748.666015625 735.520385742188 766.510803222656 748.933349609375 656.474182128906 552.127990722656 582.425903320312 544.257690429688 459.747100830078 446.392517089844 436.050811767578 420.916259765625 399.695251464844 446.054565429688 473.275146484375 509.021453857422 567.729187011719 704.692077636719 852.67333984375 875.963806152344 740.300842285156 586.874328613281 506.714508056641 460.291046142578 486.017608642578 548.321899414062 619.12060546875
542.975219726562 531.109130859375 375.8193359375 422.110473632812 547.339050292969 619.207702636719 534.376098632812 401.640197753906 388.220428466797 442.145660400391 451.225067138672 407.230834960938 354.261474609375 343.649993896484 304.662353515625 282.978576660156 284.734069824219 293.900024414062 330.286590576172 391.547119140625 473.418518066406 580.878601074219 622.4033203125 576.945739746094 627.664245605469 845.767028808594 763.134399414062 682.050598144531 634.757690429688 630.011962890625 562.679992675781 482.669830322266 456.139068603516 423.613372802734 365.322479248047 311.080780029297 409.741363525391 474.645751953125 504.294189453125 561.8154296875 673.000122070312 750.348571777344 740.662109375 590.786254882812 460.031341552734 446.106353759766 444.699584960938 443.326843261719 427.701232910156 459.697723388672
527.611389160156 512.621032714844 313.47802734375 301.348754882812 381.509796142578 448.825561523438 411.255401611328 318.858337402344 310.976684570312 368.72705078125 411.636993408203 453.040222167969 463.598785400391 410.777648925781 394.833557128906 359.749481201172 330.213653564453 316.582275390625 326.338043212891 346.804046630859 349.080902099609 360.715911865234 384.852783203125 376.800811767578 421.491119384766 798.788696289062 796.622131347656 690.881164550781 622.636291503906 548.49755859375 448.928802490234 395.494689941406 372.144958496094 352.151306152344 313.039794921875 284.919097900391 414.826141357422 541.5888671875 651.498046875 718.319885253906 756.422607421875 786.539306640625 772.159301757812 632.939636230469 482.221954345703 425.004211425781 423.275970458984 444.935729980469 425.882781982422 449.846801757812
363.177276611328 372.950164794922 310.891693115234 283.005706787109 290.724853515625 310.350708007812 304.943359375 286.158874511719 291.930603027344 316.880920410156 357.172241210938 430.898315429688 482.553955078125 573.900634765625 612.850646972656 539.023620605469 423.954528808594 338.718322753906 306.528900146484 303.727752685547 316.941162109375 341.085693359375 331.216003417969 291.402679443359 299.366760253906 562.526672363281 693.5078125 711.090087890625 612.756164550781 473.604278564453 378.998870849609 328.987365722656 300.532989501953 308.378875732422 320.975402832031 325.690704345703 451.383728027344 554.179626464844 697.909057617188 829.230834960938 816.756896972656 765.565063476562 763.3466796875 693.217102050781 554.163024902344 431.438934326172 393.495025634766 420.813873291016 439.665252685547 497.292541503906
347.537109375 329.654968261719 236.629257202148 218.230209350586 212.442916870117 226.093338012695 275.128662109375 339.042602539062 344.217742919922 300.338226318359 292.985717773438 322.230529785156 329.946624755859 284.376312255859 296.305023193359 307.509613037109 340.164672851562 386.644561767578 347.269683837891 265.483459472656 271.944366455078 335.794738769531 396.585174560547 439.428741455078 459.881622314453 576.272705078125 689.14404296875 683.824523925781 537.791015625 410.970977783203 352.972717285156 320.959777832031 341.105651855469 381.622314453125 384.498626708984 394.350311279297 491.433715820312 561.751525878906 627.847900390625 677.187377929688 609.777282714844 489.379425048828 506.574920654297 552.930053710938 545.063354492188 510.738189697266 477.451721191406 382.031860351562 425.250701904297 473.516540527344
335.962615966797 365.699920654297 501.732391357422 408.865112304688 255.98454284668 217.519195556641 294.197479248047 374.642547607422 390.083374023438 373.079437255859 378.69677734375 381.347839355469 351.0869140625 217.22900390625 218.457778930664 282.165374755859 357.101745605469 420.386657714844 420.610198974609 328.394317626953 291.547790527344 355.473815917969 440.662841796875 542.158996582031 582.502319335938 520.183166503906 558.593200683594 555.819152832031 440.570770263672 343.719024658203 317.532745361328 303.46142578125 336.747009277344 390.288909912109 395.720306396484 420.682861328125 588.129211425781 761.045715332031 837.302856445312 798.460144042969 687.6669921875 523.667419433594 489.136108398438 530.794311523438 546.180847167969 556.740844726562 600.648071289062 413.944946289062 348.840118408203 375.296081542969
317.508605957031 301.901733398438 353.93212890625 339.669860839844 242.407455444336 193.497940063477 248.103958129883 324.125701904297 373.942810058594 422.908843994141 491.455383300781 510.517456054688 472.994201660156 308.460601806641 269.570648193359 343.907165527344 407.157409667969 403.258575439453 402.228576660156 363.584747314453 323.749053955078 387.866302490234 536.283142089844 672.99072265625 659.76318359375 465.133422851562 446.228363037109 423.790832519531 353.700988769531 293.695739746094 265.404571533203 261.461242675781 326.637359619141 441.316528320312 482.189300537109 497.469696044922 650.177429199219 832.063903808594 829.2783203125 658.622436523438 557.165588378906 482.149505615234 479.006225585938 484.619537353516 484.151184082031 536.635925292969 615.209716796875 425.635803222656 327.04248046875 313.018951416016
301.307037353516 284.248779296875 232.804016113281 229.403564453125 235.590469360352 262.351379394531 307.750640869141 367.731292724609 443.319732666016 524.798645019531 619.303771972656 638.5771484375 572.677307128906 445.190643310547 395.294525146484 377.169464111328 361.474670410156 373.405548095703 426.74609375 433.726013183594 405.031463623047 493.783599853516 629.853393554688 580.657409667969 436.463714599609 443.588043212891 502.891418457031 460.333160400391 369.139892578125 318.930267333984 271.158782958984 258.323150634766 295.055786132812 378.375640869141 469.682281494141 566.892150878906 676.810180664062 759.32958984375 744.587463378906 615.325073242188 554.628662109375 503.107360839844 454.45166015625 410.624664306641 431.276092529297 545.18310546875 601.7998046875 457.981964111328 455.853363037109 346.658264160156
266.099884033203 282.833587646484 230.102447509766 251.113922119141 339.7802734375 464.28662109375 573.284118652344 673.101318359375 771.209289550781 821.375671386719 826.442443847656 785.120178222656 670.274536132812 460.955261230469 416.989013671875 351.041229248047 322.790771484375 388.361602783203 506.539855957031 587.721130371094 536.822387695312 499.395904541016 527.684326171875 416.975250244141 309.781555175781 454.0439453125 535.275085449219 497.284454345703 401.629119873047 356.315643310547 304.768493652344 281.549530029297 283.350433349609 299.802795410156 364.246398925781 482.404846191406 643.211303710938 677.235473632812 678.790344238281 613.540893554688 566.181213378906 527.166748046875 474.367584228516 424.679626464844 445.272766113281 544.551025390625 573.186645507812 566.507080078125 546.702087402344 341.054840087891
366.049499511719 368.630249023438 236.930587768555 278.313842773438 456.412902832031 676.64111328125 780.069030761719 789.130554199219 763.958923339844 752.623046875 824.791015625 831.473754882812 671.094787597656 488.62548828125 498.217254638672 453.515777587891 428.230773925781 467.300537109375 546.479797363281 621.262084960938 575.264343261719 473.296447753906 401.441955566406 319.569671630859 325.326995849609 513.349975585938 557.807312011719 505.315826416016 411.424957275391 360.64501953125 318.062164306641 295.160400390625 297.84814453125 320.979431152344 372.402038574219 504.527679443359 1023.68798828125 1095.08520507812 962.881774902344 843.425048828125 709.20654296875 597.220153808594 584.464599609375 533.527587890625 458.211151123047 463.020385742188 518.238098144531 631.345275878906 539.523193359375 310.508972167969
492.966552734375 458.282562255859 277.900207519531 258.579742431641 457.684112548828 809.532470703125 1015.61529541016 998.916015625 861.124084472656 692.776306152344 668.254211425781 680.913513183594 577.485961914062 425.565673828125 452.092864990234 498.180023193359 552.242065429688 607.987670898438 672.923400878906 698.267761230469 618.136413574219 489.905609130859 373.723968505859 303.312530517578 333.757171630859 570.698303222656 625.740844726562 561.139343261719 448.376129150391 382.017822265625 345.973846435547 304.130920410156 288.489410400391 353.161529541016 448.185119628906 551.269836425781 1079.69555664062 1196.60168457031 994.651611328125 832.129028320312 743.135925292969 640.450439453125 616.072998046875 555.134826660156 459.275329589844 438.337524414062 477.994262695312 577.698303222656 495.022521972656 346.002655029297
536.441955566406 605.211181640625 417.145172119141 298.760772705078 408.205841064453 724.33251953125 976.33740234375 1025.13854980469 902.181457519531 653.407409667969 510.943481445312 495.675994873047 439.654022216797 364.078765869141 391.128479003906 474.945068359375 586.953369140625 663.701599121094 672.88623046875 619.21728515625 582.924011230469 539.769104003906 431.48583984375 377.100921630859 413.590759277344 675.019714355469 691.995849609375 614.316223144531 485.165557861328 397.547760009766 369.063812255859 320.743011474609 267.460479736328 303.918029785156 440.799591064453 573.9560546875 902.3154296875 910.224975585938 724.808471679688 598.549255371094 552.466430664062 518.426391601562 524.799072265625 542.468688964844 532.004699707031 525.48681640625 561.160949707031 606.594299316406 547.571594238281 460.517120361328
454.733520507812 559.482238769531 563.653198242188 448.928009033203 476.649322509766 656.571838378906 800.24072265625 869.323425292969 841.6533203125 665.085205078125 519.277954101562 476.688629150391 457.103576660156 480.084716796875 491.509002685547 587.94482421875 688.325622558594 730.200378417969 685.397827148438 540.578796386719 495.951202392578 523.637451171875 464.799926757812 458.88916015625 503.9033203125 613.066223144531 664.065734863281 633.465881347656 509.575439453125 410.098419189453 380.497161865234 359.36181640625 310.882843017578 321.610504150391 523.819763183594 809.848693847656 1150.7880859375 999.891723632812 704.916564941406 506.719818115234 406.302093505859 425.392303466797 464.232666015625 509.905090332031 605.2373046875 776.227416992188 972.268371582031 1036.45495605469 837.951721191406 599.792785644531
476.243560791016 474.95166015625 640.341064453125 697.765319824219 735.365783691406 745.247497558594 720.075805664062 702.662414550781 692.43701171875 648.769714355469 580.196350097656 515.305603027344 509.784942626953 577.824462890625 528.309448242188 548.062683105469 667.374328613281 795.876708984375 749.704833984375 509.995758056641 407.019073486328 460.20361328125 470.636322021484 554.048767089844 707.695251464844 616.898315429688 596.625610351562 621.297729492188 570.622619628906 475.786346435547 409.876586914062 402.724853515625 388.075073242188 381.107574462891 555.390075683594 930.624084472656 1759.17297363281 1627.64709472656 1007.46905517578 576.812072753906 428.935211181641 399.769348144531 384.123779296875 420.190155029297 592.31591796875 965.781311035156 1367.41235351562 1215.89685058594 863.776916503906 591.592102050781
608.068908691406 466.577117919922 467.672393798828 594.295043945312 745.78662109375 753.804565429688 650.345764160156 590.2421875 564.803955078125 534.885437011719 478.728607177734 425.049621582031 462.475494384766 599.795654296875 595.967102050781 563.324768066406 527.014953613281 540.896240234375 533.563049316406 411.496887207031 338.652557373047 369.925750732422 418.209930419922 509.637176513672 612.328857421875 535.076843261719 506.296325683594 549.614562988281 575.332763671875 525.59814453125 474.858184814453 533.706909179688 589.159851074219 534.646850585938 492.655426025391 649.948669433594 1803.76538085938 1747.90637207031 998.589294433594 540.801086425781 433.123077392578 380.35498046875 342.475402832031 426.517944335938 782.160339355469 1405.92797851562 1818.62744140625 1038.21533203125 619.056823730469 478.732330322266
878.606811523438 568.408752441406 412.268829345703 388.277984619141 404.205139160156 419.337066650391 395.411163330078 400.189117431641 410.636169433594 387.301086425781 343.871063232422 324.304351806641 377.176361083984 609.655456542969 660.248474121094 639.99658203125 565.509643554688 481.002838134766 409.855224609375 331.408203125 279.891937255859 284.324951171875 337.280303955078 439.751129150391 582.945983886719 683.218811035156 545.51904296875 533.099487304688 659.118896484375 681.616516113281 597.993713378906 608.568298339844 659.836303710938 577.861938476562 444.263824462891 450.116149902344 1142.32604980469 1288.49475097656 923.274291992188 544.294677734375 416.484741210938 387.015258789062 380.350280761719 461.270446777344 768.234985351562 1294.84594726562 1566.40368652344 797.054443359375 473.753875732422 434.872222900391
568.434204101562 528.25634765625 409.626800537109 349.407653808594 322.621185302734 426.320373535156 551.177917480469 450.961578369141 302.367340087891 260.250061035156 266.354461669922 332.925384521484 473.9052734375 763.485229492188 599.245971679688 519.931945800781 694.068786621094 785.846435546875 638.34912109375 429.643615722656 340.783935546875 371.488800048828 449.508026123047 560.090454101562 711.714660644531 844.989135742188 780.572082519531 822.343933105469 959.200927734375 950.834350585938 707.765991210938 465.374328613281 397.317413330078 410.648590087891 398.929107666016 388.992095947266 600.258666992188 668.892395019531 576.396118164062 452.272766113281 409.330352783203 449.717132568359 519.658569335938 542.254943847656 576.14404296875 736.425109863281 840.839538574219 615.681579589844 530.718322753906 523.633911132812
478.153839111328 451.249481201172 325.727905273438 276.3740234375 317.823822021484 457.498138427734 601.663208007812 553.254028320312 397.330139160156 309.971801757812 313.008850097656 370.073486328125 427.372406005859 510.458862304688 524.841735839844 575.042602539062 663.168579101562 702.460205078125 615.228759765625 448.510620117188 354.772186279297 368.388885498047 446.017120361328 576.600524902344 749.416076660156 769.967041015625 656.82373046875 696.708068847656 829.750183105469 889.1513671875 728.904418945312 503.439147949219 436.925659179688 471.850677490234 442.150512695312 382.345855712891 501.462554931641 534.390563964844 529.385375976562 513.209533691406 481.528747558594 492.892517089844 525.80224609375 511.676666259766 525.921020507812 657.859680175781 718.86962890625 552.220520019531 494.296600341797 455.589080810547
502.549255371094 496.715759277344 387.627044677734 338.419342041016 389.735107421875 463.576538085938 518.786804199219 551.915710449219 520.073059082031 460.031158447266 433.548309326172 430.802490234375 424.354278564453 383.115447998047 526.013427734375 679.148498535156 670.706237792969 633.62451171875 618.29443359375 512.247802734375 384.319213867188 353.822570800781 427.832824707031 548.806701660156 679.057495117188 658.220703125 565.567687988281 574.882995605469 674.468933105469 796.025207519531 766.947998046875 615.066223144531 579.100158691406 603.749572753906 521.084838867188 435.597442626953 512.504821777344 678.287414550781 796.508422851562 714.972595214844 590.198547363281 578.96142578125 638.890563964844 688.05126953125 701.861938476562 703.221069335938 635.919677734375 537.490112304688 447.279266357422 369.450012207031
854.388244628906 948.288391113281 612.545227050781 425.855895996094 442.631500244141 462.520233154297 496.4892578125 567.426086425781 576.537658691406 504.574340820312 455.170166015625 514.07080078125 637.525695800781 656.399841308594 640.579772949219 673.77734375 675.912231445312 694.069091796875 714.585266113281 631.949462890625 482.910308837891 409.207489013672 440.882965087891 465.542205810547 506.951141357422 675.123840332031 686.259826660156 647.828430175781 667.697143554688 769.29736328125 744.657470703125 609.291076660156 579.861999511719 613.231018066406 544.976745605469 438.822479248047 486.294189453125 710.719116210938 933.93701171875 930.255249023438 818.179809570312 784.658752441406 800.081481933594 821.835021972656 813.018127441406 730.84423828125 589.259460449219 493.58935546875 416.858856201172 395.542999267578
919.766723632812 833.503234863281 608.11083984375 547.399291992188 596.224426269531 527.304809570312 468.941802978516 527.280883789062 577.58203125 537.61328125 438.650268554688 434.590301513672 526.774963378906 716.035888671875 899.486511230469 946.485290527344 873.461120605469 932.464050292969 1072.86389160156 1019.67840576172 746.247802734375 539.296813964844 514.785888671875 482.721374511719 445.016998291016 781.303283691406 998.572631835938 1042.19384765625 897.392639160156 712.406799316406 594.056884765625 529.145812988281 490.010131835938 476.915588378906 439.583618164062 396.532623291016 472.857696533203 704.773742675781 992.942687988281 1178.3125 1431.84045410156 1808.43823242188 1788.02917480469 1326.5400390625 962.881469726562 894.190612792969 898.080261230469 574.900939941406 548.202941894531 674.035095214844
644.744873046875 533.582946777344 584.318969726562 562.493713378906 556.515991210938 530.199157714844 509.055603027344 554.581848144531 627.801025390625 610.423217773438 504.001586914062 434.004577636719 433.045989990234 695.774230957031 997.605529785156 1165.10034179688 1203.45483398438 1302.31774902344 1461.59680175781 1470.27893066406 1246.18359375 997.492065429688 822.856750488281 671.076416015625 549.71044921875 792.087097167969 903.762023925781 887.844665527344 740.041320800781 538.742553710938 475.605651855469 521.434143066406 518.498229980469 474.709838867188 466.312103271484 521.715942382812 602.780944824219 813.284545898438 1239.42236328125 1818.45703125 2500.33764648438 2844.15234375 2359.4775390625 1569.78576660156 1108.42456054688 996.881896972656 1054.47631835938 740.649719238281 758.974243164062 942.233581542969
