ssp1models/sc1gr21.10
NCOLS 261 
NROWS 433 
XLLCORNER 336357.134 
YLLCORNER 654653.479 
CELLSIZE 1000 
NODATA_value -9999 
[rows 330 to 351 of 433, columns 100 to 149 of 261]
61.7031135559082 55.3508033752441 49.7803573608398 39.9616470336914 29.8351993560791 25.0015201568604 24.1746730804443 27.7936725616455 108.550422668457 185.300872802734 222.373046875 223.039489746094 -9999 -9999 501.288848876953 621.700073242188 654.252136230469 706.794982910156 -9999 -9999 711.725036621094 673.257751464844 638.506103515625 607.503723144531 584.103088378906 566.091064453125 535.071899414062 502.618408203125 467.132843017578 369.058624267578 228.619979858398 164.343612670898 204.284454345703 285.801940917969 344.188507080078 308.970092773438 296.152160644531 459.180328369141 633.215393066406 532.675231933594 199.645401000977 29.4241600036621 31.4623184204102 48.0854187011719 96.4313125610352 172.032272338867 226.296875 253.5625 328.637115478516 472.215423583984
72.547737121582 64.6083984375 57.7719497680664 52.2183609008789 45.5757827758789 36.7181510925293 29.8811054229736 35.4112396240234 129.636306762695 190.786193847656 215.585708618164 216.447692871094 233.691513061523 -9999 581.957580566406 774.544616699219 841.474975585938 895.410217285156 911.649536132812 784.796264648438 755.010986328125 710.375854492188 660.931518554688 611.957092285156 578.970764160156 553.344055175781 534.366394042969 520.370300292969 437.761047363281 261.271514892578 111.718391418457 67.3920669555664 81.244270324707 126.542190551758 186.632141113281 201.704605102539 215.026901245117 383.714111328125 696.203430175781 771.062438964844 373.521667480469 39.6703262329102 27.9971656799316 32.0438346862793 56.3879356384277 123.864364624023 218.126647949219 283.940307617188 315.458862304688 362.480102539062
79.5254669189453 74.7700958251953 73.0592727661133 73.744758605957 70.5447463989258 61.3886642456055 56.0213661193848 77.9096221923828 186.161865234375 209.647827148438 215.335113525391 214.965621948242 221.861663818359 297.862670898438 -9999 -9999 1128.58081054688 1110.3369140625 964.831665039062 777.122131347656 774.217895507812 722.877563476562 665.716003417969 616.871643066406 578.119384765625 562.72119140625 580.205200195312 588.489318847656 484.740112304688 261.110961914062 92.0932846069336 59.3907165527344 69.4706726074219 103.259948730469 151.520706176758 174.946441650391 180.055313110352 243.213165283203 412.785675048828 515.087158203125 294.554107666016 35.8856315612793 24.3434886932373 21.0784854888916 25.5287590026855 57.4026412963867 133.701919555664 225.572250366211 281.941467285156 345.058319091797
85.4361419677734 81.2488098144531 83.643310546875 87.2175903320312 86.7124786376953 81.0345458984375 82.635124206543 115.962524414062 210.445556640625 215.003555297852 215.044464111328 213.87141418457 -9999 -9999 -9999 -9999 880.805603027344 880.787048339844 787.310607910156 715.141906738281 724.413513183594 680.595458984375 641.857604980469 636.167541503906 630.482299804688 630.159057617188 642.907897949219 642.285278320312 558.034912109375 349.107635498047 136.875564575195 58.8901062011719 65.4708023071289 92.1958770751953 137.842422485352 165.133972167969 163.639984130859 164.622192382812 176.666488647461 177.68962097168 107.839462280273 29.165111541748 23.2940444946289 17.1049423217773 13.6151552200317 20.2626075744629 47.7450904846191 100.030555725098 171.213317871094 311.978973388672
98.6632461547852 104.555786132812 102.331031799316 94.4693984985352 89.391242980957 84.2819213867188 86.6913375854492 114.483840942383 204.133483886719 214.604568481445 214.453460693359 213.445465087891 211.743927001953 218.307083129883 -9999 -9999 573.807678222656 655.644714355469 675.249084472656 677.2919921875 664.22900390625 637.718933105469 621.926086425781 628.726013183594 642.181213378906 655.390625 661.047424316406 650.323364257812 591.973327636719 432.159729003906 209.08576965332 59.9825897216797 60.4916229248047 70.3920364379883 89.6123809814453 102.724594116211 102.322021484375 95.5583267211914 75.9217224121094 50.761589050293 34.2793807983398 28.0343837738037 26.009614944458 22.8500843048096 20.2063140869141 19.1395301818848 20.4303417205811 31.0421676635742 70.9864501953125 200.264282226562
138.269439697266 137.993927001953 116.315864562988 95.5112533569336 86.6374435424805 81.5068893432617 83.6171035766602 106.242774963379 196.075454711914 211.169799804688 211.571517944336 211.325973510742 209.212615966797 204.974914550781 211.063583374023 255.8232421875 359.880310058594 511.631134033203 645.463012695312 691.235534667969 663.098510742188 637.123962402344 613.533020019531 607.522216796875 621.276489257812 622.049499511719 611.650268554688 598.125915527344 570.748840332031 488.057586669922 329.912567138672 94.1608657836914 68.8256454467773 61.8226547241211 64.5456314086914 67.5081939697266 67.4481811523438 61.7097778320312 45.442943572998 30.7544765472412 28.0074214935303 28.0274238586426 28.2925872802734 29.1910533905029 33.9001350402832 41.2147026062012 41.5169677734375 39.800350189209 60.6842269897461 146.267669677734
161.881805419922 142.242172241211 110.665428161621 89.9301910400391 82.5997924804688 80.422248840332 93.2232360839844 128.403442382812 192.54052734375 202.405563354492 205.914688110352 207.105850219727 203.054931640625 193.672393798828 186.427673339844 191.022064208984 230.821243286133 355.808441162109 550.634826660156 704.756225585938 663.488342285156 593.830444335938 543.68701171875 550.263977050781 556.588317871094 503.650207519531 451.456237792969 458.020965576172 502.008148193359 526.634643554688 482.639495849609 284.166381835938 160.852615356445 89.7157974243164 94.1626052856445 104.72029876709 108.724853515625 101.883796691895 64.6498260498047 30.7457008361816 28.1441516876221 28.9629364013672 35.2691612243652 40.0500755310059 50.3748512268066 63.675609588623 66.1146926879883 62.7367668151855 78.5974655151367 149.408645629883
159.223220825195 125.113800048828 96.1460266113281 83.3992233276367 79.3123626708984 79.0515594482422 90.8439025878906 124.788200378418 183.096527099609 187.676040649414 190.667953491211 191.905685424805 189.726425170898 185.067718505859 182.252410888672 183.787216186523 205.579788208008 297.197448730469 465.878051757812 617.571838378906 572.881713867188 509.981567382812 473.797576904297 469.630035400391 445.427001953125 391.743682861328 367.242065429688 420.835357666016 526.827209472656 587.811767578125 562.008361816406 422.517150878906 279.660430908203 178.519409179688 173.621826171875 179.489624023438 178.988662719727 161.111572265625 102.810806274414 43.6974716186523 29.9582271575928 36.6432342529297 59.6282730102539 63.5073471069336 68.5238494873047 75.5953369140625 78.3652877807617 75.5140609741211 87.066520690918 158.40837097168
150.225738525391 108.890647888184 84.031120300293 78.78662109375 77.3637466430664 77.3961563110352 81.6066360473633 98.8244934082031 154.345108032227 169.903015136719 177.636169433594 176.679443359375 172.427536010742 173.363006591797 178.465728759766 187.386535644531 229.645477294922 334.165100097656 454.515472412109 517.755920410156 491.24462890625 462.325561523438 441.740112304688 410.960784912109 371.030792236328 346.458374023438 351.595764160156 416.455017089844 528.892028808594 560.102844238281 470.692413330078 341.888122558594 275.094146728516 219.131988525391 213.794570922852 213.505142211914 208.463363647461 186.210601806641 128.372970581055 62.8814735412598 40.4611015319824 53.7830085754395 75.3544158935547 76.0152893066406 77.1010665893555 83.059814453125 96.2451400756836 105.533584594727 118.136306762695 184.33723449707
165.394638061523 129.940460205078 119.307510375977 106.652809143066 85.0613861083984 77.9242324829102 79.2875289916992 80.9816131591797 84.1177291870117 89.7434997558594 97.1348114013672 97.5667037963867 96.3257751464844 111.108436584473 143.470611572266 192.905944824219 259.320922851562 315.330963134766 351.88037109375 410.690490722656 411.642120361328 397.199340820312 370.423187255859 342.455596923828 332.409454345703 312.144348144531 265.547760009766 241.10139465332 258.700134277344 264.084808349609 245.161682128906 215.868621826172 209.103103637695 199.880142211914 195.682189941406 188.877410888672 162.528167724609 132.515228271484 120.627647399902 113.776191711426 104.812522888184 105.551208496094 99.1455764770508 106.657005310059 104.727821350098 104.439025878906 124.132209777832 163.393035888672 211.863311767578 277.448059082031
219.309265136719 172.227661132812 140.871124267578 115.004043579102 87.9944610595703 80.2286682128906 80.8294906616211 81.3434753417969 81.2840881347656 81.6890487670898 83.4711456298828 90.9591369628906 108.128509521484 129.023254394531 153.012634277344 186.102828979492 205.359375 191.175399780273 179.583892822266 219.193954467773 229.614242553711 234.171096801758 245.928970336914 269.551483154297 298.731597900391 291.807586669922 237.794097900391 223.801223754883 297.171112060547 374.653289794922 352.819396972656 194.082626342773 168.729400634766 146.091247558594 132.055267333984 115.24340057373 105.113388061523 118.594871520996 136.466064453125 137.170532226562 159.655548095703 189.629455566406 106.903007507324 114.639541625977 112.548248291016 111.894905090332 126.469589233398 176.309020996094 280.791137695312 392.541229248047
272.795196533203 207.748672485352 150.05924987793 116.603652954102 93.1060791015625 88.2547988891602 87.8164901733398 86.7043533325195 86.1764297485352 94.6665802001953 106.090019226074 117.293212890625 131.421478271484 143.568298339844 157.371887207031 180.830535888672 184.257553100586 148.557678222656 117.782920837402 125.811401367188 118.067413330078 112.632743835449 128.98274230957 175.648895263672 240.358520507812 262.528381347656 227.215194702148 241.497695922852 359.910369873047 470.533355712891 422.321136474609 181.0791015625 145.006439208984 112.709190368652 92.1710662841797 77.0676422119141 95.3219985961914 136.07878112793 155.044296264648 171.884643554688 236.670715332031 256.845550537109 90.8133544921875 99.9235763549805 103.426246643066 101.850944519043 113.639541625977 152.121612548828 238.414916992188 324.395538330078
316.201721191406 247.10595703125 177.471923828125 148.460830688477 140.141845703125 138.010818481445 134.9755859375 125.944023132324 135.472061157227 215.20751953125 282.251342773438 250.331069946289 176.455810546875 147.497756958008 156.645034790039 177.076995849609 179.126983642578 149.449996948242 130.18229675293 115.061256408691 92.7302169799805 82.0787048339844 96.4336395263672 147.307266235352 218.509002685547 249.349899291992 238.34407043457 279.040893554688 393.740295410156 483.065795898438 427.164642333984 175.975189208984 131.725006103516 96.3730697631836 84.236442565918 80.7647399902344 110.402084350586 149.855880737305 169.532455444336 222.55583190918 293.781646728516 249.744430541992 79.1675643920898 97.5620574951172 103.797119140625 84.1007080078125 82.5807113647461 113.096611022949 173.336883544922 228.114624023438
345.272125244141 264.881225585938 197.672592163086 181.642364501953 188.366760253906 190.182968139648 190.61979675293 191.427169799805 268.495910644531 392.97705078125 463.688415527344 389.067260742188 238.344665527344 154.752471923828 157.323684692383 169.462341308594 159.788436889648 152.344055175781 183.949157714844 151.073348999023 109.057113647461 90.5074844360352 111.432250976562 171.532333374023 233.376388549805 251.541091918945 253.756790161133 312.644256591797 413.054656982422 474.844390869141 414.262756347656 187.119812011719 145.422164916992 104.92163848877 79.5997543334961 74.0340347290039 106.824974060059 149.847854614258 192.153869628906 275.47314453125 316.247985839844 207.379760742188 75.6215972900391 94.5815277099609 100.808242797852 73.9464950561523 60.2771263122559 70.5393676757812 94.1660919189453 118.636054992676
413.837280273438 361.817047119141 307.800628662109 302.1455078125 302.6474609375 259.818084716797 237.861862182617 263.655395507812 426.516906738281 505.934265136719 498.151672363281 380.773315429688 227.181900024414 158.8720703125 162.874374389648 154.587417602539 127.324920654297 129.505630493164 188.62776184082 244.654418945312 201.684127807617 157.368103027344 157.677307128906 202.696548461914 247.690475463867 266.514129638672 274.149871826172 318.260223388672 401.034606933594 448.285522460938 380.325469970703 204.795989990234 164.37727355957 132.572387695312 107.728317260742 91.2713165283203 112.288208007812 155.330657958984 196.965728759766 265.576934814453 291.277740478516 184.722793579102 70.2897338867188 69.1002197265625 73.1773452758789 62.1328773498535 50.4235153198242 45.4498138427734 45.0863952636719 49.6787109375
462.859741210938 459.1494140625 452.264404296875 450.181701660156 433.193084716797 394.572326660156 378.056915283203 388.958404541016 470.321441650391 490.965362548828 439.450714111328 315.028594970703 207.604553222656 180.870697021484 172.710876464844 139.883316040039 112.787582397461 126.865921020508 188.143829345703 303.369201660156 301.345306396484 278.470733642578 265.146484375 287.619232177734 308.648193359375 310.729675292969 325.935638427734 367.331848144531 432.739379882812 493.289245605469 461.3193359375 204.48388671875 169.737442016602 160.385864257812 156.360214233398 148.081069946289 155.184265136719 181.886169433594 224.834762573242 292.781616210938 314.992767333984 213.57258605957 69.2102661132812 51.5978469848633 45.4358367919922 39.1409568786621 31.3402423858643 28.536470413208 31.5748901367188 35.6456680297852
454.370513916016 424.108245849609 440.951202392578 472.498962402344 483.299621582031 469.176452636719 448.217681884766 427.457763671875 386.334564208984 369.227600097656 321.488433837891 247.706161499023 197.455307006836 182.2529296875 170.629623413086 159.342651367188 170.129898071289 198.783493041992 235.349136352539 311.586944580078 337.157897949219 352.961700439453 377.327911376953 438.54345703125 481.973205566406 460.908447265625 441.313690185547 453.515838623047 478.359283447266 525.516967773438 519.79150390625 264.162261962891 232.962677001953 208.692642211914 200.384155273438 188.231719970703 181.122711181641 195.873764038086 -9999 309.441009521484 318.3017578125 221.060943603516 62.0578689575195 36.9473114013672 24.9866523742676 21.17014503479 18.2307891845703 18.0819320678711 20.8031330108643 23.7327442169189
445.559967041016 348.756072998047 355.493835449219 387.102630615234 424.899688720703 419.625122070312 369.291625976562 339.195617675781 279.761871337891 262.480743408203 233.792816162109 205.428421020508 177.577682495117 143.171752929688 128.468383789062 148.072937011719 186.89582824707 214.853408813477 219.096481323242 274.857360839844 320.800598144531 346.814178466797 382.700988769531 461.624237060547 550.33447265625 570.719604492188 529.99658203125 492.666259765625 462.068756103516 439.14111328125 429.346038818359 364.196350097656 351.946166992188 311.163360595703 275.967254638672 248.30534362793 222.22248840332 207.848266601562 217.627899169922 241.69514465332 225.618011474609 158.290130615234 48.4261627197266 27.8212776184082 17.5519981384277 15.8927955627441 15.6514844894409 15.6610012054443 15.9527139663696 16.6564083099365
532.393615722656 313.776184082031 312.975311279297 342.974914550781 392.457580566406 399.313446044922 326.765960693359 262.301574707031 245.26301574707 233.872650146484 202.796508789062 181.195236206055 157.765747070312 116.605850219727 98.4719772338867 116.218826293945 145.214202880859 162.88330078125 162.214782714844 213.439254760742 276.721832275391 327.585266113281 368.496978759766 417.1435546875 458.831359863281 469.192443847656 461.149353027344 453.335296630859 434.347839355469 439.878234863281 517.363525390625 497.011383056641 432.996368408203 386.951721191406 391.581176757812 422.319702148438 398.646697998047 306.287200927734 -9999 -9999 132.034378051758 88.0359268188477 50.2651329040527 37.1124420166016 22.8165721893311 15.5228252410889 15.502947807312 15.502947807312 15.506724357605 15.5897760391235
864.4384765625 422.478424072266 315.854644775391 381.771453857422 480.209075927734 486.993591308594 391.983612060547 304.3125 315.308044433594 307.14208984375 244.694900512695 182.407119750977 147.22639465332 112.694213867188 92.7503890991211 97.2490081787109 113.548126220703 131.607574462891 139.150573730469 171.775299072266 237.40185546875 320.311737060547 383.341583251953 418.387054443359 419.202728271484 388.124389648438 376.080139160156 404.960815429688 456.410247802734 579.891052246094 776.75439453125 804.079895019531 648.181640625 489.135345458984 456.007598876953 480.698913574219 404.414916992188 289.606964111328 223.002227783203 -9999 91.6848526000977 53.4139366149902 53.8708801269531 44.8945007324219 27.4800834655762 15.7048034667969 15.5029487609863 15.502947807312 15.502947807312 15.7376394271851
885.426574707031 451.582763671875 314.338317871094 415.490875244141 588.961730957031 629.601806640625 518.57177734375 439.892364501953 446.019348144531 437.043853759766 364.947387695312 247.194473266602 169.74885559082 136.976226806641 109.001533508301 96.4999389648438 104.580581665039 124.335594177246 136.875747680664 169.810134887695 234.226379394531 310.69873046875 373.894744873047 421.544982910156 431.577545166016 401.817626953125 390.402160644531 446.150634765625 554.050048828125 715.782165527344 927.139770507812 1037.57836914062 828.565246582031 596.245666503906 493.290161132812 472.304260253906 368.692504882812 247.856170654297 195.576705932617 126.583099365234 -9999 35.9046287536621 40.8163108825684 36.6601333618164 24.3515586853027 16.5128898620605 16.2695064544678 16.6909484863281 17.7995376586914 21.1218700408936
740.111022949219 661.5263671875 589.648315429688 616.324645996094 666.281372070312 632.48193359375 586.926330566406 624.445861816406 601.50927734375 585.783569335938 561.413391113281 436.242858886719 306.985382080078 254.511047363281 232.962585449219 218.825439453125 204.034790039062 183.827331542969 163.748733520508 208.457504272461 244.153091430664 265.582641601562 277.430938720703 291.046142578125 320.423187255859 352.729309082031 368.993041992188 385.794097900391 506.842468261719 878.420166015625 1373.59729003906 1317.42236328125 847.962158203125 552.562805175781 460.764434814453 350.888946533203 247.707824707031 180.768325805664 127.826049804688 77.0861434936523 -9999 -9999 -9999 22.9313907623291 28.2036323547363 45.8040580749512 69.9357681274414 83.188835144043 91.8878402709961 110.653984069824
