ssp1models/sc1gr21.11
NCOLS 261 
NROWS 433 
XLLCORNER 336357.134 
YLLCORNER 654653.479 
CELLSIZE 1000 
NODATA_value -9999 
[rows 330 to 351 of 433, columns 100 to 149 of 261]
61.5788917541504 55.2393684387207 49.6801414489746 39.8811950683594 29.7751350402832 24.9511871337891 24.1260051727295 27.7377185821533 108.283332824707 184.833465576172 221.812118530273 222.476898193359 -9999 -9999 500.024383544922 620.131896972656 652.601867675781 705.012145996094 -9999 -9999 709.929748535156 672.075866699219 638.520141601562 607.894958496094 584.479248046875 566.455627441406 535.41650390625 502.942108154297 467.433685302734 369.296325683594 228.767227172852 164.449462890625 204.416030883789 285.986022949219 344.41015625 309.044494628906 295.796661376953 458.415771484375 632.161071777344 531.788330078125 199.31298828125 29.3751678466797 31.40993309021 48.0053558349609 96.2707443237305 171.745834350586 225.92008972168 253.14030456543 328.089904785156 471.694305419922
72.4016799926758 64.4783325195312 57.6556434631348 52.1132354736328 45.4840278625488 36.644229888916 29.8209495544434 35.3399505615234 129.317260742188 190.304946899414 215.041915893555 215.901718139648 233.10205078125 -9999 580.489624023438 772.590881347656 839.352416992188 893.151611328125 909.349975585938 782.816650390625 753.106567382812 709.125915527344 660.941772460938 612.351196289062 579.343688964844 553.700439453125 534.710571289062 520.705444335938 438.04296875 261.439788818359 111.790344238281 67.4354705810547 81.2966003417969 126.623687744141 186.752334594727 201.74430847168 214.768280029297 383.075225830078 695.044250488281 769.778564453125 372.899749755859 39.6042747497559 27.9505500793457 31.990478515625 56.2940483093262 123.658126831055 217.763458251953 283.467529296875 314.93359375 362.068359375
79.365364074707 74.6195678710938 72.9121932983398 73.5962982177734 70.4027252197266 61.2650756835938 55.9085845947266 77.7527770996094 185.708190917969 209.119003295898 214.791946411133 214.423385620117 221.302032470703 297.111328125 -9999 -9999 1125.73400878906 1107.5361328125 962.39794921875 775.161865234375 772.265014648438 721.599914550781 665.727783203125 617.268920898438 578.491760253906 563.083618164062 580.578918457031 588.868347167969 485.052307128906 261.279144287109 92.1525955200195 59.4289665222168 69.5154113769531 103.326454162598 151.618301391602 174.975006103516 179.847961425781 242.808212280273 412.098358154297 514.2294921875 294.063659667969 35.8258781433105 24.3029556274414 21.0433883666992 25.4862518310547 57.3070602416992 133.479293823242 225.196655273438 281.472015380859 344.684356689453
85.2641448974609 81.0852432250977 83.4749145507812 87.0419998168945 86.5379104614258 80.8714065551758 82.4687652587891 115.729064941406 209.935821533203 214.461212158203 214.502029418945 213.331939697266 -9999 -9999 -9999 -9999 878.583862304688 878.565368652344 785.324645996094 713.338012695312 722.586242675781 679.393615722656 641.878845214844 636.577270507812 630.888366699219 630.56494140625 643.321960449219 642.698974609375 558.394287109375 349.332458496094 136.963729858398 58.928035736084 65.5129699707031 92.255256652832 137.931198120117 165.160095214844 163.455490112305 164.348083496094 176.372329711914 177.393753051758 107.65990447998 29.1165504455566 23.2552585601807 17.0764617919922 13.5924854278564 20.2288684844971 47.6655921936035 99.8639984130859 170.928237915039 311.679138183594
98.4646224975586 104.345291137695 102.125022888184 94.2792205810547 89.2112808227539 84.1122436523438 86.5168075561523 114.253364562988 203.637924194336 214.063247680664 213.912506103516 212.907073974609 211.209808349609 217.756423950195 -9999 -9999 572.360290527344 653.990905761719 673.545776367188 675.583557128906 662.553527832031 636.607666015625 621.949157714844 629.130920410156 642.594848632812 655.812744140625 661.473205566406 650.7421875 592.354614257812 432.438049316406 209.220428466797 60.0212211608887 60.5305824279785 70.4373779296875 89.6700973510742 102.740272521973 102.206901550293 95.3992156982422 75.7953109741211 50.6770706176758 34.2223014831543 27.9877033233643 25.9663066864014 22.8120384216309 20.1726684570312 19.1076622009277 20.3963241577148 30.9904804229736 70.8682556152344 200.098388671875
137.991073608398 137.716125488281 116.081695556641 95.3189697265625 86.463020324707 81.3428039550781 83.4487609863281 106.028884887695 195.597869873047 210.637130737305 211.037841796875 210.792922973633 208.68489074707 204.457885742188 210.531188964844 255.177947998047 358.972564697266 510.340576171875 643.834838867188 689.491943359375 661.425903320312 636.015258789062 613.55126953125 607.913513183594 621.676635742188 622.450134277344 612.044189453125 598.511108398438 571.116394042969 488.371917724609 330.125061035156 94.2215118408203 68.8699722290039 61.8624725341797 64.5872039794922 67.5183486938477 67.3722457885742 61.6070251464844 45.3672790527344 30.7032680511475 27.9607887268066 27.9807567596436 28.2454776763916 29.142448425293 33.843692779541 41.1460762023926 41.4478416442871 39.7340812683105 60.5831871032715 146.144439697266
161.555908203125 141.955810546875 110.44263458252 89.7491455078125 82.4335021972656 80.2603454589844 93.0355606079102 128.144943237305 192.073379516602 201.895004272461 205.395294189453 206.583435058594 202.542739868164 193.183868408203 185.957427978516 190.540222167969 230.239013671875 354.910949707031 549.245910644531 702.978515625 661.814697265625 592.772399902344 543.70556640625 550.618408203125 556.94677734375 503.974578857422 451.746978759766 458.315948486328 502.331451416016 526.973815917969 482.950317382812 284.349395751953 160.95622253418 89.7735824584961 94.2232513427734 104.735130310059 108.601104736328 101.714149475098 64.5421752929688 30.694507598877 28.0972900390625 28.9147109985352 35.2104377746582 39.9833908081055 50.2909736633301 63.5695838928223 66.0046081542969 62.6323051452637 78.4665985107422 149.270935058594
158.902679443359 124.861923217773 95.9524612426758 83.2313232421875 79.1526870727539 78.8924179077148 90.661018371582 124.536979675293 182.653259277344 187.202651977539 190.186996459961 191.421630859375 189.247863769531 184.60090637207 181.792678833008 183.323638916016 205.061233520508 296.447784423828 464.702911376953 616.014038085938 571.436645507812 509.078063964844 473.815063476562 469.932495117188 445.713897705078 391.996002197266 367.478576660156 421.106384277344 527.16650390625 588.190368652344 562.370361328125 422.789276123047 279.840545654297 178.634384155273 173.733642578125 179.516677856445 178.78678894043 160.843307495117 102.639617919922 43.6247138977051 29.9083442687988 36.5822219848633 59.5289916992188 63.4016036987305 68.4097518920898 75.4694671630859 78.2348022460938 75.3883285522461 86.9215469360352 158.278274536133
149.923294067383 108.671424865723 83.861946105957 78.6280136108398 77.2080001831055 77.2403411865234 81.4423446655273 98.6255416870117 153.969696044922 169.47444152832 177.188095092773 176.233779907227 171.992599487305 172.925704956055 178.015563964844 186.913864135742 229.066207885742 333.322204589844 453.368988037109 516.449890136719 490.005493164062 461.523284912109 441.752136230469 411.225463867188 371.269744873047 346.681488037109 351.822235107422 416.723236083984 529.232666015625 560.463623046875 470.995544433594 342.108306884766 275.271331787109 219.27311706543 213.932266235352 213.538330078125 208.229415893555 185.90055847168 128.159225463867 62.7767753601074 40.3937301635742 53.6934585571289 75.2289505004883 75.8887176513672 76.9726867675781 82.9215087890625 96.0848846435547 105.357864379883 117.939605712891 184.172088623047
165.061660766602 129.678863525391 119.067321777344 106.438102722168 84.8901443481445 77.7673568725586 79.1279144287109 80.8185806274414 83.9140853881836 89.5171279907227 96.8898010253906 97.3205947875977 96.0828018188477 110.828178405762 143.10871887207 192.419342041016 258.666809082031 314.535552978516 350.992797851562 409.654571533203 410.603759765625 396.509735107422 370.431304931641 342.676177978516 332.62353515625 312.345397949219 265.718780517578 241.256683349609 258.866760253906 264.2548828125 245.319564819336 216.007659912109 209.237777709961 200.008880615234 195.808227539062 188.920013427734 162.365570068359 132.294586181641 120.426795959473 113.58674621582 104.638000488281 105.375465393066 98.9804916381836 106.479415893555 104.553436279297 104.265129089355 123.925521850586 163.120971679688 211.510543823242 277.140472412109
218.89421081543 171.901504516602 140.603393554688 114.785026550293 87.8269271850586 80.0760192871094 80.6756362915039 81.188591003418 81.0937194824219 81.4888153076172 83.2665328979492 90.7363739013672 107.864051818848 128.707641601562 152.637924194336 185.646530151367 204.854797363281 190.704040527344 179.139373779297 218.650497436523 229.045135498047 233.787185668945 245.949554443359 269.715667724609 298.913238525391 291.983489990234 237.934692382812 223.931625366211 297.342590332031 374.868774414062 353.024627685547 194.197219848633 168.828948974609 146.177932739258 132.134033203125 115.267448425293 105.005020141602 118.407241821289 136.250823974609 136.954254150391 159.405059814453 189.33251953125 106.734336853027 114.458862304688 112.37255859375 111.721580505371 126.273849487305 176.034454345703 280.35107421875 392.118286132812
272.864135742188 207.796890258789 150.084915161133 116.621612548828 93.1231231689453 88.2726745605469 87.8334655761719 86.7197570800781 86.0583648681641 94.5160293579102 105.924201965332 117.109161376953 131.210891723633 143.333923339844 157.1123046875 180.530853271484 183.951690673828 148.310470581055 117.586486816406 125.598419189453 117.86003112793 112.483268737793 128.937591552734 175.626037597656 240.309005737305 262.462951660156 227.150573730469 241.419662475586 359.790466308594 470.381042480469 422.192779541016 181.028549194336 144.966918945312 112.680892944336 92.1497573852539 77.0461349487305 95.2835388183594 136.020034790039 154.972152709961 171.812133789062 236.579681396484 256.732208251953 90.7589111328125 99.8660278320312 103.370674133301 101.795654296875 113.577514648438 152.03044128418 238.253692626953 324.274780273438
316.534454345703 247.365982055664 177.658676147461 148.617050170898 140.289321899414 138.156036376953 135.117614746094 126.076545715332 135.335357666016 214.933532714844 281.891998291016 250.012359619141 176.231155395508 147.309967041016 156.445602416992 176.851547241211 178.89892578125 149.259719848633 130.016555786133 114.914764404297 92.6121597290039 81.9850234985352 96.3532104492188 147.200042724609 218.349945068359 249.168411254883 238.170593261719 278.837768554688 393.453704833984 482.714172363281 426.853698730469 175.847091674805 131.629119873047 96.3029251098633 84.1751327514648 80.7221069335938 110.391586303711 149.862838745117 169.540328979492 222.566177368164 293.795288085938 249.75602722168 79.1712417602539 97.5665893554688 103.801933288574 84.1046142578125 82.5845413208008 113.101867675781 173.344924926758 228.175994873047
345.635467529297 265.159942626953 197.880599975586 181.83349609375 188.564971923828 190.383102416992 190.820373535156 191.628616333008 268.224700927734 392.476715087891 463.098052978516 388.571899414062 238.041213989258 154.555435180664 157.123382568359 169.24658203125 159.585006713867 152.150100708008 183.714965820312 150.881011962891 108.918266296387 90.4042739868164 111.339752197266 171.407470703125 233.206527709961 251.358001708984 253.572082519531 312.416687011719 412.753997802734 474.498779296875 413.961212158203 186.983612060547 145.316314697266 104.845268249512 79.5418167114258 73.995735168457 106.814895629883 149.85481262207 192.162796020508 275.485931396484 316.262664794922 207.389404296875 75.6251068115234 94.5859222412109 100.812927246094 73.9499282836914 60.2799263000488 70.5426406860352 94.1704635620117 118.667869567871
414.272735595703 362.197784423828 308.124542236328 302.463470458984 302.965942382812 260.091491699219 238.112152099609 263.932830810547 426.097045898438 505.290130615234 497.517425537109 380.288543701172 226.892669677734 158.669799804688 162.667007446289 154.390594482422 127.162811279297 129.340744018555 188.387619018555 244.34294128418 201.427352905273 157.185958862305 157.544372558594 202.54899597168 247.510177612305 266.320129394531 273.950317382812 318.028564453125 400.742706298828 447.959228515625 380.048645019531 204.646926879883 164.257629394531 132.475891113281 107.649909973145 91.221565246582 112.277359008789 155.337875366211 196.974868774414 265.589294433594 291.291259765625 184.731369018555 70.2929992675781 69.1034317016602 73.1807403564453 62.1357612609863 50.4258575439453 45.4519233703613 45.0884895324707 49.6916580200195
463.346801757812 459.632568359375 452.740325927734 450.655426025391 433.64892578125 394.987518310547 378.454742431641 389.367706298828 469.868194580078 490.340270996094 438.891235351562 314.627502441406 207.340240478516 180.640426635742 172.490997314453 139.705215454102 112.643989562988 126.704399108887 187.904296875 302.982940673828 300.961639404297 278.149047851562 264.920227050781 287.409881591797 308.423522949219 310.503509521484 325.698394775391 367.064483642578 432.424377441406 492.930206298828 460.983551025391 204.335052490234 169.613906860352 160.269119262695 156.246398925781 147.998779296875 155.1669921875 181.894622802734 224.845199584961 292.795196533203 315.007415771484 213.582504272461 69.2134857177734 51.6002426147461 45.4379463195801 39.1427726745605 31.3416976928711 28.5377960205078 31.5763568878174 35.6547355651855
454.8486328125 424.554534912109 441.415191650391 472.996154785156 483.808197021484 469.670166015625 448.689331054688 427.907562255859 385.968017578125 368.757507324219 321.0791015625 247.39079284668 197.203903198242 182.020889282227 170.412384033203 159.139770507812 169.913299560547 198.530410766602 235.049499511719 311.190246582031 336.728668212891 352.558715820312 377.008941650391 438.224273681641 481.622375488281 460.572967529297 440.992492675781 453.185729980469 478.011077880859 525.134399414062 519.413146972656 263.970001220703 232.793121337891 208.540725708008 200.238296508789 188.125717163086 181.101409912109 195.882858276367 -9999 309.455383300781 318.316528320312 221.071212768555 62.0607490539551 36.9490280151367 24.9878120422363 21.1711273193359 18.2316360473633 18.0827713012695 20.8040981292725 23.7390308380127
446.02880859375 349.123077392578 355.867919921875 387.509979248047 425.346832275391 420.066680908203 369.680206298828 339.552551269531 279.496917724609 262.146545410156 233.495162963867 205.166885375977 177.351608276367 142.989471435547 128.304824829102 147.884414672852 186.657867431641 214.579864501953 218.817535400391 274.507446289062 320.392150878906 346.419738769531 382.378540039062 461.288208007812 549.933898925781 570.30419921875 529.610778808594 492.307647705078 461.732421875 438.821472167969 429.033538818359 363.931274414062 351.690002441406 310.936859130859 275.766387939453 248.164398193359 222.194778442383 207.857925415039 217.638000488281 241.706359863281 225.628494262695 158.297485351562 48.4284133911133 27.8225708007812 17.5528144836426 15.893533706665 15.65221118927 15.6617288589478 15.9534549713135 16.6607704162598
532.953796386719 314.106353759766 313.304626464844 343.335815429688 392.870544433594 399.733642578125 327.109832763672 262.577606201172 245.028396606445 233.574905395508 202.538314819336 180.964538574219 157.564880371094 116.457389831543 98.3466033935547 116.070861816406 145.029327392578 162.675918579102 162.008255004883 213.167510986328 276.369537353516 327.214324951172 368.185943603516 416.839935302734 458.497375488281 468.850921630859 460.813690185547 453.005310058594 434.031707763672 439.558074951172 516.986938476562 496.649627685547 432.681213378906 386.670074462891 391.296142578125 422.086578369141 398.594390869141 306.301422119141 -9999 -9999 132.040512084961 88.0400161743164 50.2674674987793 37.1141662597656 22.8176326751709 15.5235462188721 15.5036678314209 15.5036678314209 15.5074453353882 15.5936994552612
865.348083496094 422.923004150391 316.18701171875 382.173187255859 480.714416503906 487.506042480469 392.396118164062 304.632720947266 314.999908447266 306.751037597656 244.383361816406 182.174896240234 147.038940429688 112.550735473633 92.6323013305664 97.1251907348633 113.403564453125 131.440017700195 138.973403930664 171.556610107422 237.099609375 319.952178955078 383.017913818359 418.082489013672 418.897583007812 387.841857910156 375.806427001953 404.666046142578 456.078033447266 579.468994140625 776.18896484375 803.49462890625 647.709838867188 488.779327392578 455.675659179688 480.427276611328 404.359222412109 289.620422363281 223.012588500977 -9999 91.6891098022461 53.4164199829102 53.8733825683594 44.8965873718262 27.4813613891602 15.7055330276489 15.5036687850952 15.5036678314209 15.5036678314209 15.7416839599609
886.358276367188 452.057952880859 314.669097900391 415.928070068359 589.581481933594 630.264282226562 519.117492675781 440.355285644531 445.590301513672 436.487426757812 364.482757568359 246.879760742188 169.532730102539 136.801834106445 108.862754821777 96.3770751953125 104.44743347168 124.177291870117 136.701477050781 169.593948364258 233.928161621094 310.349609375 373.579772949219 421.238159179688 431.263427734375 401.525146484375 390.118011474609 445.825897216797 553.646789550781 715.261108398438 926.464904785156 1036.82312011719 827.962158203125 595.811645507812 492.931121826172 472.033782958984 368.640014648438 247.867691040039 195.585784912109 126.588981628418 -9999 35.9062957763672 40.8182067871094 36.6618385314941 24.352689743042 16.5136566162109 16.2702617645264 16.691722869873 17.8003635406494 21.1282501220703
740.889831542969 662.222534179688 590.268737792969 616.97314453125 666.982543945312 633.147521972656 587.5439453125 625.102966308594 600.940551757812 585.037780761719 560.698608398438 435.687469482422 306.594543457031 254.18701171875 232.665985107422 218.546844482422 203.775024414062 183.593292236328 163.540252685547 208.192108154297 243.842239379883 265.280487060547 277.195068359375 290.834320068359 320.189971923828 352.472564697266 368.724487304688 385.513305664062 506.473571777344 877.78076171875 1372.59753417969 1316.46350097656 847.344970703125 552.16064453125 460.429046630859 350.681030273438 247.674194335938 180.776718139648 127.831993103027 77.0897216796875 -9999 -9999 -9999 22.9324550628662 28.2049407958984 45.8061828613281 69.9390182495117 83.1927032470703 91.8921127319336 110.685287475586
