ssp1models/sc1gr21.33
NCOLS 261 
NROWS 433 
XLLCORNER 336357.134 
YLLCORNER 654653.479 
CELLSIZE 1000 
NODATA_value -9999 
[rows 132 to 153 of 433, columns 150 to 199 of 261]
-9999 49.6466751098633 60.185115814209 64.8037185668945 61.2287979125977 57.7575912475586 61.8711967468262 80.9312133789062 108.13924407959 120.032508850098 113.050819396973 99.5392608642578 82.3999404907227 60.2355918884277 29.6554660797119 29.4346332550049 31.6426048278809 32.3632354736328 37.2435264587402 39.1101989746094 26.5752105712891 10.4553279876709 3.69710850715637 2.99729871749878 2.95882081985474 3.39503598213196 6.72728538513184 17.6317653656006 32.856273651123 39.2667694091797 36.4224090576172 46.4314193725586 92.9416351318359 170.358963012695 241.016845703125 292.595275878906 341.453033447266 558.872802734375 -9999 -9999 -9999 -9999 -9999 -9999 -9999 -9999 -9999 -9999 -9999 -9999
42.0336647033691 47.8621673583984 58.6460418701172 65.0981979370117 62.0788993835449 58.0597953796387 58.2153434753418 67.9637756347656 87.9222640991211 104.265312194824 102.804656982422 92.3009719848633 83.0860595703125 70.2525100708008 30.8648529052734 25.4056015014648 30.6187114715576 33.5167808532715 33.5493431091309 27.3632431030273 13.9289398193359 4.69058609008789 2.97293949127197 2.95882058143616 2.95882081985474 2.99511384963989 3.67009878158569 8.10016822814941 19.1771965026855 28.5914325714111 31.2987766265869 46.4676742553711 98.123779296875 167.571060180664 208.67578125 238.821105957031 308.4931640625 642.926025390625 -9999 -9999 -9999 -9999 -9999 -9999 -9999 -9999 -9999 -9999 -9999 -9999
40.4266014099121 43.392936706543 52.1755218505859 63.5095863342285 61.9486465454102 58.0286331176758 55.3104972839355 57.213752746582 64.3041229248047 73.9634628295898 78.0750198364258 76.2771301269531 74.0245590209961 66.2038497924805 23.8323059082031 18.6094989776611 21.21728515625 23.0757522583008 20.9878635406494 13.8853731155396 5.96997928619385 2.8655469417572 2.70282554626465 2.70274019241333 2.70264625549316 2.70183658599854 2.94712853431702 5.79311943054199 14.7219047546387 23.6903285980225 26.6415061950684 35.5451469421387 76.4803695678711 154.582046508789 207.602615356445 239.181106567383 -9999 920.915283203125 -9999 -9999 -9999 -9999 -9999 -9999 -9999 -9999 -9999 -9999 -9999 -9999
39.4469718933105 39.0018157958984 41.9650115966797 57.1923789978027 61.2488059997559 59.1158905029297 55.3142738342285 -9999 -9999 57.6069755554199 62.4053230285645 67.687141418457 70.2060317993164 63.0909614562988 19.6123371124268 15.9118881225586 16.2525939941406 16.3627910614014 14.3415126800537 8.51370620727539 3.40676760673523 2.52773070335388 2.52770829200745 2.52769684791565 2.52768421173096 2.51928758621216 2.55852103233337 3.59491801261902 7.23175764083862 11.3420658111572 14.8932666778564 23.6397380828857 50.3871650695801 111.215553283691 176.719436645508 384.115509033203 -9999 -9999 -9999 -9999 -9999 -9999 -9999 -9999 -9999 -9999 -9999 -9999 -9999 -9999
43.520092010498 40.2190093994141 37.0301170349121 50.3323173522949 60.0094528198242 61.3454971313477 58.4011306762695 55.1182060241699 -9999 53.9472274780273 55.8484039306641 59.7415199279785 63.9669036865234 61.1624450683594 21.6509952545166 15.6625423431396 15.6303863525391 15.1359176635742 12.4768753051758 6.77606630325317 2.76101636886597 2.50881242752075 2.50881242752075 2.50881242752075 2.50881242752075 2.4891562461853 2.307368516922 1.81994616985321 1.67134928703308 3.89196753501892 11.5701923370361 26.6445255279541 58.7731323242188 115.482597351074 186.022430419922 605.742980957031 2194.49145507812 4808.828125 -9999 -9999 -9999 -9999 -9999 -9999 -9999 -9999 -9999 -9999 -9999 -9999
51.4393577575684 44.1355094909668 36.4026107788086 47.285457611084 59.0390739440918 62.6929588317871 61.2339172363281 57.9478721618652 -9999 53.4380874633789 53.7104682922363 54.5821952819824 55.3469047546387 50.0841598510742 19.1100730895996 -9999 15.618745803833 15.0271816253662 12.2240734100342 6.73099708557129 2.90777826309204 2.50970816612244 2.50881266593933 2.50881266593933 2.50881266593933 2.49033355712891 2.23905920982361 1.47930324077606 1.53527271747589 6.13634920120239 17.6061668395996 41.9180068969727 104.974273681641 243.317504882812 548.986938476562 1449.70764160156 3585.48657226562 6283.078125 -9999 -9999 -9999 -9999 -9999 -9999 -9999 -9999 -9999 -9999 -9999 -9999
65.7461547851562 43.6297149658203 33.0861129760742 39.944221496582 51.0673713684082 60.4006614685059 62.0107879638672 -9999 -9999 52.6478233337402 49.4484100341797 41.5275726318359 30.7795448303223 20.8595905303955 -9999 15.4757738113403 15.6599359512329 15.6073083877563 15.1623096466064 13.2260055541992 8.93233585357666 4.5122971534729 2.73390340805054 2.5692994594574 2.52586555480957 3.66428256034851 7.9581241607666 14.9484453201294 19.4641132354736 24.3494167327881 48.6839447021484 123.571464538574 289.861755371094 679.373291015625 1524.6083984375 2723.35473632812 3672.98168945312 5727.35400390625 -9999 -9999 -9999 -9999 -9999 -9999 -9999 -9999 -9999 -9999 -9999 -9999
63.9971656799316 -9999 30.6180686950684 35.3993453979492 41.9163436889648 52.1831741333008 59.2368469238281 58.5577354431152 -9999 47.5913619995117 37.0534286499023 25.1415405273438 17.9108581542969 14.544994354248 -9999 -9999 15.6624708175659 15.658576965332 15.5860443115234 15.0177574157715 12.9273290634155 9.19220352172852 5.9455885887146 4.16446781158447 3.07483339309692 4.54401445388794 11.0305080413818 19.6737041473389 26.0230979919434 49.8604278564453 139.195648193359 282.37646484375 406.602722167969 589.626342773438 1135.93774414062 -9999 3046.19458007812 -9999 5221.41455078125 -9999 -9999 -9999 -9999 -9999 -9999 -9999 -9999 -9999 -9999 -9999
50.1487426757812 23.2352275848389 26.119140625 33.3172874450684 35.5414085388184 41.6740760803223 50.2862091064453 53.4829978942871 46.7470054626465 34.2838249206543 22.3274402618408 15.8490266799927 14.1023426055908 13.5101137161255 13.0933561325073 14.632869720459 15.6499834060669 15.6079206466675 15.4213380813599 14.8803615570068 13.7193069458008 11.9404277801514 10.1299953460693 8.56733512878418 6.61209392547607 5.40700960159302 13.3126745223999 22.3755359649658 35.2626876831055 86.91650390625 214.874786376953 372.900482177734 455.4873046875 519.580261230469 768.094482421875 -9999 -9999 -9999 -9999 3008.4521484375 -9999 -9999 -9999 -9999 -9999 -9999 -9999 -9999 -9999 -9999
33.5205230712891 16.8954467773438 19.9590854644775 29.4358444213867 32.2646980285645 34.6861228942871 37.7744178771973 37.2122802734375 29.5493316650391 20.3659725189209 15.160740852356 13.8617792129517 13.7308902740479 13.4884643554688 12.8850135803223 14.356632232666 15.3926477432251 14.9674663543701 14.0814790725708 13.3289098739624 12.7571573257446 12.2603626251221 11.9380798339844 11.5112028121948 10.2562131881714 7.98498153686523 15.2102632522583 24.6779499053955 48.6132125854492 123.422050476074 235.954483032227 355.944946289062 439.927734375 492.967651367188 631.476013183594 -9999 -9999 -9999 -9999 1624.00939941406 -9999 -9999 -9999 -9999 -9999 -9999 -9999 -9999 -9999 -9999
20.8158855438232 15.2752637863159 16.1184406280518 21.0568237304688 23.4056549072266 24.6924533843994 24.6607551574707 21.8756237030029 17.2943000793457 14.5211620330811 13.80530834198 13.7308912277222 13.7308902740479 13.4894170761108 12.6452674865723 13.7999715805054 14.6652526855469 13.9270544052124 -9999 12.3483600616455 12.2535762786865 12.1974077224731 12.1854953765869 12.1364870071411 11.8073434829712 11.7534217834473 17.387903213501 27.3596725463867 61.257381439209 146.47541809082 231.801177978516 308.798736572266 397.326568603516 427.785125732422 449.196441650391 -9999 -9999 -9999 -9999 1060.43420410156 1002.87127685547 -9999 -9999 -9999 -9999 -9999 -9999 -9999 -9999 -9999
15.8308238983154 14.9859437942505 14.9721984863281 15.0810012817383 15.1195201873779 15.151159286499 14.9308881759644 14.2862672805786 13.793607711792 13.7308912277222 13.7308902740479 13.7308902740479 13.7308902740479 13.4887857437134 12.3591775894165 12.8372955322266 13.2152233123779 12.8227634429932 12.2767534255981 12.1893005371094 12.1881723403931 12.1881723403931 12.188084602356 12.2027082443237 12.7012557983398 24.6263599395752 27.16965675354 34.1754264831543 81.351936340332 164.72380065918 -9999 -9999 357.205902099609 315.654663085938 298.980407714844 319.388824462891 -9999 -9999 -9999 998.526306152344 -9999 -9999 -9999 -9999 -9999 -9999 -9999 -9999 -9999 -9999
13.6425895690918 13.241509437561 12.6825180053711 11.8089046478271 11.3709869384766 11.0448808670044 11.1031837463379 11.9451122283936 13.1841630935669 13.7308893203735 13.7308893203735 13.7308893203735 13.7308902740479 13.4886684417725 12.2109127044678 12.2782793045044 12.3349657058716 12.2750720977783 12.1940097808838 12.1881723403931 12.1881723403931 12.1881713867188 12.1881713867188 12.4482593536377 15.748969078064 47.5534591674805 45.022045135498 43.7984313964844 95.2908401489258 173.12614440918 -9999 -9999 -9999 301.500396728516 357.461700439453 377.216949462891 -9999 -9999 -9999 -9999 -9999 -9999 -9999 -9999 -9999 -9999 -9999 -9999 -9999 -9999
11.3856544494629 11.0699224472046 10.6603355407715 10.2978010177612 10.2106628417969 10.1660013198853 10.45654296875 11.5858478546143 13.0827579498291 13.7308902740479 13.7308893203735 13.7308902740479 13.7308902740479 13.488655090332 12.1882219314575 12.1886510848999 12.1895055770874 12.189190864563 12.1881713867188 12.1881723403931 12.1881723403931 12.1881723403931 12.1946001052856 12.976713180542 20.8921184539795 68.7010040283203 62.3547477722168 48.3615646362305 -9999 -9999 -9999 -9999 -9999 -9999 506.815338134766 502.563446044922 556.608642578125 -9999 -9999 -9999 -9999 -9999 -9999 -9999 -9999 -9999 -9999 -9999 -9999 -9999
10.3157682418823 10.1713371276855 10.1008043289185 10.0542411804199 10.0542411804199 10.0818681716919 10.3729486465454 11.4222774505615 12.9404363632202 13.7108430862427 13.7279863357544 13.7308902740479 13.7308902740479 13.4886426925659 12.1881723403931 12.1881713867188 12.1881713867188 12.1881713867188 12.1881713867188 12.1881713867188 12.1881713867188 12.1959609985352 12.5584897994995 16.4534931182861 33.0232925415039 81.9084701538086 -9999 -9999 -9999 -9999 -9999 -9999 -9999 -9999 4029.43798828125 588.298278808594 605.248107910156 -9999 -9999 -9999 -9999 -9999 -9999 -9999 -9999 -9999 -9999 -9999 -9999 -9999
10.1630516052246 10.0542402267456 10.0542411804199 10.0542411804199 10.0542402267456 10.0670404434204 10.2205934524536 10.8918104171753 12.1951627731323 13.2897548675537 13.6504106521606 13.7308902740479 13.7308902740479 13.4886302947998 12.1881713867188 12.1881713867188 12.1881723403931 12.1881713867188 12.1881713867188 12.1881713867188 12.1881713867188 12.4406957626343 -9999 58.1010589599609 144.019073486328 125.485977172852 -9999 -9999 -9999 -9999 -9999 1470.48876953125 4039.55224609375 7493.0419921875 6321.37158203125 -9999 -9999 -9999 -9999 -9999 -9999 -9999 -9999 -9999 -9999 -9999 -9999 -9999 -9999 10.5549545288086
-9999 9.99028587341309 9.99031448364258 9.99036312103271 9.99038410186768 9.99275970458984 10.0312366485596 10.2641448974609 10.9368886947632 11.997859954834 13.0639944076538 13.6117467880249 13.6536951065063 13.6022634506226 12.8343906402588 12.864068031311 12.9119319915771 12.8439445495605 12.7703256607056 12.7704401016235 12.7792539596558 15.0155448913574 42.6222953796387 159.991424560547 344.428497314453 224.45166015625 -9999 -9999 -9999 -9999 600.7763671875 1427.24621582031 3438.37817382812 6442.8515625 7813.0986328125 -9999 -9999 -9999 -9999 -9999 -9999 -9999 -9999 -9999 -9999 0.0696096420288086 0.0700196027755737 0.0898017361760139 1.50900065898895 9.47043704986572
10.0882368087769 9.94840717315674 9.94841003417969 9.94841575622559 9.94841766357422 9.9485330581665 9.95215892791748 9.99263286590576 10.2223014831543 10.9374122619629 12.0789556503296 12.9302415847778 14.0003147125244 16.2562103271484 15.323657989502 15.9429693222046 17.1191482543945 15.4458923339844 13.4532470703125 -9999 13.4240369796753 20.5391578674316 76.4708480834961 242.395034790039 410.891143798828 236.598937988281 184.018676757812 -9999 -9999 -9999 777.775207519531 1374.13659667969 2424.8056640625 4500.67431640625 5642.9208984375 -9999 -9999 -9999 -9999 -9999 -9999 -9999 -9999 -9999 -9999 18.8634510040283 0.875071823596954 0.319034039974213 0.927943587303162 6.02380275726318
11.1509914398193 9.9744987487793 9.94815349578857 9.94467449188232 9.94467449188232 9.94467449188232 9.94467449188232 9.94544410705566 9.99727535247803 10.4737281799316 12.1867361068726 16.3099555969238 27.9152717590332 49.6181030273438 56.0124740600586 56.4373359680176 59.6599464416504 53.4210624694824 39.6876068115234 27.3143615722656 -9999 123.019256591797 217.25146484375 255.307846069336 237.319396972656 179.949005126953 198.891586303711 172.673385620117 -9999 -9999 -9999 -9999 829.675170898438 1059.75598144531 -9999 -9999 -9999 -9999 -9999 -9999 -9999 -9999 -9999 -9999 -9999 -9999 163.467864990234 98.1419677734375 48.3732604980469 20.8145542144775
12.5538158416748 10.6110754013062 10.1336526870728 9.95882606506348 9.94467449188232 9.94467544555664 9.94468879699707 9.95378971099854 10.2257537841797 12.6081953048706 21.5358276367188 37.2320442199707 51.3821258544922 61.8828811645508 65.9140853881836 65.9730606079102 66.4393768310547 64.6747512817383 61.0622024536133 75.9869155883789 165.736923217773 320.478149414062 391.193511962891 326.064849853516 248.703033447266 207.208084106445 189.719390869141 142.737274169922 135.336303710938 212.184921264648 392.27880859375 562.947570800781 -9999 420.628540039062 -9999 -9999 -9999 -9999 -9999 -9999 -9999 -9999 -9999 -9999 -9999 428.943542480469 225.551055908203 179.680923461914 130.148376464844 68.2932205200195
14.5699605941772 13.2480096817017 12.3558740615845 10.2992210388184 10.0360898971558 10.0431966781616 10.0566205978394 10.3229885101318 12.7863731384277 22.8020095825195 42.1578788757324 60.1210098266602 67.1703948974609 68.1677017211914 67.2271423339844 67.2271423339844 67.2211608886719 68.0212478637695 82.2651901245117 166.591598510742 367.970520019531 537.413696289062 535.304809570312 451.134643554688 355.418792724609 222.556701660156 159.385055541992 116.473731994629 125.896926879883 196.912628173828 365.450347900391 525.18505859375 471.070648193359 280.742462158203 136.513381958008 -9999 -9999 -9999 -9999 -9999 -9999 -9999 -9999 -9999 -9999 545.157836914062 -9999 182.02311706543 173.010681152344 163.457214355469
15.704909324646 15.2316312789917 14.7042331695557 12.2278423309326 11.6798067092896 11.8108377456665 12.0788803100586 14.3259315490723 25.5833740234375 53.22314453125 78.6848373413086 82.865592956543 78.8565063476562 73.8241882324219 68.1987228393555 67.9212188720703 67.9815979003906 76.7847442626953 146.578796386719 351.161041259766 580.440490722656 653.241271972656 615.670593261719 550.644592285156 482.393035888672 257.578002929688 128.615951538086 98.4575271606445 128.266799926758 212.11848449707 346.024505615234 435.108795166016 399.255554199219 236.588073730469 39.1265754699707 5.81888961791992 9.73008823394775 104.935913085938 218.405548095703 519.562316894531 -9999 -9999 2092.89086914062 -9999 -9999 375.896301269531 -9999 165.818298339844 196.257629394531 236.33039855957
