ssp1models/sc1gr21.3
NCOLS 261 
NROWS 433 
XLLCORNER 336357.134 
YLLCORNER 654653.479 
CELLSIZE 1000 
NODATA_value -9999 
[rows 132 to 153 of 433, columns 150 to 199 of 261]
-9999 47.7184219360352 57.8475570678711 62.2867698669434 58.8507041931152 55.5143165588379 59.4681510925293 77.7878875732422 103.939163208008 115.370506286621 108.65998840332 95.673210144043 79.1995697021484 57.8947906494141 28.4980125427246 28.2857990264893 30.4075927734375 31.10009765625 35.789909362793 37.5837249755859 25.5379791259766 10.0472555160522 3.55281019210815 2.88031387329102 2.84333777427673 3.26252746582031 6.52581357955933 17.3649082183838 32.6067733764648 38.9685897827148 36.1458282470703 46.0788345336914 92.2358703613281 169.065322875977 239.186645507812 290.373413085938 338.860168457031 554.62890625 -9999 -9999 -9999 -9999 -9999 -9999 -9999 -9999 -9999 -9999 -9999 -9999
40.564640045166 46.0032234191895 56.3682594299316 62.5698204040527 59.6677856445312 55.8047828674316 55.954288482666 65.3240966796875 84.5074005126953 100.215705871582 98.8117828369141 88.7160491943359 79.8590393066406 67.5222473144531 29.6601963043213 24.4140186309814 29.4236621856689 32.2086181640625 32.2399101257324 26.2952556610107 13.385293006897 4.50751256942749 2.85690569877625 2.84333777427673 2.84333801269531 2.87821435928345 3.55137157440186 7.98520183563232 19.0315704345703 28.3743171691895 31.0611038208008 46.1148147583008 97.378662109375 166.298568725586 207.091156005859 237.007568359375 306.150573730469 638.043884277344 -9999 -9999 -9999 -9999 -9999 -9999 -9999 -9999 -9999 -9999 -9999 -9999
39.644115447998 42.6981430053711 51.3309898376465 62.5221672058105 60.999683380127 57.1425437927246 54.447998046875 56.2745742797852 63.1533241271973 72.5748596191406 76.6731948852539 75.0110931396484 72.8339233398438 65.5760040283203 24.6534748077393 19.3302192687988 21.9214534759521 23.7690906524658 21.5814094543457 14.2162637710571 6.09828901290894 2.9805223941803 2.82421708106995 2.82421064376831 2.8242039680481 2.82343697547913 3.05378794670105 5.79247426986694 14.4908628463745 23.3202934265137 26.2304801940918 35.0219573974609 75.3183975219727 152.054763793945 204.255615234375 235.544494628906 -9999 908.169738769531 -9999 -9999 -9999 -9999 -9999 -9999 -9999 -9999 -9999 -9999 -9999 -9999
39.1111145019531 39.0358848571777 42.0003700256348 57.2363967895508 61.305103302002 59.1729621887207 55.3671684265137 -9999 -9999 57.6512718200684 62.4515953063965 67.742561340332 70.2689971923828 63.9072914123535 21.8116035461426 17.6939373016357 18.06809425354 18.1861686706543 15.9383382797241 9.45869922637939 3.7838773727417 2.81115126609802 2.81113719940186 2.81113648414612 2.8111355304718 2.80177712440491 2.80020785331726 3.66042590141296 7.0766019821167 11.0991067886353 14.5687055587769 23.1140155792236 49.2424583435059 108.668495178223 172.74040222168 375.406005859375 -9999 -9999 -9999 -9999 -9999 -9999 -9999 -9999 -9999 -9999 -9999 -9999 -9999 -9999
43.1948165893555 40.325756072998 37.1284027099609 50.4659080505371 60.1687278747559 61.5083198547363 58.5561370849609 55.2644996643066 -9999 54.0904121398926 55.9966354370117 59.9000854492188 64.1366806030273 62.1587448120117 24.2478713989258 17.5411491394043 17.5051345825195 16.951358795166 13.9733839035034 7.58880519866943 3.09218001365662 2.80972576141357 2.80972599983215 2.80972599983215 2.80972599983215 2.78771209716797 2.55080533027649 1.89035129547119 1.6317948102951 3.79985952377319 11.2963695526123 26.013952255249 57.3821983337402 112.749572753906 181.619995117188 591.407348632812 2142.55639648438 4695.021484375 -9999 -9999 -9999 -9999 -9999 -9999 -9999 -9999 -9999 -9999 -9999 -9999
51.0482482910156 44.2526550292969 36.4992294311523 47.410961151123 59.1957740783691 62.8593597412109 61.3964462280273 58.101676940918 -9999 53.5799217224121 53.8530235290527 54.7270622253418 55.4938049316406 50.8742980957031 21.4021854400635 -9999 17.4920978546143 16.8295803070068 13.6902599334717 7.53833055496216 3.25654458999634 2.81072902679443 2.80972599983215 2.80972599983215 2.80972599983215 2.78903079032898 2.47858834266663 1.54334509372711 1.49893867969513 5.99112510681152 17.1894969940186 40.925968170166 102.489936828613 237.559112548828 535.994506835938 1415.39855957031 3500.6318359375 6134.3818359375 -9999 -9999 -9999 -9999 -9999 -9999 -9999 -9999 -9999 -9999 -9999 -9999
65.2121047973633 43.7455177307129 33.1739311218262 40.0502433776855 51.2029151916504 60.560977935791 62.1753768920898 -9999 -9999 52.7875595092773 49.5796546936035 41.6377944946289 30.8612384796143 21.1157341003418 -9999 17.3319778442383 17.5382289886475 17.4792900085449 16.9809169769287 14.8123664855957 10.0037031173706 5.0535135269165 3.06181478500366 2.87746810913086 2.82882452011108 4.1037859916687 8.68326187133789 15.3800764083862 19.0034732818604 23.7731590270996 47.5317840576172 120.647003173828 283.001861572266 663.295166015625 1488.52673339844 2658.90356445312 3586.05639648438 5591.80908203125 -9999 -9999 -9999 -9999 -9999 -9999 -9999 -9999 -9999 -9999 -9999 -9999
63.4523582458496 -9999 30.699333190918 35.4933013916016 42.0275993347168 52.3216781616211 59.3940734863281 58.7131576538086 -9999 47.7176780700684 37.1517753601074 25.2082691192627 17.9583969116211 14.7740526199341 -9999 -9999 17.5410690307617 17.5367069244385 17.4554748535156 16.8190269470215 14.4778671264648 10.2947406768799 6.6587176322937 4.66396474838257 3.44363713264465 5.08903503417969 12.0459508895874 20.2629070281982 25.4072322845459 48.6804237365723 135.901412963867 275.693695068359 396.980010986328 575.672119140625 1109.05444335938 -9999 2974.10278320312 -9999 5097.84375 -9999 -9999 -9999 -9999 -9999 -9999 -9999 -9999 -9999 -9999 -9999
49.7058715820312 23.296895980835 26.1884651184082 33.4057159423828 35.6357421875 41.7846870422363 50.419677734375 53.6249542236328 46.8710823059082 34.3748207092285 22.3867015838623 15.891092300415 14.1397724151611 13.7732086181641 14.6638069152832 16.3879737854004 17.5270824432373 17.4799747467041 17.2710132598877 16.6651496887207 15.3648366928101 13.3725938796997 11.3450126647949 9.5949239730835 7.40516567230225 6.05554056167603 14.5594863891602 23.0480194091797 34.4281578063965 84.8595275878906 209.789535522461 364.075378417969 444.707641601562 507.283813476562 749.916625976562 -9999 -9999 -9999 -9999 2937.25366210938 -9999 -9999 -9999 -9999 -9999 -9999 -9999 -9999 -9999 -9999
33.2276611328125 16.9402904510498 20.0120601654053 29.513973236084 32.3503341674805 34.7781867980957 37.8746795654297 37.3110466003418 29.6277599334717 20.4200267791748 15.2009801864624 13.89857006073 13.767333984375 13.753381729126 14.4304752349854 16.0786037445068 17.2388820648193 16.7627029418945 15.7704486846924 14.9276142120361 14.2872848510742 13.730902671814 13.3699645996094 12.8918857574463 11.4863700866699 8.94272041320801 16.6611251831055 25.3789405822754 47.4627227783203 120.501121520996 230.370346069336 347.521118164062 429.516326904297 481.300994873047 616.531372070312 -9999 -9999 -9999 -9999 1585.57531738281 -9999 -9999 -9999 -9999 -9999 -9999 -9999 -9999 -9999 -9999
20.6481113433838 15.315806388855 16.1612224578857 21.1127128601074 23.4677772521973 24.7579917907715 24.7262096405029 21.9336833953857 17.340202331543 14.55970287323 13.8419494628906 13.767333984375 13.767333984375 13.7501173019409 14.1619739532471 15.4551763534546 16.4242420196533 15.5975008010864 -9999 13.8294544219971 13.7233018875122 13.6603965759277 13.6470556259155 13.5921688079834 13.2235469818115 13.1631574630737 19.0837497711182 28.0551719665527 59.8076553344727 143.008895874023 226.315322875977 301.490661621094 387.923400878906 417.661102294922 438.565673828125 -9999 -9999 -9999 -9999 1035.33776855469 979.137145996094 -9999 -9999 -9999 -9999 -9999 -9999 -9999 -9999 -9999
15.7130479812622 15.0257186889648 15.0119371414185 15.1210289001465 15.159649848938 15.1913728713989 14.9705181121826 14.3241853713989 13.8302183151245 13.7673349380493 13.767333984375 13.767333984375 13.767333984375 13.7490329742432 13.8415689468384 14.3770341873169 14.8002920150757 14.3607587814331 13.7492589950562 13.6513166427612 13.6500520706177 13.650053024292 13.6499547958374 13.6663331985474 14.2246780395508 27.5801086425781 29.9946556091309 34.8641052246094 79.4266510009766 160.825424194336 -9999 -9999 348.752227783203 308.184326171875 291.904693603516 311.830108642578 -9999 -9999 -9999 974.89501953125 -9999 -9999 -9999 -9999 -9999 -9999 -9999 -9999 -9999 -9999
13.5424165725708 13.2766542434692 12.716178894043 11.8402481079102 11.4011669158936 11.0741949081421 11.1326532363892 11.9768161773682 13.2191553115845 13.767333984375 13.7673330307007 13.7673330307007 13.767333984375 13.7489194869995 13.6755208969116 13.7509670257568 13.814453125 13.7473764419556 13.6565914154053 13.650053024292 13.650053024292 13.650053024292 13.650053024292 13.9413356781006 17.6379413604736 53.2571449279785 49.8575401306152 44.7140998840332 93.0356674194336 169.028915405273 -9999 -9999 -9999 294.365051269531 349.001953125 368.289672851562 -9999 -9999 -9999 -9999 -9999 -9999 -9999 -9999 -9999 -9999 -9999 -9999 -9999 -9999
11.3021259307861 11.0993041992188 10.6886301040649 10.3251323699951 10.2377624511719 10.1929836273193 10.4842967987061 11.6165990829468 13.1174821853638 13.767333984375 13.767333984375 13.767333984375 13.767333984375 13.7489185333252 13.6501092910767 13.6505899429321 13.6515464782715 13.6511936187744 13.650053024292 13.650053024292 13.650053024292 13.650053024292 13.6572523117065 14.5331735610962 23.3979721069336 76.9411849975586 69.0698776245117 49.8757286071777 -9999 -9999 -9999 -9999 -9999 -9999 494.820983886719 490.669677734375 543.435852050781 -9999 -9999 -9999 -9999 -9999 -9999 -9999 -9999 -9999 -9999 -9999 -9999 -9999
10.240327835083 10.1983327865601 10.127613067627 10.0809259414673 10.0809259414673 10.1086273193359 10.4004802703857 11.4525938034058 12.9747829437256 13.7472333908081 13.764422416687 13.767333984375 13.767333984375 13.7489175796509 13.650053024292 13.650053024292 13.650053024292 13.650053024292 13.650053024292 13.650053024292 13.650053024292 13.6587762832642 14.0647878646851 18.4269676208496 36.9841918945312 91.7327880859375 -9999 -9999 -9999 -9999 -9999 -9999 -9999 -9999 3934.07666015625 574.375549316406 590.924194335938 -9999 -9999 -9999 -9999 -9999 -9999 -9999 -9999 -9999 -9999 -9999 -9999 -9999
10.0888147354126 10.0809259414673 10.0809259414673 10.0809259414673 10.0809259414673 10.0937595367432 10.2477207183838 10.9207181930542 12.2275304794312 13.3250284194946 13.6866407394409 13.767333984375 13.767333984375 13.7489166259766 13.6500520706177 13.6500520706177 13.650053024292 13.650053024292 13.6500520706177 13.6500520706177 13.650053024292 13.9328651428223 -9999 65.0698471069336 161.293090820312 140.537094116211 -9999 -9999 -9999 -9999 -9999 1435.68798828125 3943.95166015625 7315.71044921875 6171.76904296875 -9999 -9999 -9999 -9999 -9999 -9999 -9999 -9999 -9999 -9999 -9999 -9999 -9999 -9999 11.6990928649902
-9999 10.076301574707 10.0763034820557 10.0763072967529 10.0763082504272 10.0786743164062 10.1168794631958 10.3481731414795 11.0212774276733 12.0941858291626 13.1741027832031 13.7285947799683 13.7710371017456 13.8485479354858 13.7615613937378 13.7926235198975 13.8427238464355 13.771409034729 13.6941738128662 13.6941823959351 13.7032880783081 16.0563259124756 45.2109870910645 169.696365356445 366.078643798828 238.902038574219 -9999 -9999 -9999 -9999 584.135681152344 1388.04736328125 3344.95263671875 6267.59228515625 7601.57373046875 -9999 -9999 -9999 -9999 -9999 -9999 -9999 -9999 -9999 -9999 0.0724786445498466 0.073577843606472 0.092861644923687 1.59346926212311 10.055850982666
10.0954828262329 10.0732727050781 10.0732727050781 10.0732736587524 10.0732736587524 10.0733890533447 10.0768251419067 10.1162595748901 10.3466815948486 11.0725622177124 12.2299537658691 13.0922937393188 14.1761512756348 16.5431213378906 15.9839534759521 16.6287536621094 17.8533058166504 16.1112155914307 14.0366230010986 -9999 14.0062255859375 21.4208641052246 79.7372817993164 252.82666015625 428.761627197266 246.914291381836 190.19677734375 -9999 -9999 -9999 754.5966796875 1333.23107910156 2352.6650390625 4366.6611328125 5474.70703125 -9999 -9999 -9999 -9999 -9999 -9999 -9999 -9999 -9999 -9999 19.3791198730469 0.899149179458618 0.327959626913071 0.956700444221497 6.20719337463379
11.1588325500488 10.1032133102417 10.0765266418457 10.0730028152466 10.0730037689209 10.0730028152466 10.0730028152466 10.0737829208374 10.1262826919556 10.6088838577271 12.3439970016479 16.5204219818115 28.2754974365234 50.5349426269531 58.3077964782715 58.7500686645508 62.1047401428223 55.6101913452148 41.3139572143555 28.4336719512939 -9999 128.060440063477 226.154159545898 265.770050048828 247.044464111328 187.323104858398 204.986587524414 171.091598510742 -9999 -9999 -9999 -9999 804.91064453125 1028.12390136719 -9999 -9999 -9999 -9999 -9999 -9999 -9999 -9999 -9999 -9999 -9999 -9999 167.935089111328 100.823974609375 49.6951942443848 21.3833694458008
12.5610036849976 10.7480030059814 10.2644195556641 10.0873374938965 10.0730028152466 10.0730047225952 10.0730180740356 10.082236289978 10.3577098846436 12.7708950042725 21.8137321472168 37.7124977111816 52.0451774597168 62.9795150756836 68.6151580810547 68.6765594482422 69.161979675293 67.3250427246094 63.5644607543945 79.1007766723633 172.528625488281 333.610961914062 407.22412109375 339.426605224609 258.894592285156 215.699234008789 195.788436889648 141.436676025391 131.296737670898 205.851531982422 380.569915771484 546.144470214844 -9999 408.073425292969 -9999 -9999 -9999 -9999 -9999 -9999 -9999 -9999 -9999 -9999 -9999 440.665649414062 231.714874267578 184.591217041016 133.705047607422 70.1595306396484
14.5816745758057 13.4189653396606 12.5153169631958 10.4321250915527 10.1655988693237 10.172797203064 10.1863946914673 10.4561996459961 12.9513721466064 23.0962524414062 42.7018966674805 60.8968315124512 68.0371856689453 69.3470916748047 69.9820327758789 69.9820327758789 69.9757995605469 70.8086776733398 85.6363143920898 173.418319702148 383.049530029297 559.436279296875 557.240966796875 469.621612548828 369.983428955078 231.676818847656 164.582748413086 115.31568145752 122.139099121094 191.035095214844 354.542205810547 509.509124755859 457.009918212891 272.362762451172 132.438674926758 -9999 -9999 -9999 -9999 -9999 -9999 -9999 -9999 -9999 -9999 560.055847167969 -9999 186.997421264648 177.738693237305 167.924163818359
15.7204704284668 15.4281845092773 14.8939800262451 12.3856334686279 11.8305263519287 11.963249206543 12.2347497940063 14.5107975006104 25.9135093688965 53.9099540710449 79.7002105712891 83.9349212646484 79.8740921020508 75.0864105224609 70.9934234619141 70.7045516967773 70.7673950195312 79.9312973022461 152.585418701172 365.551177978516 604.226257324219 680.010314941406 640.900024414062 573.209350585938 502.160919189453 268.133239746094 132.817932128906 97.3794021606445 124.43824005127 205.787078857422 335.696228027344 422.121490478516 387.33837890625 229.526290893555 37.9587097167969 5.64520454406738 9.43966007232666 101.803733825684 211.886489868164 504.054168701172 -9999 -9999 2150.0849609375 -9999 -9999 386.168731689453 -9999 170.349761962891 201.620941162109 242.788803100586
