rcp8.5models/GFDL_CM3/age.38
ncols    261
nrows    433
xllcorner  336357.125000
yllcorner  654653.500000
cellsize   1000.000000
NODATA_value   -9999
[rows 360 to 404 of 433, columns 96 to 191 of 261]
5 19 7 41 39 40 6 6 6 7 41 41 41 40 7 42 7 7 7 38 41 40 40 43 7 39 6 43 42 41 43 43 39 42 43 40 36 39 6 41 40 43 40 40 6 37 6 6 37 43 42 41 36 10 6 42 11 41 14 11 25 39 42 39 41 40 40 39 39 -9999 19 42 -9999 25 41 25 39 25 42 25 25 25 42 21 25 9 41 37 25 25 25 25 25 25 14 9
42 5 5 19 6 41 40 40 7 41 7 7 42 43 43 7 42 6 7 6 42 42 6 42 39 39 39 39 6 38 6 36 6 7 41 36 43 40 5 5 40 37 40 5 6 40 39 5 37 41 5 -9999 10 10 6 41 10 42 39 25 25 43 19 42 43 41 40 5 40 42 42 25 25 25 25 9 25 25 25 41 19 25 21 21 25 9 42 40 43 19 19 19 19 9 9 9
42 40 41 42 40 42 43 39 35 39 7 7 39 40 38 40 7 42 41 42 38 42 40 41 7 7 43 43 42 43 43 6 39 43 6 43 14 43 5 40 37 5 43 41 43 5 39 40 43 5 39 41 21 21 11 11 10 39 42 43 25 25 43 41 40 41 43 43 43 9 11 14 42 25 25 25 5 25 25 25 25 25 21 25 9 9 43 40 39 32 19 19 19 3 19 -9999
39 40 40 42 19 41 7 43 35 19 42 41 7 42 36 38 41 7 39 41 42 38 42 42 40 40 6 43 6 41 39 6 6 42 6 6 42 42 43 37 40 41 42 39 43 43 5 41 40 42 30 39 11 25 11 11 11 43 42 19 40 25 40 9 39 39 39 40 43 25 25 40 41 25 25 25 25 25 14 25 21 25 21 25 43 39 37 42 42 23 19 19 19 9 9 -9999
42 40 35 40 19 42 40 6 5 41 43 39 19 42 40 42 42 42 40 41 38 39 39 42 39 38 39 43 43 42 40 38 6 40 6 40 42 43 5 5 30 41 39 42 41 39 40 39 39 40 43 10 25 11 25 5 10 42 41 41 9 25 -9999 -9999 40 25 40 41 43 25 9 40 42 39 43 25 25 25 21 21 14 21 21 14 5 41 37 42 32 19 19 25 25 25 8 8
42 43 39 19 39 43 40 38 6 19 19 5 5 43 40 41 42 43 42 43 43 40 43 38 42 43 40 39 38 39 41 43 6 6 7 7 36 41 41 43 40 30 40 41 3 42 43 37 40 43 42 10 21 25 11 11 11 5 43 5 39 43 25 25 25 25 25 25 25 25 5 19 43 19 39 40 25 21 21 25 14 21 21 25 39 3 41 37 29 19 19 8 14 21 21 14
41 42 43 19 5 19 43 41 6 7 7 35 40 39 39 39 39 42 39 39 40 43 38 38 42 39 43 39 42 39 43 38 39 40 7 7 6 40 39 41 41 39 40 42 39 5 40 41 37 39 6 10 25 43 11 11 11 5 42 41 41 9 25 25 25 41 42 25 25 41 5 5 43 23 39 5 39 9 25 25 25 11 25 5 23 41 40 43 42 19 19 10 21 9 21 14
38 40 39 43 5 5 5 5 5 5 5 7 42 39 40 39 43 43 36 43 39 43 38 43 39 39 40 43 39 40 42 38 41 40 43 42 39 41 40 39 39 40 6 39 43 41 42 41 37 43 21 21 21 11 11 21 21 43 39 42 25 25 25 40 37 5 5 39 25 41 19 -9999 37 41 39 41 5 42 41 25 25 21 21 25 39 39 40 41 41 41 40 9 14 8 8 8
42 38 39 5 40 41 5 5 5 41 5 5 5 5 42 42 43 19 43 41 43 38 41 42 40 39 43 39 42 39 41 38 38 38 39 30 42 41 6 39 6 41 6 6 42 37 41 30 37 6 41 10 21 25 41 21 25 40 41 25 25 43 39 40 3 3 3 5 25 25 3 42 41 41 39 32 3 3 39 10 25 21 25 5 43 40 43 3 41 9 25 10 14 9 -9999 39
35 39 42 5 39 5 41 43 42 3 40 39 42 41 41 42 5 39 5 5 14 39 41 38 41 40 38 38 40 43 38 38 42 38 40 40 42 6 40 43 6 42 43 6 6 6 43 41 -9999 30 39 41 25 25 25 25 25 43 40 37 42 39 41 3 41 42 3 5 9 37 37 43 41 40 43 41 37 37 42 41 25 25 21 40 25 5 5 39 9 10 10 21 8 25 9 8
40 39 40 5 39 39 43 42 42 41 42 39 40 42 40 40 39 41 39 41 5 5 36 36 36 39 42 42 39 38 38 40 38 38 40 39 40 43 42 39 6 6 41 41 6 37 42 30 -9999 30 6 25 10 25 25 25 25 25 25 25 42 43 37 3 39 3 3 5 5 5 3 42 42 39 39 39 3 3 5 25 21 21 21 9 9 11 9 8 21 21 9 25 9 5 25 14
41 5 43 5 5 41 39 41 43 39 5 39 43 40 40 40 42 40 43 41 42 19 40 43 40 39 19 40 40 40 38 36 36 38 38 38 39 38 6 6 7 6 6 6 6 40 37 23 32 -9999 6 6 10 25 21 25 25 25 37 25 41 5 43 40 40 3 3 43 9 5 5 3 37 41 39 41 3 10 21 14 21 21 14 9 9 21 14 14 14 8 5 19 19 19 8 21
43 5 5 43 40 39 43 43 5 40 40 43 5 42 41 42 42 40 43 42 40 39 43 42 39 38 42 5 14 36 36 40 5 5 36 40 39 40 6 6 6 6 6 6 6 6 37 37 -9999 -9999 -9999 25 25 21 25 25 25 25 25 25 25 40 39 30 37 3 3 39 25 21 40 41 3 3 3 41 42 37 10 25 21 21 14 25 39 25 25 8 8 43 3 43 5 5 8 8
7 42 5 5 42 39 43 40 42 39 42 39 39 39 5 40 40 42 43 5 5 43 42 5 5 36 36 5 5 39 40 5 40 5 43 5 5 6 6 36 39 5 6 6 6 6 37 23 30 -9999 -9999 25 25 25 25 25 25 25 25 10 10 37 23 30 37 40 3 41 5 21 21 5 10 40 41 25 25 37 25 14 21 21 21 8 3 3 5 5 40 37 40 9 8 8 6 8
40 43 5 41 41 42 39 39 41 43 42 42 39 39 41 5 40 41 43 39 42 5 39 41 5 10 42 41 40 39 41 5 5 5 5 5 41 42 6 21 36 42 23 6 6 6 37 -9999 -9999 -9999 -9999 -9999 -9999 25 25 25 25 25 25 25 25 -9999 43 40 25 19 3 5 21 21 21 21 21 11 -9999 21 14 25 25 25 21 21 14 8 10 10 25 10 9 25 8 25 14 14 -9999 8
5 40 40 42 5 5 43 41 5 40 39 41 43 39 39 19 5 3 41 39 41 40 43 42 42 5 5 40 38 40 39 41 39 39 5 5 5 5 5 6 17 36 10 6 6 6 6 42 30 -9999 -9999 25 25 21 21 25 25 25 10 25 21 25 -9999 -9999 -9999 25 42 25 21 21 21 21 14 21 14 21 21 21 25 21 21 21 25 21 25 25 21 21 21 21 8 9 15 8 9 8
40 5 5 5 5 5 5 43 41 40 41 41 39 41 42 41 5 42 39 41 41 41 40 40 42 42 41 43 41 36 40 14 39 41 40 42 42 6 5 42 40 6 6 6 10 6 10 -9999 -9999 -9999 -9999 21 21 25 21 21 25 25 5 25 21 21 -9999 21 21 21 25 25 21 21 21 21 21 21 14 8 21 21 21 21 34 25 21 21 25 21 21 10 9 21 14 15 15 8 25 9
42 5 5 5 5 5 40 5 41 41 5 5 5 41 43 40 43 41 41 43 43 39 39 39 41 43 42 39 36 40 42 41 42 42 41 39 40 39 42 39 6 6 6 11 6 42 10 11 25 25 25 21 21 21 21 21 21 21 21 25 25 25 21 25 25 25 21 21 21 25 21 21 14 14 11 21 21 21 14 21 25 10 28 21 21 21 9 8 8 9 21 21 21 21 -9999 34
41 5 5 5 42 40 43 42 5 42 39 40 41 41 40 40 40 5 41 42 40 42 42 42 42 41 42 43 42 43 41 43 39 43 43 39 39 40 42 43 40 6 6 11 10 10 11 25 25 25 21 21 21 21 21 21 21 25 25 21 21 21 14 21 21 21 21 21 25 25 21 25 5 5 25 5 21 21 21 21 21 21 14 8 21 9 25 25 5 25 9 8 10 8 15 10
43 42 40 5 42 42 41 41 41 42 39 42 39 39 39 43 43 40 42 41 39 39 40 39 42 39 41 41 5 5 43 41 42 39 43 41 41 40 42 39 40 6 6 6 10 11 25 25 21 21 21 21 21 21 25 21 21 25 25 21 25 25 21 14 25 25 21 25 25 21 21 21 3 3 43 5 9 21 25 21 21 25 21 21 9 8 21 10 25 6 6 5 8 8 14 15
39 43 41 39 40 43 40 43 39 42 39 41 42 42 39 43 43 40 40 42 41 42 39 41 5 5 41 41 5 41 39 39 43 39 40 40 43 36 6 6 21 10 6 6 6 6 6 25 21 21 21 21 34 21 25 21 39 21 -9999 21 25 25 21 21 21 21 34 25 25 25 21 -9999 25 40 3 25 21 34 21 21 21 21 21 14 34 9 34 41 10 25 -9999 -9999 8 15 15 9
6 42 39 43 42 41 43 40 39 40 40 42 41 40 42 39 30 43 39 40 41 40 5 5 42 40 40 39 43 43 41 5 5 43 39 43 39 39 42 40 43 41 43 11 25 25 6 21 21 25 25 21 34 21 21 21 34 21 21 21 21 21 21 21 21 39 21 41 21 25 21 21 14 25 5 25 21 25 21 21 21 8 21 34 14 14 21 10 25 -9999 -9999 25 10 15 25 10
6 19 42 7 39 40 42 42 40 39 5 41 41 42 39 43 40 39 43 40 5 43 41 41 43 43 40 42 43 42 40 40 42 39 39 41 43 41 6 40 39 41 42 43 25 25 21 25 21 21 25 21 34 34 34 21 21 21 34 21 21 21 25 -9999 -9999 21 21 21 21 21 21 21 21 21 25 34 37 34 21 34 25 21 21 21 21 34 14 10 25 6 -9999 -9999 -9999 10 34 15
35 6 41 5 5 5 5 40 41 40 5 42 42 43 42 39 42 40 39 42 43 35 41 41 43 41 43 42 37 30 39 40 42 41 42 43 40 42 42 6 40 40 11 21 21 21 21 21 21 21 34 21 34 34 21 21 21 21 34 37 41 11 21 34 -9999 21 37 37 21 21 21 21 21 21 34 34 34 42 42 34 34 34 21 21 34 34 21 34 10 10 -9999 -9999 -9999 43 42 34
40 40 42 5 5 40 41 42 5 5 5 39 5 39 40 39 19 43 42 42 43 39 41 39 42 39 42 42 30 41 40 39 43 40 42 42 41 41 6 6 6 21 38 6 6 25 10 21 21 21 21 21 21 34 34 21 34 21 34 34 21 25 21 21 42 34 43 39 41 39 41 43 34 21 34 39 41 37 37 34 10 10 10 25 10 -9999 34 34 39 10 -9999 -9999 40 42 34 34
43 42 6 39 42 42 40 42 5 43 40 42 43 14 5 39 42 40 40 39 42 41 39 39 39 39 5 5 43 39 41 42 43 40 42 41 40 42 6 6 25 21 21 21 21 10 21 21 21 41 43 21 25 21 21 25 34 34 34 21 21 -9999 41 42 38 41 40 43 37 43 41 37 34 34 43 39 34 34 37 10 25 25 21 21 37 37 41 -9999 43 40 42 34 43 41 39 37
41 42 7 40 42 39 5 41 5 5 39 42 36 36 41 43 30 39 43 41 30 43 19 5 42 41 40 40 42 41 42 39 43 43 36 38 17 41 6 17 17 21 21 21 25 21 21 21 42 40 42 42 21 17 17 41 34 34 34 21 34 34 38 42 40 42 40 40 42 39 42 42 37 43 34 34 42 41 37 21 25 10 41 37 41 37 43 42 43 39 39 39 40 43 34 41
6 35 5 39 6 41 42 43 40 5 5 40 43 41 43 38 36 5 35 40 40 40 43 39 41 14 35 40 42 41 40 40 40 40 43 40 6 17 17 6 25 17 17 21 21 21 21 21 39 39 43 42 41 41 42 41 43 34 34 38 -9999 38 38 38 38 34 37 37 43 21 41 41 42 39 37 37 37 42 37 37 21 34 37 37 21 34 21 40 41 40 42 37 34 34 21 34
40 41 35 42 6 6 42 42 39 41 5 43 41 41 41 5 5 39 42 39 42 40 41 39 41 42 42 42 40 39 39 41 40 40 42 39 39 6 6 6 11 25 21 21 21 21 21 21 41 42 40 39 43 34 34 41 40 34 41 38 34 41 41 38 41 40 41 37 37 37 21 21 41 41 42 37 37 42 43 34 37 37 37 37 34 42 34 43 41 34 34 39 43 40 34 34
43 43 42 41 43 6 5 5 5 5 39 30 43 40 40 5 42 37 43 38 30 30 43 41 41 39 41 42 40 43 42 42 40 40 40 43 41 40 17 10 10 17 37 21 21 21 21 21 17 41 40 39 39 34 17 41 43 34 34 37 42 34 38 34 34 43 40 21 37 42 34 42 42 21 37 37 34 34 42 39 34 41 37 34 34 34 34 42 42 42 42 34 34 34 34 43
6 42 39 42 41 39 36 35 41 41 40 39 41 43 14 39 5 42 42 36 42 38 38 41 42 38 41 40 30 38 36 36 40 43 43 38 6 6 40 39 36 40 17 11 39 21 21 21 21 25 41 39 43 34 17 21 21 34 34 34 34 34 42 37 42 39 42 21 40 34 37 39 39 34 34 37 37 40 39 34 34 34 37 39 41 34 39 37 40 37 40 40 39 21 10 10
40 43 7 6 6 6 40 39 7 39 39 5 40 40 5 5 36 40 38 43 39 39 38 37 41 40 41 43 38 39 39 42 42 41 40 39 40 43 40 41 42 10 8 17 21 21 21 17 34 21 10 17 -9999 34 34 34 34 34 34 39 41 41 40 37 42 43 43 21 40 34 39 40 37 21 34 34 37 42 41 34 43 34 34 37 39 40 42 34 37 40 34 34 -9999 21 10 41
6 7 43 6 39 6 43 41 40 6 7 5 5 5 41 43 35 41 40 38 40 42 37 39 38 43 39 40 36 38 38 40 6 6 6 30 43 6 6 11 43 11 11 11 21 21 21 21 21 34 34 34 34 34 34 34 43 40 41 43 39 41 41 40 42 41 41 42 37 39 34 39 -9999 34 34 37 42 40 34 42 34 42 34 34 40 37 41 34 37 39 34 34 43 -9999 -9999 43
6 6 43 6 6 40 6 41 40 42 6 6 35 5 43 6 41 41 43 40 42 43 39 40 41 43 41 41 35 36 41 6 38 6 6 6 6 6 6 40 42 6 10 17 21 21 21 21 10 21 40 40 34 43 43 34 41 43 41 41 39 42 34 39 40 40 43 39 43 34 41 37 40 43 34 34 34 42 42 34 34 34 34 43 37 37 37 34 34 42 40 37 34 41 -9999 42
6 41 6 40 6 39 41 43 40 43 43 42 6 6 7 6 6 41 6 38 43 6 40 38 39 40 30 41 39 40 6 6 6 6 6 6 6 6 6 43 40 43 43 39 17 17 21 21 34 34 41 21 42 34 43 34 34 43 40 34 42 40 41 40 34 40 34 39 40 34 40 39 41 40 42 37 39 37 34 42 34 34 34 38 40 38 37 37 37 41 40 40 34 41 42 40
41 42 7 6 6 39 43 39 39 39 41 41 6 6 6 36 36 41 6 35 38 6 38 40 42 40 36 14 39 6 6 38 6 6 6 6 6 6 6 43 41 40 39 42 37 11 11 21 11 17 17 11 21 39 34 34 34 41 42 43 42 34 34 43 42 39 41 34 34 34 41 43 41 43 42 34 37 37 38 43 38 38 41 43 41 34 37 43 40 39 42 39 42 39 41 34
5 41 7 6 42 40 40 40 6 6 6 40 6 6 36 36 41 43 36 40 43 6 40 43 43 36 5 5 42 41 6 43 6 6 6 6 6 6 43 43 41 43 39 39 8 11 11 11 17 25 11 21 34 41 41 39 34 40 34 40 40 43 39 39 34 42 34 34 34 34 39 41 37 43 41 34 34 38 -9999 -9999 38 38 -9999 -9999 38 34 34 37 41 37 34 41 34 42 43 43
5 40 43 7 39 7 43 41 41 6 39 40 6 6 39 43 42 40 43 39 6 30 41 43 6 42 5 41 43 41 6 40 41 6 6 6 6 10 6 42 41 39 40 40 43 11 11 17 42 43 25 11 21 41 40 41 34 39 42 43 40 41 34 42 34 34 43 34 39 37 40 41 37 43 38 43 38 38 38 -9999 -9999 39 -9999 -9999 34 38 40 34 37 37 39 43 34 41 40 39
5 5 15 6 7 7 6 42 43 43 6 6 38 39 6 6 42 42 6 6 6 6 6 6 40 5 43 42 6 6 6 6 6 42 6 6 6 10 6 10 43 42 43 40 42 40 10 10 17 21 11 21 34 34 42 43 34 40 42 39 41 42 34 34 34 34 39 34 34 37 43 37 40 42 38 43 34 37 34 38 34 34 42 39 34 43 34 34 39 34 34 40 39 39 37 -9999
5 5 5 15 6 7 7 41 42 6 6 7 6 6 40 41 6 6 42 10 6 6 14 39 14 5 40 41 10 6 6 10 6 6 6 -9999 6 6 10 17 8 43 10 10 10 10 17 11 21 17 21 42 34 43 42 42 40 41 41 39 39 41 42 34 40 42 38 37 34 37 41 40 40 40 43 40 38 37 38 34 41 34 42 40 42 38 39 43 34 34 42 42 34 38 40 -9999
5 5 5 5 15 6 7 6 43 6 6 6 7 41 38 36 6 40 6 10 6 36 42 40 5 43 43 17 6 6 6 6 36 6 6 10 -9999 11 10 11 8 40 10 10 11 10 30 39 10 21 34 34 40 42 42 41 42 40 43 39 40 39 39 34 38 -9999 -9999 37 43 37 41 42 40 39 39 42 43 43 40 34 34 38 34 39 41 41 34 34 34 34 39 34 38 38 37 41
43 5 5 5 5 35 37 6 6 6 7 39 43 10 7 6 41 6 35 15 19 41 39 35 5 41 6 6 6 6 10 6 6 17 6 8 17 17 17 17 17 17 11 17 10 17 10 11 17 34 40 41 34 41 43 39 40 42 34 39 34 42 39 38 42 -9999 -9999 -9999 34 40 42 42 34 42 43 39 40 41 40 34 38 43 42 40 41 40 40 42 41 34 34 34 34 38 37 34
15 5 5 5 5 5 6 6 6 6 6 6 7 36 10 7 10 5 42 43 6 23 6 36 39 42 17 10 10 6 6 6 10 10 17 17 10 10 17 17 17 17 17 11 17 11 11 11 34 34 34 40 34 41 39 41 41 40 40 42 42 41 43 39 -9999 -9999 -9999 40 42 39 38 42 42 42 42 40 43 43 42 39 34 38 37 41 42 40 42 41 39 37 34 40 34 37 -9999 37
15 5 5 5 5 15 35 43 7 6 36 35 10 6 35 5 43 40 6 40 6 6 41 43 43 7 17 6 10 6 6 10 6 17 10 17 11 17 17 34 11 34 34 17 11 11 34 34 34 34 39 42 39 42 42 41 40 43 39 41 38 41 34 38 38 34 40 40 43 40 41 39 42 42 42 39 39 38 43 42 41 37 34 34 39 39 43 34 34 34 40 41 37 37 -9999 -9999
19 5 15 15 15 35 35 6 7 7 6 41 35 35 6 6 43 40 30 40 36 10 43 37 6 39 17 10 10 36 42 6 10 17 11 17 17 17 34 34 34 34 17 11 34 17 34 34 34 34 34 39 40 39 40 39 34 42 41 34 42 41 39 40 43 40 39 39 40 43 34 43 38 38 40 43 40 41 41 42 40 38 34 34 37 39 34 -9999 -9999 -9999 34 -9999 37 -9999 -9999 -9999
