rcp8.5models/GFDL_CM3/age.37
ncols    261
nrows    433
xllcorner  336357.125000
yllcorner  654653.500000
cellsize   1000.000000
NODATA_value   -9999
[rows 360 to 404 of 433, columns 96 to 191 of 261]
4 18 6 40 38 39 5 5 5 6 40 40 40 39 6 41 6 6 6 37 40 39 39 42 6 38 5 42 41 40 42 42 38 41 42 39 35 38 5 40 39 42 39 39 5 36 5 5 36 42 41 40 35 9 5 41 10 40 13 10 24 38 41 38 40 39 39 38 38 -9999 18 41 -9999 24 40 24 38 24 41 24 24 24 41 20 24 8 40 36 24 24 24 24 24 24 13 8
41 4 4 18 5 40 39 39 6 40 6 6 41 42 42 6 41 5 6 5 41 41 5 41 38 38 38 38 5 37 5 35 5 6 40 35 42 39 4 4 39 36 39 4 5 39 38 4 36 40 4 -9999 9 9 5 40 9 41 38 24 24 42 18 41 42 40 39 4 39 41 41 24 24 24 24 8 24 24 24 40 18 24 20 20 24 8 41 39 42 18 18 18 18 8 8 8
41 39 40 41 39 41 42 38 34 38 6 6 38 39 37 39 6 41 40 41 37 41 39 40 6 6 42 42 41 42 42 5 38 42 5 42 13 42 4 39 36 4 42 40 42 4 38 39 42 4 38 40 20 20 10 10 9 38 41 42 24 24 42 40 39 40 42 42 42 8 10 13 41 24 24 24 4 24 24 24 24 24 20 24 8 8 42 39 38 31 18 18 18 2 18 -9999
38 39 39 41 18 40 6 42 34 18 41 40 6 41 35 37 40 6 38 40 41 37 41 41 39 39 5 42 5 40 38 5 5 41 5 5 41 41 42 36 39 40 41 38 42 42 4 40 39 41 29 38 10 24 10 10 10 42 41 18 39 24 39 8 38 38 38 39 42 24 24 39 40 24 24 24 24 24 13 24 20 24 20 24 42 38 36 41 41 22 18 18 18 8 8 -9999
41 39 34 39 18 41 39 5 4 40 42 38 18 41 39 41 41 41 39 40 37 38 38 41 38 37 38 42 42 41 39 37 5 39 5 39 41 42 4 4 29 40 38 41 40 38 39 38 38 39 42 9 24 10 24 4 9 41 40 40 8 24 -9999 -9999 39 24 39 40 42 24 8 39 41 38 42 24 24 24 20 20 13 20 20 13 4 40 36 41 31 18 18 24 24 24 7 7
41 42 38 18 38 42 39 37 5 18 18 4 4 42 39 40 41 42 41 42 42 39 42 37 41 42 39 38 37 38 40 42 5 5 6 6 35 40 40 42 39 29 39 40 2 41 42 36 39 42 41 9 20 24 10 10 10 4 42 4 38 42 24 24 24 24 24 24 24 24 4 18 42 18 38 39 24 20 20 24 13 20 20 24 38 2 40 36 28 18 18 7 13 20 20 13
40 41 42 18 4 18 42 40 5 6 6 34 39 38 38 38 38 41 38 38 39 42 37 37 41 38 42 38 41 38 42 37 38 39 6 6 5 39 38 40 40 38 39 41 38 4 39 40 36 38 5 9 24 42 10 10 10 4 41 40 40 8 24 24 24 40 41 24 24 40 4 4 42 22 38 4 38 8 24 24 24 10 24 4 22 40 39 42 41 18 18 9 20 8 20 13
37 39 38 42 4 4 4 4 4 4 4 6 41 38 39 38 42 42 35 42 38 42 37 42 38 38 39 42 38 39 41 37 40 39 42 41 38 40 39 38 38 39 5 38 42 40 41 40 36 42 20 20 20 10 10 20 20 42 38 41 24 24 24 39 36 4 4 38 24 40 18 -9999 36 40 38 40 4 41 40 24 24 20 20 24 38 38 39 40 40 40 39 8 13 7 7 7
41 37 38 4 39 40 4 4 4 40 4 4 4 4 41 41 42 18 42 40 42 37 40 41 39 38 42 38 41 38 40 37 37 37 38 29 41 40 5 38 5 40 5 5 41 36 40 29 36 5 40 9 20 24 40 20 24 39 40 24 24 42 38 39 2 2 2 4 24 24 2 41 40 40 38 31 2 2 38 9 24 20 24 4 42 39 42 2 40 8 24 9 13 8 -9999 38
34 38 41 4 38 4 40 42 41 2 39 38 41 40 40 41 4 38 4 4 13 38 40 37 40 39 37 37 39 42 37 37 41 37 39 39 41 5 39 42 5 41 42 5 5 5 42 40 -9999 29 38 40 24 24 24 24 24 42 39 36 41 38 40 2 40 41 2 4 8 36 36 42 40 39 42 40 36 36 41 40 24 24 20 39 24 4 4 38 8 9 9 20 7 24 8 7
39 38 39 4 38 38 42 41 41 40 41 38 39 41 39 39 38 40 38 40 4 4 35 35 35 38 41 41 38 37 37 39 37 37 39 38 39 42 41 38 5 5 40 40 5 36 41 29 -9999 29 5 24 9 24 24 24 24 24 24 24 41 42 36 2 38 2 2 4 4 4 2 41 41 38 38 38 2 2 4 24 20 20 20 8 8 10 8 7 20 20 8 24 8 4 24 13
40 4 42 4 4 40 38 40 42 38 4 38 42 39 39 39 41 39 42 40 41 18 39 42 39 38 18 39 39 39 37 35 35 37 37 37 38 37 5 5 6 5 5 5 5 39 36 22 31 -9999 5 5 9 24 20 24 24 24 36 24 40 4 42 39 39 2 2 42 8 4 4 2 36 40 38 40 2 9 20 13 20 20 13 8 8 20 13 13 13 7 4 18 18 18 7 20
42 4 4 42 39 38 42 42 4 39 39 42 4 41 40 41 41 39 42 41 39 38 42 41 38 37 41 4 13 35 35 39 4 4 35 39 38 39 5 5 5 5 5 5 5 5 36 36 -9999 -9999 -9999 24 24 20 24 24 24 24 24 24 24 39 38 29 36 2 2 38 24 20 39 40 2 2 2 40 41 36 9 24 20 20 13 24 38 24 24 7 7 42 2 42 4 4 7 7
6 41 4 4 41 38 42 39 41 38 41 38 38 38 4 39 39 41 42 4 4 42 41 4 4 35 35 4 4 38 39 4 39 4 42 4 4 5 5 35 38 4 5 5 5 5 36 22 29 -9999 -9999 24 24 24 24 24 24 24 24 9 9 36 22 29 36 39 2 40 4 20 20 4 9 39 40 24 24 36 24 13 20 20 20 7 2 2 4 4 39 36 39 8 7 7 5 7
39 42 4 40 40 41 38 38 40 42 41 41 38 38 40 4 39 40 42 38 41 4 38 40 4 9 41 40 39 38 40 4 4 4 4 4 40 41 5 20 35 41 22 5 5 5 36 -9999 -9999 -9999 -9999 -9999 -9999 24 24 24 24 24 24 24 24 -9999 42 39 24 18 2 4 20 20 20 20 20 10 -9999 20 13 24 24 24 20 20 13 7 9 9 24 9 8 24 7 24 13 13 -9999 7
4 39 39 41 4 4 42 40 4 39 38 40 42 38 38 18 4 2 40 38 40 39 42 41 41 4 4 39 37 39 38 40 38 38 4 4 4 4 4 5 16 35 9 5 5 5 5 41 29 -9999 -9999 24 24 20 20 24 24 24 9 24 20 24 -9999 -9999 -9999 24 41 24 20 20 20 20 13 20 13 20 20 20 24 20 20 20 24 20 24 24 20 20 20 20 7 8 14 7 8 7
39 4 4 4 4 4 4 42 40 39 40 40 38 40 41 40 4 41 38 40 40 40 39 39 41 41 40 42 40 35 39 13 38 40 39 41 41 5 4 41 39 5 5 5 9 5 9 -9999 -9999 -9999 -9999 20 20 24 20 20 24 24 4 24 20 20 -9999 20 20 20 24 24 20 20 20 20 20 20 13 7 20 20 20 20 33 24 20 20 24 20 20 9 8 20 13 14 14 7 24 8
41 4 4 4 4 4 39 4 40 40 4 4 4 40 42 39 42 40 40 42 42 38 38 38 40 42 41 38 35 39 41 40 41 41 40 38 39 38 41 38 5 5 5 10 5 41 9 10 24 24 24 20 20 20 20 20 20 20 20 24 24 24 20 24 24 24 20 20 20 24 20 20 13 13 10 20 20 20 13 20 24 9 27 20 20 20 8 7 7 8 20 20 20 20 -9999 33
40 4 4 4 41 39 42 41 4 41 38 39 40 40 39 39 39 4 40 41 39 41 41 41 41 40 41 42 41 42 40 42 38 42 42 38 38 39 41 42 39 5 5 10 9 9 10 24 24 24 20 20 20 20 20 20 20 24 24 20 20 20 13 20 20 20 20 20 24 24 20 24 4 4 24 4 20 20 20 20 20 20 13 7 20 8 24 24 4 24 8 7 9 7 14 9
42 41 39 4 41 41 40 40 40 41 38 41 38 38 38 42 42 39 41 40 38 38 39 38 41 38 40 40 4 4 42 40 41 38 42 40 40 39 41 38 39 5 5 5 9 10 24 24 20 20 20 20 20 20 24 20 20 24 24 20 24 24 20 13 24 24 20 24 24 20 20 20 2 2 42 4 8 20 24 20 20 24 20 20 8 7 20 9 24 5 5 4 7 7 13 14
38 42 40 38 39 42 39 42 38 41 38 40 41 41 38 42 42 39 39 41 40 41 38 40 4 4 40 40 4 40 38 38 42 38 39 39 42 35 5 5 20 9 5 5 5 5 5 24 20 20 20 20 33 20 24 20 38 20 -9999 20 24 24 20 20 20 20 33 24 24 24 20 -9999 24 39 2 24 20 33 20 20 20 20 20 13 33 8 33 40 9 24 -9999 -9999 7 14 14 8
5 41 38 42 41 40 42 39 38 39 39 41 40 39 41 38 29 42 38 39 40 39 4 4 41 39 39 38 42 42 40 4 4 42 38 42 38 38 41 39 42 40 42 10 24 24 5 20 20 24 24 20 33 20 20 20 33 20 20 20 20 20 20 20 20 38 20 40 20 24 20 20 13 24 4 24 20 24 20 20 20 7 20 33 13 13 20 9 24 -9999 -9999 24 9 14 24 9
5 18 41 6 38 39 41 41 39 38 4 40 40 41 38 42 39 38 42 39 4 42 40 40 42 42 39 41 42 41 39 39 41 38 38 40 42 40 5 39 38 40 41 42 24 24 20 24 20 20 24 20 33 33 33 20 20 20 33 20 20 20 24 -9999 -9999 20 20 20 20 20 20 20 20 20 24 33 36 33 20 33 24 20 20 20 20 33 13 9 24 5 -9999 -9999 -9999 9 33 14
34 5 40 4 4 4 4 39 40 39 4 41 41 42 41 38 41 39 38 41 42 34 40 40 42 40 42 41 36 29 38 39 41 40 41 42 39 41 41 5 39 39 10 20 20 20 20 20 20 20 33 20 33 33 20 20 20 20 33 36 40 10 20 33 -9999 20 36 36 20 20 20 20 20 20 33 33 33 41 41 33 33 33 20 20 33 33 20 33 9 9 -9999 -9999 -9999 42 41 33
39 39 41 4 4 39 40 41 4 4 4 38 4 38 39 38 18 42 41 41 42 38 40 38 41 38 41 41 29 40 39 38 42 39 41 41 40 40 5 5 5 20 37 5 5 24 9 20 20 20 20 20 20 33 33 20 33 20 33 33 20 24 20 20 41 33 42 38 40 38 40 42 33 20 33 38 40 36 36 33 9 9 9 24 9 -9999 33 33 38 9 -9999 -9999 39 41 33 33
42 41 5 38 41 41 39 41 4 42 39 41 42 13 4 38 41 39 39 38 41 40 38 38 38 38 4 4 42 38 40 41 42 39 41 40 39 41 5 5 24 20 20 20 20 9 20 20 20 40 42 20 24 20 20 24 33 33 33 20 20 -9999 40 41 37 40 39 42 36 42 40 36 33 33 42 38 33 33 36 9 24 24 20 20 36 36 40 -9999 42 39 41 33 42 40 38 36
40 41 6 39 41 38 4 40 4 4 38 41 35 35 40 42 29 38 42 40 29 42 18 4 41 40 39 39 41 40 41 38 42 42 35 37 16 40 5 16 16 20 20 20 24 20 20 20 41 39 41 41 20 16 16 40 33 33 33 20 33 33 37 41 39 41 39 39 41 38 41 41 36 42 33 33 41 40 36 20 24 9 40 36 40 36 42 41 42 38 38 38 39 42 33 40
5 34 4 38 5 40 41 42 39 4 4 39 42 40 42 37 35 4 34 39 39 39 42 38 40 13 34 39 41 40 39 39 39 39 42 39 5 16 16 5 24 16 16 20 20 20 20 20 38 38 42 41 40 40 41 40 42 33 33 37 -9999 37 37 37 37 33 36 36 42 20 40 40 41 38 36 36 36 41 36 36 20 33 36 36 20 33 20 39 40 39 41 36 33 33 20 33
39 40 34 41 5 5 41 41 38 40 4 42 40 40 40 4 4 38 41 38 41 39 40 38 40 41 41 41 39 38 38 40 39 39 41 38 38 5 5 5 10 24 20 20 20 20 20 20 40 41 39 38 42 33 33 40 39 33 40 37 33 40 40 37 40 39 40 36 36 36 20 20 40 40 41 36 36 41 42 33 36 36 36 36 33 41 33 42 40 33 33 38 42 39 33 33
42 42 41 40 42 5 4 4 4 4 38 29 42 39 39 4 41 36 42 37 29 29 42 40 40 38 40 41 39 42 41 41 39 39 39 42 40 39 16 9 9 16 36 20 20 20 20 20 16 40 39 38 38 33 16 40 42 33 33 36 41 33 37 33 33 42 39 20 36 41 33 41 41 20 36 36 33 33 41 38 33 40 36 33 33 33 33 41 41 41 41 33 33 33 33 42
5 41 38 41 40 38 35 34 40 40 39 38 40 42 13 38 4 41 41 35 41 37 37 40 41 37 40 39 29 37 35 35 39 42 42 37 5 5 39 38 35 39 16 10 38 20 20 20 20 24 40 38 42 33 16 20 20 33 33 33 33 33 41 36 41 38 41 20 39 33 36 38 38 33 33 36 36 39 38 33 33 33 36 38 40 33 38 36 39 36 39 39 38 20 9 9
39 42 6 5 5 5 39 38 6 38 38 4 39 39 4 4 35 39 37 42 38 38 37 36 40 39 40 42 37 38 38 41 41 40 39 38 39 42 39 40 41 9 7 16 20 20 20 16 33 20 9 16 -9999 33 33 33 33 33 33 38 40 40 39 36 41 42 42 20 39 33 38 39 36 20 33 33 36 41 40 33 42 33 33 36 38 39 41 33 36 39 33 33 -9999 20 9 40
5 6 42 5 38 5 42 40 39 5 6 4 4 4 40 42 34 40 39 37 39 41 36 38 37 42 38 39 35 37 37 39 5 5 5 29 42 5 5 10 42 10 10 10 20 20 20 20 20 33 33 33 33 33 33 33 42 39 40 42 38 40 40 39 41 40 40 41 36 38 33 38 -9999 33 33 36 41 39 33 41 33 41 33 33 39 36 40 33 36 38 33 33 42 -9999 -9999 42
5 5 42 5 5 39 5 40 39 41 5 5 34 4 42 5 40 40 42 39 41 42 38 39 40 42 40 40 34 35 40 5 37 5 5 5 5 5 5 39 41 5 9 16 20 20 20 20 9 20 39 39 33 42 42 33 40 42 40 40 38 41 33 38 39 39 42 38 42 33 40 36 39 42 33 33 33 41 41 33 33 33 33 42 36 36 36 33 33 41 39 36 33 40 -9999 41
5 40 5 39 5 38 40 42 39 42 42 41 5 5 6 5 5 40 5 37 42 5 39 37 38 39 29 40 38 39 5 5 5 5 5 5 5 5 5 42 39 42 42 38 16 16 20 20 33 33 40 20 41 33 42 33 33 42 39 33 41 39 40 39 33 39 33 38 39 33 39 38 40 39 41 36 38 36 33 41 33 33 33 37 39 37 36 36 36 40 39 39 33 40 41 39
40 41 6 5 5 38 42 38 38 38 40 40 5 5 5 35 35 40 5 34 37 5 37 39 41 39 35 13 38 5 5 37 5 5 5 5 5 5 5 42 40 39 38 41 36 10 10 20 10 16 16 10 20 38 33 33 33 40 41 42 41 33 33 42 41 38 40 33 33 33 40 42 40 42 41 33 36 36 37 42 37 37 40 42 40 33 36 42 39 38 41 38 41 38 40 33
4 40 6 5 41 39 39 39 5 5 5 39 5 5 35 35 40 42 35 39 42 5 39 42 42 35 4 4 41 40 5 42 5 5 5 5 5 5 42 42 40 42 38 38 7 10 10 10 16 24 10 20 33 40 40 38 33 39 33 39 39 42 38 38 33 41 33 33 33 33 38 40 36 42 40 33 33 37 -9999 -9999 37 37 -9999 -9999 37 33 33 36 40 36 33 40 33 41 42 42
4 39 42 6 38 6 42 40 40 5 38 39 5 5 38 42 41 39 42 38 5 29 40 42 5 41 4 40 42 40 5 39 40 5 5 5 5 9 5 41 40 38 39 39 42 10 10 16 41 42 24 10 20 40 39 40 33 38 41 42 39 40 33 41 33 33 42 33 38 36 39 40 36 42 37 42 37 37 37 -9999 -9999 38 -9999 -9999 33 37 39 33 36 36 38 42 33 40 39 38
4 4 14 5 6 6 5 41 42 42 5 5 37 38 5 5 41 41 5 5 5 5 5 5 39 4 42 41 5 5 5 5 5 41 5 5 5 9 5 9 42 41 42 39 41 39 9 9 16 20 10 20 33 33 41 42 33 39 41 38 40 41 33 33 33 33 38 33 33 36 42 36 39 41 37 42 33 36 33 37 33 33 41 38 33 42 33 33 38 33 33 39 38 38 36 -9999
4 4 4 14 5 6 6 40 41 5 5 6 5 5 39 40 5 5 41 9 5 5 13 38 13 4 39 40 9 5 5 9 5 5 5 -9999 5 5 9 16 7 42 9 9 9 9 16 10 20 16 20 41 33 42 41 41 39 40 40 38 38 40 41 33 39 41 37 36 33 36 40 39 39 39 42 39 37 36 37 33 40 33 41 39 41 37 38 42 33 33 41 41 33 37 39 -9999
4 4 4 4 14 5 6 5 42 5 5 5 6 40 37 35 5 39 5 9 5 35 41 39 4 42 42 16 5 5 5 5 35 5 5 9 -9999 10 9 10 7 39 9 9 10 9 29 38 9 20 33 33 39 41 41 40 41 39 42 38 39 38 38 33 37 -9999 -9999 36 42 36 40 41 39 38 38 41 42 42 39 33 33 37 33 38 40 40 33 33 33 33 38 33 37 37 36 40
42 4 4 4 4 34 36 5 5 5 6 38 42 9 6 5 40 5 34 14 18 40 38 34 4 40 5 5 5 5 9 5 5 16 5 7 16 16 16 16 16 16 10 16 9 16 9 10 16 33 39 40 33 40 42 38 39 41 33 38 33 41 38 37 41 -9999 -9999 -9999 33 39 41 41 33 41 42 38 39 40 39 33 37 42 41 39 40 39 39 41 40 33 33 33 33 37 36 33
14 4 4 4 4 4 5 5 5 5 5 5 6 35 9 6 9 4 41 42 5 22 5 35 38 41 16 9 9 5 5 5 9 9 16 16 9 9 16 16 16 16 16 10 16 10 10 10 33 33 33 39 33 40 38 40 40 39 39 41 41 40 42 38 -9999 -9999 -9999 39 41 38 37 41 41 41 41 39 42 42 41 38 33 37 36 40 41 39 41 40 38 36 33 39 33 36 -9999 36
14 4 4 4 4 14 34 42 6 5 35 34 9 5 34 4 42 39 5 39 5 5 40 42 42 6 16 5 9 5 5 9 5 16 9 16 10 16 16 33 10 33 33 16 10 10 33 33 33 33 38 41 38 41 41 40 39 42 38 40 37 40 33 37 37 33 39 39 42 39 40 38 41 41 41 38 38 37 42 41 40 36 33 33 38 38 42 33 33 33 39 40 36 36 -9999 -9999
18 4 14 14 14 34 34 5 6 6 5 40 34 34 5 5 42 39 29 39 35 9 42 36 5 38 16 9 9 35 41 5 9 16 10 16 16 16 33 33 33 33 16 10 33 16 33 33 33 33 33 38 39 38 39 38 33 41 40 33 41 40 38 39 42 39 38 38 39 42 33 42 37 37 39 42 39 40 40 41 39 37 33 33 36 38 33 -9999 -9999 -9999 33 -9999 36 -9999 -9999 -9999
