rcp8.5models/GFDL_CM3/sc1gr5.37
NCOLS 261 
NROWS 433 
XLLCORNER 336357.134 
YLLCORNER 654653.479 
CELLSIZE 1000 
NODATA_value -9999 
[rows 396 to 417 of 433, columns 50 to 99 of 261]
-9999 -9999 -9999 -9999 -9999 -9999 -9999 -9999 291.975524902344 291.968872070312 292.550933837891 292.467163085938 291.977661132812 291.473480224609 291.600524902344 291.630340576172 291.799896240234 291.296966552734 291.547088623047 291.378814697266 290.635620117188 288.965515136719 288.034423828125 290.253814697266 291.192413330078 289.591552734375 288.909606933594 289.900726318359 290.390411376953 290.6669921875 291.194732666016 291.081726074219 290.871612548828 290.740264892578 290.257995605469 290.451873779297 291.300415039062 285.520538330078 286.606079101562 290.823608398438 285.480590820312 280.778045654297 280.7685546875 282.889709472656 280.647766113281 280.728851318359 281.722564697266 281.561798095703 284.845703125 288.559661865234
-9999 -9999 -9999 -9999 -9999 -9999 -9999 -9999 292.040954589844 292.346466064453 292.835968017578 292.206176757812 292.218688964844 291.761993408203 291.651092529297 291.275054931641 291.447021484375 291.00537109375 291.150421142578 291.433380126953 291.319122314453 290.621948242188 289.436798095703 290.426910400391 290.7724609375 290.400817871094 290.978668212891 291.077606201172 290.314971923828 290.255981445312 290.770172119141 290.876495361328 290.924255371094 291.038238525391 290.967437744141 291.262329101562 291.560607910156 288.346313476562 288.769287109375 290.232604980469 285.729888916016 281.248138427734 281.522247314453 284.521636962891 282.908752441406 281.431518554688 280.335815429688 279.687225341797 282.068054199219 286.855163574219
-9999 -9999 -9999 -9999 -9999 -9999 -9999 -9999 -9999 292.338806152344 292.529907226562 292.177612304688 292.619781494141 292.298004150391 291.901794433594 291.538543701172 291.221710205078 291.127227783203 291.256408691406 291.564758300781 291.692687988281 291.374481201172 290.748870849609 291.008178710938 291.185699462891 290.235687255859 288.830993652344 290.040191650391 290.680389404297 289.846435546875 290.431182861328 291.220581054688 291.347747802734 291.270721435547 291.493957519531 291.683410644531 291.322479248047 290.505950927734 290.732452392578 290.535888671875 286.463592529297 283.075134277344 283.646362304688 284.6015625 284.773529052734 283.417205810547 280.993286132812 280.272613525391 281.388946533203 285.897857666016
-9999 -9999 -9999 -9999 -9999 -9999 -9999 -9999 -9999 292.098846435547 292.190277099609 292.409118652344 292.835144042969 292.61328125 292.095916748047 291.864624023438 291.573791503906 291.175079345703 291.542327880859 291.777618408203 291.818664550781 291.505035400391 290.980773925781 291.308685302734 291.637847900391 290.7958984375 289.435455322266 290.511016845703 290.839874267578 290.413696289062 291.067932128906 291.330474853516 291.055938720703 291.081726074219 291.425323486328 290.990936279297 290.881317138672 291.353332519531 290.655151367188 290.595825195312 286.799346923828 283.919250488281 283.257293701172 282.960418701172 284.121490478516 284.201904296875 281.520080566406 279.683959960938 280.129058837891 282.697601318359
-9999 -9999 -9999 -9999 -9999 -9999 -9999 -9999 -9999 -9999 292.092071533203 292.492919921875 292.776519775391 292.695159912109 292.169677734375 291.981414794922 291.788757324219 291.0595703125 291.518890380859 291.467529296875 291.598663330078 291.711486816406 291.360076904297 291.274932861328 290.817779541016 291.346862792969 291.568634033203 291.398681640625 291.187805175781 290.839752197266 291.259246826172 291.005004882812 290.426116943359 290.781005859375 290.855560302734 290.676239013672 290.918029785156 291.121978759766 290.596466064453 290.845062255859 288.630920410156 286.192413330078 283.570648193359 282.242309570312 281.859039306641 283.214904785156 282.677337646484 279.467651367188 278.445465087891 279.361358642578
-9999 -9999 -9999 -9999 -9999 -9999 -9999 -9999 -9999 -9999 292.121246337891 292.153594970703 292.267700195312 292.3984375 292.24072265625 291.969451904297 291.468200683594 291.3408203125 291.511566162109 291.397338867188 291.567413330078 291.633209228516 291.218353271484 291.200653076172 290.210540771484 288.842681884766 290.446594238281 291.497924804688 291.337097167969 290.864532470703 291.01123046875 290.697387695312 289.48779296875 290.309875488281 290.687622070312 290.771362304688 291.042877197266 291.069854736328 290.489624023438 290.503784179688 290.831512451172 287.450042724609 284.491149902344 283.075744628906 280.623382568359 279.508239746094 281.6669921875 281.21337890625 280.150787353516 279.349822998047
-9999 -9999 -9999 -9999 -9999 -9999 -9999 -9999 -9999 -9999 292.426116943359 292.036437988281 291.840637207031 291.96044921875 291.875305175781 291.768768310547 291.221160888672 291.293579101562 291.110290527344 291.16357421875 291.544891357422 291.656005859375 291.3642578125 291.375305175781 290.987152099609 289.518585205078 290.685882568359 290.203063964844 291.371307373047 291.244750976562 291.207885742188 290.637145996094 289.945495605469 290.626251220703 290.959808349609 290.908905029297 290.374572753906 290.529571533203 290.414703369141 290.159851074219 288.914642333984 287.993957519531 285.578582763672 283.091674804688 281.654937744141 279.725646972656 280.671539306641 283.130157470703 281.904144287109 278.990234375
-9999 -9999 -9999 -9999 -9999 -9999 -9999 -9999 -9999 -9999 -9999 291.886474609375 291.786437988281 291.876129150391 291.672180175781 291.691253662109 291.564270019531 291.318237304688 290.967254638672 291.041778564453 291.581512451172 291.683563232422 291.707580566406 291.273529052734 290.790588378906 291.141021728516 291.599731445312 290.3525390625 291.471343994141 289.961883544922 290.554351806641 291.089965820312 291.143371582031 291.109191894531 290.506195068359 289.494537353516 289.263702392578 289.381225585938 289.332305908203 288.748596191406 285.27392578125 285.650421142578 287.088592529297 285.851837158203 284.221069335938 283.025604248047 281.411804199219 283.218994140625 282.711853027344 279.996826171875
-9999 -9999 -9999 -9999 -9999 -9999 -9999 -9999 -9999 -9999 -9999 -9999 291.981048583984 291.9482421875 291.782318115234 291.882141113281 291.725860595703 291.672821044922 291.128967285156 291.13720703125 291.317504882812 291.473205566406 291.556213378906 291.396087646484 291.094085693359 291.496185302734 291.393249511719 291.357849121094 291.59716796875 290.436828613281 290.877319335938 291.454986572266 290.692810058594 289.716918945312 289.373046875 289.354766845703 289.257568359375 288.136444091797 287.565307617188 287.242736816406 284.221160888672 283.813293457031 285.461334228516 287.701873779297 285.987335205078 284.374389648438 282.961303710938 282.356201171875 283.941711425781 283.558258056641
-9999 -9999 -9999 -9999 -9999 -9999 -9999 -9999 -9999 -9999 -9999 -9999 -9999 292.021392822266 291.810150146484 291.911529541016 291.669036865234 291.640777587891 291.253662109375 291.21875 291.290313720703 291.33984375 291.480499267578 291.6640625 291.711334228516 291.775329589844 291.423767089844 290.931274414062 291.518432617188 291.101348876953 290.19921875 290.858276367188 289.571136474609 288.636871337891 289.665802001953 289.679534912109 289.314422607422 288.203399658203 287.305816650391 287.566558837891 285.101623535156 284.873443603516 284.210571289062 285.483734130859 286.333343505859 284.777130126953 284.437286376953 284.446380615234 285.817016601562 287.337066650391
-9999 -9999 -9999 -9999 -9999 -9999 -9999 -9999 -9999 -9999 -9999 -9999 -9999 291.496765136719 291.599517822266 291.791107177734 291.901489257812 291.29833984375 291.031280517578 291.046691894531 291.410827636719 291.309173583984 291.425109863281 291.638061523438 291.47021484375 291.395568847656 291.161193847656 291.186492919922 290.721282958984 290.913940429688 291.093688964844 290.448486328125 290.301788330078 290.543212890625 290.139617919922 288.92138671875 288.067321777344 287.761627197266 288.268463134766 288.454010009766 286.719818115234 286.470153808594 287.030090332031 285.490844726562 285.721618652344 287.921264648438 288.468566894531 287.182037353516 284.946411132812 286.686737060547
-9999 -9999 -9999 -9999 -9999 -9999 -9999 -9999 -9999 -9999 -9999 -9999 -9999 -9999 291.709289550781 291.654876708984 291.726104736328 291.830627441406 291.331665039062 291.058166503906 291.240997314453 291.593170166016 291.718780517578 291.821716308594 291.857299804688 291.815277099609 291.352600097656 290.377075195312 290.803527832031 290.377532958984 290.417724609375 290.374481201172 290.060913085938 289.662506103516 289.878662109375 288.932342529297 287.605621337891 285.697143554688 285.839111328125 288.069610595703 287.196319580078 286.758941650391 286.119720458984 284.591064453125 284.350433349609 285.756500244141 286.828765869141 287.182800292969 287.513854980469 288.520263671875
-9999 -9999 -9999 -9999 -9999 -9999 -9999 -9999 -9999 -9999 -9999 -9999 -9999 -9999 291.821197509766 291.395751953125 291.652618408203 291.864807128906 291.516296386719 291.058654785156 291.099395751953 291.724395751953 291.884033203125 291.777984619141 291.856658935547 291.84619140625 290.828002929688 289.755187988281 290.186706542969 290.542449951172 290.559600830078 290.328796386719 289.953826904297 289.511688232422 289.729217529297 289.351379394531 288.109008789062 286.516540527344 285.556304931641 286.659149169922 287.623107910156 287.293640136719 284.65478515625 283.759063720703 284.828979492188 284.044250488281 284.139221191406 285.177337646484 288.423126220703 290.660705566406
-9999 -9999 -9999 -9999 -9999 -9999 -9999 -9999 -9999 -9999 -9999 -9999 -9999 -9999 291.506225585938 291.389038085938 291.296081542969 291.445404052734 291.193176269531 291.147369384766 291.3994140625 291.480743408203 291.510589599609 291.602386474609 291.776123046875 291.591491699219 290.694976806641 290.067413330078 289.574676513672 290.110626220703 290.769683837891 290.487121582031 290.230438232422 289.833923339844 289.94384765625 289.778656005859 289.184356689453 288.554595947266 288.211700439453 287.65576171875 288.229675292969 287.85205078125 286.155029296875 284.776763916016 286.349334716797 284.576019287109 280.149932861328 280.693054199219 285.621734619141 289.665649414062
-9999 -9999 -9999 -9999 -9999 -9999 -9999 -9999 -9999 -9999 -9999 -9999 -9999 -9999 -9999 291.426879882812 291.044494628906 291.303375244141 291.080718994141 291.023986816406 291.306427001953 291.470336914062 291.517395019531 291.657287597656 291.449584960938 291.035095214844 290.776275634766 290.209716796875 289.758178710938 289.588714599609 290.151824951172 290.509826660156 290.727813720703 290.282989501953 290.067230224609 289.453216552734 288.629730224609 288.705413818359 289.260864257812 289.611999511719 289.676147460938 289.227966308594 288.599517822266 287.115539550781 286.823486328125 286.495880126953 281.955139160156 279.580993652344 283.221618652344 288.75244140625
-9999 -9999 -9999 -9999 -9999 -9999 -9999 -9999 -9999 -9999 -9999 -9999 -9999 -9999 -9999 -9999 -9999 291.2021484375 291.036224365234 290.944641113281 291.082611083984 291.327301025391 291.768737792969 291.931091308594 291.662445068359 290.975158691406 290.781829833984 290.640289306641 289.979400634766 289.97509765625 289.929412841797 289.957214355469 289.877258300781 290.008331298828 289.976196289062 289.555267333984 288.698089599609 289.068908691406 289.864013671875 290.094146728516 290.371002197266 290.272338867188 288.245330810547 286.129943847656 285.765533447266 287.432586669922 286.498382568359 284.232055664062 286.130981445312 289.923004150391
-9999 -9999 -9999 -9999 -9999 -9999 -9999 -9999 -9999 -9999 -9999 -9999 -9999 -9999 -9999 -9999 -9999 291.185821533203 291.1083984375 290.661346435547 290.553314208984 290.956207275391 291.592864990234 291.809539794922 291.782958984375 291.552764892578 291.510986328125 291.226470947266 290.046478271484 290.020874023438 290.028869628906 290.099426269531 289.396942138672 288.8857421875 289.089874267578 289.318450927734 289.086791992188 289.298858642578 290.195129394531 290.094573974609 290.4375 290.545928955078 287.335571289062 284.567962646484 286.220886230469 288.234588623047 288.418792724609 288.510223388672 289.091766357422 289.304168701172
-9999 -9999 -9999 -9999 -9999 -9999 -9999 -9999 -9999 -9999 -9999 -9999 -9999 -9999 -9999 -9999 -9999 -9999 291.175018310547 290.838775634766 290.723022460938 291.134490966797 291.460662841797 291.507690429688 291.481018066406 291.720458984375 291.835998535156 291.641052246094 290.475158691406 289.972747802734 289.620086669922 289.566589355469 289.750213623047 288.964080810547 288.329193115234 288.290863037109 288.570281982422 289.067718505859 288.845855712891 288.329071044922 289.056091308594 290.135955810547 289.018249511719 287.971008300781 289.243682861328 289.627471923828 289.759613037109 289.767700195312 288.954895019531 288.17333984375
-9999 -9999 -9999 -9999 -9999 -9999 -9999 -9999 -9999 -9999 -9999 -9999 -9999 -9999 -9999 -9999 -9999 -9999 -9999 290.846923828125 291.008728027344 291.32666015625 291.37939453125 291.352844238281 291.326507568359 291.457946777344 291.335235595703 291.489440917969 290.950103759766 290.595825195312 290.223510742188 289.269897460938 289.357513427734 289.155395507812 288.525268554688 288.720581054688 288.793518066406 287.842590332031 286.683258056641 287.553894042969 288.527557373047 289.68603515625 290.428680419922 290.723083496094 290.42578125 289.579071044922 289.192626953125 288.851470947266 288.515533447266 287.974792480469
-9999 -9999 -9999 -9999 -9999 -9999 -9999 -9999 -9999 -9999 -9999 -9999 -9999 -9999 -9999 -9999 -9999 -9999 -9999 -9999 291.061767578125 291.226593017578 291.286468505859 291.229461669922 290.804870605469 290.639404296875 290.797058105469 291.059753417969 291.155029296875 290.9765625 290.976470947266 290.073608398438 289.057556152344 288.765594482422 288.752746582031 289.115234375 288.944915771484 287.883056640625 287.079132080078 287.365936279297 288.266540527344 288.935028076172 289.726531982422 290.432830810547 290.048217773438 288.479431152344 287.692138671875 285.916229248047 285.472290039062 286.730621337891
-9999 -9999 -9999 -9999 -9999 -9999 -9999 -9999 -9999 -9999 -9999 -9999 -9999 -9999 -9999 -9999 -9999 -9999 -9999 -9999 -9999 291.188903808594 291.211547851562 291.161193847656 290.449951171875 289.963439941406 290.238983154297 290.755828857422 291.109710693359 290.968688964844 290.959930419922 290.762054443359 289.822692871094 289.282165527344 289.329406738281 289.370269775391 289.301452636719 288.976654052734 288.004302978516 286.483978271484 286.371765136719 286.954193115234 288.575958251953 290.275238037109 290.320739746094 288.199645996094 287.695495605469 285.173736572266 283.473693847656 285.367034912109
-9999 -9999 -9999 -9999 -9999 -9999 -9999 -9999 -9999 -9999 -9999 -9999 -9999 -9999 -9999 -9999 -9999 -9999 -9999 -9999 -9999 -9999 291.109710693359 291.117431640625 290.522308349609 290.092712402344 290.355804443359 290.871826171875 290.646514892578 290.780731201172 290.954406738281 290.864776611328 290.240356445312 289.840667724609 289.838775634766 288.842590332031 288.876220703125 288.375305175781 286.397033691406 285.336181640625 285.273620605469 285.327697753906 287.781829833984 289.963104248047 290.276519775391 289.525512695312 289.631042480469 287.905120849609 286.259033203125 287.071594238281
