rcp8.5models/GFDL_CM3/sc1gr0.39
NCOLS 261 
NROWS 433 
XLLCORNER 336357.134 
YLLCORNER 654653.479 
CELLSIZE 1000 
NODATA_value -3.4e+38 
[rows 110 to 131 of 433, columns 147 to 195 of 261]
68.4574737548828 68.1651916503906 67.8809204101562 67.6360855102539 67.3683319091797 67.0386352539062 66.6521530151367 66.2832336425781 65.9366836547852 65.6963119506836 65.4633560180664 64.9027099609375 64.6282501220703 64.2145538330078 63.9380836486816 63.7015762329102 63.5005683898926 63.2567596435547 62.8926200866699 62.6359252929688 62.4513549804688 62.2511978149414 61.4526023864746 -3.4e+38 -3.4e+38 60.822078704834 60.6452140808105 -3.4e+38 -3.4e+38 -3.4e+38 -3.4e+38 -3.4e+38 -3.4e+38 -3.4e+38 -3.4e+38 -3.4e+38 -3.4e+38 -3.4e+38 -3.4e+38 -3.4e+38 -3.4e+38 -3.4e+38 -3.4e+38 -3.4e+38 -3.4e+38 -3.4e+38 -3.4e+38 -3.4e+38 -3.4e+38
68.6244125366211 68.2849655151367 67.9184494018555 67.7431869506836 -3.4e+38 67.0266647338867 66.8039627075195 66.4922561645508 66.1661529541016 65.8467025756836 65.4443588256836 64.9079360961914 64.706169128418 64.3086776733398 64.0282745361328 63.7448844909668 63.4752349853516 63.2986831665039 63.0538177490234 62.8283424377441 62.536075592041 62.2616691589355 61.5007247924805 -3.4e+38 61.0261154174805 60.7825164794922 -3.4e+38 -3.4e+38 -3.4e+38 -3.4e+38 -3.4e+38 -3.4e+38 -3.4e+38 -3.4e+38 -3.4e+38 -3.4e+38 -3.4e+38 -3.4e+38 -3.4e+38 -3.4e+38 -3.4e+38 -3.4e+38 -3.4e+38 -3.4e+38 -3.4e+38 -3.4e+38 -3.4e+38 -3.4e+38 -3.4e+38
68.791259765625 68.4721221923828 68.1231460571289 67.8792190551758 67.6051788330078 67.2970886230469 66.9224624633789 66.6177368164062 66.3189544677734 65.9734573364258 65.4628143310547 65.0089340209961 64.8402938842773 -3.4e+38 64.2281265258789 63.9899940490723 63.6015815734863 63.305046081543 63.0641288757324 62.8588676452637 62.5966873168945 62.2448120117188 61.4936561584473 61.2187652587891 61.0944061279297 60.7471237182617 60.4053611755371 60.255298614502 -3.4e+38 -3.4e+38 -3.4e+38 -3.4e+38 -3.4e+38 -3.4e+38 -3.4e+38 -3.4e+38 -3.4e+38 -3.4e+38 -3.4e+38 -3.4e+38 -3.4e+38 -3.4e+38 -3.4e+38 -3.4e+38 -3.4e+38 -3.4e+38 -3.4e+38 -3.4e+38 -3.4e+38
68.8623733520508 68.5733108520508 68.2738189697266 67.9828720092773 67.7035293579102 67.2671661376953 66.9524307250977 66.7230529785156 66.3514404296875 65.9980316162109 65.5929412841797 65.0510940551758 64.9213104248047 64.5675201416016 64.3190460205078 64.0749359130859 63.7592430114746 63.3708877563477 63.0900535583496 62.9244537353516 62.6699600219727 62.2941131591797 61.534969329834 61.1978797912598 61.0278244018555 60.7635154724121 -3.4e+38 60.147159576416 -3.4e+38 -3.4e+38 -3.4e+38 -3.4e+38 -3.4e+38 -3.4e+38 -3.4e+38 -3.4e+38 -3.4e+38 -3.4e+38 -3.4e+38 -3.4e+38 -3.4e+38 -3.4e+38 -3.4e+38 -3.4e+38 -3.4e+38 -3.4e+38 -3.4e+38 -3.4e+38 -3.4e+38
68.9923782348633 68.6687622070312 68.379264831543 68.0584564208984 67.6262130737305 67.2146072387695 67.0483932495117 66.8115615844727 66.4706954956055 66.175910949707 65.9166793823242 -3.4e+38 64.8684005737305 64.6889572143555 64.3868408203125 63.9827575683594 63.6774406433105 63.4760551452637 63.2467498779297 62.9975318908691 62.7006149291992 62.3865852355957 61.6863441467285 61.4183578491211 61.0777473449707 60.7728233337402 60.4694595336914 60.1449279785156 59.9579162597656 -3.4e+38 -3.4e+38 -3.4e+38 -3.4e+38 -3.4e+38 -3.4e+38 -3.4e+38 -3.4e+38 -3.4e+38 -3.4e+38 -3.4e+38 -3.4e+38 -3.4e+38 -3.4e+38 -3.4e+38 -3.4e+38 -3.4e+38 -3.4e+38 -3.4e+38 -3.4e+38
69.4142074584961 68.8602447509766 68.5128173828125 68.2460479736328 67.8633575439453 67.6360549926758 67.3780288696289 67.0418090820312 66.7747039794922 66.4925918579102 66.0525207519531 65.5244369506836 -3.4e+38 64.8616104125977 64.5448379516602 64.2409591674805 63.9324111938477 63.6708335876465 63.3299751281738 62.8460655212402 62.5180778503418 62.3161811828613 61.8213157653809 61.5503959655762 61.1406364440918 60.8339004516602 60.5167770385742 60.2054100036621 -3.4e+38 -3.4e+38 -3.4e+38 -3.4e+38 -3.4e+38 -3.4e+38 -3.4e+38 -3.4e+38 -3.4e+38 -3.4e+38 -3.4e+38 -3.4e+38 -3.4e+38 -3.4e+38 -3.4e+38 -3.4e+38 -3.4e+38 -3.4e+38 -3.4e+38 -3.4e+38 -3.4e+38
69.1752777099609 68.7510375976562 68.4632339477539 68.3155975341797 68.0348129272461 67.8285293579102 67.5306549072266 67.2014465332031 66.9184265136719 66.7118682861328 66.2687072753906 65.6470336914062 65.3075485229492 64.951057434082 64.6263198852539 64.2213821411133 63.7507286071777 63.6130180358887 63.3675918579102 62.9388313293457 62.5792694091797 62.4252319335938 61.8311538696289 61.5917434692383 61.1467819213867 60.777400970459 60.4797782897949 60.145938873291 59.9459114074707 -3.4e+38 -3.4e+38 -3.4e+38 -3.4e+38 -3.4e+38 -3.4e+38 -3.4e+38 -3.4e+38 -3.4e+38 -3.4e+38 -3.4e+38 -3.4e+38 -3.4e+38 -3.4e+38 -3.4e+38 -3.4e+38 -3.4e+38 -3.4e+38 -3.4e+38 -3.4e+38
69.2176971435547 68.7966156005859 68.4849243164062 68.3590316772461 68.0871810913086 67.9227066040039 67.6141510009766 67.2348861694336 66.9221801757812 66.8478088378906 66.5344085693359 65.8632583618164 65.4211807250977 65.1384353637695 64.6909027099609 64.3575668334961 63.9023590087891 63.7450523376465 63.424633026123 62.9728088378906 62.7036094665527 62.5173149108887 61.826416015625 61.5689964294434 61.2419052124023 60.7957000732422 60.4376602172852 60.1575584411621 59.9827003479004 -3.4e+38 -3.4e+38 -3.4e+38 -3.4e+38 -3.4e+38 -3.4e+38 -3.4e+38 -3.4e+38 -3.4e+38 -3.4e+38 -3.4e+38 -3.4e+38 -3.4e+38 -3.4e+38 -3.4e+38 -3.4e+38 -3.4e+38 -3.4e+38 -3.4e+38 -3.4e+38
69.3689880371094 68.8367309570312 68.5539245605469 68.4665222167969 68.3088760375977 67.9369735717773 67.576042175293 67.4092864990234 67.1356735229492 67.0109176635742 66.6368789672852 65.9949035644531 65.5218124389648 65.2341232299805 64.6967697143555 64.4187164306641 64.0593948364258 63.8943405151367 63.5055618286133 63.0968856811523 62.823314666748 62.534351348877 61.8695220947266 61.5296401977539 61.242748260498 60.9241981506348 60.6313362121582 60.341968536377 59.9849014282227 -3.4e+38 -3.4e+38 -3.4e+38 -3.4e+38 -3.4e+38 -3.4e+38 -3.4e+38 -3.4e+38 -3.4e+38 -3.4e+38 -3.4e+38 -3.4e+38 -3.4e+38 -3.4e+38 -3.4e+38 -3.4e+38 -3.4e+38 -3.4e+38 -3.4e+38 -3.4e+38
69.6061782836914 69.0859298706055 68.6600646972656 68.5618286132812 68.4734878540039 67.9549026489258 67.5837860107422 67.5942840576172 67.3911895751953 67.1562576293945 66.7301864624023 65.8901977539062 65.4992446899414 65.1809921264648 64.7792053222656 -3.4e+38 64.0851287841797 63.9156494140625 63.6337738037109 63.2210273742676 62.8215866088867 62.5504913330078 61.8715705871582 61.5248603820801 61.1891250610352 60.9476509094238 60.7537841796875 60.4532127380371 59.9685173034668 -3.4e+38 -3.4e+38 -3.4e+38 58.8481903076172 -3.4e+38 -3.4e+38 -3.4e+38 -3.4e+38 -3.4e+38 -3.4e+38 -3.4e+38 -3.4e+38 -3.4e+38 -3.4e+38 -3.4e+38 -3.4e+38 -3.4e+38 -3.4e+38 -3.4e+38 -3.4e+38
69.8553619384766 69.2841262817383 68.7204208374023 68.5171051025391 68.315185546875 68.0422973632812 67.7609405517578 67.6772384643555 67.4569625854492 67.2233200073242 66.794189453125 65.9511795043945 65.5102462768555 65.1570663452148 64.8638381958008 64.5436019897461 64.2052383422852 63.9765281677246 63.6400337219238 63.2578048706055 62.7986831665039 62.5077667236328 61.8740692138672 61.443546295166 61.1425666809082 60.9757804870605 60.8322982788086 60.4365692138672 60.0297393798828 59.6513442993164 59.3035926818848 59.0903167724609 58.7937316894531 58.4192543029785 -3.4e+38 -3.4e+38 -3.4e+38 -3.4e+38 -3.4e+38 -3.4e+38 -3.4e+38 -3.4e+38 -3.4e+38 -3.4e+38 -3.4e+38 -3.4e+38 -3.4e+38 -3.4e+38 -3.4e+38
69.9923782348633 69.3917922973633 68.8345260620117 68.5389709472656 68.3019409179688 -3.4e+38 67.8564758300781 67.7435913085938 67.4927444458008 67.2136001586914 66.7811813354492 66.081672668457 65.5763320922852 65.2283706665039 64.9848022460938 64.5901260375977 -3.4e+38 64.0063323974609 63.6208457946777 63.2830200195312 62.8707237243652 62.5834922790527 61.9731674194336 61.5065155029297 61.2440605163574 61.1119956970215 60.8473701477051 60.4400901794434 60.1224327087402 59.8015060424805 59.408821105957 59.0370864868164 -3.4e+38 58.2752418518066 58.1207542419434 -3.4e+38 -3.4e+38 -3.4e+38 -3.4e+38 -3.4e+38 -3.4e+38 -3.4e+38 -3.4e+38 -3.4e+38 -3.4e+38 -3.4e+38 -3.4e+38 -3.4e+38 -3.4e+38
-3.4e+38 69.5881500244141 69.1775970458984 68.742805480957 68.4485397338867 68.2248153686523 67.9355545043945 67.8396682739258 67.7153854370117 67.4562301635742 66.9424285888672 66.1303787231445 65.6910018920898 65.3703842163086 65.034782409668 64.6922836303711 64.3748245239258 64.0073852539062 63.5947456359863 63.276741027832 62.9472007751465 62.6770210266113 62.0308876037598 61.5985450744629 61.2878570556641 61.1176452636719 60.8247299194336 60.3375015258789 60.0638389587402 59.8251152038574 59.412914276123 59.0374565124512 58.7680282592773 -3.4e+38 57.9421195983887 57.6553001403809 -3.4e+38 -3.4e+38 -3.4e+38 -3.4e+38 -3.4e+38 -3.4e+38 -3.4e+38 -3.4e+38 -3.4e+38 -3.4e+38 -3.4e+38 -3.4e+38 -3.4e+38
70.0176010131836 69.6742630004883 69.384391784668 68.9148025512695 68.5604858398438 68.2809982299805 67.9334716796875 67.772331237793 67.7084426879883 67.6118087768555 67.0318603515625 66.1394424438477 65.7440185546875 65.3803329467773 64.9732971191406 64.8452835083008 64.4732513427734 64.0480041503906 63.6502494812012 63.3246383666992 62.9359016418457 62.5954132080078 62.0603179931641 61.6732063293457 61.3269424438477 61.1615104675293 60.8923950195312 60.4251594543457 60.1252861022949 59.7476501464844 59.3335609436035 59.0290756225586 -3.4e+38 58.2834625244141 57.9338226318359 57.788890838623 -3.4e+38 -3.4e+38 -3.4e+38 -3.4e+38 -3.4e+38 -3.4e+38 -3.4e+38 -3.4e+38 -3.4e+38 -3.4e+38 -3.4e+38 -3.4e+38 -3.4e+38
69.9736099243164 69.6458053588867 69.3398056030273 69.0071334838867 68.6709594726562 68.4197006225586 68.1831893920898 67.9219589233398 67.6283416748047 67.5445251464844 67.0129470825195 66.1842651367188 65.7923202514648 65.4245376586914 65.0700988769531 65.0375213623047 64.4940719604492 64.0373382568359 63.6721115112305 63.2594718933105 62.8770179748535 62.548397064209 62.0345497131348 61.7148704528809 61.3820419311523 61.1496391296387 60.8966941833496 60.5549812316895 60.240177154541 59.7724304199219 59.3842086791992 59.0415725708008 58.7341575622559 58.2299003601074 57.8534545898438 -3.4e+38 57.5181579589844 -3.4e+38 -3.4e+38 -3.4e+38 -3.4e+38 -3.4e+38 -3.4e+38 -3.4e+38 -3.4e+38 -3.4e+38 -3.4e+38 -3.4e+38 -3.4e+38
70.0115737915039 69.6849365234375 69.4064178466797 69.155876159668 68.7632446289062 68.5095825195312 68.2473373413086 68.0549697875977 67.6697387695312 67.5164642333984 67.0380401611328 66.3569869995117 66.0132522583008 65.6169357299805 65.4155654907227 65.2674179077148 64.5115356445312 64.0260620117188 63.5856399536133 63.1408386230469 62.881778717041 62.6033897399902 61.9476547241211 61.6365776062012 61.3482284545898 61.1141357421875 60.8256034851074 60.5473556518555 60.1887054443359 59.7828750610352 59.361255645752 59.0650291442871 58.8027534484863 58.1841316223145 57.8782691955566 57.5767707824707 57.3133888244629 57.2186508178711 -3.4e+38 -3.4e+38 -3.4e+38 -3.4e+38 -3.4e+38 -3.4e+38 -3.4e+38 -3.4e+38 -3.4e+38 -3.4e+38 -3.4e+38
70.316520690918 69.9775238037109 69.5749816894531 69.2311248779297 68.7956314086914 68.5907897949219 68.3367004394531 67.9675521850586 67.6245727539062 67.208251953125 66.804817199707 66.5166931152344 66.1990966796875 65.7960891723633 65.7182846069336 65.2423782348633 64.6667022705078 64.1772155761719 63.6093940734863 63.1933517456055 63.026725769043 62.8860893249512 61.9801826477051 61.6636199951172 61.3729476928711 61.1567687988281 60.8078689575195 60.5426445007324 60.253833770752 59.7581062316895 59.2931671142578 59.1071510314941 58.867618560791 58.0915794372559 57.8462524414062 -3.4e+38 57.2003059387207 56.9002075195312 -3.4e+38 -3.4e+38 -3.4e+38 -3.4e+38 -3.4e+38 -3.4e+38 -3.4e+38 -3.4e+38 -3.4e+38 -3.4e+38 -3.4e+38
70.3373565673828 70.0191421508789 69.7059555053711 69.3007049560547 68.8987197875977 68.515754699707 68.3046569824219 67.9433135986328 67.6582489013672 67.2452239990234 66.8234481811523 66.5237197875977 66.1790390014648 65.8191452026367 65.6441345214844 65.0864639282227 64.6012420654297 64.2276306152344 63.7568283081055 63.315315246582 63.0657730102539 62.8440399169922 61.9906730651855 61.6760635375977 61.3994789123535 61.2359733581543 61.0061645507812 60.6292953491211 60.2364959716797 59.7782135009766 59.3707542419434 59.0442352294922 58.7344131469727 58.0867004394531 57.8187561035156 -3.4e+38 -3.4e+38 56.8666114807129 56.6534805297852 -3.4e+38 -3.4e+38 -3.4e+38 -3.4e+38 -3.4e+38 -3.4e+38 -3.4e+38 -3.4e+38 -3.4e+38 -3.4e+38
70.5284118652344 70.1912460327148 69.8291549682617 69.4586944580078 68.9906463623047 68.4745254516602 68.2409744262695 67.9300842285156 67.6884078979492 67.2537078857422 66.9629974365234 66.6208801269531 66.2549667358398 65.9406280517578 65.5821151733398 65.0748748779297 64.5605773925781 64.2104949951172 63.8449935913086 63.4239196777344 63.1643943786621 62.885627746582 62.034008026123 61.6681518554688 61.3716011047363 61.2149543762207 60.9983863830566 60.5562515258789 60.2188491821289 59.8128204345703 59.4212913513184 59.1293716430664 58.7533264160156 58.0461616516113 57.7324981689453 57.3418769836426 57.1018218994141 -3.4e+38 56.5213737487793 -3.4e+38 -3.4e+38 -3.4e+38 -3.4e+38 -3.4e+38 -3.4e+38 -3.4e+38 -3.4e+38 -3.4e+38 -3.4e+38
70.6743316650391 70.3844604492188 69.8481979370117 69.5213623046875 69.046257019043 68.5447311401367 68.2714614868164 67.9672546386719 67.7761917114258 67.2654876708984 67.0828247070312 66.6516647338867 66.4039001464844 66.0422134399414 65.6596374511719 65.129280090332 64.7344818115234 64.3220291137695 63.8811378479004 63.5418930053711 63.2842407226562 63.0474967956543 62.1403732299805 61.8091011047363 61.45361328125 61.1488761901855 60.8894958496094 60.4763259887695 60.2041625976562 59.8523635864258 59.4019546508789 59.0439033508301 58.746524810791 57.9254684448242 57.4901084899902 57.2539520263672 -3.4e+38 -3.4e+38 56.5168495178223 56.438289642334 -3.4e+38 -3.4e+38 -3.4e+38 -3.4e+38 -3.4e+38 -3.4e+38 -3.4e+38 -3.4e+38 -3.4e+38
70.8023986816406 70.4883575439453 70.0350799560547 69.635124206543 69.1117782592773 68.7956008911133 68.3608703613281 68.2161712646484 67.8235626220703 67.3174819946289 67.1874542236328 66.9278869628906 66.6322631835938 66.2796478271484 65.7900009155273 65.2256393432617 64.7455978393555 64.3473052978516 63.9678115844727 63.6852836608887 63.3910484313965 63.0678825378418 62.2990112304688 61.9731216430664 61.6069488525391 61.1555671691895 60.7898597717285 60.4646072387695 60.1655197143555 59.830638885498 59.4680099487305 58.9997673034668 58.6408233642578 57.9240646362305 57.4954681396484 57.2286262512207 56.9869384765625 56.7427291870117 56.4745903015137 56.1939430236816 -3.4e+38 -3.4e+38 -3.4e+38 -3.4e+38 -3.4e+38 -3.4e+38 -3.4e+38 -3.4e+38 -3.4e+38
70.8421859741211 70.4198532104492 70.0355682373047 69.627326965332 69.1389083862305 68.9216232299805 68.4610824584961 68.3425369262695 67.88916015625 67.6485061645508 67.4685974121094 67.086784362793 66.8104095458984 66.3157424926758 65.7435760498047 65.3176879882812 64.779411315918 64.3348159790039 63.9930458068848 63.7297554016113 63.4508895874023 63.0577125549316 62.5104026794434 62.0663642883301 61.6349143981934 61.1623191833496 60.7798347473145 60.4669036865234 60.1347465515137 59.7414894104004 59.4223403930664 59.0272102355957 58.6039085388184 57.9903869628906 57.6229209899902 57.2634963989258 -3.4e+38 56.707950592041 56.4230842590332 56.098014831543 55.8197479248047 -3.4e+38 -3.4e+38 -3.4e+38 -3.4e+38 -3.4e+38 -3.4e+38 -3.4e+38 -3.4e+38
