rcp8.5models/GFDL_CM3/sc1gr0.0
NCOLS 261 
NROWS 433 
XLLCORNER 336357.134 
YLLCORNER 654653.479 
CELLSIZE 1000 
NODATA_value -9999 
[rows 242 to 263 of 433, columns 100 to 149 of 261]
86.3543146533691 86.4572192938439 86.4026159955133 86.3763514361522 86.3744163055969 -9999 86.5278738199317 86.4150774380523 86.3164887139133 86.3238614010756 86.3037585693356 86.3453575395852 86.1418734182617 86.1543849480497 86.7107925862843 87.3267779927266 87.2809749574526 87.2638320899645 87.3139457682832 87.1804880660902 87.1107566310086 87.1501463879458 86.9969765790182 86.8629601752185 85.9621105219531 -9999 85.7781333664238 85.6296899185379 85.0315560457513 85.0507206879684 85.2065233917461 84.9305114093343 84.8408774558423 84.9531085041045 84.4704096106923 84.7390400333533 83.8072678877809 83.5266191160329 83.7673133720297 84.408945180226 84.5289645125358 83.2024458528735 82.8126464304706 82.5232020827593 82.2755414108557 82.0585608598977 81.650534875258 81.7992517585273 82.4595899491278 83.251112674476
86.9288503520851 86.7074503525659 86.6071337915824 86.7194777955063 86.7801372264526 86.6898146955338 86.5514073086526 86.574815493228 86.6689318761083 86.5575883122 86.454163321222 86.5446439424662 86.938366305739 87.0107054230236 86.8242213355529 87.3410638375536 87.4719047405929 87.4440219480764 87.2471233265853 87.2986153677596 87.0992589009744 87.0120028833322 87.1812297023821 86.7446117793828 86.4239233398362 86.1444489715168 86.1083964348843 86.3240471287071 86.1375124659496 86.5987276407497 86.9852455118343 86.8741221033294 86.1121350231075 85.0206166883508 84.7823448083755 85.5693520436667 85.4656409843328 83.897770652871 83.8512029178791 84.8134696397251 85.6473021228642 84.3255975521482 83.5372909454469 82.691752772141 82.3648160532515 82.2271122002187 82.0704711244827 82.1094231855141 82.6072728067546 83.2562672224466
87.0887819235675 86.7772689925748 86.897154441086 86.7819459507213 86.822903253762 86.7609005027631 86.6167135567894 86.6546091816811 86.7980753021169 86.7193599262387 86.7250150569426 86.6911184595573 87.2379140425675 87.2342965022652 87.0037310506229 87.8267216039633 87.9501447024949 87.8042821575094 87.3946330567718 87.1879909290518 87.0589495456067 87.2113903732918 87.1211276829992 86.6784612466106 86.359450795481 86.080603857171 86.1410641503005 86.5051610784144 86.5732307899299 86.6019606994183 87.069502246534 87.5452170350855 86.8423441820704 85.4610420354799 85.3740057591851 86.0002944806104 85.9057396646528 84.1034871126969 84.1494512772896 85.0806923608652 86.0485055607013 84.9580390527803 84.1435685067565 82.9722787060553 82.445883453432 82.2669635088385 82.1446906198103 82.2514168132056 82.8709262694271 83.4369321824649
86.9018543050042 87.0534120916515 87.2171925132693 86.8379747806266 86.9664639400531 86.8829105693574 86.8268612775758 86.6562604917921 86.6939728223317 86.7339166394094 86.7949939064045 86.7453120985478 87.4163410341821 87.2283893832468 87.1117705235853 88.1921205710444 88.61819423406 88.303416098137 87.5541656475056 87.3063860854679 87.2474207746793 87.3537341151291 87.345606017034 86.9288794562017 86.3461484800332 86.145525671741 86.1202241697209 86.3695548455894 86.6803417600369 87.063539288435 87.5520307338315 87.89749668995 87.5240102926467 86.5933917499026 86.4505329782442 86.3171951410349 86.1344624005757 84.7832273276572 84.6087581182002 85.2499030242498 86.087291308989 85.5287100014478 84.503194655734 83.406835023899 82.5710481613136 82.394282760084 82.3214464858569 82.5304916632753 83.3251841721971 83.777541709135
86.9202619231365 87.3065716126004 87.2386753099672 86.986265880994 86.986365957616 86.9044774475565 86.9035077817707 86.7249812555058 86.7357175795022 86.7529883587674 86.7709991254436 86.8527649076771 87.5956090779868 87.3834736736597 87.1134900320525 88.0425201087299 88.9109189818563 88.5998161387828 87.953622804706 87.5478092031143 87.3303447020271 87.4891573527477 87.4635064508959 87.0289491612791 86.5777811671923 86.3889749805552 86.3445813808982 86.6669211386505 87.0594691978451 87.9260097825223 88.4654321372775 88.4775251173251 88.3477776192345 88.0183942457477 87.7874490517669 86.8996441507336 86.6233482308892 85.6837694676369 85.0129787882087 85.2866204984557 86.0792566290523 85.8031714143695 84.4113678857688 83.2935790631491 82.7648599362776 82.5718057514544 82.5479043392889 82.6708767805498 83.3720737071662 84.2172265349487
87.0585571250206 87.2483316081473 87.1580250363327 87.0751242359285 87.0466397357118 87.1164072613759 86.9832333747128 86.8245719627728 86.8434332568259 86.7264906659637 86.8234606391763 87.0633550917385 87.5876003032762 87.4747554790813 87.2273290001892 88.0395045941822 88.9441339104598 88.4530766758302 88.000242985894 87.7750404121173 87.4710845569538 87.4969106457776 87.3631080347247 87.0488077140711 86.8092864745052 86.5456318712719 86.5131582001194 86.9633843159371 87.4859231380577 88.2313114906768 88.5585192416151 88.6010626605017 88.6615500149063 88.773143601496 88.4359630709682 87.2245441445904 86.7294483090464 85.8063912250103 85.2589204681915 85.2261751625245 86.0552015749694 86.3165493091003 84.7145344951356 83.1607653859367 82.8813488029441 82.6478263827829 82.6129816947819 82.6857850186532 83.2112501846111 83.8526878215485
87.1252256944529 87.1686928709381 87.1555936897261 87.1725632835545 87.118934135398 87.2316799127841 87.1652196172101 86.9921771928699 86.9469783418018 86.8124602205598 86.8640779588537 87.0423976717179 87.1134111015482 87.1110228280943 87.0259486403519 87.8586831550003 88.8686218581022 88.2857346345316 87.7500307616925 87.6585207164817 87.6571380788307 87.5309645471601 87.3321485335193 87.1558698829778 86.8235644356978 86.4976554685078 86.437211120081 86.8135460033117 87.5667092982642 88.5974139721949 88.7811438780529 88.6865601545161 88.6918481162573 88.7996457799082 88.4483849953213 86.7054182403742 86.2084390441024 85.8033173533216 85.6234607518079 85.5080702137189 85.9889611821894 86.6324726803631 85.1521421659869 83.4413644951119 83.0544232692875 82.7490779352423 82.6537434749616 82.7691477020978 83.0668545137111 83.1487454377697
87.2114761112607 87.4899458176961 87.2513167193436 87.1750939311181 87.1266178861911 87.1217044257164 87.1823547506368 87.0143308272347 86.9903991765705 86.9414883722552 86.886059478628 86.9410220289562 86.8644393219626 86.8103843596626 86.7523680364611 87.4862406185992 88.6091148431723 88.4738122438918 87.8236215170079 87.6146729245824 87.7080325496616 87.6134943533885 87.3127853925092 87.2764112998518 86.8079849451916 86.5283684268059 86.4990389250625 86.859580972236 87.8411178143857 88.8862744608654 88.9381427258195 88.8651577228253 88.8419496937582 88.3532880936188 87.6068335948303 86.454943377385 86.4550031783857 86.3252257990163 86.4084800034722 86.3559369093995 86.3860763103511 86.7701793766792 85.3732432280747 83.7552914800776 83.166063651534 82.9414432444491 82.8253860273376 82.9081147393108 83.2991735258716 83.7129931936492
87.4608419041903 87.8534565864394 87.3128240988268 87.1512069249434 87.1918783920312 87.244476523117 87.2320968796508 87.0364656443885 86.8667140675119 86.8387728688359 86.9769241897976 87.0471329837704 86.9318502090577 86.9829844666943 87.0126172022838 87.5387891034383 88.2055196081562 88.1019867036503 87.8593628766188 87.6595921881376 87.6816262262741 87.5744043876039 87.2798669338096 87.1962835792894 86.6812791659261 86.697992030659 86.9294336388517 87.1925924850025 87.9229574664792 88.6571812898229 88.7581714173601 88.892214073485 88.8817758771545 88.1938950402645 87.3778529125603 86.8782397019953 87.1560815030173 86.884514879359 86.9376168644058 86.9728424924077 86.8228689470808 87.0668326945853 85.5309677153375 83.8540140148846 83.462289630728 83.1632104548675 83.1014624495406 83.1467684514759 83.4370388007468 84.2903040313546
87.4687375963763 87.9250292143948 87.3833638351848 87.1821406723948 87.2715551984049 87.3836854791929 87.2051381156758 87.1165939404182 86.9375686880573 86.9008635844855 87.1200956512936 87.3000229678928 86.9103958357565 87.041917497245 87.1985422806519 87.7317587836746 87.9809945513609 87.813221262352 87.8461719685267 87.712112736685 87.7887784776658 87.6392610758678 87.4738654445141 87.3185285679773 86.8175245913741 86.905042041425 87.5193650349878 87.6487038320363 87.8686042681531 88.4949210090583 88.8993897003813 88.9567535513636 88.8988903923879 88.52866164889 88.239802515874 87.6268348043742 87.785733762654 87.056891267148 87.1005084311568 87.1974902404538 86.9876411011786 87.2740209348394 85.8179041226252 84.3430117533784 84.0997242901632 83.4850510511362 83.3333365684374 83.1860777689808 83.1302714341773 83.9172041758921
87.3815300046919 87.7103712730391 87.5281827938449 87.2661315758379 87.3457190910042 87.3842849587861 87.1696035681043 87.0443471433074 87.0277862247401 87.0902018047545 87.1775624123249 87.4531432394616 86.9340557569303 86.9984710926592 87.3233627177766 87.8161532206896 88.1007567482409 87.9334864305504 87.9282246567795 87.9009291267921 87.9700772543891 87.8125234793139 87.6154458962213 87.4857343133057 86.9992614508554 87.1096928174408 87.7116310239832 88.0230272672844 88.1610684557651 88.5790867504982 89.1344209998652 89.1000753814444 89.0831081736756 88.9481289766495 88.8229207086645 88.4340698266583 88.4106480345059 87.5489603457854 87.397519180073 87.20349491434 87.1069563290277 87.3450403683725 86.2874099207161 84.9594796324569 84.7787296428488 84.0184369164608 83.6430736773105 83.1812737294272 83.2787330483234 84.0065568483706
87.3581373839349 87.5035616141203 87.4851550163252 87.3355765580297 87.3549532348273 87.2557369698198 87.0897030687429 87.089643895723 87.1920420783159 87.1441208155536 87.1477103043072 87.3805923434924 87.1445231535429 87.1272558650838 87.6356003116461 87.9757499502454 88.1902983509511 87.8923363505851 87.8855430841407 88.1063209703572 88.1810290864704 87.8965632361969 87.6004745055053 87.4553947858927 87.2268773218387 87.1400851905746 87.3911273971841 87.9825407734515 88.1755770497121 88.7737888726949 89.1543442647608 89.2080511893481 89.1534924650138 89.1899212234133 89.0457210445726 88.9140983481185 88.7039666743767 88.2326404585472 87.6452525516785 87.3411906105347 87.2292748401213 87.0719315112794 86.2839192955936 84.6726561060351 84.4120929731852 83.9767749256252 83.7501154825495 83.5370948007099 83.4513159066035 84.2472283988009
87.446337981498 87.4601852620217 87.4432145125318 -9999 87.4304181909984 87.3187878944998 87.1397707844721 87.2645137924341 87.3564024610012 87.0907849972872 87.0352751497398 87.1500497262203 87.3036560141769 87.3329415754281 87.859637257909 88.179238320283 88.1457871080688 87.9523664511274 87.7915005750365 88.3175561822843 88.672595534792 88.0087349645178 87.5922974569392 87.4062938465848 87.2752812374551 87.1707067696947 87.1443899942884 87.7603825905164 88.0200681666029 88.7311862074364 88.8864693129792 89.0933786101953 89.3052495722422 89.3191394840081 89.2024141730472 88.9942882856269 88.6770382923357 88.0550666151569 87.6831556649016 87.6885080355038 87.3285092318682 86.1776807224201 85.4541774960712 84.3371333023403 84.2386494866635 83.9259478444592 83.6121822619328 83.6669178265117 83.4003823335339 83.828918121576
87.581650462161 87.4750986111705 87.4796252742447 -9999 87.4397701751723 87.3214995319779 87.3836441841209 87.5388057379576 87.5674722241811 87.4365796942846 87.3446218690609 87.2596868286225 87.5716953980155 87.7728992066619 87.8477970127147 88.1392177622414 88.6488114753656 88.3660145881791 88.0487992602487 88.1620107967939 88.491537711021 88.0728800006177 87.6718276479728 87.6243655420315 87.3045251269324 87.4235817447384 87.2503833451005 87.3323918421009 87.5819015936198 88.093368817488 88.4461105708115 88.9563274534652 89.2716468157404 89.4364580931641 89.3412951377768 89.3969274335871 88.7732423142842 88.5985575387817 89.0869491997146 88.339987183643 86.6558874723506 85.6156038547301 85.6202194243215 86.8603711476102 87.0314713925936 85.6452770930112 84.805014242787 84.8126265188037 84.3672415746956 84.590337715569
87.7397919838771 87.6776127919905 87.6083823285526 87.5565223238123 87.5391830890255 87.5744752958062 87.6954974916703 87.5408871161354 87.6641659940945 87.5548489314545 87.3782650772614 87.2822094056081 87.5684669401984 87.865458345745 87.8098604672661 88.0475961721793 88.5995427632477 88.2971982072638 88.122567070518 88.3325029421971 88.6234305670016 88.1558460007445 87.7004861632219 87.6124751692248 87.4548478361857 87.6577901640248 87.4194552120632 87.5568365292184 87.7940896204841 87.8504337425059 88.3646699501223 88.8815009347897 89.2903447217109 89.4521358907188 89.5007989063834 89.4588146527241 88.9986652714574 89.002684661933 88.802319283572 87.3519250812617 85.9199617109941 85.6782190398903 86.3077326059323 87.2745516854455 87.2406517295845 86.1770928095918 85.0451704940043 85.1856880607541 84.647760658555 84.9839844770899
87.7440930514725 87.7353394213023 87.620009374119 87.5945122694484 87.6108719911255 87.7407941559772 88.0058311057762 87.7896553429016 87.9737148794157 87.7154065328762 87.4295759105178 87.3843972578056 87.376341017923 87.6672790738101 87.8282699376089 88.1558910371636 88.7690446737638 88.4444482668235 88.1466289630592 88.3403648221009 88.7173865782375 88.1715513917541 87.7163321533329 87.5280004472751 87.5761246609516 87.8323757620188 87.6210806870431 87.5808842459469 87.7777478061973 87.9910677450851 88.3698323244816 88.8551962870049 89.4237135746432 89.641944234557 89.5937364736979 89.5303991429513 89.2026071357633 89.2881400595021 88.4453400975602 86.4578471196526 85.9293894784046 86.9238979595875 87.5921835740449 88.1258783099085 87.6064869142592 86.4606523058782 85.3467949483579 85.5880342919717 85.2248055474714 85.0845929762385
87.8461562091576 87.6618572118126 87.6916598795873 87.7999785020931 87.75166446692 87.8054478103577 88.1781890027753 88.222839152943 88.3804029565591 87.9617849613011 87.5138229702679 87.4880998584579 87.5818887499343 87.4577105536234 87.8085263123163 88.3421661825744 89.0929524229144 89.1436211402716 88.6174490643546 88.6478777423647 89.1654625486937 88.4706652255016 87.7458648483939 87.5933673972339 87.7417670533641 87.8770979500945 87.6440180487399 87.5098252210698 87.9486544886317 88.5868087234983 88.8235396694472 89.2929996123007 89.8169472419866 89.6691156154888 89.4346300129923 89.686144353297 89.6206488065601 89.4577972712652 88.5760785942834 87.0152140140957 87.0164014939501 88.623902990031 88.974437189886 88.740334013185 87.8406349540423 87.0545656991757 86.2984614502434 86.2094411727095 85.5352166197497 85.1894923297494
88.0492414345858 87.8032500045612 87.6997367140229 87.8513389082582 87.8383137551738 87.8661196601299 88.2682794726705 88.754345073466 88.7448200112797 88.0908886550904 87.5348078772996 87.4829718988413 87.99037014748 87.7840506393939 88.0106800384692 88.3517604901199 89.2262107055432 89.6760606763577 89.3303515341883 89.3429459078249 89.6274727073012 88.9288919572743 87.8107909387921 87.6492287550479 87.810032304899 87.863989153217 87.6574311103443 87.7404237758016 88.3798654059139 89.0850073960705 89.1008229266692 89.5026452561476 89.8746067938993 89.3709016171711 89.0835129773414 89.7479052205921 89.73402188218 89.4323920753887 88.5192153577285 87.6026615726711 87.9367864840604 89.3356489215643 89.5896087785475 89.0588071327937 88.664279012427 88.2875037511398 87.5241000544296 86.9490393270305 86.032870355231 85.6684262890435
88.1449262660918 87.9561438228357 87.7899903052712 87.8188279645617 87.6146716714559 87.7898988554601 88.3583884736118 88.9236652556372 88.7812070329943 88.0121319103444 87.513994909591 87.4873096878102 88.0132724689653 88.1138426349988 88.4189188284652 88.6112960899604 89.2087576370075 89.735550224695 89.6556962083281 89.6763589216381 89.5875252199188 88.8834316258643 87.8788532585652 87.7264986952015 87.8399973376842 87.8731234633351 87.8834046685604 88.0529536969893 88.6166269636929 89.4866774303038 89.5047923749377 89.7738309172983 89.9292039029874 89.2940008319989 88.9841288697602 89.7026584320829 89.7489820031796 89.7042696311394 88.7553209200623 87.7592049931804 88.3816515572276 89.4441201414081 89.6579140625539 89.4861487831475 89.558288299947 89.1557804030666 88.5606340733233 88.0866331386035 87.1351518764085 86.2910595824841
88.1646540933606 87.9834091588867 87.8282793558148 87.8016691187208 87.6511129836597 87.8076160403264 88.4055536287218 88.7821846205955 88.4740582816144 87.9243282173343 87.6274699804143 87.5667401706255 88.0052448961639 88.179418959751 88.5756206120445 89.0682528349376 89.4276826461675 89.6798774462736 89.5310453478789 89.3864774676934 89.2338312374161 88.3513185159694 87.8404274207092 87.8012634705318 87.9514187444152 88.1968177530362 88.3391582818949 88.3713481468489 88.8327075550598 89.6387314869481 89.8866904964133 89.8817930990534 89.6854179221202 89.1412556567977 88.9990124406017 89.3679741875004 89.6904531259158 89.8134693206121 89.1200237419541 88.3035964234505 88.7738282030781 89.6080466428912 89.5204765502158 89.5100692710365 89.6579602034436 89.5191417013386 89.1951649130512 88.8310835527583 87.7067129319751 85.9450137210982
88.3575173801336 87.9697220479994 87.9283868812513 87.853491872412 87.8261817384556 87.8902335647103 88.2544222776148 88.5705914748084 88.4044203116832 88.0082891648225 87.7679808777125 87.723372028166 88.1870313311042 88.3056423001575 88.6035077451355 89.0670015702991 89.4517880470928 89.3883165524621 88.9723588213313 88.7458327004254 88.7167044798636 87.9663562991059 87.8215801090521 87.8627963253726 87.94783104323 88.5336003141673 88.6809420576103 88.6199850945389 89.1793354736838 89.689815151664 90.0208837976439 89.856140525414 89.4658864908254 89.1027728544531 88.8979363001369 88.9206708985975 89.5770074739129 89.9083565213221 89.7188262874599 89.3657153504199 89.3431535153363 89.8283118153538 89.6104719410945 89.3160276024185 89.5177747024171 89.790683985089 89.2150776609261 88.1776955077752 86.8905639075147 85.0618601521758
88.3658389652698 87.9612107468942 88.0373114062802 88.0080198410016 87.8823626570714 87.9223927989468 88.0339728196058 88.3687729173161 88.6273864038908 88.1943096131177 87.8412063858328 87.8866666243257 88.5780218192564 88.6811690845911 88.8843740931449 89.1584787873987 89.2065741814537 89.2534725317529 88.9317725937729 88.3679142644138 88.1381263340207 87.8890210216932 87.8743349218145 87.938118371177 87.9080240282013 88.6009754010932 89.1113337395605 89.0669712920347 89.5288077827936 89.8959738951879 90.0231302969012 89.9127310544597 89.8821693628383 89.6391304081646 89.1504326841892 88.3968700683325 89.3251004357568 89.9233852225716 89.9737351481398 89.9801470579817 89.9149146425183 90.0041632228099 89.7846158201341 89.5712981385256 89.7160056953517 89.7934666761473 88.8020561349209 87.4409727174414 85.8551689433082 85.0038339052936
