rcp8.5models/GFDL_CM3/sc1gr9.31
NCOLS 261 
NROWS 433 
XLLCORNER 336357.134 
YLLCORNER 654653.479 
CELLSIZE 1000 
NODATA_value -3.4e+38 
[rows 154 to 175 of 433, columns 147 to 195 of 261]
195.665832519531 194.557479858398 193.143295288086 190.989532470703 189.234741210938 187.101531982422 185.47607421875 184.195693969727 182.49201965332 179.626541137695 177.429351806641 174.491928100586 171.721878051758 170.964401245117 170.703628540039 167.658843994141 164.32096862793 163.353775024414 162.809280395508 158.668991088867 -3.4e+38 158.755737304688 153.411361694336 152.329071044922 151.199920654297 149.781188964844 148.634155273438 147.514358520508 146.176452636719 144.75944519043 143.689086914062 142.631118774414 141.663925170898 139.035888671875 137.579315185547 136.055694580078 135.052322387695 133.867919921875 133.321914672852 132.651306152344 -3.4e+38 130.493316650391 129.338012695312 128.659469604492 127.704750061035 134.042068481445 146.000137329102 143.310729980469 133.558258056641
194.836730957031 193.425247192383 191.744766235352 189.580795288086 188.648498535156 186.640655517578 184.571350097656 182.995330810547 -3.4e+38 179.647552490234 178.069076538086 172.824066162109 169.725982666016 169.028106689453 168.780014038086 165.429107666016 162.671905517578 161.682601928711 -3.4e+38 159.058685302734 159.200775146484 156.965896606445 152.877044677734 151.67756652832 149.961364746094 148.629791259766 147.282272338867 146.528701782227 145.729522705078 144.765502929688 143.886093139648 142.629119873047 141.231597900391 138.503067016602 137.051315307617 135.572662353516 134.603225708008 133.393585205078 132.846389770508 132.009292602539 130.815872192383 129.856307983398 128.675094604492 128.026138305664 127.046401977539 131.454696655273 148.56852722168 146.209350585938 123.276679992676
194.436492919922 192.483673095703 190.477920532227 188.61897277832 187.594131469727 186.267105102539 184.918792724609 182.352035522461 179.90315246582 178.639129638672 177.705505371094 172.261123657227 169.224136352539 167.519378662109 166.579147338867 164.051879882812 162.271743774414 161.182083129883 159.042556762695 -3.4e+38 159.818252563477 154.751174926758 152.097686767578 150.705902099609 149.612609863281 148.75830078125 147.050338745117 145.867568969727 144.799942016602 144.052337646484 143.078338623047 141.651611328125 140.656066894531 138.279815673828 137.021072387695 135.833923339844 -3.4e+38 133.661163330078 132.779220581055 131.538452148438 130.377853393555 129.564727783203 128.526382446289 127.572410583496 126.625160217285 124.83203125 130.29377746582 133.207962036133 122.800094604492
193.984680175781 191.655776977539 190.088088989258 188.916427612305 186.95491027832 185.128707885742 183.918563842773 182.153762817383 179.972183227539 178.345642089844 177.074127197266 171.342010498047 168.711349487305 166.430114746094 164.974334716797 163.177444458008 162.318923950195 160.658065795898 158.547439575195 158.081893920898 157.531265258789 154.088531494141 151.572631835938 149.867736816406 148.798782348633 147.686111450195 146.600921630859 145.928604125977 144.570098876953 143.736907958984 142.887603759766 141.200531005859 140.011703491211 137.485748291016 136.066970825195 135.47770690918 -3.4e+38 133.705642700195 132.76383972168 131.807464599609 130.621459960938 129.971130371094 128.993499755859 127.852752685547 126.687286376953 132.529632568359 136.138641357422 131.148986816406 142.864883422852
192.454223632812 190.849533081055 189.842468261719 188.661682128906 186.963302612305 184.611755371094 182.549850463867 181.361831665039 180.206436157227 178.954879760742 177.315399169922 170.301681518555 167.449920654297 164.92985534668 164.025680541992 162.669631958008 161.204559326172 159.124252319336 159.135177612305 159.675872802734 154.832382202148 153.407287597656 150.894668579102 150.098815917969 148.657318115234 146.958984375 146.052719116211 145.227127075195 143.986679077148 143.632751464844 143.044326782227 141.362091064453 139.917694091797 136.80744934082 135.334991455078 134.934555053711 134.404571533203 133.085906982422 132.105926513672 131.124252319336 130.313369750977 130.212829589844 129.266784667969 127.908828735352 126.697257995605 138.196472167969 145.547424316406 137.265762329102 158.113159179688
191.498428344727 189.825134277344 189.027908325195 187.887008666992 186.397262573242 184.696533203125 182.515380859375 180.66535949707 179.126800537109 178.420654296875 177.290115356445 170.207534790039 166.828048706055 164.033065795898 162.812072753906 162.057968139648 160.083251953125 -3.4e+38 158.442764282227 158.099014282227 154.333450317383 152.84196472168 149.97526550293 149.304763793945 148.182586669922 147.089309692383 146.113662719727 145.011199951172 143.469451904297 142.680099487305 141.576843261719 140.192687988281 139.26579284668 137.084625244141 135.577651977539 134.88688659668 133.932678222656 132.737731933594 131.935821533203 130.666656494141 129.755920410156 129.559234619141 128.397644042969 126.989883422852 126.223526000977 130.171997070312 133.552062988281 129.974594116211 138.232177734375
191.466949462891 189.220230102539 187.553817749023 186.485458374023 184.996109008789 184.296508789062 182.937896728516 180.545211791992 178.785110473633 177.850173950195 175.394927978516 170.493270874023 166.770065307617 164.261352539062 -3.4e+38 -3.4e+38 159.295120239258 -3.4e+38 156.607421875 154.882904052734 153.374267578125 151.913513183594 149.415115356445 148.112945556641 146.971328735352 146.403076171875 145.555648803711 145.029998779297 143.979217529297 142.542251586914 140.868133544922 139.721862792969 138.695007324219 136.68017578125 135.813659667969 135.127136230469 133.961654663086 132.663803100586 132.118087768555 130.893630981445 129.747161865234 128.887924194336 127.676071166992 126.546699523926 125.88843536377 123.969039916992 123.710754394531 123.107467651367 122.293144226074
191.177963256836 188.594390869141 187.099960327148 185.019836425781 182.366546630859 180.832138061523 179.805404663086 179.501907348633 179.270217895508 177.091079711914 173.019470214844 166.765289306641 164.443206787109 162.680236816406 -3.4e+38 -3.4e+38 158.214202880859 156.903671264648 155.240737915039 153.694137573242 152.284744262695 150.88200378418 148.323165893555 147.567535400391 146.54753112793 146.003723144531 144.723922729492 143.323226928711 142.616439819336 141.818954467773 139.823989868164 139.192886352539 138.690582275391 136.030303955078 134.576065063477 133.924453735352 132.769836425781 131.59880065918 131.41096496582 130.259719848633 128.843002319336 128.550079345703 128.168411254883 127.045951843262 126.393264770508 133.101043701172 123.724815368652 123.10408782959 122.20435333252
190.231597900391 187.727600097656 186.553558349609 184.129531860352 181.576309204102 179.571258544922 179.093124389648 177.758590698242 176.295379638672 174.166076660156 171.686370849609 165.989074707031 163.692825317383 -3.4e+38 -3.4e+38 -3.4e+38 158.271789550781 156.756088256836 154.642272949219 153.007293701172 151.552978515625 150.460998535156 148.266220092773 146.99787902832 145.855590820312 145.198318481445 -3.4e+38 143.541763305664 142.547760009766 141.251327514648 139.329803466797 138.601226806641 138.099639892578 135.960067749023 134.798629760742 134.121459960938 133.039077758789 131.569381713867 130.900634765625 129.823516845703 128.372528076172 127.980979919434 127.505790710449 126.359085083008 126.082939147949 124.60725402832 123.968597412109 123.360260009766 122.427581787109
188.919342041016 186.868011474609 185.298080444336 182.980926513672 180.914428710938 178.852630615234 177.495498657227 175.552444458008 173.408599853516 171.185836791992 169.466781616211 165.480697631836 163.198516845703 -3.4e+38 -3.4e+38 -3.4e+38 156.991149902344 155.918884277344 154.736129760742 152.895111083984 150.891143798828 149.744384765625 148.352188110352 147.123031616211 145.800842285156 144.667266845703 143.65217590332 142.741882324219 141.927093505859 141.106887817383 139.637283325195 138.682006835938 137.288177490234 135.259826660156 134.073867797852 133.760055541992 133.198608398438 131.771942138672 131.134796142578 129.995147705078 128.588088989258 127.960250854492 127.013511657715 125.899551391602 125.522850036621 124.200492858887 123.31803894043 123.037582397461 122.701797485352
188.662353515625 186.466125488281 184.425994873047 181.5947265625 179.884750366211 177.83283996582 175.940246582031 173.959747314453 172.099365234375 170.357879638672 167.955459594727 164.349349975586 162.551956176758 -3.4e+38 -3.4e+38 157.575607299805 155.735702514648 154.458709716797 153.90217590332 152.98828125 151.056549072266 149.667373657227 147.622497558594 146.674880981445 146.068374633789 145.099822998047 143.534088134766 142.216812133789 141.344223022461 140.412841796875 139.234832763672 138.683807373047 137.048736572266 -3.4e+38 133.561645507812 132.972732543945 132.224426269531 131.084747314453 130.75798034668 130.269332885742 128.82763671875 128.175399780273 127.424819946289 126.398223876953 125.508110046387 123.96378326416 122.847854614258 122.517135620117 122.028305053711
188.555587768555 185.929046630859 183.780227661133 181.598876953125 179.534057617188 177.194747924805 175.340957641602 173.36686706543 171.191925048828 169.806686401367 167.274612426758 163.354110717773 161.827590942383 160.687103271484 158.922515869141 157.407348632812 155.589065551758 153.600921630859 152.7392578125 151.854705810547 150.513656616211 149.732986450195 147.138809204102 146.334243774414 145.309646606445 144.627639770508 143.695007324219 142.31884765625 141.195251464844 139.79426574707 138.415405273438 137.489776611328 136.185577392578 134.917037963867 133.560989379883 132.639495849609 131.718780517578 130.556716918945 130.19189453125 129.865509033203 129.051300048828 128.41455078125 127.768569946289 126.860252380371 125.731704711914 124.006866455078 122.801834106445 122.484642028809 121.760314941406
188.271942138672 185.792984008789 183.175170898438 181.464889526367 179.800308227539 176.988418579102 175.524505615234 173.553558349609 170.652587890625 168.654724121094 166.608413696289 163.305801391602 161.325546264648 159.98127746582 158.196853637695 156.900024414062 155.660217285156 153.743057250977 152.494705200195 150.976425170898 149.874954223633 148.983764648438 147.273681640625 146.158966064453 144.515396118164 143.497177124023 142.447769165039 141.588516235352 141.065994262695 139.386581420898 138.371505737305 -3.4e+38 135.617706298828 134.323226928711 -3.4e+38 132.848754882812 131.723327636719 130.457611083984 129.939483642578 129.182907104492 128.642944335938 127.709022521973 127.093620300293 126.503875732422 125.979263305664 124.304512023926 122.915252685547 122.44017791748 122.128234863281
186.466506958008 184.2099609375 182.470901489258 181.290496826172 179.824081420898 177.554992675781 176.596725463867 173.481628417969 170.323165893555 167.707336425781 165.866851806641 163.353012084961 161.303359985352 159.637268066406 157.696502685547 156.172592163086 155.02555847168 153.523849487305 152.563690185547 151.077331542969 149.680023193359 148.477615356445 146.598876953125 145.815032958984 144.179061889648 142.792831420898 141.160064697266 140.619964599609 140.166580200195 138.735046386719 -3.4e+38 137.095458984375 135.480834960938 133.761566162109 132.771469116211 -3.4e+38 132.128936767578 130.987808227539 130.196395874023 129.261367797852 128.329711914062 127.223258972168 126.585525512695 126.117172241211 125.555458068848 124.653709411621 123.416191101074 122.742210388184 122.390625
184.818984985352 182.495254516602 181.83837890625 181.729598999023 180.509735107422 179.514999389648 177.572265625 172.745040893555 169.915328979492 167.501861572266 165.706909179688 161.878158569336 160.592620849609 159.44775390625 157.645095825195 155.672241210938 154.31982421875 152.798370361328 151.765701293945 150.558288574219 149.822723388672 148.592468261719 145.96305847168 145.071060180664 143.751937866211 142.79411315918 141.010269165039 140.376815795898 139.262954711914 137.900512695312 -3.4e+38 136.979965209961 135.697494506836 133.629196166992 132.213790893555 131.851928710938 131.665557861328 131.091506958008 130.346969604492 129.453552246094 128.554382324219 127.425170898438 126.818412780762 126.003311157227 124.986671447754 124.15803527832 123.311904907227 122.930198669434 122.62393951416
184.520614624023 182.449249267578 181.482131958008 181.505386352539 181.148818969727 181.134155273438 178.718673706055 173.198501586914 170.007843017578 167.263916015625 164.917938232422 161.013153076172 159.743453979492 158.270751953125 157.08381652832 155.619812011719 153.921844482422 152.302383422852 150.946304321289 149.568832397461 149.262359619141 148.499145507812 145.770736694336 144.398635864258 143.02734375 142.30696105957 141.155120849609 140.321365356445 138.947082519531 137.336273193359 136.672119140625 136.395919799805 135.504959106445 133.685974121094 132.685531616211 131.759948730469 131.142105102539 130.478607177734 129.685638427734 129.092361450195 128.748382568359 127.651176452637 127.021049499512 126.27661895752 125.08122253418 123.810775756836 123.219116210938 122.395523071289 121.66268157959
184.435134887695 182.692245483398 180.815399169922 180.310928344727 180.876922607422 182.597991943359 180.391677856445 172.940612792969 169.095611572266 166.426849365234 164.482727050781 161.370742797852 159.542251586914 157.473266601562 156.020446777344 155.060043334961 154.037399291992 152.252685546875 -3.4e+38 148.939910888672 148.090576171875 147.220855712891 145.409805297852 144.044509887695 142.602325439453 141.968215942383 140.972839355469 139.906372070312 139.13117980957 137.527359008789 136.752822875977 136.249938964844 135.14387512207 133.409072875977 133.069290161133 131.953903198242 131.312515258789 130.419158935547 129.107421875 128.487258911133 128.214782714844 127.363456726074 126.937461853027 126.441963195801 125.290740966797 123.747734069824 123.258598327637 122.12230682373 121.253883361816
184.540100097656 182.687774658203 180.751419067383 179.649826049805 179.347610473633 179.923599243164 177.11018371582 171.687271118164 167.917861938477 165.336975097656 163.574844360352 161.230682373047 159.253921508789 157.508163452148 155.715179443359 153.998123168945 153.150634765625 151.699890136719 150.50617980957 148.723541259766 -3.4e+38 146.108749389648 144.619720458984 144.193862915039 -3.4e+38 141.902297973633 140.540161132812 139.191329956055 138.773971557617 138.072906494141 137.173034667969 136.349746704102 134.991683959961 -3.4e+38 132.67106628418 132.116516113281 131.507110595703 130.569046020508 129.309707641602 128.433685302734 127.806915283203 127.047309875488 126.108581542969 125.827018737793 125.524429321289 123.845603942871 123.239265441895 122.372589111328 121.439323425293
183.469802856445 181.722290039062 180.419662475586 178.550277709961 178.134307861328 177.623886108398 172.865280151367 170.150726318359 167.178634643555 164.825637817383 162.759231567383 159.897521972656 158.215713500977 157.221542358398 155.748931884766 153.691345214844 152.006195068359 150.64469909668 149.955535888672 148.813369750977 147.864318847656 -3.4e+38 143.93473815918 143.34130859375 142.048294067383 141.555145263672 140.372863769531 139.106140136719 138.275894165039 137.541915893555 136.709106445312 136.541091918945 135.189880371094 -3.4e+38 131.856323242188 131.079620361328 130.91291809082 130.610931396484 129.730484008789 128.613708496094 128.018310546875 127.27311706543 126.166381835938 125.445457458496 125.623832702637 124.05842590332 123.482498168945 122.75651550293 121.999809265137
181.548004150391 179.114608764648 177.480712890625 175.682281494141 175.41178894043 175.609664916992 171.022567749023 168.054489135742 166.184707641602 165.709747314453 162.080352783203 158.560409545898 156.158294677734 -3.4e+38 153.485885620117 152.417633056641 151.692779541016 150.099090576172 148.764770507812 147.171325683594 146.337127685547 145.792205810547 143.720153808594 142.379318237305 140.792678833008 139.967559814453 139.560897827148 138.840026855469 137.938629150391 137.063690185547 135.754211425781 134.943161010742 134.081604003906 -3.4e+38 132.372406005859 131.358856201172 129.955352783203 129.597351074219 129.346115112305 128.686569213867 128.26383972168 127.370185852051 126.779655456543 126.110313415527 125.264213562012 123.416229248047 123.366905212402 123.344306945801 122.49454498291
180.609466552734 178.156127929688 177.060302734375 175.789398193359 173.549911499023 172.337997436523 169.788711547852 166.313934326172 164.805587768555 163.294921875 160.988265991211 158.191253662109 156.174758911133 154.564056396484 152.972640991211 151.968948364258 151.089874267578 150.105606079102 148.775634765625 147.187927246094 146.110961914062 145.025146484375 143.159591674805 142.421249389648 140.841461181641 139.939605712891 139.18537902832 138.094772338867 137.479202270508 137 135.435440063477 134.374130249023 -3.4e+38 -3.4e+38 132.227157592773 131.800918579102 130.697341918945 129.523681640625 128.910949707031 128.311904907227 127.828727722168 127.551963806152 127.153274536133 126.541465759277 125.281127929688 123.290046691895 122.611419677734 122.373809814453 122.307952880859
179.791473388672 177.290756225586 176.176025390625 175.204360961914 172.369415283203 170.332107543945 168.820556640625 165.522186279297 164.054382324219 161.354537963867 159.777938842773 157.199920654297 155.87190246582 154.550018310547 152.963088989258 151.750427246094 150.387329101562 149.299179077148 148.10417175293 146.786636352539 145.71452331543 144.38752746582 142.158538818359 141.95475769043 140.977081298828 140.049133300781 138.988388061523 137.422424316406 136.614791870117 136.400344848633 135.881896972656 134.552337646484 133.639999389648 -3.4e+38 -3.4e+38 131.781463623047 131.034393310547 129.681854248047 129.100723266602 128.04264831543 126.96768951416 127.182952880859 127.300338745117 126.552467346191 125.234039306641 -3.4e+38 -3.4e+38 -3.4e+38 121.59171295166
