rcp8.5models/GFDL_CM3/sc1gr0.30
NCOLS 261 
NROWS 433 
XLLCORNER 336357.134 
YLLCORNER 654653.479 
CELLSIZE 1000 
NODATA_value -3.4e+38 
[rows 352 to 373 of 433, columns 98 to 146 of 261]
86.7643356323242 86.8481826782227 86.8771591186523 86.7141189575195 86.8624114990234 86.8464965820312 87.0783309936523 87.1304244995117 87.0127868652344 86.9816589355469 87.0015182495117 86.9707107543945 87.0696258544922 87.1091613769531 87.6162719726562 88.1496505737305 88.5962448120117 88.7886962890625 89.0389709472656 89.2914199829102 89.7013931274414 -3.4e+38 90.0721740722656 90.7260971069336 90.7646865844727 90.7558364868164 91.0931854248047 91.2380905151367 91.2167663574219 90.9154739379883 90.5227737426758 90.396598815918 90.4740982055664 90.4679718017578 90.3935775756836 90.4690856933594 90.6629943847656 90.7175369262695 91.1950225830078 91.1998977661133 91.1072235107422 91.1356735229492 90.82666015625 -3.4e+38 -3.4e+38 91.4953308105469 91.0489883422852 91.0976028442383 90.2221603393555
86.3573532104492 86.4659042358398 86.4270401000977 86.2144622802734 86.4421615600586 86.5954360961914 87.017448425293 87.2507553100586 87.0189895629883 86.784294128418 86.7116470336914 86.6110229492188 86.5884323120117 86.6988372802734 86.9483642578125 87.2654571533203 87.7106475830078 88.0661087036133 88.5990142822266 88.9937210083008 88.8583602905273 88.5504989624023 88.8968505859375 89.873046875 90.2617034912109 90.557975769043 90.4931716918945 90.8056030273438 90.6902542114258 90.2684936523438 89.976188659668 89.8799667358398 90.0653228759766 90.1169509887695 90.2402038574219 90.2826919555664 90.50927734375 90.2812576293945 90.3537292480469 90.549919128418 90.65185546875 90.6219711303711 -3.4e+38 -3.4e+38 -3.4e+38 91.0054473876953 91.1244735717773 91.285758972168 90.226448059082
86.0327072143555 86.0473480224609 85.9675674438477 86.0163345336914 85.9856796264648 86.056022644043 86.4777221679688 86.8607788085938 87.0091323852539 86.859260559082 86.595458984375 86.4173583984375 86.315055847168 86.3223190307617 86.3698883056641 86.4967346191406 86.8786926269531 87.4079742431641 88.2966537475586 88.6213836669922 87.7991256713867 87.1309432983398 87.4883728027344 88.2014465332031 88.8747024536133 89.4085693359375 89.2910766601562 89.256721496582 89.1333618164062 88.798469543457 88.7829895019531 89.1046981811523 89.3703384399414 89.6316909790039 90.0739593505859 90.1114044189453 90.2509384155273 90.4409942626953 90.2508239746094 90.451057434082 90.5183181762695 90.3143310546875 -3.4e+38 90.318229675293 90.6490707397461 91.0193405151367 91.4120712280273 91.2114868164062 89.747932434082
85.65966796875 85.6451110839844 85.6294403076172 85.8576202392578 85.6265716552734 85.6189498901367 85.8780899047852 86.039192199707 86.355110168457 86.8176574707031 86.9757766723633 86.6917953491211 86.4368896484375 86.2513885498047 86.0170059204102 85.9303588867188 86.0774459838867 86.5250930786133 87.2468490600586 87.3107299804688 86.7611541748047 86.3448715209961 86.5644760131836 86.9016342163086 87.1623840332031 87.6745452880859 87.7041091918945 87.6434326171875 88.2501220703125 88.9179916381836 89.1333618164062 89.3803863525391 89.4254455566406 89.6294860839844 89.8429183959961 89.8415679931641 89.9636001586914 90.3080368041992 90.3966445922852 90.5172958374023 90.4776000976562 90.4305114746094 90.3304748535156 90.4709243774414 90.9278106689453 91.1695785522461 91.3422622680664 91.0358352661133 89.3600387573242
85.2525100708008 85.1596527099609 85.1327819824219 85.4662475585938 85.3714981079102 85.2419509887695 85.214729309082 85.3531188964844 85.5730972290039 86.1398696899414 86.9001998901367 87.2594299316406 87.0803680419922 86.5308456420898 85.8847122192383 85.6788177490234 85.6152420043945 85.8642883300781 86.1219024658203 86.0529327392578 86.0181350708008 86.0202713012695 86.1530303955078 86.2080230712891 86.0664901733398 86.3204803466797 87.1210327148438 87.9242706298828 88.7732620239258 89.6333160400391 90.0176849365234 90.2714920043945 90.2015380859375 89.9643630981445 89.7879486083984 89.7863082885742 89.8405380249023 89.8414459228516 89.807731628418 89.7999267578125 89.9349136352539 90.1205673217773 90.2788925170898 90.5748748779297 90.6989822387695 90.4823608398438 90.4663925170898 90.1683197021484 89.2471160888672
84.7975234985352 84.7223739624023 84.7054977416992 85.1159439086914 85.126838684082 84.9516754150391 84.9192657470703 84.8982620239258 85.0542602539062 85.4479217529297 85.9274368286133 86.4769287109375 86.7028045654297 86.5255355834961 85.7275390625 85.4606170654297 85.5686416625977 85.6534881591797 85.6321716308594 85.6322021484375 85.6127014160156 85.6268310546875 85.609748840332 85.5507354736328 85.4896545410156 85.586669921875 86.7665405273438 87.7061538696289 88.3134918212891 88.8056869506836 89.5932006835938 90.2868728637695 90.4587631225586 90.1515731811523 89.7479782104492 89.7033462524414 89.6593246459961 89.8789138793945 89.541877746582 89.3511428833008 89.41015625 89.4743118286133 89.6479873657227 89.812126159668 89.8266830444336 89.5108261108398 89.2582092285156 89.1894836425781 89.1760177612305
84.3527297973633 84.3922576904297 84.3423080444336 84.5183258056641 84.5664443969727 84.4871368408203 84.6148452758789 84.5438232421875 84.422233581543 84.6993560791016 84.8880157470703 85.1286697387695 85.5231170654297 85.7777786254883 85.4486846923828 85.2308959960938 85.3117370605469 85.3291473388672 85.4104766845703 85.5459365844727 85.5725402832031 85.3913116455078 85.1147079467773 85.1969985961914 85.330322265625 85.4571380615234 86.5376129150391 86.9184494018555 87.2570266723633 87.6752471923828 88.6205062866211 89.0370330810547 89.0264892578125 89.1836166381836 89.041259765625 89.1111450195312 89.4401092529297 89.5691604614258 89.0802230834961 88.9594268798828 88.9117431640625 88.9062805175781 88.8970947265625 88.9792709350586 89.02099609375 88.8966217041016 88.7632904052734 88.704475402832 88.8293304443359
84.0343475341797 84.0945510864258 84.0124435424805 83.8938140869141 83.9823226928711 83.9055480957031 84.1294860839844 84.3284072875977 84.1718521118164 84.1740036010742 84.1132278442383 84.3975677490234 84.8731231689453 85.0628509521484 85.0612487792969 85.0236663818359 84.9786376953125 84.8966293334961 85.1316909790039 85.4219436645508 85.4289169311523 85.1082000732422 84.7978286743164 85.0206069946289 85.2964172363281 85.5421295166016 86.4424667358398 86.7648773193359 87.0123672485352 87.4259414672852 88.0253219604492 87.7773971557617 87.4967193603516 87.9553527832031 87.9877700805664 87.9811401367188 88.6146469116211 88.9576721191406 88.4728775024414 88.3651809692383 87.77587890625 86.9590072631836 87.5396347045898 87.1241073608398 86.9830627441406 87.3443984985352 86.5719451904297 86.4499893188477 86.4652481079102
83.3579177856445 83.3297729492188 83.3830642700195 83.5000457763672 83.3845367431641 83.2003555297852 83.0675354003906 83.4869384765625 83.7683029174805 83.6681137084961 83.7558670043945 83.8667984008789 83.952392578125 83.8779449462891 84.0430374145508 84.0294723510742 84.1630020141602 84.1184997558594 84.0421447753906 84.0464630126953 84.0468902587891 84.0725250244141 84.5271835327148 85.0196762084961 84.8268966674805 84.6653289794922 84.9780044555664 85.3735885620117 85.8159332275391 85.9314041137695 85.5658416748047 85.9218444824219 86.7505187988281 86.6019744873047 86.5352096557617 86.6014633178711 86.8716659545898 86.002311706543 85.3082122802734 84.7267837524414 84.4824829101562 84.1821746826172 83.8926696777344 83.7114944458008 83.6989288330078 83.4620742797852 83.3542861938477 83.3428649902344 83.1975936889648
83.3272705078125 83.1629638671875 82.9336471557617 83.1016845703125 83.3411407470703 83.3161392211914 83.1502990722656 83.1823043823242 83.1066131591797 83.1980819702148 83.5495910644531 83.7911605834961 83.9596710205078 83.9096069335938 84.1070404052734 84.3233642578125 84.5647048950195 84.3641204833984 83.9754638671875 83.9328918457031 83.9963760375977 84.0228042602539 84.2030563354492 84.6215667724609 84.8906936645508 84.9503555297852 85.0146942138672 85.1543579101562 85.3968505859375 86.0030288696289 86.1167831420898 85.3473434448242 85.6484832763672 86.0461578369141 86.1001739501953 86.5201568603516 87.0512847900391 86.4213790893555 85.9851913452148 85.23876953125 84.7230377197266 84.073356628418 83.7301712036133 83.750373840332 83.7500076293945 83.3463439941406 83.0883865356445 83.0308074951172 82.723258972168
82.8547058105469 83.1849975585938 83.0292663574219 82.8360977172852 83.181037902832 83.4193878173828 83.3418884277344 83.2001876831055 83.1052398681641 83.1797409057617 83.5389022827148 83.9645385742188 84.1994400024414 84.1657409667969 84.403938293457 84.9913635253906 85.1440734863281 84.6678848266602 83.969108581543 83.8247146606445 83.9503479003906 84.0087356567383 84.0325622558594 84.3136444091797 84.6037139892578 84.6430435180664 85.3595657348633 85.3760528564453 84.9591903686523 84.9412002563477 85.2583465576172 84.7019882202148 84.4384155273438 85.0414810180664 85.3425674438477 85.8216552734375 86.0862579345703 86.4529800415039 86.3336563110352 85.757453918457 84.6524276733398 83.929801940918 83.575813293457 83.8757476806641 83.8982849121094 83.1653442382812 83.0363693237305 82.915885925293 82.5625991821289
82.2400588989258 82.7419357299805 83.1735153198242 82.7205047607422 82.761360168457 83.222900390625 83.5839996337891 83.5745010375977 83.3644790649414 83.1147384643555 83.2270126342773 83.6700439453125 83.8851928710938 83.8677673339844 84.0737380981445 84.6996078491211 84.9570083618164 84.4305725097656 83.8447647094727 83.5640258789062 83.5866775512695 83.7868347167969 83.8546829223633 84.2436294555664 84.3923034667969 84.2707061767578 85.11865234375 85.1801223754883 84.4509887695312 83.9340515136719 83.8475875854492 83.8621978759766 83.6763458251953 84.0524291992188 84.7914886474609 85.3538131713867 85.6310348510742 85.8937301635742 85.45458984375 84.9843673706055 84.259033203125 83.5920715332031 83.4253387451172 83.5854568481445 83.4611282348633 82.812629699707 82.7824401855469 82.6762924194336 82.2562942504883
81.9069442749023 82.1176071166992 82.5461349487305 82.679931640625 82.3309020996094 82.4415817260742 83.0575180053711 83.4819030761719 83.4665985107422 83.3423080444336 83.0567626953125 82.9569473266602 83.0859375 83.1478042602539 83.5761184692383 84.1056518554688 84.194694519043 83.9711532592773 83.7136306762695 83.5091934204102 83.2767791748047 83.3391799926758 83.5580444335938 84.0912628173828 84.4636154174805 84.5578002929688 84.7537307739258 84.8996963500977 84.5933151245117 84.0469589233398 83.4338531494141 83.2324752807617 82.9772567749023 83.2152404785156 83.741828918457 84.4818801879883 85.3300628662109 85.8205337524414 84.8127517700195 83.5650405883789 83.5872802734375 83.325798034668 83.114143371582 83.0182418823242 82.7159576416016 82.5212783813477 82.3444137573242 82.1783981323242 81.8353042602539
81.5644989013672 81.75146484375 81.9517974853516 82.3117370605469 82.1179351806641 81.8900375366211 82.0253601074219 82.5579147338867 83.1797714233398 83.715087890625 83.3829727172852 82.80908203125 82.8195877075195 82.8012008666992 82.9664764404297 83.2122268676758 83.4078063964844 83.6286010742188 83.6047897338867 83.4010925292969 83.0599365234375 83.0268402099609 83.3093032836914 83.6282348632812 84.0328369140625 84.3006210327148 84.6392822265625 84.8475494384766 84.9002304077148 84.1673736572266 83.2758483886719 83.1368942260742 82.771598815918 82.5508117675781 82.5344009399414 83.0258865356445 84.022705078125 84.9375915527344 83.9225692749023 82.5262451171875 82.8931427001953 83.0189971923828 82.5132217407227 82.4190444946289 82.1535263061523 82.0892639160156 81.8037109375 81.6335830688477 81.4721069335938
81.1930084228516 81.4065170288086 81.8490753173828 81.8906784057617 81.834098815918 81.7759323120117 81.5863723754883 81.7573013305664 82.2567291259766 82.9977951049805 83.1809234619141 82.9116439819336 83.0637588500977 83.0811004638672 82.3897247314453 82.4315567016602 82.8828506469727 83.2482299804688 83.4474487304688 83.25390625 82.8668594360352 82.8471984863281 83.04833984375 83.2099609375 83.4661636352539 83.5840759277344 84.0701675415039 84.1881103515625 84.1269912719727 83.58740234375 83.1912994384766 83.1512680053711 82.7109069824219 82.3679580688477 82.1747055053711 82.1286163330078 82.5300827026367 83.3468246459961 82.6696548461914 82.1103820800781 82.2442779541016 82.2575378417969 81.9560852050781 81.9157333374023 81.8052444458008 81.648193359375 81.4164886474609 81.3434295654297 81.0575103759766
80.8379745483398 81.014274597168 81.4537963867188 82.6068420410156 82.2999267578125 82.001708984375 81.8775100708008 81.7627410888672 81.8232650756836 82.0973510742188 82.331787109375 82.3804626464844 82.7880020141602 83.1266098022461 82.1965942382812 82.1512145996094 82.3550567626953 82.7373428344727 83.1713943481445 83.1840286254883 82.8183212280273 82.808479309082 82.8263549804688 82.7095108032227 82.8661727905273 82.9416580200195 83.3002777099609 83.2892456054688 83.0895690917969 83.0805511474609 82.9791259765625 82.9273529052734 82.6065139770508 82.4135665893555 82.1206436157227 81.7611846923828 81.8428573608398 82.1324844360352 81.8474731445312 81.6689758300781 81.6134948730469 81.5238876342773 81.4977722167969 81.5004806518555 81.2744064331055 81.0956039428711 80.9762344360352 80.8618774414062 80.8509140014648
80.7108001708984 81.2020950317383 81.2697906494141 82.4237976074219 82.6867370605469 82.6486663818359 82.8916778564453 82.9456329345703 82.8795471191406 82.816032409668 82.5706024169922 82.2118835449219 82.3250579833984 82.7234268188477 82.2790069580078 82.1192321777344 82.0992202758789 82.2845687866211 82.6187210083008 82.7814254760742 82.7916793823242 82.9948654174805 82.9802856445312 82.7001495361328 82.5728454589844 82.4517669677734 82.4394454956055 82.4790954589844 82.5060348510742 82.6588287353516 82.6468276977539 82.6611099243164 82.3000030517578 82.241569519043 82.0184020996094 81.5376434326172 81.4786758422852 81.3128967285156 81.275993347168 81.2461090087891 81.1900787353516 81.1333770751953 81.108268737793 81.0512008666992 80.8343658447266 80.6458587646484 80.5199890136719 80.3539352416992 80.6307983398438
80.3984603881836 81.4604034423828 81.8993225097656 81.487548828125 81.801025390625 82.4949264526367 83.4496383666992 83.9633865356445 84.100830078125 84.0080032348633 83.7514114379883 83.4757537841797 83.0878295898438 83.0193862915039 82.8636322021484 82.5855407714844 82.4723815917969 82.2505722045898 82.2173461914062 82.3422470092773 82.5229949951172 82.8171463012695 82.9015884399414 82.7865829467773 82.6112442016602 82.3965682983398 81.9067611694336 81.8564453125 82.0047760009766 82.2004089355469 82.2895126342773 82.278076171875 81.9563903808594 81.9992065429688 81.8293914794922 81.4271240234375 81.5673904418945 81.1327819824219 80.9697647094727 80.8981628417969 80.8590850830078 80.7849731445312 80.7610626220703 80.6442794799805 80.5498046875 80.4498748779297 -3.4e+38 80.1901550292969 80.3313674926758
79.9631271362305 81.161979675293 82.1574172973633 81.5547866821289 81.1373138427734 81.3842391967773 82.2275161743164 83.1519393920898 84.0343170166016 84.2509460449219 84.2980346679688 84.4287567138672 84.2358856201172 84.2029190063477 83.7417755126953 83.3336715698242 83.1841049194336 82.8499603271484 82.5370330810547 82.5134887695312 82.5566101074219 82.438606262207 82.4580459594727 82.6471099853516 82.5635757446289 82.2342987060547 81.771354675293 81.811653137207 81.8474044799805 81.8061065673828 81.7252197265625 81.7011184692383 81.5996551513672 81.7227172851562 81.7517776489258 81.4931793212891 81.6246643066406 81.0416793823242 80.7392959594727 80.6264953613281 80.5284042358398 80.4208679199219 80.4054183959961 80.2470092773438 80.175651550293 80.1841430664062 -3.4e+38 79.8827667236328 80.0702590942383
79.6515426635742 79.552490234375 79.9459609985352 81.8731231689453 82.1970367431641 81.2911911010742 80.965087890625 81.0358505249023 81.2163467407227 81.5533218383789 81.7071304321289 81.7798233032227 82.2544479370117 83.1665573120117 84.4314880371094 85.0819702148438 85.1337280273438 84.7140502929688 84.3200302124023 84.1007308959961 83.6064910888672 82.8416061401367 82.5129470825195 82.4802627563477 82.9283981323242 83.2822875976562 82.814079284668 82.3800506591797 82.3278198242188 82.6783905029297 82.4657669067383 81.8068084716797 81.2383346557617 80.6992034912109 80.7416839599609 80.7169494628906 80.6187133789062 80.7839508056641 80.9793472290039 80.4335250854492 80.0442733764648 79.7956771850586 79.6698532104492 79.7262725830078 79.7022399902344 79.426155090332 79.2489242553711 -3.4e+38 79.2717132568359
79.3830184936523 79.1768417358398 79.1228637695312 80.6723785400391 81.2462387084961 81.2135848999023 81.3482284545898 81.3762054443359 81.0185241699219 80.8323593139648 80.8787384033203 80.8756713867188 81.1473999023438 81.6624450683594 82.8514404296875 84.0100860595703 84.7857666015625 84.9195861816406 84.8689727783203 84.8296356201172 84.3713760375977 83.4004974365234 83.0250930786133 83.2066497802734 83.5516891479492 83.8641357421875 84.2465133666992 83.6074066162109 83.3980102539062 83.6538696289062 83.4175109863281 82.7101211547852 82.0224151611328 81.325325012207 80.9292068481445 80.274055480957 79.9593505859375 81.105583190918 81.7284317016602 80.9190902709961 79.8406982421875 79.4003982543945 79.2330169677734 79.3133697509766 79.3487243652344 79.1116561889648 -3.4e+38 -3.4e+38 -3.4e+38
79.0072631835938 79.160530090332 78.959587097168 79.4295959472656 80.1961441040039 80.840690612793 81.3644409179688 81.5955505371094 81.3823165893555 80.7849044799805 80.482307434082 80.5383911132812 80.6724853515625 81.0455093383789 82.2461700439453 82.9529876708984 83.6993560791016 84.1599426269531 84.6350479125977 84.7755126953125 84.6880798339844 84.561408996582 84.5485992431641 84.8290863037109 84.6935882568359 84.6091995239258 85.4260711669922 85.0750579833984 84.8742599487305 84.7115631103516 84.0610275268555 83.3919372558594 83.0809783935547 82.884765625 82.3068008422852 80.6486129760742 79.3511581420898 81.5415878295898 82.6429901123047 81.6377563476562 79.8538360595703 79.0474548339844 78.8547286987305 78.9347457885742 78.95361328125 78.7555618286133 78.7823257446289 -3.4e+38 -3.4e+38
