rcp8.5models/GFDL_CM3/sc1gr1.14
NCOLS 261 
NROWS 433 
XLLCORNER 336357.134 
YLLCORNER 654653.479 
CELLSIZE 1000 
NODATA_value -3.4e+38 
[rows 44 to 65 of 433, columns 49 to 97 of 261]
-3.4e+38 -3.4e+38 -3.4e+38 -3.4e+38 -3.4e+38 -3.4e+38 -3.4e+38 -3.4e+38 -3.4e+38 -3.4e+38 -3.4e+38 -3.4e+38 -3.4e+38 -3.4e+38 -3.4e+38 -3.4e+38 -3.4e+38 -3.4e+38 -3.4e+38 -3.4e+38 -3.4e+38 55.3280220031738 54.5008544921875 -3.4e+38 -3.4e+38 55.458927154541 55.4636688232422 55.4664726257324 56.0162239074707 55.8545951843262 56.2046890258789 56.3535194396973 56.4472885131836 -3.4e+38 -3.4e+38 56.1838035583496 56.3618202209473 56.4370231628418 56.6912498474121 56.9812469482422 57.2468070983887 57.6656608581543 57.422981262207 57.4814529418945 57.5214576721191 57.6683883666992 57.9523506164551 58.3768692016602 58.4724388122559
-3.4e+38 -3.4e+38 -3.4e+38 -3.4e+38 -3.4e+38 -3.4e+38 -3.4e+38 -3.4e+38 -3.4e+38 -3.4e+38 -3.4e+38 -3.4e+38 -3.4e+38 -3.4e+38 -3.4e+38 -3.4e+38 -3.4e+38 -3.4e+38 -3.4e+38 54.8588485717773 54.6590538024902 55.0080184936523 55.250415802002 55.3999099731445 54.8868026733398 55.6255683898926 55.117130279541 55.2890930175781 55.4306831359863 56.2658843994141 -3.4e+38 56.669849395752 -3.4e+38 56.2339286804199 56.3173980712891 56.411262512207 56.6412391662598 56.6935615539551 57.0254211425781 57.236930847168 57.4724960327148 57.2888031005859 57.5473937988281 57.6723556518555 57.875057220459 58.3233680725098 58.5306549072266 58.3796615600586 58.1923713684082
-3.4e+38 -3.4e+38 -3.4e+38 -3.4e+38 -3.4e+38 -3.4e+38 -3.4e+38 -3.4e+38 -3.4e+38 -3.4e+38 -3.4e+38 -3.4e+38 -3.4e+38 -3.4e+38 -3.4e+38 -3.4e+38 -3.4e+38 -3.4e+38 55.0959243774414 54.8209800720215 54.9225234985352 55.0996437072754 55.3636169433594 55.6076354980469 55.4879760742188 55.9577751159668 55.9358940124512 56.0856666564941 56.271915435791 56.4270439147949 56.5939292907715 56.4731597900391 56.4421463012695 56.1078491210938 56.694938659668 56.6230926513672 56.7836494445801 56.8322906494141 57.2439079284668 57.0140533447266 57.2286529541016 57.3731346130371 57.710506439209 57.9985237121582 58.2034606933594 58.463005065918 58.3138427734375 58.3457374572754 57.9784622192383
-3.4e+38 -3.4e+38 -3.4e+38 -3.4e+38 -3.4e+38 -3.4e+38 -3.4e+38 -3.4e+38 -3.4e+38 -3.4e+38 -3.4e+38 -3.4e+38 -3.4e+38 -3.4e+38 -3.4e+38 -3.4e+38 54.6549911499023 54.8592796325684 54.728874206543 54.910343170166 55.015380859375 55.2476196289062 55.5412483215332 55.7129821777344 55.7932510375977 55.712574005127 56.3613586425781 56.6048889160156 56.7100791931152 56.7706298828125 56.6075553894043 56.7519035339355 56.6227340698242 56.4169807434082 -3.4e+38 56.7798652648926 56.8989601135254 56.7405548095703 57.0595550537109 56.962287902832 57.154972076416 58.0757484436035 58.2917556762695 58.1692886352539 58.4225234985352 58.273998260498 58.3066673278809 58.3972015380859 57.9212341308594
-3.4e+38 -3.4e+38 -3.4e+38 -3.4e+38 -3.4e+38 -3.4e+38 -3.4e+38 -3.4e+38 -3.4e+38 -3.4e+38 -3.4e+38 -3.4e+38 54.6052780151367 54.4599189758301 54.4918212890625 54.6002807617188 54.7679977416992 54.5095367431641 54.7890319824219 55.0441970825195 55.1707496643066 55.3933219909668 55.6324729919434 55.882251739502 56.0573806762695 55.7290534973145 56.4916305541992 56.7180290222168 56.5700950622559 56.9157180786133 56.8704833984375 -3.4e+38 56.8100166320801 57.0209808349609 57.0979614257812 57.2733573913574 -3.4e+38 57.1819686889648 57.4033203125 57.5040588378906 57.7591590881348 58.4909706115723 58.6775970458984 58.7460289001465 58.4811248779297 58.5140342712402 58.4409103393555 58.4763412475586 58.4547309875488
-3.4e+38 -3.4e+38 -3.4e+38 -3.4e+38 -3.4e+38 -3.4e+38 -3.4e+38 -3.4e+38 -3.4e+38 -3.4e+38 -3.4e+38 53.9184875488281 54.6369094848633 54.8875579833984 54.5660514831543 54.3805885314941 -3.4e+38 54.5693397521973 55.0167617797852 55.2312660217285 55.3189811706543 55.6228141784668 55.8512687683105 56.0876083374023 56.4122848510742 56.2528381347656 56.2892532348633 56.3602104187012 56.5351066589355 56.545280456543 56.7488746643066 56.7669372558594 56.9386024475098 -3.4e+38 57.4705238342285 -3.4e+38 -3.4e+38 57.6196708679199 57.8112373352051 57.9376525878906 -3.4e+38 58.6059761047363 58.4329528808594 59.0990180969238 58.7237739562988 58.8585472106934 58.5470390319824 58.5836410522461 58.8382873535156
-3.4e+38 -3.4e+38 -3.4e+38 -3.4e+38 -3.4e+38 -3.4e+38 -3.4e+38 -3.4e+38 -3.4e+38 -3.4e+38 -3.4e+38 54.0168075561523 54.2901458740234 -3.4e+38 55.0934257507324 54.4553375244141 54.4652557373047 54.6711807250977 55.2214126586914 55.3297080993652 55.4879875183105 55.7392463684082 56.0130462646484 56.2880172729492 56.5532836914062 56.4146614074707 56.2587547302246 56.338508605957 56.3324165344238 56.5576934814453 56.8783836364746 56.7617340087891 -3.4e+38 57.4067459106445 57.6361122131348 -3.4e+38 57.6866149902344 57.7198905944824 57.9204597473145 58.0468559265137 58.3051452636719 58.7726707458496 58.3508529663086 58.8757438659668 58.8978691101074 59.0822143554688 58.869255065918 59.0122718811035 59.1864624023438
-3.4e+38 -3.4e+38 -3.4e+38 -3.4e+38 -3.4e+38 -3.4e+38 -3.4e+38 -3.4e+38 -3.4e+38 -3.4e+38 -3.4e+38 54.1991958618164 54.3179359436035 54.4682502746582 -3.4e+38 54.5613441467285 54.6114082336426 54.7776718139648 55.4335975646973 55.4926223754883 55.6868286132812 55.9545631408691 56.1970443725586 56.4897422790527 56.6053276062012 56.7499885559082 55.9860191345215 56.1328468322754 56.2901153564453 56.7120628356934 57.0151176452637 57.145694732666 57.4364471435547 57.5481376647949 57.8056297302246 58.1227264404297 57.6773262023926 57.8007202148438 57.9508476257324 58.1290588378906 58.4153251647949 58.6317710876465 58.6721878051758 58.9819679260254 58.8471641540527 58.9472312927246 -3.4e+38 59.2867889404297 59.5096817016602
-3.4e+38 -3.4e+38 -3.4e+38 -3.4e+38 -3.4e+38 -3.4e+38 -3.4e+38 -3.4e+38 -3.4e+38 -3.4e+38 -3.4e+38 54.4065437316895 54.472526550293 55.1599082946777 55.3099784851074 54.6065788269043 54.696647644043 54.8938255310059 55.5199699401855 55.6826782226562 55.8377990722656 56.2810592651367 56.4700012207031 56.336856842041 56.7259101867676 57.0393257141113 56.1016578674316 56.2228698730469 56.456901550293 56.8789176940918 57.1102142333984 57.3993225097656 57.5892181396484 57.7177886962891 58.0560035705566 57.9737358093262 57.9100036621094 58.0253601074219 57.7725257873535 58.0165977478027 58.6299362182617 58.8254051208496 58.8900718688965 -3.4e+38 -3.4e+38 59.4072380065918 59.7749099731445 59.4422912597656 59.3443870544434
-3.4e+38 -3.4e+38 -3.4e+38 -3.4e+38 -3.4e+38 -3.4e+38 -3.4e+38 -3.4e+38 -3.4e+38 -3.4e+38 -3.4e+38 -3.4e+38 54.6915550231934 55.0979118347168 55.3247222900391 54.8193206787109 54.8674240112305 55.0728988647461 55.7096748352051 55.8352203369141 55.9071273803711 56.2452239990234 56.4550018310547 56.2618942260742 56.9036445617676 57.189037322998 56.7016830444336 56.9540367126465 57.0646476745605 56.9600830078125 57.2769813537598 57.4635353088379 57.8872871398926 58.0293121337891 58.229663848877 58.0156555175781 58.0694351196289 58.135913848877 58.1840896606445 58.1376571655273 58.5751113891602 58.991813659668 59.161678314209 59.1288909912109 59.3758125305176 -3.4e+38 59.6324195861816 59.4710807800293 59.6651382446289
-3.4e+38 -3.4e+38 -3.4e+38 -3.4e+38 -3.4e+38 -3.4e+38 -3.4e+38 -3.4e+38 -3.4e+38 -3.4e+38 -3.4e+38 -3.4e+38 54.9772567749023 -3.4e+38 55.3455429077148 55.3175735473633 55.474781036377 55.6319770812988 55.853572845459 56.0613403320312 56.1800422668457 56.3495140075684 56.5595550537109 56.7760124206543 57.0866012573242 56.5240859985352 56.9774017333984 57.2633819580078 57.3238067626953 57.0996971130371 -3.4e+38 57.6632041931152 58.0266456604004 58.3278617858887 58.1357650756836 57.6623229980469 58.1094856262207 58.3277130126953 58.6137466430664 58.7431793212891 58.6407356262207 59.461799621582 59.4087905883789 -3.4e+38 59.5611610412598 59.5398941040039 59.9558982849121 60.0673637390137 60.0164413452148
-3.4e+38 -3.4e+38 -3.4e+38 -3.4e+38 -3.4e+38 -3.4e+38 -3.4e+38 -3.4e+38 -3.4e+38 -3.4e+38 -3.4e+38 -3.4e+38 54.6659507751465 55.2283935546875 55.3794288635254 55.5024147033691 55.8151931762695 56.0801582336426 56.1631736755371 56.3001861572266 56.429573059082 56.5586433410645 57.1911735534668 -3.4e+38 56.4701728820801 56.1337890625 56.5523719787598 57.2617683410645 56.9865913391113 57.3524627685547 57.5413665771484 57.935131072998 58.287784576416 58.553352355957 58.1513595581055 57.9695510864258 58.2570266723633 58.4917869567871 58.9968490600586 58.7425079345703 59.2149429321289 59.4816665649414 59.5978240966797 59.4083518981934 59.6626510620117 59.8281784057617 -3.4e+38 59.8484268188477 59.8130798339844
-3.4e+38 -3.4e+38 -3.4e+38 -3.4e+38 -3.4e+38 -3.4e+38 -3.4e+38 -3.4e+38 -3.4e+38 -3.4e+38 -3.4e+38 -3.4e+38 -3.4e+38 -3.4e+38 -3.4e+38 55.6360549926758 56.0075874328613 56.374568939209 -3.4e+38 56.6297912597656 56.6460266113281 56.7627601623535 56.6760597229004 57.1093254089355 56.2470397949219 56.4620513916016 56.8553619384766 57.1083564758301 57.2643661499023 57.7268486022949 57.4225234985352 -3.4e+38 57.9327430725098 58.2750701904297 58.7922477722168 58.5433158874512 58.6512489318848 58.7137184143066 59.3252372741699 59.068546295166 59.2080535888672 59.6056175231934 59.3616676330566 59.8701019287109 59.7954978942871 59.7873001098633 59.598690032959 59.8758239746094 59.8842506408691
-3.4e+38 -3.4e+38 -3.4e+38 -3.4e+38 -3.4e+38 -3.4e+38 -3.4e+38 -3.4e+38 -3.4e+38 -3.4e+38 -3.4e+38 -3.4e+38 -3.4e+38 -3.4e+38 -3.4e+38 -3.4e+38 -3.4e+38 56.5784606933594 56.4390144348145 -3.4e+38 56.7307929992676 57.1303100585938 56.5915489196777 56.6989707946777 56.4767189025879 56.8525009155273 57.1770782470703 57.3079261779785 57.4318428039551 57.5208282470703 57.6191635131836 58.1532287597656 58.1479721069336 58.4717712402344 58.7287178039551 58.891471862793 59.0135154724121 58.8034210205078 59.1571426391602 59.645191192627 59.2679176330566 59.8524780273438 60.0780372619629 59.9358825683594 59.831428527832 59.6208076477051 59.753734588623 60.0768089294434 60.0986709594727
-3.4e+38 -3.4e+38 -3.4e+38 -3.4e+38 -3.4e+38 -3.4e+38 -3.4e+38 -3.4e+38 -3.4e+38 -3.4e+38 -3.4e+38 -3.4e+38 -3.4e+38 -3.4e+38 -3.4e+38 -3.4e+38 -3.4e+38 -3.4e+38 56.4938774108887 56.6897506713867 57.0655403137207 57.3289604187012 56.8536262512207 56.5445861816406 56.6887435913086 57.0706024169922 57.3158721923828 57.5327644348145 57.662670135498 57.8708839416504 58.2014961242676 58.5972938537598 58.3484764099121 58.6668090820312 58.7711791992188 59.1584739685059 59.0647735595703 59.2696647644043 59.5820465087891 59.6676025390625 59.483341217041 59.7640762329102 60.0731582641602 59.9915924072266 60.1793212890625 59.7713623046875 60.256420135498 60.1747360229492 60.4006767272949
-3.4e+38 -3.4e+38 -3.4e+38 -3.4e+38 -3.4e+38 -3.4e+38 -3.4e+38 -3.4e+38 -3.4e+38 -3.4e+38 -3.4e+38 -3.4e+38 -3.4e+38 -3.4e+38 -3.4e+38 -3.4e+38 -3.4e+38 -3.4e+38 56.7216491699219 56.9549026489258 57.2874984741211 57.3811454772949 57.2952537536621 57.0590324401855 57.609016418457 -3.4e+38 57.4667778015137 57.6976699829102 57.7742691040039 58.2459983825684 -3.4e+38 58.4062423706055 58.5009765625 58.8610343933105 59.209300994873 58.9743995666504 59.0317459106445 59.3672294616699 59.5721092224121 59.7719764709473 -3.4e+38 -3.4e+38 -3.4e+38 60.2242431640625 59.7701644897461 60.2730522155762 60.347526550293 60.0570869445801 60.7353401184082
-3.4e+38 -3.4e+38 -3.4e+38 -3.4e+38 -3.4e+38 -3.4e+38 -3.4e+38 -3.4e+38 -3.4e+38 -3.4e+38 -3.4e+38 -3.4e+38 -3.4e+38 -3.4e+38 -3.4e+38 -3.4e+38 -3.4e+38 -3.4e+38 -3.4e+38 57.123607635498 57.358081817627 57.4735260009766 57.6311874389648 57.8373222351074 57.5055656433105 57.4196510314941 57.6619720458984 58.1995162963867 58.0522689819336 58.1573715209961 58.8737297058105 58.9592590332031 59.3172073364258 59.0231895446777 59.4508857727051 59.0921516418457 59.2237854003906 59.5044631958008 59.789234161377 60.0170783996582 -3.4e+38 -3.4e+38 60.1922950744629 60.1641883850098 60.2748985290527 60.6722717285156 60.4132843017578 60.5874900817871 60.621711730957
-3.4e+38 -3.4e+38 -3.4e+38 -3.4e+38 -3.4e+38 -3.4e+38 -3.4e+38 -3.4e+38 -3.4e+38 -3.4e+38 -3.4e+38 -3.4e+38 -3.4e+38 -3.4e+38 -3.4e+38 -3.4e+38 -3.4e+38 -3.4e+38 56.964714050293 57.2388496398926 57.4565734863281 57.5914115905762 58.0164031982422 57.7471694946289 -3.4e+38 57.9187126159668 58.2084884643555 58.1267776489258 58.2806091308594 58.5993232727051 58.5845146179199 59.0784568786621 59.7391166687012 59.3628921508789 59.5693855285645 59.7237930297852 59.5595169067383 59.6703147888184 60.0327224731445 59.9790725708008 -3.4e+38 -3.4e+38 60.1286125183105 60.5152359008789 60.7435836791992 60.6319847106934 60.7499732971191 60.6494064331055 60.8225059509277
-3.4e+38 -3.4e+38 -3.4e+38 -3.4e+38 -3.4e+38 -3.4e+38 -3.4e+38 -3.4e+38 -3.4e+38 -3.4e+38 -3.4e+38 -3.4e+38 -3.4e+38 -3.4e+38 -3.4e+38 -3.4e+38 -3.4e+38 -3.4e+38 57.1158561706543 57.4178810119629 57.6371994018555 57.7713661193848 58.1777267456055 -3.4e+38 57.6038475036621 58.2400512695312 58.1226387023926 58.2795372009277 58.4774551391602 59.0216522216797 59.1462059020996 59.3611946105957 59.5209884643555 59.5658264160156 59.4033279418945 59.3722267150879 59.2978439331055 59.5483436584473 60.1396331787109 60.1752128601074 -3.4e+38 60.0890960693359 60.2259635925293 60.7636337280273 60.7275161743164 60.7788124084473 61.0694885253906 60.9018020629883 60.9149589538574
-3.4e+38 -3.4e+38 -3.4e+38 -3.4e+38 -3.4e+38 -3.4e+38 -3.4e+38 -3.4e+38 -3.4e+38 -3.4e+38 -3.4e+38 -3.4e+38 -3.4e+38 -3.4e+38 -3.4e+38 -3.4e+38 -3.4e+38 -3.4e+38 57.3193969726562 57.4583930969238 57.7170295715332 57.9663772583008 58.3922843933105 -3.4e+38 -3.4e+38 58.0204162597656 57.7808532714844 58.5198097229004 58.6800498962402 58.8640556335449 59.550220489502 59.3884963989258 59.3634605407715 59.1179389953613 59.758113861084 59.4982261657715 59.5806617736816 60.2280197143555 60.1988868713379 60.1932792663574 59.8299179077148 60.3788528442383 60.3285827636719 60.5596122741699 60.7197189331055 61.0681571960449 61.1810913085938 61.2242813110352 60.9383964538574
-3.4e+38 -3.4e+38 -3.4e+38 -3.4e+38 -3.4e+38 -3.4e+38 -3.4e+38 -3.4e+38 -3.4e+38 -3.4e+38 -3.4e+38 -3.4e+38 -3.4e+38 -3.4e+38 -3.4e+38 -3.4e+38 -3.4e+38 -3.4e+38 -3.4e+38 58.0378303527832 57.9103889465332 58.2227897644043 58.569507598877 57.8368072509766 57.919792175293 58.1232032775879 57.8862152099609 58.2780342102051 58.5258102416992 59.2770767211914 59.3948211669922 59.4405632019043 59.5322227478027 59.0236930847168 59.9969291687012 59.4351654052734 59.9298858642578 -3.4e+38 60.6812400817871 60.2676200866699 60.1575775146484 60.4042739868164 60.5487670898438 60.4617462158203 60.5498008728027 61.2277336120605 61.3514633178711 61.0742492675781 60.9878005981445
-3.4e+38 -3.4e+38 -3.4e+38 -3.4e+38 -3.4e+38 -3.4e+38 -3.4e+38 -3.4e+38 -3.4e+38 -3.4e+38 -3.4e+38 -3.4e+38 -3.4e+38 -3.4e+38 -3.4e+38 -3.4e+38 -3.4e+38 -3.4e+38 57.6694679260254 58.469051361084 58.1901321411133 58.4553604125977 58.3651962280273 58.1725921630859 57.9993705749512 58.4161262512207 58.494312286377 58.6897354125977 58.9725494384766 59.2459564208984 59.6572532653809 59.6380958557129 59.5255661010742 59.8764305114746 59.814151763916 59.4310646057129 -3.4e+38 -3.4e+38 60.6410980224609 60.2915954589844 60.7024765014648 60.3984069824219 60.7363815307617 60.3360786437988 60.6152687072754 61.2710647583008 61.1789016723633 61.0688056945801 61.149055480957
