rcp8.5models/GFDL_CM3/sc1gr2.1
NCOLS 261 
NROWS 433 
XLLCORNER 336357.134 
YLLCORNER 654653.479 
CELLSIZE 1000 
NODATA_value -9999 
[rows 242 to 263 of 433, columns 50 to 99 of 261]
340.480906550694 340.335291382593 340.201465211185 340.499786168072 340.796573200474 340.977291274779 340.55416490163 340.207008046855 340.701481395883 340.327226819552 340.192185935967 340.345093248675 340.199745995318 339.96745989688 339.802888987191 339.524364976725 339.480241699365 339.265194934229 338.977709688621 338.714453199274 338.255313961624 338.209731311169 338.164037028808 338.118261609843 338.072435549972 338.157072663457 338.233326392365 338.066585122856 337.711104314762 337.540772742385 337.412561326538 336.708236648393 337.003813745329 337.619195634518 337.710909234714 337.796341297165 337.14884478778 336.58285545919 337.010874567729 337.223790191913 336.280676854792 336.042120642564 335.814359353018 336.164517773603 335.789556973728 334.557123477026 332.582861770564 331.254261876367 333.07582620276 334.959150769606
340.136957952401 340.218394998185 340.398042311652 340.364635129402 340.33041585242 340.295397113469 340.223012423134 340.185704125386 340.147699498395 340.109038820641 340.174385982347 340.221773736057 339.865647488444 339.816138895682 339.965923021955 339.504370604153 339.46011853354 338.783648799058 338.544629975811 338.690882426383 338.234630081512 338.059033614225 337.896786010063 338.097253710173 337.837169457484 337.601250470039 337.826771022662 337.448888388251 337.287919873901 337.310472961483 336.989329129483 336.686339058777 336.641552172144 336.940510082425 337.552931242534 337.509180406915 337.465856859931 337.080443908339 336.519882763135 336.747056001075 336.528036284342 336.217622279154 336.037302876479 335.724900025758 335.686270591555 335.450567833747 334.603088835521 333.143243042738 330.331161488845 328.79522062642
340.127140318581 340.093086141977 340.058224653469 340.022538402111 339.98603669552 339.948754166145 339.871825913648 339.83226735645 339.792008660931 339.751107256331 339.833014557963 339.896381885896 339.624905739996 339.707160131849 339.771549282263 339.494323841738 339.450010981806 339.232018684893 339.074869942085 338.920887851253 338.224299150181 338.178578228873 338.132736020736 338.086821613339 337.908412996045 337.745035970963 337.735347486609 337.1554893072 336.946687247485 337.022282916119 336.720714091082 336.675616993689 336.630788588686 336.723882204512 337.14928822803 337.498298143739 337.249549115003 335.85908438983 334.609172681617 335.939606061529 336.246100504747 336.206302698229 336.167272607197 336.129095304352 336.091833950569 335.713424512408 335.020345548368 333.565973748935 328.488166949849 326.816921242543
340.117214876021 340.083244739798 340.287249237128 340.679518803381 340.404060140658 339.939089636677 339.86214228816 339.589935416333 339.360725260567 339.741315883709 339.699753866535 339.657619333747 339.84271478739 339.987429999742 339.528205956986 339.48421433959 339.439860205778 339.127969157873 338.896161133135 338.91338133785 338.442357246155 338.57379099295 338.122349263343 338.076412611459 338.030432043421 337.76903577278 337.189161511417 336.892573696992 336.801057944907 336.755516389596 336.710180285344 336.665068001842 336.620214243899 336.784072599507 337.269594526614 337.487637658217 337.098202673426 334.812639979583 333.212343086066 336.049370070675 336.235165737093 336.195296571123 336.156202657853 336.117947096679 335.880430599873 335.319432378832 335.008915091763 334.250728911462 326.087905786654 320.268424489088
340.538084162624 340.073305019233 340.157656427049 340.097624898111 339.518169564497 339.504652744231 339.852366726016 339.455570356822 339.129244186868 339.499503536629 339.041399702727 339.231311363713 339.731417228593 339.792550914296 339.518085213773 339.474049225082 339.429652298196 339.394816326077 338.647947454764 338.922528700495 338.392198453275 338.637170155538 338.51507585751 338.066048095049 338.020054061532 337.62295317114 337.143684228827 337.494942793711 337.399845282458 337.140172542866 336.699791186684 336.654679913301 336.609823001962 336.704461062937 337.130688386 337.477211067763 337.086132413014 335.272965115201 334.244359520284 336.306492938271 336.224556399053 336.184631079593 336.145477590932 335.905607661619 335.343495508291 335.033280120769 334.997885741241 334.764647506066 327.784582705337 321.449282980508
340.305611563376 340.063237098774 340.028601859211 339.631871286041 338.956701580616 339.04155201954 339.606212808983 339.024123078789 338.887275288682 338.945788672155 338.679782225463 338.764312071196 338.951036694115 338.909909445781 339.096595903468 339.236497644306 338.783926954792 339.029201329667 339.045450134212 338.940191724454 338.522362889127 338.693126614024 338.56610950423 338.456339393783 338.009720228646 337.610777576579 337.270417204029 337.871880466771 337.780397856095 337.596803187925 337.294882703428 337.036324304784 336.642611808063 336.661954790215 336.713856403506 337.100726782138 337.074322401513 335.889852587028 335.421218467961 336.296269965848 336.214296528496 336.174337649901 336.135136208629 335.952065623889 335.640822576642 335.602873903408 335.365676730742 334.806750567705 332.244828500327 329.84196022102
339.414281026333 339.62709982636 340.01848904665 339.619507468282 338.946701106784 338.909470300562 339.051732344147 338.792804541867 338.752391498255 338.711321442463 338.66962605323 338.62736208726 338.584563938571 338.541290255307 338.627136074618 338.686245049017 338.636588041406 339.082256818773 339.274020789694 339.120718651396 338.987472757212 339.00298337235 338.641672096604 338.318462435338 337.999456787632 337.817118946154 337.875873656847 338.256968421316 337.770257496787 337.51050629596 337.074489971738 336.891288646853 336.676981390796 336.724174326964 336.569856303502 336.872840867464 337.06277698006 336.228171585356 334.197467681295 332.627021017641 336.204390939228 336.164420767089 336.125197389801 336.086787099759 336.049271754206 336.012707539685 335.629613083505 334.742391708446 333.98697545222 333.502509116355
339.076231367319 339.163825992036 339.340923066553 339.185297872006 338.936555125927 338.899352870282 338.822347983412 338.782629436684 338.742181672674 338.936815574962 339.0718566601 338.617033601408 338.574208164127 338.530913639859 338.487198978497 338.443086247646 338.530269850505 338.904974926395 339.037798055409 338.591462666026 338.547804194287 338.553459960035 338.456139596934 338.130809156525 338.024172869339 338.167136617319 338.430009351347 338.101666428743 337.760235883982 337.359895891114 336.348199795336 335.704858492554 336.007680321973 336.665740784173 336.658763140914 336.911393435371 337.261135266079 336.745294458159 335.024862241134 332.702247398216 336.194878987466 336.154910031061 336.115683468857 336.077255611426 335.836629768564 335.423653941368 335.242244295499 334.182300418639 332.601287866873 332.841696092261
338.817469195189 338.609915307396 338.99781849142 339.207198469761 339.345018378692 338.889072971105 338.812051485818 339.011446469888 339.194246554744 338.939552488606 338.955521859421 338.650016305576 338.575563701859 338.731176443647 338.84465270818 338.20173212591 337.983688068301 337.485073885728 338.379943453526 338.012505488452 338.38721351209 338.613442525 338.319204097815 338.388736993662 338.41660266529 338.33091530974 338.529189614763 337.841556471078 337.142598253164 336.958461019574 336.357418261187 335.84444034951 336.256468382499 335.452755938331 334.327296587766 336.780776294039 337.086680399832 337.007274379156 336.326288537083 335.542959151667 333.527233464226 336.145814755454 335.901384419141 335.4861842477 335.302843696774 335.197144790827 335.536162036948 335.055367404552 333.185111993122 331.582916090246
338.932459263292 338.813251523548 338.987216473395 339.322470576659 339.545789763153 339.122410896612 339.215172184225 339.130045854296 339.619459738754 339.393990217961 339.329656389923 339.05645322444 338.843755983721 339.034929802909 338.674029398836 338.289150896158 338.144854797507 337.657150249563 337.951852514786 337.920863364961 338.165865500924 338.174611616207 338.238158808198 338.390679368387 338.362867476563 338.374804749717 338.523557570753 337.842634634493 336.915994125513 337.166414562355 336.873096458326 336.621714671433 336.737525837942 335.452297649206 334.80934388673 336.719156571929 336.896424801612 337.018060703028 336.154099398917 335.892744484948 333.511762387049 335.38131185251 335.9507696706 335.43607190557 335.022117323298 335.1338260764 335.575616261652 335.712951122958 334.560724098295 332.942088425441
338.372970280105 338.591943080079 339.225015787932 339.482968223353 339.363905951414 339.653911457089 339.131927026074 339.198687465475 339.486256902281 339.669354796694 339.627537422119 339.469699278579 339.343224735609 339.151365183024 338.49468043071 338.419626472642 338.36682940943 338.232072481987 338.026409404565 337.878177788195 337.811272740668 337.785730886857 337.959401255012 337.954697004784 338.39620484694 338.709891112908 338.53365777762 337.878790718702 337.426514394946 337.510880977239 337.296624517686 336.960479293991 336.752276504313 336.624577980301 336.432272787818 336.40135613204 336.992001108777 337.134330879972 336.275372992297 336.042651066574 335.562032059932 335.544479196504 336.089894414071 335.903253403349 335.388777360305 334.977552212009 335.173034139866 335.331402436306 334.671692450256 334.320437704647
338.041543501227 338.375427431496 339.090960549441 339.140753118695 339.021224308563 339.19832482347 339.117061808252 338.910121329246 339.171251370897 339.658388277963 339.376882384267 339.003149847224 339.069682345585 338.865198246893 338.563531094338 338.459989488596 338.373822431077 338.266521353839 338.178310003838 337.819258326435 337.581134328664 337.875671374676 337.893016513233 337.953258596316 338.015550126529 338.480764971791 338.265197738474 337.943144840478 337.719814873346 337.594393518066 337.50002706998 337.316022623315 337.122340588043 337.225492660439 336.825495194508 336.589333258509 337.086193520499 337.459388616976 336.863450749693 336.364011148898 335.927499593897 334.878311754055 334.536842539706 335.962301214758 335.651286913531 334.970176336325 334.994817792648 335.088801600078 334.859371944975 334.356095805227
338.329268912266 338.781283518487 338.954111415802 338.919180041411 338.883136694969 338.846002118106 339.147187333949 338.606542775771 338.819600528095 339.241832147216 339.472888619798 339.24653080209 339.261733772288 339.01972630491 338.642668720819 338.768032706816 338.822597330816 338.471447542076 338.57789154389 338.027295694111 337.816832922932 337.820293925764 337.851292111133 337.905387608298 337.742008011383 338.177865754899 338.00060596863 337.970899975501 337.51021599779 337.27413372816 337.554831166881 337.453528372338 337.332725817208 337.465268681879 337.202485653893 336.535002773872 337.153224856167 337.457649261601 336.811576551847 336.216226544426 336.046477343799 335.030656646143 333.11131567431 333.365362809615 335.642988953913 334.882936358476 334.782921300638 334.951964446369 334.838282790477 334.444233822645
338.625202467588 339.074931514913 338.719197102566 338.205028734807 338.17776781794 338.255942775732 338.340520954049 338.326460936788 338.043879094155 338.552279669567 338.512248661382 338.895588346397 339.010220137255 338.598277617333 338.383891070811 338.293551418211 338.715253013003 338.488320241917 338.475878280809 338.147818796358 338.261257363477 338.271451519931 337.762651936946 337.642941196306 337.593143699264 337.522432606773 337.64922684978 337.93369320019 337.913115990808 337.790107392441 337.666868873469 337.560197702421 337.477506913854 337.345920054324 337.172747805441 336.684997013993 336.289748846097 337.166180681763 337.317149188311 336.408094557953 335.464349371397 335.670330307137 335.516282240557 335.46300450274 335.879323363639 335.46142214976 334.785023628939 334.64704466264 334.763245308853 334.543415581201
338.716396479701 338.57266400316 338.344238028233 338.041940105709 338.263645978856 338.466497110781 337.883553344618 337.909765843328 337.540064462306 337.476801761697 337.913732693901 338.342835030428 338.484774764975 338.442376711705 338.427216628423 338.30123328535 338.023950913138 338.034638372114 338.075919280654 337.803406720672 338.223169130864 338.22848908963 337.916823579659 338.014603291231 337.982356877448 337.702567728053 337.881749762288 337.477073195426 337.603031247328 337.861266868568 337.737560044012 337.613664934523 337.498187777626 337.599211127895 337.618651858208 336.968887023585 336.73483791124 337.019752275996 337.00833963429 336.62403095301 336.175808646583 335.911612702102 335.133760493411 334.604829193025 334.060789984409 335.459502020738 334.526682909952 334.245121455652 334.625973493234 334.359885893522
338.889276629894 338.462653787224 338.098752462704 338.152552995615 338.156510056572 338.174698771833 338.151657727479 337.717459261799 337.761376888239 337.752525368368 337.818159072481 338.100336311281 337.76069795967 337.946009451831 338.201666741715 338.314776713749 338.364950108204 337.644593039993 337.620865234333 337.646399403719 338.155386193622 338.053059695046 337.982593221594 338.012681085867 338.142041147223 338.305798692822 338.281327827874 337.685748781484 337.427970913959 337.932954721564 337.80881008923 337.462831820509 336.967721399743 337.217581570246 337.567203263981 336.968741102848 336.688058146747 336.93849711111 336.814783179932 336.691432453286 336.81064689936 336.422988732923 335.110297905942 335.055447093204 334.834735722196 335.876247481553 334.245425495115 333.326224425681 333.869967743483 334.103347310174
338.686110545827 338.617561874175 338.463391828488 338.263979641134 338.173319664332 338.005279644123 338.321572640439 338.184610140967 338.074733811578 338.470588953062 338.283173477663 338.016445985945 337.404605335726 337.505854121861 337.838400379582 338.301490525844 338.343600061407 338.20811497553 338.089279634499 337.876465873461 337.841444559059 337.874755315361 337.616245499966 337.888594028322 337.890523437517 338.240839252297 338.50035190744 338.003160362473 337.276878898608 337.626757706805 337.657116058332 337.007756765214 336.852682134188 337.031161189945 337.00666914534 336.887463501158 336.500610097707 337.007607775703 336.883509063216 336.759774959796 336.666161074491 336.291253955535 335.635069219892 336.149392427655 336.393560030105 336.202566894343 334.340255896794 333.395568738609 333.664290675132 333.911426485592
338.31414909596 338.424626953367 338.403548364409 338.524742437522 338.255739385042 338.122668619114 338.102758433162 338.0815035455 338.151990294769 338.412783547402 338.163002165003 338.061870480238 337.367872333438 337.314195097525 337.611818967253 338.220071070414 338.111661421021 338.032186440698 337.916910313167 337.657133693418 337.44822302422 337.420971897101 337.442180589807 337.942237500393 338.051650938924 338.225037433624 338.194310458304 338.075130074244 336.068880535633 337.226523722054 337.203053022931 336.827881739545 337.075117111223 337.20565195938 336.603029826891 336.583641883624 336.572490833126 337.077551305005 337.170066873685 337.199179215118 336.582336292179 336.306329962108 336.284720591518 335.525094983367 334.630465502971 336.248028692137 334.495389415734 333.599914675402 333.425151967574 333.656217154571
338.139191243797 338.52189579391 338.451073824307 338.520009618343 338.337474727314 338.243508956221 338.048457945607 337.947776379 337.982832091978 337.958033898838 337.773675910813 337.747432118567 337.42443770414 337.317580080274 337.377055189387 337.617565723549 337.577562795639 337.736152579258 337.618581854387 337.500065978535 337.380649695482 337.260412855696 337.51986759218 337.78421335223 337.661811189341 338.245481174223 338.175556177617 337.769406011117 336.534856982696 337.151001489511 337.251086740295 337.274846105361 337.149025133039 337.498318753581 337.11771748006 336.770203708058 336.425566783674 336.777999013794 337.176536668166 337.160100316454 336.651981339407 336.529231625982 336.561750659151 335.990745491623 335.135243599917 335.794876792908 335.136328373499 333.849860873111 332.922075320869 333.218338236859
337.975889711177 338.129443123858 338.080327648581 338.029306411976 338.142085047714 338.324546907112 338.12916851036 338.028292163098 337.925491128834 337.820911322669 337.965339499137 337.997254367463 337.252755814756 337.003532795387 337.297750851352 337.266766252449 336.955719549444 337.429107304424 337.695799547696 337.576970427545 337.457257218071 337.100042736614 337.217160207873 337.711663196938 337.351849609317 337.763311435036 337.588782318044 337.599513592989 337.349907880189 337.224642850002 337.249898328774 337.223991876479 336.99931463854 337.126950240006 337.225117377923 337.096622492653 336.565514973411 336.961868503993 337.094917833592 336.97033990027 337.089307914131 336.599668085991 336.691498830741 337.08967431708 336.286519990446 334.908238383166 335.267058470309 333.742539624778 331.877631647359 332.310009555448
337.2343240216 337.202039969817 337.394797657783 337.683581628193 337.698702016095 337.750461120287 338.209469306051 337.852723149751 337.613971034902 337.90068440199 337.934880767973 338.15594943977 337.822718251244 337.243278051144 337.353035083409 337.260017201888 337.013004685959 337.278624854767 337.773079983246 337.653962877284 337.295152888002 336.886064524924 337.202610296622 337.64277384991 337.80701286721 337.773859874292 337.556751250037 337.674352940572 337.195125980371 336.697294547982 336.800354676416 337.047137556766 337.146243429417 337.165792741802 337.045407031245 337.167746638101 336.571453275116 336.924163681911 337.167070724634 337.042305735647 336.907642779478 336.820471089961 336.125554523652 336.271577825716 335.683922873338 335.130844472028 335.219081694359 333.329916824994 331.377763148006 331.238943495642
336.938864694792 336.87058741346 336.93179994095 337.328111041573 337.623902487695 337.485378881928 337.897852972809 337.791526481028 337.225548306642 337.591202772605 337.873540443299 337.907439552844 337.875619657769 337.544189825615 337.431545774998 337.317621601116 337.202483798563 337.496468707982 337.227379477054 337.350963675694 337.223432612796 336.876500156327 337.367943471753 337.394368313225 337.745919904698 337.998510716821 337.874246533212 337.749538790501 337.347414162289 336.745351837622 336.399701397614 336.750513005508 337.148235658957 337.121026789495 337.120610212264 337.239540096626 336.490899318605 336.741276762297 337.019904363675 336.749435877785 335.597390798616 335.473135826335 334.894394895682 335.7141352921 335.527257025571 335.054872183845 335.251476265134 332.589256244839 329.321089473248 330.316591916357
