rcp8.5models/GFDL_CM3/sc1gr8.13
NCOLS 261 
NROWS 433 
XLLCORNER 336357.134 
YLLCORNER 654653.479 
CELLSIZE 1000 
NODATA_value -3.4e+38 
[rows 0 to 21 of 433, columns 49 to 97 of 261]
-3.4e+38 -3.4e+38 -3.4e+38 -3.4e+38 -3.4e+38 -3.4e+38 -3.4e+38 -3.4e+38 -3.4e+38 -3.4e+38 -3.4e+38 -3.4e+38 -3.4e+38 -3.4e+38 -3.4e+38 -3.4e+38 -3.4e+38 -3.4e+38 -3.4e+38 -3.4e+38 -3.4e+38 -3.4e+38 -3.4e+38 -3.4e+38 -3.4e+38 -3.4e+38 -3.4e+38 -3.4e+38 -3.4e+38 -3.4e+38 -3.4e+38 -3.4e+38 -3.4e+38 -3.4e+38 -3.4e+38 -3.4e+38 -3.4e+38 -3.4e+38 -3.4e+38 -3.4e+38 -3.4e+38 -3.4e+38 -3.4e+38 -3.4e+38 -3.4e+38 -3.4e+38 -3.4e+38 -3.4e+38 -3.4e+38
-3.4e+38 -3.4e+38 -3.4e+38 -3.4e+38 -3.4e+38 -3.4e+38 -3.4e+38 -3.4e+38 -3.4e+38 -3.4e+38 -3.4e+38 -3.4e+38 -3.4e+38 -3.4e+38 -3.4e+38 -3.4e+38 -3.4e+38 -3.4e+38 -3.4e+38 -3.4e+38 -3.4e+38 52.2880516052246 52.3582916259766 52.453742980957 52.8155784606934 52.9970664978027 53.1048202514648 53.4829406738281 53.6709823608398 54.2056121826172 54.4055519104004 54.5400505065918 -3.4e+38 -3.4e+38 -3.4e+38 -3.4e+38 -3.4e+38 -3.4e+38 -3.4e+38 -3.4e+38 -3.4e+38 -3.4e+38 -3.4e+38 -3.4e+38 -3.4e+38 -3.4e+38 -3.4e+38 -3.4e+38 -3.4e+38
-3.4e+38 -3.4e+38 -3.4e+38 -3.4e+38 -3.4e+38 -3.4e+38 -3.4e+38 -3.4e+38 -3.4e+38 -3.4e+38 -3.4e+38 -3.4e+38 -3.4e+38 -3.4e+38 -3.4e+38 -3.4e+38 -3.4e+38 -3.4e+38 -3.4e+38 -3.4e+38 51.873119354248 52.020320892334 52.3212127685547 52.4751625061035 52.6442604064941 52.963565826416 53.1259117126465 53.5110473632812 53.6996803283691 54.2286605834961 54.4260444641113 54.5601959228516 55.0000038146973 -3.4e+38 -3.4e+38 -3.4e+38 -3.4e+38 -3.4e+38 -3.4e+38 -3.4e+38 -3.4e+38 -3.4e+38 -3.4e+38 -3.4e+38 -3.4e+38 -3.4e+38 -3.4e+38 -3.4e+38 -3.4e+38
-3.4e+38 -3.4e+38 -3.4e+38 50.538890838623 50.5536994934082 50.5781631469727 50.605297088623 50.2592811584473 50.3170471191406 50.4541015625 50.5006980895996 -3.4e+38 -3.4e+38 50.9751434326172 51.2439346313477 51.3878517150879 51.0243835449219 51.1723556518555 51.3470230102539 51.5235366821289 51.8343315124512 51.9817008972168 52.3307456970215 52.5046005249023 52.6029891967773 52.9736442565918 53.1552276611328 53.3416137695312 53.6786155700684 54.0534782409668 54.408519744873 54.5888366699219 54.8120803833008 -3.4e+38 -3.4e+38 -3.4e+38 -3.4e+38 -3.4e+38 -3.4e+38 -3.4e+38 -3.4e+38 -3.4e+38 -3.4e+38 -3.4e+38 -3.4e+38 -3.4e+38 -3.4e+38 -3.4e+38 -3.4e+38
50.8280487060547 51.0307273864746 51.1536254882812 50.7675590515137 50.5741157531738 50.598445892334 50.6254501342773 50.5972747802734 50.3175086975098 50.4039726257324 50.6836700439453 50.7991676330566 50.9011344909668 50.9758644104004 51.260181427002 51.4090805053711 51.3668823242188 51.1299018859863 51.4297523498535 51.5080642700195 51.8438758850098 52.0114250183105 52.1695747375488 52.4782218933105 52.6327629089355 52.8073692321777 53.1326789855957 53.2957344055176 53.6900825500488 54.0025634765625 54.4205665588379 54.6182708740234 54.9268798828125 55.4819450378418 -3.4e+38 -3.4e+38 -3.4e+38 -3.4e+38 -3.4e+38 -3.4e+38 -3.4e+38 -3.4e+38 -3.4e+38 -3.4e+38 -3.4e+38 -3.4e+38 -3.4e+38 -3.4e+38 -3.4e+38
51.0012016296387 50.9788818359375 50.9276390075684 50.5437889099121 50.3543395996094 50.3785247802734 50.4053688049316 50.7131309509277 50.4959602355957 50.4699668884277 50.5822982788086 50.8231658935547 50.9450263977051 50.9972229003906 51.108715057373 51.369873046875 51.4998779296875 51.1360244750977 51.3974685668945 -3.4e+38 51.6852912902832 -3.4e+38 52.1311798095703 52.2944793701172 52.6085777282715 52.7645568847656 53.1443176269531 53.3261070251465 53.518238067627 54.2415771484375 54.6598472595215 54.8557586669922 55.0620002746582 55.5199241638184 -3.4e+38 -3.4e+38 -3.4e+38 -3.4e+38 -3.4e+38 -3.4e+38 -3.4e+38 -3.4e+38 -3.4e+38 -3.4e+38 -3.4e+38 -3.4e+38 -3.4e+38 -3.4e+38 -3.4e+38
50.9044189453125 50.8974990844727 50.8888320922852 50.8212776184082 50.4762573242188 50.3376007080078 50.363224029541 50.6523590087891 50.3930549621582 50.440299987793 50.5570259094238 50.6549377441406 50.7257499694824 50.9557342529297 51.0802154541016 51.1963958740234 51.2801170349121 51.422435760498 51.2201118469238 -3.4e+38 -3.4e+38 -3.4e+38 -3.4e+38 52.2544898986816 -3.4e+38 52.7953491210938 52.9756164550781 53.4762115478516 53.6814079284668 54.3550987243652 54.5654258728027 54.9268951416016 55.1072387695312 55.5519981384277 55.7647132873535 -3.4e+38 -3.4e+38 -3.4e+38 -3.4e+38 -3.4e+38 -3.4e+38 -3.4e+38 -3.4e+38 -3.4e+38 -3.4e+38 -3.4e+38 -3.4e+38 -3.4e+38 -3.4e+38
51.0642395019531 50.8993949890137 50.9123077392578 50.9278297424316 50.541877746582 50.1965942382812 50.4689598083496 50.7266845703125 50.6876029968262 50.4115867614746 50.3372688293457 50.5580978393555 50.6773071289062 50.7839469909668 51.0408096313477 51.1663551330566 51.2273216247559 51.3526496887207 51.2924461364746 -3.4e+38 -3.4e+38 -3.4e+38 -3.4e+38 -3.4e+38 -3.4e+38 52.9877815246582 53.1436538696289 53.5967025756836 53.7944869995117 -3.4e+38 54.5136604309082 54.9422073364258 55.1391677856445 55.5849761962891 55.7889671325684 -3.4e+38 -3.4e+38 -3.4e+38 -3.4e+38 -3.4e+38 -3.4e+38 -3.4e+38 -3.4e+38 -3.4e+38 -3.4e+38 -3.4e+38 -3.4e+38 -3.4e+38 -3.4e+38
51.1285018920898 50.9227867126465 50.7728004455566 50.704517364502 50.3177299499512 50.2556991577148 50.4249382019043 50.525505065918 50.5586395263672 50.352855682373 50.290412902832 50.387809753418 50.456958770752 50.6874237060547 50.8670120239258 50.9460601806641 51.1913070678711 51.3196983337402 -3.4e+38 51.2934989929199 51.6329002380371 51.9632110595703 52.1695404052734 52.4780235290527 52.689567565918 -3.4e+38 53.2560920715332 53.6461296081543 53.8271064758301 -3.4e+38 -3.4e+38 54.976001739502 55.1719932556152 55.6188812255859 55.8218574523926 56.2950286865234 -3.4e+38 -3.4e+38 -3.4e+38 -3.4e+38 -3.4e+38 -3.4e+38 -3.4e+38 -3.4e+38 -3.4e+38 -3.4e+38 -3.4e+38 -3.4e+38 -3.4e+38
51.468391418457 50.9505996704102 50.6697311401367 50.8228302001953 50.8324165344238 50.3632850646973 50.1764755249023 50.4043121337891 50.5116767883301 50.1817398071289 50.0694389343262 50.2908897399902 50.4075660705566 50.5137176513672 50.7708435058594 50.8937759399414 51.01416015625 51.2858810424805 -3.4e+38 51.6434898376465 51.6899261474609 -3.4e+38 -3.4e+38 52.5699844360352 52.7387275695801 -3.4e+38 -3.4e+38 53.4752807617188 53.8132095336914 -3.4e+38 54.5798454284668 55.010684967041 55.2057266235352 55.6537284851074 55.8557167053223 56.0998954772949 56.7551422119141 -3.4e+38 -3.4e+38 -3.4e+38 -3.4e+38 -3.4e+38 -3.4e+38 -3.4e+38 -3.4e+38 -3.4e+38 -3.4e+38 -3.4e+38 -3.4e+38
51.547290802002 51.1698341369629 50.8312225341797 50.7190055847168 50.5442924499512 50.0739402770996 49.9075317382812 49.9608306884766 50.1672134399414 49.8561096191406 49.7780380249023 50.0214920043945 50.1357460021973 50.4073677062988 50.7244567871094 50.9586334228516 51.2446670532227 51.3695793151855 -3.4e+38 52.1744728088379 52.3298721313477 52.3644180297852 -3.4e+38 52.4381942749023 52.7542533874512 52.9043006896973 53.2897491455078 53.4644813537598 53.8653602600098 54.462760925293 54.8233795166016 -3.4e+38 -3.4e+38 56.0056953430176 56.2185478210449 56.3682174682617 56.8442459106445 57.0542831420898 -3.4e+38 -3.4e+38 -3.4e+38 -3.4e+38 -3.4e+38 -3.4e+38 -3.4e+38 -3.4e+38 -3.4e+38 -3.4e+38 -3.4e+38
51.6911926269531 51.0449905395508 50.7279815673828 50.5512275695801 50.4408111572266 50.0268211364746 49.6890602111816 49.9127464294434 49.9941787719727 49.630786895752 49.6804580688477 49.8470153808594 50.2617454528809 50.4903793334961 50.6196174621582 50.8819847106934 51.0656089782715 51.3381462097168 51.8124160766602 52.0118026733398 52.3053131103516 -3.4e+38 -3.4e+38 -3.4e+38 52.7702789306641 -3.4e+38 53.3255653381348 53.4995536804199 53.9018058776855 54.7091445922852 54.9648551940918 55.4130859375 -3.4e+38 56.0567207336426 56.2557601928711 56.6293334960938 56.9164581298828 57.0914001464844 -3.4e+38 -3.4e+38 -3.4e+38 -3.4e+38 -3.4e+38 -3.4e+38 -3.4e+38 -3.4e+38 -3.4e+38 -3.4e+38 -3.4e+38
51.7319297790527 51.3422203063965 50.715763092041 50.4476089477539 50.2700119018555 49.7984962463379 49.5870208740234 49.6868629455566 49.7164878845215 49.831226348877 49.7961540222168 49.9787178039551 50.1992797851562 50.4718284606934 50.5878982543945 50.8908195495605 51.0322074890137 51.3482666015625 51.8238372802734 51.9747161865234 -3.4e+38 -3.4e+38 -3.4e+38 52.8719863891602 53.2121047973633 -3.4e+38 -3.4e+38 53.7085762023926 -3.4e+38 54.8311347961426 55.0160980224609 55.4518127441406 -3.4e+38 -3.4e+38 -3.4e+38 56.764331817627 56.9696769714355 57.1296653747559 57.626651763916 -3.4e+38 -3.4e+38 -3.4e+38 -3.4e+38 -3.4e+38 -3.4e+38 -3.4e+38 -3.4e+38 -3.4e+38 -3.4e+38
51.5024147033691 51.194709777832 50.6503410339355 50.2770080566406 49.9941101074219 49.5003967285156 49.3386611938477 49.5650253295898 49.6660652160645 49.9177017211914 49.8491592407227 49.8730430603027 50.1219329833984 50.2938613891602 50.5525512695312 50.7318115234375 -3.4e+38 51.1873435974121 51.6609153747559 -3.4e+38 -3.4e+38 52.4529075622559 -3.4e+38 -3.4e+38 -3.4e+38 53.6142501831055 54.0124778747559 54.2495536804199 54.3407821655273 54.8702354431152 55.0544395446777 55.4915161132812 -3.4e+38 -3.4e+38 -3.4e+38 -3.4e+38 56.9762687683105 57.3988418579102 57.6977272033691 57.8822059631348 -3.4e+38 -3.4e+38 -3.4e+38 -3.4e+38 -3.4e+38 -3.4e+38 -3.4e+38 -3.4e+38 -3.4e+38
51.6171951293945 51.1489448547363 50.4775314331055 50.0011940002441 49.5464859008789 49.1355400085449 49.0401420593262 49.5554618835449 49.671215057373 49.9328918457031 49.6897163391113 49.7759666442871 49.9437141418457 50.1978607177734 50.3728103637695 -3.4e+38 -3.4e+38 -3.4e+38 51.6243171691895 -3.4e+38 52.1145973205566 52.4673652648926 52.6238212585449 53.1635246276855 53.4443778991699 53.8322715759277 54.2853851318359 54.4559059143066 54.7321281433105 55.3006820678711 55.1548080444336 55.5322189331055 55.7220230102539 -3.4e+38 -3.4e+38 -3.4e+38 -3.4e+38 57.7206039428711 57.9555282592773 58.125659942627 58.7368125915527 -3.4e+38 -3.4e+38 -3.4e+38 -3.4e+38 -3.4e+38 -3.4e+38 -3.4e+38 -3.4e+38
-3.4e+38 51.1621513366699 50.4497108459473 49.953052520752 49.2823867797852 48.9929237365723 48.9905815124512 49.570629119873 49.688648223877 49.9557762145996 49.6573638916016 49.782470703125 49.9120635986328 50.205810546875 -3.4e+38 -3.4e+38 50.8489761352539 -3.4e+38 -3.4e+38 51.9963455200195 52.3193244934082 52.7192115783691 52.8742027282715 53.3064613342285 53.4831008911133 53.8662071228027 54.3230628967285 54.4929809570312 54.8997802734375 55.4980812072754 55.5457458496094 55.9591674804688 55.8183670043945 56.2197303771973 56.4154167175293 -3.4e+38 -3.4e+38 -3.4e+38 58.0881233215332 58.4939880371094 58.8052215576172 -3.4e+38 -3.4e+38 -3.4e+38 -3.4e+38 -3.4e+38 -3.4e+38 -3.4e+38 -3.4e+38
-3.4e+38 -3.4e+38 -3.4e+38 -3.4e+38 -3.4e+38 48.9926910400391 49.1784744262695 49.4119720458984 49.641960144043 49.797004699707 49.9367942810059 49.7384796142578 49.8746719360352 -3.4e+38 -3.4e+38 50.6763114929199 50.8142356872559 51.135555267334 51.6321754455566 52.202320098877 52.4610366821289 52.8333740234375 52.988525390625 53.3586463928223 53.5189743041992 53.9037399291992 54.3615303039551 54.5308799743652 54.9392776489258 55.5385284423828 55.7196311950684 56.1600608825684 56.2099380493164 56.8219871520996 56.7140960693359 57.1390647888184 -3.4e+38 -3.4e+38 -3.4e+38 58.6444778442383 58.8616790771484 -3.4e+38 -3.4e+38 -3.4e+38 -3.4e+38 -3.4e+38 -3.4e+38 -3.4e+38 -3.4e+38
-3.4e+38 -3.4e+38 -3.4e+38 -3.4e+38 -3.4e+38 48.8311042785645 48.9963645935059 49.3807907104492 49.4618873596191 49.6971321105957 49.8551216125488 49.6754379272461 -3.4e+38 -3.4e+38 -3.4e+38 50.7067108154297 50.8442192077637 -3.4e+38 51.8664016723633 52.3452529907227 52.511547088623 52.8691673278809 53.023853302002 53.3957061767578 53.5555534362793 53.9420204162598 54.4007949829102 54.5696144104004 54.9796562194824 55.5799446105957 55.9381370544434 56.4107818603516 56.5967864990234 57.130615234375 57.1946640014648 57.6488151550293 57.8481712341309 -3.4e+38 -3.4e+38 -3.4e+38 58.9074172973633 59.6653480529785 -3.4e+38 -3.4e+38 -3.4e+38 -3.4e+38 -3.4e+38 -3.4e+38 -3.4e+38
-3.4e+38 -3.4e+38 -3.4e+38 -3.4e+38 -3.4e+38 48.9269561767578 49.0137710571289 49.3330574035645 49.4293518066406 49.7005729675293 49.8214721679688 50.0030860900879 -3.4e+38 50.0401229858398 -3.4e+38 50.5435447692871 50.8163528442383 51.3719215393066 51.9776611328125 52.3968315124512 52.5461273193359 52.9055480957031 53.0598106384277 53.4334411621094 53.5928382873535 53.9810562133789 54.4408569335938 54.6091842651367 55.020923614502 55.8323211669922 56.0847396850586 56.5409088134766 56.7269020080566 57.1870803833008 57.3796501159668 57.8571662902832 58.0566864013672 -3.4e+38 -3.4e+38 -3.4e+38 -3.4e+38 59.712818145752 60.4521331787109 60.8020668029785 -3.4e+38 -3.4e+38 -3.4e+38 -3.4e+38 -3.4e+38
-3.4e+38 -3.4e+38 -3.4e+38 -3.4e+38 -3.4e+38 -3.4e+38 49.0489959716797 49.3350944519043 49.4515113830566 49.7246246337891 49.8451766967773 50.1305351257324 -3.4e+38 50.4339408874512 50.4759826660156 -3.4e+38 51.0008010864258 51.5141220092773 -3.4e+38 52.4323272705078 52.5812492370605 52.9425201416016 53.0963935852051 53.4718551635742 53.6308364868164 54.0208549499512 54.4817276000977 54.8267478942871 55.2747573852539 55.9614028930664 56.1406364440918 56.5857353210449 56.7711524963379 57.2329330444336 57.4248657226562 57.9039192199707 58.1027412414551 58.5997276306152 -3.4e+38 -3.4e+38 -3.4e+38 -3.4e+38 60.633602142334 60.8445014953613 61.4370193481445 -3.4e+38 -3.4e+38 -3.4e+38 -3.4e+38
-3.4e+38 -3.4e+38 -3.4e+38 -3.4e+38 -3.4e+38 -3.4e+38 -3.4e+38 49.3576545715332 49.4737434387207 49.7487869262695 49.8690185546875 50.156307220459 50.2807884216309 -3.4e+38 51.0335426330566 50.8600616455078 51.1424140930176 51.5643692016602 52.0468215942383 52.264965057373 52.5660591125488 52.9800910949707 53.1336059570312 -3.4e+38 -3.4e+38 54.106071472168 54.7007331848145 54.9736328125 55.4025001525879 56.0060997009277 56.1848449707031 56.6316566467285 56.8165435791016 57.2799758911133 57.4713172912598 57.9519577026367 58.3840293884277 58.6768989562988 59.0918045043945 59.3968505859375 -3.4e+38 -3.4e+38 -3.4e+38 61.2546005249023 61.8319931030273 61.7526588439941 -3.4e+38 -3.4e+38 -3.4e+38
-3.4e+38 -3.4e+38 -3.4e+38 -3.4e+38 -3.4e+38 -3.4e+38 -3.4e+38 -3.4e+38 -3.4e+38 -3.4e+38 -3.4e+38 -3.4e+38 50.5837821960449 50.8887710571289 -3.4e+38 -3.4e+38 51.7812728881836 52.0747909545898 52.2013053894043 52.4680633544922 52.6717948913574 53.057014465332 -3.4e+38 53.5911636352539 -3.4e+38 -3.4e+38 -3.4e+38 55.0731353759766 55.4920043945312 56.0985260009766 56.5012855529785 56.7616729736328 57.13916015625 57.4100227355957 57.9001960754395 58.2774047851562 58.7939033508301 59.0765075683594 59.5977401733398 59.8066139221191 60.3372917175293 -3.4e+38 -3.4e+38 -3.4e+38 62.1356735229492 62.7286148071289 62.9734725952148 -3.4e+38 -3.4e+38
