rcp8.5models/GFDL_CM3/sc1gr10.40
NCOLS 261 
NROWS 433 
XLLCORNER 336357.134 
YLLCORNER 654653.479 
CELLSIZE 1000 
NODATA_value -9999 
[rows 330 to 351 of 433, columns 200 to 249 of 261]
535.847399921981 533.440205603112 531.837195517065 541.121573006094 545.727311209965 550.13874501285 552.637078096426 536.656392132525 530.407224896691 530.023800499382 528.956370800312 526.428920401074 524.355220470405 523.215940895246 521.97056253333 519.349628270121 518.377173907752 515.893193384818 513.589757914247 513.281520741289 511.591976242272 510.197338431684 509.080329905777 507.024619707013 505.643142444826 505.372587456617 502.410409923898 502.385507445201 502.052632595666 501.289495623198 503.229206810837 502.507046838216 500.288639791688 499.605152949392 499.945121136675 499.022431622833 498.087758407706 495.905567487525 494.281452684659 492.629850663939 491.629755199532 490.499409882126 489.07921552731 488.645967476947 487.670352515631 487.159716877486 486.791883231166 485.291985897602 483.802953216106 483.802869534239
536.356596093195 531.37923743487 529.094720448277 531.428225366696 532.551397088114 533.45878586406 535.269144851999 527.21077874646 528.401807440488 527.955649368584 526.586571442294 523.251193381427 521.787338753975 518.9102639031 518.224366360687 515.905023762103 516.009186716461 515.300924755122 512.340630315136 512.041173646274 510.399638504139 508.889901148784 507.316308897768 505.669395982356 504.471591062199 504.155739938921 501.026069375868 500.491663418033 500.448024206521 500.652267337583 501.679220630308 500.402492513609 499.191466216496 498.835162291512 499.097278157718 498.227123756905 496.962512495596 494.07983345984 492.509971521499 490.764058140885 489.372312039193 488.633093488862 487.092640686357 486.708172176725 485.120739573522 484.805336909217 484.258578683482 482.965954134131 480.832079733255 480.702393805952
536.696358974682 529.197252291545 526.145511286648 525.315210724186 526.073800352855 524.290904657321 523.605577404276 523.85335588835 526.156150183067 525.579521953087 525.623800472771 520.865966274579 518.242071546571 -9999 513.961754994925 512.398461671756 513.036910547552 511.765844874865 509.285947155169 508.986068396792 507.531019546545 506.192628658158 505.391135645674 504.492847278115 503.452586923309 502.761342482673 499.878838707573 499.215827430137 498.64173433642 499.228331783753 498.649207695127 497.056075915929 496.675452183318 497.366432505269 497.451509100406 497.625519609311 495.34198608281 491.636992233439 490.691775460194 488.471086100026 487.398186401706 486.292360539079 484.808215418138 484.547028942103 483.578926481692 483.308065639769 482.010917312198 480.564321876984 479.139475040438 478.17118880945
531.147688376015 526.193108887075 523.691268502036 521.197908196156 521.092473908701 520.690929304873 520.617539089068 520.532367671964 521.785299840587 522.317193719633 524.010491849346 518.065541060966 514.188684912097 -9999 509.915224029105 508.564362535363 508.093535051446 506.315714354359 505.542979883918 504.695181942339 503.917456361652 502.787766866601 502.644279810555 501.775133369351 501.118454935939 499.9578113889 498.084591542704 497.598903196666 495.809048441937 496.376295080379 495.251026775074 493.732862336164 493.357644172199 493.819660458707 494.00252165937 494.785544684141 492.428589937199 488.951611862502 488.091241559556 486.821206303716 485.643351389593 484.778508967051 483.980407236741 483.256223046416 482.767968319266 482.425663031314 480.674628251585 478.90942101582 -9999 476.511678236249
528.166838954921 528.856244269876 522.624033241522 518.482317440366 517.037810451265 517.99826281735 518.252776546488 517.296977206306 517.52150245037 518.326459586003 519.64439015697 514.764168940143 512.142834557982 511.034456232326 508.456575052253 506.240838794588 504.778857792364 503.444089362167 502.596216405712 501.133674878398 500.272162367722 499.068641849841 498.967152639482 498.175172694358 497.129204977766 495.983424094693 494.449715130028 494.227604835932 492.253463364103 491.999143934368 491.89541107034 491.162792771242 490.542737517701 490.697536731106 491.336522731714 491.487900086191 489.840219777751 486.48895564059 485.033028037368 484.091211435299 483.2099153578 482.166351519857 482.108486582253 482.022296238571 481.056297068293 479.882042179633 478.045179688146 477.109922646958 474.924772386087 474.607540179424
529.316927125766 534.959783857249 533.042918678495 516.136487209654 514.378529047465 515.556647790626 514.821122092168 514.559643525815 514.630307998784 516.047856125584 518.880314947167 512.256285768233 510.630343829285 511.082585169157 507.010511580237 505.264144597213 504.465919756802 502.480822131467 499.95687939255 498.932932764112 497.595059488284 496.085411641791 495.404525349805 494.691442267125 493.612292345438 492.590171916333 -9999 490.398361588784 489.868208190439 488.015111304202 488.469799180861 488.349433387888 487.883094911411 487.973963597918 488.403807387239 487.891565619315 486.689713240465 484.210506336672 483.239824167881 481.614493156578 480.482210385779 479.013224361767 479.035226530163 479.376318103911 478.619433755243 476.958181220193 475.665496422844 474.716710110781 473.340944560961 472.554706940239
528.994428343464 548.680072459785 549.846699216267 513.17567178113 509.43478302694 509.153160551408 509.34563546019 509.059832037796 509.130040466398 510.379959872696 510.386440446854 509.288526484278 507.206783845808 507.705228912542 505.00137396501 505.47027069227 505.887985244428 502.64214843257 496.727250999711 496.002970388978 492.845362843856 492.046496388205 490.398761967129 488.353040412305 487.638353027433 486.959366971183 485.202069042091 484.186682393551 483.870880188811 482.489434432469 482.491846855924 482.192359663124 480.980219099245 481.642337365026 480.937596083351 481.223935464556 479.532729621424 478.780252550182 477.330097024085 477.090237328002 475.720069004406 474.781585088302 473.704791116588 472.932233817023 472.042921852764 471.990280487283 471.767764959816 470.735285463481 470.484334948097 469.467779642479
521.556368407088 536.658775769888 551.033799287943 510.415036448711 506.542182918529 505.701621287759 506.207561853991 505.65542689899 506.045998160796 506.36588602482 505.039402214519 504.080126695954 502.359992415214 502.687862254359 504.498104345077 509.547861196575 507.848984102433 499.79936857987 493.38456252183 491.423305010998 489.974900436393 488.61002164302 487.127380586641 486.51806197959 486.280199470588 484.818028753603 482.624448925847 482.371837595279 481.91721669288 480.73544130016 480.583054180916 479.552976510661 478.328315177983 478.306226392514 477.987510156481 477.384860543759 476.688854507928 475.486244738488 474.033971054395 473.747192963877 472.436559208731 472.056455697429 471.103095588574 470.502948201255 469.419992729428 469.276376764092 468.521687289585 467.748989978202 467.117077656896 466.037591698432
514.325115895454 523.382866181912 541.106338246136 507.301462689804 504.583004827371 503.533500230392 503.399760678773 502.85501387392 502.946203689502 502.62465722391 500.773769776941 500.01345796079 499.185186603447 500.47300632329 501.907669106044 504.727231803358 500.267009498514 492.139431371674 490.296386093771 489.358325496372 488.260941783741 487.922960694346 485.486816150043 485.328818003682 484.488428882887 483.441160556144 480.95560941871 481.021194334247 480.030729515044 478.824703875808 478.576042743765 477.131453293962 475.83589191876 475.519748475022 474.677076527502 474.069336902432 473.135848895213 471.710255640472 470.8320942096 470.525899208159 469.096021497852 469.089280913734 468.741183660485 467.839716228925 467.104767952138 466.761462371932 466.134147098256 465.197423660657 464.295686393538 463.053329315128
511.186732926671 514.837714992373 520.048680422557 505.091644869461 502.308031810161 500.575882389413 500.494733464328 500.315114643358 501.104410223192 500.987848427926 497.839311177515 496.472440835886 496.616257663721 498.88822625074 497.806726031555 495.992544129626 493.177586127405 489.256604561662 487.715477832226 487.576522796427 487.33905832279 487.831133594835 484.242427312852 483.96935725222 482.615633493184 481.356323995729 479.333153170531 480.511666645482 478.437493606756 476.881694937053 475.879362713705 474.62176291663 473.201412239993 472.941749435424 471.555204363136 471.292738506197 470.099649422212 469.201074970023 468.452250469877 467.97737525709 466.734566106592 466.528584245119 466.287890483403 465.042829309328 464.753209308203 -9999 -9999 462.811335018848 462.058964569092 460.766130941072
507.895129734634 506.891295424235 505.000821590789 501.499186942277 498.701988557177 496.977097421513 497.265840859924 498.304565358729 499.230178718989 499.361784041594 494.868690009351 493.600276751924 493.494393555019 494.963691922731 493.696308317159 491.045401094362 489.359130276751 487.325565316874 486.357223608156 485.733677420201 486.136721256027 486.180185003296 483.58891511868 482.748325316157 481.076827071149 478.761497419336 477.485721707514 478.413198540146 476.500219070849 474.774989550424 473.189313026926 471.896565318031 470.536743168919 470.322403385149 469.121802086393 468.689351598535 467.663263227714 467.068406465678 466.050103240604 465.624382837251 464.351509545534 464.177826588923 463.751262268777 462.699227677914 462.464041707708 462.045910637701 460.973682604343 460.500490173242 459.844295006733 459.2441166299
504.159340421175 502.707566325715 501.079233012719 497.395591926405 495.357983739331 494.28233958255 494.500915074331 495.211002660009 496.078012678434 496.998937657524 491.470274809014 490.96764828368 491.13713852681 491.107711914861 490.510360696742 488.17158239237 486.716084667851 485.047568171901 485.059378379831 484.503859521167 484.356593047485 482.827960172553 481.568409439888 480.817350044367 479.190426751752 476.943426437939 475.818184639515 475.197416886562 474.365342955354 472.130439728896 470.705662530878 469.386389927963 468.63328524894 467.701228263958 466.676788415064 466.254600039682 465.067101362535 464.873058211187 464.264952408778 463.349679992879 462.686715857449 462.364784152089 461.491969571227 460.824954318632 460.702490745006 459.449483654631 458.367887282006 458.985158371518 457.700803454554 457.67068835533
502.228947148154 500.770316804822 499.14828809824 496.200716237701 493.88578212711 491.367002901157 490.720590623324 490.929476945193 491.752780183665 492.961209057548 488.744520812353 488.215961085705 488.237160347526 488.153396469655 495.437164545638 485.685193418366 485.366299368568 483.105661626072 483.164114464878 483.259349866166 483.503697181712 482.654228465116 478.161027680773 477.689763607993 477.510358498129 475.781158310821 473.017829579113 472.461935583559 471.567373468916 469.469612019437 468.312487513232 467.397937005269 466.642361234426 465.402697264793 464.838762811656 463.939843917557 463.364443589873 463.319961990349 462.306563480885 461.084139735206 460.883839971138 460.482856166656 459.211766974275 459.037280693253 458.837261687182 457.299177913921 457.03674682418 457.945736780673 456.25683687416 455.413498469852
501.462158014004 498.782264961659 497.704240960465 495.894048831654 494.179810510423 491.210322774373 488.40984960945 487.104554501156 486.805111147563 487.097608615136 485.639657500131 487.073867606191 486.644573079659 484.738130818041 489.848626498815 482.604943656335 483.723037925765 482.259887343105 480.731709063461 479.949146169614 481.285018597077 480.077008488463 474.691299747253 474.211164603643 474.668006270835 473.268809562913 469.897806206851 469.081047862546 468.347088011651 466.778308779193 465.762776931412 465.435878983032 464.369104901416 463.92884222729 463.41270058301 461.62509801307 461.476570213959 462.259642679925 460.663709748768 459.590402234043 459.140073963578 458.43870684651 457.659486495997 457.528244476535 456.62884219176 455.890820279679 455.147267846434 455.377191567859 454.51262657872 453.725109156101
503.618349245337 500.377470514812 496.755208335547 493.347081989783 492.451439872239 490.869427652789 488.292596979498 484.764152086712 482.887460808647 482.66169507721 484.023305254227 487.476654907059 488.472183422183 482.385810191394 479.448377066417 479.660539143305 480.387926179339 480.087008403592 478.007852639522 476.696153623363 475.078619708778 474.053142575725 473.328825558629 471.212161099152 470.859171397052 471.348344760111 467.806466787579 465.895410408722 465.691802393301 464.563959457444 464.60149676015 463.727680784464 462.114106732462 462.588320819795 461.579526288278 459.879989053552 459.71237223575 460.524087057636 459.882470672096 459.269187361078 458.229812970604 457.686317412511 456.92994826838 455.988602550997 455.003050760554 454.375117740341 453.393839046622 452.450312220306 451.407004179744 451.36114788577
505.4528914455 505.520037637168 497.239254149072 489.030480098319 488.168683114217 487.073388197762 486.355866268643 483.462613511901 480.848560008624 480.158663105972 483.128630796725 487.140809682482 485.627845601711 479.426498768363 476.693609352834 476.922424618936 477.913856731925 477.993173286898 474.805719196089 473.976693042199 470.364229042979 469.517712166789 470.191247600129 468.482878379889 467.476761444701 468.627895326499 465.728348775345 463.991466186464 463.343556762141 462.716221894872 463.016721204137 464.070915546093 460.961038075938 460.633025237258 459.232438430338 458.223894762839 458.666148776105 458.272879698064 459.641488112399 458.834854675962 457.195177090483 455.777919710507 455.29527744475 454.61664806023 453.886780048605 452.11744596286 451.81549431161 450.847088439634 449.212006111409 448.488565434234
497.322685054342 498.683832656777 491.735826089701 484.96609812606 484.61307733747 483.139637732761 481.880146823026 481.607585184715 479.482274391139 477.935592464134 480.355259127553 484.342133279918 482.941834393504 475.980045230981 474.078228422868 477.448651480071 475.368561087159 476.763977900867 473.328609091239 470.623001086538 469.41863555219 466.281032585683 464.935874857833 465.000827407133 464.524409482444 464.937193654734 464.078497041997 462.836404534166 461.516174640867 460.633995225071 460.435346820018 463.559195994552 460.308910529618 458.798696375798 456.826732570358 455.755372595797 456.357767620274 456.009486016222 457.783832299823 457.705056108031 454.710868234647 453.48805310637 452.053411593376 451.877772132191 451.412262006556 449.387588230826 448.663640371734 449.058571716472 447.640573498777 446.709589365909
488.150793048504 487.479252468553 484.819769500987 482.109271295838 480.991342467106 478.833751218652 477.839615348447 478.327179670671 476.55917625282 474.500046254806 476.391747211042 479.41046171646 480.922433908605 472.644201371627 472.496168245257 478.614949715287 471.215185692889 473.54169236624 471.6494277992 467.895769929008 466.625767586678 464.087864965826 462.307997657902 461.655884083992 461.980638243975 462.211966244324 461.461864666222 460.487494076115 460.251037118533 458.836077171161 458.295090707162 460.032764268246 459.332548031162 457.879996920361 455.993971258291 454.512426738867 454.151245495561 453.369125376801 454.022532207893 454.415694759937 452.605641641736 451.892027911179 450.33484701513 448.741284050661 447.865073772988 447.011832917406 445.653810450695 446.033570871102 446.000156772072 445.070882427352
484.761802061208 483.649017254514 483.144629600406 481.412138591361 478.047105533704 475.498156502074 472.978211758359 471.192126722065 469.100384176102 468.55150436193 470.779560481992 471.990183977199 470.472412070631 466.20858155458 472.257698940031 483.936069760896 463.802206356331 463.788375739551 463.590122481227 461.792121780744 460.736602064047 458.754945967515 457.573367378586 456.395545251436 455.289991259807 454.812531250509 455.253764028587 453.794514242889 453.667155899535 453.690046599991 454.808001980563 454.501375930885 452.533011430669 452.425996382771 453.564619116673 451.534495583686 450.669501867728 448.244568654667 446.880336169716 447.202940676001 448.226583942713 446.181564612562 444.861722921861 444.919828297128 444.616035329548 442.376096437027 442.264309054663 440.741268634022 441.216100438466 439.878957462673
483.525203062172 483.81340436911 481.919719940605 477.195323953959 476.094160853386 473.773300599352 471.676811992514 469.892583312039 467.09878223672 465.688119131478 467.070520759829 466.864278378287 465.169475940673 463.110203730225 465.970296511021 469.87025447507 460.74735041107 459.739454494681 459.943027162246 460.843303256744 460.619199966895 458.402269205953 456.304182060611 454.577377851345 453.209617533587 451.501107542313 450.86431452942 451.014214728081 449.96377453458 450.885996421309 451.444541811048 451.226610203435 449.551884018228 449.104885728251 450.353711593345 448.384058871128 446.389548728072 444.964130815632 443.604669174799 443.952519693407 445.383595450036 444.827193276152 444.911599255423 444.197443421905 443.119307907822 441.112421705321 441.517240534197 439.099278047103 -9999 -9999
482.626824821967 483.203712882452 481.430065686555 476.828287078289 475.207095812098 471.781068559616 471.102487432178 468.089867322075 465.434748286051 464.075922140206 463.473243411962 462.657576443764 461.278650872908 460.216455853386 460.270503603394 459.799845901072 457.381490449426 456.556385684651 457.40776261552 458.267801632684 459.384900950189 456.517863103012 454.616577927782 453.335458954704 451.904779337982 449.538102271773 447.685429325921 448.162795421036 446.854708889756 447.424952055311 447.541631155934 447.605778122203 447.014416515573 446.048682842589 446.710567895705 446.020451723515 444.077574899473 441.912455601427 440.778173189078 440.954181476529 441.704368244092 442.065602000782 443.491151437818 442.563411076472 441.778452123575 440.312938412659 439.749775531612 437.624133888855 436.255712483083 -9999
482.421889220978 481.26854732097 481.737580974094 478.01020357196 473.334008298026 469.643344103932 468.453391062326 465.520549884444 463.638592242388 462.897261542169 461.363276925347 459.245376841369 458.04929776231 457.404685044114 456.682074206467 455.907565559872 454.956532268379 455.581225498435 456.244173809567 453.384838208703 454.393096397367 451.833346236128 450.848072373926 450.679113249211 450.128383792796 448.116540064803 444.938579732404 444.433110092794 444.061920943067 444.186335328342 444.389308742776 444.668145951927 444.385018315485 443.616287020909 444.376696192598 443.362573410485 441.55817411477 439.632595137403 438.942249258302 438.416729490102 438.109276461266 -9999 -9999 439.393612773575 439.164905127146 438.638240467203 437.153686070932 436.16307401081 433.821944015691 -9999
