rcp8.5models/GFDL_CM3/sc1gr2.2
NCOLS 261 
NROWS 433 
XLLCORNER 336357.134 
YLLCORNER 654653.479 
CELLSIZE 1000 
NODATA_value -9999 
[rows 110 to 131 of 433, columns 150 to 199 of 261]
341.203325695331 341.181600194963 341.328114452468 341.54108265071 341.116198070668 341.094360372198 341.072513672027 341.050651356852 341.158056362546 341.611974799184 341.963310840944 341.941521142675 341.986377893166 342.115377507266 342.080085347914 341.806416747684 341.573507624438 341.887861552415 342.022094123934 342.060792816204 -9999 -9999 342.288680862692 342.300119851174 -9999 -9999 -9999 -9999 -9999 -9999 -9999 -9999 -9999 -9999 -9999 -9999 -9999 -9999 -9999 -9999 -9999 -9999 -9999 -9999 -9999 -9999 -9999 -9999 -9999 -9999
341.214932922207 -9999 341.869455737001 342.022276035289 341.699455570576 341.677218734736 341.480356848837 341.061029028553 341.030346016148 341.336812064113 341.973037408804 341.951092568938 341.991404573787 342.111231073006 342.039276668336 341.63237167756 341.382881539847 341.951231220104 342.001514038383 342.101161350579 -9999 342.06949411602 342.285312859835 -9999 -9999 -9999 -9999 -9999 -9999 -9999 -9999 -9999 -9999 -9999 -9999 -9999 -9999 -9999 -9999 -9999 -9999 -9999 -9999 -9999 -9999 -9999 -9999 -9999 -9999 -9999
341.63433061498 341.328871618098 341.609791124814 341.757852836076 342.137983570198 342.115791951666 341.945192638384 341.426987687638 341.605190617912 341.727079986099 -9999 341.985152963007 342.015705636098 342.001599743923 341.817207431576 341.352102475622 341.254096086093 341.508587060897 341.591647644948 342.228812576049 342.165816847095 342.115889062765 342.282040296439 342.299435634602 342.310028076172 -9999 -9999 -9999 -9999 -9999 -9999 -9999 -9999 -9999 -9999 -9999 -9999 -9999 -9999 -9999 -9999 -9999 -9999 -9999 -9999 -9999 -9999 -9999 -9999 -9999
341.70735446547 341.788305105665 341.765717499431 341.870364155764 342.14884921543 342.126483678076 342.070852925556 341.874207056584 342.039577198516 342.020220667815 342.007105349858 341.857559870961 341.677194912881 341.986667754195 341.797026532892 341.42748378624 341.15514094928 341.366435865928 341.848081068909 342.225410088107 342.243150374515 342.149165450131 342.075487177521 -9999 342.314387559345 -9999 -9999 -9999 -9999 -9999 -9999 -9999 -9999 -9999 -9999 -9999 -9999 -9999 -9999 -9999 -9999 -9999 -9999 -9999 -9999 -9999 -9999 -9999 -9999 -9999
341.945695045789 342.227196809713 342.204721049462 342.182211658087 342.159693433961 342.137150123767 342.099490061318 342.057904528432 -9999 341.635624502066 342.013160312748 341.880972379916 341.565790094873 341.466485260575 341.384961534433 341.352271506516 341.285157336998 341.704151772716 342.057678502124 342.13017818938 341.967790795952 341.98848136421 342.12319770636 342.293803015691 342.3119168158 342.323540946477 -9999 -9999 -9999 -9999 -9999 -9999 -9999 -9999 -9999 -9999 -9999 -9999 -9999 -9999 -9999 -9999 -9999 -9999 -9999 -9999 -9999 -9999 -9999 -9999
342.272697512752 342.249882557463 342.227055082117 342.204191894831 341.880568093869 341.461946882707 341.829284886219 341.112680067903 341.36183329741 -9999 341.215077713138 341.596764107456 341.591196530595 341.561323918104 341.379744960439 341.126908068751 341.144530189856 341.162219463709 341.272458361029 341.573670407799 341.870593371434 342.11524657427 342.269888370498 342.288082992737 342.306347389751 -9999 -9999 -9999 -9999 -9999 -9999 -9999 -9999 -9999 -9999 -9999 -9999 -9999 -9999 -9999 -9999 -9999 -9999 -9999 -9999 -9999 -9999 -9999 -9999 -9999
342.284187201155 342.261201593831 342.069497979534 341.644533206107 341.49240891787 341.299591834818 341.444240944029 341.122949886111 341.076933921308 341.053965786385 341.173770383727 341.632968067386 341.819815493166 341.621163275024 341.637225021017 341.199076978607 341.432815575195 341.158949511458 341.176785963333 341.636538630104 341.948770325647 342.248892741557 342.267095247806 342.285365326787 342.303707968239 342.322116729155 -9999 -9999 -9999 -9999 -9999 -9999 -9999 -9999 -9999 -9999 -9999 -9999 -9999 -9999 -9999 -9999 -9999 -9999 -9999 -9999 -9999 -9999 -9999 -9999
342.129834598205 341.868953586319 342.122295752494 341.626169618974 341.202869616495 341.006450386485 340.586769211705 340.739896663385 340.696826583527 341.063733173478 341.046785730787 341.179713732331 341.506323110231 341.551549957075 341.321530280023 341.32628454528 341.797141095168 341.571144124622 341.566025276042 341.813101657013 341.9529840318 342.246114388533 342.264395114026 342.164239904376 342.089684936829 342.319660092333 -9999 -9999 -9999 -9999 -9999 -9999 -9999 -9999 -9999 -9999 -9999 -9999 -9999 -9999 -9999 -9999 -9999 -9999 -9999 -9999 -9999 -9999 -9999 -9999
342.01645549958 341.577127096237 342.091591946084 341.538586305623 341.213627242336 340.886100444844 340.166831779783 340.452959784667 340.411666027143 341.073484517036 341.052098937718 341.222176528085 341.728706202496 341.694444678107 341.068382210737 341.319021480744 341.911995553615 341.889200116452 341.73543517508 341.586035673102 341.867952549814 341.980066904386 341.975113363898 341.793163340488 341.774791439463 342.317282256756 -9999 -9999 -9999 -9999 -9999 -9999 -9999 -9999 -9999 -9999 -9999 -9999 -9999 -9999 -9999 -9999 -9999 -9999 -9999 -9999 -9999 -9999 -9999 -9999
342.02756756857 341.421245113471 341.574134629613 341.24792963224 341.052585383896 340.500478963931 340.177223427519 340.463340539605 340.421670770219 341.263806263601 341.628192917386 341.744234971028 -9999 341.699520796902 341.044087080601 341.124203512632 341.615991721756 341.757832352542 341.370728248808 341.292825419696 341.583661060702 341.784342647586 341.761908582889 341.583710338217 341.533361215228 342.096816664929 -9999 -9999 -9999 342.390313634918 -9999 -9999 -9999 -9999 -9999 -9999 -9999 -9999 -9999 -9999 -9999 -9999 -9999 -9999 -9999 -9999 -9999 -9999 -9999 -9999
342.204750500016 341.708633209791 341.282554572834 341.0884467274 340.535893750098 340.038082796166 339.793596277293 340.297566532513 340.431659344545 341.230163158658 341.50131871325 341.661389897473 342.022433403934 341.686322570474 341.195631373018 341.392876486142 341.388800790386 341.800027627478 341.575875586553 341.444669679501 341.418552996306 341.792279732089 341.468691747176 341.134276881635 341.603699690457 341.802750302504 342.102922896898 342.394246635572 342.444170070906 342.388448699105 342.418701171875 -9999 -9999 -9999 -9999 -9999 -9999 -9999 -9999 -9999 -9999 -9999 -9999 -9999 -9999 -9999 -9999 -9999 -9999 -9999
342.341363760784 342.023256410815 -9999 340.970188471691 340.245762044985 340.09037216722 339.898976109877 340.174060034538 340.830521475326 341.283124473599 341.646647735309 341.579206237464 341.64894502991 -9999 341.127826687149 341.307434297317 341.238911282001 341.666781574907 342.042593701023 341.877868012892 341.65051739343 341.800209821718 341.549500512422 341.341900417963 341.732464096286 341.632190367247 341.657071078401 342.109247862067 342.367578161762 -9999 342.424832821112 342.436401367188 -9999 -9999 -9999 -9999 -9999 -9999 -9999 -9999 -9999 -9999 -9999 -9999 -9999 -9999 -9999 -9999 -9999 -9999
341.783225830495 341.632595921964 341.304618129061 340.98080079836 340.256440015521 340.232354638579 340.033590051109 339.79248792302 341.136240830028 341.249850822804 341.521047168061 341.35747336857 341.187862424971 341.320215612406 341.015372346943 341.227513308373 341.631088919201 341.662941469109 341.78574237078 341.943348874666 341.596282139792 341.697772518847 341.582780707555 341.667403376969 341.481585327899 341.42368691025 341.452166422918 341.929994254261 342.365820618168 342.385002370015 -9999 342.442743662095 342.454406738281 -9999 -9999 -9999 -9999 -9999 -9999 -9999 -9999 -9999 -9999 -9999 -9999 -9999 -9999 -9999 -9999 -9999
341.766948194046 341.339883433633 341.315635399909 341.161891476303 340.663330252443 340.069556393531 339.692570151285 339.896130664109 341.146069010657 341.121991518309 341.097966575626 341.07400321278 341.054692236578 341.035750688453 341.038689912656 341.223658138594 341.662783640227 341.877481265738 341.733694897589 341.673285292717 341.791350431193 341.732177559401 341.639171801967 341.600997573415 341.377183298383 341.752872332955 342.092268467297 342.166512462886 342.36415610247 -9999 342.422139921569 342.441617981363 342.453725692064 -9999 -9999 -9999 -9999 -9999 -9999 -9999 -9999 -9999 -9999 -9999 -9999 -9999 -9999 -9999 -9999 -9999
341.680449136419 341.518840895408 341.725754453396 341.30219670832 340.974967046803 339.947982729194 339.536833494559 340.204540059683 340.588945247651 340.745139158985 341.107464898145 340.900149828779 340.678824681337 341.224636959601 341.593091072448 341.605549482139 341.71835010014 341.940457802123 341.916972712871 341.729033157406 341.946996716194 341.709931142143 341.591222396542 341.704324200179 341.622745505314 341.888622292745 342.010270940916 341.841337281777 342.1189157183 342.38193110748 342.420826045574 342.440379625007 -9999 342.4716796875 -9999 -9999 -9999 -9999 -9999 -9999 -9999 -9999 -9999 -9999 -9999 -9999 -9999 -9999 -9999 -9999
341.955320810941 342.057991873359 342.039672284093 341.142416907966 340.589858313086 339.958247534883 339.547314672515 340.214673029117 340.165693278119 340.459535563294 340.935259265651 340.202992135883 340.013749098135 341.375255928158 342.020418057866 341.99650963866 341.972693471452 341.948986689902 341.925371026735 341.878456602059 341.731792968636 341.515411419087 341.648920939285 341.583566315745 341.398799013863 341.74005751432 341.583303021043 341.461359090139 341.786590619517 341.966352441461 342.419600923557 342.43923105805 342.458937385748 342.478581974316 342.490539550781 -9999 -9999 -9999 -9999 -9999 -9999 -9999 -9999 -9999 -9999 -9999 -9999 -9999 -9999 -9999
341.714656837377 341.680456940333 342.230393135203 341.600675764226 341.007910425796 341.284690616885 341.259778521292 341.10002113801 340.393620795296 339.774856955684 339.954334277401 339.405160917493 339.738692820121 341.390889888321 342.038205644446 342.014033192727 341.989967599443 341.81021203916 341.489871077326 341.659004858669 341.300002193059 341.611108685252 341.624249897942 340.897848130005 340.604365669233 341.392377369752 341.591984034728 341.411086697947 341.803503725327 342.02169234086 342.205822742786 342.437216451403 -9999 342.510048942376 342.496985249582 -9999 -9999 -9999 -9999 -9999 -9999 -9999 -9999 -9999 -9999 -9999 -9999 -9999 -9999 -9999
341.587425607604 341.922996316705 341.803478018653 341.6481008778 341.320234095203 341.295124210707 341.2700332547 341.244978626807 340.741716859134 339.874099976845 340.005891114507 339.686086800608 340.129018502614 341.39992322984 342.047104499277 342.022805826519 341.998609591522 341.854935421513 341.452789615284 341.799997944091 341.587987983211 341.674485102952 341.47924417371 340.729447137156 340.845196031133 341.485894014659 341.596401756367 341.392484819756 341.724911665711 342.096163029545 342.416460463295 342.436348763631 -9999 -9999 342.496469942594 342.508842610061 -9999 -9999 -9999 -9999 -9999 -9999 -9999 -9999 -9999 -9999 -9999 -9999 -9999 -9999
341.55921689129 341.711294934814 341.381401492823 341.356107988258 341.330824073663 341.305545759329 341.280289181672 341.255067672843 340.888645971385 340.179776950804 340.154821219575 340.129968047002 340.431165461341 341.408947669312 342.055997656574 342.031565646341 342.007247605854 341.983047921688 341.843235256952 341.911144905013 341.887397137291 341.863766135293 341.68711365094 341.38314124706 341.515138194154 341.678441098538 341.438394864313 341.336434183031 341.473015946955 341.946237144855 342.415607609484 342.435583315744 342.479078207223 342.513924834286 -9999 342.516170530191 -9999 -9999 -9999 -9999 -9999 -9999 -9999 -9999 -9999 -9999 -9999 -9999 -9999 -9999
341.443197754393 341.417767588651 341.392314580188 341.366859532833 341.341397945852 341.315952780286 341.290531892751 341.265153915796 340.511966004616 340.189379783906 340.164272978199 340.139268858347 340.440348327788 341.232517103916 341.500152445809 341.663775664866 342.015878162941 341.991572614461 341.967373925932 341.919323475881 341.895478462399 341.871740315697 341.84811165235 341.824584921316 341.801153885124 341.70767907615 341.771964051411 342.129184225141 342.176135294445 342.158447378796 342.414847233497 342.434906667021 342.472729721762 -9999 -9999 342.515901585698 342.528387276563 -9999 -9999 -9999 -9999 -9999 -9999 -9999 -9999 -9999 -9999 -9999 -9999 -9999
341.454445966012 341.597136840901 341.79970199185 341.377602979985 341.351974550447 341.326360971449 341.126044757453 340.886289891765 340.224317162444 340.018975792717 339.609190823535 339.766768160159 340.449532542104 341.098592680255 341.076412136974 341.21038982712 341.671115817983 341.836834844008 341.464960359279 341.362595325367 341.400900631288 341.62905792925 341.856019116251 341.832393843586 341.808856842922 341.690342005204 341.955455978769 342.532221439012 342.148493959619 341.965327388437 342.414170744 342.434319792359 342.454546091609 342.474846998588 342.495217441225 342.515662704265 342.536178997079 -9999 -9999 -9999 -9999 -9999 -9999 -9999 -9999 -9999 -9999 -9999 -9999 -9999
341.465675779789 341.737363770304 342.114310648743 341.388345143114 341.190386235211 340.945196634193 341.176388353397 340.80965320154 339.876805508363 339.12099293072 339.364426422059 339.863075976893 340.458721350153 341.107608979825 341.085300496214 341.080386773725 341.230908819909 341.377882576977 341.075751945462 340.740890419206 340.591223710621 341.327480172993 341.863932614742 341.840213629452 341.816591789772 341.623521591732 341.536972694106 341.785954821049 341.791081213676 342.057732554181 342.413594779111 342.433833570184 342.454148548881 -9999 342.494984333168 342.295645790978 342.186805659726 342.556839450418 -9999 -9999 -9999 -9999 -9999 -9999 -9999 -9999 -9999 -9999 -9999 -9999
