rcp8.5models/GFDL_CM3/sc1gr4.21
NCOLS 261 
NROWS 433 
XLLCORNER 336357.134 
YLLCORNER 654653.479 
CELLSIZE 1000 
NODATA_value -3.4e+38 
[rows 396 to 417 of 433, columns 98 to 146 of 261]
272.425170898438 276.263488769531 274.561676025391 269.660827636719 268.605194091797 270.691436767578 273.110748291016 272.658538818359 273.270874023438 275.40185546875 275.567352294922 273.747436523438 271.158233642578 267.489807128906 263.276031494141 264.370758056641 263.835876464844 264.363494873047 268.024200439453 270.975067138672 270.665161132812 269.819488525391 269.356964111328 267.195953369141 259.833831787109 249.318893432617 266.5263671875 274.993988037109 276.179168701172 276.929046630859 277.461761474609 277.809143066406 277.620666503906 277.376770019531 277.578979492188 277.723297119141 277.354431152344 277.691864013672 277.966278076172 278.154205322266 277.637817382812 277.303375244141 278.300628662109 279.2939453125 279.670989990234 280.248657226562 280.417816162109 280.857940673828 281.667083740234
269.744262695312 274.56884765625 275.718688964844 273.268463134766 270.755035400391 270.315643310547 271.587677001953 271.437347412109 272.709930419922 275.492095947266 275.446746826172 273.079681396484 270.488739013672 268.716918945312 264.115112304688 263.173706054688 265.351409912109 268.419342041016 271.364196777344 272.291259765625 269.926513671875 268.732055664062 268.929351806641 264.453826904297 254.999908447266 252.065811157227 272.457153320312 275.522155761719 275.985809326172 276.639617919922 277.224822998047 277.959869384766 278.49658203125 277.929779052734 277.496612548828 277.726989746094 277.496337890625 277.455688476562 277.73193359375 278.106231689453 278.678802490234 278.679595947266 278.487579345703 278.656372070312 279.254608154297 280.100463867188 279.604431152344 279.667846679688 281.112487792969
268.960784912109 273.764831542969 276.572479248047 275.444580078125 271.349578857422 270.149383544922 271.341094970703 273.544921875 275.957916259766 276.979187011719 275.691986083984 272.216674804688 269.606140136719 269.451721191406 266.853057861328 268.371063232422 271.22900390625 272.209564208984 272.940521240234 272.582061767578 269.442657470703 268.515838623047 268.016998291016 262.115264892578 255.724533081055 259.957550048828 276.147705078125 275.52783203125 275.837371826172 276.252746582031 276.3037109375 277.168823242188 278.349731445312 277.811584472656 277.360321044922 278.477355957031 278.186767578125 277.426605224609 277.497863769531 277.689147949219 278.787658691406 279.498168945312 279.174499511719 278.892486572266 279.471435546875 280.235626220703 280.077026367188 280.213684082031 281.983337402344
267.743316650391 270.353912353516 273.219787597656 275.963806152344 273.176666259766 271.376342773438 272.212829589844 275.967163085938 278.099548339844 277.952423095703 277.489685058594 273.900970458984 270.094512939453 269.577758789062 271.483520507812 272.649291992188 273.354522705078 273.770538330078 273.782501220703 270.620941162109 267.257598876953 267.820098876953 265.810363769531 260.942687988281 261.299591064453 269.360260009766 276.575286865234 275.266845703125 275.338958740234 275.547058105469 274.808441162109 275.823425292969 278.080017089844 -3.4e+38 278.347229003906 278.980834960938 279.245422363281 278.498809814453 278.089050292969 277.910919189453 278.567932128906 279.535003662109 279.856842041016 279.712921142578 279.466491699219 279.302825927734 281.259155273438 282.012115478516 282.913940429688
266.160003662109 266.811370849609 268.554138183594 276.252685546875 276.060607910156 274.704772949219 274.257995605469 277.017883300781 278.300170898438 276.724761962891 277.289642333984 276.392761230469 272.548187255859 271.276794433594 274.381195068359 274.858825683594 275.60009765625 275.206085205078 271.417938232422 266.343841552734 265.358245849609 264.802978515625 258.690551757812 255.802459716797 263.828674316406 273.933929443359 277.484283447266 276.826080322266 276.209808349609 274.991516113281 273.794342041016 275.291046142578 277.929748535156 279.118072509766 -3.4e+38 279.713623046875 279.717071533203 278.670104980469 278.350555419922 278.579376220703 278.585083007812 279.328735351562 280.094879150391 280.441009521484 279.047332763672 278.039520263672 281.458831787109 282.416290283203 283.289489746094
267.8642578125 267.109588623047 266.634887695312 274.713592529297 276.610321044922 276.795013427734 276.959747314453 278.333190917969 278.951782226562 276.587615966797 275.706970214844 276.771881103516 274.932983398438 272.106201171875 274.404907226562 274.417419433594 272.974426269531 270.115264892578 266.400177001953 265.064025878906 265.994171142578 262.350158691406 254.357070922852 255.246810913086 267.5771484375 275.842437744141 277.199737548828 277.343719482422 277.589599609375 276.305297851562 275.629943847656 277.458740234375 278.196441650391 278.342712402344 279.410766601562 280.07177734375 280.27197265625 279.15625 279.09033203125 279.599822998047 279.384490966797 279.915191650391 280.5771484375 281.221496582031 280.511840820312 279.930541992188 281.667419433594 282.412231445312 283.513977050781
269.380187988281 266.829315185547 266.778472900391 273.575714111328 276.794921875 277.250854492188 278.1513671875 278.614044189453 277.886291503906 277.300567626953 277.087066650391 276.750427246094 275.684112548828 273.532928466797 270.730041503906 268.520874023438 268.381378173828 267.063537597656 265.700531005859 266.665985107422 266.544921875 262.362426757812 258.622009277344 262.94482421875 272.772399902344 277.336029052734 276.383056640625 276.521545410156 277.329528808594 277.833129882812 278.306335449219 279.401397705078 278.822174072266 278.350341796875 278.8125 279.621917724609 280.226654052734 280.483215332031 280.450103759766 280.736358642578 280.646392822266 281.122772216797 281.571533203125 281.882568359375 282.047119140625 282.106140136719 282.066589355469 282.642181396484 283.527465820312
270.052642822266 267.572479248047 268.298919677734 274.82421875 277.580017089844 278.181976318359 278.557769775391 278.099212646484 275.489624023438 274.358032226562 276.193176269531 275.183319091797 272.732330322266 271.030395507812 265.981903076172 265.892913818359 268.121124267578 269.256896972656 268.296630859375 266.678558349609 265.286651611328 263.953155517578 265.153137207031 270.916809082031 276.488098144531 276.828369140625 275.974548339844 276.111541748047 277.045715332031 278.189086914062 278.964324951172 279.436370849609 279.445434570312 279.067993164062 278.930145263672 279.304870605469 279.993377685547 281.209014892578 281.026489257812 281.391052246094 281.849700927734 282.141479492188 282.357757568359 282.512786865234 282.659057617188 283.015045166016 282.985504150391 283.108337402344 283.429718017578
271.353149414062 271.060760498047 270.173950195312 273.747436523438 276.661071777344 278.560852050781 279.092498779297 278.684661865234 275.499450683594 271.169067382812 270.462188720703 270.950958251953 269.531433105469 267.142852783203 264.431091308594 265.906188964844 266.133972167969 266.056915283203 268.337463378906 268.187805175781 265.914611816406 266.844543457031 269.402130126953 273.676208496094 277.587158203125 276.685729980469 275.06298828125 274.542022705078 276.311157226562 278.139892578125 278.680786132812 279.407928466797 280.053039550781 280.050903320312 280.03759765625 280.001342773438 280.676452636719 281.664733886719 281.635162353516 281.919525146484 282.131469726562 282.266143798828 282.573669433594 282.718627929688 283.030212402344 283.604797363281 283.815155029297 283.703033447266 283.891174316406
273.085235595703 274.730194091797 273.540191650391 273.663482666016 276.734344482422 278.6845703125 279.201110839844 279.235046386719 277.225830078125 273.186920166016 270.705596923828 269.378967285156 266.422943115234 263.985137939453 263.0751953125 263.031677246094 262.925170898438 262.827880859375 266.638763427734 270.957000732422 270.152008056641 270.744659423828 273.987945556641 276.269378662109 277.393829345703 276.641815185547 274.732238769531 273.802886962891 275.834777832031 278.143890380859 278.764465332031 279.736755371094 280.290374755859 280.511566162109 280.887420654297 280.807556152344 281.21484375 281.949310302734 282.208892822266 282.454040527344 282.364837646484 282.433807373047 282.995666503906 282.809906005859 282.928985595703 283.504302978516 283.876251220703 284.086700439453 284.366821289062
272.529083251953 274.142333984375 276.271026611328 273.656158447266 274.305053710938 275.135803222656 277.11962890625 278.702728271484 278.905578613281 278.279602050781 277.027069091797 275.491180419922 275.154266357422 275.485076904297 274.725280761719 274.142517089844 274.167907714844 274.877044677734 276.200836181641 278.892028808594 279.825408935547 279.773590087891 279.789001464844 279.094268798828 278.381378173828 277.614593505859 275.913299560547 274.608764648438 275.921966552734 278.184173583984 279.489379882812 280.478546142578 280.063201904297 279.716796875 280.498748779297 281.405944824219 281.787414550781 282.042755126953 282.875366210938 283.260437011719 283.283416748047 283.640075683594 283.715087890625 283.592529296875 283.736083984375 284.309661865234 284.5361328125 284.353881835938 284.788848876953
275.036529541016 276.231475830078 275.035491943359 273.063598632812 269.949645996094 271.334350585938 276.681365966797 278.896331787109 279.005706787109 278.852813720703 278.269439697266 277.291717529297 276.967620849609 276.586975097656 278.403930664062 279.032012939453 278.657135009766 278.002593994141 278.727813720703 279.384490966797 279.349792480469 279.914978027344 280.169097900391 278.971740722656 278.316497802734 277.85400390625 275.9853515625 275.886657714844 276.678894042969 277.626525878906 279.319183349609 280.565185546875 279.737518310547 279.034088134766 279.874267578125 280.654968261719 280.870910644531 281.589813232422 282.331909179688 282.809204101562 283.163696289062 283.405487060547 283.145874023438 283.434753417969 283.905059814453 284.185821533203 284.507232666016 284.861114501953 284.967620849609
275.978729248047 278.213165283203 276.440307617188 274.914245605469 272.731842041016 274.160095214844 278.116485595703 279.398773193359 279.46044921875 279.332489013672 278.761627197266 278.819183349609 278.825592041016 277.263000488281 278.821929931641 279.515472412109 279.679840087891 279.719024658203 279.473999023438 279.059631347656 278.722595214844 279.282287597656 279.889495849609 279.450286865234 279.105346679688 278.477691650391 277.263488769531 277.0185546875 277.281890869141 277.751251220703 279.156585693359 280.708251953125 280.952880859375 280.590545654297 280.447845458984 280.090667724609 279.891693115234 280.931213378906 281.552093505859 281.930755615234 282.549835205078 282.815002441406 282.518005371094 282.984497070312 283.360229492188 283.499664306641 284.167327880859 284.744201660156 285.069793701172
273.225982666016 277.168060302734 277.470581054688 277.266632080078 277.005096435547 277.55859375 278.655090332031 279.258850097656 279.662048339844 279.679748535156 279.309387207031 279.383209228516 279.587280273438 278.450469970703 278.647308349609 279.466369628906 279.718078613281 280.011627197266 279.800659179688 279.050689697266 278.876647949219 278.808746337891 278.864685058594 279.663146972656 278.534576416016 277.124542236328 277.708801269531 277.160003662109 277.134613037109 278.386779785156 279.953552246094 280.965881347656 281.635498046875 281.358093261719 281.093139648438 280.677551269531 280.18310546875 281.202178955078 281.68408203125 281.787384033203 282.223358154297 282.572387695312 282.733306884766 282.952667236328 283.030639648438 283.600189208984 284.179779052734 284.504638671875 285.042144775391
270.900115966797 276.489074707031 278.163818359375 277.645690917969 277.913635253906 278.472747802734 279.352355957031 279.488494873047 279.756195068359 279.774810791016 279.241333007812 278.530609130859 278.286743164062 278.475006103516 278.777709960938 279.121673583984 279.546447753906 280.333953857422 279.835296630859 279.336608886719 279.544006347656 277.664978027344 275.934020996094 277.445678710938 277.159729003906 275.581451416016 277.016784667969 277.391662597656 278.467102050781 280.009490966797 281.141021728516 281.449920654297 281.553161621094 281.164978027344 281.256286621094 280.734313964844 279.57373046875 280.522186279297 281.384399414062 281.895233154297 282.198913574219 282.409576416016 282.891357421875 283.284301757812 283.166442871094 283.599853515625 284.230224609375 284.709197998047 284.952667236328
273.622924804688 277.325500488281 278.078521728516 276.572601318359 278.051635742188 279.070220947266 279.875061035156 279.770446777344 279.719024658203 279.457458496094 278.622802734375 277.476043701172 277.328948974609 278.317840576172 279.224975585938 279.333129882812 279.633972167969 280.032745361328 279.828033447266 279.993896484375 279.373840332031 275.109069824219 271.967193603516 274.420776367188 276.448547363281 275.903198242188 278.060668945312 278.723327636719 279.320861816406 280.090270996094 281.097839355469 281.742919921875 281.894439697266 281.548614501953 281.225189208984 280.825012207031 280.149169921875 280.42529296875 281.206604003906 282.014190673828 282.579162597656 282.778747558594 283.186553955078 283.614166259766 283.2587890625 283.383605957031 284.079132080078 284.867462158203 285.233917236328
276.525726318359 276.727233886719 275.5341796875 274.319305419922 276.871337890625 278.651885986328 279.260528564453 279.622344970703 279.890411376953 279.723724365234 278.924224853516 278.189392089844 278.121551513672 278.341705322266 278.750061035156 279.1513671875 279.789764404297 279.354339599609 279.019165039062 279.233062744141 277.246490478516 274.354400634766 272.547424316406 273.843383789062 275.732299804688 276.496459960938 279.203704833984 278.657104492188 277.584197998047 277.537994384766 279.352294921875 280.3076171875 280.664886474609 281.825897216797 281.662353515625 281.483337402344 281.643157958984 281.347503662109 281.749298095703 282.136291503906 282.727294921875 283.059143066406 283.509552001953 283.79736328125 283.512725830078 283.667541503906 283.681854248047 284.36865234375 285.470550537109
276.892364501953 276.127380371094 274.052185058594 271.652496337891 273.879608154297 276.120300292969 277.720397949219 279.311767578125 279.967590332031 280.189270019531 279.257843017578 278.408905029297 278.550506591797 278.582611083984 278.661163330078 278.879150390625 279.786926269531 279.443664550781 278.991363525391 278.696624755859 276.630523681641 275.886108398438 275.350708007812 274.584075927734 275.386932373047 277.072021484375 279.377563476562 277.270050048828 275.091400146484 275.204528808594 276.540710449219 277.317443847656 278.498107910156 281.332275390625 282.098937988281 281.566619873047 281.701110839844 281.888916015625 281.829895019531 281.754608154297 282.293762207031 282.830657958984 283.406097412109 283.754058837891 283.940338134766 283.877777099609 283.520416259766 284.027618408203 285.057830810547
276.425018310547 276.037506103516 274.587951660156 270.208038330078 270.662384033203 273.54443359375 277.259155273438 279.273803710938 279.886138916016 279.546142578125 278.510284423828 278.461730957031 278.896881103516 278.694061279297 279.075653076172 279.669342041016 280.195190429688 280.18994140625 279.936065673828 278.769378662109 277.559753417969 276.897491455078 275.982543945312 275.108673095703 275.360565185547 277.207733154297 280.344787597656 278.66943359375 276.941131591797 276.441589355469 276.122650146484 277.136444091797 278.567413330078 280.815277099609 281.810638427734 281.478698730469 281.524658203125 282.412750244141 282.097991943359 282.127044677734 282.693237304688 283.106658935547 283.360931396484 283.528472900391 284.118927001953 284.489013671875 284.339538574219 284.304534912109 284.639739990234
272.970581054688 274.419219970703 273.758483886719 269.72216796875 269.021240234375 273.623901367188 278.237243652344 279.295379638672 279.795959472656 279.448791503906 279.003356933594 279.674194335938 279.105743408203 278.018890380859 279.260711669922 280.064636230469 280.354217529297 280.558258056641 280.094970703125 279.100341796875 278.514251708984 278.019927978516 277.103881835938 276.309295654297 277.085296630859 278.852691650391 280.497192382812 280.4306640625 280.442596435547 279.666625976562 278.871978759766 279.670745849609 280.416259765625 281.211853027344 281.634582519531 281.666198730469 281.678771972656 282.801391601562 282.790740966797 283.0478515625 283.380523681641 283.626922607422 283.918029785156 283.739868164062 283.982666015625 284.934509277344 285.167663574219 284.804229736328 284.552215576172
270.834106445312 272.653076171875 272.75390625 268.684844970703 268.085388183594 273.639404296875 278.375915527344 278.9794921875 279.332061767578 279.857635498047 280.141723632812 280.209411621094 279.474975585938 278.806915283203 279.628814697266 280.011596679688 280.186798095703 280.336975097656 280.216369628906 280.216705322266 279.466278076172 279.037872314453 278.760925292969 277.396850585938 277.500030517578 278.579010009766 278.64306640625 279.825225830078 280.892822265625 281.045379638672 281.095123291016 281.663757324219 282.0693359375 281.964782714844 282.081970214844 282.516174316406 282.579895019531 283.439239501953 283.495452880859 283.627685546875 283.823760986328 283.993988037109 284.384552001953 284.326416015625 284.224395751953 284.769866943359 285.237487792969 285.204742431641 284.774322509766
273.457183837891 274.122772216797 274.997497558594 271.421539306641 270.876983642578 274.233795166016 278.036437988281 279.253967285156 279.505828857422 279.678588867188 280.020843505859 280.334320068359 280.281494140625 280.149505615234 279.738891601562 280.138580322266 280.262542724609 280.212371826172 280.167297363281 279.950622558594 278.830047607422 278.442718505859 279.355224609375 278.48876953125 277.390258789062 277.338928222656 277.510284423828 278.401763916016 279.429016113281 279.823608398438 280.596405029297 281.524871826172 282.106964111328 282.463470458984 282.525970458984 282.942535400391 283.125640869141 283.261993408203 283.393890380859 283.986297607422 284.197052001953 284.140563964844 284.385894775391 284.580291748047 284.425048828125 284.565338134766 285.152679443359 285.6171875 285.267333984375
