rcp8.5models/GFDL_CM3/sc1gr7.8
NCOLS 261 
NROWS 433 
XLLCORNER 336357.134 
YLLCORNER 654653.479 
CELLSIZE 1000 
NODATA_value -3.4e+38 
[rows 396 to 417 of 433, columns 49 to 97 of 261]
-3.4e+38 -3.4e+38 -3.4e+38 -3.4e+38 -3.4e+38 -3.4e+38 -3.4e+38 -3.4e+38 -3.4e+38 74.4838180541992 74.9804382324219 75.3312530517578 75.8523178100586 76.515495300293 77.2897415161133 77.9970550537109 78.6145706176758 79.1311721801758 80.598747253418 81.1255950927734 81.8712921142578 82.8281326293945 84.3702163696289 85.4949417114258 85.1872711181641 85.5428771972656 86.9318466186523 88.0576324462891 88.3244705200195 89.7276840209961 90.3361129760742 90.7921600341797 91.5998077392578 92.3876724243164 93.3146514892578 94.631950378418 95.3059997558594 95.5051498413086 99.7615051269531 100.00171661377 98.3295440673828 103.810546875 106.981399536133 108.045051574707 108.035026550293 109.97193145752 110.990303039551 111.420745849609 112.462272644043
-3.4e+38 -3.4e+38 -3.4e+38 -3.4e+38 -3.4e+38 -3.4e+38 -3.4e+38 -3.4e+38 -3.4e+38 74.7272872924805 75.1834487915039 75.5215759277344 76.1617202758789 76.6903686523438 77.4997482299805 78.2175979614258 78.9256591796875 79.5099792480469 80.8792953491211 81.4697799682617 82.1512069702148 82.7760391235352 83.7985763549805 85.0932846069336 85.3704452514648 85.8324279785156 86.6380310058594 87.1550369262695 87.9691390991211 89.9391860961914 90.721321105957 91.1141128540039 91.7953948974609 92.5510177612305 93.382942199707 94.3358383178711 94.878173828125 95.4137878417969 98.3049850463867 98.9951324462891 98.94091796875 103.800521850586 106.913185119629 107.747398376465 107.379417419434 109.132865905762 110.7451171875 111.948837280273 113.121871948242
-3.4e+38 -3.4e+38 -3.4e+38 -3.4e+38 -3.4e+38 -3.4e+38 -3.4e+38 -3.4e+38 -3.4e+38 -3.4e+38 75.3829574584961 75.8414306640625 76.4868927001953 76.91455078125 77.6895446777344 78.4076461791992 79.0575866699219 79.7691497802734 81.0576705932617 81.634880065918 82.2081527709961 82.8704299926758 83.6448211669922 84.7407608032227 85.3316650390625 85.8809356689453 87.0198822021484 88.6103210449219 88.6581573486328 89.8058319091797 91.0836563110352 91.2651824951172 91.7301177978516 92.4924468994141 93.1677474975586 93.8014984130859 94.5426788330078 95.5242767333984 96.9760360717773 97.7442474365234 98.7285766601562 103.378005981445 106.063423156738 106.782371520996 107.418647766113 108.305839538574 109.838851928711 111.778633117676 112.991073608398
-3.4e+38 -3.4e+38 -3.4e+38 -3.4e+38 -3.4e+38 -3.4e+38 -3.4e+38 -3.4e+38 -3.4e+38 -3.4e+38 75.8355484008789 76.1510925292969 76.6796035766602 77.1448974609375 77.8292007446289 78.5543670654297 79.2312164306641 79.9857788085938 81.3629302978516 81.8573760986328 82.4056625366211 82.9914093017578 83.8685150146484 85.0075836181641 85.3187561035156 85.890754699707 87.0293655395508 88.418571472168 88.4468688964844 89.8058395385742 90.7779998779297 91.1621627807617 91.8448715209961 92.7802429199219 93.3637008666992 93.830451965332 94.866096496582 95.7001113891602 96.3873138427734 97.7137222290039 98.5507583618164 103.235748291016 105.726112365723 107.055778503418 108.243873596191 108.474563598633 109.316535949707 111.56787109375 113.344062805176
-3.4e+38 -3.4e+38 -3.4e+38 -3.4e+38 -3.4e+38 -3.4e+38 -3.4e+38 -3.4e+38 -3.4e+38 -3.4e+38 -3.4e+38 76.4584045410156 76.9363784790039 77.4006118774414 77.9472351074219 78.7612991333008 79.5474243164062 80.2729415893555 81.6808929443359 82.1696014404297 82.8083190917969 83.264289855957 83.9121170043945 84.9551544189453 85.4836883544922 86.4353561401367 86.817626953125 87.3440628051758 88.0302810668945 89.6029434204102 90.6667633056641 91.3053665161133 92.0357894897461 93.1089401245117 93.5597381591797 94.2552871704102 95.0891647338867 95.7402038574219 96.4996490478516 97.7459487915039 98.4530715942383 101.931983947754 104.403305053711 106.775161743164 108.476379394531 109.505958557129 109.818618774414 111.04182434082 113.360458374023
-3.4e+38 -3.4e+38 -3.4e+38 -3.4e+38 -3.4e+38 -3.4e+38 -3.4e+38 -3.4e+38 -3.4e+38 -3.4e+38 -3.4e+38 76.6914978027344 77.2480392456055 77.8164596557617 78.2044372558594 78.9111328125 79.7212905883789 80.5136184692383 81.8876419067383 82.4331970214844 83.0415725708008 83.6009826660156 84.1001586914062 85.1406936645508 85.6870193481445 86.9873428344727 88.5333633422852 88.1601791381836 88.1177749633789 89.5920715332031 90.8178405761719 91.5257720947266 92.3849105834961 93.925048828125 93.8662490844727 94.4710388183594 95.1172332763672 95.6924362182617 96.5978546142578 97.9871444702148 98.8339309692383 100.192047119141 103.543792724609 106.360008239746 108.013313293457 110.08895111084 111.570610046387 111.467727661133 112.454032897949
-3.4e+38 -3.4e+38 -3.4e+38 -3.4e+38 -3.4e+38 -3.4e+38 -3.4e+38 -3.4e+38 -3.4e+38 -3.4e+38 -3.4e+38 76.8246231079102 77.4353713989258 78.0730285644531 78.5527725219727 79.166259765625 79.931510925293 80.8265380859375 82.0810699462891 82.7232818603516 83.5143280029297 83.9436721801758 84.3843994140625 85.226676940918 85.7620849609375 86.7192153930664 88.3093643188477 88.1039199829102 89.1747589111328 89.7377853393555 90.5597763061523 91.4100723266602 92.4467010498047 93.5996017456055 93.6891098022461 94.1664733886719 94.9868011474609 96.1767959594727 96.9709167480469 97.9402465820312 99.0045013427734 101.58666229248 103.042350769043 105.567108154297 108.088874816895 109.561790466309 111.34725189209 111.726448059082 111.392623901367
-3.4e+38 -3.4e+38 -3.4e+38 -3.4e+38 -3.4e+38 -3.4e+38 -3.4e+38 -3.4e+38 -3.4e+38 -3.4e+38 -3.4e+38 -3.4e+38 77.775505065918 78.4253768920898 78.9164047241211 79.5131912231445 80.2565994262695 81.0149688720703 82.3380661010742 83.0741195678711 83.8789367675781 84.223388671875 84.6867599487305 85.2823333740234 86.0213317871094 86.9791793823242 87.4241714477539 87.8167190551758 89.3209686279297 89.7866973876953 91.4933547973633 91.9361419677734 92.1299819946289 92.8299942016602 93.5567855834961 94.7133178710938 96.3331069946289 97.1980361938477 97.917724609375 98.6055908203125 99.8714294433594 104.133033752441 104.391868591309 104.144561767578 106.100082397461 108.005546569824 109.571144104004 111.31290435791 111.304489135742
-3.4e+38 -3.4e+38 -3.4e+38 -3.4e+38 -3.4e+38 -3.4e+38 -3.4e+38 -3.4e+38 -3.4e+38 -3.4e+38 -3.4e+38 -3.4e+38 -3.4e+38 78.5516891479492 79.1428833007812 79.8273468017578 80.3994979858398 81.1137008666992 82.4068832397461 83.3128814697266 84.0129623413086 84.5278167724609 84.9951095581055 85.6001434326172 86.2903137207031 87.12744140625 87.3775100708008 88.1879119873047 88.9349899291992 89.9786376953125 91.4752883911133 91.8162841796875 91.9189300537109 93.2720565795898 94.7308578491211 95.8368453979492 96.5723037719727 97.2171020507812 98.8312606811523 99.9867858886719 100.925575256348 104.626113891602 105.634712219238 105.247711181641 104.609077453613 106.717414855957 108.751449584961 110.39347076416 111.587753295898
-3.4e+38 -3.4e+38 -3.4e+38 -3.4e+38 -3.4e+38 -3.4e+38 -3.4e+38 -3.4e+38 -3.4e+38 -3.4e+38 -3.4e+38 -3.4e+38 -3.4e+38 -3.4e+38 79.2458038330078 80.0087509155273 80.498161315918 81.262580871582 82.5937271118164 83.4003067016602 84.2004776000977 84.7454986572266 85.2645492553711 85.7808456420898 86.3173294067383 86.8672485351562 87.2807922363281 88.1406631469727 89.3334503173828 90.1895599365234 91.1949157714844 92.4601516723633 92.4888229370117 94.1046752929688 95.5434341430664 95.5173187255859 96.1165237426758 97.0513076782227 98.7175369262695 100.184028625488 100.648597717285 103.86653137207 104.797309875488 106.107437133789 106.01725769043 106.168930053711 108.198196411133 109.325668334961 109.994117736816
-3.4e+38 -3.4e+38 -3.4e+38 -3.4e+38 -3.4e+38 -3.4e+38 -3.4e+38 -3.4e+38 -3.4e+38 -3.4e+38 -3.4e+38 -3.4e+38 -3.4e+38 -3.4e+38 79.8849792480469 80.3091430664062 80.8049392700195 81.3176498413086 83.1952819824219 84.0373992919922 84.5905532836914 84.952995300293 85.4265899658203 85.8930511474609 86.3997650146484 87.0708694458008 87.7969207763672 88.4011688232422 88.8672943115234 90.7935256958008 91.2434921264648 91.743782043457 92.8132095336914 93.6870956420898 94.0749588012695 94.9564819335938 96.6163330078125 97.8848114013672 98.8680114746094 99.2580184936523 99.7998962402344 102.42652130127 103.33895111084 103.582504272461 105.525886535645 106.168190002441 105.047294616699 105.285331726074 107.121673583984
-3.4e+38 -3.4e+38 -3.4e+38 -3.4e+38 -3.4e+38 -3.4e+38 -3.4e+38 -3.4e+38 -3.4e+38 -3.4e+38 -3.4e+38 -3.4e+38 -3.4e+38 -3.4e+38 -3.4e+38 80.405143737793 81.0175399780273 81.5618133544922 82.9183502197266 83.981315612793 84.769775390625 85.1368560791016 85.4932556152344 85.9555358886719 86.5000152587891 87.0949783325195 87.7334671020508 88.4675445556641 89.7187118530273 90.8486404418945 91.8466644287109 92.2307891845703 92.7464904785156 93.6392211914062 94.7229232788086 95.14794921875 96.5674514770508 98.3499145507812 100.585075378418 101.117279052734 99.9194946289062 101.796989440918 102.826675415039 104.084884643555 106.169746398926 106.96159362793 106.49723815918 106.396347045898 106.797004699707
-3.4e+38 -3.4e+38 -3.4e+38 -3.4e+38 -3.4e+38 -3.4e+38 -3.4e+38 -3.4e+38 -3.4e+38 -3.4e+38 -3.4e+38 -3.4e+38 -3.4e+38 -3.4e+38 -3.4e+38 80.4630584716797 81.2831878662109 81.6553726196289 82.8658294677734 83.9175491333008 84.862060546875 85.2522964477539 85.4943008422852 86.0007705688477 86.5925140380859 87.161003112793 87.6060638427734 88.9985275268555 90.5578002929688 91.4857025146484 91.6527633666992 92.1530151367188 92.8155136108398 93.8929443359375 94.9434509277344 95.1939697265625 96.1953353881836 98.0717391967773 100.074462890625 101.358589172363 101.051147460938 101.291786193848 102.193008422852 105.104454040527 106.644477844238 106.264595031738 107.58332824707 108.277191162109 108.080123901367
-3.4e+38 -3.4e+38 -3.4e+38 -3.4e+38 -3.4e+38 -3.4e+38 -3.4e+38 -3.4e+38 -3.4e+38 -3.4e+38 -3.4e+38 -3.4e+38 -3.4e+38 -3.4e+38 -3.4e+38 80.7931518554688 81.3835754394531 81.9970016479492 83.267204284668 84.094123840332 84.6603775024414 84.9096221923828 85.5084686279297 86.0524520874023 86.4431686401367 86.9467086791992 87.5517730712891 89.1715621948242 90.4560928344727 92.1374893188477 92.1310348510742 92.0511322021484 92.904182434082 93.7866973876953 94.6137619018555 95.0069808959961 95.8608016967773 97.0151062011719 98.1189956665039 98.9373092651367 99.9542388916016 100.486442565918 101.394004821777 103.61173248291 105.524375915527 104.757186889648 106.80549621582 110.990844726562 111.213203430176
-3.4e+38 -3.4e+38 -3.4e+38 -3.4e+38 -3.4e+38 -3.4e+38 -3.4e+38 -3.4e+38 -3.4e+38 -3.4e+38 -3.4e+38 -3.4e+38 -3.4e+38 -3.4e+38 -3.4e+38 -3.4e+38 81.312744140625 82.1875991821289 83.2065277099609 83.9702377319336 84.590446472168 84.8659133911133 85.3399276733398 85.8202362060547 86.2394409179688 87.0413055419922 88.0349273681641 89.0732650756836 90.4055557250977 92.0261917114258 92.7679290771484 92.8066711425781 93.0567321777344 93.3686370849609 94.323127746582 94.9731521606445 96.1476898193359 97.5536499023438 97.7450866699219 97.7936630249023 98.0829544067383 99.0964889526367 100.033714294434 101.234001159668 103.154891967773 104.07543182373 104.913688659668 109.166870117188 111.812393188477
-3.4e+38 -3.4e+38 -3.4e+38 -3.4e+38 -3.4e+38 -3.4e+38 -3.4e+38 -3.4e+38 -3.4e+38 -3.4e+38 -3.4e+38 -3.4e+38 -3.4e+38 -3.4e+38 -3.4e+38 -3.4e+38 -3.4e+38 -3.4e+38 82.9493789672852 83.8141555786133 84.5610122680664 84.9873657226562 85.2080917358398 85.6056518554688 86.1575546264648 86.9558334350586 88.253547668457 88.8380889892578 89.9163208007812 91.9130096435547 92.2446594238281 93.1381301879883 93.771125793457 94.327995300293 94.7470169067383 95.0606384277344 96.0932159423828 97.4286880493164 97.3273086547852 97.2127990722656 97.6968994140625 98.2018356323242 98.9062118530273 101.36595916748 103.729217529297 104.652633666992 103.624961853027 104.999008178711 107.608192443848
-3.4e+38 -3.4e+38 -3.4e+38 -3.4e+38 -3.4e+38 -3.4e+38 -3.4e+38 -3.4e+38 -3.4e+38 -3.4e+38 -3.4e+38 -3.4e+38 -3.4e+38 -3.4e+38 -3.4e+38 -3.4e+38 -3.4e+38 -3.4e+38 82.8779830932617 83.6513214111328 84.6250610351562 85.2512893676758 85.46435546875 85.6699676513672 86.1432723999023 86.7170333862305 87.6596298217773 88.3118896484375 89.410285949707 92.0006561279297 92.4410400390625 92.9043884277344 93.3720779418945 94.8759536743164 96.0442352294922 96.2360153198242 96.5628509521484 97.0930557250977 97.1088562011719 96.8366165161133 97.4545364379883 97.8222274780273 98.1610794067383 101.703063964844 104.897079467773 103.845474243164 102.379890441895 102.760581970215 103.261024475098
-3.4e+38 -3.4e+38 -3.4e+38 -3.4e+38 -3.4e+38 -3.4e+38 -3.4e+38 -3.4e+38 -3.4e+38 -3.4e+38 -3.4e+38 -3.4e+38 -3.4e+38 -3.4e+38 -3.4e+38 -3.4e+38 -3.4e+38 -3.4e+38 -3.4e+38 83.5195465087891 84.3960342407227 85.1437149047852 85.249267578125 85.5403289794922 86.1208190917969 86.6857604980469 87.2753067016602 88.0669937133789 89.0404434204102 91.5535507202148 92.674560546875 93.4361343383789 94.2723159790039 94.6260604858398 95.9828262329102 97.157829284668 97.418815612793 97.5741806030273 97.4089050292969 97.912239074707 98.6029357910156 98.8892974853516 98.2712707519531 99.6563491821289 101.448028564453 100.687812805176 100.763740539551 101.082359313965 101.421234130859
-3.4e+38 -3.4e+38 -3.4e+38 -3.4e+38 -3.4e+38 -3.4e+38 -3.4e+38 -3.4e+38 -3.4e+38 -3.4e+38 -3.4e+38 -3.4e+38 -3.4e+38 -3.4e+38 -3.4e+38 -3.4e+38 -3.4e+38 -3.4e+38 -3.4e+38 -3.4e+38 84.2013778686523 84.8120803833008 84.8388595581055 85.3730773925781 86.0598297119141 86.875617980957 87.4942779541016 88.3117446899414 88.8685150146484 90.9590377807617 92.1274795532227 93.0296630859375 95.0847244262695 95.3639297485352 95.9165725708008 96.8912353515625 96.7498092651367 97.1109924316406 98.4155502319336 99.6877670288086 99.1714553833008 99.0690689086914 98.4142761230469 98.1299438476562 98.5219650268555 99.2707595825195 100.448951721191 101.281806945801 101.941749572754
-3.4e+38 -3.4e+38 -3.4e+38 -3.4e+38 -3.4e+38 -3.4e+38 -3.4e+38 -3.4e+38 -3.4e+38 -3.4e+38 -3.4e+38 -3.4e+38 -3.4e+38 -3.4e+38 -3.4e+38 -3.4e+38 -3.4e+38 -3.4e+38 -3.4e+38 -3.4e+38 -3.4e+38 84.5756149291992 84.8393249511719 85.3926467895508 86.0141220092773 87.5642395019531 88.8165130615234 89.0837249755859 89.2268524169922 90.4893417358398 91.65478515625 92.2753982543945 93.948112487793 95.7761688232422 96.5986938476562 96.9098358154297 96.5528335571289 97.0841598510742 98.3695831298828 99.3248825073242 99.5098419189453 99.0069580078125 98.728645324707 98.5420532226562 98.3056716918945 99.2338256835938 101.278984069824 102.537322998047 104.763404846191
-3.4e+38 -3.4e+38 -3.4e+38 -3.4e+38 -3.4e+38 -3.4e+38 -3.4e+38 -3.4e+38 -3.4e+38 -3.4e+38 -3.4e+38 -3.4e+38 -3.4e+38 -3.4e+38 -3.4e+38 -3.4e+38 -3.4e+38 -3.4e+38 -3.4e+38 -3.4e+38 -3.4e+38 -3.4e+38 84.8059463500977 85.5974426269531 86.0042114257812 87.6259384155273 89.5976104736328 89.7855911254883 89.7650527954102 90.6500244140625 91.4001083374023 92.1156692504883 93.1241073608398 95.1100921630859 95.9306869506836 96.3449325561523 96.6808395385742 97.009407043457 97.4078674316406 98.4116821289062 100.208335876465 100.744369506836 100.584579467773 99.4411392211914 98.1428375244141 98.5460891723633 101.362411499023 102.036727905273 104.872940063477
-3.4e+38 -3.4e+38 -3.4e+38 -3.4e+38 -3.4e+38 -3.4e+38 -3.4e+38 -3.4e+38 -3.4e+38 -3.4e+38 -3.4e+38 -3.4e+38 -3.4e+38 -3.4e+38 -3.4e+38 -3.4e+38 -3.4e+38 -3.4e+38 -3.4e+38 -3.4e+38 -3.4e+38 -3.4e+38 -3.4e+38 85.6952514648438 86.111198425293 87.4152374267578 88.8785247802734 89.2778625488281 89.7862701416016 91.3534240722656 91.7206649780273 91.9149703979492 92.9458465576172 94.6078109741211 95.54833984375 96.0419921875 97.6467437744141 97.4918823242188 97.8744888305664 99.9933853149414 101.30069732666 101.811630249023 102.530548095703 100.368270874023 98.4716110229492 98.5855712890625 99.7025985717773 99.6318664550781 101.772308349609
