rcp8.5models/GFDL_CM3/sc1gr3.36
NCOLS 261 
NROWS 433 
XLLCORNER 336357.134 
YLLCORNER 654653.479 
CELLSIZE 1000 
NODATA_value -3.4e+38 
[rows 374 to 395 of 433, columns 147 to 195 of 261]
-3.4e+38 -3.4e+38 289.300231933594 289.086395263672 288.767974853516 288.820037841797 288.811798095703 288.699615478516 289.028198242188 289.724273681641 -3.4e+38 289.801147460938 290.070281982422 290.012115478516 289.733703613281 289.229095458984 288.555572509766 288.661560058594 289.071716308594 288.935180664062 288.636138916016 289.211242675781 289.567657470703 -3.4e+38 284.994506835938 274.90771484375 274.528503417969 274.503875732422 275.033325195312 275.2861328125 275.857391357422 276.568328857422 276.556213378906 275.977386474609 276.389038085938 276.845672607422 276.938110351562 276.851867675781 276.345672607422 276.000732421875 275.637268066406 275.460784912109 275.490325927734 -3.4e+38 276.048461914062 276.435394287109 276.858245849609 277.143402099609 276.984771728516
289.622406005859 289.364135742188 288.969696044922 288.678558349609 288.738464355469 289.016784667969 289.162811279297 289.030548095703 289.167999267578 289.366455078125 289.810211181641 -3.4e+38 -3.4e+38 -3.4e+38 289.531280517578 289.057342529297 288.691589355469 288.45654296875 289.198059082031 289.562927246094 289.163055419922 289.365142822266 289.641357421875 289.594146728516 284.854919433594 274.798583984375 274.816070556641 274.9345703125 275.570922851562 275.888153076172 276.295288085938 276.864318847656 276.816864013672 276.166687011719 276.785705566406 276.999267578125 277.092498779297 277.007049560547 276.522674560547 276.259887695312 276.001037597656 275.862579345703 275.686767578125 275.923095703125 276.179809570312 276.695678710938 276.968811035156 -3.4e+38 277.367095947266
289.731719970703 289.493896484375 289.049774169922 288.815826416016 288.982086181641 289.351806640625 289.684875488281 289.577789306641 289.483551025391 289.382293701172 289.770660400391 -3.4e+38 290.273864746094 289.996154785156 289.630676269531 289.235107421875 288.928985595703 288.586364746094 289.239898681641 289.997528076172 289.768737792969 289.721435546875 289.778442382812 289.52685546875 284.91796875 275.105865478516 275.302276611328 275.273254394531 275.733276367188 276.415313720703 276.629913330078 277.021270751953 276.99658203125 276.235687255859 276.948669433594 277.380279541016 277.233459472656 276.817993164062 276.759399414062 276.585021972656 276.550415039062 276.264862060547 275.819732666016 275.994110107422 276.271881103516 276.765106201172 -3.4e+38 277.406036376953 277.432556152344
289.905792236328 289.761199951172 289.301361083984 289.227752685547 289.303375244141 289.485687255859 289.918029785156 289.897125244141 289.541442871094 289.693298339844 290.283294677734 290.779632568359 290.496063232422 290.077301025391 289.903381347656 289.377014160156 288.926300048828 289.076965332031 289.514343261719 290.039001464844 290.260894775391 290.084625244141 289.664093017578 289.505126953125 285.270935058594 275.516174316406 275.734527587891 275.687042236328 275.846160888672 276.310943603516 276.629608154297 276.890228271484 276.984649658203 276.437316894531 277.268310546875 277.702392578125 277.419982910156 276.749114990234 276.998291015625 276.866119384766 276.911956787109 276.417755126953 275.724029541016 -3.4e+38 276.302154541016 276.416473388672 276.862518310547 277.098175048828 -3.4e+38
289.779388427734 289.706817626953 289.685424804688 289.497467041016 289.466827392578 289.466186523438 289.817626953125 290.280639648438 289.792724609375 289.638580322266 290.569946289062 290.576995849609 290.292205810547 289.957702636719 289.760986328125 289.333984375 289.128112792969 289.517059326172 289.707672119141 290.052764892578 290.479339599609 290.112487792969 289.227844238281 289.515197753906 285.562591552734 275.890441894531 276.128692626953 276.207977294922 276.129364013672 276.344604492188 276.805999755859 277.101226806641 277.161315917969 276.761108398438 277.154418945312 277.570861816406 277.610137939453 277.263122558594 277.056243896484 277.201599121094 276.838928222656 276.533416748047 276.084899902344 275.865051269531 275.894073486328 276.154449462891 276.540313720703 276.645629882812 277.009399414062
289.639282226562 289.710296630859 289.848663330078 289.659820556641 289.508087158203 289.387390136719 289.926177978516 290.566955566406 290.292175292969 289.808166503906 290.290405273438 290.571960449219 290.451873779297 290.087799072266 289.886138916016 289.717681884766 289.630706787109 289.570709228516 289.668853759766 290.188446044922 290.493896484375 290.221008300781 289.270263671875 289.532653808594 285.768035888672 276.358276367188 276.535888671875 276.615570068359 276.435302734375 276.394866943359 276.893646240234 277.401489257812 277.447387695312 277.195251464844 277.19677734375 277.533599853516 277.694671630859 277.791931152344 277.459533691406 277.562835693359 277.053588867188 276.773132324219 276.468353271484 275.790832519531 275.443725585938 276.021392822266 276.007720947266 276.107849121094 276.624725341797
289.751342773438 289.968994140625 290.320770263672 290.084289550781 289.579345703125 289.388519287109 289.970367431641 -3.4e+38 290.652374267578 290.326782226562 290.523620605469 290.811981201172 290.447326660156 290.087768554688 290.190277099609 289.960693359375 289.707244873047 289.341796875 289.470001220703 289.909942626953 -3.4e+38 290.480743408203 289.933288574219 289.967163085938 285.989593505859 276.497009277344 276.947265625 276.8046875 276.462829589844 276.298431396484 276.702056884766 277.119018554688 277.543609619141 277.442565917969 277.619750976562 277.705261230469 277.704925537109 278.018371582031 277.961486816406 -3.4e+38 -3.4e+38 277.133544921875 276.435668945312 275.674865722656 275.182983398438 275.508728027344 275.536163330078 275.626220703125 275.771392822266
290.008026123047 290.060974121094 290.635345458984 290.318511962891 289.735992431641 289.725128173828 289.943023681641 290.711029052734 290.985015869141 290.775024414062 291.040435791016 290.781494140625 290.331970214844 290.269897460938 290.429748535156 290.123016357422 289.650054931641 289.247283935547 289.487213134766 289.758331298828 290.133575439453 290.662841796875 290.454681396484 290.471099853516 286.217590332031 276.562683105469 277.215240478516 277.003356933594 276.437347412109 276.332641601562 276.394622802734 276.665405273438 277.060546875 277.327697753906 277.420196533203 277.468017578125 277.505737304688 277.869659423828 -3.4e+38 -3.4e+38 277.903381347656 277.144653320312 276.611724853516 275.997100830078 275.188781738281 275.05419921875 275.584167480469 275.767669677734 275.6171875
290.525390625 290.317840576172 290.631439208984 290.435302734375 290.245513916016 290.37158203125 290.180145263672 290.675231933594 290.997589111328 291.123352050781 291.068023681641 290.690368652344 -3.4e+38 -3.4e+38 290.705688476562 290.282043457031 289.775909423828 289.378204345703 289.838928222656 290.305572509766 290.569305419922 290.882171630859 290.584259033203 290.736694335938 286.589477539062 276.870544433594 277.170104980469 277.174621582031 276.769378662109 276.271606445312 275.872283935547 276.274322509766 276.567626953125 276.660278320312 276.947265625 276.963714599609 277.242797851562 277.606018066406 277.987823486328 -3.4e+38 -3.4e+38 -3.4e+38 277.203643798828 276.672943115234 275.844268798828 274.975219726562 275.920745849609 276.383941650391 276.044921875
290.865783691406 291.079986572266 290.958770751953 291.276184082031 291.095672607422 291.134735107422 290.839447021484 290.254974365234 290.077209472656 290.809204101562 291.615203857422 290.876495361328 290.264282226562 -3.4e+38 290.646575927734 290.528411865234 290.295715332031 290.008819580078 290.163177490234 290.595947265625 291.093872070312 291.130035400391 290.664642333984 286.9130859375 277.472564697266 277.808197021484 277.589965820312 277.094909667969 276.795440673828 276.534698486328 276.334014892578 276.166748046875 275.792266845703 276.662231445312 276.652404785156 276.783172607422 276.796081542969 277.005737304688 277.695709228516 -3.4e+38 -3.4e+38 -3.4e+38 277.972534179688 277.523620605469 276.832855224609 277.061676025391 277.307983398438 276.030120849609 273.238830566406
290.666229248047 291.047485351562 291.169067382812 291.366424560547 291.308044433594 291.331787109375 291.175506591797 290.688873291016 290.465911865234 291.096343994141 291.529876708984 291.141082763672 290.748260498047 290.362335205078 290.027587890625 289.801879882812 289.879791259766 289.891326904297 290.324951171875 290.575592041016 290.726348876953 291.111175537109 291.116180419922 287.03857421875 277.854888916016 278.083221435547 277.672882080078 277.123718261719 277.095581054688 276.797485351562 276.629089355469 276.498291015625 276.149505615234 276.750030517578 -3.4e+38 277.397064208984 277.216339111328 277.173736572266 277.684234619141 -3.4e+38 -3.4e+38 278.327789306641 278.502960205078 278.157318115234 277.566680908203 277.442932128906 277.742279052734 276.139129638672 273.909454345703
290.697113037109 291.130004882812 291.068511962891 291.230224609375 291.55419921875 291.532836914062 291.620666503906 291.219055175781 291.074096679688 291.556854248047 -3.4e+38 291.485412597656 291.088592529297 290.632293701172 290.124603271484 289.620849609375 289.450256347656 289.690093994141 290.133605957031 290.206481933594 290.466400146484 290.961273193359 291.540954589844 287.187835693359 278.077331542969 278.099273681641 277.81787109375 277.345367431641 277.159332275391 277.132659912109 277.130737304688 276.893249511719 276.631164550781 276.726806640625 277.317443847656 277.312438964844 -3.4e+38 277.777160644531 277.672882080078 278.201690673828 278.664611816406 278.734527587891 278.763214111328 278.730743408203 278.383666992188 277.811737060547 277.750946044922 276.985137939453 276.620758056641
290.606353759766 290.823944091797 290.653686523438 290.782836914062 291.209259033203 291.514770507812 291.707855224609 291.539886474609 291.618377685547 291.723876953125 291.687042236328 290.981292724609 290.643951416016 290.446960449219 290.296203613281 289.951721191406 289.800109863281 289.797760009766 289.681610107422 289.972839355469 290.486877441406 290.956481933594 291.634735107422 287.530487060547 278.045166015625 278.153839111328 278.247039794922 277.712738037109 277.278564453125 277.42138671875 277.584259033203 277.252349853516 276.505462646484 276.630554199219 277.245056152344 277.385833740234 277.893493652344 278.183532714844 277.92431640625 278.003387451172 278.38330078125 278.475402832031 278.752197265625 278.78173828125 278.663055419922 -3.4e+38 277.857116699219 277.512603759766 277.141906738281
290.099090576172 290.40380859375 290.707733154297 290.849517822266 291.118835449219 291.426147460938 291.679992675781 291.625152587891 291.616638183594 -3.4e+38 291.546600341797 290.5869140625 290.223510742188 290.210998535156 290.232574462891 290.142486572266 290.135009765625 290.104339599609 289.508605957031 289.69091796875 290.370849609375 290.929046630859 291.432495117188 287.447143554688 277.999053955078 278.302734375 278.549530029297 277.9296875 277.508422851562 277.824523925781 277.920806884766 277.366149902344 276.396209716797 276.635101318359 277.1591796875 277.634582519531 278.296356201172 278.449432373047 278.367431640625 278.072265625 278.347015380859 278.192291259766 278.699157714844 278.853302001953 278.755950927734 277.612091064453 278.179290771484 277.623229980469 276.299224853516
290.091247558594 290.558746337891 291.128814697266 291.208709716797 291.310668945312 291.511596679688 291.794403076172 291.668640136719 291.504150390625 291.377502441406 291.137603759766 290.414642333984 290.219573974609 290.597381591797 290.641754150391 290.38720703125 290.321502685547 290.319427490234 289.863800048828 289.681213378906 290.119201660156 290.561370849609 291.074523925781 287.062072753906 278.073883056641 278.425720214844 278.859375 278.437622070312 278.051391601562 278.244842529297 278.042724609375 277.374481201172 276.906219482422 276.88525390625 277.139526367188 277.375640869141 278.0400390625 278.3447265625 278.776153564453 278.662780761719 278.689666748047 278.304870605469 278.687835693359 278.884216308594 278.910705566406 278.802703857422 278.629486083984 277.696838378906 275.767791748047
290.349639892578 290.750579833984 291.122741699219 291.107940673828 291.311157226562 291.421203613281 291.726348876953 291.887969970703 291.610778808594 291.375854492188 290.922729492188 290.471343994141 290.493499755859 290.792999267578 290.895233154297 290.716766357422 290.628265380859 290.371215820312 290.199066162109 290.012237548828 290.229919433594 290.169464111328 290.722991943359 287.075866699219 278.195648193359 278.516632080078 278.808532714844 278.973327636719 278.684875488281 278.33154296875 278.021636962891 277.694702148438 277.760406494141 277.629241943359 277.370971679688 277.249633789062 277.697357177734 278.247222900391 278.815734863281 279.02880859375 279.013488769531 278.792236328125 278.884613037109 278.9755859375 279.087371826172 278.934143066406 279.010223388672 278.442474365234 277.355010986328
290.247253417969 290.567413330078 290.567962646484 290.509063720703 290.880554199219 291.151763916016 291.619415283203 291.979736328125 291.740936279297 291.380004882812 291.176635742188 290.849609375 290.827331542969 291.389099121094 291.408142089844 291.237823486328 290.902160644531 290.392120361328 290.356231689453 290.312866210938 290.479339599609 290.172760009766 290.071105957031 286.907775878906 278.240417480469 278.622467041016 278.835327148438 279.153961181641 278.855224609375 278.320861816406 278.104187011719 278.065185546875 278.234497070312 278.162048339844 277.798492431641 277.603271484375 277.752227783203 278.313842773438 278.495666503906 279.039703369141 279.171966552734 279.138397216797 279.062347412109 279.154907226562 279.036590576172 278.923492431641 279.116027832031 279.161712646484 278.635833740234
289.953002929688 -3.4e+38 290.0009765625 290.1591796875 290.375640869141 290.833374023438 291.530059814453 291.88037109375 292.052856445312 291.807342529297 291.514526367188 291.675109863281 291.458984375 291.871917724609 291.67333984375 291.385589599609 290.986419677734 290.800506591797 290.820343017578 290.757751464844 290.639526367188 290.415557861328 290.034362792969 286.630401611328 278.210723876953 278.616058349609 279.291290283203 279.240020751953 278.859008789062 278.510559082031 278.227233886719 278.237426757812 278.269592285156 278.385559082031 278.184448242188 277.818939208984 277.660766601562 278.241638183594 278.503692626953 279.132751464844 279.347473144531 -3.4e+38 279.299865722656 279.392761230469 279.214385986328 279.205657958984 279.290344238281 279.458557128906 279.143737792969
289.341644287109 289.625946044922 289.907684326172 290.358947753906 290.560546875 290.912872314453 291.551361083984 291.972503662109 292.557739257812 292.448699951172 292.066772460938 292.053588867188 291.931030273438 291.644622802734 291.359619140625 291.265960693359 290.784973144531 291.192321777344 291.182220458984 291.120056152344 290.834533691406 -3.4e+38 290.576110839844 286.825256347656 278.384674072266 278.914215087891 279.341552734375 279.253784179688 279.027038574219 278.775177001953 278.228881835938 278.542877197266 278.754058837891 278.738708496094 278.222137451172 277.950347900391 277.707366943359 278.23095703125 278.517547607422 279.185882568359 279.340545654297 279.452026367188 -3.4e+38 -3.4e+38 279.537994384766 279.485473632812 279.600433349609 279.562286376953 279.633178710938
289.222320556641 289.518646240234 289.818572998047 290.210052490234 290.571258544922 290.92138671875 291.526000976562 291.809997558594 292.329010009766 292.547729492188 292.486999511719 291.774139404297 291.604217529297 291.423583984375 291.304107666016 291.240631103516 291.050842285156 291.518341064453 291.349517822266 291.062683105469 291.074157714844 291.140441894531 290.686828613281 286.824462890625 278.404815673828 278.953155517578 279.250549316406 279.236511230469 279.187225341797 278.956451416016 278.465362548828 278.858703613281 279.22705078125 279.018463134766 278.374389648438 278.131927490234 277.927429199219 278.321563720703 278.358306884766 278.865966796875 279.079132080078 279.211486816406 279.469482421875 -3.4e+38 279.651458740234 279.435821533203 279.481750488281 279.634979248047 279.706085205078
289.654174804688 289.946258544922 289.767669677734 289.825225830078 290.297576904297 290.633361816406 291.121612548828 291.405944824219 291.772583007812 292.303924560547 292.266662597656 291.657897949219 291.369567871094 291.311096191406 291.406494140625 291.231964111328 291.555114746094 291.557403564453 291.186004638672 291.130920410156 291.401275634766 291.635711669922 290.835784912109 286.671569824219 278.350494384766 278.676208496094 279.156616210938 279.215362548828 279.294097900391 279.115264892578 278.944152832031 279.002685546875 279.205444335938 279.227783203125 278.791778564453 278.165985107422 278.125610351562 278.557250976562 278.220489501953 278.502044677734 279.129486083984 279.118194580078 279.186309814453 279.571228027344 279.538940429688 279.469818115234 279.482482910156 279.8818359375 279.677062988281
289.252014160156 290.275604248047 290.606475830078 290.379943847656 290.294494628906 290.318389892578 290.445465087891 290.726623535156 291.27490234375 291.931365966797 292.543182373047 291.876861572266 291.786437988281 291.863311767578 292.071655273438 291.985015869141 291.592193603516 291.373199462891 291.581573486328 291.788909912109 292.200378417969 292.174865722656 287.403137207031 278.247955322266 278.202362060547 278.436981201172 278.972351074219 279.126495361328 279.582153320312 279.595581054688 279.224975585938 279.769622802734 279.827697753906 279.913513183594 279.329650878906 278.774658203125 278.949859619141 278.870971679688 278.283111572266 278.453247070312 278.731231689453 278.637847900391 278.791076660156 279.13232421875 279.648529052734 279.94287109375 280.040954589844 279.900115966797 279.879028320312
