rcp8.5models/GFDL_CM3/sc1gr7.13
NCOLS 261 
NROWS 433 
XLLCORNER 336357.134 
YLLCORNER 654653.479 
CELLSIZE 1000 
NODATA_value -3.4e+38 
[rows 330 to 351 of 433, columns 49 to 97 of 261]
107.568099975586 107.310562133789 107.012596130371 106.640533447266 106.336608886719 106.014060974121 105.680885314941 105.22289276123 104.904556274414 104.672668457031 104.46671295166 104.115028381348 103.84610748291 103.523612976074 103.061004638672 102.629287719727 102.162376403809 101.699546813965 100.572547912598 100.299522399902 99.9955749511719 99.3567199707031 98.979736328125 98.6648406982422 -3.4e+38 -3.4e+38 97.3746871948242 -3.4e+38 96.6928939819336 96.0409088134766 96.2876434326172 96.5664901733398 96.4893035888672 96.2500228881836 95.2953338623047 93.9067306518555 93.1221923828125 92.8608932495117 93.0890655517578 93.4037322998047 92.6825866699219 91.8087387084961 91.8312835693359 92.1642761230469 92.5044174194336 92.4403610229492 92.6099319458008 92.7596893310547 92.4874420166016
107.549224853516 107.378311157227 106.99454498291 106.65682220459 106.34009552002 105.899421691895 105.548286437988 105.034225463867 104.800148010254 104.519859313965 104.098220825195 103.611824035645 103.553321838379 103.447616577148 102.995002746582 102.586212158203 102.183067321777 101.822326660156 100.892562866211 100.474128723145 100.022575378418 99.5624694824219 98.8702850341797 98.2977066040039 -3.4e+38 97.4057083129883 97.4378280639648 -3.4e+38 96.7033843994141 96.5257034301758 96.7863922119141 96.8146667480469 96.6690902709961 96.4280624389648 95.9668579101562 95.1252593994141 94.137939453125 93.8410110473633 94.2202987670898 94.3811721801758 93.3296127319336 92.1042861938477 92.1365509033203 92.1761169433594 92.4287338256836 92.329833984375 92.3426055908203 92.4552230834961 92.0492172241211
107.39086151123 107.215255737305 106.95841217041 106.607391357422 106.196739196777 105.920631408691 105.662391662598 104.892799377441 104.557029724121 104.284332275391 103.864929199219 103.432121276855 103.391807556152 103.299468994141 102.933120727539 102.517501831055 102.099609375 101.786918640137 101.033195495605 100.599479675293 100.170951843262 99.8255920410156 98.4524307250977 97.9002838134766 -3.4e+38 97.2158966064453 97.2874221801758 97.2607879638672 96.8504180908203 96.7503662109375 96.7591094970703 96.6051483154297 96.6493072509766 96.3690032958984 96.1129379272461 95.78515625 95.0658798217773 94.7422943115234 94.9490356445312 94.5044021606445 93.2904510498047 92.2835464477539 92.361328125 92.2776565551758 92.3522262573242 92.2966690063477 92.1704254150391 92.2378616333008 92.0442352294922
107.330680847168 107.039283752441 106.873237609863 106.432510375977 105.970268249512 105.816268920898 105.551277160645 104.772773742676 104.288719177246 104.03165435791 103.707183837891 103.410354614258 103.34765625 103.099380493164 102.720291137695 102.354125976562 101.94881439209 101.628303527832 100.890754699707 100.548217773438 100.241996765137 99.8466796875 98.4189987182617 97.686149597168 -3.4e+38 97.1999130249023 96.8779907226562 97.1913604736328 96.6372604370117 96.5207214355469 96.3993377685547 96.4320297241211 96.5230941772461 96.2858581542969 96.0868301391602 95.9062271118164 95.5229034423828 95.2377624511719 95.1955490112305 94.8402252197266 93.650390625 92.4815368652344 92.444953918457 92.5433883666992 92.4241790771484 92.1663360595703 92.1345901489258 92.3571929931641 92.5218963623047
107.29118347168 106.981132507324 106.77416229248 106.3193359375 105.929718017578 105.710121154785 105.267196655273 104.516387939453 104.01806640625 103.773818969727 103.57389831543 103.424133300781 103.292221069336 102.916091918945 102.504150390625 102.193389892578 101.566589355469 101.210655212402 100.774826049805 100.550964355469 100.24072265625 99.6283569335938 98.6179656982422 97.7270431518555 97.8052291870117 97.5423202514648 97.0921249389648 97.237922668457 96.2466201782227 96.4230270385742 96.2984771728516 96.1928558349609 95.9166564941406 96.0591888427734 96.141975402832 95.778678894043 95.5727005004883 95.3705062866211 94.8910751342773 94.7913589477539 94.5359039306641 92.6019668579102 92.4813385009766 92.6374740600586 92.6412887573242 92.3388442993164 92.2033996582031 92.5753784179688 93.0400543212891
107.244743347168 106.92887878418 106.662254333496 106.322547912598 105.954246520996 105.567939758301 105.076904296875 104.329803466797 103.945831298828 103.688598632812 103.508995056152 103.327537536621 103.040657043457 102.697151184082 102.420066833496 102.107933044434 101.534729003906 101.127143859863 100.719635009766 100.50560760498 100.147621154785 99.5147247314453 98.7263336181641 97.9183883666992 97.8444976806641 97.7998504638672 97.4980163574219 97.4147338867188 96.3293075561523 96.5512084960938 96.4242248535156 96.1292953491211 95.6894378662109 95.9254837036133 96.2030487060547 95.930290222168 95.7180786132812 95.4642181396484 94.7370300292969 94.6475524902344 95.0467758178711 92.9853439331055 92.9401702880859 93.0725860595703 92.8656463623047 92.6582336425781 92.3630828857422 92.8208389282227 93.9326934814453
107.24927520752 106.843338012695 106.533599853516 106.092994689941 105.667678833008 105.273307800293 104.849670410156 104.052185058594 103.804130554199 103.497108459473 103.106910705566 102.916320800781 102.674133300781 102.318794250488 102.025764465332 101.791175842285 101.464057922363 101.10897064209 100.620483398438 100.302963256836 99.9333953857422 99.5043258666992 98.8769226074219 98.1898956298828 97.84765625 97.8261108398438 97.6727676391602 97.7578201293945 97.5210800170898 96.7308120727539 96.3632278442383 96.1410369873047 95.7368240356445 95.7345199584961 96.1500015258789 96.2750778198242 96.0903930664062 95.7960357666016 95.5903854370117 95.1619186401367 94.9843826293945 94.5936279296875 94.2371597290039 94.4762344360352 94.5293579101562 93.8535766601562 92.7438735961914 92.6155090332031 93.556526184082
107.170288085938 106.79337310791 106.42903137207 105.884986877441 105.407165527344 104.980880737305 104.623924255371 104.095306396484 103.777137756348 103.347206115723 102.956382751465 102.726272583008 102.461128234863 102.157089233398 101.883911132812 101.671981811523 101.378883361816 101.07958984375 100.564651489258 100.240631103516 99.8703384399414 99.5230255126953 98.9473571777344 98.3192749023438 97.9706878662109 97.8757934570312 97.6957092285156 97.5958786010742 97.5936660766602 96.8585662841797 96.4195709228516 96.2084045410156 95.8388442993164 95.8466949462891 96.2408142089844 96.2345733642578 96.0646743774414 95.9013061523438 95.7418060302734 95.5096130371094 95.3066940307617 95.1098556518555 94.8675918579102 94.7456130981445 94.7163619995117 94.1514129638672 93.0408020019531 92.5617370605469 92.8397064208984
107.13744354248 106.765258789062 106.268051147461 105.687698364258 105.252777099609 104.840087890625 104.570518493652 104.037437438965 103.562240600586 103.204292297363 102.906074523926 102.520011901855 102.24348449707 102.038108825684 101.758346557617 101.56470489502 101.334564208984 101.051010131836 100.442764282227 100.109184265137 99.7443618774414 99.4666366577148 98.9608154296875 98.4816207885742 98.1821517944336 97.9472351074219 97.7317810058594 97.6060104370117 97.7307815551758 96.9618225097656 96.4893264770508 96.2681121826172 95.7344360351562 95.5795593261719 96.1647567749023 96.2990798950195 96.1078414916992 95.9131164550781 95.6947402954102 95.5939636230469 95.4286041259766 95.091796875 95.0587768554688 94.9317855834961 94.8270721435547 94.5641632080078 93.7728958129883 92.9750900268555 92.7066879272461
106.968315124512 106.516181945801 106.053657531738 105.689231872559 105.34838104248 104.929504394531 104.547966003418 103.789642333984 103.422729492188 103.18677520752 102.872711181641 102.397796630859 102.100593566895 101.954193115234 101.661735534668 101.382293701172 101.216079711914 100.91828918457 100.146202087402 99.8630294799805 99.5923385620117 99.286247253418 99.0402526855469 98.6773071289062 98.317497253418 98.01611328125 97.7330932617188 97.7078399658203 97.8118133544922 96.7580795288086 96.0226516723633 95.8592681884766 95.778205871582 95.23046875 95.6963119506836 96.2775802612305 96.1575241088867 95.9629135131836 95.7758560180664 95.6372299194336 95.4493179321289 95.0886535644531 95.0099792480469 95.0002365112305 94.9069671630859 94.6955108642578 94.2272415161133 93.4444198608398 92.7696838378906
106.851440429688 106.378707885742 106.005874633789 105.740608215332 105.244560241699 104.756607055664 104.379417419434 103.701545715332 103.46614074707 103.119926452637 102.705993652344 102.291870117188 101.981819152832 101.772880554199 101.576263427734 101.294075012207 101.070640563965 100.75032043457 99.937385559082 99.6471481323242 99.3794174194336 99.2348709106445 99.1674118041992 98.7059097290039 98.2683715820312 97.9686965942383 97.6585998535156 97.6989059448242 97.7744674682617 96.3631057739258 96.0962753295898 95.9538803100586 96.1933135986328 95.6920623779297 95.755256652832 96.2349548339844 96.1150360107422 96.0359344482422 95.8825225830078 95.5093612670898 95.3201599121094 95.1285400390625 95.0501174926758 95.0598602294922 94.8611450195312 94.6736526489258 94.3988647460938 93.7216644287109 92.9228363037109
106.65111541748 106.186790466309 105.966453552246 105.688285827637 105.000701904297 104.472610473633 104.141189575195 103.560607910156 103.405448913574 103.039772033691 102.576477050781 102.194313049316 101.904685974121 101.666854858398 101.421798706055 101.206802368164 100.936660766602 100.591445922852 99.9279632568359 99.5098571777344 99.1955261230469 99.1539611816406 99.1178741455078 98.8038101196289 98.4213027954102 97.9327087402344 97.570930480957 97.5299682617188 97.628662109375 96.7925491333008 96.5808410644531 96.3139114379883 96.4931564331055 96.3971328735352 95.9730606079102 96.0767669677734 96.1860046386719 96.0634231567383 95.8784637451172 95.3594512939453 95.086669921875 95.2170715332031 95.114143371582 95.0657424926758 94.9673538208008 94.8454284667969 94.6882476806641 93.92041015625 92.9632949829102
106.575187683105 105.994598388672 105.665924072266 105.408279418945 104.922424316406 104.382255554199 103.986122131348 103.475044250488 103.318801879883 103.02857208252 102.448303222656 102.052207946777 101.897644042969 101.583274841309 101.248840332031 101.037292480469 100.794303894043 100.499717712402 99.9823455810547 99.6813430786133 99.3410034179688 99.1706848144531 99.0711517333984 98.8604125976562 98.6323852539062 98.2588653564453 97.8055114746094 97.5084533691406 97.4787368774414 97.4247665405273 97.046012878418 96.7685623168945 96.7938003540039 96.7425689697266 96.1620407104492 96.0774383544922 96.315803527832 96.0854034423828 95.8491439819336 95.5192108154297 95.2672271728516 95.2168350219727 95.0685348510742 95.0471038818359 95.0942916870117 94.9962768554688 94.8166885375977 94.0311584472656 93.0258560180664
106.615684509277 106.107009887695 105.627540588379 105.224906921387 104.893524169922 104.434112548828 103.989631652832 103.470268249512 103.247299194336 102.92643737793 102.25611114502 101.897239685059 101.830825805664 101.580558776855 101.286209106445 100.98314666748 100.739929199219 100.449180603027 99.9077072143555 99.7287521362305 99.5061416625977 99.0458984375 98.8815002441406 98.7566070556641 98.5808486938477 98.4749526977539 98.1629257202148 97.8489303588867 97.6970062255859 97.5605163574219 97.3255386352539 97.1241149902344 97.005615234375 96.8253631591797 96.407112121582 96.2509155273438 96.3352203369141 96.0794982910156 95.877799987793 95.7887420654297 95.6224212646484 95.0547561645508 94.9555053710938 95.0066909790039 95.0889053344727 94.9506149291992 94.8440856933594 94.2935333251953 93.265251159668
106.622650146484 106.257362365723 105.716926574707 105.180305480957 104.77660369873 104.41032409668 104.0791015625 103.481018066406 103.195274353027 102.814125061035 102.264434814453 101.86141204834 101.653045654297 101.417320251465 101.130821228027 100.882331848145 100.619285583496 100.286933898926 99.7993774414062 99.6137771606445 99.4565963745117 99.0988235473633 98.8857498168945 98.7768478393555 98.5748138427734 98.4163131713867 98.177375793457 97.7899169921875 97.4905471801758 97.3306732177734 97.0925064086914 96.7391891479492 96.6469497680664 96.3230133056641 96.2797317504883 96.3438568115234 96.2456359863281 96.1075134277344 95.9614028930664 95.873405456543 95.7193069458008 94.9623260498047 94.7757186889648 95.0149917602539 95.1783447265625 95.0060272216797 94.8797378540039 94.5336685180664 93.5069732666016
106.545677185059 106.270156860352 105.695617675781 105.134765625 104.836761474609 104.477798461914 104.066429138184 103.47240447998 103.002067565918 102.587417602539 102.246780395508 101.833045959473 101.471305847168 101.231460571289 100.944389343262 100.659111022949 100.45108795166 100.168006896973 99.7269058227539 99.5613403320312 99.3424682617188 99.0056686401367 98.6789093017578 98.6765975952148 98.5575942993164 98.1728820800781 97.9877166748047 97.6315765380859 97.1333541870117 97.0231628417969 97.0634307861328 96.4982833862305 96.2237777709961 95.9797134399414 96.1253051757812 96.4287567138672 96.1053237915039 95.9669647216797 95.9900970458984 95.8917694091797 95.7933883666992 95.3313064575195 94.8587875366211 94.9465103149414 95.2617645263672 95.1230239868164 94.8952789306641 94.4184417724609 93.4504318237305
106.555122375488 106.24193572998 105.713302612305 105.142166137695 104.911773681641 104.588996887207 104.138305664062 103.385833740234 102.953285217285 102.314552307129 102.002586364746 101.738807678223 101.437728881836 101.190628051758 100.830780029297 100.547973632812 100.362648010254 100.099174499512 99.6799163818359 99.4460983276367 99.2024307250977 98.9220275878906 98.6385726928711 98.5754013061523 98.2976226806641 97.8814163208008 97.6923370361328 97.4591064453125 97.1133270263672 96.7966079711914 96.9214782714844 96.3300704956055 95.9286651611328 95.9090957641602 95.9330596923828 96.2301177978516 95.9905624389648 95.8765258789062 95.9442291259766 95.6362838745117 95.4239883422852 95.6295166015625 95.3007049560547 95.2261123657227 95.3592300415039 95.2052993774414 94.8946762084961 94.5431289672852 93.8704071044922
106.613273620605 106.241546630859 105.712699890137 105.285362243652 104.965087890625 104.608818054199 104.241806030273 103.188629150391 102.858291625977 102.27409362793 101.860176086426 101.617797851562 101.434112548828 101.121612548828 100.745712280273 100.518127441406 100.23543548584 99.9624710083008 99.5953369140625 99.2800140380859 99.0922241210938 98.9735412597656 98.7902145385742 98.4445648193359 98.1148223876953 97.8132705688477 97.4718170166016 97.2848205566406 97.1041717529297 96.5405731201172 96.5773544311523 96.1928176879883 95.7482833862305 95.7618637084961 95.708869934082 95.9264373779297 95.7861251831055 95.3952789306641 95.4206924438477 95.4814453125 95.1035842895508 95.5592041015625 95.5650482177734 95.4749755859375 95.386604309082 95.2528381347656 94.8326873779297 94.7878036499023 94.7486877441406
106.675193786621 106.269454956055 105.863037109375 105.446113586426 104.995979309082 104.596542358398 104.254417419434 103.282119750977 102.866920471191 102.202438354492 101.653739929199 101.504768371582 101.286956787109 100.979644775391 100.664436340332 100.305892944336 100.010192871094 99.7364654541016 99.3081359863281 99.1376876831055 98.9775314331055 98.8427658081055 98.7475814819336 98.4267578125 98.1585159301758 97.9160537719727 97.5232086181641 97.1830825805664 96.979606628418 96.4928512573242 96.3369445800781 96.2273483276367 96.1346893310547 95.9457397460938 95.7240524291992 95.5678939819336 95.7045745849609 95.4264373779297 94.8901977539062 95.10546875 95.2670593261719 94.9443435668945 95.4942855834961 95.5521850585938 95.0635070800781 94.4594268798828 94.7102355957031 95.1814956665039 95.1382675170898
106.725547790527 106.297981262207 105.900321960449 105.470855712891 104.993713378906 104.515739440918 104.119247436523 103.174026489258 102.753677368164 102.118980407715 101.451965332031 101.383598327637 101.293243408203 100.921875 100.592071533203 100.255111694336 99.8967819213867 99.6052474975586 99.2603454589844 99.1763687133789 99.0374069213867 98.8293762207031 98.7406539916992 98.5364379882812 98.0907440185547 97.8191604614258 97.5824432373047 97.2850799560547 97.0529174804688 96.6172332763672 96.4167861938477 96.2601470947266 96.2162475585938 95.9806213378906 95.7111129760742 95.514289855957 95.5926971435547 95.4960708618164 95.1204528808594 95.0016098022461 95.2487030029297 95.0194320678711 95.2735443115234 95.5367202758789 95.3837890625 94.9854049682617 94.6239166259766 94.8956680297852 95.1276626586914
106.62287902832 106.320281982422 105.958267211914 105.453033447266 104.822387695312 104.41845703125 104.123680114746 103.236503601074 102.891563415527 102.364295959473 101.773490905762 101.555946350098 101.286483764648 100.883071899414 100.549087524414 100.156555175781 99.781379699707 99.5575714111328 99.1874771118164 99.1467971801758 99.0697250366211 98.8996505737305 98.7642593383789 98.5627059936523 98.1880187988281 97.7946014404297 97.5908584594727 97.3826904296875 97.1136779785156 96.6833877563477 96.4562454223633 96.2647399902344 96.7786331176758 96.630256652832 95.8312911987305 95.5953369140625 95.4158096313477 95.5269165039062 95.3960342407227 95.3287658691406 95.2972259521484 95.3521423339844 95.3073959350586 95.5080184936523 95.4344253540039 95.411491394043 94.8279266357422 94.6254959106445 94.803840637207
106.477066040039 106.295249938965 106.011001586914 105.55712890625 105.008544921875 104.53889465332 104.167106628418 103.413589477539 103.006523132324 102.569953918457 102.036911010742 101.718231201172 101.322998046875 100.894378662109 100.573219299316 100.205039978027 99.8503341674805 99.6203460693359 99.1763610839844 99.1075820922852 99.0890426635742 98.9162292480469 98.70849609375 98.5510330200195 98.3645706176758 97.916389465332 97.7427597045898 97.459342956543 97.056266784668 96.7212600708008 96.5224380493164 96.3431625366211 96.6230239868164 96.5935363769531 95.9641799926758 95.7128372192383 95.7279663085938 95.6580352783203 95.3831405639648 95.4369583129883 95.3320999145508 95.2221755981445 95.3103561401367 95.3245086669922 95.4310073852539 95.3734893798828 95.0907669067383 94.6033096313477 94.2734680175781
