rcp8.5models/GFDL_CM3/sc1gr6.37
NCOLS 261 
NROWS 433 
XLLCORNER 336357.134 
YLLCORNER 654653.479 
CELLSIZE 1000 
NODATA_value -9999 
[rows 352 to 373 of 433, columns 102 to 152 of 261]
3567.20361328125 3698.07348632812 3618.54125976562 3563.01440429688 3476.30541992188 3301.46826171875 3251.77197265625 3272.10668945312 3257.90454101562 3214.96411132812 3247.95263671875 3209.1103515625 3142.47875976562 3071.88598632812 2988.36157226562 2919.60571289062 2811.4853515625 -9999 2550.62890625 2380.75537109375 2303.40258789062 2206.12841796875 2243.37451171875 2372.20532226562 2461.22802734375 2477.06787109375 2425.32543945312 2364.57885742188 2340.06323242188 2316.80932617188 2301.17919921875 2281.96923828125 2257.7666015625 2220.30346679688 2203.82202148438 2183.33349609375 2159.47998046875 2139.4130859375 2119.16186523438 -9999 -9999 2071.6044921875 2044.4267578125 2028.93139648438 1961.18298339844 1901.70556640625 1898.13598632812 1808.814453125 1639.63696289062 1605.36474609375 1592.55395507812
3426.09057617188 3623.71997070312 3543.8544921875 3436.5185546875 3454.91040039062 3384.69213867188 3254.9248046875 3165.23022460938 3152.76025390625 3156.345703125 3128.03955078125 3176.294921875 3187.67602539062 3117.44262695312 3006.92944335938 2920.55004882812 2909.92626953125 2932.79931640625 2833.07202148438 2656.82177734375 2553.49047851562 2418.33935546875 2389.13842773438 2430.84887695312 2449.35546875 2454.962890625 2457.7978515625 2382.81323242188 2336.15625 2318.90283203125 2288.91235351562 2271.44287109375 2252.50610351562 2214.98901367188 2198.00634765625 2175.4541015625 2155.18896484375 2135.83666992188 -9999 -9999 -9999 2066.29809570312 2049.0419921875 2035.02661132812 1968.99560546875 1921.82214355469 1900.802734375 1792.12084960938 1620.03515625 1591.6220703125 1578.115234375
3331.1162109375 3364.48901367188 3462.646484375 3448.89477539062 3407.9951171875 3424.26586914062 3379.19091796875 3261.98095703125 3155.30737304688 3084.73559570312 3018.74438476562 3038.755859375 3090.154296875 3091.49658203125 3003.68359375 2935.54833984375 2932.34594726562 2881.94458007812 2838.9599609375 2798.58178710938 2719.18872070312 2637.3115234375 2609.06372070312 2605.94799804688 2550.24829101562 2502.72509765625 2491.90209960938 2434.51879882812 2378.66284179688 2340.84765625 2280.9462890625 2260.5400390625 2246.85327148438 2225.14306640625 2198.87939453125 2179.62573242188 2157.70678710938 2132.45874023438 -9999 2093.80932617188 2080.84106445312 2075.09643554688 2065.96630859375 2039.4638671875 1957.9951171875 1925.09350585938 1876.03198242188 1735.34716796875 1594.00280761719 1579.81481933594 1568.19873046875
3330.93408203125 3203.46752929688 3329.85888671875 3465.30541992188 3462.25854492188 3370.21655273438 3310.15600585938 3307.88256835938 3279.869140625 3187.55493164062 2986.92431640625 2945.515625 2933.71240234375 2991.56884765625 3026.03198242188 2970.69409179688 2879.85717773438 2775.1796875 2771.16821289062 2781.93725585938 2721.48510742188 2700.26293945312 2628.244140625 2618.92602539062 2565.15747070312 2510.0751953125 2482.23706054688 2446.19482421875 2402.15478515625 2338.568359375 2282.18383789062 2259.5947265625 2243.78735351562 2219.64282226562 2192.65258789062 2180.89331054688 2160.25537109375 2137.36157226562 2117.158203125 2100.14111328125 2095.36328125 2088.44970703125 2073.83178710938 2042.83837890625 1953.63061523438 1931.73034667969 1875.220703125 1715.8095703125 1580.74938964844 1567.36584472656 1558.197265625
3385.21459960938 3196.05859375 3166.51098632812 3251.6962890625 3382.78955078125 3367.83032226562 3234.96655273438 3126.90771484375 3175.7548828125 3259.41918945312 3035.45361328125 2944.302734375 2876.63720703125 2890.20776367188 2923.41333007812 2885.63500976562 2793.46044921875 2737.49829101562 2716.37475585938 2691.3232421875 2634.953125 2616.92431640625 2604.41821289062 2566.01489257812 2514.181640625 2475.76513671875 2431.39184570312 2384.20263671875 2378.95678710938 2345.70483398438 2298.11010742188 2266.59594726562 2248.423828125 2209.1240234375 2186.68579101562 2171.80834960938 2152.36328125 2136.13159179688 2120.69946289062 2110.55615234375 2099.78979492188 2075.85815429688 2052.48852539062 2025.52197265625 1959.64111328125 1944.03979492188 1836.84692382812 1650.60290527344 1570.13500976562 1556.78503417969 1547.53979492188
3378.72119140625 3270.765625 3293.29223632812 3225.267578125 3182.6982421875 3287.72338867188 3283.484375 3181.55249023438 3184.19458007812 3249.46459960938 3106.81176757812 2979.87231445312 2926.36010742188 2906.580078125 2870.923828125 2824.26416015625 2763.91650390625 2715.84716796875 2665.48168945312 2621.08203125 2576.8740234375 2544.80004882812 2576.43798828125 2556.93188476562 2532.25048828125 2479.5703125 2407.17358398438 2366.70385742188 2354.10473632812 2350.32153320312 2324.21875 2283.79711914062 2253.2431640625 2224.17651367188 2187.8486328125 2165.21801757812 2145.84375 2127.63842773438 2112.60302734375 2100.83374023438 2082.61669921875 2054.74169921875 2027.33410644531 2003.96569824219 1968.5751953125 1899.232421875 1692.052734375 1572.83666992188 1559.18444824219 1547.46215820312 1541.56799316406
3259.0625 3248.70166015625 3304.80297851562 3208.24169921875 3061.36572265625 3127.49853515625 3177.86962890625 3241.7919921875 3300.6318359375 3235.08862304688 3105.67626953125 2996.42065429688 2938.5458984375 2904.01733398438 2875.15209960938 2851.728515625 2813.462890625 2729.34301757812 2627.3896484375 2607.318359375 2598.63452148438 2579.51245117188 2611.712890625 2592.71435546875 2566.34716796875 2487.30590820312 2407.14965820312 2392.81982421875 2372.55004882812 2345.16479492188 2322.5166015625 2283.45190429688 2261.72119140625 2231.75244140625 2190.25732421875 2166.64135742188 2147.32592773438 2125.81323242188 2104.33569335938 2085.19555664062 2065.29125976562 2042.60559082031 2018.33972167969 1993.9697265625 1963.59838867188 1819.56567382812 1588.61877441406 1560.50415039062 1548.61853027344 1540.92431640625 1536.71301269531
3189.359375 3140.78564453125 3173.16430664062 3199.54760742188 3110.59008789062 3063.71337890625 3021.86840820312 3086.05493164062 3208.40161132812 3194.44482421875 3074.64892578125 2988.06323242188 2935.48510742188 2881.3623046875 2863.19213867188 2886.78442382812 2846.45190429688 2724.88525390625 2622.56079101562 2613.33349609375 2612.62768554688 2631.36791992188 2627.33032226562 2597.17602539062 2556.56884765625 2482.9287109375 2406.80151367188 2400.86303710938 2404.1787109375 2356.68579101562 2321.14208984375 2291.2744140625 2268.51928710938 2218.79956054688 2188.61157226562 2169.26611328125 2090.15502929688 2021.01342773438 2052.28540039062 1983.84753417969 1955.25952148438 1962.15856933594 1867.52124023438 1839.94091796875 1807.50939941406 1689.79931640625 1568.61486816406 1549.4033203125 1539.2919921875 1531.20373535156 1521.93115234375
3302.28857421875 3193.00805664062 3104.98852539062 3169.39135742188 3219.33056640625 3155.44750976562 3118.04736328125 3093.56616210938 3057.64208984375 2976.24536132812 2962.17651367188 2925.94848632812 2895.6328125 2821.16479492188 2757.03369140625 2706.68139648438 2671.02490234375 2637.96069335938 2676.234375 2706.50756835938 2648.42138671875 2574.67504882812 2530.73266601562 2524.08154296875 2512.92260742188 2474.54736328125 2384.548828125 2373.33349609375 2403.61303710938 2367.51928710938 2328.4521484375 2283.923828125 2241.1357421875 2159.28857421875 2050.97631835938 1952.84826660156 1902.93444824219 1833.6220703125 1785.40783691406 1749.36437988281 1721.46166992188 1691.77575683594 1659.70922851562 1634.42407226562 1595.30249023438 1565.97912597656 1545.69982910156 1533.14587402344 1521.74047851562 1512.185546875 1501.93505859375
3472.14819335938 3391.708984375 3269.9462890625 3187.29467773438 3123.53955078125 3140.95068359375 3187.06762695312 3194.72216796875 3187.55639648438 3103.05981445312 3049.001953125 2997.71826171875 2990.60717773438 2932.17944335938 2815.8828125 2742.28515625 2713.00610351562 2676.7783203125 2675.46435546875 2683.4853515625 2688.45678710938 2645.7353515625 2556.76879882812 2523.005859375 2498.60888671875 2482.96875 2432.55053710938 2339.4150390625 2324.697265625 2340.66967773438 2305.84033203125 2293.67919921875 2268.33520507812 2195.05200195312 2118.9599609375 2028.37329101562 1956.53430175781 1852.18664550781 1795.54016113281 1764.49499511719 1740.67395019531 1697.64318847656 1658.32580566406 1626.41430664062 1576.57177734375 -9999 1534.90637207031 1523.29028320312 1514.19287109375 1507.54992675781 1494.22766113281
3468.01147460938 3505.03051757812 3436.10107421875 3328.57373046875 3243.60083007812 3244.67846679688 3277.294921875 3284.69604492188 3251.42407226562 3209.50146484375 3142.86840820312 3085.44506835938 3041.11059570312 3005.60400390625 2874.52197265625 2778.5693359375 2755.03198242188 2721.36157226562 2699.81420898438 2688.017578125 2674.83178710938 2637.11059570312 2598.89501953125 2554.3828125 2486.94482421875 2406.78564453125 2382.57690429688 2317.83715820312 2241.25415039062 2269.54467773438 2263.19946289062 2271.7158203125 2257.10571289062 2210.86474609375 2173.46142578125 2096.080078125 1966.51611328125 1859.98217773438 1797.81457519531 1790.95239257812 1769.83264160156 1693.42529296875 1658.90588378906 1628.16650390625 1569.47277832031 1542.82763671875 1522.4404296875 1510.49035644531 1503.93518066406 1494.03967285156 1480.20092773438
3446.67260742188 3456.87353515625 3406.23974609375 3387.40747070312 3371.23779296875 3309.56713867188 3255.1572265625 3263.4833984375 3251.04663085938 3212.08666992188 3122.927734375 3069.55541992188 3025.81420898438 3007.1240234375 2912.09252929688 2802.17626953125 2749.25830078125 2736.90698242188 2714.67407226562 2709.4638671875 2679.14526367188 2616.12036132812 2593.38940429688 2552.07568359375 2450.44384765625 2330.16870117188 2272.41064453125 2244.19702148438 2179.25244140625 2182.11596679688 2233.62475585938 2260.19360351562 2251.42211914062 2202.93090820312 2128.01684570312 2042.11364746094 1951.67687988281 1846.42321777344 1794.93249511719 1788.74841308594 1756.25183105469 1675.02294921875 1643.58068847656 1619.7197265625 1558.79833984375 1532.73986816406 1513.7744140625 1502.30895996094 1491.74938964844 1479.50305175781 1468.66357421875
3450.623046875 3366.83544921875 3357.21215820312 3371.01928710938 3347.48754882812 3320.82690429688 3269.97900390625 3212.6591796875 3178.23999023438 3144.18676757812 3096.49096679688 3082.701171875 3047.63891601562 3007.96630859375 2940.48291015625 2842.68920898438 2753.04663085938 2714.16748046875 2693.27197265625 2711.50439453125 2711.84765625 2666.32836914062 2596.24780273438 2563.55883789062 2486.81713867188 2365.54174804688 2252.59838867188 2190.59130859375 2121.80322265625 2107.44262695312 2134.96337890625 2191.01928710938 2246.3310546875 2213.03857421875 2076.9638671875 1926.61511230469 1907.23498535156 1841.25512695312 1789.40893554688 1758.93920898438 1711.65747070312 1660.53186035156 1623.59716796875 1597.3671875 1542.00354003906 1520.60522460938 1506.28625488281 1495.5869140625 1483.5537109375 1471.93957519531 1458.47143554688
3462.39794921875 3352.33544921875 3314.13427734375 3349.05883789062 3322.94921875 3251.56323242188 3247.0712890625 3237.05200195312 3177.35473632812 3116.55786132812 3045.14428710938 3044.07080078125 3038.10717773438 3003.39404296875 2951.52294921875 2872.46020507812 2767.60693359375 2707.28100585938 2702.59985351562 2695.53784179688 2689.81665039062 2673.83959960938 2616.63940429688 2583.27612304688 2541.517578125 2418.66552734375 2281.33959960938 2219.80810546875 2129.10766601562 2069.65405273438 2031.71569824219 2048.24731445312 2122.01831054688 2148.41796875 1999.13208007812 1837.58471679688 1841.53955078125 1831.17602539062 1765.34924316406 1730.78308105469 1681.44128417969 1644.40026855469 1604.91040039062 1575.83618164062 1524.869140625 1508.56628417969 1497.31896972656 1487.89367675781 1478.79833984375 1467.62365722656 1451.8017578125
3485.54370117188 3396.36645507812 3286.23461914062 3282.90551757812 3299.68798828125 3253.0107421875 3251.56689453125 3263.55590820312 3221.02490234375 3163.04736328125 3025.51684570312 2997.5849609375 3000.73974609375 2983.82080078125 2956.28247070312 2888.01293945312 2775.71166992188 2717.49365234375 2707.75073242188 2673.09350585938 2647.70288085938 2627.30029296875 2582.72827148438 2547.16772460938 2495.93334960938 2399.52807617188 2317.11206054688 2267.93676757812 2165.70825195312 2079.04736328125 2013.28527832031 1972.82067871094 1977.20336914062 2025.92309570312 1908.59289550781 1812.36413574219 1794.93420410156 1777.71154785156 1730.82165527344 1698.56103515625 1664.46472167969 1629.84545898438 1587.04272460938 1560.43115234375 1512.29870605469 1501.46569824219 1491.13696289062 1480.65661621094 1470.91857910156 1457.10290527344 1441.23059082031
3350.43579101562 3394.51147460938 3338.79467773438 3318.71948242188 3315.76391601562 3304.78466796875 3279.35620117188 3239.54638671875 3202.14306640625 3182.255859375 3043.12719726562 2982.78369140625 2957.52880859375 2954.17456054688 2954.81713867188 2903.14892578125 2810.82739257812 2755.2890625 2712.31689453125 2648.58935546875 2604.67138671875 2571.58032226562 2528.55029296875 2490.71875 2429.93090820312 2374.94287109375 2320.21484375 2271.90283203125 2185.26318359375 2114.32568359375 2042.78649902344 1965.45739746094 1933.33654785156 1911.41101074219 1850.07189941406 1795.30505371094 1761.43676757812 1730.55200195312 1699.92639160156 1671.50439453125 1643.09619140625 1610.03186035156 1573.77795410156 1543.75988769531 1507.95727539062 1499.70739746094 1487.60180664062 1472.25732421875 1460.572265625 1447.80725097656 1429.73571777344
3242.50903320312 3223.65405273438 3152.10522460938 3132.26098632812 3161.81982421875 3183.15576171875 3202.49438476562 3221.05004882812 3205.92700195312 3182.44848632812 3078.5185546875 3008.34033203125 2961.04028320312 2937.3251953125 2917.11547851562 2894.81787109375 2856.9033203125 2820.59643554688 2767.14404296875 2691.8154296875 2617.21997070312 2546.84741210938 2462.0439453125 2423.9619140625 2394.15258789062 2362.15087890625 2314.65576171875 2265.65234375 2183.20654296875 2142.7626953125 2074.87329101562 1971.95092773438 1927.21765136719 1842.52319335938 1809.34399414062 1776.70068359375 1744.8359375 1711.81103515625 1678.2099609375 1651.70593261719 1620.94897460938 1587.25573730469 1557.53356933594 1528.63330078125 1505.787109375 1494.41198730469 1478.78723144531 1461.21997070312 1449.02575683594 1440.15051269531 1423.61987304688
3349.62915039062 3190.02612304688 2955.13452148438 2819.76977539062 2816.73803710938 2874.4375 2911.22387695312 2939.37451171875 3035.69775390625 3091.74389648438 3083.24462890625 3060.7578125 3018.73828125 2964.42456054688 2908.50268554688 2884.126953125 2858.81640625 2834.17724609375 2802.60620117188 2747.55078125 2669.82250976562 2591.61865234375 2423.4697265625 2375.80590820312 2352.26635742188 2331.40991210938 2298.89184570312 2249.57055664062 2177.35302734375 2150.75317382812 2086.47973632812 1990.37268066406 1967.1806640625 1853.97033691406 1806.09130859375 1767.36657714844 1732.73681640625 1701.11071777344 1664.37231445312 1634.04357910156 1607.87573242188 1577.828125 -9999 1517.9052734375 1503.39892578125 1483.84301757812 1464.98266601562 1452.09606933594 1443.41918945312 1434.0830078125 1417.65588378906
3405.37084960938 3348.91796875 3176.57006835938 2960.81640625 2743.23828125 2681.31665039062 2673.34594726562 2649.15649414062 2714.49584960938 2757.64526367188 2933.07080078125 2990.7470703125 2998.2666015625 2981.06494140625 2955.28759765625 2921.01147460938 2876.18115234375 2826.03149414062 2790.12255859375 2765.74096679688 2703.474609375 2624.18920898438 2443.748046875 2401.44970703125 2361.490234375 2309.04296875 2254.7939453125 2208.03149414062 2154.41723632812 2140.00732421875 2107.22485351562 2031.556640625 2012.20568847656 1870.94287109375 1811.11486816406 1766.42553710938 1724.62817382812 1690.39086914062 1653.84814453125 1619.53552246094 1592.9677734375 1568.47204589844 -9999 1508.25463867188 1492.56726074219 1468.10168457031 1453.73364257812 1445.07873535156 1438.45031738281 1430.19750976562 1413.63159179688
3037.85205078125 3257.92456054688 3331.62084960938 3314.60375976562 3282.52807617188 3237.77905273438 3201.05419921875 3165.73046875 3081.71166992188 2899.0703125 2597.03051757812 2463.08837890625 2488.45263671875 2607.04345703125 2699.10717773438 2726.29541015625 2790.15380859375 2870.55810546875 2847.162109375 2807.93139648438 2769.65063476562 2726.95556640625 2621.72827148438 2564.57006835938 2515.51953125 2494.93188476562 2415.15478515625 2300.46850585938 2179.505859375 2076.18286132812 2037.31103515625 1994.23059082031 1952.35571289062 1927.18957519531 1908.201171875 1800.84484863281 1723.73754882812 1679.38012695312 1638.68884277344 1613.38671875 1583.52685546875 1548.32531738281 1518.91723632812 -9999 1462.63037109375 1447.33349609375 1437.28515625 1429.45581054688 1417.55505371094 1406.86450195312 1398.43627929688
3184.86645507812 3225.404296875 3214.19018554688 3206.42724609375 3261.923828125 3277.00390625 3252.92700195312 3227.70947265625 3197.31860351562 3138.81127929688 2907.22607421875 2659.51220703125 2523.3671875 2494.46704101562 2495.53100585938 2505.19482421875 2633.69604492188 2820.52661132812 2816.5654296875 2740.52880859375 2720.54516601562 2725.83666992188 2608.2431640625 2605.494140625 2606.96508789062 2595.3408203125 2539.2255859375 2447.14184570312 2322.91357421875 2208.74926757812 2115.82690429688 1986.36987304688 1912.00390625 1996.47009277344 2034.99572753906 1894.92529296875 1729.48693847656 1668.48522949219 1634.03039550781 1607.9990234375 1573.8671875 1539.71520996094 -9999 -9999 -9999 1440.89831542969 1429.97790527344 1416.91674804688 1405.62609863281 1398.22094726562 1392.96240234375
3348.06372070312 3251.15771484375 3150.73608398438 3097.15649414062 3144.82641601562 3230.291015625 3251.36279296875 3224.39770507812 3199.3544921875 3171.41650390625 3013.349609375 2872.75170898438 2728.361328125 2617.45190429688 2506.3115234375 2469.07788085938 2503.38598632812 2535.83642578125 2527.595703125 2482.4150390625 2517.765625 2545.06958007812 2421.00561523438 2471.46264648438 2469.66674804688 2490.29638671875 2541.5390625 2527.96997070312 2472.25732421875 2410.81982421875 2308.20678710938 2074.23510742188 1868.83435058594 2085.43774414062 2173.232421875 2012.39172363281 1768.47692871094 1663.31665039062 1623.37377929688 1593.24133300781 1558.46862792969 1526.88366699219 1506.80725097656 -9999 -9999 1429.48095703125 1415.42199707031 1402.60791015625 1395.76672363281 1392.71423339844 1383.32702636719
