rcp8.5models/GFDL_CM3/sc1gr10.6
NCOLS 261 
NROWS 433 
XLLCORNER 336357.134 
YLLCORNER 654653.479 
CELLSIZE 1000 
NODATA_value -9999 
[rows 176 to 197 of 433, columns 100 to 149 of 261]
149.812179785644 153.638893235697 155.357940200934 157.464206913031 159.118391736157 -9999 -9999 -9999 166.451143254537 168.414331664972 170.206454902959 172.92649613171 176.971735190091 179.176923562783 181.877391104562 184.453156954923 186.837396699335 189.386724134031 191.174094236325 193.930976935167 196.638611895546 198.744251937809 201.977250926546 204.661911010423 209.982237666988 212.610653992445 216.054821359246 218.757984313946 221.878731469147 223.746443224585 225.339567902299 227.531862608125 229.489483322644 231.078373229815 233.421757100642 240.424880618541 243.928890682425 247.184748227403 250.859491687022 252.74461922965 255.894227379647 259.182779080036 260.683826855468 262.782191732655 264.751373672217 266.933042706978 270.97612884337 271.060880063655 271.867501917799 274.41736850129
149.036545020739 153.432928283339 155.307004777251 156.97957501037 158.758752914376 160.244759001275 162.194060692707 164.087949435471 165.967975539404 168.194422526112 170.098571163312 172.754897028559 176.304278153151 178.594441538253 181.076262927206 183.443255956349 185.891309940325 -9999 190.813566189545 193.991927477677 196.606978635375 198.638121139207 201.85632349009 205.074982060975 210.47176240819 213.200493011654 215.999075710275 218.778494921232 221.971386720311 224.342337830774 225.994255853254 228.164455027588 230.216589681697 231.663305187341 234.1762580137 240.92014608451 244.803343316733 248.471481481371 251.909863702875 254.81012996914 258.182452118409 259.68059270017 260.644125797791 262.380905336758 264.184169303196 266.342419854251 270.45734146879 271.240790571491 272.048139716654 273.976838844139
-9999 -9999 154.510471116675 156.712749790439 158.11248620452 159.553623331112 161.596406896234 163.365525543809 165.36754971517 168.066041234054 169.749715851067 172.339210273489 176.271179612079 178.625572362511 180.950389976105 183.018626048507 185.133022281608 187.600001027848 190.834754136832 194.2036477281 196.717698769988 198.816374473652 201.207509950719 204.45056162774 210.462629886952 213.48369398042 215.988361884811 218.772264033751 221.978768698343 224.500620156613 226.471327980244 228.535442075918 230.277240298756 -9999 235.87822840289 241.564209578854 245.390779761155 249.17235378157 253.689939456937 258.784881838085 262.335924377638 259.853944158986 260.884700049378 262.045044358788 264.641553775225 266.25374529799 270.716260819785 272.386734660008 273.664955491516 275.742597851326
148.106990631507 -9999 153.255941583387 155.736695130642 157.532852294292 -9999 161.709940203972 162.974289416921 164.499753660847 167.360703421026 169.505738817744 171.587891282936 176.0232887797 178.428609090231 180.838741116125 182.792702627581 184.975251717117 187.516758067889 190.504237040814 193.914190862372 196.570499263239 198.831917066924 201.209682284498 -9999 210.016696469347 212.81274292767 -9999 219.279022956826 222.286103369456 224.660997174561 226.850696834849 228.530603976523 -9999 -9999 -9999 242.331345089015 245.981901052572 249.217696311708 254.271238027273 260.259610909042 262.318877000584 259.749469603811 260.774096741475 261.832200492878 263.969411134819 266.267940829938 272.742851337438 275.104364773608 276.439547244078 279.945979138315
147.480228861571 150.993419432094 153.196037793437 155.141674176593 156.941623450257 159.402190033246 161.443251459575 162.484564678988 164.250356296315 166.760519932703 169.118078405263 170.956968920122 175.550318082204 178.187460053081 180.677786274938 182.85381610297 184.954229651654 187.865634983812 190.590967093734 193.885038855627 196.634554756553 199.372342773745 202.055259237803 204.331520009467 210.034395965671 212.776940865123 -9999 219.433929200895 222.124806892618 224.692761696158 227.592979271492 229.259014555691 231.307822196344 -9999 236.042615482394 242.745464123447 246.049742845587 249.583207468131 254.221441345702 259.163200102331 260.269764333999 259.255546472689 260.218144743979 261.565532889231 263.391850965416 266.389572258465 274.604081932788 276.562715108178 278.600425600883 281.39393328947
147.441414991583 150.413749329171 152.747886995356 155.058140692853 157.020549882594 159.223883060886 160.860248411353 162.337121731537 163.978390390298 166.399364953143 168.549807161147 171.051507795566 175.365769371696 177.833027202755 180.465710856277 182.888785790732 184.737075160643 187.396110684324 190.350165827077 193.683867424112 196.563994912671 199.657640422085 202.42814433506 204.881937248056 210.60234256235 213.276490569568 215.733466823533 218.861693503234 221.891099479209 224.872617008542 228.408515142374 230.460899252467 231.808708854123 -9999 236.65345462051 242.677224767011 246.162311523698 249.932680791839 253.712954806866 258.065948610609 260.281560774042 259.180843463383 260.392741952524 261.687625629488 263.997188571809 267.118675909756 274.721995926724 275.813125447293 278.80699478467 281.681006845275
146.679599510549 149.674434607624 151.784374002693 154.317523145303 156.500512306073 158.630760849813 160.070845389173 161.926114664391 163.260693556111 165.963732774676 168.564677787689 170.822582584215 175.017591943747 177.135829764412 180.038598879818 182.839976728175 184.290086332059 186.839320408671 190.037310107514 193.160529131471 196.51571280395 199.581993584776 202.633050985295 205.63688913928 211.443764611202 214.5559571021 216.769083416384 218.863652881786 222.076250540703 225.555299543005 228.936813716415 231.647207086796 233.665914443653 234.762317628594 237.375376735273 243.41607003916 246.648458354281 250.039125032507 253.321956959695 256.485457240223 259.114674527315 259.156397518066 260.447124654929 261.923498758918 264.178496306671 268.011963425557 275.315763648066 275.788861419632 280.355470320588 285.786975695707
146.544094820984 149.388374125586 151.034324527324 153.623119797337 155.839031238177 158.091626990813 159.842125911085 161.337658298699 163.160729493913 165.900773367068 168.523704607722 170.485637637615 174.775625629416 176.699897550914 180.059646642627 183.015838791829 184.222022637336 186.711940657947 190.053006800416 193.709335407682 196.71032843366 199.592003364688 202.967260676455 206.027491347055 212.855845466151 215.477513998605 217.510735395339 219.996410717107 222.884915475263 226.246975162605 229.290448015502 231.745692357272 234.298597998037 234.874555595704 238.079842439392 244.860344298795 247.972199516888 250.938139744558 253.904713599496 255.273603266253 257.78613796621 259.139698112979 260.231577609052 261.82087726495 264.426860248988 268.543413071481 275.320352084253 275.280481173925 282.277420019846 -9999
146.113350245687 149.159136501061 151.051375694315 153.365273935703 155.514653221711 158.246914101186 159.649601038838 160.695246193895 162.86749834583 165.695145653792 168.481961817387 170.32796475441 174.583300464639 176.678617608322 180.32881109859 183.176531418711 184.190624140794 187.033852821852 189.793727985146 193.345599566909 196.344267846762 -9999 202.803352323798 -9999 215.195485781806 216.21104813508 218.385490828714 221.20232386485 223.702711360863 226.766606424096 230.020505330073 231.842758656496 233.789232643022 235.734930840348 238.654865830161 245.773016155022 249.399371287771 252.682965945978 254.929000410517 255.553856662579 257.044875911855 259.185899974811 260.650827517327 262.107111741196 265.129493588743 268.568106719418 273.917725713199 274.487205255933 279.645198599879 285.220438983072
-9999 148.387728420395 150.227722036686 152.345188254409 154.891200949452 156.985203041666 158.268813835828 159.770609080239 161.753893838142 165.085901745185 167.569656592863 170.109637737116 174.28704017639 176.320894642672 -9999 182.595228207491 184.518332906466 186.858521149378 189.529712663732 193.039058663085 196.278923393744 199.946265226429 203.006267006195 206.871891225196 214.924225169763 218.250034632656 220.905148677813 223.149586628086 225.130465428719 228.015767110511 231.328338887258 232.904615705836 235.223734857685 238.651516285267 240.517846423065 247.444464522782 251.468236827693 255.46142197353 256.522986528607 257.699124935769 258.927641366192 260.078879051895 261.31324241992 263.851396433464 265.504475744888 267.3751099873 272.233430529106 274.845143637123 278.346461073244 280.71502349546
143.279723062757 147.679704373369 149.316448755507 151.391962160023 153.543807467046 155.988501216646 157.614120061811 159.461361312177 161.577787117293 164.459278963346 167.509884774185 170.507259386947 174.304838356874 176.648461356117 179.390925976371 183.621890170601 187.516290450302 187.274348806215 189.723224420788 192.999755714396 196.474620873994 199.912332624687 203.221850154684 206.474635426814 215.363521262782 220.784027620829 223.05759610496 225.016332305721 226.490525692163 229.038678221018 231.935018932073 234.070359780775 237.198912638624 241.232795939227 241.706715308423 248.133650705143 252.295745010592 256.790387776413 257.150349901169 258.138105399507 259.181897462521 260.563914592756 262.755637829749 265.086447241412 266.261037561221 268.232234367863 272.508434402242 275.186755160501 278.09830270784 280.694089294452
142.567734506169 146.358189178531 148.288039536479 150.608886200872 152.790599339367 155.224528404565 156.790001348429 158.850618720157 161.416027364044 164.176313020311 167.076130080805 169.876678377618 174.7620765357 177.015604459708 179.647348102776 183.922365188493 187.92309190105 187.73380563201 190.050451834128 193.034553449663 196.909337843352 200.382859773192 203.347204793646 206.901191280142 221.899099774826 238.615759836644 229.482048056639 226.190909207338 227.499332952627 229.899872068074 232.711428738047 235.498225582954 238.352221876735 242.103843630516 242.432632826021 250.198468583007 254.201037119563 258.647001922421 259.554797402648 258.320824475307 259.344965505415 262.093124957655 264.460761924078 266.196839699148 268.081907096899 270.209934907012 274.616860741734 276.161157055769 278.027349516525 280.799064840191
142.206060452699 145.466962052208 147.218347883354 149.776277146099 152.235329056729 154.362406750765 156.039364966535 158.360541879649 160.544084254698 163.657719931004 166.214165836329 168.864323614268 176.621307480402 177.944237187763 180.619599966519 183.334737990506 186.308673355983 187.553258896693 190.117139100216 193.22516308059 196.657675125107 200.05311258904 203.129687167095 206.841126094339 236.233768024034 271.14155124178 249.590729701587 226.942693844254 228.788982554608 230.950330953386 234.294126011302 236.836960510078 239.382444454064 242.525051786308 243.459159216095 251.778246527953 255.990760852037 260.054285124385 260.944315188464 259.011829321906 260.208210297643 263.407047341815 265.82382187209 267.923418618102 270.207024175736 -9999 281.695569279205 279.309202925249 279.429020477855 -9999
141.700345586707 145.015976692621 146.973304827685 149.008918255931 151.401843653489 153.605578840145 155.698749997411 157.985231872398 160.19325191574 162.824145978801 165.408948902881 168.28692585844 176.844997650431 178.457069027852 180.948360613699 183.186217065991 186.455669741455 188.162779989671 190.251322339442 193.385759764911 196.460755642025 199.840058652419 203.083422342843 207.598228780136 246.0364331636 -9999 250.94880698706 228.377688150108 230.139319970982 232.575793872884 236.424348963946 239.006558806431 241.052109436474 244.273955548141 244.772822600669 252.457674514184 257.18605312837 261.175563278484 259.87519412146 259.962274472154 261.711666465209 264.864457214525 267.489337944301 270.035227989888 272.101482330478 273.490546859946 283.724956583409 281.994884659717 283.590993743917 284.352340024984
141.207829910113 144.721560138143 146.716898065923 148.656496924245 150.913440376712 152.724115027575 155.208564170212 157.97403032728 160.352406588593 162.547134167298 165.355660789582 168.555419577947 175.466096043385 179.095765754564 180.911527675238 183.708609838786 187.086523313147 189.119145896353 191.158508986529 193.993450374408 196.903858467657 200.477998069095 203.542792591687 207.825339434052 259.41342656545 -9999 247.452846569799 230.188248458267 231.412360683819 233.923866279867 238.280538668759 241.105525187372 242.927300674287 245.636787294829 246.386151113147 253.14079604319 257.602233374185 260.820438325602 259.59349915043 260.864091794209 263.835844283782 267.582366627808 269.391155346555 271.396335611523 273.532319458469 276.063505769253 282.195765399273 282.94980898131 284.860579104293 286.021080767925
140.655805679825 144.285442710266 146.455346592443 148.42313242307 150.333554482463 152.33788609784 154.884223462968 157.492466856314 159.910636562893 162.283164798603 165.407543949603 168.362020376774 175.427355312475 179.5258511948 181.605114964353 184.758628790343 187.604738280924 189.648856468107 192.076709126217 194.546216851971 197.581063529278 201.494421038747 203.917537201636 207.495576355558 263.790030559902 -9999 286.0710007405 230.584512322916 232.053803022613 235.406345973254 239.71635033658 242.474467276113 243.51310595625 245.817291197201 247.610812784361 254.441568183279 258.047846379675 259.957560833266 260.787749260672 261.888598845252 265.910312471019 269.964057541854 272.177993214716 273.706975072124 275.891008570696 278.378534758445 284.823143657699 286.968469485555 286.492092736429 286.338821266762
140.795859929887 144.361874479618 146.696766679313 148.637741950935 150.145120173267 152.45535388569 155.058397665174 157.222498749709 159.609208016774 161.949694863981 165.030504301516 168.36503336613 175.725012539551 178.96709761252 182.053881500978 185.128981838948 188.433979127558 190.197811854453 192.783749206278 195.108544677362 198.178179739019 202.073384173279 204.830646817842 208.589340175957 237.757857216192 267.394719366596 268.718698196974 229.315566470556 232.37848449757 236.53102012855 240.500941327625 243.504519192548 244.371725135948 247.011492006819 248.487492980072 255.855098240362 259.705486176234 260.827439538321 262.090364561269 263.669875191121 268.052985654388 272.639614484166 278.304279748596 283.252061979858 279.953392700178 283.65427290319 288.080660230136 289.664533184329 290.216485001757 288.405872854303
140.802969548103 144.594618752202 146.642952552439 148.296368656747 150.52956023921 152.960371502653 155.583593570618 158.280804214697 160.710244933757 162.675890895382 164.925744956972 168.788032705013 175.258663491397 178.377122171865 181.414953833922 185.18904723588 189.224765523043 190.981260793875 193.716762896136 195.704851398913 199.075868024409 202.7973125781 205.683773463847 209.048004405902 217.946722073084 222.221050840696 228.751968035735 228.586485385077 232.219261311253 236.218474037686 240.363748245774 244.459463423023 246.441067111352 248.746912926728 249.620233594869 257.433562687208 261.463069864846 262.248159047313 265.718737443388 270.702500336434 271.036106991243 276.030851904462 280.899416670297 285.557641006925 283.095165559936 -9999 298.335970522141 294.538932009842 290.102083986781 290.267031221729
140.603350045502 144.567040314821 146.433181944918 148.008824209953 150.583781734429 153.094916303083 155.690926726491 159.118777142882 161.571227770204 163.651757419881 165.706078800931 169.093349235866 174.860443733072 177.954171825132 181.155865485051 185.300986974461 189.295327134778 192.116506545318 194.525712693065 196.690907440867 199.889002900523 204.162396442431 207.603026473757 -9999 216.428887461671 219.845684169703 224.245091470241 228.138682062595 231.745012221587 235.830634988422 240.54065346651 245.7233038764 247.598838080974 249.546408035279 251.24469980836 258.701484895355 262.672983190703 263.775971386771 267.881775841398 273.184616248879 274.642399669201 280.80537558724 283.889657276897 287.661966718514 284.886988941811 292.252960108732 309.238519630072 299.123195718075 290.857013747166 292.174327923103
140.950073201264 144.720815440973 146.574268949394 148.226521757607 150.500536274051 153.030285760525 155.537583403629 158.818902675267 161.794339956152 164.037832556228 166.554526666073 169.652679028901 176.062163632113 179.01941870019 181.605060135954 185.378257688573 188.883460683416 192.907616432193 195.370315855735 197.741893129936 200.511740026233 204.804486830444 209.218094653863 211.641920881315 217.278695747624 220.803547235252 224.616014130738 228.385574934352 232.89262049237 237.132008116748 241.377269375864 245.536429099721 248.40453769341 251.166476150414 253.631022308958 259.982839058256 264.441287417125 266.637324704234 269.168475274805 272.270711240414 276.397672219526 281.477338364275 284.296767689699 287.137888289014 284.895173930248 291.27586506351 305.414797048345 295.521653039967 293.643063221711 295.167300176542
141.910829965844 145.379397488789 147.803428490254 149.821925262639 151.557228737383 153.359474513948 156.106457155241 159.30191871427 161.816614352263 164.065118514796 167.152604288719 170.887176190954 177.552482740878 181.690994609247 184.773341242371 187.245346943599 190.192543479859 193.660517111994 197.049390104818 200.214797844981 203.241912315186 206.364312917578 210.814329124417 214.334733648459 219.920115749358 223.063960370044 226.522465381498 230.415995934304 234.493716915747 238.642953785122 242.270515127198 245.486568198972 250.256514954452 255.309624197508 259.642062159596 263.633266622907 268.066914076055 272.333195308528 275.186629315672 277.625227166853 280.442463373606 286.647549079749 294.873324393455 286.2885598274 286.676005385508 294.643526948219 296.008041165509 294.04583128967 294.67807158486 295.866630683515
142.133140709212 146.310450940546 148.529021601794 150.16964989711 152.217478688273 154.3106008292 156.668256921609 159.364588574883 161.895849470945 164.626814146668 167.948854687323 171.29725021516 178.047566280913 182.579607942836 185.007136590137 187.433615286281 190.255465171699 193.191672562124 196.61069631728 200.142286837211 204.31000232202 207.325245642487 211.717424914729 215.783130472942 221.568250241595 225.014680294731 228.394956434323 231.833349038169 235.638297650947 239.758161037164 243.836213909666 247.582103342711 252.022932485492 257.472503414404 261.457105737588 265.366855279399 269.589853502716 274.55541158897 278.129821921369 280.047870720536 280.504768405795 285.05525234669 294.279774172478 291.984782099557 288.017439052481 296.443757799032 294.453798029365 295.642505545739 296.562456967757 297.411082209152
