rcp8.5models/GFDL_CM3/sc1gr1.11
NCOLS 261 
NROWS 433 
XLLCORNER 336357.134 
YLLCORNER 654653.479 
CELLSIZE 1000 
NODATA_value -3.4e+38 
[rows 264 to 285 of 433, columns 196 to 244 of 261]
62.493953704834 62.4795570373535 61.9310684204102 61.948055267334 61.9167709350586 61.3491554260254 61.2917747497559 60.8736953735352 60.7814598083496 60.5313949584961 60.6030693054199 60.3556976318359 60.6744804382324 60.9751968383789 62.1443061828613 62.2665977478027 61.2738456726074 60.4339485168457 59.4063262939453 59.0683937072754 58.7884559631348 58.6141090393066 59.2995986938477 60.2195281982422 59.2406692504883 58.0185546875 58.1213989257812 57.8953094482422 57.6506233215332 57.7425422668457 57.866569519043 57.7206726074219 -3.4e+38 -3.4e+38 56.8090400695801 56.4961853027344 56.2220458984375 56.3176231384277 56.6692543029785 56.398796081543 56.3125686645508 55.8150482177734 55.7723045349121 55.9975700378418 55.8445892333984 55.6944541931152 55.5910453796387 55.4274291992188 55.4073333740234
62.9636611938477 62.6752510070801 62.4148750305176 61.9161109924316 61.5218391418457 61.4851989746094 61.5095481872559 61.2774391174316 61.2297210693359 60.7554702758789 60.9278335571289 60.7780494689941 60.6234321594238 60.5775489807129 61.5959243774414 61.4244117736816 60.1169891357422 59.8479499816895 59.1893882751465 58.7512397766113 58.7289924621582 58.6679840087891 59.2476387023926 59.9068908691406 59.1359901428223 58.0814590454102 58.2524528503418 57.751407623291 57.8423156738281 57.703197479248 57.6006164550781 57.5725135803223 57.0078926086426 57.0705795288086 56.8709106445312 56.8556175231934 56.4798736572266 56.6659927368164 56.4921226501465 56.5605430603027 56.2684135437012 55.8897895812988 55.8409957885742 55.8747673034668 55.9244766235352 55.8495941162109 55.7037010192871 55.3916778564453 55.314582824707
62.7679214477539 62.6744003295898 62.2258491516113 62.1139945983887 62.1372947692871 61.9345207214355 61.7633476257324 61.7375373840332 61.8263854980469 61.6853179931641 61.2199821472168 60.5123596191406 60.4198875427246 60.5797729492188 60.7160720825195 60.6085739135742 60.3544883728027 59.880931854248 59.3962631225586 59.5970649719238 59.6037406921387 59.4697570800781 59.1275291442871 58.6639976501465 58.7936553955078 58.5083312988281 58.231632232666 58.469654083252 58.057243347168 57.9020729064941 57.390983581543 57.1945533752441 57.2330360412598 57.4139938354492 57.1578979492188 57.0230903625488 57.0902786254883 56.7385330200195 57.0298156738281 56.794075012207 56.6447334289551 56.4364356994629 56.183650970459 56.0606803894043 55.9646224975586 56.0246353149414 55.9547958374023 55.7591247558594 55.7611770629883
62.7801475524902 62.4813690185547 62.266529083252 61.9749526977539 61.9184226989746 62.1012725830078 61.9077377319336 61.8121871948242 62.0660095214844 61.6922302246094 61.2187538146973 60.8723983764648 60.3029174804688 60.8372344970703 61.9006118774414 61.4811973571777 61.2743492126465 59.9974746704102 60.4074401855469 60.7805328369141 60.6795082092285 60.0583419799805 59.1945610046387 59.0309257507324 58.9541435241699 58.696174621582 58.4576683044434 58.4792327880859 58.2379417419434 57.9232521057129 57.7298202514648 57.8887214660645 57.6688346862793 57.5079536437988 57.1763191223145 57.098388671875 57.300724029541 56.7879829406738 56.9078216552734 56.7675247192383 56.8435745239258 56.5961380004883 56.4210586547852 56.0864410400391 55.9380416870117 56.1267585754395 56.1054611206055 56.0377616882324 55.865062713623
62.7385292053223 62.6520462036133 62.4317665100098 62.0339813232422 61.7065086364746 61.9027328491211 61.9399261474609 62.1621322631836 62.4587020874023 61.6409378051758 61.17138671875 61.2723808288574 60.7503700256348 61.1145896911621 62.2722930908203 62.0441741943359 61.3015937805176 59.9326400756836 61.9476585388184 61.8211402893066 61.120491027832 59.8714332580566 59.1571159362793 59.3125991821289 59.212963104248 58.8540954589844 58.4778289794922 58.5402793884277 58.4978828430176 58.026294708252 58.0185585021973 58.0637550354004 57.8152885437012 57.5878143310547 57.2759399414062 57.351375579834 57.1617393493652 57.0594367980957 56.7240562438965 56.5979995727539 56.7215805053711 56.5398902893066 56.5213966369629 56.020378112793 55.9398918151855 55.935863494873 56.0170249938965 56.1629676818848 55.9157295227051
62.7398910522461 62.7986221313477 62.5653762817383 62.3262176513672 61.8649253845215 61.8455390930176 62.242546081543 62.7055282592773 62.8199272155762 61.8739356994629 61.3933296203613 61.2617225646973 60.7637138366699 60.5641136169434 61.0350685119629 61.3810272216797 60.6920547485352 59.9457626342773 61.9326095581055 61.9411315917969 61.2723579406738 60.5395317077637 59.4055290222168 59.2825736999512 59.0728187561035 59.0309257507324 58.8857040405273 58.7255020141602 58.8432998657227 58.3562622070312 58.3622055053711 58.4865837097168 58.2519721984863 57.4801979064941 57.3117218017578 57.7114562988281 57.2836036682129 56.9631996154785 56.8837432861328 56.8402290344238 56.5732688903809 56.7344207763672 56.6638298034668 56.1617622375488 56.0723457336426 56.1831665039062 56.1508827209473 56.2644119262695 55.9818649291992
62.8426971435547 62.6275901794434 62.5028610229492 62.2263069152832 61.973804473877 62.1037559509277 62.2749214172363 62.6875686645508 62.6888694763184 62.0174827575684 61.4351119995117 61.267520904541 60.7391624450684 60.3756370544434 60.5367965698242 60.6448402404785 60.6662101745605 60.334774017334 61.5207748413086 62.175952911377 61.8634262084961 61.7211074829102 60.2476539611816 59.2225685119629 59.1913414001465 59.2774772644043 59.4327087402344 58.8325500488281 58.8022613525391 58.5742263793945 59.1394386291504 58.6369476318359 58.0459594726562 57.650764465332 57.7478866577148 57.747486114502 57.2098579406738 56.8190116882324 57.2117156982422 57.1492042541504 56.8414344787598 56.9765510559082 56.7179412841797 56.368824005127 56.3308753967285 56.5200653076172 56.417594909668 56.256664276123 55.9136543273926
63.0936088562012 62.8596038818359 62.4907989501953 62.1214256286621 62.0561676025391 62.1610641479492 62.3133430480957 62.2648391723633 62.5238494873047 62.023983001709 61.2256393432617 61.191333770752 60.9221267700195 60.4937896728516 60.6675643920898 60.5365295410156 60.7606430053711 60.7533187866211 61.9568138122559 62.6578178405762 62.8207740783691 62.6265640258789 61.5398559570312 60.5200119018555 59.6981735229492 59.5276145935059 59.5126457214355 58.7163734436035 58.5959167480469 58.4684066772461 59.1008338928223 58.2375221252441 57.7614135742188 57.7165184020996 57.818660736084 57.5394325256348 57.1487808227539 57.080436706543 57.2322387695312 56.8388900756836 56.8621559143066 57.0060729980469 56.9187278747559 56.770076751709 56.7131462097168 56.5164604187012 56.239200592041 56.2703895568848 55.9457168579102
63.1544647216797 62.8388938903809 62.6999740600586 62.5170249938965 62.1401405334473 62.5718383789062 63.3253059387207 62.6686096191406 62.4759178161621 62.1407089233398 61.7561454772949 61.3758430480957 61.0951919555664 60.768726348877 60.9270057678223 60.7120895385742 60.5481872558594 61.0356750488281 61.6013832092285 61.9953727722168 62.3588829040527 62.8638153076172 62.2584915161133 61.1731910705566 59.6564331054688 59.566535949707 59.1705436706543 58.9133529663086 58.7210655212402 58.3037490844727 58.4586868286133 58.4124145507812 58.1221199035645 57.6137504577637 57.6706085205078 57.5232315063477 57.3942489624023 57.2716445922852 57.4216156005859 57.1089744567871 56.9790191650391 56.7625885009766 56.9887046813965 56.9025382995605 56.6159210205078 56.4608345031738 56.0282897949219 -3.4e+38 55.9210510253906
63.1839218139648 62.824390411377 62.8073577880859 62.7553062438965 62.5536651611328 63.2623901367188 63.7600784301758 63.4413528442383 62.471981048584 62.205249786377 61.9509201049805 61.5759811401367 61.0434989929199 61.0334091186523 61.191291809082 61.0445175170898 60.5714073181152 60.9314002990723 60.9706420898438 61.2078514099121 61.1326522827148 61.5578117370605 60.9626083374023 60.1684989929199 59.3571739196777 59.1941261291504 59.0030212402344 59.0286293029785 58.8843231201172 58.3793525695801 58.4534072875977 58.529842376709 58.0027694702148 57.608039855957 57.6482734680176 57.8407897949219 57.6188087463379 57.5088081359863 57.3081550598145 57.3143539428711 57.0559120178223 56.8907814025879 56.9136047363281 56.8834037780762 56.5690002441406 56.6619606018066 56.307975769043 55.9420204162598 55.9091148376465
63.1287651062012 62.8880920410156 62.8536224365234 62.9299430847168 63.3217697143555 63.791130065918 63.4749221801758 63.7168159484863 62.56591796875 62.0591659545898 61.6665916442871 61.4385871887207 61.2233428955078 61.1834259033203 61.1586570739746 61.0280494689941 60.7017402648926 60.9515419006348 61.3719711303711 61.872932434082 61.2992973327637 61.208137512207 60.5102577209473 60.4043655395508 60.2678489685059 59.9132766723633 59.943302154541 59.2675819396973 59.0666694641113 58.8141593933105 58.4940948486328 58.4964866638184 58.2564392089844 58.0450096130371 57.6044235229492 57.6845436096191 57.6659049987793 57.6726951599121 57.4423065185547 57.3259353637695 57.4423370361328 57.1482543945312 57.1068115234375 56.8459281921387 56.8766632080078 56.8621025085449 56.5755348205566 56.3602714538574 56.1330184936523
63.0185127258301 62.8728408813477 62.7480812072754 63.0007705688477 63.2733688354492 63.299373626709 63.3899040222168 64.0020217895508 62.7434387207031 62.4053268432617 61.9612045288086 61.5091743469238 61.5450248718262 61.3219680786133 61.2103004455566 61.0614166259766 60.844181060791 60.9801483154297 61.5575904846191 62.3806419372559 62.1627311706543 62.2686500549316 61.7209205627441 61.428409576416 61.4961242675781 61.1120910644531 61.0695343017578 60.3794822692871 60.0311622619629 59.3026580810547 58.3680572509766 58.3352127075195 58.655143737793 58.3444023132324 57.6637344360352 57.4065895080566 57.4525985717773 57.4762268066406 57.6580619812012 57.6322555541992 57.5246086120605 57.1482849121094 56.888988494873 57.0462379455566 57.3647994995117 56.8694877624512 56.7473411560059 56.5099220275879 56.175350189209
63.3287353515625 62.9819488525391 62.6607818603516 62.9826507568359 62.9384002685547 62.9701995849609 63.6357269287109 63.9679107666016 62.6569061279297 62.5663795471191 61.9555778503418 61.6063079833984 61.539867401123 61.2778282165527 61.2978591918945 61.1627388000488 61.1818161010742 60.9610404968262 61.0926818847656 61.4380989074707 61.4957542419434 61.2351226806641 61.4311218261719 61.8168640136719 61.580997467041 61.2575302124023 61.3670997619629 61.1389236450195 60.962947845459 59.1542510986328 58.3715171813965 58.4062271118164 58.5788497924805 58.3122978210449 57.9435729980469 57.9941825866699 57.6504783630371 57.6669158935547 57.4858283996582 57.7729721069336 57.5126533508301 57.4340438842773 57.1124038696289 56.8775596618652 56.9821548461914 56.7913627624512 56.8478088378906 56.5992965698242 56.3337326049805
63.3039932250977 63.083423614502 63.0033493041992 62.9132766723633 63.0620803833008 63.1408958435059 63.654426574707 63.4003524780273 62.5458869934082 62.3010711669922 61.9240951538086 61.5548057556152 61.469367980957 61.4286270141602 61.4439353942871 61.0941390991211 61.2047348022461 60.9677467346191 60.9489326477051 60.7395477294922 60.6941795349121 60.5162391662598 61.037784576416 61.5574188232422 61.1449851989746 60.9530754089355 61.0258903503418 61.4476737976074 61.5245780944824 59.8580856323242 58.3985786437988 58.6336631774902 58.5707702636719 58.3089599609375 58.2684173583984 58.250057220459 57.7543983459473 57.6791648864746 57.5887260437012 57.5229721069336 57.5913696289062 57.5184059143066 57.3072357177734 56.887077331543 56.586009979248 56.904052734375 56.9277229309082 56.8486938476562 56.5140914916992
63.5669746398926 63.5786247253418 63.1711235046387 63.169734954834 62.946117401123 63.2883071899414 64.0522537231445 62.6078605651855 62.8568916320801 62.4971351623535 62.1137504577637 62.1437110900879 62.1451225280762 61.9558944702148 62.2068252563477 61.5878524780273 61.2771224975586 61.3463516235352 61.2819519042969 61.1171188354492 60.7088050842285 60.486141204834 60.3293647766113 60.6792030334473 60.5927734375 60.1415596008301 60.9492263793945 61.3225212097168 60.0632209777832 59.1712837219238 59.0397682189941 58.6784057617188 58.7167472839355 58.604248046875 58.2553062438965 58.1843643188477 -3.4e+38 58.1372413635254 57.8576583862305 57.5811538696289 57.7467498779297 57.7396507263184 57.5241050720215 57.2941284179688 57.0541114807129 57.0157127380371 57.288631439209 57.0116806030273 56.9102516174316
63.7262344360352 63.7872886657715 63.3310279846191 63.2164497375488 63.3275032043457 63.1610717773438 63.7981910705566 63.3693962097168 62.6460227966309 62.5793838500977 62.2411956787109 62.3283805847168 62.4349021911621 62.686637878418 62.7358703613281 61.5250816345215 61.3645935058594 61.1024284362793 61.2206268310547 61.4038619995117 60.9657516479492 60.5778350830078 60.2564430236816 60.2841262817383 60.3879661560059 -3.4e+38 61.0134124755859 60.8335380554199 59.5415878295898 59.2436752319336 59.1840591430664 58.7684211730957 58.6449241638184 58.6699829101562 58.4740142822266 58.5837326049805 58.4633865356445 58.2190437316895 57.7999114990234 57.626953125 58.1292152404785 57.6553535461426 57.6327056884766 57.4395294189453 56.9923133850098 56.934684753418 57.0141906738281 57.109992980957 57.1221733093262
64.0482330322266 64.0557022094727 63.8493003845215 63.4727783203125 63.4436721801758 63.2671661376953 63.2875709533691 64.3613510131836 63.21044921875 62.7292137145996 62.4593505859375 62.2748222351074 62.502269744873 62.9726867675781 62.9161186218262 61.8912773132324 61.5633926391602 61.0131492614746 61.0635528564453 61.1316986083984 61.1472434997559 60.8353424072266 60.4252586364746 -3.4e+38 60.385669708252 -3.4e+38 61.2413063049316 60.5962333679199 59.3362426757812 59.2219390869141 59.1740875244141 58.9505958557129 58.5887985229492 58.6674880981445 58.5822257995605 58.5283737182617 58.4486465454102 58.3985443115234 58.0964317321777 57.8096656799316 57.8840065002441 57.6699142456055 57.6811065673828 57.4083976745605 57.0810394287109 56.936336517334 56.7793922424316 57.0309104919434 57.1872253417969
64.1908111572266 64.2528457641602 64.2900390625 64.173469543457 63.530445098877 63.3126449584961 63.2310218811035 64.6159210205078 64.2331390380859 63.2484970092773 62.7407150268555 62.3545341491699 62.6116485595703 62.8212089538574 63.2210998535156 62.6440010070801 61.5588684082031 61.3096084594727 61.1881065368652 61.337287902832 61.3122024536133 60.8853187561035 60.4407768249512 60.4822769165039 -3.4e+38 -3.4e+38 60.415283203125 59.8386001586914 59.4046249389648 59.4059791564941 59.1630210876465 59.057746887207 58.6538772583008 58.8671531677246 -3.4e+38 58.3489189147949 58.5248870849609 -3.4e+38 58.0882759094238 58.0004463195801 57.4318161010742 57.6888847351074 57.8305206298828 57.4204864501953 57.2978935241699 57.1119842529297 56.9817352294922 57.0589637756348 57.256477355957
64.6832046508789 64.6417388916016 65.0265502929688 64.9553680419922 63.7989463806152 63.217845916748 63.3789024353027 64.4844055175781 64.1355361938477 63.3339500427246 63.3872871398926 63.711051940918 63.7162666320801 62.9415588378906 62.5078506469727 62.4359512329102 61.9206733703613 61.3718147277832 61.3322677612305 61.6939468383789 61.4744033813477 61.2246780395508 60.5788764953613 60.5802955627441 -3.4e+38 -3.4e+38 60.0332565307617 59.855640411377 59.7021789550781 59.3754348754883 59.3478927612305 59.1142501831055 58.7410659790039 59.1110343933105 -3.4e+38 58.4393920898438 58.8100166320801 -3.4e+38 -3.4e+38 57.942741394043 -3.4e+38 57.8611068725586 58.0867958068848 57.7345390319824 57.5724258422852 57.1933326721191 57.133731842041 57.1361999511719 57.279712677002
64.613639831543 65.0850067138672 65.0826568603516 65.0356597900391 64.1859970092773 63.2795524597168 63.4907379150391 64.2344055175781 63.7789115905762 62.8901748657227 64.0438079833984 64.8767700195312 64.9359664916992 64.0134887695312 62.6061706542969 62.141902923584 62.2673034667969 61.6137733459473 61.4193000793457 61.6346702575684 61.893424987793 61.9733734130859 61.1496658325195 60.4723777770996 60.0762939453125 60.1039772033691 60.3797988891602 60.2032241821289 59.8066787719727 59.2026405334473 59.4929695129395 59.1422386169434 58.812744140625 59.0325736999512 58.6912994384766 58.6320381164551 58.7014656066895 58.458667755127 58.3806037902832 58.1152114868164 57.8173370361328 58.0606231689453 58.2453651428223 58.0584945678711 57.8641967773438 57.4779357910156 57.2372894287109 57.2211112976074 57.2190322875977
64.6439514160156 65.1593856811523 65.3196029663086 65.3240127563477 64.5294799804688 63.5528335571289 63.5746002197266 63.9266204833984 63.5601119995117 63.0369415283203 64.3134918212891 65.0828704833984 65.0708312988281 64.4564819335938 62.9341011047363 61.9061431884766 62.2305221557617 61.9296340942383 61.3923530578613 61.5797729492188 61.9703216552734 61.7270545959473 61.0928649902344 60.4003486633301 60.1948738098145 60.2767143249512 60.4456443786621 60.2762565612793 59.9281463623047 59.3384857177734 59.5122032165527 59.1179962158203 58.8108406066895 58.8576965332031 58.3921852111816 58.5915946960449 58.7005920410156 58.6744651794434 58.7127685546875 58.5273056030273 58.0923194885254 57.9863319396973 58.1173324584961 58.188720703125 57.9915542602539 57.7001647949219 57.2952651977539 57.226188659668 57.1844520568848
65.0869903564453 65.0686187744141 65.6536636352539 65.5864562988281 64.3707504272461 63.7989463806152 63.9405899047852 63.8060913085938 63.7395553588867 64.0222244262695 64.0679931640625 64.7662658691406 64.7466125488281 63.5500526428223 62.4069328308105 61.903507232666 62.1397171020508 61.9553451538086 61.2994956970215 61.6065330505371 61.8127517700195 61.3381576538086 60.9275169372559 60.4167137145996 60.1498603820801 60.2011909484863 60.395149230957 60.2685432434082 59.7376556396484 59.4289131164551 59.5281448364258 59.3472061157227 58.9656982421875 58.9878234863281 58.7974166870117 58.7739944458008 59.0743255615234 59.0079498291016 58.8115577697754 58.7200775146484 58.2687835693359 57.8603134155273 58.0454254150391 58.2604598999023 58.099910736084 57.9277458190918 57.6002540588379 57.4320602416992 -3.4e+38
