rcp8.5models/GFDL_CM3/sc1gr5.19
NCOLS 261 
NROWS 433 
XLLCORNER 336357.134 
YLLCORNER 654653.479 
CELLSIZE 1000 
NODATA_value -3.4e+38 
[rows 330 to 351 of 433, columns 98 to 146 of 261]
262.604553222656 250.012359619141 243.712341308594 238.776168823242 235.887634277344 239.754776000977 231.302276611328 212.104965209961 200.598663330078 202.404037475586 203.983047485352 204.558944702148 206.338272094727 206.282211303711 -3.4e+38 -3.4e+38 216.147872924805 212.738555908203 217.260223388672 223.658432006836 -3.4e+38 -3.4e+38 224.420349121094 218.655059814453 216.169708251953 215.042144775391 205.062713623047 191.963439941406 191.111923217773 202.162338256836 204.882354736328 202.238052368164 200.242568969727 200.367446899414 203.214752197266 205.130859375 204.001342773438 205.611083984375 207.798492431641 206.056350708008 200.397689819336 192.269775390625 183.660598754883 177.587036132812 177.129821777344 182.665786743164 184.439743041992 183.605987548828 200.526580810547
270.948913574219 257.135406494141 245.566284179688 233.052810668945 223.573059082031 229.775115966797 230.845687866211 217.17707824707 203.274642944336 196.30207824707 193.221267700195 193.890396118164 199.117721557617 200.681900024414 220.421875 -3.4e+38 222.012329101562 219.969146728516 218.674667358398 216.775192260742 218.003677368164 223.067596435547 225.313949584961 224.486633300781 220.783218383789 216.622314453125 208.36701965332 198.559600830078 191.291213989258 189.123397827148 192.167938232422 195.170944213867 193.975616455078 196.780471801758 201.393798828125 203.681732177734 201.751678466797 200.196044921875 200.292037963867 201.624404907227 201.596939086914 194.855728149414 187.611206054688 178.703735351562 171.98371887207 175.001266479492 179.438980102539 180.261215209961 201.83317565918
275.193176269531 268.340789794922 258.185028076172 238.922561645508 225.488708496094 223.473068237305 223.595230102539 218.526306152344 208.26448059082 194.390762329102 188.581115722656 192.504333496094 202.239242553711 209.031829833984 220.937835693359 224.864364624023 -3.4e+38 -3.4e+38 221.712432861328 217.111785888672 213.06526184082 215.562438964844 221.857421875 226.346633911133 225.124572753906 219.903579711914 212.72721862793 206.731536865234 198.962020874023 186.666915893555 182.400833129883 189.203750610352 192.872833251953 196.58854675293 199.802856445312 203.036209106445 202.662078857422 199.236419677734 195.207473754883 192.735641479492 192.532241821289 188.608459472656 182.938201904297 175.540374755859 169.067932128906 168.800155639648 173.504302978516 178.595199584961 196.809432983398
270.844482421875 271.290679931641 263.873107910156 240.093841552734 231.416320800781 224.943298339844 219.788330078125 217.187927246094 209.915328979492 198.055023193359 195.979614257812 203.975357055664 212.532867431641 216.751388549805 -3.4e+38 -3.4e+38 -3.4e+38 -3.4e+38 220.958679199219 219.300308227539 215.780242919922 213.356628417969 215.603668212891 220.798416137695 223.806854248047 221.384262084961 214.829681396484 211.371475219727 205.598892211914 196.70964050293 188.29508972168 188.676345825195 195.565719604492 199.324768066406 199.787353515625 199.856826782227 200.254257202148 196.932769775391 191.524230957031 185.99397277832 181.837936401367 179.813751220703 176.761566162109 172.399703979492 169.038024902344 168.559814453125 172.347015380859 180.969314575195 191.694808959961
263.193267822266 266.644653320312 262.636962890625 234.427017211914 225.125946044922 222.295257568359 218.645889282227 214.216003417969 205.682479858398 194.892562866211 194.08723449707 202.094253540039 207.497711181641 211.206832885742 217.383239746094 224.6484375 -3.4e+38 -3.4e+38 221.604705810547 219.525634765625 217.511093139648 214.984573364258 213.227661132812 213.573471069336 216.929580688477 218.484588623047 216.491058349609 215.479629516602 212.573776245117 207.0771484375 200.330627441406 195.805648803711 198.496856689453 201.237457275391 200.194732666016 197.406372070312 197.220153808594 191.769119262695 184.854095458984 180.133682250977 174.214050292969 171.020858764648 173.000411987305 171.957626342773 170.076370239258 169.856079101562 171.428909301758 176.07209777832 191.44938659668
253.186141967773 257.649597167969 259.302001953125 245.485397338867 233.237228393555 227.320083618164 222.584457397461 210.987289428711 198.417999267578 188.458312988281 187.547546386719 193.334259033203 195.580169677734 199.827239990234 215.785232543945 224.049194335938 222.885986328125 221.683883666992 220.172622680664 217.668914794922 216.664306640625 216.165069580078 214.3115234375 211.149642944336 209.738739013672 210.542938232422 214.296722412109 215.443298339844 216.710922241211 215.160797119141 210.255935668945 203.837615966797 200.041305541992 197.741180419922 198.119552612305 196.778686523438 193.621154785156 187.350250244141 179.272811889648 173.038269042969 169.607437133789 168.00830078125 170.499771118164 170.873428344727 170.403366088867 170.278381347656 169.839447021484 170.027938842773 183.399597167969
254.687927246094 258.992858886719 265.302795410156 267.787658691406 264.640655517578 257.271301269531 242.4267578125 229.607452392578 211.361694335938 193.514739990234 194.576812744141 196.772552490234 200.638153076172 204.756454467773 209.160827636719 209.61882019043 203.884063720703 191.555862426758 189.951873779297 201.006286621094 209.81852722168 212.902862548828 214.628875732422 213.758712768555 210.258987426758 202.952682495117 200.053421020508 205.550964355469 210.149185180664 213.578826904297 214.790664672852 212.894683837891 208.138168334961 200.122833251953 194.926940917969 192.163970947266 186.703659057617 175.244552612305 172.219650268555 167.735366821289 167.284149169922 169.975692749023 171.498886108398 171.474349975586 172.270553588867 172.283981323242 176.400405883789 181.741302490234 198.403533935547
264.152282714844 268.552886962891 272.591003417969 272.985961914062 270.804107666016 264.034057617188 251.091247558594 240.389892578125 219.493637084961 198.059722900391 197.03271484375 195.846694946289 198.035064697266 201.136428833008 197.667541503906 195.87922668457 194.400650024414 188.995590209961 185.446762084961 195.302581787109 209.800659179688 212.790222167969 211.931091308594 211.992446899414 212.02033996582 205.708389282227 194.207107543945 198.169921875 202.327651977539 207.165969848633 209.791275024414 209.407348632812 208.303985595703 204.443008422852 201.743041992188 199.027282714844 191.933807373047 175.882415771484 174.6845703125 172.667449951172 170.462997436523 171.383895874023 174.462707519531 180.342147827148 181.96745300293 181.126800537109 193.21012878418 203.591293334961 217.245193481445
271.088745117188 276.027526855469 277.537750244141 278.046417236328 276.079162597656 270.338104248047 260.706207275391 248.088775634766 227.484252929688 213.00505065918 208.637344360352 201.779357910156 199.976348876953 200.386306762695 193.640747070312 187.738708496094 188.43310546875 187.675659179688 185.756454467773 194.139251708984 206.962554931641 208.608978271484 208.132781982422 208.549423217773 211.428817749023 207.669021606445 189.277908325195 187.823028564453 192.495758056641 199.445205688477 203.432968139648 204.074981689453 204.757537841797 203.696533203125 202.227737426758 200.19677734375 194.935623168945 179.513793945312 173.557678222656 171.983383178711 173.462524414062 174.289520263672 183.681564331055 197.312561035156 194.111755371094 195.99934387207 212.801971435547 222.700820922852 234.024017333984
275.548126220703 280.532775878906 282.062622070312 281.940093994141 277.409027099609 273.828002929688 269.810668945312 259.437866210938 245.546142578125 235.384094238281 228.133666992188 221.145614624023 214.337158203125 211.713562011719 211.894882202148 199.545608520508 192.306884765625 191.145645141602 190.49382019043 191.233001708984 194.56022644043 196.117660522461 201.394638061523 205.922546386719 206.569442749023 203.802444458008 189.1728515625 183.049026489258 184.677139282227 190.702163696289 198.175811767578 202.637542724609 201.687576293945 200.168655395508 197.768310546875 194.622604370117 192.548004150391 184.427322387695 182.85969543457 183.084320068359 180.674453735352 186.778350830078 202.889907836914 210.612564086914 196.494476318359 196.993804931641 215.474411010742 227.175247192383 243.147430419922
276.407867431641 281.370574951172 284.208129882812 283.578948974609 276.293823242188 272.461608886719 272.30224609375 266.74072265625 259.119262695312 253.390045166016 247.09016418457 238.38459777832 230.11376953125 229.346939086914 229.134063720703 215.750137329102 207.062561035156 208.040771484375 207.594360351562 202.746795654297 199.76350402832 201.463806152344 203.883239746094 206.675338745117 203.038864135742 199.091400146484 188.642593383789 184.200607299805 184.371719360352 190.515380859375 201.710739135742 205.664291381836 201.873794555664 199.541549682617 199.102401733398 199.645721435547 199.84977722168 199.117324829102 205.348999023438 202.855270385742 190.820983886719 201.352737426758 219.632629394531 210.961532592773 193.190475463867 195.933166503906 216.119537353516 227.723175048828 246.86979675293
274.481292724609 279.806121826172 284.096588134766 285.375762939453 279.000061035156 274.095092773438 272.90478515625 268.897827148438 264.488220214844 262.122161865234 257.289184570312 248.984985351562 242.87141418457 241.184188842773 235.54850769043 223.96403503418 220.24836730957 224.21630859375 224.485290527344 221.866714477539 220.64518737793 219.003753662109 215.206481933594 212.177017211914 205.318756103516 198.881896972656 191.201110839844 197.428649902344 200.309036254883 197.59228515625 207.375595092773 214.744018554688 211.946990966797 209.053344726562 211.743835449219 215.292175292969 217.548583984375 221.935165405273 224.601150512695 215.623718261719 206.728851318359 217.857055664062 225.829193115234 208.610870361328 201.406326293945 215.27409362793 228.735870361328 237.701629638672 247.797485351562
271.099700927734 276.583831787109 283.544860839844 286.314147949219 282.176239013672 276.809234619141 272.865844726562 269.905822753906 267.672790527344 265.147277832031 260.887145996094 255.440155029297 250.601135253906 247.07568359375 240.132278442383 231.352264404297 227.444030761719 230.215087890625 232.846252441406 234.650283813477 235.849105834961 233.365509033203 230.464538574219 224.913436889648 215.937805175781 209.623580932617 207.176834106445 216.575393676758 218.982666015625 212.192230224609 217.74885559082 226.341018676758 226.413177490234 223.167770385742 223.011566162109 224.830825805664 229.495346069336 236.642303466797 236.405502319336 228.799102783203 227.29150390625 233.912521362305 229.121887207031 220.215805053711 224.078628540039 232.943710327148 238.79296875 246.80827331543 253.839721679688
269.042388916016 270.898040771484 279.360961914062 285.088012695312 281.853881835938 276.366760253906 269.515838623047 266.861846923828 264.840759277344 263.001770019531 261.143005371094 258.059997558594 252.968536376953 248.556564331055 243.555892944336 238.670516967773 234.835174560547 233.13720703125 231.945434570312 235.268218994141 242.345016479492 245.302093505859 244.688339233398 239.850936889648 232.802490234375 228.543487548828 224.402587890625 228.684921264648 233.014053344727 233.622207641602 233.445892333984 234.827484130859 234.534652709961 230.314224243164 226.128784179688 224.799575805664 227.785049438477 239.211029052734 243.882080078125 243.071411132812 242.672927856445 241.993606567383 237.427017211914 237.708511352539 241.877517700195 243.37580871582 247.381744384766 253.397415161133 259.917663574219
270.851043701172 267.714324951172 272.548095703125 284.859802246094 281.727355957031 273.872314453125 266.689331054688 264.726593017578 262.905303955078 260.028656005859 260.053802490234 260.494995117188 256.935791015625 253.258331298828 250.456466674805 246.218109130859 240.496810913086 235.966156005859 232.283386230469 231.672134399414 236.369171142578 241.305419921875 246.58430480957 249.298294067383 246.860717773438 242.969741821289 234.077743530273 238.190963745117 243.287368774414 245.803909301758 244.58381652832 244.245223999023 244.720489501953 240.685455322266 234.963775634766 232.992401123047 229.021469116211 232.048736572266 243.855072021484 250.276184082031 251.196014404297 249.524032592773 248.613296508789 249.790084838867 251.152465820312 252.972793579102 254.791885375977 258.470520019531 262.404510498047
274.431549072266 269.981231689453 271.263580322266 285.249176025391 279.967071533203 272.754791259766 269.265594482422 267.400482177734 266.358612060547 265.363464355469 266.771942138672 267.219451904297 264.681915283203 263.453277587891 260.081024169922 252.892639160156 246.229843139648 243.63459777832 241.909133911133 238.356338500977 234.288070678711 233.710556030273 238.468872070312 243.896240234375 249.876754760742 251.750076293945 246.365127563477 248.870361328125 250.28385925293 252.025817871094 253.525741577148 254.64729309082 255.125274658203 253.17643737793 248.557739257812 245.555557250977 239.653472900391 233.465560913086 244.524169921875 253.29670715332 255.705841064453 255.101608276367 255.308456420898 255.954498291016 256.67626953125 257.786315917969 258.896240234375 261.956420898438 266.267211914062
277.411865234375 274.023284912109 277.829315185547 285.703857421875 281.68359375 277.429412841797 275.455993652344 274.613372802734 274.380249023438 274.742889404297 276.638977050781 276.527435302734 274.300140380859 274.060028076172 268.736663818359 261.880828857422 257.716979980469 256.346984863281 253.200927734375 249.065811157227 244.851119995117 240.520416259766 238.33528137207 241.297119140625 249.768463134766 254.508163452148 255.794708251953 256.245391845703 256.494140625 257.041839599609 257.73779296875 257.867248535156 256.214172363281 256.547973632812 257.493041992188 254.378372192383 252.099014282227 248.822967529297 252.11701965332 257.043212890625 -3.4e+38 257.784576416016 257.464965820312 258.012481689453 258.386566162109 260.870391845703 263.392974853516 264.890930175781 265.072052001953
282.139373779297 278.581298828125 282.186737060547 282.543487548828 282.466552734375 281.533508300781 280.576354980469 280.810485839844 280.966156005859 281.129943847656 280.545715332031 279.372161865234 276.519165039062 272.862579345703 273.574096679688 271.132965087891 266.719268798828 262.4072265625 258.405639648438 255.447448730469 252.983749389648 247.651519775391 243.353622436523 245.398132324219 251.263458251953 255.090942382812 257.811492919922 258.021087646484 258.445251464844 258.842437744141 258.403839111328 257.06787109375 254.280975341797 254.097183227539 256.968872070312 257.466369628906 258.464935302734 259.568237304688 259.702301025391 261.021850585938 259.757934570312 259.120269775391 259.332672119141 259.709228515625 258.659515380859 261.169097900391 263.904479980469 263.464508056641 261.924285888672
287.192626953125 287.000305175781 282.282653808594 270.064453125 274.819519042969 278.385559082031 278.449340820312 278.396392822266 279.731719970703 279.067901611328 275.655792236328 271.208953857422 264.857421875 259.655792236328 264.6162109375 267.476501464844 266.171936035156 264.392333984375 264.134582519531 261.995086669922 254.425354003906 248.126800537109 240.28466796875 236.523590087891 241.464324951172 246.383880615234 250.233825683594 253.839126586914 256.816864013672 258.480438232422 259.633880615234 258.810546875 258.095825195312 257.797637939453 257.171905517578 256.449005126953 257.359039306641 260.443328857422 260.764068603516 261.857666015625 -3.4e+38 -3.4e+38 263.429504394531 263.269226074219 262.502532958984 261.077972412109 261.657287597656 263.076965332031 260.633209228516
287.070434570312 287.135925292969 284.962432861328 272.425689697266 278.03271484375 281.068969726562 278.069122314453 275.623992919922 277.381500244141 278.076904296875 276.197113037109 272.402648925781 263.308807373047 258.47021484375 260.493408203125 260.803070068359 260.060241699219 258.784851074219 257.161102294922 255.879760742188 252.137908935547 247.954971313477 241.820297241211 237.184234619141 237.222839355469 238.542953491211 241.999038696289 247.181976318359 252.918411254883 256.982727050781 258.702117919922 258.98828125 258.930053710938 258.515075683594 258.251068115234 257.526702880859 256.889251708984 259.462280273438 259.025177001953 258.436218261719 260.354248046875 -3.4e+38 263.911682128906 264.538391113281 264.913269042969 264.0791015625 264.524444580078 266.860473632812 264.484130859375
286.211090087891 287.171691894531 287.159057617188 279.493560791016 280.704681396484 281.967193603516 279.881286621094 278.593353271484 279.297943115234 278.635894775391 276.938720703125 274.217834472656 269.002258300781 264.361053466797 253.966171264648 252.981597900391 254.70622253418 250.705368041992 245.875442504883 243.216949462891 239.942642211914 238.091339111328 238.554870605469 237.568832397461 234.034225463867 233.452194213867 240.174011230469 243.14372253418 249.143859863281 255.644866943359 257.223266601562 258.339721679688 259.223693847656 258.832702636719 259.227294921875 257.759216308594 255.978851318359 258.532257080078 257.440521240234 257.2919921875 259.525085449219 261.532958984375 -3.4e+38 263.980255126953 263.522888183594 262.532257080078 263.113006591797 266.404510498047 270.737548828125
283.959686279297 285.100433349609 286.031646728516 283.518707275391 279.573547363281 276.411865234375 276.73291015625 278.991088867188 279.951599121094 280.25439453125 278.147857666016 275.460052490234 275.348083496094 273.819671630859 257.949401855469 252.626098632812 253.51611328125 249.695587158203 245.571350097656 243.499389648438 236.272384643555 229.388763427734 226.54313659668 225.02180480957 222.092666625977 220.324966430664 234.11750793457 239.767517089844 246.906936645508 254.495559692383 257.589141845703 258.053283691406 258.612030029297 259.047546386719 259.871215820312 258.534271240234 257.407745361328 258.268402099609 256.684814453125 257.3759765625 259.135833740234 259.848968505859 -3.4e+38 -3.4e+38 -3.4e+38 258.749084472656 260.172943115234 264.412322998047 270.080993652344
