rcp8.5models/GFDL_CM3/sc1gr9.38
NCOLS 261 
NROWS 433 
XLLCORNER 336357.134 
YLLCORNER 654653.479 
CELLSIZE 1000 
NODATA_value -9999 
[rows 138 to 160 of 433, columns 150 to 199 of 261]
84.2581405639648 84.9884796142578 85.4204940795898 85.5521926879883 86.2804565429688 87.1153106689453 87.1415100097656 -9999 -9999 89.1125717163086 89.7699737548828 90.4675064086914 90.8885269165039 91.5852127075195 -9999 92.988395690918 93.2916107177734 94.1724395751953 93.8251495361328 95.0904541015625 95.5131912231445 95.2517776489258 94.2396926879883 94.0185165405273 93.7024154663086 93.7921752929688 93.5158767700195 92.9958190917969 92.0290603637695 91.2633743286133 91.2968139648438 89.7673721313477 88.9468383789062 88.3606491088867 87.9431381225586 87.7433776855469 87.4429016113281 87.0275268554688 -9999 -9999 -9999 -9999 -9999 -9999 -9999 -9999 -9999 -9999 -9999 -9999
83.6369094848633 -9999 84.8603668212891 85.1077575683594 85.4089813232422 86.3498229980469 86.8202819824219 87.0280838012695 -9999 88.7046203613281 89.2028884887695 89.9842071533203 90.7245788574219 91.5004196166992 -9999 -9999 93.2105484008789 93.6243209838867 92.6780624389648 94.5512237548828 95.3158569335938 95.0022888183594 94.0596618652344 93.6970748901367 93.0885467529297 93.0614013671875 93.032470703125 92.7014389038086 91.6590347290039 90.6450653076172 90.2821884155273 89.4859466552734 89.0601806640625 88.6445007324219 88.2576141357422 -9999 87.4917144775391 -9999 86.7563552856445 -9999 -9999 -9999 -9999 -9999 -9999 -9999 -9999 -9999 -9999 -9999
83.2553024291992 83.652961730957 84.0384368896484 84.5494079589844 84.9741897583008 85.5001220703125 86.0564727783203 86.6170883178711 87.588249206543 88.2158203125 88.8596649169922 89.5311508178711 90.3137893676758 90.8944854736328 91.5067291259766 92.2090835571289 92.9390640258789 92.8985900878906 92.43115234375 94.7444152832031 95.0379409790039 94.4240798950195 93.8325576782227 93.3171844482422 93.0409393310547 92.6294784545898 92.1924743652344 91.9528121948242 91.2451705932617 90.4048309326172 89.5972671508789 89.6186218261719 89.4905853271484 88.5348281860352 87.9359588623047 -9999 -9999 -9999 -9999 86.5603637695312 -9999 -9999 -9999 -9999 -9999 -9999 -9999 -9999 -9999 -9999
82.6894302368164 83.3758163452148 83.5786666870117 83.7275085449219 93.1264419555664 104.651588439941 85.3157119750977 86.1208343505859 86.7408752441406 87.4032135009766 88.2249145507812 88.8483200073242 89.2897338867188 89.9088973999023 90.947380065918 91.9163665771484 92.803840637207 92.8167419433594 93.5709457397461 95.4798049926758 95.4093399047852 94.4832000732422 93.7822570800781 93.3556365966797 92.7705764770508 92.3388519287109 91.8736419677734 91.4582138061523 90.8324432373047 90.3141174316406 89.6549682617188 89.6514587402344 89.5074081420898 88.5417556762695 88.159309387207 -9999 -9999 -9999 -9999 86.7526168823242 -9999 -9999 -9999 -9999 -9999 -9999 -9999 -9999 -9999 -9999
81.7821731567383 82.5166778564453 83.0598907470703 83.3737030029297 90.6463928222656 99.7295684814453 84.6559295654297 85.3037490844727 86.4091033935547 86.8214645385742 87.3752288818359 87.9410095214844 88.4550399780273 89.0331878662109 90.2546310424805 91.3812255859375 92.1842651367188 92.94775390625 -9999 95.4731903076172 95.5363235473633 94.8608703613281 93.7581787109375 93.063346862793 92.2306518554688 91.7881927490234 91.5136032104492 91.4076919555664 90.5759811401367 89.910041809082 89.3603897094727 89.0186614990234 88.6418151855469 88.2154846191406 87.4815673828125 -9999 -9999 -9999 -9999 87.2875595092773 86.9677810668945 -9999 -9999 -9999 -9999 -9999 -9999 -9999 -9999 -9999
81.2580947875977 81.3972778320312 82.0548858642578 82.7511138916016 83.1542129516602 83.6630172729492 84.0884399414062 84.6099014282227 85.6516647338867 86.4142684936523 86.6270217895508 86.8701553344727 87.7969741821289 88.76416015625 89.772087097168 90.7814559936523 91.5904998779297 92.5392532348633 93.2322006225586 94.2114868164062 94.9026031494141 93.8801879882812 92.9283752441406 92.5645217895508 91.6658630371094 91.1585083007812 90.6438827514648 90.6855773925781 90.1733016967773 89.3722076416016 -9999 -9999 88.1011734008789 87.8953399658203 87.1827926635742 86.9979705810547 -9999 -9999 -9999 87.0060195922852 -9999 -9999 -9999 -9999 -9999 -9999 -9999 -9999 -9999 -9999
80.9249649047852 81.0404739379883 81.4300384521484 82.0309143066406 82.5427551269531 82.7723083496094 83.2683868408203 83.990837097168 84.7518768310547 85.2716522216797 85.8258209228516 86.2880935668945 87.0574188232422 88.1537322998047 89.0701293945312 89.985237121582 90.893180847168 91.5625076293945 91.8228149414062 92.896110534668 92.849967956543 91.8562927246094 91.6166687011719 92.3209991455078 91.3128890991211 90.6936340332031 90.0952453613281 89.7638702392578 89.7119750976562 89.1081008911133 -9999 -9999 -9999 87.9585342407227 87.5054092407227 87.5971450805664 -9999 -9999 -9999 -9999 -9999 -9999 -9999 -9999 -9999 -9999 -9999 -9999 -9999 -9999
80.4909515380859 80.9288787841797 80.9974594116211 81.3941650390625 81.9181137084961 82.2876510620117 82.5738220214844 82.8961410522461 84.2825088500977 84.5067367553711 85.0623626708984 85.651969909668 86.3075942993164 86.9897613525391 87.9010391235352 88.8210220336914 89.6243515014648 90.0886383056641 90.4788208007812 91.3285217285156 90.4236755371094 90.2309188842773 90.8385467529297 91.5370635986328 90.7332077026367 90.1153869628906 89.4544525146484 89.1966094970703 -9999 -9999 -9999 -9999 -9999 -9999 87.150634765625 87.1924285888672 87.0333633422852 -9999 -9999 -9999 -9999 -9999 -9999 -9999 -9999 -9999 -9999 -9999 -9999 -9999
79.5807952880859 80.0927963256836 80.4512023925781 80.7677383422852 81.1463623046875 81.7068862915039 82.1854095458984 82.329231262207 83.4875946044922 83.9127578735352 84.4272003173828 84.7974319458008 85.3914489746094 86.1675720214844 86.9747695922852 87.6500244140625 88.3622665405273 88.7731018066406 89.4779739379883 89.8083038330078 89.2972946166992 89.6304016113281 90.86083984375 90.5920867919922 89.6505889892578 89.2514801025391 -9999 -9999 -9999 -9999 -9999 -9999 -9999 -9999 86.7398910522461 86.6526336669922 86.8071823120117 -9999 -9999 -9999 -9999 -9999 -9999 -9999 -9999 -9999 -9999 -9999 -9999 -9999
79.0110168457031 79.2935791015625 79.6546478271484 80.2115173339844 80.5083312988281 80.8743591308594 81.2794342041016 81.4797058105469 82.6633911132812 83.0717239379883 83.5635299682617 83.9762268066406 84.5618133544922 85.3971710205078 86.2225189208984 86.4822845458984 87.1895065307617 87.8177108764648 88.6458206176758 88.8366851806641 89.0950317382812 89.8785858154297 -9999 89.6014251708984 89.1365051269531 88.7267684936523 -9999 -9999 -9999 -9999 -9999 87.1276779174805 86.8455963134766 86.7575378417969 86.7913589477539 -9999 -9999 -9999 -9999 -9999 -9999 -9999 -9999 -9999 -9999 -9999 -9999 -9999 -9999 85.4219360351562
-9999 78.6138916015625 78.8196563720703 79.4078216552734 79.9098205566406 80.2312088012695 80.4751892089844 80.7038955688477 81.7746810913086 82.1194381713867 82.5529403686523 83.151252746582 83.6447982788086 84.2520065307617 85.0307922363281 85.3607330322266 86.1393127441406 86.8544998168945 87.4253387451172 88.2844848632812 88.9697418212891 89.4371109008789 88.9325637817383 88.3077239990234 88.2777481079102 88.0831604003906 -9999 -9999 -9999 -9999 87.1328811645508 86.8589782714844 86.9097213745117 86.8228302001953 86.9787979125977 -9999 -9999 -9999 -9999 -9999 -9999 -9999 -9999 -9999 -9999 85.1967163085938 85.1004791259766 85.3434982299805 85.6089935302734 85.6380844116211
77.5573959350586 77.9695434570312 78.5213394165039 78.7974548339844 79.0233840942383 79.4528198242188 79.9106292724609 80.0040435791016 81.058464050293 81.5253143310547 81.7027282714844 82.286750793457 82.7035827636719 83.094841003418 83.8981018066406 84.177864074707 85.0543746948242 85.8899765014648 86.4189453125 -9999 88.2110137939453 88.2672119140625 87.8890762329102 87.5232543945312 87.5112838745117 87.3514709472656 87.0206451416016 -9999 -9999 -9999 86.6490478515625 86.560432434082 86.6119689941406 86.5253524780273 86.6970443725586 -9999 -9999 -9999 -9999 -9999 -9999 -9999 -9999 -9999 -9999 85.2431640625 85.1609954833984 85.4257049560547 85.6923675537109 85.7229232788086
76.6923675537109 76.6774597167969 76.9482574462891 77.6008758544922 77.8368072509766 77.9735260009766 78.2790908813477 78.6443634033203 79.4679794311523 79.5721740722656 79.9872970581055 80.5427322387695 81.1184234619141 81.6648559570312 81.9745254516602 82.3308334350586 82.8695297241211 83.5097885131836 84.4165267944336 85.8113708496094 -9999 85.7604064941406 85.7273025512695 85.7321701049805 85.8162002563477 86.0008850097656 86.1441497802734 86.1995697021484 -9999 -9999 -9999 -9999 85.9754409790039 85.7044830322266 -9999 -9999 -9999 -9999 -9999 -9999 -9999 -9999 -9999 -9999 -9999 -9999 85.2937240600586 85.2127227783203 85.3662414550781 85.4658966064453
76.0955200195312 76.2966232299805 76.6908493041992 76.7683258056641 77.090087890625 77.4169082641602 77.7264251708984 78.0173950195312 78.5317611694336 78.7713317871094 79.3881988525391 80.0614395141602 80.6771011352539 80.8888854980469 81.0817794799805 81.4565353393555 81.8319854736328 82.6439743041992 83.5679244995117 84.5849609375 84.6919403076172 85.0192642211914 85.2380905151367 85.2062606811523 85.193244934082 85.2659378051758 85.4425888061523 85.4145355224609 85.4047393798828 85.4805374145508 85.5235748291016 85.3261947631836 -9999 85.4048843383789 -9999 -9999 -9999 -9999 -9999 -9999 -9999 -9999 -9999 -9999 -9999 85.0544204711914 85.0927658081055 85.012321472168 85.2814636230469 85.5525131225586
75.3436508178711 75.7187042236328 76.0966415405273 76.2260971069336 76.5249710083008 76.7961654663086 77.2360534667969 77.7004852294922 77.7489624023438 77.9212188720703 78.6583633422852 79.5938720703125 79.9995727539062 79.8842315673828 79.851448059082 80.6753082275391 81.1063613891602 81.4895553588867 82.4435424804688 83.4500198364258 83.6368637084961 84.2435150146484 84.4826049804688 84.3821792602539 84.5654907226562 84.8346176147461 85.1244506835938 85.031494140625 85.0876388549805 84.9971618652344 85.112663269043 85.0196075439453 84.9331130981445 85.1867523193359 85.2412109375 -9999 -9999 -9999 -9999 -9999 -9999 -9999 -9999 -9999 -9999 85.1382141113281 -9999 85.0981216430664 85.3684616088867 85.4797973632812
74.7747650146484 75.0296173095703 75.4523773193359 75.9073867797852 75.9713668823242 76.2552947998047 76.5646743774414 76.7623519897461 77.431526184082 77.5854187011719 78.0461578369141 78.7222137451172 79.0780868530273 78.8967208862305 79.1407470703125 79.8678436279297 80.1606292724609 80.7986450195312 81.4237670898438 82.5827713012695 82.8831405639648 83.4386520385742 83.5319519042969 83.7561111450195 83.8272857666016 84.2067565917969 84.4478073120117 84.3545913696289 84.6747055053711 85.0576400756836 84.891960144043 84.7097702026367 84.6234512329102 84.7654113769531 84.7416305541992 84.8494033813477 84.7917175292969 84.5244369506836 84.5753479003906 84.4931793212891 -9999 -9999 85.0031814575195 -9999 -9999 85.2040786743164 -9999 85.1855087280273 85.2978668212891 85.2108993530273
74.4594879150391 74.4858627319336 74.7807159423828 75.0491943359375 75.4758148193359 75.9376754760742 75.9429931640625 75.9770965576172 76.7020950317383 76.7368545532227 77.4777908325195 78.0183715820312 77.9512252807617 77.8921051025391 78.3385467529297 79.2210235595703 79.4262542724609 -9999 80.9974365234375 81.8287048339844 82.1798629760742 82.5705108642578 82.7541122436523 83.1239776611328 83.3901214599609 83.7651748657227 83.7376174926758 83.8322525024414 84.097541809082 84.3805389404297 84.24365234375 84.1130294799805 84.0267639160156 84.081787109375 83.9967346191406 84.3927230834961 84.6815643310547 -9999 84.6526031494141 84.571403503418 84.8351440429688 84.8852462768555 85.072624206543 85.1194763183594 85.0403671264648 85.3255996704102 -9999 84.8776626586914 85.0299835205078 85.1236267089844
73.7223968505859 74.2721939086914 74.3989410400391 74.3537826538086 74.8032302856445 -9999 75.4070129394531 75.6570205688477 76.0915603637695 84.9753036499023 95.6172866821289 77.1408920288086 77.1896896362305 77.1160049438477 77.6019134521484 -9999 79.119514465332 79.7414703369141 80.070556640625 81.1046676635742 81.7319488525391 81.8172378540039 82.0758438110352 82.3826904296875 82.7600784301758 83.1340713500977 83.4069900512695 83.7853317260742 83.7607269287109 83.8599624633789 83.8320693969727 83.8899612426758 83.8048477172852 83.8615036010742 83.7775268554688 84.1439895629883 84.3820037841797 84.3005447387695 84.353874206543 84.2726364135742 84.5368041992188 84.5875244140625 84.7749710083008 84.8223266601562 84.7427597045898 84.8585586547852 84.6739654541016 84.4820556640625 84.5527801513672 84.8259353637695
102.857917785645 73.6557693481445 73.9741973876953 74.2886734008789 74.4208755493164 74.3856658935547 74.8394622802734 75.2327728271484 75.7179641723633 82.9689178466797 91.0357666015625 76.1278839111328 76.3843688964844 76.684326171875 77.1086883544922 77.607780456543 -9999 79.3817520141602 79.3270568847656 80.4220657348633 80.8898620605469 81.3344192504883 81.7277908325195 81.8175048828125 82.0815200805664 82.3933181762695 82.7772903442383 83.0242614746094 83.0658264160156 83.5791931152344 83.7615432739258 83.7189712524414 83.8733215332031 -9999 83.8490829467773 84.1088409423828 84.1660385131836 84.0855560302734 84.2583160400391 84.2544937133789 84.3257293701172 84.2298583984375 84.3285446166992 84.5907287597656 84.3438873291016 84.2986373901367 84.3891143798828 84.4320068359375 84.3523101806641 84.6267852783203
96.522575378418 73.0582809448242 73.2037582397461 73.7557754516602 74.1835403442383 74.2142562866211 74.3716049194336 74.825080871582 74.9166793823242 75.1744842529297 75.4182052612305 75.7439346313477 75.8478240966797 76.556526184082 76.8705062866211 77.2742691040039 77.9446792602539 78.570068359375 78.7874984741211 79.9497909545898 80.1811828613281 80.6026611328125 80.8861694335938 81.3378219604492 81.7353744506836 81.9585342407227 82.4390106201172 82.4985198974609 82.5132598876953 82.8661575317383 83.0029220581055 82.9002532958984 83.330078125 -9999 83.5439453125 83.8041458129883 83.861930847168 83.7813339233398 84.0456695556641 84.1012573242188 84.0219650268555 83.9607467651367 84.0805282592773 84.293342590332 84.0860290527344 84.2061538696289 -9999 84.5240097045898 84.4447402954102 84.7204360961914
72.6609954833984 72.9693145751953 72.8577117919922 73.1404113769531 73.5695648193359 74.1320037841797 74.1869583129883 74.6546936035156 74.3169937133789 74.4257583618164 74.8452453613281 75.3414840698242 75.6409530639648 75.9943008422852 76.4184265136719 76.7632446289062 77.6144943237305 77.9309997558594 78.196647644043 79.2520751953125 79.886100769043 80.1791687011719 80.1783981323242 80.831657409668 81.3180084228516 81.3257904052734 81.8883514404297 82.3189926147461 82.4685440063477 82.5296020507812 82.5030670166016 82.4176254272461 82.7810363769531 83.0275344848633 82.9449081420898 83.2054748535156 83.2637786865234 83.3254852294922 83.8291168212891 83.8861694335938 83.8075714111328 83.861701965332 84.0527191162109 84.2289123535156 84.223388671875 84.2970657348633 84.5718383789062 84.6177368164062 84.5388870239258 84.8158187866211
72.3274993896484 72.5450668334961 72.7499237060547 72.7490386962891 72.931510925293 73.360481262207 73.7561645507812 74.1583557128906 73.9993209838867 74.0409469604492 74.1518630981445 74.6658782958984 75.2595367431641 75.5851669311523 -9999 76.2798233032227 77.1963500976562 77.578857421875 78.0364456176758 78.4916229248047 79.2486343383789 79.7461166381836 80.1250305175781 80.46240234375 80.8394088745117 80.9838180541992 81.2289886474609 81.4995956420898 81.7874298095703 81.9823760986328 82.5701522827148 82.4861602783203 82.74365234375 82.8051376342773 82.7236328125 82.9857177734375 83.0457077026367 83.0768203735352 83.5287246704102 83.5865097045898 83.5078201293945 83.6838684082031 83.7537307739258 84.1764678955078 84.4673156738281 84.3897094726562 84.6658172607422 84.7132186889648 84.6347732543945 84.9129409790039
71.8215560913086 71.8807601928711 72.4833908081055 72.5593795776367 72.6938323974609 72.7445449829102 73.299934387207 73.4051666259766 73.8212203979492 73.9649124145508 73.884162902832 -9999 -9999 75.2492599487305 -9999 76.0643692016602 76.5212631225586 76.936767578125 77.5923004150391 78.1183166503906 78.5648727416992 78.9722595214844 79.5667114257812 80.071159362793 80.3883209228516 80.6715545654297 80.8623275756836 81.0105361938477 81.2592010498047 81.4277191162109 81.9965896606445 82.1315231323242 82.5770874023438 82.8789367675781 82.7987289428711 83.0625228881836 83.1243515014648 83.0457077026367 83.3134384155273 83.3728942871094 83.2950820922852 83.5661926269531 83.5448303222656 83.9337539672852 84.169563293457 84.091423034668 84.3677291870117 84.5465927124023 84.5396118164062 84.6145172119141
