rcp8.5models/GFDL_CM3/sc1gr0.9
NCOLS 261 
NROWS 433 
XLLCORNER 336357.134 
YLLCORNER 654653.479 
CELLSIZE 1000 
NODATA_value -3.4e+38 
[rows 220 to 241 of 433, columns 196 to 244 of 261]
73.7563400268555 73.4834213256836 73.0416564941406 72.8567123413086 72.6011199951172 72.3292465209961 72.1173782348633 71.6083831787109 71.2792739868164 71.1603851318359 71.1335906982422 70.72412109375 70.3327407836914 70.2142639160156 70.1833801269531 70.0709228515625 69.6926803588867 69.5009918212891 69.0244140625 68.8816909790039 68.6999740600586 68.5298461914062 68.382194519043 68.2098693847656 67.9317855834961 67.7731704711914 67.6016464233398 -3.4e+38 67.0595703125 66.8058090209961 66.7241439819336 66.5837936401367 -3.4e+38 -3.4e+38 -3.4e+38 -3.4e+38 -3.4e+38 -3.4e+38 -3.4e+38 -3.4e+38 -3.4e+38 -3.4e+38 -3.4e+38 -3.4e+38 -3.4e+38 -3.4e+38 -3.4e+38 -3.4e+38 -3.4e+38
73.8174438476562 73.5680618286133 73.3014984130859 73.0086517333984 72.6779174804688 72.386848449707 72.2698745727539 71.6960906982422 71.413703918457 71.3292083740234 71.330696105957 71.0409469604492 70.5280609130859 70.4104232788086 70.3475494384766 70.0634155273438 69.8158111572266 69.5597076416016 69.1052703857422 69.0060577392578 68.7797775268555 68.6662139892578 68.5354080200195 68.2796783447266 67.9722366333008 67.8270111083984 67.6669311523438 -3.4e+38 67.2363204956055 67.0092391967773 66.7687149047852 66.6510848999023 -3.4e+38 -3.4e+38 -3.4e+38 -3.4e+38 -3.4e+38 -3.4e+38 -3.4e+38 -3.4e+38 -3.4e+38 -3.4e+38 -3.4e+38 -3.4e+38 -3.4e+38 -3.4e+38 -3.4e+38 -3.4e+38 -3.4e+38
73.87109375 73.6138076782227 73.4976959228516 73.2587280273438 72.8960342407227 72.5234909057617 72.4584350585938 71.8233261108398 71.5624618530273 71.4268264770508 71.3379745483398 71.2149963378906 70.9002304077148 70.6057052612305 70.4359817504883 70.2490463256836 70.056640625 69.8185272216797 69.2869186401367 69.0432281494141 68.8062744140625 68.6456909179688 68.490478515625 68.2914886474609 -3.4e+38 -3.4e+38 -3.4e+38 -3.4e+38 67.365104675293 67.2292327880859 66.7962493896484 66.6723785400391 66.4488067626953 -3.4e+38 -3.4e+38 -3.4e+38 -3.4e+38 -3.4e+38 -3.4e+38 -3.4e+38 -3.4e+38 -3.4e+38 -3.4e+38 -3.4e+38 -3.4e+38 -3.4e+38 -3.4e+38 -3.4e+38 -3.4e+38
73.9482498168945 73.6432266235352 73.5747909545898 73.3486862182617 73.0401000976562 72.8872604370117 72.7256240844727 71.9701461791992 71.7737655639648 71.6043243408203 71.3668670654297 71.318489074707 71.0636672973633 70.7056045532227 70.442626953125 70.2949829101562 70.0777740478516 69.8914337158203 69.280387878418 68.996940612793 68.8528442382812 68.6775283813477 68.5164489746094 68.300895690918 -3.4e+38 -3.4e+38 -3.4e+38 -3.4e+38 67.3469619750977 67.2288208007812 66.7316589355469 66.6613998413086 66.4881896972656 66.4232940673828 66.2626342773438 -3.4e+38 -3.4e+38 -3.4e+38 -3.4e+38 -3.4e+38 -3.4e+38 -3.4e+38 -3.4e+38 -3.4e+38 -3.4e+38 -3.4e+38 -3.4e+38 -3.4e+38 -3.4e+38
74.0005798339844 73.7365188598633 73.684944152832 73.3327941894531 72.9966812133789 72.9321670532227 72.7131042480469 72.0885162353516 71.891716003418 71.7140655517578 71.5058441162109 71.4308395385742 71.203498840332 70.7990341186523 70.4675216674805 70.2639617919922 70.0776824951172 69.9579925537109 69.3299560546875 69.1103439331055 68.9720077514648 68.8149032592773 68.6482849121094 -3.4e+38 -3.4e+38 68.0252532958984 67.8430480957031 67.5447311401367 67.3356323242188 67.2306442260742 66.7992172241211 66.6517333984375 66.5533905029297 66.4298782348633 66.2763366699219 66.1320953369141 66.0120086669922 -3.4e+38 -3.4e+38 -3.4e+38 -3.4e+38 -3.4e+38 -3.4e+38 -3.4e+38 -3.4e+38 -3.4e+38 -3.4e+38 -3.4e+38 -3.4e+38
74.0055618286133 73.7703247070312 73.6524887084961 73.3614196777344 73.1295318603516 -3.4e+38 -3.4e+38 72.3808288574219 72.0280532836914 71.8166656494141 71.5272369384766 71.3605499267578 71.2113418579102 70.9547119140625 70.6124877929688 70.3132553100586 70.1198959350586 70.0444259643555 69.5327072143555 69.2892608642578 69.1741104125977 69.0085296630859 68.7869567871094 68.5560531616211 68.4352645874023 68.2527465820312 67.9585647583008 67.7233276367188 67.5185241699219 67.381950378418 67.0246963500977 66.7837600708008 66.5632247924805 66.3744812011719 66.2435760498047 66.1041564941406 66.0058746337891 65.7947311401367 -3.4e+38 -3.4e+38 -3.4e+38 -3.4e+38 -3.4e+38 -3.4e+38 -3.4e+38 -3.4e+38 -3.4e+38 -3.4e+38 -3.4e+38
74.0837631225586 73.8403472900391 73.6787948608398 73.4883041381836 73.3764419555664 73.0785217285156 72.9036483764648 72.8493804931641 72.5131378173828 71.8966979980469 71.4705047607422 71.3391189575195 71.127082824707 71.0181427001953 70.748176574707 70.3954544067383 70.1918869018555 70.048698425293 69.7041778564453 69.4740676879883 69.2548904418945 69.1126022338867 68.9300231933594 68.7185974121094 68.5894546508789 68.371696472168 68.0822601318359 67.8947906494141 67.7197647094727 67.5439453125 67.1347427368164 66.9246368408203 66.6478958129883 66.3878479003906 66.258903503418 66.1618499755859 66.0391082763672 65.8750915527344 -3.4e+38 -3.4e+38 -3.4e+38 -3.4e+38 -3.4e+38 -3.4e+38 -3.4e+38 -3.4e+38 -3.4e+38 -3.4e+38 -3.4e+38
74.258056640625 74.0544662475586 73.8881378173828 73.6812133789062 73.4999542236328 73.2968597412109 73.135124206543 72.9982757568359 72.6555404663086 72.0195159912109 71.7024459838867 71.5287322998047 71.2537002563477 71.0384674072266 70.9112701416016 70.6432189941406 70.3591461181641 70.1096725463867 69.7316436767578 69.6215362548828 69.324348449707 69.0613555908203 68.9451065063477 68.8639602661133 68.5975952148438 68.3959197998047 68.1541519165039 68.0131683349609 67.8107147216797 67.6389465332031 67.2627639770508 66.9634780883789 66.7079772949219 66.5895309448242 66.4771881103516 66.3197402954102 66.0672607421875 65.9375534057617 65.7842788696289 -3.4e+38 -3.4e+38 -3.4e+38 -3.4e+38 -3.4e+38 -3.4e+38 -3.4e+38 -3.4e+38 -3.4e+38 -3.4e+38
74.5156707763672 74.3699951171875 74.2242813110352 74.0812225341797 73.8459701538086 73.5152359008789 73.5403060913086 72.8473510742188 72.4493026733398 72.2191162109375 71.9223251342773 71.6289443969727 71.3532638549805 71.0981369018555 71.0143585205078 70.8251266479492 70.5145950317383 70.239875793457 69.7609405517578 69.5965576171875 69.4008560180664 69.1274871826172 68.9918365478516 68.9324264526367 68.6518630981445 68.3209609985352 68.0947799682617 67.9896087646484 67.8388366699219 67.6948013305664 67.3932571411133 67.0760040283203 66.7613754272461 66.6730728149414 66.6044311523438 66.5034637451172 66.2127685546875 65.9710159301758 65.8478317260742 65.7328186035156 -3.4e+38 -3.4e+38 -3.4e+38 -3.4e+38 -3.4e+38 -3.4e+38 -3.4e+38 -3.4e+38 -3.4e+38
74.7807388305664 74.6577682495117 74.5493774414062 74.5307540893555 74.3871459960938 73.6148071289062 73.5480728149414 73.55615234375 73.0325164794922 72.6309204101562 72.3481903076172 71.9270248413086 71.7128067016602 71.3243865966797 71.0925903320312 70.8823547363281 70.6544876098633 70.4270248413086 69.9353256225586 69.7400131225586 69.464225769043 69.2128677368164 69.0983581542969 68.9293212890625 68.6521759033203 68.2941741943359 68.1109466552734 68.0067672729492 67.8866806030273 67.7231216430664 67.4180450439453 67.2110290527344 -3.4e+38 -3.4e+38 -3.4e+38 -3.4e+38 66.2233657836914 65.9994049072266 65.8986740112305 65.7698059082031 65.6168975830078 65.6221084594727 -3.4e+38 -3.4e+38 -3.4e+38 -3.4e+38 -3.4e+38 -3.4e+38 -3.4e+38
74.9753799438477 74.8242416381836 74.5641326904297 74.4276580810547 74.266487121582 73.7445678710938 73.5672988891602 73.9380340576172 73.7729110717773 72.9584426879883 72.9988784790039 72.5473403930664 71.9983749389648 71.5966796875 71.2203979492188 70.9889373779297 70.7197418212891 70.4356231689453 70.0678253173828 69.8389739990234 69.5959548950195 69.3738098144531 69.1544876098633 68.9688415527344 68.6848602294922 68.4178085327148 68.2420959472656 68.090202331543 67.9264755249023 67.8369293212891 67.486946105957 67.3119735717773 -3.4e+38 -3.4e+38 -3.4e+38 -3.4e+38 -3.4e+38 66.016242980957 65.9155883789062 65.8203506469727 65.6802062988281 65.4266052246094 65.1228179931641 -3.4e+38 -3.4e+38 -3.4e+38 -3.4e+38 -3.4e+38 -3.4e+38
75.2336730957031 75.1658706665039 75.4060516357422 75.8935546875 75.2569961547852 74.4206466674805 74.2473602294922 73.5214385986328 73.2382659912109 72.8665466308594 72.5507125854492 72.4076461791992 72.0238418579102 71.8413696289062 71.6766891479492 71.1585159301758 70.889274597168 70.5894393920898 70.0822448730469 69.9579010009766 69.7837219238281 69.6109924316406 69.4011917114258 69.1802368164062 68.9801712036133 68.7644882202148 68.6480560302734 68.4525375366211 68.1984939575195 68.003288269043 67.666389465332 -3.4e+38 -3.4e+38 -3.4e+38 -3.4e+38 -3.4e+38 -3.4e+38 -3.4e+38 -3.4e+38 -3.4e+38 65.8155212402344 65.4010391235352 65.2505798339844 65.0792465209961 -3.4e+38 -3.4e+38 -3.4e+38 -3.4e+38 -3.4e+38
75.4360122680664 75.6756286621094 76.100715637207 76.2083282470703 75.6872482299805 74.6368408203125 74.3947448730469 73.6394958496094 73.1076812744141 72.8098297119141 72.4294967651367 72.1598587036133 72.0353164672852 71.7226028442383 71.5892333984375 71.2590103149414 70.9131546020508 70.6207962036133 70.1493301391602 70.0353622436523 69.8887252807617 69.6591644287109 69.48193359375 69.3679885864258 69.1277236938477 68.9278106689453 68.8234176635742 68.6639862060547 68.4531631469727 68.0514755249023 67.7271041870117 67.5691909790039 -3.4e+38 -3.4e+38 -3.4e+38 -3.4e+38 -3.4e+38 -3.4e+38 -3.4e+38 -3.4e+38 -3.4e+38 65.3506927490234 65.173713684082 65.0303115844727 65.0365829467773 64.9821243286133 -3.4e+38 -3.4e+38 -3.4e+38
75.6011276245117 76.0961303710938 76.4833908081055 75.3740158081055 75.1110763549805 74.6205749511719 74.3604202270508 73.9488220214844 73.1982345581055 72.9961318969727 72.6775360107422 -3.4e+38 72.059211730957 71.7031936645508 71.5172576904297 71.2978515625 71.0168991088867 70.860107421875 70.449089050293 70.2244262695312 69.9647750854492 69.763053894043 69.5736846923828 69.4329071044922 69.2480621337891 69.1230697631836 69.0030746459961 68.6845321655273 68.3697509765625 68.1046524047852 67.8479080200195 -3.4e+38 -3.4e+38 -3.4e+38 -3.4e+38 -3.4e+38 66.7673721313477 -3.4e+38 -3.4e+38 -3.4e+38 -3.4e+38 65.4572219848633 -3.4e+38 65.1588134765625 65.0656356811523 -3.4e+38 -3.4e+38 -3.4e+38 -3.4e+38
75.537223815918 75.7131500244141 75.8776550292969 75.2424392700195 74.8123550415039 74.5514526367188 74.3362121582031 73.8987503051758 73.3777008056641 73.0745544433594 73.0981903076172 72.9972381591797 72.1323623657227 71.8476409912109 71.5689086914062 71.3341064453125 71.0986251831055 71.0371780395508 70.7579574584961 70.5317230224609 70.2061004638672 70.0166702270508 69.7807540893555 69.4971923828125 69.3362579345703 69.2118682861328 69.0163269042969 68.6745529174805 68.3122329711914 68.2051315307617 67.93994140625 67.7308731079102 67.5501098632812 67.3859481811523 -3.4e+38 67.0219573974609 66.923957824707 66.6619720458984 66.3056793212891 -3.4e+38 -3.4e+38 65.5862274169922 65.4709396362305 -3.4e+38 65.1502456665039 -3.4e+38 65.0533065795898 -3.4e+38 -3.4e+38
75.5007095336914 75.3059844970703 75.3423080444336 75.3551712036133 74.851432800293 74.5118408203125 74.2382431030273 73.8641204833984 73.6454086303711 73.1385879516602 73.0067977905273 73.014404296875 72.2824783325195 72.0662460327148 71.7473373413086 71.4847640991211 71.2370147705078 71.1192016601562 70.8604049682617 70.7015686035156 70.4471740722656 -3.4e+38 69.9536437988281 69.6921463012695 69.4844284057617 69.2763519287109 69.0969390869141 68.826301574707 68.5644454956055 68.3215713500977 68.0652313232422 67.8798980712891 67.6905212402344 67.5127029418945 67.3766784667969 67.2205123901367 66.983512878418 66.7433471679688 -3.4e+38 -3.4e+38 -3.4e+38 65.682487487793 65.5562286376953 65.3399963378906 65.2462844848633 -3.4e+38 65.2109222412109 65.0679626464844 -3.4e+38
75.7091522216797 75.5332870483398 75.5572509765625 75.3533477783203 74.967155456543 74.5365905761719 74.3026809692383 74.0306549072266 73.7648391723633 73.3668823242188 72.9972229003906 72.7161026000977 72.4028930664062 72.1798934936523 71.9256896972656 71.6662216186523 71.3721160888672 71.164665222168 70.9245681762695 70.7899398803711 70.5569152832031 70.2677001953125 70.069450378418 69.8811340332031 -3.4e+38 69.4082717895508 69.2770385742188 69.0536117553711 68.8242950439453 68.4981994628906 68.1698379516602 67.9197235107422 67.7388076782227 67.5903625488281 67.4892883300781 67.3018035888672 67.0057601928711 66.8801345825195 -3.4e+38 66.4288101196289 -3.4e+38 -3.4e+38 65.6466827392578 -3.4e+38 -3.4e+38 -3.4e+38 65.3015518188477 65.1643981933594 -3.4e+38
75.931022644043 75.6879348754883 75.5149765014648 75.2428894042969 75.0265731811523 74.6736450195312 74.4686126708984 74.0670852661133 73.8258285522461 73.4686889648438 73.2455444335938 -3.4e+38 72.4959716796875 72.2460784912109 72.1022186279297 71.7606201171875 71.5389633178711 71.2723236083984 70.9795074462891 70.7504577636719 70.5514450073242 70.3287734985352 70.1504364013672 -3.4e+38 69.6939010620117 69.5641479492188 69.5119781494141 69.310188293457 68.9571380615234 68.646125793457 68.3597640991211 68.0792388916016 67.8578262329102 67.67578125 67.5421295166016 67.3481826782227 67.0674667358398 66.974494934082 66.8302001953125 66.7008819580078 66.4573669433594 -3.4e+38 -3.4e+38 -3.4e+38 -3.4e+38 -3.4e+38 -3.4e+38 65.3565368652344 65.223876953125
76.1508483886719 75.7284164428711 75.4380645751953 75.1715774536133 74.9349060058594 74.6266937255859 74.4649658203125 74.1250152587891 73.9671783447266 73.4146423339844 73.1845550537109 72.9874877929688 72.6871032714844 72.3918609619141 72.1603851318359 71.9140853881836 71.7334671020508 71.3679656982422 70.9352874755859 70.7104949951172 70.5789413452148 70.4946823120117 70.3699417114258 70.0947189331055 69.9202651977539 69.800537109375 69.6333847045898 69.388542175293 69.0293273925781 68.8430404663086 68.4786682128906 68.2748184204102 68.0223388671875 67.8299865722656 67.6899337768555 67.4911651611328 67.239372253418 67.0794372558594 66.9075622558594 66.7700881958008 66.6319961547852 -3.4e+38 -3.4e+38 -3.4e+38 -3.4e+38 -3.4e+38 -3.4e+38 65.658332824707 65.5232696533203
76.3303527832031 75.9516754150391 75.6951904296875 75.2861328125 74.8738479614258 74.5705337524414 74.4932022094727 74.1423187255859 73.9916458129883 73.5540084838867 73.1545791625977 73.0650787353516 72.8508377075195 72.5655746459961 72.2800674438477 72.0927047729492 71.9217071533203 71.5385513305664 71.0754470825195 70.8501281738281 70.7411041259766 70.7968139648438 70.6594161987305 70.2904281616211 70.1476669311523 70.0971603393555 69.752197265625 69.3389511108398 69.0696182250977 68.968635559082 68.5492553710938 68.3440551757812 68.1354598999023 67.9780349731445 67.8501815795898 67.6550445556641 67.479606628418 67.3308029174805 67.0818557739258 66.8990936279297 66.7545547485352 -3.4e+38 66.2140731811523 65.9827728271484 -3.4e+38 -3.4e+38 -3.4e+38 -3.4e+38 65.7244186401367
76.462646484375 76.1727142333984 75.8320693969727 75.4405364990234 75.0341339111328 74.7731094360352 74.5491714477539 74.0430221557617 73.9086151123047 73.6187057495117 73.2670364379883 73.1331253051758 72.9071426391602 72.6579971313477 72.501220703125 72.3326568603516 72.0100708007812 71.7292404174805 71.2902984619141 71.09326171875 -3.4e+38 70.9764251708984 70.8208847045898 70.4804992675781 70.2733993530273 70.1570587158203 69.7752380371094 69.3960342407227 69.1674194335938 69.0501708984375 68.6789932250977 68.4545745849609 68.2373504638672 68.111083984375 68.0334320068359 67.8483200073242 67.7532806396484 67.5476684570312 67.2186889648438 67.0674591064453 66.9467086791992 66.5861358642578 66.4672317504883 66.2465667724609 -3.4e+38 -3.4e+38 -3.4e+38 -3.4e+38 65.7236404418945
76.6363296508789 76.3210525512695 75.8757858276367 75.5749588012695 75.1473617553711 74.9296493530273 74.6633453369141 74.1887359619141 73.9576873779297 73.6838073730469 73.4643783569336 73.279899597168 72.9724349975586 72.7829818725586 72.7483367919922 72.4748916625977 71.9995498657227 -3.4e+38 71.4354858398438 71.2518997192383 -3.4e+38 71.0532073974609 70.9226226806641 70.6242904663086 70.3940200805664 70.0979919433594 69.8898391723633 69.6671600341797 69.4682006835938 69.2604522705078 68.8711547851562 68.7246780395508 68.4374237060547 68.2200698852539 68.1771545410156 67.9939193725586 67.7916107177734 67.6216812133789 67.4835662841797 67.3565368652344 67.1941833496094 66.6751708984375 66.5531997680664 -3.4e+38 -3.4e+38 -3.4e+38 -3.4e+38 65.9118728637695 65.8115081787109
