rcp8.5models/GFDL_CM3/sc1gr5.10
NCOLS 261 
NROWS 433 
XLLCORNER 336357.134 
YLLCORNER 654653.479 
CELLSIZE 1000 
NODATA_value -3.4e+38 
[rows 242 to 263 of 433, columns 196 to 244 of 261]
297.825866699219 298.534515380859 299.479064941406 300.217071533203 300.769927978516 301.281799316406 301.570495605469 301.198913574219 301.307983398438 301.890411376953 302.147033691406 302.745056152344 302.823852539062 302.884399414062 302.882385253906 303.119506835938 303.624389648438 303.712158203125 303.849517822266 -3.4e+38 -3.4e+38 303.881958007812 303.473937988281 303.557159423828 304.212951660156 304.296783447266 304.129058837891 303.887512207031 304.373168945312 304.617858886719 305.326416015625 305.600921630859 305.7138671875 305.44482421875 305.019714355469 305.117279052734 305.413665771484 305.626007080078 305.683471679688 305.886993408203 306.201812744141 306.546783447266 306.427520751953 306.484802246094 -3.4e+38 -3.4e+38 -3.4e+38 -3.4e+38 306.659271240234
297.850158691406 298.571929931641 298.942138671875 299.418548583984 299.905426025391 300.206176757812 300.542572021484 300.474212646484 301.337341308594 302.065002441406 302.351531982422 302.611755371094 302.799743652344 303.148498535156 303.239624023438 303.315795898438 303.644866943359 303.728179931641 303.864227294922 -3.4e+38 -3.4e+38 303.715972900391 303.239807128906 303.271820068359 303.601501464844 303.888122558594 303.745788574219 303.623107910156 304.159912109375 304.611602783203 305.017456054688 305.166320800781 304.959777832031 304.486022949219 304.722869873047 305.022552490234 305.418060302734 305.730895996094 305.655792236328 305.806549072266 305.956756591797 306.181030273438 306.329528808594 306.455108642578 -3.4e+38 -3.4e+38 306.393890380859 -3.4e+38 -3.4e+38
298.440826416016 298.946533203125 299.052032470703 299.644500732422 299.856811523438 300.048522949219 300.382385253906 301.004241943359 301.840270996094 302.288848876953 302.549835205078 302.916687011719 302.923309326172 302.884887695312 303.147033691406 303.446746826172 303.655609130859 303.732147216797 303.176910400391 303.47705078125 -3.4e+38 -3.4e+38 303.821166992188 303.183837890625 302.983795166016 303.414398193359 303.624603271484 303.869201660156 303.915588378906 304.539703369141 304.824981689453 304.760925292969 304.424865722656 304.319366455078 304.789459228516 305.064147949219 305.366943359375 305.490844726562 305.674285888672 305.645812988281 305.796142578125 305.712982177734 305.821014404297 306.203979492188 -3.4e+38 306.472900390625 306.457855224609 306.382690429688 -3.4e+38
298.815216064453 299.549682617188 299.593963623047 299.965728759766 300.631561279297 300.754333496094 300.804901123047 301.755889892578 302.064239501953 302.4208984375 302.611846923828 302.969848632812 303.060363769531 302.934783935547 303.09814453125 303.338195800781 303.611968994141 303.542999267578 302.665710449219 303.079895019531 303.757537841797 303.799652099609 303.772399902344 303.277282714844 302.934906005859 303.310638427734 -3.4e+38 -3.4e+38 304.050109863281 304.325469970703 304.401214599609 304.190155029297 304.024169921875 304.534118652344 304.758361816406 304.844482421875 305.130157470703 305.250366210938 305.717376708984 305.628448486328 305.702880859375 305.424896240234 305.633178710938 306.059265136719 -3.4e+38 306.411895751953 306.430633544922 306.378021240234 306.371276855469
298.946197509766 299.867797851562 300.15625 300.42529296875 300.960723876953 301.015747070312 301.281341552734 302.062469482422 302.167449951172 302.503814697266 302.787475585938 302.935089111328 303.015472412109 302.996551513672 303.009063720703 303.124114990234 303.389282226562 302.880920410156 302.279815673828 302.732391357422 303.234985351562 303.676788330078 303.619750976562 303.432434082031 303.265838623047 303.344146728516 -3.4e+38 -3.4e+38 304.194549560547 303.936950683594 303.777313232422 303.998260498047 304.047302246094 304.47607421875 304.762237548828 304.745086669922 304.916870117188 305.209228515625 305.262817382812 305.181182861328 305.537475585938 305.544036865234 305.810760498047 305.992401123047 306.255676269531 306.324645996094 306.242156982422 306.373291015625 306.397521972656
299.703216552734 300.375274658203 300.488098144531 301.023834228516 301.037841796875 301.120941162109 301.632537841797 302.125701904297 302.168121337891 302.494049072266 302.765625 302.770751953125 302.599151611328 302.829620361328 -3.4e+38 302.945007324219 303.139739990234 302.612152099609 301.550079345703 302.227264404297 302.855224609375 303.481689453125 303.616516113281 303.320678710938 302.883728027344 303.024932861328 -3.4e+38 -3.4e+38 303.531921386719 303.03173828125 303.505737304688 304.041656494141 304.008392333984 303.808715820312 304.514434814453 304.723297119141 304.720764160156 304.952697753906 304.834655761719 304.85400390625 305.160461425781 305.614624023438 305.763641357422 305.914886474609 305.9970703125 306.072570800781 306.083068847656 306.168670654297 306.181762695312
300.254608154297 300.643218994141 300.823272705078 301.092315673828 301.098815917969 301.476318359375 301.841033935547 302.116729736328 302.139892578125 302.326354980469 302.393371582031 302.160308837891 301.76806640625 302.400817871094 302.671722412109 302.278656005859 302.561737060547 302.620208740234 301.658172607422 302.377258300781 302.803131103516 303.234100341797 303.372863769531 302.794555664062 302.725219726562 303.315734863281 303.600891113281 -3.4e+38 303.038391113281 302.400146484375 303.381774902344 303.52783203125 303.416564941406 303.622528076172 304.196014404297 304.362823486328 304.450439453125 304.641021728516 304.487182617188 304.823638916016 304.908416748047 305.363616943359 305.603820800781 305.752380371094 305.883148193359 305.897491455078 305.876434326172 305.791900634766 305.923492431641
300.015563964844 300.301208496094 300.384918212891 300.596588134766 300.866760253906 301.614562988281 301.641174316406 301.756256103516 302.116760253906 302.227630615234 301.969329833984 301.155487060547 301.057800292969 302.146514892578 302.013061523438 301.648345947266 302.379486083984 302.20458984375 302.285705566406 302.584503173828 302.654388427734 302.853546142578 302.884948730469 302.801116943359 303.072631835938 303.340515136719 303.110015869141 303.470458984375 302.961273193359 302.143493652344 303.068542480469 -3.4e+38 302.654724121094 303.320007324219 303.526794433594 303.699310302734 304.181091308594 304.253051757812 304.192687988281 304.700073242188 304.818725585938 305.216186523438 305.587371826172 305.661346435547 305.680419921875 305.734100341797 305.79443359375 305.666137695312 305.752075195312
298.826019287109 299.468627929688 299.871856689453 300.323364257812 300.862396240234 301.274475097656 301.255920410156 301.808563232422 302.088928222656 301.935882568359 301.131591796875 300.561126708984 301.324401855469 301.889587402344 301.519866943359 301.35107421875 302.136657714844 301.6240234375 302.021026611328 301.921691894531 301.757843017578 301.667358398438 302.174621582031 302.816436767578 302.961090087891 302.663146972656 302.695709228516 303.045806884766 302.77880859375 302.489013671875 302.357482910156 302.332763671875 302.564666748047 302.930236816406 302.907653808594 303.091064453125 303.599365234375 303.773376464844 304.012664794922 304.693725585938 304.787292480469 305.180908203125 305.474945068359 305.495178222656 305.44140625 305.475708007812 305.572143554688 305.617919921875 305.6806640625
297.592071533203 298.551818847656 299.560424804688 299.931304931641 301.167327880859 301.051818847656 301.002990722656 301.8876953125 301.740966796875 301.258453369141 300.577301025391 300.320404052734 301.258880615234 301.253173828125 301.072357177734 300.910278320312 301.34912109375 301.232879638672 -3.4e+38 300.844818115234 300.455932617188 300.768798828125 301.606140136719 302.638793945312 302.801330566406 302.307464599609 302.072418212891 301.960693359375 302.180511474609 302.570251464844 301.368347167969 301.912231445312 302.480102539062 302.070434570312 302.369964599609 302.725738525391 303.356781005859 303.939025878906 304.045166015625 304.534118652344 304.782531738281 305.056793212891 305.223358154297 305.079315185547 305.072296142578 305.065093994141 305.197814941406 305.566131591797 305.67578125
296.704925537109 297.496551513672 298.996459960938 299.850860595703 300.866424560547 300.563751220703 300.987335205078 301.560974121094 301.079895019531 300.584686279297 300.550170898438 300.138732910156 300.6826171875 300.236511230469 300.18310546875 300.02880859375 300.157318115234 300.786010742188 300.953308105469 300.410614013672 300.265258789062 301.098754882812 301.943389892578 302.354187011719 302.626525878906 302.206970214844 301.398773193359 301.026275634766 301.480590820312 301.903289794922 301.207489013672 301.945281982422 302.189849853516 301.799468994141 302.106506347656 302.689971923828 303.289611816406 303.855712890625 304.180908203125 304.519927978516 304.748260498047 304.894409179688 304.84423828125 304.703033447266 304.676330566406 304.550567626953 304.951599121094 305.461334228516 305.600830078125
297.081512451172 297.677185058594 298.990081787109 300.369781494141 300.424346923828 299.911346435547 300.496673583984 301.194885253906 300.988128662109 300.500793457031 299.975952148438 299.664184570312 299.970458984375 299.190063476562 299.246490478516 299.260986328125 299.539703369141 300.201934814453 300.586944580078 300.513275146484 300.447631835938 300.913269042969 301.438842773438 301.8720703125 302.471832275391 302.275115966797 301.611755371094 300.988800048828 300.149658203125 299.447967529297 300.906097412109 301.442260742188 301.323791503906 301.699462890625 302.285949707031 302.77197265625 303.111083984375 303.636383056641 304.197998046875 304.320281982422 304.401092529297 304.641815185547 304.291809082031 304.345764160156 304.562744140625 304.573608398438 304.859313964844 305.090393066406 305.367919921875
298.741455078125 298.657348632812 299.379272460938 300.345001220703 300.142700195312 299.573547363281 299.966125488281 300.988647460938 300.713348388672 300.023773193359 299.576080322266 299.298583984375 299.319244384766 299.014862060547 298.700592041016 298.720092773438 299.668884277344 300.006744384766 300.208190917969 300.526885986328 300.297943115234 300.163330078125 300.735443115234 301.636322021484 302.231536865234 301.970672607422 301.835479736328 300.894866943359 299.862731933594 299.530609130859 300.708770751953 300.729583740234 301.184326171875 301.841827392578 302.429992675781 302.862609863281 302.970153808594 303.303802490234 303.811218261719 303.981079101562 304.061218261719 304.145263671875 303.797973632812 304.107482910156 304.570983886719 304.70166015625 304.801147460938 305.013031005859 305.322265625
299.733245849609 299.907257080078 299.669158935547 298.931488037109 299.288238525391 299.635131835938 300.0546875 300.991058349609 300.968414306641 300.783172607422 300.272644042969 299.79345703125 299.733459472656 299.038421630859 298.283233642578 297.704986572266 296.922302246094 296.412963867188 300.053131103516 299.876586914062 300.454681396484 300.751617431641 301.208679199219 301.544799804688 300.782104492188 300.760650634766 301.452239990234 301.122894287109 300.335144042969 300.600769042969 302.008911132812 301.497131347656 301.074981689453 301.862335205078 302.296142578125 302.461212158203 301.832061767578 302.361480712891 302.833984375 303.62890625 304.104675292969 304.580291748047 304.729156494141 304.579437255859 304.032012939453 304.287078857422 304.797210693359 304.850891113281 305.130523681641
299.397308349609 299.4599609375 298.504791259766 298.173706054688 299.051391601562 299.562530517578 299.870422363281 300.427215576172 300.522247314453 300.902191162109 300.563873291016 299.646270751953 299.261566162109 298.444549560547 296.379150390625 296.542388916016 297.460083007812 296.869812011719 300.202453613281 300.620300292969 301.110137939453 301.185974121094 301.228454589844 299.555450439453 297.291564941406 299.447113037109 300.820465087891 300.691955566406 300.179046630859 300.243835449219 301.75927734375 301.702362060547 300.953002929688 301.484924316406 301.878936767578 301.756256103516 301.512084960938 301.736938476562 302.407958984375 303.255035400391 303.764343261719 304.253479003906 304.507659912109 304.864898681641 304.528900146484 304.625762939453 304.801422119141 305.032135009766 305.095733642578
299.070770263672 298.928466796875 298.086761474609 297.513122558594 298.408416748047 299.310516357422 299.848205566406 299.983795166016 299.893981933594 300.715393066406 300.589263916016 299.471374511719 298.4921875 297.440673828125 295.646301269531 297.347381591797 298.994598388672 298.923004150391 300.208251953125 300.874145507812 300.997985839844 301.073181152344 300.0888671875 295.865234375 294.697204589844 299.028564453125 300.152252197266 300.595550537109 300.100738525391 299.882751464844 301.503723144531 301.814178466797 301.195068359375 301.303375244141 301.214233398438 299.950988769531 299.196472167969 301.429595947266 301.881866455078 303.020599365234 303.563293457031 304.050689697266 304.376953125 304.960662841797 304.941650390625 304.933441162109 304.5322265625 305.077423095703 305.070709228516
298.684722900391 298.198577880859 298.297058105469 297.607330322266 298.364532470703 299.309722900391 299.61376953125 299.804321289062 299.663177490234 300.293762207031 300.137176513672 298.897827148438 297.816650390625 297.431945800781 295.469635009766 293.995880126953 294.441467285156 299.015686035156 300.020294189453 300.102386474609 300.373443603516 301.045989990234 -3.4e+38 293.801361083984 296.727935791016 299.70556640625 300.423004150391 300.987487792969 300.304351806641 300.124572753906 301.566253662109 301.917907714844 301.443115234375 300.8134765625 299.274627685547 296.671783447266 295.167510986328 300.003692626953 301.989196777344 303.015716552734 303.558044433594 303.968444824219 304.179718017578 304.480987548828 304.807373046875 305.116729736328 304.883941650391 304.976745605469 305.007995605469
297.846954345703 297.39794921875 297.746612548828 297.687927246094 298.578308105469 299.348236083984 299.685424804688 299.822204589844 299.812225341797 299.947418212891 299.927062988281 298.292755126953 294.304443359375 293.597747802734 296.669525146484 294.042602539062 293.342193603516 296.158905029297 295.374542236328 299.195861816406 300.168121337891 300.724273681641 299.055938720703 296.941314697266 298.727935791016 299.863403320312 300.572784423828 300.827331542969 300.630187988281 300.370422363281 301.612976074219 302.091064453125 301.411346435547 299.391998291016 297.582244873047 293.834197998047 293.569946289062 300.754180908203 302.623291015625 302.926330566406 303.148742675781 303.686614990234 304.006652832031 304.059234619141 304.361419677734 304.862701416016 305.04736328125 304.872589111328 304.950103759766
296.763549804688 297.015472412109 297.560974121094 298.134643554688 298.704376220703 299.171875 299.162414550781 299.908294677734 299.922882080078 299.606597900391 299.788299560547 297.482330322266 291.391021728516 292.778839111328 298.148040771484 296.039916992188 292.636871337891 291.294311523438 290.677154541016 299.368041992188 300.245819091797 300.395751953125 299.812377929688 299.660278320312 299.287933349609 299.393432617188 300.139007568359 300.704864501953 300.914031982422 300.381256103516 301.403106689453 301.781219482422 301.729736328125 300.399108886719 298.4541015625 295.127777099609 297.830963134766 302.27880859375 302.964080810547 302.93017578125 302.883117675781 303.297424316406 303.960510253906 304.093414306641 304.20166015625 304.539642333984 304.658233642578 304.658233642578 304.849914550781
296.172546386719 296.496032714844 297.669555664062 298.135009765625 298.191528320312 298.457672119141 298.673950195312 299.711517333984 299.690216064453 299.354095458984 299.429046630859 297.727752685547 293.205871582031 295.251983642578 296.060028076172 290.834503173828 289.585876464844 291.254119873047 292.557891845703 298.752532958984 300.019348144531 300.190002441406 299.619049072266 298.679626464844 296.897491455078 296.948760986328 299.967315673828 300.741180419922 301.048797607422 300.848693847656 300.437622070312 300.395874023438 302.256134033203 301.348571777344 299.086395263672 299.623870849609 301.594482421875 302.580902099609 303.085998535156 303.225250244141 303.314697265625 303.639038085938 303.968109130859 304.087341308594 304.189300537109 304.335418701172 304.525207519531 304.726196289062 304.746765136719
295.877014160156 295.831115722656 297.236114501953 297.240173339844 297.675201416016 298.284454345703 298.70849609375 299.382293701172 299.234741210938 299.002655029297 299.225463867188 299.296875 296.551452636719 293.373260498047 289.569213867188 283.84521484375 287.0556640625 291.453186035156 297.002258300781 298.668731689453 299.898406982422 299.925354003906 299.439147949219 298.457641601562 296.960418701172 297.353485107422 299.988830566406 300.547241210938 300.872985839844 301.010192871094 299.351593017578 299.064727783203 301.936431884766 -3.4e+38 -3.4e+38 -3.4e+38 302.648315429688 302.813659667969 303.066741943359 303.179992675781 303.290222167969 304.000061035156 303.9931640625 303.977844238281 303.94921875 304.091094970703 304.502563476562 304.611053466797 304.501037597656
294.797821044922 294.822631835938 296.938415527344 296.622161865234 297.158172607422 298.063323974609 298.751892089844 298.859588623047 298.965026855469 298.474670410156 298.816375732422 299.666076660156 298.741058349609 293.255676269531 283.993560791016 279.858917236328 284.061889648438 290.166046142578 298.920288085938 299.323791503906 299.88818359375 299.835906982422 298.150085449219 295.442443847656 298.348480224609 299.413879394531 299.444061279297 299.17041015625 300.715972900391 -3.4e+38 295.413024902344 296.348114013672 301.681335449219 -3.4e+38 -3.4e+38 303.041778564453 303.015197753906 302.978790283203 303.022644042969 303.016052246094 303.001678466797 303.369110107422 303.445251464844 303.470001220703 303.933380126953 304.073669433594 304.317260742188 304.341125488281 304.175415039062
