rcp8.5models/GFDL_CM3/sc1gr21.2
NCOLS 261 
NROWS 433 
XLLCORNER 336357.134 
YLLCORNER 654653.479 
CELLSIZE 1000 
NODATA_value -9999 
[rows 286 to 307 of 433, columns 50 to 99 of 261]
612.705932617188 552.577758789062 859.829772949219 750.787658691406 634.926208496094 612.6669921875 644.890258789062 663.592468261719 620.448913574219 563.253173828125 569.402770996094 569.336608886719 545.975769042969 730.801147460938 905.568481445312 1208.673828125 1453.62646484375 1474.51599121094 1414.39782714844 1295.67358398438 1149.21203613281 954.571838378906 694.234985351562 548.334777832031 491.655303955078 775.381591796875 822.976013183594 709.510131835938 553.153076171875 422.613525390625 405.24462890625 484.9541015625 538.232299804688 545.239196777344 601.015197753906 753.814270019531 907.740417480469 962.122985839844 1205.17419433594 1639.58544921875 2090.533203125 2088.8154296875 1591.69458007812 1174.96276855469 1010.486328125 949.724548339844 953.764526367188 804.134460449219 824.826293945312 960.735107421875
953.326049804688 854.028442382812 1064.12524414062 905.780212402344 797.391723632812 757.521850585938 687.530944824219 543.737670898438 404.820434570312 449.201995849609 649.778137207031 772.819946289062 873.711303710938 914.084167480469 832.533264160156 1129.76147460938 1506.45129394531 1575.54284667969 1332.53039550781 1031.17980957031 806.597534179688 622.559448242188 484.924194335938 496.730438232422 709.637451171875 1020.97332763672 1008.50646972656 965.652038574219 802.971008300781 587.244812011719 540.164184570312 615.573425292969 610.154846191406 601.026306152344 715.0380859375 944.853088378906 1035.94799804688 984.620727539062 1101.603515625 1280.37548828125 1411.97509765625 1374.83996582031 1140.38635253906 883.225891113281 754.327270507812 718.234191894531 730.597229003906 786.986755371094 829.445495605469 923.335144042969
1119.51403808594 1018.72338867188 1132.90307617188 1419.21838378906 1532.88171386719 1173.07434082031 712.678161621094 473.175537109375 388.499267578125 435.592529296875 618.69287109375 761.8134765625 816.842712402344 843.150634765625 854.050109863281 1129.10498046875 1385.7119140625 1313.99462890625 1045.40283203125 830.743530273438 667.545654296875 522.731018066406 467.513427734375 565.38671875 913.580322265625 1271.21948242188 1108.03674316406 989.221801757812 840.148864746094 683.452880859375 685.864318847656 757.565002441406 686.736511230469 616.072570800781 749.281616210938 1040.30017089844 939.139892578125 782.227722167969 865.396728515625 1042.689453125 1206.84069824219 1221.39685058594 1065.19201660156 865.655822753906 700.185302734375 607.91552734375 607.941284179688 710.248718261719 789.647155761719 894.378784179688
929.943420410156 808.564453125 922.256103515625 1109.88793945312 1256.9990234375 1003.57666015625 650.721252441406 545.133361816406 620.307373046875 738.833251953125 794.481262207031 819.589172363281 957.378601074219 1051.76135253906 861.423278808594 875.10498046875 1008.48651123047 924.268371582031 714.962707519531 589.152587890625 503.544097900391 471.973327636719 506.700073242188 659.399108886719 975.001953125 1204.07495117188 962.812561035156 735.344482421875 608.318664550781 585.542114257812 666.818359375 770.48193359375 691.386535644531 555.292358398438 601.409484863281 792.8251953125 787.158752441406 654.275817871094 653.029541015625 757.487548828125 930.980590820312 1022.51910400391 1040.044921875 985.12890625 759.158447265625 598.649780273438 625.16552734375 719.032653808594 759.347534179688 835.091979980469
714.174194335938 693.529235839844 919.403503417969 1059.52575683594 1007.13958740234 787.744140625 604.736022949219 555.580383300781 650.59130859375 756.15185546875 725.165771484375 696.202880859375 877.8837890625 1358.42236328125 1190.75671386719 948.36279296875 785.900329589844 647.303588867188 580.664672851562 573.128723144531 515.000854492188 492.713745117188 603.714416503906 810.26806640625 961.444885253906 1052.14233398438 866.960815429688 620.687744140625 495.593505859375 503.591278076172 566.498046875 642.675720214844 612.321044921875 507.945251464844 534.60546875 709.156921386719 738.783813476562 665.785339355469 657.097900390625 644.733215332031 664.987670898438 728.744445800781 830.639038085938 903.043640136719 798.132995605469 648.580200195312 642.598327636719 697.785888671875 688.763732910156 751.467834472656
1349.40197753906 1433.76513671875 952.706237792969 826.015563964844 707.141052246094 624.74560546875 604.423645019531 552.666564941406 517.69189453125 579.745483398438 719.731994628906 877.241760253906 1034.59729003906 2107.05224609375 2368.56762695312 1577.28698730469 878.514587402344 795.881103515625 914.391784667969 1025.3173828125 909.2578125 829.481201171875 869.514038085938 835.8515625 768.736572265625 756.039245605469 963.528564453125 1031.68322753906 803.073364257812 542.80712890625 481.982177734375 523.975891113281 535.329345703125 529.240051269531 575.247680664062 633.690063476562 526.402587890625 530.250305175781 601.782958984375 620.766479492188 617.541259765625 693.116088867188 837.081604003906 917.120178222656 782.276794433594 593.482971191406 541.17529296875 464.289703369141 389.351776123047 488.228271484375
1770.81762695312 1673.38391113281 849.824401855469 688.7822265625 626.909790039062 567.851684570312 542.423034667969 571.9287109375 854.606384277344 1183.50537109375 1125.09936523438 1009.82922363281 1043.22705078125 1579.28112792969 1786.52746582031 1478.28979492188 1196.044921875 1202.6240234375 1235.25036621094 1121.974609375 891.763061523438 821.675903320312 784.972961425781 650.000549316406 569.826293945312 657.225036621094 926.519348144531 1088.28442382812 892.774597167969 588.603454589844 514.708190917969 505.208679199219 436.683197021484 436.373413085938 504.989959716797 593.621704101562 560.531799316406 538.859558105469 580.660095214844 606.824096679688 610.272277832031 627.3896484375 646.12255859375 687.23046875 679.895324707031 582.275939941406 494.216186523438 369.481323242188 353.142913818359 439.266296386719
1856.48693847656 1331.08471679688 835.418395996094 719.36767578125 644.186279296875 565.282775878906 571.972595214844 813.553100585938 1351.18408203125 1809.08435058594 1723.80163574219 1339.84362792969 1040.78295898438 1055.3974609375 1161.35412597656 1177.2646484375 1330.70300292969 1614.13452148438 1794.056640625 1491.12756347656 838.178955078125 542.578247070312 524.414794921875 462.795227050781 427.933990478516 538.379028320312 726.663269042969 852.608642578125 738.16796875 549.356262207031 551.983276367188 563.543212890625 442.434387207031 380.332916259766 418.302917480469 505.747589111328 581.034423828125 528.40478515625 490.958404541016 492.812652587891 531.769287109375 551.703857421875 535.266906738281 584.521911621094 642.726318359375 585.594543457031 508.705017089844 409.401519775391 397.207214355469 443.927459716797
1628.85632324219 1161.76306152344 932.401916503906 891.077087402344 821.02783203125 827.475830078125 1055.59814453125 1430.71276855469 1842.45666503906 2052.56372070312 1828.40148925781 1376.28576660156 1033.72998046875 1007.11907958984 970.238403320312 920.449035644531 1146.16198730469 1609.98046875 1799.31628417969 1288.87182617188 618.991577148438 395.523040771484 390.575836181641 368.224365234375 367.285522460938 480.044372558594 527.235656738281 509.264007568359 449.955657958984 438.269775390625 561.932678222656 640.192016601562 521.004272460938 392.259155273438 377.909515380859 439.541900634766 509.577453613281 469.439239501953 404.103973388672 357.014282226562 395.325866699219 498.057647705078 597.018249511719 677.413146972656 638.343505859375 541.946655273438 554.705200195312 680.195678710938 537.220397949219 448.996429443359
1200.658203125 1100.23937988281 925.275024414062 931.679626464844 999.80810546875 1107.7802734375 1476.51416015625 2026.24926757812 2533.7978515625 2545.0390625 1897.10998535156 1347.11755371094 1110.26745605469 958.343322753906 934.807922363281 941.014892578125 1060.1181640625 1222.48999023438 1241.83312988281 933.912780761719 549.618103027344 399.595825195312 358.905792236328 319.585632324219 337.64697265625 466.606964111328 463.663024902344 388.926483154297 315.073638916016 384.762756347656 567.49462890625 592.647399902344 466.52783203125 399.592834472656 416.602386474609 478.820068359375 468.667297363281 391.093597412109 312.030364990234 266.287200927734 330.844024658203 476.630035400391 575.219787597656 583.854736328125 538.512512207031 532.632690429688 581.243957519531 512.978698730469 391.026245117188 378.334442138672
1004.85388183594 1065.89770507812 1144.96179199219 1145.5810546875 1117.08251953125 1196.86047363281 1422.23095703125 1714.22131347656 2265.41552734375 2523.55541992188 1883.52966308594 1253.13598632812 1117.80920410156 1114.17919921875 1229.04370117188 1262.58227539062 1208.3349609375 1146.7529296875 1166.99963378906 1081.34814453125 712.717041015625 432.177429199219 352.565734863281 308.578826904297 334.105865478516 445.276702880859 438.216949462891 376.903228759766 316.957855224609 376.394226074219 512.057434082031 529.063415527344 477.85888671875 482.336212158203 506.284637451172 532.907348632812 458.197479248047 381.7158203125 298.721618652344 273.093841552734 372.913238525391 531.129638671875 591.594970703125 538.5830078125 505.193634033203 535.281433105469 551.029479980469 309.895751953125 241.250427246094 272.400573730469
1046.13500976562 1050.77795410156 1458.25207519531 1540.38903808594 1281.77380371094 1131.05419921875 1162.06469726562 1247.64709472656 1527.18786621094 1850.32080078125 1941.80322265625 1855.60375976562 1717.21423339844 1450.01086425781 1279.00073242188 1095.53161621094 1057.21459960938 1079.43286132812 1105.07592773438 1010.13098144531 699.095275878906 472.152526855469 397.079406738281 349.342651367188 353.848693847656 416.092315673828 426.865753173828 404.345153808594 377.771789550781 422.760131835938 510.3076171875 555.372680664062 571.163757324219 570.678649902344 569.184997558594 583.794677734375 490.603851318359 435.977294921875 371.204742431641 381.341857910156 497.242309570312 625.580139160156 676.592712402344 649.874755859375 605.937133789062 568.506958007812 520.41015625 317.015991210938 261.91796875 256.456848144531
1554.345703125 1401.56530761719 1773.85083007812 1919.17077636719 1594.84680175781 1228.62451171875 1150.32373046875 1180.7529296875 1131.52172851562 1199.92175292969 1567.71057128906 1794.62121582031 1634.44860839844 2114.89794921875 2529.56958007812 2219.67504882812 1508.71826171875 1186.42590332031 1074.5 821.597473144531 593.485534667969 484.72314453125 415.509307861328 361.063537597656 342.970855712891 355.970703125 362.808837890625 386.781219482422 432.547149658203 471.113525390625 481.240966796875 469.033477783203 481.149108886719 534.145568847656 637.462219238281 769.38037109375 596.036071777344 444.496643066406 385.960571289062 414.641265869141 495.57861328125 582.194763183594 661.04443359375 698.465270996094 654.124938964844 572.805908203125 514.7158203125 415.599609375 333.047729492188 289.941192626953
1781.40100097656 1847.27490234375 1627.53845214844 1504.93884277344 1424.65881347656 1270.41052246094 1162.1435546875 1250.64038085938 1376.76794433594 1588.57104492188 2242.94384765625 2756.84887695312 2661.47045898438 2754.2529296875 2798.8505859375 2296.84008789062 1634.86328125 1314.32458496094 1047.48608398438 759.387939453125 584.678771972656 465.588500976562 365.404144287109 316.868469238281 284.037628173828 242.320983886719 266.805816650391 328.745086669922 419.735687255859 467.940368652344 440.775634765625 386.703521728516 397.730621337891 493.276641845703 625.966247558594 750.233581542969 630.763793945312 459.601409912109 383.983428955078 397.968505859375 441.012817382812 482.604370117188 514.651123046875 531.063049316406 514.400512695312 487.708129882812 502.906341552734 451.769958496094 316.516662597656 267.662078857422
1606.04870605469 1578.47082519531 1222.69421386719 1151.07897949219 1262.83715820312 1258.41003417969 1101.48083496094 1164.115234375 1436.24938964844 1888.30004882812 2802.24072265625 3520.82373046875 3130.64477539062 2136.94921875 2150.35302734375 1808.55383300781 1394.01440429688 1181.00256347656 997.771423339844 764.235473632812 600.280334472656 472.110260009766 339.723693847656 291.674377441406 261.524932861328 248.63200378418 275.575256347656 326.097808837891 387.584991455078 420.015350341797 409.981231689453 361.507446289062 368.882263183594 471.546264648438 595.304077148438 677.541198730469 702.848999023438 560.283020019531 416.766204833984 389.642730712891 419.2978515625 444.060119628906 446.081146240234 436.093353271484 415.541625976562 395.357849121094 415.307739257812 361.838684082031 247.389358520508 186.939483642578
1450.27514648438 1564.34301757812 1224.16882324219 1069.06286621094 1136.08740234375 1190.01586914062 1194.19104003906 1361.39123535156 1723.83068847656 2044.38879394531 2597.4736328125 3036.97631835938 2370.45239257812 1572.33312988281 1793.84582519531 1521.17443847656 1166.52624511719 1028.65063476562 875.434509277344 646.065979003906 522.154846191406 471.8134765625 386.221893310547 327.023468017578 307.068695068359 330.180236816406 330.953643798828 340.768981933594 342.514251708984 336.892272949219 336.056549072266 324.221771240234 365.341278076172 528.146911621094 703.278198242188 720.448852539062 685.014038085938 578.628112792969 442.131317138672 419.867401123047 481.844207763672 509.869140625 473.971618652344 434.440704345703 382.079650878906 317.440856933594 298.669372558594 261.528137207031 199.906097412109 137.771682739258
1535.28186035156 1829.31640625 1985.36511230469 1595.89538574219 1446.95739746094 1435.17785644531 1442.349609375 1583.13720703125 1737.94580078125 1607.31359863281 1438.66870117188 1471.2412109375 1312.55993652344 1617.79602050781 2016.29919433594 1577.27673339844 955.342834472656 796.672912597656 812.155151367188 685.670104980469 515.082214355469 500.256927490234 498.996948242188 398.423950195312 337.894012451172 369.446899414062 362.9580078125 374.534881591797 389.861999511719 385.514739990234 360.111938476562 345.778869628906 427.424194335938 662.977844238281 872.644287109375 816.435424804688 605.900512695312 541.792358398438 486.025756835938 534.738708496094 648.583923339844 662.223205566406 574.763427734375 488.220489501953 385.403228759766 286.371826171875 248.077026367188 220.68083190918 182.750823974609 129.468978881836
1395.99169921875 1781.81823730469 2829.81811523438 3102.6611328125 3064.65112304688 2822.3935546875 2419.61499023438 2012.86096191406 1625.89123535156 1218.99963378906 885.799499511719 745.673828125 733.164672851562 1282.57775878906 1811.75219726562 1515.56066894531 942.130798339844 819.434509277344 867.689208984375 758.106201171875 513.775390625 470.186950683594 598.159118652344 553.078796386719 434.326477050781 339.289978027344 222.741302490234 217.617523193359 414.552337646484 773.974365234375 966.682434082031 768.795227050781 618.043334960938 874.601440429688 1090.01013183594 924.73193359375 586.5185546875 523.977294921875 473.311645507812 449.438903808594 449.619079589844 426.343322753906 346.203338623047 282.574768066406 298.769683837891 314.219451904297 250.295471191406 132.787170410156 163.443298339844 167.641159057617
1952.93933105469 2051.59765625 2720.72900390625 2975.1318359375 2974.76245117188 2718.13891601562 2764.00268554688 2635.1064453125 1758.90344238281 1019.52935791016 750.246459960938 671.709838867188 721.100463867188 1078.92016601562 1208.36328125 1073.12341308594 839.481079101562 732.170227050781 720.252685546875 691.841003417969 613.275634765625 544.390258789062 486.623840332031 412.079986572266 377.981750488281 277.044525146484 192.501754760742 194.540435791016 343.290588378906 705.760009765625 1047.30334472656 955.471435546875 799.621643066406 1097.76623535156 1263.36218261719 956.666625976562 609.080078125 534.494445800781 467.897338867188 422.120513916016 386.201721191406 328.618927001953 252.613098144531 222.973342895508 242.316253662109 228.864120483398 176.495635986328 128.307357788086 139.956176757812 127.963478088379
2156.23608398438 1921.44445800781 2261.337890625 2436.0107421875 2308.345703125 2161.00048828125 2384.75805664062 2258.75244140625 1362.35595703125 743.22705078125 660.495178222656 660.406921386719 778.45654296875 1127.57592773438 1006.03887939453 848.609313964844 744.288330078125 672.498779296875 653.341552734375 631.172180175781 555.788879394531 471.435211181641 391.196899414062 325.290008544922 301.728790283203 272.738342285156 247.675033569336 250.399993896484 323.035736083984 495.031890869141 676.173706054688 741.611877441406 890.078735351562 1165.86547851562 1116.62475585938 805.177124023438 564.494018554688 439.314788818359 359.143737792969 335.382476806641 310.427520751953 274.540985107422 240.83984375 249.488555908203 274.749633789062 249.35498046875 203.599227905273 218.012344360352 193.962219238281 148.72216796875
2625.80151367188 2053.357421875 2288.982421875 2416.57397460938 2193.1982421875 1826.83459472656 1616.93444824219 1361.9033203125 979.495056152344 850.734252929688 901.221618652344 892.098937988281 993.023559570312 1032.17419433594 830.729309082031 773.667114257812 769.823181152344 713.884338378906 666.400207519531 598.72900390625 494.737457275391 413.102111816406 375.932800292969 360.375183105469 329.728454589844 298.940063476562 294.115570068359 304.388732910156 369.211883544922 514.188720703125 639.919250488281 762.990356445312 946.746276855469 951.03515625 757.792907714844 622.923400878906 521.361633300781 385.692962646484 305.840270996094 309.389587402344 298.98486328125 270.115509033203 259.667022705078 288.181182861328 306.600708007812 275.546051025391 234.945022583008 236.862915039062 185.701538085938 146.717742919922
2645.314453125 2183.34545898438 2206.994140625 2334.59448242188 2214.140625 1703.27563476562 1231.22229003906 1039.16613769531 1009.09155273438 1066.10717773438 1125.78442382812 1060.05444335938 912.541809082031 752.093688964844 770.275024414062 1007.96728515625 1232.93469238281 1043.94543457031 763.178894042969 603.49609375 500.306060791016 420.890533447266 342.136993408203 353.463500976562 385.592651367188 324.738128662109 314.442962646484 329.876129150391 410.182098388672 604.353332519531 820.132751464844 986.664428710938 992.718322753906 760.824523925781 573.068725585938 548.3046875 495.386566162109 397.242218017578 338.463348388672 335.569885253906 320.729736328125 290.828094482422 280.432006835938 293.125183105469 287.430603027344 254.644058227539 226.335159301758 206.042556762695 144.980697631836 117.88304901123
