rcp8.5models/GFDL_CM3/sc1gr0.23
NCOLS 261 
NROWS 433 
XLLCORNER 336357.134 
YLLCORNER 654653.479 
CELLSIZE 1000 
NODATA_value -3.4e+38 
[rows 286 to 307 of 433, columns 196 to 244 of 261]
81.9716873168945 81.4947814941406 82.1901016235352 82.3525848388672 80.3914108276367 79.6851654052734 79.4800643920898 79.6068801879883 80.099006652832 82.3288345336914 81.2046661376953 83.0485382080078 82.1629791259766 78.7592849731445 75.6372146606445 75.4060211181641 75.1908111572266 74.7096862792969 -3.4e+38 74.8719863891602 75.358512878418 73.8932571411133 73.5038909912109 72.9880447387695 72.4724731445312 72.2601928710938 72.1432723999023 71.9017868041992 71.7380065917969 71.2770538330078 70.8877792358398 70.8942947387695 70.4353561401367 70.1469650268555 69.780647277832 69.6530456542969 69.6062545776367 69.2380981445312 69.0219345092773 68.8036346435547 68.671875 68.3629302978516 68.119758605957 67.9153594970703 67.7649002075195 67.6457443237305 67.4170150756836 67.1080703735352 -3.4e+38
81.6494598388672 81.202507019043 81.2912750244141 80.7791290283203 80.1964492797852 79.8664398193359 79.4305419921875 79.2536697387695 80.1131057739258 83.165283203125 82.9328842163086 83.9346389770508 82.8123779296875 78.9384841918945 75.7339019775391 75.3278884887695 75.0780410766602 74.698600769043 -3.4e+38 74.8829116821289 75.9397430419922 74.1435852050781 73.6944122314453 73.0800476074219 72.5510177612305 72.3257293701172 72.0570297241211 71.8102569580078 71.7094497680664 71.4179077148438 -3.4e+38 70.7351684570312 70.4754333496094 70.2056274414062 69.9603652954102 69.6632232666016 69.5703811645508 69.3773956298828 69.2782135009766 69.0038528442383 68.7442016601562 68.3501968383789 68.1579360961914 67.9483871459961 67.8538970947266 67.6193313598633 67.4686126708984 -3.4e+38 -3.4e+38
81.1338653564453 81.1249542236328 81.3376846313477 80.8852081298828 80.5286331176758 79.9539947509766 79.4854888916016 79.1158218383789 80.1581649780273 82.9769821166992 83.306999206543 83.7474746704102 83.1159210205078 80.4521636962891 75.9033050537109 75.4426574707031 75.0816040039062 74.6405563354492 -3.4e+38 75.0372085571289 76.5137710571289 74.252311706543 73.5671997070312 73.2759704589844 72.8771667480469 72.5806732177734 72.1553421020508 71.8982849121094 71.7011947631836 71.4485626220703 70.7588272094727 70.7287292480469 70.6042633056641 70.3543014526367 70.0134506225586 69.6962585449219 69.5899276733398 69.6733474731445 69.3871688842773 69.0574111938477 68.8550262451172 68.3496398925781 68.2468795776367 68.0906600952148 67.9472961425781 67.8112487792969 67.5257720947266 67.2595443725586 67.1438674926758
81.3264389038086 81.1383209228516 81.0679092407227 80.8993606567383 80.7460021972656 79.7515563964844 79.4727096557617 79.1469268798828 79.4894332885742 80.208366394043 81.2525863647461 82.8630294799805 82.9717483520508 81.8707504272461 75.8025131225586 75.4510040283203 75.2529907226562 74.8209228515625 74.2447662353516 75.1105651855469 76.3317031860352 74.1645431518555 -3.4e+38 -3.4e+38 73.1334075927734 -3.4e+38 -3.4e+38 71.9532699584961 71.8457946777344 71.5401077270508 70.8192596435547 70.7672805786133 70.576416015625 70.2480545043945 69.9505844116211 69.8568267822266 69.7962646484375 69.732063293457 69.3184051513672 69.0873260498047 68.8781814575195 68.46826171875 68.3716201782227 68.1611862182617 68.0730285644531 67.9953765869141 67.7129516601562 67.3949966430664 67.3598556518555
81.342903137207 81.0727386474609 80.6151733398438 81.1985015869141 82.7798919677734 81.504150390625 79.5544509887695 78.9465255737305 78.8702926635742 78.5456161499023 79.116828918457 79.8514938354492 81.5566558837891 82.934211730957 77.9619598388672 75.371337890625 75.0819854736328 74.7304840087891 -3.4e+38 74.4358367919922 75.1717147827148 -3.4e+38 -3.4e+38 -3.4e+38 -3.4e+38 -3.4e+38 -3.4e+38 72.4552917480469 72.2058792114258 72.041015625 71.1831970214844 70.8907852172852 70.6683807373047 70.4787368774414 70.3693084716797 70.2471542358398 70.2638473510742 70.1934051513672 69.7154846191406 69.2962341308594 69.2449951171875 68.8838958740234 68.5601196289062 68.4000091552734 68.3206481933594 68.2875747680664 67.9687271118164 67.6751556396484 67.4440002441406
81.7849273681641 81.3157119750977 80.8053283691406 80.7947387695312 81.7701568603516 81.421012878418 79.5759963989258 78.8895263671875 78.7543029785156 78.3193740844727 78.1016845703125 78.2925033569336 79.5232620239258 80.4113998413086 78.381477355957 75.2004318237305 74.9199142456055 74.7330474853516 -3.4e+38 -3.4e+38 -3.4e+38 -3.4e+38 -3.4e+38 -3.4e+38 -3.4e+38 -3.4e+38 -3.4e+38 72.6961898803711 72.5041580200195 72.2395477294922 71.1669769287109 70.9475250244141 70.8777008056641 70.6273956298828 70.5499038696289 70.4657363891602 70.5262985229492 70.3104476928711 69.7720642089844 69.424674987793 69.358024597168 69.1619033813477 68.9655456542969 -3.4e+38 68.4099197387695 68.0840835571289 67.9369812011719 67.6858062744141 67.4363632202148
82.1608123779297 81.7943725585938 81.5182876586914 80.9591827392578 80.3238067626953 80.1661911010742 79.6224212646484 79.0227203369141 78.5736999511719 78.2390060424805 77.8773498535156 77.5774765014648 77.2134628295898 77.0224456787109 76.8680267333984 75.4398040771484 75.1108551025391 74.9838027954102 74.4731292724609 74.3195495605469 73.9375381469727 -3.4e+38 -3.4e+38 73.3937225341797 -3.4e+38 -3.4e+38 -3.4e+38 72.6833114624023 72.4223022460938 72.1172943115234 71.2472839355469 71.0229415893555 71.2238845825195 70.9664916992188 70.645378112793 70.6140289306641 70.4746170043945 70.2793960571289 69.7212142944336 -3.4e+38 69.4890518188477 69.2851028442383 68.9318313598633 -3.4e+38 68.4643325805664 68.2405853271484 68.0421447753906 67.7065734863281 67.5063705444336
82.2626647949219 82.0729598999023 81.9587249755859 81.2677230834961 80.2553634643555 79.9650421142578 79.7003860473633 79.1579895019531 78.4914321899414 78.0774841308594 77.6709671020508 77.2877731323242 76.7793731689453 76.6623687744141 76.653190612793 75.9628753662109 75.4870529174805 75.1383972167969 74.5189743041992 74.3417434692383 -3.4e+38 -3.4e+38 -3.4e+38 -3.4e+38 -3.4e+38 -3.4e+38 72.9131164550781 72.8735733032227 72.4597702026367 72.1511383056641 71.2527389526367 71.0378341674805 71.2522583007812 71.2078475952148 70.9796600341797 71.02978515625 70.1726303100586 70.1207504272461 69.8413696289062 69.6800003051758 69.6580657958984 69.2409057617188 68.8357925415039 68.7335052490234 68.6790008544922 68.5324554443359 68.2359771728516 67.8719329833984 67.6159896850586
82.2479400634766 82.3429336547852 82.3999328613281 81.3537673950195 80.3120269775391 79.9337005615234 79.705436706543 79.6796264648438 79.5602722167969 78.2142715454102 77.536018371582 77.2521438598633 76.98583984375 76.9444351196289 76.9035720825195 75.9370727539062 75.5060119628906 75.2871017456055 74.6604156494141 74.256591796875 -3.4e+38 -3.4e+38 -3.4e+38 -3.4e+38 -3.4e+38 -3.4e+38 73.1392288208008 72.9885787963867 72.4411239624023 72.1934051513672 71.310920715332 71.2522583007812 71.2787322998047 71.2882080078125 71.2368545532227 -3.4e+38 70.4196166992188 70.2411651611328 69.9956436157227 69.7654724121094 69.6902694702148 69.2811431884766 68.9110946655273 68.8606109619141 68.6502151489258 68.4246368408203 68.1725463867188 67.9101791381836 67.6355972290039
81.9217071533203 82.3530120849609 83.2750930786133 81.5411376953125 80.4236907958984 79.9795608520508 79.7836074829102 79.626220703125 79.57421875 78.4750823974609 77.8819808959961 77.5407333374023 77.4876937866211 77.1453475952148 77.0813446044922 75.9400253295898 75.6547927856445 75.4833068847656 74.8374481201172 74.2948226928711 -3.4e+38 -3.4e+38 -3.4e+38 -3.4e+38 -3.4e+38 73.4556274414062 73.3946304321289 73.1091156005859 72.4685974121094 72.0670013427734 71.7023773193359 71.6514511108398 71.5253143310547 71.3793716430664 71.042594909668 -3.4e+38 70.6775817871094 70.3760375976562 70.1116943359375 69.9058151245117 69.6886672973633 69.2715454101562 69.0309066772461 -3.4e+38 -3.4e+38 68.3042602539062 68.0656814575195 67.8094100952148 67.7435760498047
81.5551071166992 81.6669540405273 82.4415130615234 81.0634155273438 80.282096862793 80.0210037231445 80.0779037475586 79.3086242675781 78.9138107299805 78.4830856323242 78.1762619018555 78.2249069213867 77.8797988891602 77.6398773193359 77.2999114990234 76.378059387207 75.9599456787109 75.4519348144531 74.6149749755859 -3.4e+38 74.4802169799805 74.2713241577148 -3.4e+38 -3.4e+38 -3.4e+38 73.3877182006836 73.4488296508789 72.9526519775391 72.3916625976562 71.9514236450195 71.9766540527344 71.9370880126953 71.7575836181641 71.3850631713867 -3.4e+38 -3.4e+38 70.745979309082 70.5388946533203 70.165885925293 70.1267852783203 69.8079147338867 69.2736892700195 -3.4e+38 68.8343505859375 -3.4e+38 68.2676239013672 68.0241165161133 67.7894058227539 67.8509979248047
81.3528213500977 81.096549987793 81.0879898071289 80.7288055419922 80.2229766845703 80.1804580688477 80.2798919677734 79.5853805541992 79.1604385375977 78.5450592041016 78.3211517333984 78.6361389160156 77.726936340332 77.8277435302734 77.9327011108398 77.121826171875 76.0703735351562 75.6220397949219 74.5362014770508 74.5303268432617 74.711067199707 74.4449920654297 -3.4e+38 73.8076248168945 73.756217956543 73.6848373413086 73.9845733642578 73.9020614624023 72.6140670776367 71.9854125976562 71.9635772705078 71.9935989379883 71.8262405395508 71.5728759765625 71.5586090087891 71.16796875 70.9256591796875 70.6899261474609 70.3312911987305 70.2698287963867 69.8626937866211 69.39453125 69.2039489746094 -3.4e+38 -3.4e+38 68.5008087158203 68.1638946533203 67.9617538452148 67.9103469848633
81.4795074462891 81.2474899291992 80.9918899536133 80.831184387207 80.3566665649414 80.2663421630859 80.2666702270508 79.6743240356445 79.1581802368164 78.8686141967773 79.1148376464844 78.3504486083984 77.5046920776367 77.9938507080078 78.2717590332031 77.1183166503906 75.9532241821289 75.5714569091797 74.9128112792969 74.7949142456055 74.8443832397461 74.621696472168 -3.4e+38 74.3999481201172 74.604736328125 73.8201217651367 73.8394012451172 73.8976821899414 72.7671813964844 72.2047882080078 72.0870056152344 72.0583801269531 71.7182235717773 71.8002090454102 71.7980194091797 71.3506622314453 71.1206741333008 70.7522048950195 70.5963592529297 70.2893829345703 69.9887847900391 69.5132217407227 69.1493835449219 -3.4e+38 -3.4e+38 68.6244583129883 68.3087387084961 68.1751251220703 67.951416015625
82.0129623413086 81.6266555786133 81.0662612915039 80.7386093139648 80.425895690918 80.2881088256836 80.4012603759766 79.60498046875 79.143424987793 79.6981735229492 81.4072875976562 79.0790405273438 77.5736389160156 78.1342926025391 77.9238815307617 76.563591003418 75.7650909423828 75.2977447509766 75.2507247924805 75.4001541137695 75.0529403686523 74.8505020141602 74.5212249755859 75.5287017822266 75.9657592773438 73.8632736206055 73.2757720947266 73.086311340332 -3.4e+38 72.3919677734375 72.3283386230469 72.1048278808594 71.8015899658203 71.7643890380859 71.6244354248047 71.6273651123047 71.8235855102539 71.3759841918945 70.7218475341797 70.3453140258789 70.1092910766602 69.6222305297852 69.2327651977539 69.1908111572266 68.9386596679688 68.6016006469727 68.4098968505859 68.2267379760742 67.8936080932617
83.6892547607422 81.6693496704102 80.9299850463867 80.7821884155273 80.6801452636719 80.4216995239258 80.5390472412109 79.6738662719727 79.8509216308594 81.2992248535156 83.2987976074219 80.2222290039062 78.0197219848633 77.2358474731445 77.0965423583984 76.2129364013672 75.6488952636719 75.4822006225586 75.7216644287109 77.1892395019531 76.1335525512695 74.9396743774414 74.9486312866211 76.748664855957 76.7323684692383 74.0159606933594 -3.4e+38 -3.4e+38 -3.4e+38 72.5455322265625 72.4794616699219 72.4337844848633 72.6140365600586 72.0015411376953 71.8467788696289 71.9927139282227 72.6822280883789 73.4705505371094 71.635856628418 70.4762344360352 70.2059326171875 69.6400909423828 69.2848968505859 69.2026214599609 69.1351699829102 68.643913269043 68.3993606567383 68.2219772338867 67.9085388183594
81.6764526367188 81.5271148681641 81.3027801513672 81.2666931152344 81.6477432250977 81.7239685058594 81.0877532958984 79.7463912963867 79.4179306030273 79.5718536376953 78.914909362793 78.3148422241211 76.9129486083984 76.5095825195312 76.037467956543 75.87353515625 76.250846862793 76.3658752441406 76.4322509765625 78.6807479858398 78.7648849487305 75.7825622558594 75.9874114990234 79.8171463012695 79.7536163330078 75.9329376220703 -3.4e+38 -3.4e+38 73.040412902832 73.1546401977539 72.7740249633789 72.4977416992188 72.3599014282227 72.271842956543 71.9956588745117 71.9494323730469 71.8790130615234 71.9823150634766 72.2352142333984 70.455192565918 70.2376327514648 69.5315704345703 69.164436340332 69.1208267211914 68.9662170410156 68.847770690918 68.6222229003906 68.7692184448242 68.392692565918
81.6737365722656 82.2809295654297 82.6133728027344 83.228141784668 82.9316787719727 82.7730560302734 81.5449523925781 79.9153289794922 78.4286422729492 78.3005905151367 78.371452331543 77.7079620361328 76.8037490844727 76.4164047241211 76.1177062988281 76.1200180053711 76.3309707641602 76.3247680664062 76.1367721557617 77.9133529663086 78.9027404785156 77.0522766113281 76.783447265625 79.1568908691406 80.6092758178711 77.4042205810547 -3.4e+38 73.1704025268555 73.1946411132812 73.2033538818359 73.0174713134766 72.8504943847656 72.9088821411133 72.6036376953125 72.0330505371094 71.7301635742188 71.5442047119141 71.507942199707 71.7295837402344 70.357551574707 70.0827026367188 69.5832443237305 69.3617324829102 69.291130065918 69.0300216674805 68.9437103271484 69.3080596923828 69.0773849487305 68.4511642456055
82.2505645751953 83.4458084106445 84.209716796875 84.230598449707 83.3784561157227 83.1260299682617 82.0517196655273 80.0287399291992 78.3577880859375 78.0086212158203 78.0226974487305 77.330680847168 76.7000579833984 76.4556655883789 76.2584686279297 76.0856781005859 76.1266937255859 76.3302230834961 75.4301300048828 75.9907989501953 76.7658615112305 78.3405685424805 77.6672134399414 79.2284088134766 79.63720703125 75.5070190429688 73.4239273071289 73.2789001464844 73.2943267822266 72.9213485717773 73.1385879516602 72.9643325805664 72.8861465454102 72.7665176391602 72.8708953857422 71.881706237793 -3.4e+38 71.1929397583008 71.2563934326172 70.3886260986328 70.1689376831055 69.7931442260742 69.5699691772461 69.3720703125 69.1276016235352 68.9565124511719 69.3349838256836 68.7794799804688 68.195426940918
82.7235794067383 85.2587051391602 86.3133087158203 84.5487442016602 83.4946899414062 82.8183135986328 82.1007995605469 79.0820617675781 78.1734771728516 77.7678070068359 77.5274200439453 77.2559127807617 76.9196395874023 76.7548599243164 76.4047164916992 76.1976776123047 76.2552795410156 76.3578414916992 75.2674942016602 75.3888931274414 76.6398010253906 79.0128326416016 77.7376174926758 77.2174835205078 76.3016815185547 73.7064666748047 73.4521713256836 73.3824996948242 73.0938568115234 72.8110580444336 72.9832611083984 72.7966918945312 72.5588150024414 72.6479949951172 73.3608932495117 71.9794692993164 71.7476348876953 -3.4e+38 -3.4e+38 70.7254333496094 70.2208480834961 69.9503326416016 69.742805480957 69.5920562744141 69.5345687866211 69.1272354125977 68.9482116699219 68.6105270385742 68.2878341674805
82.7612609863281 85.0442657470703 85.2692184448242 85.3384552001953 83.3583984375 81.8419418334961 81.2509613037109 78.5690307617188 78.2967681884766 77.8307571411133 77.4230194091797 77.3090667724609 77.3629455566406 77.5007247924805 76.7037200927734 76.798469543457 76.3606796264648 76.3490676879883 75.4167785644531 75.3835678100586 76.9698181152344 79.3080062866211 76.9605712890625 74.8816452026367 74.0083160400391 73.6236953735352 73.8409805297852 73.3950881958008 73.2000350952148 73.1047821044922 72.8324508666992 72.6347961425781 72.3974227905273 72.3186187744141 72.4491500854492 71.5863800048828 -3.4e+38 -3.4e+38 71.0535659790039 71.1780776977539 70.3795166015625 70.0690994262695 69.9025955200195 69.7450637817383 69.8096694946289 69.1439971923828 68.9286651611328 68.6721496582031 68.5254821777344
82.3112335205078 82.9109573364258 83.1034240722656 85.9961624145508 83.6379318237305 81.1448669433594 80.3243560791016 78.6192398071289 78.5603942871094 77.9998092651367 77.4476776123047 77.3367919921875 77.6348114013672 78.5207138061523 78.6921463012695 78.6958236694336 77.2686767578125 77.2173767089844 75.6119918823242 75.406120300293 76.3421478271484 78.2203598022461 76.163948059082 74.5027008056641 73.8703842163086 73.8556213378906 74.3066253662109 73.4758911132812 73.507209777832 73.4506912231445 73.1071701049805 72.8292770385742 72.5188369750977 72.1982040405273 71.8652267456055 71.5165481567383 71.4753799438477 71.4640121459961 71.1704940795898 71.0924987792969 70.4767837524414 70.3657302856445 70.0920867919922 69.7567977905273 69.6377487182617 69.0677261352539 68.9182434082031 68.7635803222656 68.5684661865234
81.8845596313477 82.3835296630859 84.6562194824219 86.9922714233398 85.2057113647461 81.5740661621094 79.5390014648438 78.9233093261719 78.4154815673828 77.8508911132812 77.7031860351562 77.3840942382812 77.6649703979492 79.2633666992188 81.2429351806641 81.0297164916992 79.7165222167969 79.3783950805664 76.0634841918945 75.589225769043 75.6214599609375 76.1887741088867 75.3631210327148 74.2974700927734 73.8723678588867 74.2909927368164 75.3095092773438 74.5535430908203 73.6553268432617 73.6390075683594 73.1896896362305 73.0600357055664 72.6944274902344 72.2499084472656 72.1203918457031 71.7416229248047 71.722541809082 71.5962295532227 71.1181793212891 70.7671432495117 70.5424728393555 70.7373504638672 70.4074783325195 69.8884506225586 69.6657867431641 69.2579879760742 68.9305572509766 68.7403793334961 68.5667114257812
