rcp8.5models/GFDL_CM3/sc1gr2.22
NCOLS 261 
NROWS 433 
XLLCORNER 336357.134 
YLLCORNER 654653.479 
CELLSIZE 1000 
NODATA_value -3.4e+38 
[rows 44 to 65 of 433, columns 98 to 146 of 261]
365.592468261719 365.507934570312 365.423980712891 365.258178710938 365.176544189453 365.095916748047 365.065490722656 366.320648193359 366.861907958984 366.787109375 366.714202880859 366.643249511719 366.574249267578 366.550231933594 367.066986083984 367.735229492188 368.253692626953 368.193237304688 368.169097900391 368.448425292969 368.456604003906 368.958953857422 368.901763916016 368.845001220703 -3.4e+38 -3.4e+38 -3.4e+38 -3.4e+38 -3.4e+38 -3.4e+38 -3.4e+38 -3.4e+38 -3.4e+38 -3.4e+38 -3.4e+38 -3.4e+38 -3.4e+38 -3.4e+38 -3.4e+38 -3.4e+38 -3.4e+38 -3.4e+38 -3.4e+38 -3.4e+38 -3.4e+38 -3.4e+38 -3.4e+38 -3.4e+38 -3.4e+38
365.621551513672 365.539031982422 365.457061767578 365.311981201172 365.874053955078 366.136871337891 366.059295654297 365.998596191406 366.29736328125 366.834777832031 366.799621582031 367.352783203125 367.624725341797 367.557983398438 367.428955078125 367.366394042969 367.337799072266 367.616363525391 367.619140625 368.087615966797 367.772064208984 368.455749511719 368.952453613281 368.895538330078 368.838958740234 -3.4e+38 -3.4e+38 -3.4e+38 -3.4e+38 -3.4e+38 -3.4e+38 -3.4e+38 -3.4e+38 -3.4e+38 -3.4e+38 -3.4e+38 -3.4e+38 -3.4e+38 -3.4e+38 -3.4e+38 -3.4e+38 -3.4e+38 -3.4e+38 -3.4e+38 -3.4e+38 -3.4e+38 -3.4e+38 -3.4e+38 -3.4e+38
364.981658935547 364.911041259766 365.474853515625 365.973693847656 366.236328125 366.158599853516 366.082000732422 366.006561279297 365.982208251953 366.859832763672 366.847381591797 367.719177246094 367.651184082031 367.584716796875 367.455932617188 367.393371582031 367.331909179688 367.271392822266 367.248626708984 367.592071533203 368.094299316406 368.078826904297 368.357299804688 368.376678466797 368.865386962891 368.939178466797 368.782562255859 -3.4e+38 -3.4e+38 -3.4e+38 -3.4e+38 -3.4e+38 -3.4e+38 -3.4e+38 -3.4e+38 -3.4e+38 -3.4e+38 -3.4e+38 -3.4e+38 -3.4e+38 -3.4e+38 -3.4e+38 -3.4e+38 -3.4e+38 -3.4e+38 -3.4e+38 -3.4e+38 -3.4e+38 -3.4e+38
364.653686523438 364.578704833984 364.854705810547 366.335601806641 366.257904052734 366.181121826172 366.105438232422 366.030853271484 365.975952148438 366.281768798828 366.875213623047 367.746032714844 367.678405761719 367.612213134766 367.483703613281 367.421203613281 367.359741210938 367.299163818359 367.239410400391 367.284912109375 368.121887207031 368.06396484375 368.079742431641 368.616088867188 368.971069335938 369.423126220703 369.307098388672 -3.4e+38 369.760833740234 -3.4e+38 -3.4e+38 -3.4e+38 -3.4e+38 -3.4e+38 -3.4e+38 -3.4e+38 -3.4e+38 -3.4e+38 -3.4e+38 -3.4e+38 -3.4e+38 -3.4e+38 -3.4e+38 -3.4e+38 -3.4e+38 -3.4e+38 -3.4e+38 -3.4e+38 -3.4e+38
364.670776367188 364.591430664062 364.548706054688 366.356903076172 366.280181884766 366.204376220703 366.129577636719 366.055877685547 365.983337402344 365.932708740234 366.305328369141 367.773559570312 367.706329345703 367.640380859375 367.564971923828 368.079193115234 368.016479492188 367.954650878906 367.893585205078 367.872955322266 368.150238037109 368.092193603516 368.079711914062 368.434020996094 369.04833984375 369.813201904297 369.696807861328 369.365753173828 -3.4e+38 -3.4e+38 -3.4e+38 -3.4e+38 -3.4e+38 -3.4e+38 -3.4e+38 -3.4e+38 -3.4e+38 -3.4e+38 -3.4e+38 -3.4e+38 -3.4e+38 -3.4e+38 -3.4e+38 -3.4e+38 -3.4e+38 -3.4e+38 -3.4e+38 -3.4e+38 -3.4e+38
364.043762207031 364.610198974609 364.579498291016 366.378845214844 366.279418945312 365.610076904297 366.154357910156 366.081512451172 366.009735107422 365.939147949219 365.955657958984 367.165924072266 367.100463867188 367.084411621094 367.626373291016 368.479034423828 368.417602539062 368.357025146484 368.297149658203 -3.4e+38 368.179290771484 368.121154785156 368.063415527344 368.130645751953 369.078002929688 369.809844970703 369.779174804688 369.722900390625 369.72509765625 370.093383789062 370.554534912109 -3.4e+38 -3.4e+38 -3.4e+38 -3.4e+38 -3.4e+38 -3.4e+38 -3.4e+38 -3.4e+38 -3.4e+38 -3.4e+38 -3.4e+38 -3.4e+38 -3.4e+38 -3.4e+38 -3.4e+38 -3.4e+38 -3.4e+38 -3.4e+38
363.723236083984 364.643157958984 365.204772949219 366.4013671875 366.288391113281 365.295349121094 366.179748535156 366.140625 366.676422119141 366.605041503906 366.558227539062 366.830413818359 366.763977050781 366.776184082031 367.027526855469 367.823272705078 367.312042236328 368.386962890625 368.327026367188 -3.4e+38 368.209014892578 368.150756835938 368.092926025391 368.083312988281 368.490264892578 369.169799804688 369.807922363281 369.751434326172 369.695068359375 369.795196533203 370.582550048828 370.5263671875 -3.4e+38 -3.4e+38 -3.4e+38 -3.4e+38 -3.4e+38 -3.4e+38 -3.4e+38 -3.4e+38 -3.4e+38 -3.4e+38 -3.4e+38 -3.4e+38 -3.4e+38 -3.4e+38 -3.4e+38 -3.4e+38 -3.4e+38
363.743743896484 364.672027587891 365.564514160156 366.424438476562 366.310882568359 365.293487548828 365.563323974609 365.512634277344 365.822143554688 366.357116699219 366.290374755859 366.224670410156 366.207275390625 366.757659912109 366.689208984375 367.447479248047 366.670684814453 368.41748046875 368.291961669922 367.674896240234 367.68798828125 368.180999755859 368.123046875 368.065399169922 368.058166503906 368.365905761719 369.837219238281 369.780548095703 369.723999023438 369.728607177734 370.000366210938 370.046142578125 -3.4e+38 -3.4e+38 -3.4e+38 -3.4e+38 -3.4e+38 -3.4e+38 -3.4e+38 -3.4e+38 -3.4e+38 -3.4e+38 -3.4e+38 -3.4e+38 -3.4e+38 -3.4e+38 -3.4e+38 -3.4e+38 -3.4e+38
364.417877197266 365.329803466797 365.576873779297 365.825439453125 366.360595703125 365.917297363281 365.26416015625 365.767242431641 365.150848388672 366.023590087891 365.955993652344 365.889404296875 365.899719238281 366.809814453125 367.294647216797 367.535766601562 367.269775390625 368.384857177734 367.790863037109 367.883270263672 367.385223388672 368.285827636719 368.773193359375 368.714294433594 368.7373046875 369.265960693359 369.867034912109 369.810180664062 369.753448486328 369.696746826172 369.739379882812 370.258178710938 370.6982421875 -3.4e+38 -3.4e+38 -3.4e+38 -3.4e+38 -3.4e+38 -3.4e+38 -3.4e+38 -3.4e+38 -3.4e+38 -3.4e+38 -3.4e+38 -3.4e+38 -3.4e+38 -3.4e+38 -3.4e+38 -3.4e+38
363.480712890625 364.422302246094 365.587188720703 365.485778808594 365.783447265625 366.312347412109 365.918884277344 366.169219970703 365.780822753906 366.052673339844 365.985656738281 365.919555664062 365.931701660156 366.871673583984 366.519775390625 367.601959228516 367.577697753906 367.816528320312 367.460662841797 367.696014404297 367.489990234375 368.909118652344 369.184936523438 369.126983642578 369.120361328125 369.480743408203 369.897338867188 369.748016357422 369.266296386719 369.726470947266 369.833160400391 370.61279296875 370.728149414062 371.499145507812 -3.4e+38 -3.4e+38 371.339813232422 -3.4e+38 -3.4e+38 -3.4e+38 -3.4e+38 -3.4e+38 -3.4e+38 -3.4e+38 -3.4e+38 -3.4e+38 -3.4e+38 -3.4e+38 -3.4e+38
363.445129394531 363.76708984375 365.60791015625 365.496520996094 365.470336914062 366.292816162109 365.037963867188 365.614440917969 366.110015869141 365.445465087891 365.380493164062 365.363494873047 365.964080810547 366.851989746094 366.44970703125 -3.4e+38 367.572814941406 367.512298583984 367.452301025391 367.463073730469 368.116394042969 369.199676513672 368.67578125 -3.4e+38 369.100677490234 369.096374511719 369.405090332031 369.812164306641 369.485778808594 369.756622314453 369.863983154297 370.745178222656 371.261138916016 371.528350830078 371.471313476562 -3.4e+38 -3.4e+38 371.265380859375 -3.4e+38 -3.4e+38 -3.4e+38 -3.4e+38 -3.4e+38 -3.4e+38 -3.4e+38 -3.4e+38 -3.4e+38 -3.4e+38 -3.4e+38
363.821472167969 -3.4e+38 365.002075195312 364.903015136719 365.467987060547 -3.4e+38 364.974060058594 365.304656982422 -3.4e+38 365.111938476562 365.046142578125 365.056915283203 -3.4e+38 367.430511474609 366.762451171875 -3.4e+38 367.043243408203 367.544799804688 367.484802246094 367.468444824219 367.937438964844 369.184600830078 368.375732421875 369.190551757812 369.132507324219 369.074676513672 369.107696533203 369.901916503906 369.940338134766 370.299041748047 369.895202636719 370.842193603516 371.615264892578 371.449890136719 371.005401611328 -3.4e+38 371.386016845703 -3.4e+38 371.236755371094 -3.4e+38 -3.4e+38 -3.4e+38 -3.4e+38 -3.4e+38 -3.4e+38 -3.4e+38 -3.4e+38 -3.4e+38 -3.4e+38
364.847076416016 364.777740478516 364.708740234375 364.662139892578 -3.4e+38 -3.4e+38 365.972808837891 365.303466796875 365.303802490234 366.102172851562 365.202331542969 366.346008300781 -3.4e+38 367.830352783203 367.130523681641 366.732086181641 366.710296630859 367.054901123047 367.438629150391 366.796844482422 368.931121826172 368.039398193359 368.443481445312 369.173492431641 368.581970214844 368.470092773438 369.543304443359 369.1796875 370.296875 370.176330566406 369.791595458984 369.905212402344 370.675994873047 370.618194580078 370.744476318359 371.502563476562 371.444702148438 371.328918457031 -3.4e+38 -3.4e+38 -3.4e+38 -3.4e+38 -3.4e+38 -3.4e+38 -3.4e+38 -3.4e+38 -3.4e+38 -3.4e+38 -3.4e+38
364.868377685547 364.777984619141 364.109802246094 365.919097900391 -3.4e+38 -3.4e+38 366.376922607422 365.970733642578 365.885772705078 365.587432861328 365.876525878906 366.995483398438 366.127990722656 367.287811279297 366.826538085938 366.82861328125 367.329071044922 367.308746337891 367.612213134766 367.973266601562 -3.4e+38 367.866119384766 368.3974609375 368.621124267578 368.230316162109 368.259643554688 -3.4e+38 369.573638916016 369.3291015625 369.27197265625 369.317016601562 369.832550048828 370.100433349609 370.152648925781 370.663787841797 371.157073974609 -3.4e+38 -3.4e+38 -3.4e+38 -3.4e+38 -3.4e+38 -3.4e+38 -3.4e+38 -3.4e+38 -3.4e+38 -3.4e+38 -3.4e+38 -3.4e+38 -3.4e+38
364.869201660156 364.16162109375 363.770233154297 366.623413085938 -3.4e+38 366.492034912109 366.426910400391 366.362182617188 366.228820800781 365.307220458984 366.247924804688 367.077575683594 366.707153320312 366.926422119141 366.859954833984 366.837371826172 367.114593505859 367.12451171875 367.733154296875 -3.4e+38 -3.4e+38 367.567413330078 368.381134033203 368.322296142578 368.263549804688 368.260589599609 368.299438476562 369.358062744141 368.971221923828 368.912902832031 369.023559570312 369.796264648438 369.737915039062 369.751281738281 370.129150390625 370.828063964844 -3.4e+38 -3.4e+38 -3.4e+38 -3.4e+38 -3.4e+38 372.153717041016 372.097686767578 -3.4e+38 -3.4e+38 -3.4e+38 -3.4e+38 -3.4e+38 -3.4e+38
364.249938964844 363.845672607422 363.833923339844 366.649444580078 366.584564208984 366.482757568359 365.817016601562 365.796905517578 366.257690429688 365.387084960938 366.864013671875 367.139770507812 367.077667236328 366.982116699219 366.893585205078 366.897583007812 367.39599609375 367.376892089844 367.768463134766 368.592803955078 368.485961914062 368.061431884766 367.880218505859 368.271820068359 367.769317626953 368.23828125 368.274169921875 369.062225341797 369.003631591797 368.945037841797 368.953155517578 369.221374511719 369.271545410156 369.820983886719 370.555236816406 371.87548828125 -3.4e+38 -3.4e+38 -3.4e+38 -3.4e+38 -3.4e+38 -3.4e+38 372.123565673828 372.295440673828 -3.4e+38 -3.4e+38 -3.4e+38 -3.4e+38 -3.4e+38
363.933319091797 363.919464111328 365.127044677734 366.675598144531 366.611724853516 366.526550292969 366.123016357422 366.039825439453 365.742919921875 365.985870361328 366.652282714844 367.172088623047 367.054809570312 366.478973388672 366.927398681641 366.971740722656 367.806610107422 367.816925048828 368.351898193359 368.627075195312 368.567596435547 368.378662109375 367.582672119141 368.336791992188 368.086608886719 368.884643554688 368.214019775391 368.581878662109 369.036254882812 368.977416992188 368.918548583984 368.859710693359 368.979888916016 370.035888671875 371.548278808594 372.624145507812 -3.4e+38 -3.4e+38 -3.4e+38 -3.4e+38 -3.4e+38 -3.4e+38 372.749450683594 372.782043457031 -3.4e+38 -3.4e+38 -3.4e+38 -3.4e+38 -3.4e+38
364.580352783203 363.973480224609 365.828247070312 366.701873779297 366.638977050781 366.576263427734 366.555419921875 367.062652587891 366.639465332031 366.376678466797 366.928070068359 367.204559326172 367.110137939453 366.686431884766 367.025146484375 367.564971923828 367.840942382812 367.824279785156 368.174346923828 368.585693359375 367.984069824219 367.956298828125 368.067718505859 367.894714355469 368.507720947266 369.305541992188 368.187286376953 368.1904296875 368.659545898438 369.515716552734 369.055023193359 369.497497558594 369.617401123047 370.745574951172 372.392150878906 372.655029296875 372.595825195312 -3.4e+38 -3.4e+38 -3.4e+38 -3.4e+38 -3.4e+38 -3.4e+38 373.121520996094 373.064849853516 -3.4e+38 -3.4e+38 -3.4e+38 -3.4e+38
364.963623046875 364.619323730469 365.852447509766 366.728240966797 366.666320800781 366.644653320312 367.204650878906 367.436309814453 366.758148193359 366.437957763672 367.297943115234 367.237121582031 367.176452636719 367.080474853516 367.098754882812 367.868316650391 367.322387695312 367.815521240234 367.875427246094 368.648986816406 368.175231933594 367.708923339844 368.46533203125 368.126403808594 368.542877197266 369.339447021484 368.220764160156 368.259094238281 368.839080810547 369.369262695312 369.155914306641 370.030883789062 370.649810791016 371.666870117188 372.745574951172 372.686096191406 372.389495849609 371.907653808594 372.058197021484 372.831970214844 -3.4e+38 -3.4e+38 -3.4e+38 -3.4e+38 373.090545654297 -3.4e+38 -3.4e+38 -3.4e+38 -3.4e+38
364.999114990234 364.982086181641 365.876708984375 366.148986816406 366.693695068359 366.697174072266 367.572082519531 367.439025878906 366.450866699219 366.419921875 366.752044677734 367.213989257812 366.581024169922 366.582885742188 367.134216308594 367.9287109375 367.504364013672 367.301910400391 367.836456298828 368.189727783203 368.542297363281 367.744659423828 368.552124023438 368.492553710938 368.578155517578 369.282196044922 368.350250244141 368.768402099609 368.527374267578 368.571502685547 369.189392089844 370.133758544922 371.078155517578 371.910430908203 372.288818359375 372.483978271484 371.297607421875 370.938323974609 371.089263916016 371.906097412109 372.293731689453 -3.4e+38 -3.4e+38 -3.4e+38 373.118957519531 373.061859130859 -3.4e+38 -3.4e+38 -3.4e+38
365.021026611328 365.006866455078 365.900939941406 365.801727294922 366.160461425781 367.3232421875 367.601287841797 367.514465332031 367.066040039062 366.4736328125 367.024719238281 367.212432861328 366.301696777344 366.846343994141 367.103546142578 367.449737548828 367.901336669922 367.550048828125 367.825256347656 367.891723632812 368.575897216797 367.780487060547 368.586700439453 368.527008056641 368.523986816406 368.829681396484 368.862731933594 368.556274414062 368.269378662109 368.781951904297 369.222961425781 370.167053222656 371.111114501953 371.981079101562 372.257049560547 371.273559570312 370.087829589844 370.692108154297 371.191253662109 371.576446533203 372.073211669922 372.550689697266 -3.4e+38 -3.4e+38 -3.4e+38 373.087432861328 -3.4e+38 -3.4e+38 -3.4e+38
365.042907714844 365.031585693359 365.925140380859 365.807342529297 365.875274658203 367.689422607422 367.630462646484 367.523559570312 366.849914550781 366.536651611328 367.394165039062 367.301147460938 366.939056396484 367.216552734375 367.097930908203 367.080535888672 367.429473876953 367.993530273438 368.478820800781 368.388122558594 368.154907226562 368.348419189453 368.621307373047 368.5615234375 368.501647949219 368.500579833984 368.553497314453 367.752990722656 368.368896484375 369.245300292969 369.86181640625 370.804718017578 371.747619628906 372.577575683594 372.572601318359 370.950592041016 369.238952636719 370.681976318359 371.066711425781 371.693420410156 372.417541503906 372.580688476562 -3.4e+38 -3.4e+38 -3.4e+38 373.115783691406 373.301879882812 -3.4e+38 -3.4e+38
