rcp8.5models/GFDL_CM3/sc1gr4.35
NCOLS 261 
NROWS 433 
XLLCORNER 336357.134 
YLLCORNER 654653.479 
CELLSIZE 1000 
NODATA_value -3.4e+38 
[rows 220 to 241 of 433, columns 147 to 195 of 261]
296.392608642578 296.882202148438 297.344970703125 297.403350830078 297.708831787109 298.015625 296.311859130859 297.252105712891 298.107177734375 298.248870849609 298.129516601562 298.583404541016 299.010345458984 299.43359375 299.487030029297 299.689392089844 300.229125976562 300.493682861328 -3.4e+38 300.524841308594 300.468231201172 300.748931884766 301.368896484375 301.282409667969 301.303588867188 301.183410644531 301.045104980469 300.970489501953 300.871246337891 300.877746582031 300.849853515625 300.595489501953 300.700866699219 300.225952148438 300.146057128906 300.12841796875 300.566345214844 301.033538818359 301.298004150391 301.428894042969 301.706512451172 301.755035400391 301.883331298828 301.718933105469 301.28466796875 301.090057373047 300.560699462891 299.961242675781 300.518707275391
296.022430419922 296.852478027344 297.318145751953 297.333465576172 296.684051513672 295.304992675781 293.991516113281 297.062927246094 297.520538330078 298.002319335938 298.04248046875 298.694519042969 299.194274902344 299.404357910156 299.435089111328 299.590423583984 299.930603027344 300.344207763672 300.576263427734 300.521728515625 300.494689941406 300.827423095703 301.431243896484 301.379943847656 301.025817871094 300.653625488281 300.391662597656 300.564666748047 300.851776123047 300.901641845703 300.929718017578 300.803802490234 300.439361572266 300.1650390625 300.071716308594 299.972839355469 300.508422851562 300.799041748047 300.933349609375 301.317535400391 301.705902099609 301.702911376953 301.633972167969 301.393463134766 301.117736816406 300.904174804688 300.573089599609 300.019317626953 300.149688720703
295.93017578125 296.515747070312 296.851135253906 296.988555908203 296.477386474609 295.759979248047 295.499053955078 296.856872558594 297.252044677734 297.9130859375 298.082183837891 298.859130859375 299.338836669922 299.371337890625 299.426208496094 299.5791015625 299.719543457031 300.386901855469 300.337188720703 300.160247802734 300.458465576172 300.760894775391 301.291656494141 301.114837646484 300.501495361328 300.031707763672 299.460845947266 300.183715820312 300.841949462891 300.780670166016 300.953826904297 300.673767089844 299.980102539062 299.634155273438 299.614013671875 299.574005126953 299.938995361328 300.342010498047 300.601013183594 301.085632324219 301.585723876953 301.73291015625 301.621185302734 301.200164794922 300.914123535156 300.672424316406 300.443145751953 299.855163574219 299.725982666016
295.852508544922 296.174987792969 296.574859619141 296.645263671875 296.290557861328 295.812774658203 296.147644042969 296.963012695312 297.559234619141 297.910980224609 298.180023193359 298.806823730469 299.342712402344 299.342132568359 299.308227539062 299.469909667969 299.807708740234 300.337219238281 300.065887451172 300.20361328125 300.522003173828 300.800872802734 300.642028808594 300.816650390625 300.26318359375 299.700836181641 299.182281494141 300.233184814453 300.69970703125 300.318511962891 300.564636230469 300.642883300781 300.064056396484 299.461181640625 299.271728515625 299.526336669922 299.904266357422 300.244171142578 300.750061035156 301.050567626953 301.242706298828 301.427551269531 301.517730712891 301.189605712891 300.824768066406 300.459320068359 300.048950195312 299.345611572266 299.477416992188
296.204681396484 296.435974121094 296.557006835938 296.434539794922 295.203643798828 293.609222412109 294.939971923828 296.859802246094 297.380065917969 297.875610351562 298.118499755859 298.771575927734 299.122375488281 299.307769775391 299.317291259766 299.285919189453 299.490173339844 299.88232421875 299.712646484375 300.183929443359 300.563659667969 300.606140136719 300.093200683594 300.349792480469 300.086517333984 299.688110351562 299.321472167969 300.112243652344 300.590850830078 300.186798095703 300.079345703125 300.34765625 300.143981933594 299.814758300781 299.368865966797 299.760681152344 300.308868408203 300.448272705078 300.907562255859 301.271514892578 301.218078613281 301.266906738281 301.304901123047 301.018493652344 300.688446044922 300.166778564453 299.757171630859 299.436096191406 299.985473632812
296.174652099609 296.733215332031 296.514770507812 295.981292724609 294.454559326172 292.689636230469 294.853668212891 296.761779785156 297.149658203125 297.673126220703 297.841857910156 298.540161132812 298.706451416016 299.157806396484 299.391357421875 299.166717529297 299.012420654297 299.589263916016 299.570343017578 300.013610839844 300.539855957031 300.433319091797 300.184875488281 300.218780517578 300.133331298828 299.907562255859 299.665252685547 299.948394775391 300.206024169922 300.161163330078 300.038818359375 300.054840087891 300.198364257812 299.972351074219 299.496215820312 299.78955078125 300.3466796875 300.541015625 300.872283935547 301.193481445312 301.251129150391 301.368225097656 301.192993164062 300.76708984375 300.577178955078 300.086822509766 299.862335205078 299.529418945312 300.423400878906
296.098388671875 296.320434570312 295.931030273438 295.326995849609 294.382659912109 293.894592285156 295.835998535156 296.718811035156 296.993713378906 297.181182861328 297.494812011719 298.41015625 298.548889160156 298.8427734375 299.208679199219 299.207336425781 298.839599609375 299.052978515625 299.552429199219 299.995635986328 300.562774658203 300.508422851562 299.989379882812 300.159057617188 300.1396484375 299.592468261719 299.657989501953 299.777404785156 299.656341552734 299.945129394531 299.995819091797 299.883148193359 299.924835205078 299.728790283203 299.704406738281 299.809387207031 299.910369873047 300.339660644531 300.700408935547 300.920104980469 301.088623046875 301.127471923828 300.811401367188 300.399566650391 300.345886230469 300.128234863281 299.954437255859 299.472442626953 300.257476806641
296.012390136719 295.473876953125 294.449005126953 293.700714111328 293.808502197266 293.512390136719 295.602935791016 296.607727050781 296.779479980469 297.012237548828 297.497009277344 298.252471923828 298.604797363281 298.748565673828 298.988952636719 299.185699462891 298.506866455078 298.457427978516 299.447296142578 299.740081787109 300.500549316406 300.417938232422 299.669708251953 299.623962402344 299.592437744141 299.139953613281 299.269958496094 299.791229248047 299.626892089844 299.625152587891 299.445007324219 299.421752929688 299.368530273438 299.526062011719 299.943084716797 300.086547851562 299.990386962891 300.360382080078 300.537689208984 300.757507324219 300.857177734375 300.803283691406 300.501281738281 300.045471191406 299.983032226562 299.986206054688 299.75537109375 299.694366455078 300.149108886719
295.568969726562 294.796295166016 292.763366699219 290.665130615234 291.897979736328 291.746429443359 295.110717773438 296.043914794922 296.359985351562 297.076873779297 297.729766845703 298.242065429688 298.475860595703 298.526947021484 298.755706787109 298.935363769531 298.312072753906 298.592254638672 299.444305419922 299.609497070312 300.178253173828 300.279052734375 299.498840332031 299.129333496094 299.2568359375 299.001647949219 298.965026855469 299.417633056641 299.305786132812 299.123962402344 298.9970703125 298.992401123047 298.930969238281 299.431640625 299.755249023438 299.975402832031 300.323455810547 300.488220214844 300.426208496094 300.466430664062 300.464050292969 300.701324462891 300.536346435547 300.158935546875 300.045623779297 299.850433349609 299.720123291016 299.583435058594 299.852142333984
295.233947753906 294.432556152344 291.857971191406 288.745330810547 289.694641113281 289.652801513672 294.204559326172 295.604370117188 295.986083984375 297.080413818359 297.722137451172 298.103210449219 297.9931640625 297.965087890625 298.596771240234 298.886047363281 298.556182861328 298.737243652344 299.261871337891 299.579467773438 299.677001953125 299.778472900391 299.243988037109 299.093994140625 299.1630859375 298.858306884766 298.717895507812 298.497833251953 298.504119873047 298.710968017578 298.825927734375 298.650238037109 298.774505615234 299.2685546875 299.399810791016 299.709106445312 300.263366699219 300.398223876953 300.464477539062 300.321502685547 300.199310302734 300.521484375 300.527893066406 300.423217773438 300.159393310547 299.890594482422 299.766815185547 299.436157226562 299.474456787109
294.710876464844 294.151763916016 292.373504638672 289.652496337891 288.550933837891 288.627593994141 293.818359375 295.476531982422 295.985931396484 296.952606201172 297.483001708984 297.719024658203 297.584381103516 297.819519042969 298.535278320312 298.756622314453 298.363555908203 298.183441162109 298.805816650391 299.402954101562 299.38330078125 299.268188476562 299.2001953125 299.0751953125 298.791320800781 298.482147216797 298.434997558594 298.263610839844 298.285919189453 298.258056640625 298.3056640625 298.263824462891 298.447235107422 298.918151855469 299.300109863281 299.597808837891 299.853698730469 300.021850585938 300.361968994141 300.163635253906 299.968200683594 300.368255615234 300.387054443359 300.234558105469 299.933074951172 299.816650390625 299.561340332031 299.099700927734 298.985656738281
294.093688964844 292.345916748047 289.462463378906 286.766998291016 283.954956054688 289.777008056641 292.662658691406 295.034576416016 295.877624511719 296.438873291016 296.717956542969 297.016082763672 297.508605957031 297.935119628906 298.189758300781 298.371032714844 297.924621582031 297.284637451172 297.816741943359 297.963317871094 298.425659179688 298.83154296875 299.384948730469 299.151000976562 298.828643798828 299.002960205078 298.628692626953 298.449890136719 298.358154296875 298.006317138672 297.642395019531 297.488555908203 297.53955078125 298.339874267578 298.520385742188 298.507659912109 298.853179931641 299.166839599609 299.5498046875 299.464508056641 298.790008544922 298.910369873047 299.626678466797 300.100250244141 299.860107421875 299.566162109375 299.504302978516 299.311859130859 299.063171386719
293.743591308594 292.277496337891 289.693481445312 286.003173828125 281.0771484375 286.802337646484 291.186889648438 294.60009765625 295.467437744141 295.908752441406 296.230743408203 296.968505859375 297.2763671875 297.542724609375 297.999267578125 298.427642822266 298.059326171875 297.437744140625 297.4091796875 297.624938964844 298.385009765625 298.839630126953 299.324737548828 299.122528076172 298.951934814453 298.875305175781 298.586975097656 298.165161132812 297.738830566406 297.632293701172 297.661285400391 297.206573486328 297.205718994141 297.923583984375 297.799255371094 298.527191162109 -3.4e+38 -3.4e+38 299.081451416016 298.64013671875 298.273071289062 298.606536865234 299.544830322266 300.074371337891 300.020660400391 299.814758300781 299.611236572266 299.224212646484 298.992950439453
293.658508300781 292.789184570312 291.568450927734 288.349182128906 285.070983886719 289.754913330078 292.842559814453 294.670227050781 295.481597900391 295.762268066406 295.966644287109 297.074645996094 297.449127197266 297.358093261719 297.792449951172 -3.4e+38 298.371551513672 298.132751464844 297.573425292969 297.767028808594 298.457702636719 298.773864746094 299.033874511719 298.939361572266 298.628997802734 298.304962158203 298.128326416016 297.989135742188 296.749298095703 296.411895751953 297.489410400391 297.140502929688 297.10791015625 297.685363769531 297.876403808594 298.447509765625 298.912353515625 -3.4e+38 -3.4e+38 298.121368408203 298.301727294922 298.868133544922 299.545745849609 299.922302246094 299.590118408203 299.275604248047 299.358367919922 299.021697998047 298.959411621094
293.280242919922 291.717681884766 291.198913574219 289.641052246094 289.782409667969 292.821533203125 294.368438720703 294.910980224609 295.667694091797 296.011169433594 296.497192382812 297.154357910156 297.456298828125 297.562377929688 297.724426269531 298.072509765625 298.274780273438 297.905548095703 297.530395507812 297.664703369141 298.01611328125 298.309509277344 298.586242675781 298.760650634766 298.431732177734 298 297.776794433594 298.008087158203 296.693786621094 295.532196044922 296.967712402344 297.070068359375 296.980712890625 297.597595214844 298.094421386719 298.326690673828 298.772888183594 -3.4e+38 298.382965087891 298.094757080078 298.689514160156 299.382476806641 299.641143798828 299.802917480469 299.431518554688 298.669769287109 298.997222900391 299.022918701172 298.9404296875
293.349273681641 291.608612060547 290.453826904297 288.664276123047 289.660217285156 293.019714355469 294.592163085938 294.956085205078 295.627716064453 295.898223876953 296.220886230469 296.972930908203 297.169036865234 297.654144287109 297.623779296875 -3.4e+38 297.995971679688 297.501098632812 297.305694580078 297.363922119141 297.705383300781 298.301361083984 298.200134277344 298.307189941406 298.236083984375 298.080596923828 297.733154296875 297.865936279297 296.506011962891 294.753570556641 296.307006835938 296.701446533203 296.825744628906 297.604827880859 298.080535888672 298.259124755859 -3.4e+38 298.553161621094 297.919586181641 297.858276367188 298.211822509766 299.118255615234 299.441192626953 299.551910400391 299.32373046875 298.207702636719 298.240142822266 298.632171630859 298.844970703125
293.471008300781 291.536346435547 288.755920410156 285.056396484375 286.736083984375 293.298522949219 294.3876953125 294.750823974609 295.133483886719 295.306060791016 295.663848876953 296.875061035156 297.099578857422 297.367004394531 297.346130371094 297.623504638672 297.773254394531 297.363647460938 296.962249755859 297.227905273438 297.491851806641 297.840087890625 297.716186523438 298.162536621094 298.245483398438 298.076019287109 297.603942871094 297.369964599609 296.090881347656 294.741088867188 296.047271728516 296.492340087891 296.796173095703 297.447235107422 298.099395751953 298.244171142578 -3.4e+38 296.612274169922 295.05029296875 296.069793701172 297.166564941406 298.578948974609 299.134063720703 299.216461181641 298.964447021484 298.241516113281 297.921661376953 297.762573242188 297.958160400391
292.869018554688 291.333221435547 288.458038330078 284.183837890625 287.602203369141 293.185180664062 294.192779541016 294.856506347656 295.266876220703 295.432861328125 295.872131347656 296.861907958984 296.940887451172 297.004211425781 297.179046630859 297.583221435547 297.662536621094 297.397064208984 297.046752929688 297.200256347656 297.228424072266 297.257415771484 297.396545410156 298.147491455078 298.088287353516 297.694244384766 297.191650390625 296.776000976562 296.198547363281 295.508575439453 295.959197998047 296.342346191406 296.742370605469 297.088317871094 297.837768554688 298.292663574219 298.163330078125 295.683685302734 291.885467529297 292.772186279297 297.473907470703 298.366516113281 298.860565185547 299.097747802734 298.665863037109 298.272308349609 297.795196533203 297.426727294922 297.450164794922
292.796142578125 291.288848876953 289.391143798828 288.042724609375 291.212127685547 293.187255859375 294.315002441406 294.880126953125 295.527404785156 295.822418212891 295.926940917969 296.577056884766 296.432556152344 296.845001220703 297.064849853516 297.567321777344 -3.4e+38 297.530426025391 297.191314697266 296.845031738281 296.760406494141 296.788055419922 297.369384765625 297.926177978516 297.642028808594 297.293670654297 296.561676025391 295.325775146484 293.817199707031 294.58056640625 295.850341796875 296.389434814453 296.834625244141 297.292175292969 297.654754638672 298.239349365234 297.984008789062 295.300537109375 289.514068603516 288.850952148438 295.453460693359 298.375427246094 298.878295898438 299.061340332031 -3.4e+38 298.204772949219 298.002990722656 297.74169921875 297.491241455078
292.753234863281 291.325164794922 287.524719238281 285.038238525391 292.234649658203 293.355041503906 294.232055664062 294.752838134766 295.456176757812 295.759796142578 295.798370361328 296.154602050781 296.285675048828 296.958587646484 297.247924804688 297.459899902344 297.687194824219 297.610015869141 297.261810302734 296.883209228516 296.634552001953 296.332763671875 297.370574951172 297.52685546875 297.254211425781 297.213348388672 296.680633544922 295.166870117188 293.190399169922 294.276062011719 295.881561279297 -3.4e+38 296.907775878906 297.365631103516 297.745178222656 298.008636474609 297.473449707031 295.256744384766 290.479034423828 289.750854492188 295.778625488281 298.607269287109 298.953582763672 -3.4e+38 298.416687011719 298.013336181641 298.222717285156 297.565582275391 297.052215576172
291.930145263672 289.978485107422 285.962921142578 282.980163574219 291.750396728516 293.102020263672 294.018768310547 294.655334472656 295.090087890625 295.204071044922 295.464508056641 295.997619628906 296.625122070312 296.943084716797 297.102905273438 297.046630859375 297.329742431641 297.604827880859 297.385467529297 297.254241943359 297.043273925781 296.610931396484 297.044830322266 297.410614013672 297.100830078125 296.737915039062 296.755218505859 296.23828125 295.464050292969 295.317993164062 295.757904052734 296.13330078125 296.437316894531 296.651489257812 297.467468261719 297.593780517578 296.864959716797 296.129150390625 294.667938232422 293.835601806641 296.025421142578 298.587036132812 298.542297363281 -3.4e+38 -3.4e+38 298.110626220703 298.179077148438 297.64794921875 297.413177490234
291.138702392578 287.460723876953 283.810577392578 284.557556152344 290.630340576172 292.103912353516 293.720916748047 294.256896972656 294.810852050781 295.316711425781 295.501739501953 296.285614013672 296.477813720703 296.837463378906 296.815979003906 296.825469970703 297.1025390625 297.370574951172 297.181701660156 296.952453613281 296.959442138672 296.954437255859 296.783966064453 297.451141357422 297.102478027344 296.437774658203 296.45751953125 296.251434326172 296.006774902344 295.542205810547 295.48388671875 295.770141601562 295.959197998047 296.50537109375 297.336181640625 297.297943115234 296.578765869141 296.201446533203 -3.4e+38 -3.4e+38 295.845611572266 298.227569580078 298.058258056641 298.298065185547 298.347076416016 297.951019287109 298.051818847656 298.099731445312 297.654937744141
