rcp8.5models/GFDL_CM3/sc1gr1.25
NCOLS 261 
NROWS 433 
XLLCORNER 336357.134 
YLLCORNER 654653.479 
CELLSIZE 1000 
NODATA_value -3.4e+38 
[rows 264 to 285 of 433, columns 98 to 146 of 261]
67.2563400268555 67.143928527832 67.1389999389648 67.3081207275391 67.5173645019531 67.6311340332031 67.7366333007812 67.8856887817383 68.0976257324219 68.1671981811523 67.9643020629883 67.9417877197266 68.3544464111328 68.3919525146484 68.6208724975586 68.6461029052734 68.4428405761719 68.0570220947266 67.8965759277344 68.2853469848633 68.3041610717773 67.880989074707 67.9710845947266 68.4063949584961 68.2296142578125 67.8826065063477 68.1238708496094 67.9921417236328 68.3611221313477 68.7647323608398 68.7994384765625 69.1960067749023 69.4906616210938 69.7890472412109 69.5424957275391 69.5580215454102 69.3311080932617 67.3724670410156 68.3086853027344 69.2816696166992 70.0385360717773 69.7982635498047 69.618766784668 69.8284149169922 69.9015121459961 69.6055374145508 69.089599609375 68.9221954345703 68.6792984008789
67.3549270629883 67.261848449707 67.1070022583008 67.4154357910156 67.5041580200195 67.6738586425781 68.0194320678711 68.2212295532227 68.1136322021484 67.8710556030273 68.0092926025391 68.2295379638672 68.1181182861328 68.3826599121094 68.576301574707 68.4125442504883 68.530029296875 68.2332916259766 68.2416381835938 68.4098968505859 68.1691665649414 68.2097244262695 68.2260437011719 67.7815551757812 68.0265655517578 68.0842056274414 67.9795761108398 67.909782409668 68.1200942993164 68.647102355957 69.0665817260742 69.558723449707 69.5387420654297 69.5721664428711 69.5366058349609 69.5783233642578 69.6972579956055 68.3368148803711 68.4002456665039 68.3773574829102 69.21142578125 69.2073745727539 69.533317565918 69.8653717041016 69.9626159667969 69.6506042480469 69.0689086914062 68.8615264892578 68.3499450683594
67.8200607299805 67.5856018066406 67.2724685668945 67.2236557006836 67.6274185180664 67.831428527832 67.993896484375 68.1399765014648 68.2122268676758 68.2908630371094 68.2576675415039 68.1479110717773 68.0183563232422 68.3861465454102 68.6588821411133 68.8575592041016 68.8256988525391 68.6306991577148 68.7515563964844 68.7824859619141 68.8635711669922 68.268310546875 68.2597274780273 68.2952194213867 68.0649261474609 68.2127685546875 68.0609817504883 67.8079147338867 67.8118133544922 68.2305297851562 68.5638885498047 69.0112152099609 69.5962753295898 69.6733551025391 69.8101425170898 69.7979888916016 69.4635925292969 69.7444381713867 69.9622955322266 69.6132278442383 69.3466186523438 68.684814453125 68.4342193603516 69.1379470825195 69.6130981445312 69.5042037963867 69.0738906860352 68.6843795776367 68.1112823486328
67.6981430053711 67.2212295532227 67.3451385498047 67.1823272705078 67.6003799438477 67.5893859863281 67.7822570800781 68.1951446533203 68.1643447875977 68.2857513427734 68.4688568115234 68.2831268310547 68.1604537963867 68.3302917480469 68.5017700195312 68.6315231323242 68.5264739990234 68.6565246582031 68.6759567260742 68.5433883666992 68.5836181640625 68.3569641113281 68.2048873901367 68.2128677368164 67.9960174560547 68.1399002075195 68.0298309326172 67.838996887207 68.2371978759766 68.6340866088867 68.9029998779297 69.454231262207 69.6560440063477 69.835334777832 69.8835144042969 69.8547058105469 69.4089889526367 69.6556396484375 70.1957778930664 70.0663986206055 70.0766372680664 69.5817184448242 69.1971435546875 69.2737808227539 69.497917175293 69.9390335083008 69.5725784301758 69.0025787353516 68.3978729248047
68.0672836303711 67.3729476928711 67.3535766601562 67.5211563110352 67.4919204711914 67.7902908325195 67.9361724853516 68.1982574462891 68.130485534668 68.3693542480469 68.5444946289062 68.1315155029297 68.2974853515625 68.457389831543 68.3764038085938 68.5278472900391 68.562141418457 68.5828704833984 68.5436859130859 68.5116500854492 68.5556030273438 68.4297409057617 68.40478515625 68.3064956665039 68.2542724609375 67.9383163452148 68.1486206054688 68.111946105957 68.3611679077148 68.7468948364258 69.3451919555664 69.664909362793 69.8395843505859 70.0238647460938 69.8547210693359 69.7537536621094 69.4272079467773 69.4313583374023 69.6505279541016 69.8171234130859 69.8683853149414 69.796875 70.098747253418 69.8800201416016 69.1381683349609 69.2476043701172 69.7774810791016 69.5914535522461 68.9390335083008
67.9337387084961 67.3056106567383 67.5565567016602 67.9107208251953 68.121711730957 68.3255081176758 68.3181686401367 68.3848266601562 68.361457824707 68.2770309448242 68.5199813842773 68.4802551269531 68.5480804443359 68.5909042358398 68.4252777099609 68.6371154785156 68.969482421875 68.8183288574219 68.6719131469727 68.6474075317383 68.4970397949219 68.4970245361328 68.5291976928711 68.3937072753906 68.4946441650391 68.1702499389648 68.3480224609375 68.1841506958008 68.1641998291016 68.2036819458008 69.3401489257812 69.6892471313477 69.6058044433594 69.4126129150391 69.5761413574219 69.622802734375 69.4303131103516 69.2506484985352 69.1826553344727 69.4989318847656 69.5972595214844 69.8400650024414 70.1557083129883 69.7101440429688 68.5135803222656 68.7323532104492 70.0972747802734 69.693962097168 69.1917724609375
67.3910827636719 67.353401184082 67.6503677368164 68.3836059570312 68.5219345092773 68.2832794189453 68.2804260253906 68.4311599731445 68.3578567504883 68.167106628418 68.5500411987305 68.7322845458984 68.585563659668 68.6451721191406 68.4000244140625 68.5673065185547 68.6645355224609 68.718620300293 68.6553039550781 68.5427322387695 68.5167617797852 68.5431671142578 68.380241394043 68.4217147827148 68.2815551757812 68.3393707275391 68.5394287109375 68.2699356079102 67.9524688720703 68.1703948974609 69.2511749267578 69.7040557861328 69.4661865234375 69.2783432006836 69.7822647094727 69.7885589599609 69.3010101318359 69.1588516235352 69.087272644043 69.3704681396484 69.7334976196289 69.8033676147461 70.0259017944336 69.4978332519531 68.7200622558594 69.0530853271484 70.2185211181641 69.6048812866211 69.842658996582
67.5559768676758 67.5733108520508 67.4905395507812 68.3836364746094 68.2750549316406 68.147705078125 68.2071228027344 68.1240005493164 68.1995315551758 68.4883804321289 68.7695999145508 68.6550521850586 68.5718765258789 68.7167510986328 68.3708114624023 68.4227523803711 68.3478775024414 68.4722747802734 68.5609512329102 68.491569519043 68.2724075317383 68.4296569824219 68.3962173461914 68.2620162963867 68.0444107055664 68.1598358154297 68.5884399414062 68.5351028442383 68.2588729858398 68.8427810668945 69.3788833618164 69.4253387451172 69.6541290283203 69.8436737060547 70.2041244506836 69.8711166381836 69.0491790771484 69.0506973266602 68.9484252929688 69.4314193725586 69.8241882324219 69.6911087036133 70.0061569213867 69.9408493041992 69.7327728271484 69.431510925293 69.7539443969727 69.7899169921875 70.3423614501953
67.8874588012695 67.9086761474609 67.8643264770508 67.7806396484375 67.9373931884766 68.0794525146484 68.368537902832 68.1554946899414 68.2010116577148 68.5769577026367 68.6556396484375 68.7640686035156 68.6287536621094 68.6905670166016 68.5779342651367 68.5736770629883 68.5803451538086 68.5158004760742 68.3645706176758 68.3739700317383 68.1349487304688 68.2051620483398 68.421012878418 68.1906356811523 67.8645858764648 68.1306533813477 68.4774017333984 68.5843963623047 68.3694229125977 68.4883728027344 69.0564804077148 69.0935440063477 69.6892776489258 69.6636352539062 69.6484527587891 69.6184387207031 69.1107864379883 68.8524475097656 69.2201156616211 69.5738906860352 69.7895965576172 69.6137161254883 70.0908737182617 70.0468139648438 70.2195510864258 69.4800415039062 69.0000381469727 69.4043960571289 70.2804946899414
67.5339813232422 67.7631225585938 67.8857116699219 67.8755722045898 68.0063705444336 68.1730041503906 68.2445373535156 68.3675231933594 68.239501953125 68.3625030517578 68.5642318725586 68.7621612548828 68.8836669921875 68.9272613525391 68.5914535522461 68.7693176269531 68.723014831543 68.7131652832031 68.4763793945312 68.3832092285156 68.2135543823242 68.1943664550781 68.3293075561523 68.0606842041016 68.0435409545898 68.4746780395508 68.2599639892578 68.6018218994141 68.37158203125 68.051155090332 68.8037261962891 69.1400909423828 69.3185501098633 69.3688354492188 69.0468521118164 69.4093170166016 69.1649398803711 68.9188079833984 69.4103775024414 69.5273132324219 69.4030838012695 69.5300903320312 69.9047546386719 69.879997253418 69.5270309448242 69.2957992553711 69.6182174682617 69.7867584228516 70.0964126586914
67.5752868652344 67.7141036987305 67.648681640625 67.9014434814453 67.910041809082 68.2199478149414 68.1878433227539 68.240966796875 68.1901245117188 68.3473815917969 68.5007858276367 68.5045013427734 68.8684387207031 69.0023345947266 68.7256698608398 68.8395843505859 68.7596054077148 68.8049774169922 68.6141967773438 68.6222839355469 68.4527282714844 68.3638610839844 68.1847152709961 67.9683532714844 68.1859664916992 68.4937362670898 68.0835876464844 68.2623825073242 68.4543380737305 68.2017211914062 68.4144058227539 69.0389862060547 69.2071533203125 69.2359085083008 68.9730072021484 69.3144683837891 69.1284637451172 69.0917739868164 69.2969360351562 69.5546264648438 69.4394683837891 69.6777954101562 69.8383178710938 70.1918716430664 69.682731628418 69.9626159667969 70.6710586547852 70.6048278808594 70.069580078125
67.8480834960938 67.9762344360352 67.8299789428711 68.0057754516602 67.9121932983398 68.1175842285156 68.3998031616211 68.5455322265625 68.4990463256836 68.5441970825195 68.5063171386719 68.2723999023438 68.4598999023438 68.6711044311523 69.0486831665039 68.9773406982422 68.8638229370117 68.7761459350586 68.6996765136719 68.8156051635742 68.6756439208984 68.5126342773438 68.2273025512695 67.9624938964844 67.988166809082 68.1274261474609 68.2641372680664 67.9890899658203 68.0878601074219 68.019172668457 68.0586242675781 68.759521484375 69.1560440063477 69.3297119140625 69.1644134521484 68.9278793334961 68.7955627441406 69.0469512939453 69.2850723266602 69.5236206054688 69.7123184204102 69.6864929199219 69.8239440917969 70.4249114990234 70.503059387207 70.6137619018555 70.6185531616211 70.5246810913086 70.1259078979492
68.0525741577148 68.2618637084961 68.2476654052734 68.330696105957 68.3381271362305 68.3140487670898 68.5018005371094 68.6890182495117 68.7494506835938 68.8190689086914 68.9172973632812 68.7194366455078 68.7907104492188 68.8081130981445 69.1156768798828 69.1952362060547 68.8403549194336 68.783203125 68.834602355957 68.8401107788086 68.7098693847656 68.5714111328125 68.3142776489258 68.1863250732422 68.1183700561523 67.9638061523438 68.0350112915039 68.0606155395508 67.9724349975586 67.9673461914062 68.1990280151367 68.7359619140625 68.7479476928711 69.3285140991211 69.4439315795898 69.085334777832 68.6930923461914 69.4143753051758 69.214241027832 69.1185302734375 69.4699783325195 69.9970474243164 69.9012985229492 69.9251708984375 70.2414779663086 70.5228652954102 70.6168975830078 70.4278335571289 70.0231018066406
68.1961517333984 68.3791122436523 68.3685760498047 68.1811676025391 68.5988998413086 68.5867462158203 68.4981994628906 68.577880859375 68.71826171875 68.8080978393555 68.7065658569336 68.7223587036133 68.9253082275391 68.8673477172852 69.1642837524414 69.4665298461914 69.1317901611328 69.0320358276367 69.045051574707 69.0823593139648 68.9835433959961 68.6425399780273 68.4940872192383 68.5108642578125 68.3955993652344 68.1882019042969 67.8759613037109 68.1135711669922 68.2204284667969 68.3215408325195 68.6370010375977 68.8127059936523 68.423957824707 69.011116027832 69.5202255249023 69.3824615478516 69.1637878417969 69.3976364135742 69.0509872436523 69.0821151733398 69.2563171386719 69.5979766845703 69.4226531982422 69.3876953125 69.6967544555664 70.2204132080078 70.6479034423828 70.4643249511719 70.0381851196289
68.2045364379883 68.2570571899414 68.2865142822266 68.5272674560547 68.6810531616211 68.7254486083984 68.7938919067383 68.7311706542969 68.4892883300781 68.7573013305664 68.9997406005859 69.1092987060547 69.0789413452148 69.2621688842773 68.9904327392578 69.3176956176758 69.2752227783203 69.0807037353516 69.0991058349609 69.3942565917969 69.1875534057617 69.0353469848633 68.8017807006836 68.8077621459961 68.5552215576172 68.5270767211914 68.327766418457 68.423210144043 68.3119277954102 68.5105819702148 68.781608581543 68.8687744140625 68.7809982299805 68.952880859375 69.0127029418945 69.3046417236328 69.1070251464844 68.6342163085938 68.9619064331055 69.010498046875 69.39501953125 69.3725814819336 69.6194458007812 69.3264923095703 69.2844314575195 69.5031585693359 69.6408157348633 70.0229644775391 70.2555541992188
68.3719711303711 68.3535614013672 68.2652893066406 68.4451217651367 68.5293579101562 68.7997207641602 69.2576446533203 69.2190628051758 68.8546600341797 69.3250732421875 69.5408020019531 69.5244827270508 69.121955871582 69.4427032470703 69.2586517333984 69.381591796875 69.3411483764648 69.0556945800781 69.0739822387695 69.6053314208984 69.3157119750977 69.2391738891602 69.1296005249023 69.0032272338867 68.7412109375 68.8004760742188 68.5720520019531 68.6289672851562 68.4866943359375 68.5803451538086 68.5354919433594 68.9529647827148 69.0080642700195 69.1380310058594 69.2829895019531 69.3005447387695 69.1787109375 68.6693878173828 68.5383682250977 68.7225570678711 69.305046081543 69.2993850708008 69.6102600097656 69.4735717773438 -3.4e+38 69.6775894165039 69.7140045166016 70.1409530639648 70.6275939941406
68.6755599975586 68.3600082397461 68.2734756469727 68.6219940185547 68.7444076538086 68.7646560668945 69.3170471191406 69.854248046875 69.6218795776367 69.8980712890625 69.8200759887695 69.763671875 69.4409484863281 69.616813659668 69.7425842285156 69.6698837280273 69.3656463623047 69.3922576904297 69.4175491333008 69.6252288818359 69.5986175537109 69.2766342163086 69.1445693969727 69.0998153686523 69.1675872802734 69.0513534545898 68.91015625 68.7420272827148 68.7730484008789 68.7280731201172 68.7131881713867 68.9450378417969 68.8899536132812 68.8405685424805 68.9226531982422 69.000617980957 69.0937271118164 68.8939819335938 68.584602355957 -3.4e+38 69.1917114257812 69.2843170166016 69.5822830200195 69.5212249755859 69.0595779418945 69.4387588500977 69.8067169189453 69.9261093139648 70.2780075073242
68.4375762939453 68.4334716796875 68.5964279174805 68.6633682250977 69.0384750366211 68.8470764160156 69.0013046264648 69.6981353759766 69.8442153930664 70.0096893310547 69.7135620117188 69.6820755004883 69.6375045776367 69.7112731933594 70.0547561645508 69.848258972168 69.4833450317383 69.7544021606445 69.6989288330078 69.7608871459961 69.7392120361328 69.4692535400391 68.9595184326172 69.1282653808594 69.1797790527344 69.1034545898438 69.0781021118164 68.9841690063477 68.8859634399414 68.8049545288086 68.8158950805664 68.8160781860352 68.8819732666016 68.7004089355469 68.7677459716797 69.126823425293 69.1902084350586 68.9642791748047 68.6882019042969 68.6843338012695 -3.4e+38 69.3445358276367 69.7962036132812 69.6253509521484 69.1175003051758 69.225212097168 69.5733184814453 69.7988891601562 70.3278350830078
68.5695037841797 68.6583709716797 68.868408203125 68.8013076782227 68.9879302978516 69.1199798583984 69.109016418457 69.3504638671875 69.7066421508789 70.0720443725586 69.7441482543945 69.6520462036133 69.5584945678711 69.7305297851562 69.8694152832031 69.7358016967773 69.8114318847656 70.1103439331055 69.6384582519531 69.5806198120117 69.6564407348633 69.3633575439453 68.862907409668 69.009147644043 69.1304016113281 69.4658584594727 69.4288787841797 69.4429626464844 69.1221618652344 68.8978652954102 69.0027542114258 69.1327514648438 69.1485595703125 68.9238128662109 68.9242706298828 69.3020248413086 69.3777770996094 68.8888931274414 68.8449401855469 68.8782043457031 68.9606323242188 69.098258972168 69.4399337768555 69.4399261474609 69.3680419921875 69.2693176269531 69.4458847045898 70.1274948120117 70.4410629272461
68.8764724731445 68.8895034790039 68.8769149780273 68.9044570922852 68.8973770141602 69.0527114868164 69.1920394897461 69.3515396118164 69.7092361450195 69.7756729125977 69.8241882324219 69.8967819213867 69.5820846557617 69.6329193115234 69.7668075561523 69.6007843017578 69.7430877685547 70.0601959228516 69.8563766479492 69.5601348876953 69.5591354370117 69.2962417602539 69.394172668457 69.7546539306641 69.8097763061523 70.0148544311523 69.546501159668 69.6715316772461 69.6172332763672 69.3397064208984 69.3768692016602 69.3373260498047 69.0320739746094 68.938362121582 69.00439453125 69.1460342407227 69.3151473999023 68.9552841186523 -3.4e+38 69.4568405151367 69.1953201293945 -3.4e+38 -3.4e+38 69.4242858886719 69.3283843994141 69.1644821166992 69.81103515625 70.2831726074219 70.1860504150391
68.6542739868164 68.9307022094727 68.982780456543 68.9871826171875 69.1939697265625 69.1171722412109 69.2098770141602 69.5183715820312 69.6960372924805 69.6642227172852 69.9779815673828 70.11181640625 69.8933258056641 69.8175430297852 69.9808959960938 69.7937164306641 69.8875350952148 70.175895690918 70.0054092407227 69.7765426635742 69.4696350097656 69.6298446655273 70.1168594360352 70.2328643798828 70.0978240966797 70.1548843383789 69.9655151367188 69.8592376708984 69.6081848144531 69.432731628418 69.5287322998047 69.438591003418 69.0882339477539 69.0993118286133 69.013313293457 69.1147689819336 69.4159851074219 69.1402969360352 69.4453201293945 -3.4e+38 69.3870849609375 69.1645355224609 69.3809509277344 69.7186431884766 69.3841552734375 69.3170166015625 69.8309707641602 70.1074447631836 70.5576553344727
68.805046081543 68.9440689086914 69.0024337768555 69.0853118896484 69.1974792480469 69.3202972412109 69.1045913696289 69.3675765991211 69.6442184448242 69.8336486816406 70.0617141723633 69.8530426025391 70.0159149169922 70.2702407836914 69.8711624145508 69.9172515869141 70.1140213012695 70.1652603149414 69.7751998901367 69.6966552734375 69.4757843017578 69.7479019165039 70.1645889282227 69.9404754638672 69.8594284057617 70.0454864501953 70.1779403686523 69.9220428466797 69.5784606933594 69.3565979003906 69.7058486938477 69.5396041870117 69.4956741333008 69.6039428710938 69.3722991943359 69.2057647705078 -3.4e+38 69.3543548583984 -3.4e+38 -3.4e+38 -3.4e+38 69.4873580932617 -3.4e+38 -3.4e+38 69.5580825805664 69.9492492675781 69.8508529663086 69.9640197753906 70.2575454711914
