rcp8.5models/GFDL_CM3/sc1gr7.7
NCOLS 261 
NROWS 433 
XLLCORNER 336357.134 
YLLCORNER 654653.479 
CELLSIZE 1000 
NODATA_value -9999 
[rows 176 to 197 of 433, columns 50 to 99 of 261]
102.735861656374 102.575232370539 102.300714722608 101.913415945178 101.6170727375 101.488333675682 100.852350114228 100.687186265499 100.343477422349 100.129986200321 99.6949318899496 99.4603942765241 99.150192141993 98.8189682572674 98.5016620501078 98.2662612620688 98.0583106540724 97.390802748851 97.0426302303444 96.7261577687951 96.3356906638874 96.0104816198628 95.4969152724792 95.2750081942919 95.0242684846751 94.7636359459785 94.3754231225511 94.1927205850947 93.4716372341834 93.2078637515423 92.9425147921648 92.7123319956408 92.4689519161558 92.3124416142367 92.031015496812 91.7718094863955 91.5745073507372 91.4243831700109 91.3342007835716 91.1980467920217 91.0256087805558 90.9243678744724 90.8414290917357 90.8312044304628 90.889032588993 90.7690030624238 90.772054843401 90.6826226313476 90.718761398351 90.8962965559063
102.578586950403 102.492229364483 102.114618975162 101.757470987173 101.608091103733 101.382394098715 100.906237057311 100.685645686399 100.228935406113 100.046196541505 99.7764579580025 99.4101138442223 99.140931340124 98.8216246329735 98.5032001575376 98.1958278589278 98.07209286135 97.2360347107119 96.9709243612379 96.5920888501205 96.3264706609537 96.0720423601633 95.5073412182701 95.2599136960556 95.037617475164 94.6479852741493 94.4693734187818 94.1548572240595 93.3855355741803 93.1103830677634 92.9497150600988 92.7100207374897 92.5064133641256 92.3224808447035 92.0723755513901 91.7578829572425 91.671454249959 91.446716171504 91.2313694805455 91.2001434422978 90.9393752804622 90.981372490516 90.8234562128601 90.8367848928578 90.8255425536781 90.7142112025444 90.719308487745 90.6417815941148 90.6508948798843 90.7106342823204
102.445619109913 102.324393616899 102.012161274448 101.648609254017 101.460160869575 101.320464836095 100.827246848276 100.413077066834 100.154772160723 99.9382453411819 99.6991649015483 99.4396758982381 99.1992190103832 98.7143134932148 98.3901293504667 98.1912293255233 98.0114486482986 97.1345481906178 96.8539965302124 96.5141807095579 96.3141160063282 95.9393789414931 95.5173713445468 95.3024631779817 95.0332091875985 94.6083655295668 94.3405222955783 94.0171063993888 93.3802611201849 93.0811113885881 92.9428960994203 92.6936311726873 92.5275269218855 92.2314540350659 92.0164379724663 91.8134935422741 91.7313784815176 91.3963759091593 91.1867896303883 91.1553593335864 90.9134358873908 90.8598007191358 90.6833862040125 90.7595898216803 90.7028523930627 90.6066250743929 90.6370163425365 90.644228118623 90.5533899515361 90.5949631029698
102.076689063784 101.901385080056 101.761831836736 101.517458007332 101.3241738508 101.187281946848 100.580741744486 100.307168914323 100.066288994279 99.8833207062187 99.6376286610747 99.3576387198856 98.902388543231 98.6568433063166 98.3922850902447 98.1520542456248 97.9327389904393 97.0914132065656 96.7742433038986 96.5632160644269 96.289757539314 95.8569129221163 95.5608018893385 95.3096597835352 95.0970806886377 94.5682129829544 94.3696517411871 93.9288022525116 93.405117059689 93.1768503761724 92.9177425982083 92.7818064769717 92.4761900453146 92.162672106521 92.0897265954046 91.8058278549461 91.6948974129218 91.4723111901552 91.2631954109 91.1962843745397 90.8980962353353 90.7431855929467 90.6864226440042 90.7186417224517 90.7392203810144 90.5722868499747 90.5974974736732 90.6313529602672 90.6158333975437 90.5250802290652
101.901632560364 101.779981199636 101.704714065218 101.523519948952 101.196931169184 100.991197272847 100.458746311201 100.324218343986 100.033381119923 99.7415144131577 99.4265639723463 99.1999851354606 98.7520566160898 98.6008304587526 98.3721328394592 98.1357569267202 97.7690264487084 97.1040090543857 96.8336589329068 96.5759704772546 96.3035067626469 95.8349145025987 95.5764693872718 95.3400648645447 94.9465768823243 94.5601566915705 94.3379137975348 93.9079171990628 93.4553011099432 93.2258853255642 92.9224680895986 92.7828098844333 92.4798461423822 -9999 92.0842584589462 91.783333820731 91.6007726762307 91.4649484120532 91.311885209061 91.2499607726885 90.8563989058761 90.7843586834595 90.7253618086572 90.7044193550658 90.6605853102297 90.4832017817477 90.600317387494 90.6092050142228 90.5216510325927 90.52831273922
101.819619709467 101.772414225422 101.555762422487 101.30311967563 100.954530032149 100.805774728774 100.276578133152 100.156840062034 99.9431510438703 99.4972153553796 99.13520199982 98.9353019975491 98.6801921220856 98.5759691994072 98.4230294166759 98.0912457128614 97.6957865954137 97.0468979062553 96.8010944957024 96.5039345123558 96.1104975542051 95.790455259677 95.6186739868508 95.3633928156652 94.8184315622483 94.6126364909898 94.4365659639955 93.9170399063189 93.5199395371748 93.2719328213328 92.97364356867 92.7807866794468 92.4364860395449 92.2700019501209 92.0352199474513 91.7783527432588 91.6714358406572 91.4106214365905 91.3369255760434 91.2096932595126 90.9046538410538 90.8012496075264 90.7628704389957 90.6647488841286 90.641560727058 90.4853758287674 90.4985556492165 90.4786168553794 90.3865081661967 90.5064201540302
101.739476221971 101.539797544406 101.295532775231 100.98502932475 100.855272672476 100.733219093063 100.161661072194 99.9514889311692 99.6085478280368 99.2654536197357 99.053943992043 98.8084081998445 98.5909725109083 98.5170057028559 98.3101982665981 97.9864401699065 97.645909832241 97.0426943340843 96.7919509141142 96.5371324950519 96.0189919127014 95.8049676755857 95.662744325667 95.3614216370094 94.8557905571732 94.6580202084452 94.3359063903924 93.9654496026806 93.4993767864547 93.2639496043136 92.9476836585574 92.7566614017278 92.4264000995311 92.277466382378 92.0063751593134 91.8268014749989 91.7248058030784 91.3896224097985 91.3239531232297 91.1360817874984 90.8938332860452 90.776244452684 90.7101315372479 90.6046325363634 90.6098380386172 90.4863585033623 90.4642441698943 90.426931207557 90.4200275321309 90.3724347128565
101.416461590211 101.270543571749 -9999 100.98123481594 100.755316348025 100.507710073046 100.129482362677 99.7304870832699 99.403522393988 99.2343925840047 99.0406117541045 98.8442337971774 98.5079994664047 98.3195550832915 97.9470929184735 97.7792742711316 97.6177120642019 97.0421405836549 96.7973765804215 96.511214387313 96.0690199008392 95.8798760537176 95.621251673822 95.270303474053 94.919006806002 94.7079160454464 94.2776057776325 -9999 93.4315090419182 93.2804496119778 92.9136272719056 92.7136157170314 92.4877748642735 92.2366046937493 91.9571782048312 91.8725260957351 91.673235853872 91.3314534929886 91.3355805099691 91.129229053307 90.862323727328 90.8298903472974 90.6450540383992 90.6172751763075 90.5036457260865 90.3898627414668 90.4646606950466 90.4474242800172 90.3518202704132 90.3310412581334
101.260064717987 101.17934101561 101.047662713972 100.880743459366 100.58619587777 100.420685742468 99.9423159325509 99.6522011625218 99.3998211736161 99.2286663707796 99.0118393020361 98.7199107610218 98.3035130917813 98.1176198147841 97.8522921448729 97.7364628317335 97.5734633627824 96.9740271896391 96.6305431539244 96.3584007318421 96.1059695795053 95.8152055510961 95.6066313611213 95.1659392478031 94.9303654226164 94.7468946565955 94.2763455600905 94.0912090092082 93.4495847400748 93.2851388381475 92.9309258202108 92.7238171114666 92.4663543977604 92.254867456278 91.9620144581046 -9999 91.6046856381803 91.4024984210624 91.334716994576 91.0075272975903 90.7780338576628 90.6950539539558 90.6053840127405 90.5883891064024 90.431430203293 90.348268552958 90.3699199736856 90.4399754148267 90.3015796371808 90.3928470929095
101.196948223518 101.023848644585 100.669768482966 100.437029251041 100.320722506517 100.147181565225 99.708154428811 99.5714762310922 99.1396169593456 98.821834864654 98.5903598168583 98.3979090742171 98.2159653374031 98.1436196452639 97.9399731130506 97.6780891171342 97.2634452719573 96.8050264828982 96.5091743440805 96.1919245484878 95.9456725513082 95.6831430870233 95.454495619063 95.1823465050803 94.9122238667375 94.4129483492552 94.271518370187 94.0592756708107 93.3725867382616 93.0939656326931 92.8956633395865 92.7389961855362 92.3447700349529 92.1379884292813 91.9507255064251 91.8305883015003 91.5126053905474 91.4495625940002 91.1585471454611 91.008221952869 90.7243771186792 90.5904426958092 90.598397540807 90.3934512181226 90.3953141112156 90.2261818151501 90.2349876844181 90.2199741725524 90.2223254228755 -9999
101.128707839871 100.956209884634 100.519582654132 100.368717049572 100.291762695724 100.105830289176 99.4976383798006 99.5245689674171 99.072637970868 98.8110391752392 98.5457569540818 98.3353226689295 98.0764027380166 98.1009264990931 97.8699220101543 97.6288742755455 97.1886613556478 -9999 96.5012644309407 96.1787564826961 95.7913054875461 95.5973872903219 95.368198975841 95.0998889623833 94.8418015071033 94.462665723057 94.3024748043284 94.1246615829058 93.3992269901778 -9999 92.8985396407421 92.7282405238168 92.4426590972431 92.1529007691001 91.9648938686866 91.8269543571568 91.4565819710189 91.4098256520895 -9999 91.0451859841376 90.7424942737402 90.5371489981991 90.5161046952261 90.3883252863957 90.2733293959919 90.2171230957575 90.1477018434649 90.1027266716175 90.0743267864645 90.0876904578709
101.155582928168 101.039313246396 100.54310568208 100.393018470339 100.295516935408 100.072749076919 99.3754849066594 99.2994447687295 99.0074114830311 98.7276386474168 98.30103185983 98.077350810888 97.8727967222668 97.7816446230024 97.647173632071 97.4458801121636 97.1828170543777 96.6916982752145 96.4930037992408 96.0109103183093 95.7032629665283 95.518267268634 95.2554770787473 94.8923163326912 94.667155958873 94.4805718178081 94.3347137213608 93.9591005860747 -9999 -9999 -9999 -9999 92.4016384339422 92.1151653823594 91.9098845607164 91.7360069412472 91.4079963603304 91.3528750618688 91.1005043795647 90.9674262419472 90.7364700425974 90.548286329265 90.4767049347538 90.3977358578764 90.1637521385952 90.1775278875213 90.146377098699 90.0418246634881 90.0614081284718 89.9868416109589
101.005067228839 100.810670325408 100.543645852637 100.424762098771 100.287945215789 99.9004543780355 99.4176024378252 99.2671480175375 98.9632699874788 98.5298286617856 98.1059815971216 97.9287389983374 97.8167487935195 97.6571664125533 97.5582394057938 97.3254382404895 97.1226078206973 96.6162300247688 96.3392745036518 95.9847684670644 95.7507969244618 95.4206222801698 95.1921894241693 94.8341277068209 94.6508249687543 94.4390421334627 94.0596202999923 93.8093678526015 -9999 -9999 -9999 -9999 92.3673981378919 92.0701330937468 91.85924616957 91.6997101221993 91.3551817783436 91.3294061617267 91.0675499005828 90.9036921196009 90.70032488008 90.5659806528335 90.437919058813 90.3523347704089 90.2275229167803 90.1844675311596 90.1555012130333 89.9840313782874 90.0571563367192 89.9674914769416
100.977398882929 100.771591496533 100.565789905456 -9999 100.131707629678 99.7438155712545 99.4604292936702 99.2462190170223 98.9096621538698 98.4136118744873 98.1604761936919 98.0227755263724 97.8595987963431 97.666727417461 97.5626128943885 97.2923771614662 96.9927578946048 96.5221479310852 96.1948205849212 95.9764661763184 95.609414402583 95.2098327318835 95.1246353232661 94.8867585500281 94.6691620870361 94.3312547125254 93.9516710250348 -9999 -9999 93.070144413151 92.8696884198335 -9999 -9999 92.1011928783306 91.8353294616966 91.7114706672774 91.5332387034688 91.3483273119897 91.0552942645081 90.9062838510579 90.5474821221225 90.5066105702763 90.3755655851125 90.2898785083492 90.2559778614317 90.1018452827339 90.0715687502045 89.8607938612754 89.9839930887984 89.9615091899293
100.826514842824 100.650864165339 100.303340605537 100.227898748424 100.016962518915 99.7639916748482 99.1556895852584 98.9130981940811 98.7405681841843 98.4213705042001 98.2543203722668 98.0339825244922 97.8799794831519 97.7083384560023 97.4953877612881 97.2002610060818 96.8408774714172 96.3698736718153 96.1176722341616 95.9018094287116 95.4948465425774 95.2186395581365 95.1072995801567 94.8638946080187 94.5216589400908 94.1376171458775 93.9261349861087 93.721106605 93.215607528664 93.0486080849057 92.7727164995954 92.4738596170454 92.3469976913865 92.1248624926819 91.815198749302 91.660146590195 91.4815390047198 91.264669276678 91.1030177265819 90.9239087633609 90.5085928683071 90.445188016514 90.354362388615 90.1773199480919 90.1811844985192 90.0345351761033 90.0157152437212 89.8273334559384 89.889887887782 89.8766891295474
100.786285967713 100.454075663887 100.160137443689 100.066009937688 99.9734188578103 99.7466423799511 99.0092632941351 98.8474509675162 98.5358348158333 98.245561612887 97.9339388001396 97.8231777952129 97.9180133547767 97.4339494747177 97.2265967431129 97.1101695787696 96.8402568153718 96.2541790489973 95.98786792915 95.723945430044 95.3950199851292 95.2244389266502 94.8587595098214 94.6087969618579 94.3904455299152 94.1497241138719 93.957263367667 93.6480211234449 93.164038361045 92.942181020382 92.5926601690422 92.45863502945 92.3492165743615 91.9708304511455 91.7489489219088 91.6310498875233 91.2773543864004 91.1984438648496 91.1211520780563 90.9071024786499 90.3981259871849 90.3693774043366 90.3783522733409 90.1411274142641 90.1136293955679 90.0539263098069 89.9243743368294 89.8227835216449 -9999 89.7681521218725
100.737462497023 100.425056029891 100.181527267156 100.023786790641 99.6548900952193 99.4691770678231 99.1204394374396 98.8758105148977 98.536915994081 98.0878956302133 97.8227428340148 97.7568754181062 97.6689901870188 97.3490542574223 97.1217407222011 96.8917359818653 96.684798261347 96.1127012823745 95.8298439819165 95.617289813646 95.407692350072 95.1599199252424 94.6387287207057 94.5246006505509 94.4144520699363 94.1850055143662 93.7591485389564 93.5708584587175 93.0004617600777 92.7660910178606 92.5491011272181 92.3523037057079 92.0477224376797 91.8558353082845 91.7585984803231 91.6077070681575 91.1997277832296 91.1954417853704 91.065941466242 90.7524267431768 90.4862625386753 90.321917093257 90.2650734241701 90.1361812305643 90.0356935080838 90.0284306154618 89.8022596362712 89.8245389523329 89.7987673659168 89.7052144131139
100.577134980393 100.305033765091 100.233457275318 100.059199414762 99.5982233474128 99.3370172707459 99.0813529183669 98.8351221412536 98.4486084241189 98.1183102816747 97.8177988613343 97.6951509596788 97.5985096353279 97.3893885803878 97.048398550324 96.6427669051538 96.4872870642549 96.0058960534886 95.7991352611386 95.5410892553802 95.1609350232761 94.8866473829827 94.6579513885571 94.5837326451924 94.3015843852075 94.0309376120586 93.6495097924123 93.4790642625918 92.9774287880494 92.7384146475375 92.601632764662 92.3136750289475 91.9251820260851 91.8454325503129 91.758024107183 91.5653890926715 91.2544882665656 91.1086279025187 90.8440450185958 90.6648942520465 90.5515472971629 90.3047215870093 90.2013187881019 90.1551534217338 90.0103605303898 89.8900145452648 89.7334892440847 89.7650666947134 89.7252457864165 89.5340893577348
100.510287816464 100.336090756213 100.175334000423 99.8983657684068 99.6256780518874 99.4415389565931 99.0829548116258 98.6555387175995 98.4222794718993 98.1571571772819 97.9264417526637 97.7899758766714 97.6525344734068 97.3321881713574 96.8543540251921 96.6254877861098 96.420652788421 95.729841085403 95.5483092973956 95.2704850538422 94.9917533490795 94.8161612121334 94.7232058025053 94.4446636021157 94.03340618671 93.8878205537706 93.5864882100879 93.3952751405824 92.9014185637582 92.6283224568353 92.5277126006959 92.3401883808432 91.9941343175091 91.849181478413 91.6861076135078 91.4935211445521 91.2805454976472 91.0746395697738 90.6881074158845 90.6589491576593 90.4905492763386 90.2313583808883 90.1640404543866 90.1368980035755 89.9322180987284 89.8441947488257 89.7913735448443 89.6330250241842 89.6185661523582 89.5390647792148
100.399979006536 100.171213112688 100.021554915711 99.7931568221322 99.6966352827491 99.5416311834517 98.8803078779736 98.6168895773118 98.4217042169804 98.1598331741937 97.8954254659116 97.7893184813829 97.3323147215003 97.1208783408863 96.8490532831164 96.6824403676166 96.3920314316139 95.9160552132933 95.3846212902254 94.9259796039735 95.075442976413 94.9186734439081 94.6288185397692 94.2408926589223 93.998734177758 93.8017292320922 93.525935650866 93.4443573204938 92.8530341947805 92.4546689064864 92.0105528121025 92.1530080428014 91.8787921164212 91.7143878567358 91.5887099041205 91.370317923921 91.2613972631108 91.1679386807968 -9999 90.6172433344617 90.3741884153986 90.0990477940752 90.0992137741636 90.028081728284 89.7685198095298 89.7749145320655 89.7752438143397 89.6173195119191 89.5450097851082 89.5646892153936
100.265776797646 100.119290648948 99.9844500970892 99.8290446857915 99.5320561586614 99.2956926322479 98.7456159287245 98.4475682839252 98.2072493783748 98.0559418810624 97.8342845005343 97.6352096415362 97.3628239328468 97.1383619371743 97.0057296547294 96.5816091675605 96.3368573419217 95.7980835758525 95.5124809832881 95.2151690182228 95.1765660616935 94.7302493528914 94.4589664249241 94.2746046370541 94.0393017213469 93.7708598133954 93.3785067365176 93.0799644267036 92.7107267304192 92.4265090018431 92.1631266088493 91.998384085569 91.8696114539444 91.7737746381807 91.6048829662371 91.2228085649817 91.1249280528692 90.999660711369 -9999 90.5172103626604 90.2515043097114 90.0273090518953 89.9490771857127 -9999 89.5764981208775 89.5617148933748 89.5246585137228 89.3720496009425 89.3172770552773 89.4570904502677
100.056566585052 99.8591870167545 99.771596291997 99.6553487373577 99.4375681624899 99.1981103667202 98.6863175865983 98.393215321946 98.2473407372954 98.0810833400953 97.8801052526225 97.6195503803911 97.3678135545185 97.1780438509079 96.8064906644295 96.5047447609222 96.3464661419277 95.7687978287044 95.5039300227627 95.1308273931922 95.0230972140814 94.6494212306959 94.462955011673 94.2517258848909 94.0187123868208 93.8055346358189 93.4091975354948 93.0911092277354 92.5792838900422 92.2968590888699 92.1124402682619 92.017163789856 91.9391726453726 91.7579492957883 91.3807890642733 91.1715005761161 91.0664562750843 90.9405302593846 90.6327324128952 90.4700387253953 90.2259710065707 89.9951894326396 89.8463214394281 89.7014212348251 89.5673805577753 89.5506355250285 89.4705735335374 89.2489317832619 89.2425647700241 -9999
