rcp8.5models/GFDL_CM3/sc1gr1.0
NCOLS 261 
NROWS 433 
XLLCORNER 336357.134 
YLLCORNER 654653.479 
CELLSIZE 1000 
NODATA_value -9999 
[rows 198 to 219 of 433, columns 50 to 99 of 261]
66.4339494246719 66.5132889347717 66.913110986804 67.2125606690278 67.2580327861814 67.4631027484243 67.783519485166 67.7075846940629 67.9559944504348 68.0476743461812 68.056652751843 68.0727080989465 68.1224760995892 68.37469075532 68.5538392510206 68.7034173376042 68.9140669446926 68.9919280017234 69.0533477178786 69.0510771285825 69.344596087131 69.4006204329312 69.5492024896716 69.7548862115441 69.6392212476129 69.5551585347795 69.3727608183425 70.0543496429028 70.3506140885322 70.2346443889374 70.4341885689538 70.3328461615477 70.2251388035505 70.3567783009742 70.8047413871012 70.7184652106598 70.8718170232919 70.7687570388839 71.2752753163413 71.4547919342309 71.8971814269879 71.9430093376895 72.073150948534 71.7704803289848 72.0335801706125 71.8634380598774 72.168217701328 72.7051893563326 72.3793016657959 72.6460758440496
66.3197060118124 66.9630109494877 67.1585141438857 67.2615936459729 67.2510617235124 67.3651824073577 67.8289816792693 67.6472371246 68.0849588549209 68.15058541859 68.2476073771843 68.3107697791881 68.4608473873645 68.5696555381198 68.7371299806195 68.7666204627302 68.865968558842 68.9539928316206 69.0839342474485 69.3319882464151 69.0391598804815 68.8640832692684 69.2928724300298 69.8084263215472 69.8106333167251 69.5021157621187 69.352753304993 69.8164106337335 70.3456872298026 70.2425137618732 70.5052533290862 70.5524217382486 70.5367520916917 70.7353314908269 71.0000800766239 70.835458400924 70.7377032371421 70.877938118604 71.3472975001882 71.1310241120755 71.7013005464475 71.8768726058668 72.1014387083951 71.5361106861498 71.727844453797 71.8691530491524 72.3814925602331 72.1151077402059 72.2333486621201 72.7836371388699
66.920857406985 67.0440629716363 67.3442954137281 67.138526495382 67.3543202269337 67.0872407130652 68.0136555754775 67.9399402698675 68.0857166125025 68.1296837740602 68.2143119433536 68.2833029817335 68.4020551037768 68.5699230206239 68.8528454345444 68.7709474935038 68.6366512590188 68.6717071087726 69.1753389587639 69.6364961506253 69.2642057964906 68.8196693701213 69.5740491248663 69.7821330288453 69.5386808823348 69.5488398797549 69.8327642261052 69.9085065674525 69.9803209407171 70.2343633656137 70.1719145265411 70.5046159193314 70.4842296594846 70.6086443405222 70.8649381306866 70.9773626733533 70.9392792340983 71.2464275875617 71.3236985696414 70.9907149848954 71.598992008685 71.8829847769387 72.3366225996456 71.5806980011704 71.6731843837204 72.156434646694 72.3049426243707 71.8783453555366 72.5790021203621 72.8562016295291
67.2398935122861 67.234059115631 67.2794891860198 67.1569205581958 67.6995552020364 67.276583846256 67.4992279988839 67.9515226528042 67.8522401651614 68.161123246324 68.2456796546545 68.1924279534165 68.0168825930297 68.2683914742721 68.3288990274557 68.8286453668653 68.5092534922505 68.8390091904407 68.8270549451049 69.29175063337 69.13841518798 68.9901550423913 69.7884783849639 69.7730019096076 69.7002434352078 69.7110052728952 69.7871923471377 70.102533988581 69.6480382892324 69.8216242436412 69.7877346604571 70.1600799887182 70.4889660349801 70.6142719874312 70.8769114553826 70.9300481163386 71.1973981443544 71.1526750367808 71.1328905335724 71.0004690424158 71.3021754963213 71.8183056512211 72.2884753011589 71.8464492842227 71.771745929901 72.3491667437283 72.5113275549581 72.5516979395549 72.7853604741978 72.4354180998808
66.9741804995868 67.0330091176186 67.0176829151489 66.9793193967887 67.342272813197 67.8828074860558 67.1547825310974 67.4178223486018 67.7982389236434 68.151585508632 68.310775338295 68.2859566979398 68.2309233244876 68.2248141043305 68.1255590718954 68.5658312510332 68.3014268832409 68.8283500653996 68.7338421778693 69.0616102097871 69.0365702668912 68.9093357138361 69.4703961026068 69.4304301266767 69.4881672288973 69.4635459796638 69.6026052479322 70.0140921545899 69.9014778877573 69.9068470449809 70.0625265273806 70.3194493604703 70.6059653939776 70.8028347867793 70.8560869153709 70.6221277893576 70.7258662015439 70.7366983611405 71.2073202971392 71.7784806112178 71.4187918152204 71.7644877125031 72.2219475640641 72.0539834105697 71.8660578987192 71.9876222916715 72.491746812374 72.3945065911916 72.1541247040294 72.432805525695
67.1622554262082 66.9115095183556 66.9412291124755 67.1017886796269 67.4796590718514 67.9664169124721 67.5999819479309 67.6915705677039 67.7075468800826 67.9157652476417 68.2422453655017 68.1085297904135 68.3974501817298 68.4280678933722 68.3639164717669 68.4798799242649 68.4511950940861 68.6909413861192 68.6372728807837 68.9737053164408 69.355077737836 69.1012276130183 69.2713400461248 -9999 69.36117955778 69.4162473191227 69.6595137563049 70.0248367274043 69.940308200558 70.1473745594076 70.2292680621435 70.3417158971412 70.296867249587 70.5341569891674 70.8304549840993 -9999 70.5721714488405 71.3278329991106 71.0284708317073 71.4792399176774 71.6981337767675 72.0480184240043 72.1911173280608 72.0753694852997 72.065906938517 71.9868362514908 72.2624125116286 72.0947441140373 71.8642575047875 72.5007678175736
67.2108411717411 66.8779189903115 66.9314918654747 67.1598537423795 67.6023471676051 67.7868484338817 67.7248448049167 67.8409433362733 67.9443190163715 67.7727284186962 67.8440996576017 67.8136379367005 68.4617974877367 68.4574169922606 68.5412233192054 68.688567110407 68.8690844154805 68.5599102340144 68.6182835697813 68.6892744900167 68.9211619673636 68.9236072210781 69.2349331745233 69.2778971210394 69.3913364149795 69.4447999930503 69.6388826803899 69.7956236368281 70.0155550593373 70.0410387718602 69.9943617454773 70.5153479341532 70.5968362495776 70.8844277242003 70.7380308672577 70.47614040024 70.7045102659874 71.7648535573408 71.5683270944117 71.3029495105903 71.965207687364 71.9714039772209 72.231132158883 72.1254074317756 72.160737731873 72.2846690797807 72.2424012527752 72.2372942005102 72.1078666002915 72.3587428329808
67.0289422197135 67.1301890546825 67.0050480272544 66.909420905693 67.0064673254731 67.5692336834399 67.4616406765734 67.9985525802297 68.0649846926815 67.7116258165246 67.7986761922318 68.1047789713138 68.3960796100475 68.3535838538461 68.5154030546189 68.594688232468 69.1307633076654 68.8532784377067 68.6349830290628 68.7073404830347 69.0170239176473 69.2570266042613 69.4171372900874 69.4109910490071 69.392797171166 69.4639707070337 69.6298597745749 69.9346344252547 70.0636442896659 70.0208042476841 69.9718808530741 70.4483483910976 70.8148865024015 70.9112049965525 70.6845235010017 70.4706768540026 70.6960035755242 71.3072901473531 71.659848629763 71.7001569912418 72.1997285013239 71.949920251042 72.0018433167895 72.2518451175699 72.2963505408283 72.3187047443477 72.2319939498155 72.3051074982683 72.2713091136419 72.3737242722157
66.9702779717084 67.336846854506 67.4006505872158 67.5196387935943 67.2642601239248 67.6965054408705 67.6387621540037 67.9650212960191 67.6074394801016 67.7264779687677 67.9142941988635 68.3661280195162 68.415766237757 68.4273363704334 68.4838269216624 68.5006412169063 68.8526654122609 68.7705784549684 69.0157967068377 69.052234240481 69.232916339941 69.5019582935918 69.5201377410641 69.4694366715355 69.368030171539 69.5135809205359 69.9321075395798 70.0464135048064 70.0760124312369 70.0902641875148 69.8818025342972 70.4668795059741 70.5765660296666 70.7305551223459 70.7567676018503 70.6349299578047 70.9155597561626 71.012421212274 71.1923666424847 71.4369251997507 71.7908325986066 71.9941837581982 71.5228937604099 72.0478591751459 72.3792153265752 72.3951289964747 72.2509882024758 72.2216511267025 72.2278609586977 72.3117705988567
66.785370375663 66.9554632816131 67.1673547285131 67.4377162743175 67.1715017452481 67.5371782376195 68.0191176133876 68.0690397972071 67.8778695356223 68.0372625917227 68.0912649252432 68.3466612734836 68.39760799733 68.516852506248 68.7704548436375 68.7444768737271 68.651457712537 68.6493199367171 69.2434216376165 69.2985798790758 69.295085696639 69.2924201861404 69.4992259354524 69.7772796683101 69.3077536415386 69.3858359783141 69.5914301442256 69.6340641643681 70.0893266637975 70.2786674045916 70.2575118709053 70.5286309927123 70.4354505109959 70.6960449131281 70.7164851158994 70.9705717256224 71.0663080563685 70.9692023452123 71.0346309748979 71.068812012911 71.3343119388108 71.5192917662944 71.3657750040076 -9999 72.1947434084241 72.0705180441775 72.3920130789877 72.2435741468364 72.3475001787474 72.4083048869705
67.0791426972889 67.0302371394866 67.0755231767408 67.1342784978581 67.7201017510537 67.4303746254571 68.0540659945488 68.163019580198 68.11473875935 68.1156371622926 68.2625901652666 68.2847226366734 68.3444565523734 68.5426987322307 68.6740569793477 68.7689575098411 69.0450323902143 69.0120486238716 -9999 -9999 69.4868297347922 69.509751533329 69.7437033332595 69.7659614662536 69.7532111856935 69.791042687026 70.0364364911058 70.0541962383274 70.227767726158 70.310501878203 70.4114487764557 70.5548731705812 70.5756596941747 70.7080674076137 70.7896284663144 71.0428993752395 71.0289829956241 70.9949978860908 71.26178736191 71.5133146992998 71.6249156527278 71.7303728401065 71.4386155518348 71.8778044555703 72.1042608541543 72.0341426760216 72.4752623354737 72.9136540059258 72.7694658421294 72.255038080223
67.1696854027696 67.0256384114975 67.0594821778975 67.2078779317788 67.6405437267475 67.4992453609972 68.1688285002966 68.2064038358833 68.1177457641514 67.9909498147997 68.3693881327881 68.4186584860564 68.4180579774387 68.7438551002106 68.5537213988476 68.707727925104 69.0294106566489 69.2769576547463 -9999 69.3046218181777 -9999 69.4181928484934 -9999 69.9071676604713 69.6138143795209 69.6673671812276 70.0649944424137 70.1230801369104 70.1270630092163 70.1318742232208 70.4602435385657 70.727414932792 70.809780700099 70.7646584210571 70.8797143355745 -9999 71.0190218112623 71.0297869766621 71.3133293459877 71.6286776955705 71.5586207484032 71.8953764864186 71.6697950445618 71.889798048531 71.9502719160736 -9999 72.6412585128586 72.7730520837308 72.7154649705359 72.6949490311373
67.1239343405882 67.2562029537422 67.2938939847367 67.3022429483437 67.4609616459628 -9999 68.2348025812252 68.1749058644837 68.0272902750698 68.1467309954677 68.369267859019 68.5775271614404 68.7336536102819 68.6904544759897 68.8452466498783 68.9593384711836 68.9590455267962 69.3599488468876 -9999 -9999 -9999 -9999 69.9130304331875 69.9214322889454 69.7925645866057 69.8921604997047 69.9958839113111 69.6756408132244 70.331586363637 70.5604958758505 70.8253285048143 70.9212322599735 70.8718047323822 70.7095522809792 70.6441551898963 71.0385374382642 71.1477774739262 71.4123776611671 71.4749451496328 71.3519396409485 71.4935607302932 71.8328673011912 72.2096855243253 72.2384543357002 72.110397601775 72.0598806405512 72.2451355928785 72.5201590451639 72.6264407318544 72.9174456247108
67.2521626651675 67.3990384535825 67.3890422688824 67.4858139335773 67.8788747019525 68.0130527627952 67.9653741370672 67.9841552664272 68.1256962819087 68.2539075957682 68.8299652666902 68.8478634240839 68.738000157035 68.7007199795171 -9999 68.8766209667949 69.0961393097653 69.112063917423 69.4028649426034 69.2794311400475 69.5322216773925 69.2720776283028 69.7212333345878 69.3571745175402 69.7243009389022 69.6827440907433 69.7727710242165 69.7325737672553 70.4172525483249 70.2547795895559 70.4833081592087 70.201706385849 70.1970223279016 70.4334837174022 71.1776076993613 71.2934865627183 71.1973463931157 71.5245126148801 71.3975020922634 71.5087313423218 71.7309383358377 71.8404546645646 72.1175145448941 72.203936764213 -9999 72.1740925409267 72.1102614384065 72.5365946288772 72.543302586893 72.6177139032784
67.2618590982089 67.5966297387132 67.2967584126006 67.4123361158027 67.9712515690113 67.8968324859082 68.1854693254504 68.4497418583186 68.2534960562907 68.2220543327225 68.6590017970331 68.7241663130819 68.812035429699 68.5925743999576 68.8027462037821 68.9533630775547 69.301607670543 69.0134679594774 69.1251717808594 69.6154966978166 69.5930120483346 69.0288228481373 69.5629717105619 69.3267745019363 69.5958953867114 69.7113756261658 70.003232461032 69.8324429123596 70.2223462285399 69.9609063235688 70.6451269082715 70.2876742930678 69.8206999782724 70.1457313880899 71.0870656818379 -9999 -9999 71.5679295373776 71.5410186240489 71.7461802571896 71.8743610471093 71.8986028895341 71.9056762442341 71.9480638774666 71.9753503967241 72.0878530056083 72.4528923543066 72.5488076934073 72.4164758477177 72.2345080784242
67.6747262241592 67.79851992066 67.311283199522 67.3873241546607 68.1613711470056 68.0314134107204 68.0898718189456 68.2921920902519 68.0334878070177 68.2419494485927 68.8018277534303 68.6026270186944 69.0469281470263 68.9736258855283 68.9064030569577 68.8558441589098 69.400336857418 68.9565270178863 69.2015852485497 69.1518766864232 69.6088622884425 69.2907020198323 69.2204205902848 69.4431020118701 69.5656146093634 69.7644200598623 69.9117445457662 70.0388055964429 70.0099110987668 70.2401012738254 70.6957840362927 70.4438700244069 70.0952563925324 70.529271090715 70.5695146009072 70.9572519619927 71.2322422379632 71.2258890702192 71.1557415022465 71.4570509460885 71.5829441914237 71.9987006431003 72.3356942065408 72.3139424642344 72.3015048109244 72.3038148267276 72.4687144660881 72.5740051232982 72.4802149770563 72.3703939917104
67.8077309144692 67.6523363999691 67.6031091521434 67.6658691434676 67.9489486452181 68.0741133888528 67.9396527458694 68.2421060277922 68.2827846885474 68.419892776912 68.5989363003736 68.377417562877 68.7193940924881 68.9128502243545 69.0932889974285 69.1568442881632 69.378456757283 68.8929777975499 69.2313237495746 69.2532121980912 69.3669388136194 69.4834450653756 69.3420252713943 69.5341501069635 69.6283325807639 69.8963208030109 69.7111536574349 69.9026097199879 70.1870032585875 70.031455401008 70.2711456801079 70.3985127268806 70.3192816368343 70.5424223466757 70.4553168932511 -9999 71.2609931496404 71.1568126418546 71.3300226576336 71.5596009510154 71.7540156258686 72.1513895966864 72.2850861474552 72.3539280600097 71.8722280521667 72.2326590488589 72.5949835425857 72.9810593195149 73.0380021286671 72.8983230373554
67.5659713976754 67.6402812361628 67.7505851592208 67.9614863504986 67.9487318559157 68.4514269039048 68.2175221130736 68.4584103526798 68.652660331499 68.4719583136043 68.6099337249514 68.7573311200626 68.5151693996042 68.4698560592502 68.9211810205865 69.3319185695421 69.3475768539308 68.8662610391436 69.4678621193974 69.5203299471119 69.5192287824676 69.8419843909796 69.5741543771851 69.5498876105404 69.7164236519792 70.0133360602889 69.8107324971502 70.2340740418819 70.3472926096156 70.2299978564518 70.2636696263352 70.4700048108662 70.4932355201671 70.5675292652451 70.83238428403 70.9326204865017 71.111050412765 71.1808959218992 71.0819406635457 71.2640386732497 71.8182011574541 72.3706719712963 72.342552849034 72.4084700782645 -9999 72.3875102046846 72.6486064096267 72.8454517893594 72.8529610464656 72.6910958357458
67.7552091413846 67.8054584603155 67.6612671697466 67.7840219286461 67.8838016531573 68.2454892121457 68.3610628926462 68.5639118466099 68.6880683127435 68.2496243948592 68.6024255270846 68.7238539247805 68.570062627207 68.5160150773857 68.6276616495037 69.0381933228037 69.3341175321121 69.1226643972991 69.4968597045312 69.607934732095 69.7671237410579 70.034087118174 69.8110146180248 69.5511120208183 69.7853773454457 70.2012850045151 70.0239963521954 70.1278097387404 70.3755217702947 70.4945816253897 70.4368514862862 70.5271078943109 70.5367089593262 70.7262420020165 71.0453104155785 -9999 71.1849784053925 71.2341881166012 71.0631537594813 71.2501154162482 71.7811998393219 72.2274547377972 72.5219958319614 72.5588217672557 72.5262678422498 72.4125881347649 72.3136746021792 72.6456303507891 72.7374697566147 72.7544142771418
67.9424120815809 67.8419107636574 67.6657940220758 67.961222111051 67.9300552227015 67.8777072732565 68.2162596273555 68.2155979645521 68.4142538192107 68.0703953668596 68.4885497089303 68.9965688108869 68.8659244144745 68.6528708255857 68.9728177754929 68.8172068316838 69.0093741372335 69.1969278449022 69.4083624647722 69.5840758497393 69.6800132954995 69.8885893421535 70.16266151571 70.0083089329733 69.8186166642184 70.3189710436712 70.2117932060135 70.2117853679067 70.4340872819771 70.4172181779789 70.5061684772807 70.5927082650625 70.7679097567523 70.9888660506037 70.901139574101 70.9152610719577 70.8331786485342 70.9954785477602 71.31214467367 71.4220287895852 71.7217214782352 72.0216116675469 72.1824692275734 72.2992214848559 72.4453686338746 72.2847030779579 72.1884681342492 72.7668084353612 73.0618357210557 72.9206117647799
67.8928100140476 67.9160055682437 67.881681257616 68.0107400396028 67.9016114211874 67.6418401599151 68.099907191661 68.3671927371821 68.4075777388075 68.3214115443314 68.4994033476033 68.8963101953217 69.0283151778783 68.7289048206837 69.0725859524207 69.04161703144 68.8346923640991 69.136814285605 69.4647294028949 69.8006601514617 69.7127527019674 70.0990727412144 70.1764990099932 70.0579676261398 70.2073745818797 70.333647617373 70.2475702444051 70.4679705821314 70.5206391362332 70.527974935993 70.7890553739511 70.7807703302472 70.7164123499314 70.9332531875474 71.2188457824289 71.4100795054285 71.3430078618346 71.2400107642732 71.6865586863992 71.6844816402033 71.6498045556698 71.9766741358204 72.0060797770617 72.0154663394602 72.1889934452743 72.3445663491631 72.2267908752961 72.6497082498513 72.8148181398476 73.0216309281894
68.0262065947123 68.2187125582806 68.0808791349571 68.2410215668721 67.9827112666257 67.8853313631462 68.257331075174 68.4786531522563 68.4387130478417 68.504674429804 68.5418939721884 68.5906345885597 68.8132913335233 69.0937544654288 69.1797911127391 69.2630784685238 69.1552039736659 69.6366035084836 69.4810154816121 69.7551421897074 69.8459109745506 -9999 70.2162375594716 70.1828205370996 70.3071975136874 70.3199627801818 70.3330438583333 70.4398019023563 70.5483147879608 70.6595794475165 70.8752106000291 70.4051256938698 70.5273276254225 71.0990868951772 71.3753807516871 71.3415569778374 71.0716901455822 71.4192802835148 71.634322463769 71.8007997502547 71.9210725498447 72.0637872087774 71.9887717633714 72.0648850831143 72.4210314925804 72.5078433696747 72.3896550865261 72.4157907052814 72.7604817565577 73.1411171331761
