rcp8.5models/GFDL_CM3/sc1gr6.26
NCOLS 261 
NROWS 433 
XLLCORNER 336357.134 
YLLCORNER 654653.479 
CELLSIZE 1000 
NODATA_value -3.4e+38 
[rows 286 to 307 of 433, columns 196 to 244 of 261]
1046.73608398438 1047.82531738281 1069.77258300781 1076.55603027344 1049.47058105469 1045.76782226562 1051.57458496094 1077.27697753906 1086.91857910156 1118.86059570312 1113.01879882812 1126.65588378906 1125.58361816406 1098.82568359375 1046.21508789062 1046.58154296875 1047.35400390625 1042.31176757812 -3.4e+38 1086.37023925781 1114.05456542969 1065.99914550781 1057.82409667969 1047.89416503906 1037.31567382812 1036.01733398438 1037.00720214844 1038.25671386719 1034.98010253906 1023.33715820312 1020.15606689453 1022.71142578125 1012.56762695312 1009.24346923828 1002.85339355469 999.433898925781 996.816223144531 991.293029785156 989.276489257812 984.756958007812 980.484313964844 970.461975097656 962.645629882812 954.737182617188 949.842224121094 947.620361328125 942.402587890625 934.494567871094 -3.4e+38
1031.84399414062 1032.95568847656 1043.23168945312 1042.71936035156 1040.54309082031 1042.57165527344 1045.53442382812 1062.8037109375 1079.99450683594 1118.85852050781 1119.48681640625 1126.46655273438 1123.50695800781 1097.00512695312 1044.78820800781 1038.9716796875 1037.68518066406 1034.32800292969 -3.4e+38 1072.47131347656 1114.56213378906 1068.62866210938 1059.05749511719 1045.60119628906 1034.33618164062 1032.26013183594 1029.40405273438 1025.26184082031 1027.07336425781 1023.63488769531 -3.4e+38 1013.95928955078 1007.12762451172 1005.19757080078 1000.27703857422 996.707092285156 992.771850585938 990.56640625 989.541198730469 985.383972167969 980.167175292969 966.630432128906 959.914184570312 953.593383789062 951.808837890625 947.280456542969 941.399536132812 -3.4e+38 -3.4e+38
1017.38800048828 1025.14709472656 1035.94152832031 1037.38732910156 1040.46118164062 1038.45068359375 1039.48193359375 1051.88220214844 1073.13745117188 1112.90856933594 1119.26647949219 1121.83898925781 1120.34411621094 1098.17077636719 1044.05200195312 1039.52319335938 1034.62097167969 1030.11181640625 -3.4e+38 1067.93603515625 1125.48889160156 1072.97204589844 1052.26159667969 1042.11315917969 1037.7890625 1034.37072753906 1026.76086425781 1019.30877685547 1017.80206298828 1021.26507568359 1009.56616210938 1005.72833251953 1002.65509033203 1000.65209960938 997.450012207031 994.650146484375 992.920227050781 992.282287597656 988.062683105469 982.9052734375 976.096618652344 963.743530273438 958.982849121094 953.518859863281 953.453369140625 950.724487304688 943.176635742188 932.525939941406 925.966491699219
1011.85296630859 1015.79333496094 1024.57202148438 1030.51391601562 1038.57019042969 1030.08386230469 1033.07482910156 1046.02392578125 1061.6650390625 1081.44116210938 1097.25122070312 1114.0390625 1116.12768554688 1097.32641601562 1036.06018066406 1033.14611816406 1032.98962402344 1031.68969726562 1030.07165527344 1069.87158203125 1124.83630371094 1067.03576660156 -3.4e+38 -3.4e+38 1041.1162109375 -3.4e+38 -3.4e+38 1016.65112304688 1011.41400146484 1013.25744628906 1004.95513916016 1002.13500976562 1000.96411132812 996.834655761719 993.417846679688 991.54052734375 991.625427246094 991.010314941406 984.363342285156 977.623291015625 971.93359375 965.857788085938 959.142578125 953.175476074219 952.834106445312 950.483032226562 943.588684082031 933.171997070312 927.585876464844
997.925659179688 1001.37237548828 1004.75714111328 1025.70703125 1066.19360351562 1050.27160644531 1025.42028808594 1033.3486328125 1041.63952636719 1044.25317382812 1061.61572265625 1078.27746582031 1100.017578125 1102.39733886719 1057.40832519531 1018.34564208984 1017.48913574219 1017.07537841797 -3.4e+38 1034.93933105469 1057.79333496094 -3.4e+38 -3.4e+38 -3.4e+38 -3.4e+38 -3.4e+38 -3.4e+38 1023.35821533203 1019.40734863281 1017.06561279297 1003.96545410156 996.056762695312 993.632141113281 992.225219726562 994.351318359375 996.041931152344 994.393371582031 998.202087402344 983.48046875 973.658081054688 972.394226074219 964.904541015625 958.181640625 956.856750488281 956.560668945312 951.540954589844 940.318054199219 932.804809570312 926.415649414062
998.715148925781 1000.58551025391 1002.98468017578 1011.93621826172 1038.38562011719 1041.70056152344 1018.61120605469 1025.77661132812 1033.73693847656 1032.4228515625 1036.44262695312 1049.58728027344 1073.41271972656 1086.00927734375 1069.34313964844 1006.76879882812 1008.72521972656 1008.33581542969 -3.4e+38 -3.4e+38 -3.4e+38 -3.4e+38 -3.4e+38 -3.4e+38 -3.4e+38 -3.4e+38 -3.4e+38 1029.62805175781 1027.55480957031 1024.15319824219 1001.07189941406 994.241760253906 995.311462402344 993.918884277344 995.923767089844 998.27880859375 996.133178710938 995.522033691406 982.291320800781 971.898803710938 973.3330078125 967.589294433594 962.896423339844 -3.4e+38 951.234985351562 943.762817382812 936.514831542969 929.510620117188 923.484252929688
1003.90228271484 1006.46887207031 1010.70989990234 1009.43231201172 1005.95141601562 1014.42730712891 1012.63262939453 1020.90405273438 1020.86944580078 1022.65142822266 1025.03283691406 1028.08715820312 1029.0556640625 1039.18017578125 1044.51892089844 1006.84533691406 1008.10180664062 1011.65167236328 1012.91412353516 1016.56127929688 1015.06219482422 -3.4e+38 -3.4e+38 1022.67456054688 -3.4e+38 -3.4e+38 -3.4e+38 1022.42114257812 1019.33227539062 1016.54919433594 994.707092285156 990.575134277344 995.096130371094 996.462768554688 995.246337890625 998.181640625 992.314697265625 985.183715820312 973.637268066406 -3.4e+38 971.393310546875 967.10595703125 959.4453125 -3.4e+38 948.298645019531 940.061218261719 934.320373535156 926.507629394531 921.34033203125
999.854064941406 1007.06848144531 1013.59039306641 1009.59796142578 1000.55487060547 1004.14556884766 1007.03460693359 1016.69073486328 1014.15173339844 1015.07141113281 1014.78509521484 1013.50762939453 1007.89373779297 1020.00787353516 1032.34826660156 1019.90338134766 1014.08142089844 1011.37689208984 1009.65600585938 1011.22930908203 -3.4e+38 -3.4e+38 -3.4e+38 -3.4e+38 -3.4e+38 -3.4e+38 1016.93060302734 1023.57318115234 1014.85534667969 1012.50396728516 988.573913574219 986.661804199219 992.76953125 999.837341308594 999.371215820312 1005.73156738281 981.131774902344 974.528747558594 968.655822753906 966.745483398438 969.612670898438 963.592956542969 954.624267578125 948.739135742188 947.88525390625 938.971252441406 932.78662109375 925.712280273438 920.192077636719
991.051696777344 1006.36828613281 1017.05541992188 1006.44049072266 995.2109375 995.983581542969 1002.01721191406 1021.13763427734 1027.31176757812 1013.85571289062 1007.02935791016 1007.08911132812 1009.54132080078 1022.04943847656 1031.77001953125 1016.21984863281 1008.80828857422 1009.24725341797 1008.71569824219 1002.18957519531 -3.4e+38 -3.4e+38 -3.4e+38 -3.4e+38 -3.4e+38 -3.4e+38 1020.31811523438 1021.58428955078 1007.59936523438 1002.46533203125 984.497314453125 987.531860351562 990.6298828125 997.055908203125 999.372192382812 -3.4e+38 974.62548828125 971.006591796875 968.610900878906 967.73291015625 966.300720214844 959.993225097656 951.813903808594 944.636657714844 941.316040039062 934.244323730469 929.672302246094 924.155029296875 917.193115234375
979.575439453125 1002.25720214844 1030.86694335938 1004.42602539062 989.158874511719 991.514465332031 998.383117675781 1015.41040039062 1021.82232666016 1013.14416503906 1007.33331298828 1008.10314941406 1017.40167236328 1021.39593505859 1028.08032226562 1006.71911621094 1006.47210693359 1007.63665771484 1007.20562744141 997.913146972656 -3.4e+38 -3.4e+38 -3.4e+38 -3.4e+38 -3.4e+38 1019.34875488281 1024.2392578125 1016.42254638672 999.191162109375 989.082397460938 986.435791015625 989.016418457031 993.711181640625 993.728515625 987.418395996094 -3.4e+38 974.869201660156 968.901306152344 968.808227539062 967.362915039062 962.002197265625 951.767333984375 944.178588867188 -3.4e+38 -3.4e+38 928.225769042969 924.498596191406 917.819152832031 911.797607421875
968.715637207031 983.540283203125 1008.57598876953 987.95458984375 981.675964355469 987.407958984375 997.722473144531 1002.57067871094 1005.63940429688 1006.19940185547 1007.55462646484 1018.34246826172 1021.39135742188 1029.9755859375 1029.59204101562 1012.35137939453 1010.24151611328 999.840515136719 993.866943359375 -3.4e+38 1006.61584472656 1008.99829101562 -3.4e+38 -3.4e+38 -3.4e+38 1008.11151123047 1017.67712402344 1006.60632324219 991.347839355469 981.326782226562 986.366577148438 991.359741210938 996.933410644531 989.775146484375 -3.4e+38 -3.4e+38 974.898132324219 970.604309082031 966.177734375 965.840393066406 958.401428222656 944.534545898438 -3.4e+38 933.703308105469 -3.4e+38 922.566162109375 918.688354492188 913.098266601562 908.006774902344
961.025634765625 965.650939941406 974.055541992188 975.06982421875 976.508605957031 984.648254394531 996.371765136719 1002.47784423828 1003.90948486328 999.361694335938 1004.62493896484 1023.39477539062 1011.50317382812 1026.50793457031 1037.33227539062 1023.99713134766 1006.24993896484 997.613342285156 984.8095703125 992.77392578125 1008.60455322266 1004.51702880859 -3.4e+38 1002.48553466797 1005.81072998047 1009.08306884766 1029.31030273438 1030.08068847656 990.819213867188 976.41015625 982.423156738281 988.229797363281 989.064270019531 986.8828125 994.988891601562 982.479370117188 975.206787109375 969.932250976562 962.578796386719 962.184875488281 954.060974121094 943.396789550781 937.80078125 -3.4e+38 -3.4e+38 920.971740722656 915.153137207031 912.4169921875 907.599060058594
957.76123046875 962.03515625 966.395935058594 972.146484375 972.395202636719 981.007019042969 992.333251953125 1000.22961425781 997.475158691406 999.1123046875 1013.66088867188 1009.43658447266 998.998779296875 1021.54968261719 1037.580078125 1016.78015136719 995.62744140625 990.838500976562 991.118957519531 997.262878417969 1006.00482177734 1004.10430908203 -3.4e+38 1016.98455810547 1029.50378417969 1009.51568603516 1019.72662353516 1025.38354492188 990.864990234375 974.640502929688 980.811340332031 983.020568847656 980.563415527344 987.163452148438 996.250122070312 981.951049804688 976.912719726562 967.485290527344 962.441528320312 958.209533691406 951.564086914062 942.602355957031 934.796264648438 -3.4e+38 -3.4e+38 922.021545410156 914.429992675781 913.327880859375 906.065673828125
962.266479492188 963.365844726562 962.996337890625 966.873962402344 969.733276367188 977.652404785156 989.151977539062 990.459167480469 989.910217285156 1006.06964111328 1039.72326660156 1012.90344238281 994.70654296875 1018.65380859375 1022.97503662109 998.03076171875 980.3369140625 975.985473632812 996.542602539062 1010.50799560547 1007.69647216797 1008.70959472656 1005.43627929688 1041.62036132812 1051.08972167969 1003.61492919922 992.673645019531 994.297973632812 -3.4e+38 974.634582519531 985.138000488281 980.673767089844 979.488159179688 980.883422851562 983.124389648438 984.3359375 994.142333984375 983.264770507812 961.992065429688 953.769836425781 950.48583984375 939.15478515625 931.164978027344 927.838195800781 923.735229492188 920.253601074219 912.884155273438 908.002685546875 900.425537109375
995.096313476562 960.758483886719 956.522644042969 962.49609375 969.573486328125 974.846435546875 985.231994628906 985.164733886719 996.690795898438 1023.51422119141 1053.75231933594 1027.40637207031 997.882507324219 987.616882324219 993.278442382812 979.579895019531 968.818786621094 974.569091796875 999.470336914062 1040.90075683594 1028.16516113281 1002.66729736328 1008.76092529297 1060.59265136719 1053.11315917969 1000.41943359375 -3.4e+38 -3.4e+38 -3.4e+38 973.875915527344 985.437377929688 985.648132324219 995.641967773438 977.643737792969 982.518249511719 990.300109863281 1006.93377685547 1016.94110107422 981.898559570312 951.99951171875 949.570678710938 934.271545410156 927.508850097656 925.462219238281 922.132019042969 914.928161621094 908.229858398438 900.068908691406 895.455505371094
945.988708496094 951.327941894531 953.91943359375 963.271545410156 979.010986328125 988.393615722656 984.473449707031 975.863464355469 976.631530761719 989.314270019531 989.931335449219 981.521789550781 960.712951660156 956.290222167969 953.144104003906 959.129821777344 977.303405761719 987.579528808594 1003.15362548828 1048.89501953125 1041.59313964844 1010.76110839844 1008.97076416016 1056.17248535156 1052.10412597656 1017.37414550781 -3.4e+38 -3.4e+38 971.515441894531 978.672973632812 979.730590820312 977.454895019531 975.298706054688 974.173828125 973.087280273438 971.805786132812 973.5322265625 980.024169921875 985.680541992188 941.25244140625 935.292053222656 920.503234863281 916.371704101562 912.218811035156 909.616394042969 907.162902832031 902.411926269531 906.545776367188 899.423828125
942.724426269531 961.727722167969 975.61328125 995.975402832031 997.698608398438 1001.25427246094 987.041259765625 971.6806640625 951.419311523438 959.996276855469 972.407958984375 961.776245117188 950.654296875 948.870849609375 947.523254394531 955.863586425781 970.962158203125 976.765625 990.273864746094 1029.37475585938 1038.93713378906 1031.20861816406 1027.00830078125 1049.31164550781 1051.94116210938 1027.84729003906 -3.4e+38 960.074340820312 968.614501953125 975.3505859375 982.706237792969 982.444702148438 982.209350585938 977.711608886719 965.630981445312 959.559631347656 956.394836425781 961.268249511719 968.373779296875 932.542663574219 925.775329589844 917.663757324219 915.160461425781 911.128356933594 905.619384765625 903.307495117188 914.591186523438 910.874572753906 893.731506347656
948.904968261719 979.191833496094 1003.47808837891 1010.99102783203 1001.5703125 1002.79431152344 991.007446289062 969.204406738281 945.399658203125 948.347045898438 957.369812011719 947.882019042969 941.401916503906 944.163269042969 946.799255371094 950.595397949219 959.7802734375 972.174438476562 965.079895019531 989.642822265625 1008.97778320312 1037.63122558594 1035.72705078125 1043.93725585938 1035.50854492188 990.574829101562 956.087036132812 953.871704101562 961.224426269531 964.682434082031 977.848083496094 980.0546875 978.336608886719 977.674255371094 978.827941894531 958.034423828125 -3.4e+38 947.00537109375 949.949768066406 924.440307617188 919.901977539062 916.716613769531 912.691772460938 907.730041503906 902.239807128906 899.480834960938 909.095703125 897.368896484375 885.257019042969
954.335205078125 1006.80358886719 1029.15283203125 1011.88525390625 998.723205566406 991.2373046875 985.139099121094 946.814086914062 936.808776855469 937.743103027344 940.232482910156 940.005737304688 939.950805664062 944.159484863281 945.652770996094 946.962768554688 956.12548828125 968.67919921875 952.994262695312 964.025634765625 994.445190429688 1034.45690917969 1025.423828125 1006.78973388672 985.820068359375 953.163513183594 946.698669433594 951.062438964844 955.614990234375 956.380676269531 965.195922851562 963.13720703125 961.363159179688 968.474426269531 984.712341308594 953.286560058594 949.973449707031 -3.4e+38 -3.4e+38 927.052490234375 916.700256347656 916.003845214844 910.216918945312 907.55810546875 908.649169921875 898.4892578125 893.807189941406 886.4306640625 881.674743652344
951.47900390625 999.51318359375 1004.35540771484 1017.69958496094 990.213562011719 968.851501464844 966.28466796875 930.392883300781 934.599243164062 933.028930664062 930.443298339844 934.861999511719 942.839294433594 954.549011230469 948.004943847656 954.785827636719 951.062561035156 961.2236328125 949.098266601562 955.750732421875 988.064208984375 1028.38098144531 1007.34912109375 966.807800292969 950.356079101562 946.578979492188 953.294006347656 950.816284179688 953.922180175781 954.994079589844 956.560791015625 950.413757324219 948.030578613281 950.107299804688 955.811401367188 937.381103515625 -3.4e+38 -3.4e+38 930.000122070312 935.961608886719 915.026428222656 914.379272460938 909.050048828125 907.232727050781 910.523376464844 894.947204589844 887.632751464844 883.299560546875 882.587829589844
938.110412597656 957.539489746094 965.77587890625 1020.18493652344 990.081481933594 953.226684570312 947 929.327270507812 935.279968261719 930.3564453125 925.076904296875 931.393127441406 943.584899902344 969.103393554688 976.075012207031 983.430786132812 965.807434082031 972.548645019531 948.030822753906 949.041748046875 971.195434570312 1011.69116210938 988.004150390625 951.355041503906 941.369689941406 947.036437988281 963.169250488281 945.709350585938 951.690368652344 954.261474609375 953.112365722656 948.251281738281 944.431518554688 939.496643066406 933.532043457031 928.481872558594 930.690246582031 931.162780761719 926.822937011719 926.965148925781 914.474060058594 914.229919433594 908.773498535156 902.642211914062 900.264038085938 888.701721191406 883.007934570312 880.912353515625 878.078735351562
927.066650390625 944.251098632812 987.635314941406 1026.98193359375 1007.38580322266 956.343017578125 927.089782714844 932.414794921875 927.203918457031 923.9033203125 925.948181152344 926.781860351562 939.809509277344 975.029602050781 1005.54290771484 1008.82611083984 998.489990234375 996.306579589844 952.384948730469 948.5693359375 955.307861328125 974.351135253906 963.539733886719 941.986083984375 934.018981933594 949.564636230469 980.624145507812 962.315673828125 946.652709960938 950.535339355469 949.237365722656 947.992492675781 944.015380859375 938.140441894531 935.418518066406 927.459106445312 928.342895507812 929.055480957031 918.079711914062 912.745666503906 909.330322265625 915.317016601562 910.958740234375 898.177307128906 893.653686523438 885.007202148438 879.665344238281 875.631286621094 871.645446777344
