rcp8.5models/GFDL_CM3/sc1gr1.27
NCOLS 261 
NROWS 433 
XLLCORNER 336357.134 
YLLCORNER 654653.479 
CELLSIZE 1000 
NODATA_value -3.4e+38 
[rows 308 to 329 of 433, columns 49 to 97 of 261]
64.9078674316406 64.9279098510742 64.7150650024414 64.7299728393555 64.9249267578125 64.8801193237305 64.9018249511719 65.1543426513672 65.6097183227539 65.814567565918 65.8032989501953 65.8600234985352 65.8639831542969 65.713005065918 65.7288589477539 65.8536605834961 65.5726928710938 65.6807250976562 66.0783767700195 66.2626495361328 66.2018585205078 66.2350845336914 66.5610122680664 66.9366836547852 66.9207916259766 66.9093704223633 67.2103424072266 67.4311065673828 67.197395324707 67.167106628418 67.0141448974609 67.0527191162109 67.151123046875 67.2593536376953 67.288459777832 67.4072799682617 67.4766464233398 67.4159088134766 67.6639862060547 67.9776458740234 68.0031585693359 68.1226348876953 68.3987350463867 68.9040374755859 69.4364700317383 69.5772323608398 69.0375747680664 68.1988983154297 67.6488494873047
64.9043655395508 65.0484924316406 65.2135848999023 65.326774597168 65.2974624633789 65.1439590454102 65.178092956543 65.2483596801758 65.5730514526367 65.7473678588867 65.7963638305664 65.8290405273438 65.8072204589844 66.1631088256836 66.5059661865234 66.3496170043945 65.8065719604492 65.6872787475586 65.9709625244141 65.9241943359375 66.1035308837891 66.23828125 66.6817016601562 67.0255355834961 66.6818542480469 66.6122512817383 67.0554122924805 67.4649505615234 67.3670272827148 67.1990356445312 67.3290786743164 67.2166900634766 67.4239501953125 67.3538589477539 67.3856048583984 67.5183563232422 67.6496429443359 67.6027145385742 67.5883331298828 67.9119491577148 68.1506500244141 68.2416000366211 68.6825866699219 69.2748184204102 69.6869812011719 69.5541305541992 69.3001022338867 69.1487350463867 68.3936920166016
64.635383605957 65.0263824462891 65.2387237548828 65.2696990966797 65.4037399291992 65.3744277954102 65.0163803100586 65.0505294799805 65.3442916870117 65.8526382446289 66.197509765625 66.0610885620117 65.7436599731445 65.9081497192383 66.5260314941406 66.4407196044922 66.0067901611328 66.089225769043 66.1856689453125 66.4060287475586 66.7299194335938 66.5511703491211 66.3619003295898 66.2718811035156 66.3339538574219 66.8405685424805 67.1719741821289 67.4136047363281 67.4720153808594 67.463249206543 67.6078872680664 67.4276809692383 67.4640579223633 67.4385757446289 67.4900283813477 67.6308212280273 67.7428131103516 67.6396713256836 67.6104507446289 68.0043563842773 68.1168670654297 68.1536712646484 68.8149032592773 69.2613143920898 69.6001815795898 69.8139495849609 69.8566055297852 70.1850509643555 70.076416015625
64.5234222412109 64.9353485107422 65.2343673706055 65.3103179931641 65.3531875610352 65.2687149047852 65.1007995605469 65.0587158203125 65.1714172363281 65.8536071777344 66.1221618652344 65.6503524780273 65.6784362792969 65.9625701904297 66.1351165771484 66.1104202270508 65.9719772338867 66.2303771972656 66.5068283081055 66.6893539428711 66.959342956543 66.841552734375 66.6521224975586 66.6106185913086 66.7157440185547 66.9245529174805 67.1888885498047 67.37646484375 67.1782836914062 67.0354766845703 67.2872772216797 67.370719909668 67.4075088500977 67.5086288452148 67.7540817260742 68.0073471069336 67.9284057617188 67.6517105102539 67.9935607910156 68.1829452514648 68.0988998413086 68.351921081543 68.8236312866211 69.1224365234375 69.3645401000977 69.4338455200195 69.56591796875 69.5113220214844 69.576789855957
64.5633773803711 64.7667922973633 65.113395690918 65.4468841552734 65.2999572753906 65.1443023681641 65.2621765136719 65.3376235961914 65.5213851928711 65.7243118286133 65.8379211425781 65.7830047607422 66.0428161621094 66.0061492919922 65.8223114013672 65.9381866455078 65.7919769287109 66.1064071655273 66.4977035522461 66.6128692626953 66.5773468017578 66.8033981323242 66.6838684082031 66.4811172485352 66.6924285888672 67.0687561035156 67.4892120361328 67.3350524902344 67.0903244018555 66.8928451538086 67.2615127563477 67.6868743896484 67.5726318359375 67.6696395874023 68.181755065918 68.2369613647461 68.0256042480469 67.7989807128906 67.9949951171875 67.946159362793 68.0261383056641 68.5902862548828 68.9335861206055 69.034309387207 69.2510452270508 69.1706924438477 68.9422760009766 68.8311157226562 68.9951705932617
64.4756317138672 64.6109085083008 64.7820358276367 64.8884811401367 65.3350982666016 65.4948806762695 65.3470840454102 65.4171295166016 65.6818923950195 65.8408126831055 65.8665313720703 65.77685546875 66.0879287719727 66.4752731323242 66.3621292114258 66.1425857543945 66.0227737426758 66.1940689086914 66.4965286254883 66.7853546142578 67.1596755981445 67.0702896118164 66.8036575317383 66.8838043212891 66.9770965576172 67.1756591796875 67.2295532226562 66.9775161743164 67.1740798950195 67.4798583984375 67.4345092773438 67.7841186523438 67.7794342041016 67.874153137207 68.0676422119141 67.8852691650391 68.0672988891602 68.0500717163086 67.8218536376953 67.7384338378906 68.2411193847656 68.3775634765625 68.5615539550781 68.835334777832 69.1325225830078 69.2693939208984 69.0745697021484 69.36474609375 69.4918899536133
64.4970169067383 64.6216125488281 64.5963897705078 64.7690048217773 65.2279739379883 65.4811019897461 65.680778503418 65.5397872924805 65.9120178222656 65.8228073120117 65.8705215454102 65.7850112915039 66.1835708618164 66.6713485717773 66.4890975952148 66.0856094360352 65.771728515625 65.9696197509766 66.5114440917969 66.5359420776367 67.0338363647461 67.1973648071289 66.8344192504883 66.8429641723633 67.0706405639648 67.2928237915039 67.2858734130859 67.1304092407227 67.0380249023438 67.2562255859375 67.0920104980469 67.7178726196289 68.0567474365234 68.0210266113281 68.2954864501953 67.8862152099609 67.8104095458984 68.0137252807617 68.0969924926758 68.3243560791016 68.3359985351562 68.2547607421875 68.5658874511719 68.7001113891602 69.0144729614258 69.0230484008789 69.0194625854492 69.3733520507812 69.3141479492188
64.8953475952148 64.9142608642578 64.7049407958984 64.7643814086914 65.0706405639648 65.4553756713867 65.4350128173828 65.3457717895508 65.6713027954102 65.7550964355469 65.9657745361328 66.0501098632812 66.3225173950195 66.6554412841797 66.4317779541016 66.0432281494141 65.9886627197266 66.1514205932617 66.7035522460938 66.8449020385742 66.9681625366211 66.8631362915039 66.7831268310547 66.7969131469727 66.9540939331055 67.2173080444336 67.388427734375 67.234260559082 67.1719741821289 67.6861953735352 67.4590606689453 67.4763946533203 67.9051513671875 68.2508087158203 68.2752914428711 67.7288589477539 67.8209609985352 68.1068801879883 68.3874053955078 68.798225402832 68.5096588134766 68.6471557617188 69.0252838134766 69.228141784668 69.3882369995117 69.7295761108398 69.6891860961914 69.5462799072266 69.6703796386719
64.6157302856445 64.5841217041016 64.6882019042969 64.9630889892578 64.9992370605469 65.0759811401367 65.5080108642578 65.7662353515625 65.8623580932617 65.8663177490234 65.8893051147461 65.9964218139648 66.2694778442383 66.5467071533203 66.5920791625977 66.4418716430664 66.5150756835938 66.7404632568359 66.8505172729492 66.8647689819336 66.7868423461914 66.8505401611328 67.0758209228516 67.0316009521484 66.995964050293 67.1981506347656 67.3058700561523 67.214241027832 67.2585601806641 67.920036315918 67.6435394287109 67.5135803222656 68.0141830444336 68.5071182250977 68.0689468383789 67.4007415771484 68.0367431640625 68.318359375 68.3605804443359 68.8453598022461 68.7259368896484 69.0725250244141 69.3491592407227 69.892219543457 69.8672180175781 69.9756622314453 70.2422027587891 69.8912353515625 69.9219360351562
64.4418869018555 64.5009078979492 64.7604446411133 65.0061264038086 64.9118881225586 65.0279846191406 65.8225555419922 66.2257080078125 66.1439743041992 65.8932876586914 65.9013061523438 66.1399002075195 66.3655776977539 66.5283203125 66.6668853759766 66.5908508300781 66.7887191772461 66.9558944702148 66.5542678833008 66.6876068115234 66.753776550293 66.9166412353516 67.0849227905273 67.1470642089844 67.1860885620117 67.4040832519531 67.4540634155273 67.3277740478516 67.2504196166992 67.6250991821289 67.608757019043 67.5496063232422 67.9117126464844 68.3738784790039 68.2196044921875 67.876335144043 68.1687393188477 68.5096893310547 68.5153884887695 68.6082763671875 68.6205444335938 69.3150863647461 69.5214538574219 70.0701446533203 70.1513214111328 69.9209518432617 70.2814636230469 70.108757019043 69.9687728881836
64.3443756103516 64.5782241821289 64.7585296630859 65.0925140380859 65.1956405639648 65.1296234130859 65.7657165527344 66.3644485473633 66.2835922241211 66.0673599243164 65.9566268920898 66.1575469970703 66.3225936889648 66.4461669921875 66.6178970336914 66.5071182250977 66.7027435302734 66.9409790039062 66.4570083618164 66.5199813842773 67.0625076293945 67.4624710083008 67.1914672851562 67.0264892578125 67.2466812133789 67.4766082763672 67.5188598632812 67.5090026855469 67.4729766845703 67.6336975097656 68.0962448120117 67.9962844848633 68.0093994140625 68.1726760864258 68.4361877441406 68.6137008666992 68.5061645507812 68.5713653564453 68.6067123413086 68.7484359741211 68.7705764770508 69.0811614990234 69.5857925415039 70.0790252685547 70.3617477416992 70.0990905761719 69.9312057495117 69.7388687133789 69.8507232666016
64.7292938232422 64.4385986328125 64.5239944458008 65.0862045288086 65.3996047973633 65.4391021728516 65.5546646118164 66.1940689086914 66.2641220092773 65.9106216430664 65.8490219116211 66.3488235473633 66.4085083007812 66.3717498779297 66.6375885009766 66.612190246582 66.633430480957 66.7836761474609 66.6758270263672 66.6529312133789 67.2490234375 67.3238830566406 67.244514465332 67.403938293457 67.5685424804688 67.5857849121094 67.5522384643555 67.4016952514648 67.3820037841797 67.5808792114258 68.0104370117188 68.0595169067383 68.1457214355469 68.0595932006836 67.9375991821289 68.1046676635742 68.4124450683594 68.6258544921875 68.3326187133789 68.6498641967773 69.0169448852539 69.0952606201172 69.5530090332031 69.7465209960938 69.8696823120117 69.8469696044922 69.6501235961914 69.6860427856445 69.8181228637695
64.7659530639648 64.6225967407227 64.7844085693359 65.129035949707 65.4982528686523 65.6820602416992 65.453369140625 65.9243316650391 66.2306594848633 66.25146484375 66.2440185546875 66.6399078369141 66.5832290649414 66.4666976928711 66.6860885620117 66.7387008666992 66.8781890869141 66.8502960205078 66.9498291015625 66.9898147583008 67.047004699707 66.8761596679688 67.0469589233398 67.373779296875 67.5876922607422 67.4943923950195 67.3784637451172 67.4319839477539 67.4575881958008 67.414680480957 67.9559631347656 68.1031265258789 68.1422424316406 68.1473846435547 67.865119934082 67.9047698974609 68.3357391357422 68.8145217895508 68.7676010131836 68.8779449462891 68.8154144287109 68.940803527832 69.3529739379883 69.3556976318359 69.7149276733398 69.9196701049805 69.4596633911133 69.5734405517578 69.8097229003906
64.2208709716797 64.5306549072266 64.8618392944336 65.2220230102539 65.2346115112305 65.4959335327148 65.6808090209961 66.0171279907227 66.1590805053711 66.4543380737305 66.2527847290039 66.3111419677734 66.4505844116211 66.4885025024414 66.7382736206055 66.6330108642578 66.6570281982422 66.7695999145508 67.1104354858398 67.0974655151367 67.2409362792969 67.2433929443359 67.1627044677734 67.264533996582 67.3459167480469 67.4996643066406 67.4906616210938 67.3987731933594 67.4575119018555 67.312614440918 67.6292724609375 68.1609039306641 68.3291549682617 68.2487030029297 68.1711654663086 68.2754592895508 68.5853424072266 68.9363555908203 69.0891952514648 69.0921401977539 68.7540435791016 68.5666275024414 69.2963790893555 69.5453414916992 69.8284378051758 69.8910522460938 69.5262069702148 69.4767456054688 69.8255310058594
64.1701049804688 64.5810699462891 64.8151702880859 65.0184020996094 64.8260955810547 65.3449096679688 65.7948760986328 66.0540542602539 66.0787658691406 66.2449340820312 66.2826766967773 66.3205413818359 66.5589065551758 66.6027679443359 66.7149276733398 66.737548828125 66.7162628173828 67.018196105957 67.1165618896484 67.1328353881836 67.3078994750977 67.4086532592773 67.5589370727539 67.7206420898438 67.5439300537109 67.5387115478516 67.6144638061523 67.807991027832 67.7755737304688 67.5104522705078 67.4967269897461 68.121208190918 68.4617538452148 68.4481582641602 68.4370803833008 68.3545227050781 68.7153015136719 68.8466873168945 68.7966842651367 68.9673080444336 68.9573593139648 68.6891250610352 69.160285949707 69.6789855957031 69.8722991943359 69.4186630249023 69.5274887084961 69.9812240600586 70.3524475097656
64.5604705810547 64.6323013305664 64.7491836547852 64.9524841308594 64.9917297363281 65.0475234985352 65.3917999267578 66.0989151000977 66.0513916015625 66.1540908813477 66.1282043457031 66.2056732177734 66.4794387817383 66.5023727416992 66.7110137939453 67.048942565918 67.0615615844727 67.1405944824219 67.1837921142578 67.2101593017578 67.1806564331055 67.4048309326172 67.7139129638672 67.9523086547852 67.643180847168 67.3773880004883 67.5252075195312 67.776123046875 67.8182144165039 67.8853302001953 67.8576736450195 68.3521270751953 68.2639694213867 68.244499206543 68.394775390625 68.6634674072266 68.8628692626953 68.9195022583008 68.8788681030273 69.086296081543 69.2972640991211 68.7924270629883 69.0970306396484 69.5454711914062 69.6538009643555 69.2731018066406 69.4549789428711 69.929557800293 70.4603271484375
64.4166564941406 64.6304321289062 64.7653045654297 64.6139068603516 64.9812545776367 65.0541458129883 65.249870300293 65.9558792114258 66.3034210205078 66.3724899291992 66.22900390625 66.2423553466797 66.3715057373047 66.3748397827148 66.8735885620117 67.188362121582 67.0541915893555 67.1834259033203 67.0901641845703 66.9979934692383 67.0766372680664 67.5403823852539 67.7141342163086 67.6950149536133 67.7623062133789 67.7549438476562 67.7209091186523 67.7527084350586 67.9700546264648 67.9174575805664 67.9556427001953 68.4155960083008 68.0565185546875 68.1086654663086 68.2306289672852 68.6588363647461 69.1152801513672 69.2490692138672 69.2723007202148 69.3055725097656 69.2821655273438 68.7662582397461 69.1543502807617 69.4255523681641 69.348258972168 69.6244888305664 70.0226593017578 70.1536483764648 70.5676116943359
64.7930526733398 64.8580017089844 64.9428634643555 65.1652908325195 65.3403091430664 65.360710144043 65.344612121582 65.8980712890625 66.0445938110352 66.1363677978516 66.4106674194336 66.5812149047852 66.6589431762695 66.6839065551758 66.6294479370117 66.9926452636719 67.3340606689453 66.9744567871094 67.1241989135742 66.9557647705078 66.9397506713867 67.2712783813477 67.4889602661133 67.8469009399414 68.0358657836914 67.9101867675781 68.0265121459961 68.1786117553711 68.0646286010742 67.6918029785156 67.8710174560547 67.9827880859375 68.2313537597656 68.0864105224609 68.373161315918 68.3092346191406 68.5378341674805 69.2211303710938 69.4457015991211 69.4131774902344 69.3376998901367 69.3399353027344 69.1953125 69.2969284057617 69.9309158325195 70.4833526611328 70.1727294921875 70.1389923095703 70.6923904418945
64.8479537963867 64.9179153442383 64.8731842041016 65.1941070556641 65.2773361206055 64.9899444580078 65.1456451416016 65.711311340332 65.7643508911133 65.831169128418 66.0879669189453 66.5049819946289 66.687744140625 66.698356628418 66.8178405761719 66.8501663208008 67.0740661621094 67.1805038452148 67.0048065185547 66.8379592895508 67.0673370361328 67.7037887573242 67.4816055297852 67.6034622192383 68.1362915039062 68.0544052124023 67.8537750244141 68.0355834960938 68.0722579956055 67.6596755981445 67.8565979003906 67.8502731323242 68.2881622314453 68.4084091186523 68.7385101318359 68.5579681396484 68.6481399536133 69.3206253051758 69.3276977539062 69.1371231079102 69.3559646606445 69.5256958007812 69.6990585327148 69.5214233398438 69.6675338745117 70.2081069946289 70.3486862182617 70.5232086181641 71.230110168457
64.8606338500977 64.7667465209961 64.9255752563477 65.1781616210938 65.3303451538086 65.1993179321289 65.2631072998047 65.9367828369141 66.1413650512695 66.0899429321289 66.1130294799805 66.4875793457031 66.5771789550781 66.6333389282227 67.124885559082 67.0659866333008 66.7549285888672 67.1369400024414 67.3935470581055 67.2726974487305 67.5971984863281 67.7981796264648 67.4891052246094 67.638069152832 68.1311950683594 68.2769622802734 68.0036773681641 67.9216003417969 68.2521133422852 67.594108581543 67.7998809814453 67.8519744873047 68.5076446533203 68.4708557128906 68.3930206298828 68.7603988647461 68.7780914306641 68.8837051391602 69.0723495483398 69.1021957397461 69.0925903320312 69.4278564453125 69.7505340576172 69.9306793212891 70.1370849609375 70.3668670654297 70.6030044555664 70.8102493286133 71.2339248657227
64.8254699707031 64.8048629760742 64.7458419799805 65.0089569091797 65.0955047607422 65.1780090332031 65.336181640625 66.1025238037109 66.2352066040039 66.4094619750977 66.4771423339844 66.5655822753906 66.4993057250977 66.5381927490234 67.1462097167969 67.1985549926758 67.0146255493164 67.0013275146484 67.3403701782227 67.5168914794922 67.4290008544922 67.3262405395508 67.6083602905273 67.6374816894531 67.8674774169922 68.1586837768555 -3.4e+38 68.0284423828125 68.1524353027344 68.0440521240234 67.9927291870117 67.8854141235352 68.359733581543 68.5002212524414 68.5299530029297 69.0428848266602 69.1636810302734 68.6061096191406 68.6731948852539 69.1481704711914 69.2764358520508 69.1857070922852 69.5254058837891 70.0072631835938 70.2166213989258 70.5245513916016 70.8844909667969 70.9315795898438 71.1372680664062
64.7968521118164 64.7928009033203 64.5400543212891 64.9520492553711 65.3200378417969 65.3302841186523 65.332763671875 66.1250076293945 66.3389892578125 66.570556640625 66.683479309082 66.4944305419922 66.2652969360352 66.4655990600586 67.0867004394531 67.2501068115234 67.2416152954102 67.3231506347656 66.935173034668 67.1691665649414 67.1641464233398 67.2722320556641 67.7016220092773 67.6561279296875 67.7880477905273 -3.4e+38 68.072998046875 67.9415283203125 67.9422760009766 68.5808258056641 68.1517791748047 67.8206329345703 67.9940185546875 68.331787109375 68.8411636352539 69.2428512573242 69.3584442138672 69.0315628051758 69.0047836303711 69.386344909668 69.6777496337891 69.3034591674805 69.7835311889648 70.1472549438477 70.2861022949219 70.6270294189453 70.8045043945312 70.8365783691406 71.0058212280273
