rcp8.5models/GFDL_CM3/sc1gr9.6
NCOLS 261 
NROWS 433 
XLLCORNER 336357.134 
YLLCORNER 654653.479 
CELLSIZE 1000 
NODATA_value -9999 
[rows 330 to 351 of 433, columns 50 to 99 of 261]
1166.98066493905 1182.27940544221 1201.0134146249 1215.89230856954 1231.9842419623 1251.51208667673 1281.38578416775 1297.69892492267 1310.53744350169 1323.51069695377 1342.97219921219 1355.74745716848 1373.02325579572 1399.02080459148 1424.2468209712 1451.25242123376 1481.62741285536 1566.12933788715 1582.04323625018 1602.34497787893 1655.88382195851 1683.25979603901 1702.15871405483 -9999 -9999 1788.80680142469 -9999 1827.82643684928 1868.43134265148 1790.16401280563 1727.78792985742 1712.81050094565 1715.6073816842 1808.09051356716 1978.08370621971 2080.9095068114 2073.23628591651 1993.16941740852 1933.31925082762 2036.80614716865 2122.11168900194 2154.88044223066 2149.67970494561 2120.41151477117 2102.04465910401 2055.8843395353 2059.07828503929 2108.67930132211 1984.62922320284 1703.61324594476
1164.2626545763 1182.32447131205 1199.20135390739 1216.4276901337 1237.38577550934 1255.22416067307 1288.63688531112 1302.39451557326 1318.58695302507 1343.65034851673 1372.29368475449 1372.26244892578 1377.79127654553 1403.74138401692 1426.60289112613 1450.77420907757 1468.2411247548 1532.10590239637 1562.3031063482 1602.98741768116 1635.23613687966 1687.05021053945 1738.19174545507 -9999 1811.12679687816 1790.59788628563 -9999 1848.24130172204 1820.4768676314 1735.33038454091 1705.07688383404 1696.15045465653 1700.37405122513 1733.88401643525 1825.52296944545 1938.20752746634 1941.17359736271 1856.72933619256 1814.08556015832 1953.90215376967 2110.77645148843 2146.23650311363 2152.89977662295 2121.24266890913 2109.93217257848 2093.69773653069 2068.1300633583 2090.44042942081 2067.22490018843 1860.79483413268
1173.65908856649 1184.52726685082 1199.54715980525 1221.65190712536 1235.98384326316 1249.04378761591 1293.26513093468 1313.78238895802 1330.66874956134 1357.07534581357 1384.02524861809 1382.89944633593 1383.34187302022 1403.61332394697 1427.30619167654 1453.63732749278 1469.4377925624 1515.01493156251 1543.51973554882 1579.29397168951 1601.25787561239 1699.38539165699 1755.89604095384 -9999 1822.06579196898 1801.18916312206 1808.32681728823 1840.63460864163 1791.9396481493 1742.91797556593 1735.98503848266 1703.49122403093 1712.22009438976 1722.74354241589 1739.16629559325 1805.49852897486 1825.11356349503 1773.8036908979 1807.04255157789 1952.7669728862 2114.76116543982 2138.86751832309 2115.78697714965 2093.85921444152 2097.47694674366 2098.75454540199 2095.41934980671 2084.39104954048 2080.11842555643 2014.11542025051
1181.72362632448 1186.43457352958 1205.68276439173 1230.9969999314 1240.72279632907 1256.75921848039 1298.21671832855 1327.75640018342 1342.82966179311 1362.86994308838 1382.09983870147 1382.00725813487 1391.59078556281 1415.33374417499 1436.37174211391 1462.18653319868 1482.93717395261 1528.34554836316 1549.4327065054 1568.32509866276 1600.67441748809 1712.0724234909 1777.28131671013 -9999 1818.29671810742 1835.85189228793 1809.52002897527 1839.19949279822 1829.30137909836 1799.03019285226 1758.33156527805 1721.75517874371 1726.72196943314 1729.22493444244 1728.32547554606 1753.29742811689 1768.14748071116 1749.48624461764 1771.54849864792 1912.74423040167 2086.4596819945 2126.73064094322 2051.03890171108 2035.08396787049 2065.78302689844 2068.10544993344 2097.43381963934 2068.27491984184 2069.83475539385 2068.50506732827
1182.18611177876 1189.34451078305 1209.95246977387 1229.44646588165 1242.59906472807 1269.95471474875 1311.15697204171 1340.49312450996 1357.58595411478 1368.29033858089 1375.69428094778 1379.14830274411 1402.72609783462 1429.31452380933 1446.31817065349 1496.68008172546 1520.53281520801 1538.54252553493 1549.03026973296 1564.47770776467 1626.90300984107 1723.56910596072 1786.77437992375 1778.88886084126 1799.75588769448 1829.08539414196 1806.96126711366 1822.42183218967 1866.52770580107 1823.19179012261 1805.81172351951 1822.49592267976 1765.93588698426 1725.7844713376 1751.25543236557 1754.2453995698 1754.598110137 1791.53167887789 1784.8227460329 1802.88884724394 2065.77066447207 2102.37582772535 2031.82121572318 1971.10480898901 2002.49253834889 2048.73792826058 2041.86746313061 1972.4497202634 2001.6203040086 2039.23811360332
1183.05201844176 1194.26241574408 1210.67385242572 1227.44439980799 1247.64669137237 1277.11988472564 1320.57099980058 1344.92671073501 1360.51442923482 1368.92467170002 1380.62830938766 1396.65161891692 1417.1220144028 1432.42051808173 1450.95227086794 1496.5051192916 1525.42052362842 1536.18174267627 1546.02497810076 1570.74686963105 1640.08546086436 1722.11218089323 1779.3531726986 1778.15276939037 1785.59940116033 1809.280660891 1794.51294701044 1822.54538566544 1868.60436528551 1832.23841817886 1851.04760478265 1909.75955207198 1814.74946211924 1723.22761839871 1733.55726881486 1736.57935634216 1744.52669964762 1817.41752016811 1808.5098250792 1735.14448879648 2005.95911480475 2002.27677751374 1939.85439637278 1926.34111082687 1940.87629816299 2026.89236148499 1998.30378523099 1798.93168328546 1738.61947509393 1855.21434924528
1184.76003351183 1196.11455869993 1219.39541126803 1242.00858100167 1263.34628129044 1288.10667170667 1331.98371723124 1346.34274409379 1366.19670867787 1389.85412819113 1398.86180673469 1415.54414563748 1440.93669433986 1457.22204303917 1466.08460416932 1483.36766412364 1512.09350458667 1537.18695387664 1553.91197040953 1586.18750957721 1627.01556193755 1694.19142296988 1764.06332929403 1793.92234320421 1790.06128124814 1796.03290648661 1735.61195789005 1751.00259219223 1829.35772103519 1858.34809158303 1834.269020388 1885.84004891524 1853.99538167624 1738.07622912923 1697.53048583824 1695.98693696932 1711.90022985033 1721.66468122623 1752.82714303279 1750.98357490718 1766.41169767444 1789.63336208476 1731.03939667 1703.4176736802 1773.3682628359 1962.32629291554 2033.13944384838 1875.24714365978 1763.92800717512 1864.03209447645
1185.20977192196 1201.3725664736 1227.90885434334 1254.42292723408 1279.47920624015 1297.96262209894 1327.4062462776 1345.19431938533 1371.72185066446 1394.63464962231 1408.0223362116 1427.80808892165 1448.35589574222 1464.21116844923 1472.0846601828 1488.68282288277 1506.69046455787 1537.92362234944 1559.5873497438 1586.73436056565 1616.01891408995 1683.66903976951 1752.74455081965 1783.75285746372 1782.03440473902 1794.07256760739 1769.60643979639 1728.25885231747 1799.54565927893 1845.47841358687 1831.37874650108 1885.85137231883 1850.14105696486 1726.50963838488 1704.12207728959 1705.86527533515 1704.52503081437 1703.13166806238 1707.60221841678 1711.51361792323 1693.97555736131 1705.8660427743 1699.22511971209 1682.30113816838 1736.53651158718 1905.18057637289 2023.35085517267 1996.68933507981 1974.71677112771 1982.78365820093
1184.36282325984 1207.81028990701 1235.57532187507 1260.19191056398 1282.34611975038 1296.88047812891 1328.2056434464 1354.91683506939 1377.01128561909 1394.41075839249 1418.04730890765 1439.66729880478 1450.26558649504 1465.76581348743 1475.60811109146 1487.22931128667 1502.63155943595 1543.9847275855 1569.2644478532 1599.81473357135 1618.7567732873 1675.43849393047 1726.45565783461 1755.54100216758 1773.39076074608 1787.08024871836 1766.0254246254 1698.20803245243 1771.3479808567 1836.1509763843 1832.60504968901 1883.25303774897 1883.40447117027 1751.94944118415 1701.23072515316 1705.78015215363 1706.29282274855 1710.53985101846 1700.15549476026 1699.80232757639 1700.01205467124 1687.19231391184 1682.03513258669 1674.63910825877 1685.18746514653 1779.60324681809 1933.8468916216 2007.03060000147 1987.82193978214 1936.52706165395
1195.5551758441 1218.71051685571 1234.85028210185 1251.86691547679 1274.2249054212 1297.26445041521 1338.76441290606 1360.64435387542 1375.64409000773 1394.51855964098 1423.89358602599 1444.98675277015 1451.17638038411 1468.57473538632 1485.54193554088 1490.88560059839 1509.03608942064 1572.25178632565 1591.05485715662 1612.1005093717 1636.62525015083 1647.74988950767 1681.38446437094 1722.80523912397 1756.97782626008 1777.14167623488 1736.72016330691 1677.91717624472 1817.45354593352 1863.76553050315 1862.96010649533 1884.62842559829 1922.63900568857 1816.77323356739 1704.2767288975 1696.5228618366 1701.05594586689 1703.48820030756 1698.94511316345 1700.36342001845 1705.28934660788 1695.5890195258 1678.6212995247 1668.27938324339 1669.02272550323 1707.1384176119 1816.93833279472 1944.75926247642 1950.30532126378 1835.86987504639
1201.09880619124 1218.89109027388 1231.59923690681 1256.4161536903 1281.79417123249 1304.98942222162 1342.00821167167 1354.68769584118 1376.91139702874 1403.20820670127 1430.42205056987 1449.84175003205 1460.53756250623 1470.50457855821 1488.46193781078 1501.42589532671 1524.06866326873 1589.12947316182 1613.44066112868 1639.12657197099 1634.26489460846 1615.81184049952 1672.5771945404 1725.41486481766 1759.11629465833 1786.83000361817 1736.72038680609 1683.9283222007 1871.63652597484 1880.77586039277 1871.07784313709 1826.82405001705 1862.67085288103 1819.15533268891 1711.00814992656 1702.90251200994 1692.45262501976 1692.08698406462 1718.0825720823 1718.66043003774 1702.7937171411 1693.05838312997 1674.44162904234 1674.65401536193 1672.39537457861 1687.22021903231 1751.51950770647 1884.53953571618 1921.64990890719 1796.74069963659
1209.35661720662 1219.43222225956 1233.07645494683 1268.77697111861 1297.00671610335 1317.24504595637 1350.69126793101 1356.56546836443 1379.28212904181 1409.3122874099 1433.93772866389 1452.28525565797 1465.26469358499 1478.99663419988 1490.18451950444 1506.0118625417 1532.54436702754 1582.39679844336 1629.02716405943 1661.318300053 1636.26916706084 1613.44534997355 1646.50019888452 1691.36471470004 1757.26426207326 1797.115127098 1773.37661408482 1713.04900917903 1793.61983031404 1826.35734112748 1839.64443980132 1768.93701535862 1750.75423747753 1795.84559742395 1743.85302420737 1696.21330220247 1689.03669691434 1692.6165061038 1743.03808851149 1755.20341823361 1693.56742274299 1685.9285385994 1673.92403246735 1663.6413091831 1657.66641557546 1656.88457236567 1730.25240914537 1884.86544857194 1936.93841957539 1819.6747123298
1218.56285656957 1233.15435336313 1245.99627413521 1271.7254968678 1301.79518610541 1322.92380110141 1352.255141238 1360.3874510035 1377.99077625803 1415.85546338676 1442.05491215123 1450.48125473065 1469.31325478924 1488.42199315808 1497.60969346489 1511.03357379704 1533.2099051568 1566.41547050042 1593.01927024141 1626.72715124144 1625.89114884392 1612.65236235058 1623.54645109735 1645.20435037952 1684.92209533246 1739.91175292845 1772.61219466232 1736.73166184979 1692.65782340612 1724.9738711887 1743.73175285273 1714.46299897331 1689.54644357422 1757.50170786561 1746.32457094859 1683.15063266466 1690.01052469254 1699.85766262588 1726.45873892727 1736.56990449013 1697.26783663779 1694.4436407129 1674.45927714405 1649.22982282168 1642.90401712544 1642.79542457492 1719.01530648003 1880.03295520621 1948.75357721861 1836.66984220261
1213.99217220647 1236.17293713942 1257.68631815794 1274.48190234155 1297.17141632412 1321.71406047427 1350.77035447012 1361.87991397903 1381.007790357 1429.05152523834 1451.03994433876 1450.42304845858 1465.87776750763 1480.65832826326 1497.23197790662 1512.73160951394 1534.44227568303 1565.77929022845 1573.58086371924 1591.29886645618 1643.50578036598 1639.85716430647 1632.83418933653 1643.69868380898 1638.89927304407 1666.60950011424 1696.1186605376 1694.34068420992 1665.24018050491 1674.80846066983 1680.33902033653 1677.41439336178 1680.05993769055 1716.00042605984 1717.74266889716 1684.73050019541 1694.7809581971 1700.33108493341 1692.26400122607 1689.69231601148 1721.04102871705 1712.16079859123 1683.27338310337 1653.5392259742 1651.49209105762 1642.63804082107 1686.60844322666 1842.49638000923 1924.04114467166 1869.32020248859
1205.81728476619 1232.31161465828 1258.82331830225 1279.03706237886 1297.4929377935 1314.33143328569 1349.44190090419 1363.02696700073 1386.31527632749 1422.58555036988 1445.46165926911 1457.9186754582 1474.37617450857 1488.94014429513 1502.41852906106 1519.72978161738 1542.91885131811 1572.94818390312 1580.08015290611 1586.87756759282 1624.83797083558 1631.98896754917 1625.63124455595 1636.29547762727 1641.61770534677 1657.3353537429 1703.04268239023 1742.20524195713 1704.3027916979 1717.76201856881 1752.0347818055 1737.40481501079 1770.63477918019 1749.35593923707 1704.65147578861 1695.09994770376 1690.58968759176 1690.45248552922 1682.18347692871 1678.132529507 1735.55999405802 1740.46774833058 1688.18555037674 1646.13633954021 1646.62959649024 1640.56658227375 1658.16216976591 1799.93852783091 1906.45057878273 1895.45418875688
1204.51650082482 1233.56970343078 1260.49520599874 1274.47357066423 1292.1170120785 1314.21713382769 1345.91552755103 1376.92730840107 1402.31477604425 1420.26441521103 1446.27696268431 1470.44064385419 1485.56412138704 1502.51823612362 1521.56021357375 1532.4737779593 1553.82612061362 1579.90048007964 1583.63016235019 1594.11598497972 1632.97504319385 1666.71497255283 1642.76229511138 1635.57336976209 1677.12055078536 1686.94310895652 1730.20433577386 1807.0452730407 1766.93552673869 1725.54747444068 1797.91158395947 1812.00940185867 1831.56414017759 1783.54982350419 1695.89149183884 1715.87015784425 1709.36625699784 1686.87871701333 1682.77848706552 1673.42306718151 1690.14062629061 1731.87639950835 1699.90435320048 1638.04728914366 1634.61191740467 1640.81233696128 1673.27875207157 1794.48682417506 1883.09331670673 1881.04320548814
1206.16025117539 1233.07721510249 1260.23405555437 1269.38383597697 1284.00932423621 1311.1080881431 1349.76380111792 1379.75495483429 1423.06000238257 1441.01234952674 1455.89144582603 1472.47280984458 1485.85793008269 1509.85147344073 1527.43820477405 1535.38267266569 1553.9116470909 1578.29388266168 1598.23132201513 1610.55722339697 1633.55287290407 1661.5813534871 1650.54861494664 1681.89965168541 1734.17824449176 1744.80175756166 1768.82529825765 1810.48208114039 1809.86210516575 1750.6013785439 1817.22247872443 1863.28498553428 1847.45121431368 1816.14294814166 1732.44150698175 1734.58171657615 1728.56302800457 1696.97096682304 1720.23286977852 1726.88906572719 1653.58578433097 1677.12163039986 1667.55298345377 1628.81939699203 1625.47445405524 1641.17870950236 1661.54935249379 1726.45168031756 1822.59271926377 1851.4170849909
1207.20319517605 1231.84754730783 1252.48931292153 1266.01811691781 1282.71725681647 1304.48972906746 1363.97898860426 1383.82832262341 1425.21570417953 1453.51791723424 1463.28526356755 1468.21161587018 1485.07524139502 1512.10972703802 1525.36971437917 1541.30919968854 1557.94767403313 1583.03358748971 1617.35576935451 1623.42701626965 1617.66593246407 1629.58333187189 1673.55174480745 1713.35166094927 1746.38731697981 1788.66950112753 1805.6219031887 1816.16545084636 1846.11584416981 1811.81237529066 1842.07137285164 1882.02157434661 1863.3829933862 1860.06322586724 1787.54635100807 1773.43323983329 1819.42713892659 1785.25637375079 1740.7144910487 1773.66079068924 1663.02538006964 1645.12628105782 1635.7704183346 1625.73748264521 1621.75361033559 1646.09378301282 1633.67400691625 1618.24675654305 1706.72531881345 1777.48578557655
1209.02452007585 1227.4014813886 1246.65250916314 1267.29523150519 1286.32722886992 1305.50573002159 1360.63120798914 1383.81932769963 1428.70985905748 1466.63188942059 1472.09539936598 1481.2141879791 1498.19500730856 1516.7409445747 1540.91963185419 1559.11656259259 1577.09567674706 1610.5835728454 1621.2520330698 1630.59037071015 1634.46469135303 1634.51816586843 1669.34526948361 1690.32279871887 1720.70038484336 1782.21972537987 1819.11577161195 1827.28237710554 1854.28660321609 1860.90083471209 1859.74421980005 1826.82141778087 1828.91612109038 1857.57949641512 1858.49401555195 1803.55191595277 1819.9171821624 1885.86417023148 1813.81561159045 1745.65637882455 1755.19009420048 1655.74576465386 1625.22464875128 1661.7485276133 1715.16877854181 1662.10763322484 1585.64728862402 1572.47057108541 1565.56796852309 1555.62653685088
1209.26893486245 1227.31053192216 1246.65425298072 1270.43989567733 1293.7560436211 1315.85872343107 1369.555170902 1392.13144373892 1436.06708519515 1487.66110944817 1482.59032797217 1479.6918694188 1503.30631081753 1520.66878733778 1541.19522754086 1565.29168387616 1585.77889783148 1619.5092169472 1612.27819711675 1619.09141311855 1635.01755409002 1636.34806618234 1649.38889788273 1706.84189008347 1735.2604197099 1761.48416088183 1793.37659268512 1809.32524735034 1838.12826918867 1853.78987065639 1856.10618199255 1823.83160711566 1835.5951496537 1865.22257354252 1874.970395191 1830.88697787929 1807.18039653284 1858.02624207968 1854.32505119402 1765.32703046649 1743.5482461473 1683.69538394268 1627.56284292352 1627.1278468018 1656.20653324084 1669.27308288948 1613.48516899245 1569.02048307101 1558.45534670955 1540.88442783391
1208.93463269508 1226.5314433642 1250.68681966435 1283.10207694323 1304.27587526239 1319.25802900939 1368.76056503634 1386.04304689577 1420.86025904115 1461.73111856378 1467.21962842641 1478.83079802024 1504.42722499725 1522.92889197944 1545.48548685253 1572.97583395688 1592.90683892573 1636.89260171283 1622.73745297658 1612.70795312372 1624.05072673957 1628.93841977112 1640.76595963994 1687.44666108043 1738.95062168611 1756.71465049637 1776.07305737716 1805.65688833108 1834.53210202284 1849.67511132563 1852.51281751015 1767.62939885828 1767.29175274358 1853.44177288332 1858.05823202881 1859.96679149613 1808.014294677 1812.29381475718 1841.63656803101 1801.92952175342 1693.6110465285 1677.30747408723 1629.140455884 1618.59301395282 1602.56056566461 1642.2195018378 1639.36335542766 1597.1830019461 1573.88481083686 1526.6454756186
1213.68553046215 1225.62534381252 1246.99592406938 1275.24084954881 1300.9372732029 1318.64327041177 1360.83243464985 1383.02715236701 1406.65987883619 1438.52093147989 1452.9806115696 1478.14874219418 1506.01062303159 1524.17187644306 1545.33220742659 1568.04578075579 1586.76177037975 1643.20330497809 1635.29082196772 1614.89807813877 1624.29446636773 1632.99889649655 1638.10306304033 1649.98063706436 1721.28033945263 1732.47178980296 1758.87500938974 1816.13071052027 1831.5766386217 1841.3554236993 1844.79190106011 1795.89382294386 1780.28418158562 1840.23315726906 1835.80462735863 1799.34222272574 1787.00903547927 1804.40012325429 1819.67908898592 1834.25116514251 1723.53867625483 1671.32321472222 1648.48785692009 1617.1674342042 1606.16664329719 1614.53962690392 1640.80862917444 1650.89856580917 1619.945931635 1571.4782352923
