rcp8.5models/GFDL_CM3/sc1gr7.28
NCOLS 261 
NROWS 433 
XLLCORNER 336357.134 
YLLCORNER 654653.479 
CELLSIZE 1000 
NODATA_value -3.4e+38 
[rows 308 to 329 of 433, columns 98 to 146 of 261]
91.7790069580078 92.4574508666992 91.1358413696289 89.282341003418 90.6632690429688 90.567268371582 90.0149917602539 90.3442459106445 91.0298919677734 89.4435577392578 89.1512069702148 91.0056457519531 91.6892700195312 93.5848007202148 92.8541641235352 89.6227722167969 88.0511627197266 84.8397064208984 81.7410507202148 82.4076995849609 82.1979598999023 82.53173828125 82.5581893920898 82.8400268554688 79.7159729003906 77.5291595458984 76.2183380126953 77.078742980957 77.0329513549805 75.3497314453125 75.5293731689453 74.6957321166992 72.719856262207 69.0973587036133 72.8017272949219 80.1466369628906 76.3316421508789 72.7609252929688 68.0434799194336 68.005859375 70.3623199462891 69.9570922851562 69.1752548217773 71.3254776000977 70.5031661987305 70.8037872314453 70.6527862548828 70.3458404541016 69.6851806640625
90.4506072998047 90.9677124023438 92.2822036743164 91.9683074951172 92.8986740112305 94.0477066040039 91.3081588745117 89.1102142333984 89.0172348022461 88.4777755737305 91.6897048950195 95.8290710449219 95.994873046875 95.7202758789062 91.9702682495117 87.3181533813477 85.1439895629883 84.9564361572266 84.7371444702148 86.7572402954102 85.6482086181641 84.8106689453125 82.9629211425781 80.7936401367188 77.9555282592773 77.1087188720703 76.0692291259766 77.5126266479492 75.7529754638672 76.3071746826172 81.0715560913086 77.347412109375 71.4686965942383 71.7356872558594 78.5174865722656 79.4378204345703 76.699333190918 74.1662521362305 72.8732757568359 69.6681594848633 68.4717102050781 69.1023254394531 68.9350433349609 72.3694915771484 71.3382034301758 71.0490112304688 70.8783493041992 70.5041427612305 69.8073120117188
90.8990325927734 91.2691268920898 93.0822525024414 93.2039337158203 91.6997680664062 93.6170196533203 93.3479385375977 91.464111328125 90.0157623291016 90.6845397949219 93.9391174316406 96.6006088256836 96.0400314331055 95.5233459472656 90.6166610717773 86.6455841064453 84.4156494140625 83.1169738769531 83.2333221435547 83.3906097412109 83.5932159423828 83.7335052490234 81.8293380737305 80.814567565918 78.5732727050781 79.2854156494141 75.9425735473633 77.4604034423828 75.9404678344727 78.3460159301758 87.4451141357422 83.4370803833008 79.2410354614258 80.2560043334961 82.7748031616211 78.4568023681641 75.3273391723633 74.8103179931641 75.3731079101562 73.5732727050781 69.6262817382812 68.1621017456055 69.8058776855469 72.4347534179688 71.0198135375977 71.0370330810547 71.0216598510742 70.4759826660156 70.0477676391602
90.5002899169922 89.3377838134766 90.9718551635742 93.7591247558594 93.6672744750977 94.2530288696289 94.5260162353516 93.6970977783203 92.6863708496094 94.0127334594727 96.2963333129883 97.1246566772461 95.9252471923828 94.2085723876953 91.1945495605469 87.9348297119141 86.5196685791016 86.3359146118164 83.5896224975586 81.6831359863281 83.7819137573242 84.0245513916016 83.2535095214844 84.1318969726562 79.0108337402344 78.1895523071289 75.665283203125 76.3918685913086 76.3655548095703 78.1457138061523 85.935920715332 88.1832275390625 86.6463165283203 85.2798385620117 83.7198944091797 80.3274536132812 75.5490646362305 73.1229858398438 73.161247253418 73.9118499755859 73.6698150634766 71.3464508056641 71.9352264404297 71.9638671875 71.0051498413086 70.9688186645508 70.8984603881836 70.5495529174805 70.2285308837891
86.9818954467773 84.4551773071289 88.3278961181641 94.5442657470703 96.4275741577148 96.8145599365234 95.6760406494141 93.0072631835938 94.3099975585938 96.2450714111328 96.882926940918 96.1802139282227 94.1370391845703 91.7424087524414 90.7410202026367 87.401237487793 88.2920989990234 91.3081970214844 88.5281524658203 86.5568237304688 87.0610122680664 85.8673400878906 83.505615234375 84.0476150512695 80.6095428466797 77.8420028686523 78.5811004638672 78.1790924072266 78.1272430419922 77.5189666748047 78.4442825317383 81.7645874023438 84.7487335205078 85.8360061645508 83.6819458007812 81.3579635620117 77.7468490600586 72.2150955200195 72.0563125610352 72.9398880004883 74.1699600219727 73.3208389282227 72.3338928222656 71.289924621582 71.0255661010742 70.9010772705078 70.8828353881836 70.858268737793 70.1581954956055
82.6572265625 83.4673461914062 87.8536987304688 94.9086685180664 94.4729690551758 94.9339218139648 96.1795425415039 95.8987503051758 95.0415954589844 95.4892501831055 93.2863235473633 90.849494934082 90.0425643920898 90.2966842651367 90.7553482055664 93.5851593017578 94.5088806152344 93.0141525268555 90.1286544799805 87.9998931884766 87.2359924316406 85.3135299682617 83.2189712524414 84.1076202392578 83.6955947875977 80.2335815429688 79.8340148925781 77.3807144165039 77.1410827636719 80.5509338378906 78.1576919555664 75.6901626586914 81.1881561279297 85.3712615966797 82.8930511474609 79.0514068603516 76.7928237915039 73.0110397338867 72.0891342163086 71.538703918457 71.3321075439453 71.2220916748047 71.3094787597656 71.4454116821289 71.3851547241211 71.2111587524414 71.0360794067383 70.8685073852539 70.6618194580078
82.4120788574219 82.3859786987305 85.1866607666016 89.2949295043945 91.2054977416992 93.8312225341797 95.0473480224609 94.6605224609375 95.4195404052734 95.7316513061523 92.8864669799805 93.1403274536133 94.1817855834961 90.8982772827148 92.2486572265625 95.5164566040039 94.7848587036133 91.6340408325195 89.4108734130859 89.6665725708008 86.5177993774414 84.2594833374023 84.6439971923828 84.7353973388672 83.3271408081055 82.9352722167969 81.4831008911133 81.8622360229492 84.7808227539062 86.0009765625 86.009162902832 83.1725158691406 84.2232818603516 85.9503479003906 83.2104797363281 79.4595794677734 75.9180297851562 73.1697082519531 72.7938766479492 72.0538711547852 71.5581283569336 71.3274383544922 71.4017868041992 71.55810546875 71.5106048583984 71.3362350463867 71.1017456054688 70.8671112060547 70.6735076904297
87.6613311767578 86.7037124633789 86.3564758300781 90.8596649169922 88.9456939697266 89.9588928222656 93.8970794677734 93.2795791625977 94.221321105957 96.1060638427734 93.2768630981445 95.9275360107422 100.361846923828 96.8138885498047 93.1778411865234 96.4182739257812 94.938117980957 91.9018630981445 91.9344482421875 93.7378082275391 89.8427505493164 85.4549102783203 84.9258193969727 85.1849365234375 84.0956649780273 83.9925994873047 79.9449157714844 83.9310531616211 88.6983108520508 83.1945190429688 85.1616516113281 83.3305969238281 80.6167755126953 80.9641876220703 78.8398590087891 77.3892211914062 74.7877960205078 73.2716064453125 73.5602416992188 73.097526550293 72.0674591064453 71.5950241088867 71.6071701049805 71.7082748413086 71.6755828857422 71.4674682617188 71.1568145751953 70.922966003418 70.7082672119141
92.5007553100586 92.7731628417969 91.5363616943359 96.6586990356445 91.8911895751953 89.942741394043 94.1596221923828 94.0680236816406 92.7285995483398 95.6304092407227 94.6634979248047 94.3240966796875 100.281776428223 101.766784667969 97.5356369018555 98.0770416259766 93.7919006347656 91.9067535400391 94.0366363525391 94.3568267822266 92.9505310058594 88.8107452392578 85.0406951904297 85.9055252075195 86.8329925537109 84.4680786132812 79.5440902709961 80.8751525878906 85.0452728271484 83.6018218994141 80.8041000366211 78.1864395141602 76.9087066650391 76.9485473632812 75.6327514648438 75.1379928588867 73.9474258422852 73.3429107666016 73.6468505859375 74.0064010620117 73.1164093017578 72.6580047607422 72.4356536865234 72.1765289306641 71.8673553466797 71.4558486938477 71.2189636230469 71.1970062255859 70.6663055419922
93.6194229125977 94.1185836791992 94.1789932250977 96.8552017211914 94.5988082885742 91.9990463256836 93.4443664550781 96.2472915649414 94.6925659179688 95.5698165893555 96.7368011474609 95.8246231079102 98.0602188110352 101.299270629883 97.1966094970703 97.1287841796875 92.4770202636719 90.2809143066406 93.2082672119141 94.1484756469727 92.6091995239258 88.6626968383789 85.3129501342773 85.8303985595703 87.1104736328125 85.6356964111328 79.7212371826172 78.4446868896484 80.2810897827148 83.2207946777344 82.8911819458008 80.1166687011719 76.1913223266602 76.399658203125 75.4143600463867 74.1398162841797 73.8908081054688 73.8435821533203 73.4916458129883 74.1367416381836 73.9558181762695 73.4831848144531 73.0166931152344 72.7221603393555 72.2705383300781 71.6163101196289 71.3491287231445 71.3131866455078 71.7539443969727
94.0146484375 94.6904678344727 94.8639068603516 96.2003402709961 95.0534133911133 92.6943206787109 93.6345291137695 96.8814163208008 97.3535537719727 97.2692489624023 97.7255630493164 98.3976669311523 98.956428527832 102.745948791504 95.248908996582 95.3193283081055 92.5636901855469 90.1289825439453 91.0802612304688 91.4623489379883 89.9856109619141 86.4475250244141 85.4250335693359 85.5221862792969 85.8353881835938 86.5405197143555 80.7350845336914 79.0797958374023 77.8787002563477 78.3349151611328 80.9342727661133 82.6240081787109 82.6017990112305 81.504150390625 78.7651290893555 76.2745361328125 75.350341796875 75.2350692749023 74.2902984619141 73.9993667602539 74.1241760253906 73.5961990356445 73.0301818847656 72.7757568359375 72.4342346191406 72.1715698242188 71.8442230224609 71.4380569458008 72.9052658081055
94.3003158569336 95.1330413818359 95.4303894042969 96.168327331543 96.9019927978516 94.7559051513672 94.4203262329102 96.0133972167969 96.1894454956055 97.5065612792969 98.3710632324219 99.1808624267578 102.356925964355 103.110191345215 100.171058654785 97.7726287841797 92.8245620727539 89.8119430541992 89.224006652832 88.4690093994141 87.7648315429688 86.2331390380859 85.5273895263672 85.0947341918945 84.5837631225586 84.7654495239258 81.7011032104492 80.0528945922852 78.237434387207 77.0552597045898 76.5785140991211 78.4444732666016 81.2596282958984 82.2653198242188 83.4984588623047 81.7785263061523 79.8860244750977 78.2733154296875 75.9990386962891 74.5980911254883 74.2947387695312 73.6385650634766 73.1312026977539 72.6937484741211 72.2517776489258 72.2518539428711 71.8374099731445 71.333984375 73.537483215332
93.9588088989258 94.4809341430664 95.0923690795898 96.0987701416016 97.0773696899414 96.5592498779297 96.1154327392578 95.7779159545898 95.2015914916992 94.2920379638672 95.6711502075195 98.0954971313477 101.882606506348 100.176170349121 103.350769042969 99.9306335449219 92.8051986694336 89.311149597168 88.2614517211914 87.815559387207 87.1100234985352 86.4917602539062 85.5413208007812 84.8326187133789 84.3437271118164 83.1322479248047 81.2282104492188 80.4869613647461 79.2294235229492 77.5174331665039 76.4685974121094 75.4104766845703 74.5724334716797 76.0483245849609 79.0380172729492 80.4482955932617 81.8465576171875 79.5599365234375 75.7730026245117 74.2751312255859 74.1209945678711 73.7003860473633 73.3977355957031 73.0276641845703 72.5026550292969 72.0868835449219 71.7303848266602 71.5398330688477 74.4793090820312
92.7187881469727 93.4340591430664 94.3960876464844 96.0091018676758 95.7815017700195 94.7319641113281 95.6342315673828 95.2061309814453 96.0025787353516 94.7260513305664 93.0568237304688 95.816276550293 98.2665481567383 98.6245880126953 99.5461273193359 97.3870697021484 94.1804046630859 89.4194107055664 88.3071594238281 87.7302474975586 87.5105285644531 87.0596237182617 86.1475524902344 85.4178009033203 84.5628204345703 83.1346969604492 80.9634475708008 80.3361434936523 79.4474563598633 77.8672637939453 76.9252548217773 76.2595825195312 76.4062271118164 76.0537033081055 73.5263214111328 74.5002288818359 78.7298889160156 77.9783630371094 74.6662063598633 73.44287109375 73.7988433837891 73.5099868774414 73.3424835205078 73.2905044555664 73.0060577392578 72.453239440918 72.1205291748047 71.6969680786133 74.7664947509766
92.6025009155273 93.1391525268555 94.3302612304688 96.0083465576172 95.7740631103516 93.4018325805664 95.0999298095703 95.9705276489258 96.0789413452148 97.1864929199219 95.1824111938477 94.3747177124023 98.4473342895508 102.338500976562 94.636360168457 94.3329391479492 95.8768768310547 92.9962768554688 89.2615203857422 87.7004852294922 87.6022109985352 87.3505096435547 86.4940948486328 85.7440719604492 84.7728881835938 84.0931015014648 81.3518829345703 80.3376235961914 79.4412689208984 78.3436279296875 77.1376342773438 76.3646087646484 76.6558227539062 76.5292358398438 73.8476028442383 72.7937850952148 75.778434753418 78.5718841552734 75.5391464233398 73.7981719970703 73.7064590454102 73.2484436035156 72.9822311401367 72.9595947265625 72.5690307617188 72.2002868652344 72.1397323608398 71.5768280029297 74.2770614624023
94.123893737793 93.9365615844727 94.3051681518555 95.5342636108398 95.3332748413086 93.9194793701172 95.1036758422852 96.8720474243164 98.3425979614258 99.2923431396484 97.401985168457 95.7238845825195 99.2843627929688 101.996620178223 92.3197479248047 92.2600631713867 93.3675918579102 95.1140899658203 92.3502883911133 88.2503662109375 87.5476913452148 87.1843109130859 86.4709548950195 85.5920867919922 84.8622512817383 84.7727508544922 83.0730056762695 80.8856430053711 79.7313842773438 78.5474319458008 77.2612075805664 76.3443908691406 75.5317993164062 74.793830871582 74.5695419311523 73.8029937744141 74.3056335449219 78.7045974731445 77.1182403564453 74.3189315795898 73.3036575317383 73.055778503418 72.9448013305664 72.7078552246094 72.0690994262695 71.6054306030273 71.9477615356445 71.7055969238281 74.0379333496094
94.1304397583008 94.1082611083984 94.1506423950195 95.3799896240234 95.7583236694336 94.8688507080078 93.1317901611328 95.0230026245117 97.2842559814453 96.2867202758789 94.8618469238281 96.2992324829102 100.595161437988 101.912414550781 94.3028182983398 91.0517730712891 90.120964050293 91.3716506958008 91.8059158325195 89.3428802490234 87.8723678588867 87.0167388916016 86.4674453735352 85.3706817626953 84.6865997314453 85.2163314819336 82.9005737304688 80.9311599731445 79.7265701293945 78.5976104736328 77.5983810424805 76.6800994873047 75.5811767578125 74.6533508300781 74.5484313964844 73.8739700317383 73.4001998901367 78.9606018066406 78.2889556884766 75.4753265380859 73.6466674804688 73.1627960205078 72.9554595947266 72.5998687744141 72.3104705810547 72.0057067871094 72.0663146972656 71.4673309326172 73.5702896118164
92.9100494384766 92.6460037231445 92.3152313232422 94.2060775756836 94.3586959838867 96.1897125244141 98.3598709106445 99.8905487060547 101.765884399414 97.3215408325195 95.7507705688477 98.1434555053711 97.6275939941406 96.1224594116211 95.9199371337891 95.6396713256836 91.2721099853516 88.6308288574219 88.3878021240234 88.1062164306641 87.762077331543 87.3336563110352 86.5968704223633 85.9433288574219 85.2881622314453 85.0536499023438 83.5937881469727 84.2390747070312 82.655143737793 81.0779418945312 77.9084243774414 76.5950698852539 75.5477066040039 74.7895126342773 73.9283828735352 73.4878540039062 73.2291717529297 77.1543197631836 77.9401473999023 76.3532180786133 75.1496200561523 73.7352066040039 73.1377868652344 72.6884841918945 72.3174819946289 72.0985488891602 71.6398773193359 71.1366424560547 71.9560546875
92.7053146362305 92.9030456542969 93.005989074707 94.0387725830078 94.6992645263672 93.7854766845703 94.4747161865234 98.1812591552734 99.1603088378906 94.4684219360352 95.6514739990234 100.790962219238 98.1919937133789 96.8598480224609 92.1692962646484 95.8622360229492 95.7417297363281 91.3358535766602 87.8587341308594 87.6209182739258 87.5276412963867 87.2176284790039 86.6196823120117 85.5968627929688 84.5963668823242 84.2397994995117 84.7821731567383 85.814826965332 84.8605499267578 82.4894485473633 77.6384124755859 76.5569534301758 75.5155334472656 74.8102188110352 74.6557235717773 75.7767562866211 77.0516891479492 77.4368667602539 76.3653259277344 75.5549087524414 74.6529541015625 73.6611633300781 73.2286224365234 72.7160415649414 72.2753524780273 71.9656753540039 71.6401138305664 71.2692337036133 73.9989700317383
92.4691848754883 92.3584671020508 92.8897857666016 95.0536727905273 94.0638961791992 92.3247299194336 95.3641815185547 97.8697891235352 95.2709121704102 91.6314468383789 91.4629669189453 95.0204620361328 96.4540863037109 97.9392471313477 89.5200881958008 89.9343338012695 94.2202301025391 94.2231063842773 90.598030090332 88.2398376464844 87.3784484863281 87.3408813476562 86.9469146728516 86.0649185180664 85.166130065918 83.7367401123047 84.3788452148438 83.5741653442383 81.8227462768555 80.1855010986328 77.1583862304688 76.2488327026367 75.3075561523438 74.5136184692383 74.4586791992188 75.7814178466797 78.2802352905273 76.5770950317383 74.8115844726562 74.0497131347656 73.3366088867188 73.1304550170898 72.8468704223633 72.5517272949219 72.1870803833008 71.7975845336914 71.5107727050781 71.1979904174805 74.0811386108398
92.5094146728516 92.5801239013672 92.5499420166016 94.7164459228516 92.7016983032227 93.0399627685547 94.583625793457 91.7876968383789 90.9686431884766 89.6755752563477 88.3521270751953 89.1212387084961 94.2085876464844 100.257850646973 92.4628753662109 87.6539611816406 88.536491394043 91.7505874633789 -3.4e+38 92.7470016479492 90.3251571655273 88.1089553833008 86.7175445556641 85.9309768676758 85.1891937255859 83.4871292114258 82.8568344116211 82.3625259399414 78.9243545532227 77.6893997192383 76.8142852783203 75.9875564575195 75.1400375366211 74.2249145507812 73.5513687133789 73.3766479492188 74.8978881835938 76.2813110351562 75.3684692382812 74.3554153442383 73.3404159545898 72.7938919067383 72.2254791259766 72.1466751098633 72.0386962890625 71.6213455200195 71.2879104614258 71.1484222412109 72.0758666992188
91.2442016601562 90.3812408447266 90.1298751831055 92.0072937011719 91.3555679321289 92.6552047729492 93.1774749755859 88.3234252929688 88.4636001586914 88.531608581543 87.5987243652344 87.5277557373047 89.9628524780273 94.6501617431641 93.3410568237305 89.2493438720703 86.3776626586914 87.1217727661133 91.7925186157227 -3.4e+38 -3.4e+38 90.3944778442383 87.5361099243164 85.5931243896484 84.6212158203125 83.1222763061523 82.0112228393555 82.4278717041016 79.0152053833008 77.410888671875 76.4538879394531 76.5743408203125 76.7415084838867 75.9327621459961 75.0828094482422 73.0724182128906 72.7362060546875 73.0415496826172 73.0976409912109 73.4433212280273 73.9826889038086 72.9693832397461 71.8141555786133 71.4749298095703 71.5839233398438 71.4999313354492 71.130126953125 70.8633728027344 70.7703552246094
