rcp8.5models/GFDL_CM3/sc1gr9.40
NCOLS 261 
NROWS 433 
XLLCORNER 336357.134 
YLLCORNER 654653.479 
CELLSIZE 1000 
NODATA_value -9999 
[rows 308 to 329 of 433, columns 150 to 199 of 261]
247.564622103698 266.08012173586 280.605675927072 286.116176527418 290.040921573676 293.365190875084 282.252207837506 275.294246723186 275.318242757797 279.296331055831 268.204220570871 261.6980849343 257.876713977892 248.521112694331 244.833564623671 242.615485171947 241.86236714002 244.973926570367 248.89313655821 237.430802130846 233.518799999626 242.779194541035 243.277240783029 249.931609296407 247.317289455211 242.554767085817 230.811025881626 224.077234522036 237.26296391179 222.457018580822 215.657321798586 209.940045399752 210.231480948459 223.182655614529 240.132694985686 232.067611220501 236.445595359596 235.478020846163 236.405342953141 226.090893789423 223.251604515572 204.858981815106 178.769745675604 176.669199270012 177.336612770931 177.656063284419 179.11623831935 183.823789526801 202.147987482118 206.962847476472
241.858142670493 255.40715179306 282.652449362155 287.952254637072 287.996773969483 284.192390906652 274.95739863638 273.948905034626 276.08979557123 277.972428364478 264.467576937992 262.462608446355 260.172606242339 244.760975577245 221.643053185123 218.954589464499 225.977965597438 246.922976341777 252.589745999176 242.677681854422 235.403146314975 243.018650412167 241.890167594789 246.548360494408 248.138485496784 238.820330323054 234.907962123204 228.477139598472 237.504627722651 226.69894643357 210.136089527534 207.993508099808 209.38389093041 219.980072140036 237.504014586431 242.178809903524 233.403786812727 222.965993177936 229.71322430181 222.794826887768 222.750401405494 213.013907034644 182.924345067268 177.518745708641 178.695312829071 185.854315319899 188.606568638811 180.812492139896 190.603386974272 194.112786649938
241.98350322686 251.043640090839 280.096159632185 290.253202908502 287.618853015709 275.027498190237 258.930563940689 267.230364526535 274.291652392706 276.37197673703 267.409409508276 265.067552465525 257.567659591279 235.357569467181 210.726632547593 213.257807374079 231.714893814307 252.996830321898 247.798719691668 242.356927691275 239.627190273877 241.619372802627 239.962031651954 241.150020817107 242.180205154276 228.511648032008 234.461372652694 234.784934163208 232.890951920065 231.603896561912 213.669118405204 208.393242484502 209.634874616893 217.562488724864 229.410868919719 242.475634277124 237.131145851439 231.358425559621 226.074262452786 216.873975364094 217.999518710002 214.701305011096 183.534741703144 178.517229998047 180.17646339348 188.671327287762 193.802190073739 180.565850443418 184.764313727066 195.102890348508
242.019617785469 241.183049630401 257.393726604983 282.639847446871 287.453779643523 273.569577592593 258.74950566144 269.371476854421 274.115344887489 274.78137939652 267.538256806448 263.067038167312 250.665157345283 234.178827352248 220.520769024072 226.928218401109 248.033273937855 251.905837707855 242.072594956949 241.515296839218 242.200807709527 241.980199040926 247.587356805763 243.002869984496 233.518596586576 226.413856772412 227.937089640853 233.419009029797 231.884343313108 235.996625856149 221.333689745263 207.90850043972 208.026681243827 212.44001935627 225.487573895702 241.474548085853 236.996978249793 230.561803596961 226.048201262277 214.372112331563 218.390962672947 219.825881618555 181.638490109197 181.011657388042 181.096506419326 187.144473930886 193.207634897836 181.567312841576 184.967035357975 199.90765145295
241.689538325935 237.761011183707 251.186685663912 275.172786850863 265.472057079626 254.762166622631 264.448754490997 277.672490879489 274.105941648764 270.784977606934 266.769926384168 263.510255907533 255.1502892047 251.528824938111 246.274872898477 247.669911595714 256.041058160921 253.511321216847 244.530464649883 244.584605763034 243.985064406125 241.52865734933 240.833940503491 242.743669294461 222.576814273472 223.11571383815 222.216034314068 231.286251325179 234.021707148934 234.037515536148 227.392272522955 209.633508436101 211.84371980372 216.136525760151 218.490895519559 228.559291501477 236.9563584477 228.526998340247 222.574875666838 214.572561734588 219.38661809721 217.033750327575 185.465812060272 184.197540323147 183.383384117586 188.710504040193 192.609444124354 186.220010751338 183.786737177892 192.068102484086
249.689136404175 238.73516065275 236.679980046292 231.472691405182 231.000501931163 229.967709601133 231.99484871476 246.570670849153 252.876322992309 266.940985887187 261.847564077845 256.889957239853 256.617630969658 261.608695254919 262.826988972107 250.842520656264 230.689227907052 242.762396495713 257.454263275025 240.539527465612 243.260021489908 254.149362078492 249.850474554826 240.617949181407 237.849851559423 233.454835979218 214.597793998815 221.090841244589 240.787531877608 240.253954736462 215.67862440772 203.503097835841 212.421564544004 219.731812853925 228.7601017261 230.068554956392 229.895839453941 213.165235842139 226.538788676129 218.380527413929 220.303534545587 203.354737559909 190.757125561578 192.943963075473 188.738563215268 194.490910554048 201.790128664001 186.170406234075 184.949462693187 192.573282693114
248.401336720148 238.464544219423 236.174472025039 236.046770822034 238.049716011376 233.902642887069 224.929998639922 224.3407226357 253.658643227702 269.067058352604 265.645992031279 260.478420053026 257.720406755705 262.039709373995 263.192939570518 249.387321733111 219.19446138096 231.689602466779 258.816024575512 237.911308594049 240.047166615237 245.172897574676 239.387356655709 227.491444127945 239.088749251387 235.428421558339 216.678390962818 204.911628659652 219.829129711917 230.817013015508 222.600654297673 206.881814781871 196.321144067245 203.029734805813 218.733093789612 216.680860785923 233.95671384672 225.995899142524 226.448439135058 218.769108470837 223.294354593374 204.231126640227 193.35484698992 193.924987400531 190.451469221329 193.505511085164 203.504682902647 190.160820972848 185.544068486999 191.960319241161
249.657550888229 247.77813890233 245.037450944952 241.939265198946 235.564745335606 230.48292238157 224.538117422475 224.670048440419 270.159358940136 273.088491831143 268.406120145155 265.240111644239 262.885477902711 263.890803824192 263.075923753545 257.447885114785 235.652037340178 225.886662501066 241.135495841796 238.000210995819 239.163011361194 243.756074662207 243.895039353352 240.704843760292 247.916876982343 228.559711168463 218.560941478755 203.417891583928 213.115659303801 227.189454048701 232.45778942457 217.197703090816 201.283746009994 194.28872330079 208.058757664046 220.335816742256 242.917894287965 236.447642004057 221.908093173496 211.615931853006 217.43443445724 205.064660932413 195.053410905625 192.736445598348 190.001611696849 191.246589329311 200.932617907855 191.960637714627 187.076744556088 191.788200755106
250.836063986481 248.311628764719 244.280384963454 238.176998617589 231.516723816337 235.783653547099 233.321091417374 224.240874567857 266.907378054406 273.398556329341 269.85573732115 264.601907261613 266.775224783496 264.709678501761 263.561562121135 264.205257671111 255.891802781613 241.816972034459 242.420897861809 246.702026763004 242.647487600641 246.108415263232 242.507964534167 253.319888406466 250.276715941242 245.190717710518 239.751277478206 218.695805292624 219.976689608368 231.262394202398 227.551796209392 212.508856174035 221.436561470798 199.65700909717 218.470785956843 226.631683376309 226.279377488376 230.430542244484 215.679167024493 205.74740162614 209.599505259922 204.242168199622 193.589250637627 191.246572590072 188.883418653259 188.9399011207 197.931455322568 192.261452775797 189.629043782953 191.566396929069
242.934869760494 238.856374285171 235.674956313419 235.344828398341 241.098913866454 250.577021986126 255.255139029222 246.503094639159 269.507445453978 271.689761246109 270.98619319262 266.82091801914 261.819796568263 239.384022822984 228.087189947351 243.678187207096 263.421305933994 261.64758187465 259.824356483791 257.45637699027 248.375429727412 240.891056232888 233.18707037429 254.829406665947 242.075756642624 240.534120070182 230.577916490445 206.665985186988 214.246905221077 224.831265544914 237.679458468978 223.907608483371 217.549078358064 198.917860154915 232.107614397344 234.26545747169 220.324441850947 226.463866491647 210.406617313339 204.698136458108 206.79284461401 199.975937871223 191.541519348794 193.295002886713 190.52973893522 186.266249750261 196.720679527878 197.278107884273 199.137317093153 196.820147839589
247.882734118913 246.275729467753 245.437823686093 247.023741378475 252.739664551097 256.72150650667 263.432389861527 264.653588786923 276.337340697984 274.16306316934 273.20234256099 268.75316587448 250.578556574868 217.793168833331 196.877916996985 210.54186016091 264.665237357963 261.324499798618 262.418063917698 259.149903564723 253.489068949301 247.085497002399 237.89391397954 232.058619127958 212.709097328421 199.918231937138 206.059393426043 194.969147361905 221.135917140049 212.17175239887 224.035094337518 231.662693020741 216.256506191972 190.809518638329 213.094789430795 226.612001425602 238.089547011275 228.031376073892 213.982907007154 206.634279062388 208.346634805421 197.503908194727 190.45632444036 195.314936509923 193.184171607422 185.945939363597 195.58205393128 197.858628325967 201.639844308284 205.502979181601
256.829547963548 254.460992115757 255.841126970248 256.144438015143 253.223648847547 255.975933589873 256.639761132405 253.690913387645 278.77963285785 274.456524117588 259.723997328628 250.096476279161 237.212220121963 209.405084307911 196.866662123445 231.628706047186 265.84514792805 265.147676357936 265.606984432319 261.114025880796 258.911971385582 249.76701383864 229.748778140186 219.469408027961 205.480391968092 197.259069477959 209.55231265582 211.467500955574 236.167050882479 217.366088462026 204.844795948012 225.92219358227 211.088587325279 206.693519801081 200.975705549911 211.997502690765 227.137489781156 234.369556016319 221.120727855344 211.288798053096 208.452183198808 198.954189680356 189.866486136131 192.762830210863 191.054218798039 185.107397765756 192.265522332445 193.297680538746 195.133215072058 201.877808213544
251.254534120466 249.241517792453 254.915931474554 251.051845159539 242.649882471589 249.694287235368 248.742493444538 236.206061020242 276.540082977648 267.787361749272 231.864527501204 204.604331398981 222.162054234215 207.60370654348 214.664825839073 260.194850657192 244.564394116204 251.027907877844 265.610607454122 253.477358308324 248.861454888973 253.354809762893 235.467077748517 220.04271638498 203.282011623355 216.345603062797 216.931621005206 219.406716279968 231.969286531767 232.334250779698 215.059890044742 235.176765362975 203.526323689816 223.255992401804 218.601317289874 210.61204992053 227.904157039786 232.032391699558 222.129091350462 214.008404603483 206.200020529681 200.706315648172 190.957067013778 190.274638116108 187.237961506793 183.423496626005 187.062695360547 191.623205005266 193.729170162356 192.59314757223
247.666894894886 245.053685285538 250.130222499148 242.357682806443 231.950558096441 237.340867135033 240.788153455407 234.170238615255 276.544287612861 258.023901246946 224.337700919838 196.783557021131 204.484706379334 193.982893048193 219.169838786915 223.22266824495 219.098679667914 231.713500635449 267.119445697494 241.080562757852 234.899094750984 242.537857836347 238.623234324726 217.92969169759 198.421874267488 215.392078459737 217.851095520918 215.293414613266 223.264478324105 238.299905718488 229.27448164809 233.882853445658 215.672118097805 209.485072131138 226.318803312012 205.891820286297 242.258483411531 227.397667963885 221.338821488867 213.418365642351 206.272618577932 200.348707363387 192.321485912375 189.846196020207 187.357624437022 183.961617476914 188.457131612913 194.618854347805 194.700634372925 187.510913461336
255.033017243757 248.081288662384 248.436483721072 240.419445734599 230.312005787544 235.013235597083 241.582652454924 246.200317600382 281.741447557815 256.795461933173 223.54772712685 214.304130932267 205.709702242268 197.74284443398 200.865314216953 172.251526213018 192.892312929808 229.511702273093 262.648229420037 247.340028543933 228.345417422245 222.444861564322 215.416308788457 202.807711655072 208.668962599964 213.907785013094 217.748071228714 217.45246778701 218.27510189194 229.420653144182 224.557835402966 229.714795500328 239.731704413524 219.93085546536 229.359777671947 219.295258321908 237.033901019066 227.02873145821 221.769205809633 213.285494000728 207.978785690435 199.262221854903 194.263377672105 193.969659523548 193.394015202052 185.925501612182 191.485593116167 196.254984138093 194.685643609542 184.725495570617
256.805168996815 253.650150600424 254.611907250618 249.89875673719 238.91382258512 250.329840218981 255.729035908298 259.205037161633 278.87934099108 244.627025549769 197.873942263745 202.070792466599 185.918009118489 200.917619471861 206.247077010025 183.963476626506 190.951371582091 221.318884024668 231.535968599016 237.740418088617 220.697948133562 221.340347180475 208.271260835943 199.386366828374 216.868910288591 216.763593400832 216.66813736907 212.79023895134 206.764473891855 211.615875649453 219.544317603193 214.629372139072 229.51632018612 240.411416915941 234.968195555007 235.144411791289 233.589738316827 227.492989270548 223.21311704515 216.729796861232 210.254077339635 202.5861404775 198.800051256468 199.321490322149 195.507778521436 185.562925603443 189.068649176636 194.243550607588 194.334108301578 186.943679373572
248.443400848232 247.449927903526 251.493508649697 257.901212028928 254.458217569295 260.649498021829 254.228787640864 245.345146682205 264.783059962331 230.292246510581 176.503675709048 202.235030390094 175.001837631945 167.314946642726 182.773240289423 191.698597579585 200.739397147015 189.983575561267 200.670738667113 219.468834271264 236.675806675431 217.46265092897 207.101645744654 195.798848827367 219.237229569859 219.729105352048 207.802159255388 190.811438583671 201.648546869966 208.753431115945 222.001814329691 203.857759127706 229.167960068312 242.961320841159 234.262032750333 232.051235182149 233.457252760641 229.235791219261 224.850500217614 219.637156220484 211.217025476891 208.068411964209 200.440937361717 198.319434893899 191.086607228745 184.510208182576 187.091552732492 193.569598493915 193.462513720794 188.608563034057
242.619843464659 244.563390486014 242.326875457349 240.193495088128 239.260051468471 237.501128977341 222.720003982834 208.883986778971 229.156271647456 222.975456631875 216.306303981843 194.721907120493 211.694443379745 193.032438068585 161.062698214357 180.932714879541 194.70094576852 188.870899978119 193.26674073751 218.129361150449 214.174339522185 212.377110852327 216.19657846272 200.222453550008 205.139160014221 217.466655550488 213.135333168024 199.716093609926 211.488686624105 220.103698448554 222.000867871033 223.882251059977 228.377850937367 242.991428507866 233.35176920215 230.626131369107 231.254585445795 229.242155105431 223.681552572651 223.773347237255 216.428891805977 211.752871034184 199.643251102951 196.254879146081 192.683418057763 188.309842134917 185.810433261988 190.014864842815 190.531635018999 186.346971485184
241.682846692565 240.768538984702 227.643243012387 209.889220274364 227.661086382977 229.997999577462 223.620927179796 220.978546803803 198.392942188648 200.965986422283 182.756770185564 176.060284438542 213.4326041347 206.541705582126 189.825073328083 190.221283621527 187.095172197517 201.062273461811 215.88247786249 213.466534135535 210.921172467631 199.903642846981 213.731647472995 218.332481080577 218.218227215087 218.321671249963 219.109024747762 211.923647970643 204.650742573048 213.458232983593 255.462324908205 240.219782643497 223.870063622797 242.979421580582 233.579415720553 229.897037550212 229.519839575775 226.604617286042 220.092882460771 221.793127860743 216.421201016874 210.061915801946 201.317882754276 199.448215078973 194.63020021954 189.175844220463 185.616537605177 187.329341328153 189.71774415741 185.034379523124
241.481467402344 238.557515097123 224.479485570017 210.640876917359 225.91637391694 213.605837286395 203.765483729536 213.621899336552 200.523782293628 213.223198493031 187.749622848873 184.491635001472 194.819595452189 219.688098309156 219.794675617053 193.453989189109 166.230579439222 193.499871515886 199.051719256854 209.16498291835 205.718469283282 201.865562911004 208.268975722858 208.422720194054 194.20797218418 197.066045035756 209.804644070896 188.35251352078 196.842170314235 214.236155855278 258.495282835237 250.722798588766 243.320534933946 241.407958230829 235.193877066107 228.113559285009 225.653283222004 221.760126151207 217.421802748067 215.909089521007 213.237820335335 208.930609169371 203.684504755566 204.788553441466 197.81012987287 193.732875385186 186.308816377493 188.466455491899 188.782250884559 183.53507141129
244.873681390504 239.928183915959 233.977561517647 231.1988734626 227.516428645188 214.216755990409 204.839874234466 205.934589125313 201.887649539217 225.427346003153 202.040312577103 205.211663692034 183.844128580031 196.119203342346 219.591567363328 205.787553915085 189.140850676655 195.724887434563 183.531764254865 201.182485297433 217.593027267239 231.880604559949 202.666181591093 189.695765028085 180.530620423152 198.381712237335 204.268430767853 174.635634287314 198.051317467892 205.139798715178 228.15134306204 252.635361358847 244.144343290204 238.272716703652 233.251451859756 229.560474114903 226.160322025915 221.292607977006 217.865246497434 214.897386172853 211.568710882392 209.540035549499 209.62380837128 209.297974358835 204.80980626804 202.086385051262 186.915289234718 191.333383893981 191.524289850332 183.843402856819
246.397489492083 242.299102329422 238.155540863401 232.859182811963 229.30875957908 225.88092819495 215.439716770755 187.503713656537 181.795901204472 194.186951424317 178.301637742331 191.836011874075 188.693620325431 194.10015795412 207.34317468238 194.857142260118 199.904776853145 180.733978279476 174.036421386477 205.986567540114 253.14106839551 251.627853123693 197.200061142143 199.610494329226 197.597657367872 203.583884462973 208.334924478396 186.726772850665 214.177797188442 207.43928651475 202.500912305102 253.085238896825 243.087033215331 239.862236545145 235.31250756356 235.613116368726 230.728254621178 225.370720184726 221.391747660104 217.252646461474 211.546072415281 209.530448789913 214.981537862805 213.32664665131 211.437276829666 205.979063160837 187.939842997279 190.432358798128 191.177722344164 185.896301152823
