rcp8.5models/GFDL_CM3/sc1gr2.35
NCOLS 261 
NROWS 433 
XLLCORNER 336357.134 
YLLCORNER 654653.479 
CELLSIZE 1000 
NODATA_value -3.4e+38 
[rows 330 to 351 of 433, columns 147 to 195 of 261]
280.084197998047 282.805938720703 284.016906738281 285.430938720703 284.562042236328 284.099975585938 285.070159912109 285.059356689453 285.051391601562 285.890167236328 287.337921142578 287.645172119141 287.96533203125 287.772003173828 287.253143310547 286.576385498047 285.402557373047 285.692108154297 288.517700195312 288.323760986328 286.819915771484 285.784332275391 299.73291015625 313.68212890625 311.261444091797 303.435577392578 297.213348388672 293.380401611328 286.205200195312 282.905242919922 289.851806640625 295.826354980469 302.984252929688 310.704833984375 314.375 317.676086425781 316.672698974609 317.597991943359 317.681671142578 319.331939697266 321.234191894531 322.612365722656 323.611480712891 325.231201171875 325.719635009766 321.172973632812 320.122314453125 320.567901611328 324.623352050781
279.088317871094 282.175262451172 283.651794433594 284.59765625 284.238708496094 283.936492919922 284.731903076172 285.041870117188 285.019775390625 285.000915527344 286.012603759766 285.118804931641 286.76806640625 286.922790527344 285.903930664062 285.885467529297 285.869567871094 286.666870117188 287.83251953125 286.4892578125 285.785308837891 285.608428955078 298.953308105469 307.462524414062 314.252502441406 314.086853027344 307.935729980469 304.104797363281 294.868255615234 291.361663818359 295.031158447266 299.25048828125 308.089965820312 317.678253173828 317.015472412109 318.21044921875 316.619201660156 316.394683837891 317.361602783203 319.444458007812 321.603302001953 323.987609863281 325.841400146484 327.102081298828 327.464324951172 319.629455566406 318.230194091797 321.667449951172 325.391418457031
277.395477294922 280.935699462891 282.28369140625 283.743591308594 284.409973144531 285.046325683594 285.212280273438 285.171020507812 284.329376220703 284.335266113281 286.008666992188 283.452117919922 285.264617919922 286.739593505859 286.062225341797 285.204071044922 285.011047363281 284.994171142578 284.456939697266 284.776611328125 284.930084228516 286.054626464844 292.481475830078 298.592102050781 311.116546630859 317.203765869141 316.065185546875 313.123809814453 305.958923339844 302.876495361328 301.501831054688 302.277709960938 312.169891357422 320.923950195312 321.189788818359 320.549896240234 318.816345214844 316.553619384766 318.014404296875 320.640014648438 322.937225341797 324.907318115234 327.594390869141 328.093994140625 328.294769287109 321.642761230469 321.8115234375 325.493774414062 326.443359375
273.612213134766 273.795501708984 275.547515869141 281.752258300781 283.567626953125 284.878540039062 285.8662109375 286.159729003906 284.796875 285.023376464844 287.617828369141 284.426788330078 284.908172607422 286.386871337891 286.535980224609 284.349700927734 282.993194580078 282.468200683594 282.143035888672 281.409149169922 283.711669921875 286.69384765625 290.114044189453 296.301025390625 305.947998046875 314.017242431641 318.644195556641 318.184204101562 314.880004882812 314.187927246094 310.562957763672 309.731750488281 314.389953613281 321.352355957031 323.981262207031 321.089019775391 320.40478515625 317.335266113281 320.386657714844 324.7265625 325.434875488281 326.190216064453 328.130401611328 328.180114746094 328.145935058594 323.048431396484 325.784698486328 326.809692382812 327.276275634766
272.256622314453 271.875427246094 273.443695068359 279.588958740234 282.574127197266 284.856994628906 285.837707519531 286.998168945312 287.286224365234 286.299011230469 286.400848388672 284.8994140625 285.395172119141 286.201416015625 285.007171630859 282.829376220703 280.986236572266 279.115173339844 277.767547607422 277.679321289062 283.347747802734 286.875793457031 286.932037353516 293.192199707031 305.691741943359 313.049163818359 319.161560058594 322.258636474609 319.220733642578 318.462707519531 317.040863037109 318.202392578125 318.971832275391 321.683288574219 325.130889892578 322.205047607422 320.4140625 317.904541015625 322.789947509766 327.571807861328 326.918701171875 327.662658691406 328.640655517578 328.53076171875 328.152252197266 321.510711669922 325.892578125 327.091400146484 328.593109130859
268.489288330078 273.094879150391 276.458343505859 279.914794921875 282.566436767578 285.013397216797 286.150909423828 287.155364990234 287.910583496094 286.577667236328 285.751068115234 284.036224365234 283.853088378906 283.992553710938 282.152954101562 281.144805908203 278.465087890625 273.625366210938 270.044708251953 274.64208984375 282.475799560547 285.388061523438 281.719177246094 290.385803222656 305.379211425781 314.534851074219 319.091003417969 322.568878173828 322.629119873047 321.927581787109 320.678985595703 322.024353027344 323.165435791016 322.786590576172 325.433654785156 324.427856445312 319.869476318359 319.220123291016 325.03466796875 327.766571044922 327.431640625 327.854797363281 328.826690673828 328.493591308594 328.456146240234 320.831024169922 325.737579345703 328.275207519531 330.208801269531
267.616638183594 263.586853027344 266.382049560547 270.268157958984 276.562835693359 282.010986328125 284.738861083984 284.404022216797 284.218414306641 284.051696777344 285.051116943359 282.801727294922 278.487884521484 276.619445800781 273.287506103516 271.287231445312 269.959411621094 265.624725341797 262.707214355469 265.3037109375 271.547149658203 278.299621582031 288.359375 301.272735595703 309.797119140625 317.088928222656 321.549499511719 324.093414306641 323.825622558594 324.790374755859 323.659027099609 323.521362304688 323.213806152344 325.577972412109 326.590667724609 327.215179443359 327.165985107422 327.931365966797 328.064514160156 328.373199462891 327.565063476562 327.126220703125 328.489990234375 328.423156738281 327.845520019531 319.729187011719 329.301666259766 330.083251953125 330.5185546875
278.997528076172 273.920776367188 271.443725585938 268.260864257812 275.098419189453 280.0927734375 280.379577636719 280.895233154297 282.040832519531 282.529876708984 283.702239990234 282.130950927734 277.096771240234 272.2783203125 274.281158447266 276.939147949219 276.944885253906 271.782989501953 266.399841308594 267.161590576172 272.764984130859 278.787078857422 289.280731201172 296.770660400391 305.056640625 316.800567626953 322.146484375 324.832275390625 323.23779296875 325.045196533203 323.220764160156 322.487915039062 322.790649414062 325.222808837891 326.466613769531 327.152984619141 328.015991210938 328.305816650391 328.072265625 328.553619384766 328.052947998047 327.279632568359 328.764343261719 328.358245849609 328.376800537109 323.190246582031 329.135345458984 330.100036621094 330.540283203125
291.532012939453 287.545104980469 281.571807861328 276.929412841797 280.873474121094 283.244293212891 280.976867675781 277.185485839844 276.828918457031 277.852600097656 280.844055175781 281.267974853516 275.585540771484 271.953491210938 277.258483886719 282.904144287109 283.268615722656 276.064025878906 272.884948730469 274.577056884766 281.345062255859 281.114868164062 286.433197021484 295.157531738281 306.664581298828 316.494171142578 322.384521484375 324.877319335938 322.694488525391 325.238647460938 321.951477050781 320.396362304688 323.239135742188 325.762481689453 327.002960205078 327.378326416016 327.660217285156 328.337280273438 328.025604248047 328.204254150391 328.468719482422 328.385192871094 328.919372558594 328.873138427734 329.069396972656 325.447052001953 326.299407958984 330.018127441406 330.420959472656
297.874664306641 294.494476318359 291.042602539062 289.428039550781 289.591339111328 290.789764404297 289.761169433594 283.676605224609 280.864074707031 279.682952880859 279.65625 281.596038818359 277.926483154297 276.436157226562 281.412567138672 289.386596679688 290.940460205078 282.552886962891 282.173400878906 285.314514160156 286.512634277344 284.436584472656 283.717071533203 296.381011962891 311.505401611328 318.196746826172 323.241271972656 325.980224609375 324.537078857422 325.400604248047 321.768920898438 321.222412109375 325.04638671875 327.181091308594 327.007995605469 327.405609130859 327.597717285156 327.993103027344 328.03515625 328.076904296875 328.394592285156 329.159606933594 329.200531005859 329.103576660156 328.64013671875 325.549865722656 326.127990722656 329.892059326172 330.609619140625
303.473571777344 299.291748046875 296.219299316406 296.438842773438 298.112518310547 299.916046142578 299.461822509766 295.981506347656 293.997741699219 291.955841064453 288.470245361328 287.604248046875 285.933471679688 286.604278564453 292.081909179688 298.7138671875 297.558502197266 290.522308349609 290.943420410156 293.014709472656 289.454986572266 288.46435546875 285.394805908203 297.6806640625 313.151245117188 319.36865234375 324.551849365234 327.019134521484 326.810211181641 325.474517822266 323.844848632812 324.833099365234 326.126922607422 326.105712890625 327.019653320312 327.564300537109 327.959777832031 328.002288818359 328.044525146484 328.086486816406 328.263824462891 328.80029296875 329.210693359375 329.052856445312 328.621246337891 326.430450439453 328.096923828125 330.371948242188 330.490020751953
304.463562011719 301.787170410156 300.425537109375 302.988128662109 306.039855957031 306.518127441406 306.303863525391 304.804321289062 304.166656494141 303.942535400391 301.259429931641 295.259063720703 296.58251953125 298.401184082031 302.537017822266 305.687377929688 302.701141357422 297.515441894531 295.951080322266 295.842559814453 292.902587890625 293.308349609375 291.120849609375 302.120178222656 314.966369628906 319.026977539062 324.550567626953 327.0283203125 326.813690185547 325.632385253906 324.179565429688 324.668273925781 326.107147216797 325.638061523438 326.810150146484 327.925628662109 327.968597412109 328.011322021484 328.053741455078 328.236633300781 328.505767822266 328.39404296875 329.001190185547 328.959899902344 328.944213867188 327.817840576172 328.417907714844 330.598266601562 330.501159667969
309.047546386719 308.040252685547 307.736755371094 309.067565917969 310.327667236328 310.141265869141 310.333190917969 311.295867919922 311.807006835938 312.253479003906 310.576782226562 304.593658447266 306.390716552734 307.544586181641 309.187866210938 309.828369140625 309.748352050781 305.651733398438 303.450286865234 302.006072998047 297.743621826172 297.423492431641 299.107147216797 308.030853271484 317.131378173828 319.306823730469 324.213684082031 326.879333496094 326.579071044922 326.177551269531 324.155548095703 323.106414794922 326.579711914062 326.703582763672 326.825469970703 328.078369140625 328.483184814453 328.485870361328 328.419769287109 328.490295410156 328.50439453125 328.266632080078 328.509979248047 328.670013427734 328.999328613281 325.677581787109 327.21142578125 330.472869873047 330.512115478516
315.937042236328 313.78125 312.640411376953 311.949035644531 311.473815917969 311.784454345703 312.481018066406 313.938415527344 314.947296142578 316.762481689453 316.872161865234 313.204132080078 313.867279052734 315.514923095703 315.159576416016 313.639587402344 312.887756347656 308.932495117188 308.502593994141 308.222717285156 304.894012451172 302.690399169922 304.818206787109 311.819946289062 318.177459716797 320.751159667969 324.663391113281 326.364135742188 326.690887451172 326.637756347656 325.970458984375 325.014953613281 326.766235351562 327.000823974609 327.5458984375 328.227447509766 328.842834472656 328.583679199219 328.771881103516 328.741821289062 328.607666015625 328.418823242188 328.240173339844 328.413238525391 328.682861328125 325.420593261719 325.648529052734 330.103820800781 330.653625488281
318.229309082031 315.047943115234 312.431793212891 311.784698486328 312.136413574219 314.374053955078 317.273193359375 317.254028320312 317.761199951172 319.93408203125 321.352264404297 318.006042480469 317.340515136719 318.647827148438 318.136291503906 316.127288818359 312.786041259766 310.255035400391 311.474426269531 312.942596435547 311.254211425781 309.174652099609 311.190277099609 315.384887695312 318.513671875 322.514923095703 325.712799072266 326.372283935547 326.847930908203 327.1474609375 327.052185058594 326.728698730469 326.921325683594 327.364593505859 327.402160644531 327.730285644531 328.349151611328 328.135406494141 328.424194335938 328.498596191406 328.685760498047 328.638732910156 328.386688232422 328.799652099609 328.706237792969 327.348999023438 327.315826416016 329.407836914062 330.296813964844
320.301239013672 319.393280029297 317.265106201172 315.387145996094 314.833740234375 319.414733886719 323.534271240234 322.227447509766 322.040069580078 322.738128662109 323.994842529297 317.78857421875 314.796264648438 315.463623046875 317.944580078125 316.271881103516 313.255798339844 312.241546630859 312.362060546875 314.311431884766 314.638458251953 313.577453613281 315.601898193359 317.562805175781 319.089569091797 322.285919189453 324.640960693359 326.117980957031 327.128143310547 327.358367919922 326.347137451172 324.252044677734 327.073852539062 327.368743896484 327.274810791016 327.243133544922 328.002624511719 328.046081542969 328.089263916016 328.132171630859 328.254028320312 328.565612792969 328.899322509766 329.300720214844 329.2119140625 327.036682128906 327.266265869141 328.959899902344 329.799713134766
319.810241699219 321.486022949219 323.116790771484 322.321166992188 320.284484863281 322.644989013672 324.854156494141 324.198333740234 324.712432861328 324.290161132812 320.274658203125 313.112701416016 310.953002929688 311.614379882812 314.08984375 313.751495361328 311.059936523438 310.394409179688 309.293243408203 311.286590576172 315.057312011719 315.780059814453 315.981475830078 317.305084228516 320.195007324219 322.180877685547 323.616058349609 326.280120849609 327.357055664062 326.626159667969 323.970672607422 320.799743652344 326.36865234375 327.021118164062 327.276580810547 327.250793457031 328.010833740234 328.054473876953 328.238128662109 328.507720947266 328.183654785156 328.4970703125 329.199676513672 329.049743652344 329.072723388672 326.426116943359 323.277618408203 328.454650878906 329.420593261719
318.113739013672 319.0927734375 320.072814941406 321.239135742188 323.459259033203 325.529449462891 325.369293212891 325.682220458984 326.016052246094 324.400726318359 319.287567138672 315.944885253906 313.087341308594 309.416107177734 310.074859619141 313.897979736328 312.399566650391 309.377655029297 307.948089599609 308.794891357422 312.235748291016 315.41650390625 317.352874755859 318.659423828125 320.887451171875 322.329986572266 324.358764648438 327.097717285156 327.079803466797 326.48291015625 323.070617675781 318.065063476562 322.885711669922 327.244384765625 326.930389404297 327.115325927734 327.656219482422 328.203765869141 328.748748779297 329.013702392578 328.698760986328 328.875244140625 329.141204833984 328.876312255859 329.091247558594 327.048553466797 323.910125732422 327.954772949219 328.447875976562
314.862365722656 317.352325439453 316.706207275391 318.126068115234 320.672698974609 321.0166015625 323.237670898438 327.0126953125 327.575805664062 324.917236328125 322.912109375 320.746643066406 320.726501464844 319.379364013672 318.204254150391 318.85546875 318.686248779297 316.190460205078 313.857696533203 312.625213623047 314.228637695312 317.362457275391 319.664916992188 321.9697265625 324.515655517578 325.1474609375 325.97314453125 326.451751708984 326.781280517578 326.760772705078 326.599884033203 326.119812011719 326.251647949219 327.61328125 326.945587158203 326.56494140625 326.189880371094 328.105102539062 328.652954101562 328.698059082031 328.495910644531 328.520446777344 328.677215576172 329.009490966797 329.069183349609 328.798980712891 327.387115478516 326.686218261719 328.200103759766
317.894378662109 322.041687011719 322.671875 323.026214599609 322.394073486328 321.915771484375 326.016876220703 328.146789550781 327.885192871094 324.902130126953 323.065856933594 320.228546142578 320.376251220703 319.528594970703 319.019378662109 320.336334228516 320.826019287109 319.821960449219 317.973663330078 316.622955322266 316.730438232422 318.629943847656 321.006225585938 322.671752929688 323.958892822266 325.478118896484 325.805023193359 326.088134765625 326.765716552734 326.745422363281 326.738616943359 326.917938232422 327.463989257812 327.765228271484 327.313079833984 326.717529296875 326.521759033203 327.862365722656 328.215301513672 328.396759033203 328.217926025391 328.260986328125 328.365753173828 328.781524658203 329.388244628906 329.133636474609 327.467956542969 327.228790283203 328.347412109375
322.275970458984 323.976776123047 325.281005859375 327.961761474609 326.381408691406 325.90576171875 329.638610839844 330.068634033203 328.210784912109 326.053192138672 324.545989990234 319.687927246094 318.364807128906 319.181701660156 319.833953857422 321.314849853516 323.301147460938 323.793609619141 321.818389892578 318.588806152344 318.751525878906 319.667510986328 321.204864501953 320.782531738281 322.236541748047 325.807922363281 325.941650390625 326.421752929688 326.750244140625 326.881286621094 327.087493896484 326.92333984375 327.3212890625 327.412292480469 327.316009521484 327.005462646484 327.145385742188 327.617706298828 328.138824462891 328.320617675781 328.731597900391 328.775238037109 328.683685302734 328.618988037109 329.397033691406 329.353851318359 328.810760498047 328.201599121094 328.364135742188
323.635925292969 323.259765625 325.344207763672 330.295928955078 330.606903076172 330.59716796875 330.763916015625 329.844909667969 327.391235351562 327.229034423828 326.508636474609 318.328460693359 315.670043945312 315.836669921875 318.650665283203 321.465911865234 322.620361328125 323.758941650391 324.450744628906 321.440368652344 319.874114990234 321.672821044922 321.523132324219 318.772583007812 321.135925292969 325.687072753906 325.925354003906 326.404876708984 326.879974365234 327.210205078125 327.236633300781 327.138549804688 326.976287841797 -3.4e+38 326.967712402344 327.012908935547 327.057800292969 -3.4e+38 328.146697998047 328.325744628906 328.865814208984 329.277679443359 329.189300537109 329.000030517578 329.405700683594 329.238952636719 329.275970458984 328.447662353516 328.269500732422
