rcp8.5models/GFDL_CM3/sc1gr4.15
NCOLS 261 
NROWS 433 
XLLCORNER 336357.134 
YLLCORNER 654653.479 
CELLSIZE 1000 
NODATA_value -3.4e+38 
[rows 352 to 373 of 433, columns 147 to 195 of 261]
264.807312011719 263.671112060547 267.305938720703 276.224090576172 277.448822021484 277.418212890625 277.363403320312 276.805297851562 275.894866943359 276.052764892578 274.677429199219 266.01806640625 260.540191650391 257.232086181641 263.636749267578 270.319152832031 270.666748046875 268.03515625 267.930816650391 270.610687255859 271.241912841797 273.174774169922 269.997467041016 266.520782470703 268.259246826172 273.842559814453 276.099853515625 276.730895996094 277.452301025391 278.016967773438 278.200561523438 278.032897949219 278.107299804688 279.410369873047 278.966552734375 278.881744384766 278.889526367188 279.067901611328 279.271453857422 279.883361816406 280.311279296875 281.000885009766 281.083465576172 281.097198486328 281.061645507812 281.298675537109 280.650268554688 280.190521240234 280.229034423828
262.849487304688 263.115814208984 267.935180664062 276.845458984375 277.724731445312 277.747589111328 277.604614257812 277.324981689453 276.904052734375 276.436950683594 275.553497314453 271.994995117188 268.234436035156 265.538818359375 269.20654296875 274.040222167969 274.277008056641 269.045715332031 262.971527099609 267.669891357422 275.736968994141 276.476257324219 272.909912109375 271.870513916016 271.660034179688 274.499267578125 277.006164550781 277.534515380859 277.591217041016 278.171600341797 278.605010986328 278.613830566406 278.809234619141 279.728393554688 279.025299072266 278.880279541016 278.911956787109 279.151000976562 279.401428222656 280.132354736328 280.514099121094 281.126037597656 281.262420654297 281.182250976562 281.434997558594 281.39892578125 280.839660644531 280.382232666016 280.252960205078
262.001281738281 264.420318603516 271.333526611328 277.722381591797 277.744842529297 277.690612792969 277.719329833984 277.654815673828 277.292175292969 276.788757324219 276.151428222656 275.650146484375 274.846374511719 274.406646728516 274.682495117188 275.097015380859 275.564483642578 274.239318847656 270.084106445312 271.336212158203 275.504943847656 277.310394287109 276.973999023438 276.801940917969 276.553833007812 277.519683837891 277.851013183594 278.006256103516 277.929992675781 278.260986328125 278.640716552734 279.065399169922 279.337341308594 279.796966552734 279.224456787109 279.007263183594 279.205291748047 279.611145019531 279.889404296875 280.4462890625 280.899810791016 281.206237792969 281.388732910156 281.387298583984 281.55615234375 281.651000976562 281.127532958984 280.751190185547 280.519714355469
261.022644042969 263.830841064453 271.996032714844 277.802276611328 277.794738769531 277.716979980469 277.769775390625 277.739685058594 277.538940429688 276.977416992188 276.43310546875 276.013000488281 274.944763183594 273.293365478516 272.377105712891 272.064453125 276.201293945312 276.755737304688 277.037139892578 275.580596923828 274.354949951172 277.701202392578 276.014282226562 275.850952148438 276.738952636719 277.908081054688 278.080169677734 278.078765869141 278.201904296875 278.443145751953 278.49609375 279.051940917969 279.404449462891 279.710845947266 278.901672363281 278.388610839844 279.415130615234 279.940643310547 280.173675537109 280.655487060547 281.228973388672 281.472351074219 281.578857421875 281.776336669922 281.638641357422 281.979095458984 281.332946777344 280.428527832031 280.002136230469
259.503845214844 265.468566894531 274.646575927734 277.798858642578 277.761383056641 277.600646972656 277.511352539062 277.349487304688 277.377777099609 277.140686035156 276.452819824219 276.149597167969 274.627685546875 271.427398681641 270.701812744141 272.404357910156 276.119293212891 276.419281005859 277.084136962891 276.773101806641 276.188018798828 276.067321777344 274.184204101562 275.650970458984 276.304107666016 277.353057861328 278.286987304688 278.550537109375 278.565765380859 278.714965820312 278.752960205078 279.181335449219 279.676208496094 279.625274658203 278.841705322266 278.484771728516 279.699798583984 280.081481933594 280.207550048828 280.566864013672 281.140777587891 281.448333740234 281.743072509766 281.9814453125 281.860931396484 281.912139892578 281.348510742188 280.608703613281 280.380767822266
260.69970703125 272.775695800781 278.069122314453 277.954956054688 277.72802734375 277.335296630859 276.954406738281 276.787414550781 276.796020507812 276.808898925781 276.196899414062 276.451232910156 275.434478759766 273.298583984375 273.804840087891 276.061065673828 275.752807617188 276.191497802734 277.130401611328 277.890655517578 277.833099365234 275.157135009766 272.816680908203 276.493011474609 277.306579589844 277.075286865234 277.606567382812 278.973541259766 279.246673583984 279.020751953125 279.097961425781 279.688812255859 279.958190917969 279.861083984375 279.491394042969 279.47314453125 279.937042236328 280.170288085938 280.381011962891 280.337860107422 280.905334472656 281.186187744141 281.840209960938 282.005004882812 282.084136962891 281.893157958984 281.624755859375 281.307769775391 281.070404052734
265.301910400391 277.442016601562 278.209869384766 278.080902099609 277.551513671875 277.028564453125 276.730255126953 276.646301269531 276.591369628906 276.532684326172 276.336212158203 276.921081542969 276.891693115234 276.751892089844 276.613250732422 276.44677734375 276.055084228516 276.438995361328 277.242401123047 277.802337646484 277.966644287109 276.912750244141 273.661376953125 276.809295654297 278.099395751953 277.468780517578 276.814331054688 279.204040527344 279.777770996094 279.360656738281 279.237243652344 279.744812011719 280.027709960938 280.095672607422 279.810180664062 279.552093505859 280.040863037109 280.403625488281 280.657867431641 280.183502197266 280.63525390625 281.032470703125 281.589660644531 282.001525878906 282.057250976562 281.9521484375 281.801788330078 281.300994873047 280.972076416016
272.617156982422 277.913330078125 278.176208496094 277.994140625 277.524444580078 277.226867675781 276.936065673828 276.594757080078 276.726348876953 276.613494873047 276.619476318359 277.359741210938 276.917083740234 276.641998291016 276.722625732422 276.528198242188 276.330230712891 276.686981201172 277.268829345703 277.715270996094 277.907928466797 277.969390869141 276.469787597656 278.058898925781 278.404571533203 277.944427490234 277.556762695312 279.318145751953 279.800201416016 279.416900634766 279.136596679688 279.505706787109 280.048980712891 280.176513671875 279.797546386719 279.439514160156 280.357879638672 280.809265136719 280.822692871094 280.236968994141 280.473297119141 280.982635498047 281.281158447266 281.9560546875 281.932922363281 281.866394042969 281.783752441406 281.472137451172 281.155395507812
277.803955078125 278.047943115234 277.775970458984 277.639434814453 277.556243896484 277.382690429688 277.048400878906 276.891540527344 276.793914794922 276.385711669922 276.331512451172 277.358093261719 277.298950195312 276.964752197266 276.602233886719 276.214813232422 276.294006347656 277.071319580078 -3.4e+38 277.792358398438 278.092010498047 -3.4e+38 279.041595458984 278.956665039062 278.897827148438 278.972351074219 279.195648193359 279.510864257812 279.7294921875 279.265441894531 279.630798339844 279.879058837891 280.246795654297 279.968322753906 279.943359375 280.090362548828 280.721710205078 280.984283447266 281.021087646484 280.847198486328 280.653259277344 281.086639404297 281.627136230469 282.139129638672 282.198394775391 282.111999511719 282.069030761719 281.861968994141 -3.4e+38
-3.4e+38 278.096984863281 277.771881103516 277.484130859375 277.195281982422 277.158203125 277.057067871094 277.192474365234 277.099151611328 276.798431396484 276.598937988281 277.604125976562 277.433135986328 277.132690429688 277.267700195312 276.849761962891 276.735015869141 277.09912109375 277.317718505859 277.628173828125 277.756530761719 278.257476806641 279.252716064453 279.531402587891 279.59375 279.402679443359 279.454742431641 280.000701904297 279.883544921875 279.595489501953 279.863830566406 279.876068115234 280.2919921875 280.228424072266 280.000854492188 280.018280029297 280.492279052734 280.883605957031 281.101745605469 281.016876220703 280.93115234375 280.977996826172 281.478393554688 282.009582519531 281.98828125 282.278076171875 282.192413330078 281.916534423828 281.813537597656
278.121948242188 278.361511230469 278.169281005859 277.594848632812 277.298950195312 277.185638427734 277.225402832031 277.4931640625 277.40478515625 277.270843505859 277.237060546875 277.906799316406 277.651245117188 277.322418212891 277.487579345703 277.099945068359 277.042205810547 277.043823242188 276.954132080078 277.234313964844 277.499176025391 278.223083496094 279.193450927734 279.65966796875 279.957977294922 279.648193359375 279.699432373047 280.24755859375 280.205993652344 279.994689941406 280.05224609375 280.050842285156 280.336883544922 280.202484130859 279.938232421875 280.061767578125 280.656707763672 281.116333007812 281.539672851562 281.426635742188 281.119812011719 281.117828369141 281.331634521484 281.946472167969 -3.4e+38 282.440490722656 282.273162841797 281.769897460938 281.848937988281
278.2236328125 278.358917236328 278.227691650391 277.818359375 277.508148193359 277.301239013672 277.467559814453 277.545379638672 277.490631103516 277.547302246094 277.626373291016 278.070556640625 277.984497070312 277.846069335938 277.457153320312 276.488067626953 276.484802246094 276.790374755859 276.571472167969 276.530151367188 277.360321044922 277.999114990234 278.801086425781 279.272613525391 279.687225341797 279.998413085938 280.230926513672 280.636322021484 280.609741210938 280.57421875 280.631652832031 280.606384277344 280.689971923828 279.913452148438 279.815673828125 280.128295898438 280.857818603516 281.17333984375 281.6474609375 281.884185791016 281.722320556641 281.716888427734 281.551879882812 281.715728759766 -3.4e+38 -3.4e+38 282.165191650391 281.851898193359 281.930847167969
278.346984863281 278.180419921875 278.044250488281 277.809295654297 277.520812988281 277.54248046875 277.488708496094 277.458435058594 277.520935058594 277.736389160156 277.764801025391 -3.4e+38 -3.4e+38 277.84326171875 277.040100097656 276.671752929688 276.698913574219 276.727600097656 276.328460693359 275.176940917969 275.954711914062 277.661285400391 278.272216796875 278.559112548828 278.890441894531 279.740173339844 280.221405029297 280.826354980469 280.883666992188 280.931335449219 281.047515869141 280.997833251953 280.901733398438 280.017883300781 279.956390380859 280.185668945312 280.855255126953 281.125823974609 281.524261474609 281.970642089844 282.007965087891 281.922332763672 281.816772460938 281.757568359375 282.130767822266 -3.4e+38 282.016662597656 282.036743164062 282.240600585938
278.386749267578 278.010864257812 277.844055175781 277.616027832031 277.403411865234 277.463684082031 277.539184570312 277.544006347656 277.680206298828 277.879241943359 278.147888183594 277.872467041016 277.981903076172 277.587829589844 276.978393554688 277.504638671875 277.673248291016 277.224792480469 276.790771484375 275.269439697266 274.983001708984 277.379638671875 278.240509033203 278.442138671875 278.614288330078 279.363220214844 280.159515380859 280.724273681641 280.64697265625 280.879180908203 280.878295898438 280.852661132812 280.839569091797 280.501556396484 280.434143066406 280.067687988281 280.550079345703 281.122894287109 281.386047363281 281.600311279297 281.983337402344 281.925079345703 282.086883544922 281.978942871094 282.064453125 282.726226806641 282.161590576172 282.41015625 282.697662353516
278.374237060547 277.8720703125 277.757568359375 277.651519775391 277.589965820312 277.602020263672 277.726379394531 277.712860107422 277.951293945312 278.100708007812 278.480712890625 277.841461181641 277.783386230469 277.561584472656 277.613494873047 277.836029052734 277.922302246094 277.641082763672 277.423126220703 276.407653808594 275.697875976562 277.064422607422 278.312835693359 278.96044921875 279.232727050781 279.640228271484 280.123291015625 280.24853515625 280.351196289062 280.901306152344 280.885467529297 280.875518798828 281.263946533203 280.893310546875 280.696044921875 280.010131835938 280.244842529297 281.052673339844 281.089385986328 281.137451171875 281.550384521484 281.986846923828 282.290161132812 282.082855224609 282.188629150391 282.869750976562 282.703002929688 282.574859619141 281.989044189453
278.017730712891 277.650604248047 277.680297851562 277.671173095703 277.625701904297 277.880798339844 278.086059570312 278.154876708984 278.535125732422 278.555694580078 278.309204101562 278.053802490234 277.669250488281 277.669860839844 277.974884033203 278.056884765625 277.835083007812 277.829956054688 277.889984130859 277.280853271484 -3.4e+38 276.778350830078 277.982604980469 278.642730712891 279.368865966797 279.815338134766 279.919921875 279.702423095703 280.024719238281 280.571716308594 280.990936279297 281.159210205078 281.798126220703 280.809906005859 280.356597900391 280.182891845703 280.521820068359 281.011932373047 281.282196044922 281.525054931641 281.633453369141 282.090240478516 282.541839599609 282.623870849609 282.662567138672 283.053924560547 283.115966796875 282.454742431641 280.986511230469
277.678924560547 277.760101318359 277.78173828125 277.638427734375 277.509216308594 277.772308349609 278.234252929688 278.541259765625 278.781616210938 278.524505615234 278.11328125 278.355224609375 277.805816650391 277.917419433594 278.164825439453 278.110900878906 277.886383056641 278.048889160156 278.303375244141 278.052337646484 276.796020507812 275.058715820312 278.070648193359 278.359130859375 278.955780029297 279.205688476562 279.328735351562 279.407684326172 280.044403076172 280.599731445312 280.978057861328 281.300231933594 281.832092285156 280.867462158203 280.491912841797 280.656921386719 280.776733398438 280.910369873047 281.474456787109 282.021942138672 282.085876464844 282.35546875 282.707061767578 -3.4e+38 282.6513671875 282.178100585938 282.217315673828 281.890411376953 281.026214599609
277.996856689453 278.248474121094 277.929595947266 277.529998779297 277.476226806641 277.625915527344 278.100708007812 278.592834472656 278.718444824219 278.43798828125 278.336395263672 278.605682373047 278.271057128906 278.275848388672 278.578033447266 278.272552490234 278.297088623047 278.517852783203 278.470184326172 278.026702880859 276.863677978516 275.181488037109 278.309600830078 278.759735107422 278.874755859375 278.798309326172 278.724212646484 279.253509521484 280.249664306641 280.928253173828 281.036926269531 281.615905761719 281.793640136719 280.898773193359 280.916137695312 281.2294921875 281.061767578125 280.984344482422 281.327362060547 281.958160400391 282.083435058594 282.088806152344 281.710571289062 282.036346435547 281.655731201172 281.252136230469 281.586486816406 281.504943847656 281.138366699219
278.433197021484 278.456695556641 278.018035888672 277.714599609375 277.46630859375 277.487365722656 277.985198974609 278.483734130859 278.833831787109 278.798980712891 278.693756103516 278.774017333984 278.549255371094 278.443084716797 278.855133056641 278.796203613281 278.769836425781 278.581573486328 278.165405273438 277.798950195312 277.545745849609 277.294006347656 278.078796386719 278.786041259766 278.956268310547 278.853546142578 278.719879150391 279.250823974609 280.222503662109 280.842681884766 281.120880126953 281.947631835938 281.661560058594 280.966156005859 281.232147216797 281.772552490234 281.703125 281.497314453125 281.164398193359 280.841461181641 281.792999267578 281.009735107422 280.695892333984 281.044860839844 281.002075195312 281.119049072266 281.616241455078 281.684906005859 281.445068359375
278.471038818359 278.316345214844 278.084564208984 278.073272705078 277.99755859375 277.871276855469 277.938385009766 278.782012939453 279.197265625 279.376831054688 279.182434082031 278.654296875 278.407684326172 278.631134033203 279.045196533203 279.209625244141 279.153930664062 278.851104736328 278.452697753906 278.479400634766 278.458068847656 278.205108642578 278.174713134766 278.480560302734 279.130737304688 278.808990478516 278.891174316406 279.220947265625 280.010223388672 280.38330078125 280.853118896484 281.907318115234 281.691833496094 280.253601074219 281.310699462891 281.316864013672 280.197570800781 280.702423095703 279.761901855469 279.459442138672 279.663940429688 279.723724365234 279.999053955078 280.866180419922 281.1552734375 281.633636474609 281.461578369141 281.750762939453 281.754638671875
278.468688964844 278.435638427734 278.381225585938 278.292083740234 278.043212890625 277.822448730469 277.865600585938 278.401275634766 279.057952880859 279.526000976562 279.707763671875 278.928009033203 278.792175292969 278.900939941406 278.988800048828 279.320281982422 279.073089599609 278.846008300781 278.983428955078 278.958221435547 278.812622070312 278.815765380859 278.812469482422 279.001068115234 279.417114257812 278.831085205078 278.945465087891 279.217926025391 280.033142089844 280.566284179688 281.123260498047 281.821655273438 281.796417236328 279.403259277344 280.592529296875 280.688720703125 280.284576416016 280.178497314453 280.033294677734 279.817321777344 279.429382324219 279.636932373047 279.946350097656 280.234985351562 280.669464111328 281.685119628906 281.873413085938 281.850250244141 281.686187744141
278.776733398438 278.911529541016 278.841674804688 278.416381835938 278.046081542969 278.044464111328 278.013641357422 278.197937011719 278.806579589844 279.305267333984 279.686737060547 279.484222412109 279.593139648438 279.562774658203 279.396148681641 279.208923339844 278.486053466797 278.758697509766 278.951416015625 278.985198974609 278.757171630859 279.024658203125 279.548034667969 279.805725097656 279.709259033203 279.357238769531 279.209350585938 279.157806396484 279.908233642578 280.292053222656 281.204284667969 281.562255859375 280.859252929688 279.287292480469 279.909820556641 280.220031738281 280.839324951172 280.537902832031 280.005310058594 279.815277099609 279.651092529297 279.775726318359 279.938354492188 280.043060302734 280.623229980469 281.511016845703 281.949615478516 281.928497314453 281.863433837891
