rcp8.5models/GFDL_CM3/sc1gr8.4
NCOLS 261 
NROWS 433 
XLLCORNER 336357.134 
YLLCORNER 654653.479 
CELLSIZE 1000 
NODATA_value -9999 
[rows 66 to 87 of 433, columns 50 to 99 of 261]
-9999 -9999 -9999 -9999 -9999 -9999 -9999 -9999 -9999 -9999 -9999 -9999 -9999 -9999 -9999 -9999 -9999 43.2795593143248 43.3601014474871 -9999 43.7370996332767 43.9261293373323 43.9758564315177 44.0175800781467 44.8853553731474 45.1134318884278 45.16752669502 45.2155590317958 45.9899819370888 46.0668985721795 46.5675958705826 46.6385239443266 46.6974752851417 46.7580747817379 46.8203549845775 47.2010534726083 48.1060797353779 48.1778431353354 48.4059835116608 -9999 48.6357327997663 49.2644676193663 49.6573860726634 -9999 -9999 49.9393641512233 50.7319916543308 50.828029035841 50.9270521600072 51.0291821741411
-9999 -9999 -9999 -9999 -9999 -9999 -9999 -9999 -9999 -9999 -9999 -9999 -9999 -9999 -9999 -9999 -9999 43.2527598900543 43.6352858551742 43.6958287321673 -9999 43.9069805909495 44.2533348900106 44.6765242221752 45.0302108667173 45.0920178219475 45.138529974516 45.4961258724454 46.2808912723333 46.358468522356 46.4131719502036 46.4694366888307 46.8417176664907 46.9070430038111 46.9677939929581 -9999 -9999 48.0132658965009 48.0836010144206 48.1605947253832 48.9194973256269 49.5438777488111 49.7867270913067 49.8708484384859 49.9574855334975 50.0535379299533 50.3471710967763 50.7892979303672 50.887869112417 51.0056564215767
-9999 -9999 -9999 -9999 -9999 -9999 -9999 -9999 -9999 -9999 -9999 -9999 -9999 -9999 -9999 -9999 -9999 43.2892055440357 43.7100478689145 44.0796224873772 44.1391839807852 44.3064527144318 44.3558327765708 45.2252119015321 45.3152054487555 45.4955336939524 45.5492049023978 45.5977388208159 46.5529790332655 46.7670272289068 46.8262389129973 46.8830050655296 46.9413402700707 47.3171268369088 47.381992843643 47.4448781029138 47.5095160777691 48.284544499292 48.3542519605365 48.4258764121446 48.9055081387015 49.6691965742668 49.7579919717163 50.1217382035339 50.3703128537322 50.4596586520185 50.5753380993124 51.201697378152 51.300376604398 51.4022296681278
-9999 -9999 -9999 -9999 -9999 -9999 -9999 -9999 -9999 -9999 -9999 -9999 -9999 -9999 -9999 -9999 -9999 43.1036309722635 43.9772826220935 44.2006558176036 44.2479291046546 44.28756131436 44.635680695612 45.3491804090159 45.4289270162283 45.4746128258394 45.8316394547352 45.8925068202837 46.6737807728275 46.7430779376852 46.7981860972505 46.8548230812773 47.2283291258734 47.4442886969425 47.5079881544647 47.5719030580308 47.6386378831293 48.2568166863629 48.6417678900104 48.7127939836939 -9999 -9999 49.7395456358864 49.9680910459873 50.0548209110472 50.1554701177354 50.5549026965646 51.4806363630376 51.5787023667204 51.6799724715035
-9999 -9999 -9999 -9999 -9999 -9999 -9999 -9999 -9999 -9999 -9999 -9999 -9999 -9999 -9999 -9999 -9999 43.4746685082742 44.1049931181902 44.1827752224617 44.5273264916516 44.5860398947448 44.7579665965194 45.3307532986814 45.71093296348 45.7707098649579 45.9557585565813 46.0103879971708 46.2815065116121 47.0205954076824 47.0908840746472 47.1469751129762 47.3555968039131 47.417776198434 47.4798615948598 47.5437177623887 48.2950297108026 48.5448153931287 48.7724614635714 48.8444199309727 49.0026420856616 -9999 50.0199640108652 50.1026850096232 50.1878534416063 50.2819542851015 50.5512556689621 51.352441749164 51.7160130757546 51.8179932170717
-9999 -9999 -9999 -9999 -9999 -9999 -9999 -9999 -9999 -9999 -9999 -9999 -9999 -9999 -9999 -9999 42.898490171996 43.6144352848645 43.8060057709328 44.1586960807731 44.3465072038141 44.6807078901426 44.7387702068405 45.6142688730052 45.8343541829718 45.8868421672998 45.9346321677253 46.2951605197655 46.783104908121 47.1518679635061 47.2142252150855 -9999 47.3302500138786 47.7073008306102 47.7705714332485 47.8353208117743 48.6063003772404 48.6743147953955 48.7441381424139 48.8213194369752 49.294641803783 49.9143890318459 50.1558500587419 50.2393740283874 50.3253263517803 50.4296008889204 50.8729307403618 51.1609911879488 51.4041353864036 51.5244777073391
-9999 -9999 -9999 -9999 -9999 -9999 -9999 -9999 -9999 -9999 -9999 -9999 -9999 -9999 -9999 -9999 43.0109269581694 43.8962073415783 43.9906196570198 44.1549308236906 44.2025840293321 44.6721813631961 44.738142506169 45.7254445292099 45.8144704844123 45.8608973645353 46.2196666599887 46.4202093989297 47.0782159900237 47.1324266256651 47.1881057872377 -9999 47.6224183723209 47.8359089935861 47.8990910325798 47.965685310352 48.5818504344267 48.9637832937507 49.0330667986538 49.1073222581714 49.4310182467055 50.0458515875338 50.1266924779433 50.2098293772604 50.3085665785019 50.7067311287696 51.0012255799356 51.4357945556166 51.5327839439586 51.6435883519748
-9999 -9999 -9999 -9999 -9999 -9999 -9999 -9999 -9999 -9999 -9999 -9999 -9999 -9999 -9999 42.9459609985352 42.9828866466188 44.0189843859623 44.1001609805652 44.1385774714241 44.4856561533255 44.6744828253475 45.0913608528666 45.4353817516321 45.804183874013 46.1471400856048 46.3445243050754 46.3989674846783 47.3663549666703 47.4264497154321 47.4816548498635 47.6888404966347 47.7496198507026 47.8106113545384 47.8739545465102 48.2576974096151 48.8714525089714 49.0963752532821 -9999 49.2388041687697 49.4136348950202 50.3330241727137 50.4132879720093 50.4958399788515 50.588170801387 50.8553158496419 51.2976505002998 51.5775849095673 51.675282219198 51.7761618808364
-9999 -9999 -9999 -9999 -9999 -9999 -9999 -9999 -9999 -9999 -9999 -9999 -9999 -9999 -9999 42.9288526830076 43.263943037571 44.0290385647295 44.3827149077021 44.4395566300955 44.6086062055883 44.6573361835777 44.8589530121732 45.5894826340731 45.7994752869538 45.9786518252211 46.0327225223782 46.3962107875844 47.1986478565435 47.2639878907774 47.3214406668791 47.6633994742148 47.724706150689 48.1029547616695 48.1657644380746 48.3901430713898 49.0024961619809 49.0708576758426 49.1470752103777 49.5282352012597 49.6990381943198 50.4714100453603 50.5525450545904 50.6359391023223 50.7217049854144 50.8371315872014 51.4706582730847 51.8617508489804 51.9588453145234 52.0591335069926
-9999 -9999 -9999 -9999 -9999 -9999 -9999 -9999 -9999 -9999 -9999 -9999 -9999 -9999 -9999 43.2255965008063 43.3841170818884 44.3216564149661 44.5046213851261 44.551412844237 44.5919919385578 44.94260429115 44.9996997691088 45.7090528591037 45.7814728009111 45.8292078809698 46.1902396520232 46.3911392350859 46.6726819997505 47.1019754039169 -9999 47.6730243970981 47.73503776016 47.951774909217 -9999 48.3667347676818 48.9824731728714 49.3618976788509 49.4349657384456 49.6648658276271 49.8336535422576 50.4456751009127 50.5264913761897 50.6231955558212 51.0085649392806 51.1243797581631 51.7491187479198 52.0060356716328 52.1038410497943 52.2048272830448
-9999 -9999 -9999 -9999 -9999 -9999 -9999 -9999 -9999 -9999 -9999 -9999 -9999 -9999 43.2982902526855 43.3348305251253 43.3690706185594 44.4430654231005 44.4887909205702 44.5282101426091 44.8774238273009 45.0662352561482 45.1161119316509 45.6929473655221 46.0699188550277 46.1273960891691 46.3172102467293 46.3719833766491 46.4785401093502 47.3941646623764 47.4589369221079 47.6684095590034 47.7291509102824 47.791640750509 47.9953946910244 48.3809310952269 48.9987509188527 49.4975631579973 49.5682952835151 49.6407956588079 50.1705841554376 50.7349984551133 50.8153026999475 50.9054361970883 51.1519069505549 51.2694966646167 51.8847152519976 51.9790624630434 52.0763955767986 52.1768964273658
-9999 -9999 -9999 -9999 -9999 -9999 -9999 -9999 -9999 -9999 -9999 -9999 -9999 -9999 -9999 43.6173714535063 44.0419378375009 44.4276651637048 44.7736585448129 44.8291427326395 45.0005851599266 45.0494265552724 45.7741691358617 46.0060973985381 46.1958701755591 46.2487543928928 46.2987873525723 46.3501525749645 46.7751825349171 47.5255284700244 47.588473317294 47.6474439959305 47.7088595718218 48.0859053732962 48.1504990561013 48.3783458288479 48.9912906404866 49.198314639519 49.2845000836932 49.9321013141269 50.2903823365117 50.8770200688887 50.9582601614857 51.0416839378616 51.1274042990241 51.2455905719022 51.8776894920606 52.2659588924587 52.3627030184879 52.4626197217708
-9999 -9999 -9999 -9999 -9999 -9999 -9999 -9999 -9999 -9999 -9999 -9999 -9999 43.2200088500977 43.5609708531727 43.7367009533762 44.2992907879999 44.7296236503995 44.8956346926115 44.9425797926168 44.984272370697 45.7084420372968 46.0741698968066 46.1309298157149 46.1784646898346 46.2273173654959 46.590442558882 46.6478206785895 47.2783834157508 47.509236043417 47.567870771229 47.9435401517044 48.0044179163521 48.2200079182153 48.2888353868118 48.7207367593052 48.9747214033287 49.3518712120696 49.4302178722353 49.7981304096242 50.5929912432078 50.854651747999 50.9497962544735 51.3316071758211 51.4168387482859 51.5154235968339 51.8012791727208 52.0806296595806 52.5119399069204 52.6125615885186
-9999 -9999 -9999 -9999 -9999 -9999 -9999 -9999 -9999 -9999 -9999 -9999 43.6207389831543 43.5370855230958 43.6801130890862 44.0937646958818 44.6075733343261 44.8407464484977 44.88001393728 45.2296295210242 45.2846703380904 45.9937029542737 46.0633850028883 46.1097867895024 46.469493257743 46.5259479493346 46.7182636938902 47.1462012288009 47.7491833831333 47.8073776528656 47.8647496720148 48.0760115062413 48.1374065268842 48.2002277042471 48.271729471273 48.8354899234506 49.267119152528 49.4921146003775 49.5634795931067 49.6365076334403 50.1481752810288 50.8754834681072 50.9644950626626 51.2219182145987 51.5642377874256 51.6527519338912 51.7657010808323 52.2066555230187 52.5099632337052 52.9003517942589
-9999 -9999 -9999 -9999 -9999 -9999 -9999 -9999 -9999 -9999 -9999 -9999 43.1579710998415 43.4940723110773 44.1547383239743 44.3767583042954 44.7064334804457 45.2485309055546 45.2948757185349 45.3365297815055 45.3794988625944 46.2707455187891 46.479119399735 46.5304944377084 46.579351886636 46.6295283808207 46.9949292047514 47.7439854075236 47.8619094232384 47.9194617796339 47.9797562338911 48.3541569373585 48.4171988418224 48.6333632136468 48.7055454320455 49.1376143482464 49.38637715637 49.4653532270231 49.8407495963221 49.9193876674052 50.2530425228381 50.8612455461776 50.9424590865515 51.0425783860703 51.4226828719198 51.5206102156986 51.834950582561 52.8348216854584 52.9320998046548 53.0324318873078
-9999 -9999 -9999 -9999 -9999 -9999 -9999 -9999 -9999 -9999 -9999 -9999 -9999 43.5942032359781 44.1778033166358 44.5521828108115 44.7205401683127 45.2207213321583 45.2738731200074 45.6259065148443 46.0550817044272 46.4078759017024 46.4631024911788 46.5108835714536 46.8729685456513 46.9286380232786 47.4992541109264 47.73106776347 47.843917332329 48.217617664017 48.2772997632604 48.4892784680314 48.5569741539796 48.9864050707331 49.0545654170427 49.3091168721669 49.6833608107515 49.7579556990297 49.9856119667986 50.0595945271201 50.5832790037385 50.8604103837549 51.2379526971287 51.3303013235301 51.5758231764263 51.6642459931219 51.8017147814772 52.551492681218 52.6716609516941 53.0800932821729
-9999 -9999 -9999 -9999 -9999 -9999 -9999 -9999 -9999 -9999 -9999 -9999 -9999 43.9750903103983 44.4878346901568 44.6724936708174 44.7166453878584 45.2228765519667 45.2823963611723 45.4574850710227 46.3265726532451 46.3971083548907 46.7559839751883 46.8107636840119 47.0003363869662 47.4304985006652 47.6591158030733 47.7146893591535 48.1429187297893 48.3507882453678 48.4109640852043 48.4724947170632 48.5439838985821 49.159306996481 49.532663745077 49.6035424985243 49.8268154631471 49.8977634798372 49.9702427544904 50.0442983432699 51.0629793461732 -9999 -9999 51.4745174837901 51.5605927338896 51.6689776906045 52.0636038759328 52.3675714037094 52.8074935448907 53.0810317624405
-9999 -9999 -9999 -9999 -9999 -9999 -9999 -9999 -9999 -9999 -9999 -9999 44.2611199316757 44.4509785756216 44.6158948452835 44.6590417907933 45.0057699696193 45.2276427638117 45.6522123379212 45.7079756568505 46.3468654557236 46.6908189426873 46.881890055192 46.933826116443 46.9842090931968 47.584782551549 47.9582490191839 48.0142042667052 48.2752747548711 48.3343676314762 48.394802174009 48.466272626095 49.2087338939091 49.4554045644917 49.674485446544 49.742672811273 49.8123080808285 49.8834150262773 49.9680506924546 50.3420512980508 51.2146338538696 -9999 51.3769137381593 51.4793726554478 51.8575162382703 51.9568837431312 52.2083226238723 52.3430069095936 52.9549163386313 53.0546369000121
-9999 -9999 -9999 -9999 -9999 -9999 -9999 -9999 -9999 -9999 -9999 -9999 44.5017356150207 44.5671931698145 44.9110264168296 44.9629757425466 45.126638667541 45.2136242472533 46.1047325655423 46.1760368605172 46.3554318266488 46.5289368477787 46.8611787172452 46.9157496549017 47.6588195055453 47.8892307039251 48.0885219321525 48.1445771975689 48.2593725232802 48.3216800534469 48.6938720242241 48.7669878340362 49.527965185121 49.5935960205527 49.6606162839021 49.7290370613116 49.809348887457 50.1822263310739 50.261287965665 50.5078281815339 51.2023893564164 51.2995671243834 51.6754194194013 51.7695696634495 52.0153017474179 52.128782748253 52.5530908203839 52.6610555381124 52.9668414943381 53.3516419300824
-9999 -9999 -9999 -9999 -9999 -9999 -9999 -9999 -9999 -9999 -9999 44.3206041578875 44.5047421241483 44.8557832335536 45.0302786394831 45.0739456125499 45.1129542805697 45.5055894192372 46.2298213950823 46.2951896901111 46.3414653706698 46.389063207891 46.8752552941504 47.2124133129831 47.9591938081626 48.0186395297806 48.0730518844592 48.1287914858386 48.5590830915983 48.6200984441212 48.8311266047526 48.9044735398889 49.514533551101 49.5804631587336 49.6566951595816 50.0287225785975 50.1041806123964 50.3447459260552 50.7702810718892 50.8534725783625 51.2078778266109 -9999 51.8538835047437 52.2775483820696 52.3636888906372 52.4657584764355 52.7643170823182 53.1450508606672 53.2554517550362 53.5168645213582
-9999 -9999 -9999 -9999 -9999 -9999 -9999 -9999 -9999 -9999 -9999 -9999 44.8181753824168 44.9742060720174 45.0168645192943 45.3644370528602 45.4161686244001 46.0083037779716 46.228153431182 46.2779384609338 46.3245599132209 46.6854629000497 46.8786134655417 47.0572961180824 47.2840141103359 47.72169038739 47.7789882080518 47.8372948435414 48.6940993136246 48.7550016301115 48.823561027646 49.2581523987046 49.5020554527839 49.5768012630154 49.9529603609243 50.1752366049591 50.2465658142709 50.3419910335527 50.9500194049607 51.040596891842 51.5014066428031 51.7396713802652 51.8571098747592 52.4651328631394 52.5523576597655 52.6638177122969 53.0554683804557 53.3102888928534 53.4076791308576 53.5077733433624
-9999 -9999 -9999 -9999 -9999 -9999 -9999 -9999 -9999 -9999 -9999 44.8909655687818 44.9253964423754 45.2701067860775 45.3207898408979 45.484252805882 45.5294894263921 46.1665980169255 46.215533514051 46.5734701409278 46.6266977721869 46.8121940335241 46.8645977308112 46.9162710312766 47.3508669203489 47.5803923389451 47.9516146274968 48.0088600183384 48.4092146775409 48.7415743854397 48.8147535379322 49.4322394717273 49.8030472955998 49.8738878083249 50.0942684663338 50.1645427553601 50.2362094334011 50.3330605950554 50.9554473574072 51.3357155450024 51.6497544821868 51.7531853521538 52.1890506322118 52.478819416023 52.8548757974734 52.9567168342986 53.2085319600185 53.3034037892439 53.4305224396765 53.8527178023055
