rcp8.5models/GFDL_CM3/sc1gr10.28
NCOLS 261 
NROWS 433 
XLLCORNER 336357.134 
YLLCORNER 654653.479 
CELLSIZE 1000 
NODATA_value -3.4e+38 
[rows 198 to 219 of 433, columns 196 to 244 of 261]
459.699615478516 461.934814453125 464.508453369141 468.602081298828 473.423309326172 477.216247558594 481.061370849609 486.884979248047 489.613922119141 492.814605712891 -3.4e+38 498.638977050781 502.018493652344 504.917297363281 508.000213623047 511.127899169922 514.496826171875 518.134460449219 525.149780273438 527.182922363281 -3.4e+38 -3.4e+38 -3.4e+38 -3.4e+38 -3.4e+38 -3.4e+38 -3.4e+38 -3.4e+38 -3.4e+38 -3.4e+38 -3.4e+38 -3.4e+38 -3.4e+38 -3.4e+38 -3.4e+38 -3.4e+38 -3.4e+38 -3.4e+38 -3.4e+38 -3.4e+38 -3.4e+38 -3.4e+38 -3.4e+38 -3.4e+38 -3.4e+38 -3.4e+38 -3.4e+38 -3.4e+38 -3.4e+38
462.659729003906 465.272552490234 467.674621582031 471.465270996094 476.381195068359 480.302490234375 483.898956298828 488.84814453125 491.593017578125 494.551788330078 -3.4e+38 501.412261962891 504.326324462891 507.369689941406 510.495880126953 513.606811523438 517.004760742188 520.367248535156 -3.4e+38 531.189270019531 -3.4e+38 -3.4e+38 -3.4e+38 -3.4e+38 -3.4e+38 -3.4e+38 -3.4e+38 -3.4e+38 -3.4e+38 -3.4e+38 -3.4e+38 -3.4e+38 -3.4e+38 -3.4e+38 -3.4e+38 -3.4e+38 -3.4e+38 -3.4e+38 -3.4e+38 -3.4e+38 -3.4e+38 -3.4e+38 -3.4e+38 -3.4e+38 -3.4e+38 -3.4e+38 -3.4e+38 -3.4e+38 -3.4e+38
465.416900634766 469.081237792969 -3.4e+38 474.067718505859 478.910827636719 483.565734863281 486.785797119141 492.059143066406 -3.4e+38 497.889678955078 500.900573730469 503.429962158203 506.609283447266 510.422454833984 512.965515136719 516.16259765625 519.837768554688 522.679626464844 529.160461425781 532.661499023438 534.171569824219 -3.4e+38 -3.4e+38 -3.4e+38 -3.4e+38 -3.4e+38 -3.4e+38 -3.4e+38 -3.4e+38 -3.4e+38 -3.4e+38 -3.4e+38 -3.4e+38 -3.4e+38 -3.4e+38 -3.4e+38 -3.4e+38 -3.4e+38 -3.4e+38 -3.4e+38 -3.4e+38 -3.4e+38 -3.4e+38 -3.4e+38 -3.4e+38 -3.4e+38 -3.4e+38 -3.4e+38 -3.4e+38
466.967346191406 470.198516845703 473.110137939453 476.709686279297 482.211273193359 486.012878417969 488.269805908203 495.148986816406 498.596862792969 501.613128662109 503.842590332031 506.388427734375 509.730834960938 512.9404296875 515.5009765625 518.8447265625 521.817260742188 524.580017089844 530.801208496094 534.341491699219 537.788879394531 -3.4e+38 -3.4e+38 -3.4e+38 -3.4e+38 -3.4e+38 -3.4e+38 -3.4e+38 -3.4e+38 -3.4e+38 -3.4e+38 -3.4e+38 -3.4e+38 -3.4e+38 -3.4e+38 -3.4e+38 -3.4e+38 -3.4e+38 -3.4e+38 -3.4e+38 -3.4e+38 -3.4e+38 -3.4e+38 -3.4e+38 -3.4e+38 -3.4e+38 -3.4e+38 -3.4e+38 -3.4e+38
468.607116699219 471.493133544922 474.696044921875 479.031982421875 484.647705078125 488.179565429688 491.203338623047 500.229705810547 503.241455078125 505.155700683594 507.781524658203 510.45751953125 512.416076660156 515.052062988281 518.248291015625 521.337158203125 524.170593261719 526.690063476562 532.581909179688 -3.4e+38 539.834289550781 543.839294433594 -3.4e+38 -3.4e+38 -3.4e+38 -3.4e+38 -3.4e+38 -3.4e+38 -3.4e+38 -3.4e+38 -3.4e+38 -3.4e+38 -3.4e+38 -3.4e+38 -3.4e+38 -3.4e+38 -3.4e+38 -3.4e+38 -3.4e+38 -3.4e+38 -3.4e+38 -3.4e+38 -3.4e+38 -3.4e+38 -3.4e+38 -3.4e+38 -3.4e+38 -3.4e+38 -3.4e+38
470.710083007812 474.133239746094 478.230682373047 482.266479492188 486.561981201172 490.478424072266 494.836181640625 503.590087890625 505.859436035156 507.706909179688 510.561431884766 513.556030273438 515.16162109375 517.996154785156 521.566955566406 -3.4e+38 527.909118652344 530.060485839844 534.945129394531 538.523498535156 -3.4e+38 -3.4e+38 550.073608398438 -3.4e+38 -3.4e+38 -3.4e+38 -3.4e+38 -3.4e+38 -3.4e+38 -3.4e+38 -3.4e+38 -3.4e+38 -3.4e+38 -3.4e+38 -3.4e+38 -3.4e+38 -3.4e+38 -3.4e+38 -3.4e+38 -3.4e+38 -3.4e+38 -3.4e+38 -3.4e+38 -3.4e+38 -3.4e+38 -3.4e+38 -3.4e+38 -3.4e+38 -3.4e+38
473.710754394531 477.23583984375 480.680725097656 484.438018798828 488.510803222656 491.6845703125 495.861785888672 504.27783203125 507.908569335938 510.659118652344 513.291381835938 515.8095703125 518.709838867188 521.931945800781 526.131591796875 528.723449707031 531.32666015625 532.855773925781 -3.4e+38 542.150146484375 546.469055175781 548.813293457031 -3.4e+38 555.9580078125 558.530517578125 -3.4e+38 -3.4e+38 -3.4e+38 -3.4e+38 -3.4e+38 -3.4e+38 -3.4e+38 -3.4e+38 -3.4e+38 -3.4e+38 -3.4e+38 -3.4e+38 -3.4e+38 -3.4e+38 -3.4e+38 -3.4e+38 -3.4e+38 -3.4e+38 -3.4e+38 -3.4e+38 -3.4e+38 -3.4e+38 -3.4e+38 -3.4e+38
476.969146728516 480.466491699219 482.554016113281 485.708282470703 489.761047363281 492.716094970703 496.635955810547 504.856719970703 510.282653808594 513.237121582031 517.119079589844 520.172180175781 522.30517578125 525.852661132812 529.800231933594 531.16552734375 533.824157714844 535.295532226562 -3.4e+38 545.898071289062 549.646362304688 551.580444335938 554.565002441406 -3.4e+38 561.633544921875 565.248352050781 -3.4e+38 -3.4e+38 -3.4e+38 -3.4e+38 -3.4e+38 -3.4e+38 -3.4e+38 -3.4e+38 -3.4e+38 -3.4e+38 -3.4e+38 -3.4e+38 -3.4e+38 -3.4e+38 -3.4e+38 -3.4e+38 -3.4e+38 -3.4e+38 -3.4e+38 -3.4e+38 -3.4e+38 -3.4e+38 -3.4e+38
477.935791015625 482.213226318359 485.248870849609 487.493560791016 491.335388183594 494.619079589844 498.108825683594 506.453674316406 511.324676513672 513.642150878906 518.587341308594 523.403137207031 525.888610839844 528.318603515625 530.778381347656 532.543395996094 535.054748535156 538.428344726562 544.981567382812 549.022277832031 551.610046386719 553.942565917969 556.989685058594 -3.4e+38 563.282592773438 567.8447265625 -3.4e+38 -3.4e+38 -3.4e+38 -3.4e+38 -3.4e+38 -3.4e+38 -3.4e+38 -3.4e+38 -3.4e+38 -3.4e+38 -3.4e+38 -3.4e+38 -3.4e+38 -3.4e+38 -3.4e+38 -3.4e+38 -3.4e+38 -3.4e+38 -3.4e+38 -3.4e+38 -3.4e+38 -3.4e+38 -3.4e+38
479.279907226562 483.263580322266 486.831115722656 489.588348388672 492.976623535156 496.69921875 500.026092529297 507.749328613281 511.187896728516 514.264282226562 518.695190429688 523.601013183594 527.625305175781 530.265625 532.4658203125 534.873962402344 537.148986816406 541.48388671875 548.914367675781 552.2783203125 553.743896484375 556.359069824219 559.168334960938 562.295349121094 566.161743164062 -3.4e+38 573.779418945312 -3.4e+38 -3.4e+38 -3.4e+38 -3.4e+38 -3.4e+38 -3.4e+38 -3.4e+38 -3.4e+38 -3.4e+38 -3.4e+38 -3.4e+38 -3.4e+38 -3.4e+38 -3.4e+38 -3.4e+38 -3.4e+38 -3.4e+38 -3.4e+38 -3.4e+38 -3.4e+38 -3.4e+38 -3.4e+38
482.479248046875 486.438415527344 490.015258789062 493.770538330078 497.003784179688 500.744018554688 504.692626953125 511.387268066406 514.892822265625 518.861511230469 -3.4e+38 526.4033203125 530.933898925781 534.506469726562 537.129089355469 539.684936523438 543.982971191406 547.98779296875 553.357055664062 556.738891601562 559.286499023438 562.654602050781 566.721130371094 568.993591308594 571.512939453125 575.479797363281 578.9775390625 -3.4e+38 -3.4e+38 -3.4e+38 -3.4e+38 -3.4e+38 -3.4e+38 -3.4e+38 -3.4e+38 -3.4e+38 -3.4e+38 -3.4e+38 -3.4e+38 -3.4e+38 -3.4e+38 -3.4e+38 -3.4e+38 -3.4e+38 -3.4e+38 -3.4e+38 -3.4e+38 -3.4e+38 -3.4e+38
484.737976074219 488.730438232422 492.665466308594 496.096466064453 499.618133544922 503.565795898438 506.926879882812 513.913452148438 517.200500488281 520.939086914062 524.536010742188 528.464050292969 533.286865234375 -3.4e+38 -3.4e+38 542.128540039062 545.524597167969 548.768249511719 555.333862304688 558.785461425781 562.063415527344 565.270446777344 568.878173828125 571.715087890625 574.207580566406 578.1162109375 581.264587402344 -3.4e+38 -3.4e+38 -3.4e+38 -3.4e+38 -3.4e+38 -3.4e+38 -3.4e+38 -3.4e+38 -3.4e+38 -3.4e+38 -3.4e+38 -3.4e+38 -3.4e+38 -3.4e+38 -3.4e+38 -3.4e+38 -3.4e+38 -3.4e+38 -3.4e+38 -3.4e+38 -3.4e+38 -3.4e+38
487.194976806641 490.873321533203 494.915557861328 498.566711425781 502.532135009766 505.994659423828 509.636444091797 517.456237792969 520.429992675781 523.740051269531 527.2060546875 530.564025878906 534.482666015625 -3.4e+38 -3.4e+38 -3.4e+38 548.106506347656 550.539306640625 556.900939941406 559.883239746094 563.522705078125 566.959899902344 570.351257324219 574.231384277344 577.07470703125 580.544738769531 583.9208984375 -3.4e+38 -3.4e+38 -3.4e+38 -3.4e+38 -3.4e+38 -3.4e+38 -3.4e+38 -3.4e+38 -3.4e+38 -3.4e+38 -3.4e+38 -3.4e+38 -3.4e+38 -3.4e+38 -3.4e+38 -3.4e+38 -3.4e+38 -3.4e+38 -3.4e+38 -3.4e+38 -3.4e+38 -3.4e+38
490.212127685547 494.183258056641 498.101287841797 501.605346679688 505.900207519531 509.402191162109 512.646057128906 521.34814453125 523.80419921875 526.703735351562 529.794799804688 532.817810058594 536.362487792969 539.850463867188 -3.4e+38 547.245849609375 550.999389648438 553.213317871094 558.9619140625 562.026428222656 565.738525390625 569.122985839844 572.310363769531 576.276672363281 580.065002441406 -3.4e+38 587.356628417969 590.788146972656 594.046447753906 597.251647949219 -3.4e+38 -3.4e+38 -3.4e+38 -3.4e+38 -3.4e+38 -3.4e+38 -3.4e+38 -3.4e+38 -3.4e+38 -3.4e+38 -3.4e+38 -3.4e+38 -3.4e+38 -3.4e+38 -3.4e+38 -3.4e+38 -3.4e+38 -3.4e+38 -3.4e+38
495.585998535156 499.313110351562 502.030487060547 505.470886230469 509.525695800781 513.245544433594 516.158264160156 522.986328125 526.028076171875 528.778686523438 531.798767089844 535.819763183594 539.64453125 542.475341796875 545.700927734375 549.136596679688 553.035827636719 555.741638183594 562.237670898438 565.140075683594 568.48291015625 571.559936523438 574.415344238281 578.007446289062 -3.4e+38 586.897705078125 590.195678710938 593.310485839844 596.323486328125 599.513244628906 -3.4e+38 -3.4e+38 -3.4e+38 -3.4e+38 -3.4e+38 -3.4e+38 -3.4e+38 -3.4e+38 -3.4e+38 -3.4e+38 -3.4e+38 -3.4e+38 -3.4e+38 -3.4e+38 -3.4e+38 -3.4e+38 -3.4e+38 -3.4e+38 -3.4e+38
499.080596923828 503.073852539062 506.001434326172 509.473937988281 513.378540039062 516.975402832031 520.352722167969 525.017639160156 528.960021972656 532.645874023438 535.671142578125 539.465209960938 543.077514648438 545.033569335938 548.100341796875 551.8330078125 555.090270996094 558.424377441406 565.142028808594 568.071044921875 570.855102539062 574.166564941406 577.777954101562 580.882263183594 585.042419433594 589.442810058594 592.475830078125 595.716186523438 598.957763671875 601.949768066406 -3.4e+38 -3.4e+38 -3.4e+38 -3.4e+38 -3.4e+38 -3.4e+38 -3.4e+38 -3.4e+38 -3.4e+38 -3.4e+38 -3.4e+38 -3.4e+38 -3.4e+38 -3.4e+38 -3.4e+38 -3.4e+38 -3.4e+38 -3.4e+38 -3.4e+38
501.929107666016 505.810699462891 509.707244873047 512.6640625 516.080139160156 519.401428222656 523.574401855469 529.645385742188 533.223876953125 538.210693359375 540.89404296875 543.347045898438 545.476928710938 547.530578613281 550.96533203125 554.619201660156 558.080383300781 561.292236328125 567.360168457031 570.33740234375 573.574768066406 577.281555175781 580.79052734375 583.87158203125 587.571105957031 591.860229492188 594.971801757812 598.067932128906 601.780395507812 605.610717773438 -3.4e+38 -3.4e+38 -3.4e+38 -3.4e+38 -3.4e+38 -3.4e+38 -3.4e+38 -3.4e+38 -3.4e+38 -3.4e+38 -3.4e+38 -3.4e+38 -3.4e+38 -3.4e+38 -3.4e+38 -3.4e+38 -3.4e+38 -3.4e+38 -3.4e+38
504.900268554688 508.935485839844 512.895202636719 515.900146484375 519.048400878906 521.312438964844 524.941589355469 533.392028808594 537.485107421875 541.509155273438 544.331420898438 546.727844238281 548.914916992188 551.80859375 555.061584472656 557.590087890625 561.005187988281 564.100646972656 570.042053222656 573.404724121094 576.741516113281 580.179809570312 583.086730957031 586.611755371094 590.629150390625 594.171264648438 597.410034179688 601.015991210938 605.008117675781 608.701416015625 -3.4e+38 -3.4e+38 -3.4e+38 -3.4e+38 -3.4e+38 -3.4e+38 -3.4e+38 -3.4e+38 -3.4e+38 -3.4e+38 -3.4e+38 -3.4e+38 -3.4e+38 -3.4e+38 -3.4e+38 -3.4e+38 -3.4e+38 -3.4e+38 -3.4e+38
507.904846191406 511.688049316406 514.973266601562 518.100280761719 521.17626953125 523.702331542969 527.0625 534.4658203125 538.762817382812 542.614440917969 546.379943847656 549.912231445312 552.896789550781 555.997802734375 558.462463378906 560.173278808594 563.159423828125 566.621704101562 573.296997070312 576.546081542969 579.436767578125 582.532897949219 585.667419433594 589.201538085938 593.431274414062 596.744506835938 599.879333496094 603.789001464844 608.125244140625 611.182067871094 -3.4e+38 -3.4e+38 -3.4e+38 -3.4e+38 -3.4e+38 -3.4e+38 -3.4e+38 -3.4e+38 -3.4e+38 -3.4e+38 -3.4e+38 -3.4e+38 -3.4e+38 -3.4e+38 -3.4e+38 -3.4e+38 -3.4e+38 -3.4e+38 -3.4e+38
511.666198730469 514.95947265625 518.120300292969 520.308959960938 523.095703125 526.789733886719 530.810241699219 536.44091796875 539.770751953125 543.531555175781 547.478881835938 551.307067871094 554.244445800781 557.341613769531 559.884948730469 562.679260253906 566.203918457031 569.616027832031 576.061706542969 579.088745117188 582.213745117188 585.907104492188 589.184509277344 592.325317382812 595.849609375 -3.4e+38 -3.4e+38 606.791442871094 610.643493652344 613.866882324219 -3.4e+38 -3.4e+38 -3.4e+38 -3.4e+38 -3.4e+38 -3.4e+38 -3.4e+38 -3.4e+38 -3.4e+38 -3.4e+38 -3.4e+38 -3.4e+38 -3.4e+38 -3.4e+38 -3.4e+38 -3.4e+38 -3.4e+38 -3.4e+38 -3.4e+38
516.631103515625 518.389953613281 522.204406738281 524.093383789062 526.677795410156 530.7919921875 534.4267578125 539.3212890625 542.92529296875 545.8046875 549.108337402344 552.449157714844 555.436096191406 558.890686035156 562.436157226562 565.811950683594 569.114501953125 572.267883300781 578.6044921875 582.234130859375 585.574645996094 589.071533203125 592.215637207031 595.401184082031 -3.4e+38 -3.4e+38 605.559204101562 609.9033203125 613.054321289062 616.398498535156 621.706237792969 -3.4e+38 -3.4e+38 -3.4e+38 -3.4e+38 -3.4e+38 -3.4e+38 -3.4e+38 -3.4e+38 -3.4e+38 -3.4e+38 -3.4e+38 -3.4e+38 -3.4e+38 -3.4e+38 -3.4e+38 -3.4e+38 -3.4e+38 -3.4e+38
522.629516601562 523.970397949219 525.656494140625 527.876342773438 531.000183105469 536.33642578125 538.086791992188 542.373291015625 546.533447265625 549.277893066406 552.297485351562 555.51025390625 558.540771484375 561.991821289062 565.750732421875 569.216613769531 571.758605957031 575.393249511719 581.781433105469 585.285522460938 588.984558105469 592.568298339844 596.075744628906 599.801208496094 602.141357421875 -3.4e+38 -3.4e+38 612.669982910156 615.727844238281 618.96240234375 625.872863769531 -3.4e+38 -3.4e+38 -3.4e+38 -3.4e+38 -3.4e+38 -3.4e+38 -3.4e+38 -3.4e+38 -3.4e+38 -3.4e+38 -3.4e+38 -3.4e+38 -3.4e+38 -3.4e+38 -3.4e+38 -3.4e+38 -3.4e+38 -3.4e+38
