rcp8.5models/GFDL_CM3/sc1gr8.24
NCOLS 261 
NROWS 433 
XLLCORNER 336357.134 
YLLCORNER 654653.479 
CELLSIZE 1000 
NODATA_value -3.4e+38 
[rows 220 to 241 of 433, columns 147 to 195 of 261]
131.001403808594 136.355926513672 140.946487426758 145.637466430664 150.073547363281 147.728637695312 142.428802490234 151.250518798828 148.96174621582 146.18928527832 144.103073120117 139.378341674805 137.219650268555 134.722290039062 133.027954101562 131.391174316406 129.388671875 127.778137207031 -3.4e+38 125.065567016602 123.969245910645 123.135032653809 121.352813720703 120.480163574219 119.857154846191 119.543251037598 119.219230651855 118.266571044922 117.901313781738 117.456367492676 117.226928710938 117.187889099121 117.134010314941 116.444343566895 116.486763000488 116.202453613281 115.612075805664 114.909858703613 114.104583740234 113.431159973145 112.738929748535 112.526351928711 112.389503479004 112.385620117188 112.143661499023 111.80069732666 111.898223876953 112.00121307373 111.608367919922
132.174026489258 137.757080078125 142.767578125 146.653732299805 149.297485351562 144.249435424805 138.387313842773 152.55876159668 150.874557495117 148.771347045898 146.637100219727 141.179061889648 138.78971862793 136.569427490234 134.277801513672 132.524078369141 130.842559814453 129.186416625977 127.94783782959 126.85107421875 125.614433288574 124.500732421875 122.438484191895 121.70630645752 121.21573638916 121.48462677002 121.041091918945 119.949493408203 118.851989746094 118.380401611328 118.188354492188 118.25318145752 118.130813598633 117.314392089844 117.311027526855 117.329956054688 116.54906463623 115.857757568359 115.055397033691 114.315048217773 113.767242431641 113.677169799805 113.322647094727 113.190948486328 112.959350585938 112.827987670898 112.450469970703 112.432807922363 112.215644836426
133.525283813477 138.468307495117 143.199935913086 146.910110473633 148.501403808594 147.011795043945 146.926010131836 152.534271240234 151.558776855469 149.771133422852 147.52522277832 142.261535644531 139.858291625977 137.713256835938 135.603744506836 133.794982910156 132.544464111328 131.064254760742 130.028564453125 128.781951904297 127.314239501953 126.193702697754 123.644569396973 123.040283203125 123.156074523926 123.275482177734 122.927688598633 121.493553161621 120.334594726562 119.979629516602 119.538261413574 119.37922668457 119.284446716309 118.964637756348 118.767463684082 118.310325622559 117.60555267334 117.264678955078 116.607940673828 115.695281982422 114.826026916504 114.32731628418 114.248474121094 114.259078979492 114.13655090332 113.754791259766 113.386268615723 113.379508972168 113.26261138916
135.515335083008 139.505187988281 143.554977416992 146.579055786133 147.850280761719 148.167922973633 150.304183959961 152.233001708984 151.694686889648 149.802780151367 147.529708862305 143.088272094727 140.765197753906 138.627075195312 137.123138427734 135.469512939453 133.94775390625 132.54216003418 131.504577636719 129.756805419922 128.297882080078 127.142272949219 125.610710144043 124.751899719238 124.61206817627 124.461372375488 124.326667785645 122.575950622559 121.769386291504 121.630661010742 120.938255310059 120.138931274414 119.883895874023 120.232681274414 119.97566986084 119.312492370605 118.39037322998 118.414993286133 117.596321105957 116.80997467041 115.749977111816 115.165580749512 114.898216247559 115.297790527344 115.200347900391 114.542083740234 114.723564147949 114.818885803223 114.414810180664
136.852157592773 140.247619628906 143.784362792969 146.157119750977 144.566909790039 140.997665405273 146.822860717773 152.266784667969 152.179962158203 150.341598510742 148.187881469727 143.848815917969 141.748977661133 140.080856323242 138.546661376953 137.096069335938 135.830947875977 133.802459716797 132.544311523438 130.923110961914 129.575836181641 128.366088867188 127.435859680176 126.447212219238 125.602783203125 125.332992553711 125.056823730469 123.671333312988 122.896423339844 122.379104614258 121.899307250977 121.224578857422 121.028335571289 120.870643615723 120.625854492188 119.923110961914 119.010589599609 118.880233764648 117.830642700195 117.158828735352 116.431053161621 116.231887817383 116.14429473877 116.077339172363 115.858734130859 115.768936157227 115.575317382812 115.557952880859 114.949836730957
137.38899230957 140.468399047852 143.231903076172 145.555465698242 142.921340942383 138.271926879883 146.532806396484 152.046508789062 152.10969543457 150.764984130859 148.859390258789 145.040435791016 143.089569091797 141.136566162109 139.583389282227 138.239959716797 137.170074462891 135.22998046875 133.959167480469 132.29248046875 130.937225341797 129.703048706055 128.202301025391 127.280532836914 126.451118469238 126.4951171875 125.881240844727 124.79515838623 123.94962310791 123.109413146973 123.026565551758 122.713584899902 122.442497253418 121.609252929688 121.521522521973 120.806510925293 120.001731872559 119.270088195801 118.476974487305 118.006149291992 117.671760559082 117.301284790039 117.290168762207 116.909614562988 116.552085876465 116.658668518066 115.913177490234 116.029174804688 115.305557250977
137.921768188477 140.766784667969 142.668685913086 144.188919067383 143.536819458008 143.094589233398 149.578201293945 151.443588256836 151.616744995117 150.610534667969 149.319381713867 145.413681030273 143.736938476562 141.841751098633 140.294372558594 138.975067138672 138.139495849609 136.649429321289 135.248245239258 133.247482299805 131.723999023438 130.75358581543 129.004287719727 128.513488769531 127.872970581055 127.735313415527 126.87956237793 125.905158996582 125.421524047852 124.585884094238 124.206535339355 124.12442779541 123.530158996582 122.849487304688 122.479217529297 121.884841918945 121.185768127441 120.279106140137 119.433067321777 119.067459106445 118.979469299316 118.372329711914 117.997680664062 118.005172729492 117.775398254395 117.154640197754 117.052467346191 117.253311157227 116.133583068848
138.098129272461 139.99186706543 140.280426025391 140.210266113281 142.798736572266 143.310363769531 149.575744628906 151.277297973633 151.474243164062 150.72412109375 149.776550292969 145.818099975586 144.352157592773 142.896484375 141.35612487793 139.933212280273 139.182205200195 138.030670166016 136.020523071289 134.30940246582 132.798095703125 131.771514892578 130.633209228516 129.858444213867 129.086441040039 128.718948364258 127.691757202148 126.744049072266 126.753967285156 125.913726806641 125.328277587891 124.834884643555 124.768363952637 123.921035766602 123.065170288086 122.382850646973 121.770301818848 121.48038482666 120.525337219238 120.16609954834 119.662750244141 119.194236755371 118.668083190918 119.066772460938 118.968719482422 118.097663879395 118.470558166504 118.073890686035 116.97216796875
138.432205200195 139.620391845703 136.829376220703 133.166061401367 138.430892944336 139.368896484375 148.834350585938 151.014068603516 151.309646606445 150.627746582031 149.382720947266 146.261962890625 145.190567016602 143.841293334961 142.167755126953 140.835037231445 139.989028930664 138.838485717773 136.467498779297 135.068344116211 133.806777954102 132.686767578125 131.980529785156 131.138214111328 130.009521484375 129.59309387207 129.129135131836 128.189926147461 128.050964355469 127.054824829102 126.675559997559 126.241241455078 126.071403503418 124.538566589355 123.877311706543 123.440795898438 122.744285583496 122.201271057129 121.464210510254 121.131889343262 120.673568725586 120.308258056641 119.940879821777 119.868125915527 119.649505615234 119.545303344727 119.246994018555 118.658599853516 117.659744262695
138.526397705078 139.588165283203 135.690383911133 129.916030883789 134.159362792969 135.176910400391 147.097702026367 150.667770385742 151.44123840332 150.457962036133 148.836639404297 146.268035888672 145.517471313477 144.794631958008 142.774688720703 141.327224731445 140.57682800293 139.407043457031 137.433212280273 135.915512084961 134.853149414062 133.839462280273 132.278503417969 131.619674682617 131.017807006836 130.632049560547 130.370101928711 129.620223999023 129.268157958984 128.662857055664 128.171798706055 127.792610168457 127.079879760742 125.416198730469 125.113220214844 124.479187011719 123.808547973633 122.942459106445 122.335075378418 121.980484008789 121.879180908203 121.361434936523 120.854118347168 120.083763122559 120.13207244873 119.932952880859 119.585868835449 119.59635925293 119.152420043945
138.352996826172 139.572769165039 137.967468261719 133.684127807617 132.711196899414 134.786636352539 146.933746337891 150.201934814453 151.28010559082 150.556243896484 149.239959716797 147.044540405273 146.108993530273 145.092422485352 143.08447265625 141.799468994141 141.301910400391 140.175445556641 138.438186645508 136.928009033203 135.720291137695 134.599655151367 132.996597290039 132.516662597656 132.182540893555 131.78271484375 131.153732299805 130.665191650391 130.275207519531 129.74430847168 129.280502319336 128.655654907227 128.363616943359 126.673263549805 125.935211181641 125.098197937012 124.410804748535 123.651916503906 123.31941986084 122.939414978027 122.849555969238 122.232833862305 121.509483337402 120.924591064453 121.000480651855 120.381553649902 120.314636230469 120.683944702148 120.551300048828
139.054138183594 138.191024780273 134.830215454102 132.95475769043 131.482681274414 139.654495239258 145.258102416992 150.013153076172 150.852188110352 150.371246337891 149.776275634766 147.87890625 146.612640380859 145.403884887695 143.964981079102 142.718063354492 142.2978515625 141.839019775391 140.138076782227 138.866012573242 137.635055541992 137.118057250977 134.431045532227 133.53059387207 133.131805419922 132.374221801758 132.619827270508 132.238555908203 131.340805053711 130.712524414062 131.314727783203 131.065521240234 130.317687988281 128.776672363281 128.448196411133 127.670486450195 126.942520141602 126.379516601562 125.401596069336 125.424560546875 125.793441772461 125.516914367676 124.313552856445 123.126121520996 122.856369018555 122.899368286133 122.290641784668 121.723365783691 121.757186889648
139.616363525391 138.982696533203 136.347991943359 134.909805297852 131.218490600586 136.392105102539 143.696029663086 149.810699462891 150.71076965332 150.298126220703 149.714508056641 148.213470458984 147.004669189453 146.044647216797 144.593566894531 143.264556884766 142.530914306641 142.115188598633 141.12922668457 139.832473754883 138.277923583984 137.278106689453 134.784317016602 134.007446289062 133.975570678711 133.309585571289 133.263931274414 132.965515136719 132.65119934082 132.25456237793 132.171340942383 132.093383789062 131.858123779297 130.023376464844 129.777420043945 128.201995849609 -3.4e+38 -3.4e+38 126.703193664551 126.432563781738 126.664985656738 126.172286987305 124.915542602539 123.841682434082 123.741195678711 123.277656555176 123.185813903809 123.026092529297 122.691612243652
140.154052734375 141.076370239258 141.150985717773 138.880065917969 136.543960571289 142.43913269043 147.10807800293 149.997787475586 150.760406494141 150.266525268555 149.543029785156 147.743957519531 146.513977050781 146.137145996094 144.945617675781 -3.4e+38 142.534088134766 141.708190917969 141.08381652832 139.948959350586 138.521774291992 137.234634399414 135.640213012695 134.954849243164 134.913513183594 134.490051269531 133.697662353516 133.357711791992 134.561752319336 134.477416992188 132.595825195312 132.953247070312 133.079467773438 130.748107910156 130.170639038086 128.993606567383 128.299057006836 -3.4e+38 -3.4e+38 127.779426574707 126.997917175293 126.136276245117 125.41194152832 124.828468322754 124.821067810059 124.279388427734 124.259407043457 124.202880859375 123.526107788086
140.627670288086 140.809432983398 141.553527832031 140.739990234375 142.068298339844 147.644317626953 149.317153930664 150.054534912109 150.678817749023 150.318923950195 149.620834350586 147.658309936523 146.539047241211 145.508575439453 144.68586730957 143.561172485352 142.794403076172 142.359085083008 141.593658447266 140.721572875977 139.288101196289 137.864852905273 136.660766601562 135.737503051758 135.252746582031 135.028900146484 134.631057739258 133.95100402832 135.161468505859 135.784744262695 133.851577758789 133.550720214844 133.410263061523 131.304321289062 130.743911743164 129.972717285156 129.140090942383 -3.4e+38 129.04833984375 128.939407348633 127.564949035645 126.581886291504 126.21216583252 125.648628234863 125.538536071777 125.746124267578 124.990447998047 124.566802978516 124.214637756348
141.06884765625 141.061462402344 141.325317382812 140.71125793457 143.416244506836 147.86213684082 149.623123168945 150.529266357422 150.728622436523 150.123733520508 149.738250732422 148.006759643555 146.783935546875 145.731842041016 145.109649658203 -3.4e+38 143.112396240234 142.793975830078 142.179382324219 141.148132324219 140.015014648438 138.692138671875 137.223907470703 136.059951782227 135.524719238281 135.602310180664 135.656188964844 134.655975341797 135.680755615234 137.322875976562 135.328857421875 134.341735839844 133.747116088867 131.827713012695 131.64079284668 130.65690612793 -3.4e+38 129.578826904297 130.073791503906 130.037246704102 128.925552368164 127.856452941895 126.930107116699 126.164604187012 126.439514160156 127.21021270752 126.637809753418 125.975898742676 125.414619445801
141.910995483398 141.972320556641 141.188842773438 140.019592285156 142.935897827148 148.053634643555 149.837966918945 150.651657104492 150.877853393555 150.392562866211 149.886306762695 147.998275756836 146.900924682617 146.127975463867 145.750930786133 144.554153442383 143.19319152832 142.467559814453 142.243911743164 141.444381713867 140.420440673828 139.515060424805 137.98908996582 136.781677246094 136.187942504883 136.184112548828 136.085632324219 135.44091796875 136.692474365234 138.258224487305 136.360122680664 135.12190246582 134.282287597656 132.566497802734 132.201431274414 130.959548950195 -3.4e+38 132.55256652832 134.139038085938 132.607818603516 130.764633178711 129.089370727539 127.967544555664 127.178642272949 127.397529602051 127.645622253418 127.867652893066 128.119750976562 127.227226257324
142.316268920898 143.080200195312 142.360412597656 140.946853637695 144.458068847656 148.521774291992 149.906494140625 150.482681274414 150.89323425293 150.638656616211 149.939193725586 148.079254150391 147.270584106445 146.531234741211 145.900161743164 144.292327880859 143.158538818359 142.466583251953 142.336380004883 141.748245239258 140.998260498047 140.575225830078 138.620910644531 137.501281738281 136.896057128906 136.524887084961 136.336654663086 136.909515380859 137.35920715332 137.893981933594 136.856231689453 135.903793334961 134.796829223633 133.863204956055 132.536087036133 131.264144897461 131.162628173828 134.027008056641 137.769409179688 136.320877075195 131.236312866211 130.069946289062 128.904434204102 127.995597839355 128.240707397461 128.375885009766 128.500411987305 128.848922729492 128.624496459961
142.869689941406 144.176849365234 144.28857421875 144.468963623047 147.389083862305 149.095886230469 149.923828125 150.929260253906 151.069442749023 150.593536376953 149.635726928711 148.446166992188 147.615844726562 146.729156494141 145.770858764648 144.076873779297 -3.4e+38 142.794967651367 142.677749633789 142.252700805664 141.716033935547 141.197341918945 138.876754760742 137.787002563477 137.495056152344 137.713500976562 137.892044067383 139.36100769043 140.61767578125 139.269592285156 137.14714050293 136.232788085938 135.14729309082 133.98454284668 132.69091796875 132.089981079102 131.722473144531 134.378143310547 140.472305297852 140.568649291992 133.818695068359 130.296310424805 129.209930419922 128.538223266602 -3.4e+38 129.322174072266 129.254623413086 129.136856079102 129.357498168945
144.118774414062 145.04621887207 146.363143920898 148.304321289062 148.506454467773 149.665161132812 150.392807006836 151.024780273438 150.975128173828 150.511337280273 149.581497192383 148.674438476562 147.447494506836 146.184341430664 145.391845703125 144.314453125 143.429122924805 143.030258178711 142.658279418945 142.258941650391 142.080612182617 141.897155761719 139.223892211914 138.215240478516 138.252487182617 138.501678466797 138.463012695312 139.610946655273 141.591094970703 140.066650390625 137.715530395508 -3.4e+38 135.567901611328 134.346008300781 133.246597290039 133.259857177734 133.222473144531 135.420852661133 140.589004516602 140.780334472656 133.827346801758 130.336318969727 129.762054443359 -3.4e+38 129.972885131836 130.096206665039 129.612579345703 129.901336669922 130.375381469727
144.738861083984 146.002685546875 147.646484375 149.581451416016 149.358169555664 150.337066650391 151.067092895508 151.392242431641 151.526428222656 150.916519165039 149.955184936523 148.261993408203 147.321365356445 146.584442138672 145.644439697266 144.390258789062 143.52311706543 142.666229248047 142.22819519043 141.586135864258 141.401290893555 141.696762084961 140.006011962891 138.824020385742 138.894668579102 139.352111816406 138.27360534668 138.92658996582 139.502090454102 139.108779907227 138.571640014648 137.77458190918 136.486877441406 135.345062255859 134.141052246094 134.264831542969 134.973434448242 135.445541381836 136.560806274414 137.441131591797 134.300994873047 130.894638061523 131.046157836914 -3.4e+38 -3.4e+38 131.071701049805 130.528884887695 130.516143798828 130.974945068359
145.551513671875 147.340209960938 148.855697631836 150.206085205078 150.485443115234 151.0322265625 151.388977050781 151.959686279297 151.936431884766 150.932327270508 149.976608276367 148.22184753418 147.688003540039 146.885498046875 145.975204467773 144.752502441406 143.861038208008 143.073486328125 142.759429931641 142.175811767578 141.379180908203 141.261352539062 140.431488037109 139.418090820312 139.260299682617 140.056396484375 139.357070922852 139.41667175293 138.965118408203 139.158645629883 139.136840820312 138.172958374023 137.449615478516 135.796569824219 134.686111450195 134.822235107422 135.841171264648 135.450698852539 -3.4e+38 -3.4e+38 135.140594482422 131.803359985352 132.24592590332 131.857788085938 131.421371459961 131.830261230469 131.525421142578 131.295196533203 131.411346435547
