rcp8.5models/GFDL_CM3/sc1gr10.3
NCOLS 261 
NROWS 433 
XLLCORNER 336357.134 
YLLCORNER 654653.479 
CELLSIZE 1000 
NODATA_value -9999 
[rows 220 to 241 of 433, columns 100 to 149 of 261]
345.634117709761 352.58226050903 357.467136814025 363.554097858017 368.58247111354 374.590049275635 380.094203301441 381.687017537381 390.022577424412 397.043914490154 387.871088263039 387.894264002427 393.730765195612 396.263924909262 400.492103675738 405.890970129618 411.786266104246 414.455361179231 417.269135490877 419.798943225138 422.699676643012 426.642565339132 430.106023238889 434.78278602231 444.694714409771 448.772504082491 453.918823564325 475.612199261784 500.649877882288 476.412605324445 473.947601562505 449.485938789966 422.779207021957 462.315424503017 427.312695634696 514.794750005164 457.41944708955 374.04496863427 487.846869163468 514.346487439644 513.853664441961 472.967249317672 513.140825253168 547.524335333508 552.668723918115 557.313118784264 528.81354952072 494.414388964004 575.445626146803 545.730374309228
343.968168555925 352.167901910619 356.299283920383 361.393663154579 364.861935535236 368.235676352348 373.819415899088 378.646739038718 387.461484390229 392.230828275873 385.431676794291 386.573834013244 393.205870346474 395.577354455426 399.522654157974 405.409434858254 412.549223868582 416.794240132278 416.201170704205 418.524420756311 422.03991368913 425.773665387596 429.203591324308 434.197967288343 443.498322747104 448.838908969564 454.288263648078 448.264802957653 437.246402782314 470.684292716426 474.219660296045 479.17254215456 486.020912899896 469.186804785813 413.442156048122 515.985081094495 465.475439274277 390.411571165917 476.279821530634 487.887733348149 480.147407070582 379.040321128614 448.797903147576 546.218733149872 550.699894446523 555.528662009026 534.444382556754 505.689218473904 575.252111047342 549.888082343999
342.395405562341 350.849231907463 356.102179189501 363.381130072196 366.93600723751 365.399841881055 369.283146583518 377.118951672631 387.960216998199 388.311857601881 383.221067318049 384.80063682885 392.489539521366 394.682751636313 398.564751960893 404.962461432169 412.241353827548 415.916418832957 415.069932507097 418.191067600067 421.487198086498 424.823984198567 429.329019503961 434.012053320343 442.627278149335 448.262902826233 454.926301844644 455.264956758552 452.79890875608 470.36244740749 473.717969046134 479.077765202382 485.855897539339 496.608671227895 479.079891892878 407.717425573855 435.042856606041 439.601423028454 385.932652002287 468.105030488086 507.547587278774 468.254123553188 508.771028696652 547.970723154404 549.06265076035 554.473937566202 564.066045986718 534.631520379273 502.327989866245 580.457272164165
339.65501405877 348.425506383407 355.573210619065 365.070596823225 369.588960702445 364.270356464397 367.663793346393 375.542005383951 384.897974601275 382.602341665714 381.566805666409 384.37018198139 390.672110503603 394.538103075387 399.749661178818 404.673247301634 409.481110794926 425.737599432825 443.59959672778 420.228272121149 420.481344778134 424.318233192644 428.651698875237 433.242059998735 441.821290364251 447.464821544779 459.469522428315 488.715794917609 504.897276772981 470.194317750928 473.782890769162 478.995356819394 485.550592975526 494.286082239165 509.69708359376 436.11070637519 480.177666570595 507.702179735227 464.579980433903 523.91419500429 532.141286763223 540.557848056731 551.829957372983 549.997752210533 547.76889550145 552.866937704543 562.283884874098 503.449217604411 439.173552506876 579.01938584889
336.53440621171 345.916820236963 355.372399611117 364.397398235637 363.187601413606 361.405609332291 365.595180360421 373.54329131086 382.577031535717 379.560735123899 380.225935201748 383.702759572968 389.983898591061 -9999 398.646872759836 402.800442562538 410.613912623493 -9999 447.004276748382 418.478473927104 419.871074657232 424.631144673256 428.73689910735 433.667166174085 441.843612132603 447.048365782243 457.287149847289 474.961324371662 480.606157888376 471.697035110312 479.316559312018 479.830983751918 489.691492942444 472.378615390433 411.721486160027 538.634353829912 543.530943361176 512.016672565876 517.236695084106 521.873352683568 529.128876190515 534.322334483984 540.815701289349 545.408467860805 546.21845655309 550.986734199556 561.389511831643 502.209261588724 438.659171273688 577.354455913949
334.280189513084 344.026845503021 354.781575385779 361.694336528796 355.436185630955 358.625304939165 362.320992492711 373.370020803396 387.078029678673 377.84100195444 379.458848365857 383.166888268691 388.645336589369 -9999 395.568513089812 400.523373909467 409.049170323728 419.952625986901 420.612232591649 414.883436361531 419.190034619231 424.009203865871 429.691223182922 435.983050190279 442.441165357028 447.669486722922 451.334270576265 457.50664107964 464.045689819631 474.088670300797 484.405959302277 481.576316701649 469.097802238569 398.331244611823 360.211655362135 537.076504629392 532.876181047381 479.625337531429 452.952704147195 523.118527008576 493.216090722574 464.575723781803 535.274928312158 540.517542031731 544.21454374266 548.855789370068 490.164984323941 535.329645595006 508.763065522401 576.340523311234
332.650184748488 341.118587677647 349.905696853628 355.53319022359 352.009875886433 355.896638022707 359.346371908428 371.472091925791 387.487751003403 376.793712767741 379.29035710424 383.423512253489 387.717004465825 390.681663684653 394.844379462764 399.07172252099 404.804163724069 408.011760932241 410.394076079585 -9999 418.481847299344 422.820082207419 429.842475258725 437.768552257645 442.885847796876 447.352127970493 450.036980809595 456.665897550328 463.917353395778 446.602713364771 433.871943550506 478.497138290852 413.077522075525 383.16082608621 395.619626682582 516.323634379159 514.399275508181 492.412417414911 475.713534378305 526.447412765424 497.387899679539 472.100729077457 532.664322394974 538.173507691543 542.833101071894 547.084545730851 497.337655987971 562.895079532682 535.654065641022 507.008010390221
331.673435397215 338.243201162453 344.324702498499 348.810148800588 349.229027411815 352.823276329374 357.082813740297 366.98108572426 379.685624248535 374.868367488056 377.947058309847 383.905451487016 387.360061628113 390.423323972063 395.325200961176 397.668366918913 402.821132036692 407.070166878659 410.034069374212 414.012391688489 417.98186034963 422.268495907748 427.870467949218 402.257085102348 443.297368408057 446.572288214171 449.746829854428 456.651009106961 466.202696771628 431.134837149769 377.659679191154 452.986991505963 422.495400839813 422.255056632405 460.03002003705 501.91298339402 482.616111304332 467.471737814825 507.779461681173 465.145189039547 530.219809602516 526.090936810522 498.285739360423 467.919180035128 541.706377062168 545.548917265404 555.680892598081 561.394019834966 539.99672311872 516.515865283618
330.708905547009 336.532015912738 340.757546781728 -9999 -9999 350.651085562472 355.767549271155 362.923262316387 369.928094069253 370.868297073522 376.124258023761 384.644789374831 385.71424691663 389.771865416292 395.011330734496 396.48967725486 401.012846209235 406.298587675188 410.896207113105 414.922299888709 417.514251234839 422.026106782824 427.270480746398 405.907819215926 443.869138217193 446.409593334475 449.958482532347 456.157798456088 465.485816438931 463.153125726364 440.770954211519 446.641762199357 452.879123905416 469.968710993485 472.035646311108 471.04887244901 425.201738849852 450.676229525076 433.836496104645 472.646326662887 532.68277081162 528.240416415965 501.726896376479 476.044316736188 539.801434444396 544.115676284977 554.491159674245 560.918273865729 568.700545592514 545.019279407745
331.762631035494 335.575911725091 339.654681542209 342.994948597806 344.633475324983 349.226281967633 354.948388962756 361.153179951875 364.984488397845 369.975234122832 376.045532267845 388.588781521927 386.282463827726 389.753046845466 395.264218711053 395.579132147997 399.991580949361 405.85324345518 412.349092998237 416.160129027464 417.597213661373 422.185286792967 428.265574861681 436.1555108327 451.923749280845 457.74058545216 450.114610887915 455.777128978987 463.947066342867 452.240988644139 428.889217264086 440.706771562724 430.54792718431 495.079327526389 469.978875075217 477.037849837676 452.644816690985 491.576113886498 456.042796908688 519.063310305127 492.314188408671 460.118455854598 528.715099588776 501.40374145333 471.190856662325 543.093483259138 553.003006180031 560.096750840219 535.717696156091 450.971452014284
329.086462979456 334.449767834321 339.206431813941 343.445651821033 344.111010597806 347.552870559993 352.487383103449 358.199389883973 361.86905927607 367.402841240499 377.650479643485 366.653249234566 388.120305706664 390.380212717677 395.575026584434 395.821972045191 400.276790347072 405.746071416875 413.892744885295 418.948552847468 418.537422014081 423.415074294419 -9999 421.017487651909 488.839220577753 478.768708105764 451.043073871831 456.35431776371 465.522246208122 438.940529381506 396.748563190092 420.531105977137 393.207235975624 489.079225349317 493.493968441545 507.050347388545 499.690838427187 502.742442318977 507.539986447785 513.536350176147 490.011445739489 464.504205691684 528.378626166941 504.944935227414 478.304723097228 541.376227588582 552.027948062492 559.471688466736 538.82807659322 489.704853128971
324.240780034798 330.498372982396 336.241916497197 342.723321907589 342.463779137562 346.672431023609 351.458557888041 353.627557233007 356.994473843642 361.901367695194 353.543599776838 335.129244282072 409.73699232766 388.974852100233 394.424930249178 397.134282994436 402.696788130194 418.098203848744 431.891882030378 418.203111287942 424.377731211167 435.029970480586 453.108349055873 455.008319400306 469.165484459655 438.039749240779 398.605947955167 458.513546607849 475.304509926221 474.107791893056 411.253359451784 421.668495996198 484.235984578173 482.914701745663 495.008212544201 458.021354805367 504.855414514986 499.136862633504 503.090634495577 507.618224612283 485.011858845137 430.208282579842 458.446193202576 496.56388965089 438.882623185185 474.445490655496 549.332969399899 526.252050717093 444.822546624546 399.432508204523
322.466535063634 328.924956095305 333.00746769797 338.325924340076 339.409015838938 344.040356536781 350.106440929335 354.197679872405 355.864873628865 361.739509376923 370.735395583723 388.888224134841 414.300896237222 389.190623485761 395.634366632802 407.820477414126 422.662089782237 397.325188288784 343.058718099633 363.127785359725 432.660203288911 441.411635156085 469.370603018749 487.902590354521 474.064498429048 458.826836177995 457.772498856509 433.462607836464 406.373861493776 457.141741663306 392.214838494976 391.252502295584 479.821283065943 480.547434752567 495.192677179551 501.459852087827 503.743128627642 500.827794219618 502.024272840431 506.175628285311 511.619444458203 489.683585914274 437.077895131723 438.162759594209 419.608195596615 388.001109278213 548.373029997266 529.448905166588 482.786861229601 462.499527425026
320.728622772017 326.424679400636 329.474392229895 332.92540823352 336.050982352077 339.623364606995 345.076304654968 350.675146630907 351.937749397716 357.685810723526 363.861797122444 372.521615136035 338.101528642005 387.970137770253 398.352607631945 424.022096598942 446.497685030481 421.487012178005 371.669219903733 360.155950457694 377.44542144431 420.353035551624 407.55154731792 466.357817135293 462.128499563284 460.083800939443 463.627674910634 444.226520970087 416.125767602589 444.027164141576 392.502215551236 433.036804244529 474.524394257387 478.18934429002 464.101064086145 511.30565821077 -9999 469.570981103246 438.579701971341 506.091353891324 511.551535156115 515.92671073117 496.370329615917 474.277386950378 473.933265599949 391.780532632741 546.997368759586 524.478116557222 470.326471844288 451.752259653411
318.669515198561 324.034837775183 327.319206141399 330.600319736771 333.28059705505 336.479098159103 341.105091690744 346.119886113612 348.511605494383 357.400670335506 373.311365399417 389.828369465782 356.838317435297 388.37006183554 403.631142668985 435.587412382277 450.099158384323 421.045468302652 358.04677756611 366.697392895257 403.660797731554 435.506568268364 394.442223408463 378.244347359172 459.50073101663 461.990896321396 470.907795642905 441.232514980035 402.38751776604 430.626941850744 362.389805673764 413.105096799478 472.362263392905 475.10930609871 464.19892638706 520.906553401331 -9999 471.803462783665 445.99383875684 504.1080296381 509.386506131246 514.908223341206 521.58380077483 526.440159165458 503.258339035923 450.869190732874 516.243897986778 436.742293942039 391.449206413297 398.293651180218
317.271349935724 322.092055915419 324.7342665907 328.046057248754 331.122874530369 334.525553039919 339.412898663393 344.969757241039 348.370624427704 355.680330673787 378.056131506045 414.599304823486 405.088740894778 392.986478693884 408.564751203589 438.489188865356 442.771058159854 422.770996402576 344.747701877663 342.769447432933 460.072928133371 458.863680690574 415.250039057984 315.534619859024 457.779344502202 459.225168603415 468.291884248418 411.350791241261 350.797840041533 438.984201590367 377.690110600114 422.681595961369 469.860843320971 472.455825235051 482.48093285061 486.024789002626 450.74267919771 498.060298379781 496.910016796174 502.291816998542 508.096587133815 514.000364978004 520.69433850133 524.877150353324 528.900414568622 507.87076418968 458.727121933484 442.774388229532 421.506558602159 460.334714695804
315.419428199773 320.571940705524 322.991484200403 325.937586261832 329.507321626075 332.838804197589 337.544122490384 344.284870184075 349.874347297404 355.108067810634 372.434616815022 395.871218452986 389.719790182632 390.983967287857 404.426467023272 434.737089140851 437.328382228955 442.378114758215 423.843110005017 373.056258423051 360.860050503309 396.248076389949 417.440662839965 361.877389308576 457.313433740356 426.444496411645 376.379757633162 359.742421870014 350.467746912954 458.519072682932 415.082017107218 380.387882417554 406.292750957575 469.911534498063 477.815921782152 471.197351756728 445.330491002033 493.694418576962 498.132615779337 506.996527373518 510.419912720184 514.741331690855 520.356707934802 525.284132757371 528.618269920712 532.38311538288 490.523483876404 494.309139980094 447.90259103215 516.655813598325
313.109564192315 318.662652939616 321.416739836762 324.738743363347 329.059754866097 331.81204028713 335.21196210789 342.21012273698 348.955207539749 352.619605197448 359.936474538507 366.521155144328 376.649582933756 383.768661234714 396.064573345756 426.426715578069 404.38135211475 343.619298566024 379.617226591891 425.13458929417 340.112904345649 311.494162259339 384.927348230388 442.049944704051 452.303327141555 428.036667747399 397.092249366505 417.09101917281 406.45055062816 432.646023351987 352.271031608376 331.176834405774 413.325087343871 467.088597204504 472.173548385314 482.12452344488 482.364921597666 -9999 -9999 484.838447359406 456.173752305391 489.25774090517 462.357921709464 524.269194532061 527.604011335657 531.785193433933 542.142069201512 494.264173696876 419.067232256877 486.755462951483
312.056292636946 316.56287697306 319.592168508169 323.617484983746 326.910531522418 330.0248376345 333.396660579773 339.723927840251 344.917022884988 346.539927761673 350.169887103786 355.71575106826 368.953818531286 377.001506888099 390.755887533234 416.69489020399 372.386923922453 298.778340370222 389.081413517334 442.316681558978 416.116851578225 372.150168298959 377.544339104999 397.348216146643 444.514389146928 447.666720080994 437.964987229834 406.066695232789 408.088007710975 431.620943220961 383.415712127768 412.123992082475 464.124491497001 470.480972526114 468.703335771844 479.628600577978 482.372517499239 -9999 507.791359921233 492.593192550028 469.777574875423 465.708217414303 412.117960054926 521.801919806162 525.090197645841 530.055934165308 540.710631340679 521.790928623862 479.959188207145 487.372843622586
311.47178509203 314.896418079893 317.495029965024 321.171320411963 325.761567383685 330.83143978902 331.630969140411 337.13859606582 341.439555697491 343.457780171903 347.73327820955 352.675285153703 368.6798303787 371.740188625007 383.323140307818 400.511251883274 388.591359044007 354.22211046565 375.664855203263 437.093251121631 411.737747044442 386.643151754283 426.388832015978 393.04866927528 -9999 -9999 -9999 374.949323540113 365.173115033047 458.085120280895 454.12326156604 455.421987702515 464.622125427791 477.414152933088 469.879814795514 476.383844241699 480.538203865334 -9999 507.329946738931 528.593017959163 526.525390739348 462.226594587164 410.354521992348 520.122630236168 523.64553027832 528.560845252691 538.262087985823 544.854355362385 526.686132318502 461.727146010405
309.724863615911 313.403328366263 315.603365100014 318.661195303679 324.771502218682 331.347803186535 330.006603039696 333.786897448894 337.287136250398 340.799729507074 345.483881818934 350.873937102908 366.025603359741 366.772562199081 374.726080643817 388.214383817867 412.029822132772 377.446277402347 323.853229870019 406.502370573141 329.961202256037 308.78997792985 358.656275504744 386.714897410157 434.591455773191 438.328384354727 -9999 427.21684032845 404.909385249023 453.263894283198 424.387058631897 396.660784325786 464.131186452814 475.453956156035 469.491634123097 477.200250801392 480.023114536801 484.92897001341 475.759736482071 450.773645412292 481.251394661129 488.913330734138 -9999 518.625932885497 522.544906714152 527.531984659777 536.771237922541 517.044310379622 475.137574279741 498.362522437062
306.496824052053 311.242416177662 313.90097400537 316.405642328103 320.796290979416 326.554984831144 328.633487624756 330.362912588049 333.328614598879 337.159247987712 341.708160496523 346.280702767615 357.58012137244 362.634389356412 376.579128538653 398.526918970329 388.657349603806 347.711030101773 387.9909729534 419.185301385932 369.282585060371 343.129064508973 285.294974409851 314.392315099656 434.128418832901 -9999 440.058489875967 441.804987529355 439.460927138993 444.812954164761 426.223243260344 405.950009520737 462.454067079115 472.842230736137 470.33063313162 480.842125076534 480.39683379998 483.14919574417 471.642028880453 423.106337854596 431.25525967796 483.541387863197 456.708534857627 516.254643501029 520.488969756341 525.151796122494 535.731871014198 520.867786066295 483.174115962257 491.429110750141
