rcp8.5models/GFDL_CM3/sc1gr3.23
NCOLS 261 
NROWS 433 
XLLCORNER 336357.134 
YLLCORNER 654653.479 
CELLSIZE 1000 
NODATA_value -3.4e+38 
[rows 264 to 285 of 433, columns 49 to 97 of 261]
287.708129882812 287.518188476562 287.050415039062 287.189208984375 287.328857421875 287.433624267578 287.511749267578 287.372375488281 287.608245849609 287.468170166016 287.316528320312 287.242736816406 287.228485107422 287.017333984375 286.661407470703 286.271667480469 286.255981445312 286.325775146484 285.114074707031 284.841430664062 285.247436523438 285.407623291016 285.093048095703 284.925323486328 284.938903808594 284.283111572266 283.951232910156 285.113922119141 285.661987304688 285.417694091797 284.652496337891 283.762481689453 283.573669433594 283.921783447266 284.125946044922 283.859924316406 283.26123046875 282.644165039062 283.113220214844 283.287536621094 282.969421386719 282.233612060547 281.792144775391 280.671722412109 280.569213867188 281.226654052734 279.054595947266 278.172271728516 277.734222412109
287.592681884766 287.439361572266 287.086639404297 286.872741699219 286.944000244141 287.212188720703 287.254028320312 286.722290039062 287.057342529297 287.436248779297 287.399108886719 287.320892333984 286.893249511719 286.639892578125 286.870361328125 286.525695800781 286.382904052734 286.525756835938 284.462127685547 284.500549316406 284.986541748047 285.309204101562 285.193115234375 284.815887451172 284.580535888672 283.95654296875 283.717620849609 284.816467285156 285.813110351562 285.070556640625 285.099822998047 284.609252929688 283.803649902344 283.5400390625 283.637481689453 283.572570800781 282.8505859375 282.339630126953 282.974853515625 283.063323974609 282.587036132812 282.330535888672 281.705078125 280.759124755859 280.023101806641 279.888061523438 278.732604980469 277.953674316406 275.931182861328
287.244720458984 286.996246337891 286.621368408203 286.562896728516 286.394226074219 286.509094238281 286.628784179688 286.4013671875 286.228881835938 288.512939453125 290.033203125 286.671539306641 286.675750732422 286.780792236328 286.757263183594 286.772277832031 286.643524169922 286.121917724609 285.047943115234 285.045135498047 285.146484375 284.742340087891 285.269317626953 285.238342285156 284.231414794922 283.966186523438 284.694946289062 285.028411865234 285.765991210938 285.350921630859 284.746917724609 284.080139160156 283.528259277344 282.839813232422 282.16162109375 281.850158691406 282.411712646484 282.285980224609 282.753356933594 282.770782470703 282.113800048828 282.157531738281 281.669494628906 280.290740966797 277.646209716797 275.424591064453 276.854522705078 278.2099609375 269.920196533203
286.993072509766 286.707366943359 286.539123535156 286.495086669922 286.344940185547 286.373199462891 286.713592529297 292.798858642578 292.926361083984 294.139373779297 294.356658935547 292.769134521484 292.467254638672 292.578735351562 290.369140625 286.630950927734 286.698638916016 288.778472900391 285.556976318359 285.595062255859 287.801788330078 290.888092041016 288.877868652344 285.260284423828 286.332763671875 287.454620361328 285.238433837891 285.532257080078 285.931213378906 285.503143310547 284.449890136719 283.046539306641 282.789276123047 282.867065429688 282.54296875 282.289672851562 282.529052734375 282.126373291016 282.300872802734 282.548583984375 282.153015136719 282.032348632812 281.726013183594 280.915191650391 279.442901611328 278.348937988281 278.715026855469 278.162689208984 271.021820068359
287.239593505859 287.076629638672 289.608367919922 293.364105224609 293.225708007812 290.774871826172 289.856811523438 295.941619873047 296.726379394531 296.845397949219 296.576293945312 296.588928222656 295.822998046875 295.630920410156 294.401123046875 292.589935302734 292.965881347656 294.515502929688 292.189392089844 291.950836181641 293.1005859375 294.490112304688 292.920623779297 291.687103271484 291.138732910156 291.178039550781 289.117340087891 285.765106201172 285.663024902344 285.17724609375 286.407531738281 287.425140380859 285.243835449219 285.798370361328 286.942504882812 283.631713867188 283.062377929688 282.782409667969 282.506530761719 284.370788574219 287.678161621094 284.956817626953 281.625518798828 281.695495605469 281.178405761719 279.548248291016 279.181732177734 278.174346923828 269.208312988281
287.515472412109 290.148406982422 294.989013671875 296.865905761719 297.083312988281 296.064025878906 295.624969482422 296.200866699219 296.991882324219 296.824737548828 296.615997314453 296.491424560547 296.181427001953 295.922424316406 295.527770996094 295.518371582031 296.011932373047 296.425262451172 294.930236816406 294.433563232422 294.6708984375 293.382781982422 294.297729492188 295.139587402344 292.339141845703 292.431488037109 291.757934570312 288.040679931641 291.006744384766 290.753143310547 291.616088867188 291.602813720703 290.478485107422 291.44775390625 292.023376464844 289.723083496094 289.366088867188 289.238372802734 288.528625488281 289.395141601562 291.774780273438 288.49072265625 285.739929199219 286.359436035156 285.111541748047 283.40576171875 282.894165039062 282.347503662109 273.483001708984
294.217315673828 295.434387207031 297.179626464844 297.079040527344 297.303527832031 297.484283447266 297.416778564453 296.452362060547 297.191558837891 296.882141113281 296.539489746094 296.695526123047 296.295959472656 295.942230224609 295.253082275391 293.898406982422 293.873504638672 295.754302978516 293.153259277344 292.692504882812 292.948699951172 292.858276367188 294.217163085938 294.858978271484 292.216949462891 292.373626708984 293.116394042969 293.126800537109 294.811553955078 295.327423095703 295.128173828125 293.544219970703 292.850555419922 293.680236816406 293.741180419922 293.812194824219 293.429290771484 292.959838867188 292.677001953125 292.261688232422 292.181396484375 288.721618652344 286.868286132812 287.358764648438 286.378631591797 286.138732910156 286.916290283203 286.799560546875 280.013610839844
290.977600097656 293.878692626953 297.556091308594 297.206329345703 297.530731201172 297.653442382812 296.935485839844 296.567077636719 297.179504394531 296.979553222656 296.609436035156 296.536224365234 296.390106201172 295.919891357422 295.115844726562 293.103759765625 291.450256347656 292.789672851562 292.295471191406 291.912567138672 292.059783935547 292.703887939453 293.661193847656 293.734588623047 292.448425292969 292.4541015625 294.164703369141 294.750213623047 293.71826171875 295.411254882812 295.601623535156 293.646362304688 291.219604492188 292.035614013672 292.535217285156 292.827484130859 293.112823486328 292.9716796875 292.950592041016 293.135284423828 293.2783203125 288.396453857422 286.020446777344 286.212738037109 287.031585693359 288.540313720703 289.173248291016 289.015228271484 284.015197753906
294.538696289062 296.075469970703 298.023010253906 297.811492919922 297.939208984375 297.734344482422 296.992645263672 296.998016357422 297.134460449219 296.745239257812 296.194458007812 295.955200195312 296.054809570312 296.028656005859 295.457580566406 293.516143798828 290.803283691406 290.524261474609 291.907684326172 292.216400146484 292.363739013672 292.445861816406 292.884643554688 292.949584960938 292.582122802734 292.727325439453 293.244995117188 292.814880371094 292.711822509766 294.634094238281 295.390319824219 292.843109130859 288.310638427734 288.015472412109 288.179962158203 288.791076660156 292.801696777344 293.099273681641 293.623626708984 293.993041992188 293.890014648438 287.999084472656 286.024627685547 286.561218261719 289.856323242188 291.598541259766 290.482421875 289.084930419922 284.132659912109
297.900665283203 297.799652099609 298.131988525391 298.077941894531 297.944885253906 297.668853759766 297.317687988281 297.05078125 296.575622558594 296.454681396484 296.131866455078 295.967071533203 296.103210449219 296.124450683594 294.657775878906 292.497924804688 290.702331542969 289.350555419922 291.64208984375 292.668029785156 292.2666015625 292.314819335938 292.718444824219 293.246978759766 293.228820800781 293.034606933594 292.190307617188 290.793975830078 290.477722167969 294.144561767578 294.542266845703 292.923309326172 287.462615966797 285.483520507812 286.415466308594 286.711364746094 291.655517578125 293.061950683594 293.977111816406 294.152404785156 293.760498046875 290.793273925781 289.259307861328 289.548828125 289.968139648438 289.681945800781 291.226837158203 289.743530273438 284.838745117188
297.76611328125 297.263336181641 297.263519287109 297.469085693359 297.483734130859 297.210205078125 296.673980712891 296.527557373047 296.1279296875 296.085235595703 296.007965087891 295.975311279297 295.999603271484 295.653625488281 294.137268066406 291.847412109375 291.118774414062 290.923645019531 292.285400390625 292.793365478516 292.162139892578 292.172332763672 292.614990234375 293.019470214844 293.345886230469 293.007171630859 291.755432128906 289.8828125 288.705139160156 293.664978027344 292.999694824219 292.95751953125 289.797058105469 285.966674804688 287.125518798828 288.252288818359 291.1884765625 292.810974121094 294.040924072266 294.0439453125 293.846710205078 291.761077880859 290.542175292969 291.254547119141 290.14794921875 289.739776611328 291.740600585938 291.362243652344 289.195129394531
297.380950927734 297.03173828125 296.904876708984 296.816619873047 296.345886230469 295.761810302734 295.685546875 296.159515380859 296.091674804688 295.896667480469 295.758514404297 295.587341308594 295.366485595703 295.384948730469 294.561248779297 292.622711181641 291.671203613281 291.104431152344 292.848846435547 292.257141113281 291.969879150391 292.297698974609 292.550109863281 292.972808837891 293.265350341797 292.971008300781 291.976623535156 290.910858154297 290.203521728516 294.002349853516 291.981658935547 291.485412597656 292.018524169922 288.926452636719 287.028961181641 287.272827148438 290.509674072266 292.558227539062 293.878692626953 293.814147949219 293.38916015625 288.661682128906 289.010986328125 289.518096923828 289.704010009766 291.8779296875 291.527984619141 291.625122070312 292.073303222656
297.294250488281 297.230529785156 296.920501708984 296.631958007812 296.371368408203 296.085754394531 296.312438964844 296.040161132812 296.049591064453 295.964904785156 295.669982910156 295.263061523438 295.194091796875 295.501678466797 294.576049804688 292.373077392578 291.423431396484 291.439483642578 293.014038085938 292.128540039062 291.72314453125 292.038482666016 292.558685302734 292.900390625 292.619049072266 292.726715087891 292.339172363281 291.946228027344 291.651733398438 293.289764404297 289.664489746094 289.494506835938 292.851287841797 291.967864990234 288.291748046875 284.170745849609 286.044769287109 290.836151123047 293.954956054688 293.795043945312 293.137390136719 289.388275146484 289.738952636719 290.468475341797 290.842590332031 292.634460449219 292.075592041016 292.070983886719 292.696105957031
297.213439941406 297.338043212891 297.141418457031 296.985046386719 296.989654541016 296.647033691406 296.618225097656 296.437072753906 296.009613037109 296.010223388672 295.791046142578 295.270233154297 295.218200683594 294.795318603516 293.514434814453 292.687866210938 292.205841064453 292.579345703125 292.816589355469 291.903076171875 291.298553466797 292.001922607422 293.034484863281 292.954315185547 292.536804199219 292.326965332031 291.999755859375 291.323364257812 290.869873046875 292.639617919922 289.098419189453 289.103179931641 292.687957763672 293.400024414062 292.048492431641 289.249206542969 289.177093505859 291.812622070312 293.94287109375 293.927124023438 293.238677978516 290.645050048828 291.089416503906 292.185455322266 292.645080566406 292.99169921875 292.993865966797 292.525695800781 292.140289306641
296.677124023438 296.4755859375 296.494476318359 296.605712890625 296.598724365234 296.409973144531 296.301330566406 295.884307861328 295.543731689453 295.626434326172 295.441284179688 294.962036132812 294.482971191406 294.378509521484 294.144714355469 293.193481445312 293.045257568359 292.938201904297 292.633056640625 292.4970703125 292.618682861328 292.626617431641 291.389007568359 290.417449951172 291.495147705078 291.880432128906 291.989959716797 291.469635009766 289.756469726562 291.829711914062 290.204498291016 290.150543212891 293.637451171875 294.042694091797 294.235290527344 294.051300048828 293.443115234375 293.182312011719 293.601409912109 293.379852294922 292.830596923828 290.561737060547 290.327819824219 293.136383056641 292.892364501953 292.498809814453 292.839538574219 292.349151611328 291.561004638672
296.646514892578 296.104370117188 296.069732666016 296.321014404297 296.402069091797 295.917724609375 295.879302978516 296.061859130859 295.824798583984 295.916046142578 295.585723876953 294.956176757812 295.036041259766 295.5068359375 294.486968994141 292.705108642578 292.646697998047 292.518005371094 292.113861083984 292.317840576172 292.459838867188 292.326599121094 290.490509033203 289.244384765625 290.278198242188 291.478424072266 291.691284179688 291.079833984375 289.939331054688 292.517456054688 292.736236572266 292.483367919922 293.293121337891 292.541625976562 292.944152832031 292.819244384766 292.195068359375 292.160705566406 293.213287353516 293.051696777344 291.620513916016 286.201965332031 286.845611572266 290.874450683594 290.242004394531 290.492553710938 292.778869628906 292.344787597656 291.155303955078
296.606872558594 296.072387695312 295.980682373047 296.083923339844 296.089263916016 295.612548828125 295.528594970703 296.291748046875 296.2119140625 295.986999511719 295.477661132812 295.158416748047 295.394836425781 295.647399902344 294.210815429688 291.639434814453 291.626037597656 292.041931152344 291.870635986328 292.050811767578 292.158294677734 291.853149414062 290.912475585938 289.6787109375 289.519653320312 290.676574707031 291.271697998047 290.677947998047 290.765960693359 292.972015380859 294.00830078125 293.782745361328 292.100311279297 290.290252685547 289.479827880859 289.188537597656 289.603424072266 290.450164794922 292.217651367188 292.013549804688 290.360534667969 285.072662353516 285.054718017578 287.998229980469 288.954010009766 289.734497070312 291.858093261719 291.830078125 290.645233154297
296.235382080078 296.114685058594 296.034576416016 296.023406982422 295.864959716797 295.345306396484 295.331085205078 295.849090576172 295.646057128906 295.721923828125 295.732757568359 295.346893310547 295.179443359375 295.198059082031 294.529479980469 292.278930664062 291.218383789062 292.039398193359 291.797698974609 291.651824951172 291.946502685547 291.802276611328 291.464019775391 290.850769042969 290.472290039062 290.027618408203 290.069885253906 290.502227783203 291.366394042969 293.33056640625 293.543060302734 292.758575439453 290.800964355469 289.558837890625 286.852294921875 286.447875976562 289.077514648438 290.611999511719 291.539581298828 291.895538330078 290.876953125 284.911743164062 284.374664306641 286.838653564453 288.706970214844 289.364654541016 290.528503417969 291.416625976562 290.687927246094
295.864501953125 295.772857666016 296.108489990234 295.810516357422 295.332672119141 295.067077636719 295.123321533203 295.226196289062 295.258636474609 295.400512695312 295.722686767578 295.415679931641 293.607513427734 291.582458496094 291.550262451172 291.753875732422 291.561981201172 291.856750488281 291.3125 291.680236816406 291.047760009766 290.925506591797 291.624420166016 291.60693359375 290.655029296875 289.516845703125 290.007080078125 290.615203857422 291.987701416016 291.429107666016 289.950744628906 292.076324462891 291.646606445312 290.978637695312 287.716247558594 286.818725585938 288.863189697266 289.941009521484 290.553009033203 291.2685546875 290.839233398438 282.91796875 282.941925048828 285.868469238281 287.348724365234 288.484436035156 290.080749511719 291.133666992188 289.828704833984
295.643646240234 295.579986572266 296.078491210938 295.618041992188 295.005401611328 294.903442382812 294.990081787109 294.961669921875 295.272399902344 295.198944091797 295.530944824219 295.5986328125 293.996887207031 291.324371337891 290.962249755859 292.244262695312 291.659393310547 291.579437255859 290.861877441406 290.409149169922 289.571868896484 289.772308349609 290.849639892578 291.458618164062 290.066070556641 289.109130859375 290.178283691406 291.455657958984 293.054443359375 289.841552734375 287.580352783203 291.624664306641 292.829895019531 292.100128173828 289.899780273438 288.043060302734 288.112731933594 288.599029541016 289.883758544922 289.7607421875 287.991821289062 282.538330078125 280.891845703125 282.497222900391 284.83740234375 288.388793945312 290.292114257812 290.170593261719 288.923156738281
295.384307861328 295.635070800781 296.094787597656 295.882843017578 295.317230224609 294.923919677734 294.908599853516 294.850189208984 294.86669921875 294.67333984375 294.668304443359 295.272766113281 295.119781494141 293.589172363281 293.050018310547 293.519836425781 293.138122558594 292.241546630859 292.138214111328 289.68896484375 289.511810302734 290.319885253906 290.9287109375 290.909881591797 290.470947265625 290.166748046875 291.262817382812 293.090362548828 293.16796875 290.135131835938 288.608306884766 291.429260253906 293.028289794922 292.538269042969 291.052795410156 290.030731201172 290.296142578125 288.443389892578 286.736663818359 286.900787353516 285.878479003906 281.387145996094 279.766998291016 280.136413574219 283.187103271484 289.038757324219 290.073364257812 288.908477783203 288.163055419922
295.119659423828 295.242889404297 295.460723876953 295.437133789062 295.199462890625 295.193420410156 295.217834472656 294.801696777344 294.523559570312 294.041900634766 293.855041503906 294.455627441406 294.768188476562 292.094451904297 288.739166259766 290.8056640625 293.476776123047 292.246215820312 293.028625488281 289.870422363281 289.605621337891 290.758422851562 290.864868164062 290.647399902344 290.260223388672 290.031097412109 290.652984619141 292.017211914062 293.074188232422 290.571105957031 287.417602539062 289.312561035156 293.083099365234 292.271606445312 290.316741943359 288.642486572266 288.401306152344 288.772491455078 287.337677001953 285.581726074219 285.825714111328 282.183410644531 281.93505859375 282.436004638672 285.387023925781 289.489105224609 290.091796875 288.682342529297 288.131866455078
