rcp8.5models/GFDL_CM3/sc1gr1.40
NCOLS 261 
NROWS 433 
XLLCORNER 336357.134 
YLLCORNER 654653.479 
CELLSIZE 1000 
NODATA_value -9999 
[rows 264 to 285 of 433, columns 50 to 99 of 261]
60.3707843721698 60.2421323697351 59.9301112855282 59.774694130538 59.8851270642857 59.9215285447177 59.9317712046666 59.7465667011862 59.6499374931178 59.6648772501928 59.8065621184689 59.64841181251 59.5826776847856 59.4042733160925 59.2144266990821 59.0702509443593 59.1259319141463 58.992988927134 59.051358006867 58.872033881127 58.5931859295583 58.7180881080993 58.8600230497251 58.9992692609773 58.978817671927 58.9006127617937 58.8582252438255 58.5875468571822 58.4226795574318 58.3136390966579 58.4018944618313 58.4820244750468 58.2427890685255 58.193563725327 57.9546892893644 57.8614606513168 58.024992657686 58.074335406213 58.1974002028737 58.0739032997769 58.1659484913428 57.9856116017297 58.1190823401405 58.0464531156408 58.0006937182333 58.0767894899422 58.2502744099791 58.3322685898869 58.9380636538767 58.9662123179357
60.1085733360205 60.2887412045073 60.1178134361075 59.8859837937058 59.7298853104486 59.8877595495868 59.7320684553644 59.6681888783091 59.573465100207 59.4913104061353 59.5925545293761 59.7029209914309 59.5173515618586 59.4011647100091 59.4284428923013 59.1041883025757 59.018525443379 59.2366464834358 59.1753220798929 58.8643772554647 58.7415496254288 58.8661426673877 58.8326559402342 58.9475475296677 58.8873545539559 58.7992531918408 58.7089143059532 58.4949189692841 58.5476892616894 58.404838651368 58.303180774005 58.3185533780577 58.2273318928825 58.1352297035891 58.0120842844569 57.9755134300459 58.0577620929056 58.1129646047197 58.0046495169218 57.9439997467356 58.2155788670947 58.114989893073 58.0426722319967 58.083841391172 58.1392739794004 58.0719492592608 58.1221962150006 58.434026962931 59.3642876215761 59.2449990066057
60.2110815546254 60.3424037767476 60.0467514438905 59.8668933831652 59.8811366044431 59.8258648040147 59.3426541369458 59.3976289121269 59.4246370578043 59.3870161956215 59.4053017295263 59.3656748238174 59.3619846384974 59.4050160455873 59.3268209734902 59.1469231681276 59.141452966973 58.8476207432352 58.7323472190889 58.7416698064331 58.8084645733698 58.6371797664946 58.5410225804474 58.6625798890766 58.691834676968 58.5887541745014 58.5742689565809 58.5128411075577 58.0986947394481 58.0975802211724 58.246928555573 58.0359422742332 57.8834750872268 58.2031225836391 58.0809249978421 57.9576547883513 58.129563266904 58.1072371957038 58.0069594747334 58.0070183635612 58.1838510001138 58.0828650183476 58.2171516129279 58.4826887556436 58.5919359766169 58.3762414998734 58.119427508688 59.2232734534755 60.6658340903968 59.8736879005485
60.2660568096354 60.2351318647444 59.915573243655 59.699766930948 59.662932228338 59.7322526824181 59.5866629781999 59.4953282316446 59.4857525047009 59.3194459488081 59.3339017953279 59.3340797200086 59.3754908427125 59.4173745249326 59.3496587522934 59.1245306522781 59.0285059749889 58.9162417421622 58.7455840131955 58.7052775831418 58.8825185980323 58.6252205897838 58.5037755582472 58.6834183173697 58.7845013642035 58.6546544727212 58.6101563717029 58.5511807789361 58.1422177276323 58.1337771825147 58.2610313146219 58.1365297661386 57.9156995788012 57.8892533478221 57.9856986216013 58.0489435501421 58.1848284733589 58.1294899477286 58.0484641552208 57.9820175005216 57.9924498041378 57.929410207587 58.170947128032 58.1893182991839 58.1797561350353 58.2616475018986 58.2324883356913 59.1002897521064 59.8099407239279 59.2745108017101
60.0923031215011 60.0620823611882 59.8058990741248 59.5953518546889 59.6060320093085 59.7837976349065 59.3947947127289 59.4646229592839 59.5326359799165 59.3078448922632 59.2577871584168 59.1978118423604 59.3004470706871 59.4835939850227 59.3823790975317 59.162058812626 59.012244240801 58.8155396796249 58.7275274963405 58.840224237579 58.696650775831 58.5362371622582 58.5641186207744 58.6336982164593 58.7167476900991 58.531326076014 58.4209762819764 58.45351962626 58.3609699801103 58.2869324846228 58.2869623519514 58.2960202982266 57.9000836240381 57.8340721756157 58.0263781458476 57.9177520053283 58.0501322975817 58.0603250665379 58.0525275791238 57.9819204445131 57.8796993516555 57.8152297575244 57.8156964511286 57.9304382089856 58.0145036819184 58.018161738034 58.1849193541943 59.3871519399884 60.0089599716555 59.0027179822989
60.1369436756962 60.2623075920465 59.803713319619 59.5489765091734 59.5726103737292 59.5209149665729 59.4476791276209 59.4601706418015 59.4722282607917 59.3326675917038 59.3089600986991 59.1836517397691 59.1861920608331 59.4089682018889 59.3382092076898 59.1263096869753 59.1214940570184 58.7539863922078 58.7465200918438 58.6453138306339 58.5573570499568 58.4851585323 58.4860669278282 58.5250197159132 58.5893318174516 58.393999521246 58.3850091645595 58.4141482667378 58.4348607637925 58.2549267460262 58.1367993812158 58.1193033179909 57.9839765032639 58.0765375148833 57.9314786060424 57.7426532377988 57.8532294835329 57.9708792988785 58.0037571326575 57.9432859389199 58.1900938482947 58.0542896671203 57.7467534251419 57.9791623427706 58.3344507228165 58.1387470268661 57.9550637613858 58.9744902023716 59.5925294974052 58.4171866095756
59.8979340639742 59.9688161092745 59.7968477411924 59.6725142477154 59.4500689493943 59.2863421376259 59.4192362507702 59.4867674486723 59.4960357564413 59.5305728562082 59.482120438882 59.2530235005329 59.1611434288548 59.2787081374075 59.1741643991717 58.9145196170624 58.9932528043129 58.8299524632544 58.8582521030756 58.6742120563606 58.6383050153883 58.4689218246277 58.3393980953044 58.3545992459885 58.4406553612073 58.3278455087457 58.3714548652444 58.4762007120334 58.3646201693084 58.0502933783927 58.029149175553 58.0806991521473 58.0123081360303 58.0905229835961 57.8577488217597 57.8326358076546 57.7982080528145 57.6951699439609 57.7378429693254 57.73927965244 58.1900009837692 58.3968658434912 58.1879692669499 58.2735613406359 58.3312999041609 58.0670383649399 58.071099739605 58.7559901993837 59.4729007924598 58.3594334294543
59.7938443711705 59.9454759251961 59.845780237998 59.7213060661944 59.4976663852912 59.3992396427595 59.2460799375592 59.2173896884421 59.2802766643615 59.2083694064807 59.2744929636244 59.1882915530978 59.2270578231372 59.0924859820313 58.9258092091088 58.7698373466341 58.777664285787 58.7624725136536 58.7836461395698 58.8022520482666 58.6712247404892 58.4110205071919 58.2700627699336 58.2147721568682 58.2948090690607 58.1296251407367 58.1842048223889 58.5045656462897 58.1892290764342 58.0577586195437 58.1603518236446 58.3412998393296 58.0465963553751 57.8951000793754 57.9868042518924 57.8720751948444 57.7025720005332 57.5440230923781 57.4970168180725 57.6480030838196 57.9752118700215 58.4061622516041 58.3450946828468 58.2400322298025 58.0483497961123 57.9192416067905 58.2141467513798 58.6126084566665 58.9901425835173 58.3720432581562
59.6239918953061 59.8265555181617 59.8405829233444 59.7846755230533 59.7489414852879 59.6950513354542 59.3653678044597 59.2072751244689 59.298851399794 59.1671072204198 59.1590446420191 59.1351911311867 59.1625871721031 59.1083602360517 58.9672190569117 58.9146115076142 58.7740484668646 58.6503301110428 58.5565688743914 58.5917068839716 58.4835950494501 58.4715869171246 58.4755383350188 58.3606308809865 58.3037875629784 58.1283914862892 58.2489926500255 58.4696387929925 58.2168525557677 58.2716623669097 58.1941414281363 58.3112898760532 58.2185647220598 58.0765006665451 58.2070586970461 57.8295597960147 57.7961155116534 57.679364967063 57.5617831586801 57.712897789128 57.9595620200451 58.1405802558773 58.2219657364972 58.0135554161115 57.8204775472249 57.8501288324201 58.1321616183696 58.4435684452548 58.6151975550883 58.1300387591662
59.6385065532128 59.5249051493086 59.6647827595301 59.7209213768622 59.7094051836432 59.7121367546341 59.1919355919727 59.1219995031877 59.0565351256774 58.9837643729571 58.854003416806 58.8562795265935 58.9431014361705 59.0829048546665 58.9993918198956 58.9155165032396 58.7741595685872 58.5959594603632 58.415549946248 58.4721764129979 58.5362328146665 58.6578173160767 58.5237587389003 58.3377899141399 58.263500249089 58.2343306465595 58.4333484526585 58.4373030478143 58.1894667916625 58.3165350098676 58.1830315814366 58.2667133449284 58.438678520587 58.154915702552 58.21020553113 57.8065838484003 57.9798549620484 57.8640845739958 57.7742477305696 57.8847704716092 57.9175184212392 57.8106153693294 57.7700654169491 57.8060196174078 57.8373585234963 57.8017287152072 57.905462087039 58.1450400594455 58.4611690812567 58.1710927488397
59.7249221590915 59.4494617660948 59.6417883668391 59.8855323910717 59.7672984024933 59.6485404529883 59.2644692549 59.2419912281955 59.1004139899894 59.1562239517848 58.9166590946035 58.7906961112543 59.0897105377621 59.0447193991562 58.95810858743 58.9675502869414 58.8483978178304 58.4211882697168 58.4076034801672 58.4392088470159 58.3283210663354 58.4514392432613 58.4416219838984 58.2043826811372 58.1562048427297 58.1753255332359 58.4472094313846 58.5223951118075 58.1813907598048 58.2228109257711 58.2190888634596 58.3300732793482 58.4653241031955 58.3361046364592 58.1295522413247 57.8579063975574 58.045627673671 58.1073037239293 57.9835591893037 57.9854006981701 57.6912878836744 57.7414364760489 57.5272935221247 57.7280938195445 57.8174864303852 57.7914825601011 57.7549632227748 57.7560537319384 58.1935198174198 58.2610414452599
59.8517438703841 59.6729397363006 59.5059527227272 59.7087164574101 59.6803104202848 59.3908511246807 59.2730942503612 59.1441190079026 59.1303838593974 59.308386779042 59.2185237102927 59.2097154820044 59.3012386275452 58.9653249404789 58.9010412633163 59.1048348745704 58.9914245637205 58.4419461865786 58.5154215202914 58.3990029748488 58.2249318466746 58.2105855048599 58.280909124745 58.2247084258891 58.3237490801381 58.1311507631072 58.1343924339172 58.2641773902915 58.1855079046069 58.2053001317665 58.1749144446232 58.2408313073107 58.3520728003273 58.4018351635746 58.0806432449132 57.8195617369006 57.944254074249 58.0311544951989 57.9530129938862 57.8702055653539 57.8023319189056 57.8825023394896 57.8241616289253 57.9554445066597 57.7431837185004 57.7301475843177 57.9051075398842 57.7277584881239 58.0520671783273 58.2694620800871
59.639176855518 59.6008503579273 59.5065801101851 59.6070660794364 59.543188171569 59.4072725222822 59.3953210841358 59.1889609039083 59.1050168044054 59.1263749972331 59.2789839457687 59.3954900439239 59.2635352626755 58.8245144033939 58.8727222238951 59.103899628264 58.9098247947404 58.6316104767201 58.4550302200649 58.2878176123453 58.3168234290837 58.2719923431236 58.1866875953647 58.1727522957857 58.2373793028995 58.1481957372166 58.0569025348127 57.9864576805122 58.2042735196436 58.3440926544945 58.2710580046726 58.3026723255884 58.257723509278 58.1431176755772 58.0765446965353 57.9404154546163 57.8385089213358 57.5570478254581 57.6383050192853 57.7307618099359 57.719896918009 57.780880382988 57.724154327432 57.803653591307 57.7505314968115 57.698747805498 57.8187897383616 57.8483774984381 57.9989970462624 58.1797715957107
59.3287598071596 59.1819299248158 59.264611336003 59.3003868455393 59.4676812504407 59.617999101301 59.374506408748 59.153034547185 58.9542005961164 58.9791481915065 59.1374945282999 59.158546881017 59.0080213986759 58.8264562607033 58.7939376468897 58.8668618692403 58.7350378136311 58.6138737623561 58.3957795482183 58.3074226789967 58.3128050730691 58.227262819654 58.1688863290605 58.1284175563001 58.0849213764527 58.1179855590743 58.1633297226169 58.067823229226 58.0930962223268 58.1840217102915 58.2518763492786 58.0861056432013 58.0642524340433 58.2200997311161 58.1082387955096 57.8988256729883 57.8067197607459 57.5307626542431 57.6380678379157 57.7844388175471 57.6415993740604 57.745901480735 57.6497029054484 57.6482288273927 57.7911056725399 57.8110237405341 57.7212637351883 57.834467490165 57.8859645115927 57.9777887057244
59.6679105826154 59.5322599424174 59.3475591536179 59.3227583125067 59.3655827599367 59.4094553405726 59.4161750946906 59.2345677908596 58.9509813490369 58.8100172870646 58.7367024513941 58.6782154931571 58.8484367121913 58.896114133521 58.7772918402809 58.6563613575202 58.7879174610554 58.6078863545752 58.6629779161195 58.5747686608209 58.2795716565994 58.1261411372811 58.0895465386566 57.8953127954667 57.9640185195261 58.1761795687837 58.1610360462907 58.1198170257729 58.1292907502973 58.1359849887491 58.1120250955069 58.0182722952264 58.0795394242276 57.8491854437129 57.7881555996043 57.7444945439382 57.5590342729899 57.5908164434606 57.7566454862966 58.0587502202415 58.0206719463047 57.9514689111776 57.7858109939259 57.5930209226226 57.7267014099081 57.9659879464883 57.8736293969377 57.8667045363249 58.0505698701636 58.0285720725658
59.5637062458341 59.5089741140482 59.2995217068838 59.2062023629266 59.3697273232013 59.466898332006 59.0958813923368 59.0494541498133 59.0614364856853 58.9790715953572 58.697542069011 58.6984414785465 58.7938261151699 58.8922026508756 58.9520155293546 58.8480227409886 58.7115421393738 58.5503229800746 58.7208429756656 58.4452611462621 58.2632437472387 58.3448337832784 58.3705412660128 58.1590291605794 58.0687460979704 58.2035343637928 58.1125472972577 58.0170136477912 57.9790332755952 57.9065534543536 58.0048854635679 57.9307708449286 57.9639673270352 57.7342851153568 57.6482912158631 57.6714822915518 57.5637428262304 57.6637151977068 57.8049617031309 58.0053657352183 58.2673414167053 57.9871656091166 57.7276782725609 57.7874501090139 57.9660159608896 57.9185506423237 57.8795383409892 57.9199818841033 58.057697356636 58.0627527921878
59.4862994053372 59.4898143636002 59.4815773960457 59.604288873794 59.437210260053 59.2443742399789 58.9525292213022 58.8561949698693 58.9723488345485 58.9085637051439 58.7010875949629 58.7885604281142 58.8322983585624 58.7702914300655 58.7195336788697 58.5644241444217 58.443551361777 58.5195861757975 58.6266278825073 58.3896060165579 58.1908978112853 58.2715825291649 58.36198834435 58.2380159690861 58.1205659333339 57.9528165147941 58.0075057639253 58.0220734876508 58.1023965647977 57.9669896426011 57.9382731294409 57.9699004904919 58.0278571443499 57.9767605840492 57.8612228606619 57.8964519654918 57.852926934524 57.8306484248342 57.8638986319476 57.73843934131 58.0137743102055 57.9881174613799 57.8554933867163 57.9960385289453 58.304587060831 58.0360297083619 57.9617805587843 58.1022114096057 57.977343900173 58.052626869664
59.5156283201939 59.410521443255 59.5807150855823 59.7509909113478 59.5087838101549 59.2822066198506 58.9811073263544 59.0444176309013 58.9740182477896 58.7799347271402 58.813676967504 58.7849830237025 58.6273056523059 58.6528091658583 58.5808997972366 58.4733281968466 58.6367525861864 58.5520174607891 58.5969139428994 58.6125586272277 58.3711021839632 58.3157217925091 58.2296542300543 58.099798914302 58.1812848039448 58.1553445188718 58.1630859199527 58.1854047815539 57.9875403433256 57.8645813861983 57.8897591899123 58.0384156886119 57.9700152880941 57.9120505119902 57.9207389354337 57.7481785000277 57.9639192024167 58.1342804945608 58.0251840730507 57.7514077680494 57.8901645397242 57.98490109232 57.9110568964633 58.0086121191185 58.4077505200767 58.2091494339012 57.9617700819639 58.0727763064559 57.9278499784587 57.8884356643616
59.3788030999215 59.1658839735897 59.2438148358933 59.5178200078788 59.5427453854807 59.3072289294361 59.0987455515128 59.2210101262246 58.959452636668 58.8254309744142 58.9899972244333 58.8844473372987 58.8396552598523 58.6492273176419 58.3345406232784 58.5252871222972 58.6874227664502 58.4078002848635 58.3438522312566 58.4551250684927 58.4870031344823 58.3969150896676 58.1559332147631 58.1558520663341 58.1192789777465 58.0807912768652 58.1787985666411 58.1587460146016 57.8273329524957 57.8151501427659 57.9017919066919 57.9441599269696 57.8603616064166 57.7453675093934 57.7533639159398 57.8439259510872 58.0491308531314 58.1816740518395 58.0478421921638 57.9751851263543 58.2470513860708 58.2216580360985 57.924920673977 57.9027647920789 58.0659320960524 58.1361308048715 57.9729214459211 57.9362253210976 57.9816250161262 58.005031959509
59.3470617551061 59.0903432977765 59.2014741274361 59.3910359046271 59.4953667248539 59.3656839900513 59.0766252301827 59.1550237300036 59.0297445824733 59.0983130147979 58.9951402262975 58.6410259480704 58.8481730403327 58.8177727152486 58.5415176705609 58.5687298746935 58.4038290571477 58.4133143365082 58.2819520241368 58.2799085340139 58.279213941033 58.2466228399027 58.1214059683603 58.0630821057743 58.122857219491 58.0170601468047 58.0113496433339 57.8792041428358 58.1738908567579 58.1261547540945 57.9519950166118 57.887464141795 57.8642748548716 57.8215319824554 57.7611177881073 57.9337501261378 58.0890551052135 57.9188010213571 57.7422791272324 57.9174638936231 58.3101825822836 58.3603620096307 58.2782250255068 58.0340651298316 57.7312898399616 57.8699086047351 58.0315475594446 58.0465396320739 58.0435227485864 58.2289380123802
59.3003982060283 59.0307493966993 59.1013567094059 59.2720964578308 59.4328967632594 59.4366029788344 59.0202795523056 58.973153324631 58.936807743661 59.043650366101 58.9211378839997 58.4690602682241 58.55319917743 58.7273865939124 58.7007764936273 58.6308111492406 58.371562827311 58.4171323710355 58.347234721254 58.3179792838713 58.2504916855729 58.2768635786418 58.2879838367779 58.013557246329 57.936537870234 57.9743306564675 57.823224900243 57.820060573784 58.0791956713545 58.0204743766957 57.8014224254742 57.6972347881463 57.7625061720971 57.9268742705474 57.9545710933477 57.9260266603086 58.0673278973342 57.9275520149811 57.8725869638396 58.1428830282224 58.3662831859121 58.3791389958059 58.4072666456461 58.2036918431369 57.6424803173964 57.6568086828826 57.7734307304275 58.0531800929792 58.1958363079709 58.2997209667758
59.3908857666942 59.0421146861546 59.068090932916 59.1817298918512 59.1253659424028 58.9040490488811 58.9283095848454 58.7439242998834 58.8157375666329 59.0570138430378 59.0617787569676 58.7120967546829 58.5629423314497 58.868393924976 58.8972028231023 58.7025265629719 58.6260248638527 58.2216881412534 58.2172466362152 58.3019314134745 58.3649578216239 58.3368962095025 58.3336531705489 58.141424160385 57.854026905931 57.9840432800216 57.8787591422004 57.7567847354308 57.9894355253139 58.0418217469418 57.95970447157 57.6334878482482 57.7236353021728 58.0492383382115 58.0641886346419 57.8643764677127 57.9165708134377 57.9656643804933 57.9097502313571 57.9268225377403 58.2143409874505 58.1215396864303 58.1980780017745 57.9528394022243 57.5037316344087 57.5830857817082 57.6770778012471 57.8973196478974 57.976729464793 58.2151209328055
