rcp8.5models/GFDL_CM3/sc1gr6.30
NCOLS 261 
NROWS 433 
XLLCORNER 336357.134 
YLLCORNER 654653.479 
CELLSIZE 1000 
NODATA_value -3.4e+38 
[rows 198 to 219 of 433, columns 196 to 244 of 261]
937.044982910156 935.294982910156 936.195495605469 938.429321289062 940.182861328125 941.798828125 943.468872070312 943.933837890625 943.409790039062 943.807861328125 -3.4e+38 944.925415039062 945.302856445312 945.849914550781 946.196411132812 946.830749511719 947.369689941406 948.719177246094 950.502075195312 950.897705078125 -3.4e+38 -3.4e+38 -3.4e+38 -3.4e+38 -3.4e+38 -3.4e+38 -3.4e+38 -3.4e+38 -3.4e+38 -3.4e+38 -3.4e+38 -3.4e+38 -3.4e+38 -3.4e+38 -3.4e+38 -3.4e+38 -3.4e+38 -3.4e+38 -3.4e+38 -3.4e+38 -3.4e+38 -3.4e+38 -3.4e+38 -3.4e+38 -3.4e+38 -3.4e+38 -3.4e+38 -3.4e+38 -3.4e+38
940.584533691406 939.965270996094 939.933776855469 941.035766601562 942.960754394531 945.071594238281 946.278686523438 945.86474609375 945.400512695312 945.554992675781 -3.4e+38 947.452880859375 947.470703125 948.222717285156 948.449401855469 948.750732421875 949.662719726562 950.644714355469 -3.4e+38 953.607727050781 -3.4e+38 -3.4e+38 -3.4e+38 -3.4e+38 -3.4e+38 -3.4e+38 -3.4e+38 -3.4e+38 -3.4e+38 -3.4e+38 -3.4e+38 -3.4e+38 -3.4e+38 -3.4e+38 -3.4e+38 -3.4e+38 -3.4e+38 -3.4e+38 -3.4e+38 -3.4e+38 -3.4e+38 -3.4e+38 -3.4e+38 -3.4e+38 -3.4e+38 -3.4e+38 -3.4e+38 -3.4e+38 -3.4e+38
943.441101074219 944.059387207031 -3.4e+38 943.769958496094 946.083374023438 948.715087890625 949.291748046875 948.658569335938 -3.4e+38 948.87451171875 949.100830078125 949.302124023438 949.943542480469 950.979431152344 950.787292480469 951.456848144531 952.353759765625 951.7353515625 954.046936035156 955.112182617188 954.897766113281 -3.4e+38 -3.4e+38 -3.4e+38 -3.4e+38 -3.4e+38 -3.4e+38 -3.4e+38 -3.4e+38 -3.4e+38 -3.4e+38 -3.4e+38 -3.4e+38 -3.4e+38 -3.4e+38 -3.4e+38 -3.4e+38 -3.4e+38 -3.4e+38 -3.4e+38 -3.4e+38 -3.4e+38 -3.4e+38 -3.4e+38 -3.4e+38 -3.4e+38 -3.4e+38 -3.4e+38 -3.4e+38
944.1455078125 944.334045410156 944.927001953125 946.656005859375 949.633178710938 951.009155273438 950.759582519531 951.529907226562 952.094177246094 952.524169921875 951.765869140625 951.476501464844 952.427673339844 952.942016601562 952.907409667969 953.967895507812 954.128845214844 953.140563964844 954.865478515625 956.281799316406 957.021057128906 -3.4e+38 -3.4e+38 -3.4e+38 -3.4e+38 -3.4e+38 -3.4e+38 -3.4e+38 -3.4e+38 -3.4e+38 -3.4e+38 -3.4e+38 -3.4e+38 -3.4e+38 -3.4e+38 -3.4e+38 -3.4e+38 -3.4e+38 -3.4e+38 -3.4e+38 -3.4e+38 -3.4e+38 -3.4e+38 -3.4e+38 -3.4e+38 -3.4e+38 -3.4e+38 -3.4e+38 -3.4e+38
945.641967773438 945.456909179688 947.325561523438 948.999633789062 951.85693359375 953.296936035156 953.480163574219 957.353454589844 957.627197265625 957.117004394531 956.583068847656 956.166564941406 954.650390625 954.6767578125 955.366333007812 955.656188964844 956.166198730469 955.547790527344 955.827697753906 -3.4e+38 958.492248535156 959.798522949219 -3.4e+38 -3.4e+38 -3.4e+38 -3.4e+38 -3.4e+38 -3.4e+38 -3.4e+38 -3.4e+38 -3.4e+38 -3.4e+38 -3.4e+38 -3.4e+38 -3.4e+38 -3.4e+38 -3.4e+38 -3.4e+38 -3.4e+38 -3.4e+38 -3.4e+38 -3.4e+38 -3.4e+38 -3.4e+38 -3.4e+38 -3.4e+38 -3.4e+38 -3.4e+38 -3.4e+38
948.328430175781 948.632385253906 951.23046875 952.183898925781 953.776550292969 955.686706542969 956.739807128906 961.179382324219 960.268249511719 959.5029296875 959.70068359375 959.497497558594 957.699279785156 957.318481445312 958.833862304688 -3.4e+38 959.795349121094 959.090270996094 957.618225097656 958.74755859375 -3.4e+38 -3.4e+38 962.2685546875 -3.4e+38 -3.4e+38 -3.4e+38 -3.4e+38 -3.4e+38 -3.4e+38 -3.4e+38 -3.4e+38 -3.4e+38 -3.4e+38 -3.4e+38 -3.4e+38 -3.4e+38 -3.4e+38 -3.4e+38 -3.4e+38 -3.4e+38 -3.4e+38 -3.4e+38 -3.4e+38 -3.4e+38 -3.4e+38 -3.4e+38 -3.4e+38 -3.4e+38 -3.4e+38
951.938903808594 952.954833984375 953.6318359375 954.456787109375 955.837585449219 956.603698730469 957.241638183594 961.331237792969 962.21875 961.299987792969 961.390686035156 960.971923828125 961.429748535156 961.485473632812 963.314392089844 962.895263671875 963.833679199219 961.841003417969 -3.4e+38 963.111633300781 964.593383789062 963.731750488281 -3.4e+38 964.936340332031 967.029052734375 -3.4e+38 -3.4e+38 -3.4e+38 -3.4e+38 -3.4e+38 -3.4e+38 -3.4e+38 -3.4e+38 -3.4e+38 -3.4e+38 -3.4e+38 -3.4e+38 -3.4e+38 -3.4e+38 -3.4e+38 -3.4e+38 -3.4e+38 -3.4e+38 -3.4e+38 -3.4e+38 -3.4e+38 -3.4e+38 -3.4e+38 -3.4e+38
955.606811523438 956.670166015625 955.055603027344 955.174987792969 956.652465820312 956.783630371094 957.546142578125 961.569580078125 964.881408691406 964.474060058594 965.677429199219 966.344360351562 965.497436523438 965.789916992188 967.039611816406 965.658142089844 965.847961425781 963.481140136719 -3.4e+38 966.484985351562 967.595581054688 965.904968261719 965.652221679688 -3.4e+38 967.602172851562 968.957763671875 -3.4e+38 -3.4e+38 -3.4e+38 -3.4e+38 -3.4e+38 -3.4e+38 -3.4e+38 -3.4e+38 -3.4e+38 -3.4e+38 -3.4e+38 -3.4e+38 -3.4e+38 -3.4e+38 -3.4e+38 -3.4e+38 -3.4e+38 -3.4e+38 -3.4e+38 -3.4e+38 -3.4e+38 -3.4e+38 -3.4e+38
956.421752929688 957.445983886719 957.210815429688 956.46533203125 957.777587890625 958.025024414062 958.890869140625 963.138854980469 965.534301757812 965.12353515625 967.830688476562 969.6533203125 968.985656738281 968.1142578125 967.522644042969 966.428527832031 965.794738769531 966.047302246094 967.348083496094 968.885131835938 968.997192382812 967.548034667969 967.560913085938 -3.4e+38 968.291381835938 970.262756347656 -3.4e+38 -3.4e+38 -3.4e+38 -3.4e+38 -3.4e+38 -3.4e+38 -3.4e+38 -3.4e+38 -3.4e+38 -3.4e+38 -3.4e+38 -3.4e+38 -3.4e+38 -3.4e+38 -3.4e+38 -3.4e+38 -3.4e+38 -3.4e+38 -3.4e+38 -3.4e+38 -3.4e+38 -3.4e+38 -3.4e+38
957.503234863281 958.216125488281 959.579895019531 958.867431640625 959.637145996094 960.221801757812 960.956787109375 963.81884765625 964.518127441406 964.786315917969 966.48974609375 968.336120605469 969.427368164062 968.961059570312 968.156799316406 967.823486328125 967.394348144531 969.2724609375 972.036926269531 972.220703125 969.870422363281 969.410766601562 969.553894042969 969.773986816406 970.675048828125 -3.4e+38 972.908996582031 -3.4e+38 -3.4e+38 -3.4e+38 -3.4e+38 -3.4e+38 -3.4e+38 -3.4e+38 -3.4e+38 -3.4e+38 -3.4e+38 -3.4e+38 -3.4e+38 -3.4e+38 -3.4e+38 -3.4e+38 -3.4e+38 -3.4e+38 -3.4e+38 -3.4e+38 -3.4e+38 -3.4e+38 -3.4e+38
961.692626953125 962.209655761719 962.562194824219 962.511291503906 963.230590820312 963.907409667969 965.728454589844 966.361083984375 966.515808105469 967.832275390625 -3.4e+38 970.307067871094 971.84716796875 973.328674316406 972.739379882812 972.546508789062 973.1826171875 974.72314453125 974.877319335938 975.069091796875 974.771789550781 976.000732421875 976.475341796875 975.284057617188 975.321655273438 976.091491699219 976.445373535156 -3.4e+38 -3.4e+38 -3.4e+38 -3.4e+38 -3.4e+38 -3.4e+38 -3.4e+38 -3.4e+38 -3.4e+38 -3.4e+38 -3.4e+38 -3.4e+38 -3.4e+38 -3.4e+38 -3.4e+38 -3.4e+38 -3.4e+38 -3.4e+38 -3.4e+38 -3.4e+38 -3.4e+38 -3.4e+38
963.847595214844 964.181030273438 965.540649414062 965.647094726562 966.43896484375 966.860717773438 967.994140625 969.524353027344 969.357788085938 969.899841308594 970.198486328125 971.659729003906 973.776062011719 -3.4e+38 -3.4e+38 974.6630859375 974.843322753906 974.587280273438 976.2548828125 976.577209472656 976.54052734375 977.675354003906 978.21142578125 977.299865722656 977.559326171875 977.982482910156 978.24951171875 -3.4e+38 -3.4e+38 -3.4e+38 -3.4e+38 -3.4e+38 -3.4e+38 -3.4e+38 -3.4e+38 -3.4e+38 -3.4e+38 -3.4e+38 -3.4e+38 -3.4e+38 -3.4e+38 -3.4e+38 -3.4e+38 -3.4e+38 -3.4e+38 -3.4e+38 -3.4e+38 -3.4e+38 -3.4e+38
966.34765625 966.867736816406 967.958984375 968.566711425781 969.928283691406 969.893981933594 970.889770507812 973.216125488281 972.421997070312 972.171508789062 972.724243164062 973.899963378906 975.051086425781 -3.4e+38 -3.4e+38 -3.4e+38 977.414611816406 975.778137207031 977.088073730469 976.98388671875 976.738098144531 978.078674316406 978.868408203125 979.523620605469 979.375 979.950561523438 980.292175292969 -3.4e+38 -3.4e+38 -3.4e+38 -3.4e+38 -3.4e+38 -3.4e+38 -3.4e+38 -3.4e+38 -3.4e+38 -3.4e+38 -3.4e+38 -3.4e+38 -3.4e+38 -3.4e+38 -3.4e+38 -3.4e+38 -3.4e+38 -3.4e+38 -3.4e+38 -3.4e+38 -3.4e+38 -3.4e+38
970.136352539062 970.880859375 971.430419921875 971.668334960938 973.716796875 973.81298828125 974.342529296875 977.234924316406 975.810180664062 975.191955566406 975.85791015625 976.218017578125 977.293029785156 976.587707519531 -3.4e+38 978.885498046875 980.174743652344 978.437561035156 978.166198730469 978.475036621094 978.474182128906 979.238159179688 980.152954101562 981.609924316406 981.556213378906 -3.4e+38 983.456604003906 983.810913085938 984.509460449219 985.254150390625 -3.4e+38 -3.4e+38 -3.4e+38 -3.4e+38 -3.4e+38 -3.4e+38 -3.4e+38 -3.4e+38 -3.4e+38 -3.4e+38 -3.4e+38 -3.4e+38 -3.4e+38 -3.4e+38 -3.4e+38 -3.4e+38 -3.4e+38 -3.4e+38 -3.4e+38
977.057189941406 976.918334960938 975.797912597656 976.387390136719 978.302734375 978.159545898438 978.111999511719 978.470031738281 978.176147460938 977.684265136719 977.702941894531 978.470397949219 979.853515625 978.953186035156 979.248229980469 980.554260253906 981.339294433594 981.366760253906 980.668640136719 980.74169921875 981.1044921875 981.389587402344 981.848571777344 982.66259765625 -3.4e+38 985.327575683594 986.157653808594 985.915832519531 986.435729980469 986.93701171875 -3.4e+38 -3.4e+38 -3.4e+38 -3.4e+38 -3.4e+38 -3.4e+38 -3.4e+38 -3.4e+38 -3.4e+38 -3.4e+38 -3.4e+38 -3.4e+38 -3.4e+38 -3.4e+38 -3.4e+38 -3.4e+38 -3.4e+38 -3.4e+38 -3.4e+38
980.999450683594 981.66015625 980.19091796875 980.7099609375 982.630432128906 982.468872070312 982.454711914062 979.995910644531 980.844482421875 981.926147460938 982.01904296875 982.097778320312 983.197937011719 981.29345703125 981.56640625 982.937438964844 982.739196777344 983.141967773438 983.5576171875 983.807983398438 983.425659179688 983.85498046875 984.632385253906 984.829284667969 985.091613769531 987.390747070312 987.908081054688 987.607421875 988.962707519531 989.0146484375 -3.4e+38 -3.4e+38 -3.4e+38 -3.4e+38 -3.4e+38 -3.4e+38 -3.4e+38 -3.4e+38 -3.4e+38 -3.4e+38 -3.4e+38 -3.4e+38 -3.4e+38 -3.4e+38 -3.4e+38 -3.4e+38 -3.4e+38 -3.4e+38 -3.4e+38
984.360900878906 985.195556640625 985.25537109375 984.893615722656 985.321899414062 985.160034179688 986.018859863281 985.373413085938 985.693115234375 988.4619140625 987.853088378906 986.309936523438 985.540649414062 984.478942871094 983.773010253906 984.4638671875 985.406494140625 985.324768066406 985.907592773438 986.251525878906 986.055419921875 985.935852050781 987.07666015625 987.508361816406 987.313720703125 989.247680664062 989.78466796875 989.784118652344 990.83935546875 991.780334472656 -3.4e+38 -3.4e+38 -3.4e+38 -3.4e+38 -3.4e+38 -3.4e+38 -3.4e+38 -3.4e+38 -3.4e+38 -3.4e+38 -3.4e+38 -3.4e+38 -3.4e+38 -3.4e+38 -3.4e+38 -3.4e+38 -3.4e+38 -3.4e+38 -3.4e+38
987.629699707031 988.472412109375 989.057983398438 988.562072753906 988.014953613281 986.969970703125 987.242553710938 990.326049804688 990.416259765625 991.483276367188 991.171875 990.423950195312 989.578430175781 988.941101074219 987.851440429688 987.174072265625 988.244018554688 988.581359863281 988.328002929688 988.202819824219 988.619445800781 988.271423339844 988.6201171875 989.382751464844 989.884155273438 990.702514648438 991.703125 992.4521484375 992.604125976562 993.422668457031 -3.4e+38 -3.4e+38 -3.4e+38 -3.4e+38 -3.4e+38 -3.4e+38 -3.4e+38 -3.4e+38 -3.4e+38 -3.4e+38 -3.4e+38 -3.4e+38 -3.4e+38 -3.4e+38 -3.4e+38 -3.4e+38 -3.4e+38 -3.4e+38 -3.4e+38
991.067016601562 991.184936523438 991.528259277344 991.611145019531 990.559814453125 989.344421386719 989.409606933594 991.090026855469 992.17724609375 992.278076171875 992.680358886719 993.292419433594 993.412048339844 992.823181152344 991.087768554688 990.025512695312 990.390991210938 990.701354980469 990.861328125 990.863220214844 990.743896484375 990.563903808594 991.262084960938 991.233459472656 991.957397460938 992.811401367188 993.564514160156 994.58544921875 995.178955078125 994.993286132812 -3.4e+38 -3.4e+38 -3.4e+38 -3.4e+38 -3.4e+38 -3.4e+38 -3.4e+38 -3.4e+38 -3.4e+38 -3.4e+38 -3.4e+38 -3.4e+38 -3.4e+38 -3.4e+38 -3.4e+38 -3.4e+38 -3.4e+38 -3.4e+38 -3.4e+38
996.283081054688 996.122680664062 996.484497070312 994.468688964844 992.842529296875 993.37353515625 994.320556640625 991.877685546875 992.714538574219 993.250549316406 993.490966796875 993.67138671875 993.481567382812 993.905151367188 992.746948242188 992.274597167969 992.336608886719 992.803344726562 993.200927734375 993.299255371094 992.943420410156 992.937561035156 993.959228515625 993.616455078125 993.772399902344 -3.4e+38 -3.4e+38 996.293640136719 996.735961914062 997.621826171875 -3.4e+38 -3.4e+38 -3.4e+38 -3.4e+38 -3.4e+38 -3.4e+38 -3.4e+38 -3.4e+38 -3.4e+38 -3.4e+38 -3.4e+38 -3.4e+38 -3.4e+38 -3.4e+38 -3.4e+38 -3.4e+38 -3.4e+38 -3.4e+38 -3.4e+38
1002.64935302734 1000.35400390625 1000.76684570312 998.521240234375 997.104858398438 998.366577148438 998.89990234375 994.751586914062 995.250183105469 994.734924316406 994.937561035156 995.263793945312 994.49267578125 994.9208984375 995.493103027344 995.040222167969 994.811462402344 995.447631835938 995.168579101562 995.696594238281 995.386962890625 995.254333496094 995.780639648438 996.32275390625 -3.4e+38 -3.4e+38 997.700744628906 999.015747070312 998.482604980469 999.92578125 999.942321777344 -3.4e+38 -3.4e+38 -3.4e+38 -3.4e+38 -3.4e+38 -3.4e+38 -3.4e+38 -3.4e+38 -3.4e+38 -3.4e+38 -3.4e+38 -3.4e+38 -3.4e+38 -3.4e+38 -3.4e+38 -3.4e+38 -3.4e+38 -3.4e+38
1010.56341552734 1007.47430419922 1004.92852783203 1003.09869384766 1002.25927734375 1005.1875 1002.71618652344 998.798950195312 999.46728515625 998.113220214844 997.472106933594 998.280822753906 997.806701660156 997.920776367188 998.393127441406 998.007080078125 997.222106933594 998.164794921875 997.564392089844 998.386657714844 998.102478027344 998.400695800781 999.816101074219 1000.69561767578 999.035339355469 -3.4e+38 -3.4e+38 1001.63006591797 1000.96557617188 1001.56658935547 1002.40740966797 -3.4e+38 -3.4e+38 -3.4e+38 -3.4e+38 -3.4e+38 -3.4e+38 -3.4e+38 -3.4e+38 -3.4e+38 -3.4e+38 -3.4e+38 -3.4e+38 -3.4e+38 -3.4e+38 -3.4e+38 -3.4e+38 -3.4e+38 -3.4e+38
