rcp8.5models/GFDL_CM3/sc1gr3.28
NCOLS 261 
NROWS 433 
XLLCORNER 336357.134 
YLLCORNER 654653.479 
CELLSIZE 1000 
NODATA_value -3.4e+38 
[rows 242 to 263 of 433, columns 98 to 146 of 261]
279.166961669922 281.89208984375 281.628356933594 280.608734130859 280.377288818359 280.35791015625 279.948303222656 -3.4e+38 278.79443359375 279.407897949219 279.390747070312 278.952911376953 277.908569335938 277.71923828125 276.781005859375 275.650543212891 270.555816650391 263.492858886719 262.363586425781 261.908508300781 261.454956054688 261.997650146484 263.747955322266 263.910461425781 263.3505859375 262.992645263672 270.282989501953 -3.4e+38 269.944122314453 269.79833984375 274.441925048828 274.050994873047 272.206512451172 273.374694824219 273.264526367188 271.924407958984 274.407043457031 270.615447998047 275.765289306641 277.062072753906 275.031494140625 269.631622314453 267.817596435547 275.837738037109 276.967590332031 277.718597412109 278.243957519531 278.719268798828 276.755065917969
275.765045166016 274.031585693359 279.194549560547 280.597503662109 280.388519287109 280.032562255859 279.381591796875 279.089111328125 279.169036865234 279.129486083984 278.511474609375 278.198364257812 277.898468017578 276.965698242188 273.145080566406 271.682922363281 270.949920654297 262.619812011719 261.427825927734 260.571136474609 261.304901123047 262.159820556641 263.598693847656 263.555511474609 262.985656738281 265.017150878906 267.370941162109 269.994354248047 269.725524902344 267.584930419922 267.791229248047 262.453186035156 255.124542236328 253.391784667969 264.330047607422 271.89501953125 273.088684082031 265.114685058594 265.240112304688 275.189117431641 274.827117919922 265.923156738281 257.481414794922 269.8720703125 274.103576660156 277.510467529297 278.395385742188 278.528228759766 278.509918212891
273.647613525391 271.91455078125 278.928680419922 280.202911376953 278.82275390625 279.764190673828 279.225799560547 278.652160644531 278.899261474609 279.030639648438 278.177612304688 277.603454589844 277.068725585938 276.154205322266 270.713470458984 268.778839111328 269.042327880859 257.767059326172 254.612228393555 254.505661010742 261.145904541016 262.770538330078 263.616027832031 262.961669921875 263.2294921875 266.083587646484 269.571166992188 271.142761230469 269.829650878906 266.075561523438 264.224609375 261.955383300781 254.237350463867 244.356536865234 252.44270324707 269.301239013672 269.398834228516 263.030944824219 262.507843017578 274.955108642578 273.786468505859 265.130554199219 256.100311279297 266.182556152344 271.44140625 276.440338134766 278.210479736328 278.606506347656 277.942138671875
270.994140625 264.311401367188 280.496154785156 278.535980224609 277.103088378906 279.391265869141 278.529174804688 278.159454345703 278.549865722656 278.5771484375 277.868194580078 277.636810302734 276.768249511719 275.805450439453 266.926391601562 267.6376953125 267.11328125 250.116363525391 239.831787109375 242.630889892578 259.671936035156 262.880889892578 263.130432128906 261.618774414062 261.922760009766 266.027160644531 270.126098632812 270.352996826172 269.832275390625 266.638854980469 262.392272949219 255.404769897461 245.777740478516 238.523971557617 241.515167236328 260.105895996094 261.127502441406 261.035400390625 262.095336914062 271.153228759766 271.180633544922 266.167907714844 259.372497558594 262.641815185547 269.892486572266 274.621765136719 277.850402832031 278.517333984375 277.460968017578
273.287200927734 265.766662597656 280.544586181641 278.345001220703 277.926818847656 279.134033203125 278.194854736328 277.809265136719 278.259826660156 278.445678710938 278.230682373047 278.012725830078 277.03759765625 275.985900878906 262.622528076172 265.507080078125 268.594421386719 251.497619628906 230.000778198242 233.272796630859 256.237518310547 261.136047363281 262.129241943359 259.814056396484 260.216522216797 265.378936767578 267.761993408203 268.302612304688 267.937652587891 263.602203369141 258.599212646484 244.236679077148 227.590957641602 225.304748535156 224.567260742188 231.860046386719 236.942184448242 257.092041015625 258.471466064453 264.753387451172 269.125793457031 266.712463378906 259.435119628906 260.994842529297 270.453369140625 275.733581542969 277.817626953125 278.3505859375 276.849365234375
278.481628417969 275.572937011719 280.344848632812 279.588073730469 278.890686035156 278.797668457031 278.190002441406 277.690887451172 278.341705322266 278.599426269531 278.534820556641 278.120971679688 276.863952636719 275.565155029297 263.810089111328 266.118896484375 269.485137939453 252.903884887695 232.586547851562 241.461776733398 258.249542236328 260.625274658203 261.214691162109 259.834320068359 261.118316650391 264.309204101562 265.150482177734 266.825744628906 267.106018066406 262.473785400391 255.894119262695 240.970993041992 224.86962890625 217.873626708984 209.217666625977 213.900985717773 222.445907592773 255.132476806641 258.321990966797 264.994232177734 268.686218261719 268.228881835938 258.385101318359 253.484344482422 268.56005859375 277.015930175781 277.706817626953 278.272155761719 277.034149169922
280.669982910156 280.094085693359 280.358856201172 280.115142822266 279.441619873047 278.847991943359 278.437103271484 278.186401367188 278.395690917969 278.658447265625 278.784790039062 278.104522705078 276.964721679688 275.997406005859 271.348236083984 271.953277587891 271.968292236328 257.380310058594 239.331695556641 249.857864379883 260.342437744141 261.924896240234 261.635223388672 261.230804443359 262.787536621094 263.230804443359 265.735931396484 267.814819335938 268.385223388672 264.806762695312 252.2353515625 233.71337890625 227.927291870117 217.225448608398 208.649719238281 219.320648193359 230.152984619141 258.997436523438 263.023986816406 266.163208007812 266.346343994141 266.632476806641 259.758392333984 252.563171386719 266.399963378906 275.670227050781 276.828948974609 278.036071777344 277.363006591797
279.191040039062 279.37109375 280.271606445312 276.679534912109 279.664489746094 279.423370361328 279.088714599609 278.455718994141 277.952789306641 278.994476318359 279.028442382812 278.307861328125 277.882934570312 277.307556152344 275.306915283203 275.847045898438 274.679779052734 264.340301513672 245.910339355469 248.011459350586 258.870361328125 261.9189453125 261.762817382812 261.221252441406 262.474395751953 263.044616699219 266.968109130859 268.786437988281 268.675140380859 263.773498535156 247.391891479492 227.460845947266 228.126663208008 225.284378051758 219.334655761719 231.417892456055 248.01628112793 261.535797119141 261.325836181641 262.257781982422 260.753509521484 260.428253173828 259.634765625 256.278381347656 265.261444091797 274.172271728516 276.719787597656 277.591674804688 277.049041748047
279.434936523438 278.090484619141 279.247131347656 272.429443359375 279.627807617188 279.689819335938 278.639739990234 277.75341796875 277.553649902344 279.015289306641 278.957336425781 278.476806640625 278.155090332031 277.428070068359 275.265533447266 274.669830322266 272.973205566406 265.686889648438 254.18717956543 254.761138916016 260.623718261719 261.270233154297 260.469390869141 261.461029052734 263.858947753906 264.876739501953 267.905578613281 267.31396484375 264.556549072266 261.042846679688 250.315383911133 235.743011474609 229.332382202148 229.173706054688 227.494857788086 238.503814697266 254.717849731445 258.775085449219 256.253601074219 258.407073974609 257.352172851562 256.026916503906 254.210678100586 249.387023925781 263.891082763672 273.739868164062 275.734252929688 276.970947265625 276.074981689453
280.957275390625 279.388793945312 279.785064697266 274.210906982422 279.395172119141 279.915466308594 278.349517822266 277.237365722656 278.188568115234 279.029235839844 278.914001464844 278.38427734375 277.192199707031 275.566314697266 276.375 274.904052734375 272.465454101562 265.498779296875 259.664276123047 261.506072998047 262.337341308594 260.91162109375 258.803466796875 260.858947753906 263.536865234375 264.571472167969 267.125 265.436798095703 258.640563964844 257.018280029297 253.071258544922 243.527725219727 231.692535400391 227.391616821289 229.281768798828 233.280319213867 241.361587524414 249.817047119141 246.110336303711 256.725067138672 256.332702636719 254.74186706543 251.025970458984 243.937515258789 262.740631103516 272.043121337891 272.820739746094 275.398468017578 275.425384521484
281.54638671875 281.030883789062 280.905426025391 277.974731445312 279.167358398438 280.204833984375 278.673858642578 277.579010009766 278.92626953125 279.161895751953 278.693603515625 278.425567626953 276.858123779297 273.981384277344 276.846130371094 275.607177734375 271.656524658203 264.671661376953 258.394378662109 260.792297363281 261.749938964844 260.134582519531 257.597747802734 259.558868408203 262.442230224609 263.051116943359 266.747985839844 264.859527587891 256.825531005859 253.323455810547 251.756088256836 244.552215576172 232.098175048828 225.11116027832 228.097702026367 226.073501586914 222.838195800781 236.281997680664 236.033218383789 252.636169433594 254.415863037109 254.89128112793 252.684356689453 249.162719726562 261.418395996094 269.620574951172 269.496185302734 273.0966796875 274.395355224609
281.4384765625 281.203247070312 281.067077636719 279.681610107422 279.541168212891 280.271148681641 279.047454833984 278.547668457031 279.315185546875 279.152618408203 278.468688964844 278.440185546875 277.436676025391 274.460906982422 275.649658203125 273.978424072266 267.305084228516 261.709289550781 257.239715576172 260.048553466797 261.498870849609 259.021057128906 254.958160400391 258.836486816406 262.432067871094 263.498382568359 265.349853515625 265.569091796875 260.666259765625 254.702835083008 250.361404418945 237.042984008789 229.612380981445 223.242904663086 223.347793579102 217.620727539062 211.428894042969 229.684600830078 229.59992980957 243.491165161133 253.619262695312 254.559921264648 254.224899291992 255.970489501953 261.471862792969 270.935089111328 271.979919433594 274.002105712891 274.097381591797
281.013275146484 281.072235107422 280.770111083984 280.116821289062 279.91162109375 -3.4e+38 279.308166503906 279.102233886719 279.245178222656 278.359313964844 277.621307373047 278.265563964844 277.783325195312 276.287841796875 274.096527099609 272.183319091797 265.220275878906 257.720977783203 258.148254394531 259.877777099609 261.882598876953 256.047943115234 247.912261962891 257.168426513672 262.950531005859 264.444915771484 264.985717773438 265.71435546875 263.753021240234 256.960327148438 252.881698608398 240.929763793945 238.718124389648 233.125366210938 227.095550537109 217.511322021484 211.032730102539 228.161773681641 231.869827270508 246.680847167969 253.525939941406 251.973434448242 254.24870300293 262.309997558594 266.603210449219 272.616729736328 273.619903564453 274.544860839844 274.846252441406
280.568634033203 280.770965576172 280.603576660156 280.558837890625 280.303833007812 -3.4e+38 279.689361572266 279.534057617188 278.866394042969 277.236206054688 276.469665527344 276.809600830078 276.862518310547 276.94384765625 273.180725097656 270.026000976562 268.855224609375 260.007232666016 250.9365234375 255.083709716797 259.738952636719 257.629425048828 252.900024414062 258.710388183594 263.382720947266 263.989166259766 264.256225585938 262.560455322266 264.193603515625 263.639221191406 259.981323242188 254.691818237305 250.548934936523 242.837585449219 236.21728515625 221.029983520508 206.541656494141 231.261474609375 242.323486328125 242.775405883789 228.121459960938 236.965744018555 261.612609863281 268.577331542969 267.225677490234 258.172271728516 257.249053955078 265.718536376953 269.724243164062
280.503448486328 280.473937988281 280.422241210938 280.367431640625 279.958068847656 279.828552246094 279.455688476562 277.583068847656 276.026550292969 277.320831298828 275.780822753906 276.949981689453 276.764587402344 276.728820800781 272.983306884766 269.327850341797 269.457702636719 262.64892578125 251.950546264648 255.78466796875 260.237731933594 257.559814453125 252.555908203125 257.830291748047 263.295196533203 264.197692871094 263.065673828125 259.833953857422 262.239044189453 261.650482177734 257.970306396484 258.383911132812 251.685775756836 243.48127746582 236.425430297852 227.418243408203 212.484146118164 233.429580688477 243.661163330078 240.796112060547 238.34147644043 250.219619750977 266.735992431641 267.763488769531 262.716400146484 255.331115722656 254.924362182617 262.368560791016 268.711883544922
279.878967285156 280.423095703125 280.314788818359 280.369293212891 280.121124267578 280.043304443359 279.545623779297 275.624633789062 272.305969238281 274.803619384766 271.260345458984 275.099243164062 276.850524902344 275.993743896484 275.075042724609 271.811248779297 268.936096191406 261.649932861328 251.074020385742 254.706878662109 259.342132568359 256.713348388672 251.675521850586 257.521484375 263.748992919922 265.121490478516 263.128509521484 259.772796630859 261.685699462891 261.7841796875 257.601867675781 255.85823059082 252.337661743164 246.038940429688 238.163879394531 232.797805786133 220.632476806641 231.645141601562 239.463027954102 237.778793334961 248.24674987793 263.936096191406 266.989135742188 258.783233642578 254.067993164062 250.04020690918 253.323287963867 261.621490478516 266.784393310547
279.642852783203 280.207092285156 280.169494628906 280.336486816406 280.177703857422 279.873321533203 279.557525634766 274.731750488281 267.245025634766 264.804473876953 262.204132080078 270.382385253906 276.217742919922 275.330047607422 273.428649902344 274.101104736328 268.467529296875 258.588073730469 246.803009033203 246.641708374023 251.577346801758 251.261459350586 245.702560424805 253.789916992188 263.98583984375 264.620635986328 262.03759765625 260.179290771484 262.020172119141 262.086639404297 256.050445556641 249.408111572266 248.46533203125 242.558181762695 231.79573059082 223.076416015625 214.997177124023 230.718490600586 235.943450927734 235.830703735352 247.293365478516 260.825042724609 259.228302001953 245.007720947266 238.737533569336 241.075317382812 253.097702026367 258.713165283203 261.513336181641
279.302978515625 279.570068359375 279.693634033203 280.012298583984 279.871429443359 279.340454101562 279.291809082031 276.624328613281 266.8994140625 255.412170410156 255.785858154297 267.587677001953 276.201049804688 275.652435302734 269.00244140625 269.757598876953 264.896087646484 258.359100341797 242.674468994141 233.668334960938 238.75959777832 240.936874389648 235.741348266602 248.619094848633 263.528717041016 264.233093261719 261.37109375 260.235961914062 261.576202392578 259.840423583984 252.229949951172 245.011077880859 244.976379394531 239.763748168945 227.237396240234 210.906372070312 202.885772705078 228.829254150391 229.697860717773 238.117111206055 248.600540161133 257.138122558594 253.134338378906 238.471328735352 229.231811523438 230.376480102539 237.749649047852 244.790481567383 255.074676513672
281.601165771484 280.810241699219 279.319763183594 279.875915527344 279.834991455078 279.197601318359 278.976409912109 277.387573242188 267.764953613281 253.942779541016 257.126556396484 268.818298339844 276.410675048828 276.0869140625 269.044158935547 265.072692871094 257.285736083984 254.184173583984 244.013046264648 234.720840454102 238.260818481445 238.36067199707 237.231597900391 250.653686523438 262.793395996094 263.319091796875 261.787231445312 259.307983398438 258.276336669922 257.358245849609 251.275650024414 241.121520996094 240.098815917969 236.984497070312 227.896194458008 208.571685791016 201.00341796875 221.622177124023 223.614456176758 236.355850219727 246.295867919922 256.179840087891 249.806579589844 236.219329833984 226.818634033203 224.84992980957 225.313766479492 232.295608520508 240.859313964844
282.784637451172 282.448669433594 280.314483642578 279.672302246094 279.494323730469 279.232055664062 278.819000244141 276.752868652344 267.133270263672 255.276672363281 261.662902832031 272.662017822266 276.205352783203 276.005676269531 269.06103515625 263.430877685547 255.713714599609 248.396301269531 244.683242797852 242.899459838867 244.480224609375 244.117294311523 246.830017089844 258.425689697266 263.296783447266 263.334899902344 260.921966552734 256.522827148438 254.350402832031 254.417678833008 249.834716796875 237.777862548828 232.936737060547 229.86474609375 220.474853515625 206.311386108398 202.502029418945 207.711349487305 213.757629394531 233.628952026367 242.909271240234 251.06672668457 246.005264282227 228.073104858398 212.862152099609 210.884841918945 220.093124389648 234.817291259766 229.049423217773
282.303985595703 282.208801269531 281.828460693359 279.164001464844 278.722351074219 278.889129638672 278.819763183594 277.417999267578 270.809051513672 259.987884521484 262.943969726562 273.406311035156 274.990051269531 275.255798339844 265.105346679688 261.925415039062 255.849151611328 248.377334594727 244.448043823242 245.841018676758 249.761260986328 252.479217529297 254.25439453125 263.256072998047 264.244720458984 263.97607421875 259.856018066406 254.137054443359 252.785202026367 252.354309082031 247.266372680664 238.867767333984 228.370025634766 220.56396484375 214.396499633789 205.51676940918 200.081741333008 196.548629760742 207.939514160156 233.697662353516 237.11604309082 239.603118896484 242.279006958008 226.907852172852 208.252136230469 198.390472412109 210.525619506836 229.466583251953 230.616989135742
279.885314941406 280.844696044922 283.017486572266 282.033660888672 281.458526611328 280.413482666016 278.352783203125 277.554443359375 275.318695068359 266.976257324219 261.515716552734 269.669342041016 274.844146728516 274.741577148438 257.000152587891 254.939895629883 252.092681884766 248.910308837891 246.59391784668 246.796661376953 250.825942993164 257.455688476562 260.636535644531 264.015167236328 264.202453613281 263.362701416016 261.240844726562 253.589385986328 249.181518554688 247.780807495117 243.216812133789 239.190994262695 229.861221313477 220.912078857422 221.298156738281 214.110916137695 202.573791503906 190.873062133789 205.543869018555 221.324722290039 219.699447631836 228.771926879883 234.308181762695 226.08464050293 214.82502746582 204.702331542969 217.252883911133 229.594604492188 241.689529418945
