rcp8.5models/GFDL_CM3/sc1gr3.4
NCOLS 261 
NROWS 433 
XLLCORNER 336357.134 
YLLCORNER 654653.479 
CELLSIZE 1000 
NODATA_value -9999 
[rows 330 to 351 of 433, columns 150 to 199 of 261]
199.082780860861 197.665472540397 197.282293228505 200.241653934071 200.084862713552 200.111329629353 201.485473960488 203.836022424922 204.193882511488 205.575678960446 205.033353646233 204.583339009735 204.010461931836 201.832473492435 202.487516789922 207.023999899593 207.456792758627 205.622868710745 204.144922038275 222.363616785154 238.560155782397 236.52404680255 227.393538716019 219.654724209109 215.682820408211 206.086752403996 201.164688578208 211.718953441916 219.211618416614 226.636843728807 234.17862717859 238.870483836324 244.051528425581 242.384371700381 244.044257835709 243.737430141438 246.743346811861 249.500160191476 251.686222231982 254.049619425504 254.761346901232 251.550045443081 244.723388100082 242.60869182203 242.629398008044 249.523578214418 257.229980854862 256.597578930792 256.696585132163 256.649532584256
197.873909464791 197.633697992639 197.272507884253 199.559620673247 199.996551060101 200.084754595362 200.383312480485 201.946687685529 200.382364703276 203.735126875426 203.883716914146 202.546504058598 202.568835483796 202.681966633942 204.038005877661 206.203292455259 204.561714730399 204.094572641342 203.913897486159 222.310197885989 232.796404726033 240.529589592328 240.798672909084 231.584703548408 228.234029400512 217.68460768086 213.605470367244 218.466582883381 223.254132939715 232.610824763722 244.483631181612 243.583403204836 245.408051152055 242.596223875741 242.650656050926 243.919128429915 247.19345228855 250.377661887044 254.039329553254 256.759227396518 255.389956146964 253.979214782713 242.115611100067 239.714886227472 245.079786761761 251.122758618868 257.884838684674 257.916294513732 257.519570963917 256.419325707329
196.957182153563 198.628177077753 199.142178943732 199.445912953656 199.738211567849 198.85645009543 199.359207536429 202.113012169118 197.913351371342 200.812913107712 203.443519027928 203.205050819052 201.886978698638 201.819530570339 201.703440556558 201.253392623518 201.936099483541 202.09394480584 204.599002136893 214.39102147319 222.138358597742 236.148998274387 245.271543849588 242.786935860903 239.221555976195 230.210764582411 226.540165662606 224.973881680317 226.218717840508 237.308794324844 250.607069486544 251.010187601094 249.599485941858 246.631277215637 243.448570186668 245.151291178051 249.554809795825 252.99533483676 255.014873134353 256.390927302989 255.110949101668 255.773942867713 245.305835253959 245.299451386206 251.310876854551 252.692277132511 258.551149149601 258.558740917656 257.421718322983 255.710884358728
194.20379876801 197.9153223257 199.166173840471 200.48348541112 200.971090669877 198.980113193444 199.887113635918 204.472528273939 199.150553716 199.715995026515 203.070115950071 203.921867733907 200.693853800741 198.905016253797 197.929566456404 197.082240500849 196.719104416398 199.911421846054 205.254257409431 211.379188076336 219.231929451027 229.887547289765 240.010928400509 247.450415530268 246.672092063466 241.295304387656 239.94391955413 234.951373273628 234.718579043209 239.76432124295 251.939720066188 255.669636518464 250.525266310252 249.864296025707 244.771459008563 248.69994278872 255.45616366601 257.171556946508 256.686659236864 255.389176031131 255.694361568321 256.283000631642 247.876780254125 252.258329189434 253.108788738062 253.499940951509 258.888209041811 258.657964522642 257.886487294605 256.634770652974
190.39270224231 196.071367771033 199.130698080934 200.782139623169 202.41202603745 202.950422277868 202.147475999898 203.018521530359 200.465081753203 201.344378474528 203.292867262181 202.084903044805 198.591438134264 195.874198445835 192.93987394154 189.952720873083 190.678005524006 199.772307436805 205.435311215178 206.292955428981 214.733965929934 229.458432777772 238.70082524962 248.681105128447 253.285565735406 248.573370227168 247.248779726887 245.055986523269 246.889610414051 247.332338500961 253.034001806401 257.187113396148 252.650311947289 249.999265803997 245.266674980968 252.387744516944 259.912231475483 259.581383874275 258.993466624066 256.421672905994 256.39573997889 256.318972229745 245.321062017575 252.764757219899 254.068933711464 255.804133616159 259.247396185378 258.955353802192 258.060904114883 257.700899030781
190.55170886208 195.719947541247 199.256464943163 201.527072339759 203.534268547506 204.539479081881 203.026441415532 201.799420298529 199.501869973222 199.13429622705 199.37551845884 197.719492941668 195.368755930703 191.340220751872 184.620790146031 178.661199350158 186.1714412027 199.354402427041 203.546619456012 198.206941046294 211.168008848024 229.754716491747 241.512954104812 248.852085917532 254.134806383414 254.177737905953 253.188169415937 251.808732429612 253.488476519805 254.565831023723 254.810469438843 257.779520285571 256.544182494453 249.411698924951 247.614869930938 256.05742140001 260.592799426795 260.235082876421 259.502658475261 257.108020443621 256.760565856452 256.717373879933 244.481618559423 252.683236180315 256.533968571452 258.582743181561 259.459289362615 258.798348757175 257.63765394101 257.286760159978
176.081553578407 185.915730958158 195.210399463671 200.410675365082 199.946037865657 199.165214575515 199.136814395474 201.374557869138 197.024430228578 190.72184862848 188.246612820758 182.575790202404 179.909306257147 178.49649853195 172.627006492167 168.616904073296 172.072085617899 181.054282663836 192.059727178145 207.981126740574 225.915210074437 236.325875320122 246.81631775725 253.223543326512 257.241885253382 257.292656186444 258.005474184565 255.841249103916 255.303846102986 254.968982246349 258.933457789036 260.074933886874 260.856399082486 260.559404875147 261.625378859595 261.458137632292 261.472943191758 260.782867076671 258.42420869532 257.117913951798 257.455534793837 256.76236512187 244.696287530019 257.892678673415 259.006585641178 259.526331207433 258.172941282896 256.174917224665 257.405194921198 256.664672183842
172.440625089796 182.84794110309 192.026484421218 192.923105956311 193.646713278521 195.663635642746 196.933440299879 199.505236550585 195.642557922046 188.537491771734 181.76844284683 184.35944026302 188.866689619728 188.867355374725 181.503608610108 174.126115083451 175.375761520505 184.116547625015 193.07390102824 210.051830672067 220.597259267601 231.049280530964 246.528357384191 254.019581321914 258.151493293659 256.262430777267 258.512806784968 255.892819975203 254.712320135081 255.010819496277 258.595959883328 260.117591140244 261.408399894202 261.781209598236 261.899631768898 261.575599181725 261.905876950587 261.254464774135 259.172772274752 257.359550150716 257.458738076273 257.277013699505 248.508308945925 257.998961256159 258.988163841236 259.728996246792 258.978141653467 255.834235525065 254.9732419113 257.678219538447
186.954694660791 193.163676934603 197.625702652854 193.433038430011 187.466158673902 187.578256229415 189.392793020561 194.363885941448 194.468877513859 186.327022632292 181.433656241486 190.025060695408 198.657312418146 199.178683902883 188.137962183418 183.480270538677 186.106877331092 197.315127246769 197.025419053928 205.659029290094 218.351570375194 233.154886483831 246.39504381576 254.719777711826 258.11671428873 255.369564718076 258.589708775414 253.805960907933 252.390934678533 256.116245606808 258.900219570508 260.808348381439 261.510223587413 262.036779324721 261.898619940905 261.794339169585 262.080401522904 262.15195491537 261.257436636507 257.995729687334 257.987481445568 258.175796240982 252.856454688502 253.419289021666 258.644867449771 260.17904979203 260.241990726137 258.344676171664 255.471544543323 258.912041982498
207.5269857348 207.503824092278 209.250599094618 207.388182786184 198.431869837342 194.564184815693 192.774953501837 192.317783829171 195.717840073842 190.072335729256 188.414053630742 196.81751300151 209.274045793432 211.767262468847 198.853004794942 197.863527650169 202.671965923663 205.330654340237 202.497311048001 201.874183385126 219.633444624998 238.954760815912 249.063914271964 256.202382689931 259.788310844821 257.882340338064 258.666925132519 253.667843718874 253.718338624077 258.505196267244 260.971814481871 261.567082599473 261.79370401936 262.090747768199 262.322772099248 262.578274616441 262.498321634653 262.497726666416 261.832700379987 258.431500999611 258.389247797107 258.182861812279 253.3872662285 253.39250230257 259.217267273424 260.549436077745 260.287907112152 259.414118987453 258.713208541985 259.115686967892
217.644754073667 219.826243785834 222.04799881125 222.051476119807 217.825415581369 214.729016153206 211.498568984581 206.383060129718 205.793944946922 203.142736315624 203.867646538289 212.520629283051 222.964810319374 221.253744639464 211.19833180027 212.18725335402 215.928055092817 210.81954359464 208.823937510151 205.072725684146 221.967424872235 241.808879677359 251.035777301955 258.527942927959 261.452748323623 261.025519611769 259.612899697375 257.094827318171 258.536354650781 260.434299028126 260.274455873227 262.079042790442 262.191760633133 262.519738329491 262.781024534635 262.948925615886 262.810857456989 262.724077888002 261.957020215517 258.78885159034 258.41955696901 258.406057308773 254.323942151518 257.164714527381 260.321028530474 260.616725585545 260.315328160763 259.409579399192 258.901928844286 259.229817909787
226.738214853888 230.851891762053 231.629339654609 231.698243891464 230.014613173348 229.098535284415 228.949822032055 225.847251406987 217.259815659257 219.533127701412 221.373634045748 227.90793960303 232.739153835865 228.583715523279 221.912982671809 220.31235689072 220.778624954576 216.453738801306 215.815273027913 213.289472929743 228.12221255105 244.659183733944 250.578831509163 258.669980276633 261.610637667977 261.613989094193 260.482926453944 258.042087607087 258.606687952268 261.029042549532 260.256667573542 261.823161138708 262.616942216422 262.902670657418 262.880971595642 262.933301208031 262.88839476888 262.831735039692 261.701471633626 259.081835230189 258.797232348398 258.580072110695 256.40005149596 257.590646785037 260.60702563746 260.622466721999 260.340672372795 259.472118475667 259.547885598997 260.087089302441
234.786574530288 236.408624290947 236.441027932086 237.088129300672 238.256845054647 239.043100306588 240.111287670533 238.237261548467 230.349305356817 233.168616559727 234.318764812757 237.109807698773 238.124114473502 238.17985605261 233.172060877207 229.789134618077 228.322674558669 222.849850723452 221.898449297644 224.223472374675 236.058847656611 247.994789141892 250.915037972508 257.878166895783 261.584080944514 261.861665039566 261.192759825417 258.202244513112 257.028093939973 261.450842310751 261.623751267576 261.871702098772 262.966292142315 263.163321316457 263.227116872939 263.29137878967 263.076484734533 262.878059453409 261.697946821284 259.230490315485 259.294692071084 258.883048171194 253.335650480768 255.836102830304 260.635721852522 260.712369202004 260.262406523222 259.5930649199 259.801111917531 259.618221686205
238.99697301978 238.58842188129 238.670943015846 240.012869712009 241.87604715823 243.287070843541 245.625969168139 246.121026445401 242.235228847708 242.617912176226 244.973524884103 244.771466503232 243.044854299674 241.954448211852 237.022180324152 236.189513587175 236.341971530111 232.164507006853 229.188512051758 232.103072948877 241.249621157329 250.048487655608 253.365719231693 258.704096696368 261.58358569521 262.068460819977 261.963726224208 260.730112770008 259.458731978744 261.885274162531 261.882788955375 262.412114783129 263.10382831758 263.524375917512 263.72982705349 263.856714302897 263.484668789837 262.975338608707 262.073163623508 259.475876053825 259.448816844717 259.211111282118 252.976686156564 253.907675810625 260.640184471439 260.864682852584 260.721255521256 259.774701675716 258.345674041076 257.328365236395
239.474313026058 239.827860399923 242.772701043878 246.34534206426 246.218222116568 247.267660282409 250.359468029036 252.685910330797 248.507647813313 247.365376670176 249.24263448374 249.106995186038 246.614000579312 242.432809809805 238.995478050816 240.744670777083 242.982318509241 240.95520428419 237.966507376556 240.56819379519 246.337888837835 250.973900265703 256.549365669869 260.645406395989 261.756990457411 262.299241831672 262.29426163122 262.007791140362 261.66237509131 262.331559038517 262.305120053849 262.304775626094 262.723500791287 263.576921018363 263.892449122145 263.904687216366 263.73706792689 263.25012177382 262.157061714951 259.375337460898 259.439056835644 259.4726143504 256.4867321588 256.564630611894 259.822185768341 260.762460091947 261.088634248806 260.55525329979 258.460654541001 257.402353842777
244.28048443162 243.640939144065 249.75500437892 254.513515019082 252.648424421055 252.54781940085 254.38365376537 256.424644881259 248.499164744441 244.310816173217 245.5268014093 248.908906399821 246.918663566635 243.868958154986 242.14256741304 242.356209561393 244.889147747347 245.76340059021 244.116654128965 246.716912013001 249.672390958601 252.059776889793 256.476492187895 259.655569276672 261.34631315603 262.60667345279 262.802401774111 260.980310594729 258.271289172973 262.384975122742 262.68996045621 262.413745711953 262.738636440274 263.62049549596 263.897559066853 263.906142514925 263.715682860461 263.648831081914 262.472472865407 259.446619073911 259.598100526539 259.848871055215 256.470815515133 256.741873265836 259.184577323189 260.451561185805 260.48457544153 261.200173337432 260.213146276227 259.291432163791
253.139085408842 250.950452371072 253.909566442251 256.562219212491 255.692368378831 256.250310120722 256.229131408824 251.14120595184 242.8205851415 239.584180826652 241.065206471235 243.913926184104 243.422589269229 241.275780108078 240.325009888267 238.630882853499 241.426045115551 246.530011254996 247.059030405213 247.529175332259 249.508391093617 253.351340957722 256.103450412857 258.393771809181 261.557506464235 262.828669880896 262.722414557037 258.261624352008 253.258210374103 261.013295712861 263.054967644503 262.988670670216 263.362268922752 263.675340834117 263.760403247584 263.978856652337 263.989594061601 263.843393288883 262.833746618452 259.978507000775 260.186107214264 260.230357245697 255.953799787483 251.496800556261 258.717246473502 260.20891944105 259.95479415996 260.234697683384 261.284477653769 260.785442914702
251.670616277791 254.474444724439 257.497106067203 257.390040063019 257.93381063218 258.576614529052 256.735334157281 249.861453602281 246.494516611106 242.876464800182 238.441899746713 238.896727132866 243.873980794489 242.95186159508 239.168629917419 237.124086213995 238.295652355165 242.799872891428 246.834885778427 249.670713300915 251.412649828343 253.915521990647 256.002854588174 259.15037754675 262.624689253547 263.043906776233 262.70893024217 257.517300294663 249.704776798696 256.738179335723 263.464676756182 263.148998863534 263.31784273355 263.597817563146 263.791863816222 264.179235798092 264.304006583588 263.563472048613 261.549481109367 260.312095045703 260.511958379675 260.442142163944 257.011003916231 252.428448537245 258.485055386058 259.346499547979 258.596927585833 257.090716826257 259.902530368446 261.647430801805
248.056775090095 251.440984734944 252.411186731324 255.433709068842 260.304327892064 261.152915351969 257.663081792252 255.340368978117 253.019480018497 253.150321585624 251.346347129795 249.911063108353 251.354177745563 251.235678621607 247.790835058847 245.32642240206 243.391240213205 244.973830504897 249.79076569569 252.964971605757 256.164902178994 259.725157481317 260.904210555438 261.76095887316 262.892867422383 263.280888455065 263.476281777261 263.274711122697 262.402398109614 262.151131915231 263.82203173464 263.186605185946 262.298799223606 262.213322195315 264.090007772809 264.476054999375 264.695002625278 263.591902443495 260.37965410383 260.213773225009 260.300215375108 260.545837335214 259.993887847851 257.916281312134 256.979542509124 258.753370699297 258.684092970486 258.69182946727 259.54700188834 260.203098690315
254.367851318699 253.527764643332 253.376478737388 258.859393955319 262.207741049749 261.756223585729 257.822618105836 255.785287366625 252.468910450524 252.660171074193 251.74412427341 251.279508150764 253.277199822111 254.145165894301 252.854354413068 250.4919919875 248.770840234404 248.979633026487 251.931858870069 255.059134425646 257.181724444036 259.260804433292 261.730272025509 261.988791772661 262.668013781664 263.37061240379 263.600195043434 263.389245964222 263.144939468837 263.687555996327 264.162688175421 263.539487342827 262.585098532272 262.508562239869 264.072454040265 264.4579420365 264.769936840348 263.934306822594 260.780780701667 260.573500204871 260.576871005121 260.92416477721 260.510525883138 258.52698246098 257.51662757728 259.067378018505 258.895772028207 258.760493046504 260.118478436098 260.577611646411
260.973736286547 259.169780815973 258.731321601019 263.570336216306 264.419874392359 262.228039701945 259.496694092609 257.679008336602 251.760955818603 250.505490489713 251.48201720745 252.730020131421 254.086269064095 257.001960823833 258.180735743592 255.759179447597 251.699050044862 252.014131072702 253.377209034469 255.883835571666 255.143090309292 257.133225006869 262.012442749794 262.360571008619 262.932204914116 263.493802810333 263.739275121913 263.65581758908 263.220484469862 263.609985764968 264.393781330597 263.913834517387 263.575835276636 263.731952034072 264.270426845049 264.778506360096 265.088312782239 264.228753717733 261.102644136749 261.072243949117 260.850883654247 261.093743355248 261.01727392144 260.050352994627 258.640714659092 259.19687927699 259.047407972261 259.017308998046 259.976304945074 260.543585140922
264.112662229518 264.603492514996 264.720874231117 264.838024252712 263.840928137229 261.730594020969 261.40598395599 259.923593423955 250.060448759239 246.947285668538 247.386642203966 251.322432282299 254.346000098476 256.26388522756 258.249869582285 259.245433825701 255.367608538387 253.130742564937 255.811426390514 256.370960952609 252.748847877558 255.788049442021 261.967627316726 262.283609258426 262.963372101245 263.566822453211 263.711953890994 263.828336082145 263.379105447361 263.519677409452 -9999 264.181582974944 264.068742872734 263.999226464171 -9999 264.838607201436 265.150409637395 264.296567809775 261.190844695279 261.26517017455 261.078397043449 261.099693871689 261.045760453481 260.37350414967 259.322339577271 259.475996451716 259.516051033996 259.34090168212 259.362967467079 259.978141364992
