rcp8.5models/GFDL_CM3/sc1gr9.4
NCOLS 261 
NROWS 433 
XLLCORNER 336357.134 
YLLCORNER 654653.479 
CELLSIZE 1000 
NODATA_value -9999 
[rows 308 to 329 of 433, columns 200 to 249 of 261]
94.4917073001262 86.4712812724522 79.2820068938686 81.7680770415194 79.8646995348314 79.5399021997208 81.0399995560721 81.2817536660026 85.2896281512387 92.9005985190221 99.2213172055452 99.5227518786537 98.1881750629238 95.0215311618823 87.620869858854 89.9680288124229 92.0585346135687 96.8080363164461 92.5795718785641 95.143262884549 95.6296341621375 99.6148433343879 105.825229233669 104.781917269683 99.3124679745634 99.8962629697652 101.168415227602 101.061002544935 101.872258484009 101.541720856975 100.764760863071 99.6392471271105 99.8370114099972 100.527363170176 99.8807137412663 98.3329438106281 98.2728563874092 100.152264976611 99.5994667922807 98.0195744242429 97.3454922354321 96.849124304725 96.1400870328283 95.5619832421969 94.9205605290877 94.7750909124293 94.375768281807 93.7353073685496 92.9912200252015 92.0351461486789
87.8794584302504 83.9882668882556 87.8540047821038 80.0068493202021 79.0634282076041 79.8452595025944 80.5213239137391 82.5520487735049 88.3760205832396 94.2940382731717 100.596809120467 96.2340638358528 93.1131346580976 94.3786898792057 87.9803622164967 85.1631909630894 89.5260795308287 93.2887617632501 89.8976913206141 93.3086056924803 95.5063615041113 99.4217233384948 100.759129573732 102.668564738352 101.335902277356 97.6253341195475 98.2305588610381 98.2937858503178 97.9741568420895 94.3120904452494 97.2387333169115 97.0651161952315 98.1729153942181 97.9234375668476 97.5137520460663 96.3742502539498 95.8476802055786 97.3411140017599 96.620088903886 96.0236128551796 95.8536014953165 95.2922736324556 94.5984002181296 94.2224332602262 93.9927689470253 93.2372706203863 92.4414494174018 91.8153381278464 -9999 90.9020660230416
89.0269466189309 86.296718519217 93.9225179220934 82.4738872820931 80.6689035896248 79.1385945781625 81.4472684611813 86.9962824083489 91.3534151885062 95.8703424052624 99.4521760934744 95.7733338973698 91.7678015787777 92.0134679142917 89.7445114305499 88.602054686817 89.5116703199621 88.0059013676015 91.0994523209436 91.8945489407636 94.8474823068112 97.3164690178609 96.6410488171767 97.8541011142373 98.8474037682157 99.7079994775128 95.1927303416188 95.5983018233005 94.7143593061355 92.3122597829971 95.3419095138431 94.7652959592714 96.2185408681901 95.9069104873206 95.1022711673155 94.6919945630642 93.3469907647506 94.7072430200894 94.2916221536957 94.2390842361109 94.1371413486869 93.5181191918608 93.3339151337831 92.8522791413063 92.53377527565 92.0223935486588 91.2276686966286 90.5820236625572 90.1193853768426 89.8730184567545
91.6811216467446 88.6016710476439 89.1311864995348 83.528777817186 80.0122519581812 78.3246907898231 80.9368878324265 86.5911188244199 92.0629437612043 95.1154981965454 94.7508874199934 94.6620375083686 92.2194868042027 94.1948214745273 86.7879947978443 89.4629298802304 87.5000749570803 84.6912791920142 89.4130599615397 90.3438011064029 92.3883760406113 93.222632785946 93.4682764707672 94.4097913531906 98.2387931262245 100.331365007155 92.5858756597672 92.8225976129274 -9999 -9999 92.746831468974 92.4557141281235 93.3788536794888 93.7582533069517 92.7903281095879 92.7422117225245 91.3696584388323 92.323925151594 92.0943301666291 92.8292828072799 92.2716558819628 91.7467551719171 92.0350371299068 91.8604966982961 91.5701742053138 91.7191101283539 90.9277852645851 90.083927016306 89.2411635286322 88.5455577681847
88.1577659885818 85.4910531080231 82.4133902873474 79.9765480855748 77.7576762177495 78.3887431422135 79.2411364631699 82.724331472627 86.9836355923348 88.1777517124672 87.8718582191769 88.6709398908162 91.8177655210834 93.0409804664213 83.0452905139498 85.5421911880154 86.4261879757109 85.4443358830782 86.7524328062568 86.584465533538 89.6841774386475 91.1112778199991 92.0329604362797 92.4167584434191 98.2541017815327 98.0649871795343 88.7564887701679 91.4635748246737 90.9240167797973 90.5872659325758 90.1598642860767 90.5413930826782 91.052555467927 91.4966688688046 90.8973491332127 90.5350914648836 89.8579542576134 90.6413811146755 90.8691945877272 90.9140330343145 90.2970345718236 90.2922627227371 90.4570369732285 89.8916642053816 90.0575592464991 90.1994877842589 89.4017634119553 88.6595230424794 87.9138575006493 87.705363080177
88.5151449530915 83.601818422704 79.1965258285792 77.243266551341 77.6460873237488 78.481394454373 78.5616106585008 80.6644258848727 83.7843804313174 83.1273420835628 82.1060232235097 83.9331138148565 84.8104909952677 88.9277573062535 86.5626026482576 83.185198810655 81.464243971467 83.1146965573668 83.6023259010017 84.2851288819079 85.0222901597489 87.0270397099433 89.0683534973064 86.9194420866827 88.0051263682865 90.2444837396921 88.4065310858946 88.3102144905451 87.5654905457241 87.358625456317 86.8084361405703 87.0678981903413 86.9569142600382 87.7949119441756 88.0067064668613 87.1575380220251 87.2082038309781 87.0580455077984 86.4193620707302 86.2381556853902 86.4137330884757 86.7886408827707 86.9377930985636 86.3810168155225 86.6483869731044 86.4606319051673 85.9447966474034 85.3497147305645 85.3551233134674 84.6426320917842
90.4481933070047 87.1834768859179 75.6043982914044 77.3585844417108 78.3527403560306 78.5744122863304 78.3119415946641 80.6575972635034 81.9888320894722 80.5127694540156 81.5567655305911 82.4652699701211 81.5068525631336 83.4358270917639 87.3416197235821 82.1127731231098 80.576481824833 80.8216510982384 81.3455633278764 -9999 83.4001593687146 84.3849151551209 85.0668173444254 84.5706995393017 84.5851554409371 85.2583779942287 85.6112867026995 85.2823054496977 85.2746381834789 85.2864337824421 85.0892951008753 85.3321870842182 85.0651095580689 85.3900882148361 85.5018258856221 85.9815966794293 85.8871130881263 85.5631589328927 84.9266460238936 84.8148820130114 85.0635486775869 84.9116391990197 85.0561590389792 84.4932862106361 84.8465711890974 84.9624674239039 84.2036478863605 84.0261949802895 83.9328426013898 83.0132417176602
89.5093519655074 86.0599118331273 76.2070236401939 75.6641885505623 76.6146650569054 77.479960486163 78.7372438700493 79.3645454846769 79.6058714711076 79.7984023763102 80.7274240435606 80.8906293068129 80.5343923631631 80.9064158687888 82.874007600842 80.1282593754982 79.3004268280844 -9999 -9999 -9999 81.6089354519976 82.2496138147989 83.1830169435752 82.9546073316572 82.3550568636129 82.859012539318 83.144493730713 83.0758981521299 82.9861855025582 83.2113849069466 83.569131994414 83.6326061810844 83.6646459503318 83.8402518300552 83.5395116573399 84.6043565754575 84.5464972861991 83.8452218720953 83.6905902887956 83.4752394040403 83.6240766545666 83.0749906265134 83.2765771328213 82.9680023490574 83.3180452299636 83.4515724395104 82.8599921048985 82.9003454180105 82.0183459006927 81.2417417831868
86.506324443032 83.8472835115605 78.688781408286 73.1298674115499 74.4075458907136 77.6545983610948 79.1953605581483 78.7150600703745 78.3852798507534 76.8836621288056 77.5613634537575 78.2623541180369 79.4497462726713 79.531043100002 78.6605709476579 78.6976701498125 77.8978798244452 -9999 -9999 -9999 79.484628434054 80.4316638129662 81.1162702977042 81.59551721727 81.3166050117984 81.0827685509281 81.0229437756102 81.435822380655 81.0144200367898 81.3080019626863 81.1941126856942 81.4606813709063 81.9687512065427 81.9060025683141 82.2958328914401 82.4782420931729 83.188434774389 82.1932903086412 82.5931943123388 82.0611843261389 82.2090785665876 81.6577635550948 81.8798478833762 81.5387981150482 81.3501155454555 81.5983497854413 81.4180657180404 81.0557234042513 80.8241765149856 80.073039105076
84.711557160102 83.6575563142709 79.9927650267549 72.6687526024155 76.3239425400699 77.4355958191727 79.7205651972359 80.0719640866517 78.3194250296864 75.7091599413934 74.2332077631269 75.8495636443334 78.3629050801924 77.8092467903046 78.4946143186175 77.6839361038935 76.7971104915447 76.8564005769812 -9999 76.8259131166627 77.9131082673435 79.7921184822836 79.910292496641 80.0824031913706 80.2765822902742 79.5724119103461 79.3383115910345 79.8338824699822 79.8064877512737 79.8693952299165 79.8990619120113 80.3550589742709 80.7143989260556 80.1855389044215 80.3447772982958 80.9258592461792 81.9751588711565 80.3456210084182 80.6819304111876 80.1414101056608 80.4643463563681 80.5576102678757 80.3211128586435 80.1807083291354 79.5960380436978 79.9295307075037 80.0529300608006 79.4426528858867 79.2416349834583 78.6753011353485
83.1571852248646 80.4432989783695 76.1524518120167 72.7262963133316 79.2935434481983 78.4623025117459 82.3082581652575 81.8430438263089 79.0571841355677 77.9385136122692 75.0729790571499 74.2709978307702 77.6636731131031 77.7456895850667 76.4584613291344 75.1893146937892 75.391972072323 75.6111050717864 75.9461484885689 75.7351218453902 75.608523087728 77.6419285412578 78.601122849767 78.2581810060236 78.1207421079299 78.0016345084771 79.152563206938 80.5271307370037 78.9419723910484 78.9418919597351 78.4931500818563 78.6385935498376 78.9325659455652 78.7139276934549 78.2704825670208 78.9305229587673 79.5970253680777 79.3122454936309 79.0754059529138 79.0434805701083 79.321865243474 79.1326311488261 78.5620957019826 78.6915434131378 78.1025174311216 78.3461710349166 78.258739188416 78.3362800260137 77.3287180991551 77.7892517065677
79.7216555100815 77.4420052836623 74.0733333591705 72.0138869417005 80.0989839067544 79.4347608279988 79.1296132513171 81.9063329396759 77.6228223691793 78.6490467988675 75.8989820607562 72.0579206790066 74.653028351436 77.4391157139586 73.3529407789644 73.2569059706513 73.7747863908722 73.8739963504998 74.0741319847588 74.6837302328136 75.3705449292889 74.811556588955 76.0073345529765 76.2946744857372 76.3482070515228 76.7727361320372 81.6519722346883 79.8259475437785 78.034117248442 77.5868128988898 76.8236640998894 77.0133827864678 77.337604947264 77.3710216068636 77.243282924784 77.127654964087 77.4975115102004 78.2447401703951 77.7659986575226 78.3677589040087 78.4242577377908 77.2870645081278 76.7101095340115 76.952804607833 76.7702211516294 76.4988495816229 76.5785785954975 77.0042128971203 76.0552807585734 76.2310113115564
77.1471547922326 75.9156625001824 72.2830358802876 74.876587379702 79.8581642901425 77.1685276111525 73.571325320409 81.1782638533509 78.7317946827697 78.5299225973838 76.3147306786638 73.5695931721679 74.5155128120528 76.7549161432192 71.6463567041823 71.6877909228343 71.6284087387034 72.0145350366258 73.0180561288755 73.3986444595761 73.9384977126202 73.3161614740826 75.7518893013836 74.1945224662988 74.668084835844 75.2904113322804 79.4387960779273 76.9001195857803 76.6800557463975 75.9896696667644 75.7511216670152 76.1391118193814 76.4723104576395 76.4462133692046 75.8416644441495 75.5670329545122 75.929435334176 75.9275483079578 75.9313052615172 76.4659837397139 76.5360515011216 75.6008344909756 75.4809686918481 75.543115848994 75.7805950086759 75.592748695091 75.3730857733889 75.6843397267571 74.5925670479486 74.5745351075911
72.2321303486059 74.8703117425975 72.0352404514894 77.7041580105745 78.0736489102703 73.1060199040217 71.7361399089354 78.5023980790501 77.3027325043705 78.7512931638103 75.7540481707356 76.4083015761755 76.0687811585975 76.5042586371753 69.7466448146764 69.9533314905369 70.219965676089 70.163828072721 71.2455093339972 71.3406784342647 71.1152233778755 71.3443609133896 73.4143448322904 72.1365294527373 73.0351867289197 73.6143270238072 75.0691161025142 74.8867425724785 74.4891411657611 74.6779712869569 74.4215081469672 74.384472304459 74.8662531960476 74.5940880899076 74.2609197203346 74.4216651763816 74.5412985231963 74.0658337785843 74.409741791497 74.75018209323 74.8811265643365 74.3069452358322 74.5901000154487 74.5174738857576 73.9287167849727 74.1552932609112 74.0702705417798 74.2622701443101 73.4938180005286 73.7318918282403
67.3944154177405 75.2683644166406 75.3055012252976 73.8385698436543 77.7497239091028 69.8104095342091 74.037918848773 76.7048989842108 75.931516522214 78.442138168807 75.4080066267335 72.3286552092519 75.5453954198447 74.5985721964763 68.1167314945339 68.288353809303 69.7033662647703 68.6032329442431 69.007985227514 69.4609440728887 69.9271090615282 69.814843184085 69.6921987175491 70.3152828719726 71.5279374428014 71.9246776099886 72.9344320535214 73.8779034468094 75.6633084876422 73.1182558622857 72.6697392260536 72.7051162715083 73.097268937062 72.8278486051231 73.0697724013325 72.8544602001765 72.6734848198775 72.197151046046 72.5311074203235 72.8616745230571 73.1578404568781 73.2311424203811 73.0345216565158 73.0904605822748 72.2015389925965 72.5083569550082 72.6997290913906 72.3792156784767 72.5724013855763 72.6313952885778
66.8843766844732 74.7099008909964 76.2851095892029 80.3525057868084 85.4611791093318 77.8765931239681 75.5550001534352 71.1144946671292 71.5400479082698 73.2245825633524 75.9781116755256 72.2944992238586 75.5556449964291 73.0781013982295 68.1260664348963 70.7541851508636 68.2549095294685 67.7170908375668 67.8152969629533 68.8359153107103 68.8312274300935 68.6710519780961 68.555680501818 68.8130615703437 69.5731406214114 70.081097916942 70.7260672229441 71.8136591630663 74.1983690809922 71.582558965539 70.7811828180052 71.1440648422445 71.454251956196 71.4931257300278 71.2686546069989 71.222496354418 71.4177008865924 71.1200622120821 71.3367944822955 71.1580358486818 71.5233873464551 71.9489595273175 71.7613511288453 71.523782866225 71.5904667706324 71.2847863856244 71.1107804983469 70.9013308717002 71.4829631119711 71.0826870508666
66.6322602642243 75.4190573328311 79.9505654509024 91.4986826346946 93.7836150257533 86.0865552330217 72.9859103841803 64.9754605425083 65.0092021442994 67.7807775379462 75.3765055041218 73.6310264428194 70.7009912354614 72.8737043463747 67.1781482633972 69.3065957088872 67.0313256209543 66.6104768402486 66.7414852095257 67.7225808603849 67.9657992713368 67.8685952666836 67.7675929176815 67.7516384266793 67.4490579205709 68.1336844058345 68.7809632354024 69.3687972918651 71.3796276195073 73.7599961785964 69.6053130144272 69.5996405726289 69.4774557043957 69.7317032711656 69.69209119753 70.0778877868153 70.5126345143558 70.2362602669047 70.6072580929119 70.0370682799388 70.2738967210772 70.215534532907 70.439781124191 70.2846203172698 70.1746379009255 70.0197015458111 69.9161591737975 69.5894780351331 70.0505947264735 69.3859728654858
70.5464582506905 62.320944751855 73.9630170990756 86.6723410212152 94.7947454370326 95.3155051002813 92.8441792903075 76.4132794446092 69.4625102936835 68.9417793210699 68.1764489249151 70.1749338650108 73.01860136859 65.4460332777574 67.6454505292974 64.620151436626 66.9889404279469 69.9490077268236 64.778618918793 64.791783519186 65.1447735936071 65.3952581089492 65.4831876947885 65.3183112686884 65.3151525842208 65.5624029019276 65.6635193908703 66.0721859222487 66.6420019809974 66.8761948434755 66.778715764166 67.0948784029905 66.7343042388597 66.1234977084309 66.5076680740174 67.0704091665902 67.2825708410233 66.9524529298332 67.2653914013594 67.532280746659 67.6433177138447 67.9482056512926 68.1409257191388 67.919639982796 68.1317032368483 68.0038122098112 68.0554843689886 -9999 66.8813344763715 67.0752131101465
69.822371807033 62.7174330713127 74.818500119321 85.3694536795381 87.7307201539114 90.7565350785034 95.1224974079159 79.2897499039454 75.4958024474024 73.3668649785309 68.0952521195801 69.4463550038287 74.0040597961564 68.9880022649872 62.9287828561133 63.8784377471551 65.7585310927129 67.8601010124578 64.55777038266 68.6487320632268 65.2888516703982 69.526249217833 64.4830432157115 63.798192277982 64.3617948241495 65.947098275669 64.060794429144 64.4520291294633 64.9752116795471 65.2781769232605 65.4417577855609 65.5986791624366 65.4588801767048 65.2935608783317 65.1838280549884 65.6921883005238 65.9226940021495 65.9106842271661 65.7195021921511 66.0218874762619 66.3213657685308 66.5094663451613 66.2059992320426 66.1029225733691 66.3879826898613 66.6511503169906 66.7576664707119 66.5368960009391 66.0711731056799 66.2878886330252
69.5960823437731 60.1173883162785 65.0614044732116 75.9083665536953 80.9424987500703 89.372840084332 94.0500586885074 75.2131690066613 68.6124657561517 67.8362139995736 72.506118998947 76.1468482129823 72.8657651652159 65.9955343752692 62.1019360451584 63.6849697976003 66.0339108682162 62.8433576880515 63.6871559684234 66.5511649744967 63.6882884610591 67.311515349307 62.8767391227489 63.6789735787844 69.6932208519305 69.7987059683932 63.0175139000732 63.3581793130509 63.6966662589473 63.8825145892981 63.5088748803643 63.5090698718688 64.0607325270838 64.2925315569453 64.2289148579111 64.4340401422425 64.2602154545721 64.6739774273118 64.5881071187457 64.7781991144018 64.6213023071044 65.0851482543283 64.9847512897602 65.1657447652929 64.927629341458 65.2058976186682 65.4815368728327 65.678559375986 65.6444253442861 64.9087601922346
71.871884647598 65.8089742509758 63.9236571296038 70.5227944797691 77.1736035602902 87.0853763985302 91.2212528491212 72.3369618593978 68.6501004346892 66.8153305570886 66.6246055568983 69.3875449904114 65.5747305201526 60.7936405699104 67.3937624214148 62.3098560855374 64.8135498443964 62.8357436557569 61.2489038428225 60.7723425320179 62.6796934772045 67.0678406262169 61.180498550444 62.3026437515766 66.9605955043567 66.1503267570212 62.0315238829477 61.9148835559272 62.2447603609741 62.4136980342865 62.0899562111409 62.455223435083 62.8476822025731 62.6899764316851 63.0009317169416 63.2761134239898 63.4378532996336 63.9377709617021 63.7400320235386 63.951175997196 63.7887864967116 63.7630933465993 63.9667479119638 63.8298745290164 63.9776840549521 64.1486719965287 63.8909501725709 64.1568033883095 64.5518007129829 64.1148188090257
67.0241769262232 73.0407223954147 71.159040164302 73.1259681846645 72.0967511073651 77.242753622829 80.1114575060688 67.849565176452 68.5363009259174 71.3462135435288 62.7202456214958 65.8766541648064 59.5840081065143 59.8624733513324 66.0005754114773 60.3067561930154 61.003774564923 60.9344102272501 59.9089790704498 59.8687755206021 60.8810961798129 64.8778174846596 59.970710534566 60.1271172424659 59.7689491077079 60.1002604745 60.7752608459529 60.444196227361 61.3279918936117 61.1944394313366 61.513624127011 61.8304746011894 62.0558230223637 61.9869846154892 62.2962147978386 62.6455989640729 63.0313203377761 62.9074027882403 62.7068236787699 62.495775916767 62.6983652648552 62.4861061191083 62.1923934255566 62.2095695587552 62.6769538188786 62.8679989908791 62.7410835024392 62.9031263646117 62.8812024609821 63.1333464841125
