rcp8.5models/GFDL_CM3/sc1gr0.8
NCOLS 261 
NROWS 433 
XLLCORNER 336357.134 
YLLCORNER 654653.479 
CELLSIZE 1000 
NODATA_value -3.4e+38 
[rows 374 to 395 of 433, columns 49 to 97 of 261]
-3.4e+38 -3.4e+38 -3.4e+38 68.1589660644531 68.3438568115234 68.4387588500977 68.5029907226562 68.6935958862305 68.9048919677734 68.9903335571289 69.0358963012695 69.2165756225586 69.3800735473633 69.3638916015625 69.6603622436523 69.8854751586914 70.1823043823242 70.3544540405273 70.5533447265625 71.4106674194336 71.9073028564453 71.5163269042969 71.3898849487305 71.8441162109375 71.8342056274414 71.6666641235352 71.6643981933594 71.8336791992188 72.6845016479492 74.679069519043 74.9744110107422 74.0862426757812 73.0477981567383 72.9232788085938 73.2780685424805 73.7880325317383 74.2041931152344 74.5697937011719 74.597053527832 74.6354141235352 75.2131881713867 76.5157775878906 76.5585174560547 77.066780090332 78.0062713623047 78.2459487915039 78.4237289428711 78.7288284301758 78.4891738891602
-3.4e+38 -3.4e+38 -3.4e+38 67.7754669189453 67.9789810180664 68.1842727661133 68.2710494995117 68.3883361816406 68.5809783935547 68.5673751831055 68.6990585327148 68.9019012451172 68.9812240600586 69.0993270874023 69.4664535522461 69.5553970336914 69.6771774291992 70.1264419555664 70.1735763549805 70.8147506713867 71.0763397216797 70.8735275268555 71.430061340332 71.9845123291016 71.5865478515625 71.3178329467773 71.2998886108398 71.3694534301758 71.5095367431641 74.465705871582 74.2535858154297 73.7752380371094 73.1695404052734 72.7615737915039 72.860595703125 73.2986450195312 73.6946029663086 74.4716339111328 74.617790222168 74.4042129516602 74.901985168457 76.2068099975586 76.5253143310547 76.9152221679688 77.8642730712891 78.5451202392578 78.2554244995117 78.1878890991211 78.1702880859375
-3.4e+38 -3.4e+38 -3.4e+38 67.4437103271484 67.5923080444336 67.7344665527344 67.9035186767578 68.0406723022461 68.2334671020508 68.2727279663086 68.39208984375 68.5058898925781 68.6433181762695 68.8399276733398 69.1574630737305 69.5355377197266 69.7493591308594 70.0442657470703 70.6819763183594 70.4077987670898 70.7283706665039 70.8501358032227 71.4652557373047 71.9877243041992 71.1578750610352 70.8377532958984 71.0246353149414 70.9987640380859 71.0700531005859 73.4631881713867 73.563606262207 73.4362258911133 72.9644088745117 72.4212265014648 72.6759948730469 72.9703521728516 73.1509323120117 73.8213272094727 74.1776657104492 74.1115417480469 74.3832092285156 75.80908203125 76.9460754394531 77.1720581054688 77.3117828369141 78.1530456542969 78.2995758056641 77.8874282836914 77.8435897827148
-3.4e+38 -3.4e+38 -3.4e+38 -3.4e+38 67.4531860351562 67.4868927001953 67.5745086669922 67.7936325073242 67.8566284179688 67.9752883911133 68.2736511230469 68.2815856933594 68.2884826660156 68.5438766479492 68.7849273681641 69.3058090209961 69.5446319580078 69.8056106567383 70.3348159790039 70.4650192260742 70.8004760742188 70.7890090942383 71.269157409668 71.8582305908203 71.1796798706055 70.6326065063477 70.5931396484375 70.5611419677734 70.8062210083008 71.7371978759766 72.0504150390625 72.2594985961914 72.3261260986328 72.2290115356445 72.4565124511719 72.4831314086914 72.7225570678711 73.1304702758789 73.6525344848633 73.8049774169922 73.8288497924805 74.7254028320312 75.8333587646484 76.3771896362305 76.7761154174805 77.3809661865234 78.2489624023438 78.3023147583008 77.9958267211914
-3.4e+38 -3.4e+38 -3.4e+38 -3.4e+38 67.1999969482422 67.2747268676758 67.3286819458008 -3.4e+38 67.6042861938477 -3.4e+38 -3.4e+38 68.0044937133789 67.9654159545898 68.1709060668945 68.4768981933594 68.7607116699219 69.067497253418 69.288688659668 69.3733444213867 70.5125579833984 71.0986709594727 70.5744171142578 70.3427886962891 71.0412750244141 70.8931350708008 70.3444213867188 70.1979522705078 70.1662292480469 70.3514785766602 70.6903610229492 70.7174377441406 71.5075912475586 71.9057464599609 71.7797088623047 71.9561157226562 72.1730117797852 72.2908630371094 72.5437774658203 73.237678527832 73.6905212402344 73.5801849365234 73.6959915161133 74.712646484375 75.5648422241211 76.6018142700195 77.1036758422852 77.5032653808594 78.3023910522461 77.9451751708984
-3.4e+38 -3.4e+38 -3.4e+38 -3.4e+38 66.8889923095703 66.95556640625 -3.4e+38 67.3665008544922 67.4336318969727 67.4456939697266 67.5630645751953 67.7279510498047 67.7316284179688 67.8112945556641 68.0770492553711 68.1753616333008 68.3788299560547 68.7086410522461 68.8793640136719 69.9104080200195 70.6411972045898 70.5691986083984 69.9969787597656 69.8312530517578 70.007682800293 69.961669921875 69.7864379882812 69.8075332641602 69.9440765380859 70.1427841186523 70.3623046875 71.3311157226562 72.2636871337891 71.989875793457 71.6719360351562 71.7253341674805 71.7200698852539 71.8756713867188 72.5032958984375 73.068115234375 73.0681533813477 73.39599609375 74.7250671386719 75.6054153442383 75.5948944091797 75.3248825073242 75.6159744262695 76.8575057983398 77.6425018310547
-3.4e+38 -3.4e+38 -3.4e+38 -3.4e+38 -3.4e+38 66.7577362060547 66.8161087036133 -3.4e+38 67.1033401489258 67.1476516723633 67.3360443115234 67.5095901489258 67.5117721557617 67.5755767822266 67.7013778686523 67.756477355957 67.8475952148438 68.2339630126953 68.9094543457031 69.2644729614258 70.0164031982422 70.6982421875 70.4598999023438 69.6434173583984 69.3139114379883 69.3721160888672 69.349494934082 69.4009017944336 69.487548828125 69.8558578491211 70.2227020263672 70.9998168945312 72.256950378418 72.3647613525391 71.7108688354492 71.7256240844727 71.7365341186523 71.5738067626953 71.7450561523438 72.1110229492188 72.5226593017578 72.6046600341797 73.8661270141602 74.8966598510742 74.15087890625 73.1533737182617 73.4084930419922 74.7233123779297 76.3314971923828
-3.4e+38 -3.4e+38 -3.4e+38 -3.4e+38 -3.4e+38 66.4433670043945 66.5032043457031 66.6386795043945 66.8540725708008 66.9022827148438 67.0145721435547 67.1539154052734 67.2985000610352 67.3506469726562 67.4113006591797 67.5119476318359 67.6028747558594 67.9589920043945 68.8637924194336 69.42431640625 70.0313186645508 70.5234756469727 70.4244079589844 70.0436096191406 69.0844345092773 68.8269500732422 69.0561065673828 69.0959701538086 69.1001281738281 69.6057968139648 69.9726409912109 70.6665573120117 71.1935501098633 71.7778015136719 71.374153137207 71.7081604003906 71.5926742553711 71.0006866455078 70.9716873168945 71.5425796508789 72.2446899414062 72.132682800293 72.5528869628906 73.1561584472656 72.8545227050781 72.3143005371094 72.1627731323242 73.4297943115234 74.8420944213867
-3.4e+38 -3.4e+38 -3.4e+38 -3.4e+38 -3.4e+38 66.1440963745117 66.2960357666016 66.325309753418 66.4816665649414 66.5331802368164 66.624626159668 66.8581008911133 66.9951400756836 67.0690307617188 67.122673034668 67.1913909912109 67.2248229980469 67.481689453125 68.4532699584961 69.1405563354492 69.7309265136719 69.926025390625 69.5951843261719 69.5372619628906 68.9609375 68.6811599731445 68.7527618408203 68.7907409667969 68.8630752563477 69.1711349487305 69.8313217163086 70.3858413696289 70.497444152832 71.2981643676758 70.9364471435547 71.371826171875 71.1983261108398 70.3763427734375 70.3902816772461 71.2804260253906 71.990348815918 71.9209365844727 71.5383682250977 71.7543182373047 71.7230834960938 71.7874984741211 72.0081939697266 72.5569229125977 73.4705123901367
-3.4e+38 -3.4e+38 -3.4e+38 -3.4e+38 -3.4e+38 -3.4e+38 65.7601928710938 66.0174179077148 66.0068435668945 66.0619354248047 66.1609115600586 66.2966995239258 66.3550491333008 66.402458190918 66.4921569824219 66.5932159423828 66.7465667724609 66.8676910400391 66.9415969848633 67.0320358276367 67.1504058837891 67.3010559082031 67.7480545043945 68.1943283081055 68.1744232177734 67.9151000976562 67.8296813964844 67.8730545043945 67.9361038208008 68.3498382568359 69.4635391235352 69.7451553344727 69.7844390869141 70.4100112915039 70.3600540161133 70.5717697143555 70.7427597045898 70.2050247192383 69.7564926147461 69.6651611328125 70.0654296875 70.7010040283203 70.6797256469727 70.8373641967773 71.3239212036133 71.1932220458984 71.1337585449219 71.3534393310547 71.3875122070312
-3.4e+38 -3.4e+38 -3.4e+38 -3.4e+38 -3.4e+38 -3.4e+38 65.4717864990234 65.6880874633789 65.7277374267578 65.7119903564453 65.9181289672852 66.0488128662109 66.057746887207 66.1143798828125 66.1697769165039 66.3018264770508 66.414306640625 66.5044708251953 66.5149230957031 66.6516571044922 66.8114318847656 66.9574432373047 67.1118469238281 67.3164749145508 67.3768997192383 67.4676284790039 67.5154647827148 67.5305862426758 67.6690368652344 67.8687973022461 68.5773849487305 68.9561386108398 69.3366241455078 70.5292510986328 70.4959564208984 70.2142333984375 71.4642333984375 70.8544616699219 69.8166275024414 69.6314010620117 69.5445327758789 70.4671173095703 70.4953765869141 70.2122421264648 70.7286682128906 70.9322357177734 71.0500411987305 71.2189636230469 71.0754241943359
-3.4e+38 -3.4e+38 -3.4e+38 -3.4e+38 -3.4e+38 -3.4e+38 -3.4e+38 65.2756729125977 65.3983306884766 65.4380569458008 65.564697265625 65.6331329345703 65.6541595458984 65.7984924316406 65.880973815918 66.0284652709961 66.1177291870117 66.1480026245117 66.2101211547852 66.3350219726562 66.5712585449219 66.8468017578125 66.8851776123047 66.8460006713867 67.3556900024414 67.6407318115234 67.4827346801758 67.3383941650391 67.4181671142578 67.4900512695312 67.9950637817383 68.9501571655273 69.391357421875 70.1758346557617 70.6275253295898 70.341423034668 71.5484161376953 70.8000030517578 69.7955551147461 69.6645965576172 69.2529907226562 69.7066116333008 70.1717834472656 70.4119644165039 70.574821472168 70.5774536132812 70.9446105957031 71.1782989501953 71.0466995239258
-3.4e+38 -3.4e+38 -3.4e+38 -3.4e+38 -3.4e+38 -3.4e+38 -3.4e+38 65.0855178833008 65.197380065918 65.1822204589844 65.2086868286133 65.2801666259766 65.3440933227539 65.4377136230469 65.541618347168 65.65625 65.8270111083984 65.8777160644531 65.8664016723633 66.0352249145508 66.2529754638672 66.5224304199219 66.7508163452148 66.6553726196289 67.0383834838867 67.184684753418 67.1184387207031 66.961555480957 66.9596099853516 67.161018371582 67.5124893188477 68.5611572265625 69.0519409179688 68.9582138061523 69.8542785644531 70.8195266723633 71.3915634155273 70.4013214111328 69.5438766479492 69.326171875 69.0435028076172 68.9400634765625 69.5424652099609 70.3212432861328 70.530647277832 70.3489990234375 70.4939575195312 71.0868988037109 72.0166931152344
-3.4e+38 -3.4e+38 -3.4e+38 -3.4e+38 -3.4e+38 -3.4e+38 -3.4e+38 64.8475723266602 64.8423309326172 64.89208984375 64.9039535522461 65.0502166748047 65.0972366333008 65.0899047851562 65.1855545043945 65.299201965332 65.4359359741211 65.4721145629883 65.5375518798828 65.697151184082 65.84912109375 66.0468063354492 66.3105545043945 66.4262161254883 66.3931121826172 66.7875823974609 67.2550582885742 66.9037246704102 66.6037063598633 66.7885818481445 66.8957443237305 67.3508987426758 67.9823455810547 68.1798858642578 69.3260040283203 70.4848175048828 71.2529983520508 71.4001922607422 69.8749542236328 68.6688461303711 68.790397644043 68.8106689453125 68.965950012207 69.73486328125 70.2936782836914 70.4633865356445 70.4116744995117 70.8669891357422 72.4378509521484
-3.4e+38 -3.4e+38 -3.4e+38 -3.4e+38 -3.4e+38 -3.4e+38 -3.4e+38 64.4311065673828 64.4467849731445 64.5702209472656 64.554443359375 64.6646270751953 64.7151336669922 64.7340469360352 64.8737411499023 64.9952926635742 65.060188293457 65.1211166381836 65.2934341430664 65.3516540527344 65.4491653442383 65.6320114135742 65.7104415893555 66.3329238891602 66.3305206298828 66.5175170898438 67.1389389038086 66.6844100952148 66.211296081543 66.6543731689453 66.5373382568359 66.6839294433594 67.6630325317383 68.3634490966797 68.8962783813477 69.5093765258789 70.2017440795898 70.9033126831055 69.2969436645508 67.9286499023438 68.3499298095703 68.9450836181641 68.428581237793 69.288444519043 70.3288192749023 70.6801071166992 70.4953689575195 70.6974182128906 71.8283920288086
-3.4e+38 -3.4e+38 -3.4e+38 -3.4e+38 -3.4e+38 -3.4e+38 -3.4e+38 -3.4e+38 64.1304244995117 64.1598968505859 64.2312698364258 -3.4e+38 64.3038101196289 64.4057159423828 64.5700073242188 64.5693740844727 64.7285614013672 64.8889007568359 64.9630508422852 64.9332580566406 65.0939025878906 65.2335433959961 65.2572937011719 66.323860168457 66.6048431396484 66.2826156616211 66.5093536376953 66.2385559082031 65.8938217163086 66.551513671875 66.1407852172852 66.6199340820312 67.7598114013672 68.6410369873047 68.676155090332 68.8110046386719 69.0529937744141 69.21435546875 68.1357650756836 67.3124389648438 67.9064865112305 69.5164260864258 68.6009292602539 68.4953536987305 69.7300186157227 70.7843322753906 70.6076354980469 70.3329086303711 70.703742980957
-3.4e+38 -3.4e+38 -3.4e+38 -3.4e+38 -3.4e+38 -3.4e+38 -3.4e+38 -3.4e+38 63.8306312561035 63.8200607299805 -3.4e+38 64.0802841186523 64.0523147583008 64.2034301757812 64.2894973754883 64.3168106079102 64.4170074462891 64.5596084594727 64.7011184692383 64.6738739013672 64.7543258666992 64.787712097168 64.8973388671875 65.583366394043 65.9332046508789 65.8760604858398 65.8084259033203 65.6236038208008 65.4857025146484 65.9232025146484 65.760383605957 66.32275390625 67.1438598632812 68.1436996459961 68.0967864990234 68.1482315063477 68.5266036987305 68.5200424194336 67.5307922363281 66.8308334350586 67.3334197998047 69.1041870117188 69.1922073364258 68.2360153198242 68.6287689208984 70.1222610473633 70.4242324829102 69.7300872802734 69.6469955444336
-3.4e+38 -3.4e+38 -3.4e+38 -3.4e+38 -3.4e+38 -3.4e+38 -3.4e+38 -3.4e+38 63.5255699157715 63.6097755432129 63.6662712097168 63.7673606872559 63.8374633789062 63.8889122009277 63.9640045166016 64.0727386474609 64.0734176635742 64.1616897583008 64.3918685913086 64.4518508911133 64.5155487060547 64.4580383300781 64.510871887207 64.6990356445312 65.1767120361328 65.4945373535156 65.3953247070312 65.3190536499023 65.2439117431641 65.2926483154297 65.3563613891602 65.6889038085938 66.0032730102539 67.0178375244141 67.2890090942383 67.3434524536133 67.9805526733398 68.2003936767578 67.1834259033203 66.5361480712891 66.7588806152344 68.2516555786133 69.1981811523438 68.8512878417969 68.2325668334961 68.8257675170898 69.5790405273438 69.305549621582 69.1363220214844
-3.4e+38 -3.4e+38 -3.4e+38 -3.4e+38 -3.4e+38 -3.4e+38 -3.4e+38 -3.4e+38 63.2599258422852 63.3005332946777 63.3673934936523 63.4229202270508 63.463508605957 63.5327224731445 63.6742210388184 63.7047309875488 63.702205657959 63.8600234985352 64.0461349487305 64.076774597168 64.2210464477539 64.209358215332 64.2462463378906 64.354621887207 64.6373901367188 65.2596054077148 65.3352813720703 65.3450698852539 65.0589218139648 65.142333984375 65.0885467529297 65.1158676147461 65.197868347168 65.9401092529297 66.8066482543945 67.0828323364258 67.7190246582031 68.4723663330078 67.2724151611328 66.2042236328125 66.4474563598633 68.2614364624023 68.6865005493164 69.3343200683594 69.1395950317383 68.2131195068359 67.9822235107422 68.1384887695312 68.39990234375
-3.4e+38 -3.4e+38 -3.4e+38 -3.4e+38 -3.4e+38 -3.4e+38 -3.4e+38 -3.4e+38 62.9287986755371 63.0176315307617 63.0963478088379 63.135570526123 63.1893272399902 63.2622108459473 63.3143920898438 63.3184051513672 63.3799896240234 63.5813446044922 63.8239974975586 63.7682228088379 63.7506866455078 63.9431228637695 64.0276947021484 63.9640655517578 64.0881500244141 64.6405944824219 65.0194091796875 65.2657318115234 64.9639587402344 64.7600250244141 64.6611404418945 64.7001724243164 64.8429794311523 65.1908950805664 65.7724304199219 66.2912216186523 67.2303771972656 67.8513717651367 66.6632080078125 65.7192459106445 66.697380065918 68.3128280639648 69.1323776245117 70.2095489501953 70.38427734375 69.1590728759766 67.5817947387695 67.1638412475586 67.564094543457
-3.4e+38 -3.4e+38 -3.4e+38 -3.4e+38 -3.4e+38 -3.4e+38 -3.4e+38 -3.4e+38 62.6618728637695 62.7311973571777 62.804126739502 62.8979911804199 62.9598159790039 62.9548377990723 62.9266204833984 63.0167846679688 63.1583137512207 63.2548065185547 63.4613418579102 63.4860420227051 63.5191841125488 63.9411544799805 63.8997001647949 63.6449584960938 64.2672348022461 64.9149017333984 64.9894332885742 65.0449371337891 64.8939590454102 64.2341842651367 64.3754806518555 64.4546585083008 64.6975555419922 64.7431640625 64.8500671386719 65.111442565918 66.1421279907227 67.4746170043945 67.2627182006836 66.0356826782227 66.6081848144531 69.1122360229492 69.2748107910156 70.0178756713867 69.95751953125 69.4645538330078 67.8667144775391 66.8626022338867 67.0144882202148
-3.4e+38 -3.4e+38 -3.4e+38 -3.4e+38 -3.4e+38 -3.4e+38 -3.4e+38 -3.4e+38 62.1841621398926 62.101978302002 62.1870498657227 62.1880226135254 62.1944580078125 62.3455505371094 62.3639755249023 62.3520927429199 62.4445037841797 62.5153388977051 62.5976219177246 62.7396087646484 62.8433609008789 62.9340476989746 63.5310440063477 63.6230659484863 63.1155853271484 63.4113998413086 64.0215835571289 64.3129425048828 64.1458053588867 63.8084907531738 63.6766548156738 63.7527275085449 63.7793617248535 63.9264488220215 64.1334457397461 64.3308715820312 64.2782516479492 64.9852142333984 67.0106811523438 66.0947036743164 64.8054122924805 67.6251068115234 67.7129287719727 67.7026290893555 67.889274597168 68.1625289916992 68.1478958129883 67.4904327392578 67.2397308349609
