rcp8.5models/GFDL_CM3/sc1gr2.32
NCOLS 261 
NROWS 433 
XLLCORNER 336357.134 
YLLCORNER 654653.479 
CELLSIZE 1000 
NODATA_value -9999 
[rows 0 to 22 of 433, columns 50 to 99 of 261]
-9999 -9999 -9999 -9999 -9999 -9999 -9999 -9999 -9999 -9999 -9999 -9999 -9999 -9999 -9999 -9999 -9999 -9999 -9999 -9999 -9999 -9999 -9999 -9999 -9999 -9999 -9999 -9999 -9999 -9999 -9999 -9999 -9999 -9999 -9999 -9999 -9999 -9999 -9999 -9999 -9999 -9999 -9999 -9999 -9999 -9999 -9999 -9999 -9999 -9999
-9999 -9999 -9999 -9999 -9999 -9999 -9999 -9999 -9999 -9999 -9999 -9999 -9999 -9999 -9999 -9999 -9999 -9999 -9999 -9999 342.074493408203 342.058441162109 342.036773681641 342.014526367188 341.991668701172 341.96826171875 342.505157470703 342.847778320312 342.780487060547 342.842346191406 342.815368652344 -9999 -9999 -9999 -9999 -9999 -9999 -9999 -9999 -9999 -9999 -9999 -9999 -9999 -9999 -9999 -9999 -9999 -9999 -9999
-9999 -9999 -9999 -9999 -9999 -9999 -9999 -9999 -9999 -9999 -9999 -9999 -9999 -9999 -9999 -9999 -9999 -9999 -9999 341.906280517578 342.123077392578 342.098480224609 342.076690673828 342.054351806641 342.031402587891 342.007904052734 341.626739501953 342.088714599609 342.853881835938 342.881469726562 342.854370117188 342.839660644531 -9999 -9999 -9999 -9999 -9999 -9999 -9999 -9999 -9999 -9999 -9999 -9999 -9999 -9999 -9999 -9999 -9999 -9999
-9999 -9999 342.4892578125 342.482421875 341.810913085938 341.460327148438 341.436187744141 341.423370361328 341.556915283203 341.462341308594 -9999 -9999 341.772094726562 342.33544921875 341.597534179688 341.301849365234 341.284240722656 341.980743408203 341.465240478516 341.388702392578 341.433898925781 341.979827880859 342.130889892578 342.108581542969 342.085693359375 342.062225341797 341.820129394531 341.957794189453 342.244171142578 342.220001220703 342.781280517578 342.881164550781 -9999 -9999 -9999 -9999 -9999 -9999 -9999 -9999 -9999 -9999 -9999 -9999 -9999 -9999 -9999 -9999 -9999 -9999
341.563751220703 341.554565429688 341.671966552734 341.732208251953 341.584014892578 341.501525878906 341.477264404297 340.931701660156 340.676879882812 340.665740966797 340.654083251953 340.47607421875 340.730133056641 340.855529785156 340.668762207031 340.587371826172 341.125274658203 341.476257324219 341.331573486328 341.248168945312 341.227661132812 341.408721923828 342.018707275391 341.59228515625 341.982788085938 342.116363525391 342.092346191406 342.067718505859 341.433532714844 341.860015869141 342.199340820312 342.81396484375 342.92041015625 -9999 -9999 -9999 -9999 -9999 -9999 -9999 -9999 -9999 -9999 -9999 -9999 -9999 -9999 -9999 -9999 -9999
341.321044921875 341.077514648438 340.792114257812 340.784820556641 340.777038574219 340.768737792969 340.750518798828 340.586639404297 340.503692626953 340.489837646484 340.475463867188 340.460571289062 340.445129394531 340.429168701172 340.412658691406 340.395568847656 340.561126708984 341.341033935547 -9999 341.301849365234 -9999 341.260375976562 340.875671386719 340.543731689453 341.825866699219 341.594360351562 341.422149658203 341.399932861328 341.707611083984 341.9931640625 342.017364501953 342.230346679688 342.845855712891 -9999 -9999 -9999 -9999 -9999 -9999 -9999 -9999 -9999 -9999 -9999 -9999 -9999 -9999 -9999 -9999 -9999
340.78662109375 340.718109130859 340.637908935547 340.627777099609 340.617126464844 340.605987548828 340.582183837891 340.569458007812 340.556243896484 340.001586914062 339.760803222656 339.748779296875 339.736145019531 339.722961425781 339.709228515625 339.694915771484 339.679992675781 340.6484375 -9999 -9999 -9999 -9999 341.084838867188 -9999 341.404815673828 341.857696533203 341.344573974609 341.757263183594 342.072998046875 342.098388671875 342.071380615234 342.043731689453 342.260589599609 342.045745849609 -9999 -9999 -9999 -9999 -9999 -9999 -9999 -9999 -9999 -9999 -9999 -9999 -9999 -9999 -9999 -9999
340.708099365234 340.699066162109 340.689544677734 340.679534912109 340.1396484375 339.873931884766 339.320007324219 339.071044921875 339.063598632812 338.893218994141 338.813903808594 339.349060058594 339.550872802734 339.535034179688 339.518707275391 339.501800537109 339.484313964844 339.702178955078 -9999 -9999 -9999 -9999 -9999 -9999 340.573150634766 340.771057128906 341.166015625 341.455078125 -9999 341.438171386719 341.413421630859 341.388031005859 341.361968994141 341.932373046875 -9999 -9999 -9999 -9999 -9999 -9999 -9999 -9999 -9999 -9999 -9999 -9999 -9999 -9999 -9999 -9999
339.438598632812 339.159637451172 339.15625 339.15234375 339.003570556641 339.459869384766 338.754913330078 338.673889160156 338.660888671875 338.647338867188 338.633270263672 338.788513183594 338.842559814453 339.382690429688 339.571472167969 339.554656982422 339.537261962891 -9999 339.481628417969 339.461944580078 339.644653320312 339.685943603516 340.240936279297 340.377319335938 -9999 340.331420898438 340.530792236328 341.146789550781 -9999 -9999 341.178955078125 341.151336669922 341.123107910156 341.344818115234 341.121643066406 -9999 -9999 -9999 -9999 -9999 -9999 -9999 -9999 -9999 -9999 -9999 -9999 -9999 -9999 -9999
338.879699707031 338.801635742188 338.792358398438 338.782562255859 338.772247314453 338.909881591797 338.738250732422 338.725860595703 338.712982177734 338.699523925781 338.685516357422 338.120391845703 337.8955078125 338.060028076172 338.670989990234 338.295989990234 338.651672363281 -9999 339.534637451172 339.515014648438 -9999 -9999 339.663330078125 339.701080322266 -9999 -9999 340.360961914062 340.564208984375 -9999 341.259460449219 341.232482910156 341.204925537109 341.176666259766 341.147796630859 341.118255615234 341.101959228516 -9999 -9999 -9999 -9999 -9999 -9999 -9999 -9999 -9999 -9999 -9999 -9999 -9999 -9999
337.586669921875 337.708831787109 337.361511230469 337.7763671875 337.405426025391 337.232757568359 337.222137451172 337.122741699219 337.046142578125 337.585632324219 337.237518310547 337.567169189453 337.760284423828 337.744842529297 337.728790283203 337.712188720703 337.884460449219 -9999 338.640075683594 338.62060546875 338.806579589844 -9999 338.771331787109 338.808074951172 338.787994384766 338.990234375 339.610626220703 339.723846435547 339.441223144531 339.846038818359 -9999 -9999 341.283355712891 341.254516601562 341.224975585938 341.194793701172 341.163970947266 -9999 -9999 -9999 -9999 -9999 -9999 -9999 -9999 -9999 -9999 -9999 -9999 -9999
337.561248779297 337.886322021484 337.803283691406 337.331115722656 336.993255615234 336.915374755859 336.892852783203 336.880767822266 336.8681640625 337.0224609375 336.352386474609 336.795257568359 337.053344726562 337.040679931641 337.589324951172 337.764404296875 337.747283935547 337.908477783203 337.952087402344 338.509002685547 -9999 -9999 -9999 338.589385986328 -9999 338.543853759766 338.747589111328 339.366638183594 339.445281982422 339.419036865234 339.881134033203 -9999 341.33642578125 340.704772949219 341.182037353516 341.247924804688 341.217071533203 -9999 -9999 -9999 -9999 -9999 -9999 -9999 -9999 -9999 -9999 -9999 -9999 -9999
337.149780273438 337.212005615234 337.206207275391 337.0537109375 336.435516357422 336.185485839844 336.1689453125 336.159820556641 336.150115966797 336.139862060547 335.957244873047 336.0537109375 336.105590820312 336.093017578125 336.264709472656 336.315704345703 336.871459960938 337.021087646484 337.578216552734 -9999 -9999 -9999 338.663787841797 338.641967773438 -9999 -9999 339.161651611328 -9999 339.498107910156 339.471893310547 339.445037841797 -9999 -9999 -9999 340.590270996094 340.602630615234 341.183502197266 341.238494873047 -9999 -9999 -9999 -9999 -9999 -9999 -9999 -9999 -9999 -9999 -9999 -9999
337.063232421875 336.518127441406 335.718170166016 335.464752197266 335.310607910156 335.23681640625 335.220458984375 335.21142578125 335.201843261719 335.747009277344 335.386962890625 335.728912353516 335.915557861328 335.900360107422 335.884582519531 -9999 336.043823242188 336.815673828125 -9999 -9999 337.232543945312 -9999 -9999 -9999 338.672027587891 338.649047851562 339.445037841797 339.601196289062 339.550750732422 339.524566650391 339.497741699219 -9999 -9999 -9999 -9999 340.353607177734 340.589935302734 340.597625732422 342.070373535156 -9999 -9999 -9999 -9999 -9999 -9999 -9999 -9999 -9999 -9999 -9999
337.11328125 336.424377441406 335.410614013672 335.087524414062 335.077911376953 335.067749023438 334.271820068359 334.262878417969 334.253387451172 334.413909912109 334.296020507812 334.959533691406 335.209625244141 335.762084960938 -9999 -9999 -9999 336.867553710938 -9999 336.829681396484 336.809844970703 337.003051757812 337.623199462891 337.967041015625 338.000091552734 337.979553222656 338.188903808594 339.405792236328 338.775054931641 338.866760253906 339.442840576172 339.522796630859 -9999 -9999 -9999 -9999 340.375366210938 340.343841552734 341.477172851562 342.221557617188 -9999 -9999 -9999 -9999 -9999 -9999 -9999 -9999 -9999 -9999
336.611480712891 335.680236816406 335.212615966797 335.137756347656 334.581176757812 334.338897705078 334.096496582031 334.084838867188 334.072631835938 334.059875488281 334.046539306641 334.210754394531 334.825988769531 -9999 -9999 335.222503662109 -9999 -9999 336.740081787109 336.301727294922 336.128234863281 336.110321044922 336.895172119141 337.072540283203 337.641723632812 337.753540039062 337.730010986328 338.175903320312 338.49560546875 338.629425048828 339.453155517578 339.575164794922 339.547058105469 339.518280029297 -9999 -9999 -9999 340.396270751953 340.640106201172 341.540222167969 -9999 -9999 -9999 -9999 -9999 -9999 -9999 -9999 -9999 -9999
-9999 -9999 -9999 -9999 334.243377685547 333.617492675781 333.373962402344 333.365234375 333.355926513672 333.346069335938 333.335601806641 333.889007568359 -9999 -9999 334.857879638672 335.022644042969 335.005950927734 335.807769775391 336.157958984375 335.988616943359 335.913452148438 335.893096923828 336.678039550781 336.850555419922 337.054260253906 337.676818847656 337.782012939453 337.757873535156 338.549987792969 338.681579589844 338.904510498047 338.922424316406 338.896484375 339.478302001953 339.804412841797 -9999 -9999 -9999 340.416259765625 341.283142089844 -9999 -9999 -9999 -9999 -9999 -9999 -9999 -9999 -9999 -9999
-9999 -9999 -9999 -9999 333.114990234375 332.504516601562 332.424774169922 332.974761962891 333.173767089844 333.161224365234 333.148071289062 -9999 -9999 -9999 334.101165771484 334.325927734375 -9999 334.646392822266 334.528625488281 335.680053710938 335.964965820312 335.944702148438 336.143981933594 336.767028808594 336.880096435547 337.087646484375 337.115783691406 337.691101074219 338.003540039062 338.627075195312 338.706787109375 338.679382324219 338.651275634766 338.883544921875 339.506378173828 339.830810546875 -9999 -9999 -9999 340.716949462891 341.367340087891 -9999 -9999 -9999 -9999 -9999 -9999 -9999 -9999 -9999
-9999 -9999 -9999 -9999 331.572662353516 331.490692138672 331.475402832031 331.635101318359 331.691436767578 332.812896728516 333.198577880859 -9999 333.170745849609 -9999 333.331787109375 333.377349853516 334.138214111328 334.129211425781 334.054870605469 334.458190917969 335.724212646484 335.99609375 335.975250244141 336.178405761719 336.802429199219 336.908905029297 336.885498046875 337.099639892578 337.702545166016 338.033721923828 338.657775878906 338.731201171875 338.703125 338.674377441406 338.910430908203 339.533508300781 -9999 -9999 -9999 -9999 341.360534667969 341.384033203125 341.363555908203 -9999 -9999 -9999 -9999 -9999 -9999 -9999
-9999 -9999 -9999 -9999 -9999 331.307189941406 330.596801757812 330.517395019531 330.508392333984 331.982208251953 332.488616943359 -9999 332.466430664062 333.027618408203 -9999 333.175415039062 333.936370849609 -9999 334.258544921875 334.087005615234 334.498626708984 335.767517089844 336.026519775391 336.005096435547 336.806549072266 336.960327148438 336.936950683594 336.912933349609 337.712097167969 337.232025146484 338.570495605469 338.782867431641 338.754791259766 338.72607421875 339.310150146484 339.631500244141 339.909027099609 -9999 -9999 -9999 -9999 341.435668945312 341.399780273438 341.378692626953 -9999 -9999 -9999 -9999 -9999 -9999
-9999 -9999 -9999 -9999 -9999 -9999 330.427947998047 330.335845947266 330.324127197266 331.233154296875 332.108734130859 332.285552978516 -9999 332.446899414062 333.069396972656 333.225952148438 333.409454345703 334.381530761719 334.210784912109 335.312164306641 335.58056640625 335.995513916016 -9999 -9999 336.138763427734 336.890045166016 336.988220214844 336.964263916016 337.161407470703 336.930267333984 338.585021972656 338.834320068359 338.806274414062 338.777557373047 339.015716552734 339.639739990234 339.687164306641 339.933441162109 340.556396484375 -9999 -9999 -9999 341.451202392578 341.41455078125 341.392822265625 -9999 -9999 -9999 -9999 -9999
-9999 -9999 -9999 -9999 -9999 -9999 -9999 -9999 -9999 -9999 -9999 331.896636962891 332.371551513672 -9999 -9999 332.908050537109 333.255004882812 334.125 334.257843017578 334.239135742188 334.657318115234 -9999 336.049072265625 -9999 -9999 -9999 336.329223632812 336.956329345703 337.016479492188 336.990539550781 336.963928222656 338.679046630859 338.295196533203 338.797149658203 338.850524902344 338.820404052734 339.686218261719 339.758056640625 339.725799560547 339.692810058594 -9999 -9999 -9999 341.516723632812 341.479278564453 341.441040039062 -9999 -9999 -9999 -9999
-9999 -9999 -9999 -9999 -9999 -9999 -9999 -9999 -9999 -9999 -9999 -9999 332.383850097656 332.398468017578 332.391998291016 -9999 -9999 334.124053955078 334.30810546875 334.289459228516 334.270172119141 335.068237304688 335.456268310547 -9999 -9999 -9999 -9999 -9999 337.067260742188 337.041351318359 337.014770507812 337.508483886719 337.911010742188 338.198150634766 338.823944091797 338.871337890625 339.739196777344 339.808959960938 339.776702880859 339.743682861328 339.970031738281 -9999 -9999 -9999 341.530029296875 341.491760253906 341.452728271484 -9999 -9999 -9999
