rcp8.5models/GFDL_CM3/sc1gr9.35
NCOLS 261 
NROWS 433 
XLLCORNER 336357.134 
YLLCORNER 654653.479 
CELLSIZE 1000 
NODATA_value -3.4e+38 
[rows 110 to 131 of 433, columns 98 to 146 of 261]
208.542175292969 208.511444091797 208.379653930664 207.882553100586 207.819519042969 207.748107910156 207.570190429688 206.928833007812 206.996459960938 206.787948608398 206.035003662109 205.550247192383 205.301879882812 204.520904541016 203.272659301758 202.586380004883 202.444564819336 201.572052001953 200.81330871582 199.861862182617 198.837005615234 198.078002929688 197.51806640625 195.857070922852 194.504501342773 193.287170410156 191.152328491211 190.081146240234 189.23616027832 187.575790405273 185.155059814453 183.924057006836 183.27165222168 181.814376831055 179.846740722656 177.561965942383 176.388824462891 174.191650390625 172.501235961914 171.377716064453 171.215454101562 170.3486328125 169.092514038086 168.292877197266 168.069671630859 166.231506347656 164.932144165039 163.855407714844 161.884750366211
209.581436157227 209.884140014648 209.73030090332 208.872482299805 208.713684082031 208.056060791016 207.915802001953 207.557662963867 207.883590698242 207.138488769531 206.66291809082 206.493255615234 206.08447265625 205.67643737793 204.255111694336 203.415084838867 202.703460693359 201.603912353516 201.386978149414 201.18766784668 200.290893554688 198.637222290039 198.102615356445 196.537872314453 195.726943969727 194.458053588867 191.96240234375 190.3876953125 189.429275512695 187.870452880859 185.548721313477 185.29997253418 184.283325195312 182.647247314453 180.358093261719 178.71923828125 177.034286499023 174.272689819336 173.318832397461 172.358047485352 171.238479614258 170.962951660156 170.553680419922 169.866073608398 168.782241821289 167.211990356445 165.831726074219 164.887802124023 162.276718139648
210.600952148438 211.102066040039 211.008361816406 209.861145019531 209.73828125 209.206848144531 208.598937988281 208.767654418945 208.231826782227 207.765289306641 207.651290893555 207.451324462891 206.805480957031 206.033432006836 204.733779907227 -3.4e+38 202.705963134766 202.115768432617 201.733047485352 201.680557250977 201.180801391602 199.856048583984 198.867614746094 198.103317260742 196.864761352539 195.368621826172 192.558303833008 190.699554443359 188.957702636719 188.00260925293 186.517379760742 186.015441894531 184.535140991211 182.689559936523 181.100479125977 179.98388671875 177.85383605957 174.690902709961 174.127197265625 173.266723632812 172.388153076172 171.349746704102 171.309982299805 170.548263549805 168.718597412109 167.85237121582 166.614837646484 165.49821472168 162.465316772461
211.843994140625 211.469451904297 211.432540893555 210.234375 210.075454711914 209.416610717773 209.338562011719 209.287490844727 208.256759643555 208.153961181641 207.935317993164 207.377029418945 207.721496582031 206.547317504883 205.246078491211 204.779251098633 203.335571289062 203.073959350586 202.378814697266 201.617919921875 201.322952270508 201.058853149414 199.823272705078 198.894409179688 197.710174560547 196.36930847168 193.721435546875 191.687484741211 189.804260253906 188.649185180664 187.570404052734 187.219467163086 185.589431762695 183.494232177734 182.619430541992 181.066177368164 179.095016479492 -3.4e+38 -3.4e+38 -3.4e+38 -3.4e+38 172.480163574219 171.697280883789 170.745697021484 169.583526611328 168.20280456543 166.906280517578 165.75715637207 163.317504882812
212.439834594727 212.086013793945 212.047546386719 210.846527099609 210.624908447266 209.702041625977 210.149536132812 209.894805908203 208.864974975586 208.761764526367 208.534057617188 207.907699584961 208.118881225586 207.087295532227 206.158081054688 205.524139404297 204.753173828125 203.520309448242 203.288589477539 202.165267944336 201.954528808594 202.052749633789 200.729934692383 199.528930664062 198.708038330078 197.368286132812 194.563522338867 192.746826171875 191.018569946289 189.739242553711 189.126083374023 189.202285766602 186.958602905273 184.463119506836 183.336074829102 181.490768432617 -3.4e+38 -3.4e+38 -3.4e+38 -3.4e+38 -3.4e+38 173.244659423828 172.47932434082 171.516250610352 170.875778198242 169.106903076172 167.413772583008 166.182205200195 164.47639465332
212.994750976562 213.018646240234 213.279327392578 212.873947143555 213.171569824219 213.199966430664 212.480392456055 211.862838745117 210.835784912109 210.793930053711 210.861282348633 210.02214050293 209.709503173828 208.541107177734 208.173461914062 207.457550048828 206.780609130859 206.559005737305 205.267669677734 204.220291137695 204.029403686523 203.010467529297 202.260360717773 201.821960449219 200.563507080078 198.834930419922 196.173553466797 194.842041015625 193.779281616211 192.190155029297 192.01203918457 191.076187133789 189.239044189453 187.783264160156 185.807647705078 184.558486938477 181.809219360352 179.571380615234 178.476577758789 177.188568115234 176.077575683594 174.7421875 173.914123535156 173.151763916016 171.897567749023 170.420944213867 168.96321105957 168.380172729492 165.916458129883
214.575485229492 213.948226928711 213.90754699707 213.893188476562 214.356979370117 214.222229003906 213.678634643555 212.845031738281 211.8193359375 211.817413330078 212.158645629883 211.566513061523 210.692886352539 209.631774902344 208.847305297852 208.362335205078 207.405715942383 207.545471191406 206.254913330078 205.258895874023 205.22477722168 203.910827636719 202.809494018555 202.360885620117 200.937271118164 199.373092651367 197.570999145508 195.912490844727 195.188735961914 192.82991027832 192.948867797852 191.684600830078 189.444259643555 187.986602783203 186.483810424805 185.297210693359 182.769165039062 180.848556518555 180.13102722168 179.069625854492 177.051651000977 175.520141601562 175.034027099609 174.208786010742 173.274719238281 171.54443359375 170.249633789062 169.237319946289 166.215591430664
216.009002685547 215.522842407227 214.891738891602 215.203414916992 215.340484619141 215.269393920898 215.01904296875 213.838928222656 212.836212158203 212.528518676758 212.624923706055 212.422500610352 211.674957275391 210.734939575195 209.832229614258 209.53630065918 209.244766235352 208.53044128418 207.240646362305 206.246994018555 206.21110534668 204.898071289062 -3.4e+38 203.031646728516 202.226821899414 200.999862670898 198.998077392578 197.523193359375 196.688598632812 194.339324951172 193.843719482422 192.217910766602 190.021896362305 188.792465209961 187.568862915039 186.424652099609 184.098571777344 181.927474975586 181.365951538086 180.150665283203 178.119491577148 176.540832519531 175.537948608398 174.865127563477 174.079818725586 172.573471069336 171.406631469727 170.47509765625 167.051864624023
216.458404541016 216.860961914062 215.93000793457 216.386657714844 216.322845458984 216.146636962891 215.334396362305 214.327026367188 213.839828491211 213.337554931641 213.117782592773 212.434661865234 212.357025146484 212.584655761719 210.815765380859 210.646545410156 210.795593261719 209.513946533203 208.331680297852 207.682250976562 207.195846557617 205.883728027344 204.695404052734 204.113830566406 203.646942138672 202.334075927734 200.08837890625 198.877777099609 197.78401184082 195.696426391602 194.841323852539 193.215759277344 191.130508422852 190.26350402832 189.043060302734 187.900497436523 185.614517211914 183.479217529297 182.819473266602 180.9521484375 179.225982666016 177.915710449219 176.750396728516 175.616439819336 175.065521240234 173.943374633789 172.529983520508 171.756805419922 168.19807434082
216.402099609375 217.254867553711 216.890777587891 217.368301391602 217.30403137207 217.060470581055 215.896133422852 215.053955078125 215.250823974609 214.881729125977 214.139984130859 213.549102783203 213.030090332031 213.461441040039 211.797943115234 211.505554199219 211.235931396484 210.495986938477 209.387176513672 208.968856811523 208.31022644043 207.396835327148 205.815628051758 205.737380981445 205.043823242188 203.255706787109 200.935775756836 199.212219238281 198.264846801758 196.604629516602 195.390762329102 193.556640625 191.626831054688 191.263778686523 189.953125 188.609008789062 186.665832519531 184.847076416016 184.219345092773 182.393142700195 180.602203369141 179.630432128906 178.67805480957 177.515518188477 176.216415405273 174.953369140625 173.431243896484 172.261138916016 169.359085083008
216.876083374023 217.19645690918 217.211059570312 218.245376586914 217.604873657227 217.467102050781 216.874267578125 216.074691772461 216.505493164062 216.221130371094 215.194458007812 214.889175415039 213.936019897461 214.002532958984 212.778732299805 -3.4e+38 211.855804443359 211.583206176758 210.89225769043 210.256546020508 209.382385253906 208.739852905273 207.004043579102 207.454162597656 205.802032470703 204.241744995117 201.82307434082 199.739837646484 198.895141601562 197.535720825195 196.066757202148 194.23454284668 192.614288330078 191.60823059082 190.23291015625 188.901809692383 187.828231811523 186.052185058594 185.31672668457 183.839447021484 182.137680053711 180.711013793945 179.912506103516 179.270080566406 177.502670288086 175.776382446289 174.253936767578 172.501617431641 170.81364440918
218.322402954102 217.761657714844 217.809173583984 218.583435058594 218.160995483398 218.08772277832 217.946670532227 217.549362182617 217.373565673828 216.640533447266 216.174560546875 216.035125732422 215.705657958984 214.980422973633 214.221145629883 213.505844116211 213.374526977539 212.634857177734 212.224792480469 211.443740844727 210.231216430664 209.192565917969 207.929092407227 208.114807128906 206.423217773438 205.085739135742 202.294799804688 200.728134155273 199.853607177734 198.387237548828 197.066452026367 195.846328735352 194.275650024414 192.343032836914 191.416259765625 190.599624633789 190.063430786133 187.593688964844 186.031784057617 184.937408447266 183.459091186523 181.7607421875 180.638687133789 180.205856323242 178.125030517578 176.322860717773 175.321517944336 173.743576049805 172.088806152344
219.704223632812 219.315643310547 219.115615844727 219.205017089844 219.03173828125 218.387634277344 218.370147705078 218.581649780273 218.304992675781 217.729156494141 217.062393188477 216.929153442383 216.647171020508 215.956985473633 215.032379150391 214.751449584961 214.154220581055 213.526992797852 213.332061767578 212.952331542969 211.119323730469 209.921081542969 209.246963500977 208.733444213867 207.264739990234 205.452270507812 202.889068603516 201.640121459961 200.922973632812 199.276138305664 198.061920166016 197.202301025391 195.719528198242 194.141143798828 193.697341918945 193.668106079102 192.597732543945 188.75895690918 186.823257446289 185.943908691406 184.557647705078 183.078598022461 181.682556152344 180.803298950195 178.781875610352 177.150405883789 -3.4e+38 -3.4e+38 173.029174804688
220.734832763672 220.732238769531 220.89714050293 220.075714111328 219.369567871094 218.938201904297 218.958892822266 219.28092956543 218.624496459961 218.44873046875 217.862899780273 217.227096557617 217.143798828125 216.489028930664 215.695159912109 215.849472045898 214.756134033203 214.444961547852 214.266372680664 213.758758544922 212.206359863281 211.407287597656 210.384475708008 209.052597045898 207.62744140625 206.102981567383 204.25944519043 202.425231933594 201.472930908203 200.261367797852 198.960006713867 197.894561767578 196.819747924805 195.667587280273 195.543518066406 195.810668945312 193.862182617188 189.789840698242 188.087677001953 186.658111572266 185.564102172852 184.347915649414 183.476455688477 182.013046264648 180.251953125 179.485275268555 178.564819335938 -3.4e+38 -3.4e+38
221.768112182617 222.091003417969 222.139083862305 221.008865356445 220.582397460938 220.297943115234 219.258911132812 219.62174987793 219.167816162109 218.948165893555 218.206848144531 217.94514465332 218.610702514648 217.638473510742 216.544494628906 216.391387939453 216.180404663086 215.288940429688 214.620758056641 214.482131958008 213.691802978516 212.543029785156 210.880157470703 210.091918945312 208.357025146484 207.518325805664 205.671585083008 203.811309814453 202.094757080078 201.24494934082 199.881149291992 198.669052124023 198.11701965332 198.009887695312 197.560943603516 196.296401977539 194.338180541992 190.876892089844 189.401214599609 187.702102661133 186.278945922852 185.481109619141 184.931869506836 183.15559387207 180.779067993164 180.105102539062 -3.4e+38 177.09716796875 -3.4e+38
222.094940185547 222.583068847656 222.471603393555 221.889724731445 221.249984741211 221.041976928711 220.392227172852 220.822219848633 220.722885131836 220.423690795898 219.39714050293 219.337142944336 219.40998840332 218.917572021484 217.994247436523 217.528198242188 217.4541015625 216.172241210938 215.343032836914 215.966873168945 214.826629638672 212.897476196289 211.58967590332 211.539474487305 209.829147338867 208.784133911133 206.606079101562 204.641510009766 203.224304199219 202.881393432617 201.366455078125 199.716705322266 199.531127929688 199.786987304688 198.659255981445 196.812469482422 195.090072631836 192.232772827148 190.97380065918 189.012100219727 187.607971191406 187.023986816406 185.93864440918 184.331558227539 182.037170410156 180.152954101562 179.585067749023 178.517868041992 175.493682861328
222.945251464844 223.471389770508 -3.4e+38 -3.4e+38 222.765914916992 222.686401367188 222.592147827148 222.462738037109 222.288665771484 221.705337524414 220.961990356445 220.701797485352 221.434341430664 220.741943359375 220.305145263672 219.748641967773 219.279861450195 218.202880859375 217.962692260742 217.584838867188 216.309951782227 214.588745117188 213.773056030273 212.88069152832 212.06364440918 210.728912353516 208.414779663086 207.508163452148 206.746032714844 206.173736572266 205.122955322266 204.86735534668 203.880630493164 202.407836914062 200.473587036133 198.978729248047 197.406677246094 194.792404174805 193.359619140625 191.938186645508 190.844451904297 189.586410522461 188.335525512695 186.294097900391 184.895797729492 183.582916259766 181.622894287109 180.560638427734 177.02311706543
224.102615356445 -3.4e+38 -3.4e+38 224.398284912109 224.322647094727 224.190933227539 223.829040527344 223.579391479492 223.476058959961 223.288177490234 222.760391235352 222.516464233398 222.69189453125 221.653289794922 221.378005981445 221.146545410156 220.169677734375 219.107955932617 218.971740722656 218.92024230957 218.311508178711 216.716384887695 215.550689697266 213.848770141602 213.032562255859 211.813278198242 209.762603759766 209.206924438477 208.109329223633 207.569808959961 206.52473449707 206.521179199219 204.386154174805 202.206893920898 200.981246948242 199.603942871094 198.295333862305 196.135787963867 194.660491943359 193.088134765625 192.068054199219 190.934967041016 189.071838378906 187.59294128418 185.91162109375 184.427154541016 183.140426635742 182.041763305664 178.124786376953
225.43994140625 -3.4e+38 225.865097045898 225.735168457031 225.724243164062 225.81559753418 225.013336181641 224.916900634766 224.694396972656 224.033081054688 223.883255004883 223.555252075195 223.112487792969 222.723648071289 222.198135375977 221.876708984375 221.132232666016 219.938735961914 219.400024414062 219.92219543457 219.741287231445 218.291122436523 216.357452392578 214.815185546875 214.113906860352 213.268737792969 211.016342163086 210.177032470703 209.081634521484 208.739303588867 207.838577270508 206.234970092773 204.394607543945 202.732467651367 201.668609619141 200.586273193359 199.207748413086 196.832214355469 195.739868164062 194.523315429688 193.729278564453 192.512176513672 190.719497680664 189.334671020508 187.555923461914 185.201751708984 184.368515014648 183.547744750977 179.47966003418
226.735107421875 -3.4e+38 226.831680297852 226.813140869141 227.291625976562 226.981079101562 225.977188110352 225.880294799805 225.578872680664 224.560089111328 224.319427490234 223.791732788086 224.279632568359 224.083999633789 222.938766479492 222.040115356445 221.673034667969 221.487747192383 220.889282226562 220.610748291016 220.703079223633 219.155822753906 216.960266113281 215.809875488281 215.267700195312 214.665740966797 211.895889282227 210.997619628906 210.554336547852 209.820709228516 209.127944946289 207.075592041016 205.504455566406 204.131225585938 202.825042724609 201.75846862793 200.671157836914 198.506774902344 197.086563110352 196.119033813477 195.09147644043 193.691925048828 192.251098632812 190.820343017578 189.034317016602 186.630096435547 185.611328125 184.682739257812 181.222702026367
227.90202331543 227.853073120117 227.797058105469 227.735549926758 227.93359375 227.385314941406 227.040969848633 227.417709350586 227.232406616211 226.638366699219 225.83659362793 225.236785888672 225.485641479492 224.72184753418 223.313385009766 222.811935424805 222.785614013672 222.910263061523 222.639099121094 222.093414306641 221.663208007812 220.228164672852 218.448791503906 217.203826904297 216.450759887695 216.241561889648 213.096343994141 212.866470336914 212.186080932617 211.753646850586 210.111541748047 208.708206176758 207.487411499023 205.95491027832 204.408386230469 203.918212890625 202.36262512207 200.278900146484 198.708129882812 197.520034790039 196.252365112305 195.345626831055 193.773147583008 191.755477905273 190.015747070312 188.60710144043 187.390319824219 186.059753417969 182.68278503418
230.035049438477 229.410659790039 229.351119995117 228.534851074219 228.490615844727 228.571487426758 228.543014526367 228.748046875 228.51921081543 227.777572631836 227.212661743164 226.703506469727 226.358428955078 225.321548461914 224.462997436523 224.282241821289 224.039794921875 223.867630004883 223.553466796875 223.002044677734 223.153533935547 221.680877685547 219.775405883789 218.594390869141 218.02424621582 217.56266784668 214.667465209961 214.577529907227 213.426635742188 213.297592163086 210.994506835938 209.69677734375 208.637496948242 207.444412231445 205.946762084961 205.169692993164 203.504806518555 201.349090576172 199.965179443359 198.735305786133 197.898101806641 196.821395874023 195.307464599609 193.298080444336 191.150405883789 189.76789855957 188.717407226562 187.368759155273 184.070617675781
