rcp8.5models/GFDL_CM3/sc1gr21.26
NCOLS 261 
NROWS 433 
XLLCORNER 336357.134 
YLLCORNER 654653.479 
CELLSIZE 1000 
NODATA_value -9999 
[rows 138 to 160 of 433, columns 150 to 199 of 261]
65.3655166625977 43.5121078491211 32.9969253540039 39.8365516662598 50.9297180175781 60.237850189209 61.843635559082 -9999 -9999 52.5059089660645 49.3151206970215 41.4156341552734 30.6965770721436 20.8605918884277 -9999 15.951434135437 16.1412563323975 16.0870113372803 15.6283359527588 13.6325178146362 9.20687866210938 4.6509861946106 2.81793212890625 2.64826917648315 2.60350012779236 3.77690744400024 8.13678741455078 15.0165777206421 19.2588596343994 24.092643737793 48.1705589294434 122.268371582031 286.805084228516 672.209106445312 1508.53100585938 2694.63623046875 3634.2490234375 5666.95703125 -9999 -9999 -9999 -9999 -9999 -9999 -9999 -9999 -9999 -9999 -9999 -9999
63.6194915771484 -9999 30.5355358123779 35.3039245605469 41.8033561706543 52.0425148010254 59.0771713256836 58.3998908996582 -9999 47.463077545166 36.9535484313965 25.0737705230713 17.8625774383545 14.5600738525391 -9999 -9999 16.1438694000244 16.139856338501 16.0650939941406 15.4793405532837 13.3246612548828 9.47473335266113 6.12833070755005 4.29246616363525 3.16934108734131 4.683678150177 11.2811231613159 19.7694473266602 25.7486763000488 49.3346328735352 137.727783203125 279.398742675781 402.315002441406 583.408569335938 1123.958984375 -9999 3014.07153320312 -9999 5166.35302734375 -9999 -9999 -9999 -9999 -9999 -9999 -9999 -9999 -9999 -9999 -9999
49.8482131958008 23.1725940704346 26.048734664917 33.2274780273438 35.4456062316895 41.5617408752441 50.1506576538086 53.3388328552246 46.6209983825684 34.1914100646973 22.2672557830811 15.8063049316406 14.0643291473389 13.5384664535522 13.4957904815674 15.0826234817505 16.1309986114502 16.0876426696777 15.8953247070312 15.3377208709717 14.14098072052 12.3074264526367 10.441349029541 8.83065891265869 6.81532192230225 5.57319831848145 13.6212568283081 22.4851093292236 34.8908348083496 85.9999465942383 212.608871459961 368.968139648438 450.684051513672 514.101135253906 759.994689941406 -9999 -9999 -9999 -9999 2976.72729492188 -9999 -9999 -9999 -9999 -9999 -9999 -9999 -9999 -9999 -9999
33.3205490112305 16.8499050140381 19.9052848815918 29.3564987182617 32.1777267456055 34.5926246643066 37.6725959777832 37.1119728088379 29.4696788787842 20.3110733032227 15.1198740005493 13.8244132995605 13.6938772201538 13.5174112319946 13.281044960022 14.7978944778442 15.8657531738281 15.4275035858154 14.5142850875854 13.7385845184326 13.1492595672607 12.6371955871582 12.305006980896 11.865008354187 10.5714464187622 8.23040580749512 15.5703992843628 24.7870998382568 48.1005706787109 122.120529174805 233.466278076172 352.19140625 435.28857421875 487.769134521484 624.81689453125 -9999 -9999 -9999 -9999 1606.8837890625 -9999 -9999 -9999 -9999 -9999 -9999 -9999 -9999 -9999 -9999
20.6957492828369 15.2340879440308 16.0749912261963 21.0000648498535 23.3425636291504 24.6258926391602 24.5942802429199 21.8166561126709 17.2476825714111 14.4820184707642 13.7680940628052 13.6938772201538 13.6938772201538 13.5171585083008 13.0339298248291 14.2241249084473 15.1160011291504 14.35511302948 -9999 12.7278966903687 12.630199432373 12.5723056793213 12.5600271224976 12.5095109939575 12.1702518463135 12.1146726608276 17.8103122711182 27.4572086334229 60.6114044189453 144.930786132812 229.35676574707 305.542358398438 393.136657714844 423.274017333984 444.459533691406 -9999 -9999 -9999 -9999 1049.25158691406 992.295715332031 -9999 -9999 -9999 -9999 -9999 -9999 -9999 -9999 -9999
15.7422771453857 14.9455480575562 14.9318389892578 15.0403490066528 15.0787649154663 15.1103181838989 14.8906412124634 14.2477569580078 13.7564258575439 13.6938781738281 13.6938772201538 13.6938772201538 13.6938772201538 13.5164003372192 12.7390470504761 13.2318601608276 13.6214046478271 13.2168807983398 12.654088973999 12.5639486312866 12.5627851486206 12.5627851486206 12.5626945495605 12.5777683258057 13.0916385650635 25.3832702636719 27.8800392150879 34.2454948425293 80.4940567016602 162.986740112305 -9999 -9999 353.439056396484 312.325988769531 295.827575683594 316.020782470703 -9999 -9999 -9999 987.996520996094 -9999 -9999 -9999 -9999 -9999 -9999 -9999 -9999 -9999 -9999
13.5666618347168 13.2058153152466 12.6483316421509 11.7770729064941 11.3403358459473 11.0151081085205 11.0732545852661 11.9129123687744 13.148624420166 13.6938772201538 13.6938772201538 13.6938772201538 13.6938772201538 13.516284942627 12.5862245559692 12.6556615829468 12.71409034729 12.6523571014404 12.5688028335571 12.5627851486206 12.5627861022949 12.5627851486206 12.5627851486206 12.8308668136597 16.2330265045166 49.0150527954102 46.2435455322266 43.8977394104004 94.2859725952148 171.300476074219 -9999 -9999 -9999 298.320983886719 353.692169189453 373.239105224609 -9999 -9999 -9999 -9999 -9999 -9999 -9999 -9999 -9999 -9999 -9999 -9999 -9999 -9999
11.3223085403442 11.0400829315186 10.6315994262695 10.2700424194336 10.1831388473511 10.1385974884033 10.4283571243286 11.5546178817749 13.047492980957 13.6938781738281 13.6938772201538 13.6938781738281 13.6938772201538 13.5162754058838 12.5628366470337 12.5632801055908 12.5641603469849 12.563835144043 12.5627851486206 12.5627861022949 12.5627861022949 12.5627861022949 12.569411277771 13.375563621521 21.5342540740967 70.8125839233398 64.0516967773438 48.615837097168 -9999 -9999 -9999 -9999 -9999 -9999 501.470825195312 497.263793945312 550.739013671875 -9999 -9999 -9999 -9999 -9999 -9999 -9999 -9999 -9999 -9999 -9999 -9999 -9999
10.2584438323975 10.1439189910889 10.0735769271851 10.027138710022 10.027138710022 10.0546922683716 10.3449878692627 11.3914880752563 12.9055547714233 13.6738843917847 13.6909818649292 13.6938781738281 13.6938772201538 13.5162658691406 12.5627851486206 12.5627851486206 12.5627851486206 12.5627851486206 12.5627841949463 12.5627851486206 12.5627851486206 12.5708141326904 12.9444856643677 16.9592037200928 34.0382881164551 84.4259948730469 -9999 -9999 -9999 -9999 -9999 -9999 -9999 -9999 3986.94653320312 582.094543457031 598.865600585938 -9999 -9999 -9999 -9999 -9999 -9999 -9999 -9999 -9999 -9999 -9999 -9999 -9999
10.1065998077393 10.027138710022 10.027138710022 10.027138710022 10.027138710022 10.0399036407471 10.1930437088013 10.8624505996704 12.1622896194458 13.2539319992065 13.6136150360107 13.6938772201538 13.6938772201538 13.5162572860718 12.5627841949463 12.5627851486206 12.5627851486206 12.5627851486206 12.5627851486206 12.5627841949463 12.5627851486206 12.823070526123 -9999 59.8868408203125 148.445617675781 129.342895507812 -9999 -9999 -9999 -9999 -9999 1454.98205566406 3996.9541015625 7414.025390625 6254.7109375 -9999 -9999 -9999 -9999 -9999 -9999 -9999 -9999 -9999 -9999 -9999 -9999 -9999 -9999 10.8605375289917
-9999 9.98288059234619 9.98289966583252 9.98293399810791 9.98294830322266 9.98531246185303 10.0235624313354 10.2551107406616 10.925573348999 11.9866781234741 13.0535316467285 13.6015424728394 13.6435031890869 13.6282835006714 13.053168296814 13.0831336975098 13.1314630508423 13.0627717971802 12.9883861541748 12.9884700775146 12.9973344802856 15.2588872909546 43.2081069946289 162.186874389648 349.372222900391 227.771392822266 -9999 -9999 -9999 -9999 593.683654785156 1410.50061035156 3398.35131835938 6367.78759765625 7722.38525390625 -9999 -9999 -9999 -9999 -9999 -9999 -9999 -9999 -9999 -9999 0.0701967179775238 0.0708154663443565 0.0903632417321205 1.52852988243103 9.60988807678223
10.05810546875 9.95389938354492 9.95390129089355 9.95390510559082 9.95390701293945 9.95402145385742 9.9575719833374 9.99756145477295 10.2266578674316 10.9427518844604 12.0854244232178 12.9373016357422 14.0080814361572 16.2872734069824 15.4566717147827 16.0810146331787 17.2667407989502 15.5798978805542 13.5710802078247 -9999 13.54163646698 20.7164878845215 77.1264038085938 244.495300292969 414.505187988281 238.687210083008 185.108169555664 -9999 -9999 -9999 768.081604003906 1357.0244140625 2394.62231445312 4444.6162109375 5572.576171875 -9999 -9999 -9999 -9999 -9999 -9999 -9999 -9999 -9999 -9999 18.9425868988037 0.878790497779846 0.320434808731079 0.932871758937836 6.05479049682617
11.1177005767822 9.98116111755371 9.95479774475098 9.95131587982178 9.95131683349609 9.95131587982178 9.95131587982178 9.95208644866943 10.0039510726929 10.4807224273682 12.1948747634888 16.3208484649658 27.9339160919189 49.7241973876953 56.4647407531738 56.8930320739746 60.1416664123535 53.8524017333984 40.0080604553223 27.5349102020264 -9999 124.012565612793 219.005645751953 257.369293212891 239.235610961914 181.401992797852 199.901107788086 171.55534362793 -9999 -9999 -9999 -9999 819.322387695312 1046.5322265625 -9999 -9999 -9999 -9999 -9999 -9999 -9999 -9999 -9999 -9999 -9999 -9999 164.153182983398 98.5534133911133 48.5760612487793 20.9018173217773
12.5158452987671 10.6181612014771 10.140419960022 9.96547698974609 9.95131587982178 9.95131778717041 9.95133018493652 9.9604377746582 10.2325830459595 12.6166162490845 21.5502109527588 37.256908416748 51.416446685791 62.0028457641602 66.4462966918945 66.5057525634766 66.975830078125 65.1969528198242 61.5552444458008 76.6004638671875 167.075149536133 323.065826416016 394.352142333984 328.697631835938 250.711151123047 208.88117980957 190.756393432617 141.815078735352 133.647567749023 209.537261962891 387.383941650391 555.923095703125 -9999 415.3798828125 -9999 -9999 -9999 -9999 -9999 -9999 -9999 -9999 -9999 -9999 -9999 430.741851806641 226.496658325195 180.434219360352 130.694000244141 68.5795364379883
14.5269021987915 13.256856918335 12.3641262054443 10.3060998916626 10.0427923202515 10.0499038696289 10.0633373260498 10.3298835754395 12.7949132919312 22.8172378540039 42.18603515625 60.1611633300781 67.2152633666992 68.2923049926758 67.7699661254883 67.7699661254883 67.7639312744141 68.5704803466797 82.9294281005859 167.936721801758 370.941680908203 541.752990722656 539.627075195312 454.777282714844 358.288604736328 224.353713989258 160.28498840332 115.693145751953 124.325973510742 194.455520629883 360.890197753906 518.631774902344 465.192596435547 277.239349365234 134.809951782227 -9999 -9999 -9999 -9999 -9999 -9999 -9999 -9999 -9999 -9999 547.443420410156 -9999 182.786239624023 173.73600769043 164.142501831055
15.6593761444092 15.2418041229248 14.7140531539917 12.236008644104 11.6876077651978 11.8187265396118 12.0869474411011 14.3354997634888 25.6004600524902 53.2586898803711 78.7373886108398 82.9209442138672 78.9091720581055 73.9551620483398 68.749382019043 68.4696426391602 68.5305023193359 77.4047393798828 147.762329101562 353.996429443359 585.127197265625 658.515808105469 620.641723632812 555.090698242188 486.288055419922 259.657775878906 129.344390869141 97.7688903808594 126.666275024414 209.471649169922 341.706787109375 429.679473876953 394.273590087891 233.63591003418 38.638355255127 5.74628067016602 9.60867500305176 103.626510620117 215.680267333984 513.079162597656 -9999 -9999 2101.6650390625 -9999 -9999 377.472229003906 -9999 166.513473510742 197.080429077148 237.321197509766
15.8525848388672 15.6857404708862 15.577109336853 14.5768442153931 14.2653961181641 14.3726568222046 15.1096363067627 21.6392402648926 44.9588890075684 81.8095703125 104.067733764648 105.287979125977 102.654266357422 98.4750137329102 87.4658050537109 82.4393539428711 82.1991958618164 -9999 304.695465087891 569.36279296875 655.712280273438 569.119750976562 493.342224121094 412.172180175781 367.960235595703 205.086761474609 99.6226959228516 95.7048110961914 127.494407653809 194.974029541016 259.026000976562 235.0556640625 175.901779174805 105.430320739746 3.99735951423645 4.76606559753418 14.0148525238037 -9999 199.759719848633 366.122344970703 722.442626953125 1101.86877441406 1272.58837890625 935.276672363281 383.205322265625 179.06364440918 -9999 162.708404541016 171.835189819336 175.658889770508
15.5935249328613 15.5596160888672 15.674485206604 15.5786437988281 15.5307970046997 -9999 18.0935859680176 31.3423347473145 62.5969047546387 91.6868133544922 100.32982635498 103.221954345703 106.565948486328 109.501335144043 108.157028198242 -9999 121.802177429199 234.199600219727 511.719604492188 713.258972167969 574.097900390625 343.969085693359 246.525604248047 201.006225585938 180.231094360352 117.276931762695 86.3533248901367 97.8650741577148 106.261589050293 109.805290222168 111.574691772461 78.6193466186523 41.0833854675293 26.2590446472168 6.15680885314941 3.90235781669617 11.851637840271 102.611602783203 151.352401733398 203.507263183594 302.383453369141 444.993408203125 568.151306152344 421.791534423828 177.650588989258 142.923568725586 172.347061157227 203.736877441406 155.399703979492 114.314788818359
11.1799259185791 12.8794765472412 14.9841165542603 15.6956605911255 15.7141675949097 17.0053100585938 29.6223049163818 70.2546310424805 114.879371643066 115.065223693848 96.2970199584961 94.2958755493164 96.1268539428711 99.1027450561523 104.33177947998 111.781616210938 -9999 324.913970947266 611.683227539062 732.446594238281 499.221588134766 214.078536987305 125.754608154297 117.728240966797 109.460952758789 85.2382049560547 86.6825180053711 101.19612121582 96.3708724975586 59.1508903503418 32.4839897155762 26.6613750457764 20.0692596435547 -9999 7.9199538230896 5.07056760787964 16.6968612670898 90.7169799804688 114.664810180664 129.824417114258 151.996307373047 207.375076293945 304.178344726562 298.209259033203 197.302215576172 182.389221191406 224.458099365234 277.472534179688 281.640960693359 146.949951171875
5.95687675476074 7.93254518508911 11.4225454330444 15.1466999053955 15.6799774169922 19.8715476989746 49.748104095459 130.038360595703 200.05322265625 188.025817871094 142.218002319336 106.984939575195 93.0936737060547 91.9240036010742 93.4611358642578 106.914581298828 186.496398925781 403.467163085938 623.67138671875 622.217407226562 399.672576904297 169.587905883789 107.901176452637 108.491264343262 107.87540435791 99.5180816650391 97.3008041381836 115.207153320312 109.440269470215 60.3879356384277 22.6133918762207 20.9565505981445 20.4239635467529 -9999 11.0330104827881 6.86500120162964 19.94069480896 101.123062133789 112.411865234375 112.251441955566 113.551536560059 126.750335693359 160.854965209961 185.946182250977 197.239059448242 233.041320800781 -9999 556.556213378906 723.633605957031 263.94287109375
3.83150219917297 4.54778337478638 6.34389638900757 10.3323030471802 14.8019952774048 36.8883857727051 106.12003326416 203.394470214844 255.250503540039 249.485443115234 216.675186157227 168.367126464844 124.43286895752 99.8405990600586 89.8850479125977 101.707412719727 162.447158813477 295.524139404297 392.604400634766 356.444519042969 238.971466064453 133.409164428711 109.342079162598 121.974838256836 135.332733154297 125.522369384766 119.147705078125 130.57160949707 120.378898620605 70.1723937988281 26.8862285614014 20.9854221343994 20.8038082122803 19.2113780975342 13.914587020874 7.92049121856689 17.3717136383057 103.79566192627 119.213226318359 117.138679504395 113.078750610352 108.210731506348 111.729331970215 143.072219848633 216.50700378418 282.815826416016 367.319854736328 644.937744140625 840.681945800781 347.097015380859
3.51118946075439 3.56798696517944 3.84540796279907 6.09594297409058 17.6924953460693 67.3271179199219 168.999221801758 252.194259643555 269.215484619141 268.858306884766 260.107055664062 237.746505737305 203.280563354492 160.25553894043 -9999 103.537094116211 139.669296264648 185.012069702148 203.126129150391 188.238296508789 150.498046875 122.038093566895 129.507278442383 166.022308349609 210.314788818359 139.382217407227 132.250885009766 136.756607055664 124.426483154297 78.1711349487305 32.4111633300781 20.9455070495605 20.3301029205322 17.4169464111328 11.2361059188843 5.95831966400146 11.2712659835815 75.256591796875 99.8079071044922 104.796104431152 97.357292175293 92.6215667724609 123.729278564453 239.517730712891 397.037353515625 421.503143310547 378.1572265625 485.874176025391 550.635864257812 337.187133789062
3.49937653541565 3.46762204170227 3.47102308273315 5.12446737289429 20.8411998748779 78.2428588867188 168.579956054688 230.067901611328 252.010650634766 264.862457275391 268.613372802734 -9999 -9999 233.938842773438 -9999 130.471557617188 144.885437011719 163.810073852539 161.362808227539 147.23274230957 139.442993164062 162.02685546875 206.090393066406 314.506225585938 451.895050048828 149.67578125 134.459533691406 136.934310913086 125.818557739258 85.1799774169922 38.2657089233398 20.8375682830811 19.340404510498 14.0952129364014 7.1601505279541 4.06076622009277 7.88686418533325 46.5091857910156 62.8502578735352 66.9073486328125 62.6366348266602 61.1386489868164 88.4104080200195 198.25617980957 409.066497802734 569.417663574219 522.130554199219 422.105712890625 347.334136962891 243.176605224609
