rcp8.5models/GFDL_CM3/sc1gr2.9
NCOLS 261 
NROWS 433 
XLLCORNER 336357.134 
YLLCORNER 654653.479 
CELLSIZE 1000 
NODATA_value -3.4e+38 
[rows 88 to 109 of 433, columns 49 to 97 of 261]
-3.4e+38 -3.4e+38 -3.4e+38 -3.4e+38 -3.4e+38 -3.4e+38 -3.4e+38 -3.4e+38 -3.4e+38 -3.4e+38 337.799987792969 -3.4e+38 337.795837402344 337.7841796875 337.774383544922 337.766448974609 337.760375976562 337.756103515625 337.727020263672 337.753540039062 337.070404052734 337.749084472656 337.765594482422 337.39208984375 337.401550292969 338.101715087891 338.11669921875 338.131256103516 338.149749755859 337.858428955078 337.875213623047 337.914001464844 -3.4e+38 338.608673095703 338.951202392578 338.972045898438 338.974456787109 338.501739501953 338.243438720703 338.126647949219 338.214599609375 338.227111816406 338.262451171875 338.824005126953 338.258514404297 338.880828857422 339.207885742188 339.233306884766 339.534240722656
-3.4e+38 -3.4e+38 -3.4e+38 -3.4e+38 -3.4e+38 -3.4e+38 -3.4e+38 -3.4e+38 -3.4e+38 -3.4e+38 337.737091064453 337.722900390625 337.710906982422 337.700836181641 337.692749023438 337.686492919922 337.68212890625 338.366394042969 337.689208984375 336.995574951172 336.691680908203 336.992309570312 338.379760742188 337.407165527344 337.408447265625 337.730804443359 337.743865966797 337.762573242188 338.457305908203 338.47314453125 337.840087890625 338.526092529297 338.849273681641 338.240234375 338.910491943359 338.933288574219 338.946472167969 338.721923828125 338.737396240234 338.804168701172 338.868377685547 338.192138671875 338.251037597656 339.117279052734 338.250152587891 339.177001953125 339.174133300781 339.171661376953 339.222839355469
-3.4e+38 -3.4e+38 -3.4e+38 -3.4e+38 -3.4e+38 -3.4e+38 -3.4e+38 -3.4e+38 -3.4e+38 -3.4e+38 337.647186279297 337.636016845703 337.625579833984 337.617156982422 338.298980712891 338.318603515625 338.3134765625 338.594665527344 337.612579345703 337.316436767578 337.314910888672 336.632263183594 338.618286132812 337.649078369141 337.656768798828 337.670379638672 337.68896484375 338.386505126953 338.718902587891 338.738494873047 337.784881591797 338.127685546875 338.142822265625 337.855712890625 338.20361328125 338.230316162109 338.312866210938 339.604858398438 339.605865478516 339.171600341797 339.160369873047 338.767608642578 338.21826171875 339.169586181641 339.41552734375 339.143157958984 339.190826416016 339.725982666016 339.221527099609
-3.4e+38 -3.4e+38 -3.4e+38 -3.4e+38 -3.4e+38 -3.4e+38 -3.4e+38 -3.4e+38 -3.4e+38 337.480682373047 337.470489501953 337.461212158203 338.145172119141 338.438751220703 338.445648193359 338.444458007812 337.754425048828 337.741180419922 338.149017333984 337.869262695312 338.470336914062 338.487518310547 338.500427246094 338.205047607422 337.53076171875 337.548126220703 337.573486328125 338.272308349609 338.607940673828 337.653747558594 337.67822265625 337.693969726562 337.420532226562 338.1025390625 338.436798095703 338.150634765625 338.211853027344 338.895446777344 339.407440185547 339.884521484375 339.096374511719 339.760650634766 340.084838867188 340.059478759766 339.679443359375 339.111236572266 338.796417236328 339.656829833984 339.070648193359
-3.4e+38 -3.4e+38 -3.4e+38 -3.4e+38 -3.4e+38 -3.4e+38 -3.4e+38 -3.4e+38 337.402954101562 337.390930175781 337.381042480469 338.066040039062 338.357513427734 338.364135742188 338.362579345703 338.363067626953 338.080841064453 338.075958251953 337.688140869141 338.386413574219 338.405212402344 338.418365478516 338.43310546875 337.760467529297 338.150848388672 337.492340087891 338.193817138672 338.528717041016 338.5517578125 337.634979248047 338.934692382812 337.654968261719 337.717803955078 338.686920166016 338.063720703125 337.772247314453 337.850799560547 338.845123291016 339.115570068359 339.848876953125 339.101135253906 340.053802490234 340.005676269531 339.414733886719 339.454620361328 339.708770751953 339.711090087891 340.007751464844 339.675048828125
-3.4e+38 -3.4e+38 -3.4e+38 -3.4e+38 -3.4e+38 336.373138427734 337.299438476562 337.322906494141 -3.4e+38 337.299621582031 337.291290283203 338.248352050781 338.281036376953 338.279083251953 338.279174804688 338.281311035156 337.592071533203 -3.4e+38 -3.4e+38 338.312469482422 338.333892822266 338.348815917969 338.365905761719 338.763610839844 -3.4e+38 338.112426757812 338.446472167969 338.470184326172 338.509094238281 337.584289550781 338.905059814453 338.923309326172 338.315948486328 338.653350830078 338.333526611328 337.73046875 337.812835693359 338.800231933594 338.922637939453 339.3349609375 339.621246337891 340.019622802734 339.992370605469 339.726593017578 340.342651367188 340.598419189453 340.007568359375 340.006256103516 340.005310058594
-3.4e+38 -3.4e+38 -3.4e+38 -3.4e+38 336.296539306641 -3.4e+38 337.243804931641 337.228363037109 337.217071533203 337.2080078125 337.896911621094 338.186981201172 338.194061279297 338.193725585938 338.195434570312 338.199188232422 337.223419189453 337.907165527344 337.936950683594 338.245361328125 338.262145996094 338.278869628906 338.300933837891 339.317108154297 -3.4e+38 -3.4e+38 339.056701660156 338.411193847656 338.460754394531 338.178192138672 338.557403564453 339.5205078125 338.613830566406 339.230316162109 338.005279541016 338.381591796875 339.059387207031 339.37939453125 338.834533691406 339.564117431641 339.949920654297 339.985565185547 339.936706542969 339.436248779297 340.386566162109 340.892456054688 340.030181884766 340.566162109375 340.094146728516
-3.4e+38 -3.4e+38 -3.4e+38 -3.4e+38 336.950073242188 337.163024902344 337.160186767578 337.133544921875 337.123687744141 337.8134765625 338.101135253906 338.107666015625 338.106781005859 338.108001708984 338.111358642578 338.116760253906 337.140197753906 338.120788574219 338.158172607422 338.173217773438 338.190002441406 338.901519775391 338.917114257812 338.561920166016 338.58740234375 338.614288330078 -3.4e+38 339.681427001953 338.405334472656 338.462127685547 339.132354736328 338.824249267578 338.580322265625 339.486114501953 337.656372070312 338.662109375 339.022277832031 339.078826904297 339.431457519531 339.801147460938 339.9580078125 339.998718261719 340.569122314453 340.272796630859 340.563934326172 340.326202392578 340.556457519531 340.335601806641 340.645690917969
-3.4e+38 337.1357421875 337.112396240234 337.114379882812 337.095611572266 337.077758789062 337.062286376953 337.038421630859 337.029998779297 337.988647460938 338.020080566406 338.018493652344 338.019134521484 338.02197265625 338.724548339844 338.7431640625 337.763366699219 338.051116943359 338.082183837891 338.79541015625 338.813018798828 339.134185791016 338.466857910156 338.183227539062 338.21826171875 338.90625 338.290130615234 339.597290039062 339.008148193359 339.047943115234 338.737579345703 338.455047607422 338.504852294922 338.831390380859 338.243103027344 338.601470947266 338.639617919922 338.706665039062 339.236541748047 339.764831542969 339.923828125 339.944122314453 340.319732666016 340.917419433594 340.927795410156 340.590881347656 340.9794921875 340.752227783203 341.482421875
336.057434082031 336.997467041016 337.738006591797 337.053985595703 336.994842529297 336.978271484375 336.964111328125 336.943023681641 337.636566162109 337.92236328125 337.929046630859 337.929016113281 338.630645751953 338.649291992188 338.937194824219 338.950866699219 337.972686767578 337.974395751953 338.703643798828 339.023406982422 338.353240966797 339.064361572266 338.772918701172 338.125091552734 338.833160400391 339.164520263672 338.888824462891 339.249298095703 339.920623779297 339.320129394531 339.011749267578 338.403747558594 338.470947265625 339.111541748047 338.551788330078 339.217590332031 339.255554199219 339.258728027344 338.812255859375 339.722045898438 339.895874023438 340.50439453125 340.557708740234 340.9111328125 340.960021972656 340.964477539062 341.089172363281 341.611907958984 341.840301513672
336.743560791016 337.644744873047 337.91796875 337.666839599609 336.929473876953 336.878540039062 336.865692138672 337.575927734375 337.832733154297 337.838592529297 337.837768554688 337.839233398438 338.822113037109 338.848937988281 338.857116699219 338.867431640625 338.588195800781 337.898193359375 338.929077148438 338.945648193359 337.978088378906 338.988372802734 338.327239990234 338.052734375 338.404479980469 339.106475830078 339.155120849609 339.858245849609 340.173431396484 339.2763671875 339.327545166016 339.687683105469 339.707183837891 339.414123535156 339.151245117188 339.512542724609 339.554138183594 339.574676513672 339.315277099609 339.680999755859 339.824768066406 340.836090087891 340.852264404297 340.893371582031 340.935028076172 341.024169921875 341.5703125 341.844024658203 341.844146728516
337.580413818359 337.835845947266 337.828094482422 337.103515625 336.804443359375 336.778564453125 336.767028808594 337.751403808594 337.747283935547 337.745513916016 337.746185302734 337.749145507812 338.736114501953 338.761962890625 338.771728515625 338.783660888672 338.0966796875 338.515502929688 338.155883789062 338.867980957031 337.900543212891 338.236694335938 338.629058837891 337.991912841797 338.701019287109 339.041687011719 339.083740234375 339.452301025391 340.111877441406 339.220550537109 339.273803710938 339.662841796875 340.324157714844 340.045532226562 340.085845947266 340.088317871094 339.510528564453 339.55419921875 339.642303466797 340.294219970703 340.369201660156 340.817504882812 340.819396972656 340.862457275391 340.955108642578 341.527374267578 341.872802734375 342.447998046875 342.382263183594
337.753814697266 337.744567871094 337.724212646484 336.752136230469 336.691101074219 337.384674072266 337.401092529297 337.655242919922 337.652496337891 337.652191162109 337.654327392578 337.658782958984 338.649780273438 337.971496582031 337.976226806641 337.992218017578 338.418670654297 338.030792236328 337.776214599609 338.100341796875 337.823791503906 337.865509033203 338.874633789062 338.603393554688 338.94287109375 338.976531982422 339.011596679688 339.102752685547 340.725250244141 339.835418701172 339.874206542969 339.929901123047 340.289520263672 340.297027587891 339.753540039062 340.400848388672 340.123443603516 340.166900634766 340.189361572266 339.958465576172 340.093444824219 340.731567382812 340.196929931641 340.882049560547 341.483215332031 341.780029296875 341.876892089844 342.780029296875 342.742797851562
337.661163330078 337.639343261719 337.6201171875 337.355163574219 337.327209472656 338.275970458984 337.593994140625 337.558807373047 337.557464599609 337.55859375 338.267730712891 338.285003662109 337.867828369141 338.294616699219 338.309417724609 338.322082519531 338.632141113281 338.352813720703 337.696868896484 337.722259521484 337.759002685547 338.474060058594 338.809265136719 338.841644287109 338.875549316406 -3.4e+38 339.627044677734 339.685516357422 340.338134765625 340.107543945312 340.150146484375 340.193695068359 340.202789306641 339.6015625 339.387786865234 340.374938964844 340.421600341797 340.468566894531 340.444580078125 339.57421875 339.800170898438 340.721710205078 340.481597900391 341.437805175781 341.75634765625 341.827667236328 341.846557617188 342.748199462891 342.815368652344
337.554626464844 337.533905029297 337.515838623047 338.210632324219 338.224853515625 338.468170166016 337.501098632812 337.462158203125 337.462188720703 338.172058105469 338.465087890625 338.477233886719 337.497833251953 337.785705566406 338.510406494141 338.530548095703 338.549499511719 338.569305419922 337.625854492188 338.340454101562 338.372009277344 338.705627441406 338.738098144531 338.789337158203 339.471954345703 338.876037597656 339.883636474609 339.923553466797 339.964691162109 340.050384521484 340.0947265625 340.139984130859 340.167541503906 339.933380126953 340.580963134766 340.328033447266 340.376312255859 340.424926757812 340.448364257812 340.177337646484 340.296783447266 341.330993652344 341.391723632812 341.747528076172 341.782501220703 341.841217041016 341.816345214844 342.716522216797 342.823944091797
338.088531494141 338.312255859375 338.306793212891 338.293670654297 338.283233642578 338.275451660156 338.270355224609 337.979187011719 338.266143798828 338.276336669922 338.993957519531 339.010131835938 338.311614990234 338.322814941406 338.340454101562 338.360412597656 338.384338378906 338.712493896484 339.162322998047 339.480010986328 338.826995849609 338.575134277344 339.263305664062 338.632385253906 338.671539306641 338.747589111328 339.754272460938 339.825561523438 340.486114501953 339.968475341797 340.650054931641 340.678131103516 340.397521972656 340.192901611328 341.138671875 340.5966796875 340.939727783203 341.015228271484 341.388031005859 341.360137939453 340.492034912109 340.703552246094 341.649078369141 341.691650390625 341.748962402344 342.371520996094 342.652557373047 342.692596435547 343.091827392578
338.234252929688 338.216766357422 338.202056884766 338.190063476562 338.180816650391 338.174255371094 338.883880615234 338.178771972656 338.175018310547 338.181823730469 339.182220458984 338.492401123047 338.928558349609 338.234436035156 338.255279541016 338.980041503906 339.001373291016 339.028350830078 339.382965087891 339.39501953125 338.449157714844 338.510955810547 339.513641357422 339.224334716797 338.602874755859 338.657318115234 339.039001464844 339.806976318359 341.407348632812 339.928802490234 340.889221191406 340.291961669922 340.027465820312 340.100952148438 340.493896484375 340.865325927734 341.237457275391 341.290863037109 341.344360351562 341.325653076172 340.557312011719 341.233856201172 341.610107421875 341.720794677734 342.344970703125 342.620269775391 342.62109375 342.622222900391 342.735137939453
338.127227783203 338.110809326172 338.097198486328 338.802856445312 338.813629150391 338.805603027344 339.064758300781 338.077484130859 -3.4e+38 -3.4e+38 339.096069335938 338.826721191406 339.126892089844 338.145416259766 338.171264648438 339.189270019531 339.214630126953 339.242248535156 339.317352294922 340.023498535156 339.754241943359 339.776641845703 339.450286865234 339.480560302734 339.190216064453 338.605072021484 339.314392089844 -3.4e+38 341.029754638672 -3.4e+38 340.849945068359 340.545593261719 339.973815917969 340.027221679688 340.104705810547 340.526153564453 341.190246582031 341.245208740234 -3.4e+38 341.331176757812 341.115020751953 341.519287109375 341.573181152344 341.724792480469 342.674011230469 342.678741455078 342.6953125 342.591064453125 342.705810546875
338.739929199219 338.747863769531 338.732543945312 338.975524902344 338.975555419922 338.971405029297 338.970062255859 -3.4e+38 -3.4e+38 -3.4e+38 339.004364013672 339.019165039062 339.036010742188 338.765441894531 338.787506103516 339.103363037109 339.130310058594 339.159545898438 338.566833496094 340.259887695312 340.278259277344 339.639343261719 339.377624511719 339.445129394531 340.133209228516 339.853088378906 339.588073730469 340.296325683594 340.656036376953 340.758850097656 340.811706542969 340.803161621094 339.919769287109 339.974822998047 340.077056884766 340.767913818359 341.092407226562 340.598724365234 341.255676269531 341.312194824219 341.368591308594 341.480499267578 341.598052978516 342.266082763672 -3.4e+38 342.697174072266 342.792633056641 343.192962646484 343.235504150391
338.90478515625 338.898620605469 338.887145996094 338.878509521484 338.872711181641 338.869781494141 -3.4e+38 -3.4e+38 -3.4e+38 -3.4e+38 338.910675048828 338.928039550781 339.656860351562 339.670654296875 338.990997314453 339.017242431641 339.045806884766 339.089599609375 338.853759765625 339.5087890625 340.211730957031 339.926727294922 339.329132080078 340.044158935547 340.395172119141 340.428466796875 340.183074951172 340.541870117188 340.593322753906 340.699493408203 340.713165283203 340.166717529297 340.482635498047 339.922058105469 340.004180908203 340.430694580078 341.015930175781 340.234161376953 341.210662841797 341.268676757812 341.326538085938 341.443328857422 341.552917480469 341.974548339844 342.565063476562 342.6630859375 342.800903320312 343.529144287109 343.531188964844
338.805755615234 338.792419433594 338.781982421875 338.774444580078 338.769805908203 338.76806640625 -3.4e+38 -3.4e+38 -3.4e+38 -3.4e+38 338.816833496094 338.838623046875 339.854888916016 339.874938964844 339.600006103516 338.941711425781 339.661926269531 339.698303222656 339.758666992188 339.804229736328 340.14453125 340.152099609375 339.243560791016 339.595367431641 339.674926757812 340.374633789062 340.425262451172 340.477233886719 340.493499755859 340.639892578125 340.717041015625 341.057891845703 340.741546630859 339.868957519531 339.976898193359 340.668975830078 341.018249511719 340.840698242188 341.81494140625 341.872589111328 341.870544433594 341.402679443359 341.534881591797 342.185302734375 342.566497802734 343.179931640625 343.3017578125 344.130493164062 344.056762695312
338.698486328125 338.686157226562 339.400085449219 339.406463623047 339.400268554688 339.39697265625 339.665802001953 -3.4e+38 339.692718505859 -3.4e+38 338.722869873047 338.743927001953 339.060333251953 339.788208007812 339.810699462891 339.552520751953 339.876220703125 339.910247802734 339.984924316406 340.025390625 340.091613769531 340.735595703125 339.158264160156 339.235382080078 339.949859619141 340.306396484375 340.358703613281 340.412322998047 340.486663818359 340.579986572266 340.703308105469 341.628082275391 340.731567382812 340.474426269531 340.559143066406 340.936553955078 340.997467041016 341.143829345703 342.062255859375 341.591979980469 342.207885742188 341.426818847656 341.551025390625 342.476409912109 342.5478515625 342.980590820312 343.678375244141 344.414611816406 344.026245117188
