rcp8.5models/GFDL_CM3/sc1gr7.1
NCOLS 261 
NROWS 433 
XLLCORNER 336357.134 
YLLCORNER 654653.479 
CELLSIZE 1000 
NODATA_value -9999 
[rows 44 to 65 of 433, columns 50 to 99 of 261]
-9999 -9999 -9999 -9999 -9999 -9999 -9999 -9999 -9999 -9999 -9999 -9999 -9999 -9999 -9999 -9999 -9999 -9999 -9999 -9999 159.595245361328 159.658753162414 -9999 -9999 159.501300084514 159.434594947041 159.645376324592 159.856238661729 160.096580943089 160.074611600104 160.134664091902 160.194733820786 -9999 -9999 160.208167157732 160.156598031795 160.303193846001 160.371229789544 160.415613350343 160.314170804514 160.176651048596 160.297749193046 160.118564663317 160.080933482831 159.920146646477 159.898512355691 159.787524171646 159.765118307448 159.631938504639 159.597695894519
-9999 -9999 -9999 -9999 -9999 -9999 -9999 -9999 -9999 -9999 -9999 -9999 -9999 -9999 -9999 -9999 -9999 -9999 159.323944066286 159.382848762337 159.606185043136 159.639878726015 159.592213393776 159.841628144033 159.931480526963 160.102842867857 159.999110637237 160.215025313528 160.205264720639 -9999 160.309667339372 -9999 160.486117189424 160.442495853679 160.542658547038 160.641491875977 160.609867708861 160.688006348051 160.735472073239 160.53299861428 160.666441323042 160.377047179301 160.590818451043 160.557404171645 160.524885075224 160.28604023911 160.172805452698 160.1291113423 160.027586220002 159.797332913534
-9999 -9999 -9999 -9999 -9999 -9999 -9999 -9999 -9999 -9999 -9999 -9999 -9999 -9999 -9999 -9999 -9999 159.395778281784 159.330062008444 159.517425541378 159.69788862909 159.748138444861 159.735709849748 159.847277271199 159.922403255295 160.147616006523 160.069715129225 160.178378598092 160.252617247702 160.374213197917 160.334369095493 160.399915227871 160.493984346259 160.519732419055 160.695623989079 160.738700547693 160.614638615701 160.728272607183 160.810103089142 160.634397861045 160.833436563554 160.57246098422 160.707954234438 160.754228614563 160.611050287508 160.609808158425 160.34666489154 160.257417776549 160.217564126136 159.91926570023
-9999 -9999 -9999 -9999 -9999 -9999 -9999 -9999 -9999 -9999 -9999 -9999 -9999 -9999 -9999 159.203611975236 159.161134280403 159.584681974961 159.668254293444 159.598360004937 159.789258754067 159.714955773307 159.730947551907 159.940781691872 160.214657815042 160.256953101105 160.248222324801 160.279697643909 160.365871754319 160.432303491306 160.531416117499 160.653460641142 160.686375553176 -9999 160.831503009162 160.942252408999 160.639164603351 160.748364620848 160.645133742148 160.652298858971 160.815310035575 160.524069868654 160.726211383991 160.758796993599 160.648374769657 160.639845752969 160.56462524744 160.370409955634 160.438516206428 160.348673655467
-9999 -9999 -9999 -9999 -9999 -9999 -9999 -9999 -9999 -9999 -9999 158.817577884258 158.766934424941 158.918399619408 158.986408236277 159.258356411095 159.206196403625 159.541604437746 159.704864413098 159.530136598832 159.779306573124 159.862886683365 159.973599259064 160.265565275553 160.446235842981 160.315831033382 160.196139360175 160.338927299614 160.63924854854 160.580623404379 -9999 160.807043582889 160.897762838161 160.833992079417 160.968664845242 -9999 160.673279114386 160.798603207064 160.813180976523 160.877990475703 160.906013016698 160.822560029545 160.832721685227 160.60472807617 160.603970643299 160.660070681609 160.585480654402 160.395340599511 160.321303147365 160.41714304008
-9999 -9999 -9999 -9999 -9999 -9999 -9999 -9999 -9999 -9999 158.866364422321 158.907835033669 158.978111838485 158.908029611654 159.047235007192 -9999 159.311453246773 159.474696012411 159.611321060252 159.610432961295 159.798716397864 159.802636889434 160.195644395392 160.351806349002 160.271006873226 160.502127449468 160.475068224411 160.474570954197 160.76414086511 160.737763790647 160.81757840635 160.900768059657 -9999 160.748108320162 -9999 -9999 160.961736150313 161.064534639859 161.036472577592 -9999 161.014167132131 160.834685273123 160.79902425643 160.734986850953 160.568768945124 160.66705208995 160.705492904268 160.463837107864 160.393633184762 160.570958248602
-9999 -9999 -9999 -9999 -9999 -9999 -9999 -9999 -9999 -9999 158.927050199765 159.021584100935 -9999 159.135855483401 159.266991059903 159.489430521093 159.504814680556 159.4193714613 159.636057009862 159.783373885572 159.844535780706 159.926318639128 160.25426425656 160.192542680719 160.451752217444 160.588478845939 160.826125776719 160.700369064808 160.782222378761 160.779248047672 160.688207992436 -9999 160.878769567428 160.922868950554 -9999 160.954644305505 161.009584252393 161.122440956925 161.151220193443 161.291999638682 161.068831764317 161.077468451533 160.834352598606 160.929754327587 160.831951760038 160.65705034033 160.822289204122 160.330453373261 160.367445006866 160.596105890634
-9999 -9999 -9999 -9999 -9999 -9999 -9999 -9999 -9999 -9999 159.022448612929 159.124131144338 159.207167910804 -9999 159.427056732282 159.490796623003 159.511062573396 159.62574292052 159.92536243018 159.894999083249 159.957369077511 160.004386938292 160.191068871782 160.123179084969 160.402570467526 160.713065028679 161.085878557332 160.849802347164 160.806016704587 160.936276077215 160.839779234391 161.00317610593 161.098538637163 160.974424626094 161.108443719388 161.173487733171 161.250557568239 161.133674191877 161.281860502134 161.385792744091 161.139099761971 161.269538424959 160.879126230056 160.901716025661 160.829717643162 -9999 160.711727364049 160.398234523113 160.509392878477 160.565226553805
-9999 -9999 -9999 -9999 -9999 -9999 -9999 -9999 -9999 -9999 158.987963604165 159.133482769206 159.336753787546 159.42247798762 159.614201924675 159.585413286432 159.657406480033 159.762789509753 159.917568763368 160.000866768472 160.109990176484 160.088855195137 160.374235486019 160.345830222387 160.499925253432 160.625633386052 160.865732222166 160.852948114243 161.163024216731 161.151585400341 160.881450076447 160.993249094943 161.114851741049 161.061939628212 161.365017467056 161.382311034785 161.574737923815 161.299300942214 161.507708096337 161.333470055322 161.247448077306 161.259769586834 -9999 -9999 161.06977665834 160.939614095115 160.857562471085 160.555477015084 160.662525761052 160.828903574584
-9999 -9999 -9999 -9999 -9999 -9999 -9999 -9999 -9999 -9999 -9999 159.212776940917 159.409026274435 159.538124879596 159.440351842831 159.59574424599 159.744571810299 159.866303029981 160.078196663654 160.058016291388 160.074709688127 160.170793155899 160.360314665 160.347547598471 160.559944171181 160.820295610334 161.018609565994 161.22463036456 161.062580676976 161.160177707371 161.035836459626 161.161451580739 161.187979553392 161.200380525157 161.384612344466 161.542107745085 161.495080554136 161.236564785521 161.401789921589 161.364807808812 161.30171777106 161.298286479273 161.344193917618 161.301599619984 -9999 160.91218146537 160.837233168046 160.571083028783 160.72771879693 160.988843803525
-9999 -9999 -9999 -9999 -9999 -9999 -9999 -9999 -9999 -9999 -9999 159.400992497415 -9999 159.797570267209 159.695054249219 159.865155180648 159.834792950067 159.91399806077 160.210799178642 160.159127680694 160.146688946322 160.340220321115 160.464503125861 160.460067200548 160.626208739092 160.951119667615 161.09350548435 161.266498637645 161.117618925876 -9999 161.241410353083 161.330859112721 161.502571875979 161.231351054875 161.29946024716 161.378755349489 161.414403210878 161.33945801523 161.546044879414 161.348053249165 161.283160096009 161.200365778405 -9999 161.313989669552 161.074167679556 161.084931667463 160.885906288343 160.646609627007 160.903121752529 161.014676407963
-9999 -9999 -9999 -9999 -9999 -9999 -9999 -9999 -9999 -9999 -9999 159.449007280556 159.468812463769 159.74591690846 159.887065979339 159.928269633375 160.130132121946 160.224306162071 160.308294755535 160.333896489246 160.186374867437 160.449487550911 -9999 160.742601474866 160.817054856677 160.97661035398 161.090531801704 161.274717492357 161.309119968236 161.412820270402 161.293320302771 161.429013870675 161.556470574013 161.345041068595 161.368970154005 161.512408120252 161.659446419741 161.330675559142 161.64863760304 161.454978087812 161.237132951682 161.282238856046 161.409506108699 161.182318104655 161.097609785664 -9999 161.170089562876 161.207335924581 161.216012002051 -9999
-9999 -9999 -9999 -9999 -9999 -9999 -9999 -9999 -9999 -9999 -9999 -9999 -9999 -9999 159.742415111069 160.045468387855 160.192243816916 -9999 160.511044254598 160.636873793112 160.632903303545 160.692148667005 160.76265346908 160.878962862842 160.964842530251 161.127996095218 161.373090124226 161.377738529792 161.521010045116 161.67163205612 -9999 161.669665267618 161.488657250399 161.653554883126 161.55943985373 161.630607018266 161.694212568595 161.736637436719 161.811399382671 161.886826106763 161.421991289826 161.646702009277 161.298515502882 161.646853774219 161.619214821345 161.436556716056 161.497827002354 161.421398440057 161.369375847994 161.359732074937
-9999 -9999 -9999 -9999 -9999 -9999 -9999 -9999 -9999 -9999 -9999 -9999 -9999 -9999 -9999 -9999 159.99421164303 160.19519287993 -9999 160.671684409798 160.915202714683 160.730735023975 160.801396307885 160.755389486174 160.949030823528 161.113808614801 161.399060064275 161.416091780578 161.728484957749 161.567958512589 161.553562573495 161.678084624156 161.651103394643 161.845692986735 161.557209927365 161.749612739182 161.947451287182 161.677369400922 161.738367237781 161.882245884715 161.508203125787 161.631043000211 161.408458335088 161.850314934601 161.687459826111 161.683931127609 161.465780332026 161.47724002269 161.534478081793 161.362420608355
-9999 -9999 -9999 -9999 -9999 -9999 -9999 -9999 -9999 -9999 -9999 -9999 -9999 -9999 -9999 -9999 -9999 160.430856392864 160.49235708627 160.547225022147 160.813200574148 160.668642157264 160.83141740634 160.818549171281 160.851805506335 161.137755702179 161.399234930555 161.408500221707 161.528780076802 161.336925342235 161.434299274741 161.468926586508 161.625297971612 161.615345242639 161.555187234042 161.404374843341 161.752369696541 161.688376349133 161.660494602385 162.054239034019 161.836857241322 161.946448949952 161.624533526916 161.871036084642 161.780961183315 161.753722851255 161.592328070713 161.656932037084 161.673704369123 161.551499534683
-9999 -9999 -9999 -9999 -9999 -9999 -9999 -9999 -9999 -9999 -9999 -9999 -9999 -9999 -9999 -9999 -9999 160.350117781626 160.495862531422 160.675760111734 160.856358758567 160.702935499176 160.930806767616 160.772498587653 -9999 161.193133260009 161.248499632943 161.313331182105 161.346689219953 -9999 161.520718196289 161.46680411204 161.442178263629 161.204974916584 161.365338254418 161.444795427508 161.718622601735 161.626263701084 161.557471296214 -9999 -9999 -9999 161.846955526986 161.856331087052 161.796202581738 161.785381307085 161.593774140519 161.711295356653 161.79672939306 161.387925662829
-9999 -9999 -9999 -9999 -9999 -9999 -9999 -9999 -9999 -9999 -9999 -9999 -9999 -9999 -9999 -9999 -9999 -9999 160.687839761554 160.62174891549 160.777580436043 160.719407679059 161.01471538514 161.049051382486 160.988901940086 161.234074692929 161.096517114112 161.30274222219 161.466056299403 161.453734467698 161.308654847369 161.390098125126 161.490761593489 161.370899912962 161.30188839155 161.43993023022 161.598325647611 161.62013717974 161.674377536299 -9999 -9999 162.090367029629 161.960957183462 162.035580744689 161.940374564755 161.79164164328 161.626891744154 161.557023391471 161.689049544233 161.424166060612
-9999 -9999 -9999 -9999 -9999 -9999 -9999 -9999 -9999 -9999 -9999 -9999 -9999 -9999 -9999 -9999 -9999 160.625115850441 160.503970835047 160.671439503703 160.831756333842 160.959684117819 161.027611275845 -9999 161.013752991089 161.165662282019 161.195348179959 161.49509181724 161.473741038721 161.42675957442 161.223418653429 161.440805788724 161.602313958829 161.609545765971 161.475277613826 161.551284783338 161.817345379433 161.452912517451 161.754641106783 -9999 -9999 161.987343764995 162.066866008152 162.090407733959 162.062080277513 162.056959634624 161.608572749626 161.629173322783 161.599328239627 161.591522460637
-9999 -9999 -9999 -9999 -9999 -9999 -9999 -9999 -9999 -9999 -9999 -9999 -9999 -9999 -9999 -9999 -9999 160.515660996142 160.467655770058 160.769894070623 160.904109440007 160.881261699351 -9999 161.081247150288 161.114584646576 161.038638803877 161.182179651082 161.506765214894 161.700687556563 161.690310795711 161.488610215875 161.493978457361 161.602819241812 161.663727317486 161.675480406316 161.696268847398 162.031954465577 161.48221445191 161.67761014222 -9999 162.225435274387 162.023461144741 162.242214461534 162.210980679219 162.159007783218 162.051974111027 161.978774227622 161.844361332494 161.780498422629 161.814433609264
-9999 -9999 -9999 -9999 -9999 -9999 -9999 -9999 -9999 -9999 -9999 -9999 -9999 -9999 -9999 -9999 -9999 160.445505937946 160.568255423048 160.863527117957 160.980656026179 161.080463429245 -9999 -9999 161.128341321437 160.966547958058 161.237423616896 161.39101305235 161.4839346824 161.437765769851 161.566032867325 161.747804250231 161.69921592122 161.732317484284 162.030353245256 161.945328552255 161.906364660649 161.862101534408 161.909747982052 162.095881865079 162.331601667756 162.242483445858 162.218680676253 162.302593181115 162.219844529395 162.026011416907 162.143095018152 161.978186789543 161.969018422775 162.099452782321
-9999 -9999 -9999 -9999 -9999 -9999 -9999 -9999 -9999 -9999 -9999 -9999 -9999 -9999 -9999 -9999 -9999 -9999 160.351171304361 160.679479772314 160.710346905993 160.828951640518 160.800071163915 161.129163913081 160.998149260398 160.972421324832 161.160491198535 161.036942061952 161.409726519513 161.20740800615 161.401143627127 161.580280531687 161.906587658088 162.052169564698 162.173711796038 162.156999720585 -9999 162.162207722236 162.046653200948 162.272108745636 162.483206583494 162.354081749467 162.174236211211 162.417979765311 162.255570433781 162.278353026402 162.190331721878 162.099460350969 162.191082379992 162.333134073473
-9999 -9999 -9999 -9999 -9999 -9999 -9999 -9999 -9999 -9999 -9999 -9999 -9999 -9999 -9999 -9999 -9999 160.212054701737 160.382830817842 160.677573497751 160.691552745151 160.551454314937 160.791986572214 160.927305203716 160.973844397751 161.013873322973 161.028459559764 160.86442589574 161.38043764337 161.55705056802 161.257661521993 161.341976555709 161.634317376357 162.053546778653 162.060168207166 -9999 -9999 162.224832626914 162.049339364715 162.16709289401 162.359961093999 162.181950193495 162.258846489502 162.555862803315 162.272541296082 162.327465285533 162.137125684942 162.026090671856 162.05590222757 162.177953552183
