rcp8.5models/GFDL_CM3/sc1gr7.24
NCOLS 261 
NROWS 433 
XLLCORNER 336357.134 
YLLCORNER 654653.479 
CELLSIZE 1000 
NODATA_value -3.4e+38 
[rows 198 to 219 of 433, columns 98 to 146 of 261]
160.388793945312 160.125137329102 159.925491333008 158.894592285156 158.572341918945 158.31494140625 158.066452026367 157.61994934082 157.316497802734 156.963317871094 156.641525268555 156.251052856445 155.906158447266 155.573089599609 155.202102661133 154.936126708984 154.632431030273 154.505493164062 154.357971191406 154.118057250977 153.922149658203 153.736236572266 153.517181396484 153.371307373047 153.066329956055 152.986251831055 152.643173217773 152.464691162109 152.207748413086 152.02751159668 151.857208251953 151.609100341797 151.400955200195 151.111236572266 150.975082397461 150.697265625 150.501358032227 150.276611328125 150.057968139648 149.745178222656 149.574951171875 149.642883300781 149.676055908203 149.665649414062 149.192321777344 149.093811035156 149.776382446289 149.181335449219 149.902099609375
160.470306396484 160.209426879883 159.991363525391 159.011611938477 158.679458618164 158.282791137695 158.052658081055 157.588180541992 157.334243774414 156.983871459961 156.639984130859 156.340377807617 156.087707519531 155.759063720703 155.264801025391 155.163146972656 154.737594604492 154.571105957031 154.388946533203 154.133850097656 154.027252197266 153.838912963867 153.69548034668 153.453765869141 153.187835693359 153.053405761719 152.679214477539 152.519027709961 152.271362304688 152.09245300293 151.948806762695 151.722396850586 151.501922607422 151.151733398438 150.886627197266 150.604400634766 150.531829833984 150.238494873047 149.908493041992 149.694046020508 149.447860717773 149.538757324219 149.60188293457 149.670791625977 149.460220336914 149.373641967773 149.794876098633 149.306671142578 149.860000610352
160.497192382812 160.194000244141 159.943832397461 -3.4e+38 158.850158691406 158.441467285156 158.00505065918 157.513687133789 157.283813476562 157.032653808594 156.814224243164 156.504089355469 156.203277587891 155.922515869141 155.421936035156 -3.4e+38 154.882202148438 -3.4e+38 154.565811157227 154.406768798828 154.128921508789 153.825241088867 153.717025756836 153.527923583984 153.369445800781 153.202590942383 152.837753295898 152.554885864258 152.298812866211 152.120590209961 151.947219848633 151.80078125 151.545959472656 151.234085083008 150.938369750977 150.631927490234 150.56315612793 150.136489868164 149.846206665039 149.639282226562 149.342864990234 149.375289916992 149.668533325195 149.638290405273 149.556243896484 149.529647827148 149.758285522461 149.58935546875 149.776397705078
160.545364379883 160.183547973633 159.956878662109 159.380462646484 158.888244628906 158.539031982422 158.047088623047 157.672286987305 157.366989135742 157.142349243164 156.871780395508 156.546600341797 156.295013427734 156.045272827148 155.459457397461 -3.4e+38 -3.4e+38 -3.4e+38 -3.4e+38 154.572540283203 154.181488037109 153.998062133789 153.795974731445 153.671798706055 153.491149902344 153.287719726562 152.854034423828 152.670227050781 152.25505065918 152.123443603516 151.965560913086 151.728515625 151.449645996094 151.198318481445 151.031356811523 150.723220825195 150.521606445312 149.999359130859 149.770584106445 149.569702148438 149.345306396484 149.226379394531 149.385314941406 149.44873046875 149.403091430664 149.406753540039 149.509902954102 149.519668579102 149.571090698242
160.701324462891 160.303314208984 160.105880737305 159.441360473633 158.952133178711 158.605072021484 158.195861816406 157.817810058594 157.48942565918 157.225677490234 156.894989013672 156.598571777344 156.509048461914 156.142562866211 -3.4e+38 -3.4e+38 -3.4e+38 -3.4e+38 154.767440795898 -3.4e+38 154.388275146484 154.196746826172 154.000457763672 153.714080810547 153.517028808594 153.26123046875 152.853820800781 152.693374633789 152.364944458008 152.164672851562 -3.4e+38 151.711624145508 151.460083007812 151.157836914062 150.917282104492 150.733383178711 150.477066040039 149.997940063477 149.694564819336 149.464462280273 149.293807983398 149.078552246094 148.991363525391 149.208343505859 149.276428222656 149.330307006836 149.115432739258 148.862701416016 149.070388793945
160.84977722168 160.407333374023 160.076553344727 159.519500732422 159.077880859375 158.654632568359 158.279281616211 157.931762695312 157.519180297852 157.291122436523 157.089782714844 156.897323608398 156.705474853516 156.245040893555 155.708908081055 -3.4e+38 155.360015869141 -3.4e+38 -3.4e+38 154.633499145508 154.54557800293 154.307052612305 154.057708740234 153.839385986328 153.663040161133 153.266906738281 152.89469909668 152.656753540039 152.452743530273 152.196914672852 152.012344360352 151.73014831543 151.543746948242 151.186187744141 150.849548339844 150.692962646484 150.429626464844 149.896759033203 149.645919799805 149.36653137207 149.095138549805 148.835174560547 148.762237548828 148.851989746094 148.948089599609 149.011947631836 148.631332397461 148.075668334961 148.669036865234
161.123794555664 160.632125854492 160.280624389648 159.547027587891 159.316223144531 158.840194702148 158.421478271484 158.037261962891 157.658630371094 157.441864013672 157.121322631836 156.901779174805 156.646621704102 156.354721069336 155.82453918457 -3.4e+38 155.445495605469 155.246688842773 155.042663574219 154.741607666016 154.517318725586 154.359603881836 154.100646972656 153.936599731445 153.751129150391 153.455078125 152.99528503418 152.791458129883 152.502044677734 152.171295166016 151.99641418457 151.7041015625 151.561645507812 151.247085571289 150.799575805664 150.510955810547 150.349411010742 149.840240478516 149.610412597656 149.244903564453 148.924819946289 148.648391723633 148.588317871094 148.550674438477 148.498504638672 148.500793457031 148.2265625 147.614959716797 148.337982177734
161.368911743164 160.877746582031 160.451873779297 159.521850585938 159.257034301758 158.936614990234 158.544296264648 158.108505249023 157.881454467773 157.601745605469 157.256683349609 157.016860961914 156.740859985352 156.465118408203 -3.4e+38 -3.4e+38 155.606887817383 155.325057983398 155.125961303711 154.9169921875 154.726104736328 154.462295532227 154.30940246582 154.069366455078 153.840744018555 153.642486572266 153.09391784668 152.835205078125 152.645477294922 152.220245361328 151.957580566406 151.684692382812 151.514892578125 151.209136962891 150.808013916016 150.54508972168 150.332733154297 149.812881469727 149.57698059082 149.14582824707 148.748580932617 148.520965576172 148.295700073242 148.138076782227 148.013244628906 148.176940917969 147.907531738281 147.473220825195 147.893997192383
161.404159545898 160.889129638672 160.506057739258 159.679718017578 159.316772460938 159.095672607422 158.670150756836 158.344039916992 158.059814453125 157.600051879883 157.461837768555 157.163772583008 156.900421142578 156.514343261719 -3.4e+38 -3.4e+38 -3.4e+38 155.425399780273 155.171615600586 155.083908081055 154.877868652344 154.6435546875 154.377426147461 154.198486328125 153.984939575195 153.73095703125 153.061080932617 152.819885253906 152.737289428711 152.382019042969 152.05061340332 151.725631713867 151.520462036133 151.247055053711 150.940841674805 150.617279052734 150.258575439453 149.607803344727 149.360412597656 149.053329467773 148.57763671875 148.399963378906 148.091995239258 147.717330932617 147.561279296875 147.752395629883 147.418899536133 147.147506713867 147.050003051758
161.479568481445 161.119857788086 160.705657958984 159.926574707031 159.560836791992 159.14924621582 158.777221679688 158.54524230957 158.121871948242 157.745590209961 157.515914916992 157.214141845703 156.974578857422 156.640350341797 156.205001831055 -3.4e+38 -3.4e+38 155.564422607422 155.262359619141 155.170593261719 154.987442016602 154.683792114258 154.26692199707 154.183044433594 154.069061279297 153.836273193359 153.120498657227 152.819946289062 152.73469543457 152.525268554688 152.144668579102 151.886352539062 151.571212768555 151.334564208984 150.920059204102 150.557479858398 150.15364074707 149.431838989258 149.187576293945 148.973007202148 148.526672363281 148.267074584961 147.940292358398 147.472015380859 147.292068481445 147.38249206543 146.941925048828 146.469512939453 146.147521972656
161.628646850586 161.323440551758 160.95719909668 160.160766601562 159.78630065918 159.389465332031 159.127044677734 158.781921386719 158.447845458984 158.074676513672 157.616333007812 157.495422363281 157.299331665039 156.971267700195 156.574340820312 156.256622314453 155.985488891602 155.764419555664 155.593536376953 155.372924804688 155.0625 154.783966064453 154.56787109375 154.303253173828 154.041534423828 153.909652709961 153.367294311523 153.195205688477 152.861907958984 152.546173095703 152.208084106445 151.971298217773 151.688140869141 151.338165283203 150.952026367188 150.553466796875 150.061981201172 149.359024047852 148.969131469727 148.620025634766 148.151840209961 147.783126831055 147.493453979492 147.185211181641 146.747314453125 146.373748779297 146.141647338867 145.901916503906 145.495040893555
161.758712768555 161.400299072266 160.997528076172 160.233413696289 159.917404174805 159.435562133789 -3.4e+38 158.934921264648 158.600723266602 158.187271118164 157.804153442383 157.661224365234 157.369918823242 157.117126464844 156.695068359375 156.416458129883 156.188247680664 155.93571472168 155.705871582031 155.47785949707 155.184295654297 154.904891967773 154.645568847656 154.385498046875 154.201461791992 153.957824707031 153.473648071289 153.237152099609 152.968215942383 152.591110229492 152.105743408203 151.883514404297 151.648544311523 151.317489624023 150.830978393555 150.43391418457 150.046859741211 149.238189697266 148.7802734375 148.528289794922 148.093231201172 147.706115722656 147.316818237305 146.854339599609 146.489715576172 146.231552124023 145.943832397461 145.514495849609 145.009780883789
161.950378417969 161.536544799805 161.070159912109 160.415618896484 160.07145690918 159.575012207031 159.236053466797 158.971618652344 158.654541015625 158.359222412109 158.033325195312 157.80305480957 157.605895996094 157.230941772461 156.760299682617 156.582672119141 156.343414306641 156.00080871582 155.756591796875 155.513031005859 155.268417358398 155.069564819336 154.813247680664 154.427185058594 154.251113891602 153.970733642578 153.424301147461 153.236175537109 152.981689453125 152.566818237305 152.123321533203 151.909408569336 151.534088134766 151.183151245117 150.762985229492 150.320770263672 149.912750244141 149.083129882812 148.672454833984 148.385604858398 147.999282836914 147.579544067383 147.070373535156 146.448684692383 146.098342895508 145.829620361328 145.462646484375 144.882781982422 144.387298583984
161.943008422852 161.585205078125 161.158538818359 160.575958251953 160.086517333984 159.642227172852 159.258270263672 159.074203491211 158.892684936523 158.494537353516 157.819320678711 157.507690429688 157.783813476562 157.430801391602 156.967864990234 156.669921875 156.456039428711 156.18278503418 155.885116577148 155.562469482422 155.420547485352 155.056838989258 154.893630981445 154.57292175293 154.360382080078 154.059860229492 153.54557800293 153.307189941406 152.842529296875 152.582305908203 -3.4e+38 151.873016357422 151.364105224609 151.038421630859 150.64453125 150.340316772461 149.934097290039 149.034759521484 148.643081665039 148.263671875 147.769287109375 147.245697021484 146.745819091797 146.265213012695 146.003479003906 145.583984375 144.881393432617 144.312118530273 143.627136230469
161.982345581055 161.707855224609 161.32080078125 160.664657592773 -3.4e+38 159.813095092773 159.443374633789 159.133407592773 158.928863525391 158.60319519043 158.002944946289 157.772384643555 157.944259643555 157.589126586914 157.081176757812 156.889739990234 156.581619262695 156.311477661133 156.092132568359 155.839202880859 -3.4e+38 155.236236572266 154.981384277344 154.600479125977 154.390396118164 154.217636108398 153.665893554688 153.397613525391 152.911834716797 152.606185913086 152.313049316406 151.847595214844 151.346405029297 151.0859375 150.715194702148 150.29736328125 149.878799438477 148.992614746094 148.642700195312 148.178070068359 147.614151000977 146.916854858398 146.463668823242 146.220947265625 146.010452270508 145.438873291016 144.391372680664 143.840560913086 142.991394042969
162.172607421875 161.776062011719 161.411956787109 160.715667724609 160.233444213867 159.917205810547 159.5234375 159.182678222656 159.019882202148 158.808227539062 158.310073852539 158.099273681641 158.03239440918 157.679977416992 157.231796264648 157.057922363281 156.66162109375 156.444030761719 156.169052124023 155.989074707031 155.654846191406 155.38606262207 155.162338256836 154.740158081055 154.428588867188 154.141082763672 153.629531860352 153.268844604492 153.006317138672 152.619247436523 152.172576904297 151.795211791992 151.321197509766 150.974594116211 150.717529296875 150.296920776367 149.704116821289 148.824005126953 148.446365356445 147.992279052734 147.561447143555 146.826766967773 146.342666625977 146.230087280273 145.936050415039 145.314376831055 144.049392700195 143.340606689453 142.366577148438
162.212707519531 161.786270141602 161.326370239258 160.73518371582 160.413558959961 160.039947509766 159.597274780273 159.361038208008 159.271438598633 159.020843505859 158.534408569336 158.248626708984 158.124557495117 157.781097412109 157.413604736328 157.120040893555 156.874862670898 156.527038574219 156.269760131836 156.058975219727 155.745468139648 155.371719360352 155.214782714844 154.919570922852 154.576766967773 154.146484375 153.577560424805 153.264450073242 152.994323730469 152.615982055664 152.188095092773 151.723495483398 151.258972167969 150.922058105469 150.615921020508 150.27555847168 149.798553466797 148.713165283203 148.260101318359 147.771667480469 147.304336547852 146.790740966797 146.228118896484 146.042449951172 145.989639282227 145.168228149414 143.529266357422 142.90544128418 141.66552734375
162.175430297852 161.68196105957 -3.4e+38 160.865386962891 160.494201660156 159.994598388672 159.698593139648 159.552703857422 159.366836547852 159.069519042969 158.688034057617 158.411758422852 158.227600097656 157.965148925781 157.565551757812 157.286254882812 157.037719726562 156.756195068359 156.54328918457 156.186950683594 155.859588623047 155.502914428711 155.277359008789 154.931030273438 154.596328735352 154.242767333984 153.513809204102 153.257553100586 152.846267700195 152.557373046875 152.204925537109 151.653503417969 151.243041992188 150.89924621582 150.508239746094 149.976715087891 149.678253173828 148.59814453125 148.155288696289 147.729614257812 147.099197387695 146.583908081055 146.125 145.937728881836 145.934722900391 144.750198364258 143.065444946289 142.515731811523 141.136016845703
162.100845336914 161.653381347656 161.562103271484 160.862808227539 160.523162841797 160.047988891602 159.772094726562 159.620727539062 159.37760925293 159.12825012207 158.803985595703 158.540054321289 158.275268554688 158.092330932617 157.637649536133 157.274230957031 157.080261230469 156.918106079102 156.684616088867 156.314514160156 155.920623779297 155.591949462891 155.281295776367 154.918334960938 154.57536315918 154.252410888672 153.462905883789 153.133071899414 152.805511474609 152.460403442383 152.065673828125 151.623611450195 -3.4e+38 -3.4e+38 150.383834838867 149.863815307617 149.562683105469 148.639862060547 148.040191650391 147.63525390625 147.143569946289 146.480972290039 146.135925292969 145.981857299805 145.780319213867 144.652145385742 142.986190795898 142.147033691406 140.54768371582
162.304290771484 161.866775512695 161.624526977539 161.066513061523 160.755889892578 160.354736328125 160.059677124023 159.774047851562 159.574203491211 159.396606445312 159.117309570312 158.7978515625 158.531845092773 158.214645385742 157.683624267578 157.34326171875 157.202789306641 156.885192871094 156.69091796875 156.440979003906 156.051452636719 155.715957641602 155.368850708008 154.948135375977 154.625 154.358505249023 153.569717407227 153.185531616211 152.948532104492 152.533020019531 152.073181152344 151.735275268555 -3.4e+38 150.70329284668 150.319122314453 149.994812011719 149.748626708984 148.713760375977 148.010604858398 147.525894165039 147.146926879883 146.60710144043 146.164321899414 145.951263427734 145.724502563477 144.583129882812 142.618225097656 141.767242431641 139.757278442383
162.334182739258 162.040802001953 161.633636474609 161.259994506836 160.887756347656 160.477569580078 160.196197509766 160.031448364258 159.756423950195 159.460922241211 159.23193359375 158.989944458008 158.653167724609 158.448608398438 157.802810668945 157.534240722656 157.271606445312 157.077819824219 156.831192016602 156.58073425293 156.385726928711 155.953353881836 155.504150390625 155.117706298828 154.707794189453 154.452819824219 153.74462890625 153.307876586914 153.026947021484 152.639251708984 152.158050537109 151.768585205078 -3.4e+38 150.807266235352 150.354705810547 149.78303527832 149.303787231445 148.511016845703 147.931304931641 147.54069519043 147.255020141602 146.886154174805 146.210739135742 145.911834716797 145.858825683594 144.538726806641 142.264022827148 141.517868041992 139.028244018555
162.243865966797 162.024597167969 161.723037719727 161.281127929688 160.94563293457 160.609313964844 160.324600219727 160.153167724609 159.793212890625 159.541854858398 159.294967651367 158.974365234375 158.773208618164 158.626235961914 157.935516357422 157.663681030273 157.344375610352 157.221527099609 156.941207885742 156.694961547852 156.552261352539 156.074401855469 155.632034301758 -3.4e+38 154.820343017578 154.577926635742 153.900436401367 153.417434692383 153.090728759766 152.717391967773 152.230316162109 151.806655883789 151.201782226562 150.738464355469 150.360717773438 149.743515014648 149.222579956055 148.381286621094 147.892959594727 147.615371704102 147.396087646484 147.094863891602 146.365570068359 145.987854003906 145.520812988281 143.725891113281 142.335906982422 141.542602539062 138.434600830078
