rcp8.5models/GFDL_CM3/sc1gr21.11
NCOLS 261 
NROWS 433 
XLLCORNER 336357.134 
YLLCORNER 654653.479 
CELLSIZE 1000 
NODATA_value -9999 
[rows 396 to 417 of 433, columns 150 to 199 of 261]
317.020568847656 363.751586914062 367.89306640625 486.027191162109 486.469970703125 408.298431396484 344.840728759766 300.028717041016 268.485229492188 256.27392578125 251.068130493164 242.595901489258 223.439025878906 156.652374267578 92.6435165405273 104.140556335449 112.119598388672 115.996910095215 118.350601196289 118.731536865234 110.421546936035 82.7692031860352 45.4720878601074 28.9669895172119 -9999 -9999 38.297492980957 58.5420837402344 -9999 -9999 110.692596435547 157.351486206055 236.799423217773 257.593902587891 190.431015014648 150.569793701172 163.92073059082 180.976333618164 184.690887451172 198.941802978516 272.58447265625 538.410217285156 -9999 766.890075683594 685.741027832031 693.927978515625 577.328002929688 283.068603515625 168.105804443359 161.033889770508
211.163925170898 269.582672119141 357.279602050781 760.533508300781 765.137451171875 617.09033203125 422.598571777344 296.226593017578 251.925064086914 213.179122924805 173.911346435547 133.721206665039 106.345695495605 84.2462844848633 72.8205261230469 86.036750793457 105.98754119873 119.152290344238 120.326232910156 120.213691711426 115.159103393555 95.5597381591797 62.5404968261719 43.2148857116699 46.8645973205566 -9999 -9999 71.7129669189453 -9999 -9999 125.601631164551 210.116714477539 315.217895507812 315.998657226562 234.09716796875 188.721954345703 188.014511108398 192.081527709961 155.210540771484 134.292633056641 184.98664855957 392.919281005859 -9999 -9999 473.772857666016 374.091156005859 331.711517333984 315.350891113281 294.228973388672 238.297302246094
196.210708618164 204.545471191406 231.438018798828 450.679443359375 512.044982910156 465.802124023438 354.73583984375 212.965637207031 109.639297485352 75.3648147583008 67.8333129882812 66.6985549926758 66.2930908203125 66.529541015625 68.75830078125 74.5713577270508 91.1823577880859 111.863327026367 119.110649108887 113.561042785645 101.079071044922 86.6684341430664 75.3746490478516 64.2290344238281 59.7157745361328 60.3210754394531 60.6671676635742 61.5162811279297 69.2053070068359 99.4016418457031 167.924072265625 261.093109130859 338.070404052734 338.443054199219 291.556549072266 284.080841064453 211.456253051758 168.951919555664 129.477905273438 135.251083374023 212.914810180664 -9999 340.107025146484 430.545501708984 -9999 505.550048828125 414.559234619141 332.228057861328 248.777801513672 144.172454833984
233.710693359375 240.106231689453 250.78434753418 383.292816162109 469.799530029297 474.898559570312 408.703308105469 275.630706787109 120.675567626953 66.6455001831055 66.2683410644531 66.2666091918945 66.5675430297852 69.0372772216797 80.5068130493164 77.4917526245117 82.5956344604492 103.178466796875 109.160797119141 88.0547561645508 63.3212776184082 50.3363456726074 49.3380241394043 51.6844902038574 56.4445152282715 62.0570373535156 64.5863189697266 68.3209075927734 79.2637252807617 113.68766784668 177.677581787109 242.609359741211 294.964324951172 315.267761230469 281.918762207031 260.549224853516 214.052017211914 132.901519775391 101.08910369873 100.343971252441 128.341354370117 -9999 197.500991821289 292.160461425781 441.919799804688 617.710998535156 610.179016113281 440.697692871094 368.617248535156 170.453109741211
255.526504516602 249.064758300781 240.17805480957 348.553802490234 494.952301025391 563.483154296875 499.145141601562 360.4091796875 166.359619140625 66.2666091918945 66.2666091918945 -9999 -9999 83.4825286865234 123.379051208496 99.4452972412109 86.7723999023438 107.818916320801 106.027587890625 69.5319290161133 39.6425285339355 35.312557220459 36.1410026550293 40.3086585998535 49.9698219299316 70.5431137084961 74.8520431518555 77.2501525878906 87.8451690673828 124.655685424805 183.946731567383 229.073822021484 257.744079589844 263.561126708984 208.631561279297 159.920776367188 161.772445678711 96.3129425048828 69.1250152587891 51.6959838867188 50.7064819335938 54.8755683898926 78.0799026489258 148.950576782227 311.839385986328 582.163940429688 700.170715332031 589.915710449219 500.676361083984 257.227416992188
290.637878417969 296.929016113281 267.462829589844 331.219879150391 470.654052734375 533.568786621094 448.785949707031 304.139190673828 140.596618652344 71.5542221069336 82.4996719360352 -9999 -9999 -9999 167.852233886719 128.619766235352 119.958877563477 162.903411865234 176.912170410156 109.757095336914 38.2183647155762 34.4632682800293 34.6271095275879 36.3288955688477 44.1883163452148 76.8985824584961 80.2083206176758 80.4391403198242 90.6883239746094 131.61784362793 196.726013183594 237.464431762695 244.510131835938 225.552551269531 156.433059692383 93.4045181274414 97.1664886474609 84.3283767700195 56.638111114502 30.8969955444336 29.6137447357178 29.4479198455811 34.5442237854004 69.9469146728516 197.069778442383 429.252960205078 623.756408691406 682.845397949219 582.496887207031 437.742797851562
344.270111083984 401.905395507812 377.129333496094 355.456634521484 446.136260986328 481.679016113281 398.824829101562 272.896942138672 168.104141235352 125.414253234863 -9999 -9999 -9999 292.444000244141 216.302825927734 200.770889282227 202.514251708984 237.263488769531 252.636123657227 162.94255065918 57.3814125061035 34.4583892822266 34.4766426086426 35.073860168457 39.7172203063965 72.80712890625 80.6154098510742 80.6272048950195 91.2632827758789 133.212203979492 193.83757019043 211.566207885742 187.590408325195 163.921463012695 123.392837524414 85.7838745117188 79.056884765625 87.9102554321289 54.1991157531738 28.5920562744141 -9999 28.3346214294434 29.911283493042 52.9628295898438 161.84521484375 355.506164550781 513.797119140625 705.099426269531 -9999 -9999
384.062072753906 454.63720703125 440.237060546875 374.714416503906 440.462249755859 446.407379150391 368.690124511719 281.737701416016 242.950134277344 260.626403808594 351.358001708984 456.513305664062 468.541717529297 417.819366455078 330.821960449219 349.728149414062 345.159332275391 325.253875732422 292.938598632812 211.872573852539 96.514518737793 35.8059043884277 34.4825325012207 34.8910102844238 37.8001480102539 67.5894775390625 80.7544097900391 81.0583190917969 95.1886978149414 143.233306884766 192.631149291992 177.490493774414 138.312438964844 125.233604431152 113.013137817383 91.3905715942383 103.574378967285 88.6490097045898 50.7466239929199 28.5272426605225 -9999 -9999 -9999 38.4594612121582 -9999 -9999 -9999 -9999 -9999 -9999
468.058502197266 514.236206054688 461.627593994141 360.467163085938 390.594696044922 372.881530761719 314.450744628906 269.221343994141 272.263427734375 331.443603515625 460.784484863281 580.648010253906 569.269775390625 501.962951660156 444.653900146484 454.128692626953 432.002349853516 367.711639404297 320.027587890625 277.768035888672 167.967956542969 58.3407020568848 39.4668960571289 51.5115356445312 69.8820724487305 96.1228790283203 93.7518463134766 82.0896453857422 97.7692184448242 150.840179443359 200.986770629883 188.571853637695 162.243942260742 -9999 -9999 -9999 117.477722167969 -9999 51.3119010925293 -9999 -9999 -9999 -9999 -9999 -9999 -9999 -9999 -9999 -9999 -9999
532.590637207031 577.930541992188 560.028869628906 446.876007080078 356.403015136719 309.977569580078 263.173980712891 249.176849365234 303.170471191406 411.613800048828 516.443359375 543.378295898438 496.252410888672 492.809112548828 572.418640136719 515.519226074219 446.550903320312 370.463287353516 389.7724609375 447.681701660156 367.53076171875 164.713943481445 98.8298110961914 182.193450927734 255.080139160156 157.930938720703 127.225914001465 91.922737121582 100.377937316895 153.626968383789 207.792007446289 210.762954711914 208.031921386719 -9999 -9999 -9999 118.231018066406 97.020881652832 68.3079986572266 -9999 -9999 -9999 -9999 -9999 -9999 -9999 -9999 -9999 -9999 -9999
519.08349609375 597.880493164062 658.856201171875 540.487609863281 336.659027099609 267.725708007812 237.671920776367 261.357696533203 371.141540527344 528.180847167969 597.323608398438 501.927337646484 390.921966552734 472.752838134766 771.572509765625 566.476867675781 431.223266601562 364.945739746094 410.175323486328 497.298858642578 437.926025390625 277.181274414062 295.090148925781 392.197448730469 406.778991699219 200.026733398438 168.172378540039 130.440628051758 124.853569030762 169.042572021484 213.761764526367 219.153549194336 216.886749267578 -9999 -9999 -9999 -9999 -9999 -9999 -9999 -9999 -9999 -9999 -9999 -9999 -9999 -9999 -9999 -9999 -9999
443.026733398438 539.330749511719 588.801330566406 407.999420166016 286.314666748047 254.004959106445 233.125854492188 257.507659912109 378.732879638672 546.608642578125 579.679748535156 422.132720947266 316.049652099609 427.433227539062 712.430847167969 569.205627441406 437.387176513672 351.329132080078 351.613677978516 370.266387939453 345.970184326172 336.571533203125 419.511810302734 485.075012207031 465.513641357422 275.703063964844 209.576065063477 186.162521362305 190.754013061523 216.571533203125 236.327301025391 -9999 218.775527954102 -9999 -9999 -9999 -9999 -9999 -9999 -9999 -9999 -9999 -9999 -9999 -9999 -9999 -9999 -9999 -9999 -9999
347.6875 415.289123535156 414.56396484375 282.705627441406 263.656402587891 256.2900390625 228.900421142578 219.929412841797 277.043792724609 372.072479248047 397.639923095703 315.056884765625 292.121002197266 408.813354492188 690.826477050781 702.637573242188 564.514892578125 367.062683105469 317.769195556641 316.849365234375 350.007965087891 418.390167236328 476.672698974609 494.786743164062 488.613830566406 390.352142333984 296.451751708984 246.567916870117 260.564666748047 272.844055175781 270.632049560547 238.103698730469 -9999 -9999 -9999 -9999 -9999 -9999 -9999 -9999 -9999 -9999 -9999 -9999 -9999 -9999 -9999 -9999 -9999 -9999
313.357666015625 366.847625732422 342.033233642578 271.352355957031 279.309814453125 275.096099853516 249.628952026367 238.566833496094 264.897186279297 306.93701171875 349.331573486328 350.057525634766 379.802032470703 489.398742675781 829.819458007812 825.134704589844 573.247375488281 350.406860351562 341.039245605469 391.790191650391 466.271820068359 508.746429443359 513.242553710938 498.863128662109 520.749572753906 660.331420898438 606.714782714844 432.719757080078 290.395568847656 -9999 -9999 -9999 -9999 -9999 -9999 -9999 -9999 -9999 -9999 -9999 -9999 -9999 -9999 -9999 -9999 -9999 -9999 -9999 -9999 -9999
441.418487548828 516.776611328125 404.429046630859 334.053070068359 372.884094238281 356.568878173828 318.231262207031 300.564208984375 314.493713378906 374.119018554688 568.5966796875 881.957885742188 976.689392089844 781.581298828125 873.538635253906 1037.60852050781 845.975280761719 503.631530761719 474.865020751953 646.468994140625 732.192260742188 729.457824707031 632.851013183594 558.946899414062 916.172729492188 3058.10864257812 3053.52856445312 -9999 -9999 -9999 -9999 -9999 -9999 -9999 -9999 -9999 -9999 -9999 -9999 -9999 -9999 -9999 -9999 -9999 -9999 -9999 -9999 -9999 -9999 -9999
479.611022949219 605.167663574219 504.503448486328 311.918151855469 394.220733642578 408.000244140625 329.595581054688 292.445129394531 367.760467529297 480.979187011719 573.221801757812 681.473022460938 695.403503417969 565.404724121094 832.870544433594 1098.91552734375 923.268249511719 584.331237792969 638.51904296875 876.408203125 848.746948242188 754.698852539062 680.477233886719 568.419921875 -9999 -9999 -9999 -9999 -9999 -9999 -9999 -9999 -9999 -9999 -9999 -9999 -9999 -9999 -9999 -9999 -9999 -9999 -9999 -9999 -9999 -9999 -9999 -9999 -9999 -9999
617.60595703125 722.605712890625 625.6884765625 332.0986328125 413.349639892578 433.549194335938 326.833251953125 243.195541381836 326.111389160156 445.730010986328 477.348175048828 490.014007568359 466.658813476562 382.874328613281 696.259887695312 -9999 935.430358886719 599.139282226562 697.464599609375 -9999 -9999 -9999 -9999 -9999 -9999 -9999 -9999 -9999 -9999 -9999 -9999 -9999 -9999 -9999 -9999 -9999 -9999 -9999 -9999 -9999 -9999 -9999 -9999 -9999 -9999 -9999 -9999 -9999 -9999 -9999
685.547729492188 686.233642578125 690.029907226562 373.201812744141 407.689819335938 390.903869628906 262.677337646484 148.60920715332 -9999 291.566162109375 -9999 462.548431396484 457.573638916016 -9999 -9999 -9999 -9999 -9999 -9999 -9999 -9999 -9999 -9999 -9999 -9999 -9999 -9999 -9999 -9999 -9999 -9999 -9999 -9999 -9999 -9999 -9999 -9999 -9999 -9999 -9999 -9999 -9999 -9999 -9999 -9999 -9999 -9999 -9999 -9999 -9999
603.863098144531 524.1318359375 593.311767578125 285.284240722656 325.092010498047 305.867797851562 191.139892578125 -9999 126.853439331055 -9999 -9999 463.696746826172 -9999 -9999 -9999 -9999 -9999 -9999 -9999 -9999 -9999 -9999 -9999 -9999 -9999 -9999 -9999 -9999 -9999 -9999 -9999 -9999 -9999 -9999 -9999 -9999 -9999 -9999 -9999 -9999 -9999 -9999 -9999 -9999 -9999 -9999 -9999 -9999 -9999 -9999
395.900817871094 358.338836669922 379.218719482422 195.153671264648 -9999 246.429595947266 -9999 -9999 -9999 -9999 -9999 -9999 -9999 -9999 -9999 -9999 -9999 -9999 -9999 -9999 -9999 -9999 -9999 -9999 -9999 -9999 -9999 -9999 -9999 -9999 -9999 -9999 -9999 -9999 -9999 -9999 -9999 -9999 -9999 -9999 -9999 -9999 -9999 -9999 -9999 -9999 -9999 -9999 -9999 -9999
260.473693847656 249.598083496094 228.606048583984 170.574630737305 191.426254272461 -9999 -9999 -9999 -9999 -9999 -9999 -9999 -9999 -9999 -9999 -9999 -9999 -9999 -9999 -9999 -9999 -9999 -9999 -9999 -9999 -9999 -9999 -9999 -9999 -9999 -9999 -9999 -9999 -9999 -9999 -9999 -9999 -9999 -9999 -9999 -9999 -9999 -9999 -9999 -9999 -9999 -9999 -9999 -9999 -9999
236.500061035156 -9999 -9999 -9999 -9999 -9999 -9999 -9999 -9999 -9999 -9999 -9999 -9999 -9999 -9999 -9999 -9999 -9999 -9999 -9999 -9999 -9999 -9999 -9999 -9999 -9999 -9999 -9999 -9999 -9999 -9999 -9999 -9999 -9999 -9999 -9999 -9999 -9999 -9999 -9999 -9999 -9999 -9999 -9999 -9999 -9999 -9999 -9999 -9999 -9999
