rcp8.5models/GFDL_CM3/sc1gr8.35
NCOLS 261 
NROWS 433 
XLLCORNER 336357.134 
YLLCORNER 654653.479 
CELLSIZE 1000 
NODATA_value -3.4e+38 
[rows 286 to 307 of 433, columns 98 to 146 of 261]
279.907196044922 278.222625732422 276.29931640625 282.085235595703 283.685760498047 284.123107910156 284.505035400391 285.249786376953 288.297119140625 287.625854492188 286.326171875 294.251647949219 312.052001953125 328.037841796875 302.963012695312 306.55322265625 301.412963867188 302.631927490234 303.670104980469 298.063690185547 290.562957763672 315.130584716797 374.056823730469 416.704864501953 433.008666992188 436.912902832031 391.756256103516 367.606353759766 357.788146972656 355.916320800781 339.263824462891 331.769683837891 348.953155517578 353.467742919922 360.19970703125 356.776916503906 338.057281494141 -3.4e+38 -3.4e+38 372.254669189453 373.655548095703 -3.4e+38 -3.4e+38 381.155120849609 394.131378173828 379.813629150391 333.337036132812 328.714202880859 344.370391845703
273.833251953125 274.706024169922 275.656890869141 282.405853271484 284.599487304688 285.745880126953 287.337799072266 288.159454345703 286.991821289062 287.803375244141 288.373077392578 291.117614746094 308.627136230469 320.011535644531 309.268218994141 315.489532470703 307.824829101562 307.8203125 308.665496826172 307.469329833984 297.414672851562 320.209869384766 388.009185791016 436.081146240234 432.826629638672 429.759399414062 420.856658935547 412.883087158203 411.982330322266 392.548522949219 359.671417236328 350.403137207031 352.10595703125 344.889434814453 339.886322021484 339.039306640625 340.828491210938 348.565643310547 355.700286865234 -3.4e+38 380.817962646484 371.728759765625 370.183502197266 382.498413085938 390.827239990234 385.292785644531 369.115966796875 352.548706054688 342.321044921875
275.531982421875 276.269409179688 277.08349609375 283.412811279297 286.320617675781 287.464935302734 289.150085449219 290.017120361328 287.985168457031 288.677886962891 291.920379638672 289.351715087891 291.223327636719 300.246002197266 307.147918701172 322.713317871094 328.581237792969 310.562652587891 309.502471923828 310.046997070312 299.900787353516 305.407653808594 354.164978027344 422.851501464844 426.674987792969 420.259002685547 432.891540527344 437.201019287109 433.557403564453 418.070098876953 394.719573974609 372.477447509766 349.693298339844 340.977142333984 334.598724365234 339.920501708984 348.98095703125 359.02783203125 364.528381347656 361.657897949219 375.015808105469 380.123291015625 372.926605224609 374.044036865234 385.000274658203 393.125122070312 393.245758056641 370.796875 367.061798095703
277.457000732422 278.841552734375 279.654571533203 285.038330078125 287.8779296875 289.112274169922 290.632354736328 292.014007568359 291.296661376953 289.571990966797 287.793670654297 285.041107177734 288.199951171875 296.96044921875 302.892059326172 323.623565673828 322.432342529297 302.703247070312 302.402069091797 304.09033203125 299.923858642578 295.333282470703 318.503753662109 385.664520263672 422.993896484375 423.797668457031 425.724578857422 429.452697753906 430.891784667969 429.840087890625 422.053588867188 398.096069335938 381.500427246094 369.671417236328 352.471099853516 346.747833251953 352.61279296875 365.238067626953 364.90478515625 359.642181396484 367.533599853516 381.250946044922 -3.4e+38 370.215545654297 377.561248779297 388.651031494141 384.862762451172 378.039978027344 380.596649169922
281.401489257812 281.773468017578 283.509460449219 285.834747314453 289.904113769531 294.035247802734 294.052978515625 295.567077636719 295.743408203125 294.030487060547 290.849243164062 287.806854248047 290.309722900391 310.029632568359 307.173645019531 315.514434814453 312.328887939453 303.187744140625 296.228240966797 295.519439697266 296.505706787109 293.280853271484 300.922424316406 328.194396972656 360.673828125 392.242706298828 426.678924560547 437.574401855469 432.607086181641 432.935150146484 424.661773681641 415.338531494141 419.264221191406 413.873107910156 408.528289794922 389.384033203125 370.69873046875 380.047424316406 390.439758300781 381.847229003906 372.918640136719 384.979553222656 391.124938964844 367.699279785156 -3.4e+38 374.510681152344 374.100250244141 360.647857666016 382.61181640625
311.662322998047 285.897216796875 284.337524414062 286.324554443359 290.183441162109 293.822174072266 294.873992919922 296.334503173828 297.913238525391 298.691192626953 294.464263916016 290.777862548828 297.958984375 304.10302734375 319.836853027344 319.469635009766 313.724060058594 310.294891357422 302.242279052734 295.731048583984 296.214385986328 294.819732666016 302.753723144531 325.019958496094 342.708831787109 370.912841796875 434.470001220703 431.616821289062 424.923004150391 429.584350585938 424.641174316406 418.156372070312 410.98291015625 398.191589355469 411.696594238281 403.498504638672 387.894836425781 376.246887207031 384.499053955078 380.801513671875 376.580322265625 385.241241455078 385.993377685547 360.896362304688 347.500305175781 350.475036621094 327.922729492188 312.367889404297 359.943542480469
331.79296875 309.232421875 289.268157958984 289.760375976562 289.355072021484 294.983764648438 296.174865722656 297.000183105469 298.171630859375 299.385131835938 299.447631835938 298.856140136719 298.530487060547 294.959136962891 342.026123046875 340.058532714844 314.364471435547 312.468322753906 303.133392333984 301.402252197266 298.842102050781 295.449829101562 300.349182128906 327.665557861328 350.944793701172 361.166900634766 407.584136962891 419.215118408203 425.221771240234 426.614868164062 423.091125488281 416.758697509766 405.565704345703 401.510284423828 409.456512451172 406.110443115234 -3.4e+38 376.799133300781 370.1474609375 373.743408203125 384.114288330078 381.724792480469 376.447052001953 366.417358398438 363.386413574219 349.634216308594 -3.4e+38 -3.4e+38 -3.4e+38
307.075439453125 305.883728027344 290.721282958984 294.1083984375 294.624969482422 298.030731201172 300.006896972656 300.303955078125 299.145233154297 298.949615478516 301.438568115234 301.460815429688 294.334747314453 289.9609375 354.956176757812 357.369934082031 326.643005371094 324.529571533203 301.56884765625 297.151580810547 295.825042724609 295.835693359375 309.921325683594 343.509613037109 362.3330078125 357.499786376953 376.548706054688 411.199005126953 426.723907470703 416.914642333984 412.567565917969 412.307250976562 407.825836181641 411.194549560547 406.464935302734 400.357543945312 390.777526855469 373.955017089844 367.645782470703 373.736358642578 381.294982910156 366.957061767578 354.543243408203 353.920013427734 363.304138183594 369.551239013672 343.100494384766 330.454437255859 -3.4e+38
294.950836181641 293.438049316406 293.772430419922 296.617095947266 299.242034912109 301.176971435547 302.326690673828 302.4619140625 301.037902832031 299.733459472656 303.091857910156 304.227233886719 300.335479736328 294.389190673828 341.272491455078 353.627593994141 314.960388183594 315.999542236328 296.347473144531 292.345123291016 298.696105957031 309.911468505859 333.803131103516 364.837585449219 379.718322753906 381.704559326172 373.238250732422 401.821563720703 424.621734619141 410.912261962891 401.627960205078 408.525634765625 404.798034667969 404.951843261719 398.149017333984 394.878967285156 391.507995605469 370.876190185547 377.917144775391 378.357543945312 373.276702880859 357.69287109375 327.094329833984 295.663024902344 302.584655761719 343.903259277344 342.550384521484 365.438262939453 361.436096191406
297.514312744141 294.406372070312 294.080444335938 296.127868652344 296.669464111328 302.602874755859 303.413055419922 302.455718994141 301.728210449219 301.3916015625 303.175506591797 304.332458496094 306.586059570312 300.023376464844 326.808197021484 349.906311035156 294.139495849609 294.980163574219 290.703399658203 295.853302001953 314.173553466797 340.759918212891 365.329528808594 388.795837402344 405.520751953125 415.239288330078 383.406494140625 391.823913574219 419.758087158203 410.216827392578 400.37646484375 416.180541992188 410.578430175781 404.008392333984 391.822723388672 395.337829589844 387.041412353516 374.346435546875 371.326568603516 368.169128417969 363.738983154297 353.409149169922 310.379364013672 242.103790283203 243.299041748047 311.341796875 330.442596435547 358.197265625 365.694458007812
297.368286132812 295.456970214844 312.654296875 310.554443359375 298.091888427734 303.228546142578 307.219787597656 306.200256347656 304.807830810547 303.469757080078 298.740875244141 296.795104980469 300.824645996094 298.309234619141 362.686462402344 365.508270263672 294.695922851562 290.286468505859 291.286346435547 302.314117431641 339.605102539062 388.530364990234 407.978332519531 411.228851318359 422.664306640625 430.921295166016 409.586456298828 403.325103759766 409.618530273438 409.577819824219 399.753845214844 413.467803955078 397.990539550781 394.051361083984 391.361267089844 396.872985839844 379.806213378906 376.883209228516 358.105682373047 355.155700683594 354.102111816406 343.529266357422 319.334686279297 261.61767578125 244.888229370117 312.264495849609 336.659942626953 355.484588623047 361.993896484375
298.568695068359 298.299591064453 335.542510986328 331.963012695312 307.688110351562 306.229278564453 311.751342773438 310.617309570312 309.969146728516 309.783660888672 302.039520263672 304.055450439453 312.757415771484 303.578491210938 365.470489501953 347.267974853516 298.590148925781 292.013427734375 292.858856201172 307.972961425781 351.551544189453 406.213745117188 421.358428955078 399.211090087891 404.199584960938 425.20556640625 406.600860595703 411.816711425781 411.820770263672 406.574981689453 396.640228271484 412.604614257812 397.658050537109 386.875579833984 387.112457275391 391.476867675781 388.423736572266 379.021697998047 363.70361328125 354.961029052734 351.277465820312 340.730255126953 329.569641113281 301.916717529297 278.991851806641 321.040679931641 347.456451416016 356.975036621094 359.788116455078
297.704315185547 298.243194580078 332.323974609375 338.274658203125 302.786743164062 305.194610595703 312.928802490234 313.876708984375 312.218872070312 309.095184326172 300.080261230469 320.263458251953 350.193572998047 332.402465820312 374.698150634766 366.189483642578 327.008941650391 294.225555419922 294.813690185547 307.082763671875 336.347503662109 365.274688720703 382.673492431641 388.276458740234 408.993316650391 425.130432128906 404.374908447266 406.797058105469 397.807006835938 391.974548339844 394.48193359375 419.863098144531 418.056610107422 407.496063232422 386.484985351562 386.428924560547 383.089416503906 371.613922119141 365.302734375 349.20361328125 345.355377197266 338.603302001953 331.652191162109 330.084259033203 324.322479248047 332.823791503906 351.772186279297 353.402435302734 358.593780517578
303.145782470703 302.043365478516 328.473480224609 346.3095703125 330.257049560547 329.100494384766 306.332733154297 308.725280761719 326.442474365234 352.624176025391 338.621398925781 342.928924560547 364.475524902344 357.508087158203 391.891326904297 389.05322265625 337.309783935547 296.3046875 298.176818847656 303.307189941406 327.620178222656 358.861907958984 387.259796142578 397.413146972656 394.525787353516 393.427520751953 405.877471923828 404.913635253906 379.47607421875 378.125946044922 399.226501464844 411.368133544922 410.264984130859 427.783538818359 393.413360595703 393.342590332031 379.959014892578 368.338958740234 359.221099853516 347.609832763672 342.187713623047 335.283264160156 337.605651855469 348.611389160156 348.882476806641 344.796722412109 350.125274658203 352.573516845703 355.133178710938
314.215057373047 334.817626953125 355.624542236328 369.851867675781 378.183837890625 372.636291503906 346.563751220703 324.520599365234 312.955902099609 363.454864501953 385.902435302734 352.962158203125 348.477691650391 374.069702148438 385.556640625 370.257659912109 317.328491210938 300.338043212891 308.643981933594 308.5205078125 318.849395751953 373.243774414062 422.809417724609 401.725036621094 367.43896484375 354.971008300781 380.873260498047 398.260162353516 382.451293945312 381.555267333984 415.627960205078 396.087463378906 387.922332763672 429.151214599609 404.163421630859 409.061706542969 391.675018310547 377.007415771484 365.740692138672 356.403625488281 344.659973144531 333.11376953125 341.615753173828 358.251678466797 349.964050292969 349.741607666016 349.935394287109 335.039611816406 323.098937988281
358.248321533203 385.06689453125 382.962982177734 364.251953125 358.192352294922 375.799743652344 390.466125488281 394.762847900391 368.693054199219 342.230346679688 362.523468017578 383.311645507812 385.338226318359 389.411590576172 369.448699951172 365.435180664062 322.859100341797 304.459625244141 327.238372802734 368.487823486328 386.976928710938 383.150360107422 410.787811279297 407.124877929688 393.299163818359 408.963317871094 358.858001708984 377.72900390625 375.247650146484 379.534729003906 399.703094482422 398.632873535156 358.966857910156 343.404907226562 333.152130126953 318.287994384766 355.488739013672 358.4541015625 328.813354492188 312.326477050781 294.175109863281 299.798400878906 317.822631835938 343.043395996094 345.077239990234 329.943572998047 301.753814697266 279.464172363281 240.883438110352
325.879364013672 353.258453369141 370.892364501953 373.796752929688 358.659912109375 369.623199462891 387.918212890625 387.351989746094 383.852691650391 371.439056396484 370.636108398438 377.002227783203 381.653564453125 385.228088378906 371.195709228516 362.599884033203 299.160247802734 305.527954101562 338.629272460938 400.055297851562 426.006652832031 416.071166992188 411.320770263672 379.477600097656 358.813354492188 392.301147460938 354.100463867188 355.978179931641 379.640808105469 394.378082275391 396.977020263672 406.744232177734 355.375671386719 304.20654296875 294.793029785156 296.466094970703 316.556762695312 395.931304931641 354.311004638672 335.117340087891 321.896331787109 312.136474609375 291.953948974609 333.759216308594 339.555358886719 308.205230712891 283.725952148438 252.438980102539 217.809921264648
326.105377197266 356.818267822266 376.803985595703 365.576995849609 357.404998779297 366.150848388672 382.685150146484 390.672576904297 397.413269042969 400.145141601562 395.100738525391 389.223022460938 393.610260009766 390.767272949219 375.846801757812 368.1845703125 314.328063964844 320.737182617188 339.889373779297 399.816986083984 417.154083251953 379.13037109375 369.210083007812 362.046844482422 365.050445556641 367.781066894531 378.830169677734 357.515197753906 361.749481201172 378.628784179688 375.330902099609 376.766845703125 338.669555664062 300.584655761719 289.463470458984 287.404266357422 300.595153808594 373.581878662109 369.7880859375 357.895629882812 350.255157470703 323.057037353516 316.191558837891 342.895904541016 329.330261230469 289.067779541016 253.910217285156 225.336578369141 221.843063354492
335.668914794922 343.596984863281 353.6123046875 346.937561035156 369.57373046875 375.043762207031 383.669189453125 386.556854248047 376.960540771484 365.685516357422 370.890899658203 380.674591064453 396.091735839844 395.512939453125 349.241363525391 326.720825195312 313.050567626953 321.440124511719 339.053100585938 394.020050048828 393.218505859375 332.622406005859 338.582885742188 350.672515869141 367.296142578125 364.103424072266 403.077178955078 382.867034912109 357.467407226562 356.562896728516 363.382720947266 361.226470947266 336.227722167969 307.377777099609 294.433044433594 285.689117431641 289.808319091797 315.534606933594 313.811187744141 331.473388671875 351.777404785156 322.318786621094 337.37890625 335.859649658203 312.31494140625 273.918548583984 247.018844604492 274.864044189453 231.206146240234
319.935668945312 312.660522460938 316.355926513672 342.944885253906 379.615570068359 377.908538818359 369.379608154297 356.528167724609 348.756713867188 333.347503662109 336.463562011719 345.776428222656 374.215148925781 388.335418701172 317.334716796875 298.744659423828 314.320373535156 338.489318847656 348.621643066406 367.938293457031 396.911956787109 380.644348144531 381.254608154297 384.766906738281 366.007141113281 365.679321289062 391.306060791016 383.579467773438 388.347045898438 375.265716552734 361.288146972656 367.953948974609 366.428375244141 321.499420166016 303.579193115234 288.250610351562 282.517303466797 295.610046386719 327.943786621094 351.420013427734 342.630523681641 338.487152099609 328.751068115234 319.675323486328 295.865783691406 257.160339355469 273.517059326172 347.652709960938 283.109924316406
329.304168701172 345.950408935547 333.170715332031 345.586029052734 374.463989257812 371.84228515625 352.559875488281 338.088714599609 335.660888671875 333.688873291016 330.514831542969 344.257720947266 378.097473144531 385.498046875 306.890350341797 301.955108642578 327.179779052734 373.458770751953 381.087280273438 356.191345214844 367.990386962891 383.190155029297 381.369445800781 377.885803222656 361.738464355469 358.135498046875 365.782775878906 -3.4e+38 383.215850830078 384.224151611328 377.721832275391 373.337890625 374.610229492188 367.788360595703 335.115112304688 293.266937255859 280.804260253906 310.476440429688 364.417175292969 356.081268310547 334.618072509766 330.096801757812 304.043151855469 291.952514648438 275.427917480469 275.004333496094 319.762786865234 349.122161865234 339.386932373047
356.30712890625 367.837615966797 364.550933837891 360.110534667969 371.596343994141 376.200256347656 364.960876464844 346.530242919922 333.780029296875 353.193267822266 365.574768066406 376.201232910156 383.014862060547 354.239044189453 301.380432128906 306.953277587891 329.791381835938 377.390075683594 406.559753417969 393.344329833984 373.156768798828 -3.4e+38 -3.4e+38 -3.4e+38 -3.4e+38 -3.4e+38 -3.4e+38 367.756958007812 -3.4e+38 -3.4e+38 382.953765869141 379.904602050781 368.213562011719 387.193481445312 364.326873779297 294.926574707031 280.047668457031 327.389892578125 377.664703369141 343.424133300781 346.153503417969 325.951049804688 299.838073730469 312.703277587891 314.898284912109 313.712829589844 329.191253662109 322.504730224609 328.254028320312
