rcp8.5models/GFDL_CM3/sc1gr7.25
NCOLS 261 
NROWS 433 
XLLCORNER 336357.134 
YLLCORNER 654653.479 
CELLSIZE 1000 
NODATA_value -3.4e+38 
[rows 176 to 197 of 433, columns 98 to 146 of 261]
94.6193313598633 94.5588226318359 94.4223327636719 93.9991073608398 93.8943862915039 93.738655090332 93.6075592041016 -3.4e+38 -3.4e+38 -3.4e+38 93.0355911254883 93.0229263305664 92.9284362792969 92.7975845336914 92.6732025146484 92.6804656982422 92.7915573120117 92.8344421386719 92.8381805419922 92.7457427978516 92.6960067749023 92.8202819824219 92.9539108276367 93.0120849609375 93.2199478149414 93.3862457275391 93.4670181274414 93.6886520385742 93.820556640625 93.9348754882812 94.1642608642578 94.2515258789062 94.3488616943359 94.4457473754883 94.6362457275391 94.7171936035156 94.8295516967773 95.3706893920898 95.6904602050781 95.9107666015625 95.9352645874023 96.2009582519531 96.4370498657227 96.5747909545898 96.6906814575195 96.9107818603516 97.0129318237305 97.0452423095703 97.3264923095703
94.7753829956055 94.5981979370117 94.469596862793 94.1931076049805 94.102668762207 93.9488983154297 93.7622146606445 93.5547561645508 93.4078674316406 93.3223190307617 93.2488708496094 93.2444152832031 93.1989440917969 93.0004119873047 92.940299987793 92.9617004394531 92.9953536987305 93.0067825317383 93.0012435913086 -3.4e+38 93.0522918701172 93.1820068359375 93.1481704711914 93.2504959106445 93.4326248168945 93.6208190917969 93.8052291870117 94.0290069580078 94.2020263671875 94.2613525390625 94.5484848022461 94.6386947631836 94.637939453125 94.8173599243164 94.96728515625 95.0667572021484 95.221549987793 95.7205810546875 96.0327377319336 96.3094863891602 96.4078140258789 96.6942749023438 96.88134765625 96.9965057373047 97.0871276855469 97.2658081054688 97.3480453491211 97.4731369018555 97.7490539550781
94.8784484863281 94.6733093261719 -3.4e+38 -3.4e+38 94.279411315918 94.1344528198242 93.9766159057617 93.8099517822266 93.6811141967773 93.5104522705078 93.4826126098633 93.5436706542969 93.3955459594727 93.3198394775391 93.1860885620117 93.2571487426758 93.232551574707 93.2234039306641 93.2930908203125 93.2073669433594 93.3410949707031 93.405403137207 93.4896697998047 93.6448745727539 93.7156982421875 93.8462524414062 94.0244979858398 94.2442092895508 94.5250244140625 94.6298599243164 94.927734375 95.0137939453125 94.9356994628906 95.1790618896484 95.3496170043945 -3.4e+38 95.6956176757812 96.0913009643555 96.3819580078125 96.6889495849609 96.8423309326172 97.1278076171875 97.3061828613281 97.4335861206055 97.4810562133789 97.5892791748047 97.7175140380859 97.8837738037109 98.1737976074219
95.1272583007812 94.8360290527344 94.7063217163086 -3.4e+38 94.4469909667969 94.3080291748047 94.2281494140625 -3.4e+38 93.9589309692383 93.7234725952148 93.6514053344727 93.7652053833008 93.6283416748047 93.6113662719727 93.4611968994141 93.607536315918 93.5223693847656 93.465934753418 93.5448760986328 93.4849700927734 93.5221557617188 93.6279830932617 93.8188858032227 94.043830871582 94.0440216064453 -3.4e+38 94.2540817260742 94.530029296875 -3.4e+38 94.9040603637695 95.1642532348633 95.2991943359375 95.3462677001953 95.5591125488281 -3.4e+38 -3.4e+38 -3.4e+38 96.5001831054688 96.8319091796875 97.0340194702148 97.1985931396484 97.5423355102539 97.6943206787109 97.7293014526367 97.7344131469727 97.9556045532227 98.113655090332 98.2113800048828 98.5725860595703
95.2103652954102 95.053581237793 94.9723129272461 94.5185852050781 94.5606307983398 94.4843139648438 94.4251861572266 94.2509765625 94.156608581543 93.9920043945312 93.9013900756836 93.9141159057617 93.8833694458008 93.8284912109375 93.8023223876953 93.7820434570312 93.7465972900391 93.7800750732422 93.7730178833008 93.7150726318359 93.8828887939453 93.9248962402344 94.0768890380859 94.3574829101562 94.4136276245117 94.5005187988281 94.5833282470703 94.8918075561523 -3.4e+38 95.1965637207031 95.4366607666016 95.6380004882812 95.8340835571289 95.928596496582 96.1036758422852 -3.4e+38 96.4240341186523 96.8302612304688 97.1914215087891 97.3781127929688 97.5481033325195 97.8676910400391 98.0419387817383 98.0679321289062 98.0856475830078 98.3476791381836 98.4445724487305 98.4467468261719 99.0395660400391
95.2488708496094 95.245002746582 95.2334976196289 94.7220077514648 94.647331237793 94.6897506713867 94.6187286376953 94.3666458129883 94.3473968505859 94.2673034667969 94.143310546875 94.1339111328125 94.1235885620117 94.0041198730469 94.0417785644531 94.0126190185547 94.0796890258789 94.1094665527344 93.9448699951172 93.9806518554688 94.1963272094727 94.170539855957 94.3730239868164 94.6536865234375 94.7806701660156 94.890007019043 94.9418258666992 95.2118759155273 95.3216781616211 95.4974365234375 95.7677764892578 96.0131149291992 96.2051239013672 96.3351058959961 96.4847564697266 -3.4e+38 96.7594909667969 97.2293701171875 97.4961166381836 97.6496200561523 97.8661422729492 98.1676254272461 98.332633972168 98.4013977050781 98.5184020996094 98.6531066894531 98.7871017456055 98.9069519042969 99.4151763916016
95.4871444702148 95.3239898681641 95.3564987182617 94.88134765625 94.81982421875 94.8000564575195 94.7575988769531 94.5031967163086 94.5328674316406 94.4709854125977 94.3508987426758 94.3860473632812 94.2980194091797 94.2392425537109 94.2240905761719 94.2360610961914 94.3775177001953 94.4388961791992 94.2016906738281 94.3183135986328 94.438102722168 94.472412109375 94.7775039672852 94.9979400634766 95.1079025268555 95.2964172363281 95.4410781860352 95.5697631835938 95.6916961669922 95.8685760498047 96.1017379760742 96.3064727783203 96.5349807739258 96.7526321411133 96.9749145507812 97.0086212158203 97.1690902709961 97.6950454711914 97.8503952026367 98.0805740356445 98.2408065795898 98.4365234375 98.6895141601562 98.8279037475586 98.9530868530273 99.0405426025391 99.2294082641602 99.4210205078125 99.7533798217773
95.6396408081055 95.4727630615234 95.3837051391602 95.0349502563477 94.9744873046875 94.9938201904297 94.860710144043 94.7529678344727 94.6717681884766 94.6482849121094 94.5689010620117 94.6570129394531 94.5268020629883 94.488525390625 94.4506759643555 94.5474700927734 94.6497802734375 94.7166137695312 94.537109375 94.595458984375 94.7432098388672 94.8120727539062 95.0062026977539 95.246223449707 95.3579254150391 95.5922241210938 95.8967437744141 96.0020141601562 96.0906448364258 96.2520904541016 96.4305572509766 96.7119827270508 96.9421157836914 96.9936447143555 97.3224029541016 97.3642196655273 97.5624847412109 98.0469360351562 98.2303314208984 98.5278701782227 98.6046676635742 98.7430648803711 99.1038818359375 99.2462005615234 99.2684936523438 99.4658737182617 99.6487197875977 99.7729644775391 100.122680664062
95.7880096435547 95.7280578613281 95.5179748535156 95.2373123168945 95.1150817871094 95.1593170166016 95.0934371948242 94.9648361206055 94.9091567993164 94.8684463500977 94.86962890625 94.9360046386719 94.7978515625 94.786865234375 94.8146362304688 94.8286895751953 94.899543762207 94.9386291503906 94.8014450073242 94.8573989868164 94.9384765625 95.0500564575195 95.2160568237305 -3.4e+38 95.5640258789062 -3.4e+38 96.352912902832 96.4042816162109 96.4280471801758 96.6061248779297 96.803466796875 97.1280288696289 97.2936782836914 97.2308349609375 97.5499496459961 97.8030548095703 97.885139465332 98.4385986328125 98.657829284668 98.8751602172852 99.0350494384766 99.1862182617188 99.4447784423828 99.5107498168945 99.6187133789062 99.8992462158203 100.050720214844 100.150268554688 100.523567199707
96.0209579467773 -3.4e+38 -3.4e+38 95.5447998046875 95.4918060302734 95.3910980224609 95.3349075317383 95.4092254638672 95.3242568969727 95.3150024414062 95.244140625 95.1950988769531 95.2738952636719 95.3631286621094 95.3951263427734 95.3823165893555 -3.4e+38 95.4943618774414 95.5461959838867 95.4937591552734 95.5636291503906 95.6738891601562 95.8773803710938 96.0591201782227 96.2775039672852 96.5208435058594 97.0427017211914 97.1948852539062 97.3975830078125 97.4349594116211 97.5597305297852 97.8756637573242 98.0828628540039 98.0601043701172 98.2900619506836 98.5828247070312 98.6923751831055 99.1648712158203 99.4257583618164 99.6478042602539 99.8057708740234 100.019805908203 100.186073303223 100.28791809082 100.433372497559 100.518363952637 100.684585571289 100.839576721191 101.121322631836
96.0463790893555 95.9545440673828 95.8338851928711 95.6177673339844 95.5690155029297 95.4961929321289 95.4422836303711 95.5127487182617 95.4713363647461 95.4802627563477 95.4830627441406 95.4077606201172 95.4457015991211 95.5718841552734 95.6726760864258 95.6619491577148 95.7367553710938 95.8395309448242 95.9847564697266 95.7796401977539 95.8371429443359 95.98974609375 96.162841796875 96.2980270385742 96.5528717041016 96.7686767578125 97.4082336425781 97.6679077148438 97.8455810546875 97.9276351928711 97.9550704956055 98.2051315307617 98.3974990844727 98.4373931884766 98.7375106811523 98.9986801147461 99.0343933105469 99.5955657958984 99.7672424316406 100.074722290039 100.222465515137 100.384300231934 100.531089782715 100.689964294434 100.890998840332 100.974983215332 101.077575683594 101.278671264648 101.623504638672
96.1994094848633 96.0553512573242 96.0606918334961 95.8209838867188 95.766716003418 95.6471252441406 95.5607681274414 95.6642913818359 95.6847152709961 95.673454284668 95.65771484375 95.5876693725586 95.6562728881836 95.8560028076172 95.9848098754883 95.96337890625 95.9600524902344 96.1007232666016 96.2827606201172 96.0918731689453 96.0553512573242 96.263557434082 96.4793090820312 96.6390609741211 96.8734283447266 97.0681915283203 97.9673156738281 98.6346130371094 98.4546127319336 98.3218841552734 98.2859954833984 98.5228652954102 98.7498168945312 98.8480606079102 99.0839004516602 99.3486175537109 99.3899002075195 99.9731674194336 100.160308837891 100.490882873535 100.661682128906 100.71134185791 100.825736999512 101.041870117188 101.319854736328 101.493240356445 101.57633972168 101.762275695801 102.127128601074
96.341064453125 96.2096252441406 96.1450500488281 95.9312438964844 95.9135284423828 95.7631149291992 95.6452713012695 95.8031005859375 95.8759384155273 95.8772583007812 95.8282089233398 95.8211288452148 95.951530456543 96.1019897460938 96.2939300537109 96.2949676513672 96.2905426025391 96.3601531982422 96.5248718261719 96.412956237793 96.3829879760742 96.5759353637695 96.7746505737305 96.8839721679688 97.207649230957 97.3938522338867 98.644889831543 99.4178161621094 99.1429061889648 98.6708221435547 98.6884078979492 98.9295349121094 99.2010116577148 99.2929840087891 99.5005187988281 99.7476043701172 99.8529281616211 100.419059753418 100.590682983398 100.844604492188 101.036933898926 101.113540649414 101.195640563965 101.444725036621 101.700508117676 101.908630371094 102.070579528809 -3.4e+38 102.580421447754
96.4966812133789 96.3569488525391 96.1397247314453 96.0794372558594 96.0180282592773 95.9317626953125 95.8240356445312 95.9057083129883 95.9693069458008 96.0371856689453 95.9774856567383 96.0467834472656 96.1459045410156 96.2831878662109 96.6101913452148 96.6194458007812 96.6316070556641 96.640625 96.8072280883789 96.7101745605469 96.7030487060547 96.8110580444336 96.9863662719727 97.1382217407227 97.48291015625 97.6653900146484 98.9408187866211 -3.4e+38 99.6178665161133 99.0472640991211 99.1164855957031 99.327392578125 99.651611328125 99.8232879638672 99.9571685791016 100.148986816406 100.266677856445 100.812446594238 101.028907775879 101.298522949219 101.386596679688 101.563377380371 101.63289642334 101.905082702637 102.099899291992 102.271011352539 102.546028137207 102.767974853516 103.078063964844
96.5195388793945 96.4521331787109 96.2035827636719 96.1713562011719 96.0969009399414 96.0311279296875 95.9860305786133 96.0522308349609 96.0642013549805 96.1470260620117 96.091911315918 96.1744384765625 96.2887802124023 96.4435195922852 96.8306503295898 96.9100494384766 96.9188385009766 96.9765014648438 97.0516357421875 97.0182266235352 97.0259094238281 97.1310195922852 97.2688903808594 97.5421981811523 97.768440246582 97.998908996582 99.5168991088867 -3.4e+38 100.068046569824 99.5246276855469 99.6341323852539 99.7252960205078 100.083534240723 100.350402832031 100.396789550781 100.530906677246 100.671142578125 101.171562194824 101.45726776123 101.683418273926 101.735107421875 101.861785888672 102.123725891113 102.393203735352 102.560333251953 102.664016723633 102.923286437988 103.191566467285 103.556442260742
-3.4e+38 96.4819793701172 96.3585052490234 96.2771072387695 96.2209701538086 96.0719833374023 96.0931243896484 96.1806335449219 96.2235794067383 96.2493591308594 96.280387878418 96.3936614990234 96.5208587646484 96.6883773803711 97.0070724487305 97.1648330688477 97.1681365966797 97.2970275878906 97.3764190673828 97.3625335693359 97.3297119140625 97.4868774414062 97.6820297241211 97.946662902832 98.0735015869141 98.2560119628906 100.154731750488 -3.4e+38 100.635589599609 99.9001007080078 99.9641876220703 100.151985168457 100.49089050293 100.75513458252 100.786422729492 100.907081604004 100.930740356445 101.559753417969 101.896789550781 101.93724822998 102.085906982422 102.23120880127 102.57120513916 102.822998046875 103.004417419434 103.153854370117 103.39958190918 103.547294616699 103.99161529541
96.7753143310547 96.5948104858398 96.51171875 96.4172897338867 96.424560546875 96.218132019043 96.2038803100586 96.3084106445312 96.4150085449219 96.3938140869141 96.4788436889648 96.5852584838867 96.7199783325195 96.9323959350586 97.2839508056641 97.3649368286133 97.3768997192383 97.5110321044922 97.6643524169922 97.7361526489258 97.7580032348633 97.7682189941406 97.9809265136719 98.2092742919922 98.3582763671875 98.550910949707 99.8896942138672 100.350463867188 100.704887390137 100.137069702148 100.242378234863 100.548896789551 100.825157165527 101.114158630371 101.068031311035 101.282783508301 101.320747375488 101.924240112305 102.284484863281 102.288803100586 102.396041870117 102.621185302734 102.930526733398 103.203796386719 103.350730895996 103.602500915527 103.83251953125 103.900566101074 104.343070983887
96.8288192749023 96.6062240600586 96.6044235229492 96.5185089111328 96.5311813354492 96.4706954956055 96.4681930541992 96.5155029296875 96.6706924438477 96.6208572387695 96.6764678955078 96.7576293945312 96.8266067504883 97.1310195922852 97.4638519287109 97.4851531982422 97.5950393676758 97.7782821655273 97.9325942993164 98.019416809082 98.1580810546875 98.0659790039062 98.2078170776367 98.4468307495117 98.6752471923828 98.8820495605469 99.5614624023438 99.8640670776367 100.239791870117 100.325721740723 100.603507995605 100.808052062988 101.09854888916 101.47046661377 101.44995880127 101.669929504395 101.729507446289 102.254409790039 102.556510925293 102.695671081543 102.833381652832 103.141624450684 103.302001953125 103.628425598145 103.708068847656 103.896705627441 104.07884979248 -3.4e+38 104.477935791016
96.8776168823242 96.7507705688477 96.6785507202148 96.6205978393555 96.525749206543 96.588737487793 96.6243515014648 96.6808166503906 96.8308181762695 96.9183654785156 96.8937683105469 96.9756164550781 97.0379180908203 97.2729949951172 97.5440902709961 97.6341781616211 97.8249435424805 98.0824356079102 98.2492828369141 98.3623886108398 98.3600616455078 98.3497695922852 98.5455627441406 98.9032211303711 99.2165603637695 -3.4e+38 99.7538299560547 99.9471282958984 100.133689880371 100.443603515625 100.820213317871 101.076065063477 101.413063049316 101.796249389648 101.89241027832 102.069358825684 102.0888671875 102.608497619629 102.830406188965 103.026000976562 103.240226745605 103.572296142578 103.724571228027 104.061569213867 104.060081481934 104.20881652832 104.405624389648 104.710182189941 104.745071411133
96.975830078125 96.9768829345703 96.8261108398438 96.837760925293 96.7224273681641 96.656120300293 96.7063217163086 96.7870407104492 96.927619934082 97.0434494018555 97.1162414550781 97.2112808227539 97.305534362793 97.3705825805664 97.7001800537109 97.8373413085938 97.9696655273438 98.2853469848633 98.4882202148438 98.6588592529297 98.7413177490234 98.7496109008789 98.8651962280273 99.2642211914062 99.6643981933594 99.763053894043 100.067771911621 100.26717376709 100.482765197754 100.763427734375 101.095993041992 101.474517822266 101.817413330078 102.145179748535 102.281219482422 102.434280395508 102.54581451416 102.913764953613 103.193778991699 103.403816223145 103.582527160645 103.828102111816 104.036483764648 104.28702545166 104.410758972168 104.633895874023 104.804618835449 105.057144165039 105.307441711426
97.1326141357422 97.3008193969727 97.1954498291016 97.0022964477539 97.1342239379883 97.0967178344727 97.0870056152344 97.0940246582031 97.0692901611328 97.1692810058594 97.283935546875 97.3825378417969 97.5943222045898 97.7398681640625 98.1640319824219 98.3654937744141 98.5470962524414 98.6695861816406 98.8799209594727 99.0884017944336 99.374641418457 99.5024642944336 99.6650466918945 99.7784118652344 100.149032592773 100.532279968262 100.797904968262 100.987785339355 101.182189941406 101.478630065918 101.78101348877 102.035194396973 102.22696685791 102.520629882812 102.916442871094 103.261543273926 103.437370300293 103.673873901367 104.059837341309 104.231658935547 104.350120544434 104.516235351562 104.759742736816 104.90357208252 105.158126831055 105.252464294434 105.480796813965 105.620170593262 106.114074707031
97.3120346069336 -3.4e+38 97.3859329223633 97.1652450561523 97.2600555419922 97.2734146118164 97.2363052368164 97.2410736083984 97.1356353759766 97.2638702392578 97.3496017456055 97.511848449707 97.7754821777344 97.9710845947266 98.397087097168 98.6460800170898 98.8326644897461 98.9384994506836 99.1333465576172 99.2198257446289 99.4694061279297 99.6976165771484 99.9943466186523 100.117889404297 100.482604980469 100.865646362305 101.095779418945 101.419097900391 101.662483215332 101.869361877441 102.110443115234 102.376678466797 102.698020935059 102.972190856934 103.28076171875 103.699203491211 103.816535949707 103.964225769043 104.265281677246 104.499534606934 104.651023864746 104.826438903809 104.958953857422 105.076263427734 105.41064453125 105.498878479004 105.675224304199 105.838973999023 106.390060424805
