rcp8.5models/GFDL_CM3/sc1gr4.38
NCOLS 261 
NROWS 433 
XLLCORNER 336357.134 
YLLCORNER 654653.479 
CELLSIZE 1000 
NODATA_value -9999 
[rows 154 to 175 of 433, columns 150 to 199 of 261]
314.808624267578 314.380950927734 313.835906982422 313.2685546875 313.117248535156 313.359069824219 314.073059082031 313.912567138672 313.5927734375 314.2802734375 313.709045410156 312.424957275391 313.475494384766 314.957153320312 314.584655761719 314.423217773438 317.083526611328 -9999 315.749359130859 319.379577636719 319.433959960938 319.616912841797 319.837005615234 320.235382080078 320.201782226562 320.264068603516 320.300018310547 320.195678710938 319.923370361328 319.825653076172 320.469116210938 320.960418701172 320.8671875 320.795440673828 319.134368896484 314.236755371094 310.750183105469 -9999 310.929229736328 310.924682617188 310.987915039062 310.937164306641 310.261993408203 310.187164306641 310.258056640625 310.368591308594 -9999 310.552429199219 310.207946777344 309.949432373047
314.582885742188 314.325744628906 313.778930664062 313.251068115234 313.103088378906 -9999 313.525634765625 313.361694335938 313.765716552734 314.895233154297 314.246795654297 312.968902587891 314.642150878906 315.336242675781 315.106597900391 -9999 316.556976318359 315.128143310547 316.493347167969 319.248046875 319.593811035156 319.672698974609 319.703094482422 319.949310302734 320.123931884766 320.233093261719 320.089721679688 319.751892089844 319.565673828125 319.691589355469 320.480926513672 320.770141601562 320.849273681641 320.790283203125 320.638946533203 318.913269042969 314.343536376953 310.878845214844 310.897216796875 310.894226074219 310.921630859375 310.984680175781 310.503204345703 310.142059326172 309.954925537109 309.948150634766 310.320007324219 310.486511230469 310.272735595703 309.960296630859
313.769256591797 313.773284912109 313.473205566406 312.8720703125 313.1923828125 313.198699951172 313.004608154297 312.973388671875 314.042541503906 314.921478271484 314.522003173828 313.690765380859 315.006896972656 315.543670654297 315.246459960938 315.994049072266 -9999 314.204681396484 318.167114257812 318.991241455078 319.472778320312 319.687225341797 319.688446044922 319.696258544922 319.837219238281 319.976806640625 319.707336425781 319.418640136719 319.385498046875 319.573822021484 320.370452880859 320.530364990234 320.542541503906 -9999 320.290008544922 320.228546142578 318.791229248047 314.117401123047 310.997283935547 310.997802734375 310.926910400391 310.976715087891 310.728729248047 310.267852783203 310.071868896484 309.939300537109 310.068634033203 310.305358886719 310.218170166016 310.013763427734
312.957672119141 312.971252441406 313.100219726562 312.605895996094 313.230895996094 312.909301757812 312.516510009766 312.658142089844 314.367553710938 315.397644042969 315.297088623047 314.887969970703 315.36181640625 315.427856445312 315.858947753906 316.033630371094 315.745178222656 315.825134277344 318.547393798828 318.992401123047 319.45458984375 319.627197265625 319.696594238281 319.720153808594 319.712249755859 319.646820068359 319.266967773438 319.186157226562 319.387237548828 319.514221191406 320.271514892578 320.437713623047 320.312133789062 -9999 320.100372314453 320.087493896484 320.074523925781 318.60498046875 314.235626220703 311.039642333984 310.986450195312 310.910522460938 310.684906005859 310.294555664062 310.304534912109 310.078887939453 -9999 310.259887695312 310.144195556641 310.010040283203
312.856964111328 312.414306640625 312.5419921875 312.428253173828 312.795867919922 312.558563232422 311.593322753906 311.711517333984 314.153564453125 315.146026611328 315.993438720703 315.95458984375 315.794097900391 315.541870117188 316.563201904297 315.208190917969 314.004272460938 317.744842529297 318.511566162109 319.073394775391 319.498016357422 319.564636230469 319.486206054688 319.462554931641 319.450988769531 319.361419677734 319.15380859375 319.158050537109 319.441375732422 319.696380615234 320.232391357422 320.312561035156 320.227935791016 320.213256835938 320.095001220703 320.082122802734 320.069122314453 320.083312988281 318.665863037109 314.281066894531 311.009063720703 310.938201904297 310.685974121094 310.328063964844 310.321746826172 310.077972412109 310.110412597656 310.149047851562 310.025451660156 310.082885742188
312.810913085938 312.278533935547 312.242034912109 312.256469726562 312.305236816406 312.332946777344 311.518188476562 311.278198242188 313.804901123047 314.967224121094 316.090423583984 316.4365234375 316.152618408203 316.262725830078 -9999 315.482299804688 315.288970947266 318.134063720703 318.580383300781 318.961334228516 319.278442382812 319.505096435547 319.48046875 319.2275390625 318.982727050781 319.21240234375 319.233428955078 319.340759277344 319.522064208984 319.710601806641 319.921142578125 320.055847167969 320.141876220703 320.148864746094 320.020782470703 319.958892822266 320.063629150391 320.050506591797 320.092041015625 316.695709228516 310.975402832031 311.005920410156 310.728210449219 310.233642578125 310.226318359375 310.105346679688 310.051574707031 310.027313232422 309.912689208984 310.036712646484
312.392395019531 312.380218505859 312.308288574219 311.671783447266 311.629486083984 311.596954345703 311.155181884766 311.65771484375 313.377838134766 315.021881103516 315.692718505859 -9999 -9999 316.432098388672 -9999 317.199951171875 318.044616699219 318.214385986328 318.575042724609 318.831390380859 319.006500244141 319.2626953125 319.450225830078 319.127410888672 318.715667724609 318.868804931641 319.041259765625 319.283508300781 319.378448486328 319.447174072266 319.475250244141 319.664276123047 319.9912109375 320.096893310547 319.927124023438 319.698516845703 319.847015380859 319.986267089844 320.031707763672 318.560546875 314.176544189453 310.972412109375 310.751892089844 310.277893066406 310.187927246094 310.143035888672 310.161163330078 310.091217041016 309.886016845703 309.820922851562
312.557220458984 312.987121582031 312.368804931641 311.943511962891 310.721343994141 310.365112304688 310.744812011719 312.694122314453 315.060852050781 315.760711669922 315.996429443359 -9999 -9999 316.331359863281 316.551116943359 317.543701171875 317.94189453125 318.321075439453 318.563171386719 318.763824462891 318.689727783203 318.620513916016 318.666839599609 318.572814941406 318.627349853516 318.649047851562 318.780090332031 319.040283203125 319.294311523438 319.301361083984 319.669494628906 319.730834960938 319.758117675781 319.800842285156 319.933135986328 319.966583251953 319.906585693359 319.860931396484 319.926727294922 319.885833740234 319.771820068359 318.173431396484 310.410766601562 310.270599365234 310.1142578125 310.118621826172 310.122833251953 310.163879394531 310.057983398438 309.698455810547
312.810272216797 313.482452392578 313.450897216797 312.309875488281 311.351623535156 311.793060302734 312.373260498047 313.330139160156 315.382629394531 315.784637451172 -9999 -9999 -9999 316.677276611328 316.618865966797 317.433898925781 317.788513183594 318.1064453125 318.434448242188 318.573669433594 318.543518066406 318.514739990234 318.489135742188 -9999 318.616271972656 318.558288574219 318.568481445312 318.953552246094 319.071166992188 318.904144287109 319.665863037109 319.738616943359 319.639770507812 319.70166015625 319.900512695312 319.887481689453 319.901458740234 319.907165527344 319.847808837891 319.834381103516 319.750366210938 319.61962890625 313.509796142578 310.119293212891 309.990325927734 310.110748291016 310.114990234375 310.147155761719 309.99951171875 309.679626464844
312.947296142578 313.506011962891 314.13720703125 313.5322265625 313.048675537109 313.626617431641 314.112884521484 314.261413574219 315.787719726562 315.927825927734 -9999 -9999 -9999 317.084533691406 317.059417724609 317.396759033203 317.591461181641 317.890716552734 318.361267089844 318.450805664062 318.431671142578 318.229949951172 318.077362060547 318.191131591797 318.491607666016 318.446441650391 318.474212646484 318.572143554688 318.733673095703 318.774047851562 319.498870849609 319.621185302734 319.646423339844 319.695770263672 319.826568603516 319.763793945312 319.868530273438 319.855285644531 319.772308349609 319.641326904297 319.57275390625 319.538726806641 317.962554931641 313.377532958984 310.059600830078 310.204162597656 309.918243408203 309.922119140625 309.8046875 309.647277832031
312.785705566406 312.936218261719 313.752532958984 313.69384765625 313.830505371094 314.255889892578 314.588226318359 314.881530761719 315.906402587891 316.022827148438 -9999 -9999 316.875366210938 317.152191162109 317.252471923828 317.465850830078 317.511322021484 317.835510253906 318.318572998047 318.252838134766 318.000579833984 317.724517822266 317.641723632812 317.92724609375 318.288055419922 318.263702392578 318.447479248047 318.527191162109 318.7216796875 319.211761474609 -9999 319.56591796875 319.476226806641 319.529144287109 319.555877685547 319.503295898438 319.548553466797 319.510589599609 319.605438232422 319.676177978516 319.662811279297 319.704284667969 319.489562988281 317.933502197266 313.343444824219 310.042419433594 309.765960693359 309.66015625 309.498962402344 309.4794921875
312.315277099609 312.593048095703 313.284393310547 313.005676269531 313.113922119141 314.268768310547 314.875732421875 315.156555175781 315.769622802734 315.954345703125 316.031921386719 316.205871582031 316.665252685547 317.14501953125 317.370056152344 317.490600585938 317.566986083984 317.829711914062 318.169708251953 317.765502929688 317.583679199219 317.587982177734 317.518524169922 317.649932861328 317.723724365234 317.931335449219 318.445587158203 318.7216796875 319.064361572266 319.452484130859 319.653625488281 319.489501953125 319.361724853516 319.429748535156 319.442047119141 319.472259521484 319.506286621094 319.297088623047 319.411560058594 319.536010742188 319.627197265625 319.789093017578 319.428131103516 319.414184570312 317.859985351562 313.251098632812 309.816101074219 309.678497314453 309.504638671875 309.334899902344
311.994598388672 311.9345703125 312.653259277344 312.290100097656 312.242065429688 313.922698974609 314.505584716797 314.802276611328 315.581512451172 315.900817871094 315.877258300781 316.011199951172 316.288543701172 316.953948974609 317.340728759766 317.478973388672 317.518798828125 317.608459472656 317.721221923828 317.51416015625 317.626617431641 317.688262939453 317.659881591797 317.651458740234 317.434814453125 317.591247558594 318.379699707031 318.820251464844 -9999 319.426940917969 319.523315429688 -9999 319.402893066406 319.484191894531 319.508117675781 319.385711669922 319.490142822266 319.337280273438 319.393005371094 319.427581787109 319.448577880859 319.619018554688 319.609527587891 319.560089111328 319.479705810547 317.921295166016 313.297729492188 309.848876953125 309.723815917969 309.283416748047
311.420867919922 311.505798339844 311.761871337891 311.015594482422 312.262542724609 313.578826904297 314.205047607422 314.5146484375 315.388275146484 315.653686523438 315.491638183594 315.900177001953 316.084838867188 316.524017333984 316.865936279297 317.264282226562 317.315582275391 317.428100585938 317.201080322266 317.325469970703 317.691772460938 318.047485351562 318.151550292969 318.102966308594 317.837341308594 317.723327636719 318.385437011719 -9999 319.178680419922 319.327972412109 319.422393798828 319.409698486328 -9999 319.4375 319.370269775391 319.125061035156 319.226684570312 319.331146240234 319.371978759766 319.396209716797 319.275299072266 319.145874023438 319.748870849609 319.707244873047 319.620422363281 319.545013427734 315.824890136719 309.913238525391 309.788330078125 309.447998046875
310.289825439453 310.551879882812 309.900329589844 309.960296630859 312.958374023438 313.521392822266 314.16943359375 314.445617675781 315.18310546875 315.263031005859 315.229675292969 315.805969238281 316.080169677734 316.415893554688 316.776580810547 317.047515869141 317.148773193359 317.238220214844 316.959350585938 317.139129638672 317.446166992188 317.950225830078 318.345977783203 318.346160888672 318.295288085938 318.249176025391 318.427734375 -9999 319.022491455078 319.014312744141 319.231201171875 319.284881591797 319.390838623047 319.344299316406 319.184539794922 319.086151123047 319.176818847656 319.207214355469 319.311401367188 319.297790527344 319.2294921875 318.956665039062 319.473541259766 319.670074462891 319.714263916016 319.608764648438 315.685577392578 309.622375488281 309.570281982422 309.522125244141
309.139678955078 308.681060791016 307.743377685547 308.417449951172 311.919952392578 313.151794433594 313.936706542969 314.764801025391 314.909912109375 314.668975830078 315.199249267578 315.749389648438 316.013885498047 316.384552001953 316.946014404297 316.991485595703 317.092956542969 317.144317626953 317.150146484375 317.139007568359 317.324554443359 317.553344726562 317.99755859375 318.219543457031 318.380310058594 318.4140625 318.421630859375 318.704772949219 318.693511962891 318.685913085938 319.076904296875 319.117309570312 319.199371337891 319.159515380859 319.004943847656 318.981628417969 319.219146728516 319.225524902344 319.305053710938 319.291412353516 319.277679443359 319.154479980469 319.210083007812 319.336791992188 319.497222900391 319.57177734375 317.794952392578 312.789978027344 309.249114990234 309.412017822266
309.364532470703 308.073455810547 305.926391601562 306.277313232422 310.704895019531 313.242828369141 314.060302734375 314.662567138672 314.408508300781 314.46240234375 315.135955810547 315.435485839844 315.865173339844 316.218902587891 316.693695068359 -9999 317.086853027344 317.188232421875 317.312896728516 317.27978515625 317.367736816406 317.407775878906 317.546081542969 317.715789794922 318.021575927734 318.278839111328 318.291046142578 318.403503417969 318.311401367188 318.393920898438 319.070739746094 318.991729736328 318.859924316406 318.846740722656 318.880767822266 319.065338134766 319.177032470703 319.101440429688 319.239837646484 319.284973144531 319.271209716797 319.25732421875 319.026000976562 318.842559814453 319.268951416016 319.341491699219 319.079437255859 317.356292724609 312.502410888672 309.381195068359
309.79296875 308.518585205078 307.039093017578 308.054962158203 311.069061279297 313.554412841797 314.292510986328 314.212921142578 314.242340087891 314.86279296875 315.021026611328 315.238464355469 315.876159667969 316.102905273438 316.365753173828 316.733642578125 317.080657958984 -9999 317.343353271484 317.372467041016 317.361633300781 -9999 317.339416503906 317.353759765625 317.711334228516 318.246826171875 318.152221679688 318.065643310547 317.948822021484 318.164001464844 -9999 318.932495117188 318.705505371094 318.659057617188 318.734039306641 319.007293701172 318.925964355469 318.732757568359 318.848785400391 319.102203369141 319.2646484375 319.250762939453 318.816589355469 318.754028320312 318.793395996094 318.753509521484 318.626922607422 318.646606445312 317.003051757812 312.550537109375
310.037292480469 308.855743408203 308.373413085938 311.155700683594 312.102935791016 313.431701660156 314.034698486328 314.315704345703 314.480621337891 315.085479736328 315.023468017578 315.404571533203 315.976043701172 316.107879638672 316.260620117188 316.435913085938 316.890747070312 317.083709716797 -9999 317.366271972656 317.386657714844 317.467681884766 317.517059326172 317.442413330078 317.592437744141 317.928741455078 317.663787841797 317.753234863281 317.803894042969 318.175598144531 -9999 318.807464599609 318.699096679688 318.626007080078 318.526214599609 318.547973632812 318.642700195312 318.723449707031 318.667694091797 318.911987304688 318.943908691406 318.870849609375 318.771484375 318.905609130859 318.493316650391 318.461242675781 318.563537597656 318.594024658203 318.499176025391 317.033447265625
310.276336669922 309.645568847656 308.814758300781 311.103179931641 312.161041259766 312.622650146484 312.303283691406 314.264373779297 314.410400390625 315.083404541016 -9999 315.941955566406 315.962982177734 316.045562744141 316.086730957031 316.115539550781 316.278228759766 316.443420410156 316.582885742188 316.977905273438 316.9775390625 317.185302734375 317.431030273438 317.747100830078 317.6904296875 317.763671875 317.819213867188 317.783752441406 317.951324462891 318.161560058594 -9999 318.428527832031 318.179901123047 318.294708251953 318.207122802734 318.206695556641 318.299530029297 318.393707275391 318.513244628906 318.351593017578 318.244476318359 318.388427734375 318.562866210938 318.594390869141 318.552490234375 318.492523193359 318.478057861328 318.52685546875 318.6708984375 318.945465087891
309.869140625 310.727874755859 310.486450195312 311.077362060547 312.612731933594 313.0244140625 313.179229736328 314.294891357422 314.816772460938 315.054046630859 315.119812011719 315.447357177734 315.461212158203 315.650512695312 315.823364257812 316.100860595703 316.130187988281 316.150787353516 316.201599121094 316.937805175781 316.854553222656 317.105712890625 317.339813232422 317.480560302734 317.651245117188 317.658660888672 317.777038574219 317.989837646484 318.243133544922 -9999 -9999 318.261840820312 318.098754882812 318.107086181641 318.153076171875 318.132965087891 318.174682617188 318.279174804688 318.197509765625 318.065673828125 318.085784912109 318.315246582031 318.563293457031 318.607696533203 318.558349609375 318.485412597656 318.470886230469 318.51953125 318.572570800781 318.610137939453
310.328491210938 311.230102539062 311.651153564453 311.386291503906 312.745819091797 313.163421630859 313.864501953125 314.33447265625 314.753082275391 315.010375976562 314.897277832031 315.132415771484 315.030395507812 315.120941162109 315.504058837891 316.016998291016 316.017913818359 316.155242919922 316.195068359375 317.038360595703 317.05712890625 317.099151611328 317.307678222656 317.296295166016 317.367980957031 317.520324707031 317.629425048828 317.971923828125 318.236572265625 318.191772460938 -9999 -9999 318.146270751953 318.111938476562 318.113037109375 318.013549804688 318.039855957031 318.145874023438 318.018981933594 317.911285400391 318.061187744141 318.445007324219 -9999 -9999 -9999 318.513397216797 318.486724853516 318.453765869141 318.537780761719 318.419677734375
