rcp8.5models/GFDL_CM3/sc1gr2.FIL
NCOLS 261 
NROWS 433 
XLLCORNER 336357.134 
YLLCORNER 654653.479 
CELLSIZE 1000 
NODATA_value -3.4e+38 
[rows 308 to 329 of 433, columns 147 to 195 of 261]
262.761077880859 263.654296875 269.420013427734 278.850891113281 291.149047851562 298.961883544922 303.599639892578 310.881378173828 318.472259521484 313.099670410156 307.623382568359 318.548950195312 324.934661865234 321.072265625 317.903503417969 307.208312988281 297.068511962891 297.135467529297 297.270935058594 296.990753173828 297.499114990234 302.954864501953 330.176849365234 330.575317382812 325.817718505859 319.227783203125 308.073760986328 306.161254882812 319.007751464844 327.463195800781 328.534210205078 315.334991455078 301.491424560547 284.226013183594 278.808746337891 283.513549804688 303.190032958984 312.994110107422 315.761901855469 316.150512695312 310.956481933594 318.347442626953 326.995941162109 326.705017089844 331.691558837891 339.422271728516 340.161163330078 340.33544921875 340.526184082031
260.494720458984 265.586334228516 270.675506591797 274.857543945312 285.224945068359 300.363647460938 306.186401367188 311.515869140625 312.704650878906 303.85595703125 303.323638916016 317.029754638672 322.129821777344 313.877746582031 313.388763427734 307.940368652344 295.300628662109 283.317199707031 280.660461425781 288.181518554688 298.896575927734 306.908660888672 329.204711914062 330.604766845703 326.329498291016 322.256439208984 313.1875 304.860656738281 310.809844970703 325.055480957031 329.315643310547 323.267272949219 308.970550537109 279.762664794922 276.048004150391 280.387847900391 296.999664306641 310.2451171875 315.655334472656 315.40576171875 313.905181884766 324.156433105469 328.761383056641 325.873413085938 324.621307373047 338.696380615234 340.419769287109 340.590515136719 338.427398681641
263.342620849609 268.114471435547 270.574157714844 272.723510742188 283.060089111328 300.016998291016 308.788482666016 311.221954345703 304.841278076172 295.418365478516 301.676879882812 317.277435302734 320.468719482422 309.6611328125 309.264953613281 305.327056884766 291.595550537109 277.511169433594 277.391693115234 291.258026123047 306.405181884766 316.564453125 329.607604980469 328.897064208984 325.461456298828 323.836944580078 319.619659423828 308.438720703125 305.090667724609 314.958099365234 326.049407958984 327.401489257812 315.814208984375 282.760040283203 276.743316650391 276.947814941406 288.882598876953 306.023651123047 315.803344726562 316.058502197266 315.358062744141 326.686950683594 330.769714355469 327.541839599609 324.848510742188 338.419982910156 340.262054443359 340.227600097656 338.102966308594
266.074584960938 268.258239746094 270.438232421875 273.039154052734 277.684539794922 287.425170898438 303.787963867188 309.32958984375 301.313781738281 295.561492919922 304.613983154297 320.924255371094 319.665710449219 310.846954345703 306.725921630859 298.344940185547 291.23876953125 285.164337158203 288.283294677734 300.744415283203 313.437255859375 323.433135986328 327.594421386719 326.090637207031 320.408020019531 314.33740234375 314.120239257812 307.046051025391 301.899200439453 304.685119628906 316.511383056641 327.755950927734 323.889892578125 286.6142578125 274.857147216797 274.75927734375 283.145629882812 299.201507568359 316.762573242188 316.229400634766 314.883483886719 326.527893066406 331.336547851562 329.14892578125 327.691497802734 338.935607910156 339.595825195312 339.616729736328 338.674865722656
267.506103515625 268.377319335938 270.06591796875 272.653259277344 276.119812011719 284.684753417969 298.244903564453 296.819549560547 291.036651611328 298.143737792969 308.605590820312 317.620239257812 318.669525146484 314.896057128906 306.442260742188 301.195007324219 302.468536376953 298.102874755859 298.173034667969 303.852386474609 313.212829589844 321.539886474609 321.019958496094 321.390350341797 311.57666015625 298.677307128906 302.651306152344 298.384643554688 296.026184082031 299.784271240234 309.164245605469 325.843658447266 326.274536132812 289.198089599609 277.378570556641 279.356994628906 286.184631347656 298.737243652344 316.709289550781 316.991302490234 317.414764404297 328.437377929688 331.586944580078 329.251068115234 329.043212890625 338.188720703125 338.727935791016 338.979461669922 338.083770751953
265.453063964844 266.946929931641 267.294494628906 270.535247802734 277.708740234375 279.323120117188 276.178436279297 271.496612548828 272.509460449219 281.166564941406 288.769500732422 296.985931396484 310.1181640625 319.460571289062 322.320953369141 318.987121582031 312.086456298828 306.871398925781 302.399688720703 297.767211914062 300.967315673828 305.366729736328 322.656311035156 320.412994384766 310.542419433594 306.599182128906 303.541717529297 299.615142822266 299.260864257812 295.557495117188 295.555328369141 310.754089355469 322.060272216797 299.809143066406 284.476959228516 280.149261474609 287.633911132812 303.041870117188 316.158294677734 318.134735107422 317.910034179688 326.798828125 330.154541015625 328.749725341797 334.260131835938 337.533142089844 336.732604980469 338.095520019531 336.60009765625
260.632476806641 263.994812011719 266.426483154297 271.036956787109 275.009033203125 273.267730712891 271.403686523438 268.292510986328 269.427215576172 272.344543457031 277.075836181641 295.960784912109 308.095092773438 316.151977539062 319.582000732422 320.308807373047 311.119781494141 305.506500244141 305.389068603516 300.848175048828 301.077484130859 308.001342773438 324.670867919922 323.018280029297 319.468048095703 314.200012207031 305.462768554688 301.966156005859 299.1962890625 295.479431152344 291.206115722656 302.070434570312 317.580261230469 310.991943359375 294.80810546875 286.081970214844 286.080383300781 295.361389160156 315.893585205078 319.592407226562 318.862548828125 326.927581787109 329.919830322266 327.382568359375 334.264007568359 337.022521972656 336.899841308594 337.847534179688 337.118713378906
257.712463378906 263.239044189453 268.056884765625 269.952484130859 269.144409179688 268.521789550781 268.842071533203 270.647857666016 271.549835205078 274.113464355469 279.608001708984 302.875671386719 309.315856933594 313.123168945312 318.668121337891 315.874603271484 308.388153076172 304.987670898438 309.354766845703 305.888763427734 300.580657958984 307.332489013672 324.987945556641 324.454864501953 321.21044921875 316.661010742188 312.957977294922 308.572998046875 300.955505371094 295.455230712891 289.103759765625 294.903564453125 309.92578125 319.035827636719 304.084655761719 294.305725097656 290.815704345703 295.398101806641 313.569915771484 317.54296875 321.727783203125 328.970031738281 332.384979248047 330.006713867188 334.19775390625 336.932708740234 337.56103515625 337.990631103516 337.860046386719
261.430725097656 266.469512939453 270.168701171875 269.696929931641 269.248718261719 269.11767578125 272.691497802734 279.476196289062 282.277923583984 283.920776367188 283.807006835938 300.388366699219 306.061492919922 312.680908203125 320.121154785156 310.710235595703 303.744384765625 304.296173095703 310.077087402344 310.848968505859 305.984985351562 309.918487548828 319.772216796875 323.013977050781 314.271423339844 308.690826416016 314.979278564453 312.971282958984 306.541625976562 298.862854003906 288.860260009766 287.677764892578 304.463775634766 321.125305175781 309.896636962891 298.376373291016 293.794403076172 301.858520507812 314.990325927734 317.169921875 325.539459228516 331.752593994141 334.490234375 333.637237548828 334.578094482422 337.655639648438 338.026184082031 338.464569091797 338.496398925781
270.717132568359 273.356109619141 275.154357910156 275.430053710938 275.928924560547 274.646270751953 278.22412109375 287.437225341797 291.528228759766 293.333312988281 291.345489501953 303.489929199219 311.180786132812 314.467071533203 315.885162353516 305.578674316406 296.819030761719 298.815277099609 304.627349853516 312.90283203125 313.345245361328 313.701904296875 313.635650634766 320.078948974609 313.495788574219 304.035247802734 308.514312744141 309.000518798828 306.620178222656 298.736450195312 292.449005126953 292.008514404297 305.945037841797 319.070678710938 313.875823974609 300.775177001953 294.627288818359 307.708709716797 320.190399169922 322.905181884766 327.745758056641 333.671661376953 335.091979980469 334.712829589844 336.028930664062 338.217193603516 337.491088867188 338.343841552734 339.481262207031
278.923645019531 281.774505615234 282.911346435547 283.584991455078 284.486175537109 283.943298339844 285.563354492188 291.119781494141 293.018035888672 295.635498046875 296.693237304688 307.513946533203 313.545745849609 309.358032226562 307.097259521484 297.748199462891 289.632537841797 290.863555908203 298.523406982422 313.030609130859 314.997741699219 312.104431152344 314.074401855469 318.205749511719 316.798553466797 308.123931884766 297.457916259766 292.924468994141 294.306488037109 289.474639892578 293.137725830078 301.800811767578 310.167938232422 315.779235839844 310.605377197266 299.794891357422 293.015289306641 303.847686767578 317.894592285156 322.335388183594 327.707672119141 332.886901855469 334.735076904297 334.166381835938 336.9990234375 338.461486816406 336.969573974609 337.594635009766 339.729064941406
280.839660644531 285.638885498047 287.226196289062 288.470733642578 289.103912353516 289.962921142578 290.8310546875 291.535430908203 292.930267333984 293.755798339844 293.997680664062 305.452087402344 306.419982910156 299.020050048828 296.460632324219 292.572021484375 287.822875976562 289.385803222656 298.6259765625 309.076599121094 313.128875732422 310.042327880859 309.860290527344 315.495849609375 315.021942138672 308.258972167969 293.749542236328 280.179748535156 273.219360351562 274.605529785156 291.606719970703 302.462921142578 308.683471679688 312.795471191406 301.889831542969 295.640960693359 297.909393310547 305.524047851562 312.728057861328 317.35546875 324.666442871094 330.925231933594 333.183715820312 333.797943115234 336.519653320312 338.908508300781 337.875640869141 338.078582763672 340.039489746094
278.363983154297 283.633422851562 286.281982421875 287.207916259766 287.758880615234 289.887573242188 289.615570068359 288.914916992188 291.497314453125 291.849090576172 291.344665527344 302.408508300781 300.739227294922 292.792144775391 288.455535888672 287.849639892578 287.104370117188 292.160552978516 300.766387939453 299.630645751953 309.696319580078 311.260192871094 301.086181640625 308.285247802734 313.537872314453 308.408203125 297.755401611328 280.463836669922 262.198425292969 263.252563476562 285.191711425781 299.364196777344 304.690765380859 311.367034912109 304.731079101562 303.379547119141 308.954040527344 315.363098144531 313.148864746094 318.116271972656 326.558471679688 330.515014648438 332.429595947266 334.534912109375 336.403900146484 338.726867675781 339.024932861328 339.723754882812 340.763153076172
280.219482421875 284.163940429688 286.335388183594 286.394134521484 287.048431396484 289.384185791016 288.073822021484 286.054565429688 288.305999755859 290.182403564453 290.817932128906 302.601623535156 296.483489990234 290.766784667969 286.302673339844 285.535827636719 285.744079589844 290.576080322266 295.098754882812 292.282348632812 305.235107421875 313.011413574219 295.564544677734 300.545867919922 309.154693603516 307.158477783203 299.255310058594 285.275512695312 264.987365722656 258.262298583984 272.184875488281 290.9853515625 302.190704345703 307.100433349609 311.976531982422 316.826904296875 316.945678710938 321.197052001953 317.850463867188 320.806304931641 329.824768066406 331.099609375 333.300811767578 335.000396728516 336.742065429688 338.616485595703 339.148193359375 339.541900634766 340.370819091797
283.231170654297 286.724365234375 287.659515380859 288.363098144531 288.322113037109 289.242614746094 287.997039794922 286.389465332031 287.984008789062 290.200714111328 291.775360107422 304.548980712891 296.713226318359 287.665496826172 284.402465820312 285.823211669922 287.417999267578 287.9462890625 287.664154052734 287.493377685547 296.291656494141 308.909820556641 300.985504150391 299.530090332031 301.284393310547 299.279907226562 292.99658203125 284.395843505859 271.633850097656 261.557861328125 264.397735595703 280.481048583984 298.142364501953 300.312377929688 310.270568847656 319.343383789062 323.703704833984 325.676055908203 323.477722167969 324.561157226562 329.800842285156 331.360198974609 333.842437744141 334.616577148438 336.755981445312 338.498779296875 337.644836425781 337.483093261719 339.804046630859
282.884704589844 286.662719726562 287.604278564453 288.835815429688 289.430877685547 290.288757324219 289.931915283203 288.785888671875 291.627990722656 293.038452148438 294.256072998047 302.156158447266 295.946685791016 285.666900634766 282.741119384766 285.789520263672 288.525177001953 286.749267578125 284.985900878906 283.345306396484 287.4072265625 296.65673828125 305.53369140625 302.936706542969 297.871551513672 292.420776367188 280.434997558594 271.725463867188 269.532348632812 267.661895751953 273.194274902344 285.794067382812 295.293182373047 300.296203613281 310.633483886719 316.988159179688 325.129150390625 327.88134765625 327.503295898438 327.383941650391 329.486846923828 331.015563964844 332.606170654297 334.135864257812 336.122344970703 337.267517089844 336.811859130859 337.707733154297 340.459564208984
278.873626708984 283.315521240234 285.561248779297 286.965698242188 288.042541503906 289.88037109375 291.340301513672 291.521118164062 293.566955566406 292.769653320312 293.496765136719 296.863525390625 293.792022705078 285.462036132812 283.033782958984 285.082733154297 286.655944824219 285.390686035156 282.80859375 279.944580078125 282.849548339844 285.989044189453 300.541320800781 305.972839355469 301.299011230469 292.336547851562 277.9853515625 265.998870849609 264.905029296875 273.249877929688 285.411071777344 295.838500976562 301.249969482422 302.328155517578 313.983520507812 318.561065673828 323.740600585938 328.431030273438 329.194702148438 327.947174072266 329.109313964844 330.582214355469 331.686370849609 334.045928955078 334.917938232422 336.933715820312 337.370727539062 339.38330078125 341.077667236328
274.07763671875 280.107513427734 282.565399169922 285.352630615234 286.831237792969 287.353210449219 287.759307861328 287.747222900391 288.296691894531 284.849731445312 283.633972167969 294.344573974609 291.824645996094 288.410675048828 284.483825683594 282.354370117188 283.227935791016 287.442321777344 292.715240478516 295.212554931641 294.064697265625 296.029815673828 302.778106689453 301.499267578125 297.789672851562 298.738250732422 294.839782714844 288.592590332031 271.169921875 270.819671630859 287.004211425781 296.824920654297 302.483581542969 317.849884033203 316.410888671875 318.014373779297 325.402740478516 329.301330566406 330.118194580078 329.370239257812 329.548248291016 331.533905029297 330.884307861328 332.796264648438 334.502868652344 337.070373535156 338.144989013672 339.269104003906 340.245056152344
278.196533203125 281.279113769531 283.841064453125 285.344757080078 285.6826171875 286.661163330078 285.477722167969 284.553649902344 286.112670898438 285.307525634766 284.299530029297 291.390625 289.102294921875 288.016357421875 284.258331298828 279.148498535156 277.51513671875 280.667541503906 288.924346923828 293.505615234375 297.509857177734 302.143249511719 300.029693603516 299.318786621094 294.965850830078 298.006561279297 299.848571777344 291.340118408203 272.209991455078 271.243804931641 279.154876708984 285.14697265625 291.637512207031 320.200988769531 322.348754882812 322.473266601562 325.866546630859 329.743103027344 330.727783203125 330.506500244141 331.043273925781 332.891784667969 331.641784667969 333.080780029297 335.18505859375 336.919311523438 337.577667236328 338.606567382812 340.00341796875
278.02099609375 280.3623046875 282.382904052734 281.740112304688 282.128295898438 284.294464111328 282.431335449219 282.148681640625 283.582946777344 284.795318603516 285.91748046875 290.2841796875 287.436981201172 286.157470703125 283.236755371094 278.656127929688 274.888641357422 275.370666503906 282.269287109375 287.945587158203 295.408905029297 296.916564941406 297.742126464844 296.851287841797 295.169555664062 296.781494140625 298.142150878906 290.333190917969 277.43701171875 274.821746826172 280.963409423828 283.317443847656 293.213928222656 319.017608642578 323.697448730469 327.222076416016 327.163360595703 329.547424316406 331.381134033203 331.924285888672 333.116638183594 334.300476074219 333.991760253906 334.672088623047 335.660369873047 336.481109619141 336.306762695312 337.804229736328 338.840606689453
273.212127685547 275.978790283203 278.482696533203 277.943786621094 279.08935546875 280.572174072266 279.701110839844 280.295379638672 282.036163330078 284.295318603516 286.702423095703 290.651214599609 289.73388671875 286.97314453125 284.374237060547 281.447906494141 278.027770996094 275.872253417969 282.014801025391 293.157440185547 295.28076171875 292.556213378906 305.33154296875 300.199340820312 302.266448974609 299.542755126953 292.614288330078 287.211608886719 276.984252929688 276.024169921875 288.928833007812 295.491821289062 304.232666015625 318.827850341797 323.032135009766 327.053588867188 328.97705078125 330.596435546875 331.331665039062 332.166839599609 333.783966064453 334.403442382812 334.723327636719 335.714324951172 335.633666992188 334.896423339844 334.978912353516 335.760192871094 336.246063232422
271.242431640625 273.895874023438 275.715118408203 277.599914550781 277.634948730469 277.769561767578 279.156372070312 279.236206054688 279.652404785156 282.788146972656 286.955657958984 288.104766845703 289.168060302734 288.591613769531 287.008544921875 285.089050292969 281.149108886719 279.363555908203 286.489654541016 296.184387207031 291.871917724609 290.33349609375 308.084503173828 314.168701171875 313.5634765625 305.223937988281 295.925109863281 291.328155517578 277.397216796875 273.99951171875 292.254058837891 303.115112304688 310.469024658203 316.526641845703 322.95751953125 327.781585693359 328.947784423828 329.978607177734 329.601226806641 331.151916503906 332.626983642578 333.165832519531 334.500915527344 336.075500488281 335.603424072266 333.494934082031 333.677825927734 333.523834228516 335.171417236328
