rcp8.5models/GFDL_CM3/sc1gr3.5
NCOLS 261 
NROWS 433 
XLLCORNER 336357.134 
YLLCORNER 654653.479 
CELLSIZE 1000 
NODATA_value -9999 
[rows 242 to 263 of 433, columns 150 to 199 of 261]
249.171877133905 254.79733349651 257.525277188848 258.194932835061 258.706491899814 259.580413477738 260.355230219542 260.414906387598 260.991722439247 260.680080788759 260.351949632954 260.368519372758 260.671655815845 261.066290333983 260.657764928171 260.62974692367 260.644173669182 260.46190275748 260.157359733628 260.028509659313 260.194781310174 259.933930856895 259.705688808355 259.252235875244 258.978880854629 258.664461441668 257.982153294164 258.206236395036 258.831786135923 258.954543186305 259.541600956099 259.728715546603 259.434560103846 258.692536583178 258.324612526896 -9999 -9999 259.384125716249 259.884017979616 259.468760034216 259.755181455898 259.314372388898 258.911760661419 258.637289339654 258.555874777912 258.124516143399 257.93950514104 258.372331630579 259.138310156928 259.588991440242
251.835508944087 256.083717266439 258.021523922334 258.857599996663 259.171410351155 259.520231957576 260.02944888699 260.380139114333 261.133270557731 261.490135278201 261.291405004189 261.035127687681 260.693741367775 260.621656710411 260.62312025774 260.42363127173 259.853169508253 259.647214987117 259.36369874019 259.719783564659 259.687149127153 259.596806563795 259.521478823192 259.197148370714 258.681949265496 258.167646325671 257.804537687947 257.668660923689 257.862338968336 258.235734782257 258.915565815412 258.75902621452 258.315267595263 258.341863877665 258.851762173422 258.854166693258 -9999 -9999 259.040823126493 259.107519776322 258.906030940309 258.374964755417 254.796189342458 255.221664423939 256.870532852132 257.732148375889 258.285006425132 258.55095245721 258.79570942825 259.225954817857
252.908281403482 256.341191498518 258.145487155958 258.981049839814 259.476963583873 259.90725339135 260.00595194958 260.409232527826 261.047547404642 261.532837184845 261.394228273308 -9999 260.808477710933 260.25739027986 260.299728756746 260.487678782805 260.019809366025 259.615258459716 259.649648887964 259.485725621972 259.179466009921 259.28587825107 259.356524802641 258.696018546721 257.728963874065 256.411845268208 256.699980625137 257.383461941142 257.645206360756 257.952419272103 258.854746455863 258.656593232503 258.197819861244 258.658042570341 -9999 -9999 -9999 -9999 259.096174417613 259.102287147285 258.771067170795 258.131670379927 257.36970368944 257.100779044622 257.383868111245 258.207134179988 258.822042462153 258.951246104439 259.220709784131 259.423347745734
252.930970223827 256.481918895067 258.061627199623 258.682005034208 259.62677070033 260.32482908712 260.471951793179 260.517108656771 261.347725864892 261.477566675669 261.420761019533 -9999 260.943821304092 260.307047361853 260.298953883015 260.674071836794 260.481296249157 260.233684966567 260.157564374136 259.363583475379 258.887624605106 258.800969196649 258.893682600657 258.342511257456 256.032531878277 252.385072133893 253.876252840296 256.21908762291 257.649011327571 257.863272898618 258.44898717083 258.297223029538 258.323454743867 258.894349994403 -9999 -9999 -9999 258.958943132294 258.624146555567 258.121536058429 258.240045410102 257.939321942879 257.778751989621 258.108532203056 257.975506295092 258.214082734535 259.25570168916 259.412379036455 259.687937812271 259.769827491086
250.361798998226 256.616148117718 258.087329056101 258.685193483918 259.597661122956 260.31793359963 260.622910283068 260.742136053907 261.450583608114 261.475146303304 261.473354519708 261.389396247794 261.168281035406 260.80813397322 260.594529334742 260.635943433517 260.722572165265 260.688807225627 260.381720382108 259.791570302362 259.451651393064 259.167456706868 258.963116436667 258.212084685486 255.913693659773 252.586898622683 252.657718251027 255.339959641138 257.698958156007 258.11506982103 258.465036902865 258.097629027831 258.326963341929 258.596165712401 -9999 -9999 -9999 -9999 258.599260380753 256.081273666143 253.739433404345 257.590225258589 258.004681631036 258.618163201639 258.616775858635 258.613475180721 259.428338775216 259.950041906031 260.232736033872 260.31144279963
252.823224567121 257.544356730852 258.642668583388 259.204215954147 259.948096671996 260.259874477491 -9999 260.748412285442 261.008494578568 261.207207338011 261.556070769386 261.495021991888 261.295007199257 260.863611811666 260.645548264642 260.643629483049 260.740709753652 260.794904679608 260.62743141208 260.28251825646 259.848358463814 259.530918998977 258.802652535375 257.804232689877 256.697532639052 255.85401934885 255.307240266187 256.684919510565 257.730922950247 258.059340256578 258.926161595914 258.673912026322 258.713504163462 258.63353509787 258.771563739628 -9999 -9999 -9999 -9999 256.902841045273 254.552553987001 258.365378591719 258.166116830388 258.432606700198 259.065700032859 259.550368548228 260.114395074045 260.685755475246 260.637083378048 261.016062118405
256.300511935044 258.51125277874 258.809403676915 259.474237022683 259.937119418263 260.026553117199 260.019497386466 260.555794924786 260.494773448179 260.967187091595 261.63579084301 261.577972169569 261.2682846117 260.648523688798 260.583885887699 260.664374473455 260.539497323955 260.702725915062 260.641388042346 260.440316815406 259.898757763612 259.625458245104 258.770122816314 257.871723290211 257.018630258021 256.828248202886 257.019562629022 257.036641697707 257.249999734786 257.909725140537 258.399276183898 258.672876307821 -9999 258.925361779411 -9999 -9999 -9999 258.830537066893 258.841153060666 258.557915711871 258.182434174681 258.848759286628 258.503925874624 258.274109571039 259.209439070476 259.967063774186 260.458208224387 260.917217927549 261.058579069086 261.191186700863
253.05473753175 258.361287202524 258.642554284439 259.370115482579 259.674918256611 259.927659608979 260.105894445008 260.444701782426 260.562777605609 261.053967141895 261.600988637407 261.542262614988 261.118777958956 260.651082687584 260.441691649938 260.581103132085 260.350183759334 260.21679727807 260.236027139793 260.231615207739 259.842066603068 259.545066184596 -9999 -9999 257.867552222794 257.107269072044 256.463251351421 256.046618861049 257.010123626186 257.613986514743 257.798027769383 258.13020900192 258.69097630905 -9999 -9999 -9999 258.843202174235 258.655335031463 258.341752452252 257.982041647941 258.042236945037 258.698379014646 259.055310713725 258.638590998717 259.129730839713 259.83541422828 260.301669960402 260.510913768946 260.72572154601 260.653861443523
247.956136953809 258.19751801954 258.529048581123 258.983160432701 259.258674878167 259.622701597105 259.97856532729 260.419866927093 261.099426879173 261.27923311582 -9999 -9999 260.663403603419 260.353286696717 260.302544778331 260.581594558282 260.443886796912 260.051530392074 259.800300298548 259.92784689432 259.529582006165 258.947085536678 259.146211323497 -9999 -9999 257.360002743385 256.563025302735 256.31429801538 256.832940694048 256.395486771954 258.236576711903 258.567874473271 258.760750141029 -9999 -9999 -9999 258.536514265356 257.791691615156 257.223238827402 256.691839253627 257.320816314579 258.90342566166 259.452556587482 259.378507724276 258.843227018619 258.874068475014 259.407471856655 259.891432341537 260.323035155324 260.514044316216
247.551640839503 258.285458601556 258.708556575156 258.964953106106 259.096931305833 259.308578920241 259.610969903723 260.413488525192 261.20468737749 261.409964253545 -9999 261.089963292227 260.518757360152 260.324359231833 260.453830952374 260.63648397589 260.514532680935 260.238432563302 259.700508509569 259.734659080215 259.26369938077 258.579963707783 258.700258141842 257.975718984288 256.947335123398 257.342054959657 256.949548760693 256.789564597683 256.749019535773 256.820666538809 258.596919248534 259.001903811254 259.043551836386 259.087656079806 -9999 -9999 258.421832998702 257.549320756228 257.219763347726 256.642672532761 257.049151410697 258.376760144405 259.417901996055 259.914526145683 259.26026399702 258.375392066712 258.238936361829 259.06173456873 259.958389206294 260.299955357652
247.918421736221 255.366668602334 258.417660371922 258.89588595073 259.538667226867 259.771794610463 259.753374799302 260.325514530691 261.197498138823 261.291624999134 -9999 261.049251960844 260.764896075021 260.677672003788 260.608877437667 260.603668659625 260.460512724611 260.378372078579 259.991639729205 259.245036829878 258.856121281385 258.084819596689 257.618559310533 254.964313137757 252.828709086653 256.62070535428 256.623842550092 256.621102195586 257.083599432648 257.906475723053 258.664933239595 258.658503241011 258.8106476153 259.062354824433 258.986819052696 258.973023480095 -9999 258.333262739444 257.800148915386 256.842232041141 256.488211124289 257.563596860685 258.569462099035 259.757657260079 259.841439801448 258.732168760994 257.441715162077 258.138462062559 259.531942650213 260.273735986712
245.290485813072 253.160097728823 257.236827929071 257.906770010468 259.804491762803 260.194072556349 259.4776988728 259.772642494834 261.058723542829 261.213105616956 -9999 260.973720396234 260.898615795678 260.75260043188 260.640730261711 260.549671276512 260.459649439171 260.452356792094 260.227676377077 259.226375454501 258.86525382173 257.760771821186 256.655731964552 253.136450224771 250.518991063784 256.534444963252 256.37003173625 256.157847226792 256.956355897015 257.64243640059 258.48661255065 258.181073228909 258.714009522355 258.970850132375 259.021679238364 258.948490357574 -9999 258.69739699179 257.913959337946 256.686608257837 256.081394509441 257.497015614918 258.185544413476 259.432819031485 260.163151291603 259.610925756038 258.010058723686 258.45661939497 259.76063056002 260.956673613191
248.471204824695 255.040125210838 258.187501208661 258.643783938116 259.972271346631 260.305297439156 259.864273457975 259.96770266948 260.824567427317 261.354349733916 -9999 260.613379245396 260.427817547966 260.401843712899 260.576517951443 260.459890168802 260.489031081305 260.252094925694 259.903796169438 259.34322896381 258.477383345225 257.458586214287 256.489854865247 255.101393253097 254.038008791255 256.702308874353 255.670615913146 254.935215890434 255.945392034982 257.369753586554 258.22269414899 257.968450891256 258.70682691027 258.896180082021 258.806352011187 258.913515367094 -9999 258.414682735554 257.45246905742 257.240394100932 257.274667539453 257.866567727687 258.695858539982 259.542842933748 259.859040804629 260.226745303356 259.742913838292 259.503527064913 260.25606635206 261.158092368416
247.657574771805 255.809065166603 259.391665380866 259.76509064832 260.088591887946 260.371149433673 260.366442305383 260.565512513558 261.386555264822 261.458989232948 261.094605808323 260.95564910632 260.871154567079 260.860632353337 260.571968422661 260.249317944931 260.514950723954 260.312470641804 260.086972915369 258.594156549365 258.623021774644 258.255230938558 257.584858624278 258.308272094224 257.707261260487 256.774839284358 256.299670396952 255.478226531957 256.076253030893 257.419445899596 258.299114235661 257.747311890595 257.864276082222 258.096720122632 258.196788239398 258.580576848298 258.801142909082 258.231067076643 258.071062911759 258.77496578755 258.835295293685 258.159803002939 259.372944794108 259.468605194069 259.806233113052 260.296299658088 260.821872872886 260.781153680972 260.108715010755 259.535732109417
244.68888203044 253.636774516199 259.304967375341 259.505880721105 259.38239412449 259.860693929812 260.127281728612 260.258179890534 261.509530773769 261.39915310607 -9999 260.949175952749 260.830357784926 260.74635741465 260.303342765393 259.814719023392 260.307842678955 260.370804429927 260.117927137058 259.069503842055 -9999 -9999 258.534804527627 -9999 258.221740349608 257.249975930222 256.12389541766 254.323362629332 255.443541266795 257.208641569484 257.991433359026 257.537332283281 257.417563112063 257.839792213736 258.241721217875 258.902822871115 258.858804913236 258.252855520001 258.092031847 258.845870125923 259.346127482593 258.65560160332 259.338011059292 259.913781731892 260.522759668546 260.408724995051 260.665680896606 260.528642087151 259.238366581058 258.711478750717
246.509564527039 253.714792699987 258.574524999338 258.239133097402 258.608681932047 259.746615591472 260.301018545738 260.273270516285 261.311492440502 261.462005336688 -9999 260.954571811921 260.697173884902 260.695143528151 260.423040615756 259.916433986442 260.032827835126 260.393426594337 260.19964812705 259.517242278813 -9999 -9999 -9999 257.993898425345 -9999 256.792774596253 254.430236085456 252.160344813528 255.627430639626 257.327923087211 257.589649085898 257.543519046957 257.415568725106 257.802101066887 258.219643713937 258.780586786347 258.859954914394 258.052345482741 257.837670264057 258.611884514223 259.460061339206 259.560024043557 259.935035824174 260.393853149908 260.463872404057 260.266991770941 260.241344596678 260.228751342002 259.333265908127 258.42825601994
247.177049879575 252.252305592068 255.108125907089 252.738765355557 255.46108945186 259.958964166292 260.428725631105 260.400862040524 261.116433945286 261.566233961736 261.205764369118 260.774393779237 260.433220814202 260.66185957495 260.637170163388 260.191681292073 259.808450077723 260.132045458591 260.137684582571 259.521995698477 -9999 258.332604246944 257.722531777095 256.682098910044 256.045932688913 256.065445680502 252.637122240841 249.226500398241 256.719422950313 257.052511609123 257.238183579301 257.436367734356 257.81253891887 257.78395367796 258.157017930601 258.56465755134 258.330003044946 257.831694401284 257.770649693441 258.282290005593 259.292498537802 259.956126441442 260.394132776383 260.173893004749 259.828083711525 260.132683905659 260.038395690114 259.757816522944 259.718452904784 258.757802319091
244.788581701721 248.45187395558 251.903760659828 250.982354177636 253.514904930015 260.158807054506 260.721390525561 260.722754169312 261.211371357009 261.593429049882 261.374779592735 260.794834981441 260.341534115259 260.403412203065 260.630007899802 260.329023848132 259.765598019519 259.889526636348 260.115384549064 259.138911649273 258.456627341764 258.040279226262 256.933187534259 254.284358436934 249.294930839216 245.498874097017 248.443577457214 252.044850743994 256.527370335818 256.596456742992 257.102710667703 257.449320529946 258.051242454806 258.16217128505 258.322299480388 258.357511415271 257.742006432524 257.469322856101 258.177603792685 258.811208943453 259.591436907752 260.096053082744 260.041356791319 259.660389669759 259.766084220639 260.027534692406 259.4630329581 259.080344095264 259.307235672819 259.025193899132
245.071924133637 248.773471038929 252.214441045726 254.167293024961 254.477176759093 260.548996206898 260.981555754564 260.950926728624 261.223716259101 261.5891291491 261.537809970871 261.004985680398 260.446437980522 260.129590974031 260.517495872286 260.380574760547 259.845914324807 259.776071307257 259.992171116838 -9999 -9999 -9999 255.804085056833 249.294810992848 241.766537563468 241.47165834028 250.74439977224 255.780419794257 256.098066400886 256.345011362077 256.927586482355 257.433808009439 258.214495638017 258.516186195378 258.322592482608 258.411096613533 257.948429223685 257.011040649713 257.837699856514 259.296514836279 259.649921098684 260.000207327997 259.438755546444 259.306327785658 259.491252121801 259.195997125541 258.439719884815 258.576914153706 259.130924666752 259.614047109303
251.351970584201 254.063581303272 255.26327064435 255.724579093632 255.661979357009 260.700779674724 260.633782366901 260.404356019134 261.003048918688 261.387462096295 -9999 261.00415324225 260.30458014927 259.700600022001 260.086014861395 260.086956961385 259.902674758416 259.843885193834 259.890395349823 -9999 -9999 -9999 255.896620518152 250.053009682497 248.362343243212 252.186551177295 256.338000542988 255.869034970665 255.920274715508 256.476232165075 256.879309317668 257.569476203546 258.11886423598 258.27426529559 258.262864623123 258.497327310649 258.164499673031 257.632599855217 257.903074271735 258.852352030483 259.166348724145 259.698153331505 258.881803790287 258.578600144279 258.770912466032 258.664789950741 257.992544475761 258.1289054128 259.194391945094 259.521466596976
253.213535574625 253.14003928733 255.095098704899 257.011041711092 256.630193235731 257.648420791585 258.071294151496 260.037789278469 260.836432601548 261.023167154731 -9999 261.03213649053 260.372542046429 259.644947829738 259.742933434214 259.502248483113 259.343918927065 259.565529661438 259.972176769026 -9999 -9999 -9999 -9999 256.146429069549 257.184551633492 257.465491816481 256.847304977989 256.194293278998 256.140965944199 256.660781888771 257.222600548237 257.72563849003 257.796854241554 257.742771362615 258.002473705747 258.144194063902 258.002720504047 258.367486945466 257.896092537086 257.476462640942 258.577848464409 259.387088177882 258.060472645627 257.228109152963 257.917119015978 258.28358059028 257.789914662527 257.771195985965 258.967509639577 258.750808249922
247.200303369434 245.293083402955 250.465348546007 257.727776248621 256.923854673827 255.971236075838 258.042566803398 260.206090295774 261.250627346132 261.301423018934 261.622257372552 261.087247048106 260.528880098888 260.000827918937 259.743625834304 259.326916769877 258.993328180169 259.132118977066 259.941087819396 -9999 -9999 -9999 258.775627340688 258.447761914374 257.844728910288 257.198209637502 256.754937727858 256.15824498672 256.077185686539 256.400599292064 257.386893639687 257.208682730576 257.452865582719 257.798907802649 258.143951215823 258.145670399181 257.517400789367 257.858667921172 257.627887337109 257.197086238388 258.3780303841 259.368903793207 257.998239719127 257.254751733741 257.335337965806 257.551698667429 256.736772870839 256.853765384253 258.822718920978 258.340510494769
