rcp8.5models/GFDL_CM3/sc1gr10.17
NCOLS 261 
NROWS 433 
XLLCORNER 336357.134 
YLLCORNER 654653.479 
CELLSIZE 1000 
NODATA_value -3.4e+38 
[rows 374 to 395 of 433, columns 147 to 195 of 261]
-3.4e+38 -3.4e+38 346.790405273438 347.026000976562 346.338928222656 344.505981445312 343.378601074219 342.530548095703 341.737518310547 340.463256835938 -3.4e+38 340.027801513672 340.100524902344 341.451904296875 343.119262695312 345.552947998047 349.325134277344 351.176025390625 352.229125976562 355.171020507812 358.920989990234 360.002136230469 366.525726318359 -3.4e+38 374.24169921875 377.862426757812 382.679901123047 387.109588623047 389.499298095703 392.485900878906 395.370086669922 398.494812011719 402.759857177734 413.050415039062 416.621795654297 420.952178955078 425.566314697266 431.050903320312 436.493194580078 442.318664550781 448.138885498047 453.790435791016 458.936401367188 -3.4e+38 467.932281494141 478.199249267578 483.120941162109 488.283752441406 493.738128662109
347.263061523438 346.172637939453 345.602355957031 345.420013427734 343.76220703125 341.314086914062 339.740203857422 339.762237548828 339.383239746094 338.472839355469 336.918792724609 -3.4e+38 -3.4e+38 -3.4e+38 341.481353759766 343.664886474609 346.159393310547 348.754852294922 349.391326904297 351.441436767578 355.318603515625 357.720153808594 363.363891601562 367.188568115234 371.109222412109 375.287017822266 379.456756591797 382.437622070312 384.659118652344 388.117370605469 391.317291259766 394.815704345703 398.868774414062 409.517730712891 412.523071289062 416.404724121094 421.897491455078 427.355682373047 432.614624023438 437.979675292969 443.555511474609 448.724365234375 454.53369140625 459.449188232422 464.073516845703 473.845001220703 479.202514648438 -3.4e+38 489.326782226562
344.565734863281 343.910034179688 343.748687744141 342.757476806641 341.269500732422 338.843475341797 336.801452636719 336.892730712891 336.853576660156 336.205993652344 334.538421630859 -3.4e+38 335.175048828125 336.963836669922 338.971252441406 341.2451171875 343.917572021484 346.515960693359 347.748046875 348.721160888672 351.635437011719 354.415679931641 359.925964355469 363.832336425781 367.919158935547 372.260925292969 375.531372070312 378.049163818359 380.988128662109 383.900360107422 387.293365478516 391.308532714844 395.38671875 405.942749023438 408.933135986328 412.792022705078 418.356689453125 423.753997802734 428.161987304688 433.448150634766 438.907775878906 444.184814453125 450.171234130859 455.551910400391 459.994232177734 470.03955078125 -3.4e+38 480.091125488281 485.603271484375
341.412475585938 341.184295654297 341.079528808594 339.94482421875 338.467712402344 336.438903808594 334.055511474609 333.3623046875 334.430603027344 334.043121337891 332.121276855469 331.540069580078 332.608612060547 334.44482421875 336.348083496094 339.095733642578 342.406829833984 344.147125244141 345.068969726562 345.955108642578 348.151062011719 350.7890625 357.989868164062 361.470489501953 364.380157470703 368.388244628906 371.445495605469 374.541259765625 377.79736328125 381.198760986328 384.464050292969 388.256866455078 392.349792480469 402.406341552734 405.376922607422 409.220062255859 414.809356689453 420.108612060547 424.034271240234 429.427673339844 434.642913818359 440.658172607422 446.622253417969 -3.4e+38 456.453826904297 467.264770507812 471.613586425781 476.578308105469 -3.4e+38
340.118408203125 338.936492919922 337.005432128906 336.347625732422 336.052185058594 334.238342285156 331.313659667969 330.021301269531 331.288299560547 331.477142333984 329.263366699219 329.397125244141 331.144317626953 332.859985351562 334.98291015625 337.037414550781 339.617309570312 340.846282958984 341.845489501953 342.885803222656 344.909545898438 347.939361572266 356.729064941406 358.958984375 360.873138427734 364.796539306641 367.893402099609 370.908355712891 374.703430175781 378.938201904297 381.458770751953 384.879608154297 388.97265625 398.825653076172 402.034515380859 405.758026123047 410.685302734375 415.410766601562 420.517364501953 425.710968017578 431.17236328125 437.117889404297 443.015441894531 448.785064697266 453.729553222656 464.009948730469 468.846618652344 473.75732421875 478.468475341797
338.004028320312 335.833953857422 333.474884033203 333.672546386719 333.759826660156 332.144470214844 328.963073730469 327.481781005859 327.737243652344 328.325836181641 326.743286132812 327.402008056641 329.093688964844 330.904937744141 332.980926513672 334.426116943359 336.350738525391 338.501647949219 339.906280517578 340.556396484375 342.057952880859 344.989898681641 353.722442626953 356.498229980469 358.365356445312 361.295806884766 364.265350341797 367.302215576172 371.253173828125 375.763244628906 378.470489501953 381.557189941406 386.072692871094 394.703063964844 398.726806640625 402.725433349609 406.952178955078 411.251739501953 416.810455322266 422.136138916016 427.616516113281 433.472778320312 439.393859863281 445.523193359375 451.173980712891 460.545684814453 465.843444824219 471.297027587891 475.709838867188
335.518188476562 333.008941650391 330.252319335938 330.457885742188 330.776184082031 329.810668945312 327.252807617188 -3.4e+38 324.329681396484 325.009552001953 324.144409179688 324.690063476562 327.491607666016 328.947021484375 329.798980712891 331.427398681641 333.465576171875 336.61572265625 338.28466796875 339.156555175781 -3.4e+38 342.524597167969 350.033874511719 352.881744384766 355.721466064453 358.380859375 360.712951660156 364.062683105469 368.322631835938 372.532409667969 375.811859130859 379.491729736328 383.266418457031 390.809997558594 395.149627685547 399.305786132812 403.811859130859 408.30419921875 413.187805175781 -3.4e+38 -3.4e+38 429.343597412109 435.946380615234 442.461151123047 449.317779541016 457.990478515625 463.133697509766 468.657501220703 474.444122314453
332.762023925781 330.883392333984 327.096527099609 327.02685546875 327.684143066406 326.76123046875 326.001098632812 323.709899902344 321.414825439453 321.666107177734 321.297943115234 323.417785644531 325.551391601562 326.071594238281 326.44921875 328.385620117188 331.215576171875 334.265716552734 335.346893310547 337.006134033203 338.319671630859 339.982543945312 346.852020263672 348.986328125 352.410888671875 355.360900878906 357.9150390625 361.204772949219 366.006988525391 369.498962402344 373.614013671875 377.477508544922 380.58740234375 388.629699707031 392.233856201172 396.851654052734 401.423309326172 405.417999267578 -3.4e+38 -3.4e+38 419.893920898438 426.474884033203 432.79541015625 438.355926513672 445.949371337891 455.979339599609 460.08642578125 465.005065917969 471.207916259766
328.270782470703 327.400726318359 324.776458740234 324.72998046875 324.226898193359 322.884185791016 323.426910400391 321.945037841797 319.986968994141 319.015563964844 319.795989990234 321.751525878906 -3.4e+38 -3.4e+38 324.451690673828 326.726715087891 329.60498046875 331.713745117188 332.482940673828 333.955718994141 335.501342773438 337.063720703125 343.777893066406 346.16943359375 349.139678955078 352.231719970703 355.078216552734 358.549499511719 362.924346923828 367.257019042969 372.41015625 375.81982421875 378.847259521484 387.518585205078 390.581909179688 395.019287109375 398.998657226562 402.737335205078 407.236633300781 -3.4e+38 -3.4e+38 -3.4e+38 428.426544189453 433.667816162109 440.989837646484 453.423736572266 455.777465820312 460.5234375 466.878051757812
322.750457763672 320.638641357422 319.627166748047 317.498291015625 317.820037841797 317.071899414062 316.889007568359 318.213409423828 318.652008056641 316.219482421875 314.412628173828 317.287292480469 319.469268798828 -3.4e+38 320.969085693359 322.643127441406 325.155914306641 327.263763427734 328.594421386719 329.042022705078 330.132080078125 332.371673583984 338.152893066406 340.324951171875 343.022796630859 345.401580810547 348.909423828125 353.460601806641 358.145446777344 362.819641113281 366.934844970703 370.818389892578 375.534240722656 382.038726806641 386.051147460938 390.051910400391 394.354888916016 398.901550292969 402.335296630859 -3.4e+38 -3.4e+38 -3.4e+38 421.048828125 426.768768310547 432.785064697266 442.763275146484 447.850891113281 455.420318603516 466.761352539062
322.626525878906 319.279113769531 317.301391601562 315.437286376953 315.375549316406 314.523498535156 314.220825195312 315.495361328125 315.86474609375 313.684234619141 312.531860351562 314.780670166016 316.305053710938 318.815368652344 320.614624023438 322.759765625 324.206848144531 325.634613037109 325.879425048828 326.264312744141 327.797607421875 329.770874023438 335.092926025391 337.684143066406 339.988586425781 342.788879394531 346.344299316406 351.120330810547 355.77490234375 359.477325439453 363.560546875 367.384399414062 372.332122802734 379.162628173828 -3.4e+38 386.020141601562 391.034423828125 395.9990234375 399.311370849609 -3.4e+38 -3.4e+38 412.452392578125 417.251892089844 422.705627441406 428.927398681641 438.866790771484 443.865081787109 452.543731689453 463.048065185547
321.988189697266 318.367858886719 316.624176025391 314.829559326172 313.222564697266 311.820678710938 311.061309814453 311.870147705078 311.747222900391 310.982086181641 -3.4e+38 312.748474121094 314.042327880859 316.390655517578 318.663116455078 321.746185302734 323.119781494141 323.925537109375 324.380706787109 325.441436767578 326.585845947266 327.839996337891 332.678283691406 335.405426025391 336.826324462891 340.083343505859 344.315856933594 348.639831542969 352.922332763672 356.64111328125 360.221954345703 363.961395263672 369.041534423828 376.799560546875 380.064208984375 383.728149414062 -3.4e+38 392.091094970703 396.814056396484 400.653900146484 404.228729248047 409.208953857422 414.307342529297 419.017272949219 424.189453125 435.552398681641 441.156707763672 447.682922363281 453.253662109375
320.6806640625 318.463470458984 317.608978271484 315.318572998047 312.546203613281 310.200012207031 308.645294189453 309.424072265625 309.458282470703 308.877258300781 308.861389160156 311.807678222656 313.917663574219 315.125305175781 316.586456298828 319.3662109375 320.765777587891 321.7529296875 324.253845214844 324.681945800781 324.9365234375 326.3291015625 330.059509277344 332.525817871094 334.801727294922 337.704620361328 341.663696289062 345.457855224609 350.020111083984 353.796447753906 356.776153564453 361.692199707031 367.323394775391 374.421051025391 377.891571044922 381.181579589844 384.621795654297 388.74853515625 393.686981201172 398.309844970703 402.600616455078 407.234069824219 411.606384277344 415.790893554688 420.888214111328 -3.4e+38 438.187835693359 443.358062744141 448.722259521484
321.552154541016 318.423522949219 315.857727050781 313.557281494141 310.788208007812 308.450347900391 306.825317382812 307.619995117188 307.826965332031 -3.4e+38 307.589874267578 310.587982177734 313.084991455078 313.938934326172 314.433776855469 316.290618896484 317.566528320312 318.812255859375 322.33837890625 323.553466796875 323.616912841797 325.194091796875 328.429840087891 331.146209716797 333.584930419922 335.623840332031 338.737121582031 342.916931152344 347.434600830078 350.353546142578 354.370849609375 359.573699951172 364.711700439453 372.119415283203 375.838897705078 378.256561279297 381.911773681641 385.57275390625 390.440521240234 395.706329345703 400.178802490234 405.34375 409.212066650391 413.159149169922 418.352416992188 431.019592285156 434.695831298828 440.487548828125 448.544738769531
320.426055908203 316.289855957031 312.211669921875 310.290557861328 307.686676025391 305.892761230469 305.075256347656 305.603912353516 305.141662597656 305.313842773438 306.813659667969 309.443603515625 310.982666015625 310.731994628906 311.209197998047 313.218902587891 314.850006103516 316.575469970703 319.65185546875 322.171630859375 322.910949707031 324.606781005859 327.753143310547 330.693603515625 332.100433349609 333.862823486328 336.5400390625 340.670745849609 344.243072509766 347.502960205078 352.322418212891 356.966491699219 361.326934814453 369.207702636719 373.776794433594 376.728515625 380.060089111328 383.157257080078 387.664306640625 392.522888183594 397.455474853516 402.71923828125 406.367279052734 411.027923583984 415.700561523438 426.146026611328 431.395385742188 438.178649902344 447.23095703125
317.920166015625 314.133239746094 310.446166992188 308.753387451172 306.595855712891 305.080963134766 303.904357910156 303.362213134766 302.998840332031 303.257019042969 305.503753662109 307.663879394531 307.851226806641 308.006530761719 308.898651123047 310.08154296875 312.226409912109 314.746276855469 317.059875488281 319.514495849609 321.164367675781 323.743316650391 327.005859375 328.130279541016 329.513488769531 332.106903076172 334.492919921875 337.424926757812 340.944183349609 345.525329589844 349.874298095703 353.974731445312 358.021362304688 365.748962402344 370.849487304688 374.799072265625 377.944793701172 381.326232910156 385.189086914062 389.668029785156 394.149139404297 398.896240234375 403.216583251953 408.549041748047 413.622222900391 423.052276611328 428.658172607422 434.820709228516 441.291809082031
316.572967529297 313.147399902344 311.05517578125 310.06787109375 307.678161621094 304.936920166016 302.692626953125 301.420532226562 301.379211425781 302.178070068359 303.236938476562 304.628204345703 304.836669921875 304.966369628906 305.906188964844 306.994567871094 309.658996582031 313.019226074219 315.062866210938 317.019927978516 318.619140625 321.944732666016 326.962707519531 326.337677001953 327.107940673828 329.250030517578 331.992309570312 334.833465576172 339.080200195312 343.206817626953 347.515167236328 351.145721435547 354.462432861328 362.976287841797 367.656036376953 371.749877929688 375.770294189453 379.598602294922 383.507965087891 387.163177490234 390.988220214844 395.690338134766 400.805877685547 406.294647216797 411.726409912109 420.566986083984 425.942474365234 430.95556640625 436.490692138672
316.884338378906 -3.4e+38 312.367004394531 310.558471679688 307.616973876953 304.802581787109 301.715606689453 300.133117675781 299.645904541016 300.363983154297 301.176544189453 299.991119384766 301.342163085938 301.956115722656 303.465148925781 305.347320556641 307.812896728516 310.403106689453 312.073364257812 313.951812744141 315.982025146484 319.697235107422 325.006195068359 325.340148925781 325.370483398438 326.856597900391 329.284759521484 333.120361328125 337.179351806641 340.404418945312 345.210357666016 348.769989013672 351.870513916016 359.714050292969 364.183868408203 369.394287109375 374.132232666016 377.687042236328 381.047271728516 384.276763916016 388.630950927734 -3.4e+38 398.281494140625 403.848175048828 409.116760253906 417.959930419922 423.304840087891 427.869262695312 433.608337402344
319.122467041016 314.602508544922 311.66064453125 308.814819335938 305.480255126953 303.212982177734 300.355316162109 298.472290039062 297.419952392578 297.023834228516 297.610321044922 297.484649658203 299.169189453125 300.659484863281 302.335266113281 304.156616210938 306.665802001953 307.233215332031 308.456085205078 310.529815673828 313.151062011719 -3.4e+38 321.539916992188 322.977691650391 323.546112060547 325.025268554688 327.093719482422 331.270202636719 334.911529541016 338.434051513672 342.653533935547 345.792785644531 349.154113769531 356.697692871094 361.954742431641 367.467163085938 371.734191894531 375.361206054688 378.565765380859 381.95654296875 386.731597900391 391.601165771484 -3.4e+38 -3.4e+38 406.533386230469 415.487030029297 420.704559326172 425.354461669922 430.755767822266
318.015441894531 314.150238037109 310.945556640625 307.568237304688 303.881042480469 301.508270263672 298.732452392578 297.022003173828 295.962738037109 294.857055664062 294.522918701172 297.261199951172 298.733428955078 299.540863037109 300.688537597656 302.245697021484 304.043853759766 304.358154296875 306.245025634766 308.641937255859 310.427825927734 312.765563964844 318.989471435547 321.543853759766 322.303314208984 323.635162353516 325.635467529297 328.590698242188 332.540008544922 336.452545166016 340.172027587891 343.233520507812 346.3251953125 354.648803710938 360.121856689453 365.324066162109 369.493621826172 372.664276123047 377.042907714844 380.557067871094 385.281860351562 389.988342285156 394.63916015625 -3.4e+38 403.647186279297 413.798736572266 418.834503173828 422.755035400391 427.701385498047
314.76123046875 311.447692871094 309.713500976562 307.501678466797 304.049926757812 301.408843994141 298.353302001953 296.107452392578 294.789154052734 293.338958740234 293.11572265625 295.547637939453 296.715087890625 297.649047851562 298.589233398438 299.831085205078 300.175231933594 302.098999023438 304.858764648438 306.398468017578 308.027038574219 309.526489257812 316.501129150391 320.192443847656 321.0302734375 322.522094726562 324.124694824219 326.346313476562 330.475860595703 334.411346435547 337.450012207031 341.300018310547 344.017761230469 352.266876220703 357.149627685547 362.550262451172 366.921142578125 370.151947021484 375.206848144531 379.647125244141 383.482757568359 387.74267578125 392.862762451172 396.994049072266 401.356567382812 411.985717773438 416.994903564453 420.184661865234 424.606231689453
312.758026123047 306.487030029297 302.92626953125 302.513122558594 301.620513916016 299.168060302734 297.503112792969 295.554901123047 292.954742431641 290.272033691406 289.425628662109 290.984497070312 292.201873779297 292.654998779297 292.819122314453 294.600830078125 296.796478271484 299.349060058594 300.910308837891 301.659637451172 302.989685058594 305.059844970703 312.232421875 315.643493652344 318.283172607422 319.859802246094 320.871246337891 322.742248535156 325.620025634766 329.081756591797 332.997375488281 335.703826904297 339.523834228516 347.144500732422 352.127349853516 357.052978515625 360.771850585938 365.677062988281 370.836669921875 375.158355712891 379.409545898438 383.924560546875 389.069122314453 393.271270751953 397.368896484375 406.456115722656 411.109191894531 415.190032958984 420.050476074219
