rcp8.5models/GFDL_CM3/sc1gr2.25
NCOLS 261 
NROWS 433 
XLLCORNER 336357.134 
YLLCORNER 654653.479 
CELLSIZE 1000 
NODATA_value -3.4e+38 
[rows 286 to 307 of 433, columns 49 to 97 of 261]
341.364135742188 341.302429199219 341.239685058594 341.495391845703 341.814147949219 342.180145263672 342.784698486328 342.040924072266 341.774475097656 341.704803466797 341.798675537109 342.214324951172 342.772827148438 341.7138671875 340.528350830078 341.645599365234 342.202606201172 342.296997070312 343.151458740234 342.323303222656 341.969879150391 343.419067382812 342.900604248047 342.061950683594 342.428131103516 341.609527587891 341.946319580078 344.105194091797 343.328094482422 342.170501708984 339.288757324219 339.346862792969 343.247406005859 342.951507568359 341.037994384766 339.564758300781 339.688079833984 341.320709228516 340.006195068359 338.159423828125 338.749481201172 338.819183349609 338.858764648438 338.896789550781 340.554351806641 341.142913818359 340.647857666016 338.874877929688 337.775695800781
340.996948242188 341.287750244141 341.224731445312 341.160766601562 341.095855712891 341.353759765625 341.67578125 341.827575683594 341.758575439453 341.688934326172 341.61865234375 341.713409423828 342.295227050781 341.997863769531 341.570281982422 342.26025390625 342.462921142578 342.460327148438 342.624359130859 341.580383300781 340.868499755859 342.843811035156 342.373291015625 340.515014648438 340.236877441406 339.888580322266 341.145202636719 343.641479492188 342.714660644531 342.2880859375 339.520843505859 338.622436523438 342.430389404297 342.100799560547 339.700225830078 340.054382324219 340.776336669922 341.027557373047 339.300079345703 337.529449462891 336.813323974609 337.929870605469 339.087890625 338.293426513672 338.505950927734 337.827880859375 335.81982421875 334.368988037109 333.855285644531
340.846221923828 341.226226806641 341.560089111328 341.145660400391 341.080535888672 341.014526367188 340.947723388672 341.520446777344 341.684844970703 342.020050048828 341.602783203125 341.531982421875 341.627777099609 341.594909667969 341.485107421875 341.900146484375 342.617706298828 342.930755615234 341.509887695312 341.144836425781 340.762878417969 342.005004882812 341.216491699219 338.077789306641 337.986328125 339.922973632812 341.070281982422 341.980255126953 342.615936279297 341.412139892578 340.584259033203 340.040954589844 341.692993164062 341.808654785156 340.726989746094 340.516876220703 339.931488037109 340.122436523438 339.638061523438 337.8544921875 335.876159667969 336.775939941406 338.623168945312 338.407318115234 337.894165039062 335.898895263672 333.246490478516 332.226165771484 332.249237060547
340.504150390625 340.886413574219 341.078125 340.481079101562 340.717498779297 340.999084472656 340.93212890625 340.991790771484 341.349487304688 341.567108154297 341.241760253906 341.230499267578 341.100555419922 341.373443603516 341.301605224609 341.677856445312 342.327026367188 342.742340087891 340.598388671875 340.326049804688 340.113586425781 341.872680664062 341.332458496094 337.917633056641 338.728729248047 341.59423828125 342.059844970703 340.892761230469 340.458984375 340.533905029297 340.7861328125 339.881958007812 340.577392578125 341.93994140625 340.711029052734 339.454681396484 338.921142578125 339.376770019531 338.903747558594 336.857971191406 335.196472167969 335.798126220703 337.825286865234 338.468658447266 337.739013671875 336.712829589844 335.571441650391 334.528594970703 333.384765625
339.637573242188 339.720916748047 339.980590820312 339.796905517578 340.157623291016 340.968383789062 340.901062011719 340.402313232422 340.373596191406 340.649139404297 340.923309326172 340.854644775391 341.071746826172 341.626251220703 341.893737792969 341.991088867188 341.954895019531 340.772583007812 340.018951416016 340.839233398438 341.212860107422 340.983245849609 340.999206542969 341.452758789062 339.865570068359 339.279846191406 339.812286376953 340.869934082031 340.154052734375 338.963714599609 338.472198486328 340.289642333984 341.758422851562 342.338226318359 341.363586425781 340.443603515625 339.244842529297 338.861175537109 338.052795410156 337.241333007812 336.992462158203 335.121978759766 336.160247802734 337.521789550781 338.104644775391 337.537139892578 334.522766113281 331.746124267578 330.626525878906
339.279052734375 339.3798828125 339.500671386719 339.272125244141 339.352111816406 339.966644287109 340.243804931641 340.45263671875 339.875 339.778656005859 340.198425292969 340.757232666016 341.195129394531 341.782562255859 341.970397949219 341.561309814453 341.772003173828 341.414337158203 340.194366455078 340.486755371094 340.927642822266 340.996185302734 341.349700927734 340.784301757812 337.942840576172 338.055328369141 339.898101806641 340.062072753906 340.483520507812 337.690551757812 338.470825195312 339.896301269531 341.419769287109 341.973358154297 341.097869873047 341.715759277344 341.562377929688 341.354583740234 339.866058349609 338.8427734375 339.618316650391 333.564727783203 335.025207519531 337.042419433594 338.373931884766 337.795593261719 334.856658935547 329.102905273438 321.221710205078
338.922698974609 339.201416015625 339.136749267578 339.071228027344 339.309417724609 339.749084472656 340.170959472656 339.926483154297 339.663360595703 339.593383789062 339.985534667969 340.623382568359 340.754241943359 341.143646240234 341.157897949219 340.828979492188 341.268280029297 341.512420654297 340.982421875 341.206634521484 341.074340820312 340.299835205078 340.591644287109 340.19384765625 337.663208007812 338.008178710938 339.813232421875 340.032745361328 340.454284667969 338.606140136719 339.643981933594 341.708221435547 342.180084228516 342.467315673828 342.042999267578 342.060882568359 342.483825683594 342.872528076172 341.815612792969 341.864135742188 341.165008544922 332.065368652344 333.5087890625 336.071380615234 336.466583251953 336.932495117188 335.869476318359 328.619415283203 318.84130859375
338.417175292969 338.535430908203 338.782135009766 339.056579589844 339.463714599609 339.922729492188 339.721954345703 339.717132568359 339.647491455078 339.577392578125 339.971496582031 340.43603515625 340.364929199219 340.466583251953 340.426147460938 340.608642578125 341.078857421875 341.181976318359 340.484771728516 340.789001464844 341.272583007812 339.75439453125 339.384918212891 339.775787353516 338.066009521484 336.600494384766 337.823181152344 339.385559082031 338.383514404297 337.853576660156 337.152954101562 340.836212158203 340.604888916016 340.398468017578 340.830718994141 340.362701416016 340.863159179688 341.010345458984 339.936309814453 340.296600341797 340.596984863281 334.655975341797 334.006286621094 336.667907714844 336.977752685547 336.347259521484 336.161956787109 331.474304199219 326.39501953125
338.237945556641 338.173431396484 338.275939941406 338.703704833984 339.144134521484 339.264862060547 339.028778076172 339.065032958984 339.294982910156 339.857208251953 340.293487548828 340.419830322266 340.639190673828 340.612548828125 340.492828369141 340.643737792969 340.444427490234 340.374877929688 340.162231445312 340.529083251953 340.646392822266 339.402221679688 338.4736328125 338.834075927734 338.358489990234 336.339172363281 336.121612548828 336.668243408203 336.897796630859 337.610382080078 337.181610107422 337.926330566406 338.510833740234 339.337188720703 339.499114990234 340.121765136719 341.317108154297 340.066741943359 337.130828857422 335.380920410156 337.841949462891 336.482574462891 336.969665527344 337.728607177734 338.874481201172 337.048828125 336.647827148438 336.189697265625 334.966583251953
338.224456787109 338.159606933594 338.093933105469 338.196899414062 338.623992919922 338.892578125 338.824157714844 338.685638427734 339.385864257812 340.350189208984 340.179382324219 340.069213867188 340.506713867188 340.462249755859 340.364593505859 340.322235107422 340.046142578125 340.257690429688 339.170745849609 339.154907226562 339.905242919922 338.89404296875 338.588623046875 339.378814697266 337.978179931641 336.507843017578 336.167388916016 334.952728271484 335.807922363281 335.990264892578 337.329315185547 337.425567626953 338.824035644531 340.051239013672 339.129302978516 339.513580322266 341.876525878906 339.547393798828 335.157562255859 332.427093505859 334.967010498047 333.918304443359 334.872772216797 336.607879638672 337.718017578125 335.637268066406 334.377227783203 335.137268066406 335.481140136719
338.546905517578 338.461059570312 338.728363037109 338.659423828125 338.451354980469 338.235626220703 338.474609375 338.669921875 338.946807861328 339.564453125 339.654449462891 339.562103271484 339.983154296875 340.244262695312 340.172668457031 340.101043701172 340.315185546875 340.466949462891 339.000854492188 339.058288574219 340.005798339844 339.522918701172 339.8876953125 339.471038818359 337.208160400391 336.562530517578 336.639190673828 334.553314208984 333.313873291016 333.686981201172 336.137451171875 337.190979003906 338.693878173828 339.638702392578 339.673522949219 339.914215087891 341.300445556641 338.233764648438 333.504302978516 332.696685791016 333.382690429688 330.944854736328 330.405548095703 333.292663574219 334.866088867188 333.635925292969 332.196533203125 330.939880371094 330.386871337891
337.723266601562 337.652160644531 338.084167480469 338.352905273438 338.115447998047 338.171264648438 338.606048583984 338.654205322266 338.583831787109 338.987243652344 339.144622802734 339.039337158203 339.475494384766 339.604614257812 339.825134277344 339.795715332031 339.573455810547 339.532501220703 339.619934082031 339.976531982422 339.922088623047 339.439575195312 339.365905761719 338.103332519531 337.475128173828 337.425964355469 336.533599853516 334.865966796875 333.63916015625 333.617553710938 336.135925292969 337.422546386719 337.751983642578 338.557250976562 340.411956787109 341.501312255859 340.698150634766 335.853637695312 331.056701660156 331.846801757812 333.746246337891 330.562774658203 329.342102050781 329.946136474609 332.374725341797 333.617706298828 332.521362304688 330.592315673828 329.070404052734
336.865112304688 336.786590576172 337.223785400391 337.339111328125 337.273162841797 337.689819335938 338.447357177734 338.638488769531 338.870086669922 339.303466796875 338.950775146484 338.530975341797 338.952789306641 339.210723876953 339.316986083984 339.27001953125 338.995422363281 339.209930419922 339.170715332031 339.844085693359 340.000701904297 338.802795410156 337.381286621094 336.230987548828 336.348968505859 336.595153808594 335.735656738281 335.112274169922 335.518615722656 334.531494140625 335.476470947266 336.629913330078 337.820495605469 339.316772460938 340.910888671875 341.838623046875 339.841583251953 334.936737060547 332.37060546875 333.658569335938 336.503448486328 332.630645751953 331.407501220703 331.459289550781 333.326385498047 334.03564453125 333.094970703125 330.850891113281 327.660827636719
336.679412841797 336.596496582031 337.038330078125 336.970489501953 336.902008056641 337.629333496094 338.267822265625 338.293609619141 338.728302001953 339.151885986328 338.932312011719 338.337524414062 338.44384765625 338.571533203125 338.793884277344 339.049865722656 338.978057861328 339.086578369141 338.764068603516 339.337677001953 339.835021972656 338.354858398438 336.240875244141 335.417083740234 335.623443603516 336.336364746094 337.259429931641 337.281555175781 335.882537841797 336.270812988281 334.910522460938 336.265838623047 338.779388427734 339.411956787109 340.414367675781 341.965301513672 339.90625 336.891265869141 335.419372558594 334.321014404297 336.775817871094 334.970458984375 333.606140136719 331.778869628906 331.90771484375 331.959228515625 331.805267333984 331.808380126953 330.187866210938
336.335296630859 336.585510253906 337.342864990234 337.285034179688 336.887634277344 337.481048583984 337.934234619141 338.41796875 338.535949707031 338.642242431641 338.586639404297 338.32080078125 338.248748779297 338.471801757812 338.904235839844 339.032379150391 338.960418701172 338.888671875 339.071807861328 339.140319824219 339.605285644531 338.149444580078 336.283996582031 336.552276611328 337.862213134766 338.021118164062 336.938537597656 336.288543701172 334.799438476562 337.35888671875 335.278198242188 334.46728515625 336.178192138672 338.384948730469 340.279602050781 341.604217529297 340.187438964844 337.150970458984 334.808532714844 334.209686279297 336.472473144531 334.532897949219 332.771423339844 330.485870361328 328.614135742188 327.794921875 325.559356689453 322.470153808594 322.442413330078
336.134002685547 336.066284179688 335.997863769531 336.247375488281 336.677612304688 337.103546142578 337.220977783203 337.575775146484 337.503997802734 337.611602783203 337.552398681641 337.768737792969 338.214569091797 338.141937255859 338.069305419922 338.178924560547 338.309173583984 338.819030761719 339.708984375 339.638031005859 339.751770019531 339.612518310547 338.944793701172 338.374420166016 338.554473876953 337.548553466797 336.947418212891 338.099090576172 337.354827880859 337.192993164062 338.014221191406 336.086059570312 334.295379638672 336.708862304688 340.942169189453 341.590148925781 339.020629882812 334.715942382812 333.933258056641 335.137542724609 335.783874511719 337.416198730469 333.461242675781 333.163055419922 333.528747558594 330.890533447266 327.109344482422 322.086761474609 312.454437255859
336.121734619141 336.377410888672 336.308532714844 336.412109375 336.845092773438 336.637023925781 336.564331054688 337.560180664062 337.488037109375 337.415618896484 337.64697265625 337.774291992188 337.574645996094 337.503692626953 337.729248046875 337.978668212891 337.906036376953 338.492218017578 339.080688476562 339.011352539062 338.658599853516 337.520965576172 336.13720703125 335.819183349609 337.189117431641 337.671905517578 337.295989990234 337.891265869141 336.562683105469 334.771240234375 337.005920410156 336.971527099609 335.586822509766 338.864990234375 341.61962890625 341.312286376953 340.193725585938 335.712432861328 332.743560791016 336.553314208984 338.943939208984 340.529907226562 338.22021484375 337.463958740234 338.098876953125 337.505645751953 333.094604492188 328.792907714844 320.974731445312
335.459991455078 335.895660400391 336.148773193359 336.079803466797 336.190216064453 335.942138671875 335.868347167969 336.590545654297 336.841674804688 336.770935058594 336.882019042969 337.125305175781 337.481231689453 337.427642822266 337.514617919922 337.960327148438 338.181243896484 338.611968994141 338.670349121094 338.598907470703 338.057189941406 335.952728271484 333.998931884766 333.906860351562 335.542449951172 337.185729980469 335.197326660156 333.452758789062 334.10107421875 335.091583251953 337.313140869141 337.262878417969 336.773620605469 340.320281982422 341.337799072266 340.782073974609 340.244720458984 338.503875732422 337.415374755859 338.168670654297 337.674530029297 338.847381591797 337.310974121094 331.324005126953 325.680541992188 325.377075195312 328.787048339844 325.834594726562 318.051879882812
335.097778320312 335.206604003906 335.638122558594 336.210479736328 336.457855224609 336.066192626953 335.673950195312 336.022705078125 336.456146240234 336.382965087891 335.697296142578 335.780120849609 336.724365234375 336.965209960938 337.199829101562 337.325714111328 337.439605712891 337.570983886719 338.361022949219 337.972076416016 337.715911865234 336.120483398438 334.004913330078 333.298492431641 335.097686767578 336.886596679688 334.63525390625 333.054443359375 334.581237792969 337.1142578125 339.115478515625 339.053894042969 339.385589599609 341.167114257812 340.863403320312 340.207916259766 340.547637939453 340.963684082031 339.416687011719 335.653900146484 334.536224365234 333.087493896484 331.691467285156 322.092437744141 311.647644042969 310.036315917969 317.839508056641 316.442718505859 309.130615234375
334.766937255859 335.016418457031 335.451049804688 335.731842041016 335.844635009766 335.912567138672 335.659332275391 336.009338378906 336.129089355469 335.739074707031 334.992279052734 335.1982421875 336.448364257812 336.574127197266 336.678894042969 336.923065185547 336.849334716797 336.775909423828 337.834899902344 337.269409179688 336.882019042969 337.007171630859 335.638458251953 333.87548828125 334.840118408203 335.483062744141 334.233001708984 333.333038330078 333.092468261719 337.124114990234 339.400482177734 340.483795166016 340.845062255859 341.205535888672 340.812927246094 340.529968261719 340.962463378906 340.320953369141 336.779724121094 332.548736572266 332.606292724609 330.126129150391 327.842132568359 320.797943115234 311.356231689453 310.459869384766 317.710510253906 317.246459960938 314.564208984375
334.254058837891 334.358184814453 334.470031738281 334.721801757812 334.9716796875 335.080078125 335.327697753906 335.996002197266 336.240417480469 335.357025146484 335.082794189453 335.818695068359 336.31298828125 336.247619628906 336.465454101562 336.904113769531 337.126800537109 337.072570800781 337.318084716797 337.032196044922 336.78125 337.057342529297 336.113739013672 334.253692626953 333.813232421875 333.421356201172 334.099914550781 333.193511962891 330.868530273438 335.233154296875 338.219482421875 340.100860595703 340.313049316406 340.973815917969 341.264434814453 340.982849121094 340.401947021484 338.910858154297 335.850860595703 332.232177734375 333.104217529297 333.837432861328 331.6064453125 329.205963134766 323.076873779297 319.781768798828 320.222930908203 317.709899902344 316.607574462891
333.415466308594 333.676849365234 333.921264648438 334.031311035156 334.461029052734 334.703826904297 334.814056396484 335.351837158203 335.779754638672 335.336547851562 335.255859375 335.869232177734 335.804168701172 335.719421386719 336.448760986328 336.884948730469 336.998321533203 336.936492919922 337.107116699219 336.704528808594 336.938323974609 336.875915527344 336.130187988281 334.293518066406 333.150451660156 332.913940429688 332.727844238281 332.602172851562 332.160491943359 335.922027587891 338.50537109375 339.83447265625 340.001678466797 339.895355224609 339.945526123047 338.959381103516 338.112274169922 338.138702392578 336.736480712891 334.961090087891 335.697326660156 336.077331542969 336.208892822266 334.042083740234 326.594940185547 315.895629882812 308.165466308594 304.625183105469 303.209228515625
