rcp8.5models/GFDL_CM3/sc1gr4.1
NCOLS 261 
NROWS 433 
XLLCORNER 336357.134 
YLLCORNER 654653.479 
CELLSIZE 1000 
NODATA_value -9999 
[rows 46 to 68 of 433, columns 100 to 149 of 261]
292.142116924962 292.107495972427 292.17944632934 292.365928902134 292.518977419996 292.368264772105 292.410466141476 293.052916122069 293.071506317571 293.243806391724 293.344456880464 293.249755412685 293.214292356879 293.293114866957 293.447992735431 293.405294135611 293.481635904666 293.59552685963 293.547359734356 293.550504020115 293.514810784538 293.519851287495 293.948054817807 294.244374016173 294.467116496038 -9999 -9999 -9999 -9999 -9999 -9999 -9999 -9999 -9999 -9999 -9999 -9999 -9999 -9999 -9999 -9999 -9999 -9999 -9999 -9999 -9999 -9999 -9999 -9999 -9999
291.715406328637 292.166838235923 292.28096670289 292.294514415914 292.415193778749 292.362485726532 292.287435639679 292.649534322468 293.070905389063 293.247011082799 293.399991312131 293.245528692703 293.261195153029 293.19658195586 293.452679275601 293.460609013168 293.468429015047 293.487045598466 293.565078476231 293.392230687071 293.447916560473 293.607472862998 294.087447696818 294.300730922979 294.232993592618 -9999 294.678105033127 -9999 -9999 -9999 -9999 -9999 -9999 -9999 -9999 -9999 -9999 -9999 -9999 -9999 -9999 -9999 -9999 -9999 -9999 -9999 -9999 -9999 -9999 -9999
291.490534949282 292.16808220775 292.339045759987 292.344116064342 292.255026548005 292.363813181124 292.318949524408 292.404429753752 292.771123329108 293.239382092496 293.300538650116 293.232029710043 293.167469224666 293.226195756184 293.347079447017 293.365341535479 293.478071452694 293.574923598363 293.52037275 293.319083199449 293.32303456454 293.630338033948 294.131910394731 294.486020027533 294.090066130521 294.453391773723 -9999 -9999 -9999 -9999 -9999 -9999 -9999 -9999 -9999 -9999 -9999 -9999 -9999 -9999 -9999 -9999 -9999 -9999 -9999 -9999 -9999 -9999 -9999 -9999
291.174362649812 292.167622200301 292.322490570915 291.928619141124 292.187931118723 292.152010458219 292.178843667349 292.487462358239 292.474894494043 292.803498994818 292.714381493005 292.722684187157 293.115527803151 293.276150879676 293.293981879819 293.402606467771 293.451577871437 -9999 293.371090165849 293.315493405839 293.269771635064 293.372920760201 293.959703536015 294.285532666234 294.051181064984 294.207933570582 294.454344927092 294.547935368676 294.7700267834 -9999 -9999 -9999 -9999 -9999 -9999 -9999 -9999 -9999 -9999 -9999 -9999 -9999 -9999 -9999 -9999 -9999 -9999 -9999 -9999 -9999
291.09726376098 292.167133723079 292.295546183793 291.28564547153 292.079358396141 292.037176688606 292.163250634777 292.445900233971 292.487956005759 292.343658348846 292.20517987353 292.332869349021 292.817943826402 293.132411923052 292.815977953589 293.353407139438 293.348460377574 -9999 292.945948646143 293.333913750885 293.424933414784 293.408232504908 293.681231361227 293.933939785269 294.046595871135 294.175330043331 294.379133477644 294.454048861796 294.865118869404 295.099653251188 -9999 -9999 -9999 -9999 -9999 -9999 -9999 -9999 -9999 -9999 -9999 -9999 -9999 -9999 -9999 -9999 -9999 -9999 -9999 -9999
291.146229984582 292.158966027667 292.081315214831 291.126181236505 291.293166545642 291.719226274929 291.884118256932 291.854106362394 291.905958292493 291.691790993867 291.598307543717 292.259253671514 292.414995137619 292.665896287055 292.529143692372 293.279604337165 293.150117203935 292.74738748026 292.515022547399 293.157910781613 293.507534910037 293.592300757912 293.526235356302 293.641138252441 293.937714135566 294.055164249079 294.393690442031 294.517387202974 294.665642511902 294.662783159808 -9999 -9999 -9999 -9999 -9999 -9999 -9999 -9999 -9999 -9999 -9999 -9999 -9999 -9999 -9999 -9999 -9999 -9999 -9999 -9999
291.244795234436 291.842409199578 291.985838221289 291.582337595122 291.085500669072 291.426457331196 291.49526658405 291.540980741608 291.439169686875 291.288222792732 291.308143271993 292.151766556638 292.279920625186 292.449627995131 292.603045779426 293.042414070482 292.720666724177 292.741351530834 292.492450385589 293.124794702135 293.411193921099 293.543496290815 293.460015859759 293.832517033983 294.023252484249 293.858000862041 294.35552474904 294.244832072813 294.280542883927 294.521970229257 295.054726871062 -9999 -9999 -9999 -9999 -9999 -9999 -9999 -9999 -9999 -9999 -9999 -9999 -9999 -9999 -9999 -9999 -9999 -9999 -9999
291.290301756723 291.245345185711 291.690699370092 291.914791306127 291.195270619081 291.368307401509 291.468494274189 291.323638636056 291.180010842917 291.222990945409 291.206358437704 292.094559504626 291.792959885797 292.340128186724 292.417071634901 292.507991414502 292.297157141321 292.649444171921 292.658779772438 293.26300578904 293.334019815341 293.375637987043 293.299370232498 293.734913713628 293.87519722927 293.8125750994 293.924938907254 294.252983299305 294.307930954361 294.618717738013 294.953880291247 295.224637453548 -9999 -9999 295.428004195432 -9999 -9999 -9999 -9999 -9999 -9999 -9999 -9999 -9999 -9999 -9999 -9999 -9999 -9999 -9999
291.2745475199 291.114994049754 291.523106640188 291.943118082102 290.654683767802 290.755843958223 291.284051537631 290.684890189362 290.726257798723 290.64641536641 291.344487552121 292.050106247269 291.506016092015 -9999 292.091379559623 292.2695905026 292.153063822896 292.372562114757 292.53885532855 293.279931649634 293.054581974958 -9999 293.190133225111 293.326086799087 293.559501849432 293.9503575711 293.881726658404 294.043672698468 294.02463077747 294.80364813218 295.014157748318 295.086346618186 295.19545404106 -9999 -9999 295.438079833984 -9999 -9999 -9999 -9999 -9999 -9999 -9999 -9999 -9999 -9999 -9999 -9999 -9999 -9999
290.848288021178 290.337882804809 291.2935418701 -9999 290.654334779653 290.403263258855 -9999 290.276162795898 290.340712969238 290.406766568492 -9999 292.101126600525 291.542674399608 -9999 291.582665358032 292.071210226401 292.030095676502 292.117783439412 292.427394273015 293.242479270077 292.771244336272 293.130624439817 293.185737285302 293.281514569948 293.371617560166 294.064509932888 294.249764091747 294.151543331191 293.639142099475 294.669456864586 295.031810490841 294.853309223992 294.837905653827 -9999 295.426055486302 -9999 295.442962646484 -9999 -9999 -9999 -9999 -9999 -9999 -9999 -9999 -9999 -9999 -9999 -9999 -9999
290.130730403955 290.413349938432 -9999 -9999 290.845879144054 290.238041807885 290.096101186876 290.927671997796 290.265289496471 290.94195661642 -9999 292.207234728023 291.534820416573 291.205506938861 291.232757043708 291.433988030105 291.621179872018 291.621739335504 293.026441475693 292.348956105072 292.254365378362 292.866471766249 292.44801908346 292.439172115363 293.256494577033 293.175977369229 293.86390499562 293.958680864673 293.39456132946 293.549538311908 293.903115128745 294.125978117883 294.379040401673 295.027003176561 295.254482368638 295.369706311858 -9999 -9999 -9999 -9999 -9999 -9999 -9999 -9999 -9999 -9999 -9999 -9999 -9999 -9999
289.299537790549 291.038589639144 -9999 -9999 291.053957417492 290.725412648798 290.771478122595 290.725112434026 290.780871365457 291.248685572346 291.530358005052 291.570740275751 291.069950065273 291.266706179719 291.285592136246 291.381851749384 291.404975227968 291.965371693772 -9999 291.712656748182 291.926945722402 292.415536712414 292.038978082452 292.37471277945 -9999 293.10384200533 292.774885388732 292.808267749079 292.673574860117 293.35845948241 293.521606959496 293.650877545739 294.429700561983 294.922961433898 -9999 -9999 -9999 -9999 -9999 -9999 -9999 -9999 -9999 -9999 -9999 -9999 -9999 -9999 -9999 -9999
289.253856621731 291.320308419318 -9999 291.21896385801 291.007746800573 290.920769420514 290.940498589877 290.350179207817 290.680798943583 291.326154437941 291.289155846778 291.197933883607 290.956903442115 291.254878549749 291.176162949813 291.279408514401 291.671678037661 -9999 -9999 291.406659488996 292.075407425194 292.1372425349 291.975405522002 291.944066072312 292.201464610406 292.947869091445 292.341937354751 292.225537167688 292.462615599824 293.168998680338 293.134461304688 293.401382925679 293.802523180458 294.479683207818 -9999 -9999 -9999 -9999 -9999 295.312790070359 295.374113411103 -9999 -9999 -9999 -9999 -9999 -9999 -9999 -9999 -9999
289.079316211676 291.319345306291 291.319478287521 291.142564285787 290.690083992204 290.664146006548 290.91564426719 290.250226041538 290.848933572677 291.37615679051 291.222568450712 291.103104671729 291.144116748911 291.268684922376 291.291088852004 291.153244712011 291.559357557806 292.184608929924 292.084108634059 291.718509511345 291.761131969963 292.079731831762 291.576897417715 291.617785181268 291.685763534374 292.423100274085 292.255358657959 292.235147775843 292.425351723714 292.638424124603 292.716328784715 293.361286254297 293.879984540524 295.013004630152 -9999 -9999 -9999 -9999 -9999 -9999 295.369791601477 295.454029452618 -9999 -9999 -9999 -9999 -9999 -9999 -9999 -9999
289.792086828346 291.318343849919 291.312259410846 291.055248724211 290.930901670592 290.815705423293 290.486050514706 290.325945872579 290.58897393223 291.374775235713 291.169420415885 290.58161621921 291.16140010021 291.28066669884 291.401442580163 291.154542066725 291.566975349239 292.115094969436 292.011212502903 291.800053535598 291.428091105847 292.05662096397 291.515268821602 292.077760993476 291.300623999962 291.67941505292 292.199452034527 292.200202864746 292.194503912909 292.302831838424 292.560032621851 293.547715706194 294.708403335968 295.546744184763 -9999 -9999 -9999 -9999 -9999 -9999 295.662651173995 295.604144135426 -9999 -9999 -9999 -9999 -9999 -9999 -9999 -9999
290.289188355675 291.210234461885 291.200544380935 290.912300982776 291.180735120626 291.211027049898 290.893926691639 290.398674905286 290.774326215812 291.172169979766 291.0817867648 290.640295848716 291.114930228278 291.35052710079 291.215084766895 291.14448583929 291.483429019859 291.964838680138 291.547210142342 291.488021411276 291.447357359578 291.622418857953 291.601125904347 292.244463250501 291.082658092458 291.18435644984 291.840279798059 292.514093836676 292.108228629577 292.484891244638 292.956446865656 293.975960152691 295.236740279597 295.363718551271 295.316628328489 -9999 -9999 -9999 -9999 -9999 -9999 295.945425322695 295.995284070826 -9999 -9999 -9999 -9999 -9999 -9999 -9999
290.27732673555 291.036765232455 290.938143704136 290.862011039285 291.286932191471 291.307036393762 290.683061137253 290.219475731219 290.93944187767 290.948126051936 290.9510755783 290.849610650224 291.098982057652 291.127839635892 290.445235121355 291.013523596863 291.18197660938 291.901469567654 291.478832875259 291.328714336556 291.472056389661 291.40409989534 291.416379434143 292.169041195796 290.892499240925 291.430130409482 292.051565996467 292.359038287493 291.945166606383 292.608882751199 293.564232496825 294.628674052353 295.189415300265 295.122832889508 294.87057371045 294.281958487191 294.508005868111 295.1545177276 -9999 -9999 -9999 -9999 295.997896991836 -9999 -9999 -9999 -9999 -9999 -9999 -9999
290.170441043252 290.669722970679 290.837170965428 291.064647991707 291.342195828048 291.263258553268 290.139006554791 290.051138874005 290.298922712954 290.848136621615 290.474643203039 290.475897988799 290.61885464727 291.033707004927 290.540181216111 290.509100736946 291.202005593373 291.606216672553 291.946731914197 291.300271315739 291.27446342079 291.263949412346 291.261261698589 291.831422635113 291.235227404283 291.983571754895 291.74346495567 291.680244220335 291.741012071209 292.58923376737 293.797445232003 294.869983214644 294.804973045761 294.766919391499 293.754352746205 293.427610747084 293.734423339383 294.501907862746 295.140898194751 -9999 -9999 -9999 295.952156633658 295.922111242371 -9999 -9999 -9999 -9999 -9999 -9999
290.010477753602 290.487755194104 290.650383881023 291.275853386847 291.341060226676 291.290442657745 290.51222375789 290.071960137097 290.538304692517 290.843020597729 290.425306765546 290.324104147599 290.075362219337 290.40359260796 290.713178675774 290.70083815218 291.281525508803 291.35026993773 291.719394693017 291.3092519327 291.321308909171 291.152032681558 291.172633818264 291.285214956401 291.750724287498 291.616092134352 291.023084782984 291.378555479345 291.602752720859 292.624815316432 293.92498272718 294.68669330866 294.520178467119 293.677224440204 292.718990017305 293.454555171989 293.928522061561 294.417452979407 294.907564910904 295.321523645586 -9999 -9999 -9999 295.924833973269 -9999 -9999 -9999 -9999 -9999 -9999
289.85104776193 290.291502650838 290.741261594592 291.33105190467 291.324766857118 291.067460383536 290.216482478392 290.198618743041 290.892811021647 291.071702392417 290.825912390687 290.387048237277 290.134654560757 290.251236226025 290.477155205192 291.17327384752 291.383317933349 291.35951993793 291.185797223807 291.386199431074 291.182798741551 290.712929647321 291.178340894495 291.317759452008 291.467718395189 290.734871217907 290.78716833941 291.386075488155 292.170817858096 293.2629136795 294.190666665254 294.652863339012 294.421293895637 293.21931067658 292.010678594186 293.478976227449 293.768001116562 294.22387709526 294.916403446095 295.111564476375 -9999 -9999 -9999 295.867083491858 295.64923751896 -9999 -9999 -9999 -9999 -9999
289.901007946105 290.066213787363 290.547824058673 291.230986276256 291.322168253661 291.070853945848 290.464920732453 290.227820576808 290.569091694833 290.724120586503 290.982000319428 290.283294108136 290.335743978356 290.266104368293 290.757657359947 291.382062851981 291.419836353738 291.169896220256 290.732361207762 291.245506855326 291.03935559985 290.508838162301 291.103905934842 291.385184963314 291.350295408706 290.961989209767 291.686189313562 292.690421612848 293.229069908129 293.99459623045 294.272640531208 294.529674421421 294.499880742617 293.694373224898 291.663151427864 293.023012578352 293.248217172372 294.217556500496 294.810072103278 295.095390652445 295.649282139557 -9999 -9999 295.872800460229 295.599154565162 295.798802895417 -9999 -9999 -9999 -9999
289.768335626113 290.185049255072 290.169510560468 291.060154611828 291.129054889045 291.153496578739 290.800054021349 290.211191811044 290.371954432648 290.40364406348 290.586322183188 290.119518947472 290.237111977025 290.573301120913 291.170069444026 291.411321934347 291.066737241272 289.93151026179 290.30189504012 290.649298332163 290.826305277431 290.845201907388 291.211417594554 291.359924860113 291.488254463816 291.606573651685 292.864421245349 293.59954957447 293.985994169241 294.245982184819 294.429226017092 294.483056677604 294.384678819546 293.661328931604 292.188495506423 293.11967320502 293.926390902978 294.672622904488 295.04085761619 295.071929088493 295.449768388501 295.350222582548 -9999 -9999 295.623241612572 295.718681650883 -9999 -9999 -9999 -9999
289.498116174166 290.180023620274 289.951713574738 290.963161696825 291.139139007816 290.790779382264 290.701684210737 290.659079409087 290.288028779663 290.104561179121 290.021067057845 289.451937665097 289.841869346226 290.685957013133 291.073803242989 290.429535798109 290.07253822405 290.250749085421 291.248116202142 291.436927461213 291.728544191833 292.090836649714 292.390195953573 292.848986573306 293.151304066088 293.348191205843 293.255672987012 293.700840745062 294.211724042393 294.25428225688 294.235182158986 294.301828018548 293.525638708593 293.267646198782 292.234009543308 292.943461647906 293.269299493387 293.796697324154 294.268638608476 294.327469945069 294.628523797333 295.163816120525 295.688524147536 -9999 295.905867749201 295.825867318183 296.079780741943 -9999 -9999 -9999
