rcp8.5models/GFDL_CM3/sc1gr6.28
NCOLS 261 
NROWS 433 
XLLCORNER 336357.134 
YLLCORNER 654653.479 
CELLSIZE 1000 
NODATA_value -3.4e+38 
[rows 308 to 329 of 433, columns 196 to 244 of 261]
942.153015136719 960.978576660156 1004.05651855469 1023.95043945312 1024.48864746094 1002.89990234375 995.666870117188 1022.26947021484 1026.43884277344 1035.97058105469 1050.591796875 1060.74670410156 1082.064453125 1109.99291992188 1135.66772460938 1145.56188964844 1154.09265136719 1164.47961425781 1157.09167480469 1159.20031738281 1170.59387207031 1187.61596679688 1187.63708496094 1188.64782714844 1195.900390625 1221.69079589844 1257.03112792969 1259.55224609375 1242.46301269531 1253.86669921875 1271.34692382812 1278.69299316406 1287.91149902344 1293.08081054688 1294.56176757812 1297.38952636719 1306.64245605469 1317.22521972656 1317.89953613281 1318.00390625 1324.09680175781 1348.03076171875 1351.48486328125 1351.23510742188 1354.46813964844 1355.24401855469 1356.86889648438 1360.646484375 1364.53759765625
953.708435058594 950.255493164062 976.490234375 992.085876464844 993.811584472656 992.686584472656 1013.62292480469 1012.64562988281 1019.77813720703 1031.50695800781 1044.26599121094 1060.1357421875 1087.021484375 1107.498046875 1127.67236328125 1134.79895019531 1144.45471191406 1157.38232421875 1157.03491210938 1148.49426269531 1157.46484375 1171.30285644531 1173.78918457031 1179.2705078125 1195.15124511719 1222.09191894531 1236.20642089844 1250.05419921875 1250.48876953125 1242.06286621094 1258.66027832031 1266.34875488281 1276.07214355469 1280.93884277344 1278.82739257812 1284.82556152344 1299.78479003906 1305.36450195312 1308.81127929688 1309.19287109375 1311.47192382812 1333.63220214844 1336.35083007812 1341.03784179688 1346.16589355469 1348.16369628906 1349.35217285156 1353.6279296875 1357.38598632812
957.499145507812 944.204528808594 961.091369628906 988.283874511719 996.851989746094 995.501525878906 1026.89916992188 1014.20324707031 1019.24237060547 1023.84375 1040.51281738281 1065.86340332031 1090.55969238281 1106.19006347656 1120.6669921875 1128.37133789062 1135.14538574219 1146.52136230469 1154.54870605469 1142.41882324219 1147.01147460938 1154.32299804688 1162.13684082031 1172.91149902344 1192.93786621094 1211.92944335938 1215.75512695312 1233.67016601562 1259.23327636719 1248.96533203125 1243.857421875 1253.4150390625 1261.07641601562 1267.74475097656 1270.54821777344 1274.79345703125 1289.12536621094 1295.24108886719 1297.53271484375 1301.60485839844 1300.29321289062 1320.77490234375 1325.63623046875 1331.88195800781 1336.55004882812 1339.93811035156 1344.875 1347.79052734375 1352.01831054688
950.77099609375 940.410400390625 956.339904785156 990.750183105469 1002.49383544922 999.696899414062 1010.40179443359 1011.59301757812 1010.88922119141 1015.9541015625 1033.92236328125 1059.29541015625 1083.80712890625 1097.56274414062 1109.71215820312 1120.60925292969 1128.10668945312 1137.64294433594 1134.14477539062 1134.16333007812 1140.44946289062 1146.59301757812 1153.96411132812 1167.39489746094 1183.44567871094 1193.93615722656 1201.02868652344 1216.97033691406 1252.89013671875 1251.61486816406 1230.3408203125 1238.38220214844 -3.4e+38 -3.4e+38 1258.16564941406 1263.45764160156 1274.29113769531 1284.53918457031 1287.111328125 1291.92846679688 1292.21887207031 1309.94213867188 1315.12683105469 1324.06469726562 1326.14855957031 1331.19592285156 1339.41149902344 1344.16760253906 1348.16564941406
944.158996582031 942.651977539062 949.007019042969 972.146911621094 985.469360351562 987.819580078125 990.505187988281 997.392761230469 999.943115234375 1011.81488037109 1024.56140136719 1044.53747558594 1063.76208496094 1076.97546386719 1089.287109375 1103.23168945312 1121.16235351562 1128.06909179688 1115.62365722656 1123.60534667969 1131.80029296875 1137.73059082031 1146.32458496094 1159.67980957031 1170.59045410156 1183.45422363281 1195.67529296875 1204.51123046875 1236.33532714844 1243.61560058594 1224.998046875 1232.02905273438 1237.26025390625 1240.3115234375 1245.21630859375 1253.49255371094 1263.95837402344 1274.68640136719 1278.00622558594 1281.28039550781 1283.33447265625 1300.11413574219 1306.72509765625 1313.93579101562 1317.02856445312 1323.18994140625 1330.81774902344 1335.79333496094 1341.01293945312
949.6025390625 932.209106445312 940.018249511719 961.423950195312 981.799072265625 977.612731933594 970.572448730469 981.055603027344 992.146789550781 1007.99517822266 1015.2314453125 1028.09741210938 1049.63452148438 1055.79614257812 1060.93188476562 1077.47021484375 1090.697265625 1110.08386230469 1120.36779785156 1109.02587890625 1112.87768554688 1120.00170898438 1127.83361816406 1137.89831542969 1148.28735351562 1163.32385253906 1181.58703613281 1178.13073730469 1189.86743164062 1207.60583496094 1212.56799316406 1217.60070800781 1220.15759277344 1226.56091308594 1230.72619628906 1237.236328125 1243.46154785156 1255.44018554688 1262.70227050781 1263.54443359375 1269.94787597656 1281.21752929688 1286.73205566406 1290.115234375 1298.35998535156 1304.40710449219 1311.18835449219 1316.44104003906 1322.1669921875
948.061706542969 933.807434082031 935.980895996094 955.5302734375 985.84228515625 987.464050292969 961.320007324219 976.889404296875 990.649353027344 1004.82037353516 1013.82806396484 1024.62817382812 1041.44812011719 1041.82275390625 1053.33459472656 1065.3798828125 1071.416015625 1086.10131835938 1119.27685546875 1102.16955566406 1103.25720214844 1109.26574707031 1118.03479003906 -3.4e+38 1139.83361816406 1151.59558105469 1162.67749023438 1167.28698730469 1172.59423828125 1182.77478027344 1199.35046386719 1203.55932617188 1208.98376464844 1216.48352050781 1221.55212402344 1228.51623535156 1233.32922363281 1244.88061523438 1253.97888183594 1258.16247558594 1263.822265625 1273.59301757812 1278.30358886719 1282.75830078125 1290.33337402344 1294.99816894531 1301.19750976562 1305.84704589844 1312.81494140625
938.365417480469 931.625549316406 933.411682128906 950.242980957031 980.7890625 984.2998046875 956.80517578125 975.665344238281 987.797058105469 997.912109375 1005.86431884766 1014.55798339844 1026.51086425781 1033.38256835938 1045.09130859375 1054.3447265625 1062.03271484375 1074.02001953125 1097.73120117188 1092.10437011719 1094.04223632812 -3.4e+38 -3.4e+38 -3.4e+38 1131.35339355469 1141.66003417969 1153.00170898438 1158.189453125 1162.72631835938 1170.38549804688 1185.42041015625 1192.41357421875 1197.75732421875 1205.45690917969 1212.7939453125 1218.35473632812 1226.19482421875 1235.74267578125 1242.19006347656 1251.86694335938 1258.40466308594 1267.11022949219 1273.41137695312 1277.00720214844 1281.62731933594 1286.12915039062 1291.83264160156 1297.05310058594 1304.1328125
927.104309082031 926.561889648438 931.877563476562 944.155090332031 967.225219726562 974.133483886719 955.232299804688 972.217346191406 982.445129394531 991.633422851562 999.318664550781 1006.46234130859 1015.66461181641 1023.82641601562 1033.8251953125 1042.80505371094 1051.81372070312 1064.78161621094 1076.59448242188 1082.64904785156 1086.33459472656 -3.4e+38 -3.4e+38 -3.4e+38 1121.54504394531 1132.32104492188 1144.1708984375 1151.52661132812 1155.89538574219 1160.77197265625 1173.80383300781 1182.50671386719 1187.7724609375 1195.06359863281 1202.73266601562 1208.85021972656 1217.86157226562 1225.29846191406 1234.07946777344 1241.65087890625 1250.60021972656 1258.25646972656 1264.69763183594 1268.23583984375 1273.4306640625 1277.68981933594 1283.43579101562 1288.83251953125 1294.21691894531
920.087829589844 929.493530273438 942.229309082031 947.665832519531 958.50634765625 972.466125488281 955.756164550781 965.73193359375 977.932678222656 991.013793945312 1004.95794677734 1008.02038574219 1010.41369628906 1015.4169921875 1023.60064697266 1033.3681640625 1042.54187011719 1055.82507324219 1070.78564453125 1077.93627929688 1080.83764648438 1087.74157714844 -3.4e+38 1101.380859375 1110.27856445312 1123.44799804688 1137.79602050781 1145.70251464844 1150.48059082031 1154.09057617188 1166.05615234375 1175.47692871094 1182.39953613281 1188.76220703125 1195.76940917969 1203.373046875 1211.017578125 1214.92016601562 1223.20922851562 1231.82995605469 1243.89392089844 1250.24450683594 1254.49951171875 1258.91296386719 1264.89831542969 1270.34436035156 1274.60473632812 1280.64953613281 1284.44995117188
913.9580078125 925.922058105469 941.521179199219 957.411682128906 947.756774902344 954.529357910156 949.247802734375 961.437133789062 975.914978027344 989.947143554688 1009.96923828125 1012.81353759766 1015.15942382812 1012.66192626953 1018.07342529297 1025.89526367188 1033.65588378906 1046.65173339844 1063.06958007812 1069.41967773438 1074.64343261719 1081.34912109375 1091.07080078125 1096.25378417969 1099.97045898438 1115.31774902344 1129.97717285156 1135.943359375 1141.20532226562 1147.18347167969 1166.09228515625 1181.01318359375 1178.07995605469 1184.49914550781 1188.20874023438 1194.67907714844 1202.74572753906 1206.17553710938 1211.51098632812 1220.8720703125 1232.00891113281 1243.89367675781 1246.95153808594 1252.88427734375 1259.82568359375 1263.49682617188 1266.32141113281 1272.1826171875 1276.25634765625
904.579345703125 914.453125 926.327819824219 945.728271484375 941.40185546875 933.64892578125 937.252685546875 956.870483398438 972.10791015625 983.450256347656 998.26513671875 1011.37927246094 1014.87927246094 1008.91339111328 1011.31872558594 1018.49700927734 1025.01440429688 1037.02661132812 1052.44543457031 1058.10974121094 1065.91638183594 1074.18664550781 1081.94775390625 1087.45263671875 1091.21337890625 1105.96948242188 1117.87768554688 1124.64453125 1131.70825195312 1140.72839355469 1176.46484375 1177.61242675781 1173.40637207031 1177.91625976562 1180.44470214844 1187.8076171875 1194.60339355469 1199.19641113281 1206.25610351562 1210.88122558594 1219.5224609375 1235.88793945312 1239.43493652344 1246.15319824219 1253.51306152344 1255.94567871094 1257.42065429688 1262.75610351562 1268.52392578125
891.66259765625 907.134704589844 918.951171875 925.922546386719 928.65185546875 926.623779296875 930.605895996094 952.760498046875 968.41259765625 974.965637207031 983.59765625 1001.70532226562 1006.63220214844 1002.30395507812 1004.76263427734 1010.18218994141 1017.59918212891 1028.259765625 1043.41394042969 1049.17199707031 1055.13171386719 1064.48706054688 1076.04321289062 1080.37219238281 1084.53161621094 1094.650390625 1104.56469726562 1113.15307617188 1122.63635253906 1134.06909179688 1165.66662597656 1163.087890625 1166.57849121094 1169.54968261719 1175.28820800781 1183.494140625 1189.31750488281 1194.63598632812 1199.46643066406 1203.19860839844 1209.90747070312 1225.38952636719 1229.75341796875 1236.59008789062 1243.38256835938 1247.01232910156 1250.5888671875 1256.53649902344 1262.39050292969
888.391418457031 906.515258789062 914.963500976562 913.455200195312 912.728759765625 918.806274414062 924.666442871094 948.473815917969 962.124938964844 970.126647949219 974.013488769531 986.945251464844 1000.42858886719 1003.982421875 1008.57470703125 1005.29174804688 1009.17846679688 1019.22375488281 1033.84313964844 1041.68273925781 1049.03833007812 1055.27709960938 1066.55151367188 1072.35278320312 1077.85437011719 1084.46081542969 1093.57177734375 1102.49145507812 1114.41223144531 1125.9130859375 1144.90539550781 1151.50378417969 1155.234375 1162.63806152344 1168.72265625 1175.06896972656 1181.38391113281 1187.35400390625 1192.82690429688 1198.72497558594 1204.71765136719 1213.9501953125 1220.82604980469 1227.08154296875 1233.6845703125 1239.04663085938 1244.64135742188 1250.78955078125 1254.56091308594
887.892578125 904.153015136719 910.546813964844 903.698303222656 906.541381835938 912.787719726562 919.715148925781 949.405334472656 974.172790527344 962.209838867188 965.456115722656 974.151733398438 988.416259765625 999.251708984375 1007.22760009766 997.605163574219 1001.93182373047 1010.48126220703 1026.1591796875 1034.52514648438 1046.59057617188 1046.89807128906 1054.9716796875 1062.568359375 1070.88806152344 1078.44201660156 1085.29541015625 1093.67651367188 1106.60974121094 1116.61877441406 1135.40368652344 1141.93334960938 1144.95520019531 1153.13952636719 1159.44873046875 1165.15991210938 1172.22277832031 1176.673828125 1184.01025390625 1189.02355957031 1195.18188476562 1203.38134765625 1212.11840820312 1218.69506835938 1225.38037109375 1231.44055175781 1236.81970214844 1242.431640625 1245.39038085938
880.013000488281 896.459289550781 904.9267578125 902.128723144531 902.490600585938 907.186218261719 919.699951171875 977.529602050781 1009.80364990234 974.335205078125 959.178344726562 966.210083007812 974.713073730469 984.69580078125 991.855224609375 989.851379394531 996.195434570312 1002.64593505859 1021.16870117188 1028.74768066406 1040.142578125 1041.54235839844 1049.21813964844 1059.009765625 1066.90771484375 1073.30944824219 1079.37817382812 1085.27624511719 1096.50390625 1106.40966796875 1124.12939453125 1132.95324707031 1139.79956054688 1142.75891113281 1148.92895507812 1154.654296875 1163.53063964844 1169.01184082031 1175.12048339844 1180.55676269531 1186.9892578125 1197.66357421875 1205.259765625 1211.19995117188 1219.11120605469 1224.22827148438 1230.54956054688 1233.45300292969 1238.24462890625
871.495849609375 890.112060546875 898.730041503906 900.252258300781 898.732482910156 904.946411132812 931.806335449219 1020.03228759766 1046.50561523438 1004.87213134766 967.133544921875 958.947814941406 965.586486816406 973.770812988281 979.042419433594 983.366027832031 989.453857421875 997.45458984375 1016.65423583984 1022.74456787109 1034.04724121094 1038.85595703125 1045.35632324219 1055.34191894531 1063.73547363281 1068.80456542969 1073.52355957031 1079.26049804688 1086.24340820312 1096.23950195312 1112.95056152344 1122.67993164062 1134.66284179688 1136.08825683594 1141.62548828125 1146.16650390625 1152.74401855469 1161.26342773438 1167.59350585938 1172.90466308594 1181.51879882812 1192.56457519531 1198.6064453125 1203.24853515625 1210.63391113281 1216.43273925781 1224.08032226562 1227.96398925781 1231.81103515625
861.227905273438 875.6748046875 884.439453125 885.984741210938 885.626953125 892.729919433594 921.037536621094 999.282592773438 1053.83850097656 1071.79760742188 1060.30603027344 977.196533203125 954.412353515625 960.177368164062 965.8759765625 975.190246582031 986.156982421875 997.832946777344 1002.72064208984 1015.76287841797 1026.26440429688 1029.65734863281 1034.59631347656 1041.17944335938 1048.53198242188 1056.30786132812 1060.90295410156 1067.53491210938 1073.70190429688 1080.99206542969 1094.71569824219 1103.43408203125 1112.88452148438 1119.07849121094 1126.18786621094 1133.55212402344 1136.23645019531 1140.77941894531 1147.09790039062 1154.35461425781 1161.95178222656 1173.70458984375 1183.65930175781 1188.35778808594 1192.56115722656 1200.29028320312 1208.81469726562 1213.10595703125 1221.31921386719
855.842956542969 866.968811035156 879.001098632812 879.536926269531 879.15185546875 885.497924804688 908.241394042969 967.438110351562 1002.99835205078 1051.99279785156 1072.72290039062 985.595520019531 952.5810546875 954.888061523438 965.609680175781 989.792419433594 986.602233886719 1007.60925292969 998.406555175781 1010.55108642578 1021.09973144531 1022.31048583984 1025.87780761719 1033.79406738281 1042.92004394531 1051.52661132812 1054.88073730469 1060.806640625 1069.43542480469 1076.42736816406 1086.56909179688 1093.50305175781 1104.12353515625 1110.80346679688 1117.01696777344 1125.70751953125 1130.25903320312 1135.35876464844 1139.45104980469 1147.79943847656 1153.37231445312 1166.3837890625 1174.35046386719 1180.40246582031 1186.30444335938 1193.17993164062 1198.72192382812 1203.17053222656 1211.36853027344
851.671264648438 863.52099609375 873.344055175781 873.526123046875 875.774841308594 881.183471679688 894.062805175781 948.079345703125 985.106079101562 1046.56372070312 1072.8447265625 992.579162597656 951.805786132812 953.395812988281 980.760925292969 995.867614746094 977.450866699219 993.298645019531 995.206481933594 1008.79028320312 1027.54248046875 1017.90734863281 1019.52209472656 1024.91870117188 1034.75305175781 1042.98754882812 1047.20275878906 1051.60815429688 1061.30871582031 1068.6689453125 1079.74060058594 1086.45971679688 1095.1171875 1101.68151855469 1106.80236816406 1114.35095214844 1122.27587890625 1129.63854980469 1135.02172851562 1143.84533691406 1146.26928710938 1162.18286132812 1167.22863769531 1173.30383300781 1179.01135253906 1184.66674804688 1189.62219238281 1195.423828125 1201.94921875
848.306884765625 863.045104980469 872.557250976562 868.791687011719 873.831848144531 876.578979492188 883.676330566406 951.756042480469 986.653930664062 1035.67858886719 1056.22827148438 978.0400390625 944.91748046875 950.604309082031 977.461608886719 974.468688964844 967.593017578125 974.928100585938 993.072509765625 1002.08551025391 1020.90557861328 1018.51385498047 1012.84631347656 1017.158203125 1024.85656738281 1032.16015625 1038.6162109375 1043.5830078125 1050.90661621094 1058.89685058594 1073.53735351562 1078.65649414062 1085.78674316406 1092.42712402344 1099.1015625 1107.37683105469 1115.32312011719 1120.92541503906 1129.68298339844 1138.36840820312 1142.68481445312 1158.17565917969 1161.89428710938 1167.98999023438 1172.87841796875 1177.09387207031 1181.91870117188 1187.75134277344 1194.26782226562
845.544067382812 857.721557617188 867.499938964844 866.943969726562 869.692932128906 872.805786132812 879.064514160156 937.003845214844 965.498168945312 992.578369140625 1008.99243164062 959.573547363281 936.998413085938 943.107238769531 956.177062988281 956.97265625 962.1494140625 970.031311035156 987.9423828125 991.663208007812 1001.38171386719 1007.08190917969 1005.13873291016 1011.75158691406 1016.45678710938 1024.28857421875 1031.86535644531 1036.90454101562 1043.07019042969 1051.38000488281 1065.84594726562 1071.49890136719 1080.03588867188 1086.36633300781 1095.84094238281 1104.27770996094 1110.529296875 1116.31213378906 1125.87512207031 1133.38537597656 1140.22082519531 1151.32177734375 1156.55297851562 1161.09326171875 1166.88696289062 1170.8330078125 1174.25756835938 1180.24279785156 1186.87536621094
