rcp8.5models/GFDL_CM3/sc1gr6.19
NCOLS 261 
NROWS 433 
XLLCORNER 336357.134 
YLLCORNER 654653.479 
CELLSIZE 1000 
NODATA_value -3.4e+38 
[rows 176 to 197 of 433, columns 49 to 97 of 261]
1479.26330566406 1482.01477050781 1484.87280273438 1487.09301757812 1492.4873046875 1497.30053710938 1499.7744140625 1508.20788574219 1509.28063964844 1514.04113769531 1516.31689453125 1526.91040039062 1533.86181640625 1537.806640625 1537.07922363281 1543.79321289062 1547.82849121094 1549.9052734375 1560.09899902344 1566.63903808594 1574.078125 1580.8271484375 1588.96325683594 1596.94799804688 1599.95825195312 1605.80712890625 1611.87219238281 1619.43286132812 1626.82214355469 1648.32165527344 1657.90991210938 1668.60302734375 1678.7607421875 1684.82885742188 1693.25793457031 1705.24206542969 1715.40368652344 1722.27722167969 1733.64465332031 1741.31799316406 1745.74951171875 1763.37768554688 1770.51147460938 1776.96936035156 1784.90014648438 1792.54968261719 1801.66381835938 1805.44128417969 1809.806640625
1484.49890136719 1486.38256835938 1487.232421875 1492.36462402344 1497.11572265625 1499.580078125 1502.98754882812 1509.39074707031 1513.42626953125 1518.35107421875 1522.31384277344 1529.13989257812 1533.01159667969 1536.51232910156 1539.39880371094 1545.20983886719 1549.89184570312 1550.23425292969 1564.96655273438 1570.33605957031 1577.74645996094 1585.13330078125 1591.06701660156 1596.04174804688 1600.60534667969 1607.86022949219 1616.39868164062 1622.0478515625 1631.85766601562 1652.28491210938 1661.45520019531 1668.9130859375 1678.90087890625 1684.86511230469 1693.07946777344 1703.99865722656 1712.84167480469 1720.58776855469 1732.32006835938 1742.34008789062 1748.92102050781 1765.15258789062 1771.06323242188 1777.79724121094 1782.95275878906 1791.03942871094 1799.61865234375 1806.08666992188 1811.68127441406
1490.2568359375 1492.55151367188 1492.08740234375 1498.78393554688 1503.85375976562 1505.57006835938 1508.38256835938 1514.11157226562 1518.44506835938 1521.822265625 1526.296875 1529.94946289062 1532.13879394531 1538.1337890625 1545.52307128906 1549.28674316406 1550.98193359375 1555.70886230469 1570.58862304688 1576.1298828125 1582.84301757812 1589.44714355469 1591.96667480469 1596.22875976562 1602.76086425781 1611.61743164062 1619.00390625 1626.44274902344 1634.88488769531 1655.57263183594 1662.87670898438 1667.37451171875 1678.44970703125 1684.99389648438 1692.23266601562 1703.9609375 1709.99084472656 1721.03552246094 1731.884765625 1744.46496582031 1751.28149414062 1765.02502441406 1773.17980957031 1780.31982421875 1784.55090332031 1791.65124511719 1800.51098632812 1807.94262695312 1813.54357910156
1499.95056152344 1505.54821777344 1504.87426757812 1507.41918945312 1512.07141113281 1514.51501464844 1516.630859375 1521.09619140625 1522.71716308594 1527.98596191406 1532.79797363281 1534.58032226562 1540.0849609375 1545.84851074219 1545.95288085938 1552.02270507812 1559.51123046875 1561.701171875 1575.78625488281 1581.46044921875 1585.0302734375 1591.07885742188 1594.10864257812 1602.25036621094 1608.55151367188 1612.92321777344 1619.57934570312 1628.61047363281 1637.34521484375 1657.15380859375 1662.73510742188 1667.12048339844 1676.86779785156 1684.97387695312 1692.87487792969 1703.513671875 1710.23168945312 1721.54833984375 1730.0888671875 1740.12084960938 1748.00927734375 1762.94445800781 1773.38952636719 1781.45263671875 1786.88439941406 1796.22351074219 1801.98901367188 1807.54565429688 1813.81286621094
1509.28955078125 1509.92590332031 1513.17224121094 1513.275390625 1514.62609863281 1519.20642089844 1523.072265625 1528.83972167969 1530.52136230469 1533.57287597656 1539.00122070312 1544.87939453125 1544.36071777344 1552.03063964844 1550.85571289062 1555.8515625 1564.37878417969 1569.17639160156 1575.60266113281 1581.29833984375 1584.79418945312 1591.17126464844 1596.89782714844 1605.00354003906 1611.83959960938 1616.45678710938 1625.07482910156 1633.94079589844 1641.10046386719 1659.63793945312 1662.98278808594 1669.751953125 1677.10363769531 1685.20373535156 -3.4e+38 1703.04821777344 1714.94079589844 1725.21630859375 1731.20434570312 1736.84704589844 1742.92932128906 1762.47973632812 1771.91931152344 1778.66821289062 1785.46435546875 1797.79223632812 1805.05639648438 1808.29174804688 1814.27990722656
1514.52111816406 1515.21496582031 1519.08459472656 1520.4521484375 1521.07495117188 1526.66955566406 1528.98876953125 1537.43615722656 1539.51232910156 1541.25061035156 1547.94299316406 1553.03698730469 1551.72229003906 1558.80078125 1558.14904785156 1559.24353027344 1565.33032226562 1571.70178222656 1581.46472167969 1586.54772949219 1593.60559082031 1597.4794921875 1604.0986328125 1607.13427734375 1613.38940429688 1620.96337890625 1628.31042480469 1636.16296386719 1644.01940917969 1658.15075683594 1665.45227050781 1672.6513671875 1678.38488769531 1685.46801757812 1694.90124511719 1704.74682617188 1715.2197265625 1723.18103027344 1730.56970214844 1736.26159667969 1742.091796875 1761.47033691406 1768.82531738281 1776.33813476562 1785.083984375 1795.94116210938 1804.43139648438 1810.89562988281 1815.3779296875
1522.52331542969 1527.74475097656 1529.51171875 1531.6513671875 1532.21118164062 1531.89245605469 1536.19287109375 1544.37927246094 1548.55920410156 1553.01867675781 1556.38720703125 1558.5078125 1562.00842285156 1566.88488769531 1564.83679199219 1566.52575683594 1567.34118652344 1572.44372558594 1585.04125976562 1590.91333007812 1596.33032226562 1601.19287109375 1605.26342773438 1610.29028320312 1615.74548339844 1623.38598632812 1629.81506347656 1638.32348632812 1645.60925292969 1658.40124511719 1667.69067382812 1673.50671386719 1680.14904785156 1687.20178222656 1696.46594238281 1706.83520507812 1714.45825195312 1720.01513671875 1728.68969726562 1736.22802734375 1744.248046875 1759.73205566406 1768.5302734375 1776.93933105469 1787.69506835938 1796.90979003906 1804.1708984375 1813.53857421875 1819.41833496094
1533.3984375 1539.3388671875 1538.57312011719 -3.4e+38 1538.04907226562 1541.39306640625 1544.681640625 1549.22668457031 1556.18444824219 1562.08020019531 1560.96899414062 1562.19409179688 1566.55200195312 1572.61804199219 1572.044921875 1574.30334472656 1571.73400878906 1576.43383789062 1587.79724121094 1590.64855957031 1595.97082519531 1601.07592773438 1604.71313476562 1612.66235351562 1617.86840820312 1624.23974609375 1629.37805175781 1640.27465820312 -3.4e+38 1658.32788085938 1665.21069335938 1674.28271484375 1678.66369628906 1688.13134765625 1699.16064453125 1706.87036132812 1713.53234863281 1719.07458496094 1730.49157714844 1738.07592773438 1746.14819335938 1761.59240722656 1767.66955566406 1778.78881835938 1788.11437988281 1796.18994140625 1805.05627441406 1812.17138671875 1818.78173828125
1541.09741210938 1543.16711425781 1544.1015625 1544.54162597656 1544.94348144531 1550.74621582031 1551.36853027344 1553.60021972656 1561.26403808594 1568.03308105469 1569.60925292969 1567.73059082031 1574.18640136719 1579.77770996094 1578.67175292969 1580.64855957031 1578.68579101562 1583.42431640625 1591.04626464844 1595.27282714844 1601.47705078125 1604.73803710938 1609.57360839844 1615.84094238281 1621.91186523438 1627.21179199219 1632.66931152344 1641.65808105469 1648.33813476562 1658.91125488281 1667.3916015625 1677.47595214844 1681.61669921875 1688.59790039062 1699.74011230469 1706.79211425781 -3.4e+38 1723.2626953125 1733.37072753906 1742.22680664062 1750.16491699219 1764.87524414062 1771.40832519531 1780.40832519531 1789.57275390625 1793.73120117188 1802.34252929688 1809.70874023438 1816.34191894531
1559.16247558594 1556.71728515625 1556.63195800781 1561.15100097656 1561.787109375 1565.11743164062 1567.42370605469 1568.22839355469 1569.28039550781 1579.54992675781 1583.98120117188 1584.48950195312 1587.23754882812 1592.51928710938 1589.10009765625 1590.17956542969 1589.82189941406 1597.66918945312 1603.53918457031 1608.1728515625 1613.61828613281 1616.34265136719 1619.29467773438 1624.07531738281 1629.05249023438 1635.09875488281 1642.08508300781 1646.56555175781 1654.2919921875 1671.57055664062 1679.14587402344 1684.91613769531 1691.15759277344 1701.01257324219 1706.22863769531 1714.28930664062 1723.12573242188 1730.498046875 1737.75952148438 1747.26647949219 1755.50903320312 1769.60229492188 1773.26733398438 1778.68493652344 1786.32653808594 1789.46618652344 1797.24133300781 1806.71020507812 1815.71765136719
1562.93322753906 1562.15002441406 1560.98474121094 1564.763671875 1569.19226074219 1570.75341796875 1573.46984863281 1575.69067382812 1576.61315917969 1585.07604980469 1590.71350097656 1596.89318847656 1597.45056152344 1599.07019042969 1595.05517578125 1597.57543945312 1594.16760253906 1600.71459960938 -3.4e+38 1612.5498046875 1616.29895019531 1623.09936523438 1628.58618164062 1632.89196777344 1637.13305664062 1639.96069335938 1648.25854492188 1651.13366699219 1655.40600585938 1671.05786132812 -3.4e+38 1687.32421875 1692.17700195312 1701.06091308594 1707.17907714844 1716.24658203125 1724.92126464844 1733.21105957031 1736.66650390625 -3.4e+38 1755.2763671875 1765.869140625 1771.56042480469 1776.6513671875 1785.49450683594 1789.97778320312 1796.4140625 1805.30212402344 1815.11291503906
1564.32141113281 1564.91223144531 1563.66577148438 1568.0439453125 1573.220703125 1573.65270996094 1576.14770507812 1582.82177734375 1586.75512695312 1592.08447265625 1595.22131347656 1604.408203125 1606.33056640625 1604.86987304688 1603.00964355469 1602.982421875 1601.95275878906 1607.07006835938 1615.53747558594 1619.07043457031 1623.89001464844 1629.16857910156 1636.68420410156 1639.98413085938 1643.98522949219 1648.45727539062 1654.01220703125 1655.767578125 1658.96130371094 -3.4e+38 -3.4e+38 -3.4e+38 -3.4e+38 1701.29663085938 1706.5615234375 1715.28759765625 1723.46496582031 1732.86694335938 1737.49853515625 1744.42016601562 1752.02453613281 1763.76330566406 1770.10534667969 1776.16723632812 1783.2216796875 1790.20043945312 1797.71044921875 1804.89221191406 1813.24243164062
1566.74426269531 1568.51684570312 1567.77844238281 1570.35766601562 1575.96740722656 1577.7529296875 1580.41638183594 1588.47229003906 1591.35266113281 1596.21350097656 1603.15441894531 1609.28735351562 1609.64245605469 1607.92553710938 1607.103515625 1605.85461425781 1607.47692871094 1612.49243164062 1621.73669433594 1626.54272460938 1631.11767578125 1634.17346191406 1639.62048339844 1644.96618652344 1651.3154296875 1654.63244628906 1658.51965332031 1664.64978027344 1668.97082519531 -3.4e+38 -3.4e+38 -3.4e+38 -3.4e+38 1703.2822265625 1709.26184082031 1717.80249023438 1723.32434082031 1731.78015136719 1737.25244140625 1743.82104492188 1748.62939453125 1762.78637695312 1771.43029785156 1774.330078125 1781.80163574219 1790.921875 1801.28637695312 1804.9130859375 1811.31286621094
1572.41223144531 1572.63232421875 1573.10815429688 1579.03833007812 -3.4e+38 1583.48132324219 1585.16979980469 1594.65832519531 1596.21838378906 1600.57409667969 1607.67944335938 1613.43310546875 1610.91809082031 1610.66796875 1612.1875 1611.10327148438 1613.93408203125 1620.79113769531 1627.49304199219 1632.4951171875 1636.10241699219 1642.50622558594 1647.11401367188 1650.5751953125 1654.53771972656 1659.99230957031 1665.75915527344 1670.65673828125 -3.4e+38 -3.4e+38 1688.16076660156 1694.49365234375 -3.4e+38 -3.4e+38 1712.61962890625 1720.68481445312 1723.95202636719 1730.13391113281 1736.35583496094 1742.69946289062 1748.40368652344 1761.45532226562 1770.62438964844 1773.00537109375 1779.53503417969 1789.64294433594 1798.33251953125 1804.89685058594 1814.60083007812
1576.60168457031 1579.52062988281 1585.47143554688 1591.244140625 1589.19152832031 1590.59057617188 1593.47155761719 1603.64147949219 1604.4609375 1606.49328613281 1614.27868652344 1619.3203125 1618.88354492188 1619.34606933594 1618.80895996094 1619.82373046875 1623.66333007812 1627.29138183594 1633.99182128906 1638.85754394531 1640.68286132812 1649.3134765625 1655.52124023438 1657.60876464844 1660.74035644531 1665.01647949219 1670.40234375 1677.39868164062 1682.86437988281 1688.56787109375 1695.7705078125 1700.04772949219 1704.92736816406 1707.79760742188 1714.18884277344 1720.84802246094 1726.375 1731.990234375 1739.2412109375 1744.93200683594 1750.59973144531 1764.61047363281 1770.53393554688 1775.78576660156 1783.29956054688 1789.14880371094 1795.19677734375 1803.18286132812 1813.22814941406
1584.29418945312 1586.99597167969 1591.70629882812 1595.24938964844 1596.85852050781 1598.70837402344 1600.93640136719 1607.4404296875 1610.94836425781 1615.72741699219 1622.79370117188 1628.22143554688 1627.27282714844 1624.47875976562 1625.35168457031 1628.80651855469 1630.63720703125 1632.90771484375 1642.62731933594 1646.39575195312 1649.0458984375 1653.79028320312 1660.88879394531 1667.89611816406 1669.0380859375 1671.83081054688 1674.18395996094 1681.36511230469 1687.89123535156 1696.40771484375 1703.55871582031 1705.68701171875 1710.89526367188 1714.71398925781 1720.125 1722.95153808594 1731.63745117188 1741.18115234375 1745.62841796875 1749.11596679688 1753.32116699219 1771.99731445312 1773.6103515625 1777.79321289062 1785.58251953125 1792.4326171875 1800.04138183594 1805.12329101562 1813.31518554688
1592.49609375 1592.07568359375 1593.29260253906 1599.60961914062 1603.48010253906 1606.11096191406 1605.85522460938 1611.37145996094 1615.86059570312 1623.4833984375 1630.41796875 1632.65771484375 1631.78564453125 1632.45227050781 1634.16137695312 1638.27331542969 1640.92712402344 1643.03332519531 1650.15124511719 1654.64001464844 1657.24267578125 1660.25500488281 1665.39477539062 1674.47302246094 1676.58361816406 1676.44665527344 1679.57666015625 1688.27709960938 1692.25695800781 1705.46630859375 1709.6142578125 1709.880859375 1716.21105957031 1724.57678222656 1728.11291503906 1728.37890625 1735.09301757812 1746.71875 1749.65563964844 1754.21606445312 1757.212890625 1772.99475097656 1777.36254882812 1781.31494140625 1785.60461425781 1792.9541015625 1801.06530761719 1808.29919433594 1814.78967285156
1599.00500488281 1599.21032714844 1599.83557128906 1605.36169433594 1606.9755859375 1610.4931640625 1613.58508300781 1615.35998535156 1620.76147460938 1628 1633.52392578125 1637.6845703125 1637.15075683594 1638.04724121094 1639.27746582031 1644.25036621094 1651.1220703125 1652.84985351562 1659.09155273438 1662.27758789062 1666.87878417969 1669.67712402344 1671.88818359375 1676.06726074219 1682.53051757812 1684.28540039062 1688.97766113281 1696.81274414062 1695.70690917969 1712.49694824219 1715.39428710938 1717.4814453125 1721.89050292969 1729.53491210938 1733.3134765625 1733.6337890625 1735.8662109375 1745.99597167969 1752.84729003906 1762.10778808594 1761.59741210938 1773.13598632812 1780.28625488281 1788.15991210938 1789.17810058594 1795.26416015625 1801.05944824219 1808.37170410156 1813.86279296875
1605.77258300781 1607.02380371094 1607.78186035156 1610.4052734375 1611.77612304688 1615.86950683594 1617.66662597656 1620.62719726562 1626.87219238281 1632.00732421875 1637.20190429688 1643.34167480469 1641.24865722656 1640.86853027344 1643.75866699219 1648.68774414062 1652.65747070312 1658.84252929688 1669.9697265625 1673.89733886719 1683.39367675781 1679.22241210938 1679.91650390625 1681.19445800781 1688.73986816406 1694.69580078125 1697.88854980469 1703.43041992188 1701.59704589844 1714.34802246094 1721.19360351562 1725.67150878906 1727.10681152344 1732.43798828125 1737.05883789062 1735.94689941406 1737.98425292969 1745.62414550781 1755.76391601562 1764.42370605469 1765.376953125 1774.53820800781 1780.71606445312 1788.26843261719 1793.44165039062 1800.86975097656 1805.28039550781 1810.80236816406 1814.90368652344
-3.4e+38 1612.39453125 1615.42846679688 1618.02416992188 1620.46765136719 1620.14611816406 1619.72204589844 1627.47009277344 1632.03283691406 1636.97998046875 1641.8876953125 1644.70874023438 1644.08239746094 1648.51306152344 1648.24682617188 1651.015625 1656.11853027344 1665.06506347656 1670.99450683594 1681.56298828125 1700.96398925781 1687.13586425781 1686.70544433594 1690.39343261719 1694.83972167969 1699.17431640625 1702.56286621094 1709.39074707031 1709.36096191406 1717.22583007812 1731.89050292969 1748.35925292969 1734.3671875 1744.328125 1740.69152832031 1741.10339355469 1743.96569824219 1746.41833496094 1753.17358398438 -3.4e+38 1767.90869140625 1778.69482421875 1786.34265136719 1790.14501953125 1797.29113769531 1806.59375 1814.76416015625 1816.33801269531 1820.15124511719
-3.4e+38 1623.87133789062 1626.11010742188 1627.36401367188 1627.18981933594 1628.63159179688 1632.02661132812 1640.51135253906 1643.88159179688 1645.26574707031 1645.71545410156 1649.021484375 1652.60620117188 1654.03015136719 1655.05688476562 1659.47375488281 1667.24621582031 1670.15173339844 1676.72509765625 1684.64599609375 1689.72241210938 1689.77172851562 1695.40368652344 1696.98132324219 1697.81420898438 1705.59252929688 1711.26306152344 1716.51550292969 1723.53051757812 1730.65502929688 1736.16662597656 1745.05981445312 1745.82653808594 1746.16076660156 1748.30187988281 1751.53601074219 1752.82348632812 1754.61608886719 1761.65344238281 -3.4e+38 1768.89428710938 1783.77563476562 1794.3330078125 1796.68127441406 -3.4e+38 1807.11657714844 1813.12536621094 1819.20935058594 1826.89770507812
1633.53210449219 1633.49377441406 1635.00927734375 1634.56896972656 1634.25952148438 1635.38879394531 1637.59851074219 1644.03503417969 1645.73950195312 1647.45458984375 1649.15661621094 1651.55737304688 1655.51684570312 1656.97668457031 1661.41455078125 1666.87609863281 1671.544921875 1672.58776855469 1683.875 1690.06079101562 1692.61791992188 1695.11267089844 1698.0966796875 1698.20727539062 1704.57019042969 1711.21069335938 1713.11047363281 1720.07873535156 1726.86962890625 1736.70300292969 1743.22180175781 1747.21130371094 1750.52319335938 1749.45935058594 1749.51208496094 1755.55920410156 1759.05456542969 1758.71752929688 1765.46887207031 1771.85510253906 1775.13146972656 1784.75866699219 1793.1103515625 1798.49877929688 1804.36596679688 1810.73669433594 1819.591796875 1822.4619140625 1830.98803710938
