rcp8.5models/GFDL_CM3/sc1gr6.1
NCOLS 261 
NROWS 433 
XLLCORNER 336357.134 
YLLCORNER 654653.479 
CELLSIZE 1000 
NODATA_value -9999 
[rows 44 to 65 of 433, columns 100 to 149 of 261]
1541.97447778425 1554.16840505635 1558.49552441906 1565.31476753776 1568.82038301173 1573.77572496076 1579.08254176407 1583.92502122689 1589.24668093275 1593.94753437602 1598.44698986476 1604.6786430047 1616.07666644882 1619.53519375285 1625.7071485878 1630.58076597574 1634.13822465089 1640.93107273887 1645.15744109761 1649.5607977129 1654.37837901305 1658.62593538086 -9999 -9999 -9999 -9999 -9999 -9999 -9999 -9999 -9999 -9999 -9999 -9999 -9999 -9999 -9999 -9999 -9999 -9999 -9999 -9999 -9999 -9999 -9999 -9999 -9999 -9999 -9999 -9999
1544.93803592505 1556.99252726786 1561.38372071913 1566.07032996969 1572.26483956877 1576.60577711043 1581.38366921573 1586.55840942405 1591.40677419959 1598.0302360616 1602.17467577514 1608.6440378294 1618.81156253419 1624.07543870725 1628.44659989609 1633.14559879732 1638.45594469216 1643.73460539914 1648.88872080163 1654.64618316287 1658.30636243882 1662.88830721226 1667.64908935314 -9999 -9999 -9999 -9999 -9999 -9999 -9999 -9999 -9999 -9999 -9999 -9999 -9999 -9999 -9999 -9999 -9999 -9999 -9999 -9999 -9999 -9999 -9999 -9999 -9999 -9999 -9999
1546.56344187044 1557.8519639742 1562.98503785102 1566.3060245645 1573.56062679787 1577.40081208059 1582.99388823914 1588.02417325181 1592.77984128491 1599.57466623172 1604.58722660393 1610.14107676948 1620.50435230273 1623.97235312155 1628.85013038804 1633.90301627676 1639.03159293313 1645.30509479723 1650.26839017573 1656.42484999083 1660.34667633047 1664.79914833564 1670.18662268493 1672.86310401622 1680.82532282544 -9999 -9999 -9999 -9999 -9999 -9999 -9999 -9999 -9999 -9999 -9999 -9999 -9999 -9999 -9999 -9999 -9999 -9999 -9999 -9999 -9999 -9999 -9999 -9999 -9999
1547.12034140114 1557.92024496306 1563.24820358819 1567.61633959364 1573.66205993445 1579.45644954969 1583.97577340894 1590.02629182405 1594.33805985306 1600.42074933222 1605.71954074132 1611.42081674854 1620.60598027998 1625.11168474175 1629.72787569023 1636.14183255382 1641.27592319095 1646.3350945686 1651.39331564764 1657.34004791013 1660.57340011407 1665.42441655065 1669.36530332695 1673.68560482595 1682.76296612615 -9999 1690.97538201434 -9999 -9999 -9999 -9999 -9999 -9999 -9999 -9999 -9999 -9999 -9999 -9999 -9999 -9999 -9999 -9999 -9999 -9999 -9999 -9999 -9999 -9999 -9999
1549.17711431856 1558.76662052029 1563.38854169269 1570.21044094878 1575.89507411829 1581.38700051739 1585.57096277134 1591.79033929288 1596.36236998029 1601.48908862161 1607.45331523653 1611.71841802043 1620.79584425175 1626.57414139298 1631.90615138406 1637.74522740019 1642.25945425135 1647.76902743989 1652.15560628808 1657.32407568756 1662.462622791 1666.42511120256 1669.29975911484 1673.98379333307 1683.54765291518 1687.05133559155 -9999 -9999 -9999 -9999 -9999 -9999 -9999 -9999 -9999 -9999 -9999 -9999 -9999 -9999 -9999 -9999 -9999 -9999 -9999 -9999 -9999 -9999 -9999 -9999
1551.84690598651 1560.75537822112 1566.7956619412 1572.14433405415 1578.36652904515 1582.9042022066 1587.36063803775 1593.46479678233 1597.04793831161 1601.00087708422 1608.16548813374 1612.04784566326 1622.9500621551 1629.37840817839 1633.74476469793 1638.51471497691 1643.23669681435 -9999 1652.02798663738 1657.57391595019 1662.26430537412 1667.426146606 1671.09664209645 1675.78415973767 1684.84386787987 1688.91861138637 1692.92371626794 1695.39606692748 1700.69142811589 -9999 -9999 -9999 -9999 -9999 -9999 -9999 -9999 -9999 -9999 -9999 -9999 -9999 -9999 -9999 -9999 -9999 -9999 -9999 -9999 -9999
1554.56086872328 1563.74093676568 1569.04841938576 1575.28886317632 1578.86598171829 1584.0380608483 1588.36311912139 1594.79119845606 1597.16312241916 1603.5523670143 1609.64427235779 1614.41662204291 1625.44125006917 1630.5938020244 1634.89726781156 1639.99554793135 1644.38906031252 -9999 1654.51289141297 1659.72525678232 1663.77617448675 1668.23975598619 1672.08470010582 1676.67659149349 1685.84131736421 1689.29172329947 1691.59491028679 1695.874912445 1700.69465471973 1703.30962267509 -9999 -9999 -9999 -9999 -9999 -9999 -9999 -9999 -9999 -9999 -9999 -9999 -9999 -9999 -9999 -9999 -9999 -9999 -9999 -9999
1555.99294257593 1564.26649695148 1570.28406159631 1576.04608147124 1580.1320585595 1586.29201000211 1590.80030122876 1597.34544005309 1602.61958719287 1608.77657637964 1613.79975724714 1617.19626819028 1627.89005830884 1633.16582711074 1637.02308199421 1639.35274226779 1645.71211376217 1653.18848963792 1657.16278293027 1662.56738127572 1665.57769681534 1668.8240149667 1673.10824804379 1677.94428685097 1685.52522037791 1690.06827008805 1693.03343592034 1696.60875135357 1700.2261528761 1705.28037385302 -9999 -9999 -9999 -9999 -9999 -9999 -9999 -9999 -9999 -9999 -9999 -9999 -9999 -9999 -9999 -9999 -9999 -9999 -9999 -9999
1554.88121357189 1564.98386870342 1569.93035873565 1576.74761803844 1582.4151110935 1589.18354720494 1593.27955142645 1599.54339748555 1604.80283127483 1611.59843370207 1615.55265491836 1619.310970064 1628.88679689372 1635.13551425388 1638.41282942943 1642.30800667131 1648.83987492246 1652.60453145747 1657.99719043585 1662.7331434662 1665.03582970877 1669.47009101887 1673.75503859245 1677.43861552822 1685.75624366854 1690.59710499838 1693.39362718152 1698.02523438901 1703.24126663154 1706.92380862781 1708.85043495537 -9999 -9999 -9999 -9999 -9999 -9999 -9999 -9999 -9999 -9999 -9999 -9999 -9999 -9999 -9999 -9999 -9999 -9999 -9999
1556.33963838144 1566.75734846115 1572.05772925047 1577.79006065131 1585.63810111774 1590.8878758449 1595.56148495001 1600.94755455505 1606.83201805685 1612.25172032302 1618.06911296512 1619.63326175001 1631.62445903739 1635.73619647656 1640.66609773071 1645.4967337212 1650.34782426216 1654.25976302432 1659.15831416114 1662.12939741171 1666.60660923025 1670.95170152889 1674.65347576992 1678.87636925269 1686.55110864211 1691.58164369944 1695.90450581714 1699.02914875381 1703.86441253377 1705.95547745529 1708.3639539881 1712.24387239379 -9999 -9999 1723.03204600875 -9999 -9999 -9999 -9999 -9999 -9999 -9999 -9999 -9999 -9999 -9999 -9999 -9999 -9999 -9999
1557.55498194866 1568.83921458567 1573.83703280998 1580.40596810489 1586.92740466902 1593.26476614726 1596.77328176316 1604.18790002611 1608.76873810102 1613.88205415605 1618.64215494847 1621.66855045867 1634.09480646668 -9999 1643.28868249029 1646.10388273248 1651.33763744651 1655.55065534714 1659.82673005266 1662.61418024005 1668.40221788031 -9999 1676.16435709673 1681.17210303887 1688.2690578717 1693.5231312195 1698.21817301037 1700.32293521406 1703.45139893463 1705.76509110661 1709.67152119526 1712.92733996947 1715.25666496867 -9999 -9999 1730.43579101562 -9999 -9999 -9999 -9999 -9999 -9999 -9999 -9999 -9999 -9999 -9999 -9999 -9999 -9999
1560.04582990561 1572.89892841447 1575.55260781187 -9999 1589.23588307334 1595.84634293358 -9999 1606.08390815431 1610.52195099929 1616.24495222384 -9999 1623.82268078112 1634.52105050013 -9999 1644.51688321667 1647.30355148967 1652.88359423893 1657.25452792473 1660.03216819101 1663.4151554531 1669.68296865014 1673.63978731732 1677.71500267585 1682.99840997134 1689.65078830006 1693.98995241252 1698.19323976181 1700.8571724723 1705.93530714011 1707.22742597634 1710.47248641196 1713.79315164079 1717.76854237297 -9999 1723.1406459301 -9999 1732.56323242188 -9999 -9999 -9999 -9999 -9999 -9999 -9999 -9999 -9999 -9999 -9999 -9999 -9999
1564.73166807632 1575.00277629781 -9999 -9999 1590.7760891298 1598.95547881116 1603.95561444047 1608.05730461066 1614.57063119788 1618.00241102708 -9999 1626.01923511112 1636.12014222692 1643.00396673084 1648.30801595846 1653.35241579369 1658.91535941952 1660.29565529981 1662.61821984193 1668.78722862639 1673.52891884338 1676.1451148577 1680.79506744155 1684.49649253475 1691.78383967593 1697.2481100432 1699.15537685333 1702.00417752551 1707.62034240283 1710.35013486553 1714.95282339578 1718.01425625325 1718.88880221545 1721.67230452752 1724.59454281559 1731.18904317226 -9999 -9999 -9999 -9999 -9999 -9999 -9999 -9999 -9999 -9999 -9999 -9999 -9999 -9999
1567.16281066142 1575.34150838808 -9999 -9999 1592.58565700285 1597.95328046514 1603.62639642501 1609.48379540617 1615.24121404162 1618.74204744058 1622.09683222976 1628.49816590229 1638.9318890615 1644.41276325336 1650.35705540257 1655.59007336225 1659.76165928441 1660.70813359662 -9999 1671.23380208463 1675.37067629004 1677.65813515105 1684.63234559396 1686.77805834103 -9999 1697.55454075504 1701.70902073839 1704.21583117491 1709.03046382284 1710.44834120153 1714.776934365 1717.45584111694 1718.602375362 1722.00069012212 -9999 -9999 -9999 -9999 -9999 -9999 -9999 -9999 -9999 -9999 -9999 -9999 -9999 -9999 -9999 -9999
1567.87251445887 1575.55315556148 -9999 1587.64612061063 1594.22387252045 1598.94579647055 1603.90196832485 1611.84338991146 1617.2174514967 1620.17325317936 1624.03981077177 1631.25948725536 1641.589007073 1645.3881222669 1650.19271787921 1654.88920501162 1659.2407163776 -9999 -9999 1673.57277368849 1676.03978138206 1680.01254427705 1685.98347357046 1689.93515511306 1695.85838260617 1698.11243695516 1703.22978253117 1707.99074036345 1711.38377885372 1712.28801910184 1715.64396753903 1718.34178139135 1721.65471234695 1723.85876561105 -9999 -9999 -9999 -9999 -9999 1744.29079002859 1747.95012762626 -9999 -9999 -9999 -9999 -9999 -9999 -9999 -9999 -9999
1569.74850854902 1576.48846462465 1582.2335697978 1587.81151455304 1596.02625922187 1600.11521531726 1604.91112827192 1611.85315535806 1618.378248004 1621.22020865004 1626.77559580828 1632.54319295625 1642.32566854388 1646.21106587123 1650.56567069491 1656.18789318204 1659.65019031705 1663.54700012533 1667.54325298999 1673.93033325485 1677.12271363433 1682.44545446829 1687.5806977344 1690.51372370554 1698.38014475971 1701.82688557873 1705.51863663111 1709.71554833168 1712.10049283636 1714.62905301651 1717.24158143927 1720.21725110587 1722.19009686459 1722.45853568866 -9999 -9999 -9999 -9999 -9999 -9999 1746.72625345543 1750.22585791299 -9999 -9999 -9999 -9999 -9999 -9999 -9999 -9999
1570.75991663123 1579.01443995207 1583.60180107752 1589.7350312958 1595.85508062016 1601.7534454439 1607.62548136649 1613.68643617286 1619.23309183348 1622.96543692276 1629.14235601698 1633.17880369594 1642.10500047905 1647.29499490919 1651.82168587666 1657.22380503666 1661.5864574 1664.65667013714 1669.5740773067 1674.54393098246 1678.4874023398 1682.37118474191 1687.13836164404 1689.35448489729 1701.20494527361 1703.57591909194 1706.16571032062 1709.55966514463 1712.9451966059 1716.53618442985 1718.39125671672 1719.43160512385 1718.78019800982 1720.41173799656 -9999 -9999 -9999 -9999 -9999 -9999 1744.80459268323 1749.26197307038 -9999 -9999 -9999 -9999 -9999 -9999 -9999 -9999
1572.0638855638 1580.04096212098 1584.5298588874 1590.24546869565 1596.5584802013 1602.23797500339 1609.32628762204 1615.86278891181 1619.92949153454 1623.65550953157 1629.02308192528 1635.13316189794 1643.86378741369 1650.07970119756 1653.69451470813 1658.64555467765 1662.26747890309 1664.88103154231 1670.67184487389 1675.93739925727 1679.81966077074 1682.9153659752 1687.3082097497 1689.6699975734 1701.88320406187 1704.48725192561 1706.4216014834 1708.84665873012 1714.31052746356 1716.48351166652 1718.07101763992 1717.60279709331 1718.61983691363 1721.23731074283 1724.10974387783 -9999 -9999 -9999 -9999 -9999 -9999 1748.75113594209 1752.57788685781 -9999 -9999 -9999 -9999 -9999 -9999 -9999
1572.96622910163 1580.36896204637 1585.7242763207 1590.94165649789 1598.53838798629 1605.43973404534 1611.91873489925 1617.90767232553 1621.31914848961 1624.73650178928 1630.19706282488 1636.32972668714 1646.7352859801 1651.27910215183 1656.93968269443 1659.27698693478 1663.0880504691 1666.8029698583 1670.62228354163 1675.33444326311 1680.38103833902 1684.96912843028 1689.27155966654 1690.92133356117 1700.00399455603 1703.57031516131 1706.2546614244 1709.82478338628 1715.10715355011 1716.22880762894 1716.13951242293 1715.33836561738 1718.95127970323 1722.07217195891 1725.42548950011 1733.22376284562 1735.99677634421 1736.99883387353 -9999 -9999 -9999 -9999 1751.77444512122 -9999 -9999 -9999 -9999 -9999 -9999 -9999
1572.56891956539 1582.97176229935 1586.89680038513 1592.22862443238 1600.84265809563 1606.41644265225 1612.52117099824 1617.8439738881 1623.00134825296 1627.21660393706 1633.31053366782 1639.26717758179 1648.44295708804 1652.0469153312 1657.24893116439 1660.07921527674 1663.76815728528 1667.40943191342 1670.54304177143 1677.60697133376 1683.33448901149 1687.91360210656 1688.93012600819 1691.2817677977 1700.10680373553 1701.60517749154 1707.38847210073 1711.23709157418 1715.03552740353 1716.37135652966 1715.46985519561 1714.85188806019 1718.58311251536 1721.65423962224 1728.28347704535 1736.37032744194 1737.95480831052 1739.96390721517 1741.90983759824 -9999 -9999 -9999 1750.17761260985 1753.53033422063 -9999 -9999 -9999 -9999 -9999 -9999
1572.12793880171 1584.06844096872 1588.64144796838 1593.65626540588 1601.05237472157 1605.85793382005 1612.54919699931 1617.51608544054 1623.46379417428 1628.1717429425 1634.64773207619 1640.50559547575 1649.64344217639 1653.6868270808 1657.91499079449 1661.71427553792 1665.05890540636 1668.67668288445 1673.52584898597 1678.96126493593 1683.77776164951 1687.85664408107 1689.78933957673 1694.50558818611 1699.96323672326 1704.59880632804 1709.89119180118 1712.64628932632 1714.82706999649 1716.46950807607 1715.13316732958 1715.52161275043 1719.71497844466 1725.3266383983 1731.65807112973 1736.98712019631 1737.2298883768 1740.25840731052 1742.74602758602 1743.69628802969 -9999 -9999 -9999 1753.52765530901 -9999 -9999 -9999 -9999 -9999 -9999
1573.72236929099 1585.86690142458 1591.06251798053 1595.90830064823 1600.95191269781 1607.78044343475 1613.71161334337 1620.16168332306 1624.74424777026 1629.95775338135 1635.24564742175 1640.39724411767 1650.06341482851 1654.86068723925 1660.25112365385 1662.88625698896 1666.30145994771 1671.53534947037 1676.14167601365 1679.0759778835 1683.43517171153 1687.93649909841 1692.29908026606 1696.01338147972 1700.90168474186 1706.7539094663 1710.30178703903 1714.0322609633 1713.32339878066 1713.62261678763 1714.30820659834 1716.3394070376 1720.75868067901 1727.2188425768 1734.49897498717 1737.04144235226 1738.30215395213 1740.7153141288 1742.21098964335 1743.63479925733 -9999 -9999 -9999 1753.91505705024 1756.97688511324 -9999 -9999 -9999 -9999 -9999
