rcp8.5models/GFDL_CM3/sc1gr10.1
NCOLS 261 
NROWS 433 
XLLCORNER 336357.134 
YLLCORNER 654653.479 
CELLSIZE 1000 
NODATA_value -9999 
[rows 396 to 417 of 433, columns 150 to 199 of 261]
127.839686108042 127.7704703487 127.571261569859 127.001005541172 126.188394419054 125.710068132087 125.074052740458 124.99286452562 126.417813378114 127.332989009003 128.515525864595 129.602523790277 131.462573829947 133.233731761438 134.162874550259 135.486732252447 136.776484889934 138.141334118015 140.618092871049 144.576236584321 147.352513157631 150.106773277377 151.742675852282 153.346240246224 -9999 -9999 160.24239035791 162.800164651546 -9999 -9999 174.380796661902 177.627646365617 180.555414928383 183.648801515406 187.272081381644 190.904675035964 194.297019806521 197.94436478772 201.600823904536 205.088887707372 208.200125800371 211.857911492261 -9999 221.750595867035 224.551608492968 227.872467038536 231.168326136667 234.00073024963 237.370173852262 240.733259657037
126.69302708505 125.79037239792 126.39904388905 126.142322493496 124.832653907387 124.584008457753 124.489336112113 124.405959180257 125.846627504658 126.581146447189 127.594656766352 129.194853905935 130.899038204925 132.503111458442 133.399631838746 134.574289153425 135.540570700755 137.062548228974 139.713385411226 143.318018802655 146.327160844102 149.209311141151 151.806763141807 152.679895518061 154.362854475531 -9999 -9999 161.66343343014 -9999 -9999 173.019983581283 176.206324612014 179.197682388538 182.833686532927 186.403260262811 189.793306381021 192.777476145166 196.294435297339 199.937051799428 203.427033399469 206.635901123878 210.137310645757 -9999 -9999 222.901894247166 226.03803550721 228.849421012709 232.192835499796 235.529450888808 238.477840359793
126.065505910201 124.788891235907 124.969335014623 125.452487005386 124.909834736831 124.100022485042 123.788240387981 123.746742488448 125.509972462976 126.463537249097 126.995436105666 128.27947633775 129.384498790138 131.312726257627 132.539969676094 133.224971870751 134.435888761136 136.44557466435 138.907047713591 142.528574839756 145.199619965371 148.545918703349 151.31024157045 152.056103140964 153.727791009657 155.841724803894 158.342652476787 160.867818621867 163.356012663159 166.242348354192 171.648343418641 174.979866239385 178.214963662163 181.287777557908 184.823885731964 188.194292914025 191.192422450084 194.749383013798 198.111789537774 201.284420991257 204.93671352665 -9999 215.348200727022 217.897241081339 -9999 224.373694279263 227.07107530861 230.379485439492 233.305560408633 236.62596415766
125.369343934272 123.889572834597 123.36120487311 123.855566085793 124.399296789735 123.681539691628 123.350679245717 123.167100168454 124.723458102987 125.456134522687 126.239280469413 127.230968580139 127.981266146432 130.273059117553 131.838493514912 132.301666736893 133.868025668652 135.600416348541 137.659527094325 141.987723693623 144.69704558647 147.667454001412 150.078832320976 151.662630604522 153.189804966366 155.191595728921 157.62825738194 159.923270353488 162.175296912997 165.219726405775 170.84420019534 174.162049242909 176.795854610269 179.77132334025 183.345004160898 186.594252522024 189.634940023573 193.275397157117 196.618275803221 199.771878290937 203.203601379113 -9999 213.693198486533 216.429362654932 219.640807186003 222.630018690108 225.421216353757 228.679794230279 231.483187653673 234.819625584482
124.833781117974 123.126595356983 122.000647013372 122.103610008506 122.748557704 123.118200626349 122.978895324762 122.672345892837 123.645192083794 124.484122950338 125.411423974795 -9999 -9999 129.063691521731 130.835477422313 131.679821461853 133.234577702317 134.763521509709 136.404159913995 141.351977351045 143.955082829458 146.361135762196 148.795238492931 151.088485707955 152.862227015775 155.060942776451 156.949652007101 159.15655609651 161.333127984241 163.917768516038 169.814678677876 172.718135641693 175.570310253435 178.789740829129 181.84600822552 185.164427486915 188.141612714058 191.733504608772 195.24383829131 198.275063270391 201.681334975652 204.65642421913 211.674125167645 214.929903053972 217.788049475536 220.556086256049 223.884209928941 226.889582698703 229.706227425192 233.136957175128
123.777218880427 122.604626367192 121.506177418509 121.198792539415 121.38527432822 122.191263074765 122.212713071954 121.743464361069 122.564406228054 123.860586794901 124.69993614091 -9999 -9999 -9999 129.649782453805 131.00972628446 132.511011546209 134.11941098892 135.966804783191 140.484194897275 142.636922751019 144.906544486937 147.244958233435 149.915073408161 152.339134107398 154.263976905242 155.69780990696 158.038083797792 160.387350887159 162.818682778877 168.412344110465 171.314528500476 174.64456527228 177.376538140683 180.332147229009 183.887610814282 187.121248744584 190.184435638498 193.770885122244 196.623741426369 199.740871006396 203.254446897955 209.636634873571 213.212886691553 215.70974690988 218.942294994308 222.094848769324 224.647956373525 228.05006612952 231.309721739253
122.301474271939 121.779983261146 121.458723805595 120.405350238336 120.159105485621 121.191770142687 121.642018775954 121.161944515375 121.993511006317 123.097672765954 -9999 -9999 -9999 127.535229901974 128.988264157683 130.502955645667 131.991373730738 133.631899830264 135.744921626762 139.98200826956 141.725251278458 143.477475530922 145.890774650458 148.881651715796 151.539103627096 153.198086922848 154.876064568891 156.938541664264 159.669293808089 162.032816432351 167.243241010105 170.380238940933 173.202717412044 176.147587761082 179.387448874874 182.483965418996 185.696558572498 188.724381903998 192.297498213228 195.185159717427 -9999 201.271391606554 207.937015612186 211.165313719734 214.123859637994 217.314555190372 220.408329078332 223.193720006049 -9999 -9999
121.475059298702 120.710028236358 120.788542124782 119.638523200351 118.948654237956 119.928600833502 121.020266859993 121.176749173993 121.51434867606 122.560225124386 123.360239577847 124.383083769524 125.663706115367 127.046581839727 128.487555801495 130.03719341283 131.607684202851 133.242420762236 135.132741508895 139.385485582696 141.064705150899 142.72227348504 144.807640486268 147.817954947482 150.239655234035 152.563647344051 154.469581343972 156.931086518933 159.102848318592 161.355416876661 166.51838837308 169.447030186928 171.907813817668 175.225091210994 177.976786044855 180.979698569177 184.309244761159 187.417442953298 190.846533920158 193.676255577878 -9999 -9999 -9999 209.504976422404 -9999 -9999 -9999 -9999 -9999 -9999
120.300518293615 119.227587754109 119.033310395401 118.703144107095 118.033252456355 118.558698075447 120.02088764516 120.814781729961 121.113408485973 122.189288786262 122.917538425782 123.922890610643 125.168124977887 126.498043144401 128.019528894313 129.561216042836 131.123418109581 132.664815317231 134.178639374781 138.35134504552 140.455691821857 142.091968520029 144.072194815944 146.422107018105 148.875580384502 151.391293062161 153.978535641918 156.441777978509 158.576379121254 160.626882574171 165.753696250157 168.329985588379 171.119824840883 -9999 -9999 -9999 183.024252760587 -9999 189.34051971739 -9999 -9999 -9999 -9999 -9999 -9999 -9999 -9999 -9999 -9999 -9999
118.962180348918 117.883178154095 117.634802130804 117.537961457848 117.380477281007 117.636158794229 118.662293646804 119.878146925641 120.938561182889 122.25513535664 122.414373534089 123.352172554128 124.631042530518 126.036976542819 127.550844057645 129.042576007975 130.550055072973 132.127469797382 133.495526306076 137.322095406871 139.89371647901 141.517077343141 143.316349340511 145.45654528945 148.122292394633 150.128733838144 153.050142863698 155.298605939555 158.054699921924 159.856336492214 165.030329297433 167.275855875475 170.262112039242 -9999 -9999 -9999 181.883734606378 184.992656169986 187.938814755262 -9999 -9999 -9999 -9999 -9999 -9999 -9999 -9999 -9999 -9999 -9999
120.23071434015 118.898841201081 117.663837519614 116.904094435115 116.58912609487 116.469041406283 116.962581282905 117.931839293078 120.492654749425 121.546524931685 122.184086780978 122.864207584939 123.815266606872 125.253246649917 126.797737688418 128.184573461358 129.586979860836 131.053885671275 132.586155384552 136.131674281575 138.697948491262 140.248101521878 141.937359314977 143.922230855373 146.356335545444 148.998830155625 151.770015767541 153.559933199042 155.599166517935 158.0337632909 162.772737841938 165.95106006039 168.464562192989 -9999 -9999 -9999 -9999 -9999 -9999 -9999 -9999 -9999 -9999 -9999 -9999 -9999 -9999 -9999 -9999 -9999
119.299434865936 119.191728534128 118.696430978947 117.674476402814 116.98798726018 116.824046221775 116.906710411647 117.757920848557 120.09735202625 121.201699444333 121.527905292198 122.03172074333 123.338249076668 124.710815418528 126.313199344336 127.732001823195 129.175138652855 130.538579534971 132.106362772546 135.688410942732 138.233902923378 139.894262249479 141.396313127417 143.191042665199 145.383984053559 148.28940605102 150.414242221425 152.331115660611 154.778171950442 156.938621886824 162.144598162204 -9999 167.489960671518 -9999 -9999 -9999 -9999 -9999 -9999 -9999 -9999 -9999 -9999 -9999 -9999 -9999 -9999 -9999 -9999 -9999
117.843596584963 118.407362050722 119.088049218434 118.2122559862 117.234855674248 116.773941607253 116.965694453104 117.447575177839 119.869012727038 120.334738113212 121.352097902036 122.144097024309 123.305541514301 124.313839180383 125.777466608745 127.311594928137 128.810523182904 130.165438056546 131.725629667177 135.24577383572 137.681424139534 139.378954292626 140.89382462377 142.533735177213 144.790043019417 147.470023806338 149.099608356066 151.316638954742 154.276990213014 156.383288798863 161.868345661593 164.95296747545 -9999 -9999 -9999 -9999 -9999 -9999 -9999 -9999 -9999 -9999 -9999 -9999 -9999 -9999 -9999 -9999 -9999 -9999
117.644194980722 118.095211940908 117.733560965522 116.69438122855 116.497001507344 116.389072937452 116.630009942158 117.054998857661 119.432199101231 120.189009128272 121.173136494464 122.448161753283 123.661025696536 124.612303789352 125.954997942746 127.39460493005 128.889447169693 130.26563854076 131.883022310179 135.127057377896 137.18746000995 138.763140190786 140.424963769117 141.949320542544 144.149705969898 146.757576876506 148.525215518699 150.764166899914 153.666526746881 -9999 -9999 -9999 -9999 -9999 -9999 -9999 -9999 -9999 -9999 -9999 -9999 -9999 -9999 -9999 -9999 -9999 -9999 -9999 -9999 -9999
118.131123154959 118.017087340871 116.578379649729 115.676027566616 116.245012972023 116.498413887801 116.565528261467 117.003873951232 119.132384726446 120.37418466488 121.496552268009 122.875607302669 123.918150978177 124.752223730448 126.179236798091 127.575316510874 128.99543880856 130.394028942366 132.071052941777 135.120727593485 136.738292523965 138.246630764214 140.003356890648 141.674914957745 144.043371966536 146.189428345718 148.207577877354 -9999 -9999 -9999 -9999 -9999 -9999 -9999 -9999 -9999 -9999 -9999 -9999 -9999 -9999 -9999 -9999 -9999 -9999 -9999 -9999 -9999 -9999 -9999
118.588215840252 117.925162906725 116.850197082943 115.900528853387 116.222262734471 116.357747321698 116.800780633469 117.332307681138 118.950840325293 120.383021817558 121.830360802695 123.114925883152 124.133256912425 124.716776167107 125.740352724449 127.224248324287 128.636978350479 129.99746627127 131.631068243383 134.828659588448 136.336669873137 137.79333728292 139.484790536352 141.474522760193 -9999 -9999 -9999 -9999 -9999 -9999 -9999 -9999 -9999 -9999 -9999 -9999 -9999 -9999 -9999 -9999 -9999 -9999 -9999 -9999 -9999 -9999 -9999 -9999 -9999 -9999
118.597953059198 118.154992565623 117.653408227186 116.041970463307 116.160960160859 116.648723777625 117.035162411502 117.698781518547 119.302301856651 120.682801321413 121.80970930945 122.697325979657 124.034251723012 125.065314209812 126.057425213607 -9999 128.441205252838 129.934594507154 131.874221688066 -9999 -9999 -9999 -9999 -9999 -9999 -9999 -9999 -9999 -9999 -9999 -9999 -9999 -9999 -9999 -9999 -9999 -9999 -9999 -9999 -9999 -9999 -9999 -9999 -9999 -9999 -9999 -9999 -9999 -9999 -9999
118.941957635454 118.518978258913 118.583584276055 117.6354262322 117.215260442588 117.357773552999 117.402589423126 118.071779651371 -9999 120.87776924591 -9999 123.027596884545 124.141095426968 -9999 -9999 -9999 -9999 -9999 -9999 -9999 -9999 -9999 -9999 -9999 -9999 -9999 -9999 -9999 -9999 -9999 -9999 -9999 -9999 -9999 -9999 -9999 -9999 -9999 -9999 -9999 -9999 -9999 -9999 -9999 -9999 -9999 -9999 -9999 -9999 -9999
119.946372746843 119.163951163138 119.056521866564 118.743946471871 118.277843597726 118.371262493932 118.157033026755 -9999 120.339532306051 -9999 -9999 123.451619644715 -9999 -9999 -9999 -9999 -9999 -9999 -9999 -9999 -9999 -9999 -9999 -9999 -9999 -9999 -9999 -9999 -9999 -9999 -9999 -9999 -9999 -9999 -9999 -9999 -9999 -9999 -9999 -9999 -9999 -9999 -9999 -9999 -9999 -9999 -9999 -9999 -9999 -9999
121.110998405407 120.328923335966 119.545532219195 119.034071601709 -9999 119.345621375478 -9999 -9999 -9999 -9999 -9999 -9999 -9999 -9999 -9999 -9999 -9999 -9999 -9999 -9999 -9999 -9999 -9999 -9999 -9999 -9999 -9999 -9999 -9999 -9999 -9999 -9999 -9999 -9999 -9999 -9999 -9999 -9999 -9999 -9999 -9999 -9999 -9999 -9999 -9999 -9999 -9999 -9999 -9999 -9999
122.637757518986 121.600391304145 120.796267886984 120.600383535823 120.303587024995 -9999 -9999 -9999 -9999 -9999 -9999 -9999 -9999 -9999 -9999 -9999 -9999 -9999 -9999 -9999 -9999 -9999 -9999 -9999 -9999 -9999 -9999 -9999 -9999 -9999 -9999 -9999 -9999 -9999 -9999 -9999 -9999 -9999 -9999 -9999 -9999 -9999 -9999 -9999 -9999 -9999 -9999 -9999 -9999 -9999
124.02184224581 -9999 -9999 -9999 -9999 -9999 -9999 -9999 -9999 -9999 -9999 -9999 -9999 -9999 -9999 -9999 -9999 -9999 -9999 -9999 -9999 -9999 -9999 -9999 -9999 -9999 -9999 -9999 -9999 -9999 -9999 -9999 -9999 -9999 -9999 -9999 -9999 -9999 -9999 -9999 -9999 -9999 -9999 -9999 -9999 -9999 -9999 -9999 -9999 -9999
