rcp8.5models/GFDL_CM3/sc1gr9.27
NCOLS 261 
NROWS 433 
XLLCORNER 336357.134 
YLLCORNER 654653.479 
CELLSIZE 1000 
NODATA_value -3.4e+38 
[rows 352 to 373 of 433, columns 147 to 195 of 261]
1464.13513183594 1461.39086914062 1378.27380371094 1219.50170898438 1186.73205566406 1173.08471679688 1161.97253417969 1161.39782714844 1164.28735351562 1150.19116210938 1167.14343261719 1270.75500488281 1326.21936035156 1349.54052734375 1269.05358886719 1177.75732421875 1163.04321289062 1190.53112792969 1180.10205078125 1136.85729980469 1121.22900390625 1090.64147949219 1116.79443359375 1143.22497558594 1118.89306640625 1051.609375 1015.33856201172 1000.07971191406 982.857299804688 968.178100585938 957.608764648438 950.536987304688 942.836059570312 913.335632324219 910.974182128906 907.902465820312 898.729125976562 887.493347167969 876.037231445312 861.188293457031 848.115051269531 836.757995605469 827.384033203125 820.930053710938 814.999816894531 801.407104492188 801.765380859375 802.615600585938 796.763366699219
1484.59741210938 1465.14233398438 1363.97058105469 1203.11865234375 1176.13525390625 1162.54260253906 1153.47546386719 1145.39331054688 1138.69372558594 1137.51708984375 1143.40612792969 1178.43127441406 1218.12854003906 1237.515625 1186.24353027344 1116.84301757812 1107.05651855469 1166.46252441406 1236.28283691406 1168.5234375 1057.80053710938 1039.04125976562 1075.58020019531 1082.20556640625 1077.12353515625 1036.94702148438 1001.01196289062 988.023864746094 977.570556640625 962.079528808594 948.56494140625 939.267639160156 931.183837890625 907.467346191406 907.497619628906 902.260620117188 893.467041015625 884.737731933594 873.260681152344 858.437255859375 844.865234375 832.193725585938 823.0654296875 817.011352539062 810.424926757812 795.405700683594 794.878784179688 797.691040039062 793.3671875
1489.58459472656 1442.28979492188 1312.30139160156 1181.05651855469 1168.27868652344 1156.19470214844 1144.27795410156 1135.06970214844 1126.54223632812 1122.57604980469 1122.06176757812 1115.16381835938 1120.95971679688 1119.13696289062 1106.361328125 1094.41455078125 1081.3271484375 1089.90600585938 1139.13635253906 1115.69140625 1055.34020996094 1019.52075195312 1018.09393310547 1018.22467041016 1012.60870361328 993.859191894531 985.334533691406 975.585998535156 968.55615234375 956.760681152344 942.716613769531 930.341247558594 919.9013671875 900.292114257812 900.830871582031 896.364624023438 886.269226074219 877.039978027344 865.237548828125 852.943420410156 840.098022460938 828.949340820312 818.927001953125 814.16357421875 807.377868652344 791.880615234375 791.628051757812 792.409973144531 786.725891113281
1497.7568359375 1444.11462402344 1296.41174316406 1171.32971191406 1158.9169921875 1148.80358886719 1136.50524902344 1125.921875 1117.32263183594 1112.53674316406 1109.26513671875 1101.79467773438 1113.96569824219 1134.70837402344 1138.87390136719 1135.78210449219 1065.02807617188 1049.1884765625 1038.5400390625 1053.30603027344 1067.93811035156 1010.15142822266 1023.79730224609 1025.37548828125 1005.18121337891 978.906127929688 970.157043457031 963.287475585938 955.194641113281 947.332275390625 938.016235351562 923.673706054688 911.365600585938 893.119140625 897.189208984375 898.190002441406 879.064514160156 869.822509765625 858.002746582031 845.691833496094 832.80517578125 822.069396972656 813.176452636719 807.990295410156 802.729431152344 787.662902832031 789.182495117188 793.435302734375 791.458190917969
1511.31811523438 1410.90417480469 1238.31042480469 1162.75378417969 1149.71069335938 1141.27844238281 1134.30151367188 1124.86779785156 1114.95422363281 1105.33630371094 1102.69897460938 1091.66333007812 1112.79553222656 1162.60437011719 1159.52307128906 1121.52014160156 1059.19018554688 1047.49267578125 1031.59887695312 1030.64086914062 1032.86376953125 1027.74462890625 1045.10241699219 1017.69458007812 1005.01446533203 980.305114746094 958.102416992188 949.990173339844 941.881164550781 935.589599609375 930.279663085938 916.525634765625 904.192626953125 887.954711914062 892.672119140625 892.376831054688 870.544555664062 862.835815429688 852.167785644531 841.3818359375 828.170227050781 815.762268066406 809.1982421875 802.676513671875 796.307006835938 785.5126953125 785.641174316406 787.438293457031 785.567443847656
1473.68359375 1279.57214355469 1168.75268554688 1154.79284667969 1143.77856445312 1138.55346679688 1134.99877929688 1126.07458496094 1115.64001464844 1105.01379394531 1099.01232910156 1078.61608886719 1088.85546875 1118.2724609375 1099.46166992188 1057.51306152344 1057.78466796875 1045.52856445312 1024.41564941406 1006.64990234375 998.25830078125 1032.80676269531 1059.10046386719 996.73046875 983.565246582031 980.378662109375 965.794555664062 941.005249023438 929.867492675781 926.680541992188 921.3544921875 908.107604980469 897.014953613281 880.73486328125 882.681579589844 878.124572753906 862.820434570312 854.283630371094 846.113220214844 839.305114746094 827.781555175781 813.752380371094 804.309265136719 797.332580566406 791.901794433594 783.233459472656 781.145324707031 776.767456054688 774.732299804688
1400.3115234375 1187.5595703125 1159.60144042969 1147.45324707031 1139.90063476562 1135.03576660156 1128.75793457031 1120.333984375 1109.67358398438 1100.42919921875 1091.74096679688 1064.07348632812 1054.75671386719 1048.00708007812 1042.99719238281 1043.24035644531 1044.67761230469 1033.82751464844 1016.21704101562 998.473266601562 986.844055175781 999.653625488281 1042.26428222656 990.601013183594 965.419982910156 968.710571289062 973.822326660156 933.451354980469 919.709411621094 917.754943847656 912.93994140625 902.229553222656 892.730773925781 873.507751464844 875.460754394531 872.395080566406 859.200561523438 846.891235351562 841.352172851562 836.977600097656 826.977233886719 813.37353515625 802.106506347656 792.007446289062 787.225341796875 778.809936523438 777.619995117188 774.3564453125 774.463317871094
1280.24145507812 1170.19958496094 1151.63415527344 1140.90661621094 1132.04235839844 1122.27575683594 1114.71252441406 1109.06970214844 1098.39416503906 1090.05517578125 1080.95690917969 1051.32116699219 1047.79504394531 1043.32727050781 1034.5146484375 1030.9599609375 1030.07763671875 1019.48193359375 1006.50885009766 992.304260253906 979.799743652344 976.213928222656 992.786743164062 964.489685058594 952.647705078125 953.640747070312 954.526489257812 923.292114257812 911.299377441406 910.053833007812 905.026184082031 896.286865234375 885.251586914062 868.965270996094 870.648193359375 867.151123046875 854.326232910156 841.142639160156 835.675659179688 833.961364746094 825.696533203125 811.608947753906 801.008056640625 790.013977050781 783.042419433594 775.892883300781 774.412902832031 770.263427734375 769.281555175781
1170.68298339844 1151.62817382812 1139.32543945312 1127.69702148438 1117.30358886719 1106.80224609375 1099.67590332031 1088.99243164062 1075.97192382812 1071.80725097656 1063.38171386719 1028.27490234375 1022.41772460938 1021.21459960938 1021.76812744141 1021.08331298828 1012.51586914062 998.326110839844 -3.4e+38 977.545104980469 968.043762207031 -3.4e+38 936.00634765625 929.926025390625 926.119567871094 923.770874023438 916.231140136719 905.129516601562 895.352111816406 899.141540527344 888.921508789062 879.583557128906 871.696166992188 860.707885742188 858.14453125 854.315246582031 839.849365234375 828.925720214844 822.565307617188 820.673400878906 815.848815917969 807.222534179688 795.016662597656 783.563598632812 776.786376953125 769.839904785156 763.160034179688 762.6357421875 -3.4e+38
-3.4e+38 1143.00500488281 1130.69812011719 1120.96301269531 1113.57934570312 1100.9501953125 1089.45617675781 1076.2421875 1063.46850585938 1057.8056640625 1049.48071289062 1017.74975585938 1011.34295654297 1009.46618652344 1003.85168457031 1004.95257568359 1002.54095458984 992.437622070312 982.357299804688 972.752380371094 965.718139648438 952.27001953125 928.307495117188 920.161010742188 913.937683105469 912.777099609375 907.299255371094 891.335021972656 888.522583007812 890.516479492188 879.248901367188 870.548522949219 863.161926269531 855.575378417969 852.26708984375 849.720947265625 834.7451171875 822.759155273438 816.293762207031 812.208251953125 807.890930175781 803.50146484375 794.17236328125 783.352294921875 775.4228515625 765.080017089844 759.347778320312 760.404235839844 756.23095703125
1152.02233886719 1131.88586425781 1119.03100585938 1112.20556640625 1103.16589355469 1090.20007324219 1076.57336425781 1062.08471679688 1050.88391113281 1042.93786621094 1032.78540039062 1006.91961669922 1001.37908935547 998.634948730469 991.797729492188 991.699340820312 991.030517578125 986.216979980469 980.573181152344 971.588928222656 962.156372070312 948.131530761719 922.902526855469 913.645141601562 904.423461914062 902.051208496094 897.359436035156 883.4521484375 880.21826171875 880.76904296875 871.74365234375 862.660339355469 855.875671386719 850.565734863281 847.792663574219 843.069946289062 828.64306640625 819.168518066406 809.981018066406 804.392883300781 800.700073242188 795.945068359375 791.7294921875 781.98876953125 -3.4e+38 757.40380859375 756.8466796875 757.683837890625 749.175598144531
1142.27185058594 1124.48718261719 1113.19360351562 1102.73327636719 1090.83483886719 1080.63830566406 1065.71887207031 1050.53015136719 1040.91748046875 1030.07934570312 1019.048828125 997.57763671875 990.490661621094 984.832885742188 984.1416015625 990.783203125 987.491577148438 980.322631835938 979.229248046875 977.605651855469 958.857666015625 945.982543945312 922.613708496094 910.909301757812 900.286071777344 891.812622070312 882.995422363281 875.039855957031 869.326416015625 866.258239746094 860.931884765625 855.7333984375 848.222534179688 847.71826171875 847.153503417969 836.859924316406 823.333312988281 814.512756347656 804.335510253906 796.319946289062 792.818481445312 786.975769042969 785.0732421875 779.317687988281 -3.4e+38 -3.4e+38 753.441955566406 752.69091796875 743.71630859375
1130.85620117188 1117.73522949219 1108.16430664062 1095.22631835938 1083.20690917969 1071.60546875 1057.69665527344 1044.6708984375 1032.07763671875 1018.40551757812 1007.90454101562 -3.4e+38 -3.4e+38 978.929626464844 981.759216308594 982.3427734375 976.647521972656 970.035522460938 975.185852050781 993.408508300781 974.502868652344 942.413452148438 924.003723144531 915.125183105469 905.453796386719 888.925109863281 875.185546875 865.700988769531 858.538513183594 854.391174316406 851.477355957031 846.986572265625 839.232177734375 841.304321289062 841.222595214844 832.925720214844 820.615844726562 809.847473144531 800.138305664062 792.709289550781 787.205505371094 780.644958496094 777.221252441406 773.690551757812 765.019714355469 -3.4e+38 751.63623046875 746.553588867188 738.478088378906
1120.30859375 1109.59619140625 1101.05554199219 1091.54125976562 1079.99780273438 1065.02209472656 1048.74365234375 1036.35021972656 1020.98822021484 1008.35003662109 995.551940917969 981.399780273438 976.348205566406 975.72314453125 975.023376464844 965.17041015625 957.65185546875 956.689270019531 960.793029785156 984.316711425781 984.031982421875 939.736877441406 916.186889648438 910.875549316406 902.819152832031 884.919555664062 871.85546875 861.894836425781 855.514953613281 848.335083007812 843.382934570312 838.013549804688 834.039978027344 833.098388671875 831.502685546875 831.240112304688 819.786193847656 809.405456542969 799.788330078125 793.127563476562 784.048400878906 776.083984375 770.165405273438 766.2412109375 760.718627929688 746.88037109375 747.247985839844 740.855651855469 732.995239257812
1113.98742675781 1103.08239746094 1092.96459960938 1083.90881347656 1070.62280273438 1055.14501953125 1039.62475585938 1026.951171875 1012.15191650391 999.209106445312 985.791809082031 974.907958984375 971.620849609375 968.570434570312 962.004089355469 954.501708984375 947.522521972656 947.175354003906 944.570556640625 956.087280273438 964.9169921875 940.949035644531 907.254821777344 896.881530761719 887.929443359375 876.606323242188 868.351806640625 861.674682617188 856.110900878906 845.560852050781 838.18115234375 831.577087402344 827.860595703125 823.768676757812 823.876281738281 824.73193359375 817.820678710938 807.383422851562 797.762084960938 791.370910644531 781.981140136719 770.853210449219 763.795593261719 760.554016113281 755.263854980469 741.208374023438 739.511291503906 735.119934082031 728.125183105469
1112.23913574219 1099.71240234375 1084.58435058594 1073.22766113281 1061.43054199219 1044.01184082031 1029.04455566406 1016.99523925781 1002.07794189453 989.287353515625 981.37548828125 967.484130859375 963.64794921875 959.684692382812 949.821838378906 942.915161132812 942.152954101562 938.282104492188 931.788635253906 936.948547363281 -3.4e+38 936.488708496094 906.865356445312 893.917419433594 881.1533203125 871.596984863281 866.236572265625 862.539916992188 855.613525390625 845.508544921875 835.679321289062 826.502502441406 819.084838867188 818.511047363281 819.86279296875 816.023864746094 810.659729003906 800.628845214844 790.065246582031 783.949951171875 777.2333984375 766.108947753906 758.570739746094 753.955749511719 749.773071289062 737.576843261719 730.82470703125 726.383178710938 722.123840332031
1107.77404785156 1092.96728515625 1075.73547363281 1063.31384277344 1053.88952636719 1037.42724609375 1018.9208984375 1004.59619140625 991.830688476562 983.95654296875 977.507934570312 959.151000976562 955.853088378906 950.424621582031 940.268188476562 934.802856445312 934.714172363281 928.112365722656 919.848754882812 920.869567871094 935.768798828125 955.629760742188 901.313537597656 892.59619140625 882.15234375 875.315185546875 870.003356933594 862.943481445312 850.473327636719 838.578552246094 827.96044921875 820.256896972656 813.735961914062 813.567504882812 813.750610351562 807.844909667969 801.491821289062 794.595886230469 784.352722167969 775.063354492188 768.676391601562 761.98828125 753.788391113281 -3.4e+38 743.60205078125 733.901428222656 724.66455078125 719.504028320312 717.301879882812
1097.59436035156 1080.20874023438 1067.10522460938 1057.67102050781 1048.00598144531 1032.10913085938 1012.31292724609 995.693664550781 983.877990722656 977.437072753906 968.807189941406 950.799682617188 946.922729492188 941.470092773438 932.474365234375 927.616943359375 922.766540527344 916.096801757812 912.3154296875 913.291931152344 929.571411132812 951.720031738281 892.849914550781 885.453247070312 880.164672851562 876.294555664062 871.877075195312 860.456970214844 844.555603027344 828.380310058594 819.927856445312 813.369445800781 808.626220703125 808.004150390625 803.1201171875 796.61376953125 793.209594726562 789.182434082031 780.090515136719 771.872741699219 764.79541015625 757.620849609375 748.531127929688 743.865295410156 736.514282226562 729.250793457031 720.689331054688 716.204345703125 714.785583496094
1083.11401367188 1069.49816894531 1060.126953125 1052.37023925781 1043.31604003906 1028.50573730469 1008.41027832031 990.578918457031 976.035949707031 966.683959960938 958.05419921875 943.878295898438 940.237548828125 934.209228515625 924.635375976562 917.991455078125 912.227844238281 907.591674804688 907.973388671875 910.526977539062 911.591979980469 911.841247558594 891.358276367188 878.483825683594 872.227355957031 869.516662597656 865.538879394531 853.570251464844 840.769714355469 825.600952148438 817.605346679688 806.2060546875 802.87353515625 804.602661132812 793.849304199219 787.093994140625 783.521484375 781.505432128906 776.095031738281 772.295654296875 763.368530273438 753.768005371094 746.655151367188 739.475646972656 730.301208496094 724.866638183594 717.455505371094 712.224853515625 709.680053710938
1062.66943359375 1052.74963378906 1044.03405761719 1033.01013183594 1021.48138427734 1012.90423583984 1000.71502685547 978.248657226562 961.258239746094 948.657287597656 939.820739746094 931.487670898438 929.023620605469 920.912536621094 909.498901367188 898.366333007812 895.269897460938 895.695678710938 895.296142578125 890.956787109375 888.051208496094 885.857421875 876.811157226562 868.256591796875 854.174926757812 853.176879882812 853.0458984375 843.092529296875 830.953125 821.857055664062 809.224548339844 795.549011230469 791.798828125 793.518615722656 782.647888183594 773.375061035156 767.965270996094 765.879638671875 764.990539550781 764.990539550781 758.55029296875 752.09814453125 743.340881347656 733.913757324219 725.384948730469 713.677673339844 710.849975585938 705.281860351562 699.566040039062
1055.13647460938 1044.810546875 1031.68322753906 1021.87701416016 1013.78466796875 1006.52264404297 995.17236328125 976.883178710938 958.094787597656 941.908752441406 930.745666503906 923.628479003906 918.191101074219 910.650939941406 901.602172851562 893.116455078125 890.284423828125 888.107421875 883.760314941406 881.157348632812 877.860595703125 871.531127929688 862.762573242188 858.458190917969 847.342590332031 846.21728515625 844.298461914062 837.216735839844 823.916687011719 812.9384765625 799.795166015625 788.328063964844 784.968200683594 789.134399414062 776.935974121094 767.415771484375 761.098754882812 758.320739746094 757.178527832031 757.468933105469 754.437438964844 749.971374511719 741.443237304688 733.624877929688 726.441101074219 709.284729003906 705.032775878906 700.314514160156 697.1689453125
1044.26635742188 1030.93603515625 1018.28582763672 1011.4287109375 1007.42364501953 997.198608398438 986.428161621094 973.256591796875 955.019897460938 938.713012695312 923.999145507812 912.120971679688 905.504760742188 898.561645507812 891.916442871094 889.044677734375 890.399963378906 882.239501953125 875.198425292969 872.877746582031 870.21337890625 860.570373535156 848.878662109375 843.54296875 839.903991699219 838.233703613281 836.922424316406 834.263366699219 820.927185058594 809.438781738281 794.749877929688 782.608642578125 779.241027832031 781.491455078125 771.206298828125 761.169738769531 754.02099609375 752.556030273438 750.679870605469 749.678405761719 748.907775878906 745.601623535156 738.879211425781 732.159423828125 724.726928710938 707.140563964844 700.120666503906 695.617797851562 693.115417480469
