rcp8.5models/GFDL_CM3/sc1gr5.17
NCOLS 261 
NROWS 433 
XLLCORNER 336357.134 
YLLCORNER 654653.479 
CELLSIZE 1000 
NODATA_value -3.4e+38 
[rows 220 to 241 of 433, columns 49 to 97 of 261]
306.128265380859 305.635131835938 305.430389404297 305.284759521484 304.915740966797 304.532623291016 304.519714355469 304.543823242188 304.258178710938 304.153289794922 304.531097412109 304.457550048828 304.132598876953 303.832000732422 303.701507568359 303.403442382812 302.896636962891 302.875640869141 303.663146972656 303.323760986328 302.628875732422 302.368896484375 301.456665039062 301.456726074219 301.443786621094 301.246276855469 300.849945068359 301.168334960938 301.065521240234 300.756958007812 301.002502441406 300.947540283203 300.551086425781 300.577392578125 300.640106201172 300.643463134766 300.637329101562 300.302856445312 299.622192382812 299.028289794922 298.789001464844 298.513671875 298.390991210938 298.238403320312 298.214050292969 298.480743408203 298.342010498047 298.106964111328 297.961120605469
306.440093994141 306.129577636719 305.681915283203 305.328155517578 304.919372558594 304.457244873047 304.542358398438 304.515350341797 304.510681152344 304.700439453125 304.824829101562 304.693420410156 304.392547607422 304.181457519531 303.886505126953 303.495269775391 303.026092529297 303.466613769531 303.708984375 303.310882568359 302.454711914062 302.362945556641 302.039154052734 302.153961181641 301.973693847656 301.327667236328 301.182250976562 301.409973144531 301.329284667969 300.716674804688 300.6982421875 300.807678222656 300.707733154297 300.930816650391 300.903167724609 300.895812988281 300.864593505859 300.470123291016 299.733581542969 299.39794921875 299.116668701172 297.735382080078 297.786956787109 298.224792480469 298.092803955078 298.189392089844 298.131896972656 298.023132324219 297.879241943359
306.415283203125 305.938720703125 305.684143066406 305.385192871094 305.093048095703 304.435882568359 304.621032714844 304.708984375 305.110961914062 304.852661132812 304.375152587891 304.112823486328 304.079467773438 303.996948242188 303.728881835938 303.438568115234 303.613067626953 303.914672851562 303.548767089844 303.496856689453 303.018585205078 302.497741699219 302.684722900391 302.880432128906 302.371978759766 301.717071533203 301.426391601562 301.462524414062 301.645690917969 300.854309082031 300.811248779297 301.027008056641 300.946075439453 300.962585449219 300.934722900391 300.907409667969 300.829864501953 300.587341308594 300.127227783203 299.688171386719 299.484313964844 297.9189453125 297.456420898438 297.795867919922 298.114440917969 297.409942626953 295.9658203125 297.497985839844 297.484924316406
306.040740966797 305.588287353516 305.492980957031 305.155212402344 304.705261230469 304.527038574219 304.577758789062 305.154815673828 305.089752197266 304.795928955078 304.184844970703 303.819915771484 303.860229492188 303.903747558594 303.785400390625 303.607086181641 303.749664306641 303.787200927734 303.717956542969 303.890197753906 303.252105712891 302.973785400391 303.130187988281 303.065704345703 302.417327880859 301.904083251953 301.498138427734 301.510040283203 301.727294921875 301.069641113281 301.506439208984 301.544708251953 301.438079833984 301.181427001953 300.955078125 301.123565673828 300.725036621094 300.652770996094 300.319946289062 299.806121826172 299.92529296875 298.794647216797 298.491943359375 298.063049316406 298.375732421875 296.544982910156 292.900787353516 296.511138916016 297.127624511719
305.688995361328 305.560302734375 305.183990478516 304.744232177734 304.77880859375 304.784729003906 304.854461669922 305.236694335938 304.933746337891 304.850433349609 304.581085205078 304.142242431641 303.854553222656 303.904632568359 303.778503417969 303.704986572266 303.901611328125 304.391418457031 304.0439453125 303.595764160156 303.491027832031 303.410919189453 303.144317626953 302.744506835938 302.420288085938 302.024169921875 301.769927978516 301.865631103516 301.904754638672 301.093811035156 301.677276611328 301.789337158203 301.708312988281 301.526336669922 301.449523925781 301.343139648438 301.010009765625 300.934936523438 300.368133544922 300.250732421875 300.310272216797 299.115203857422 299.24365234375 298.918884277344 298.923980712891 297.773620605469 295.618591308594 297.241760253906 297.102325439453
305.267486572266 305.332244873047 304.989990234375 304.822357177734 304.9033203125 304.940673828125 305.148834228516 304.943786621094 304.742492675781 304.327362060547 304.261901855469 304.081695556641 303.874053955078 303.754272460938 303.804992675781 304.155395507812 304.196044921875 304.705871582031 303.980987548828 303.447967529297 303.474853515625 303.355407714844 303.251983642578 302.627014160156 302.265350341797 302.191925048828 302.259887695312 302.188629150391 301.904144287109 300.929870605469 301.313354492188 301.75 301.816680908203 301.570739746094 301.591278076172 301.463012695312 301.360260009766 301.092102050781 300.665863037109 300.434783935547 300.414581298828 299.156494140625 299.33154296875 299.209747314453 299.098724365234 298.954620361328 298.838317871094 -3.4e+38 297.300109863281
305.177093505859 305.468078613281 305.24951171875 305.070007324219 304.986236572266 305.22119140625 305.178314208984 304.678527832031 304.139343261719 303.947143554688 303.990570068359 303.991180419922 304.150146484375 304.359130859375 304.424041748047 304.670074462891 304.575103759766 304.640319824219 303.924621582031 303.781097412109 303.35009765625 303.142456054688 303.095001220703 302.573028564453 302.216522216797 302.495056152344 302.609191894531 302.015869140625 301.737213134766 301.283752441406 301.484252929688 301.809692382812 302.115356445312 301.694305419922 301.77880859375 301.559936523438 301.483306884766 301.06103515625 300.598785400391 300.609558105469 300.682769775391 299.323211669922 299.370666503906 299.433471679688 299.486083984375 299.07373046875 299.256195068359 299.002624511719 298.342376708984
305.19091796875 305.604614257812 305.380249023438 305.071929931641 305.249481201172 305.260589599609 305.023620605469 304.609130859375 304.249114990234 303.88623046875 303.729553222656 303.593475341797 304.609436035156 304.640563964844 304.385711669922 304.657623291016 304.598236083984 304.289703369141 303.65283203125 303.561370849609 303.177154541016 302.993530273438 302.874603271484 302.751586914062 302.430053710938 302.755828857422 302.464477539062 302.141937255859 301.764129638672 301.670135498047 301.673828125 301.807861328125 302.133697509766 301.75 302.014556884766 301.508087158203 301.3828125 301.070739746094 300.542114257812 301.077331542969 300.657592773438 299.837280273438 299.7607421875 299.591552734375 298.319976806641 295.7705078125 298.871612548828 298.975158691406 298.960998535156
305.172546386719 305.600860595703 305.362091064453 305.098724365234 305.565765380859 305.359252929688 304.908813476562 304.673583984375 304.418762207031 303.864440917969 303.821197509766 303.896667480469 304.729309082031 304.508728027344 304.218536376953 304.596923828125 304.202056884766 303.598083496094 303.323638916016 303.3310546875 303.0673828125 302.994476318359 302.965972900391 303.000732421875 302.811065673828 302.865905761719 302.506866455078 302.557159423828 302.207092285156 301.727447509766 301.771148681641 302.069946289062 302.169219970703 301.897583007812 302.132171630859 301.427124023438 301.417297363281 301.184997558594 300.831481933594 301.173034667969 300.565307617188 300.060913085938 299.59423828125 299.554290771484 298.780242919922 296.797271728516 298.813903808594 299.013275146484 299.103515625
305.304077148438 305.736511230469 305.5537109375 305.577789306641 305.512176513672 305.069580078125 304.723449707031 304.234466552734 304.568756103516 304.220031738281 303.923217773438 304.185821533203 304.763061523438 304.444183349609 304.180938720703 304.621917724609 304.329315185547 303.592864990234 303.390106201172 303.522918701172 303.041320800781 303.006286621094 302.990661621094 302.978698730469 302.921203613281 302.870330810547 302.779357910156 302.665893554688 302.284057617188 302.118499755859 301.757110595703 302.096740722656 302.221313476562 301.996795654297 302.230285644531 301.368591308594 301.129638671875 301.391540527344 301.300750732422 301.290222167969 301.044891357422 300.080780029297 299.699401855469 300.019256591797 299.864624023438 299.161773681641 299.182159423828 299.330383300781 299.066101074219
305.589019775391 305.860412597656 305.718109130859 305.517547607422 305.120391845703 304.692901611328 304.411773681641 303.775115966797 304.217834472656 304.674743652344 304.524139404297 304.556823730469 304.813903808594 304.665740966797 304.544403076172 304.619049072266 304.334289550781 303.794250488281 303.755187988281 303.619995117188 303.116027832031 303.296325683594 303.126556396484 302.870941162109 302.945373535156 302.838989257812 302.824005126953 302.712249755859 302.518371582031 302.404571533203 302.104888916016 301.978271484375 302.349975585938 302.150695800781 301.892456054688 301.511901855469 301.315002441406 301.371124267578 301.024627685547 300.972290039062 300.926483154297 300.098358154297 300.190063476562 300.260925292969 299.996215820312 299.589111328125 299.541900634766 299.240570068359 299.062133789062
305.961883544922 305.56298828125 305.048980712891 304.808380126953 304.777191162109 304.723480224609 304.751037597656 304.579833984375 305.082885742188 305.279266357422 305.164215087891 305.198272705078 304.685089111328 304.753112792969 304.932220458984 304.876922607422 304.570495605469 304.014617919922 -3.4e+38 -3.4e+38 303.579376220703 303.319183349609 303.210418701172 303.128173828125 303.398498535156 303.349182128906 303.322235107422 302.9853515625 302.98974609375 302.729736328125 302.738708496094 302.704437255859 302.605224609375 302.262145996094 301.824279785156 301.660766601562 301.442321777344 301.014434814453 300.587219238281 300.621643066406 300.672271728516 300.526214599609 300.659912109375 300.121490478516 299.970092773438 300.014495849609 299.865875244141 299.701080322266 299.420867919922
305.77392578125 305.316009521484 304.988525390625 304.846954345703 304.720825195312 304.939514160156 305.417144775391 304.986999511719 305.474578857422 305.519683837891 305.333129882812 305.034393310547 304.571746826172 304.904357910156 305.0263671875 304.990386962891 304.650146484375 303.958312988281 303.805938720703 303.843505859375 304.045166015625 303.808776855469 303.682006835938 303.5849609375 303.681427001953 303.671112060547 303.504425048828 303.057983398438 303.046813964844 302.677398681641 302.603210449219 302.775573730469 302.698791503906 302.458526611328 302.177551269531 301.947540283203 301.474151611328 301.363739013672 301.32958984375 301.213531494141 300.795043945312 300.865600585938 300.720855712891 300.192626953125 299.731628417969 299.686828613281 299.609008789062 299.387969970703 299.196685791016
305.376983642578 305.206115722656 304.949798583984 305.119995117188 305.466003417969 305.517211914062 305.782470703125 305.394775390625 305.442016601562 305.221405029297 305.188110351562 304.926971435547 304.845642089844 305.03955078125 304.933197021484 304.751983642578 304.600158691406 304.321533203125 304.104461669922 304.074310302734 304.162384033203 303.920288085938 303.629516601562 303.471099853516 303.202178955078 303.242919921875 303.128387451172 302.81591796875 302.849670410156 302.677520751953 302.137664794922 302.328918457031 302.610229492188 302.377624511719 302.60791015625 302.181365966797 301.559661865234 301.728668212891 301.547088623047 300.993347167969 300.681396484375 301.165710449219 300.671722412109 300.258361816406 299.842590332031 299.774627685547 299.39990234375 299.058013916016 298.767608642578
305.292755126953 305.257141113281 305.643615722656 305.754364013672 305.883728027344 305.869659423828 305.761657714844 305.599456787109 305.474548339844 305.049926757812 304.959075927734 305.031463623047 305.014190673828 304.981628417969 304.834259033203 304.718231201172 304.470550537109 304.177703857422 304.208679199219 303.809265136719 303.809295654297 303.6416015625 303.548583984375 303.419891357422 302.871429443359 302.785003662109 302.580413818359 302.402130126953 302.929840087891 302.754241943359 302.285430908203 301.761566162109 301.927886962891 301.846801757812 302.313629150391 -3.4e+38 301.819305419922 301.675140380859 301.377258300781 300.954406738281 300.860107421875 301.247497558594 300.512054443359 300.422912597656 300.334899902344 300.117034912109 299.533172607422 299.12060546875 298.791595458984
305.270324707031 305.349487304688 305.965667724609 305.989410400391 305.863098144531 305.811645507812 305.648345947266 305.045745849609 305.249755859375 305.285278320312 304.73681640625 304.414154052734 304.308532714844 304.110229492188 304.143402099609 304.324676513672 303.959411621094 303.386901855469 303.384033203125 303.234222412109 303.360107421875 303.247375488281 303.21533203125 303.195587158203 302.755737304688 302.398986816406 302.119598388672 302.070678710938 302.593719482422 302.290649414062 302.134460449219 301.924591064453 301.380950927734 301.215393066406 301.815795898438 -3.4e+38 -3.4e+38 301.798095703125 301.540435791016 301.441192626953 301.383087158203 301.19482421875 300.801666259766 300.644073486328 300.411712646484 300.051300048828 299.666381835938 298.963592529297 298.618896484375
305.195404052734 305.782165527344 306.021606445312 305.969360351562 305.862426757812 305.661926269531 305.109802246094 304.670562744141 304.804229736328 305.140106201172 304.674957275391 304.009307861328 304.043090820312 303.855438232422 303.912139892578 304.065032958984 303.908935546875 303.685394287109 303.444427490234 303.445190429688 303.487731933594 303.289215087891 302.949401855469 302.932525634766 302.756256103516 302.343475341797 301.943664550781 301.960998535156 302.106567382812 301.85888671875 301.765411376953 301.805084228516 301.376983642578 301.224975585938 -3.4e+38 -3.4e+38 301.86474609375 -3.4e+38 -3.4e+38 301.608245849609 301.445190429688 301.147216796875 300.941345214844 300.611175537109 300.26025390625 299.800933837891 299.551574707031 299.254852294922 299.019378662109
305.612915039062 305.922058105469 305.963500976562 305.761169433594 305.115112304688 304.713470458984 304.441650390625 304.244598388672 304.157196044922 304.585174560547 304.853363037109 304.403076171875 304.135406494141 304.418487548828 304.255981445312 304.257080078125 304.147247314453 303.844543457031 303.723876953125 303.650390625 303.471801757812 303.211730957031 302.834167480469 302.62158203125 302.909973144531 302.607452392578 302.123626708984 302.037536621094 301.815246582031 301.697204589844 301.571319580078 301.308715820312 301.297729492188 301.259399414062 -3.4e+38 -3.4e+38 -3.4e+38 301.632843017578 301.187225341797 301.046295166016 300.856964111328 300.957916259766 300.902191162109 300.660217285156 300.223052978516 299.791748046875 299.671020507812 299.586334228516 299.191528320312
305.768341064453 305.772003173828 305.682098388672 305.389038085938 304.952117919922 304.546752929688 304.217590332031 304.146667480469 304.109375 304.209381103516 304.456298828125 304.469329833984 304.421264648438 304.254455566406 304.176879882812 304.209228515625 303.775787353516 303.401092529297 303.276733398438 303.254333496094 303.204620361328 303.013885498047 302.767272949219 302.764434814453 303.036956787109 302.636840820312 302.017242431641 301.936767578125 301.770812988281 301.490020751953 301.205871582031 301.106597900391 301.180358886719 301.109924316406 -3.4e+38 -3.4e+38 301.568359375 301.467041015625 301.352752685547 300.852294921875 300.442718505859 300.800170898438 300.617919921875 300.617370605469 300.609375 300.279510498047 299.796234130859 299.709411621094 299.290283203125
305.731323242188 305.699127197266 305.514617919922 305.131256103516 304.969360351562 304.785736083984 304.417297363281 304.36474609375 304.166473388672 304.29541015625 304.438537597656 304.225463867188 303.976043701172 303.622283935547 303.606628417969 303.607604980469 303.263732910156 302.986450195312 302.940032958984 302.956268310547 302.782196044922 302.42333984375 302.185760498047 302.337066650391 302.743347167969 302.879455566406 302.586883544922 302.3037109375 301.821105957031 301.238220214844 300.529663085938 300.606170654297 301.050231933594 301.12646484375 301.443450927734 -3.4e+38 301.503356933594 301.10302734375 301.345825195312 301.185333251953 300.562194824219 300.317169189453 300.378021240234 300.187530517578 300.254089355469 300.110900878906 299.759704589844 299.788238525391 299.484619140625
305.670196533203 305.41943359375 305.363555908203 304.945068359375 304.687530517578 304.453918457031 304.550811767578 304.731689453125 304.417022705078 304.223052978516 304.264038085938 304.197784423828 303.970092773438 303.741088867188 303.347442626953 303.272644042969 303.138916015625 303.055755615234 302.523681640625 302.576751708984 302.467041015625 302.055541992188 301.933898925781 301.957641601562 302.149353027344 302.355133056641 302.490753173828 302.471588134766 302.08935546875 301.394653320312 300.467407226562 300.070770263672 300.554718017578 301.073913574219 301.192108154297 301.512756347656 -3.4e+38 300.904846191406 301.015167236328 301.146087646484 300.829162597656 300.021423339844 300.147735595703 299.857971191406 299.685089111328 299.849761962891 299.528076171875 299.236419677734 299.445953369141
305.108001708984 304.973449707031 304.956420898438 304.720397949219 304.409301757812 304.404083251953 304.845153808594 304.423675537109 304.258361816406 304.123962402344 304.091979980469 304.104583740234 303.690582275391 303.634735107422 303.755493164062 303.548461914062 303.208923339844 303.188659667969 302.469970703125 302.194213867188 302.137451171875 301.942687988281 301.971923828125 301.825836181641 301.722351074219 301.942352294922 302.046447753906 302.105926513672 301.827697753906 301.470153808594 300.717437744141 300.482727050781 300.296966552734 300.667846679688 301.007934570312 301.351898193359 301.550537109375 300.78466796875 300.740600585938 301.003234863281 300.84326171875 299.879241943359 299.847747802734 299.876098632812 299.612731933594 299.364959716797 298.800689697266 298.379730224609 299.183837890625
