rcp8.5models/GFDL_CM3/sc1gr3.30
NCOLS 261 
NROWS 433 
XLLCORNER 336357.134 
YLLCORNER 654653.479 
CELLSIZE 1000 
NODATA_value -3.4e+38 
[rows 242 to 263 of 433, columns 49 to 97 of 261]
293.370697021484 292.877349853516 292.452514648438 292.221740722656 292.26611328125 292.783386230469 292.772186279297 292.672943115234 292.542633056641 292.712188720703 292.563171386719 292.177124023438 291.917785644531 291.841888427734 291.699035644531 291.360168457031 291.241516113281 291.345672607422 291.265319824219 291.030639648438 290.797698974609 290.514892578125 290.524230957031 290.464599609375 290.231201171875 290.075500488281 290.045135498047 290.288909912109 290.059692382812 289.797607421875 289.797393798828 289.332366943359 289.198303222656 289.452423095703 289.615631103516 289.983673095703 290.427795410156 289.864288330078 289.237396240234 289.448913574219 289.480926513672 288.874633789062 288.695251464844 288.444641113281 288.390289306641 288.134155273438 287.480712890625 284.970031738281 282.856170654297
292.890930175781 292.582672119141 292.533416748047 292.304626464844 292.424530029297 292.802459716797 292.538757324219 292.231262207031 292.330352783203 292.244567871094 292.321960449219 292.463165283203 291.910003662109 291.828399658203 291.850036621094 291.866088867188 291.576599121094 291.233154296875 290.961273193359 290.677673339844 290.470275878906 290.283416748047 290.093383789062 289.945861816406 289.886474609375 289.569030761719 289.704681396484 289.858734130859 289.604217529297 289.613098144531 289.285583496094 289.16162109375 289.158996582031 289.154846191406 289.220428466797 289.608917236328 290.09130859375 290.055297851562 289.440734863281 289.135284423828 289.268829345703 288.889495849609 288.907165527344 288.719482421875 288.421691894531 288.374908447266 288.193481445312 287.309875488281 285.265991210938
292.886596679688 292.953063964844 292.863891601562 292.769714355469 292.847564697266 292.684204101562 292.556457519531 292.029968261719 292.024108886719 292.043151855469 292.079040527344 292.267974853516 292.071350097656 291.886322021484 292.054046630859 292.001342773438 291.633697509766 291.406555175781 290.955230712891 290.747863769531 290.517333984375 290.368774414062 290.3447265625 290.305603027344 290.119079589844 289.578521728516 289.462585449219 289.520294189453 289.291381835938 288.849914550781 289.144744873047 288.947143554688 288.691528320312 288.732818603516 288.936950683594 289.557678222656 290.113677978516 289.990112304688 288.196868896484 286.398803710938 288.267486572266 288.924133300781 288.967254638672 289.025329589844 288.838653564453 288.576080322266 288.296813964844 287.726165771484 285.533203125
293.103149414062 293.084350585938 292.973480224609 293.076934814453 293.099304199219 292.938415527344 292.805114746094 292.008422851562 291.973968505859 291.859710693359 291.887420654297 292.064086914062 292.167114257812 292.012451171875 292.076812744141 292.059661865234 291.957366943359 291.684051513672 291.056060791016 290.887847900391 290.567596435547 290.53466796875 290.502319335938 290.4521484375 290.483184814453 290.185546875 289.758880615234 289.169830322266 288.77734375 288.86083984375 289.027069091797 289.021759033203 288.689758300781 288.547424316406 289.113739013672 289.366424560547 289.778167724609 289.865447998047 287.162322998047 284.735595703125 288.022796630859 288.883392333984 288.953765869141 288.780395507812 288.583526611328 288.340423583984 287.932098388672 287.588470458984 286.476257324219
293.351501464844 293.191589355469 293.080474853516 292.941925048828 292.498138427734 292.289276123047 292.431549072266 291.986053466797 291.807250976562 291.535430908203 291.731842041016 291.497802734375 291.788604736328 291.770111083984 291.765289306641 291.911956787109 291.916748046875 291.837768554688 291.419403076172 291.135467529297 290.963287353516 290.769927978516 290.530731201172 290.483032226562 290.556091308594 290.558074951172 289.975799560547 289.212585449219 289.124725341797 289.173278808594 289.011322021484 289.192932128906 289.082153320312 288.72412109375 288.811584472656 289.204864501953 289.47705078125 289.78125 287.628356933594 286.270965576172 288.277923583984 288.852478027344 288.940734863281 288.636871337891 288.275360107422 287.80029296875 287.701385498047 287.645751953125 287.371429443359
293.055633544922 292.851593017578 292.890625 292.763824462891 292.213500976562 291.841827392578 291.586303710938 291.932159423828 291.585327148438 291.328826904297 291.277313232422 291.104034423828 291.226898193359 291.194061279297 291.194671630859 291.321136474609 291.362243652344 291.637054443359 291.666168212891 291.502075195312 291.272583007812 290.680419921875 290.544982910156 290.507934570312 290.569885253906 290.434020996094 289.633544921875 289.506713867188 289.863250732422 289.366729736328 289.663238525391 289.4833984375 289.116180419922 288.887542724609 288.335815429688 288.896118164062 289.509399414062 289.694274902344 288.414916992188 287.720642089844 288.317657470703 288.519561767578 288.734893798828 288.571380615234 288.515777587891 288.240478515625 288.157592773438 287.75341796875 287.567565917969
292.499359130859 292.341613769531 292.313903808594 292.43798828125 292.227325439453 292.049896240234 291.769470214844 291.480926513672 291.627624511719 291.636352539062 291.518707275391 291.496215820312 291.228515625 290.949371337891 290.872711181641 290.931915283203 290.979736328125 291.050079345703 291.071044921875 291.198547363281 291.473297119141 290.954132080078 290.500183105469 290.529327392578 290.648895263672 290.153076171875 289.600128173828 289.9208984375 290.113311767578 289.679870605469 289.496063232422 289.42041015625 289.205535888672 288.913452148438 288.260070800781 288.574890136719 289.337646484375 289.374359130859 288.741241455078 285.8193359375 283.691772460938 288.60205078125 288.484375 288.281372070312 288.674591064453 288.516448974609 288.289642333984 288.153686523438 287.541564941406
292.009002685547 291.779144287109 291.794982910156 292.068786621094 292.039916992188 291.854339599609 291.720184326172 291.544708251953 291.823181152344 291.824493408203 291.806335449219 291.808929443359 291.450958251953 291.186096191406 290.890991210938 290.831298828125 290.873016357422 290.888122558594 290.761657714844 290.706695556641 290.93212890625 290.971557617188 290.98876953125 290.785003662109 290.484680175781 290.100952148438 289.970825195312 290.156921386719 290.025604248047 289.5849609375 289.437194824219 288.602783203125 287.794494628906 288.018920898438 288.535217285156 288.488861083984 288.898590087891 289.206481933594 288.95068359375 286.718322753906 283.916961669922 288.371795654297 288.367065429688 287.869812011719 288.320220947266 288.625640869141 288.429107666016 288.219909667969 286.897338867188
291.529327392578 291.379699707031 291.228393554688 291.642028808594 292.053466796875 291.960601806641 291.869934082031 291.828765869141 291.969940185547 291.995056152344 291.850860595703 291.770172119141 291.508483886719 291.352630615234 291.183929443359 291.179962158203 290.916961669922 290.941802978516 289.250579833984 290.452392578125 290.351135253906 290.6494140625 290.888397216797 290.726837158203 290.350891113281 290.340850830078 290.127807617188 290.172119140625 289.892608642578 289.408477783203 289.482330322266 288.565155029297 287.538543701172 287.978973388672 286.913238525391 285.580963134766 288.587341308594 289.033996582031 289.176849365234 288.7060546875 287.612335205078 284.984008789062 288.635467529297 288.076690673828 287.695587158203 288.005096435547 288.044830322266 287.898315429688 287.352478027344
291.575744628906 291.670349121094 291.293823242188 291.750579833984 291.963989257812 292.052795410156 291.9931640625 292.033050537109 292.006561279297 292.162628173828 292.036529541016 291.872650146484 291.637756347656 291.484283447266 291.333038330078 291.009002685547 290.881164550781 290.934600830078 289.815307617188 290.300842285156 290.054382324219 290.311950683594 290.257537841797 290.542877197266 290.482818603516 290.257873535156 290.119903564453 290.090911865234 289.778900146484 289.261199951172 289.375366210938 289.812103271484 290.601379394531 290.477142333984 289.183868408203 287.543395996094 288.908874511719 289.965850830078 289.204284667969 289.432189941406 289.608703613281 285.117767333984 287.060272216797 288.047637939453 287.614532470703 287.439147949219 287.396759033203 287.650543212891 287.849914550781
291.884246826172 291.504425048828 291.385375976562 291.891082763672 292.027008056641 292.025451660156 291.972564697266 292.204071044922 292.492248535156 292.215179443359 291.960784912109 292.053802490234 291.852264404297 291.678436279297 291.564086914062 291.269897460938 290.931091308594 290.783111572266 291.042449951172 290.465911865234 290.211090087891 290.134796142578 289.691925048828 289.670684814453 289.986236572266 290.221160888672 290.120941162109 290.092681884766 290.421142578125 291.600769042969 291.889739990234 292.066223144531 292.396789550781 292.177673339844 291.896697998047 290.902618408203 290.570098876953 291.44482421875 291.111083984375 291.177551269531 290.99072265625 289.57470703125 289.053375244141 289.889984130859 289.853271484375 289.585205078125 289.2041015625 288.704956054688 287.748992919922
292.105438232422 291.745178222656 291.707580566406 291.892456054688 292.257080078125 292.500885009766 292.474609375 292.175811767578 292.107360839844 292.145050048828 292.084716796875 291.822845458984 291.751556396484 291.718872070312 291.717681884766 291.389678955078 290.922424316406 290.825408935547 290.958892822266 290.692474365234 290.198974609375 289.822296142578 289.755523681641 290.374450683594 292.380676269531 292.785125732422 292.519195556641 292.201873779297 292.627777099609 293.159332275391 293.252258300781 293.002075195312 292.784057617188 292.485198974609 292.216979980469 291.557037353516 291.501495361328 291.795654296875 292.342498779297 292.274810791016 291.987579345703 291.604400634766 290.311431884766 289.664184570312 291.045318603516 291.001373291016 290.636535644531 290.179443359375 289.503234863281
291.994232177734 292.056976318359 292.027069091797 292.108856201172 292.265716552734 292.274230957031 292.319610595703 291.907745361328 291.339324951172 291.506256103516 292.032836914062 291.728179931641 291.647888183594 291.617218017578 291.592224121094 291.455810546875 291.307281494141 291.394409179688 291.264404296875 291.087310791016 290.414855957031 289.974639892578 290.976013183594 292.989166259766 293.883666992188 293.629577636719 293.490447998047 293.386688232422 293.675720214844 292.999816894531 292.991821289062 293.315582275391 293.339447021484 292.945770263672 292.401092529297 291.734283447266 291.136627197266 291.615539550781 292.232208251953 292.095672607422 291.532745361328 291.430145263672 290.194305419922 287.781799316406 287.947418212891 290.903472900391 290.457580566406 290.296997070312 290.530212402344
292.150665283203 292.424926757812 292.566131591797 292.121856689453 291.88427734375 291.755157470703 291.650695800781 291.459442138672 290.986480712891 291.034515380859 291.253631591797 291.499084472656 291.460296630859 291.491455078125 291.343231201172 291.049957275391 290.862670898438 290.866333007812 293.226013183594 293.296722412109 293.743286132812 294.604034423828 294.621704101562 294.232940673828 294.070434570312 293.639862060547 293.179046630859 292.875549316406 293.004150390625 293.397583007812 293.008483886719 292.866394042969 293.132232666016 292.585906982422 292.204376220703 291.598480224609 290.916748046875 290.784301757812 291.572875976562 291.70263671875 291.041656494141 289.989837646484 290.171142578125 289.706970214844 289.356109619141 290.32373046875 290.218383789062 289.691314697266 289.675567626953
292.295379638672 292.485656738281 292.178649902344 291.943328857422 291.687469482422 291.296203613281 291.406463623047 291.070434570312 290.639587402344 290.460174560547 290.097717285156 290.914215087891 290.888397216797 290.99462890625 291.206878662109 291.034606933594 291.413757324219 292.764801025391 294.293304443359 294.082611083984 293.930389404297 294.229736328125 294.423370361328 294.192565917969 294.123596191406 293.832824707031 293.334808349609 292.849853515625 292.702026367188 292.782836914062 292.833618164062 292.892974853516 292.696136474609 292.506774902344 292.315643310547 291.81640625 291.020935058594 290.744812011719 291.323272705078 291.385009765625 290.997344970703 289.781524658203 289.547454833984 288.778869628906 288.131988525391 288.301086425781 290.130920410156 289.307250976562 289.022216796875
292.627227783203 292.602661132812 291.968017578125 291.563446044922 291.741058349609 291.319061279297 291.000244140625 290.825469970703 290.649169921875 290.655456542969 290.414306640625 290.715057373047 290.711486816406 290.586395263672 290.846221923828 291.821166992188 293.545806884766 294.220855712891 293.912414550781 293.759857177734 293.470275878906 293.850769042969 294.089508056641 294.234466552734 294.127685546875 293.892639160156 293.591094970703 293.006378173828 292.725616455078 292.693878173828 292.841461181641 292.727691650391 292.267700195312 291.751586914062 291.768859863281 291.641479492188 291.081268310547 290.743927001953 291.278533935547 291.284698486328 290.911315917969 290.239837646484 289.521240234375 288.857818603516 288.1826171875 288.106414794922 289.721221923828 288.884429931641 288.001678466797
292.512054443359 292.236328125 292.10498046875 291.994110107422 291.64990234375 291.181732177734 290.922729492188 290.928558349609 290.819244384766 290.7744140625 290.819183349609 290.820068359375 290.795440673828 291.360595703125 292.688079833984 293.395812988281 294.515960693359 294.430725097656 294.065979003906 293.935607910156 293.557434082031 293.392730712891 293.538238525391 293.818908691406 293.87939453125 293.290222167969 293.373077392578 293.263305664062 292.627105712891 292.630706787109 292.608795166016 292.305419921875 291.643218994141 291.111389160156 290.888061523438 290.906341552734 290.783111572266 290.383178710938 290.941009521484 291.099304199219 290.817687988281 290.508605957031 289.625762939453 289.460693359375 289.22998046875 289.336944580078 289.542755126953 288.772430419922 287.926879882812
291.599731445312 291.737548828125 291.985382080078 292.111968994141 291.859344482422 291.345733642578 291.154296875 290.935546875 290.944610595703 290.966400146484 291.037750244141 290.832916259766 291.607757568359 293.201477050781 293.484069824219 293.748474121094 294.345550537109 294.232543945312 293.784973144531 293.824462890625 293.208953857422 292.9912109375 292.818115234375 293.061187744141 293.456146240234 292.926910400391 293.246154785156 293.199981689453 292.230133056641 290.847351074219 292.084777832031 292.14892578125 291.525970458984 291.030364990234 290.499877929688 290.448669433594 290.354553222656 290.202392578125 290.774963378906 290.911987304688 290.613555908203 290.326354980469 289.823760986328 289.706390380859 288.452880859375 287.678863525391 289.478881835938 288.665618896484 288.028381347656
291.139068603516 291.509246826172 291.756622314453 291.925903320312 291.961578369141 291.846984863281 291.752960205078 291.261169433594 291.288757324219 290.956176757812 290.749755859375 291.621154785156 293.527587890625 294.081787109375 293.50830078125 293.489654541016 293.819610595703 293.569702148438 293.295196533203 293.263122558594 293.088043212891 292.961639404297 292.508148193359 292.684020996094 293.098388671875 292.711669921875 292.8505859375 292.647277832031 292.166595458984 290.639495849609 291.458679199219 291.849822998047 291.819488525391 291.05224609375 290.686828613281 290.565307617188 290.176910400391 289.924255371094 290.459808349609 290.81591796875 290.373809814453 289.781555175781 289.764007568359 289.797943115234 288.785797119141 288.051330566406 289.184448242188 288.4482421875 287.598205566406
291.189636230469 291.347534179688 291.483947753906 291.543365478516 291.513702392578 291.559753417969 291.639617919922 291.366546630859 291.272216796875 291.878448486328 293.210510253906 293.710510253906 294.246337890625 293.760284423828 293.441345214844 293.368713378906 293.371002197266 292.702514648438 292.494384765625 293.074371337891 293.08935546875 292.761810302734 292.152801513672 292.440643310547 292.908630371094 292.596710205078 292.580322265625 292.063323974609 292.09375 291.277374267578 291.244567871094 291.240997314453 291.626708984375 291.264923095703 290.741821289062 290.723815917969 290.310638427734 289.686981201172 289.989471435547 290.5498046875 290.341094970703 289.60205078125 289.350463867188 289.286102294922 289.519714355469 288.927185058594 288.361572265625 288.404541015625 286.908111572266
291.226898193359 291.240692138672 291.177276611328 291.036224365234 291.092376708984 291.008178710938 290.802734375 291.44189453125 291.323486328125 292.536285400391 294.994720458984 294.766693115234 294.477783203125 294.001647949219 293.646148681641 293.314819335938 293.241394042969 292.476135253906 291.908630371094 292.915405273438 293.074249267578 292.706176757812 291.978576660156 292.097747802734 292.402923583984 292.100799560547 292.230773925781 291.531982421875 291.555236816406 291.5673828125 290.958862304688 290.901031494141 291.118133544922 291.352935791016 291.101013183594 290.578033447266 290.105072021484 289.631317138672 289.937561035156 290.313232421875 290.1328125 289.343200683594 288.958648681641 288.381896972656 288.853271484375 288.912261962891 288.423187255859 288.335418701172 287.080322265625
291.041839599609 290.966278076172 290.803680419922 290.859466552734 291.114868164062 291.124328613281 290.549194335938 291.157470703125 292.229309082031 293.843170166016 294.703063964844 294.649169921875 294.637390136719 294.260101318359 293.864624023438 293.331115722656 293.211761474609 292.848327636719 292.117645263672 292.442687988281 292.718414306641 292.412139892578 291.7333984375 291.876373291016 292.026275634766 291.6005859375 291.582763671875 291.520538330078 291.972900390625 291.820556640625 290.656463623047 290.331146240234 290.432342529297 291.104644775391 291.141845703125 290.618896484375 290.148315429688 289.609344482422 289.8173828125 289.832550048828 289.770660400391 288.500549316406 288.138366699219 287.555938720703 288.074768066406 288.676544189453 288.283905029297 287.759613037109 286.064483642578
