rcp8.5models/GFDL_CM3/sc1gr3.26
NCOLS 261 
NROWS 433 
XLLCORNER 336357.134 
YLLCORNER 654653.479 
CELLSIZE 1000 
NODATA_value -3.4e+38 
[rows 396 to 417 of 433, columns 98 to 146 of 261]
275.080688476562 281.023803710938 279.27978515625 263.975921630859 262.685180664062 264.421173095703 266.802825927734 266.351104736328 266.796173095703 268.722320556641 268.765594482422 266.908233642578 264.236724853516 260.407623291016 255.818237304688 257.041320800781 256.344085693359 256.664916992188 260.353546142578 263.441772460938 262.956695556641 262.032073974609 261.525146484375 259.362091064453 251.490921020508 240.247161865234 257.828491210938 266.690704345703 267.624694824219 267.968139648438 268.422424316406 268.682739257812 268.563690185547 268.456390380859 268.520812988281 268.543975830078 268.0654296875 268.067169189453 268.1796875 268.463897705078 267.719757080078 267.210998535156 268.298278808594 268.976013183594 269.239379882812 269.767669677734 269.885284423828 270.194641113281 270.764556884766
268.880126953125 276.728088378906 280.443969726562 273.017791748047 267.294982910156 263.967834472656 265.165679931641 265.158233642578 266.155456542969 268.624359130859 268.537353515625 266.178955078125 263.543090820312 261.647705078125 256.929748535156 255.901519775391 258.073211669922 260.987457275391 263.916320800781 264.777618408203 262.023620605469 261.030578613281 261.284271240234 256.319091796875 246.392807006836 243.371368408203 264.036560058594 267.1015625 267.326446533203 267.918273925781 268.436248779297 269.231811523438 269.64501953125 268.919158935547 268.317321777344 268.390533447266 268.097076416016 267.907257080078 268.077392578125 268.284637451172 268.63525390625 268.506927490234 268.462799072266 268.642944335938 269.072052001953 269.687530517578 269.196075439453 269.27490234375 270.448394775391
268.713134765625 276.206634521484 281.304809570312 280.091003417969 270.298950195312 263.85693359375 264.948822021484 270.262268066406 272.065338134766 270.131469726562 268.885406494141 265.499725341797 262.843872070312 262.484222412109 259.841064453125 260.984710693359 263.840637207031 264.996124267578 265.475067138672 264.78466796875 261.475189208984 260.667022705078 260.13818359375 253.632049560547 246.872467041016 251.551223754883 267.870819091797 267.169494628906 267.234222412109 267.670227050781 267.700531005859 268.552947998047 269.481536865234 268.664520263672 267.985931396484 268.955352783203 268.592071533203 267.795440673828 267.650634765625 267.755340576172 268.713836669922 269.17578125 268.889129638672 268.888519287109 269.401306152344 269.735198974609 269.471527099609 269.897796630859 271.383941650391
266.905548095703 269.602935791016 275.517608642578 280.617095947266 275.143981933594 267.866973876953 265.812713623047 275.223663330078 276.616180419922 271.157928466797 270.688598632812 267.148742675781 263.382598876953 262.659912109375 264.404937744141 265.242279052734 265.815368652344 266.396270751953 266.171081542969 262.834503173828 259.439392089844 259.825622558594 257.778167724609 252.670455932617 252.967666625977 261.160705566406 267.951538085938 266.7685546875 266.966400146484 267.074401855469 266.074859619141 266.966461181641 269.099761962891 -3.4e+38 268.981231689453 269.634216308594 269.776641845703 268.671295166016 268.092956542969 267.935150146484 268.598510742188 269.279876708984 269.489166259766 269.479034423828 269.263061523438 268.847930908203 270.720672607422 271.521545410156 272.1123046875
260.122680664062 261.094940185547 265.613922119141 280.912750244141 280.677062988281 276.556671142578 273.503479003906 278.925140380859 279.844451904297 272.530609130859 270.208526611328 269.363311767578 265.468414306641 264.167053222656 267.231597900391 267.417755126953 268.124267578125 267.731475830078 263.775970458984 258.737426757812 257.599853515625 256.781860351562 250.595321655273 247.572814941406 255.719253540039 265.800415039062 268.686920166016 267.928405761719 267.627166748047 266.574401855469 265.124908447266 266.489807128906 269.088897705078 270.127716064453 -3.4e+38 270.389007568359 270.494232177734 268.849639892578 268.492767333984 268.685180664062 268.656494140625 269.26220703125 269.946441650391 270.405792236328 268.94970703125 267.827941894531 271.228393554688 271.865936279297 272.726043701172
267.505249023438 263.690124511719 260.653289794922 279.380310058594 281.233459472656 281.374145507812 281.494476318359 282.823211669922 283.396667480469 275.109313964844 268.827972412109 269.756866455078 267.758514404297 265.148162841797 267.145141601562 266.955413818359 265.677032470703 262.695281982422 258.730285644531 257.432281494141 258.24951171875 254.308074951172 246.030014038086 246.820678710938 259.404052734375 267.799255371094 268.374786376953 268.427154541016 268.677062988281 267.465515136719 266.850128173828 268.555999755859 269.245025634766 269.398712158203 270.245239257812 270.849304199219 271.152770996094 269.49560546875 269.54931640625 269.975341796875 269.655181884766 269.986206054688 270.619232177734 271.379425048828 270.467681884766 269.769500732422 271.627685546875 271.961761474609 273.123046875
274.224243164062 265.519012451172 263.701110839844 278.2490234375 281.424621582031 281.836578369141 282.692749023438 283.110717773438 282.337860107422 278.984497070312 276.185119628906 272.682495117188 268.817199707031 266.742492675781 263.317901611328 261.281219482422 261.100646972656 259.574493408203 258.131958007812 259.053405761719 258.852813720703 254.505722045898 250.36279296875 254.611099243164 264.747283935547 269.308410644531 268.064300537109 268.059539794922 268.639526367188 269.185638427734 269.514831542969 270.498474121094 269.907531738281 269.367889404297 269.822387695312 270.453674316406 271.02099609375 271.058013916016 270.960418701172 271.0400390625 270.942230224609 271.216705322266 271.499969482422 271.863220214844 272.057983398438 272.019714355469 272.115325927734 272.315368652344 273.005798339844
274.903259277344 269.49853515625 270.704772949219 279.504058837891 282.216278076172 282.774230957031 283.105743408203 282.602508544922 279.947845458984 275.723236083984 277.769958496094 273.813659667969 265.909729003906 263.956817626953 258.589904785156 258.622100830078 260.812316894531 261.824859619141 260.782318115234 259.121490478516 257.489990234375 255.973602294922 257.028991699219 262.7265625 268.523895263672 268.818939208984 267.888580322266 267.903137207031 268.904174804688 270.000335693359 270.433074951172 270.662384033203 270.495056152344 270.1513671875 269.995788574219 270.093994140625 270.700134277344 271.747924804688 271.374389648438 271.592163085938 271.962585449219 272.108673095703 272.303466796875 272.444915771484 272.494110107422 272.571380615234 272.579986572266 272.669189453125 272.88720703125
276.210296630859 275.875732421875 274.946350097656 278.433715820312 281.303771972656 283.159606933594 283.646942138672 283.194519042969 279.964294433594 269.770782470703 266.451263427734 266.744018554688 262.815551757812 260.133605957031 257.173797607422 258.612976074219 258.799011230469 258.6796875 260.968353271484 260.730834960938 258.138397216797 258.682250976562 261.322387695312 265.642120361328 269.471130371094 268.681762695312 266.795989990234 266.170684814453 267.997375488281 269.778991699219 270.437652587891 270.853179931641 271.137573242188 271.255737304688 271.14794921875 270.867309570312 271.213287353516 271.925994873047 271.999542236328 272.301147460938 272.216064453125 272.252075195312 272.677886962891 272.701293945312 272.568786621094 273.072845458984 273.348480224609 273.244262695312 273.034301757812
277.948822021484 279.551544189453 278.319000244141 278.356140136719 281.383453369141 283.289764404297 283.762023925781 283.751373291016 281.697265625 274.834747314453 269.660675048828 265.24951171875 259.672790527344 257.018768310547 255.833999633789 255.834503173828 255.60466003418 255.465881347656 259.403411865234 263.683807373047 262.759338378906 263.065521240234 266.133361816406 268.217834472656 269.164367675781 268.537902832031 266.803649902344 265.527191162109 267.19775390625 269.739959716797 270.670104980469 271.321655273438 271.488037109375 271.69970703125 271.862182617188 271.481353759766 271.531372070312 272.168731689453 272.415405273438 272.705352783203 272.324951171875 272.408386230469 273.005737304688 272.715789794922 272.484497070312 273.164886474609 273.7255859375 273.575134277344 273.384613037109
277.4052734375 278.976287841797 281.062408447266 278.361419677734 278.966796875 279.753723144531 281.693359375 283.231994628906 283.390075683594 282.718994140625 281.421142578125 279.839599609375 279.456787109375 279.741455078125 273.438293457031 272.760803222656 269.509307861328 267.254058837891 268.746856689453 271.193054199219 271.917175292969 271.746887207031 271.632873535156 270.861572265625 270.101440429688 269.343292236328 267.501129150391 266.501586914062 267.559173583984 269.649200439453 270.887451171875 271.547576904297 271.185363769531 270.800537109375 271.470886230469 272.174652099609 272.281768798828 272.478363037109 273.043273925781 273.148895263672 273.260559082031 273.520782470703 273.682403564453 273.693511962891 273.736572265625 274.062957763672 274.405883789062 274.278503417969 274.184936523438
279.918975830078 281.071655273438 279.833099365234 277.775115966797 271.706604003906 273.509979248047 281.261444091797 283.431976318359 283.496673583984 283.298767089844 282.670166015625 281.646911621094 281.277038574219 280.850402832031 282.574737548828 283.156188964844 279.809814453125 276.319488525391 274.189697265625 271.824523925781 271.750061035156 271.949523925781 271.941314697266 270.835205078125 270.179870605469 269.760833740234 267.646301269531 267.553344726562 268.154205322266 268.9970703125 270.597869873047 271.726806640625 271.044647216797 270.157684326172 270.849639892578 271.576507568359 271.506317138672 272.307525634766 272.683654785156 272.951019287109 273.388580322266 273.322814941406 273.082641601562 273.486877441406 273.857452392578 274.072021484375 274.466125488281 274.824554443359 274.709411621094
280.867370605469 283.059539794922 281.244079589844 279.631958007812 274.716003417969 276.527862548828 282.702880859375 283.940856933594 283.957855224609 283.785003662109 283.1689453125 283.181121826172 283.141906738281 281.533416748047 283 283.647125244141 283.764892578125 283.757354736328 280.650451660156 274.583221435547 271.346038818359 271.542205810547 271.890655517578 271.456268310547 271.028381347656 270.440399169922 268.824798583984 268.490570068359 268.606140136719 268.895538330078 270.346252441406 271.905670166016 272.151031494141 271.574279785156 271.225738525391 270.935729980469 270.580505371094 271.565490722656 272.149444580078 272.406616210938 272.895263671875 272.920593261719 272.751251220703 273.072937011719 273.385772705078 273.626342773438 274.116424560547 274.368347167969 274.708984375
278.120727539062 282.020538330078 282.280487060547 281.990509033203 281.685546875 282.1953125 283.247772216797 283.807281494141 284.165893554688 284.138793945312 283.723358154297 283.751892089844 283.910430908203 282.727905273438 282.832702636719 283.60546875 283.810791015625 284.057800292969 283.800201416016 277.378112792969 271.470031738281 271.244873046875 271.047760009766 271.768249511719 270.637268066406 269.116882324219 269.170074462891 268.631469726562 268.688385009766 269.791015625 271.454345703125 272.354156494141 272.746429443359 272.212707519531 271.827972412109 271.438995361328 271.011199951172 271.850311279297 272.183349609375 272.242309570312 272.498504638672 272.917663574219 273.024841308594 272.96484375 273.110046386719 273.634155273438 273.934692382812 274.089111328125 274.544738769531
275.800933837891 281.347625732422 282.979827880859 282.375732421875 282.600280761719 283.115692138672 283.951354980469 284.043273925781 284.266510009766 284.240386962891 283.661926269531 282.906036376953 282.616760253906 282.759429931641 282.970367431641 283.268249511719 283.646789550781 284.387939453125 283.842834472656 280.490539550781 274.974151611328 269.909301757812 267.883331298828 269.43603515625 269.277557373047 267.708679199219 268.650329589844 269.135314941406 270.088836669922 271.388061523438 272.851837158203 273.235748291016 272.9033203125 272.154815673828 272.172180175781 271.640472412109 270.53955078125 271.489410400391 272.03955078125 272.469787597656 272.738891601562 272.850646972656 273.132568359375 273.328186035156 273.219390869141 273.648254394531 274.06396484375 274.489410400391 274.595642089844
278.52978515625 282.190124511719 282.900604248047 281.308746337891 282.744445800781 283.719360351562 284.480316162109 284.33154296875 284.235748291016 283.929534912109 283.050018310547 281.858215332031 281.665832519531 282.609252929688 283.424957275391 283.487182617188 283.742004394531 284.094573974609 283.843597412109 283.963134765625 277.620239257812 267.324768066406 264.057525634766 266.474914550781 268.499969482422 268.1611328125 269.61767578125 270.376037597656 270.819702148438 271.339019775391 272.4482421875 273.367156982422 273.33837890625 272.763366699219 272.449401855469 271.977111816406 271.111206054688 271.437255859375 271.985595703125 272.685028076172 273.209564208984 273.161071777344 273.405639648438 273.783081054688 273.507781982422 273.638946533203 274.009948730469 274.467193603516 274.789123535156
281.438598632812 281.597869873047 280.362274169922 279.061553955078 281.570281982422 283.307220458984 283.872039794922 284.189758300781 284.413543701172 284.202301025391 283.358062744141 282.578247070312 282.465270996094 282.64013671875 282.957336425781 283.312866210938 283.905426025391 283.424011230469 283.042785644531 283.210540771484 275.413848876953 266.622161865234 264.902496337891 266.162536621094 267.849914550781 268.485046386719 270.776672363281 270.323791503906 269.174865722656 268.894592285156 270.491363525391 271.747985839844 272.217010498047 272.984527587891 272.776733398438 272.426330566406 272.35302734375 272.201202392578 272.235260009766 272.588684082031 273.145385742188 273.407501220703 273.741119384766 274.086486816406 273.905700683594 273.797821044922 273.576721191406 274.16455078125 274.856353759766
281.811187744141 281.003997802734 278.886291503906 276.400848388672 278.584686279297 280.781829833984 282.338134765625 283.885528564453 284.497131347656 284.674377441406 283.698272705078 282.804504394531 282.901123046875 282.888031005859 282.875732421875 283.048126220703 283.910247802734 283.521179199219 283.023010253906 282.682342529297 274.842803955078 268.212127685547 267.680267333984 266.835113525391 267.477111816406 268.997772216797 271.291015625 269.339019775391 266.912322998047 266.858215332031 267.997650146484 268.793548583984 269.979461669922 272.398101806641 273.018188476562 272.358673095703 272.225555419922 272.41845703125 272.449462890625 272.283660888672 272.718048095703 273.217193603516 273.685211181641 274.031005859375 274.021148681641 273.858764648438 273.522766113281 273.906768798828 274.705139160156
281.349792480469 280.920104980469 279.428070068359 274.962463378906 275.373565673828 278.212158203125 281.883178710938 283.853851318359 284.422058105469 284.037750244141 282.957336425781 282.864105224609 283.254364013672 283.006469726562 283.297576904297 283.845825195312 284.326171875 284.275299072266 283.975738525391 282.763336181641 278.701416015625 272.293518066406 268.330474853516 267.252105712891 267.500213623047 269.399505615234 272.138793945312 270.361572265625 268.618316650391 268.058166503906 267.729217529297 268.561431884766 269.926086425781 272.081390380859 273.084991455078 272.536560058594 272.277038574219 272.920379638672 272.95458984375 272.636505126953 272.810272216797 273.250274658203 273.422241210938 273.593322753906 274.130737304688 274.311431884766 274.035522460938 273.868041992188 274.283538818359
277.901306152344 279.307739257812 278.604583740234 274.482635498047 273.738525390625 278.297790527344 282.867492675781 283.881805419922 284.338317871094 283.946899414062 283.45703125 284.083312988281 283.470092773438 282.338348388672 283.489959716797 284.248596191406 284.492858886719 284.651489257812 284.142730712891 283.102569580078 282.470916748047 279.178253173828 272.362365722656 268.422729492188 269.123687744141 270.926452636719 272.140289306641 272.010345458984 271.976104736328 271.162353515625 270.53076171875 271.084259033203 271.666717529297 272.530456542969 273.138916015625 272.922546386719 272.647369384766 273.392364501953 273.585205078125 273.557189941406 273.552093505859 273.852233886719 274.092834472656 273.855072021484 274.001220703125 274.473999023438 274.512329101562 274.350128173828 274.122589111328
275.770782470703 277.547546386719 277.605987548828 273.451385498047 272.808776855469 278.319488525391 283.012420654297 283.572235107422 283.880828857422 284.362274169922 284.60205078125 284.625274658203 283.846221923828 283.133392333984 283.865417480469 284.203125 284.333160400391 284.438079833984 284.272186279297 284.227203369141 283.431457519531 282.957733154297 279.7333984375 272.590972900391 269.6005859375 270.545745849609 270.401245117188 271.731964111328 272.634399414062 272.746032714844 272.692199707031 272.860900878906 272.958129882812 273.003479003906 273.315643310547 273.605743408203 273.349517822266 273.881683349609 274.247131347656 274.348602294922 274.184722900391 274.0986328125 274.543640136719 274.477020263672 273.965270996094 274.343872070312 274.810943603516 274.854736328125 274.456176757812
278.399719238281 279.023162841797 279.855529785156 276.194152832031 275.606506347656 278.920074462891 282.679229736328 283.853057861328 284.061065673828 284.189788818359 284.487854003906 284.756988525391 284.659637451172 284.483062744141 283.982879638672 284.337677001953 284.416625976562 284.321380615234 284.231231689453 283.969390869141 282.803741455078 282.371276855469 283.238677978516 276.66650390625 269.540740966797 269.372314453125 269.299713134766 270.194763183594 271.152648925781 271.458587646484 272.047088623047 272.676300048828 273.137420654297 273.675201416016 273.730072021484 273.708374023438 273.627197265625 273.919525146484 274.119415283203 274.76171875 274.684692382812 274.412414550781 274.618408203125 274.765289306641 274.440093994141 274.605041503906 275.117858886719 275.322235107422 274.771118164062
