rcp8.5models/GFDL_CM3/sc1gr8.27
NCOLS 261 
NROWS 433 
XLLCORNER 336357.134 
YLLCORNER 654653.479 
CELLSIZE 1000 
NODATA_value -3.4e+38 
[rows 44 to 65 of 433, columns 98 to 146 of 261]
97.8865127563477 99.3175964355469 100.3916015625 101.978729248047 102.257934570312 104.912750244141 105.140625 105.785545349121 106.720260620117 107.045043945312 109.656768798828 109.905883789062 111.169509887695 113.128410339355 115.941436767578 116.202102661133 117.575569152832 119.050285339355 119.684104919434 120.616714477539 121.708671569824 122.378211975098 122.851753234863 123.164741516113 -3.4e+38 -3.4e+38 -3.4e+38 -3.4e+38 -3.4e+38 -3.4e+38 -3.4e+38 -3.4e+38 -3.4e+38 -3.4e+38 -3.4e+38 -3.4e+38 -3.4e+38 -3.4e+38 -3.4e+38 -3.4e+38 -3.4e+38 -3.4e+38 -3.4e+38 -3.4e+38 -3.4e+38 -3.4e+38 -3.4e+38 -3.4e+38 -3.4e+38
97.4209060668945 98.797607421875 99.4623794555664 101.893890380859 102.113525390625 102.796646118164 105.023429870605 105.28018951416 106.613746643066 106.857604980469 108.010711669922 109.729537963867 109.990287780762 111.312232971191 114.872718811035 116.100372314453 117.402786254883 118.118362426758 119.189178466797 120.429565429688 120.863243103027 123.286796569824 123.442276000977 124.748878479004 125.119186401367 -3.4e+38 -3.4e+38 -3.4e+38 -3.4e+38 -3.4e+38 -3.4e+38 -3.4e+38 -3.4e+38 -3.4e+38 -3.4e+38 -3.4e+38 -3.4e+38 -3.4e+38 -3.4e+38 -3.4e+38 -3.4e+38 -3.4e+38 -3.4e+38 -3.4e+38 -3.4e+38 -3.4e+38 -3.4e+38 -3.4e+38 -3.4e+38
96.3307723999023 98.7544403076172 98.9796981811523 101.847511291504 102.052459716797 102.315422058105 104.148223876953 105.225051879883 106.556457519531 106.751007080078 107.089134216309 109.667533874512 109.930641174316 111.217620849609 114.172744750977 114.940231323242 115.67406463623 117.599052429199 119.138008117676 120.380493164062 120.824378967285 123.305862426758 123.612510681152 124.940589904785 125.867706298828 126.205062866211 127.419044494629 -3.4e+38 -3.4e+38 -3.4e+38 -3.4e+38 -3.4e+38 -3.4e+38 -3.4e+38 -3.4e+38 -3.4e+38 -3.4e+38 -3.4e+38 -3.4e+38 -3.4e+38 -3.4e+38 -3.4e+38 -3.4e+38 -3.4e+38 -3.4e+38 -3.4e+38 -3.4e+38 -3.4e+38 -3.4e+38
95.7218551635742 96.8922653198242 97.8786010742188 101.798782348633 102.001625061035 102.247352600098 103.642547607422 105.131813049316 105.774490356445 106.690383911133 107.031478881836 109.603225708008 109.868644714355 111.156127929688 113.370681762695 114.232681274414 114.564964294434 116.608665466309 119.084228515625 120.32886505127 120.778114318848 123.256935119629 123.567749023438 124.85083770752 125.52555847168 126.52278137207 127.988098144531 -3.4e+38 129.066253662109 -3.4e+38 -3.4e+38 -3.4e+38 -3.4e+38 -3.4e+38 -3.4e+38 -3.4e+38 -3.4e+38 -3.4e+38 -3.4e+38 -3.4e+38 -3.4e+38 -3.4e+38 -3.4e+38 -3.4e+38 -3.4e+38 -3.4e+38 -3.4e+38 -3.4e+38 -3.4e+38
95.6707229614258 95.8859252929688 97.2518615722656 99.9465103149414 100.930213928223 102.194274902344 103.588775634766 105.050422668457 105.309127807617 106.627723693848 106.971801757812 109.536834716797 109.751220703125 110.393051147461 112.903793334961 114.171119689941 114.451248168945 115.898368835449 118.097885131836 120.274894714355 120.729560852051 123.205741882324 123.520812988281 124.751441955566 125.107955932617 126.671401977539 128.364593505859 128.904678344727 -3.4e+38 -3.4e+38 -3.4e+38 -3.4e+38 -3.4e+38 -3.4e+38 -3.4e+38 -3.4e+38 -3.4e+38 -3.4e+38 -3.4e+38 -3.4e+38 -3.4e+38 -3.4e+38 -3.4e+38 -3.4e+38 -3.4e+38 -3.4e+38 -3.4e+38 -3.4e+38 -3.4e+38
95.6288452148438 95.8437957763672 97.1967620849609 98.9174880981445 100.282867431641 101.086318969727 102.481689453125 103.98942565918 105.246208190918 106.563247680664 106.808647155762 107.966468811035 109.65283203125 109.923614501953 112.838569641113 114.107437133789 114.391410827637 115.78197479248 117.379173278809 -3.4e+38 120.678924560547 123.152473449707 123.471885681152 124.705093383789 125.161468505859 127.293357849121 128.930084228516 129.421768188477 129.659240722656 130.021179199219 130.927307128906 -3.4e+38 -3.4e+38 -3.4e+38 -3.4e+38 -3.4e+38 -3.4e+38 -3.4e+38 -3.4e+38 -3.4e+38 -3.4e+38 -3.4e+38 -3.4e+38 -3.4e+38 -3.4e+38 -3.4e+38 -3.4e+38 -3.4e+38 -3.4e+38
95.5853881835938 95.8000564575195 97.1499099731445 98.8641204833984 100.205413818359 100.416801452637 101.072746276855 102.516006469727 104.192573547363 106.497146606445 106.684150695801 107.041687011719 109.583419799805 109.856864929199 112.771492004395 114.041854858398 114.329666137695 115.723472595215 117.255676269531 -3.4e+38 119.711372375488 123.097320556641 123.42115020752 124.657005310059 125.174049377441 127.620803833008 129.208953857422 129.503280639648 129.812103271484 130.505493164062 131.004241943359 131.378753662109 -3.4e+38 -3.4e+38 -3.4e+38 -3.4e+38 -3.4e+38 -3.4e+38 -3.4e+38 -3.4e+38 -3.4e+38 -3.4e+38 -3.4e+38 -3.4e+38 -3.4e+38 -3.4e+38 -3.4e+38 -3.4e+38 -3.4e+38
95.5405120849609 95.7548675537109 97.1015777587891 98.0053024291992 100.147613525391 100.339057922363 100.62720489502 102.772102355957 103.512306213379 105.448921203613 106.722129821777 108.468742370605 109.512535095215 109.788604736328 112.702774047852 113.974594116211 114.193687438965 114.987190246582 117.194068908691 118.446334838867 118.987251281738 122.132881164551 123.277229309082 123.955589294434 125.129905700684 127.574836730957 129.189575195312 129.656967163086 130.346481323242 130.841598510742 131.213241577148 132.187484741211 -3.4e+38 -3.4e+38 -3.4e+38 -3.4e+38 -3.4e+38 -3.4e+38 -3.4e+38 -3.4e+38 -3.4e+38 -3.4e+38 -3.4e+38 -3.4e+38 -3.4e+38 -3.4e+38 -3.4e+38 -3.4e+38 -3.4e+38
95.4943695068359 95.6896667480469 96.3023300170898 97.4865570068359 99.3526077270508 100.277992248535 100.54899597168 102.361122131348 103.411636352539 104.760177612305 105.744514465332 109.254707336426 109.440368652344 109.719032287598 112.632621765137 113.905876159668 114.084014892578 114.521934509277 117.051086425781 117.718307495117 118.774589538574 120.740882873535 122.265525817871 123.503623962402 124.985733032227 126.884216308594 129.237442016602 130.194137573242 130.736251831055 131.328308105469 132.055953979492 132.731887817383 132.9755859375 -3.4e+38 -3.4e+38 -3.4e+38 -3.4e+38 -3.4e+38 -3.4e+38 -3.4e+38 -3.4e+38 -3.4e+38 -3.4e+38 -3.4e+38 -3.4e+38 -3.4e+38 -3.4e+38 -3.4e+38 -3.4e+38
95.4471206665039 95.6300277709961 95.8488159179688 97.417724609375 98.888427734375 100.215766906738 100.463539123535 101.853141784668 103.297737121582 103.940605163574 104.99976348877 107.4365234375 108.328056335449 108.695411682129 112.493034362793 113.152931213379 114.016181945801 114.459327697754 116.936973571777 117.253074645996 118.565147399902 119.456085205078 121.65803527832 123.451637268066 124.876495361328 126.435752868652 128.632797241211 130.682174682617 131.468139648438 132.027648925781 132.567962646484 132.807983398438 133.133193969727 133.832366943359 -3.4e+38 -3.4e+38 135.663482666016 -3.4e+38 -3.4e+38 -3.4e+38 -3.4e+38 -3.4e+38 -3.4e+38 -3.4e+38 -3.4e+38 -3.4e+38 -3.4e+38 -3.4e+38 -3.4e+38
95.3989105224609 95.5794219970703 95.7978820800781 97.3301467895508 98.0396499633789 100.152565002441 100.444755554199 102.57154083252 103.248107910156 104.177185058594 104.859603881836 106.357009887695 107.651252746582 108.070106506348 112.378692626953 -3.4e+38 113.947265625 114.395614624023 116.869781494141 117.190200805664 118.444297790527 118.941688537598 121.473526000977 -3.4e+38 123.941413879395 126.386611938477 128.205459594727 130.7939453125 131.930953979492 132.329513549805 132.914566040039 132.965927124023 133.661773681641 134.162902832031 134.496170043945 -3.4e+38 -3.4e+38 137.527221679688 -3.4e+38 -3.4e+38 -3.4e+38 -3.4e+38 -3.4e+38 -3.4e+38 -3.4e+38 -3.4e+38 -3.4e+38 -3.4e+38 -3.4e+38
94.2927017211914 -3.4e+38 95.7461242675781 97.2548446655273 97.5476684570312 -3.4e+38 100.407585144043 102.943161010742 -3.4e+38 103.801010131836 104.78978729248 106.282676696777 -3.4e+38 107.912887573242 110.608024597168 -3.4e+38 113.877464294434 114.330986022949 116.801651000977 117.126403808594 118.383010864258 118.885986328125 121.335861206055 121.686111450195 123.342468261719 126.336700439453 128.164291381836 130.768325805664 131.978790283203 132.424362182617 133.700759887695 133.818222045898 134.316024780273 134.702072143555 135.609573364258 -3.4e+38 136.231307983398 -3.4e+38 137.842575073242 -3.4e+38 -3.4e+38 -3.4e+38 -3.4e+38 -3.4e+38 -3.4e+38 -3.4e+38 -3.4e+38 -3.4e+38 -3.4e+38
91.2643356323242 93.8008422851562 94.0168075561523 96.0906066894531 -3.4e+38 -3.4e+38 100.163505554199 100.878059387207 102.984909057617 103.25260925293 104.551391601562 104.73316192627 -3.4e+38 107.611175537109 109.310104370117 110.876472473145 112.81388092041 114.199752807617 116.663375854492 116.855682373047 117.295372009277 119.506294250488 121.21785736084 121.690185546875 123.831436157227 125.359992980957 128.800506591797 130.61735534668 131.667907714844 133.244430541992 134.739761352539 135.057250976562 135.750015258789 136.248443603516 136.490142822266 136.824966430664 137.525741577148 138.377685546875 -3.4e+38 -3.4e+38 -3.4e+38 -3.4e+38 -3.4e+38 -3.4e+38 -3.4e+38 -3.4e+38 -3.4e+38 -3.4e+38 -3.4e+38
91.2212066650391 93.7483444213867 93.9639663696289 95.454231262207 -3.4e+38 -3.4e+38 99.0905380249023 100.306625366211 101.438095092773 103.126159667969 103.77458190918 104.660598754883 105.053405761719 107.536155700684 109.24015045166 110.742515563965 112.190864562988 114.133514404297 116.593605041504 116.788673400879 -3.4e+38 119.897354125977 121.158279418945 121.706634521484 124.143402099609 124.615592956543 -3.4e+38 130.780685424805 132.828475952148 133.683990478516 134.818435668945 135.188339233398 136.083847045898 136.321914672852 136.651596069336 137.349258422852 -3.4e+38 -3.4e+38 -3.4e+38 -3.4e+38 -3.4e+38 -3.4e+38 -3.4e+38 -3.4e+38 -3.4e+38 -3.4e+38 -3.4e+38 -3.4e+38 -3.4e+38
91.1778717041016 93.6956405639648 93.8799362182617 94.6625061035156 -3.4e+38 96.3043670654297 98.4097442626953 99.1406707763672 99.5621109008789 103.021102905273 103.295745849609 104.587936401367 104.919136047363 106.770133972168 109.170043945312 110.592475891113 111.33772277832 112.957489013672 114.949668884277 -3.4e+38 -3.4e+38 119.739143371582 120.447418212891 121.652694702148 124.087715148926 124.473159790039 129.164306640625 130.691528320312 132.53385925293 133.662887573242 135.019760131836 135.989059448242 136.481689453125 136.805435180664 137.499206542969 137.937454223633 -3.4e+38 -3.4e+38 -3.4e+38 -3.4e+38 -3.4e+38 141.564636230469 142.005157470703 -3.4e+38 -3.4e+38 -3.4e+38 -3.4e+38 -3.4e+38 -3.4e+38
91.1344833374023 93.6428909301758 93.8079376220703 94.1995544433594 95.5053024291992 95.8164901733398 98.3072357177734 98.4812164306641 98.8723831176758 101.98836517334 103.163566589355 103.816940307617 104.810134887695 106.288673400879 108.417953491211 110.471809387207 110.794853210449 112.217361450195 113.805130004883 115.754287719727 117.173049926758 119.61595916748 119.983940124512 121.598823547363 124.032135009766 124.314041137695 129.117889404297 130.580673217773 132.123138427734 133.631851196289 135.114852905273 136.555389404297 137.117401123047 137.542694091797 137.979293823242 137.917663574219 -3.4e+38 -3.4e+38 -3.4e+38 -3.4e+38 -3.4e+38 -3.4e+38 142.436904907227 143.071029663086 -3.4e+38 -3.4e+38 -3.4e+38 -3.4e+38 -3.4e+38
91.091178894043 93.5902404785156 93.7529449462891 94.1024780273438 94.7180938720703 95.7125091552734 97.5220718383789 98.4134292602539 98.7650833129883 101.285690307617 102.020729064941 102.392158508301 104.739456176758 106.214324951172 107.941612243652 110.397682189941 110.724433898926 112.149932861328 113.575263977051 114.476081848145 117.111633300781 119.552047729492 119.9248046875 121.441833496094 123.334365844727 124.193885803223 129.071823120117 130.549041748047 132.136322021484 133.73664855957 135.785552978516 136.647033691406 137.709457397461 137.913650512695 137.674545288086 138.135040283203 -3.4e+38 -3.4e+38 -3.4e+38 -3.4e+38 -3.4e+38 -3.4e+38 142.818862915039 143.362487792969 -3.4e+38 -3.4e+38 -3.4e+38 -3.4e+38 -3.4e+38
91.0481109619141 93.5378341674805 93.6981887817383 94.0213928222656 94.2529296875 95.6269607543945 97.0497436523438 98.3459320068359 98.7000732421875 101.167495727539 101.346626281738 101.681762695312 103.731071472168 106.140312194824 107.872520446777 110.323913574219 110.654373168945 112.08283996582 113.451141357422 113.881103515625 116.159675598145 119.488548278809 119.866096496582 121.322479248047 122.876083374023 124.142578125 129.156311035156 131.210372924805 132.095932006836 133.792999267578 136.20458984375 136.660049438477 137.911163330078 137.963363647461 137.524002075195 138.412948608398 138.745223999023 -3.4e+38 -3.4e+38 -3.4e+38 -3.4e+38 -3.4e+38 -3.4e+38 143.691207885742 144.402618408203 -3.4e+38 -3.4e+38 -3.4e+38 -3.4e+38
90.9449157714844 91.9862289428711 93.6438446044922 93.962776184082 94.1943969726562 95.5175018310547 96.1900482177734 97.5663375854492 98.6354827880859 101.095336914062 101.274185180664 101.55931854248 103.017166137695 105.136390686035 107.725471496582 109.574821472168 110.500442504883 111.348274230957 113.381553649902 113.738838195801 115.454307556152 118.772994995117 119.807998657227 121.268394470215 122.822143554688 124.215003967285 128.340911865234 131.616989135742 132.05632019043 133.759048461914 136.170333862305 136.630706787109 137.789306640625 137.613922119141 138.04801940918 138.740341186523 139.000030517578 141.128860473633 141.437408447266 141.868850708008 -3.4e+38 -3.4e+38 -3.4e+38 -3.4e+38 144.703094482422 -3.4e+38 -3.4e+38 -3.4e+38 -3.4e+38
89.8173065185547 90.0061721801758 91.107795715332 93.9047012329102 94.0898818969727 94.7085647583008 95.6765060424805 97.0932159423828 98.4518585205078 99.5880584716797 101.202362060547 101.489364624023 102.892868041992 104.513832092285 107.608764648438 109.095268249512 110.378776550293 110.875785827637 113.312698364258 113.674369812012 115.204360961914 117.423530578613 119.863372802734 121.920013427734 122.769035339355 124.244300842285 127.345642089844 129.402160644531 132.15592956543 134.292984008789 135.521408081055 136.470092773438 137.161071777344 137.752807617188 138.678314208984 139.19709777832 140.149887084961 141.941955566406 142.182250976562 142.482009887695 142.938079833984 -3.4e+38 -3.4e+38 -3.4e+38 144.827346801758 145.505554199219 -3.4e+38 -3.4e+38 -3.4e+38
89.2030868530273 89.3484649658203 89.6447982788086 92.806282043457 93.0294342041016 94.242561340332 95.6169509887695 97.0281677246094 98.3161010742188 98.6267776489258 100.432929992676 101.351501464844 102.134536743164 104.444396972656 107.539886474609 109.024017333984 110.309104919434 110.721893310547 112.581916809082 113.610816955566 115.062889099121 116.678695678711 118.899749755859 121.663627624512 122.837333679199 124.894828796387 127.171905517578 128.663101196289 132.208633422852 134.624298095703 135.089340209961 136.355331420898 136.811645507812 138.173675537109 139.32780456543 140.21142578125 141.584213256836 142.250991821289 142.239929199219 142.65559387207 143.540756225586 143.734649658203 -3.4e+38 -3.4e+38 -3.4e+38 145.952178955078 -3.4e+38 -3.4e+38 -3.4e+38
89.1588745117188 89.3018951416016 89.5710296630859 92.1678771972656 92.3589096069336 93.1474761962891 94.5967636108398 96.9639739990234 98.2502975463867 98.525390625 99.9552383422852 101.241035461426 101.659706115723 104.198341369629 106.558647155762 108.953788757324 110.24047088623 110.602081298828 112.108169555664 113.548362731934 115.004043579102 116.534286499023 118.232147216797 121.202629089355 122.632339477539 123.957473754883 127.214614868164 129.071578979492 132.173141479492 134.588516235352 134.927749633789 135.716735839844 136.946395874023 138.906219482422 139.664520263672 140.872299194336 142.439926147461 142.540481567383 142.713241577148 143.407821655273 143.906280517578 144.077102661133 -3.4e+38 -3.4e+38 -3.4e+38 146.157791137695 146.736877441406 -3.4e+38 -3.4e+38
