rcp8.5models/GFDL_CM3/sc1gr10.22
NCOLS 261 
NROWS 433 
XLLCORNER 336357.134 
YLLCORNER 654653.479 
CELLSIZE 1000 
NODATA_value -3.4e+38 
[rows 242 to 263 of 433, columns 196 to 244 of 261]
436.141143798828 440.002624511719 443.268798828125 447.194091796875 451.664245605469 455.557861328125 460.213439941406 471.905426025391 476.904388427734 480.873596191406 485.620910644531 488.961456298828 493.201599121094 498.438537597656 503.601959228516 508.115814208984 511.334259033203 514.944396972656 524.22509765625 -3.4e+38 -3.4e+38 539.244873046875 545.464233398438 550.286743164062 552.717346191406 555.533630371094 561.556701660156 566.586181640625 568.865539550781 571.959045410156 577.119873046875 580.2958984375 584.413940429688 589.687927246094 595.81884765625 598.930480957031 601.073547363281 604.652648925781 607.989013671875 610.411010742188 613.822082519531 620.501892089844 623.792297363281 627.651123046875 -3.4e+38 -3.4e+38 -3.4e+38 -3.4e+38 651.444274902344
438.781585693359 443.155364990234 448.09619140625 452.268249511719 457.064392089844 462.383331298828 466.811676025391 477.728088378906 481.215576171875 484.998474121094 489.041931152344 493.506408691406 497.586212158203 501.941101074219 506.597900390625 511.520629882812 515.889038085938 520.595764160156 530.006530761719 -3.4e+38 -3.4e+38 543.97021484375 550.32470703125 555.339965820312 558.978332519531 562.708374023438 567.540161132812 572.5478515625 574.640625 576.502136230469 583.654541015625 587.262268066406 591.698425292969 597.108825683594 600.917358398438 603.998718261719 606.537719726562 609.964294433594 613.39208984375 616.621154785156 619.655456542969 627.81982421875 632.058837890625 635.705871582031 -3.4e+38 -3.4e+38 648.407897949219 -3.4e+38 -3.4e+38
439.337310791016 444.111724853516 449.375030517578 453.834594726562 459.208221435547 464.349365234375 469.185943603516 478.102691650391 481.944641113281 486.138671875 490.277282714844 494.341125488281 499.333587646484 504.807830810547 509.006622314453 513.382568359375 517.834350585938 522.482299804688 534.112243652344 537.899108886719 -3.4e+38 -3.4e+38 551.407165527344 558.109191894531 563.192932128906 566.377868652344 569.596008300781 573.694702148438 576.950500488281 578.89794921875 586.565856933594 590.963073730469 596.695983886719 600.775451660156 603.540832519531 607.230529785156 610.145629882812 613.053283691406 616.672729492188 620.490844726562 623.737060546875 632.408203125 636.273559570312 639.157592773438 -3.4e+38 647.572998046875 651.807495117188 656.323120117188 -3.4e+38
439.879241943359 444.604888916016 449.604949951172 454.654510498047 458.872528076172 464.143157958984 470.091705322266 478.052978515625 483.249359130859 487.370697021484 491.928314208984 496.358703613281 501.662750244141 506.551483154297 510.886169433594 515.560119628906 520.349914550781 525.566101074219 538.091552734375 541.659851074219 543.519287109375 548.031372070312 553.353454589844 560.10107421875 566.211181640625 569.210693359375 -3.4e+38 -3.4e+38 578.865539550781 581.460327148438 590.777099609375 595.200073242188 600.368713378906 603.033264160156 606.414428710938 610.287353515625 613.401000976562 615.9091796875 619.677917480469 623.760437011719 627.576843261719 636.530151367188 640.196472167969 643.250305175781 -3.4e+38 650.548706054688 655.314880371094 659.459411621094 664.227661132812
441.1123046875 445.362915039062 449.810821533203 455.244140625 459.430480957031 464.676452636719 470.292419433594 479.179748535156 484.336212158203 488.944213867188 493.692260742188 498.534637451172 503.784545898438 508.493011474609 513.320373535156 518.280639648438 523.260375976562 530.154479980469 541.765869140625 544.793334960938 547.484802246094 551.265075683594 556.1259765625 561.601684570312 567.598876953125 571.575805664062 -3.4e+38 -3.4e+38 581.83154296875 585.871154785156 596.244323730469 599.022094726562 602.704345703125 605.764770507812 609.047302246094 612.853576660156 616.639709472656 619.824035644531 623.960266113281 628.178039550781 631.020690917969 639.286254882812 642.990661621094 646.662902832031 649.303955078125 653.7392578125 658.468505859375 663.080505371094 668.481872558594
441.240844726562 445.597320556641 450.832977294922 456.003021240234 460.832214355469 465.861846923828 470.753387451172 480.970733642578 485.967834472656 490.707275390625 495.862854003906 501.084197998047 506.608001708984 511.792999267578 -3.4e+38 521.314208984375 525.515625 532.283935546875 545.598205566406 548.570617675781 551.356994628906 554.641357421875 559.0712890625 564.270935058594 570.332702636719 574.530578613281 -3.4e+38 -3.4e+38 586.341918945312 591.955810546875 600.194702148438 602.031921386719 606.115539550781 610.522216796875 612.26318359375 615.878967285156 619.760437011719 623.538635253906 628.110717773438 632.330627441406 635.416564941406 642.354248046875 646.020812988281 649.798400878906 653.669250488281 658.062622070312 662.181640625 666.996948242188 672.046997070312
441.635681152344 446.183227539062 451.802307128906 457.277252197266 462.209899902344 467.467163085938 472.336853027344 483.026672363281 488.295440673828 492.740600585938 498.199859619141 504.432037353516 510.468414306641 515.011413574219 519.579040527344 525.351196289062 528.963623046875 533.753784179688 547.394592285156 550.238952636719 553.434448242188 557.261840820312 562.303161621094 568.271606445312 572.808410644531 575.827514648438 579.182922363281 -3.4e+38 589.411254882812 596.408752441406 602.93359375 606.320068359375 610.747985839844 613.813842773438 616.14892578125 620.085327148438 623.478088378906 627.069458007812 631.949890136719 635.178894042969 639.196594238281 646.051025390625 649.208618164062 653.282165527344 657.425354003906 661.924255371094 666.242553710938 670.85791015625 675.410339355469
443.550476074219 448.745910644531 454.542999267578 460.032531738281 464.549407958984 469.119537353516 474.607727050781 485.531219482422 490.257629394531 494.997985839844 501.032348632812 508.662322998047 514.125549316406 517.012573242188 522.787719726562 528.918579101562 531.701171875 537.240600585938 547.748901367188 551.564758300781 556.437744140625 560.754516601562 565.658142089844 570.114013671875 573.849731445312 577.954956054688 583.203430175781 586.911315917969 592.52880859375 599.65380859375 606.23046875 -3.4e+38 615.589904785156 617.504028320312 621.154663085938 624.982055664062 627.2373046875 631.408264160156 635.803894042969 638.277893066406 642.162231445312 649.304260253906 652.370239257812 656.50927734375 660.788635253906 665.181945800781 669.489440917969 674.154113769531 678.780456542969
446.824371337891 452.045745849609 457.225555419922 462.406707763672 466.555114746094 471.224853515625 477.392669677734 487.287841796875 492.072662353516 497.974578857422 505.313537597656 512.235473632812 515.736267089844 519.742065429688 525.945678710938 531.172912597656 534.467956542969 540.47509765625 550.408874511719 555.472412109375 560.994384765625 565.800109863281 569.235778808594 572.292846679688 576.48779296875 582.17333984375 586.869201660156 590.749267578125 595.70361328125 601.68212890625 610.576538085938 614.71630859375 618.102966308594 621.261474609375 625.695678710938 629.403625488281 631.562927246094 635.378173828125 639.118896484375 641.214721679688 644.907592773438 652.660339355469 656.27099609375 660.718322753906 665.40087890625 669.932800292969 674.242370605469 678.108520507812 681.894348144531
449.883117675781 454.909271240234 459.250274658203 464.534362792969 468.049194335938 474.063690185547 479.957916259766 488.903411865234 494.414489746094 501.265899658203 508.735473632812 514.442199707031 517.328247070312 522.912170410156 529.086669921875 534.613952636719 538.685607910156 543.399047851562 -3.4e+38 559.820556640625 566.122375488281 570.540649414062 573.126892089844 575.092163085938 578.78955078125 585.40869140625 590.793273925781 595.399780273438 599.425659179688 603.597595214844 615.987060546875 619.098693847656 620.86181640625 626.782897949219 630.220336914062 633.358947753906 635.3994140625 637.629211425781 641.864929199219 644.730834960938 647.356201171875 655.933776855469 660.325622558594 665.072631835938 669.83154296875 674.434265136719 678.486938476562 681.838317871094 685.060424804688
451.915863037109 457.161193847656 461.585357666016 466.15576171875 470.465454101562 477.240905761719 481.569458007812 491.071228027344 497.679443359375 504.543365478516 510.522766113281 516.499450683594 520.67333984375 526.537902832031 532.407409667969 538.36962890625 543.202026367188 546.452331542969 556.799865722656 563.314697265625 568.999450683594 572.174499511719 574.693664550781 577.469970703125 581.302795410156 587.653564453125 594.7392578125 600.50439453125 603.746215820312 607.355102539062 619.151672363281 621.438415527344 624.406494140625 630.373657226562 633.797180175781 636.397827148438 638.639709472656 640.993591308594 644.150024414062 647.787780761719 650.976379394531 659.175231933594 665.024353027344 669.654113769531 674.294982910156 678.754089355469 681.227478027344 685.027404785156 688.837463378906
452.296966552734 458.35205078125 463.000915527344 466.657958984375 472.427825927734 479.83544921875 483.99853515625 492.738098144531 499.377502441406 506.087249755859 512.6552734375 518.836242675781 523.718017578125 530.503295898438 535.867004394531 541.336303710938 546.020324707031 549.10205078125 558.907043457031 564.952087402344 570.64892578125 574.316772460938 577.969482421875 581.1171875 583.93115234375 589.040344238281 595.827087402344 603.033325195312 610.636108398438 617.243530273438 621.831848144531 624.75244140625 629.496704101562 633.143432617188 635.459167480469 638.1826171875 641.526733398438 644.469848632812 646.720825195312 650.8369140625 654.879943847656 663.242126464844 669.359130859375 673.986206054688 677.735473632812 681.08740234375 684.321411132812 689.16796875 692.745544433594
451.246032714844 458.3720703125 463.509216308594 468.165924072266 474.881744384766 481.983703613281 486.774932861328 494.540008544922 501.114227294922 508.279846191406 514.652526855469 521.064331054688 526.019592285156 532.339172363281 538.64306640625 543.764770507812 547.295471191406 551.4267578125 561.471435546875 566.2822265625 572.956298828125 577.689819335938 581.749389648438 584.180603027344 586.453491210938 591.829223632812 597.052551269531 605.191467285156 613.745300292969 618.846923828125 624.111877441406 628.771118164062 632.724426269531 634.8681640625 636.964660644531 640.138244628906 643.982482910156 647.351684570312 650.299926757812 654.289001464844 658.883239746094 667.736145019531 673.530395507812 677.158142089844 680.63427734375 684.087585449219 688.290222167969 692.245056152344 696.227966308594
451.883117675781 458.654876708984 466.018188476562 473.309234619141 479.104034423828 484.539886474609 489.369476318359 497.909027099609 503.738189697266 509.244445800781 515.562377929688 521.645690917969 527.402099609375 534.720886230469 542.207397460938 548.675964355469 555.210083007812 560.440246582031 565.944580078125 571.111328125 574.963256835938 578.122619628906 582.040893554688 587.375671386719 595.195007324219 600.282531738281 603.264831542969 608.949035644531 615.785095214844 620.090454101562 625.5703125 631.89892578125 637.431640625 639.63916015625 642.224426269531 646.622802734375 653.03662109375 655.723022460938 658.769348144531 660.932678222656 663.72607421875 671.690246582031 676.394226074219 681.345947265625 686.949462890625 691.21240234375 695.039672851562 699.03369140625 702.030578613281
452.791625976562 459.805084228516 467.613983154297 474.461242675781 480.472045898438 485.956878662109 490.747161865234 500.517700195312 505.370300292969 509.8662109375 516.164733886719 523.564147949219 529.876525878906 536.958801269531 545.690368652344 551.279357910156 555.898864746094 560.959350585938 566.063720703125 569.818969726562 574.38037109375 578.728637695312 583.161987304688 593.767639160156 604.884887695312 606.026306152344 606.5791015625 612.302185058594 618.319519042969 622.915954589844 627.352111816406 632.791442871094 639.545471191406 643.178405761719 646.708068847656 651.761474609375 656.584167480469 660.534423828125 662.584350585938 664.152770996094 667.321350097656 675.507446289062 679.275695800781 682.97412109375 687.941223144531 693.382446289062 697.562133789062 701.000793457031 704.837768554688
453.966491699219 460.597290039062 468.019073486328 475.049652099609 481.138519287109 486.728210449219 491.455444335938 502.330810546875 507.061126708984 510.717559814453 516.732543945312 524.730346679688 532.309265136719 539.087707519531 547.021118164062 550.494750976562 554.11474609375 559.314025878906 567.372009277344 570.571411132812 576.082580566406 581.3759765625 588.318969726562 604.126159667969 612.1015625 608.544372558594 609.763488769531 613.929016113281 620.073791503906 625.135314941406 629.348876953125 633.625366210938 640.333862304688 646.124877929688 651.517578125 660.27294921875 666.914184570312 664.351623535156 667.174255371094 667.841369628906 670.303405761719 678.195068359375 681.834777832031 685.274108886719 689.264526367188 694.946533203125 700.5380859375 703.00830078125 707.747497558594
454.329315185547 461.275909423828 468.088684082031 474.925109863281 480.818786621094 486.641204833984 491.851928710938 501.95166015625 507.786865234375 511.6865234375 517.632202148438 526.189392089844 533.760620117188 539.629699707031 547.763732910156 553.255187988281 557.671752929688 559.789611816406 568.970397949219 574.4453125 579.528503417969 583.018127441406 -3.4e+38 609.316833496094 609.61962890625 608.450317382812 611.28466796875 614.462463378906 620.773742675781 626.693481445312 631.454833984375 635.2158203125 641.626342773438 649.39013671875 659.245849609375 670.928039550781 679.288146972656 671.514831542969 669.020690917969 670.778259277344 672.755187988281 680.271179199219 684.494262695312 688.784484863281 692.316772460938 696.378967285156 701.997985839844 705.895446777344 710.669738769531
454.527893066406 461.452575683594 468.094085693359 474.695159912109 480.610260009766 485.851257324219 491.397003173828 501.699462890625 508.007720947266 513.201232910156 518.467102050781 526.745788574219 535.821472167969 541.000610351562 547.406127929688 554.433654785156 560.341491699219 561.871704101562 575.599670410156 577.939758300781 581.175170898438 584.735473632812 594.902465820312 604.485473632812 606.756958007812 608.795471191406 612.468139648438 616.533386230469 621.529235839844 628.245178222656 633.254211425781 637.125427246094 644.459350585938 656.009826660156 666.002136230469 679.702270507812 683.711364746094 671.704711914062 669.670959472656 673.649230957031 676.726989746094 684.445068359375 688.341003417969 692.686950683594 697.466064453125 700.1943359375 704.732727050781 708.795104980469 713.767456054688
454.869689941406 461.192779541016 467.724670410156 474.283660888672 480.152404785156 485.355834960938 491.619934082031 502.012054443359 507.918182373047 513.923217773438 518.804870605469 526.383850097656 537.767517089844 542.733154296875 546.483947753906 553.691955566406 562.173034667969 566.674011230469 580.084838867188 578.517883300781 581.615661621094 586.678405761719 594.922668457031 601.176208496094 607.103088378906 611.301452636719 614.089782714844 617.6435546875 621.827026367188 628.735900878906 635.386108398438 639.706298828125 645.326843261719 655.120422363281 665.81787109375 679.346496582031 675.271301269531 668.625549316406 670.213500976562 674.609436035156 679.149597167969 687.8037109375 690.739379882812 695.304870605469 700.522766113281 704.153442382812 708.849060058594 712.732116699219 716.824462890625
454.560089111328 460.841735839844 466.950378417969 473.449035644531 479.733612060547 485.549102783203 491.748840332031 501.928833007812 508.077697753906 514.090698242188 519.732421875 526.612915039062 537.994934082031 543.391052246094 548.018249511719 556.049621582031 563.574279785156 569.125122070312 580.7568359375 580.611450195312 583.278869628906 588.425415039062 596.451049804688 604.39306640625 613.015502929688 618.078674316406 616.401916503906 619.366149902344 622.857727050781 628.589904785156 641.151550292969 645.784973144531 645.184265136719 653.561889648438 665.531433105469 668.2744140625 667.282836914062 669.078186035156 671.428649902344 675.696533203125 680.662536621094 689.560546875 692.638122558594 697.528991699219 702.118896484375 706.703186035156 711.174011230469 715.333984375 720.195434570312
453.88671875 460.156341552734 466.336090087891 472.895782470703 479.184417724609 485.130859375 490.742401123047 501.910339355469 508.523223876953 515.034545898438 520.572326660156 525.657165527344 535.435180664062 544.011962890625 549.622009277344 555.854125976562 563.631286621094 570.635620117188 578.704345703125 581.614929199219 584.677917480469 590.285522460938 597.897399902344 605.357666015625 614.570251464844 619.335327148438 618.486938476562 622.106811523438 625.127685546875 629.759826660156 646.330017089844 652.196533203125 648.358337402344 -3.4e+38 -3.4e+38 -3.4e+38 665.355346679688 669.683349609375 673.505310058594 678.028991699219 682.700012207031 691.653503417969 695.900329589844 700.21728515625 704.695251464844 709.626831054688 713.837341308594 717.8203125 724.131958007812
453.182769775391 459.259216308594 465.830444335938 472.650299072266 478.578125 484.426666259766 489.658416748047 502.231964111328 508.533782958984 515.594299316406 521.031494140625 525.435485839844 532.611206054688 542.083740234375 548.872253417969 553.419616699219 562.678283691406 571.851318359375 575.844970703125 580.245178222656 585.081909179688 591.697082519531 600.286376953125 610.511596679688 612.925903320312 616.687805175781 621.354125976562 627.017944335938 627.443725585938 -3.4e+38 656.2158203125 659.498107910156 651.272216796875 -3.4e+38 -3.4e+38 661.977416992188 666.430053710938 671.300598144531 675.691162109375 680.534240722656 685.663330078125 695.37646484375 700.046875 704.251281738281 707.787536621094 712.421203613281 716.877319335938 721.725036621094 727.47998046875
