rcp8.5models/GFDL_CM3/sc1gr3.6
NCOLS 261 
NROWS 433 
XLLCORNER 336357.134 
YLLCORNER 654653.479 
CELLSIZE 1000 
NODATA_value -9999 
[rows 286 to 307 of 433, columns 50 to 99 of 261]
289.783779478188 289.807276211395 289.678930959332 289.807397196027 289.822084985496 289.83399514007 289.611122055419 289.104940807639 288.5175008733 288.591932313143 289.069570119777 289.48665722823 287.625195033347 285.664108858553 287.211173508819 288.242403979122 288.122572766532 288.54579108828 286.678308471266 286.219532421486 287.887882597698 287.126673660631 286.377508418947 286.9598803531 285.354913732459 285.228689432727 287.631933823049 287.151969602139 284.601570656379 281.001620802935 281.346001384227 286.282066531724 285.430849261343 282.759537841917 281.121975758129 280.949763074666 279.735898021551 274.500160995147 270.419293347791 270.205141503619 268.509094161957 268.666359944605 269.038297173191 270.423787193729 271.352764658062 270.970118921756 268.560049863715 267.083657682372 267.408362401286 267.031967449099
289.755295856018 289.676288541477 289.556652462665 289.586086065788 289.239086489029 289.052630139978 289.20996335454 289.216554074467 288.788574005137 288.817252523652 288.960575008706 289.425706008195 288.763775308405 287.945480767154 288.181233410398 288.105147148822 288.301039649096 287.900639186972 285.916066350246 284.861931057112 287.113939496552 286.376792556771 284.20948880499 283.70570154427 283.061647312193 285.078360872337 287.726414533849 286.353103337821 284.879588949429 281.380195949983 280.748099315635 285.19847960842 283.994819111448 281.23077519979 282.012948625436 282.692494172414 280.726528045192 273.359975998655 267.44457770726 266.138686553355 267.611634953535 268.847494566094 268.594945093757 268.520306963768 267.554255940103 265.438880528287 263.186592923352 262.404195072306 261.8434613096 262.32282422934
289.921685321422 289.960216471857 289.63700853653 289.626103933443 289.170543444972 288.721456354589 288.685980584524 289.069977990017 289.036427427784 288.692315948998 288.631554455599 288.747045030959 288.863890936685 288.126616005341 287.605267466849 288.415703505141 288.933042342252 287.2732065195 286.091446453232 285.072502758638 286.367181554558 284.978602806744 281.54769277951 281.178370513415 283.474320425608 285.515302643046 285.737301284686 286.158817577596 284.278536680582 282.70633092861 282.287701136497 284.477410325073 284.270943823635 282.647323892118 279.876356594812 275.41242700287 275.504629842282 272.684204903384 268.205770478297 265.552079436528 266.190822309704 268.112179188567 268.271758629937 267.982474380413 265.923896462054 262.443475152203 260.746009160239 261.026318452495 261.049916973702 260.741934719251
289.594880320251 289.825252601711 289.893608925328 289.894934534424 289.727217700121 289.085967939459 288.471886361506 288.482068393503 288.645914801658 288.505081922308 288.332102352971 288.282360276459 288.687913387341 288.22374667302 287.840068013429 288.841895168651 289.276085571608 285.305805872244 285.117235459692 284.99242545405 286.413030315096 285.460763381743 281.580951425831 281.935465938047 285.739804796813 286.181223801878 284.113287273358 283.592232535607 283.390936599364 282.815353124105 281.857812735992 283.111163496648 285.106462720057 283.550292533736 276.809520457782 269.402465148212 270.156779930037 269.271464364902 267.165868565606 265.063912755411 265.778130754506 267.694680708554 268.116865987061 267.371049312057 266.655499301897 264.971965899212 263.620644989825 262.816176170486 262.152465583114 262.180370633033
289.156976676223 288.98659687093 289.110234264172 289.062992281309 288.825494541755 288.862958705099 288.640736596499 288.083910536138 287.783262310128 288.097379088361 288.476230091095 288.543926633864 288.853213833116 289.19288596549 289.434888945582 289.283974318329 287.230018749688 285.413844785771 285.497477542211 286.101388405822 286.330342445666 286.288016549195 285.980766250601 283.477956203184 283.267786247464 283.829495322348 284.219692692281 283.495831836444 281.59115145361 281.185004476352 283.382208397004 285.280263879309 286.25470434737 285.369701508563 281.16152757745 273.433697074478 269.826260561937 268.499521319172 267.613795016769 267.549586750217 264.926154395045 265.991548461981 267.474672406158 268.40505505314 267.736109180265 264.357497837716 261.13325543379 259.895255523339 259.713235263125 261.806414394654
288.728431437006 288.815765866759 288.886715016017 288.889649319722 288.92963634897 288.912273906888 288.87695396315 288.458738668772 287.974309070593 288.228848786825 288.697111878887 288.707687287204 288.877127709324 289.103625537654 288.838680243106 288.923058419366 288.113321335504 285.700161509452 285.813641355304 286.413251454705 286.194311886706 286.276294160714 284.909333449795 281.159498547565 281.935814514283 283.878895363801 283.309502001931 284.346279064219 276.474565969241 281.160420611325 283.113591486279 285.064846565616 285.872522071804 285.022725751712 283.380289316012 280.273475429739 280.128472259858 274.949449310498 269.706072764342 270.452813575333 263.212577273887 264.626605948078 266.806176919941 268.925562774772 268.195152243124 264.50884167514 258.3731789563 250.04761800795 248.855661998932 256.924317239767
288.483062609937 288.521742766785 288.669080066611 288.692210557231 288.593459534501 288.727438163177 288.862185975979 288.710043509865 288.390133706879 288.328174626828 288.618286457754 288.628004172697 288.848663734104 288.90832208316 288.192323840515 288.065345305928 288.247106517124 287.226372294775 287.251160582976 286.829007422635 285.180418773728 285.027613214398 284.377847230556 281.341253180349 281.646064313954 283.496827797892 283.970826227368 284.889683794649 279.361440765921 283.024126221015 285.709093975521 286.453432974133 286.860352519152 286.320059529758 283.427290986779 279.921131725669 279.950661450339 276.299815802389 273.796078053446 272.72635474413 261.833703150508 263.169114143636 265.973646849049 266.815451033738 267.299888820275 266.070205398598 258.337385127905 248.372266781355 241.51791340867 247.783216208559
288.634605262735 288.560738189708 288.547944112087 288.480489481784 288.805949930729 289.070807177025 288.903820240084 288.603124415557 288.045896665419 288.104451529683 288.476942382345 288.495707074246 288.688426665831 288.588416755022 288.107431552574 287.830161030317 288.105855684165 286.483679210091 286.693517408322 286.994548878484 285.191542108413 284.591011983429 284.496859824491 281.939778543989 277.169514988748 277.588443584647 283.04856282909 279.21291165838 278.727200132309 273.738848010632 278.235696594515 278.100395570444 277.938094445912 278.384991118013 275.447629838877 272.906968130351 272.860088080252 271.195479786305 271.747020861329 272.141729696481 264.791829059893 263.809286944756 266.99628071939 267.169881303651 266.600042146791 266.974968008481 261.546202072846 256.272326317955 249.019332906045 247.603216643907
288.869384425157 288.769776750984 288.461925027298 288.291344792882 288.61251894643 288.807223148947 288.814820945029 288.445396366108 288.211738491015 288.485574305065 288.590276329038 288.777445424761 288.742166277841 288.408630497816 288.37402584078 287.885502423469 287.579285875599 286.594457762894 286.844007829355 287.000715316529 285.796081022306 283.848654147915 283.772577037146 283.08905761981 278.159485030069 273.824796615385 273.100928900364 274.579357013894 275.279997571274 272.631257162464 270.070690641788 270.924320532462 272.136831556063 272.320219987026 272.207014277195 273.483712417707 271.959198953434 268.126641658019 265.96386707194 268.893782898733 266.899367229311 267.450900100181 268.379688289728 269.987455002936 268.347077570107 267.871260981587 267.032086753073 265.648747117644 260.880971029338 257.526246477094
288.941501657942 288.740368822318 288.567113230826 288.752900354797 288.652196672284 288.309776888085 288.041454410824 288.317081227606 288.650832801506 288.663827741223 288.554077240537 288.703229572112 288.60011726096 288.185721163271 287.941423989564 287.576684336939 287.455273030468 285.816714792779 285.774346429821 286.977989371692 285.536758845553 284.52992524792 285.361920225033 283.428560863904 277.628206342791 270.743622064757 267.044696658147 269.849811009762 269.702319153576 271.855819464685 269.566854456529 271.551769088809 273.219281585632 271.673662738331 271.948152104284 274.697746974147 271.311501525921 266.132634353959 262.889198777758 266.068380304229 263.896172225621 265.178999131074 267.346894646978 269.279991578228 266.820941826899 264.678995694574 265.755619765321 266.21836479487 263.405074961911 259.616789539141
289.029337483937 289.149875029417 289.176492940178 289.052585728403 288.620207791811 288.389028232777 287.421546337703 287.891328127456 288.494006043864 288.584027168746 288.479463140473 288.487045921669 288.445605639209 288.220113119444 288.035250741823 287.760485457294 287.461558648746 285.961128278927 285.566989544257 286.740968285688 286.484711079422 286.841367555267 285.942711205058 279.207785625277 272.055996993499 269.324477116257 267.090065361483 265.355297097499 264.95363632148 268.137914216408 269.51023739527 271.328902630755 272.572758291892 271.939624917659 272.125461980715 274.306688109625 270.784266895321 264.585023916183 263.268639780674 264.020347697842 260.78754632562 260.113910833064 263.679565422681 265.959872870461 264.461675401233 262.117696826367 260.744017411614 260.387601484018 261.212544721003 255.892269909093
288.321614365222 288.526051719174 288.813794799067 288.350079323483 287.864439363227 287.856823601283 287.389362595469 287.927225982073 288.43734864673 288.262182100096 288.240778232682 288.347075684745 288.264290573552 288.321976168092 288.014227552721 287.547729542745 287.065787005248 286.885229204189 286.860790396373 286.744327495171 286.057137710514 282.42659825589 277.483978773596 274.357079935094 271.655574973029 270.408672298731 267.932393339377 265.947332606895 265.316573195731 268.173209109608 269.703816706797 270.000636129436 270.977307825541 273.014518463794 274.603291818983 273.915955901696 268.043023093177 261.502419286475 262.331225810688 264.951653312796 260.435290495141 258.992261379742 259.627087484711 262.628815927319 264.642716845388 263.12313161934 260.242060153956 258.806601240769 259.426028863253 253.602429255984
287.735235818531 287.93838566583 288.070950592477 287.831287389009 287.962008245804 287.869814945261 287.772907119411 287.854891522437 288.379729461748 288.166394873668 287.954939252521 287.853453509491 287.740297164078 287.83771949834 287.599547535254 287.267559315292 286.955833207228 286.839317673028 287.268676996809 284.316901094803 278.889025432475 274.139146887135 270.1854218767 270.106927696715 271.013326601777 269.957566862137 268.139559030141 268.381768850806 267.039721383935 267.30724783894 268.7757503845 270.585519990106 272.649073903554 274.845164351278 276.609016389512 273.626638436556 266.439133862504 262.775204821298 264.571716713926 268.865199765666 263.253146835166 261.735501565715 261.563169691509 263.870713572413 265.138725548365 263.918031426116 260.799120343966 257.307631006759 254.160444768928 250.466837315714
287.90140992948 288.033878640182 287.903407424094 287.80677453168 288.214281339072 288.379430908848 288.201085412219 288.149763341862 288.410179523636 288.159419658413 287.752806626312 287.529217649603 287.476824130623 284.448764304506 284.035414771116 287.258119235601 283.822163335248 280.362677034018 280.7656791975 278.969116710869 274.211968375498 270.881385484873 269.724332159137 269.181539540062 269.931771031989 271.508743263933 271.123731793738 269.22003183219 268.821704353131 266.494015652222 268.641044369782 272.325807476551 273.159349375922 274.519550477775 276.94940090754 274.107622993076 268.975832068499 266.810125003778 265.334298121776 268.648145672558 266.57864078144 264.658627876616 262.381014402247 262.383112541144 262.71053602213 262.150367307711 261.901395583563 260.434749076061 255.98735608016 250.416704474721
288.033164139502 288.322718459188 288.293623423498 288.093677742749 288.10106553778 288.374768714135 287.747294719785 287.757542925529 287.82509978062 284.610219302531 281.002034906343 280.887404391884 281.187422007179 279.402202224396 278.809844628013 280.694571388163 278.355206644216 276.692622885934 276.75062816648 276.77608519237 274.020286932616 271.417151670489 272.208511212045 273.228617817819 272.182292274382 270.849488625531 270.292869804627 267.983027745369 270.520700559018 267.806948055407 267.000052376156 269.477898326229 272.056944129638 274.358456244175 276.642646854227 274.563311374163 269.404101414877 266.428467885795 265.741604500398 268.758768053159 265.967386172748 263.855139641683 261.000826413846 258.504971917014 257.953734578478 255.393628033515 252.611206530466 253.097971297904 251.678570268789 242.512752818893
287.760689295422 287.915591352495 287.968803715087 288.380185893486 288.554375776557 285.271361150919 279.670043323631 277.282480887446 277.261688006016 277.354911830487 277.279881472323 277.332188859545 277.228883194956 276.834023670272 276.678790147076 276.60390021247 276.697411416047 276.981789078388 276.715198888561 276.615236187116 276.255015143399 275.137766904296 274.38180627516 274.647671983662 272.141721063732 271.100525869049 273.063520977239 271.654042920575 271.428737911175 272.067249193756 269.187666295358 267.129304232264 270.611580426359 275.860465092017 276.826149564823 273.245531312535 267.343142513856 266.042292806668 267.858452624625 268.484717312859 269.864177738454 265.233472272894 264.931724404026 265.613054323541 262.244491024813 257.012698644659 251.624671015783 242.233754812637 233.854271552296 226.502692959859
288.071727795653 288.135742926166 288.365247415287 285.348135971604 281.687512869826 279.505648270654 277.732747545728 277.380956756571 277.250138880819 277.305325790941 276.992406873843 276.834431898021 276.706566798561 276.537775994928 276.61418219501 276.65372146914 277.022614351672 276.395549895852 276.181668419843 275.522285523658 274.153669903846 271.71876066896 270.765825852052 272.887178022911 273.340701969747 272.250694380975 272.440677494082 270.492706279719 268.745324969766 271.202146542785 271.09984804634 269.482385487358 273.677161215258 276.686813487864 276.332097307367 274.782352947107 268.640288946979 265.065830783071 270.576947825085 273.075215380837 273.809081724808 271.105178329186 270.106442511801 270.674566795595 269.982781978021 264.286578362898 259.299952405597 251.480852866025 242.108690384631 233.472357688018
288.342062611133 284.875247075423 281.340599274497 279.490952115007 277.500533390276 277.09370789415 277.267537153227 277.115103557922 276.928735126889 276.918038580275 276.829858524422 276.753795195829 276.444438084504 276.331694665275 276.570235434624 276.49578796308 276.555650175397 275.9817643054 275.737209231791 274.949494200832 272.270871161037 268.942805437453 268.665061366722 271.033889960315 272.948589719232 269.587636071374 266.821943505634 267.449194615137 268.781889331717 272.078593012023 271.897235554776 270.69224945405 275.163253894298 276.08254816119 275.318485476297 274.273718467465 271.897689324202 271.134313182672 272.448767697496 271.990960370057 272.816385812435 270.300780254237 262.715775953409 256.743874134865 256.824841689836 259.776036035495 256.380738511612 248.843699811053 242.287043076807 234.588732600267
285.146644498577 280.096254215504 278.03464405996 277.934274183986 277.629072167459 277.173315316454 276.752754077016 276.496540799115 276.625455089843 275.802978652503 275.773325330766 276.624165576172 276.072691128932 275.959300508931 276.202175123311 276.129658778601 275.997544273649 275.829791094215 275.082458907549 274.647743106648 272.195878381987 268.591955730674 267.920272336292 270.029276047278 272.25871190902 269.407464070761 267.085316922537 268.293301005397 272.142814364247 275.056138978465 274.194148406315 273.854330132638 276.089435246371 275.856736133376 274.981365605161 274.886942702188 275.540718893636 274.092767080631 269.067349064683 267.328309503704 265.78537000158 264.01165652255 252.858863510601 241.856207402738 240.41420076991 248.391754095462 246.640807031696 239.484231664746 240.061531305329 238.623349580777
279.798079805234 277.918477193758 277.554747464162 277.407385537046 277.42678657179 277.442735062633 276.536848457186 276.083152885421 275.929212398299 274.709621226075 274.750107989025 275.997464638014 275.379432824686 275.257744904333 275.710266479082 275.848068842131 275.761612031899 275.753601996531 274.834378003417 273.984396452602 273.514141431832 270.859206304829 268.704302650052 269.781923106188 270.301855476287 269.146598079859 268.129510900632 267.307652597966 271.914740865231 275.228666699958 275.955995708762 276.117819885781 276.766633719558 276.168143352482 275.670344058206 275.980953079574 275.267938760216 270.636776288573 265.061318871115 264.672335397393 261.402885377581 259.312063245942 251.811154746808 241.48551561959 240.599520310602 248.290924830149 247.845082290662 245.155707427385 246.880203629958 246.752882418224
277.307536558519 276.829709044171 276.480142143845 276.515642918954 276.995115464555 277.259108260098 276.705688919018 276.189405907077 275.55189035748 275.248070421674 275.553253712454 275.820734981274 275.59497907836 275.328688123902 275.389142955462 275.761180132686 275.845644218617 275.79877160524 275.054418217103 274.229573976584 274.154017195308 272.290929127405 269.527063603351 268.711099700968 268.109580221214 269.145662443669 268.02080799113 264.787636497388 269.353023447693 273.726635878474 276.251324629302 276.282470894002 276.651024005637 276.338568786297 275.970701425905 275.407125720548 273.297723787175 268.902599391894 264.662553892164 266.081827064383 266.125170343076 263.916740077593 261.548151775378 254.152824464937 250.57632442138 251.031717894806 248.661196800164 247.744385516698 242.5089097904 237.695898538494
276.626640221004 276.353275285561 276.141682118476 276.513882141386 276.861754748064 276.62052100101 276.764381020645 276.826088193355 276.478410166347 276.08500527516 275.811405584004 275.802147471063 275.742045594279 275.443826706273 275.331621347698 275.801970359813 275.979344764159 276.033698030093 275.229068097043 274.93861420724 274.412858381626 273.148431712746 269.940749466822 267.869138712009 267.833582719562 267.561533883883 267.146111249136 266.458427281427 270.714957629102 274.128983002993 276.343843423218 275.963493147128 274.961755182521 274.688433622707 273.565767876648 272.557325518222 271.891426555274 269.902929300883 268.475084647977 269.567644799599 269.312589113628 269.663441322243 267.343651170479 258.298527900219 246.819949277495 238.519731891378 234.322215370792 233.283318365984 228.711863815938 225.787391027022
