rcp8.5models/GFDL_CM3/sc1gr8.19
NCOLS 261 
NROWS 433 
XLLCORNER 336357.134 
YLLCORNER 654653.479 
CELLSIZE 1000 
NODATA_value -3.4e+38 
[rows 110 to 131 of 433, columns 147 to 195 of 261]
135.440002441406 135.595520019531 135.853363037109 135.956176757812 135.843795776367 135.932479858398 136.106597900391 136.201217651367 136.533218383789 136.568939208984 136.64176940918 137.590347290039 138.785232543945 139.389785766602 140.020416259766 140.093521118164 140.249465942383 140.566986083984 140.721145629883 141.032180786133 141.184234619141 141.48844909668 141.522567749023 -3.4e+38 -3.4e+38 141.856201171875 142.154663085938 -3.4e+38 -3.4e+38 -3.4e+38 -3.4e+38 -3.4e+38 -3.4e+38 -3.4e+38 -3.4e+38 -3.4e+38 -3.4e+38 -3.4e+38 -3.4e+38 -3.4e+38 -3.4e+38 -3.4e+38 -3.4e+38 -3.4e+38 -3.4e+38 -3.4e+38 -3.4e+38 -3.4e+38 -3.4e+38
135.773345947266 135.762313842773 135.845123291016 135.914321899414 -3.4e+38 135.845977783203 136.182357788086 136.331237792969 136.744613647461 136.914337158203 136.950164794922 138.934967041016 139.974731445312 140.208572387695 140.375091552734 140.328872680664 140.364639282227 140.524719238281 140.895782470703 141.24040222168 141.235748291016 141.453720092773 141.708801269531 -3.4e+38 141.829986572266 141.731323242188 -3.4e+38 -3.4e+38 -3.4e+38 -3.4e+38 -3.4e+38 -3.4e+38 -3.4e+38 -3.4e+38 -3.4e+38 -3.4e+38 -3.4e+38 -3.4e+38 -3.4e+38 -3.4e+38 -3.4e+38 -3.4e+38 -3.4e+38 -3.4e+38 -3.4e+38 -3.4e+38 -3.4e+38 -3.4e+38 -3.4e+38
135.83757019043 135.908416748047 136.029815673828 136.030700683594 136.182983398438 136.248947143555 136.371215820312 136.371734619141 136.661010742188 136.993118286133 137.609802246094 139.890014648438 139.973327636719 -3.4e+38 140.464569091797 140.55859375 140.719924926758 140.828720092773 141.238952636719 141.4873046875 141.48567199707 141.393539428711 141.774276733398 142.006942749023 142.691787719727 143.789413452148 144.363494873047 145.17073059082 -3.4e+38 -3.4e+38 -3.4e+38 -3.4e+38 -3.4e+38 -3.4e+38 -3.4e+38 -3.4e+38 -3.4e+38 -3.4e+38 -3.4e+38 -3.4e+38 -3.4e+38 -3.4e+38 -3.4e+38 -3.4e+38 -3.4e+38 -3.4e+38 -3.4e+38 -3.4e+38 -3.4e+38
135.759674072266 136.020431518555 136.231460571289 136.277465820312 136.171142578125 136.511199951172 136.582412719727 136.618621826172 136.51628112793 137.307815551758 138.85400390625 140.052642822266 140.284362792969 140.427337646484 140.41242980957 140.668670654297 140.810974121094 140.970718383789 141.288497924805 141.446166992188 141.53596496582 141.260467529297 141.715560913086 142.579086303711 144.211074829102 145.295684814453 -3.4e+38 145.068710327148 -3.4e+38 -3.4e+38 -3.4e+38 -3.4e+38 -3.4e+38 -3.4e+38 -3.4e+38 -3.4e+38 -3.4e+38 -3.4e+38 -3.4e+38 -3.4e+38 -3.4e+38 -3.4e+38 -3.4e+38 -3.4e+38 -3.4e+38 -3.4e+38 -3.4e+38 -3.4e+38 -3.4e+38
135.921096801758 136.080856323242 136.239288330078 136.137725830078 136.206314086914 136.439544677734 136.699035644531 136.849899291992 137.259338378906 138.625 139.671646118164 -3.4e+38 140.481658935547 140.727920532227 140.704406738281 141.033172607422 141.007949829102 141.013442993164 141.241760253906 141.489883422852 141.525985717773 141.497177124023 143.186065673828 143.916244506836 144.863189697266 145.164855957031 145.222640991211 145.336044311523 145.307113647461 -3.4e+38 -3.4e+38 -3.4e+38 -3.4e+38 -3.4e+38 -3.4e+38 -3.4e+38 -3.4e+38 -3.4e+38 -3.4e+38 -3.4e+38 -3.4e+38 -3.4e+38 -3.4e+38 -3.4e+38 -3.4e+38 -3.4e+38 -3.4e+38 -3.4e+38 -3.4e+38
136.276214599609 136.205871582031 135.995010375977 135.700332641602 136.117950439453 136.379272460938 137.055038452148 138.691513061523 139.716400146484 139.904067993164 139.95979309082 140.107788085938 -3.4e+38 140.612976074219 140.874542236328 141.024368286133 141.189300537109 141.421157836914 141.274963378906 141.877822875977 143.492767333984 144.602249145508 145.087203979492 144.855102539062 144.595260620117 144.898056030273 145.058563232422 145.353958129883 -3.4e+38 -3.4e+38 -3.4e+38 -3.4e+38 -3.4e+38 -3.4e+38 -3.4e+38 -3.4e+38 -3.4e+38 -3.4e+38 -3.4e+38 -3.4e+38 -3.4e+38 -3.4e+38 -3.4e+38 -3.4e+38 -3.4e+38 -3.4e+38 -3.4e+38 -3.4e+38 -3.4e+38
135.842819213867 135.894577026367 135.65966796875 135.730133056641 136.022323608398 136.363891601562 137.29362487793 139.454849243164 139.625732421875 140.054428100586 140.325897216797 140.386154174805 140.610137939453 140.530883789062 140.864685058594 140.966110229492 141.224136352539 141.975479125977 143.183807373047 143.422103881836 144.138885498047 144.461700439453 144.947723388672 144.847244262695 144.698822021484 144.761978149414 144.923126220703 145.219100952148 145.377243041992 -3.4e+38 -3.4e+38 -3.4e+38 -3.4e+38 -3.4e+38 -3.4e+38 -3.4e+38 -3.4e+38 -3.4e+38 -3.4e+38 -3.4e+38 -3.4e+38 -3.4e+38 -3.4e+38 -3.4e+38 -3.4e+38 -3.4e+38 -3.4e+38 -3.4e+38 -3.4e+38
135.394882202148 135.407363891602 135.369598388672 135.787200927734 136.049865722656 136.286514282227 137.322113037109 139.38037109375 139.654159545898 139.963088989258 140.310684204102 140.690460205078 140.847518920898 140.808853149414 140.71696472168 140.885055541992 141.723892211914 143.328338623047 144.451049804688 144.464920043945 144.541946411133 144.780349731445 144.806503295898 144.901580810547 145.049987792969 144.863128662109 144.78581237793 145.082321166992 145.241088867188 -3.4e+38 -3.4e+38 -3.4e+38 -3.4e+38 -3.4e+38 -3.4e+38 -3.4e+38 -3.4e+38 -3.4e+38 -3.4e+38 -3.4e+38 -3.4e+38 -3.4e+38 -3.4e+38 -3.4e+38 -3.4e+38 -3.4e+38 -3.4e+38 -3.4e+38 -3.4e+38
134.907974243164 135.132873535156 135.395477294922 135.687881469727 136.030838012695 136.189163208008 137.30436706543 139.285507202148 139.715316772461 139.989212036133 140.157669067383 140.674423217773 140.847045898438 140.981140136719 140.567810058594 140.736587524414 142.049896240234 144.146957397461 144.304092407227 144.481231689453 144.809814453125 144.984329223633 144.663467407227 144.832000732422 145.141540527344 145.133193969727 145.194900512695 145.181030273438 145.102920532227 -3.4e+38 -3.4e+38 -3.4e+38 -3.4e+38 -3.4e+38 -3.4e+38 -3.4e+38 -3.4e+38 -3.4e+38 -3.4e+38 -3.4e+38 -3.4e+38 -3.4e+38 -3.4e+38 -3.4e+38 -3.4e+38 -3.4e+38 -3.4e+38 -3.4e+38 -3.4e+38
134.741012573242 135.030807495117 135.374694824219 135.53157043457 135.949127197266 136.212554931641 137.225692749023 139.30940246582 139.619583129883 139.969818115234 140.083618164062 140.603057861328 140.757247924805 140.582946777344 140.502258300781 -3.4e+38 141.966262817383 144.132690429688 144.244567871094 144.510406494141 144.661972045898 144.837036132812 144.518585205078 144.687637329102 144.997528076172 145.163681030273 145.466506958008 145.452835083008 145.376052856445 -3.4e+38 -3.4e+38 -3.4e+38 145.741561889648 -3.4e+38 -3.4e+38 -3.4e+38 -3.4e+38 -3.4e+38 -3.4e+38 -3.4e+38 -3.4e+38 -3.4e+38 -3.4e+38 -3.4e+38 -3.4e+38 -3.4e+38 -3.4e+38 -3.4e+38 -3.4e+38
134.618103027344 134.518051147461 134.934112548828 135.197189331055 135.491409301758 135.939270019531 137.126983642578 139.287796020508 139.462936401367 139.89225769043 140.16633605957 140.396682739258 140.404556274414 140.242813110352 140.414489746094 140.747024536133 141.814544677734 143.981353759766 144.161666870117 144.494750976562 144.512329101562 144.687881469727 144.465866088867 144.717788696289 144.851501464844 145.149032592773 145.55842590332 145.485076904297 145.679443359375 145.346588134766 145.268676757812 145.552276611328 145.706832885742 145.245681762695 -3.4e+38 -3.4e+38 -3.4e+38 -3.4e+38 -3.4e+38 -3.4e+38 -3.4e+38 -3.4e+38 -3.4e+38 -3.4e+38 -3.4e+38 -3.4e+38 -3.4e+38 -3.4e+38 -3.4e+38
134.201019287109 134.27165222168 134.562759399414 134.905075073242 135.063842773438 -3.4e+38 136.17057800293 137.820129394531 139.124984741211 139.436279296875 139.784942626953 139.907852172852 140.061645507812 140.171615600586 140.436782836914 140.592926025391 -3.4e+38 143.828277587891 144.00910949707 144.342300415039 144.360824584961 144.536834716797 144.753952026367 144.941192626953 144.928665161133 145.382766723633 145.353652954102 145.338272094727 145.634857177734 145.3798828125 145.125183105469 145.409408569336 -3.4e+38 145.360122680664 145.065826416016 -3.4e+38 -3.4e+38 -3.4e+38 -3.4e+38 -3.4e+38 -3.4e+38 -3.4e+38 -3.4e+38 -3.4e+38 -3.4e+38 -3.4e+38 -3.4e+38 -3.4e+38 -3.4e+38
-3.4e+38 133.193710327148 134.329452514648 134.818634033203 135.081771850586 135.320281982422 135.583297729492 136.22053527832 137.799530029297 139.005294799805 139.35334777832 139.739288330078 139.904281616211 140.078628540039 140.414810180664 141.025405883789 142.718704223633 143.673416137695 143.854705810547 144.187973022461 144.297653198242 144.559310913086 144.879959106445 144.970703125 144.94873046875 145.446472167969 145.024551391602 145.189224243164 146.082870483398 146.279693603516 144.979415893555 145.264205932617 145.419952392578 -3.4e+38 145.135406494141 145.380477905273 -3.4e+38 -3.4e+38 -3.4e+38 -3.4e+38 -3.4e+38 -3.4e+38 -3.4e+38 -3.4e+38 -3.4e+38 -3.4e+38 -3.4e+38 -3.4e+38 -3.4e+38
131.195846557617 131.574096679688 132.987213134766 134.359146118164 134.700439453125 134.861511230469 135.201370239258 135.4716796875 136.934326171875 139.020782470703 139.192901611328 139.713928222656 139.827362060547 140.095474243164 140.340316772461 141.491592407227 143.486389160156 143.603607177734 143.873428344727 144.031707763672 144.210754394531 144.537551879883 144.725341796875 144.944091796875 145.03190612793 145.422805786133 145.690399169922 146.672256469727 147.428955078125 147.660308837891 146.722137451172 146.78173828125 -3.4e+38 146.320861816406 145.661666870117 146.922454833984 -3.4e+38 -3.4e+38 -3.4e+38 -3.4e+38 -3.4e+38 -3.4e+38 -3.4e+38 -3.4e+38 -3.4e+38 -3.4e+38 -3.4e+38 -3.4e+38 -3.4e+38
130.415252685547 130.658676147461 131.452682495117 132.656295776367 134.343338012695 134.606063842773 134.844863891602 135.189239501953 136.130432128906 137.963241577148 139.109924316406 139.552307128906 139.729080200195 140.068542480469 140.243957519531 141.465225219727 143.326904296875 143.511093139648 143.848358154297 143.873428344727 144.052810668945 144.379608154297 144.742935180664 144.884552001953 145.055953979492 145.939865112305 147.428695678711 148.168243408203 148.068832397461 148.167190551758 148.176147460938 147.889312744141 148.058013916016 147.602355957031 147.050323486328 -3.4e+38 148.036560058594 -3.4e+38 -3.4e+38 -3.4e+38 -3.4e+38 -3.4e+38 -3.4e+38 -3.4e+38 -3.4e+38 -3.4e+38 -3.4e+38 -3.4e+38 -3.4e+38
130.057052612305 130.38069152832 130.716018676758 131.176071166992 132.859664916992 134.22265625 134.491561889648 135.077056884766 135.324188232422 136.659881591797 138.76171875 139.469573974609 139.740310668945 139.905563354492 140.081436157227 141.302810668945 143.165481567383 143.350036621094 143.687225341797 143.713073730469 143.892761230469 144.219512939453 144.716567993164 144.725509643555 144.897201538086 146.21809387207 148.238723754883 148.322647094727 147.913223266602 148.088363647461 148.289443969727 147.969039916992 147.906219482422 148.072845458984 147.921859741211 147.970977783203 148.10693359375 148.354644775391 -3.4e+38 -3.4e+38 -3.4e+38 -3.4e+38 -3.4e+38 -3.4e+38 -3.4e+38 -3.4e+38 -3.4e+38 -3.4e+38 -3.4e+38
128.990142822266 129.365829467773 129.940124511719 130.164535522461 131.007965087891 132.322402954102 133.712890625 134.197769165039 134.542175292969 134.891464233398 135.523834228516 138.658111572266 139.185897827148 139.477828979492 140.056274414062 140.08447265625 141.092315673828 143.194396972656 143.358612060547 143.541030883789 143.871627807617 143.982208251953 144.389862060547 144.400268554688 145.571273803711 147.733367919922 147.914947509766 148.230407714844 148.236175537109 148.179183959961 148.074340820312 147.933929443359 147.769882202148 147.87043762207 147.790542602539 -3.4e+38 147.721923828125 147.905364990234 -3.4e+38 -3.4e+38 -3.4e+38 -3.4e+38 -3.4e+38 -3.4e+38 -3.4e+38 -3.4e+38 -3.4e+38 -3.4e+38 -3.4e+38
127.494979858398 129.082946777344 129.49430847168 129.741607666016 129.996780395508 130.726196289062 132.360900878906 133.736022949219 134.17951965332 134.529937744141 134.87467956543 138.575988769531 138.744842529297 139.124084472656 139.886856079102 139.999313354492 141.161376953125 143.159057617188 143.190979003906 143.373580932617 143.703979492188 144.005859375 144.222839355469 144.326324462891 145.57698059082 147.661834716797 147.921661376953 148.064666748047 148.071304321289 148.015350341797 147.911529541016 147.670272827148 147.332473754883 147.71240234375 147.633987426758 -3.4e+38 -3.4e+38 147.646270751953 147.935531616211 -3.4e+38 -3.4e+38 -3.4e+38 -3.4e+38 -3.4e+38 -3.4e+38 -3.4e+38 -3.4e+38 -3.4e+38 -3.4e+38
125.910758972168 127.603942871094 128.866943359375 129.437683105469 129.608840942383 130.044830322266 130.640838623047 132.274169921875 133.714965820312 134.176284790039 134.752258300781 137.267761230469 138.654830932617 139.011489868164 139.476013183594 139.892440795898 141.122650146484 142.988494873047 143.10710144043 143.37532043457 143.533905029297 143.807571411133 144.053253173828 144.786087036133 146.581512451172 147.470901489258 147.712615966797 147.896148681641 147.903625488281 147.848678588867 147.745880126953 147.64030456543 147.322128295898 147.551528930664 147.369140625 147.182571411133 147.329818725586 -3.4e+38 147.485580444336 -3.4e+38 -3.4e+38 -3.4e+38 -3.4e+38 -3.4e+38 -3.4e+38 -3.4e+38 -3.4e+38 -3.4e+38 -3.4e+38
125.17839050293 125.702133178711 127.315536499023 128.918563842773 129.065963745117 129.493118286133 129.911880493164 131.247299194336 133.460845947266 133.709915161133 134.338165283203 136.118988037109 138.543914794922 138.883010864258 139.118591308594 139.718933105469 140.441375732422 141.781341552734 143.000747680664 143.334594726562 143.481796264648 143.897598266602 144.329208374023 145.571273803711 147.441589355469 147.226974487305 147.409072875977 147.72477722168 147.73307800293 147.580993652344 147.405258178711 147.574920654297 147.33137512207 147.250900268555 146.89973449707 146.891006469727 -3.4e+38 -3.4e+38 147.128280639648 146.940811157227 -3.4e+38 -3.4e+38 -3.4e+38 -3.4e+38 -3.4e+38 -3.4e+38 -3.4e+38 -3.4e+38 -3.4e+38
124.52758026123 124.756568908691 125.710929870605 127.187019348145 128.553741455078 129.02912902832 129.471939086914 130.463592529297 131.990814208984 133.38215637207 133.946502685547 135.355560302734 137.10107421875 138.70751953125 138.829360961914 139.190551757812 139.637069702148 140.80876159668 142.825500488281 143.158981323242 143.486511230469 144.166656494141 145.048568725586 146.842269897461 147.5703125 147.284362792969 147.234725952148 147.55046081543 147.559555053711 147.333877563477 147.102691650391 147.404403686523 147.162719726562 146.980865478516 146.562789916992 146.727691650391 147.008010864258 146.814727783203 146.625762939453 145.558456420898 -3.4e+38 -3.4e+38 -3.4e+38 -3.4e+38 -3.4e+38 -3.4e+38 -3.4e+38 -3.4e+38 -3.4e+38
122.801567077637 124.221221923828 124.791427612305 125.353485107422 127.202865600586 128.604995727539 129.175674438477 129.693984985352 130.533843994141 132.128707885742 133.746002197266 134.803436279297 136.00439453125 138.291717529297 138.645477294922 138.910568237305 139.276107788086 140.630737304688 142.647689819336 142.980758666992 143.375335693359 144.11848449707 145.46272277832 147.463348388672 147.487518310547 147.503723144531 147.458755493164 147.373123168945 147.382995605469 147.38639831543 147.328826904297 147.230819702148 146.990982055664 146.811828613281 146.395736694336 146.561340332031 -3.4e+38 146.56999206543 146.333618164062 145.426071166992 143.694580078125 -3.4e+38 -3.4e+38 -3.4e+38 -3.4e+38 -3.4e+38 -3.4e+38 -3.4e+38 -3.4e+38
