rcp8.5models/GFDL_CM3/sc1gr9.25
NCOLS 261 
NROWS 433 
XLLCORNER 336357.134 
YLLCORNER 654653.479 
CELLSIZE 1000 
NODATA_value -3.4e+38 
[rows 110 to 131 of 433, columns 49 to 97 of 261]
138.190902709961 138.791961669922 140.097412109375 140.719024658203 142.020233154297 142.871124267578 143.941345214844 145.000381469727 146.078948974609 69.0354614257812 39.0847320556641 117.277679443359 147.70588684082 40.0402946472168 40.9882164001465 72.9865493774414 41.0776138305664 41.7399787902832 75.7204666137695 42.3760261535645 43.2802734375 43.4933586120605 43.8527870178223 44.7576103210449 44.8696212768555 45.0175933837891 45.7979774475098 46.387996673584 46.5091361999512 47.8972282409668 48.0254249572754 48.2385330200195 49.4722366333008 49.6712989807129 50.5886039733887 50.7724723815918 51.4451942443848 51.8568077087402 52.0000152587891 52.2234306335449 53.1418380737305 54.2686042785645 55.175537109375 55.8520469665527 56.2842636108398 56.5020217895508 57.1784362792969 57.6805114746094 58.3571434020996
138.492218017578 139.573440551758 140.417709350586 141.499603271484 142.347076416016 143.507202148438 144.273376464844 145.865036010742 146.297149658203 116.839424133301 117.231971740723 148.517791748047 148.267776489258 39.339527130127 41.844654083252 117.452339172363 40.7909164428711 41.6875839233398 42.2033500671387 42.3336181640625 43.2332611083984 43.3523902893066 47.3181228637695 119.232009887695 44.8303070068359 44.9894371032715 45.9153861999512 46.3517189025879 46.4740333557129 47.8653831481934 48.0337524414062 48.7286949157715 49.4857978820801 50.1583213806152 50.563117980957 50.7738380432129 51.6921424865723 51.8355407714844 52.0308074951172 52.7242469787598 53.3827705383301 54.6666030883789 55.4829330444336 56.118839263916 56.3366317749023 57.0143966674805 57.5157356262207 58.1937294006348 58.7017097473145
139.135635375977 139.886001586914 141.280151367188 141.821914672852 143.210815429688 143.751083374023 145.137771606445 145.976989746094 147.2626953125 147.808685302734 149.166213989258 149.368103027344 148.115203857422 40.6239318847656 118.771354675293 72.9870147705078 40.7455215454102 41.6384048461914 42.1583557128906 42.2915878295898 43.1904144287109 43.3113479614258 45.4826927185059 79.5396118164062 44.7913703918457 44.9534568786621 45.8795623779297 46.3158073425293 46.439281463623 47.833927154541 48.024974822998 48.9645767211914 49.4811325073242 50.398120880127 50.5380096435547 50.7516822814941 51.6699562072754 51.8649864196777 52.559268951416 53.2279777526855 54.0058479309082 55.1651420593262 55.6091461181641 55.9669532775879 56.8489303588867 57.3495445251465 58.0289268493652 58.536247253418 59.2158012390137
139.356994628906 140.746887207031 141.370544433594 142.682846069336 143.307006835938 144.614349365234 145.240051269531 146.750076293945 147.608428955078 148.662048339844 149.303970336914 149.225250244141 70.4203872680664 39.7455749511719 74.8523330688477 117.460731506348 40.7005043029785 41.5923805236816 41.8977584838867 42.2499313354492 43.1479454040527 43.2970695495605 44.2732391357422 44.6374168395996 44.7527923583984 44.9178352355957 45.8562240600586 46.4816627502441 46.6433563232422 47.8028411865234 47.9968719482422 48.9196395874023 49.2481269836426 50.3720893859863 50.513256072998 50.7298812866211 51.6481132507324 51.8731803894043 52.82275390625 53.3432312011719 54.2644653320312 55.4286956787109 55.6452178955078 56.3388862609863 56.980110168457 57.8626174926758 58.3035888671875 58.5735664367676 59.5898132324219
140.224197387695 141.059555053711 142.151550292969 143.001113891602 144.086761474609 144.939361572266 146.017135620117 147.937271118164 148.239059448242 149.013275146484 148.73698425293 71.9457244873047 119.083503723145 119.075912475586 118.439125061035 73.1119995117188 40.4200592041016 40.9944152832031 118.135208129883 42.2086410522461 43.105842590332 43.2598609924316 44.2711753845215 44.5980796813965 44.7466697692871 45.4243354797363 46.0165061950684 46.5819091796875 47.2519073486328 47.7721176147461 -3.4e+38 48.8827972412109 49.1164932250977 50.3463897705078 50.5369453430176 51.2125663757324 51.6775741577148 52.3738441467285 53.0443801879883 53.8241844177246 54.250301361084 55.477237701416 56.1575813293457 56.6552734375 57.3513526916504 57.9728012084961 58.6160430908203 58.8196678161621 59.4182472229004
141.686264038086 142.786911010742 143.638214111328 144.732131958008 145.267211914062 145.81591796875 147.202438354492 149.132308959961 149.151077270508 118.318588256836 151.261932373047 151.830261230469 150.983749389648 71.5824203491211 39.8152122497559 40.1229248046875 40.2201690673828 40.4524612426758 41.658935546875 41.8185729980469 43.0227127075195 43.1635704040527 43.8447608947754 44.520435333252 44.6901969909668 45.5939750671387 45.7376098632812 46.2256813049316 47.4451179504395 48.2919006347656 48.6894302368164 48.8277778625488 49.0686645507812 50.2959213256836 50.5177192687988 51.435733795166 51.6660308837891 52.5964584350586 52.9579124450684 54.0660171508789 54.2815628051758 55.4927062988281 -3.4e+38 57.1616020202637 57.7309265136719 58.8395156860352 59.0481719970703 59.5744934082031 60.2943954467773
142.547866821289 143.092651367188 144.500228881836 145.04460144043 145.586975097656 146.672256469727 147.533813476562 149.253997802734 150.527862548828 150.7509765625 151.620941162109 150.484329223633 71.1788024902344 38.5116806030273 39.6778373718262 40.0770988464355 40.1716423034668 40.3170013427734 41.6163864135742 41.7684669494629 42.7712059020996 43.107982635498 43.5112228393555 44.2734527587891 44.6548156738281 45.5579948425293 45.7034530639648 46.1951675415039 47.4129638671875 48.0091361999512 48.6611442565918 48.8478317260742 49.5523796081543 50.2711029052734 -3.4e+38 51.4137573242188 51.6469764709473 52.587272644043 53.0275802612305 54.1096458435059 54.7923545837402 55.9697685241699 56.5074234008789 57.431266784668 57.7166938781738 58.8424873352051 59.6984062194824 60.1257591247559 60.9207763671875
142.621658325195 143.953521728516 144.583465576172 145.90217590332 145.504089355469 65.5467147827148 66.2677612304688 69.5446548461914 150.883010864258 149.95671081543 -3.4e+38 -3.4e+38 118.91178894043 38.6601943969727 39.624584197998 39.8182182312012 40.1271209716797 40.2761268615723 41.5741920471191 41.7240867614746 42.6349258422852 43.0537147521973 43.2186508178711 44.1376609802246 44.5827445983887 44.9984436035156 45.6695976257324 46.148624420166 47.1761093139648 47.7209854125977 48.6331367492676 48.8470840454102 49.7917900085449 50.297550201416 50.9758071899414 51.3920021057129 51.6281318664551 52.6370391845703 53.6078186035156 54.1289863586426 55.0522270202637 56.2346229553223 56.5007362365723 57.4910163879395 58.1767959594727 58.7049522399902 59.5187530517578 60.2792167663574 61.2773857116699
143.402191162109 144.256912231445 -3.4e+38 146.219024658203 146.01806640625 34.8427467346191 35.0063819885254 36.8585510253906 69.0509185791016 68.9333114624023 37.8238983154297 39.1947402954102 71.7936401367188 38.6970558166504 39.5844497680664 39.8946228027344 40.1085014343262 40.7688903808594 41.5323486328125 41.6851615905762 42.5958671569824 43.0144004821777 43.1822509765625 44.0867767333984 44.3222618103027 44.7110290527344 45.6360359191895 46.1099815368652 47.0433883666992 47.6935653686523 48.6053924560547 48.8222694396973 49.7673683166504 50.3017463684082 51.2192039489746 51.4459953308105 52.3142471313477 52.8387260437012 53.8626899719238 54.1163177490234 55.0396919250488 56.2251930236816 56.4941787719727 57.4571533203125 57.9716186523438 58.7322158813477 59.7864761352539 60.7541236877441 61.3259735107422
61.7361145019531 62.4453010559082 -3.4e+38 -3.4e+38 -3.4e+38 116.525688171387 34.8647766113281 36.1158332824707 36.4912109375 36.5924034118652 37.5643005371094 38.1334571838379 38.22998046875 38.6532211303711 39.5346450805664 39.7305793762207 40.0778350830078 40.9726600646973 120.574180603027 41.6465759277344 42.5571365356445 42.9754180908203 43.1461715698242 44.043083190918 44.1879692077637 44.6776275634766 45.6027603149414 46.0361442565918 46.4990615844727 47.6664047241211 48.5778961181641 48.7976913452148 49.7431678771973 -3.4e+38 51.196605682373 51.4675064086914 52.6764030456543 52.9248809814453 53.8472442626953 54.1037902832031 55.0272827148438 56.2158584594727 56.4877014160156 57.4403190612793 57.9163475036621 58.9975204467773 60.2326049804688 60.5650787353516 61.3311424255371
32.7492637634277 33.1009292602539 33.155632019043 -3.4e+38 -3.4e+38 67.2541275024414 116.754959106445 38.3332366943359 118.299026489258 36.5444412231445 37.4310760498047 38.0869331359863 38.1850433349609 38.6097602844238 39.4860153198242 39.5959281921387 40.0363731384277 40.9357604980469 77.2038421630859 41.608325958252 42.5050430297852 42.7309226989746 43.1104011535645 44.0065879821777 44.1532020568848 44.6445083618164 45.5697593688965 46.0275344848633 46.726448059082 47.6394920349121 48.5506324768066 48.7733268737793 49.7191581726074 50.2570610046387 51.1952323913574 51.6366004943848 52.6581344604492 52.9095344543457 53.8319206237793 54.0913734436035 55.0149574279785 56.2337074279785 56.7052001953125 57.7157325744629 58.5469627380371 59.3157272338867 60.4085273742676 60.9847717285156 61.5307807922363
32.1126747131348 32.8304977416992 33.1045303344727 33.2475433349609 35.4128112792969 120.174522399902 150.837020874023 121.520431518555 151.485046386719 36.6987457275391 37.578010559082 38.0407867431641 38.1312446594238 38.3562049865723 39.4417419433594 39.5532913208008 39.9952735900879 45.4919891357422 41.4426116943359 42.1020011901855 42.4599151611328 42.5973320007324 43.0749435424805 43.9703903198242 44.1187210083008 44.6116638183594 45.5370254516602 46.0200653076172 46.9540214538574 47.6128082275391 48.5235786437988 48.749153137207 49.6953239440918 50.2349662780762 51.1848983764648 51.71923828125 52.6993255615234 53.3850059509277 53.8166885375977 54.0790252685547 55.0935974121094 56.4361801147461 56.8268814086914 57.8637313842773 58.8356666564941 59.424747467041 60.4710578918457 61.4001159667969 61.6832542419434
31.8576908111572 32.7034378051758 33.0589027404785 35.0228500366211 119.707008361816 151.700103759766 152.78205871582 154.737686157227 151.288024902344 36.7349395751953 37.6114959716797 37.9950218200684 38.0824165344238 38.2252349853516 39.3978424072266 39.5110168457031 39.9545402526855 42.9773559570312 41.4193916320801 42.3067054748535 42.4214630126953 42.5605697631836 43.0397872924805 43.9344863891602 44.0845146179199 44.5953330993652 45.6927146911621 45.9906387329102 46.9247360229492 47.5863380432129 48.4967231750488 48.7251586914062 49.6716423034668 50.2130126953125 51.1634864807129 51.7012901306152 52.6548194885254 53.1478691101074 53.801513671875 54.0927238464355 55.264461517334 56.538143157959 56.8199234008789 57.8867149353027 59.0923080444336 59.8964309692383 60.4725341796875 61.4018821716309 61.7068023681641
31.8121242523193 32.6566429138184 33.0087928771973 33.8764801025391 68.3526153564453 152.315902709961 153.113372802734 69.7708587646484 69.1346435546875 36.6908111572266 37.5667114257812 41.7809257507324 124.32154083252 120.977493286133 39.354320526123 39.4691123962402 39.9141693115234 40.7938652038574 41.9118309020996 42.2675971984863 42.3984260559082 42.7672882080078 43.5265808105469 43.898868560791 44.0667572021484 44.7598304748535 45.7533187866211 45.9614639282227 46.8956871032715 47.5600662231445 48.470043182373 48.7013282775879 49.6480941772461 50.1911735534668 51.2009696960449 52.1758613586426 52.6039810180664 52.8640289306641 53.7863616943359 54.0955276489258 55.3249320983887 56.5283050537109 56.8128814697266 57.8984794616699 59.2422676086426 60.1723861694336 60.4738464355469 61.4804534912109 62.1764526367188
31.7669677734375 32.6102409362793 32.9596633911133 33.0427017211914 37.4553985595703 153.394271850586 153.966125488281 36.0736198425293 36.2378921508789 36.6470756530762 37.5223197937012 43.67919921875 157.236190795898 73.9868927001953 39.3111724853516 39.4598503112793 40.4100570678711 40.7528076171875 42.1142044067383 42.2288208007812 42.3683547973633 42.8464241027832 43.7383575439453 43.8796424865723 44.2752532958984 45.3342666625977 45.7215309143066 45.9325332641602 46.8668556213379 48.0372428894043 48.4981689453125 49.1989631652832 49.8212738037109 50.1918601989746 51.4018936157227 52.4230842590332 52.586051940918 52.848934173584 53.7973289489746 54.278018951416 55.3121109008789 56.5885429382324 57.2815322875977 57.8938217163086 59.2403945922852 60.1707458496094 60.4749374389648 61.5292434692383 62.4592628479004
31.5048980712891 32.5642509460449 32.9125709533691 32.9827117919922 37.1699447631836 153.733139038086 152.066864013672 35.904468536377 35.9931144714355 36.3691444396973 36.9195442199707 39.4528884887695 72.9431991577148 38.8766746520996 39.2684135437012 39.3883056640625 45.2327995300293 122.405342102051 42.0748100280762 42.2048187255859 42.5345191955566 43.0147094726562 43.906379699707 44.0411033630371 44.3578720092773 45.553840637207 45.689998626709 45.9038352966309 46.8382339477539 48.268669128418 48.501895904541 49.4475479125977 49.9591903686523 50.6768569946289 51.4841384887695 52.403995513916 52.5681343078613 52.8338279724121 53.7972373962402 54.3740463256836 55.2991943359375 56.6202163696289 57.5476303100586 57.8889656066895 59.163330078125 59.6995849609375 60.4757499694824 61.5317687988281 62.4620094299316
31.3415565490723 32.4735107421875 35.5151672363281 118.305946350098 69.4893417358398 153.598999023438 118.471839904785 35.423526763916 36.1007843017578 40.8040962219238 120.767379760742 37.4802627563477 37.8635597229004 38.0241813659668 39.1840667724609 39.2853050231934 39.4640083312988 40.6318283081055 41.2536277770996 42.4118957519531 42.5581207275391 43.0427513122559 43.9340400695801 44.1146125793457 44.8417205810547 45.4894676208496 45.6276588439941 45.8470993041992 46.7815704345703 48.2142143249512 48.3950347900391 48.9036064147949 49.8966255187988 50.5057411193848 51.3494148254395 51.6124382019043 52.5322189331055 52.8300743103027 53.9598808288574 54.3479118347168 55.3434638977051 56.6320762634277 57.7688522338867 58.1810722351074 59.1112060546875 59.4196624755859 60.476318359375 61.4551315307617 62.0042572021484
31.2995834350586 32.4219169616699 33.6500511169434 67.6245193481445 122.155868530273 152.120559692383 70.8288497924805 35.6774673461914 36.050666809082 38.1348876953125 71.5026626586914 37.4382476806641 37.8210029602051 37.9851493835449 39.1424903869629 39.2445907592773 39.4268074035645 40.606616973877 41.9279708862305 42.3752174377441 42.5683174133301 43.5253677368164 43.8997459411621 44.1078224182129 45.070499420166 45.4576644897461 45.6496315002441 46.3438873291016 46.9485206604004 48.1871795654297 48.3387565612793 48.6200942993164 49.8517189025879 50.3104057312012 51.3288955688477 51.5946578979492 52.540584564209 53.0217399597168 54.1203536987305 54.8137359619141 55.3716201782227 56.8322105407715 57.8718147277832 58.1763725280762 59.1065788269043 59.4498291015625 60.6978378295898 61.7101860046387 62.410888671875
31.2580528259277 32.3743057250977 35.6354026794434 122.093368530273 155.149856567383 155.366241455078 120.419052124023 35.0860824584961 36.0024604797363 36.1011238098145 36.5219802856445 37.3966522216797 37.7788619995117 37.9465293884277 39.1013298034668 39.2580490112305 40.1174774169922 40.5597534179688 41.6969871520996 42.3389091491699 42.5567932128906 43.7358207702637 43.8657646179199 44.1010704040527 45.2877578735352 45.4261016845703 45.6471939086914 46.5796318054199 47.0188751220703 48.1602516174316 48.3363342285156 48.8138999938965 50.0308609008789 50.3917388916016 51.308349609375 51.6030387878418 52.7962799072266 53.5939559936523 54.1443862915039 55.0689697265625 55.388858795166 56.9645462036133 58.0840644836426 58.3916320800781 59.4008674621582 60.1212196350098 60.8293762207031 61.8934593200684 62.8258323669434
31.2169761657715 32.3296699523926 37.1423492431641 151.156585693359 70.6808090209961 157.130126953125 151.55158996582 35.3713111877441 35.9590950012207 36.0592002868652 36.4814682006836 37.3554840087891 37.7371520996094 37.9083213806152 39.0605812072754 39.2589569091797 40.6054229736328 40.7169036865234 41.4214744567871 42.3029747009277 42.5243263244629 43.7012176513672 43.901554107666 44.7749824523926 45.255500793457 45.3947830200195 45.6399040222168 46.744571685791 46.9899787902832 48.1334228515625 48.4083442687988 49.5870018005371 50.1088485717773 50.3715591430664 51.3799438476562 52.2748222351074 52.8533325195312 53.3636131286621 54.1296157836914 55.0539588928223 55.3939476013184 57.1631965637207 58.2807922363281 58.9831314086914 59.5733337402344 60.5058898925781 60.8274803161621 61.8931045532227 62.8612861633301
34.4624137878418 117.047988891602 37.4776420593262 150.540908813477 34.3563461303711 67.8885498046875 67.3233489990234 40.5628700256348 121.405303955078 36.0177230834961 36.4059066772461 36.7659339904785 37.4954566955566 37.8165855407715 38.2927474975586 39.1569671630859 39.7326583862305 40.5836372375488 41.3869132995605 42.2674179077148 42.4922103881836 43.6669502258301 43.9042091369629 45.0851516723633 45.2234992980957 45.4399604797363 46.317512512207 46.813060760498 46.9612312316895 48.1302833557129 48.6201515197754 49.9235382080078 50.1507530212402 50.8379249572754 51.3444213867188 52.1416282653809 52.7965316772461 53.0798492431641 54.1146011352539 55.0684127807617 55.6043357849121 57.2636070251465 58.318187713623 59.2503204345703 59.5682945251465 60.5008277893066 60.8249549865723 61.9277153015137 63.0771865844727
35.9487800598145 147.956893920898 33.7922821044922 64.9018402099609 32.9573860168457 33.8731880187988 34.247142791748 42.875171661377 156.030685424805 35.9767036437988 36.4001235961914 37.2416648864746 37.5691452026367 37.8089218139648 38.6612663269043 39.0858192443848 39.2978363037109 40.6487007141113 41.3527526855469 42.2322425842285 42.4102325439453 43.1231575012207 43.8210372924805 44.5466079711914 45.1917572021484 45.4495048522949 46.6361770629883 46.7835655212402 46.9326248168945 48.3307571411133 48.8880043029785 49.899715423584 50.1642112731934 51.1049499511719 51.4769401550293 51.8580169677734 52.8480491638184 53.5415573120117 54.0993156433105 55.0998916625977 55.9076461791992 57.7237243652344 58.3101272583008 59.2421379089355 59.5626564025879 60.4951171875 60.8572692871094 62.1776237487793 63.4161987304688
