rcp8.5models/GFDL_CM3/sc1gr7.9
NCOLS 261 
NROWS 433 
XLLCORNER 336357.134 
YLLCORNER 654653.479 
CELLSIZE 1000 
NODATA_value -3.4e+38 
[rows 198 to 219 of 433, columns 49 to 97 of 261]
109.501365661621 109.446739196777 109.379608154297 109.26097869873 109.051559448242 109.068733215332 109.072341918945 109.094573974609 109.148422241211 109.085403442383 108.962661743164 109.157836914062 109.06022644043 109.06453704834 109.203262329102 109.252967834473 109.521209716797 109.677268981934 109.807594299316 109.934623718262 110.23371887207 110.423515319824 110.503105163574 110.710563659668 110.866172790527 111.2021484375 111.429222106934 111.860206604004 112.335311889648 112.670471191406 113.120040893555 113.616035461426 114.168350219727 114.432510375977 114.731338500977 115.170219421387 115.634376525879 116.011276245117 116.622314453125 117.158264160156 117.623184204102 118.608581542969 119.03742980957 119.659820556641 120.318450927734 121.058921813965 121.69367980957 122.199043273926 122.782295227051
108.865768432617 108.590026855469 108.454895019531 108.42741394043 108.491355895996 108.529838562012 108.354057312012 108.642875671387 108.443740844727 108.407920837402 108.312026977539 108.458976745605 108.589042663574 108.62068939209 108.791633605957 108.906173706055 108.880950927734 109.135383605957 109.307167053223 109.485832214355 109.779518127441 109.954948425293 109.966270446777 110.265968322754 110.335968017578 110.717887878418 110.96085357666 111.376518249512 111.806732177734 112.393859863281 112.820518493652 113.351318359375 113.724830627441 113.935241699219 114.429840087891 114.932373046875 115.223609924316 115.662132263184 116.228561401367 116.844779968262 117.355506896973 118.32763671875 118.71671295166 119.290283203125 120.096244812012 120.806243896484 121.449440002441 122.139717102051 122.686294555664
108.097145080566 107.913429260254 107.853759765625 107.890045166016 107.910514831543 107.904167175293 107.771934509277 107.913955688477 107.725128173828 107.702491760254 107.910034179688 107.860496520996 107.894638061523 107.94295501709 108.181289672852 108.192481994629 108.166625976562 108.543174743652 108.796020507812 109.014083862305 109.293411254883 109.494697570801 109.664894104004 109.766876220703 109.886581420898 110.312568664551 110.72534942627 110.930320739746 111.259628295898 111.939086914062 112.403343200684 112.821296691895 113.190368652344 113.529029846191 114.026466369629 114.594299316406 114.872871398926 115.306785583496 115.889579772949 116.500373840332 117.021575927734 117.876358032227 118.423126220703 119.076835632324 119.709335327148 120.380447387695 121.234039306641 122.055458068848 122.632553100586
107.423767089844 107.407470703125 107.364784240723 107.418518066406 107.244140625 107.054458618164 107.136383056641 107.173469543457 107.082717895508 107.023094177246 107.232025146484 107.328544616699 107.240386962891 107.397247314453 107.564750671387 107.640830993652 107.912452697754 107.983184814453 108.26488494873 108.531311035156 108.671318054199 108.911926269531 109.09871673584 109.200035095215 109.492095947266 109.87068939209 110.216873168945 110.557876586914 110.86116027832 111.529685974121 111.995307922363 112.308364868164 112.718391418457 113.002494812012 113.595703125 114.101043701172 114.565948486328 114.945526123047 115.625129699707 116.15763092041 116.654335021973 117.563514709473 118.191329956055 118.746063232422 119.46435546875 119.994178771973 121.003479003906 121.712348937988 122.328224182129
106.82731628418 106.661880493164 106.578758239746 106.68000793457 106.608139038086 106.399772644043 106.307487487793 106.571174621582 106.524711608887 106.621612548828 106.723724365234 106.641052246094 106.63419342041 106.684532165527 106.878341674805 107.005584716797 107.183082580566 107.319496154785 107.663955688477 107.919189453125 108.045524597168 108.237907409668 108.455856323242 108.741271972656 109.106384277344 109.367851257324 109.65225982666 109.998901367188 110.410369873047 111.250328063965 111.551414489746 111.807952880859 112.204956054688 112.496353149414 113.150535583496 113.631202697754 114.217918395996 114.653457641602 115.252540588379 115.903694152832 116.41658782959 117.377182006836 117.815437316895 118.40047454834 119.069786071777 119.680458068848 120.602241516113 121.326042175293 121.912307739258
106.213996887207 105.991661071777 105.844673156738 105.916389465332 105.890762329102 105.812973022461 105.735412597656 105.806800842285 105.76432800293 105.849868774414 106.08349609375 105.91877746582 106.096481323242 106.181655883789 106.139587402344 106.428665161133 106.634407043457 106.816368103027 107.273246765137 107.37818145752 107.583084106445 107.71662902832 108.074279785156 108.344093322754 -3.4e+38 108.944763183594 109.290916442871 109.450820922852 109.839454650879 110.790153503418 111.095359802246 111.404724121094 111.816673278809 112.27880859375 112.731620788574 113.102752685547 -3.4e+38 114.286766052246 114.932716369629 115.529243469238 116.042121887207 116.978813171387 117.435585021973 118.12671661377 118.733070373535 119.389350891113 120.066741943359 120.896263122559 121.505416870117
105.466842651367 105.369995117188 105.197341918945 105.271766662598 105.185493469238 105.172317504883 105.110534667969 105.208000183105 105.120674133301 105.222114562988 105.382545471191 105.444816589355 105.538925170898 105.729690551758 105.576286315918 105.965545654297 106.156280517578 106.298217773438 106.585922241211 106.825965881348 107.094047546387 107.167831420898 107.564308166504 107.782180786133 108.097663879395 108.391532897949 108.675666809082 108.971199035645 109.378684997559 110.254432678223 110.554740905762 110.995933532715 111.42512512207 111.868751525879 112.211059570312 112.735374450684 113.223625183105 113.724555969238 114.386856079102 114.906372070312 115.666015625 116.700210571289 117.186462402344 117.940811157227 118.532501220703 119.10620880127 119.727203369141 120.488204956055 121.233497619629
105.012756347656 104.828819274902 104.666435241699 104.545265197754 104.495552062988 104.504806518555 104.602027893066 104.633262634277 104.645034790039 104.704200744629 104.697746276855 104.870796203613 104.978912353516 105.121704101562 105.107620239258 105.390785217285 105.541389465332 105.636772155762 105.964385986328 106.232368469238 106.601280212402 106.765319824219 107.134712219238 107.339797973633 107.642143249512 107.885818481445 108.17830657959 108.504402160645 108.849273681641 109.726951599121 109.952209472656 110.414474487305 110.953842163086 111.297721862793 111.851661682129 112.381553649902 112.824272155762 113.299049377441 113.783554077148 114.415542602539 115.26123046875 116.350746154785 116.84888458252 117.540550231934 118.109588623047 118.924171447754 119.593238830566 120.151519775391 120.861381530762
-3.4e+38 104.22216796875 104.048187255859 103.927864074707 103.900260925293 103.867706298828 103.94702911377 104.084701538086 104.05103302002 104.087928771973 104.080513000488 104.203948974609 104.389122009277 104.514808654785 104.613349914551 104.786552429199 104.85961151123 105.124465942383 105.486572265625 105.769714355469 106.054428100586 106.211128234863 106.593307495117 106.872840881348 107.172874450684 107.439025878906 107.66658782959 107.952728271484 108.38924407959 109.158309936523 109.460311889648 109.973991394043 110.396865844727 110.837341308594 111.428840637207 111.94962310791 112.408721923828 113.078071594238 113.557334899902 114.2353515625 114.867240905762 115.875328063965 116.454933166504 117.119758605957 117.749664306641 118.734886169434 119.400123596191 119.874717712402 120.570404052734
103.690017700195 103.520118713379 103.473167419434 103.495063781738 103.365081787109 103.282348632812 103.311576843262 103.475921630859 103.371795654297 103.536796569824 103.614570617676 103.799217224121 103.791290283203 103.991348266602 104.112152099609 104.312782287598 104.364585876465 104.441024780273 104.901733398438 105.128944396973 105.311569213867 105.633506774902 105.986869812012 106.384223937988 106.579963684082 106.787437438965 107.127708435059 107.517555236816 107.925819396973 108.648971557617 109.150810241699 109.560478210449 109.884887695312 110.312591552734 110.875549316406 111.416984558105 111.99658203125 112.595809936523 113.139831542969 113.817184448242 114.41170501709 115.491455078125 116.079040527344 116.871269226074 -3.4e+38 118.443969726562 119.247116088867 119.548286437988 120.304374694824
101.965423583984 101.9228515625 101.953018188477 101.954696655273 101.953903198242 102.106140136719 101.977188110352 101.93505859375 102.144386291504 102.227012634277 102.298896789551 102.406051635742 102.619682312012 102.51782989502 102.605194091797 102.893310546875 103.02611541748 103.289863586426 103.769401550293 -3.4e+38 -3.4e+38 104.600189208984 104.852416992188 105.178810119629 105.321983337402 105.71174621582 106.19563293457 106.486968994141 106.807250976562 107.595726013184 108.146293640137 108.518394470215 108.853820800781 109.43302154541 109.867378234863 110.574981689453 110.966659545898 111.562629699707 112.190528869629 112.888717651367 113.53392791748 114.640197753906 115.385986328125 116.102256774902 116.894989013672 117.737648010254 119.252410888672 120.767616271973 119.876251220703
101.266487121582 101.212562561035 101.150108337402 101.211334228516 101.307250976562 101.248970031738 101.198600769043 101.198127746582 101.37239074707 101.483245849609 101.572082519531 101.73819732666 101.800224304199 101.900810241699 101.981536865234 102.304847717285 102.470367431641 102.664154052734 103.144882202148 -3.4e+38 103.694511413574 -3.4e+38 104.219062805176 -3.4e+38 104.908248901367 105.169143676758 105.624404907227 105.957054138184 106.333976745605 107.233795166016 107.695541381836 108.023078918457 108.393760681152 108.895172119141 109.362457275391 109.873428344727 -3.4e+38 111.139533996582 111.782272338867 112.243934631348 112.947074890137 114.158187866211 115.013290405273 115.664764404297 116.598648071289 118.855773925781 -3.4e+38 119.35546875 119.491302490234
100.536094665527 100.400024414062 100.381729125977 100.474975585938 100.406349182129 100.337844848633 -3.4e+38 100.520164489746 100.591125488281 100.766151428223 100.818809509277 100.878356933594 101.049354553223 101.206939697266 101.402847290039 101.700035095215 101.925178527832 102.162689208984 102.521087646484 -3.4e+38 -3.4e+38 -3.4e+38 -3.4e+38 103.984397888184 104.313888549805 104.687889099121 105.045593261719 105.410057067871 105.804183959961 106.694046020508 107.02855682373 107.449394226074 107.928802490234 108.325256347656 108.900749206543 109.286460876465 109.952301025391 110.660629272461 111.291000366211 111.835014343262 112.582572937012 113.745597839355 114.456886291504 115.099540710449 116.007820129395 119.327194213867 123.96312713623 118.291030883789 119.042785644531
99.8676681518555 99.7285614013672 99.6395263671875 99.6491394042969 99.5361099243164 99.576416015625 99.6111831665039 99.7989501953125 99.8351593017578 99.9174118041992 99.9555587768555 100.119415283203 100.351280212402 100.459159851074 100.79052734375 -3.4e+38 101.146629333496 101.409698486328 101.792366027832 102.056579589844 102.424217224121 102.642448425293 103.044525146484 103.539657592773 103.725242614746 104.056541442871 104.454429626465 104.750328063965 105.152069091797 105.992347717285 106.518203735352 106.885803222656 107.31697845459 107.68342590332 108.452796936035 108.941680908203 109.469268798828 109.935905456543 110.673263549805 111.375160217285 112.001426696777 113.350646972656 113.948860168457 114.732513427734 115.554122924805 -3.4e+38 121.79288482666 117.888236999512 118.637184143066
99.1325073242188 99.0096817016602 98.8368835449219 98.7403793334961 98.7127838134766 98.7009582519531 98.7543334960938 99.0781478881836 99.0909118652344 99.1906814575195 99.3713836669922 99.4194030761719 99.6314315795898 99.9344711303711 100.156761169434 100.382911682129 100.64958190918 100.74031829834 101.270301818848 101.584457397461 101.768157958984 102.063514709473 102.523330688477 102.815498352051 103.121612548828 103.516540527344 103.869445800781 104.266151428223 104.559028625488 105.435531616211 105.973518371582 106.459403991699 106.90259552002 107.353721618652 107.990882873535 108.553276062012 -3.4e+38 -3.4e+38 110.147758483887 110.811988830566 111.545944213867 113.025115966797 113.65389251709 114.409614562988 115.137046813965 116.693641662598 118.421501159668 117.483360290527 118.215965270996
98.0984191894531 98.0311431884766 98.0369644165039 97.9442596435547 97.8829116821289 97.8183364868164 97.9872970581055 98.122184753418 98.3220520019531 98.4891891479492 98.627815246582 98.729866027832 98.9514541625977 99.1338806152344 99.4129028320312 99.7456741333008 99.9995269775391 100.170013427734 100.775444030762 101.019226074219 101.200927734375 101.590286254883 101.912948608398 102.118644714355 102.620140075684 102.976959228516 103.36304473877 103.719619750977 104.139236450195 104.974319458008 105.32186126709 105.920654296875 106.48265838623 106.90364074707 107.435432434082 107.951873779297 108.495132446289 109.097946166992 109.748947143555 110.345901489258 111.138679504395 112.44970703125 113.177055358887 113.988456726074 114.670417785645 115.71501159668 116.474105834961 116.967590332031 117.702293395996
97.1810607910156 96.9736404418945 96.88720703125 96.84228515625 96.9236373901367 96.9902191162109 97.0573501586914 97.4699859619141 97.625 97.6814956665039 97.7271347045898 97.8800506591797 98.1345748901367 98.4443130493164 98.6710891723633 99.100715637207 99.2400207519531 99.479866027832 100.053077697754 100.350440979004 100.556510925293 100.956611633301 101.35684967041 101.635688781738 102.056991577148 102.451805114746 102.734283447266 103.109130859375 103.696144104004 104.516716003418 104.83666229248 105.401962280273 106.006088256836 106.373878479004 106.918983459473 107.490715026855 -3.4e+38 108.508972167969 109.14525604248 109.881889343262 110.54988861084 111.822784423828 112.623657226562 113.540817260742 114.271202087402 114.904853820801 115.554756164551 116.470565795898 117.385009765625
95.9940032958984 95.786506652832 95.8654708862305 95.9540481567383 96.153694152832 96.1281356811523 96.1634292602539 96.684196472168 96.7893829345703 96.9315032958984 97.053581237793 97.1245346069336 97.3287734985352 97.7153472900391 98.1081314086914 98.3861541748047 98.5565414428711 98.9126586914062 99.4807891845703 99.7798233032227 100.149879455566 100.471389770508 100.860488891602 101.074768066406 101.350219726562 101.807472229004 102.212738037109 102.581398010254 103.070281982422 104.01025390625 104.324745178223 104.795753479004 105.380577087402 105.912414550781 106.35880279541 106.86213684082 107.463516235352 107.930671691895 108.592262268066 109.311279296875 109.992935180664 111.397811889648 112.090576171875 112.864151000977 113.71656036377 -3.4e+38 115.237129211426 116.171966552734 116.964538574219
95.0662460327148 95.005012512207 95.102653503418 95.2354583740234 95.263671875 95.1412658691406 95.365104675293 95.7785797119141 95.8382949829102 96.1013717651367 96.270866394043 96.4824905395508 96.809814453125 97.056266784668 97.4639739990234 97.7021942138672 97.8565826416016 98.1692199707031 98.8299179077148 99.1121368408203 99.4605102539062 99.7885513305664 100.114311218262 100.461090087891 100.807350158691 101.213829040527 101.575622558594 102.013374328613 102.553703308105 103.308799743652 103.849617004395 104.273056030273 104.809860229492 105.342819213867 105.75749206543 106.326927185059 -3.4e+38 107.490745544434 108.185005187988 108.765663146973 109.521453857422 110.793426513672 111.626983642578 112.316017150879 112.957092285156 113.85555267334 114.717277526855 115.622917175293 116.471290588379
94.0689315795898 94.0325546264648 94.1986236572266 94.19091796875 94.2680892944336 94.3226165771484 94.4915161132812 94.9239730834961 95.0035552978516 95.3578643798828 95.577522277832 95.7190704345703 96.0959701538086 96.4648971557617 96.8138885498047 97.0779571533203 97.2030639648438 97.606819152832 98.2533798217773 98.5955200195312 98.8044891357422 99.0894165039062 99.4554138183594 99.8339462280273 100.311569213867 100.675971984863 100.933227539062 101.363464355469 101.955596923828 102.779342651367 103.258277893066 103.769508361816 104.25602722168 104.73876953125 105.31330871582 105.989723205566 106.511512756348 107.084045410156 107.673851013184 108.282760620117 109.14574432373 110.39395904541 111.169609069824 111.934661865234 112.667205810547 113.374168395996 114.144752502441 115.039710998535 116.004302978516
93.1910400390625 93.1812286376953 93.2395172119141 93.3754806518555 93.4859619140625 93.5999984741211 93.6179046630859 94.0917739868164 94.285026550293 94.6055526733398 94.9330215454102 95.132698059082 95.3657913208008 95.7523345947266 96.0089492797852 96.2877197265625 96.5581741333008 96.9294281005859 97.5788345336914 98.0422515869141 98.2492523193359 98.5498733520508 98.9849395751953 99.3566513061523 99.7704925537109 100.068405151367 100.382537841797 100.77596282959 101.220527648926 102.120903015137 102.514549255371 103.173728942871 103.595321655273 104.09447479248 104.73250579834 105.443855285645 106.084159851074 106.720108032227 107.245811462402 107.857330322266 108.612098693848 110.085342407227 110.732330322266 111.541725158691 112.297286987305 112.926071166992 113.80638885498 114.643203735352 115.626419067383
92.2213592529297 92.372184753418 92.4403991699219 92.4703979492188 92.7106246948242 92.837272644043 92.8909606933594 93.4167785644531 93.6937484741211 94.009880065918 94.2773208618164 94.5212554931641 94.7926254272461 94.9675750732422 95.2924118041992 95.6572341918945 95.8871994018555 96.2990570068359 96.8978271484375 97.3751373291016 97.6457595825195 97.9862899780273 -3.4e+38 98.8522338867188 99.1420822143555 99.4425582885742 99.7737655639648 100.205429077148 100.632659912109 101.509773254395 101.98184967041 102.568809509277 103.00853729248 103.535049438477 104.17081451416 104.875617980957 105.530586242676 106.269454956055 106.777198791504 107.347778320312 108.026870727539 109.542274475098 110.35572052002 111.252342224121 111.817237854004 112.345848083496 113.29801940918 114.20792388916 115.169921875
