rcp8.5models/GFDL_CM3/sc1gr5.34
NCOLS 261 
NROWS 433 
XLLCORNER 336357.134 
YLLCORNER 654653.479 
CELLSIZE 1000 
NODATA_value -3.4e+38 
[rows 264 to 285 of 433, columns 147 to 195 of 261]
288.827972412109 297.747253417969 293.464538574219 286.934448242188 285.134735107422 291.439575195312 301.313659667969 304.442779541016 305.278778076172 307.921508789062 309.696197509766 310.829559326172 311.16552734375 311.250061035156 311.220794677734 310.711212158203 310.275177001953 310.393157958984 310.128631591797 309.710235595703 309.623413085938 310.497894287109 309.343017578125 -3.4e+38 -3.4e+38 -3.4e+38 309.206207275391 308.935882568359 308.58935546875 308.015563964844 307.369567871094 307.159118652344 307.970184326172 308.772430419922 308.421203613281 308.673889160156 309.401672363281 310.056762695312 307.889343261719 305.394744873047 309.685363769531 310.088806152344 310.248504638672 310.730590820312 311.449340820312 311.242828369141 310.706634521484 310.296539306641 309.818511962891
293.564575195312 295.847442626953 286.154754638672 276.216339111328 275.588592529297 284.437530517578 293.473052978516 300.700927734375 304.200927734375 306.159515380859 308.557312011719 310.482086181641 310.923583984375 311.0830078125 310.872772216797 310.220703125 310.110687255859 310.514404296875 309.991577148438 309.330261230469 309.743896484375 310.124481201172 309.623107910156 309.813507080078 -3.4e+38 309.425872802734 309.2509765625 308.902740478516 308.371185302734 307.684509277344 306.93701171875 307.179046630859 307.676605224609 308.516052246094 308.606414794922 308.779327392578 309.504943847656 308.401031494141 301.251373291016 298.19970703125 307.334259033203 310.253295898438 310.611480712891 311.120758056641 311.465911865234 311.653778076172 310.969482421875 310.343780517578 309.845092773438
291.368469238281 282.167877197266 271.277099609375 263.248352050781 261.913543701172 273.852264404297 283.0400390625 294.752197265625 302.592407226562 305.008422851562 305.924560546875 310.664001464844 310.858459472656 310.875457763672 310.593536376953 310.510589599609 310.850189208984 310.669738769531 310.628814697266 310.668243408203 310.350982666016 309.82080078125 309.399444580078 309.304168701172 -3.4e+38 309.252166748047 308.567108154297 308.088195800781 307.655944824219 307.629302978516 307.414855957031 306.815643310547 307.068389892578 308.852600097656 309.168334960938 309.243743896484 308.863006591797 309.332916259766 305.668884277344 295.75341796875 297.419494628906 307.112579345703 309.625732421875 309.136016845703 310.358795166016 311.293762207031 310.713836669922 310.281646728516 310.347076416016
286.380706787109 281.097869873047 267.984008789062 256.869018554688 252.313079833984 263.364562988281 272.979278564453 287.458465576172 296.536651611328 302.1279296875 304.595153808594 310.512603759766 310.699554443359 310.786010742188 310.787933349609 310.826812744141 310.699249267578 310.486541748047 310.530853271484 310.303466796875 310.2998046875 309.639617919922 308.957244873047 308.857696533203 309.61767578125 -3.4e+38 308.489013671875 308.167694091797 307.913604736328 307.946044921875 307.264770507812 306.853942871094 307.039672851562 308.316375732422 308.682281494141 309.0908203125 308.568878173828 308.89404296875 305.863189697266 295.050903320312 293.703033447266 304.646759033203 309.271697998047 309.098266601562 310.528442382812 311.016571044922 310.374450683594 309.083038330078 309.98828125
275.631622314453 271.715576171875 265.611358642578 253.630264282227 249.074462890625 256.940307617188 262.647796630859 275.737762451172 286.277923583984 296.243865966797 303.473510742188 310.108673095703 310.534423828125 -3.4e+38 310.906005859375 310.699523925781 308.865905761719 307.138092041016 310.0703125 309.695922851562 309.290374755859 308.722961425781 308.635681152344 308.719390869141 309.272369384766 -3.4e+38 308.871765136719 308.707153320312 308.307006835938 308.259460449219 307.529388427734 306.965972900391 307.129943847656 308.213500976562 308.699615478516 308.916015625 308.560241699219 308.943908691406 307.699768066406 302.100830078125 300.937805175781 306.177459716797 309.123809814453 309.975036621094 310.363739013672 310.812164306641 310.272552490234 309.162292480469 310.116790771484
262.491485595703 252.523178100586 255.235595703125 254.85368347168 257.865325927734 261.141082763672 261.2607421875 265.109436035156 276.320098876953 292.022705078125 301.913208007812 309.744567871094 310.462432861328 310.822113037109 310.72802734375 309.954986572266 307.141937255859 305.903015136719 309.905517578125 309.512664794922 308.039520263672 308.213958740234 308.580993652344 308.825897216797 309.363616943359 309.441650390625 309.137176513672 308.002136230469 306.920715332031 307.852478027344 307.870513916016 307.082550048828 307.077819824219 308.219116210938 308.383514404297 308.436431884766 308.283966064453 308.551208496094 308.920532226562 308.423248291016 308.116149902344 307.892669677734 308.827575683594 309.511932373047 309.548919677734 310.578033447266 309.686431884766 309.832183837891 310.373748779297
248.235046386719 239.520416259766 246.064666748047 260.091918945312 266.966186523438 271.112274169922 271.255889892578 267.065093994141 271.4736328125 287.371856689453 299.170684814453 309.539581298828 310.082641601562 310.695922851562 310.695434570312 309.990936279297 308.369079589844 308.291564941406 309.710296630859 309.352996826172 308.15234375 308.477264404297 308.848266601562 308.924896240234 309.043579101562 309.214660644531 309.047698974609 307.425628662109 306.250549316406 306.932434082031 307.564239501953 306.932373046875 307.115692138672 307.496368408203 307.684509277344 308.024475097656 307.952514648438 308.143707275391 308.823364257812 308.91796875 307.955535888672 307.178466796875 307.799957275391 308.828826904297 309.324401855469 309.946380615234 308.943420410156 309.587615966797 310.553466796875
239.680725097656 240.226348876953 247.145629882812 265.813049316406 270.508941650391 278.344512939453 281.299438476562 279.070861816406 279.355102539062 288.879302978516 300.996612548828 309.101470947266 309.831787109375 310.57568359375 -3.4e+38 310.358856201172 308.753265380859 307.019012451172 309.434722900391 309.228881835938 308.960723876953 309.155029296875 309.227233886719 309.067108154297 308.722930908203 309.111358642578 309.063018798828 308.502868652344 307.814758300781 306.869903564453 306.932647705078 306.798034667969 307.082244873047 307.133148193359 307.109649658203 307.621734619141 308.109680175781 308.461181640625 308.763763427734 308.568603515625 307.519836425781 307.045745849609 307.687866210938 308.962249755859 309.388763427734 309.279571533203 308.970581054688 309.786926269531 310.804565429688
246.64030456543 253.173767089844 260.160461425781 271.790405273438 274.269134521484 281.697814941406 285.938659667969 287.083038330078 290.387390136719 297.175415039062 304.588043212891 308.506378173828 310.04931640625 310.476776123047 310.502166748047 310.415252685547 308.324096679688 306.113189697266 309.708740234375 309.614074707031 309.587493896484 309.875610351562 309.687103271484 309.360656738281 308.812744140625 308.914337158203 308.941131591797 309.049713134766 308.714782714844 307.953430175781 307.584686279297 307.270294189453 307.323303222656 307.179260253906 306.600708007812 307.39892578125 308.164093017578 308.4423828125 308.721313476562 308.407409667969 307.425506591797 307.092132568359 307.407409667969 308.268402099609 308.460083007812 308.732269287109 309.215423583984 310.07421875 310.209411621094
259.181121826172 265.333557128906 272.846405029297 277.5341796875 279.000457763672 282.769012451172 286.58544921875 288.341949462891 295.144836425781 302.436553955078 306.646667480469 309.294708251953 310.249786376953 310.438751220703 310.510864257812 310.412414550781 309.391754150391 -3.4e+38 -3.4e+38 -3.4e+38 -3.4e+38 310.042205810547 309.827026367188 309.448852539062 308.639251708984 308.369567871094 308.576141357422 308.271087646484 308.321868896484 308.426788330078 308.593322753906 308.130310058594 307.711608886719 306.85302734375 306.198150634766 306.706085205078 307.260040283203 307.626403808594 308.409820556641 308.405242919922 307.387878417969 305.840179443359 303.296081542969 303.049530029297 306.590881347656 307.916870117188 308.807708740234 309.749542236328 309.131256103516
267.031158447266 271.971405029297 277.673065185547 280.396240234375 280.500030517578 280.633026123047 282.113861083984 287.038208007812 298.595947265625 305.561279296875 308.369018554688 310.007354736328 310.146667480469 310.246765136719 310.238708496094 310.150573730469 309.9736328125 309.575073242188 309.700744628906 310.248046875 309.782531738281 309.449462890625 309.644104003906 309.317169189453 308.634979248047 308.056091308594 308.080596923828 307.611999511719 307.251831054688 307.506134033203 308.233489990234 308.351531982422 307.922210693359 306.405059814453 305.298980712891 305.836059570312 306.399322509766 307.24365234375 308.237579345703 308.282592773438 307.22802734375 305.123321533203 301.096130371094 301.374053955078 305.450927734375 307.676055908203 308.659149169922 308.761291503906 308.175537109375
264.094909667969 270.927276611328 274.043518066406 279.254425048828 280.803283691406 277.877075195312 276.395904541016 285.65576171875 298.977722167969 305.395721435547 307.657928466797 309.403594970703 309.415710449219 309.841888427734 310.093414306641 310.139404296875 309.961578369141 309.328979492188 308.621612548828 308.960876464844 308.762969970703 308.378234863281 309.258392333984 309.072052001953 308.580230712891 307.796722412109 307.529754638672 307.636108398438 307.251647949219 307.086486816406 307.265167236328 307.851837158203 307.985321044922 306.387237548828 305.075592041016 305.820220947266 306.657440185547 307.310516357422 307.848907470703 307.77392578125 307.506652832031 305.611999511719 302.745819091797 303.722045898438 306.121948242188 308.425842285156 308.829650878906 308.203369140625 308.544128417969
253.786758422852 261.173828125 267.041442871094 275.925750732422 278.018493652344 273.138549804688 271.780242919922 281.939025878906 293.878997802734 300.389282226562 301.883117675781 303.893737792969 302.595581054688 309.317199707031 310.157043457031 310.145080566406 310.02392578125 309.362854003906 308.279998779297 308.574981689453 308.498016357422 308.056884765625 308.561401367188 308.890930175781 308.514495849609 307.649475097656 307.210876464844 307.368530273438 307.162322998047 306.756378173828 306.357482910156 307.235687255859 307.781524658203 306.451904296875 304.541717529297 303.479827880859 306.050567626953 307.229858398438 306.862854003906 306.805023193359 307.442260742188 306.646240234375 304.639465332031 303.892822265625 306.649871826172 308.411285400391 308.259063720703 308.685760498047 309.414855957031
243.699905395508 255.721252441406 267.696960449219 274.053924560547 272.247467041016 266.582122802734 267.293426513672 275.790283203125 285.019897460938 289.72802734375 293.902282714844 299.400268554688 297.888641357422 308.311462402344 309.993041992188 309.985168457031 309.973724365234 309.80712890625 309.135681152344 -3.4e+38 308.746917724609 308.255798339844 308.376373291016 308.549713134766 308.546447753906 307.633514404297 306.856811523438 306.803649902344 306.662384033203 306.558563232422 306.46435546875 306.965972900391 307.392517089844 306.144226074219 304.568695068359 303.702239990234 305.574645996094 305.545227050781 305.769439697266 306.251220703125 307.114105224609 307.172180175781 306.006591796875 304.277648925781 304.738403320312 307.652557373047 307.647888183594 308.761779785156 310.066070556641
239.359176635742 256.503265380859 267.645050048828 266.150451660156 262.852081298828 261.065032958984 260.898101806641 264.920501708984 266.768859863281 265.114929199219 275.792663574219 293.057525634766 300.409729003906 307.722778320312 309.595336914062 309.978942871094 309.855499267578 309.672637939453 309.869873046875 309.659149169922 309.297424316406 308.904052734375 308.024017333984 308.081512451172 307.996673583984 307.514801025391 306.952178955078 306.207916259766 305.830200195312 306.155120849609 306.119262695312 306.080963134766 306.361785888672 306.243835449219 304.714599609375 305.772369384766 305.390258789062 303.762298583984 304.734313964844 305.528961181641 306.658111572266 306.991668701172 306.681915283203 305.530487060547 300.160491943359 282.601379394531 292.618469238281 306.522003173828 309.132232666016
248.141036987305 258.142333984375 270.000823974609 269.856262207031 268.683746337891 267.968170166016 264.835021972656 266.376770019531 268.221588134766 269.213989257812 272.042419433594 292.780120849609 303.670166015625 307.855072021484 309.51708984375 309.949310302734 310.030822753906 309.904541015625 309.838806152344 309.512817382812 -3.4e+38 308.907562255859 308.287353515625 308.055358886719 307.641845703125 306.941864013672 306.450103759766 305.999938964844 305.741546630859 305.440673828125 305.200073242188 304.608154296875 304.793121337891 306.323516845703 304.673583984375 305.032470703125 305.133056640625 304.089874267578 303.047760009766 304.094512939453 306.548248291016 306.607086181641 306.001495361328 305.173095703125 301.132049560547 277.556304931641 289.024383544922 306.894775390625 308.84765625
259.494232177734 263.954803466797 273.924682617188 276.52783203125 273.440826416016 269.565734863281 266.644744873047 267.716430664062 266.283142089844 268.835998535156 268.049530029297 290.713989257812 304.025970458984 307.523071289062 309.180755615234 309.730895996094 310.139282226562 309.904327392578 309.188934326172 308.901336669922 -3.4e+38 308.603088378906 307.964660644531 307.462829589844 307.223968505859 306.821380615234 306.303009033203 305.944183349609 305.370971679688 304.875427246094 304.216735839844 303.784057617188 304.358612060547 306.334838867188 304.907196044922 304.023254394531 304.252868652344 303.727996826172 303.079711914062 303.970336914062 306.467742919922 306.534088134766 305.653289794922 305.098907470703 302.850219726562 283.173858642578 288.193908691406 306.551330566406 308.385040283203
266.022521972656 272.591949462891 279.84228515625 279.255615234375 275.049774169922 269.512603759766 267.445037841797 269.475219726562 261.586578369141 263.509643554688 260.856048583984 288.264923095703 301.132415771484 306.534973144531 308.801788330078 309.483032226562 309.945220947266 309.627990722656 309.261077880859 308.964904785156 308.431304931641 308.195129394531 307.625671386719 307.497863769531 307.525817871094 307.225769042969 306.409057617188 305.735229492188 304.992767333984 304.667144775391 303.958801269531 304.007751464844 304.725494384766 306.108306884766 305.169555664062 303.945434570312 304.031219482422 304.359924316406 305.086273193359 305.643005371094 306.280364990234 306.172576904297 305.616424560547 304.814697265625 302.466766357422 290.516632080078 290.248565673828 306.067016601562 307.919555664062
270.6220703125 280.83642578125 283.77685546875 280.166900634766 274.444793701172 267.572357177734 271.045104980469 273.040649414062 262.508972167969 263.575653076172 263.576934814453 287.634490966797 298.898712158203 303.883941650391 308.208221435547 309.092987060547 309.614715576172 309.522094726562 309.593017578125 309.280303955078 308.676330566406 308.354034423828 307.698883056641 306.95361328125 305.403564453125 306.575805664062 306.748779296875 305.293762207031 304.314636230469 304.919708251953 304.366424560547 303.977264404297 304.663909912109 305.884307861328 305.699951171875 304.60986328125 304.218078613281 304.396881103516 305.379852294922 305.476348876953 305.581909179688 305.925689697266 305.665863037109 302.287811279297 294.339630126953 294.754364013672 298.765075683594 306.718627929688 307.592224121094
271.865386962891 284.667724609375 286.0419921875 279.646881103516 271.087860107422 266.477600097656 276.353546142578 277.3271484375 266.134368896484 265.314483642578 269.106872558594 284.609069824219 296.649230957031 299.815704345703 306.773162841797 308.853668212891 309.483001708984 309.608123779297 309.644927978516 309.095825195312 -3.4e+38 -3.4e+38 307.793121337891 306.799224853516 305.01123046875 306.034881591797 306.614044189453 305.86865234375 304.967651367188 305.097290039062 303.870269775391 303.928924560547 304.497833251953 305.316589355469 305.534423828125 304.130401611328 302.809112548828 304.378082275391 305.006866455078 304.825378417969 304.770233154297 305.6748046875 305.589660644531 300.121978759766 289.049591064453 299.012084960938 301.957611083984 305.055053710938 307.415374755859
271.870666503906 285.897216796875 285.44677734375 277.869110107422 270.722808837891 270.751525878906 281.003997802734 280.588653564453 266.487091064453 264.643310546875 273.134887695312 280.581298828125 293.658843994141 297.180267333984 305.313659667969 308.393615722656 309.394653320312 309.662902832031 308.296569824219 305.522155761719 306.573608398438 308.319885253906 307.927886962891 307.636688232422 306.880859375 306.291870117188 306.126892089844 -3.4e+38 305.967071533203 305.078582763672 303.557922363281 303.455444335938 304.139556884766 304.588470458984 305.12646484375 303.417449951172 300.714935302734 303.761016845703 304.580932617188 304.080657958984 303.841674804688 305.273101806641 305.589141845703 301.680633544922 295.278564453125 300.682189941406 296.421752929688 298.334777832031 306.312774658203
278.894989013672 289.509490966797 284.498443603516 276.331481933594 271.243530273438 274.652923583984 285.612426757812 283.764801025391 267.490875244141 266.141906738281 276.021514892578 283.081085205078 290.766571044922 292.039276123047 302.550354003906 307.502960205078 308.970275878906 309.460754394531 307.506256103516 303.56884765625 305.218078613281 307.200164794922 -3.4e+38 307.169097900391 306.362335205078 305.776794433594 305.627105712891 305.943939208984 -3.4e+38 305.191925048828 303.863006591797 302.26806640625 303.293121337891 303.630676269531 304.565887451172 303.994354248047 301.445404052734 302.6123046875 304.014709472656 302.814971923828 302.046234130859 304.295379638672 305.303894042969 303.902069091797 302.079254150391 299.853393554688 293.197296142578 295.61572265625 304.639770507812
