rcp8.5models/GFDL_CM3/sc1gr2.10
NCOLS 261 
NROWS 433 
XLLCORNER 336357.134 
YLLCORNER 654653.479 
CELLSIZE 1000 
NODATA_value -3.4e+38 
[rows 176 to 197 of 433, columns 147 to 195 of 261]
353.611602783203 354.363464355469 354.282073974609 354.167022705078 354.843536376953 355.446411132812 355.332336425781 355.693969726562 355.920471191406 356.808837890625 357.848876953125 358.093536376953 358.302185058594 358.191467285156 358.396301269531 358.318572998047 358.881896972656 359.410888671875 359.823120117188 359.834106445312 359.994720458984 360.402587890625 360.636627197266 360.821685791016 360.716339111328 361.239135742188 361.638305664062 361.674652099609 361.710083007812 361.744598388672 362.126770019531 362.810882568359 362.842590332031 362.902984619141 362.931671142578 362.959320068359 362.985931396484 363.011474609375 363.035949707031 363.059295654297 363.081573486328 363.102691650391 363.122711181641 363.303924560547 363.806671142578 364.191131591797 364.205291748047 -3.4e+38 364.229949951172
353.6728515625 354.425354003906 354.653625488281 354.920471191406 354.908538818359 355.652496337891 355.707275390625 355.414306640625 355.380310058594 357.184936523438 357.742980957031 358.019317626953 358.068603515625 358.117126464844 358.164855957031 358.359558105469 358.8896484375 359.452362060547 359.799346923828 359.693115234375 359.585632324219 360.1123046875 360.559326171875 360.599060058594 360.825012207031 361.379577636719 361.713134765625 361.749359130859 361.78466796875 361.819030761719 362.20068359375 362.692169189453 362.558258056641 362.619079589844 363.004638671875 363.031982421875 363.058288574219 363.083465576172 363.107574462891 363.130615234375 363.152496337891 363.173278808594 363.19287109375 363.211364746094 363.391235351562 364.259735107422 364.273468017578 364.286010742188 364.297332763672
353.565551757812 354.1064453125 354.515350341797 354.706268310547 355.18115234375 355.51318359375 -3.4e+38 355.371154785156 355.209289550781 357.079742431641 357.295440673828 358.090759277344 358.140625 358.189666748047 358.416748046875 358.654266357422 358.480316162109 359.010192871094 359.604309082031 360.015289306641 359.875518798828 359.887481689453 360.634674072266 360.860534667969 361.415954589844 361.751342773438 361.788391113281 361.824493408203 361.859680175781 361.893859863281 362.083404541016 362.251495361328 362.147766113281 362.2080078125 362.721221923828 363.10498046875 363.130950927734 363.155792236328 363.179534912109 363.202209472656 363.223724365234 363.244079589844 363.263336181641 363.281402587891 363.298278808594 364.328552246094 -3.4e+38 364.353973388672 364.364868164062
353.108184814453 353.519561767578 353.370666503906 353.570404052734 355.002746582031 355.994842529297 356.150726318359 355.755126953125 355.787414550781 356.457366943359 356.686004638672 357.809234619141 357.471313476562 358.262756347656 358.637542724609 359.031982421875 358.586456298828 359.330474853516 360.013946533203 360.176055908203 360.434783935547 360.327728271484 361.073944091797 361.089050292969 361.789154052734 361.827087402344 361.864074707031 361.900054931641 361.935089111328 361.969085693359 362.002105712891 362.034088134766 362.065063476562 362.123840332031 362.505554199219 363.178314208984 363.203918457031 363.228424072266 363.251800537109 363.274078369141 363.295196533203 363.315185546875 363.334014892578 363.351654052734 363.368133544922 363.8388671875 364.058227539062 364.213989257812 363.871826171875
352.69091796875 352.925323486328 353.016571044922 353.804290771484 354.560119628906 356.334411621094 356.459259033203 356.515472412109 356.57080078125 356.625244140625 356.823272705078 357.572418212891 357.6748046875 358.158294677734 358.163757324219 358.917297363281 359.177612304688 359.857513427734 360.423461914062 360.315948486328 360.661407470703 360.704132080078 361.270965576172 361.342193603516 361.316741943359 361.541595458984 361.752166748047 361.426727294922 361.650817871094 361.854400634766 361.527374267578 361.750671386719 362.139953613281 362.198120117188 362.384002685547 362.895538330078 363.080383300781 362.945739746094 363.324340820312 363.346221923828 363.366912841797 363.386505126953 363.404907226562 363.422119140625 363.438171386719 363.466674804688 363.642120361328 363.767364501953 363.500396728516
353.166748046875 352.889068603516 352.981872558594 354.661376953125 354.864593505859 356.062255859375 356.602966308594 357.036071777344 357.092376708984 357.147705078125 357.2021484375 357.630645751953 358.359741210938 358.441345214844 358.702819824219 359.025177001953 359.008972167969 359.385589599609 360.282836914062 360.693939208984 360.737762451172 360.780639648438 360.652496337891 361.202087402344 360.942016601562 361.133697509766 361.313446044922 361.052307128906 361.242309570312 361.415344238281 361.344024658203 361.891510009766 362.215148925781 362.272705078125 362.299835205078 362.68017578125 363.191619873047 363.086944580078 363.397094726562 363.418548583984 363.239013671875 363.103729248047 363.475982666016 363.492767333984 363.508361816406 363.535980224609 363.547973632812 363.558746337891 363.568298339844
353.679992675781 352.954864501953 352.188507080078 354.318969726562 354.693115234375 355.612731933594 356.190490722656 356.731384277344 357.163177490234 357.219268798828 357.274353027344 357.333312988281 358.256500244141 358.262542724609 358.987731933594 359.06787109375 359.179565429688 359.556488037109 360.241455078125 360.223205566406 360.267150878906 360.493255615234 360.640533447266 -3.4e+38 360.843048095703 361.418182373047 361.280883789062 361.489410400391 361.163482666016 361.196929931641 361.575958251953 362.069213867188 361.932525634766 362.347595214844 362.374359130859 362.558654785156 363.068420410156 363.447875976562 363.470092773438 363.491119384766 363.151092529297 362.890808105469 363.547241210938 363.563568115234 363.578735351562 363.605407714844 363.616912841797 363.627227783203 363.636291503906
353.744384765625 352.709747314453 -3.4e+38 353.935516357422 354.310516357422 355.544921875 356.666107177734 356.867889404297 357.060272216797 -3.4e+38 357.171691894531 357.294982910156 357.991638183594 358.076354980469 358.42041015625 359.176239013672 359.34130859375 359.905334472656 360.105346679688 359.847534179688 360.074096679688 360.633514404297 360.65478515625 360.904632568359 360.950988769531 361.43212890625 361.137603759766 361.142364501953 361.240295410156 361.273529052734 361.461761474609 361.821472167969 361.881530761719 362.0654296875 362.449157714844 362.669342041016 363.013610839844 363.165679931641 363.543273925781 363.563903808594 363.223968505859 362.962127685547 363.61865234375 363.634521484375 363.649200439453 363.674896240234 363.685943603516 363.695739746094 363.704345703125
354.359008789062 353.865447998047 353.24609375 354.380554199219 354.379364013672 355.411834716797 356.438323974609 -3.4e+38 -3.4e+38 357.0556640625 357.099731445312 357.529907226562 357.552795410156 357.749969482422 358.528900146484 359.220184326172 359.301147460938 359.286193847656 359.332763671875 359.559783935547 360.302551269531 360.82958984375 360.248046875 360.588043212891 360.812225341797 361.211578369141 361.093627929688 360.986206054688 361.12890625 360.990997314453 361.382263183594 361.760162353516 362.285552978516 362.206115722656 362.524139404297 362.902069091797 363.218566894531 362.950653076172 363.616668701172 363.636840820312 363.49560546875 363.388214111328 363.690216064453 363.70556640625 363.719757080078 363.744506835938 363.550354003906 363.205841064453 363.419677734375
354.561492919922 355.008117675781 355.074615478516 355.453002929688 356.204437255859 356.297760009766 356.711059570312 -3.4e+38 -3.4e+38 357.829742431641 358.422424316406 357.742736816406 358.058410644531 358.639801025391 358.533599853516 358.741394042969 358.604553222656 358.895721435547 359.123443603516 359.53466796875 359.761199951172 359.834625244141 360.435974121094 360.653961181641 360.330352783203 360.367706298828 360.558197021484 361.078552246094 361.472473144531 361.693695068359 362.084625244141 362.115051269531 362.301116943359 362.649475097656 362.674774169922 362.698852539062 362.721740722656 363.097839355469 363.763885498047 363.783142089844 363.801177978516 364.016632080078 364.548187255859 364.847991943359 364.861145019531 363.962860107422 363.539794921875 364.268218994141 364.746246337891
354.486999511719 355.623901367188 355.348815917969 355.146148681641 356.2744140625 356.653991699219 357.401611328125 -3.4e+38 -3.4e+38 357.903717041016 358.642333984375 358.608917236328 358.503601074219 358.864044189453 358.916412353516 359.146301269531 359.413879394531 359.157531738281 359.174591064453 359.340515136719 359.901245117188 360.095886230469 361.029663085938 361.217437744141 360.95556640625 360.992950439453 361.029144287109 361.218872070312 361.738128662109 362.285980224609 362.613647460938 362.643432617188 362.671997070312 362.725463867188 362.750366210938 362.774047851562 362.796478271484 363.171630859375 363.837677001953 363.8564453125 363.873992919922 364.050415039062 364.351654052734 364.364959716797 364.376983642578 363.792083740234 363.477813720703 363.778564453125 364.623260498047
354.732299804688 355.046844482422 355.004425048828 355.281646728516 356.344848632812 356.380126953125 356.726470947266 -3.4e+38 -3.4e+38 357.978088378906 358.717163085938 358.831634521484 358.886993408203 358.763519287109 358.626434326172 359.372894287109 360.095520019531 360.144378662109 360.041564941406 359.934509277344 360.101348876953 359.963165283203 361.047424316406 361.265289306641 361.126403808594 361.524932861328 361.560729980469 361.595245361328 361.78369140625 362.301239013672 362.691223144531 362.720703125 362.748931884766 362.801635742188 362.826110839844 362.849334716797 362.871337890625 363.050842285156 363.360260009766 363.378051757812 363.591583251953 363.962707519531 363.977264404297 363.990600585938 364.002685546875 364.023193359375 363.870086669922 363.757690429688 364.410949707031
353.866943359375 354.588531494141 -3.4e+38 356.038055419922 356.243438720703 355.791534423828 355.833587646484 -3.4e+38 -3.4e+38 357.878082275391 358.071380615234 358.731658935547 358.595458984375 358.692993164062 358.576232910156 359.817718505859 360.174011230469 360.043365478516 359.725646972656 359.77197265625 359.847106933594 360.103149414062 361.187469482422 361.191589355469 360.720520019531 361.243011474609 361.825500488281 362.220489501953 362.253723144531 362.441284179688 362.769012451172 362.608825683594 362.467895507812 362.8779296875 362.901977539062 362.924774169922 362.9462890625 362.966583251953 363.180694580078 363.554901123047 363.731475830078 364.03515625 364.049163818359 364.260925292969 364.627838134766 364.092834472656 364.100646972656 364.310241699219 364.831909179688
353.385589599609 353.837799072266 354.976287841797 356.247283935547 355.797332763672 355.553497314453 355.618896484375 -3.4e+38 -3.4e+38 357.066009521484 357.721923828125 358.837707519531 358.557006835938 358.580474853516 359.169952392578 360.202026367188 360.252807617188 359.972503662109 359.350158691406 359.577514648438 360.138275146484 360.66748046875 361.568695068359 361.455047607422 361.192047119141 361.382995605469 361.872924804688 362.392669677734 362.785400390625 362.816833496094 -3.4e+38 362.719512939453 362.607635498047 363.145446777344 363.335113525391 363.000305175781 363.021362304688 363.041168212891 363.218505859375 363.525665283203 363.737365722656 364.107635498047 364.12109375 364.293487548828 364.590209960938 363.961517333984 363.815399169922 364.3369140625 364.826354980469
353.070404052734 353.521057128906 355.42236328125 356.347351074219 355.932556152344 355.625946044922 355.692108154297 356.220184326172 356.984741210938 356.89453125 357.768707275391 358.340728759766 358.235107421875 358.689849853516 359.188140869141 360.280853271484 360.331970214844 360.051910400391 359.60986328125 360.172149658203 360.521606445312 360.899108886719 361.648498535156 361.687927246094 361.725921630859 361.762542724609 361.797760009766 362.172485351562 362.864105224609 362.895263671875 362.925048828125 362.953491210938 362.980590820312 363.736358642578 363.896545410156 -3.4e+38 363.289398193359 363.665740966797 363.489868164062 363.150512695312 363.521026611328 364.180084228516 364.192993164062 364.204620361328 364.01611328125 363.716674804688 363.955139160156 364.243927001953 364.612213134766
352.657073974609 354.043853759766 355.632537841797 355.842712402344 355.739807128906 356.244567871094 356.137939453125 356.149993896484 356.721374511719 356.559539794922 356.959442138672 357.815673828125 357.846038818359 358.926971435547 358.782562255859 359.993988037109 360.411376953125 360.31103515625 360.204620361328 360.556396484375 360.601654052734 360.979095458984 361.728515625 361.584381103516 361.444641113281 361.842163085938 361.877166748047 362.251403808594 362.942993164062 362.973815917969 363.003265380859 363.031372070312 363.05810546875 363.750061035156 363.939086914062 363.445129394531 363.522308349609 364.190460205078 364.04931640625 363.774749755859 363.753845214844 363.897003173828 364.264862060547 364.078247070312 363.572113037109 363.661895751953 364.307373046875 364.312103271484 364.476684570312
352.931915283203 353.567565917969 355.186187744141 355.317565917969 355.334747314453 356.426055908203 355.777740478516 356.224853515625 356.825408935547 356.579345703125 356.61279296875 358.069549560547 358.291931152344 359.182830810547 358.901428222656 359.401306152344 360.491088867188 360.541198730469 360.589691162109 360.636627197266 360.862945556641 361.422058105469 361.808746337891 361.694732666016 361.400268554688 361.561370849609 361.956726074219 362.330474853516 363.022033691406 363.052520751953 363.081634521484 362.921173095703 362.777587890625 363.34130859375 363.501068115234 363.227386474609 363.597106933594 364.265197753906 364.282104492188 364.103393554688 363.602142333984 363.484252929688 363.981201171875 363.990173339844 363.356262207031 364.08544921875 364.376068115234 364.380157470703 364.382965087891
352.008911132812 353.935455322266 354.946319580078 355.561187744141 355.435974121094 355.639282226562 355.43017578125 355.755187988281 356.676330566406 357.110931396484 356.851837158203 358.295104980469 358.678314208984 359.233093261719 358.950317382812 359.361877441406 359.848602294922 359.892333984375 360.670043945312 360.717102050781 360.914154052734 361.443725585938 361.88916015625 361.928253173828 361.812194824219 361.700592041016 362.036437988281 362.224243164062 362.741790771484 363.13134765625 362.972839355469 362.485076904297 362.558288574219 363.261047363281 363.282806396484 363.303192138672 363.480072021484 363.9833984375 364.356292724609 364.018737792969 363.385009765625 363.397399902344 363.567810058594 363.706481933594 363.4267578125 364.439910888672 364.444610595703 364.448028564453 364.450164794922
351.321502685547 354.254028320312 354.846252441406 355.403228759766 355.70458984375 355.608520507812 355.496520996094 354.830932617188 356.072814941406 357.187530517578 357.104125976562 358.373413085938 358.403900146484 358.60791015625 359.060180664062 359.233673095703 359.679840087891 360.089691162109 360.750640869141 360.617614746094 360.480346679688 361.039154052734 361.9697265625 362.008697509766 362.046112060547 362.081970214844 362.116302490234 362.149108886719 362.335479736328 362.664855957031 362.537292480469 362.265594482422 362.635681152344 363.337860107422 363.359130859375 363.379028320312 363.397521972656 363.764831542969 364.237579345703 363.736602783203 363.457946777344 363.4697265625 363.480194091797 363.489318847656 363.497161865234 364.310455322266 364.157836914062 364.515716552734 364.316375732422
352.687774658203 353.842254638672 354.401306152344 354.820526123047 355.004577636719 355.448516845703 354.881500244141 354.254760742188 355.860687255859 356.351440429688 356.959991455078 358.451995849609 358.539489746094 358.953247070312 359.298126220703 358.828948974609 359.695770263672 360.782470703125 360.831451416016 360.727294921875 360.438690185547 360.605651855469 361.688995361328 362.089294433594 362.126525878906 362.162170410156 362.196228027344 362.228759765625 362.445343017578 362.834411621094 362.862701416016 362.702209472656 362.525177001953 363.414733886719 363.435485839844 363.454864501953 363.472808837891 363.647277832031 363.60498046875 363.162078857422 363.530853271484 363.5419921875 363.551788330078 363.560272216797 363.567443847656 364.062683105469 364.295318603516 364.583221435547 -3.4e+38
353.168762207031 354.218933105469 354.603729248047 354.167327880859 -3.4e+38 354.795928955078 353.952362060547 354.494323730469 356.324096679688 356.681823730469 357.631500244141 358.0947265625 358.185028076172 358.539794921875 359.477508544922 359.512451171875 359.221923828125 360.27392578125 360.993621826172 361.040954589844 361.086486816406 360.977935791016 361.212341308594 361.250854492188 361.624237060547 362.322875976562 362.356414794922 362.388366699219 362.418701171875 362.447509765625 362.474761962891 362.656311035156 363.166564941406 363.568542480469 363.588256835938 363.606506347656 363.623321533203 363.481048583984 363.358978271484 363.472869873047 -3.4e+38 363.330047607422 363.694702148438 363.701812744141 363.707580566406 363.715179443359 363.876617431641 364.361938476562 364.716888427734
353.977478027344 354.368957519531 354.475402832031 -3.4e+38 -3.4e+38 -3.4e+38 354.0341796875 354.944061279297 355.739135742188 355.965362548828 357.019470214844 357.646820068359 358.424468994141 358.4609375 359.865814208984 359.77099609375 359.667022705078 359.997711181641 360.3486328125 361.122344970703 361.167846679688 361.211517333984 361.293426513672 361.331756591797 361.522094726562 362.043243408203 362.436614990234 362.46826171875 362.498260498047 362.526702880859 362.553558349609 362.578826904297 362.758636474609 363.287780761719 363.664611816406 -3.4e+38 363.508453369141 363.165710449219 -3.4e+38 363.032012939453 362.749084472656 -3.4e+38 363.2158203125 363.221618652344 363.42138671875 363.980224609375 364.337890625 364.299774169922 364.228302001953
