rcp8.5models/GFDL_CM3/sc1gr0.33
NCOLS 261 
NROWS 433 
XLLCORNER 336357.134 
YLLCORNER 654653.479 
CELLSIZE 1000 
NODATA_value -9999 
[rows 391 to 413 of 433, columns 150 to 199 of 261]
72.931396484375 72.7824478149414 72.7782516479492 72.5535507202148 72.3286666870117 72.335693359375 72.4954452514648 72.6430740356445 72.4961318969727 72.5264587402344 72.5232925415039 72.5366668701172 72.5913543701172 72.6598968505859 72.6502685546875 72.6176605224609 72.6862030029297 72.613883972168 72.6789627075195 72.8368225097656 72.5161437988281 72.2273559570312 72.1261291503906 72.0594482421875 72.0625457763672 71.941032409668 71.9839782714844 72.1078033447266 72.0847930908203 71.9348907470703 71.8078002929688 71.8275756835938 71.9937744140625 71.9902191162109 71.7960433959961 71.608757019043 71.3741455078125 71.4050903320312 -9999 71.3868789672852 71.3240203857422 71.3658828735352 71.1891021728516 71.1942291259766 71.2953720092773 71.1327438354492 71.1442108154297 71.0724563598633 70.9898681640625 71.0933837890625
72.5819702148438 72.4542236328125 72.4421920776367 72.2982635498047 72.1177139282227 72.1857528686523 72.2452392578125 72.2591018676758 72.1788711547852 72.2199630737305 72.2773666381836 72.2793273925781 72.4436187744141 72.4462127685547 72.1817779541016 72.1908340454102 72.3604278564453 72.3000335693359 -9999 72.3546371459961 72.129768371582 71.937126159668 71.8428649902344 71.7538757324219 71.8226470947266 71.6522827148438 71.7231063842773 71.8136138916016 71.7133178710938 71.6050491333008 71.4474563598633 71.5130767822266 71.6498641967773 71.6493301391602 71.5191345214844 71.4724731445312 71.0936584472656 71.096061706543 71.1172561645508 -9999 -9999 71.023323059082 70.8992233276367 70.9461975097656 71.0799789428711 70.9078216552734 70.877799987793 70.8105163574219 70.8226318359375 70.8132629394531
72.3210067749023 72.22412109375 72.2342224121094 72.0824203491211 72.025390625 72.0899353027344 71.9316329956055 71.8645477294922 71.9518432617188 72.0897598266602 72.0332183837891 71.9652328491211 72.0650024414062 72.0227508544922 71.8519821166992 71.8615875244141 71.9877548217773 71.9585647583008 71.9287948608398 71.9366226196289 71.8765563964844 71.7902984619141 71.6525268554688 71.4870223999023 71.4517211914062 71.3352890014648 71.4546585083008 71.5248641967773 71.4293212890625 71.2513732910156 71.2056350708008 71.2712249755859 71.5131149291992 71.3892669677734 71.3040542602539 71.4037551879883 71.0418014526367 70.8880157470703 70.8279418945312 70.8804702758789 -9999 70.8197479248047 70.7347793579102 70.7464447021484 70.6942672729492 70.650634765625 70.6116027832031 70.5299835205078 70.651725769043 70.753547668457
72.2467651367188 72.1907653808594 72.1221466064453 71.9070358276367 71.9295959472656 71.7816543579102 71.6549911499023 71.6050338745117 71.6791458129883 71.8030166625977 71.8020324707031 71.7052612304688 71.5952987670898 71.5535736083984 71.60595703125 71.6600494384766 71.6737976074219 71.6587905883789 71.5605773925781 71.7275543212891 71.7353134155273 71.5342636108398 71.4222106933594 71.249755859375 71.1038208007812 71.0628509521484 71.1056060791016 71.0847091674805 71.0956878662109 71.0097732543945 70.927604675293 70.9839630126953 71.34765625 71.1438903808594 71.0663452148438 71.1586380004883 70.9523696899414 70.7769393920898 70.6524658203125 70.6642837524414 70.614013671875 70.5815887451172 70.6437454223633 70.6077651977539 70.4045104980469 70.402961730957 70.3964157104492 -9999 -9999 70.5886001586914
71.6365203857422 71.701171875 71.6493530273438 71.5236740112305 71.3922424316406 71.289794921875 71.0866851806641 71.0318908691406 71.0236663818359 71.135124206543 71.1625671386719 71.1090850830078 71.0944595336914 71.0750274658203 71.1555404663086 71.1772308349609 70.9513702392578 70.8778305053711 70.8986358642578 71.169303894043 71.2143707275391 71.1131362915039 70.9930114746094 70.7462158203125 70.6164245605469 70.4992980957031 70.4824371337891 70.5241470336914 70.361328125 70.4152984619141 70.2999420166016 70.4214401245117 70.5636672973633 70.4856338500977 70.5695343017578 70.6430969238281 70.5835266113281 70.5226821899414 70.492805480957 70.3264846801758 70.2971649169922 70.2135620117188 70.1839599609375 70.0999298095703 70.0570526123047 70.0184326171875 69.947021484375 70.0929641723633 70.1795501708984 70.1942749023438
71.1363906860352 71.3112487792969 71.2617034912109 71.1171493530273 71.0622177124023 70.9810104370117 70.8850860595703 70.7918853759766 70.7800064086914 70.8367767333984 70.8490982055664 70.7649459838867 70.8320999145508 70.9983520507812 70.9745407104492 70.7375793457031 70.5928497314453 70.6035766601562 70.6300354003906 70.7628860473633 70.8481750488281 70.7587814331055 70.6217269897461 70.4414215087891 -9999 -9999 70.2575531005859 70.2184143066406 -9999 -9999 70.0224533081055 70.1688079833984 70.2535552978516 70.2880020141602 70.3938522338867 70.3246002197266 70.2014694213867 70.1717224121094 70.2458038330078 70.1208114624023 70.1518859863281 70.1147079467773 -9999 69.8849563598633 69.851692199707 69.8360061645508 69.7045822143555 69.7620544433594 69.8813247680664 69.852294921875
70.7982635498047 70.8606948852539 70.9160766601562 70.8558197021484 70.7532653808594 70.7095794677734 70.5578308105469 70.4386672973633 70.5206527709961 70.4960327148438 70.5778274536133 70.6034469604492 70.5788879394531 70.6622924804688 70.632194519043 70.4339752197266 70.3365478515625 70.2905731201172 70.3331909179688 70.304573059082 70.4575881958008 70.5689163208008 70.5908050537109 70.1947174072266 70.1820755004883 -9999 -9999 69.9708938598633 -9999 -9999 69.7459106445312 69.9439315795898 70.0080337524414 70.0541152954102 70.0960006713867 70.0018768310547 69.8600311279297 69.9333419799805 69.9676132202148 69.9053573608398 69.948356628418 69.9225311279297 -9999 -9999 69.5852966308594 69.5563278198242 69.4804382324219 69.4874267578125 69.5328216552734 69.5148620605469
70.5966796875 70.5569000244141 70.5492858886719 70.6076812744141 70.5988159179688 70.4231262207031 70.2026062011719 70.1006851196289 70.3314819335938 70.2219696044922 70.2265930175781 70.2947845458984 70.2490692138672 70.330192565918 70.2783432006836 70.1243057250977 70.0104827880859 69.988883972168 70.0589294433594 70.0033645629883 70.2665176391602 70.4749908447266 70.5771713256836 70.09375 70.0151977539062 69.967887878418 69.8081665039062 69.7678298950195 69.5262832641602 69.5312347412109 69.4839401245117 69.5832138061523 69.6758041381836 69.6071472167969 69.6749496459961 69.7756576538086 69.5414657592773 69.7502365112305 69.6680526733398 69.7007904052734 69.5988845825195 -9999 69.6339721679688 69.445182800293 -9999 69.4009857177734 69.3813095092773 69.3201522827148 69.2525939941406 69.2915878295898
70.288688659668 70.2714614868164 70.1653594970703 70.2210845947266 70.3493499755859 70.1659545898438 70.0018081665039 69.9334869384766 70.0237274169922 69.9660949707031 69.9091491699219 69.9099426269531 69.9387969970703 70.0355224609375 70.0178527832031 69.7677536010742 69.6535415649414 69.6660461425781 69.7052917480469 69.8275756835938 70.0228500366211 70.2232513427734 70.3457489013672 70.0787658691406 69.8333435058594 69.7283325195312 69.6679306030273 69.5222244262695 69.3029861450195 69.3198852539062 69.3796005249023 69.414176940918 69.3952941894531 69.2656784057617 69.3008270263672 69.3334732055664 69.1487350463867 69.3692016601562 69.4002532958984 69.4534149169922 69.4376220703125 -9999 69.4709548950195 69.312744140625 69.2476119995117 69.2699966430664 69.2412185668945 69.1383285522461 69.0642929077148 69.1761016845703
70.0065155029297 69.9534530639648 69.8021850585938 69.8859100341797 69.941162109375 69.9568939208984 69.953483581543 69.8437347412109 69.7070541381836 69.6544036865234 69.6685180664062 -9999 -9999 69.6091156005859 69.6831817626953 69.4421691894531 69.3281478881836 69.2819976806641 69.3587799072266 69.6611328125 69.7268905639648 69.8168258666992 69.9481658935547 69.8501434326172 69.6711654663086 69.5702667236328 69.4434051513672 69.2992553710938 69.1647262573242 69.140739440918 69.1536026000977 69.0823059082031 69.1255340576172 68.8758087158203 68.9594879150391 68.9497985839844 68.9609985351562 69.0574340820312 69.164436340332 69.134521484375 69.0890350341797 68.8852081298828 69.1885681152344 69.2046737670898 69.0750503540039 69.1056671142578 69.1094970703125 69.024772644043 68.9901351928711 69.0207366943359
69.8022994995117 69.7424774169922 69.6533279418945 69.6837539672852 69.6709976196289 69.7197723388672 69.7377090454102 69.552375793457 69.4936676025391 69.4230728149414 69.3959503173828 -9999 -9999 -9999 69.2951278686523 69.1672058105469 69.1225433349609 69.0659790039062 69.1257553100586 69.400993347168 69.4440689086914 69.3750610351562 69.3588409423828 69.5146102905273 69.4922180175781 69.408805847168 69.1365509033203 69.084114074707 68.9214706420898 68.758171081543 68.7066345214844 68.6263275146484 68.8694458007812 68.6949615478516 68.6804275512695 68.7349853515625 68.7697601318359 68.8642272949219 68.834716796875 68.8797225952148 68.6200408935547 68.5647125244141 68.8997344970703 68.9672927856445 68.8920516967773 68.9190292358398 68.9754028320312 68.7366638183594 68.7255477905273 68.7317504882812
69.4933700561523 69.4837341308594 69.4805145263672 69.428596496582 69.3845748901367 69.4399871826172 69.5018920898438 69.2259674072266 69.2506103515625 69.1959533691406 -9999 -9999 -9999 69.0263900756836 69.0940628051758 69.0072479248047 69.0050582885742 68.9877777099609 69.0206527709961 69.0525970458984 69.1012496948242 69.0773010253906 68.9982147216797 69.241096496582 69.2412643432617 69.0940551757812 68.8683395385742 68.8207702636719 68.7959747314453 68.656364440918 68.4009246826172 68.4679260253906 68.5963745117188 68.587028503418 68.4855880737305 68.4779510498047 68.5411071777344 68.6696166992188 68.4823760986328 68.6436996459961 -9999 68.3073120117188 68.5828704833984 68.6241302490234 68.659912109375 68.6210403442383 68.6779403686523 68.4381256103516 -9999 -9999
69.1928405761719 69.1395416259766 69.120246887207 69.142936706543 69.0767517089844 69.1547241210938 69.2700881958008 69.0587539672852 68.9409790039062 68.898567199707 68.8799591064453 68.7282485961914 68.6313247680664 68.7668304443359 68.864387512207 68.8073959350586 68.7891387939453 68.8193511962891 68.707649230957 68.8129806518555 68.8847274780273 68.7692031860352 68.6240386962891 68.8029937744141 68.8608093261719 68.723258972168 68.5747833251953 68.6675643920898 68.6571273803711 68.4502105712891 68.2189407348633 68.3555679321289 68.4084548950195 68.3798446655273 68.3112258911133 68.2926483154297 68.3184127807617 68.4553451538086 68.3495254516602 68.406623840332 -9999 -9999 -9999 68.3571624755859 -9999 -9999 -9999 -9999 -9999 -9999
69.0377044677734 68.930290222168 68.8555526733398 68.919807434082 68.7556533813477 68.8368988037109 68.8965682983398 68.9007415771484 68.7227554321289 68.7079849243164 68.5885772705078 68.4741744995117 68.4424896240234 68.5269088745117 68.5942764282227 68.5919952392578 68.5728378295898 68.5634002685547 68.345573425293 68.5836715698242 68.511604309082 68.4467315673828 68.3570022583008 68.3472061157227 68.4362869262695 68.3952713012695 68.4802932739258 68.5212631225586 68.3637619018555 68.2269897460938 68.0829467773438 68.1010208129883 68.1669006347656 -9999 -9999 -9999 68.1409912109375 -9999 68.1277618408203 -9999 -9999 -9999 -9999 -9999 -9999 -9999 -9999 -9999 -9999 -9999
68.7182464599609 68.6529159545898 68.5583953857422 68.5895767211914 68.499626159668 68.5939559936523 68.6362915039062 68.6352920532227 68.5698776245117 68.5617141723633 68.28466796875 68.2836227416992 68.2844467163086 68.2687759399414 68.2815933227539 68.3760986328125 68.375244140625 68.3166961669922 68.2600936889648 68.1438674926758 68.0888214111328 68.1874694824219 68.1757736206055 68.1288833618164 68.1813888549805 68.1024017333984 68.2662353515625 68.1480255126953 67.9761047363281 68.0574493408203 67.8999710083008 67.8066024780273 67.6819686889648 -9999 -9999 -9999 68.0331954956055 67.9825897216797 67.8681564331055 -9999 -9999 -9999 -9999 -9999 -9999 -9999 -9999 -9999 -9999 -9999
68.5232849121094 68.315315246582 68.2575836181641 68.09326171875 67.9551315307617 67.9474105834961 67.984375 67.9321670532227 68.1815338134766 68.1768035888672 68.0104064941406 67.8293762207031 67.6880264282227 67.7842178344727 67.9109802246094 67.7676544189453 67.8031692504883 67.8620376586914 67.7245559692383 67.5900802612305 67.7128677368164 67.4936676025391 67.4289093017578 67.5199737548828 67.5438919067383 67.4507522583008 67.5582046508789 67.468017578125 67.4733963012695 67.4844436645508 67.2655487060547 67.4057540893555 67.4858093261719 -9999 -9999 -9999 -9999 -9999 -9999 -9999 -9999 -9999 -9999 -9999 -9999 -9999 -9999 -9999 -9999 -9999
68.1656723022461 68.1723403930664 68.0533599853516 67.8946228027344 67.8500823974609 67.7718963623047 67.6996078491211 67.5966567993164 67.8442306518555 67.8839340209961 67.7684173583984 67.5738525390625 67.4891967773438 67.460693359375 67.488883972168 67.4942626953125 67.6190338134766 67.5358963012695 67.39208984375 67.3797607421875 67.4914779663086 67.4123382568359 67.2577896118164 67.3004684448242 67.290168762207 67.3407135009766 67.2574768066406 67.0408706665039 67.0355682373047 67.0536956787109 67.1289901733398 -9999 67.3101806640625 -9999 -9999 -9999 -9999 -9999 -9999 -9999 -9999 -9999 -9999 -9999 -9999 -9999 -9999 -9999 -9999 -9999
67.6436462402344 67.8527069091797 67.8517303466797 67.8642349243164 67.829833984375 67.6353607177734 67.4464874267578 67.4172897338867 67.5975646972656 67.5834426879883 67.5135040283203 67.3991851806641 67.3144378662109 67.2427978515625 67.2258911132812 67.2676544189453 67.3222808837891 67.3330764770508 67.2183380126953 67.0580139160156 67.1626510620117 67.2330627441406 67.1395874023438 67.0876007080078 67.0152435302734 67.0838317871094 66.9209136962891 66.825065612793 66.8186950683594 66.8229293823242 67.1795806884766 67.3169784545898 -9999 -9999 -9999 -9999 -9999 -9999 -9999 -9999 -9999 -9999 -9999 -9999 -9999 -9999 -9999 -9999 -9999 -9999
67.3196640014648 67.5538101196289 67.5856857299805 67.625846862793 67.5705947875977 67.3664016723633 67.1285934448242 67.241325378418 67.3468856811523 67.3303146362305 67.326774597168 67.309928894043 67.1713485717773 67.1411056518555 67.110954284668 67.1092681884766 67.0347671508789 67.1313247680664 67.1147766113281 66.7981796264648 66.8778228759766 66.9485778808594 66.9598541259766 66.876220703125 66.729377746582 66.6301422119141 66.5487594604492 66.5593566894531 66.6044769287109 -9999 -9999 -9999 -9999 -9999 -9999 -9999 -9999 -9999 -9999 -9999 -9999 -9999 -9999 -9999 -9999 -9999 -9999 -9999 -9999 -9999
67.1783065795898 67.2613830566406 67.2466583251953 67.204704284668 67.1613693237305 67.0584259033203 66.9071578979492 66.8969497680664 66.9796524047852 67.0195846557617 67.1028518676758 67.1537322998047 66.9984283447266 66.9019775390625 66.8840789794922 66.8974075317383 66.8252029418945 66.792236328125 66.9148864746094 66.6392364501953 66.7336807250977 66.7188186645508 66.6067886352539 66.5080795288086 66.4133911132812 66.3815994262695 66.3610000610352 -9999 -9999 -9999 -9999 -9999 -9999 -9999 -9999 -9999 -9999 -9999 -9999 -9999 -9999 -9999 -9999 -9999 -9999 -9999 -9999 -9999 -9999 -9999
66.9804000854492 66.9881134033203 66.946891784668 66.935417175293 66.9467697143555 66.8608245849609 66.6970748901367 66.6032333374023 66.696662902832 66.7498168945312 66.804817199707 66.9403762817383 66.8812408447266 66.6707458496094 66.68310546875 66.6654281616211 66.5988159179688 66.4379730224609 66.5731048583984 66.4972763061523 66.5302810668945 66.5964660644531 66.3779373168945 66.2728424072266 -9999 -9999 -9999 -9999 -9999 -9999 -9999 -9999 -9999 -9999 -9999 -9999 -9999 -9999 -9999 -9999 -9999 -9999 -9999 -9999 -9999 -9999 -9999 -9999 -9999 -9999
66.6789779663086 66.8341979980469 66.8027191162109 66.7068252563477 66.6440505981445 66.5641250610352 66.3596878051758 66.3162078857422 66.5632247924805 66.588508605957 66.5764846801758 66.6596450805664 66.6306533813477 66.541259765625 66.5108947753906 -9999 66.4697647094727 66.2220153808594 66.3174896240234 -9999 -9999 -9999 -9999 -9999 -9999 -9999 -9999 -9999 -9999 -9999 -9999 -9999 -9999 -9999 -9999 -9999 -9999 -9999 -9999 -9999 -9999 -9999 -9999 -9999 -9999 -9999 -9999 -9999 -9999 -9999
66.3444900512695 66.5465240478516 66.6222763061523 66.571907043457 66.4466018676758 66.2655410766602 66.1082611083984 66.1306381225586 -9999 66.4201889038086 -9999 66.3608779907227 66.3705368041992 -9999 -9999 -9999 -9999 -9999 -9999 -9999 -9999 -9999 -9999 -9999 -9999 -9999 -9999 -9999 -9999 -9999 -9999 -9999 -9999 -9999 -9999 -9999 -9999 -9999 -9999 -9999 -9999 -9999 -9999 -9999 -9999 -9999 -9999 -9999 -9999 -9999
