rcp8.5models/GFDL_CM3/sc1gr10.15
NCOLS 261 
NROWS 433 
XLLCORNER 336357.134 
YLLCORNER 654653.479 
CELLSIZE 1000 
NODATA_value -3.4e+38 
[rows 198 to 219 of 433, columns 49 to 97 of 261]
229.10188293457 228.75732421875 228.646514892578 229.129547119141 229.369964599609 229.817092895508 229.156936645508 229.955978393555 230.208801269531 230.403213500977 231.607376098633 231.999740600586 232.457305908203 232.945816040039 233.955139160156 234.088134765625 235.543853759766 237.607391357422 239.002014160156 280.487976074219 404.532501220703 407.295593261719 408.501647949219 483.681457519531 666.9052734375 543.202087402344 469.507446289062 368.969116210938 713.240905761719 718.074523925781 719.15234375 721.218322753906 607.12744140625 268.800842285156 341.966644287109 523.74072265625 473.675079345703 479.295745849609 278.039337158203 281.483184814453 329.640625 734.315368652344 737.102844238281 667.346862792969 545.53955078125 674.946166992188 484.367980957031 557.598266601562 752.917663574219
227.472747802734 227.941055297852 228.431945800781 228.439590454102 228.361587524414 228.562927246094 228.009368896484 228.489990234375 229.200347900391 230.485763549805 231.537521362305 231.684051513672 231.912307739258 231.900405883789 232.539947509766 233.635360717773 234.787063598633 236.076156616211 312.676879882812 540.73291015625 466.229248046875 242.282043457031 242.926971435547 285.771240234375 487.352966308594 634.825866699219 375.256164550781 295.184295654297 496.923034667969 716.53662109375 719.006591796875 720.7646484375 678.266845703125 550.585083007812 597.235473632812 681.289611816406 597.465881347656 680.03759765625 481.31005859375 353.766906738281 485.8603515625 735.933654785156 737.742614746094 619.845703125 344.751434326172 431.67041015625 377.895263671875 551.493774414062 491.219573974609
226.234039306641 226.971298217773 227.284744262695 227.990585327148 227.757659912109 227.616622924805 227.310455322266 227.042327880859 227.682846069336 229.512130737305 230.007293701172 230.206985473633 231.200759887695 231.392425537109 232.480667114258 233.118392944336 234.08512878418 234.951156616211 278.2607421875 476.833282470703 662.693115234375 464.957122802734 317.405670166016 540.952087402344 509.056579589844 372.599395751953 325.278137207031 542.592224121094 586.184875488281 502.791625976562 718.639038085938 719.841369628906 720.895629882812 722.005065917969 724.287902832031 727.273132324219 727.456237792969 727.505432128906 683.2470703125 602.688110351562 615.236694335938 737.146911621094 738.580017089844 692.074157714844 492.812805175781 372.783569335938 548.684753417969 441.64892578125 385.285949707031
226.53791809082 226.513488769531 226.332260131836 226.477432250977 226.373794555664 227.043243408203 227.919540405273 226.90544128418 227.209167480469 228.660171508789 228.801681518555 229.408813476562 230.72785949707 231.700942993164 232.096801757812 232.175796508789 233.094528198242 234.49739074707 237.558059692383 279.157012939453 478.861663818359 586.919128417969 284.128204345703 486.044067382812 665.236389160156 541.490112304688 509.793090820312 418.771820068359 421.637847900391 590.884765625 718.194946289062 719.130310058594 720.411437988281 720.881896972656 723.062744140625 726.664367675781 727.616516113281 729.19775390625 732.345764160156 733.849304199219 688.271667480469 538.890380859375 740.50146484375 741.480224609375 622.959838867188 422.345794677734 704.053649902344 575.665466308594 627.215087890625
225.514450073242 225.764495849609 225.445510864258 225.140808105469 224.938064575195 225.522430419922 227.217956542969 226.923248291016 226.869522094727 227.464401245117 228.540603637695 229.502563476562 230.421005249023 231.431182861328 231.6689453125 231.590179443359 232.366546630859 234.466506958008 236.142883300781 314.338195800781 580.940795898438 585.35107421875 241.245162963867 285.360107421875 411.515411376953 413.994293212891 448.016906738281 540.939514160156 466.698425292969 428.105041503906 505.633697509766 718.32080078125 719.521789550781 720.340454101562 722.465148925781 726.008056640625 727.610229492188 729.85498046875 733.114562988281 735.321838378906 737.937683105469 610.06201171875 741.936462402344 742.754028320312 696.253295898438 618.16748046875 752.926818847656 756.573181152344 686.486083984375
224.080688476562 224.00846862793 223.884246826172 224.160430908203 223.87712097168 224.179397583008 225.716567993164 226.224731445312 226.021530151367 226.119583129883 227.345245361328 228.971145629883 229.623413085938 230.627243041992 232.050567626953 232.289459228516 232.568481445312 233.855255126953 235.662948608398 279.866363525391 480.310363769531 661.245666503906 461.193878173828 241.370361328125 -3.4e+38 540.145751953125 584.658752441406 635.400573730469 453.703887939453 467.495361328125 378.623443603516 717.924926757812 719.309753417969 720.763427734375 721.558959960938 723.734619140625 -3.4e+38 729.332153320312 732.905090332031 735.144104003906 738.295715332031 741.304992675781 742.284484863281 669.474609375 550.947631835938 749.492797851562 678.282348632812 563.498596191406 710.414794921875
223.014617919922 222.692016601562 222.466796875 222.430541992188 222.718719482422 224.324951171875 224.602752685547 224.524383544922 224.887496948242 226.421371459961 226.776138305664 227.874908447266 228.66552734375 229.547653198242 230.923629760742 311.032440185547 541.148010253906 461.565185546875 235.636856079102 237.080902099609 280.803161621094 404.026916503906 362.546020507812 241.592956542969 365.341735839844 710.363464355469 711.289489746094 668.13134765625 587.924377441406 456.444122314453 589.543640136719 717.828430175781 718.763122558594 720.020812988281 720.514343261719 646.450561523438 520.832641601562 728.571899414062 731.742797851562 735.274719238281 739.606506347656 743.373779296875 744.351806640625 696.271362304688 543.608764648438 555.960998535156 628.739013671875 431.911163330078 761.889465332031
221.273101806641 220.95817565918 220.847778320312 221.369537353516 222.065505981445 222.591354370117 222.49641418457 222.666061401367 223.67936706543 225.39241027832 225.609832763672 226.680099487305 227.238754272461 228.477828979492 229.077407836914 271.809753417969 472.963531494141 660.935913085938 460.23095703125 235.763641357422 237.087661743164 317.904907226562 540.273681640625 541.112182617188 585.817932128906 711.806884765625 633.857543945312 496.841766357422 713.782470703125 586.4150390625 637.443298339844 506.713317871094 718.488342285156 719.667541503906 721.385498046875 677.205627441406 521.770935058594 526.732666015625 732.236389160156 736.014770507812 741.083740234375 745.380187988281 746.170959472656 748.532470703125 701.513977050781 622.400207519531 704.902099609375 551.794616699219 569.54296875
-3.4e+38 219.661819458008 219.44938659668 219.532897949219 219.833358764648 220.292572021484 220.458358764648 221.522506713867 222.808258056641 224.10758972168 224.094787597656 224.535766601562 225.52392578125 227.541229248047 227.699417114258 228.616729736328 272.06591796875 475.546539306641 435.186767578125 539.096252441406 459.535827636719 282.410125732422 487.514129638672 709.621337890625 710.7529296875 711.39208984375 665.83984375 586.559509277344 712.963012695312 714.029724121094 668.611694335938 590.005004882812 718.554077148438 719.492797851562 722.761962890625 728.626281738281 681.627075195312 603.048461914062 734.40966796875 660.897521972656 539.89990234375 747.481323242188 670.668029785156 552.033874511719 753.789367675781 757.319458007812 759.157470703125 709.364501953125 554.8408203125
217.999938964844 217.947982788086 217.656524658203 217.818939208984 218.940124511719 219.01774597168 219.08332824707 220.075592041016 221.774444580078 222.448532104492 222.412887573242 223.141525268555 224.843124389648 225.898559570312 308.091522216797 538.438171386719 456.649475097656 354.977447509766 275.442810058594 480.719665527344 661.936828613281 539.113525390625 584.364013671875 629.132995605469 491.824676513672 710.730529785156 711.090454101562 712.017395019531 712.831298828125 715.242248535156 717.629638671875 720.309326171875 720.057312011719 719.465026855469 722.614562988281 727.971801757812 731.211242675781 654.771301269531 453.121612548828 484.838073730469 532.630737304688 749.489013671875 698.956481933594 542.798767089844 -3.4e+38 761.333557128906 767.270141601562 764.040161132812 713.767578125
216.035049438477 215.990646362305 216.670928955078 216.985076904297 216.467666625977 216.787231445312 217.460296630859 219.351699829102 219.447250366211 220.19465637207 222.06298828125 222.72819519043 223.347091674805 224.134918212891 268.890350341797 390.154846191406 473.932434082031 701.44384765625 538.29833984375 -3.4e+38 -3.4e+38 361.952270507812 707.814514160156 708.273681640625 708.75634765625 710.114685058594 711.572998046875 712.914794921875 714.616943359375 717.942443847656 719.756958007812 720.567077636719 671.44580078125 464.933868408203 339.158752441406 597.479553222656 680.077087402344 522.780822753906 532.053894042969 739.20849609375 691.988708496094 748.852722167969 674.549926757812 559.247192382812 760.173583984375 764.525085449219 780.55712890625 797.969787597656 772.8759765625
214.338973999023 214.766143798828 216.552429199219 216.406860351562 216.035797119141 216.235641479492 217.063385009766 219.046508789062 219.933715820312 220.042327880859 221.017684936523 222.106887817383 223.26823425293 309.102172851562 454.665191650391 226.541885375977 356.314544677734 619.510131835938 704.808532714844 -3.4e+38 536.814880371094 -3.4e+38 707.457885742188 -3.4e+38 709.136352539062 710.673034667969 712.260681152344 714.237365722656 714.920227050781 638.294128417969 510.431213378906 722.478942871094 721.632202148438 673.371215820312 595.2529296875 726.44091796875 -3.4e+38 602.056579589844 403.331848144531 741.49072265625 743.897033691406 748.537475585938 701.659790039062 625.399536132812 762.638671875 712.73486328125 -3.4e+38 784.70654296875 776.787536621094
213.334396362305 214.02734375 214.660736083984 215.012664794922 215.582244873047 216.307739257812 -3.4e+38 217.810195922852 219.916961669922 220.121200561523 220.578582763672 222.382080078125 309.774841308594 500.643920898438 428.889007568359 538.5107421875 499.099578857422 349.099243164062 482.639068603516 -3.4e+38 -3.4e+38 -3.4e+38 -3.4e+38 708.229187011719 709.828125 711.506225585938 712.443359375 715.160949707031 715.553344726562 669.948181152344 593.376586914062 723.919250488281 723.533264160156 723.5224609375 725.016235351562 727.854614257812 731.0830078125 683.268493652344 607.029602050781 741.356506347656 744.670043945312 750.163635253906 754.450927734375 759.145324707031 763.630981445312 676.436950683594 548.931213378906 776.496948242188 779.098693847656
211.769500732422 212.867340087891 213.63623046875 213.916717529297 214.895278930664 215.659423828125 216.583511352539 217.54736328125 218.570602416992 219.76985168457 220.861480712891 309.697143554688 587.001953125 574.559143066406 355.526000976562 -3.4e+38 432.478363037109 540.283203125 362.066040039062 709.122314453125 662.564331054688 585.911865234375 709.755187988281 710.0693359375 628.084899902344 496.807067871094 630.966918945312 501.770233154297 633.663757324219 636.526672363281 511.342041015625 641.877197265625 433.592193603516 435.846435546875 520.054016113281 729.757080078125 733.051391601562 735.638977050781 657.065734863281 539.106994628906 746.137512207031 753.00146484375 755.372314453125 759.606384277344 765.074523925781 -3.4e+38 721.16162109375 776.938598632812 779.264770507812
211.784210205078 211.984313964844 212.628326416016 213.901473999023 214.448013305664 215.114517211914 216.986557006836 217.106094360352 217.496429443359 219.319534301758 220.592086791992 354.382049560547 706.917907714844 573.527221679688 269.681457519531 432.158233642578 499.287078857422 395.648406982422 586.950866699219 625.348693847656 490.295074462891 626.357849121094 407.015838623047 493.295196533203 580.296813964844 289.308044433594 451.848541259766 508.108062744141 371.63134765625 586.106689453125 384.107116699219 674.036193847656 462.358123779297 255.601913452148 309.244018554688 524.991638183594 -3.4e+38 -3.4e+38 687.229553222656 611.595031738281 748.367980957031 756.291076660156 759.284240722656 762.41748046875 767.943176269531 786.196411132812 807.433349609375 778.189392089844 782.060363769531
211.446807861328 211.593032836914 212.645156860352 213.400009155273 214.55793762207 215.668884277344 217.167327880859 217.718322753906 217.876419067383 218.985900878906 220.230545043945 355.992279052734 619.422058105469 342.475860595703 223.85595703125 271.571350097656 346.945526123047 227.538208007812 623.598510742188 355.716613769531 282.406188964844 358.666534423828 235.823272705078 285.151123046875 448.743377685547 456.409820556641 291.420532226562 455.684265136719 543.074035644531 459.107727050781 594.666259765625 725.753845214844 592.4248046875 338.383911132812 548.078430175781 601.963317871094 735.308532714844 738.655212402344 742.261779785156 746.345520019531 751.327758789062 758.887939453125 762.382568359375 767.196594238281 771.361999511719 776.535339355469 780.506225585938 778.904113769531 784.291015625
210.814361572266 212.143646240234 213.408309936523 214.968460083008 215.293594360352 216.185623168945 217.894973754883 218.106781005859 217.999221801758 309.288696289062 544.629028320312 499.639984130859 432.101898193359 454.087493896484 313.085327148438 452.608947753906 225.902053833008 227.510162353516 441.084381103516 544.9833984375 457.657806396484 235.443069458008 236.48567199707 323.485198974609 590.922302246094 667.2001953125 456.593017578125 380.148773193359 637.747802734375 511.604064941406 429.653106689453 517.054443359375 677.277099609375 600.269836425781 731.832458496094 733.679321289062 -3.4e+38 739.990966796875 743.060607910156 747.517517089844 751.103881835938 758.404418945312 763.326721191406 769.174438476562 773.217529296875 774.491882324219 777.041137695312 781.88720703125 787.655090332031
211.164001464844 213.336517333984 213.948440551758 214.464691162109 214.868225097656 216.421615600586 309.269714355469 217.024215698242 217.886505126953 356.074432373047 709.296020507812 574.343566894531 270.369506835938 343.332672119141 271.413024902344 344.932189941406 225.936004638672 227.572067260742 591.226989746094 716.368041992188 668.528076171875 545.625305175781 545.3564453125 506.308715820312 501.480682373047 720.047485351562 583.55126953125 380.735595703125 673.700073242188 676.476196289062 546.207336425781 598.745300292969 730.890747070312 732.85791015625 732.293212890625 734.626281738281 738.021057128906 741.008850097656 744.740234375 748.174499511719 752.573791503906 759.686096191406 765.017028808594 769.008483886719 773.459777832031 -3.4e+38 780.639953613281 786.479553222656 790.371826171875
210.971694946289 212.224746704102 212.53498840332 213.246337890625 213.589569091797 215.122329711914 260.958312988281 547.522644042969 453.698547363281 265.113891601562 385.098266601562 341.739990234375 223.865310668945 224.151489257812 315.447662353516 452.284240722656 225.909606933594 227.29328918457 402.375823974609 493.937194824219 718.989990234375 722.292907714844 722.122009277344 671.227600097656 596.443603515625 723.157165527344 670.86181640625 508.890655517578 512.992370605469 730.719848632812 729.739562988281 729.611267089844 733.03759765625 734.724853515625 735.333740234375 738.970397949219 -3.4e+38 745.9052734375 748.81494140625 751.178588867188 756.868530273438 763.051208496094 767.025085449219 770.789367675781 774.807434082031 779.369750976562 784.255126953125 788.813171386719 793.858093261719
211.419631958008 211.481628417969 211.684448242188 212.576217651367 212.854080200195 214.708404541016 216.755584716797 380.13671875 335.923553466797 219.873336791992 221.050674438477 223.115539550781 223.609375 315.965026855469 501.063659667969 437.784973144531 453.684539794922 228.130279541016 543.966186523438 594.173461914062 719.907348632812 721.732666015625 722.616516113281 725.15087890625 726.045471191406 725.171264648438 724.876647949219 674.743896484375 602.814697265625 732.830078125 731.641967773438 732.501159667969 736.986267089844 740.232360839844 742.711791992188 746.341857910156 746.184020996094 749.388061523438 751.908386230469 755.823120117188 762.023620605469 767.978454589844 770.920654296875 775.691833496094 780.022277832031 782.688720703125 786.971252441406 791.716003417969 797.984619140625
210.982894897461 212.213150024414 211.869491577148 212.718612670898 213.876998901367 215.091400146484 215.663436889648 218.391189575195 219.804382324219 220.24543762207 221.445220947266 222.318405151367 222.940490722656 364.980163574219 665.575256347656 594.399841308594 575.301635742188 228.141571044922 716.594116210938 718.281372070312 720.587890625 723.386840820312 725.779907226562 728.847778320312 729.661254882812 728.304504394531 729.256530761719 730.52197265625 733.713989257812 734.866821289062 735.060363769531 736.21142578125 739.668151855469 743.494934082031 745.944519042969 750.369689941406 750.815307617188 753.111389160156 757.008666992188 760.125183105469 764.060302734375 773.933044433594 777.462097167969 781.203735351562 785.025024414062 785.931640625 790.722351074219 796.565002441406 802.950500488281
210.5302734375 211.349685668945 211.239440917969 309.718048095703 453.583770751953 214.108245849609 214.886840820312 218.122436523438 218.82893371582 219.915405273438 220.507507324219 221.162384033203 222.228057861328 366.544677734375 715.967529296875 717.15185546875 667.794555664062 545.450622558594 718.995239257812 720.46533203125 722.325622558594 724.230163574219 -3.4e+38 730.26318359375 731.169006347656 731.920837402344 733.184204101562 733.643920898438 735.883422851562 739.5400390625 739.041198730469 739.875305175781 741.982788085938 745.136047363281 748.389221191406 752.216613769531 756.055786132812 760.119140625 762.902770996094 765.607177734375 770.238220214844 776.766174316406 781.768005371094 786.162658691406 788.490234375 790.195617675781 794.847412109375 799.584167480469 806.065246582031
