rcp8.5models/GFDL_CM3/sc1gr9.2
NCOLS 261 
NROWS 433 
XLLCORNER 336357.134 
YLLCORNER 654653.479 
CELLSIZE 1000 
NODATA_value -9999 
[rows 154 to 175 of 433, columns 150 to 199 of 261]
194.258124867097 194.020343724163 193.421569951724 193.511971117515 192.869387456248 193.837516873349 194.31010769862 194.181044796739 194.141846035064 194.48846867995 195.092653864409 196.280429192121 196.152174844561 195.710220756962 197.307257030805 199.875752298504 201.444103168015 -9999 206.235978942221 211.80895671685 213.620820183328 215.022271675665 216.690478819018 217.279070872551 218.665770985098 220.459458538349 221.128788370036 222.451204815803 223.527499441086 224.209037988882 226.139605142187 226.825843262982 227.108769261905 227.392984238908 227.678436844001 228.578461510282 229.901674242093 -9999 230.829270975696 231.682165198603 231.978746007582 232.276267459807 232.874003545652 233.17412226944 233.475027390449 233.470978861221 -9999 234.038175918166 234.237621529459 234.385217185125
191.70994550108 191.552195127692 191.533093585902 191.284672844088 190.685139954419 -9999 192.011688309213 192.146089777104 204.599788350104 218.65167730633 192.026034443872 193.352947401877 192.802591407135 193.289663102539 194.582656949431 -9999 199.998056923844 202.461236618203 203.774655072127 209.269912038922 211.446508658257 212.563335492839 214.253864345943 215.243046457685 216.88263263296 218.058691401482 219.459718201476 221.254432095027 221.524472584043 222.207154626933 224.390524659332 224.668733395567 224.948302754507 225.654406186949 226.666725060037 227.429406300512 228.520612635403 228.809464433519 229.099383869448 229.390313923583 230.128278376384 231.14705843784 231.740472770795 232.03847066209 232.337272057911 232.503101486379 232.493287972504 232.636638631296 232.937547521375 233.239073332767
188.433718723955 188.845079608071 189.254673135728 188.799659873126 188.774865976556 189.139526940145 189.831099520055 190.291010998508 200.088001102311 211.635886363625 190.372811620979 190.935680502285 190.438575855523 191.605987806723 193.140280613559 195.146627759639 -9999 200.468601918499 202.342521908189 206.824173522684 208.918366982786 210.231296054421 212.197055696715 213.326350519239 215.020483293442 215.618524374923 216.930407185421 218.680394500278 219.471227167245 221.178461893112 222.485523061956 222.671509496541 223.580625373108 -9999 225.776956780579 226.060254752683 226.344729362473 227.067510743172 228.083884764965 228.374045244017 229.008593960915 229.730332682078 230.238114164528 230.608397284412 230.695917184429 230.889805702263 231.028438012412 231.32504420447 231.622268139978 231.920071505154
186.011216994544 186.691923767184 186.665433268713 186.072907891567 186.820341424745 187.303727874464 187.76447903076 188.358761523995 187.679003272261 188.439974240289 189.038395204811 189.335315246132 189.232903322443 190.497030592003 192.159349130859 193.892814557303 195.660763364412 198.326617379652 200.562233010377 204.62107610134 206.497263361684 207.732746516278 209.659656185519 210.987012887915 212.956135178188 213.893776270501 215.420892975196 216.265410678089 217.351881383252 219.235474100355 219.916927144581 220.537121607147 222.215881376287 -9999 223.649390071407 224.361358775944 225.375840208737 226.000294359422 226.852228054612 227.139235323474 227.427219373587 227.617419751074 228.593427024815 229.67246495 229.809346149119 230.105206773902 -9999 230.699120756568 230.99710570251 231.295719290151
184.292124502429 184.526725487244 183.832818071086 183.897395642336 184.614772535697 185.48053837052 185.842405291768 186.420277405024 186.225675056101 186.070707859642 186.874494846388 187.636676929485 188.132390381077 189.093523273647 190.882704196668 192.611743153858 195.075020446919 197.086246811124 198.493608913279 202.260854725578 204.411345943447 205.562096745909 207.229275854649 208.59117992615 210.619423844722 211.680173777001 213.592925345821 214.669568812542 216.202837244659 217.049739064575 217.997936528095 219.33393765364 220.320334753652 221.257570850194 222.268290201906 222.883304097835 223.734137928181 224.197175004146 224.785530585963 225.513873619138 226.532536618297 226.821881529491 227.752124793243 228.601246753674 228.893616289519 229.18673071043 229.480552914009 229.775034350017 230.070142479687 230.365844338262
182.128049315392 181.527253310176 181.383100753044 181.830442376281 182.40796223455 183.090358161733 183.700066068305 184.444911545748 185.099752374075 184.974165576952 185.549806913416 199.198230424503 213.650917451671 188.071497595977 -9999 190.546662468148 193.741117295988 196.06425962837 197.551747090891 200.529516593437 202.281025475491 204.008465877378 205.740520241499 207.132706751892 208.249753955687 209.426744951046 211.138845465527 212.450054590853 214.201222533575 214.626116782531 217.259677260008 218.108708287181 218.800941666683 220.144025000211 220.99461718553 221.269278395601 221.980038229319 223.135652809518 223.6547332815 224.28083661861 225.131293479804 225.41550852462 226.442200220951 227.656902191206 228.258806098366 228.552513573591 228.846976839061 229.142154716596 229.438014511053 229.734521935964
179.632008054032 178.705737744797 191.261562789554 217.931241207921 206.714684436961 180.822092534132 181.495883803487 194.458387076102 183.441726613234 184.015141892971 184.385926908118 -9999 -9999 213.620274329697 -9999 189.56207664451 191.826003868405 193.857717639372 195.855035769399 198.932126417904 200.137841480386 202.137414191571 203.595366276968 205.542379670949 206.567449067751 208.045027748713 209.402883585112 210.929145809989 211.771707639699 212.571501595339 215.240597863876 216.0948464807 217.852921752666 218.910138863526 219.610741387207 220.622640095635 221.238174763956 222.089695801448 222.367674501734 222.646701690832 223.37347817309 224.391099412704 225.310647153608 226.307769044009 226.832435114812 227.120633144182 227.409512076142 227.699031497502 227.989159519334 228.279849101928
174.803760048248 185.664298659283 196.770711101392 175.642156820046 176.438357574698 186.868204820148 198.783908912982 178.373441562299 179.293586619672 180.530380416576 181.75949791202 -9999 -9999 183.978330535942 185.344136125679 187.333060934444 188.743321746069 190.794654887457 192.075027250211 195.048562367 197.156672243626 198.518229089993 200.599503274268 201.317494746191 202.899717812855 204.472945583292 206.021641217627 207.269631449215 208.844398909423 210.262629154943 212.471398480075 213.318432047144 214.00285868003 215.345146444614 216.331530069667 217.362170290067 218.534788473955 219.148732741822 220.17991407222 220.75821768274 221.605742678783 222.829364287878 223.745384290476 224.596121281062 224.880399710004 225.036871786336 225.118216969147 225.304397438448 226.009478447292 227.089180373171
172.524257173531 185.518181409223 200.340177857148 173.68854731011 174.384003365575 175.824597233331 176.286252331305 189.373180501366 178.346846382461 179.434891247624 -9999 -9999 -9999 183.204105671013 183.971094213833 185.449691189947 187.104200135932 188.826114770868 190.520695836376 193.592048541864 195.082465699118 196.791087506257 198.526254254529 -9999 201.40194335702 202.529114151976 204.227813366422 205.409198427645 207.12794968387 208.115309340588 211.029766717435 211.912868789628 213.253157189045 214.102112150886 214.794769776234 216.144103344746 216.994354261862 217.262402912791 218.114328823318 219.366067829944 220.083901182943 221.278422433042 222.596781804996 223.619492274819 223.903460322112 224.090025978879 224.219701889885 224.506041149876 225.151805289425 225.996950016793
169.977832905292 180.35221533396 193.702299848035 172.820334340419 173.478587541038 174.440612163146 174.992673900895 185.295011691721 176.996007604001 177.554109710449 -9999 -9999 -9999 181.799370802171 182.691233515604 184.616425046014 185.995090939203 187.641306592922 189.044089268514 192.292820883715 193.408659760095 195.364339556403 196.388191961779 198.371912680097 199.44184434918 200.906514139663 202.531049507769 204.124905492787 205.582311740486 206.907030577214 208.877529883831 210.375906771948 211.507484845552 212.694123533603 214.041584890365 214.892246899949 215.592993741249 216.605654004353 217.219908150822 218.07085852968 218.78932201821 219.950577047615 221.092761077511 221.942757179871 222.413091818605 223.001853287939 223.752599682228 224.779616368415 225.066565635285 225.354151346499
167.798350985137 168.849242234675 171.028760324864 171.486935204232 172.315161117641 172.651900136656 173.200288417199 173.541918371572 174.775776461543 175.829859436908 -9999 -9999 179.348407096556 180.569849067794 181.465592111177 183.295979670421 185.138794775811 186.223880978209 187.328288031976 190.420508219823 191.942245022512 193.724595170336 195.226147349849 196.543100632714 198.121681003398 199.690742589775 201.236999225638 202.322925260024 203.871104460889 205.669237218656 -9999 208.508618654641 209.411251435727 211.267031425538 212.318565032305 213.184209651599 214.836376748649 215.688521613221 216.397182246549 217.413281896121 218.032902912861 218.88477461128 219.887506868089 220.908850437041 221.334170271318 221.850275912881 222.488075791887 223.335886651225 223.81539001845 224.886898450928
166.013339901245 166.963041231356 168.914938866022 169.344305260696 170.112672101738 170.476278236349 171.185934785402 171.638909226135 173.666058343716 174.509161056131 175.741431266599 176.233933698817 177.747505779417 179.501365166878 180.440295785905 182.001093050372 183.416344418236 184.22213510745 186.052661403296 189.104236989173 190.64489955413 192.25437094461 193.903898429785 195.697032455338 196.616347497564 197.84701951169 199.641853093134 200.411211300649 202.054619412958 203.635018483383 206.41690606255 207.087375131496 208.426911533476 209.794618086695 210.961382537903 211.813884554563 213.538012633269 214.725788613549 215.637190541979 216.490601538639 217.207007715304 218.226553107049 219.12661518649 219.978268719194 220.253515896451 220.994516515011 222.019706995408 222.299889625368 222.731415146983 223.611071481234
164.219304360616 165.168532503957 167.119961777375 167.347446256036 167.768272525229 168.237526737278 168.795727945836 169.828508621778 172.688930803706 173.034803818275 173.582157178937 174.41670561081 176.408024899023 177.94883830324 179.476374471883 180.572454816479 181.41390528349 183.004202664251 184.623624287682 187.607736577046 188.797594374163 190.586673490412 191.727369312955 193.820412461692 194.800526075503 196.484746564134 198.001907711647 199.521551939731 -9999 202.226262339309 204.492529540794 -9999 207.597736228596 208.94217213335 209.791267123722 210.572319101668 212.202672837957 213.393024604896 214.332308583449 215.347844480775 216.143555176225 217.298145536317 218.296376747011 219.320018598586 219.595737844052 220.229242003724 221.080109131304 221.357371777449 222.109203175402 223.138228152203
162.416110274039 163.26927400978 165.102192156493 165.462718350482 165.786269793498 166.320416218098 167.009389215299 168.723795004213 170.865758405513 171.478207172029 172.688466225113 173.448150430131 174.625369321435 175.917850203774 177.81363947306 179.033245801011 180.484187408216 181.667026925891 182.644399537804 185.78582974787 187.547498934464 189.13736480516 190.43204163756 191.854912548901 193.649333687106 195.119771635647 196.675252457302 -9999 200.008694600612 200.849030807425 203.05565152729 204.832218990002 -9999 207.681535020676 208.36422512707 209.715879652374 210.659076906782 211.514678479884 212.992931151975 214.045621174148 214.896896191043 216.151137046849 217.52855589253 218.382934906935 219.1180249067 220.14511218415 220.422270620231 220.700160100248 221.339602654734 222.18917821945
160.328037006957 161.379449585735 174.841828573852 201.452851772194 189.97987230081 164.857921007715 166.16128586585 167.213531093619 168.783038125516 170.361162263968 171.612399294331 172.155439031663 172.88203063504 174.50824824099 175.985543887899 177.847459005053 178.877615656578 180.001030486447 181.478313737309 184.641113875713 186.171558694117 187.880723305847 189.593157389937 190.97966675502 192.485477320026 193.995572199185 195.363576479731 -9999 198.970768802453 200.164734132452 201.999900530977 203.426438555211 205.104863567676 206.542653480102 207.30172233636 208.881157683575 209.892302973004 210.495614471505 211.883490628656 213.175223310753 213.988386849977 214.841703875429 216.959592710565 217.414430640845 218.346981926428 219.201803903885 219.944081422962 220.974644579276 221.25309230521 221.532186471709
158.30139995595 160.072092080682 182.506467285218 218.36593987468 183.093482326628 163.108729486987 164.884680563083 165.211364049999 180.0489407978 195.222349022594 169.360156768396 170.407278914139 172.014648166553 173.46062031035 175.004591154859 176.076490383221 176.959123109014 178.782818533581 180.634758020058 183.477232414391 184.966053400243 186.391077497731 188.335294772357 190.051790101586 191.443553331582 192.954187533533 194.468432838005 195.429671670013 196.831735985069 198.954384991686 201.228954882186 202.499113734956 204.043118212352 205.250856896191 206.06165702716 207.647460560667 208.668761076175 209.657439915519 211.021009547223 211.967811769203 212.833000601042 213.971170941559 215.64276854132 216.511627499678 217.772833150629 218.044081291605 218.865139895232 220.024916686823 220.774216124512 221.808261842235
156.487524143813 170.302447798295 194.885997706442 180.882604745624 160.088406165008 161.484769319035 162.77219439394 163.370205750434 176.500423440605 188.335571721458 167.451316992034 169.071457751379 170.810608263531 172.522570270006 173.695830095788 -9999 176.071696724018 177.465586311172 179.235158925541 182.537821687993 184.121277532293 185.412410546113 186.948998288028 188.844212721142 190.229881809773 192.017209855967 193.215053785499 193.847357424247 195.256175570038 196.91078062545 200.098080053943 201.7257294042 203.090798226874 204.366780856994 205.154087273981 206.439509742637 207.583913958197 208.416953166357 209.885469292543 211.198397392455 211.809857745305 213.209479243094 214.772207441288 215.593645491508 216.448448948367 217.180962555364 218.355331157679 218.863051838461 219.69064084146 220.85189644198
155.446076457984 177.768704255099 204.005236898237 157.794137106147 159.000622566907 159.952644640061 160.575483632449 173.810353637126 164.360249126798 165.151695762248 166.598188315888 167.570114123737 168.89893602115 170.881997362456 171.93938232267 173.559312304499 175.019187745954 -9999 177.878268206146 181.306348472836 183.141993899693 -9999 185.177771988469 187.04187793271 188.305138750185 190.371952141532 191.550031119764 193.068057485898 194.321958037573 195.73592927387 -9999 200.592678231828 202.225188173854 203.164568128059 204.110810293649 205.663227767465 206.953564236358 207.965813637337 208.703568105801 210.237400600558 211.430831377768 212.341156798349 214.010261887239 215.311015620836 215.7759405908 216.403177387458 217.726430859474 218.757964653957 219.177087717818 219.685916177706
154.150741217473 163.983101227539 175.867932195158 155.844413557204 157.790348749981 158.101260027948 158.982511942387 170.329365878034 162.388657056705 163.934134268898 165.370203399765 166.082420667247 167.701807057286 169.060622062854 170.797499103501 172.347939769549 174.073207840967 175.249108439056 -9999 179.298006685154 181.305096923284 182.407840608041 183.983702650123 185.40505357921 187.071895337518 188.434053404644 190.170127831555 191.933027822166 193.539966080527 194.799241152358 -9999 199.420744618937 200.928095405729 202.094413229992 203.171513597873 204.81573973372 206.174941954654 207.470156839719 208.485371159642 209.089434904811 210.531112372911 211.961784319778 213.138306816912 214.549063533242 215.732423588153 216.119741113589 216.946596807034 217.803143167598 218.545910286503 219.457389127451
205.684693918521 181.110361067285 173.870364150745 153.165373840108 153.670770598924 154.590654807286 156.604511148111 157.114782104691 160.047973857342 160.744151017048 -9999 163.556802757039 164.79919464493 166.853862743864 167.57993480291 169.207499932822 170.582550892912 172.32995066277 173.897277800883 177.21269960108 178.584587701494 180.072378604851 181.685836556633 183.376349590487 185.227914677037 186.668206286988 187.983449978752 189.426320149375 191.231444547985 192.720678786724 -9999 197.655044770594 198.932831394561 200.281806163216 201.697698245769 203.027242147749 204.052825339332 205.83686154694 207.205951246982 208.510759968683 209.531995120576 209.785983261199 211.852024331998 213.292596464446 213.854247003054 214.479693979051 215.807727589097 216.843456706716 217.112167852212 217.381511508731
168.694750093838 148.732198347601 150.677448766711 150.973267283822 151.839083138405 153.162660006732 154.333148129115 155.335340443304 158.539610755863 159.858003091524 160.91012542744 161.639588472557 163.175006941244 165.076962868946 166.786342068878 168.341530416431 169.689896103969 171.152791832026 172.740276017945 176.143694611859 177.637610918856 179.11716958836 180.705018613499 182.125771413509 183.779011401632 186.007483947135 187.897656587906 188.945054483188 190.825286342561 -9999 -9999 196.601073433956 198.143782047152 199.426709501278 200.78076868852 202.0706692155 203.414442616722 204.758184231921 206.351126166874 207.725139913553 209.034660953959 210.058968601582 210.927711155139 212.38701653489 213.651333752046 214.0944644487 215.021468041658 215.882766459611 216.622159478339 217.661644156425
183.576797691071 173.403835745608 148.797851199296 149.361911167924 150.844115650653 163.96591856765 178.663623870451 154.196630077478 156.686580190339 158.532257187907 159.230629580407 160.843478618319 162.19728355754 163.92507964945 165.512174295076 167.272831351983 168.739514755231 170.19268727501 171.759155463532 174.911000961565 176.566032668558 178.250537319752 179.907994337767 181.141815216222 183.046331359085 185.468531219943 187.092861139904 188.694007631282 190.144024648679 191.489380324074 -9999 -9999 197.28289247022 198.635073840146 199.923115966252 201.282237932813 202.665943827415 204.080119179606 205.269940110841 206.867798673839 208.246729686543 209.108433198197 -9999 -9999 -9999 213.957919996953 214.635880037864 215.201422671273 215.832646401529 217.170538692303
