rcp8.5models/GFDL_CM3/sc1gr4.8
NCOLS 261 
NROWS 433 
XLLCORNER 336357.134 
YLLCORNER 654653.479 
CELLSIZE 1000 
NODATA_value -3.4e+38 
[rows 352 to 373 of 433, columns 49 to 97 of 261]
268.507690429688 269.143371582031 269.852294921875 269.858184814453 269.791931152344 269.915710449219 269.865936279297 269.859924316406 269.986694335938 270.27001953125 270.244262695312 270.645904541016 270.518646240234 270.543121337891 270.7919921875 270.797485351562 270.931121826172 270.995513916016 269.52392578125 270.581756591797 271.077514648438 270.855651855469 270.829650878906 270.983673095703 271.323089599609 269.493713378906 269.911956787109 268.322662353516 266.275970458984 266.750915527344 265.836090087891 264.749114990234 260.921539306641 256.374847412109 256.059844970703 261.409271240234 267.964019775391 268.713195800781 268.472076416016 262.919647216797 249.99983215332 264.945373535156 271.390930175781 272.115173339844 272.441375732422 272.696411132812 273.420623779297 272.307037353516 269.877655029297
269.120208740234 269.386810302734 269.851257324219 269.724395751953 269.583984375 269.977478027344 270.273651123047 269.638214111328 269.690338134766 270.044586181641 270.300659179688 270.647521972656 270.649993896484 270.601257324219 270.669311523438 270.442016601562 270.621185302734 270.81982421875 270.402923583984 271.349487304688 271.175598144531 271.015533447266 270.459197998047 270.6826171875 271.377166748047 271.202880859375 271.173583984375 271.531799316406 271.678375244141 267.334930419922 265.608245849609 265.957489013672 266.022369384766 260.401123046875 255.049575805664 256.680419921875 263.407623291016 268.756805419922 270.353820800781 266.287902832031 252.315704345703 257.477661132812 267.548370361328 271.608215332031 271.203796386719 271.00146484375 272.781829833984 273.399841308594 269.921508789062
269.346771240234 269.575958251953 269.794097900391 269.793426513672 269.709259033203 269.74951171875 269.87548828125 269.92431640625 270.111419677734 270.109130859375 270.345001220703 270.431640625 270.573364257812 270.754058837891 270.487335205078 270.380126953125 270.486602783203 270.672790527344 270.467864990234 270.895355224609 271.219543457031 271.270446777344 270.864776611328 269.933319091797 270.118133544922 271.122344970703 271.407745361328 271.108062744141 271.298431396484 266.804016113281 264.791015625 266.707855224609 267.524963378906 261.596801757812 255.065979003906 253.502548217773 255.782760620117 262.606872558594 268.799072265625 267.87353515625 258.618255615234 243.610641479492 258.324859619141 269.54248046875 271.889129638672 268.703857421875 269.07666015625 272.426849365234 270.299713134766
269.089721679688 269.545806884766 269.906219482422 269.908752441406 269.715576171875 269.623352050781 269.812835693359 270.002777099609 270.156463623047 270.187561035156 270.291900634766 270.1845703125 270.245971679688 270.673919677734 270.694000244141 270.346740722656 270.117340087891 270.507049560547 268.946716308594 269.579498291016 271.147308349609 271.254943847656 271.420074462891 270.482971191406 270.206787109375 271.183563232422 271.720306396484 271.170867919922 271.253845214844 270.205932617188 267.377410888672 268.536499023438 269.834442138672 266.488647460938 263.941558837891 256.148681640625 251.208755493164 254.944442749023 262.1669921875 267.726013183594 263.514801025391 237.159637451172 243.343200683594 259.293304443359 269.447235107422 267.984893798828 265.815643310547 268.192047119141 269.371276855469
268.906280517578 269.483245849609 269.861968994141 269.732299804688 269.833190917969 269.3369140625 269.071380615234 270.001220703125 269.927642822266 269.938232421875 269.587432861328 269.99853515625 270.170776367188 270.207824707031 270.311401367188 269.319580078125 269.456207275391 270.080108642578 268.454711914062 269.272430419922 270.872802734375 270.091949462891 269.203247070312 269.796905517578 270.824035644531 270.857086181641 271.393188476562 271.683837890625 271.521453857422 271.231475830078 269.094299316406 267.773712158203 267.078155517578 265.882415771484 266.830749511719 263.458160400391 258.917236328125 257.807647705078 260.092559814453 266.498107910156 267.857574462891 244.701126098633 237.740570068359 248.010665893555 262.132232666016 266.310211181641 263.911895751953 263.337982177734 266.404052734375
269.24365234375 269.613739013672 269.727294921875 269.652374267578 270.027740478516 269.432434082031 268.707275390625 270.019165039062 269.907562255859 269.699890136719 269.528198242188 270.208435058594 270.276184082031 268.402496337891 268.814178466797 269.002899169922 268.554901123047 269.391906738281 268.882965087891 269.353698730469 269.935394287109 270.09228515625 266.514068603516 267.439208984375 270.563415527344 268.087890625 269.203247070312 271.727752685547 271.560089111328 271.560119628906 268.169647216797 263.628173828125 262.200164794922 260.963836669922 263.075286865234 265.172424316406 263.865692138672 261.279449462891 259.855316162109 262.623321533203 266.131286621094 257.951171875 244.450332641602 241.044281005859 250.789001464844 260.706146240234 264.753448486328 263.733825683594 264.664489746094
269.474365234375 269.398223876953 269.401458740234 269.274505615234 269.879486083984 269.784545898438 269.133941650391 269.670349121094 269.645050048828 269.621673583984 269.920806884766 269.491333007812 269.170166015625 268.610900878906 266.912445068359 266.910003662109 266.584869384766 266.87109375 268.3388671875 270.135711669922 268.899658203125 269.592926025391 265.957092285156 267.066345214844 269.970672607422 267.384704589844 268.768035888672 271.400909423828 271.6650390625 271.713165283203 269.484008789062 261.836944580078 258.797485351562 259.601196289062 261.189300537109 262.651641845703 262.585876464844 260.988891601562 257.901794433594 257.832366943359 257.696746826172 263.873870849609 252.821914672852 238.473297119141 240.27912902832 252.075576782227 262.974700927734 266.514465332031 264.941162109375
269.239349365234 268.914947509766 269.069763183594 269.295288085938 269.297943115234 269.493774414062 268.550140380859 269.411743164062 269.575592041016 269.954986572266 270.044952392578 267.655883789062 265.542877197266 268.280517578125 266.207641601562 264.052581787109 264.666625976562 265.334808349609 269.675903320312 270.983581542969 269.962921142578 269.934295654297 268.904266357422 269.321411132812 270.094787597656 267.253326416016 266.100799560547 269.4970703125 271.619537353516 271.665222167969 271.612640380859 265.819946289062 259.735382080078 259.394470214844 260.246490478516 260.538513183594 262.190856933594 260.833251953125 254.389007568359 254.485000610352 254.631393432617 259.672729492188 258.884002685547 247.292541503906 242.429138183594 244.275161743164 252.951766967773 263.735107421875 266.553314208984
269.199645996094 268.914978027344 269.135314941406 269.174591064453 268.821716308594 268.859588623047 268.974304199219 269.811798095703 269.831695556641 268.476898193359 266.573760986328 265.727172851562 265.267852783203 265.363922119141 265.491516113281 263.42724609375 263.203063964844 265.173492431641 265.632049560547 268.804931640625 269.848846435547 270.197601318359 267.970489501953 268.216644287109 266.252044677734 264.638793945312 265.518585205078 267.172454833984 269.678070068359 270.819732666016 271.186187744141 269.964569091797 266.089233398438 262.785491943359 262.848785400391 260.227142333984 259.463500976562 260.49755859375 255.822692871094 252.038391113281 254.819931030273 254.856262207031 258.992889404297 259.714996337891 258.03076171875 253.880706787109 249.966812133789 247.986114501953 249.388519287109
269.374053955078 269.152252197266 269.176086425781 269.112854003906 268.75439453125 268.770172119141 268.886047363281 269.738128662109 269.627960205078 268.939422607422 267.107269287109 265.798370361328 265.751129150391 266.229034423828 264.639953613281 265.979309082031 266.645538330078 264.175109863281 266.484741210938 267.954925537109 269.44775390625 269.905609130859 268.184234619141 268.611633300781 267.005493164062 266.573822021484 266.486724853516 265.795227050781 268.882965087891 270.669830322266 270.800018310547 270.801391601562 269.714630126953 266.265472412109 264.295928955078 262.292297363281 258.556488037109 256.977569580078 253.658615112305 250.303741455078 251.228286743164 254.713592529297 256.049896240234 257.190765380859 255.659164428711 253.697250366211 252.773468017578 251.407135009766 247.02912902832
269.193725585938 269.336456298828 269.215515136719 269.089202880859 268.889556884766 268.950653076172 269.0048828125 269.575408935547 269.368530273438 269.090972900391 267.941436767578 266.234069824219 264.297454833984 264.831512451172 264.569763183594 267.072692871094 268.078582763672 265.971343994141 268.702331542969 268.715270996094 269.539611816406 270.199066162109 270.045318603516 269.067565917969 268.766265869141 268.412322998047 265.975250244141 265.971099853516 268.346405029297 270.787445068359 270.240570068359 270.878479003906 271.222473144531 267.694122314453 263.657196044922 261.216430664062 258.221099853516 255.721557617188 253.902984619141 252.024276733398 250.230453491211 256.234313964844 255.339782714844 256.587615966797 255.29833984375 252.539016723633 252.467620849609 253.887741088867 252.521743774414
-3.4e+38 269.182403564453 269.352355957031 269.315979003906 269.352844238281 269.299926757812 268.975952148438 269.267333984375 268.927215576172 268.488220214844 268.081451416016 266.557189941406 263.984466552734 263.393249511719 264.685791015625 266.479797363281 267.683227539062 267.285949707031 269.396057128906 270.019866943359 270.084075927734 270.480438232422 269.469268798828 267.926177978516 269.009338378906 268.322418212891 265.325714111328 267.142150878906 269.048065185547 271.093872070312 270.408843994141 269.799194335938 270.377807617188 269.853729248047 267.772216796875 263.634521484375 260.371154785156 256.602111816406 255.025375366211 253.806701660156 251.39274597168 256.505035400391 257.541564941406 256.976776123047 256.228790283203 253.34130859375 249.968963623047 251.836883544922 255.925201416016
-3.4e+38 269.126220703125 269.492370605469 269.486938476562 269.455963134766 269.27783203125 268.976928710938 269.000793457031 268.964477539062 267.996704101562 267.580291748047 266.129119873047 265.378784179688 264.749206542969 266.285583496094 266.433288574219 267.853240966797 267.426910400391 268.681549072266 269.568481445312 269.730102539062 270.182373046875 269.105865478516 267.365631103516 267.801300048828 267.035980224609 265.129943847656 268.061706542969 270.349884033203 270.256744384766 270.836944580078 269.803131103516 269.898834228516 270.889373779297 268.344940185547 266.086151123047 264.655853271484 260.025787353516 256.692596435547 255.345291137695 253.618637084961 255.695022583008 259.187866210938 258.595001220703 257.805389404297 255.592086791992 251.892272949219 252.541885375977 256.298828125
-3.4e+38 269.243530273438 269.113861083984 269.101379394531 269.152801513672 269.056365966797 268.864440917969 268.916809082031 268.771179199219 268.406890869141 267.676574707031 265.669525146484 265.314331054688 267.119140625 268.847869873047 268.533599853516 268.693389892578 267.675262451172 269.254272460938 269.766326904297 269.816375732422 268.721343994141 269.062652587891 269.367462158203 268.881988525391 265.607666015625 264.359283447266 267.606719970703 270.089019775391 267.677734375 269.203918457031 270.313659667969 269.576629638672 270.168060302734 268.121490478516 264.877960205078 263.795166015625 262.109222412109 258.882568359375 256.527282714844 255.897705078125 256.405975341797 258.381317138672 259.274353027344 257.705993652344 256.451080322266 256.079315185547 255.791625976562 256.854125976562
-3.4e+38 -3.4e+38 269.025268554688 269.056365966797 268.848571777344 268.750579833984 268.68994140625 269.025238037109 268.749237060547 268.665679931641 268.33447265625 267.376831054688 266.474975585938 267.579223632812 269.274047851562 269.723052978516 269.475463867188 268.881439208984 269.466430664062 269.585388183594 269.895080566406 268.450469970703 269.274688720703 270.335510253906 268.97705078125 267.074981689453 266.226867675781 267.440795898438 269.286468505859 268.630950927734 269.318359375 270.383270263672 269.243377685547 268.637329101562 268.969482421875 264.363464355469 260.035552978516 261.982879638672 258.941741943359 253.849716186523 253.198959350586 254.201705932617 253.877563476562 258.060729980469 258.476196289062 257.798675537109 258.055267333984 257.811584472656 257.657989501953
-3.4e+38 -3.4e+38 268.864807128906 268.893585205078 268.722595214844 268.553192138672 268.910797119141 269.127075195312 268.798980712891 268.890411376953 268.576751708984 268.485687255859 268.281097412109 268.411499023438 269.265502929688 269.682983398438 269.655029296875 269.598175048828 268.561859130859 267.307403564453 268.063812255859 268.243865966797 267.990570068359 269.288330078125 266.573272705078 266.262969970703 266.426055908203 265.717895507812 268.187622070312 270.505218505859 270.410369873047 270.469451904297 269.813018798828 268.540374755859 268.046600341797 265.445709228516 259.468994140625 258.223510742188 257.542358398438 253.464706420898 249.499069213867 253.151763916016 251.537780761719 255.025741577148 257.772094726562 258.042999267578 257.830413818359 258.042785644531 257.252746582031
-3.4e+38 -3.4e+38 268.402893066406 268.535095214844 268.429901123047 268.929504394531 269.308471679688 269.021484375 268.802001953125 269.218627929688 268.841339111328 268.621032714844 269.088439941406 269.284393310547 269.347839355469 269.421051025391 269.504638671875 269.870758056641 267.479766845703 265.270172119141 265.718902587891 266.190734863281 265.55078125 268.252105712891 266.890502929688 264.923278808594 265.562072753906 264.449279785156 266.297271728516 270.261657714844 270.357208251953 270.454162597656 270.186126708984 268.494110107422 264.247772216797 261.258514404297 258.238800048828 256.443084716797 256.135589599609 254.742874145508 249.353103637695 252.138381958008 251.496810913086 253.553802490234 254.812850952148 255.498504638672 257.458984375 257.57470703125 255.283157348633
-3.4e+38 -3.4e+38 268.534057617188 268.141662597656 268.462371826172 269.097564697266 269.55029296875 268.941864013672 268.724182128906 268.894683837891 268.937286376953 267.020935058594 268.207855224609 269.516998291016 269.443328857422 268.697967529297 268.661987304688 269.549560546875 267.260559082031 264.052642822266 263.994171142578 264.649108886719 264.480163574219 266.338256835938 267.325317382812 264.946838378906 264.753875732422 264.324981689453 263.28125 269.343811035156 270.215118408203 270.298522949219 270.25439453125 267.889831542969 263.159210205078 259.661468505859 258.974365234375 259.060974121094 255.988174438477 255.010360717773 252.976669311523 250.041000366211 252.563247680664 253.179916381836 252.137420654297 251.115112304688 253.264053344727 256.430541992188 256.515014648438
-3.4e+38 -3.4e+38 268.4375 268.221069335938 268.730407714844 269.030487060547 269.54150390625 269.003967285156 268.766845703125 268.676696777344 268.727722167969 267.751922607422 268.352783203125 269.4541015625 269.598022460938 268.915557861328 268.389190673828 268.590759277344 268.586090087891 265.622161865234 263.429321289062 263.129852294922 264.978820800781 266.686645507812 267.312316894531 265.996276855469 266.288208007812 265.132904052734 260.471343994141 266.284729003906 269.926177978516 269.907135009766 270.150512695312 267.428558349609 264.303375244141 262.421295166016 260.288482666016 259.240234375 257.345153808594 256.191802978516 255.886520385742 251.813079833984 252.284881591797 249.149719238281 248.930648803711 249.529235839844 248.581176757812 253.93977355957 257.730133056641
-3.4e+38 -3.4e+38 269.057708740234 268.997894287109 268.927368164062 269.193725585938 269.164428710938 269.192504882812 269.061492919922 269.043395996094 269.108245849609 269.086791992188 268.690277099609 268.676055908203 269.161926269531 269.345825195312 269.414306640625 269.017120361328 269.524078369141 268.678771972656 267.95068359375 267.288452148438 266.727264404297 264.679595947266 263.856719970703 267.395782470703 270.083465576172 267.113464355469 262.4931640625 261.548583984375 266.78466796875 268.9755859375 269.260467529297 268.936706542969 266.657684326172 264.836761474609 263.279571533203 262.333740234375 261.855285644531 259.996551513672 258.621337890625 252.348251342773 245.459365844727 245.167190551758 245.75830078125 246.157653808594 250.109741210938 248.749496459961 246.699813842773
-3.4e+38 268.998626708984 268.982086181641 268.925323486328 268.887359619141 268.775360107422 268.671234130859 268.986846923828 268.858856201172 268.934143066406 268.918365478516 269.192840576172 268.879089355469 268.84716796875 268.884124755859 269.238891601562 269.411224365234 269.357513427734 268.006530761719 267.607818603516 268.616058349609 268.701690673828 266.450164794922 265.248504638672 266.182250976562 268.335723876953 269.746337890625 266.807769775391 262.463928222656 257.872741699219 261.802337646484 266.415618896484 268.141204833984 268.021301269531 266.665771484375 265.680511474609 264.344879150391 263.069915771484 263.191711425781 263.543212890625 262.620300292969 252.970581054688 248.960983276367 246.705413818359 247.511428833008 244.714111328125 246.663528442383 250.388687133789 248.901748657227
-3.4e+38 268.911376953125 268.833343505859 268.850799560547 268.869995117188 268.683959960938 268.659210205078 268.727813720703 268.612915039062 268.635467529297 268.682037353516 269.190521240234 269.168579101562 269.265808105469 269.164245605469 269.142669677734 268.466796875 268.866424560547 266.561218261719 265.078948974609 265.075775146484 266.131927490234 266.450622558594 266.472564697266 268.258728027344 269.399383544922 269.541015625 268.027923583984 262.428161621094 255.642028808594 256.928619384766 263.629241943359 268.305145263672 268.608306884766 267.23046875 265.471771240234 264.654205322266 264.051910400391 264.486999511719 264.475341796875 263.200714111328 253.338119506836 253.303359985352 249.680816650391 247.458435058594 245.874420166016 241.299987792969 243.365768432617 249.545333862305
