rcp8.5models/GFDL_CM3/sc1gr6.5
NCOLS 261 
NROWS 433 
XLLCORNER 336357.134 
YLLCORNER 654653.479 
CELLSIZE 1000 
NODATA_value -9999 
[rows 110 to 131 of 433, columns 50 to 99 of 261]
1601.61790151602 1609.57811672349 1619.75939953319 1631.10721901839 1640.88092453733 1650.86085760463 1670.15494659099 1678.12691576431 1687.49805592318 1695.16900183035 1702.21574570925 1712.82695002247 1722.77468983624 1734.25407228664 1741.29960467369 1750.37950705029 1761.4367223025 1776.80192235403 1785.05387868781 1793.85121889132 1802.15385054632 1811.78470716781 1820.29191801025 1826.58783419721 1835.76416481332 1845.1364397316 1849.21187181047 1856.65851955864 1877.05604590046 1886.53075216933 1892.75477348463 1904.05432731702 1913.64389232013 1922.31398758058 1935.57561667576 1943.60561170275 1948.79310092805 1951.90956817131 1958.56191402456 1971.11801983372 1986.32435219492 1994.86673001514 2002.79985481379 2009.11647396697 2013.07461837963 2018.16492612084 2026.20555439979 2033.50159128157 2042.91893123481 2050.60165743151
1594.82833360613 1605.63971909914 1616.43823821397 1625.52275450377 1635.60347098871 1643.75677579111 1663.16815256494 1671.6950655896 1681.73213799168 1690.32806971039 1696.61326236215 1705.81497415895 1716.46175623649 1726.28615582492 1735.2383102969 1744.61169285755 1753.60798237126 1773.57263270609 1780.19935533086 1789.17438500733 1797.14488930375 1806.614066078 1816.24824418903 1822.68961925351 1833.02233935687 1842.24619759658 1847.06609989978 1852.71203848437 1871.83255131243 1884.21213506938 1893.82371482667 1902.4747731266 1910.76617611762 1920.12868239121 1930.67112109931 1938.90642559071 1943.4490647911 1951.6512513385 1960.78256473885 1973.6842964194 1984.79982706817 1991.74357441344 2000.02706066445 2005.43783749253 2010.8836400818 2017.83562336951 2024.09839199967 2031.06145966708 2041.92628420203 2048.71104529222
1588.57189243998 1600.51891757183 1610.58767736617 1620.78224957671 1630.70960147621 1639.24969220567 1658.01538749811 1668.13001983682 1674.56693393154 1683.93629581969 1692.19877694216 1699.87259776034 1707.36933208097 1723.19374820257 1729.95977484457 1737.95401502464 1748.87089408748 1766.96194238726 1774.10445455118 1785.94857752367 1792.52800238974 1802.98824738746 1811.09048428762 1817.71645676059 1831.61793705827 1839.62535163059 1845.34329885092 1850.07041736639 1868.51298661804 1879.68853066659 1890.03072721182 1900.49228304677 1908.50353746335 1917.8951340651 1927.1810832122 1934.49365958074 1941.71933952451 1950.71215126673 1962.14373482528 1970.95589755163 1984.43554262904 1992.34909517769 1995.90293487674 2003.68191604939 2011.03750200036 2020.06007551635 2024.25522458787 2028.42730177133 2038.88858760589 2047.08314316413
1585.44300775758 1593.15801746615 1605.54565415287 1615.18077174766 1624.78118159593 1632.77573541599 1652.00779001958 1661.04811482233 1670.34160909104 1679.26100281557 1687.26866642767 1695.87293763807 1702.88154609197 1716.03170704667 1724.98006762363 1733.31937276234 1742.8463250651 1759.66496832671 1769.10420618533 1780.34507967684 1791.23085864239 1800.44989194288 1807.32409743413 1815.95582984104 1826.17154152443 1837.55534565354 1844.90671558569 1849.62054852115 1865.46444396131 1875.6260358374 1883.67411189512 1894.86510091911 1903.72986963088 1911.04257904061 1920.94640890063 1929.2219059976 1940.4902596841 1947.98065549222 1959.92343208975 1968.41633575438 1983.43058251485 1992.10976834497 1994.44022422792 2003.77048658717 2011.2655457743 2015.9084884516 2020.75934096555 2028.03628121534 2037.86027476768 2045.63369501789
1582.60273162761 1589.04519252593 1601.07632908748 1609.24791221716 1618.45249383963 1626.34123747049 1645.65444486021 1656.51974334139 1664.7193300373 1675.20842095791 1681.33045427391 1689.8552488437 1698.79860278653 1709.39177693926 1718.33001860368 1728.32027789558 1736.97096902077 1752.62824599345 1763.98026920653 1774.832088193 1784.03375369314 1795.78679198646 1803.45874241681 1814.67146758266 1821.30185989443 1832.52965384834 1843.13097212106 1849.16802074877 1861.52070094685 -9999 1879.5295283616 1889.14774856173 1898.46913589264 1905.16190956813 1916.10587400372 1925.68602742922 1936.72465042327 1947.6279961818 1954.39454534837 1964.78969614898 1977.65047010847 1986.96995626404 1993.97467250651 2004.60080562175 2007.5862328552 2013.00924782699 2017.91127886806 2026.05076289842 2036.04455955761 2043.78489965942
1571.5751874334 1582.73969001701 1591.00160133489 1601.06423211594 1609.36594798175 1617.53412452468 1635.47658217471 1645.05738188281 1655.2217570397 1663.52106044824 1671.11555550367 1682.39735914657 1687.62029002363 1697.4954209634 1709.04359977261 1715.22499801865 1724.08223695793 1743.5955062296 1750.41345336203 1762.52212525922 1772.07201885809 1785.26436293729 1795.72205799584 1810.50995540038 1812.01830925897 1823.80214058761 1831.9340765658 1839.82878321149 1860.10905900388 1867.79706348253 1872.50237111735 1878.35408990709 1890.55574584811 1898.84179920138 1912.15495714146 1921.53154936452 1928.4315960935 1937.67362145528 1946.35525546151 1953.53600432578 1970.9589375602 -9999 1990.06227827645 1999.48453397873 2010.16571163014 2012.21965113266 2015.61272742514 2022.65813665222 2028.07916976812 2034.55748115364
1566.86702330587 1575.85849623201 1584.78970461604 1593.51507805123 1602.6965796972 1613.35795765367 1628.82247197454 1642.24213786596 1649.07893935205 1660.31540852199 1665.27756017003 1675.53658002279 1684.36212401612 1693.09656452661 1704.41345937392 1712.35287895987 1719.87973449028 1735.67772724704 1743.43043688598 1755.54949529257 1766.93128213877 1777.07070141536 1790.69777798198 1800.44820530376 1805.58897926832 1816.07182061976 1824.60722764658 1836.95683665373 1854.0406772488 1864.51021605362 1871.14560072879 1876.84386527755 1887.11182856783 -9999 1905.22311503117 1915.24689731548 1923.28915314343 1932.89286361811 1944.52418743638 1953.56381791609 1969.70850368127 1980.17965253222 1986.78304797579 1997.40965935293 2003.58480396988 2011.21868793906 2016.07968754634 2023.07001674616 2029.1133889788 2034.61197279289
1563.77051838119 1569.34899865246 1580.38070806122 1588.93756814677 1600.42773191048 1609.15253314546 1625.84263260435 1636.37318066072 1643.76528690917 -9999 -9999 1672.81699543119 1679.39082040227 1689.68689075689 1697.00030698601 1706.45557348743 1717.38449670548 1732.08736543057 1739.536277357 1748.79772236472 1761.83748444424 1771.40406786539 1781.42356777443 1792.56515239627 1801.33855627851 1810.18232580876 1818.93676803379 1829.36049713447 1846.02865285964 1854.80913919505 1866.54331998814 1875.25063847228 1885.36836733149 1893.71988760342 1901.50446368207 1910.00732673881 1918.85089074947 1930.22386540979 1941.38776345409 1950.80337131255 1971.37041760216 1975.11470593 1981.66220045034 1992.92992835921 1995.71995307121 2004.61322924891 2015.88540307832 2022.75694449544 2031.10021552743 2037.5739445786
1557.67242849796 -9999 1575.3576882572 1585.19217600123 1597.20120389435 1604.35484762386 1623.50677221903 1632.01944010117 1642.70920494868 1651.06760285226 1661.78221440843 1668.49576855234 1677.52706791849 1689.02351872105 1697.52703434534 1704.10530828563 1715.45236083979 1729.09870019454 1737.3033885145 1743.93655263554 1755.18123538526 1767.46464281286 1775.75007707846 1785.27600829774 1792.21889119965 1803.46944405831 1815.10231135504 1823.68529527551 1839.66106519615 1849.56938756655 1860.77235037153 1869.84167673609 1879.0110520087 1891.17442872221 1900.78191626741 1909.46630130183 1917.44327418808 1926.01241661323 1934.94713350716 1943.82866962803 1964.43007827212 1968.45270975953 1978.0333866806 1986.54145282751 1991.68694771705 2000.89236098823 2013.69207790567 2018.06546949838 2025.36609806072 2035.75542459225
1554.06678805285 -9999 -9999 -9999 1591.98618634072 1600.68844100339 1619.4543270077 1627.52211064752 1638.3554920967 1645.94180512002 1655.67972789544 1665.3685165173 1675.07655777279 1684.93728703479 1693.9940441004 1702.69139789684 1711.54901298291 1727.21799408635 1733.36083111644 1740.36942953485 1749.62492255105 1759.4035117885 1767.55818582898 1779.02993667799 1787.72577162537 1797.30194586441 1806.21111167902 1816.78151339612 1836.98346177328 1845.90226071494 1856.48194070941 1863.93555169847 -9999 1889.65778342604 1899.68887135534 1909.29034564191 1916.65399831197 1924.61885029409 1933.6228446307 1942.10815038889 1954.12223913585 1963.29002617099 1970.56523408753 1978.99453386458 1988.00384028012 1998.68610635636 2007.43503165465 2012.90970994232 2018.50130789223 2030.96263143224
1548.82178496484 1557.22915781068 -9999 -9999 1588.81565841399 1598.11294653442 1613.71805593982 1625.42681991877 1632.83952036152 1643.26182488088 1651.17024732951 1663.61971814342 1670.16634737017 1679.86716885716 1691.29032393399 1699.77243868717 1708.40442438619 1724.96174038523 1727.92953007799 1738.17492771054 1745.71384089892 1754.99478477867 1762.67734634868 1772.67115515292 1785.0990451181 1793.03144801145 1801.12131984435 1812.45127057255 1834.73784044393 1841.1087386244 1851.39441975908 1861.28309706094 1871.27533433905 1883.90997048111 1895.08548927862 1904.06569637737 1914.87908240708 1923.21587063974 1930.53423171233 1940.16809479425 1948.99806215663 1959.63017753075 1967.31474647928 1974.93472728691 1985.21634124296 1996.55644430859 2002.75437501593 2009.56798857823 2015.96518119841 2026.29266095891
1545.38417889906 1551.21245154688 1561.50665410728 1568.54884087156 1586.25634966691 1596.14945062283 1610.78131608473 1623.54124064904 1629.49144551975 1643.01739317817 1649.95716166545 1657.34615125723 1663.69304627163 1675.20359292245 1686.12794853904 1696.44528088456 1706.21502895093 1721.07010515454 1725.33281286929 1734.68582265653 1743.49605898279 1752.12720853366 1760.09049922499 1767.5577486381 1778.87200001789 1786.12147617053 1797.7100978636 1808.84436129429 1827.80736975352 1836.44190113678 1849.12315483773 1858.51716550684 1868.36802857477 1880.1079695351 1889.61052932116 1899.40867790578 1910.83887221048 1920.65442192218 1924.18088986996 1935.91184818521 1947.25539559536 1956.97865028423 1966.1396042974 1972.95244825842 1983.58097929143 1993.97580960979 2000.54524705442 2006.67980801186 2014.41608486025 2024.14924063226
1538.96850028031 1547.62045302014 1563.27691515571 1570.44087919024 1582.95996763847 1590.05527752006 1607.97793656577 1620.09817873412 1627.97425386359 1636.61202723699 1648.17336294442 1651.74864157694 1659.2843579432 1672.29898468217 1679.50084990091 1690.37952593171 1698.31910294351 1717.39858841565 1723.34526277321 1730.30464405937 1738.19239835007 1750.51620585175 1757.90840672624 1764.71869099037 1773.00034794525 1781.97623754401 1791.00304124613 1801.61315806987 1823.28451655153 1832.98624274912 1843.03772037454 1853.39146281422 1861.36777696336 1874.27038867647 1883.53830012643 1897.53019899763 1905.19399593352 1914.39361306029 1920.33541138804 1932.26109642523 1944.3430163283 1951.85215117875 1961.33550844982 1971.94948256963 1981.03291446585 1989.54576568959 1997.25633251863 2004.33996402117 2013.29112928389 2023.47354865833
1534.95175717199 1546.78588393968 1560.86519956214 1567.44784176986 1579.5318628882 1585.14914347747 1604.50977555505 1614.41597487328 1626.0157595958 1631.75132563896 1644.50441117032 1649.930407908 1658.98588224834 1670.61716472495 1677.32273094519 1686.59278827599 1698.35152442388 1716.63622301544 1724.90722836932 1730.40793003604 1734.81854081841 1746.19361768613 1755.81182729817 1762.98336497977 1770.19427392644 1778.8897507988 1786.69863464128 1796.23638672636 1820.24650066572 1829.80076895221 1836.53722581613 1846.97711740895 1856.71516172602 1868.89173425062 1882.08796065952 1893.58647400892 1899.57585742154 1908.48611202831 1915.53386106655 1927.06142507444 1942.35251464661 1948.38378639234 1957.90117973923 1970.0489831247 1978.45960246238 1985.33748535644 1992.43743473354 2003.30395552293 2011.17293755134 2023.67971115259
1530.99541159947 1544.46988113303 1552.65786186525 1564.53666596554 1572.98657760372 1582.34955700713 1601.35678201482 1606.84651885548 1622.38117506429 1628.92336455346 1637.52643089698 1648.58560554215 1656.93531260553 1665.79048640911 1675.89834783863 1684.48372556808 1694.18170662618 1715.39000505435 1723.50113295801 1729.23562434314 1734.23013795332 1743.42084026583 1750.36434861901 1761.74139680873 1769.63987918353 1776.18478178548 1784.21468013361 1792.04467282205 1816.36838422103 1827.21507735465 1834.08272781323 1845.51571854791 1854.41345278008 1864.90121237566 1879.39535990608 1888.54232536535 1891.85442327188 1901.75867485498 1911.61591428644 1920.59362979339 1937.69110795995 1946.58850927099 1956.64574725257 1967.6297170063 1975.32098685152 1981.4381320208 1988.68378763893 2000.47407388624 2011.48032677861 2022.89431412943
1528.19191694423 1542.18428331941 1547.82737840238 1558.19649859124 1567.45075198295 1576.55232761398 1594.15970134244 1597.81688864831 1612.52398693284 1620.79275054803 1630.54551903263 1641.22976756842 1653.22674219007 1660.88030253048 1668.35303747973 1678.18764313501 1688.69185148056 1712.08077076374 1719.64313180776 1726.1154163424 1733.39585362512 1740.54320525015 1747.28311988685 1757.5534675602 1764.01264642623 1774.57535603807 1782.13798059068 1789.03585038816 1810.62290603489 1821.919155806 1832.87230326187 1842.24022555864 1852.69655410086 1861.70735080634 1873.50002836621 1879.905370451 1886.07419646643 1896.22141114617 1904.88040539772 1913.5560639432 1932.12054697977 1941.2341930706 1950.76925007154 1964.08251108038 1971.47348385132 1977.8132906497 1986.91370426303 1998.58228303441 2008.60388631541 2018.55246178919
1524.87884573188 1532.98750221533 1543.28508784959 1551.85337476501 1561.04360717378 1566.26933807886 1586.17762731949 1594.50036954307 1605.74180534064 1614.82821684233 1621.87807734502 1633.39816931988 1640.23707396154 1650.28863038305 1659.02193373419 1668.19573225869 1679.16633463538 1698.9628045797 1709.07372222652 1720.72619684809 1728.24878352914 1736.47180156465 1744.59895262244 1752.47059695961 1759.22900415706 1767.43386042614 1774.07519380445 1780.62562528254 1802.32297853248 1811.74297672091 1820.67360980729 1831.74172057997 1842.09407620566 1851.04468216461 1858.99919229974 1868.775682804 1878.45783332613 1889.52283412758 1897.9634103768 1908.01657659063 1929.3767517092 1935.66226713968 1943.51744734997 1952.07792784486 1960.75297962115 1974.15947022992 1983.88476799549 1993.22418098671 2000.01326976979 2010.27123064495
1520.28867631185 1529.47389216749 1536.96248430448 1546.34012497542 1555.3912852296 1564.45308512163 1584.03846096808 1591.84260934943 1599.16392796922 1611.01680699915 1619.15042671974 1628.994740923 1637.73339528141 1646.23099371259 1657.04414837921 1664.25870950839 1677.72393151018 1698.27822301529 1704.85059441625 1714.53716390904 1727.387500545 1736.9089209294 1743.19277906937 1751.19556169615 1757.25681298337 1765.18204892604 1770.95734595439 1779.63766009681 1794.86777489071 1808.43397492538 1816.75201139574 1826.37308029461 1835.27511855632 1844.80866747906 1854.2707823675 1866.29736794636 1876.60963114996 1887.58322928937 1898.4135065441 1906.73229943486 1930.10649405866 1934.1553359224 1943.37928910692 1948.89904762666 1960.06658386529 1970.46529947485 1979.23124641958 1989.22780549472 1996.7026058294 -9999
1515.78322742467 1526.10233601555 1532.28039873425 1544.10317817775 1551.93970434625 1562.04520095247 1574.19376622454 1582.46907656835 1591.2368062612 1602.03496256329 1616.46830573813 1623.80539071318 1634.45270095593 1644.78870361012 1652.94649160155 1663.28183196241 1672.44513164926 1691.88446820259 1702.87622790296 1711.51038465088 1722.71469208561 1734.6019976428 1741.5464393244 1750.20247559966 1756.32429344507 1763.01509132104 1769.2400100155 1778.13615814691 1794.75159265912 1803.47119415156 1814.70684919385 1823.4248549165 1833.651384622 1843.98446773346 1854.04792366509 1867.04424705322 1877.11237994382 1887.01614939124 1895.76728379838 1904.29073560633 1929.32647002063 1935.24544779838 1944.18307526208 1949.97909339134 1960.98934976641 1969.79059854144 1979.38728794121 1988.81372636789 1995.88227616018 -9999
1514.03113378003 1521.39735080688 1529.45300022917 1536.06095454977 1544.978282683 1552.70708107503 1572.49378286419 1583.11886022549 1590.6617718223 1596.13400983157 1607.19647284341 1618.52385841142 1628.87840904635 1641.31342776527 1648.9535682573 1659.87096062075 1669.45058874263 1687.99119430711 1697.90230077439 1706.88062781909 1716.83476948925 1728.93037675467 1741.06366008807 1747.50818652638 1753.95968989787 1760.93513157275 1768.14796546155 1775.79373354152 1790.22649119486 1798.69596233491 1811.73986836489 1821.60741300374 1829.8068370704 1840.35856778708 1853.22750770177 1862.11461100874 1871.18512024332 1883.06870681187 1892.53471461389 1901.49794445185 1924.84207076491 1935.94355259701 1944.87154950623 1952.14478043644 1961.0275484352 1970.06804260483 1978.20256934262 1988.10671256339 1995.82205334449 -9999
1509.9296408712 1515.09043597025 1525.73136597927 1528.90216361959 1538.64428817763 1550.35877440112 1570.70120208932 1580.30583872448 1590.76103502045 1595.47678553882 1599.90505507876 1610.11848408979 1620.04629233139 1631.19489212141 1640.24905919007 1649.76584386658 1660.87378235478 1681.6582405867 1691.48009424452 1699.48733610155 1710.82925440823 1724.05142093213 1735.96500511411 1746.94493541258 1753.23996602394 1759.97582156539 1766.42651530432 1774.67225087273 1786.95281389132 1795.2761797592 1807.24022773898 1820.27980284101 1827.3459739553 1836.37274601156 1848.11726704018 1856.86001874057 1864.54382782293 1878.00750606597 1890.34619548951 1900.64145931436 1923.85489689556 1933.85090875016 1942.87967329348 1953.5746463616 1962.17701169281 1968.26338481097 1976.10584407961 1990.1262366657 1998.46926138521 2007.31509922538
1501.56080938768 1511.56313916392 1515.80396237465 1528.53068047803 1536.5737732627 1548.36439300454 1569.04278974177 1576.3300193757 1584.04443913111 1594.4179420885 1601.952867743 1608.95857222027 1616.15712259248 1628.54354309078 1636.59748171678 1642.6350628551 1655.86285510325 1672.69806630809 1682.88787531599 1695.49329012532 1704.36139483304 1718.03592210053 1728.94112658957 1742.26248826022 1751.87968318913 1758.3446049208 1764.38746264334 1770.43465611951 1785.65280276104 1792.61914865402 1803.76399447555 1814.996994793 1825.28993181971 1834.70887299221 1844.18060294101 1855.67331721132 1866.47780072202 1874.72055279939 1886.9502143693 1898.47379172081 1924.0070125026 1932.77598226446 1941.79415290717 1952.56873037226 1960.64609837798 1966.78547963652 1979.24234641355 1992.09424470163 2000.20972787058 2007.93863591077
