rcp8.5models/GFDL_CM3/sc1gr3.24
NCOLS 261 
NROWS 433 
XLLCORNER 336357.134 
YLLCORNER 654653.479 
CELLSIZE 1000 
NODATA_value -3.4e+38 
[rows 264 to 285 of 433, columns 147 to 195 of 261]
252.82633972168 261.923553466797 257.620758056641 251.159133911133 249.313400268555 255.464233398438 265.307006835938 268.571533203125 269.200042724609 272.011840820312 273.497528076172 274.431243896484 274.628295898438 274.829711914062 274.789489746094 274.168914794922 273.722808837891 273.670776367188 273.324676513672 272.843109130859 272.543762207031 273.264770507812 272.42138671875 -3.4e+38 -3.4e+38 -3.4e+38 271.725952148438 271.336975097656 270.945648193359 270.229034423828 269.764770507812 269.864074707031 270.275451660156 270.77490234375 270.485565185547 270.746704101562 271.794616699219 272.449371337891 270.191986083984 267.632720947266 271.610198974609 271.789825439453 271.897399902344 272.532562255859 273.15283203125 272.819610595703 272.083984375 271.557769775391 270.989013671875
257.444549560547 260.198913574219 250.445068359375 240.345016479492 239.630386352539 248.715240478516 257.788146972656 264.890899658203 268.277496337891 270.257263183594 272.384307861328 274.059051513672 274.420593261719 274.659698486328 274.617095947266 273.977722167969 273.897064208984 273.950622558594 273.186157226562 272.503326416016 272.829193115234 272.968444824219 272.721984863281 272.451293945312 -3.4e+38 272.190948486328 271.744110107422 271.182861328125 270.689666748047 270.111145019531 269.581420898438 269.808563232422 270.177795410156 270.444061279297 270.460327148438 270.854888916016 271.970062255859 270.769409179688 263.650939941406 260.439575195312 269.237823486328 271.892700195312 272.200866699219 272.686737060547 273.020599365234 273.252960205078 272.454010009766 271.781555175781 271.189086914062
255.31657409668 246.337432861328 235.278106689453 227.178909301758 225.741729736328 237.861663818359 247.250442504883 259.094482421875 266.718627929688 269.142181396484 270.004211425781 274.279510498047 274.615173339844 274.610900878906 274.447204589844 274.133605957031 274.377716064453 274.126892089844 273.932922363281 273.668518066406 273.227386474609 272.541595458984 272.267364501953 272.191619873047 -3.4e+38 272.172454833984 271.261352539062 270.582366943359 269.979156494141 270.072265625 270.092956542969 269.439422607422 269.703216552734 270.925201416016 271.30419921875 271.509826660156 271.326843261719 271.720733642578 267.891204833984 258.199371337891 259.833801269531 269.463256835938 271.481842041016 271.0439453125 272.149871826172 273.033843994141 272.321533203125 271.670623779297 272.036285400391
250.698974609375 245.46842956543 232.06298828125 220.446014404297 215.764526367188 226.840362548828 236.820709228516 251.699157714844 260.904968261719 266.353271484375 268.629913330078 274.240478515625 274.626953125 274.625244140625 274.626617431641 274.433258056641 274.163696289062 273.986572265625 274.020568847656 273.533996582031 273.348022460938 272.55810546875 272.102081298828 271.911956787109 272.462585449219 -3.4e+38 271.347991943359 270.759460449219 270.419891357422 270.345825195312 269.968170166016 269.501251220703 269.830596923828 270.884521484375 270.958770751953 271.358032226562 270.955810546875 271.414733886719 268.062469482422 257.246124267578 255.905899047852 266.931549072266 271.153381347656 270.934020996094 272.067962646484 272.728088378906 271.794006347656 270.505737304688 271.688934326172
239.903182983398 235.92041015625 229.705841064453 217.268585205078 212.547454833984 220.37890625 226.293762207031 239.821105957031 250.674224853516 260.457855224609 267.522369384766 273.998657226562 274.590576171875 -3.4e+38 274.695648193359 274.497161865234 272.278259277344 270.644439697266 273.670928955078 273.254180908203 272.671142578125 271.973968505859 271.943817138672 271.791412353516 272.191101074219 -3.4e+38 271.753051757812 271.387847900391 271.016906738281 270.80029296875 269.986328125 269.763580322266 269.886505126953 270.740509033203 270.963623046875 271.223297119141 270.730346679688 271.373168945312 269.963531494141 264.257690429688 262.991455078125 268.438781738281 271.217590332031 271.935638427734 272.117889404297 272.363708496094 271.684631347656 270.767486572266 271.739318847656
226.623046875 216.49382019043 219.085174560547 218.592788696289 221.631484985352 225.078674316406 225.050170898438 228.852020263672 240.433807373047 256.387908935547 266.070404052734 273.716217041016 274.433563232422 274.633117675781 274.598266601562 273.747131347656 270.697479248047 269.518157958984 273.531127929688 273.000396728516 271.725921630859 271.570587158203 271.682952880859 271.875244140625 272.346862792969 272.470153808594 272.018890380859 270.903747558594 269.985412597656 270.667297363281 270.465270996094 270.137542724609 269.781677246094 270.644866943359 270.685729980469 270.882934570312 270.641906738281 270.964965820312 271.200408935547 270.755706787109 270.221557617188 270.352508544922 271.057891845703 271.506774902344 271.494262695312 272.088348388672 271.537017822266 271.46240234375 271.953094482422
212.118606567383 203.235412597656 209.725357055664 223.803833007812 230.933120727539 235.486801147461 235.460861206055 230.824447631836 235.161575317383 251.680313110352 263.599578857422 273.625396728516 274.030487060547 274.418914794922 274.480133056641 273.759796142578 271.946685791016 271.790985107422 273.197174072266 272.770172119141 271.798889160156 271.842437744141 272.056060791016 272.232482910156 272.195770263672 272.301391601562 272.103271484375 270.493682861328 269.481536865234 269.977294921875 270.444274902344 270.126312255859 269.909637451172 270.182403564453 270.048248291016 270.364440917969 270.646820068359 270.648254394531 271.108489990234 271.448760986328 270.193145751953 269.536895751953 270.075408935547 270.781890869141 271.282104492188 271.726928710938 270.983337402344 271.325653076172 272.225433349609
203.293411254883 203.551544189453 210.752487182617 229.66911315918 234.57341003418 242.89762878418 245.767837524414 243.188369750977 243.413421630859 253.348510742188 265.591156005859 273.240081787109 273.779418945312 274.281524658203 -3.4e+38 274.273132324219 272.541656494141 270.7958984375 273.044158935547 272.907562255859 272.420989990234 272.545288085938 272.673095703125 272.622131347656 272.050445556641 272.252960205078 272.228118896484 271.541748046875 271.041229248047 270.158874511719 270.014739990234 269.870758056641 270.047119140625 269.805023193359 269.537933349609 270.103942871094 270.715545654297 270.843017578125 271.087127685547 271.022613525391 269.856109619141 269.184326171875 270.137176513672 271.010711669922 271.368591308594 271.326202392578 270.840087890625 271.458465576172 272.437103271484
210.430374145508 216.75341796875 224.140228271484 236.025085449219 238.535949707031 246.240478515625 250.575439453125 251.478286743164 254.892669677734 261.825622558594 269.098968505859 272.853149414062 274.031005859375 274.468322753906 274.525024414062 274.410278320312 272.297271728516 269.920867919922 273.392028808594 273.487121582031 273.169708251953 273.446533203125 273.086273193359 272.910705566406 272.371032714844 272.032958984375 272.1103515625 272.163421630859 271.749633789062 271.037506103516 270.554351806641 270.353363037109 270.496887207031 270.078033447266 269.369964599609 270.054504394531 270.435424804688 270.900634765625 271.092712402344 270.705596923828 269.772613525391 269.241943359375 269.856231689453 270.376281738281 270.628784179688 270.8193359375 271.077117919922 271.872955322266 272.033447265625
223.396636962891 229.650115966797 237.397064208984 241.814163208008 243.434265136719 247.36946105957 251.354782104492 253.011947631836 259.62890625 266.951293945312 270.876403808594 273.685333251953 274.376190185547 274.477416992188 274.556182861328 274.47314453125 273.291412353516 -3.4e+38 -3.4e+38 -3.4e+38 -3.4e+38 273.72021484375 273.293273925781 272.892456054688 272.278350830078 271.617645263672 271.743194580078 271.7265625 271.556304931641 271.365570068359 271.436187744141 271.258880615234 271.092315673828 270.016693115234 269.127777099609 269.527221679688 269.6416015625 270.133422851562 270.811370849609 270.745452880859 269.735443115234 268.090026855469 265.757415771484 265.368377685547 268.957611083984 270.027252197266 271.056793212891 271.841583251953 271.325012207031
231.36296081543 236.519866943359 242.38591003418 244.71484375 245.186569213867 245.285491943359 246.752731323242 251.933364868164 263.216888427734 270.186370849609 272.634002685547 274.387847900391 274.474639892578 274.389190673828 274.41455078125 274.327239990234 273.937103271484 273.486328125 273.622467041016 274.135223388672 273.711120605469 273.286651611328 273.113250732422 272.74462890625 272.281463623047 271.501434326172 271.462585449219 271.284912109375 270.878112792969 270.619598388672 271.340911865234 271.710601806641 271.235504150391 269.31640625 268.303314208984 268.83447265625 269.160919189453 269.632537841797 270.471374511719 270.629791259766 269.670928955078 267.559814453125 263.668487548828 263.956085205078 267.836822509766 269.912689208984 271.066314697266 271.124847412109 270.570373535156
228.210784912109 235.637222290039 238.931518554688 243.928344726562 245.436462402344 242.477523803711 240.768417358398 250.400115966797 263.537780761719 270.076690673828 272.123443603516 273.779663085938 274.001373291016 274.349700927734 274.433074951172 274.293060302734 273.870422363281 273.226318359375 272.502258300781 272.873626708984 272.803924560547 272.407653808594 272.914093017578 272.651428222656 272.291961669922 271.386138916016 271.19677734375 271.204895019531 270.671295166016 270.289093017578 270.530639648438 271.267517089844 270.991882324219 269.279968261719 268.405883789062 268.922485351562 269.531036376953 269.803314208984 270.101989746094 270.283935546875 270.091979980469 268.257720947266 265.388854980469 266.308013916016 268.520538330078 270.715240478516 271.03564453125 270.709686279297 270.750183105469
217.729965209961 225.582565307617 231.493560791016 240.546310424805 242.256591796875 237.440902709961 235.791351318359 246.554794311523 258.537658691406 265.252105712891 266.728454589844 268.413391113281 267.496063232422 273.967468261719 274.394500732422 274.19580078125 273.893524169922 273.177276611328 272.223754882812 272.421173095703 272.347381591797 272.068054199219 272.441253662109 272.560729980469 272.203338623047 271.301177978516 270.911315917969 271.045532226562 270.675476074219 269.969696044922 269.557769775391 270.558532714844 270.878051757812 269.552642822266 267.925964355469 266.634887695312 269.114044189453 269.956207275391 269.464874267578 269.57958984375 270.098846435547 269.296875 267.212371826172 266.346069335938 269.125152587891 270.740814208984 270.625518798828 271.017211914062 271.563781738281
207.731689453125 219.687942504883 232.003982543945 238.646743774414 236.405792236328 230.668518066406 231.159408569336 240.329544067383 249.985214233398 254.698501586914 258.931427001953 264.067199707031 262.595367431641 272.942047119141 274.330963134766 274.165252685547 273.993682861328 273.672332763672 273.116851806641 -3.4e+38 272.620086669922 272.277893066406 272.234130859375 272.408874511719 272.223297119141 271.267730712891 270.630218505859 270.474670410156 270.131683349609 269.862396240234 270.028381347656 270.548217773438 270.806762695312 269.635559082031 268.065521240234 266.966461181641 268.747497558594 268.609558105469 268.848907470703 269.004974365234 269.694580078125 269.839385986328 268.754943847656 266.867980957031 267.398498535156 270.071014404297 270.134918212891 270.971862792969 272.204986572266
203.481597900391 220.74755859375 232.335968017578 230.759750366211 227.016677856445 225.072082519531 224.959396362305 228.774765014648 230.530914306641 228.936645507812 240.106246948242 257.833099365234 265.206420898438 272.599761962891 274.225952148438 274.311981201172 274.058502197266 273.692291259766 273.507019042969 273.336059570312 273.293365478516 273.113922119141 272.140258789062 271.793579101562 271.661651611328 271.317535400391 270.597595214844 269.860382080078 269.659149169922 269.505279541016 269.877380371094 269.552062988281 269.694152832031 269.341674804688 267.887054443359 269.208282470703 268.716644287109 267.048980712891 268.118835449219 268.568450927734 269.374786376953 269.784637451172 269.499694824219 268.339630126953 262.898376464844 245.134429931641 255.230911254883 269.286163330078 271.498992919922
212.245315551758 222.269821166992 234.724639892578 234.499374389648 233.090148925781 232.166915893555 228.996978759766 230.210678100586 231.812423706055 233.118240356445 236.142425537109 257.382232666016 268.323822021484 272.454956054688 273.964141845703 274.331146240234 274.195434570312 274.033050537109 273.765350341797 273.475158691406 -3.4e+38 272.96728515625 272.409301757812 271.925048828125 271.361022949219 270.786529541016 270.402130126953 269.825866699219 269.399963378906 268.843109130859 268.777496337891 268.209075927734 268.362060546875 269.549865722656 267.972961425781 268.630462646484 268.954498291016 267.707427978516 266.464477539062 267.109832763672 269.360260009766 269.555603027344 268.971496582031 268.214874267578 264.042083740234 240.078353881836 251.73844909668 269.752960205078 271.460388183594
223.731643676758 228.455032348633 238.531997680664 241.395111083984 238.223587036133 234.009185791016 230.835464477539 231.710571289062 230.199935913086 232.704315185547 231.801864624023 255.614364624023 268.913513183594 272.158599853516 273.879852294922 274.378845214844 274.374389648438 274.144866943359 273.441436767578 273.19384765625 -3.4e+38 272.857238769531 272.016876220703 271.627349853516 271.211242675781 270.736694335938 270.271423339844 269.716369628906 268.997253417969 268.473266601562 267.806701660156 267.622283935547 267.983276367188 269.772766113281 268.268585205078 267.26171875 267.833953857422 267.256774902344 266.64599609375 267.221221923828 269.514007568359 269.500244140625 268.611175537109 268.100616455078 265.707092285156 245.51301574707 250.633529663086 269.323913574219 271.329406738281
230.506332397461 237.288146972656 244.608627319336 244.182189941406 240.077133178711 234.209625244141 231.769790649414 233.768173217773 225.524353027344 227.267608642578 224.343978881836 253.453170776367 266.353302001953 271.508666992188 273.694519042969 274.106994628906 274.280120849609 273.950225830078 273.454803466797 273.161376953125 273.099670410156 272.764678955078 271.664245605469 271.753509521484 271.580596923828 271.103088378906 270.222045898438 269.428558349609 268.737609863281 268.500640869141 267.911712646484 268.02001953125 268.010437011719 269.756774902344 268.753936767578 267.184173583984 267.328643798828 267.716491699219 268.707458496094 268.906219482422 269.433166503906 269.371643066406 268.612182617188 267.695892333984 265.260986328125 253.379699707031 252.946685791016 268.743591308594 271.009552001953
235.285934448242 245.580307006836 248.701950073242 245.023544311523 239.477905273438 232.170669555664 235.586364746094 237.691864013672 226.451263427734 227.511520385742 227.35107421875 252.886795043945 264.102691650391 268.813873291016 272.984161376953 273.484558105469 274.105316162109 274.079803466797 273.943969726562 273.526062011719 273.263824462891 272.849090576172 271.963348388672 271.258117675781 269.767578125 270.738250732422 270.706878662109 269.246368408203 268.319488525391 268.765625 268.338897705078 268.029632568359 268.037017822266 269.540283203125 269.599822998047 268.238250732422 267.488616943359 267.77783203125 268.842376708984 268.58837890625 268.717559814453 269.117919921875 268.744537353516 265.157806396484 257.268127441406 257.854125976562 261.748657226562 269.694519042969 270.785552978516
236.661956787109 249.663299560547 250.814010620117 244.531448364258 236.058731079102 231.00944519043 241.204513549805 242.380065917969 230.446105957031 229.26643371582 233.294799804688 249.764770507812 261.869781494141 264.854187011719 271.682159423828 273.181365966797 274.043243408203 274.123168945312 273.976806640625 273.529937744141 -3.4e+38 -3.4e+38 272.091186523438 271.001159667969 269.280853271484 270.363647460938 270.83447265625 269.953643798828 269.093353271484 268.906463623047 267.926879882812 267.942687988281 268.024780273438 269.066802978516 269.405639648438 267.952880859375 266.145904541016 267.817840576172 268.455780029297 268.081939697266 267.959533691406 268.669708251953 268.747955322266 263.21337890625 252.197082519531 262.012176513672 264.983245849609 268.186676025391 270.678894042969
237.670959472656 254.136672973633 252.488220214844 242.83024597168 235.539947509766 235.491165161133 246.129867553711 245.672637939453 230.774978637695 228.55827331543 237.748062133789 245.329284667969 258.810546875 262.397888183594 270.375640869141 273.028289794922 273.918640136719 274.060272216797 272.653503417969 270.112243652344 271.285400390625 272.997314453125 272.318206787109 271.818786621094 271.028259277344 270.506500244141 270.256042480469 -3.4e+38 269.863189697266 268.847930908203 267.658935546875 267.523529052734 267.739379882812 268.534118652344 268.914916992188 267.283630371094 264.115997314453 267.245422363281 268.173370361328 267.624328613281 267.483276367188 268.475341796875 268.897338867188 265.009490966797 258.369232177734 263.911102294922 259.587371826172 261.630584716797 269.598724365234
244.776123046875 258.898498535156 253.91716003418 241.529968261719 236.032257080078 239.58544921875 251.002334594727 248.95573425293 231.726013183594 230.47673034668 240.762451171875 248.124984741211 255.971298217773 257.136505126953 267.664672851562 272.570434570312 273.573425292969 273.936279296875 272.076110839844 268.266937255859 269.703308105469 271.749572753906 -3.4e+38 271.616516113281 270.861724853516 270.102752685547 269.780487060547 269.978393554688 -3.4e+38 269.053802490234 267.816070556641 266.346496582031 267.337615966797 267.858093261719 268.526336669922 267.802520751953 264.824981689453 266.178009033203 267.711395263672 266.395935058594 266.031616210938 267.846099853516 268.546295166016 267.164001464844 265.225982666016 263.185760498047 256.520294189453 259.100341796875 267.908538818359
