rcp8.5models/GFDL_CM3/sc1gr9.3
NCOLS 261 
NROWS 433 
XLLCORNER 336357.134 
YLLCORNER 654653.479 
CELLSIZE 1000 
NODATA_value -9999 
[rows 396 to 417 of 433, columns 100 to 149 of 261]
538.604599816154 529.558149217474 520.81602060803 520.384481907433 520.806534679741 512.373077898711 504.200811753947 496.937984532531 486.758749590726 477.007093584347 466.891789944248 456.629460021597 440.41956055232 432.881340018629 453.226652335962 445.597190266993 404.110786215065 390.401580502884 380.985193395361 372.511697714845 363.987406154372 360.263495437642 385.521585774077 411.499637031564 345.607112165628 312.478768278934 311.621935162164 342.383137873313 311.791189176339 278.722876515901 254.004854912597 255.327000675242 282.880545321914 271.893174310991 264.781327883979 245.398307082477 236.363838875595 227.086658845013 221.93290178012 215.962153928671 204.232557012593 194.149810655208 186.680326875498 178.708936052639 172.496749265987 166.340789475963 155.035269929799 148.493464382119 142.80169495949 138.903525986801
532.469976628915 530.944831876671 523.683197226389 516.104554057271 514.062479896212 507.412792915063 501.904303647145 495.373140861262 484.427369042317 474.927279740034 464.333959105736 454.196810662701 437.264133574699 430.381266016548 421.976583490269 410.82086728508 397.879785437091 386.567269942099 380.62581308743 372.723969465651 363.282574013392 364.880016415522 403.213959652604 416.210037550162 349.660864024906 309.348809690762 293.296336555876 320.475286643477 295.672596010204 256.92573317338 265.732064750913 272.821644419659 283.664923442359 272.330637114654 264.233658713372 246.47333412213 237.575275739234 227.58696318387 217.476330324247 210.522952763089 203.976012526522 196.554053479817 188.093549038058 179.620150650811 175.920020008056 170.305883129594 157.114009465861 150.988898947279 145.044501449438 140.751905757863
530.550035126103 527.4418809668 522.416885232865 512.274105604557 510.060444904375 501.100136108989 491.537097624399 483.588774787462 479.187895647977 472.689186253663 460.284510266954 451.484549853799 434.451514518616 425.964124579132 415.52184803964 404.947372450689 393.668004665745 383.907955247723 379.497440401513 371.558235137774 363.698677722149 391.700486282842 433.535630628041 393.565159888462 315.630639612295 303.475911562546 297.036103719561 280.785871068478 276.037046231482 258.715488558037 280.981194928242 292.704933936909 284.129841931623 269.792565958106 262.086654729946 246.029678368129 237.832101468655 228.73099315876 216.571129529269 207.504178482413 202.145140494173 196.458997324972 188.050974751704 180.246672751562 175.639701464953 170.128660404996 155.740714460578 151.008241724374 146.252816949597 142.030849782
528.533767501764 523.105133484334 520.300903454906 513.708269816056 509.659140823804 493.221013061371 481.690079238416 475.992104989152 469.84841290674 467.872142974865 458.462761429381 448.724101533615 432.484430784804 423.110230170874 412.172086685273 401.179723821286 417.535161378464 413.104319523612 380.18037618579 370.757569028573 366.047764838537 390.686991923614 407.222956083463 356.065939371661 314.28034139262 323.045615126189 320.127598399305 282.335796876002 297.932315700069 283.827268389787 280.861927440466 -9999 280.123485147792 267.181102964937 257.13228739852 240.912626944822 234.329375151123 227.299367909371 217.494185917282 207.601208010675 200.29242914851 194.164467104406 189.22110422463 184.471751908662 173.054890304616 166.665736032137 155.979140910813 151.511494426281 147.272087630442 143.676527000974
516.318062434093 521.446614771413 516.602056287755 513.209399070083 511.020080274329 490.462807560024 478.766787678889 479.450904233024 467.219127680644 462.807709942448 458.765271051873 447.800803938661 429.586807419865 417.310010146131 405.146249957819 396.855370135096 417.468213402178 414.846863020784 380.475315270284 373.68708591432 386.173619185159 384.650989981768 348.913286540133 316.125451654968 353.506374900083 321.678449325679 312.011278445164 304.680686694464 299.708872234575 268.273406081089 244.644072740766 266.39881218949 -9999 263.94928119569 254.341023813507 240.079034256386 233.118383487319 224.63295342398 217.223761799395 208.022278510164 199.443226044878 192.013333237475 191.633552394364 189.335892005272 172.741864472451 166.28528405553 156.585196919056 152.424393921872 148.524816946927 145.07423207344
504.463315935527 516.330990688197 508.6261626355 503.58153822133 498.94484572331 480.847909484866 469.058462489536 474.745052108862 471.487367460656 458.665877462968 453.03996709226 445.919397505662 427.16747941139 414.932241302356 403.870034191469 397.639730631399 392.819527975468 385.805891363969 402.567908213348 401.407085570043 408.11397163772 425.837088908502 364.048463338446 309.416381930578 352.786286102583 299.22469643252 284.129645025537 299.751390874154 291.365821713919 275.290045295933 262.661395552416 267.331991029002 273.960692869935 262.265964789403 252.055850504314 238.000794006065 230.235848723766 220.897778304583 214.096114201432 206.314696854514 198.329738169161 190.4178986374 188.003056665145 183.951418180644 173.082839909657 167.086299508683 157.432663075532 153.318332217549 149.587207373903 146.138221677589
499.511358089136 509.557406154861 501.675022444447 494.046429825754 483.671437308651 475.078065262076 473.106726191674 469.393128777135 462.357637582425 454.466695272523 450.07641637348 442.907186533037 424.379296172424 414.440766966951 406.37328832381 398.407217862813 390.551071593112 381.866716915022 398.636949875645 397.303788894505 387.296106294583 397.287905877401 350.370487197672 304.065763033043 310.401503315918 295.463081901299 305.648823512005 311.261182655257 319.859058132648 304.563771130606 295.32189474974 286.28145241721 274.589499106363 262.826320647806 251.859681945865 233.665462682563 225.528201027914 217.560495190706 211.053651938323 203.70574349858 196.464234475031 189.89457574635 184.119810455859 178.157294493177 173.450917949843 168.134048306716 158.944962872996 154.585887709504 151.0151425972 147.792757601981
499.862855578485 504.204214530057 492.009957009469 481.830008177896 473.451419070417 474.312361458317 479.19891932085 469.209796445096 457.238391427821 454.367978030425 448.449982954333 436.613489885315 417.814885847903 410.066649793098 403.104359390678 394.532647665451 386.52695568754 379.380152937163 397.392128468988 392.373457498051 356.44376497714 336.995468998003 315.367039687363 304.0266885283 329.507069751546 317.560935519656 322.143646512558 329.583427593897 299.175143535734 282.95137700548 292.845174153016 283.237401525536 273.088237192796 262.670609367892 251.806500647239 232.092418773375 224.188807087991 215.830079675366 208.319161995956 201.333717807061 195.186111351683 189.297525723504 183.124326489281 177.565867430094 173.043118406587 168.29773427178 159.686114908545 155.74848777823 152.444706185173 149.398071413812
500.764749683393 498.855035189112 488.527223577416 475.342730040253 465.971773142132 464.113824006006 470.267191114581 466.137600195222 455.643005081513 449.807627453728 441.499696559402 430.129521905576 413.082277645231 406.829251735283 426.278143555562 418.398140346041 382.881144514356 375.251254048331 393.070157904443 385.098508689919 347.40406073007 352.631709776714 358.865072651915 327.320047565131 330.27871612734 301.657595043406 282.085045699605 306.561419058925 298.234030778055 281.874713446018 290.394362803875 279.503781521161 269.785380660854 260.136471364711 249.563686113215 231.085882182623 223.321467691384 214.99941827793 207.684721719684 200.788840917846 194.624196123603 189.035643056756 183.015817079822 177.690540163636 172.866416907019 168.497402965597 160.507961996454 156.876104915383 153.360314413755 150.233389872965
494.60606731852 492.891258154935 482.250684609312 470.609622849045 462.989227372139 456.17723641585 460.43050874035 462.153939938569 453.514336962299 443.98427415001 432.183897795826 421.854776820001 408.446037912426 401.89106516025 421.194649442739 414.915405758183 380.649797337863 369.914958070128 361.475418108926 351.145655927618 336.628344961129 345.3122818007 357.05287734728 346.856972196691 285.363886829399 297.66758236924 304.538533054924 304.745057247952 296.604374589876 279.994601735978 288.469644067677 277.001363391648 266.704633909555 257.445459816897 247.93041794227 229.754927300994 221.812060417826 214.466164353737 207.48322511634 200.4992119979 194.191910732807 188.700715625131 183.407649456411 178.073899264892 173.340136116136 169.290874515124 161.733987096121 157.951553380294 154.452944856046 151.434590271274
479.677826045683 483.10206939457 474.673055215794 467.809021609979 462.364145517121 453.320196788742 446.980159158225 445.324264241269 444.971393899615 442.32322871779 435.407865585871 426.632766743647 407.423392725294 397.99790757615 389.439818148648 408.698403504327 397.029224929358 406.780457339941 397.351452020884 358.66701367403 350.232021853217 360.039176717373 399.076289075945 366.350717920994 321.920101232042 313.955258021793 318.389731926635 305.198385893085 287.669848674372 296.145218098828 285.411400386587 275.595586969014 264.607294202456 253.986647199747 245.008327246017 228.234229453124 220.467611886592 213.486375962074 206.609120379986 199.966537126013 194.554083608666 189.114495032553 183.635517813118 179.48028495826 175.327968062313 170.809166474766 163.530770506291 160.105888977184 156.519301134314 153.444236847108
477.833531352167 478.05723027632 468.006575160362 464.930935116292 460.146816138467 448.001961120788 442.67821878103 440.139006376296 437.567444468746 434.15967744999 428.555985990237 422.175240023389 402.315697729162 392.004699369199 411.375457820682 431.202353701889 392.663537896904 378.767193856544 369.842894282423 356.610232072111 348.079200248029 336.314605957474 372.771561714139 342.839589115376 276.319464590976 305.079775810993 336.481753437157 304.395889295471 270.139051340941 274.525267140962 284.441878393809 274.925198324401 263.703674714571 253.001289854083 243.832447600441 226.729348663253 219.366028683067 212.240664063486 205.626693954673 199.239522116343 193.091742200883 188.423942623371 183.981461879398 179.152953361333 175.30369804974 171.534382780261 164.739011097179 161.294516722593 157.65009677747 154.834509085998
467.145990850862 468.244850591757 460.887086464853 456.976706726997 450.177667352649 439.686900120763 435.397978278417 433.595993869723 431.791998336297 425.924221709625 419.182155853593 416.36936035447 398.488800687279 388.209907196724 406.759207945937 425.005479049112 416.683362411661 381.158740674836 343.620297750387 332.447387291947 321.555823797038 311.94078859279 345.94986383337 340.3312671046 291.055520180187 322.657164686683 332.665537380232 320.024246162036 272.652512074481 252.165395437778 282.107992314913 271.617709583427 260.934672510311 251.301595838429 242.407667481319 224.571360163602 217.013339351648 209.936965792586 203.595659261052 198.012985208182 192.192455820282 187.775438740633 183.370036126637 178.511011151468 175.300080792955 172.240267291383 165.90112368025 162.054058364603 159.022865646232 156.699971568932
458.906421421915 457.15754224766 456.00641193084 451.332441107106 443.700660447025 436.566311546865 430.82010467195 428.139537715816 425.223382860585 420.647706448961 414.228076111612 411.042369617814 396.281677633256 386.429517950312 378.191544438132 368.811550119571 386.687701798566 379.185357367543 342.215796109359 331.794073288907 345.426347199313 358.922567985114 347.399048194535 315.03349337949 331.583484925067 323.484285677304 307.972394485715 299.408428899041 265.362117829127 270.563018226845 279.964517197908 268.681737202638 258.243930257962 248.703467558848 239.86911526778 222.559882869947 215.327625605757 208.292353017878 202.021144619764 196.616857046074 191.592835344779 186.873539933683 182.226158315103 178.517660234111 175.629769099916 172.442392877947 166.50782953761 162.502056098914 160.235194715725 158.675607152878
449.398470428794 450.539721088626 446.872162070835 442.485295461523 436.790177965003 432.462520985488 427.698060640849 424.429394711282 422.376147273711 420.63536509757 415.959299604722 409.068008958046 394.417357881656 386.218110957914 377.499957445446 366.954993242766 359.219733512437 350.816959116877 340.376048376382 355.477282228017 394.381891418497 406.4474572353 349.32180127546 289.838398577007 333.883149190031 298.06993379755 304.257867141006 296.032911171658 263.073281848115 269.279214133197 278.237881388905 266.567638742401 255.935109724003 246.29364322066 237.627285901372 220.30481779317 213.573842381797 207.232790443055 201.191049075469 195.282982730184 190.636744365552 186.118806412977 181.64230293007 178.270672461458 175.3851493779 172.646077116879 167.206231604969 163.697812397729 162.137390120164 160.578877213474
444.25814929957 448.583558511854 442.381416952886 435.828094173009 430.149077242272 427.768401336062 425.035912983286 421.948900744288 421.408308045967 420.364068766772 415.258860883545 407.203529738712 392.133996225234 384.732616583851 376.065545722272 366.684315098293 385.408935173712 376.159342896808 339.417713610175 355.735945535921 371.474343988667 380.833007056971 347.332285077003 286.989184467576 311.460807110362 291.646119275369 323.333299039736 310.763183442609 281.723798465858 267.386344233488 276.653605940937 265.001474805695 253.622812407007 243.542103551828 235.186814195267 218.165594716416 211.152698112637 205.597032655524 200.717937959423 195.100350590171 190.722361811761 186.454314181813 181.337921113828 177.626145734516 174.638552418023 173.01259546938 168.450850137939 165.855058236466 163.575716551324 161.791289169498
445.480821657433 446.296448527574 439.426112681355 433.405449098876 428.884549111846 424.795530781747 420.89305886239 417.271159498386 416.28680679208 414.445250685434 410.361215829358 405.413194277948 391.476782279561 383.647503359189 374.614696482068 366.135662338773 411.6926438197 402.591969457578 338.172186675625 353.59969561441 369.507264927925 355.574324150812 319.95549018501 305.816496149819 328.145076341482 292.827569214345 300.475498146847 310.339984488393 296.791312590986 268.451310184803 253.805656080034 262.958716372035 252.121227636032 241.327450927484 232.301390239422 215.852301000844 208.773124975369 202.888899946884 198.585334302014 194.403813444129 191.071905016968 187.366576258695 181.930528933879 177.963187216105 174.53811379784 173.00176435921 169.998555120551 168.041643550096 164.995002234287 163.305406756329
441.993669797853 438.626142753973 435.019170686254 434.143180123459 429.057206379571 422.127744831888 417.104203787585 412.284744530275 411.844797124477 411.069521696318 406.975576774342 402.396046108523 419.952023329027 440.990505981776 430.874955930042 393.571777475684 384.468286560449 375.127345361637 336.467726565118 349.430517022797 363.961055568733 328.869688010679 292.455414760782 324.270132429687 302.965554762018 292.388740882249 302.006225500666 294.417373002628 277.050314382054 267.919721749841 250.650344331925 259.894474862274 250.720283470545 238.72032879031 229.254163318521 213.891238117427 206.781944010904 199.641116779372 194.808761250999 191.558055101509 188.776204586949 186.090384923736 182.716882145279 178.656821346313 174.627314323294 172.801481135466 169.923002367177 168.123035860946 166.280826269165 164.763044020465
435.643463860487 429.660390479271 428.156404405606 430.157046881601 425.193397110103 418.371552001245 413.746072796112 411.096416746171 411.616037727829 408.678170315488 403.470273618355 399.444339202955 446.193299043288 464.918334204488 427.926354217665 392.116971631785 356.933625999431 347.119683317571 335.143620388235 348.009672255935 361.071607674747 325.713794192699 290.014033090737 300.196721822093 277.899527698854 290.037025259535 298.242856958195 289.718558406572 273.282529448505 281.132019216051 267.225119520056 256.29063502641 247.580081782001 235.780274633336 225.795369979062 213.274409768664 205.281369519696 198.393203866527 193.666072352206 190.348012481638 186.934246923338 183.664331427869 182.611965704573 180.510159347633 176.447960409094 172.972962095497 168.645830070991 166.963784078287 166.817805019005 166.223999908111
429.290690617531 421.881329669736 418.850395683164 420.525612882186 418.570355484176 414.249039004751 410.446846881252 408.810568326433 407.205956333987 401.880745536151 399.192929792012 397.298040774753 414.063836687685 405.499224658568 370.321487658435 362.557379367086 383.572857064459 374.462442426051 361.583592735169 374.950631386673 360.086306318409 323.85371566701 311.099148384649 324.355525198138 299.601725597627 286.86761066883 292.534810078945 284.066264843109 250.68605712602 254.89701512514 263.321969017328 253.495036512751 244.412346004734 233.831444258365 224.264865549919 213.178172397114 206.315603288068 200.238502020292 195.531010902625 192.215013116092 189.363518119565 184.265365803853 181.708219815041 181.730948215228 179.218962620476 175.021213180269 169.101294792507 167.432560146394 167.630405645729 167.700066983278
422.830046046003 413.762786200033 411.373725283628 414.626755453379 414.309612792957 411.336665496328 408.267474050813 404.998622314639 433.13035894503 425.255283919454 395.092289666103 392.030872339409 382.301152220934 376.397320718028 368.986478658411 361.921775278204 382.411779404635 373.647976122594 361.666079364664 350.673393520203 336.111913353196 345.998517646974 332.727642082966 343.139000608594 298.688749980678 261.578632429078 273.393484963123 261.375521025025 249.405251782228 255.559505881703 264.348287037221 253.007051728782 243.452149282231 235.180484240745 225.812898519261 214.911467108187 209.715490927822 203.938543603712 198.159868268796 193.207412350584 190.395464246826 185.449591671879 181.257325468282 180.297451715669 179.769455711928 177.253043674277 170.300800393683 169.109713304983 168.487546588526 168.559940096954
416.442029044838 412.584390469799 411.411473514689 413.280062072601 411.17002238839 407.146700284874 404.572159202183 434.928254634609 457.909066057711 453.357272019148 419.06243348134 387.291085059418 379.492068851373 373.918945820309 367.948916719977 362.034785033674 355.393872194831 345.901730703793 333.200896450824 346.025238993917 360.754789105107 344.96527043427 329.944819195775 338.610804745158 291.338531949586 279.199763163581 268.313114820364 256.86586458678 263.087266568513 272.964686541951 263.356215586278 253.777809917469 242.767930843931 233.710337215082 225.926899752208 211.566189838916 207.062217217895 205.944459548449 200.860004671221 194.69176787512 190.815795942031 187.466538097883 182.666072038152 180.286585376116 179.881412358898 178.811857355405 171.902328040569 170.605931028155 168.829675838965 168.47426292586
