rcp8.5models/GFDL_CM3/sc1gr1.23
NCOLS 261 
NROWS 433 
XLLCORNER 336357.134 
YLLCORNER 654653.479 
CELLSIZE 1000 
NODATA_value -3.4e+38 
[rows 330 to 351 of 433, columns 98 to 146 of 261]
66.5531387329102 67.3024978637695 67.7885894775391 67.7051162719727 67.9400177001953 67.9214553833008 67.7481155395508 65.9262542724609 63.8566284179688 64.6633224487305 65.1846923828125 65.0263977050781 65.3972930908203 65.1459426879883 -3.4e+38 -3.4e+38 67.827392578125 67.6075134277344 68.2142181396484 68.8553085327148 -3.4e+38 -3.4e+38 69.3153610229492 68.8957595825195 68.430549621582 68.0582427978516 64.7857437133789 60.6370735168457 60.6145286560059 63.7173957824707 64.3463973999023 63.5244560241699 62.9449501037598 62.7768630981445 63.5734901428223 64.2629241943359 63.9003410339355 64.3334884643555 65.0480728149414 64.4448394775391 62.3902778625488 59.9321327209473 58.1054267883301 57.6124610900879 57.654483795166 57.9465751647949 58.0705223083496 57.9427719116211 62.2053909301758
66.5856399536133 67.2179565429688 67.8383255004883 67.8409576416016 67.8269653320312 67.9071044921875 67.9517135620117 66.9426727294922 64.6890182495117 63.183650970459 62.6382522583008 62.6663780212402 63.6020889282227 63.9901466369629 68.1192092895508 -3.4e+38 68.5251388549805 68.461051940918 68.3856964111328 67.9562835693359 68.0570755004883 69.1036911010742 69.3448638916016 69.1361923217773 68.8086776733398 68.4099044799805 65.8063583374023 62.7633361816406 60.6567611694336 60.2788619995117 61.2909698486328 61.4638252258301 61.0864295959473 61.746883392334 63.1308708190918 63.8493041992188 63.0265960693359 62.4783515930176 62.5591735839844 63.0244445800781 62.7526664733887 60.5989646911621 58.7226409912109 57.7038078308105 57.3686676025391 57.4896430969238 57.7206535339355 57.7447776794434 62.7455406188965
67.0011520385742 66.9294586181641 67.2121505737305 67.6079177856445 67.6551208496094 67.6461486816406 67.759147644043 67.6154556274414 65.7834320068359 62.6557197570801 61.3385047912598 62.3002510070801 64.4915466308594 66.1165161132812 68.4074783325195 68.7789764404297 -3.4e+38 -3.4e+38 68.5920257568359 68.0274810791016 67.6919326782227 68.2238540649414 69.1034927368164 69.6015090942383 69.6633071899414 69.106803894043 67.1621704101562 65.3792419433594 62.9405975341797 59.7757186889648 58.9792861938477 60.142578125 60.6836166381836 61.6572189331055 62.6684532165527 63.6685104370117 63.4550514221191 62.2626953125 61.1142578125 60.3930816650391 60.3633308410645 59.3225479125977 58.3278121948242 57.6433143615723 57.4070091247559 57.4345359802246 57.4492797851562 57.6432304382324 61.7458114624023
67.1504898071289 66.778694152832 67.1348571777344 67.7579345703125 67.8640289306641 67.8362731933594 67.7643508911133 67.6132965087891 66.0352401733398 63.3993644714355 63.1622428894043 65.0466003417969 66.6676025390625 67.499626159668 -3.4e+38 -3.4e+38 -3.4e+38 -3.4e+38 68.6390609741211 68.5569229125977 68.3392868041992 68.0718383789062 68.4541168212891 69.2350463867188 69.750358581543 69.3300018310547 67.8255844116211 66.9602355957031 65.0243377685547 62.3408088684082 60.0057601928711 60.013500213623 61.5203285217285 62.5327644348145 62.7245254516602 62.7487030029297 62.8014678955078 61.797607421875 60.2567977905273 58.8262901306152 58.2002601623535 58.064754486084 57.7898139953613 57.5472564697266 57.4693603515625 57.5245590209961 57.5052146911621 58.0632553100586 60.1003684997559
67.2762603759766 66.8887939453125 67.3229522705078 68.1441345214844 68.0714569091797 67.9200134277344 67.7442932128906 67.2527236938477 65.2858047485352 62.6630249023438 62.7761154174805 64.6725158691406 65.6593017578125 66.4161529541016 67.9014892578125 68.6700134277344 -3.4e+38 -3.4e+38 68.8513412475586 68.8910369873047 68.6888427734375 68.4741058349609 67.8503112792969 67.6665420532227 68.4262847900391 68.7961883544922 68.2926788330078 68.1788864135742 67.2370986938477 65.4859390258789 63.1912574768066 61.64013671875 62.3890838623047 63.1911544799805 62.980785369873 62.143928527832 61.9773025512695 60.4485244750977 58.8058128356934 58.010986328125 57.778434753418 57.6851387023926 57.5619354248047 57.546012878418 57.454475402832 57.3978042602539 57.5253372192383 57.9565849304199 60.0458374023438
67.5929641723633 67.3566207885742 67.3903427124023 68.2327041625977 68.3655548095703 68.1960144042969 68.0094985961914 66.5771713256836 63.7600708007812 61.5034484863281 61.2380294799805 62.381591796875 63.0290374755859 64.1023635864258 67.506233215332 68.6185073852539 68.7329711914062 68.8351898193359 68.9013671875 68.7775192260742 68.6531448364258 68.6753540039062 68.1808547973633 67.1754989624023 66.6236267089844 66.8611068725586 67.7883758544922 68.0888366699219 68.50341796875 68.0255126953125 66.4234161376953 64.1495819091797 62.795295715332 62.1893043518066 62.3165245056152 61.9471015930176 60.9492988586426 59.4289817810059 58.1510314941406 57.6796073913574 57.8288497924805 57.5605621337891 57.4113960266113 57.6581687927246 57.6098289489746 57.4559020996094 57.4905281066895 57.5080833435059 58.6828842163086
67.147834777832 67.2983169555664 67.55517578125 67.5448532104492 67.9263534545898 68.2964706420898 68.5649490356445 68.2264633178711 65.5754089355469 62.6710815429688 62.7320289611816 63.2639007568359 64.2847366333008 65.5356521606445 66.6474990844727 66.7308044433594 65.0945053100586 61.8585243225098 61.657112121582 64.5563201904297 66.8002624511719 67.9394683837891 68.4854202270508 68.1585235595703 66.8712158203125 64.3356094360352 63.357837677002 65.0021591186523 66.6517791748047 67.6142730712891 67.9189605712891 67.4296112060547 65.6338806152344 62.947582244873 61.4702339172363 60.5607452392578 59.3974304199219 57.9582481384277 57.8375587463379 57.8249092102051 57.7166748046875 57.6501731872559 57.7697792053223 57.7961158752441 57.7359771728516 57.6613006591797 58.2293014526367 59.102481842041 62.2213249206543
67.3876876831055 67.1845397949219 67.1344223022461 67.7074508666992 67.6204223632812 67.7196044921875 68.3311157226562 68.6416320800781 66.5076293945312 63.7436141967773 63.4431304931641 63.2296905517578 63.6400909423828 64.4800033569336 63.5180854797363 63.1734275817871 62.6565399169922 61.1761054992676 60.3706893920898 62.8595695495605 66.7669677734375 67.8765869140625 67.5756988525391 67.3602752685547 67.3782730102539 65.260871887207 61.6596221923828 62.6706771850586 63.965274810791 65.6051254272461 66.4519958496094 66.3228454589844 65.9139633178711 64.4965133666992 63.6405563354492 62.6861724853516 60.7886543273926 58.098217010498 58.0230331420898 57.9596290588379 57.8249244689941 57.8188362121582 58.0122756958008 58.720890045166 59.0425758361816 58.7590484619141 61.4617385864258 63.9601707458496 67.4872512817383
67.5626602172852 67.251823425293 67.189582824707 67.6467895507812 67.4357147216797 67.5951156616211 68.0828475952148 68.5028076171875 67.7469635009766 66.7152633666992 66.298957824707 64.8258895874023 64.2365798950195 64.3648147583008 62.6266899108887 61.0422592163086 61.1123046875 60.8766059875488 60.43359375 62.6296157836914 65.940559387207 66.4497146606445 66.2659530639648 66.2156372070312 67.2060317993164 66.0682067871094 60.7312202453613 60.4454460144043 61.3438606262207 63.1909446716309 64.2012405395508 64.4431686401367 64.8010787963867 64.3348541259766 63.8710594177246 63.1246032714844 61.4744148254395 58.5865249633789 58.0445213317871 57.9016723632812 58.0099220275879 58.0621299743652 59.7584419250488 62.1454620361328 61.1985015869141 61.9828948974609 66.6064682006836 69.4143676757812 71.9692993164062
67.2644424438477 67.2966842651367 67.3322525024414 67.4479141235352 67.4983978271484 67.7908248901367 68.0573501586914 68.3995971679688 68.8539428710938 69.2748184204102 68.9044723510742 67.7521667480469 67.0729293823242 66.8541793823242 66.4220809936523 63.8654747009277 62.1902770996094 61.7658042907715 61.4788208007812 61.7875213623047 62.6241035461426 62.8085060119629 64.1705017089844 65.3957748413086 65.6467895507812 64.9058303833008 60.7100372314453 59.3636932373047 59.6091423034668 60.8877029418945 62.6199607849121 63.9904861450195 63.7243347167969 63.1470222473145 62.3285598754883 61.4370956420898 60.8134956359863 59.2216300964355 59.4412040710449 59.6758308410645 58.5689506530762 60.1918563842773 64.3780212402344 66.0225143432617 62.0619583129883 62.4686622619629 67.5090942382812 70.544303894043 74.4129028320312
67.3967742919922 67.4876480102539 67.331901550293 67.4613418579102 67.6260681152344 67.7116088867188 67.9706115722656 68.4779586791992 68.7857131958008 69.0847396850586 69.0369186401367 69.1200485229492 69.1628570556641 69.2826919555664 69.4476623535156 67.6612701416016 66.1779556274414 66.1308364868164 66.0752029418945 64.9901962280273 64.3927536010742 64.6660614013672 65.1215362548828 65.7533416748047 64.4837188720703 63.3101005554199 60.6430320739746 59.6144714355469 59.5014915466309 60.9305191040039 63.7918815612793 65.0257873535156 63.8904304504395 63.0305976867676 62.6472473144531 62.9146308898926 63.0607528686523 63.1554756164551 64.9589080810547 64.0286483764648 60.4038581848145 63.3052520751953 68.60986328125 66.2659225463867 61.1545906066895 62.1412734985352 67.6484527587891 70.8191223144531 74.9772262573242
67.68798828125 67.4703140258789 67.2511444091797 67.5749893188477 67.8981857299805 67.6914825439453 67.5928344726562 68.2995529174805 68.5265121459961 68.5164184570312 69.0117874145508 69.7076263427734 69.6603393554688 69.5670318603516 69.9003982543945 69.0099029541016 68.9675750732422 69.4215240478516 69.5141525268555 69.1002426147461 69.1978149414062 69.3362121582031 68.4570541381836 67.5992660522461 65.4818115234375 63.3565788269043 61.2941017150879 63.0520286560059 63.5186004638672 62.7231063842773 65.5880355834961 67.7962341308594 67.0908889770508 66.2675018310547 66.8707046508789 67.6267700195312 68.2418365478516 69.0927124023438 70.1032485961914 67.7926940917969 65.0909576416016 67.8230743408203 70.2371597290039 65.7293701171875 63.1738815307617 67.0841598510742 71.0440902709961 73.3571929931641 75.332649230957
67.7177810668945 67.3423767089844 67.2736053466797 67.6710815429688 67.9289016723633 67.7904205322266 68.0107192993164 68.5345153808594 68.4103851318359 68.4706878662109 69.2138671875 69.5391998291016 69.5617828369141 69.6819610595703 70.232666015625 69.6593399047852 69.2792129516602 69.6998825073242 70.00146484375 70.145866394043 70.6858749389648 70.9190216064453 70.2812042236328 69.6316833496094 68.3387145996094 66.5647506713867 66.0124664306641 68.1577377319336 68.587760925293 66.7564239501953 68.5150985717773 70.8409652709961 70.8078231811523 70.053337097168 70.3212890625 70.4484634399414 71.2782135009766 72.7044906616211 72.6792907714844 71.1253967285156 70.6426544189453 72.163818359375 71.0644149780273 68.7868041992188 69.333122253418 71.8107070922852 73.6515655517578 75.1620407104492 75.8618698120117
68.0427398681641 67.8907470703125 67.7225723266602 67.6752700805664 67.7835159301758 68.0619888305664 68.4009780883789 68.5869140625 68.8102798461914 68.9306335449219 69.290283203125 69.3307189941406 69.4907836914062 69.8367538452148 70.3626174926758 70.142822265625 69.834716796875 69.9616012573242 69.7209854125977 70.0235137939453 70.7875366210938 71.1704864501953 71.1650390625 70.8293685913086 70.422004699707 70.0098114013672 70.1544036865234 70.7113418579102 71.1782836914062 71.1806335449219 71.8280334472656 72.2312698364258 72.2945404052734 71.6008377075195 71.0135955810547 70.5688858032227 70.9252090454102 73.4751892089844 74.2215347290039 73.9556579589844 73.7462615966797 73.7565383911133 72.927619934082 72.973747253418 73.9952239990234 74.4451141357422 75.3354187011719 75.7893142700195 75.8754272460938
68.0850601196289 68.2341842651367 68.1154174804688 67.6904296875 67.7139129638672 67.9836044311523 68.1090698242188 68.5730285644531 69.031135559082 68.8738098144531 68.9165802001953 69.0681838989258 69.3220977783203 69.5135116577148 70.1462173461914 70.3086929321289 70.3093948364258 70.2011032104492 69.6789703369141 69.8803329467773 70.3193969726562 70.6055603027344 71.0025863647461 71.3469696044922 71.3007354736328 71.200553894043 71.3973617553711 71.6923751831055 72.1872024536133 72.4744720458984 72.5656661987305 72.5534515380859 72.9164428710938 72.806884765625 72.205436706543 71.9192886352539 71.3790130615234 71.8636322021484 73.8829345703125 74.5908508300781 74.4920654296875 74.4090042114258 74.5899887084961 74.9115142822266 75.3741607666016 75.8118896484375 75.7206268310547 75.6995468139648 75.6186676025391
67.9813232421875 68.2200775146484 68.1875686645508 67.879150390625 67.7494201660156 68.0177001953125 68.3248977661133 68.7342300415039 68.8855361938477 68.6626358032227 68.5433044433594 68.5493927001953 68.8344573974609 69.0595626831055 69.5160751342773 70.057014465332 70.5323638916016 70.4190216064453 70.2539367675781 70.3458938598633 70.3623046875 70.5657958984375 70.8254547119141 71.1316146850586 71.7338027954102 71.7326202392578 71.9870223999023 72.0710296630859 72.2169723510742 72.5182189941406 72.2481384277344 72.2504730224609 72.6764144897461 72.9320449829102 73.1461486816406 73.5124740600586 72.9673461914062 72.2998046875 73.9491653442383 74.3664779663086 74.4697723388672 74.8384017944336 75.1134567260742 75.0738067626953 75.0735244750977 75.2631988525391 75.3398818969727 75.310417175293 75.2106170654297
68.0111999511719 68.0382232666016 67.8783721923828 68.0412521362305 67.9615783691406 68.430534362793 68.5506362915039 68.4162750244141 68.5790328979492 68.6679763793945 68.487174987793 68.4234466552734 68.6647262573242 68.8287124633789 68.9956207275391 69.6260604858398 70.1925659179688 70.3324127197266 70.4722366333008 70.629753112793 70.7581100463867 70.9230651855469 71.0536117553711 71.0459671020508 71.7037811279297 71.7483978271484 72.0694427490234 72.1585998535156 72.1944427490234 72.3446884155273 72.1230087280273 72.3780212402344 72.7621994018555 72.7029800415039 72.8950424194336 73.2984085083008 73.6740875244141 73.8496780395508 74.3551788330078 74.0025939941406 -3.4e+38 74.8676071166992 75.136116027832 74.7898406982422 74.7356338500977 74.7503356933594 74.8185806274414 74.8732681274414 75.0635375976562
68.0035781860352 67.9261932373047 67.7231292724609 68.2160949707031 68.2335815429688 68.5067138671875 68.6067581176758 68.4416580200195 68.4062957763672 68.3182907104492 68.3856506347656 68.5833129882812 68.6363830566406 68.6990737915039 68.9419250488281 69.196907043457 69.6261138916016 69.9819717407227 70.3191070556641 70.5915222167969 70.8560791015625 71.0191268920898 71.0347442626953 71.2146148681641 71.7680282592773 71.5996246337891 71.8106536865234 71.7858657836914 72.0657577514648 72.3998641967773 72.3676223754883 72.5491104125977 72.9881439208984 72.9932327270508 72.7925872802734 73.0008697509766 73.531494140625 73.7264404296875 73.8259658813477 73.6767120361328 73.9158248901367 74.5029602050781 74.755241394043 74.6448745727539 75.0061645507812 74.9293441772461 74.835334777832 75.0891723632812 75.3030090332031
67.9290161132812 68.0197677612305 67.9575424194336 68.4241638183594 68.1368408203125 67.9988861083984 68.1986618041992 68.2407073974609 68.4238967895508 68.5686874389648 68.6528778076172 68.7769165039062 69.3323669433594 69.8582763671875 69.5596618652344 69.4594650268555 69.8017196655273 69.9700622558594 70.1408157348633 70.4785385131836 70.9722900390625 71.1662216186523 71.3337936401367 71.2208557128906 71.2481307983398 71.604118347168 71.9045028686523 72.0596237182617 72.1623458862305 72.1926116943359 72.2905960083008 72.5047607421875 72.9063034057617 73.3243026733398 73.5345306396484 73.3674468994141 73.3323516845703 73.6092529296875 73.6599044799805 73.6110610961914 -3.4e+38 -3.4e+38 74.2175369262695 74.4022064208984 74.7469940185547 75.0958480834961 75.0751876831055 75.1437454223633 75.8869018554688
67.7781066894531 67.9160995483398 68.0304336547852 68.2553405761719 68.0089492797852 68.0100936889648 68.0932083129883 67.9839019775391 68.3185195922852 68.7440490722656 68.8963088989258 69.1785736083984 69.565559387207 69.9148788452148 69.8095016479492 69.8265838623047 70.4012298583984 70.6296463012695 70.7686996459961 70.9019775390625 71.2408065795898 71.4774932861328 71.4268569946289 71.4734344482422 71.5563659667969 71.73388671875 72.0970764160156 72.1058044433594 72.2411270141602 72.5055160522461 72.7132263183594 72.6435089111328 72.7424011230469 73.2482223510742 73.4364166259766 73.420524597168 73.7294464111328 73.447380065918 73.6676559448242 74.1733093261719 74.1974258422852 -3.4e+38 74.1541061401367 73.980827331543 74.0977020263672 74.4827423095703 74.6901092529297 74.8004608154297 75.3284683227539
67.9685363769531 67.9337768554688 68.1799850463867 68.1564559936523 67.7792587280273 68.0343780517578 68.1958923339844 68.2261734008789 68.5208511352539 68.6571731567383 68.8427581787109 69.3060531616211 69.364616394043 69.5693435668945 70.0068588256836 70.0831298828125 70.7679672241211 71.0624923706055 70.9682235717773 71.0148239135742 71.2054443359375 71.1730499267578 71.2461318969727 71.5324020385742 71.3858413696289 71.5040588378906 72.3080749511719 72.3578567504883 72.5090484619141 72.7336959838867 72.8917007446289 72.7924346923828 72.7339324951172 72.9736862182617 73.1489562988281 73.5453414916992 73.9718322753906 73.2851867675781 73.8467407226562 74.5184020996094 74.319938659668 74.1435089111328 -3.4e+38 74.2209014892578 74.3712921142578 74.8124389648438 75.082389831543 74.8072738647461 74.5853500366211
68.4940185546875 68.2689819335938 68.2168197631836 68.2246475219727 68.0981292724609 68.3967437744141 68.4885940551758 68.6767501831055 68.9619369506836 68.6637344360352 68.7724990844727 69.0438079833984 68.9306182861328 69.1625366210938 70.0209579467773 70.3622512817383 70.7090377807617 71.078239440918 71.0438385009766 70.8662948608398 71.1109466552734 70.8545227050781 70.288444519043 69.9083099365234 69.5027770996094 69.4254837036133 71.6055374145508 72.2240676879883 72.5239868164062 72.6318588256836 72.8160781860352 72.7217178344727 72.857795715332 72.9328231811523 73.1178741455078 73.5857009887695 73.7285842895508 73.4060134887695 74.2315063476562 74.4973373413086 74.4469528198242 74.343620300293 -3.4e+38 -3.4e+38 -3.4e+38 75.3990936279297 75.5989532470703 75.2509155273438 74.6220169067383
