rcp8.5models/GFDL_CM3/sc1gr5.26
NCOLS 261 
NROWS 433 
XLLCORNER 336357.134 
YLLCORNER 654653.479 
CELLSIZE 1000 
NODATA_value -3.4e+38 
[rows 264 to 285 of 433, columns 98 to 146 of 261]
285.960418701172 287.846984863281 294.343017578125 294.059814453125 294.319641113281 294.432586669922 294.619262695312 294.335510253906 292.482055664062 284.322143554688 276.425628662109 283.372894287109 292.1181640625 291.970947265625 272.939788818359 264.583129882812 263.936614990234 265.096343994141 265.609741210938 266.557067871094 273.748840332031 277.854614257812 280.843322753906 281.371307373047 281.350067138672 280.89013671875 280.70263671875 273.748260498047 267.341247558594 262.994903564453 256.868957519531 250.120742797852 242.431137084961 237.991256713867 241.191360473633 238.714920043945 229.2548828125 208.402938842773 215.823699951172 225.508056640625 234.562942504883 241.264831542969 243.15869140625 236.569641113281 234.639358520508 240.645401000977 253.395584106445 263.486389160156 274.774993896484
281.496704101562 283.066680908203 293.244262695312 292.9794921875 294.013977050781 294.073913574219 294.144653320312 294.116424560547 292.771423339844 286.020538330078 277.341430664062 281.495269775391 291.076965332031 291.520904541016 280.082702636719 267.384979248047 262.725708007812 264.451721191406 265.793395996094 266.888977050781 276.352172851562 280.199920654297 280.283294677734 280.690460205078 281.143341064453 280.229522705078 279.936157226562 275.455932617188 271.108093261719 263.991363525391 255.944366455078 247.36572265625 239.968948364258 237.146881103516 241.732345581055 242.195007324219 235.964767456055 216.664154052734 215.627822875977 215.271286010742 223.717132568359 228.14990234375 231.627212524414 229.735046386719 230.858795166016 240.999771118164 255.687255859375 261.517395019531 280.876708984375
273.465698242188 279.379028320312 292.486114501953 291.288635253906 292.546234130859 293.690216064453 293.303985595703 293.614379882812 293.950531005859 293.667083740234 288.656402587891 279.375152587891 278.344909667969 284.28076171875 287.483154296875 277.574493408203 265.053009033203 262.727447509766 264.292846679688 265.2900390625 262.758453369141 264.219604492188 269.747772216797 277.463226318359 280.548553466797 280.508178710938 280.058319091797 275.242736816406 272.710296630859 269.043243408203 262.029510498047 252.566360473633 239.970489501953 231.408905029297 233.279449462891 243.93391418457 246.858474731445 237.838165283203 233.472930908203 230.629135131836 224.8388671875 217.028137207031 214.346145629883 221.696472167969 236.048034667969 251.212585449219 258.988189697266 267.232208251953 280.612884521484
277.400421142578 281.68603515625 290.223754882812 289.130279541016 289.919158935547 293.280883789062 293.055969238281 293.148284912109 293.305694580078 293.434844970703 291.635467529297 283.803344726562 274.490814208984 273.991516113281 283.394805908203 276.823455810547 266.871063232422 262.104766845703 264.299743652344 265.595275878906 264.538208007812 267.448760986328 270.379272460938 272.038726806641 277.342254638672 280.185363769531 280.470306396484 277.439636230469 272.400939941406 266.815612792969 259.371887207031 249.059631347656 237.034652709961 231.432083129883 232.881088256836 242.948318481445 250.277236938477 245.06103515625 238.680786132812 238.976135253906 233.544281005859 226.914352416992 224.714691162109 223.434219360352 225.250274658203 238.556930541992 253.127304077148 264.537170410156 278.921844482422
275.444030761719 284.295532226562 289.625122070312 290.416320800781 290.63720703125 292.544647216797 292.983276367188 291.243835449219 288.026428222656 289.890350341797 293.116577148438 289.950439453125 283.143951416016 275.454040527344 274.714233398438 273.471008300781 269.156799316406 266.352600097656 265.567932128906 266.038482666016 267.229431152344 267.923126220703 269.238098144531 269.403198242188 272.027191162109 275.101837158203 280.8310546875 278.757415771484 273.267608642578 266.089172363281 257.468719482422 248.236145019531 237.734649658203 231.548751831055 233.27490234375 242.926940917969 252.354934692383 250.728790283203 245.686950683594 247.255157470703 244.213073730469 240.220581054688 236.41227722168 227.271865844727 219.148956298828 222.343551635742 234.536239624023 248.075958251953 272.913177490234
278.595367431641 288.190582275391 291.586761474609 292.572052001953 292.353485107422 291.511291503906 292.052886962891 291.068145751953 286.111267089844 283.047515869141 287.659149169922 292.262084960938 291.093109130859 282.788604736328 270.000244140625 270.370086669922 268.097442626953 268.061187744141 266.183715820312 267.380523681641 269.431976318359 267.484619140625 268.360992431641 269.409942626953 269.254028320312 269.018615722656 275.391326904297 278.298156738281 275.487670898438 268.802612304688 257.761260986328 247.554946899414 236.670059204102 227.564422607422 232.674423217773 243.648086547852 251.111801147461 258.859527587891 255.225952148438 253.688140869141 250.157333374023 243.965927124023 235.192794799805 224.353256225586 214.18928527832 212.792251586914 229.606872558594 246.012161254883 263.879333496094
280.061401367188 289.003387451172 294.278747558594 293.254425048828 292.011108398438 289.934783935547 289.948577880859 291.238128662109 288.745330810547 281.557983398438 278.967254638672 284.538269042969 289.383605957031 283.517547607422 270.958251953125 270.621429443359 268.985748291016 267.650421142578 266.877044677734 267.900115966797 269.851440429688 269.212097167969 268.871398925781 269.244110107422 269.919677734375 268.976867675781 267.860412597656 274.490203857422 276.05517578125 267.859222412109 255.49870300293 242.118881225586 233.674697875977 231.416610717773 233.593139648438 242.657104492188 251.473159790039 264.291748046875 259.746032714844 254.506378173828 247.86164855957 238.918304443359 228.84782409668 222.12841796875 215.676284790039 218.348739624023 236.965362548828 251.862777709961 250.348495483398
282.824401855469 289.613952636719 292.566619873047 291.74609375 290.274047851562 288.213958740234 288.089385986328 288.990692138672 287.640106201172 285.432708740234 281.001739501953 281.1103515625 287.142791748047 284.672576904297 272.026184082031 271.332977294922 270.858276367188 269.293670654297 269.1962890625 269.637359619141 270.593444824219 271.392028808594 270.110198974609 269.589019775391 271.385681152344 271.075561523438 267.529022216797 271.830535888672 276.045135498047 266.291564941406 253.879806518555 244.02702331543 240.0126953125 239.285736083984 235.995147705078 243.487716674805 256.742767333984 265.524810791016 260.012084960938 252.575332641602 245.434005737305 241.288452148438 232.580413818359 228.643310546875 225.648147583008 221.230773925781 227.343704223633 239.99967956543 236.99592590332
285.981872558594 292.066833496094 288.843536376953 288.475372314453 287.220306396484 286.659484863281 287.510894775391 286.919219970703 285.233154296875 285.089019775391 285.525177001953 285.616790771484 286.64990234375 286.427673339844 272.247161865234 271.158966064453 271.616851806641 270.958648681641 271.404327392578 271.561065673828 271.3818359375 272.437591552734 272.2744140625 271.494079589844 272.490692138672 271.854400634766 269.998199462891 271.648345947266 275.210296630859 270.000579833984 258.965942382812 254.611114501953 252.842620849609 249.221664428711 246.457397460938 251.462707519531 262.817596435547 267.808319091797 260.904327392578 253.536087036133 249.35871887207 250.821975708008 244.782379150391 238.865249633789 230.143997192383 219.509048461914 215.344665527344 223.624588012695 238.979476928711
287.858978271484 293.476470947266 288.185333251953 285.472503662109 283.994018554688 283.395568847656 285.387084960938 286.442230224609 284.960144042969 283.085083007812 283.91943359375 286.138153076172 285.950653076172 286.005401611328 272.435577392578 270.795074462891 271.179565429688 271.187316894531 272.141448974609 272.214447021484 272.169311523438 273.265838623047 273.723937988281 273.338653564453 272.440277099609 270.560363769531 270.834075927734 270.693572998047 272.601196289062 273.016998291016 265.817932128906 261.554168701172 261.535308837891 258.814422607422 256.896606445312 259.411499023438 267.102294921875 268.578125 262.889434814453 258.655731201172 255.735122680664 252.96110534668 245.073806762695 234.585983276367 222.482772827148 219.585540771484 221.392272949219 223.612365722656 246.855712890625
292.438354492188 294.273651123047 291.059356689453 285.049957275391 282.688293457031 281.801544189453 285.319549560547 286.639709472656 285.631164550781 285.630157470703 282.824493408203 282.293487548828 284.013732910156 284.828399658203 273.661285400391 270.690032958984 270.968963623047 270.688995361328 271.747894287109 272.137969970703 272.605712890625 273.140747070312 273.625335693359 273.875457763672 272.512176513672 270.558776855469 271.77001953125 271.126312255859 271.313568115234 272.813079833984 270.143951416016 265.259613037109 264.770050048828 261.978485107422 259.591247558594 261.928192138672 267.893280029297 266.447570800781 262.672302246094 257.618408203125 253.292984008789 247.650863647461 240.974990844727 232.057769775391 225.252655029297 226.315444946289 232.30859375 231.80712890625 250.086547851562
294.969451904297 292.994018554688 291.031036376953 288.156433105469 284.661834716797 282.765747070312 286.6083984375 287.899658203125 288.051086425781 287.769622802734 283.357452392578 280.101348876953 280.399353027344 282.493286132812 276.588134765625 270.951904296875 271.01220703125 270.565948486328 271.247772216797 271.884429931641 272.646087646484 272.842712402344 273.495239257812 273.905395507812 273.195220947266 272.401916503906 272.522766113281 272.515411376953 272.322082519531 272.732727050781 272.3876953125 268.643035888672 265.651550292969 263.739837646484 261.701873779297 263.633239746094 269.578857421875 265.365447998047 262.221527099609 256.509368896484 249.513488769531 244.416046142578 241.817001342773 239.512741088867 233.580612182617 231.774322509766 234.890747070312 231.409881591797 248.645309448242
295.613464355469 293.632873535156 291.446594238281 289.876708984375 289.062042236328 287.461975097656 288.943511962891 290.332763671875 289.648742675781 287.352142333984 284.251708984375 279.634033203125 273.911590576172 274.321258544922 277.044647216797 270.128051757812 270.620849609375 270.611083984375 270.701934814453 271.46923828125 272.363311767578 272.119934082031 272.867889404297 273.887268066406 273.562561035156 273.458801269531 273.08154296875 273.281524658203 273.486145019531 272.991088867188 272.420104980469 270.503631591797 267.087036132812 262.338684082031 259.98193359375 263.238220214844 269.272644042969 265.057647705078 262.535095214844 258.883117675781 251.669281005859 246.422149658203 246.721267700195 247.567611694336 240.405364990234 237.883117675781 235.96728515625 228.425277709961 236.437057495117
295.221618652344 294.171691894531 292.616027832031 289.0654296875 290.264404296875 289.910858154297 290.879913330078 291.243316650391 290.099548339844 288.040466308594 285.994567871094 281.863586425781 275.410583496094 272.818145751953 272.359405517578 268.837371826172 269.684265136719 269.8330078125 269.647247314453 270.080261230469 271.123901367188 271.44970703125 272.136779785156 273.484008789062 273.937133789062 274.398193359375 273.809631347656 273.903076171875 273.498352050781 273.163024902344 272.609161376953 271.529235839844 269.332702636719 264.187072753906 260.064697265625 261.406341552734 265.976043701172 268.040100097656 264.054809570312 259.748474121094 256.256713867188 254.738616943359 255.609832763672 257.333282470703 251.200531005859 247.52326965332 239.694900512695 234.330169677734 228.36491394043
293.409057617188 290.655883789062 291.31884765625 284.502899169922 281.413421630859 279.831268310547 281.752777099609 283.858154296875 283.926574707031 281.991668701172 281.647125244141 284.158630371094 287.159973144531 285.8037109375 271.564117431641 266.014007568359 266.977905273438 267.507385253906 266.714874267578 265.464294433594 266.921783447266 270.818572998047 271.942810058594 273.239959716797 273.970764160156 274.161834716797 274.704528808594 274.010040283203 273.474609375 273.194091796875 273.498413085938 273.470672607422 273.250762939453 272.652496337891 270.481994628906 267.466827392578 270.320068359375 277.010803222656 273.659912109375 268.531860351562 264.775939941406 265.068756103516 266.648162841797 268.715759277344 266.846221923828 259.059997558594 248.558547973633 239.363372802734 224.144790649414
292.570617675781 290.79150390625 292.217742919922 289.470428466797 283.410186767578 270.635101318359 267.583374023438 274.565338134766 276.396362304688 270.398468017578 269.448333740234 273.241180419922 279.05810546875 276.973236083984 266.622192382812 263.016357421875 265.481628417969 268.229400634766 268.100952148438 265.496337890625 266.356140136719 270.928741455078 272.966247558594 273.152648925781 273.157043457031 272.408752441406 274.764068603516 274.251708984375 273.594116210938 273.377105712891 273.912750244141 273.934143066406 273.525665283203 272.950561523438 271.869079589844 270.691741943359 271.965423583984 277.379577636719 277.033294677734 274.990173339844 271.016143798828 266.7138671875 262.385223388672 264.931274414062 -3.4e+38 261.623565673828 249.599227905273 241.006805419922 235.423217773438
293.193939208984 292.706665039062 291.939666748047 289.508239746094 288.848846435547 276.705200195312 263.713043212891 264.537780761719 269.169952392578 266.721343994141 265.968566894531 266.887756347656 268.715850830078 268.419586181641 262.966613769531 265.206787109375 267.901641845703 269.458343505859 269.412689208984 268.171112060547 267.46142578125 270.202972412109 273.82666015625 272.837677001953 271.662750244141 271.202606201172 273.119567871094 274.462219238281 273.791687011719 274.288269042969 274.132629394531 274.140533447266 274.366271972656 274.056762695312 273.337860107422 272.683349609375 272.385620117188 277.116333007812 278.416961669922 -3.4e+38 274.596710205078 267.644195556641 260.450164794922 263.279327392578 271.418060302734 267.725067138672 258.193206787109 251.484191894531 248.569961547852
294.533416748047 294.925445556641 293.193054199219 289.884307861328 291.238983154297 288.735015869141 277.031890869141 267.327270507812 268.545471191406 268.678009033203 268.529968261719 268.135925292969 268.259674072266 268.855987548828 267.002136230469 269.506713867188 270.58984375 269.819396972656 268.383331298828 269.081909179688 268.929168701172 269.090789794922 273.847076416016 272.778106689453 271.627288818359 272.496734619141 270.985687255859 271.742950439453 274.33984375 275.090209960938 274.339691162109 274.126983642578 275.059204101562 275.494201660156 274.898803710938 274.177886962891 272.609588623047 275.091491699219 276.796722412109 277.199645996094 -3.4e+38 271.826507568359 265.160827636719 267.123229980469 272.656311035156 270.99853515625 262.232757568359 253.089904785156 249.347991943359
293.157440185547 293.514007568359 293.921661376953 291.753143310547 290.793640136719 291.6142578125 288.567077636719 279.011474609375 270.781677246094 268.554168701172 269.166717529297 270.152709960938 270.800262451172 270.634979248047 270.463012695312 270.305114746094 270.852722167969 270.595367431641 269.458221435547 270.299011230469 272.517059326172 271.583099365234 273.750854492188 273.297546386719 272.128143310547 270.206237792969 267.077484130859 268.161315917969 272.454467773438 275.566070556641 274.422210693359 274.096740722656 274.833129882812 275.681304931641 275.837738037109 275.008331298828 272.831787109375 274.469635009766 275.082763671875 276.131500244141 277.933776855469 276.008911132812 271.843994140625 273.218627929688 274.046447753906 271.245086669922 261.538879394531 250.647750854492 248.976470947266
291.827667236328 290.877990722656 290.402313232422 290.282653808594 288.621307373047 289.426574707031 290.608551025391 283.085754394531 272.144989013672 269.359649658203 268.792633056641 269.854339599609 270.36376953125 271.034851074219 270.870147705078 270.890441894531 271.243133544922 271.401306152344 270.964050292969 270.957580566406 273.341156005859 274.010375976562 273.7158203125 271.941680908203 267.655792236328 263.139434814453 260.1171875 266.711456298828 270.8544921875 273.92041015625 273.6591796875 275.233917236328 275.889953613281 276.162780761719 276.417449951172 275.985717773438 273.964324951172 275.089385986328 -3.4e+38 275.720672607422 276.684020996094 -3.4e+38 -3.4e+38 272.064575195312 273.455902099609 271.084381103516 260.726257324219 250.99919128418 249.754684448242
291.194213867188 288.145141601562 285.909423828125 288.584503173828 287.877716064453 287.673309326172 287.785888671875 284.114685058594 278.588684082031 273.495361328125 268.752258300781 266.345062255859 267.225708007812 269.399078369141 271.248901367188 271.295043945312 271.260406494141 271.188629150391 271.225067138672 271.091033935547 272.623962402344 272.823852539062 271.023376464844 268.145568847656 260.919738769531 255.101119995117 254.839096069336 264.065673828125 269.282653808594 271.768981933594 273.304321289062 274.756713867188 274.658386230469 275.089050292969 276.339599609375 277.056915283203 275.863555908203 275.729919433594 276.536804199219 -3.4e+38 276.087890625 277.698333740234 273.911102294922 268.332489013672 271.49560546875 268.860992431641 259.091613769531 247.290100097656 248.724304199219
292.187652587891 289.211975097656 286.620941162109 288.783203125 288.670959472656 287.697174072266 285.442047119141 284.962829589844 285.596130371094 279.52490234375 271.652862548828 268.314056396484 267.959075927734 267.128692626953 271.186767578125 270.816162109375 270.991607666016 271.149719238281 271.675628662109 272.360748291016 273.341674804688 272.005401611328 267.726593017578 263.810272216797 256.244781494141 250.489700317383 259.375305175781 265.862091064453 269.944427490234 271.568054199219 272.678924560547 273.445648193359 271.808959960938 271.763793945312 272.077117919922 273.347259521484 -3.4e+38 277.107330322266 -3.4e+38 -3.4e+38 -3.4e+38 277.889221191406 -3.4e+38 -3.4e+38 271.576782226562 264.167877197266 256.027465820312 248.553756713867 251.559677124023
