rcp8.5models/GFDL_CM3/sc1gr10.13
NCOLS 261 
NROWS 433 
XLLCORNER 336357.134 
YLLCORNER 654653.479 
CELLSIZE 1000 
NODATA_value -3.4e+38 
[rows 154 to 175 of 433, columns 98 to 146 of 261]
881.882385253906 886.074462890625 891.856628417969 898.620361328125 903.921081542969 907.919921875 913.352966308594 916.182983398438 919.437866210938 923.534545898438 928.28759765625 932.801208496094 936.674255371094 941.091369628906 952.367614746094 957.210571289062 962.126220703125 966.867858886719 971.989868164062 976.643798828125 981.420104980469 986.376831054688 993.034606933594 998.19140625 1002.96575927734 1008.3623046875 1020.85229492188 1026.20764160156 1030.96142578125 1037.10766601562 1041.87817382812 1048.42492675781 1053.52270507812 1058.40466308594 1063.16967773438 1066.65185546875 1071.00415039062 1082.50036621094 1087.33215332031 1098.84143066406 1113.97241210938 1104.04125976562 1109.322265625 1114.90771484375 1121.29943847656 1127.35510253906 1133.43371582031 1139.21520996094 1146.92834472656
879.957946777344 883.490844726562 888.857604980469 897.332763671875 902.170593261719 907.059509277344 911.327880859375 914.23876953125 918.433166503906 922.044799804688 -3.4e+38 931.597961425781 934.665405273438 939.605041503906 950.369506835938 954.657165527344 960.435180664062 964.748718261719 970.921813964844 975.95947265625 980.369262695312 -3.4e+38 990.914184570312 996.688537597656 1000.93426513672 1007.18963623047 1018.70837402344 1024.1328125 1028.1689453125 1034.40539550781 1040.39135742188 1046.35913085938 1052.75122070312 1057.90747070312 1061.57592773438 1064.88159179688 1069.73449707031 1080.48107910156 1084.75317382812 1094.09045410156 1104.45520019531 1102.84460449219 1107.93347167969 1112.84558105469 1118.43139648438 1125.02258300781 1131.91821289062 1138.35034179688 1146.25646972656
877.824829101562 -3.4e+38 886.48046875 896.01416015625 900.268432617188 905.587524414062 909.341125488281 913.429565429688 917.121032714844 920.423645019531 925.227416992188 929.216064453125 932.423706054688 937.709045410156 947.738891601562 952.02490234375 958.253051757812 963.589111328125 968.428283691406 973.980590820312 978.305297851562 984.33203125 989.721740722656 994.474426269531 999.716857910156 1005.05169677734 1017.25494384766 1021.28045654297 1025.74047851562 1032.2470703125 1038.935546875 1044.86669921875 1050.62377929688 1056.06213378906 1059.10363769531 1063.873046875 1068.42761230469 1077.92041015625 1083.15258789062 1088.76745605469 1095.43286132812 1101.11999511719 1105.61218261719 1111.3818359375 1117.18237304688 1123.130859375 1128.65808105469 1135.56555175781 1143.58142089844
875.131286621094 879.81005859375 883.915283203125 893.921142578125 898.732727050781 902.882568359375 906.540588378906 912.161071777344 915.771301269531 920.004760742188 923.726257324219 927.362976074219 931.564392089844 935.442016601562 945.544250488281 950.950317382812 956.178955078125 961.901184082031 965.504516601562 971.337036132812 975.643615722656 982.252563476562 988.011657714844 991.692626953125 997.522338867188 1001.96600341797 1014.57281494141 1018.58154296875 1024.48645019531 1031.23889160156 1036.75830078125 1043.56530761719 1049.41870117188 1053.60180664062 1058.076171875 1061.93273925781 1066.04040527344 1077.18139648438 1081.78430175781 1087.50329589844 1093.98754882812 1099.03491210938 1104.63818359375 1110.22900390625 1115.79943847656 1121.70080566406 1126.48754882812 1132.37866210938 1141.80920410156
872.503723144531 878.089782714844 881.553039550781 891.277038574219 896.692932128906 899.674255371094 903.648376464844 910.118957519531 914.810180664062 918.495971679688 921.770141601562 926.441284179688 929.958923339844 933.382263183594 942.919067382812 949.684875488281 954.553344726562 959.266845703125 963.759826660156 968.613830566406 973.926452636719 979.279235839844 984.700439453125 988.708068847656 994.527770996094 998.965698242188 1012.11688232422 1017.39666748047 1022.94482421875 1029.85290527344 1035.72424316406 1042.05395507812 1049.93444824219 1052.54406738281 1056.16088867188 1059.77392578125 1064.3212890625 1075.33129882812 1079.27587890625 1086.01318359375 1092.87780761719 1098.31335449219 1103.56115722656 1109.0048828125 1114.45446777344 1119.71643066406 -3.4e+38 1131.28564453125 1140.890625
871.294616699219 875.564453125 879.242126464844 888.537292480469 894.169006347656 897.620788574219 902.328308105469 907.700134277344 912.932739257812 916.609313964844 921.147338867188 925.304260253906 929.053833007812 932.198181152344 941.455078125 -3.4e+38 -3.4e+38 956.098571777344 961.786071777344 965.717651367188 971.674926757812 975.980163574219 981.989013671875 987.282287597656 992.442993164062 997.483947753906 1010.01843261719 1016.54272460938 1021.83166503906 1027.40087890625 1034.12670898438 1040.81750488281 1048.91137695312 1051.09875488281 1053.34790039062 1057.27453613281 1063.05969238281 1072.39135742188 1077.50061035156 1083.01831054688 1090.22351074219 1096.64416503906 1102.458984375 1108.50207519531 1113.42236328125 1118.27380371094 1123.20629882812 1129.81665039062 1139.640625
869.606872558594 873.37158203125 878.057006835938 887.784790039062 892.035400390625 896.965942382812 900.678527832031 904.545166015625 910.787292480469 915.959289550781 919.500244140625 922.76171875 927.478271484375 931.095642089844 -3.4e+38 -3.4e+38 949.770446777344 954.484008789062 959.520568847656 964.49951171875 969.440124511719 975.02001953125 981.001159667969 985.760498046875 991.272277832031 996.507751464844 1007.03411865234 1014.23944091797 1019.91168212891 1024.73608398438 1031.45251464844 1038.84436035156 1045.68933105469 1048.42126464844 1052.19567871094 1055.46630859375 1060.72119140625 1069.89196777344 1076.05017089844 1082.02844238281 1088.52258300781 1094.01623535156 1100.78283691406 1107.65539550781 1112.23620605469 1117.20471191406 1122.68334960938 1129.13684082031 1138.82275390625
865.298461914062 869.853942871094 874.306945800781 883.193908691406 887.939208984375 892.502014160156 897.456604003906 902.228271484375 908.003967285156 913.722229003906 916.636596679688 920.156372070312 924.850341796875 928.784606933594 936.577209472656 -3.4e+38 947.025146484375 951.40625 957.79541015625 962.950439453125 967.665893554688 972.136840820312 977.483703613281 983.574584960938 987.608459472656 993.988037109375 1004.99853515625 1011.34979248047 1016.18225097656 1021.66119384766 1028.31311035156 1033.92163085938 1037.88366699219 1041.64123535156 1047.72534179688 1052.79663085938 1057.08898925781 1066.61743164062 1072.43664550781 1078.88073730469 1084.90673828125 1091.208984375 1096.69848632812 1102.91833496094 1109.76037597656 1116.79138183594 1122.21606445312 1131.69714355469 1137.69348144531
864.788208007812 868.505310058594 873.482177734375 882.307006835938 885.904663085938 889.808044433594 895.977111816406 901.72705078125 908.024291992188 912.348327636719 916.220153808594 919.136657714844 922.90234375 926.105895996094 934.876342773438 -3.4e+38 944.831481933594 949.482421875 954.85400390625 961.078674316406 966.50390625 971.350219726562 976.647277832031 982.795166015625 986.996643066406 993.056213378906 1003.57849121094 1010.3837890625 1015.3603515625 1021.22204589844 1027.31384277344 1032.08154296875 1035.18249511719 1039.80627441406 1044.55505371094 1050.26330566406 1054.33032226562 1065.83972167969 1071.27673339844 1077.33935546875 1083.47131347656 1090.20385742188 1094.96264648438 1101.29077148438 1108.27734375 1116.35607910156 1123.12353515625 1130.3544921875 1137.849609375
862.866088867188 866.148559570312 871.701171875 881.137817382812 885.182922363281 888.553405761719 893.661376953125 899.735290527344 905.456176757812 909.194458007812 914.640991210938 917.882629394531 922.607177734375 924.853393554688 932.369079589844 938.067810058594 943.491638183594 947.994995117188 953.125061035156 958.388244628906 964.278076171875 968.650146484375 975.535583496094 981.903564453125 986.940612792969 991.536804199219 1001.89105224609 1008.53979492188 1014.06072998047 1020.13275146484 1026.38793945312 1031.07873535156 1033.46411132812 1038.98974609375 1043.68127441406 1048.0087890625 1052.50402832031 1064.46606445312 1070.17980957031 1076.10241699219 1081.70178222656 1088.68334960938 1094.24060058594 1100.27807617188 1106.87939453125 1116.63073730469 1124.52331542969 1130.27966308594 1138.57739257812
860.300109863281 864.845947265625 869.25732421875 878.191162109375 883.576721191406 887.207885742188 891.770263671875 896.074951171875 901.760925292969 905.934326171875 911.274841308594 915.489196777344 921.327758789062 923.558654785156 930.755065917969 935.568969726562 941.927185058594 947.295349121094 952.01611328125 956.698913574219 961.719299316406 967.038513183594 973.818481445312 979.442932128906 985.748657226562 990.448669433594 1000.69158935547 1006.056640625 1012.45294189453 1018.75335693359 1026.05981445312 1031.04992675781 1032.10266113281 1038.69445800781 1043.80590820312 1046.4873046875 1050.90148925781 1063.53173828125 1070.12023925781 1075.29919433594 1080.60705566406 1087.95056152344 1094.48718261719 1099.6171875 1106.91247558594 1116.3623046875 1124.93969726562 1129.66589355469 1138.07690429688
858.884948730469 863.095458984375 867.861450195312 875.057006835938 880.773132324219 885.570495605469 889.120910644531 892.834350585938 898.635070800781 903.882934570312 908.65234375 913.41845703125 917.513977050781 920.684753417969 929.014953613281 933.823669433594 939.029541015625 945.393249511719 950.636108398438 955.297668457031 961.213256835938 967.125793457031 972.322082519531 978.253234863281 984.716796875 989.502197265625 999.743103027344 1005.49127197266 1011.78771972656 1017.18139648438 1024.619140625 1029.84338378906 1031.64172363281 1038.11303710938 1041.55395507812 1045.02258300781 1049.78186035156 1061.95788574219 1069.1162109375 1074.2861328125 1078.98779296875 1086.20275878906 1093.34045410156 1099.49633789062 1107.21447753906 1115.52233886719 1123.41064453125 1128.70385742188 1138.08581542969
857.258361816406 861.699401855469 865.596618652344 873.008056640625 877.705993652344 882.843200683594 886.088806152344 891.131958007812 896.050903320312 901.290771484375 905.844848632812 911.549865722656 920.2744140625 933.309692382812 928.006103515625 932.368286132812 937.283874511719 942.051025390625 948.678771972656 954.230163574219 959.87646484375 965.509826660156 969.58935546875 976.309997558594 982.604919433594 986.574035644531 999.485717773438 1006.34936523438 1012.28094482422 1016.66839599609 1022.89892578125 1026.84729003906 1030.39025878906 1036.63842773438 1040.77661132812 1044.08630371094 1048.30749511719 1060.31604003906 1066.498046875 1072.99548339844 1077.3544921875 1083.09887695312 1090.33483886719 1097.36010742188 1104.84106445312 1112.97412109375 1120.09399414062 1126.74536132812 1138.568359375
854.272583007812 859.956420898438 864.276977539062 870.8056640625 875.654663085938 879.844177246094 884.575988769531 889.082763671875 894.163391113281 898.602172851562 904.250183105469 910.26953125 917.670349121094 928.788757324219 926.433959960938 931.2177734375 935.661560058594 940.42919921875 945.932800292969 952.557312011719 957.866516113281 962.622497558594 967.371643066406 973.059692382812 979.57421875 985.180419921875 997.407348632812 1004.38702392578 1010.71398925781 1016.31970214844 1020.91040039062 1023.87963867188 1028.32690429688 1033.41882324219 1038.80249023438 1042.3583984375 1046.912109375 1059.1396484375 1065.18640136719 1071.822265625 1076.33410644531 1082.13879394531 1088.84777832031 1095.74658203125 -3.4e+38 1108.7626953125 1115.8056640625 1123.04052734375 1136.94409179688
852.825500488281 858.395568847656 862.653503417969 869.334228515625 873.224853515625 876.861633300781 882.84326171875 887.903381347656 892.472900390625 897.031188964844 902.349182128906 908.476989746094 913.173645019531 916.986022949219 925.267028808594 929.941955566406 934.3583984375 938.684326171875 943.838439941406 949.288757324219 955.648681640625 960.704895019531 965.499572753906 970.8623046875 976.290710449219 983.276672363281 993.571228027344 1000.53851318359 1007.35583496094 1014.49566650391 1019.43963623047 1022.07635498047 1026.32312011719 1031.01684570312 1035.9921875 1041.14111328125 1045.2880859375 1057.50378417969 1063.32019042969 1070.30749511719 1076.00451660156 1082.84631347656 1088.94116210938 1094.84765625 -3.4e+38 -3.4e+38 1114.38439941406 1121.5087890625 1135.09289550781
850.611083984375 856.440979003906 861.292236328125 867.720642089844 871.655456542969 875.087951660156 879.815673828125 885.862121582031 890.466125488281 894.969299316406 900.402954101562 905.514892578125 911.615600585938 915.855285644531 923.585693359375 928.404663085938 932.468017578125 937.325439453125 942.025390625 947.842224121094 954.013610839844 959.011352539062 964.390686035156 969.231262207031 974.583740234375 980.821533203125 992.023681640625 999.272583007812 1005.62286376953 1012.66119384766 1019.90576171875 1020.46954345703 1024.90563964844 1029.77185058594 1034.90368652344 1039.33081054688 1043.84619140625 1056.41857910156 1061.89990234375 1069.24682617188 1076.22973632812 1083.12622070312 1088.20983886719 1094.31665039062 1101.27575683594 1107.5029296875 1113.15979003906 1120.95776367188 1132.7529296875
848.252380371094 853.311279296875 858.612243652344 866.283142089844 870.421203613281 874.527465820312 877.957336425781 882.658630371094 888.509704589844 893.100891113281 898.261047363281 903.402221679688 908.811218261719 914.62939453125 922.733154296875 928.065307617188 931.056762695312 936.104675292969 941.724060058594 947.693664550781 952.139343261719 958.166198730469 964.3955078125 968.237243652344 974.303833007812 979.269775390625 990.2490234375 997.422424316406 1003.89910888672 1011.08587646484 1020.76922607422 1026.46801757812 1023.65295410156 1028.69848632812 1033.09094238281 1037.7646484375 1042.51977539062 1056.07580566406 1062.24816894531 1067.51049804688 1075.61779785156 1084.40063476562 1088.83911132812 1095.06665039062 1101.50048828125 1106.52844238281 1112.0966796875 1121.11804199219 1130.29455566406
845.598083496094 850.398681640625 855.063171386719 864.07568359375 868.982360839844 872.832458496094 877.53955078125 881.048828125 887.173400878906 891.574584960938 897.115478515625 902.722290039062 907.148376464844 913.280029296875 922.7490234375 926.574829101562 929.617858886719 935.150207519531 941.366516113281 945.852172851562 949.588989257812 956.490478515625 963.267150878906 967.822326660156 973.041687011719 978.352905273438 989.094177246094 995.359375 1000.95599365234 1008.22760009766 1016.87084960938 1025.23181152344 1022.57354736328 1026.953125 1031.68933105469 1036.353515625 1041.57751464844 1054.13732910156 1060.98815917969 1066.71472167969 1075.27233886719 1083.80017089844 1089.64526367188 1096.46044921875 1102.08666992188 1106.13439941406 1112.73291015625 1120.95336914062 1131.79809570312
843.576354980469 847.73583984375 852.850646972656 862.049499511719 866.648193359375 871.067016601562 876.028198242188 880.572570800781 885.153259277344 890.110534667969 895.007629394531 901.009399414062 907.481811523438 912.587829589844 920.644775390625 924.861633300781 928.472534179688 933.442810058594 939.626647949219 944.17041015625 948.909362792969 955.686645507812 961.984985351562 966.819885253906 972.180541992188 976.906799316406 989.589233398438 995.488952636719 999.769897460938 1006.14678955078 1012.00347900391 1018.60400390625 1022.52337646484 1025.64147949219 1030.44152832031 1034.865234375 1040.08569335938 1052.65637207031 1060.18151855469 1066.86999511719 -3.4e+38 1081.00988769531 1089.79248046875 1098.52307128906 1105.63684082031 1107.15966796875 1112.83093261719 1118.94360351562 1132.81359863281
840.3974609375 845.864318847656 848.862670898438 857.544128417969 861.584777832031 865.423706054688 871.369995117188 876.101318359375 -3.4e+38 885.626953125 891.07373046875 896.863647460938 901.281860351562 906.591613769531 914.822509765625 920.214050292969 926.457641601562 931.506896972656 936.142211914062 941.693420410156 946.770202636719 952.951354980469 958.487365722656 964.229370117188 970.057800292969 974.316528320312 986.72216796875 993.956909179688 1000.15637207031 1004.18572998047 1011.50592041016 1017.27587890625 1020.59838867188 1024.79248046875 1028.96496582031 1032.98205566406 1038.97387695312 1054.20007324219 1061.80786132812 1068.06091308594 -3.4e+38 1079.08056640625 1088.71057128906 1101.11926269531 1108.66931152344 1108.63671875 1113.72839355469 1118.56372070312 1130.03344726562
839.371398925781 843.690612792969 848.309020996094 855.508972167969 859.994445800781 863.480285644531 869.335754394531 874.230163574219 -3.4e+38 883.377624511719 888.553955078125 893.550842285156 898.517395019531 902.303405761719 912.654357910156 917.733276367188 922.538879394531 928.710693359375 934.493774414062 939.897033691406 944.563720703125 949.490234375 956.467712402344 961.908081054688 966.678588867188 972.114868164062 986.169616699219 991.496520996094 998.622436523438 1004.65484619141 1011.75616455078 1016.4140625 1020.19775390625 1023.69696044922 1027.58740234375 1032.19519042969 1037.259765625 1052.46472167969 1060.02380371094 1067.56896972656 1072.63732910156 1078.34411621094 1090.47875976562 1103.90026855469 1106.70288085938 1107.89709472656 1113.77075195312 1118.27575683594 1127.53637695312
837.282043457031 841.681091308594 846.386474609375 854.196716308594 859.91357421875 863.072875976562 867.44775390625 -3.4e+38 -3.4e+38 -3.4e+38 885.614318847656 889.615600585938 895.140808105469 899.034362792969 909.269592285156 915.258605957031 920.382629394531 925.950439453125 932.846374511719 938.320495605469 942.262878417969 947.163024902344 953.06787109375 959.358276367188 964.676940917969 970.033447265625 983.808044433594 -3.4e+38 997.731994628906 1004.31384277344 1010.09259033203 1014.61022949219 1018.06353759766 1022.05688476562 1026.46875 1030.56787109375 1036.419921875 1051.44311523438 1059.15234375 1067.28295898438 1074.03784179688 1077.97009277344 1088.96862792969 1099.88720703125 1101.37768554688 1106.16857910156 1111.87353515625 1116.76989746094 1125.17443847656
