rcp8.5models/GFDL_CM3/sc1gr5.21
NCOLS 261 
NROWS 433 
XLLCORNER 336357.134 
YLLCORNER 654653.479 
CELLSIZE 1000 
NODATA_value -3.4e+38 
[rows 286 to 307 of 433, columns 196 to 244 of 261]
281.345306396484 281.89013671875 278.791473388672 277.817779541016 283.933013916016 285.310272216797 285.119598388672 282.606109619141 280.183410644531 272.627319335938 276.097930908203 269.214385986328 271.441955566406 282.016845703125 291.700378417969 292.116973876953 292.255249023438 293.042205810547 -3.4e+38 290.182495117188 287.829833984375 292.222381591797 293.244598388672 294.218475341797 295.053558349609 295.150939941406 295.141815185547 294.936706542969 295.567077636719 296.32080078125 296.293884277344 296.044097900391 296.619140625 296.626037597656 297.009368896484 297.384216308594 297.495727539062 297.836669921875 297.7529296875 297.805358886719 297.917419433594 297.859954833984 298.330261230469 298.748809814453 298.642669677734 298.319213867188 298.306854248047 298.536987304688 -3.4e+38
282.600250244141 283.225738525391 282.498687744141 283.352569580078 284.454345703125 285.174194335938 285.674743652344 284.546081542969 280.576385498047 270.320098876953 269.698059082031 265.671722412109 269.392059326172 281.870147705078 291.497589111328 292.525939941406 292.736022949219 293.494506835938 -3.4e+38 290.896057128906 286.521514892578 291.724639892578 292.844879150391 294.054412841797 294.988922119141 295.319702148438 295.481414794922 295.808410644531 295.790405273438 295.967864990234 -3.4e+38 296.603485107422 296.765258789062 296.75341796875 296.976257324219 297.328460693359 297.759307861328 297.585662841797 297.184326171875 297.462005615234 297.537139892578 298.157562255859 298.407562255859 298.610229492188 298.109710693359 298.225433349609 298.387817382812 -3.4e+38 -3.4e+38
283.845306396484 283.543365478516 282.705047607422 283.220275878906 283.717498779297 284.917175292969 285.933898925781 285.631958007812 281.677490234375 271.394775390625 268.578369140625 266.425567626953 268.203430175781 276.643646240234 291.077117919922 292.137603759766 292.905731201172 293.739929199219 -3.4e+38 290.641510009766 284.502075195312 291.349914550781 293.050659179688 293.894195556641 294.441101074219 294.945617675781 295.420166015625 296.0693359375 296.143981933594 296.127532958984 296.465911865234 296.814697265625 297.002166748047 296.872283935547 296.928894042969 296.987915039062 297.143615722656 296.927001953125 296.873443603516 297.378875732422 297.664764404297 298.356872558594 298.093322753906 298.394500732422 297.620635986328 297.4521484375 298.012084960938 298.363189697266 298.493316650391
283.887054443359 284.119445800781 283.76953125 283.64013671875 283.219116210938 285.150329589844 286.131286621094 286.075653076172 284.244415283203 280.486907958984 276.586151123047 269.978118896484 268.726531982422 271.403442382812 291.534606933594 292.272430419922 292.751739501953 293.276428222656 293.942108154297 290.494598388672 285.371795654297 291.634765625 -3.4e+38 -3.4e+38 293.701232910156 -3.4e+38 -3.4e+38 295.803985595703 296.349060058594 296.421051025391 296.393463134766 296.982086181641 296.878387451172 296.913848876953 296.954772949219 296.917785644531 296.820922851562 296.805938720703 297.117065429688 297.797607421875 297.857299804688 297.828094482422 297.895812988281 298.183502197266 297.693450927734 297.368377685547 297.721649169922 298.235992431641 298.224945068359
284.353118896484 284.663970947266 285.015411376953 282.434326171875 276.782501220703 280.055969238281 285.210266113281 286.427337646484 285.924011230469 286.402618408203 284.296936035156 281.219024658203 274.246002197266 267.828979492188 285.065185546875 292.836486816406 293.272491455078 293.895324707031 -3.4e+38 292.279144287109 290.031951904297 -3.4e+38 -3.4e+38 -3.4e+38 -3.4e+38 -3.4e+38 -3.4e+38 294.738067626953 295.050628662109 295.245544433594 296.028228759766 296.599884033203 296.616333007812 296.476409912109 296.139801025391 295.761138916016 295.867034912109 295.435028076172 296.532653808594 297.098083496094 297.004089355469 296.957489013672 297.095428466797 296.783477783203 296.846130371094 296.414337158203 297.134460449219 297.811279296875 298.123413085938
283.564666748047 284.09375 284.541168212891 283.95751953125 280.530792236328 280.724395751953 285.582336425781 286.672760009766 286.149047851562 287.243499755859 287.672912597656 286.512817382812 281.299377441406 276.757232666016 283.693298339844 293.468231201172 293.641571044922 294.165191650391 -3.4e+38 -3.4e+38 -3.4e+38 -3.4e+38 -3.4e+38 -3.4e+38 -3.4e+38 -3.4e+38 -3.4e+38 293.661193847656 293.617034912109 294.144592285156 295.560150146484 296.240173339844 296.207977294922 296.069732666016 295.667175292969 295.200775146484 295.389587402344 295.318634033203 296.05126953125 296.699432373047 296.304016113281 296.254547119141 296.302215576172 -3.4e+38 297.012420654297 296.973327636719 297.406433105469 297.852874755859 297.978820800781
281.87646484375 282.330230712891 282.522155761719 283.630187988281 285.159606933594 284.925506591797 286.047180175781 286.63330078125 287.297119140625 287.783721923828 288.319641113281 288.812225341797 289.165069580078 288.830718994141 289.006469726562 293.029266357422 293.515533447266 293.369812011719 293.772583007812 293.716705322266 293.767700195312 -3.4e+38 -3.4e+38 293.973571777344 -3.4e+38 -3.4e+38 -3.4e+38 293.653839111328 293.987335205078 294.272644042969 295.924682617188 296.195709228516 296.159393310547 295.763336181641 295.273956298828 294.854064941406 295.332855224609 295.955169677734 296.673370361328 -3.4e+38 295.943939208984 295.975158691406 296.221069335938 -3.4e+38 296.787078857422 297.113250732422 297.30322265625 297.851043701172 297.81591796875
281.56591796875 281.371765136719 281.279968261719 282.729339599609 285.170593261719 285.714416503906 286.044158935547 286.602233886719 287.689971923828 288.336303710938 289.07275390625 289.934020996094 290.920013427734 290.416809082031 289.990447998047 291.143096923828 292.257629394531 292.802764892578 293.699462890625 293.470001220703 -3.4e+38 -3.4e+38 -3.4e+38 -3.4e+38 -3.4e+38 -3.4e+38 294.110107421875 293.09423828125 294.031036376953 294.291564941406 296.286956787109 296.143737792969 295.670989990234 294.882781982422 294.278045654297 293.648834228516 295.796569824219 296.261566162109 296.702392578125 296.519592285156 295.854827880859 295.733581542969 296.355743408203 296.707397460938 296.345001220703 296.953369140625 296.848114013672 297.342254638672 297.801574707031
282.165252685547 280.778411865234 280.161926269531 282.334014892578 284.993499755859 285.980987548828 286.002624511719 284.932952880859 284.614501953125 287.838348388672 289.561309814453 290.218780517578 290.530609130859 289.7373046875 289.064208984375 290.969329833984 292.2197265625 292.220428466797 293.292266845703 293.964904785156 -3.4e+38 -3.4e+38 -3.4e+38 -3.4e+38 -3.4e+38 -3.4e+38 293.215179443359 292.880310058594 294.380279541016 295.144378662109 296.215850830078 295.755798339844 295.368927001953 294.909271240234 294.2080078125 -3.4e+38 296.150482177734 296.121795654297 296.177337646484 295.856719970703 295.810516357422 295.815521240234 296.362701416016 296.944427490234 296.622497558594 296.882232666016 296.847900390625 297.272705078125 297.792541503906
283.220642089844 280.798126220703 277.570831298828 282.109619140625 285.354614257812 285.987243652344 285.797576904297 285.010223388672 284.666473388672 287.004638671875 288.708343505859 289.439117431641 289.040405273438 289.235809326172 288.743804931641 291.361236572266 291.820556640625 291.937469482422 292.734771728516 293.897430419922 -3.4e+38 -3.4e+38 -3.4e+38 -3.4e+38 -3.4e+38 292.753875732422 292.138977050781 292.974182128906 294.888793945312 295.712646484375 295.893615722656 295.446563720703 294.921905517578 294.821746826172 295.023712158203 -3.4e+38 295.849639892578 295.900360107422 295.517242431641 295.433746337891 295.729125976562 296.189819335938 296.800140380859 -3.4e+38 -3.4e+38 297.183319091797 297.3203125 297.812622070312 297.830535888672
284.302459716797 282.838317871094 280.055877685547 283.975891113281 285.680725097656 285.784698486328 284.91455078125 286.315673828125 286.716705322266 287.3720703125 287.969177246094 287.417419433594 287.690246582031 287.448547363281 288.064575195312 290.315856933594 290.785461425781 292.119262695312 293.395263671875 -3.4e+38 292.827972412109 292.705291748047 -3.4e+38 -3.4e+38 -3.4e+38 293.278564453125 292.400421142578 293.460876464844 294.838043212891 295.534423828125 295.555023193359 294.805511474609 294.114868164062 294.481079101562 -3.4e+38 -3.4e+38 295.356872558594 295.029968261719 295.049865722656 295.011535644531 295.529632568359 296.288482666016 -3.4e+38 296.922454833984 -3.4e+38 297.701721191406 297.825927734375 297.998565673828 297.885833740234
284.898345947266 284.832366943359 284.414978027344 285.053466796875 285.420562744141 285.288360595703 284.527893066406 285.514221191406 286.316192626953 287.635894775391 287.663543701172 286.017791748047 288.134552001953 287.112030029297 286.434661865234 288.387847900391 290.77294921875 291.911407470703 293.973297119141 293.438598632812 292.085174560547 292.547729492188 -3.4e+38 293.097045898438 292.833099365234 292.660522460938 290.944458007812 290.746856689453 294.39892578125 295.651611328125 294.963531494141 294.472778320312 294.301086425781 294.152679443359 293.029510498047 294.390258789062 294.707611083984 294.499633789062 295.072937011719 294.959869384766 295.380462646484 296.090179443359 296.608428955078 -3.4e+38 -3.4e+38 297.398742675781 297.555908203125 297.734466552734 297.728942871094
284.768249511719 284.760437011719 284.986968994141 284.847717285156 285.426879882812 285.256164550781 284.540649414062 285.023315429688 286.472015380859 286.636383056641 285.263763427734 286.929504394531 289.007843017578 286.700500488281 285.475433349609 288.463134765625 291.029296875 292.128204345703 292.857635498047 292.567901611328 291.677978515625 291.908630371094 -3.4e+38 291.082916259766 290.136505126953 291.926910400391 291.096557617188 290.728607177734 294.0927734375 295.545562744141 294.461578369141 294.198791503906 294.577972412109 293.566284179688 292.367950439453 293.759246826172 294.076965332031 294.506866455078 294.725830078125 294.717498779297 295.311920166016 295.570434570312 296.161987304688 -3.4e+38 -3.4e+38 296.69482421875 297.131744384766 296.975738525391 297.222930908203
283.321899414062 283.762298583984 284.738708496094 285.053009033203 285.412109375 285.086456298828 283.980682373047 285.470245361328 286.698059082031 284.016143798828 277.833160400391 284.547912597656 288.728637695312 286.134033203125 286.485900878906 290.002655029297 291.945159912109 292.957183837891 291.568481445312 290.600463867188 290.895202636719 290.7451171875 291.418914794922 287.589935302734 285.787628173828 291.865173339844 293.052490234375 293.071502685547 -3.4e+38 294.966979980469 293.558074951172 293.800170898438 294.006195068359 293.565673828125 293.183044433594 292.619903564453 291.249298095703 292.073272705078 294.121887207031 294.709350585938 294.644714355469 295.374206542969 295.995544433594 296.269714355469 296.437072753906 296.399841308594 296.954162597656 296.883422851562 297.576904296875
278.044647216797 283.429412841797 285.162780761719 285.087188720703 284.724853515625 284.626647949219 283.737457275391 285.444976806641 284.259460449219 278.953857421875 271.945678710938 280.73046875 287.404876708984 289.245727539062 289.303833007812 291.320373535156 292.751190185547 292.4921875 290.009765625 284.812866210938 287.416351318359 290.803833007812 290.008697509766 283.374267578125 283.297729492188 291.574340820312 -3.4e+38 -3.4e+38 -3.4e+38 294.383544921875 292.768371582031 292.621154785156 291.420776367188 292.933868408203 292.445983886719 291.285919189453 288.005767822266 284.538604736328 290.819244384766 294.629852294922 294.3330078125 295.398834228516 296.050262451172 296.030639648438 296.033264160156 296.357116699219 297.174102783203 297.590026855469 297.890594482422
283.967590332031 283.8828125 284.005401611328 283.506713867188 281.725250244141 280.65185546875 282.301116943359 285.231414794922 285.755401611328 284.353149414062 285.461303710938 287.221496582031 290.590759277344 291.624267578125 292.505310058594 292.218811035156 290.29248046875 289.617279052734 288.046600341797 279.714599609375 279.231079101562 288.640655517578 286.997802734375 273.483062744141 272.737060546875 284.902954101562 -3.4e+38 -3.4e+38 293.153747558594 292.323150634766 291.916625976562 292.110748291016 292.303283691406 292.132995605469 292.231567382812 292.041015625 291.696716308594 290.366058349609 288.809539794922 294.460479736328 294.817443847656 296.013793945312 296.2080078125 296.320129394531 296.233184814453 296.358093261719 296.537292480469 295.470306396484 296.172576904297
283.949523925781 281.648162841797 279.959533691406 277.56201171875 278.000762939453 277.925109863281 281.020080566406 285.118591308594 288.958343505859 288.532318115234 287.009765625 289.091400146484 291.008728027344 291.860382080078 292.347106933594 291.739166259766 290.416931152344 290.055236816406 289.15966796875 282.498992919922 279.044311523438 284.47509765625 284.358703613281 275.706115722656 269.809448242188 280.481018066406 -3.4e+38 293.735321044922 292.732971191406 291.994354248047 290.843719482422 290.871368408203 290.755279541016 290.914489746094 292.245971679688 292.79052734375 292.907287597656 291.963989257812 290.580688476562 294.532012939453 295.313385009766 295.632751464844 295.601043701172 295.68408203125 296.353607177734 296.246429443359 294.094268798828 294.126098632812 296.23486328125
282.602386474609 278.83544921875 275.327331542969 274.539611816406 276.639770507812 276.810638427734 279.370758056641 284.60400390625 289.188232421875 289.361206054688 288.501098632812 290.216705322266 291.379302978516 291.603057861328 291.678802490234 291.728515625 290.931060791016 289.820709228516 291.459075927734 288.779693603516 285.665344238281 280.362365722656 281.523101806641 275.340301513672 273.412353515625 287.175506591797 293.675872802734 293.859497070312 292.910705566406 292.623199462891 290.827484130859 290.336883544922 290.22119140625 290.083190917969 289.596801757812 292.263305664062 -3.4e+38 292.990509033203 292.318603515625 294.874755859375 295.233795166016 294.981506347656 295.156372070312 295.423919677734 296.045715332031 295.983673095703 293.978393554688 295.315185546875 296.825012207031
281.235260009766 273.036865234375 268.049987792969 273.514709472656 276.260498046875 277.813293457031 279.712371826172 287.410430908203 289.651397705078 289.940673828125 290.206512451172 290.544830322266 290.9072265625 290.721557617188 291.198699951172 291.588775634766 290.740203857422 289.526733398438 292.108673095703 291.017974853516 286.020324707031 277.696166992188 281.465026855469 282.55908203125 284.770874023438 293.034881591797 293.901214599609 293.4404296875 292.968872070312 292.846099853516 291.543121337891 291.570831298828 291.420318603516 290.32080078125 287.881103515625 291.982116699219 291.928588867188 -3.4e+38 -3.4e+38 294.038726806641 294.963256835938 294.418548583984 294.722229003906 294.938293457031 294.207092285156 295.053100585938 295.326202392578 296.245697021484 296.597625732422
281.106384277344 273.480834960938 271.191009521484 271.332580566406 276.627868652344 280.639343261719 282.115417480469 289.157684326172 289.055572509766 289.802551269531 290.676605224609 290.353576660156 289.790313720703 288.653198242188 290.112091064453 289.712310791016 290.623291015625 289.439788818359 291.632965087891 291.165771484375 285.669860839844 276.717926025391 283.960479736328 290.706970214844 292.464813232422 293.030151367188 292.347076416016 292.691467285156 292.257598876953 292.089141845703 291.782196044922 292.394683837891 292.571380615234 291.865936279297 290.8310546875 293.101623535156 -3.4e+38 -3.4e+38 293.036102294922 292.228912353516 294.536254882812 293.70361328125 294.125366210938 294.27685546875 293.200164794922 295.124938964844 295.802520751953 296.13671875 295.697662353516
282.651031494141 280.110992431641 278.546752929688 269.172027587891 275.472412109375 282.591888427734 284.312774658203 288.501495361328 288.219360351562 289.528442382812 290.61083984375 290.060394287109 288.983947753906 285.731048583984 284.33837890625 283.490783691406 287.678039550781 286.914154052734 290.871704101562 291.195831298828 287.794464111328 280.543090820312 286.607269287109 291.613525390625 292.805328369141 292.300659179688 290.462219238281 292.596099853516 291.614562988281 291.251190185547 291.198150634766 291.715545654297 292.219909667969 292.422241210938 293.097473144531 293.656860351562 293.207061767578 292.659301757812 292.888214111328 292.611450195312 293.629669189453 293.016662597656 293.595703125 294.180908203125 293.957244873047 295.379150390625 295.788909912109 295.882781982422 295.8935546875
283.729370117188 281.477600097656 274.118499755859 266.298400878906 270.688232421875 281.277282714844 286.757598876953 287.3349609375 288.722808837891 289.677001953125 289.717864990234 289.988433837891 288.640441894531 283.222778320312 276.369201660156 275.819244384766 279.562835693359 280.088256835938 289.531463623047 290.507110595703 289.850555419922 287.298400878906 289.005340576172 291.945465087891 293.065856933594 291.000457763672 286.853973388672 289.198272705078 291.378875732422 290.819915771484 290.687377929688 290.844970703125 291.256896972656 291.842407226562 292.074981689453 293.201721191406 292.696441650391 292.251312255859 293.333679199219 293.588104248047 293.673889160156 292.344665527344 292.578430175781 293.768157958984 294.210876464844 295.186614990234 295.666900634766 296.067779541016 296.189910888672
