rcp8.5models/GFDL_CM3/sc1gr6.31
NCOLS 261 
NROWS 433 
XLLCORNER 336357.134 
YLLCORNER 654653.479 
CELLSIZE 1000 
NODATA_value -3.4e+38 
[rows 352 to 373 of 433, columns 98 to 146 of 261]
4463.96630859375 4412.404296875 4261.26708984375 4173.31787109375 4459.6484375 4618.7744140625 4522.244140625 4457.728515625 4354.17529296875 4141.1875 4080.13305664062 4102.97412109375 4083.45190429688 4028.1240234375 4061.55322265625 4009.388671875 3923.13354492188 3830.40844726562 3720.6728515625 3629.84375 3484.5673828125 -3.4e+38 3146.85546875 2929.17626953125 2828.4248046875 2708.53784179688 2734.04736328125 2880.2431640625 2983.44482421875 2998.337890625 2930.46801757812 2848.68505859375 2808.59887695312 2769.76928710938 2740.13305664062 2706.07568359375 2666.390625 2599.98974609375 2569.30639648438 2534.12524414062 2495.56909179688 2461.33227539062 2427.59423828125 -3.4e+38 -3.4e+38 2339.82446289062 2299.1416015625 2270.77294921875 2175.35791015625
4503.2177734375 4479.50634765625 4407.416015625 4090.8212890625 4299.109375 4538.71875 4440.61376953125 4311.06689453125 4336.46728515625 4251.1142578125 4092.18896484375 3981.5673828125 3964.0537109375 3964.7421875 3922.96069335938 3978.970703125 3988.7568359375 3897.7099609375 3755.45825195312 3641.8125 3621.8896484375 3643.6904296875 3511.41357421875 3280.41528320312 3141.142578125 2967.12475585938 2925.2890625 2963.01440429688 2978.68383789062 2979.814453125 2975.52197265625 2876.46533203125 2809.41528320312 2777.43823242188 2730.32250976562 2698.251953125 2664.31298828125 2598.23608398438 2567.4921875 2529.30029296875 2494.47631835938 2461.423828125 -3.4e+38 -3.4e+38 -3.4e+38 2336.60180664062 2306.064453125 2279.30102539062 2185.9833984375
4468.58154296875 4507.35009765625 4570.51904296875 4252.46533203125 4193.3349609375 4235.57080078125 4354.7685546875 4337.81298828125 4288.90234375 4309.85302734375 4253.78515625 4107.56396484375 3974.63745117188 3885.11376953125 3797.07397460938 3817.32641601562 3875.91284179688 3873.22314453125 3760.05224609375 3669.23559570312 3658.39038085938 3589.80102539062 3530.17578125 3472.58422851562 3364.28076171875 3251.37036132812 3205.0146484375 3189.92944335938 3113.97827148438 3047.70385742188 3023.63256835938 2943.97094726562 2865.95581054688 2809.20532226562 2725.40283203125 2689.54052734375 2661.58203125 2613.83422851562 2571.80688476562 2537.87744140625 2500.52368164062 2460.22875976562 -3.4e+38 2393.005859375 2366.85473632812 2349.07446289062 2327.107421875 2286.47241210938 2176.14575195312
4361.71044921875 4424.693359375 4558.6767578125 4393.271484375 4200.8564453125 4048.85400390625 4202.83251953125 4368.42138671875 4365.01171875 4253.53271484375 4179.3642578125 4174.70166015625 4137.88818359375 4020.19897460938 3764.94653320312 3710.08447265625 3691.04223632812 3757.19262695312 3794.69873046875 3720.45727539062 3601.00366210938 3465.50073242188 3452.94702148438 3458.16625976562 3376.56274414062 3341.95385742188 3235.576171875 3213.6748046875 3138.25512695312 3060.84106445312 3016.02587890625 2961.1591796875 2897.42578125 2810.59545898438 2731.50830078125 2692.88989257812 2662.43872070312 2610.5791015625 2567.03564453125 2542.12353515625 2506.12915039062 2467.79931640625 2433.3671875 2402.55297851562 2385.73486328125 2366.65747070312 2338.26293945312 2292.5068359375 2173.01196289062
4317.0556640625 4258.89208984375 4322.41357421875 4420.6064453125 4274.74169921875 4048.05102539062 4013.27905273438 4116.15380859375 4274.64794921875 4257.28564453125 4095.71533203125 3960.13110351562 4018.12670898438 4119.34423828125 3830.92846679688 3715.25903320312 3628.00561523438 3639.140625 3673.80322265625 3620.56323242188 3500.79272460938 3425.68286132812 3392.38256835938 3353.53149414062 3276.69506835938 3246.00805664062 3212.0869140625 3155.66088867188 3081.27465820312 3023.140625 2956.81860351562 2887.294921875 2871.634765625 2822.37036132812 2754.68579101562 2705.64038085938 2672.19604492188 2601.89428710938 2564.017578125 2535.38696289062 2500.56079101562 2469.90551757812 2440.46728515625 2416.99853515625 2393.36010742188 2354.84033203125 2316.95239257812 2275.72509765625 2181.22094726562
4388.86376953125 4268.69482421875 4207.5380859375 4381.802734375 4274.23828125 4145.51904296875 4175.15380859375 4093.0048828125 4038.60668945312 4165.208984375 4160.3974609375 4034.51342773438 4038.36645507812 4118.9453125 3927.759765625 3764.89965820312 3694.60864257812 3665.08569335938 3615.4892578125 3551.21923828125 3470.53125 3405.03662109375 3336.29443359375 3273.93212890625 3211.71508789062 3163.73022460938 3183.44116210938 3149.68383789062 3108.05834960938 3033.724609375 2933.30834960938 2869.52319335938 2844.3876953125 2830.78125 2789.68286132812 2729.89477539062 2681.57397460938 2623.208984375 2569.23120117188 2531.35668945312 2496.83813476562 2464.4853515625 2435.39672851562 2409.26635742188 2376.978515625 2334.09985351562 2291.85107421875 2254.76025390625 2192.64306640625
4480.53662109375 4323.57373046875 4198.37451171875 4179.09326171875 4136.7509765625 4126.083984375 4195.31494140625 4078.98291015625 3900.12353515625 3977.58056640625 4037.01953125 4116.67236328125 4189.396484375 4106.025390625 3933.66088867188 3791.99682617188 3715.34106445312 3667.48266601562 3626.43139648438 3591.45458984375 3537.65258789062 3427.5556640625 3294.96337890625 3262.0810546875 3242.97265625 3210.65673828125 3231.0771484375 3197.6298828125 3154.91796875 3049.58154296875 2941.55200195312 2910.2392578125 2873.99877929688 2830.26171875 2792.52807617188 2733.91577148438 2695.46484375 2636.45874023438 2576.60961914062 2536.71948242188 2502.0380859375 2465.7451171875 2429.49877929688 2395.13940429688 2360.79248046875 2323.9150390625 2284.99926757812 2246.60278320312 2189.3203125
4472.69677734375 4383.41748046875 4265.37255859375 4078.09350585938 4060.3232421875 4003.3583984375 4042.33349609375 4073.12231445312 3965.42822265625 3907.63134765625 3855.13110351562 3930.2607421875 4077.7744140625 4058.255859375 3901.11987304688 3788.42944335938 3718.41040039062 3645.95825195312 3618.04272460938 3641.20141601562 3584.36206054688 3427.85180664062 3294.17993164062 3274.28076171875 3264.81005859375 3278.60009765625 3254.88232421875 3207.94091796875 3148.49926757812 3049.04223632812 2946.51904296875 2927.5947265625 2919.48193359375 2850.43115234375 2796.01586914062 2748.45043945312 2708.34033203125 2625.33837890625 2578.93090820312 2543.78393554688 2440.564453125 2350.53564453125 2374.15747070312 2284.31201171875 2240.21704101562 2236.82958984375 2118.58666992188 2076.20336914062 2017.59631347656
4578.9306640625 4492.69482421875 4458.59716796875 4353.24755859375 4210.58642578125 4078.994140625 3973.08618164062 4050.91088867188 4111.01123046875 4031.70263671875 3982.92504882812 3950.94458007812 3904.49365234375 3800.69067382812 3773.77172851562 3724.1708984375 3681.16088867188 3583.56591796875 3498.55126953125 3430.00756835938 3378.8056640625 3330.85107421875 3369.61206054688 3398.75634765625 3318.56372070312 3218.79052734375 3145.67163085938 3127.7978515625 3103.74609375 3047.08911132812 2927.43676757812 2902.39501953125 2926.79809570312 2871.37451171875 2813.03686523438 2748.36352539062 2685.74682617188 2565.58544921875 2428.22680664062 2302.69799804688 2233.65698242188 2142.998046875 2076.626953125 2024.36047363281 1981.38525390625 1936.90490722656 1889.88842773438 1851.16491699219 1786.2744140625
4614.33203125 4568.85693359375 4424.62939453125 4431.51318359375 4426.580078125 4331.478515625 4181.51123046875 4078.7099609375 4000.484375 4021.9453125 4077.37377929688 4085.31030273438 4074.42578125 3966.22412109375 3893.79711914062 3826.82421875 3811.173828125 3729.45434570312 3576.65478515625 3478.82470703125 3435.2666015625 3382.78369140625 3373.12915039062 3375.12353515625 3372.27294921875 3310.47607421875 3181.85717773438 3130.56396484375 3090.57641601562 3061.30102539062 2989.54443359375 2866.20825195312 2836.8671875 2843.263671875 2789.84301757812 2763.33544921875 2720.51245117188 2609.95263671875 2509.84204101562 2392.77099609375 2297.93579101562 2166.34765625 2090.33154296875 2043.43188476562 2004.71960449219 1945.25134277344 1889.93200683594 1843.88830566406 1768.005859375
4635.86474609375 4595.01513671875 4517.80712890625 4397.83154296875 4430.5283203125 4483.81298828125 4397.501953125 4262.33447265625 4157.4677734375 4157.33154296875 4198.8408203125 4210.095703125 4168.03271484375 4111.216796875 4021.19213867188 3949.93627929688 3888.16162109375 3830.94384765625 3655.97412109375 3528.42944335938 3491.80151367188 3442.56323242188 3408.00317382812 3385.10424804688 3359.96997070312 3304.12719726562 3238.44091796875 3173.63623046875 3080.0751953125 2972.91772460938 2932.76025390625 2843.55908203125 2740.91577148438 2762.2490234375 2742.47607421875 2741.0185546875 2710.91748046875 2631.40209960938 2575.62622070312 2473.48315429688 2311.9736328125 2177.71069335938 2095.44140625 2075.63208007812 2040.11499023438 1942.78381347656 1892.62951660156 1847.33581542969 1761.67895507812
4656.9609375 4605.4326171875 4534.59423828125 4453.3134765625 4409.1943359375 4433.38330078125 4377.32861328125 4351.71484375 4328.490234375 4246.7587890625 4177.173828125 4189.77734375 4174.40283203125 4121.75 4000.24340820312 3935.07983398438 3876.14477539062 3839.2470703125 3708.21166992188 3562.9921875 3489.57983398438 3466.50122070312 3430.4599609375 3415.97485351562 3370.14477539062 3282.50805664062 3236.36059570312 3175.37451171875 3039.7373046875 2883.77368164062 2803.47607421875 2758.44970703125 2670.61669921875 2662.71557617188 2710.99780273438 2730.31494140625 2707.625 2625.259765625 2525.72900390625 2413.88745117188 2297.76953125 2165.1845703125 2094.74951171875 2075.43701171875 2027.47155761719 1924.57067871094 1878.18371582031 1840.52062988281 1751.8232421875
4628.568359375 4614.68017578125 4549.14013671875 4498.5908203125 4419.48583984375 4320.73876953125 4320.0771484375 4343.44189453125 4313.8828125 4275.2431640625 4204.24853515625 4128.33935546875 4082.68774414062 4037.46166992188 3972.55126953125 3955.17602539062 3904.72680664062 3844.50463867188 3749.11352539062 3618.75415039062 3498.65087890625 3442.10278320312 3408.07421875 3422.88134765625 3415.14672851562 3349.42211914062 3242.89575195312 3192.7919921875 3088.15014648438 2930.3515625 2783.2216796875 2698.16455078125 2605.80346679688 2578.03784179688 2598.43481445312 2652.00268554688 2704.68017578125 2639.7724609375 2469.53833007812 2283.47216796875 2249.4013671875 2161.78662109375 2090.61694335938 2044.11962890625 1979.35815429688 1910.69519042969 1858.37854003906 1818.150390625 1736.30725097656
4607.45654296875 4597.54443359375 4581.39453125 4507.21923828125 4441.8447265625 4304.15234375 4261.12451171875 4313.822265625 4290.32470703125 4204.5009765625 4192.16357421875 4170.52099609375 4089.15209960938 4007.27685546875 3910.56909179688 3906.10693359375 3892.06665039062 3842.14306640625 3768.98461914062 3661.076171875 3520.91528320312 3437.74951171875 3424.1689453125 3406.9912109375 3391.33959960938 3362.35571289062 3272.02172851562 3220.7685546875 3158.25024414062 2997.88208007812 2820.8583984375 2736.21118164062 2617.26318359375 2536.12426757812 2480.0849609375 2487.70776367188 2562.08447265625 2567.412109375 2382.5693359375 2184.01098632812 2176.22583007812 2152.42919921875 2065.74926757812 2015.30151367188 1948.24365234375 1895.400390625 1840.00695800781 1796.83264160156 1719.85754394531
4601.66552734375 4589.71875 4532.60205078125 4499.27880859375 4479.0595703125 4367.19189453125 4228.212890625 4227.7021484375 4256.39453125 4206.0849609375 4205.51318359375 4216.30322265625 4158.38427734375 4078.48315429688 3887.89721679688 3847.39111328125 3847.0146484375 3820.87915039062 3780.31323242188 3685.90625 3535.4970703125 3454.736328125 3434.60400390625 3382.92797851562 3342.30004882812 3307.52416992188 3233.67895507812 3179.38793945312 3105.4765625 2977.17602539062 2866.57788085938 2796.57397460938 2663.544921875 2549.76586914062 2461.2685546875 2402.56665039062 2395.69067382812 2427.68017578125 2280.30517578125 2157.87841796875 2125.48803710938 2093.95068359375 2029.42932128906 1981.55517578125 1931.61157226562 1881.63146972656 1822.98034667969 1782.47375488281 1708.763671875
4588.353515625 4573.84130859375 4524.14208984375 4236.87158203125 4327.12890625 4380.5537109375 4309.81396484375 4283.86083984375 4280.93115234375 4268.23291015625 4237.5224609375 4186.71240234375 4140.67138671875 4114.07568359375 3915.69018554688 3833.123046875 3795.71923828125 3786.724609375 3782.7548828125 3709.72778320312 3583.75732421875 3505.544921875 3443.796875 3355.86303710938 3292.29150390625 3241.88842773438 3169.62915039062 3112.83862304688 3027.666015625 2950.38647460938 2873.13745117188 2803.876953125 2689.66357421875 2594.30981445312 2498.81127929688 2396.71362304688 2347.3984375 2298.13500976562 2215.83544921875 2141.267578125 2090.38623046875 2043.33020019531 1997.36633300781 1953.76391601562 1910.27331542969 1862.0517578125 1810.70556640625 1766.52600097656 1706.06652832031
4585.1318359375 4517.5166015625 4503.38623046875 4234.42529296875 4207.849609375 4186.185546875 4097.2080078125 4071.54516601562 4108.5 4133.2412109375 4153.6650390625 4170.29296875 4148.4326171875 4118.47265625 3967.05908203125 3870.89990234375 3804.7890625 3768.63061523438 3736.70922851562 3701.6591796875 3646.05126953125 3592.6376953125 3517.501953125 3413.82958984375 3311.2099609375 3214.63891601562 3091.72119140625 3034.99389648438 2987.42504882812 2938.03979492188 2869.52612304688 2799.125 2689.64599609375 2630.47436523438 2539.26391601562 2407.02490234375 2343.30859375 2221.26879882812 2171.79052734375 2122.70532226562 2074.384765625 2025.27575683594 1975.79235839844 1934.26525878906 1888.52587890625 1839.68444824219 1795.43249511719 1752.97338867188 1705.62475585938
4573.39208984375 4400.94384765625 4298.630859375 4416.19580078125 4340.31591796875 4150.0927734375 3859.80786132812 3688.9423828125 3682.72705078125 3755.66625976562 3799.03076171875 3827.26171875 3946.52197265625 4013.93994140625 3985.96142578125 3947.86645507812 3886.61059570312 3808.61645507812 3728.9970703125 3690.99365234375 3651.97802734375 3613.71313476562 3565.55688476562 3486.5712890625 3379.50170898438 3273.27392578125 3047.61547851562 2979.26782226562 2939.65625 2903.67041015625 2853.50219726562 2783.05859375 2685.50170898438 2642.20434570312 2555.4453125 2431.39868164062 2392.49145507812 2236.84985351562 2170.32983398438 2114.32934570312 2063.42944335938 2015.94409179688 1962.27770996094 1916.47814941406 1876.14672851562 1831.52233886719 -3.4e+38 1744.03332519531 1705.7265625
4561.642578125 4369.59716796875 4166.87158203125 4335.83349609375 4409.02978515625 4342.44921875 4133.18603515625 3866.97216796875 3593.25537109375 3512.86791992188 3500.49877929688 3465.47802734375 3545.90673828125 3594.01049804688 3808.90942382812 3873.32397460938 3873.65625 3841.02221679688 3797.1728515625 3744.34399414062 3678.4248046875 3605.92431640625 3552.009765625 3512.5302734375 3425.17358398438 3316.4765625 3074.42333984375 3012.55395507812 2953.24047851562 2879.52392578125 2803.61254882812 2736.3359375 2661.30981445312 2632.38012695312 2582.08227539062 2481.8173828125 2447.01147460938 2258.92333984375 2178.5380859375 2115.78369140625 2056.49096679688 2005.83239746094 1952.76196289062 1902.75231933594 1862.08947753906 1823.69128417969 -3.4e+38 1735.60339355469 1696.67309570312
4541.185546875 4508.6005859375 4442.8955078125 4058.39282226562 3975.35791015625 4245.74462890625 4333.43701171875 4312.2431640625 4272.46728515625 4218.544921875 4172.2392578125 4124.16015625 4014.97973632812 3781.34936523438 3381.22216796875 3201.76733398438 3228.0625 3375.94262695312 3488.32983398438 3513.61474609375 3582.45825195312 3672.30615234375 3630.81274414062 3571.60473632812 3514.5732421875 3451.93505859375 3299.20190429688 3217.3017578125 3146.02807617188 3109.96533203125 3001.63671875 2851.7529296875 2696.17236328125 2562.21069335938 2505.3359375 2443.15478515625 2382.52807617188 2329.32861328125 2295.66552734375 2159.8583984375 2060.01879882812 1998.28881835938 1941.26062011719 1901.50854492188 1856.60961914062 1806.57824707031 1763.34765625 -3.4e+38 1669.85083007812
4531.06005859375 4515.3525390625 4482.41943359375 4274.9892578125 4157.5966796875 4211.34326171875 4198.51416015625 4187.921875 4249.984375 4264.06298828125 4231.970703125 4195.83203125 4155.185546875 4082.00341796875 3784.5146484375 3460.81127929688 3277.19287109375 3233.61450195312 3227.84106445312 3232.86157226562 3389.267578125 3616.32080078125 3599.2529296875 3493.93115234375 3459.30322265625 3455.96826171875 3287.18896484375 3271.76440429688 3261.53491210938 3235.39404296875 3154.69677734375 3030.96801757812 2870.44775390625 2722.00854492188 2600.18725585938 2436.57153320312 2338.3310546875 2412.21997070312 2445.3544921875 2271.7333984375 2070.0302734375 1989.08972167969 1938.88464355469 1898.71337890625 1849.19616699219 1800.3642578125 -3.4e+38 -3.4e+38 -3.4e+38
4525.63037109375 4499.7734375 4462.1171875 4422.3759765625 4354.53125 4244.3154296875 4125.419921875 4060.4033203125 4115.45703125 4211.23291015625 4229.49365234375 4192.24853515625 4158.34765625 4122.09130859375 3922.794921875 3740.50903320312 3549.48217773438 3398.28393554688 3244.8603515625 3188.16528320312 3224.3271484375 3255.37158203125 3235.73461914062 3170.7373046875 3206.70581054688 3231.12841796875 3054.3818359375 3107.11499023438 3093.06689453125 3107.72021484375 3159.94091796875 3130.91064453125 3051.48657226562 2965.06030273438 2830.357421875 2542.79467773438 2290.37915039062 2518.51782226562 2608.65795898438 2410.2578125 2117.39672851562 1986.30651855469 1929.54968261719 1884.57983398438 1834.57885742188 1788.60705566406 1755.59069824219 -3.4e+38 -3.4e+38
