rcp8.5models/GFDL_CM3/sc1gr1.24
NCOLS 261 
NROWS 433 
XLLCORNER 336357.134 
YLLCORNER 654653.479 
CELLSIZE 1000 
NODATA_value -3.4e+38 
[rows 242 to 263 of 433, columns 49 to 97 of 261]
71.2766876220703 70.9504547119141 70.3565292358398 70.2416000366211 70.7003326416016 70.8350601196289 70.8705368041992 70.2865829467773 70.2697219848633 70.3602142333984 70.7625198364258 70.6188735961914 70.5889434814453 70.5320510864258 70.5559692382812 70.7069473266602 70.7694854736328 70.9897689819336 70.6300506591797 70.8989105224609 70.8527221679688 70.7392807006836 70.6677703857422 70.6502304077148 71.0218811035156 70.9799728393555 70.7521209716797 70.8220977783203 71.2058715820312 71.0786514282227 70.8370513916016 70.8908996582031 70.7874755859375 70.8239364624023 71.2242965698242 71.172981262207 71.1630859375 71.1766052246094 71.1936111450195 71.5319290161133 71.694221496582 71.315559387207 71.4464416503906 71.3871917724609 71.6908950805664 71.7659454345703 71.9147033691406 71.9795684814453 71.5390548706055
70.5894241333008 70.3256225585938 70.5350494384766 70.4659652709961 70.4760894775391 70.5022430419922 70.5481338500977 70.5560989379883 70.6082916259766 70.4522323608398 70.1122055053711 70.1014556884766 70.6830215454102 70.7563781738281 70.7979736328125 70.7724075317383 70.6726989746094 70.7780151367188 70.9891128540039 70.9088897705078 70.6033630371094 70.6509704589844 70.5542831420898 70.6088790893555 70.8105773925781 70.9673156738281 70.825813293457 70.8427886962891 70.7781982421875 70.9702453613281 71.1174621582031 70.7572479248047 70.6562652587891 70.8386764526367 70.8017272949219 71.5145645141602 71.6355895996094 71.2745056152344 71.2842712402344 70.9954528808594 71.2038116455078 71.5455551147461 71.2945861816406 71.3891830444336 71.797233581543 71.5893630981445 71.5895767211914 71.5503158569336 71.4262313842773
70.8468246459961 70.6159591674805 70.6596069335938 70.8275756835938 70.5638885498047 70.5471115112305 70.8221740722656 70.1224212646484 70.2848968505859 70.4972152709961 70.4337158203125 70.3610916137695 70.5712509155273 70.5888366699219 70.5056838989258 70.6604690551758 70.8391265869141 70.7615661621094 70.9175796508789 70.9572143554688 70.9049072265625 70.8429412841797 70.5456619262695 70.6189270019531 70.6624526977539 70.8259735107422 71.1136932373047 71.2000579833984 70.970329284668 70.9817276000977 70.9435653686523 70.5529098510742 70.8857421875 71.0975189208984 70.7898941040039 71.0785140991211 71.0836944580078 70.9638977050781 71.076171875 70.983772277832 70.9495849609375 71.25244140625 71.178466796875 71.2392349243164 71.5805130004883 71.5095291137695 71.4759368896484 71.4065551757812 71.4625778198242
70.609748840332 70.6934432983398 70.7433700561523 70.3995056152344 70.3932876586914 70.5887985229492 70.9665756225586 70.1843338012695 70.356315612793 70.4714660644531 70.5530395507812 70.5873413085938 70.4141006469727 70.3113174438477 70.4558715820312 70.3251647949219 70.6969833374023 71.0514602661133 70.7985610961914 70.8966751098633 70.979377746582 70.6249389648438 70.4653701782227 70.8208541870117 70.6984558105469 70.437141418457 70.8427886962891 71.1226119995117 71.0683212280273 71.099983215332 70.594352722168 70.5653991699219 70.8276824951172 70.9841537475586 70.8003921508789 70.8409194946289 71.0001907348633 70.8025894165039 70.8680038452148 70.9446868896484 71.1027755737305 71.0577239990234 71.0753021240234 71.0854873657227 70.9453811645508 71.0964202880859 71.3523864746094 71.3219146728516 71.3780288696289
70.2776565551758 70.2130126953125 70.2871551513672 70.1120376586914 70.2939910888672 70.5363235473633 70.7053833007812 70.2608337402344 70.6200942993164 70.6251602172852 70.3818664550781 70.3891525268555 70.5596694946289 70.6256484985352 70.7553253173828 70.6674880981445 70.6911087036133 70.8659515380859 70.7069396972656 70.6587524414062 70.6050033569336 70.4539566040039 70.3518905639648 70.5242919921875 70.7777328491211 70.5408477783203 70.6147079467773 70.949951171875 70.8241119384766 71.0092849731445 70.9085922241211 70.9981002807617 70.6882476806641 70.8499603271484 70.8485946655273 70.8564834594727 71.0112915039062 70.790168762207 70.7660369873047 70.9986724853516 71.260612487793 71.1084747314453 71.1413116455078 71.2292709350586 71.0189971923828 71.0457611083984 71.3179244995117 71.2015762329102 71.4024658203125
70.4015808105469 70.6113662719727 70.5034790039062 70.5149993896484 70.7326354980469 70.4712524414062 70.6377410888672 70.4941024780273 70.7946090698242 70.6522445678711 70.1243591308594 70.089225769043 70.3037948608398 70.5206985473633 70.6910095214844 70.6163787841797 70.7394332885742 70.8205413818359 70.9102935791016 70.8623046875 70.7062149047852 70.2687149047852 70.4889373779297 70.3935699462891 70.6101455688477 70.7703475952148 70.66748046875 70.7251358032227 70.5194625854492 70.810920715332 70.7030487060547 70.7717895507812 70.6144332885742 70.7186508178711 70.5755081176758 70.566162109375 70.6922988891602 70.7630996704102 70.5750579833984 70.8494720458984 70.9992752075195 71.1411895751953 71.1191787719727 71.1587829589844 71.2651672363281 71.1421432495117 71.08447265625 71.1947708129883 71.4997177124023
70.4531936645508 70.2230377197266 70.2584075927734 70.568244934082 70.8870468139648 70.3609161376953 70.5712966918945 70.6952133178711 70.7616500854492 70.6911315917969 70.4321365356445 70.1629333496094 70.3584289550781 70.5802917480469 70.5806350708008 70.5806198120117 70.9382400512695 70.6629486083984 70.5474166870117 70.7299346923828 70.9087905883789 70.42041015625 70.2196044921875 70.3818817138672 70.6315994262695 70.7938537597656 70.6868743896484 70.7769470214844 70.4738082885742 70.8444290161133 70.7540130615234 70.7356491088867 70.8108215332031 70.8525314331055 70.4906768798828 70.7741470336914 70.7854766845703 70.7643890380859 70.5620574951172 70.7471923828125 70.9116058349609 70.9734420776367 70.9065856933594 71.0331878662109 71.2855987548828 71.180908203125 70.9789505004883 71.1309127807617 71.403205871582
69.9328536987305 70.0325622558594 70.2645797729492 70.1843490600586 70.4109039306641 70.3861618041992 70.4146957397461 70.6354675292969 70.6104583740234 70.6287460327148 70.7747039794922 70.6508941650391 70.4985885620117 70.6574401855469 70.7066040039062 70.8334274291992 70.784538269043 70.4971923828125 70.7245407104492 70.3866577148438 70.5643463134766 70.8382415771484 70.9239044189453 70.6352920532227 70.5641708374023 70.7078704833984 70.5208435058594 70.6453552246094 70.6198120117188 70.8305511474609 70.6407928466797 70.7981796264648 70.9519424438477 70.9810638427734 70.641242980957 70.7231903076172 70.7982025146484 70.8907165527344 70.7702484130859 70.7188720703125 70.9331512451172 70.8709335327148 70.9865570068359 71.2882614135742 71.2131729125977 71.2713928222656 71.1886825561523 71.1763763427734 71.3217468261719
70.1119613647461 70.3487854003906 70.4271697998047 70.1315155029297 70.2762222290039 70.597053527832 70.552619934082 70.5198669433594 70.698356628418 70.8087692260742 70.4211730957031 70.4891738891602 70.4829864501953 70.585319519043 70.5596618652344 70.5740203857422 70.8666152954102 70.8196792602539 70.4547958374023 70.4749221801758 70.6531448364258 70.5972366333008 70.9931716918945 70.8484268188477 70.345588684082 70.5104064941406 70.479362487793 70.5288772583008 70.6931610107422 70.8750839233398 70.7861251831055 70.8542633056641 70.9201278686523 70.8622512817383 70.6011734008789 70.5596160888672 70.577507019043 70.7557678222656 70.8836898803711 70.6610260009766 70.8433151245117 70.9449310302734 70.9306259155273 71.2254867553711 71.2871170043945 71.2714385986328 71.3774871826172 71.1556167602539 71.2737426757812
70.4093246459961 70.5942230224609 70.4526062011719 70.3747940063477 70.4611968994141 70.5498504638672 70.5436553955078 70.404167175293 70.5743408203125 70.6849899291992 70.4936294555664 70.5823364257812 70.6131591796875 70.6405181884766 70.7812957763672 70.6460952758789 70.7121810913086 70.3883743286133 70.3213272094727 70.5016326904297 70.812629699707 70.575309753418 70.8414916992188 70.8459930419922 70.657470703125 70.35595703125 70.4471054077148 70.5208969116211 70.6455917358398 70.8395233154297 70.7224960327148 70.8645324707031 70.9141998291016 70.6116027832031 70.7436904907227 70.757942199707 70.5601959228516 70.6832275390625 71.030403137207 71.0479583740234 71.0904388427734 70.9944915771484 71.0317764282227 71.0883636474609 71.3474731445312 71.411750793457 71.2846527099609 71.295280456543 71.5899276733398
70.653564453125 70.3177032470703 70.3616561889648 70.4311141967773 70.5442886352539 70.5100173950195 70.5537109375 70.5962600708008 70.3770980834961 70.6717758178711 70.9220504760742 70.6587371826172 70.7557373046875 70.894416809082 70.9620208740234 70.7754516601562 70.7650299072266 70.6588821411133 70.8750457763672 70.7914733886719 70.4786376953125 70.6671295166016 70.8180389404297 70.4629745483398 70.4999160766602 70.3164596557617 70.4025497436523 70.5367584228516 70.5452728271484 70.6156158447266 70.6648178100586 70.7041015625 70.9743347167969 70.9206695556641 70.7509231567383 70.7915573120117 70.8590850830078 70.7514877319336 70.9641189575195 71.2459335327148 71.0960540771484 71.0144577026367 71.1146392822266 71.1843185424805 71.2205810546875 71.2804641723633 71.1919860839844 71.3518142700195 71.6785888671875
70.516242980957 70.2597961425781 70.5922470092773 70.6214370727539 70.4255218505859 70.4128036499023 70.5715789794922 70.4834213256836 70.7447662353516 70.8088684082031 70.8779296875 70.967155456543 70.5927276611328 70.335205078125 70.5135726928711 70.6924362182617 70.8350067138672 70.9869155883789 71.1797256469727 71.2448043823242 70.8183288574219 70.6265487670898 70.6948165893555 70.4361114501953 70.3569259643555 70.5207443237305 70.4597473144531 70.5161437988281 70.5651397705078 70.7853469848633 70.7475891113281 70.6127395629883 70.8622055053711 70.9505233764648 70.8291625976562 70.8616409301758 70.8034439086914 70.7246398925781 70.6986846923828 71.0224838256836 71.2278289794922 71.192741394043 71.0265045166016 71.0859832763672 71.1711349487305 71.223388671875 71.2357635498047 71.129508972168 71.2150421142578
70.4591522216797 70.5520782470703 70.8170394897461 70.6572113037109 70.3178176879883 70.4356842041016 70.5760498046875 70.2304229736328 70.5602493286133 70.7852478027344 70.8811950683594 70.7934341430664 70.6083068847656 70.5049896240234 70.6828155517578 70.6862716674805 70.4354934692383 70.5034332275391 70.6062850952148 70.7807922363281 71.1691131591797 70.7488021850586 70.606201171875 70.6059646606445 70.6376953125 70.6982345581055 70.5734710693359 70.7141571044922 70.5955276489258 70.8626327514648 70.8677597045898 70.8858184814453 70.9772186279297 70.9526748657227 70.779296875 70.6084289550781 70.5532302856445 70.6930770874023 70.7838897705078 71.1196594238281 71.1240158081055 71.2287368774414 71.0915069580078 71.1917877197266 71.3112716674805 71.2847747802734 71.286262512207 71.3461532592773 71.3982620239258
70.6502227783203 70.4536056518555 70.5688934326172 70.7250442504883 70.78466796875 70.7600631713867 70.8073272705078 70.9110488891602 70.8769760131836 71.0398483276367 70.7482757568359 70.5712432861328 70.4913482666016 70.8884201049805 70.8860778808594 70.6105499267578 70.7123718261719 70.6151885986328 70.9344940185547 70.6369552612305 70.6259002685547 70.6915817260742 70.4930114746094 70.6083450317383 70.8759155273438 70.846809387207 70.8110122680664 70.6123580932617 70.5947494506836 70.8021469116211 70.8334884643555 70.7713470458984 71.0400009155273 70.9643936157227 70.9410171508789 70.9040603637695 70.7973403930664 70.9741973876953 71.0693664550781 70.7384490966797 70.8093566894531 70.834587097168 70.8989562988281 70.7445068359375 70.9033508300781 71.4103088378906 71.2515106201172 71.1783599853516 71.5473175048828
70.649528503418 70.6174850463867 70.511962890625 70.6473922729492 70.7890853881836 70.6851272583008 70.6925506591797 71.1078567504883 71.0003890991211 70.8019714355469 70.617317199707 70.7913360595703 70.5590667724609 70.7570571899414 71.010498046875 71.0241928100586 70.6487350463867 70.7012557983398 70.7655181884766 70.7460174560547 70.6806411743164 70.6863708496094 70.5609741210938 70.8035888671875 70.9655914306641 70.7599334716797 70.7062072753906 70.717155456543 70.9316711425781 70.8509750366211 70.9366226196289 70.7994384765625 70.73876953125 70.730110168457 70.7295227050781 70.6520156860352 70.7886657714844 70.6596984863281 71.1110534667969 71.0829162597656 70.9745864868164 70.6875381469727 70.6633377075195 70.7904205322266 70.8642425537109 71.5761947631836 71.4800415039062 71.3769607543945 71.4176254272461
70.7219314575195 70.7666854858398 70.5904846191406 70.574462890625 70.7809906005859 70.6626129150391 70.4725036621094 70.8749771118164 70.9278717041016 70.7099304199219 70.6384887695312 70.9784622192383 70.7923202514648 71.0687561035156 71.1279449462891 71.0065536499023 70.6783065795898 70.4227142333984 70.5446243286133 70.6185913085938 70.5225143432617 70.3781967163086 70.6048889160156 70.9287338256836 70.8732833862305 70.7185745239258 70.6915893554688 70.5852203369141 70.7798004150391 70.8767776489258 70.9552459716797 70.7659454345703 70.6293487548828 71.078483581543 70.9728393554688 70.7655487060547 71.0010070800781 70.9768600463867 71.1819229125977 71.3910064697266 71.3250122070312 70.5379333496094 70.5193939208984 70.8224716186523 70.7062149047852 70.9472274780273 71.0678253173828 71.3356628417969 71.2831649780273
70.6020431518555 70.4664764404297 70.4931335449219 70.6654739379883 70.715461730957 70.6839065551758 70.6316680908203 70.4699478149414 70.6201171875 70.5347595214844 70.1359252929688 70.3206939697266 70.6133499145508 71.0443344116211 70.8794097900391 70.8880004882812 70.5481796264648 70.5125732421875 70.4168701171875 70.5087661743164 70.570198059082 70.4582061767578 70.6106567382812 71.0104675292969 70.9753570556641 70.8410415649414 70.818603515625 70.7009963989258 70.6787109375 70.8740310668945 70.9655685424805 70.9643630981445 71.0485458374023 71.0853881835938 70.7272644042969 71.0491409301758 71.1412124633789 71.0498046875 70.9407348632812 71.2250061035156 71.0501480102539 70.6124114990234 70.7221908569336 70.8192367553711 70.5719528198242 70.5176849365234 70.7314605712891 71.2494201660156 71.2963104248047
70.6268157958984 70.4349594116211 70.4581909179688 70.8545761108398 70.7981109619141 70.6832962036133 70.7923889160156 70.7349853515625 70.8078536987305 70.6920776367188 70.4324645996094 70.2496566772461 70.4868011474609 70.8745727539062 70.4797973632812 70.6721954345703 70.6641464233398 70.6677780151367 70.4893035888672 70.6894149780273 70.6762084960938 70.7247772216797 70.8998260498047 71.1076889038086 70.9948425292969 70.7352600097656 70.7516098022461 70.9600067138672 70.6608657836914 70.7398452758789 70.9418182373047 71.1574630737305 70.9460830688477 70.6361236572266 70.2875900268555 70.792724609375 70.8678894042969 70.7593688964844 70.676513671875 70.941276550293 70.6386260986328 70.7548217773438 70.8708572387695 70.8005981445312 70.7340545654297 70.8672027587891 70.797981262207 71.2496643066406 71.3916168212891
70.5103073120117 70.5362777709961 70.2976303100586 70.5003967285156 70.5272064208984 70.5624465942383 70.6503372192383 70.9146041870117 71.0561599731445 71.0022201538086 70.8627166748047 70.7822341918945 70.8544692993164 70.9528503417969 70.5853805541992 70.6435546875 70.9752502441406 70.863037109375 70.481315612793 70.6093902587891 70.6514205932617 70.8450927734375 71.0901107788086 70.9970779418945 70.8584136962891 70.9397735595703 70.6842575073242 70.8160629272461 70.9872283935547 70.7614898681641 70.9610595703125 71.1160354614258 70.8476333618164 70.5890655517578 70.3804168701172 70.5659561157227 70.5328979492188 70.7822799682617 70.8153381347656 70.9402465820312 70.7972183227539 70.7456359863281 70.7421875 70.8795394897461 70.8430862426758 70.9373779296875 70.8885040283203 70.9138641357422 71.2965469360352
70.4966049194336 70.664192199707 70.654411315918 70.7114410400391 70.8240280151367 70.7530899047852 70.5983352661133 70.8308563232422 71.0070648193359 70.808349609375 70.4801406860352 70.678352355957 70.7602996826172 70.9757614135742 70.6894226074219 70.5467224121094 70.7461700439453 70.7266845703125 70.5230712890625 70.4547729492188 70.6469192504883 71.029411315918 71.0696640014648 70.9374389648438 70.9595794677734 71.0398254394531 70.8485412597656 71.078254699707 71.0230026245117 70.7163848876953 71.0382461547852 70.9817962646484 70.9211959838867 71.0340881347656 71.0129852294922 70.9415435791016 70.6565017700195 70.7771606445312 70.6890411376953 70.8384094238281 70.9404678344727 70.6712417602539 70.7899475097656 70.729850769043 70.7653656005859 70.9157333374023 71.1556396484375 70.9300079345703 71.2299118041992
70.9021682739258 70.8663482666016 70.8831176757812 71.1419525146484 71.0472793579102 70.908332824707 70.6617813110352 70.7374801635742 70.7749099731445 70.7453842163086 70.8416748046875 70.9954071044922 70.8537445068359 70.8153305053711 70.8957672119141 70.590705871582 70.5165176391602 70.5300369262695 70.4995880126953 70.532844543457 70.8474197387695 71.1442108154297 71.1786346435547 70.9207763671875 70.6209182739258 70.4699401855469 70.6079788208008 70.4650497436523 70.3690948486328 70.5502777099609 70.90673828125 71.0251083374023 70.9582366943359 71.0543212890625 71.1877670288086 70.8345108032227 70.5341186523438 70.8381652832031 70.7174682617188 70.7946853637695 70.7983551025391 70.9099349975586 70.7986755371094 70.9591293334961 71.0162734985352 71.1267547607422 71.1780700683594 71.0131301879883 71.3544464111328
70.9468994140625 70.818244934082 70.7948303222656 71.2794494628906 71.0741119384766 70.8867797851562 70.8576354980469 70.5143966674805 70.8636016845703 70.8707885742188 70.7157592773438 70.8200378417969 71.048583984375 70.9175491333008 70.9605102539062 70.7251434326172 70.6588516235352 70.536979675293 70.5328598022461 70.8528442382812 70.9024810791016 71.0060272216797 71.1918411254883 70.9057006835938 70.5769958496094 70.1132583618164 70.0998229980469 70.2234344482422 70.7654571533203 70.9711227416992 70.8349227905273 70.8783340454102 70.9750900268555 71.0386123657227 70.965934753418 70.7023086547852 70.5546264648438 70.8874282836914 70.7807006835938 70.7892379760742 70.8772277832031 71.391960144043 71.3351440429688 71.2757263183594 70.8163757324219 71.0822448730469 71.2394332885742 70.835319519043 71.4587707519531
