rcp8.5models/GFDL_CM3/sc1gr1.12
NCOLS 261 
NROWS 433 
XLLCORNER 336357.134 
YLLCORNER 654653.479 
CELLSIZE 1000 
NODATA_value -3.4e+38 
[rows 198 to 219 of 433, columns 49 to 97 of 261]
61.0525398254395 61.1149749755859 61.1091957092285 61.4085922241211 61.1818771362305 61.2630004882812 61.6043930053711 61.6326446533203 61.8213310241699 61.7485084533691 62.1040229797363 62.1528854370117 62.0077934265137 62.2451667785645 62.2635192871094 62.2181625366211 62.4289436340332 62.6035842895508 62.592227935791 62.769947052002 62.7968482971191 63.1486549377441 63.1957969665527 63.2415390014648 63.2190780639648 63.2535591125488 63.2178153991699 63.0848960876465 63.4704971313477 63.9703178405762 63.9169998168945 64.2171630859375 64.010612487793 63.6751174926758 64.0986785888672 64.4301986694336 64.4468154907227 64.4704208374023 64.5872650146484 64.507698059082 64.5570373535156 65.3345642089844 65.3636856079102 65.340087890625 64.9388656616211 65.6600189208984 65.3528594970703 65.6908721923828 66.1045684814453
61.2541961669922 61.0533332824707 61.1174049377441 61.222583770752 61.1688842773438 61.3587188720703 61.4105186462402 61.6873817443848 61.7851486206055 61.8357467651367 62.0106925964355 62.0621719360352 62.0329437255859 62.2612686157227 62.317741394043 62.337516784668 62.3628768920898 62.490665435791 62.8329277038574 62.8625831604004 62.955451965332 62.9988594055176 62.6269874572754 62.9322814941406 63.2286109924316 63.2350044250488 63.0297927856445 62.9935340881348 63.2438583374023 64.1465301513672 64.0631408691406 64.1949615478516 64.0392532348633 64.0780639648438 64.1045608520508 64.2696533203125 64.5111389160156 64.7908782958984 64.7864761352539 64.5125503540039 64.6348419189453 64.898307800293 65.0308990478516 65.2263641357422 64.9539947509766 65.3486175537109 65.2338256835938 65.5870742797852 65.8572463989258
61.2214851379395 61.1721343994141 61.4023895263672 61.3330459594727 61.5986633300781 61.6921501159668 61.6340293884277 61.781852722168 61.8761444091797 62.0444831848145 61.8490447998047 62.0011253356934 62.2918968200684 62.3096199035645 62.2202224731445 62.450252532959 62.458812713623 62.5047988891602 62.5445594787598 63.0717582702637 63.140796661377 62.9197692871094 62.4313430786133 63.0428009033203 63.2211036682129 63.0267524719238 63.0375747680664 63.2654800415039 63.4026679992676 63.6347770690918 63.9973297119141 63.746826171875 64.1513366699219 64.2153472900391 64.0974807739258 64.1523132324219 64.5584945678711 64.7257614135742 64.6459197998047 64.5566635131836 64.7822799682617 64.6392211914062 64.8561630249023 65.255973815918 64.8806457519531 65.1656875610352 65.4207382202148 65.4411087036133 65.6574478149414
61.1600914001465 61.1557693481445 61.3051681518555 61.3567810058594 61.7651405334473 61.8264350891113 61.9159660339355 61.7972450256348 61.8165245056152 61.9761428833008 61.8860931396484 62.0001106262207 62.2278366088867 62.4304580688477 62.2145195007324 62.0327415466309 62.487117767334 62.3093528747559 62.5007972717285 62.6455116271973 63.0517311096191 62.6999931335449 62.5875053405762 63.2301902770996 63.2173652648926 63.1616744995117 63.1710395812988 63.2370758056641 63.5389289855957 63.1676445007324 63.3966484069824 63.2844734191895 63.797607421875 64.2646102905273 64.1600646972656 63.9281730651855 64.3185882568359 64.4822540283203 64.3060073852539 64.4184036254883 64.7999114990234 64.6212463378906 64.8158111572266 65.1844177246094 64.9587936401367 65.1750869750977 65.3654403686523 65.447151184082 65.6627197265625
61.1444931030273 61.2751541137695 61.4914512634277 61.3126792907715 61.5040740966797 61.7416839599609 61.8799285888672 61.9029426574707 61.8536262512207 61.9450836181641 61.9633369445801 62.2618026733398 62.1644172668457 62.4694709777832 62.1546936035156 62.1151733398438 62.3254013061523 62.2524681091309 62.4722023010254 62.4272804260254 62.7661437988281 62.705810546875 62.7519798278809 62.983024597168 62.9435386657715 62.9916954040527 62.9703559875488 63.0918350219727 63.4290924072266 63.3294563293457 63.3297386169434 63.536304473877 63.9997901916504 64.2794952392578 64.1314697265625 64.0374374389648 64.1924362182617 64.2689895629883 64.2798843383789 64.6284255981445 65.0607604980469 64.8691558837891 64.7817153930664 65.1437377929688 65.0471267700195 65.0626831054688 65.2271499633789 65.6320343017578 65.6262512207031
61.4063949584961 61.1470909118652 61.7258262634277 61.5705795288086 61.5103492736816 61.7787895202637 61.6565322875977 61.5125465393066 61.7706718444824 61.6479225158691 61.7427635192871 62.1755142211914 62.1439590454102 62.1538887023926 61.9577140808105 62.209587097168 62.2281761169434 62.2818336486816 62.3681297302246 62.3129653930664 62.5847930908203 62.934627532959 62.8150177001953 62.8287544250488 -3.4e+38 62.902400970459 63.0267219543457 63.3709602355957 63.4425621032715 63.3754005432129 63.5340270996094 63.6462593078613 63.9430313110352 63.9876556396484 63.7532768249512 63.9885597229004 -3.4e+38 64.2536773681641 64.7341232299805 64.6569900512695 64.7969131469727 64.8855972290039 65.0188903808594 65.1241607666016 65.0139617919922 65.1419982910156 65.3544921875 65.3630523681641 65.3591613769531
61.2389831542969 61.1416168212891 61.502082824707 61.675968170166 61.4550933837891 61.4771842956543 61.2635116577148 61.4499092102051 61.648811340332 61.8158378601074 61.8305473327637 61.8589782714844 62.2175559997559 62.1402206420898 62.0586280822754 62.3270645141602 62.5986518859863 62.5174331665039 62.3352928161621 62.5304985046387 62.359317779541 62.5443115234375 62.548168182373 62.802791595459 62.8378753662109 62.9361953735352 63.0261268615723 63.2745246887207 63.269287109375 63.4405212402344 63.5321311950684 63.6281929016113 63.878490447998 63.9417114257812 63.8517379760742 63.9177513122559 64.0576095581055 64.239128112793 64.6596221923828 64.8545227050781 64.5879898071289 65.0499725341797 65.182258605957 65.1673355102539 65.0660629272461 65.2300415039062 65.5580444335938 65.1486968994141 65.2823638916016
61.1985816955566 61.2267570495605 61.3793067932129 61.7509727478027 61.3688278198242 61.3834648132324 61.3703155517578 61.5742568969727 61.7834281921387 61.8820915222168 61.6707611083984 61.709903717041 62.1154327392578 62.127742767334 62.0879402160645 62.2735328674316 62.4084243774414 62.7405395507812 62.5482711791992 62.4500579833984 62.3830909729004 62.6367530822754 62.8453025817871 62.9734802246094 62.9642105102539 62.943920135498 63.0039596557617 63.140811920166 63.3881149291992 63.4766235351562 63.566463470459 63.8222274780273 63.997184753418 63.9443626403809 63.7140197753906 63.750804901123 63.8562164306641 63.9863052368164 64.1961135864258 64.8823089599609 64.5604705810547 65.2202301025391 65.0975341796875 64.992805480957 65.1859283447266 65.2752151489258 65.3785629272461 65.1466598510742 65.2618789672852
-3.4e+38 61.2566452026367 61.296516418457 61.5341796875 61.6405372619629 61.6154747009277 61.5692710876465 61.6080703735352 61.9224967956543 61.9354133605957 61.5788497924805 61.7359313964844 62.1092262268066 62.1527252197266 62.1616058349609 62.2108001708984 62.2196846008301 62.5149459838867 62.4399147033691 62.6481857299805 62.5944709777832 62.6011543273926 63.0599136352539 63.0726280212402 63.0231018066406 62.9277496337891 62.9662780761719 63.1728973388672 63.4849166870117 63.2778625488281 63.5588035583496 63.423656463623 63.7182998657227 63.7645606994629 63.6057472229004 63.9023971557617 63.9502220153809 64.1989364624023 64.4491958618164 64.5983428955078 64.3065338134766 65.0603637695312 65.0817184448242 64.9132232666016 65.2476654052734 65.3837051391602 65.5228805541992 65.1704177856445 65.1368942260742
61.1424827575684 61.1828079223633 61.224479675293 61.4065895080566 61.6684761047363 61.4375190734863 61.4047203063965 61.8173484802246 61.9359931945801 61.9253730773926 61.8364334106445 61.8803634643555 62.098690032959 62.1432418823242 62.2411613464355 62.4456024169922 62.4281425476074 62.3519172668457 62.3445777893066 62.8432502746582 62.8458099365234 62.7613182067871 62.8771667480469 63.0515327453613 63.2839241027832 62.8793067932129 62.8937034606934 62.9804420471191 63.1468658447266 63.3823776245117 63.6819229125977 63.6113700866699 63.7444534301758 63.656551361084 63.6400451660156 64.0205612182617 64.2292327880859 64.2664031982422 64.0998382568359 64.2113723754883 64.3278732299805 64.9284362792969 64.9821319580078 64.9132995605469 -3.4e+38 65.2161026000977 65.2999801635742 65.5181045532227 65.2475891113281
61.1527214050293 61.4155235290527 61.1491813659668 61.2673568725586 61.4206123352051 61.5729637145996 61.3453330993652 61.7555770874023 61.9507293701172 61.9101905822754 61.9171104431152 62.0376167297363 62.0561027526855 62.1083831787109 62.1586036682129 62.0487823486328 62.4611549377441 62.6855888366699 62.6663665771484 -3.4e+38 -3.4e+38 62.8246307373047 62.9944648742676 62.9594573974609 63.0581436157227 63.2648696899414 63.2135734558105 63.2729530334473 63.5058059692383 63.565372467041 63.5021286010742 63.7460975646973 63.687873840332 63.5546493530273 63.5777740478516 63.8182792663574 64.1036758422852 64.1080017089844 64.1623611450195 64.3764266967773 64.3064041137695 64.6221237182617 64.6720275878906 64.9322280883789 64.835807800293 64.9744567871094 65.2733840942383 65.4330902099609 65.7334899902344
61.169807434082 61.3071784973145 61.2441177368164 61.0848999023438 61.271915435791 61.5203704833984 61.4148902893066 61.9636573791504 61.9969635009766 61.9237976074219 61.8218078613281 62.1409034729004 62.1838111877441 62.1729850769043 62.409294128418 62.1032524108887 62.2048187255859 62.6051368713379 62.8950347900391 -3.4e+38 62.7273178100586 -3.4e+38 62.8652305603027 -3.4e+38 63.2754058837891 63.1586494445801 63.0715560913086 63.0954055786133 63.3531761169434 63.520263671875 63.4525108337402 63.7589988708496 63.7002487182617 63.6225471496582 63.5765380859375 63.8085594177246 -3.4e+38 64.1324768066406 63.925350189209 64.3667602539062 64.3470001220703 64.4893646240234 64.4333190917969 64.6175231933594 64.6721572875977 65.0837097167969 -3.4e+38 65.5514068603516 65.6298446655273
61.2557334899902 61.13037109375 61.3052444458008 61.2371788024902 61.2415466308594 61.3753471374512 -3.4e+38 61.8049201965332 61.9833984375 61.8665809631348 61.9582443237305 62.06494140625 62.104133605957 62.3644638061523 62.192008972168 62.4957847595215 62.3549957275391 62.070255279541 62.5820770263672 -3.4e+38 -3.4e+38 -3.4e+38 -3.4e+38 62.9816932678223 63.1979179382324 63.3073806762695 63.3391609191895 63.2146835327148 62.779956817627 63.6631088256836 63.6337051391602 63.7972030639648 63.7325401306152 63.6826362609863 63.6232299804688 63.7524642944336 64.0012359619141 64.0305938720703 64.1550750732422 64.3734359741211 64.3060531616211 64.5737915039062 64.5372772216797 64.4226379394531 64.6679382324219 65.3522644042969 65.7485275268555 65.3399887084961 65.2224807739258
61.0912628173828 61.2012786865234 61.325267791748 61.316707611084 61.3964424133301 61.7305297851562 61.8520545959473 61.4104042053223 61.6145095825195 61.9551162719727 61.8966751098633 61.8840446472168 62.0005493164062 62.3463096618652 62.1007308959961 -3.4e+38 62.2706871032715 62.4761924743652 62.3480567932129 62.7624206542969 62.8083801269531 62.8405838012695 62.626838684082 62.8665084838867 62.6690330505371 62.7573165893555 62.9265174865723 62.9505233764648 62.7822875976562 63.5468063354492 63.5002059936523 63.6861839294434 63.4475440979004 63.4368629455566 63.5898017883301 64.0611953735352 64.0215835571289 63.9378776550293 64.1936111450195 64.1487197875977 64.3091049194336 64.5372161865234 64.5093536376953 64.5367050170898 64.8449172973633 -3.4e+38 65.364387512207 64.9936218261719 65.3059768676758
61.0313377380371 61.1363906860352 61.2613067626953 61.2481422424316 61.354549407959 61.8150978088379 61.7610168457031 61.4647903442383 61.5845260620117 61.8399505615234 61.8661651611328 61.874454498291 62.0639915466309 62.0495414733887 62.1528968811035 62.2606582641602 62.358024597168 62.5047302246094 62.5759086608887 62.625415802002 62.5501823425293 62.6069793701172 62.6518936157227 63.0174865722656 62.6835098266602 62.3705024719238 62.8759727478027 63.3266258239746 63.1791954040527 63.3188285827637 63.3606643676758 63.706470489502 63.4947738647461 63.3249473571777 63.4496269226074 63.8638038635254 -3.4e+38 -3.4e+38 64.2332000732422 64.2119522094727 64.372802734375 64.4736709594727 64.4885177612305 64.6302490234375 64.8676300048828 64.6942138671875 65.0910720825195 65.260627746582 65.4658966064453
61.2092514038086 61.2980537414551 61.6513214111328 61.4987144470215 61.1802673339844 61.3764305114746 61.440357208252 61.4400024414062 61.6142120361328 61.7844848632812 61.8522682189941 61.9792175292969 62.1054840087891 61.8955574035645 62.0233421325684 62.063404083252 62.309268951416 62.1985473632812 62.4848327636719 62.3494071960449 62.3314437866211 62.3588104248047 62.5069999694824 62.8655815124512 62.9449195861816 62.7690582275391 62.9804496765137 63.427848815918 63.5286521911621 63.2875938415527 63.2528114318848 63.4591102600098 63.7157783508301 63.5586204528809 63.7676696777344 63.4540634155273 63.7573738098145 63.9774551391602 63.968147277832 63.9125556945801 64.1518859863281 64.2410736083984 64.5714263916016 64.8981857299805 65.0415344238281 65.1567459106445 65.2095184326172 65.1979675292969 65.492301940918
61.3792724609375 61.493091583252 61.3821868896484 61.6402740478516 61.6016006469727 61.7653121948242 61.5565490722656 61.453197479248 61.8713264465332 61.7217216491699 61.5334129333496 61.7157936096191 62.1052856445312 62.1512641906738 62.1431617736816 61.9390602111816 62.1403427124023 62.0937614440918 62.2255935668945 62.2870941162109 62.3182411193848 62.3802490234375 62.473331451416 62.5488395690918 63.1275749206543 62.9806289672852 62.7909698486328 63.0570831298828 63.4217071533203 63.1871757507324 63.2890853881836 63.3807334899902 63.5223617553711 63.4484443664551 63.6538276672363 63.5744247436523 -3.4e+38 63.8010559082031 63.9187278747559 64.0522079467773 64.2355804443359 64.2934494018555 64.4825897216797 64.7141723632812 64.7022323608398 64.6538619995117 64.96240234375 65.1942901611328 65.2353668212891
61.2271957397461 61.3201675415039 61.7843971252441 61.8026390075684 61.7448272705078 61.9928665161133 61.5435638427734 61.6430778503418 61.8189811706543 61.6927108764648 61.5771903991699 61.5631370544434 61.9907417297363 62.0947036743164 62.0175971984863 61.7216453552246 62.0607566833496 62.0712089538574 62.2582702636719 62.2967338562012 62.4308280944824 62.7968444824219 62.5824394226074 62.3409767150879 62.7266540527344 63.0075721740723 62.7139091491699 62.8531455993652 63.205322265625 62.9489707946777 63.2749977111816 63.5737419128418 63.4872550964355 63.6249694824219 63.4367904663086 63.6008453369141 63.6143608093262 63.5540237426758 64.0344543457031 64.1505432128906 64.2019653320312 64.2966079711914 64.5231170654297 64.8759536743164 64.9643859863281 -3.4e+38 64.9256210327148 65.2374801635742 65.3059005737305
61.1795616149902 61.2790031433105 61.7145195007324 61.9698524475098 61.7722053527832 61.4198265075684 61.3566017150879 61.421989440918 61.5458450317383 61.7463836669922 61.7286376953125 61.4761352539062 61.7027893066406 61.8634872436523 61.7998847961426 61.9118690490723 61.8276138305664 62.0640411376953 62.5374298095703 62.1973266601562 62.3878288269043 62.6533050537109 62.6145362854004 62.6042861938477 62.9081993103027 63.071533203125 62.7926788330078 62.8888893127441 63.1484260559082 62.8701477050781 63.2446823120117 63.6348304748535 63.3903770446777 63.8818283081055 63.7596168518066 63.8119430541992 -3.4e+38 63.828125 64.0590591430664 64.0482177734375 64.1308517456055 64.0650024414062 64.3324661254883 64.8471374511719 65.1615905761719 64.8966751098633 64.5955581665039 64.7502822875977 65.4783935546875
61.5662574768066 61.4488906860352 61.5876426696777 61.5249786376953 61.7547798156738 61.3346481323242 61.8065719604492 61.4604682922363 61.4652099609375 61.7960662841797 61.7854499816895 61.6099319458008 61.8459815979004 61.9736671447754 62.0275077819824 62.0915298461914 61.9526329040527 62.0115776062012 62.6811714172363 62.3327522277832 62.2751083374023 62.3504333496094 62.5076789855957 62.8269195556641 63.1217346191406 63.1030883789062 62.8460922241211 62.851879119873 63.0009651184082 63.0105476379395 63.3861465454102 63.6465911865234 63.1552047729492 63.5534286499023 63.841480255127 64.0115051269531 63.969654083252 63.9695930480957 64.0126190185547 64.1496810913086 64.353515625 64.3868713378906 64.4114227294922 64.5020294189453 64.6120300292969 64.8539733886719 64.4949493408203 64.4315567016602 65.2233123779297
61.4765777587891 61.5865821838379 61.4499435424805 61.3083305358887 61.2990188598633 61.3700866699219 61.7580757141113 61.6572036743164 61.5357208251953 61.822093963623 61.7321166992188 61.6005210876465 61.9360580444336 62.005443572998 62.1105422973633 62.1329116821289 62.0877418518066 61.9853744506836 62.7642631530762 62.7053909301758 62.448169708252 62.3792762756348 62.689151763916 62.7490615844727 62.7578735351562 63.0133743286133 63.0358848571777 63.1972579956055 63.0571098327637 63.058219909668 63.3148002624512 63.5754318237305 63.076488494873 63.5230979919434 63.832145690918 63.8635139465332 63.8471336364746 63.8810386657715 64.0583953857422 64.1323852539062 64.2031860351562 64.3806915283203 64.2873229980469 64.2483291625977 64.2502517700195 64.6237411499023 64.4874725341797 64.4071502685547 65.0165634155273
61.4868354797363 61.5416603088379 61.688648223877 61.6830062866211 61.6117057800293 61.643367767334 61.6941146850586 61.9405326843262 61.7389144897461 61.7201652526855 61.5200386047363 61.4868812561035 61.5873489379883 61.7015190124512 62.0494728088379 62.0726737976074 62.0698585510254 62.0437507629395 62.6443672180176 62.4248847961426 62.4120559692383 62.482048034668 -3.4e+38 62.7842063903809 62.7571792602539 62.8484115600586 62.9574012756348 63.108570098877 63.0877685546875 63.0337104797363 63.1636009216309 63.3513641357422 62.832218170166 63.2394599914551 63.7959632873535 63.8787460327148 63.7643508911133 63.8299255371094 64.1071395874023 64.0555648803711 63.9840774536133 64.4933090209961 64.3742218017578 64.0977172851562 64.2063064575195 64.5609893798828 64.4829406738281 64.5387496948242 64.8125686645508
