rcp8.5models/GFDL_CM3/sc1gr7.2
NCOLS 261 
NROWS 433 
XLLCORNER 336357.134 
YLLCORNER 654653.479 
CELLSIZE 1000 
NODATA_value -9999 
[rows 264 to 285 of 433, columns 150 to 199 of 261]
86.0816758601744 86.005033684081 85.6834265700383 85.358280416323 85.1409490832519 85.2223898229936 85.7879434423112 86.1373094536087 86.2706969699979 86.380516691037 86.5511227589101 86.5425525429275 86.4090270846857 86.3108984953653 86.359805477497 86.329053573199 86.1639625334307 86.1825900060487 86.3395815689663 86.2015695627961 -9999 -9999 -9999 86.140631893645 86.1533615266282 86.0879693649453 85.9887681814546 85.8739846407761 85.8962025690403 86.0546291980348 86.1115607099686 86.1536033346097 86.230375737061 86.3252997026777 86.3575572980768 86.1973700108333 86.0078232215159 86.2791155007619 86.3223647177266 86.3130795897364 86.2789081536199 86.2624227881167 86.2331016804348 86.259296350525 86.3701216070419 86.3926554180679 86.5327903883543 86.6173650037945 86.5452127591628 86.5626761126434
86.3723645961546 86.2855236983669 86.2242419566059 85.4229672717407 84.8867899026853 85.1519007824686 85.5788716265644 86.1359404613461 86.6097496183787 86.6336219089259 86.7698374172286 86.7519016720781 86.6552884584208 86.6501475673289 86.7040622123573 86.6503720337209 86.4438933194825 86.5855746613712 86.5636186600598 86.5233975146873 86.5772752937865 -9999 86.5394771465977 86.469103931349 86.3855946756716 86.372711678206 86.2606773167527 86.105517622501 86.2047104833097 86.2713719725698 86.3855325991492 86.3612567692292 86.4938585110919 86.630051053756 86.519459796795 86.1700746337403 86.1922047872275 86.5076990580245 86.6211609976251 86.6093890634221 86.5483381858688 86.5151549329117 86.5623854062595 86.5588855157462 86.6776520331305 86.6804541957059 86.7236258330999 86.7711796916369 86.8940314527307 86.9012574011251
86.2002549239915 86.1583741905085 86.7325077332993 86.5803774908742 85.6495017270928 85.1479215999267 85.624249003695 85.9231701665892 87.2712028681493 87.3937878508614 87.4210779444374 87.3697676865511 87.3201965815527 87.3950488840308 87.4465664392407 87.4629910006479 87.417947054062 87.3249139846174 87.1592675141048 87.0703539239532 87.0954487671172 -9999 87.1801567776128 86.9043129080232 86.9462141149563 86.8334139638893 86.7821382374444 86.7384914815852 86.6929815435771 86.8402992128457 87.1277026831442 87.12052334641 87.1740997964082 87.1591257048343 87.1306680253702 86.8603991434245 86.478981354518 86.797864825757 87.07914430452 87.1563512390308 87.1840533241191 87.2441864893001 87.2558910353322 87.2376057164866 87.2655221465116 87.2554252015169 87.1588490422794 87.2502724087129 87.1498068020821 87.2738464506396
86.7511612292949 87.3909449822143 86.6451972283443 86.8574805857053 86.6094900479278 85.5661031572648 85.2463350243726 85.7042073739385 87.4628517514293 87.6366650280145 87.6406910367717 87.6646461086994 87.6882532791226 87.7453907646112 87.6994430032204 87.7613735169906 87.6845151836291 87.6788897214874 87.4284505769638 87.2527218990035 87.2764172174306 87.545585224615 -9999 87.1915498071223 87.2444153880035 87.1971539299722 87.1614267083529 87.0684680747819 87.0174850694002 87.1788945311494 87.308234090528 87.3952320152417 87.5231074635589 87.4893344760538 87.5397720745995 87.186370215965 86.8145516533805 87.1493388362455 87.240079461479 87.4807488365037 87.4605791906241 87.5135506515292 87.4804227803906 87.5256584855696 87.6329266045893 87.6168194171538 87.519441805003 87.488214449477 87.4432968607672 87.5066977931531
86.9403383454407 87.7285879937422 86.6055164457533 86.9720879263643 87.2757646927865 86.6803033579569 85.5033931526859 85.6561582593704 87.6779561330244 87.850276415647 -9999 88.008315154945 88.0503189916638 87.4277226665988 86.8176805806357 87.9526092750308 87.9527297467721 87.7670698581484 87.5209048978063 87.5404554856411 87.5129747342845 87.7484737809376 -9999 87.6962228963413 87.6037174278324 87.5687625911918 87.5067950089676 87.434015540418 87.3953270186262 87.4635445581422 87.6186333990495 87.7166734484382 87.815283875144 87.8002387137466 87.8829855518685 87.704284694968 87.4052848484551 87.6089102860802 87.6397558822155 87.8173089549815 87.8567030925708 87.8516697482331 87.7954011629629 87.8640339141363 87.8919577352197 87.9209655105413 87.8817742522267 87.769169225565 87.845578354418 87.8604000997432
86.6558590349723 87.0870513128918 87.0573352448465 87.2148354165607 87.3709088473467 87.4312805205214 86.3232259724552 85.6508825643092 87.8323572848869 88.1148537852656 88.2706152202078 88.3837339137125 88.1623927851272 87.0906047087565 86.8102066141405 88.3308021316199 88.2101428436055 87.7112286558435 87.7434114212356 87.9007346039294 87.8356400688917 88.056802055514 88.2320019431772 88.1305368645745 87.7619509841236 87.4609073722009 87.7330119663913 87.7920469910408 87.7318416429472 87.7487049005186 88.0271617195752 88.0242115777946 88.0584601883538 88.062532005535 88.0663815051873 88.1270086248612 87.9893327681562 88.0569090793027 88.0979790352562 88.1390538528419 88.1889585575684 88.1886744223067 88.1689385128994 88.1664580086727 88.1641468884904 88.2065819410995 88.2173473072702 88.1839608652032 88.1446738868151 88.1329218880743
87.0415714045316 87.5583667262544 87.8809405371946 87.8595653835403 87.7892055186762 87.8585358574421 86.9933952305201 85.7602948787839 88.0532731065417 88.3381719103685 88.6148282905293 88.7573240407943 88.501724242523 87.8709022649449 87.9200287363168 88.5284643999519 88.3668015713239 88.028501941122 88.1597335036183 88.2874865113109 88.2945018149084 88.3747064838925 88.4436210551739 88.3791026637066 88.0357190683068 87.7467537871334 87.9433216711448 88.0650747042409 87.957221009659 88.0707895977225 88.265055331011 88.2455212868048 88.3498129517322 88.3590282659799 88.3230703903358 88.4505861937892 88.3986814021811 88.3398015855582 88.3778648123047 88.4066653775365 88.4520039771141 88.4967768361246 88.4923182473701 88.5035445249289 88.4898353106753 88.453117232163 88.5432393593471 88.5601794734363 88.4990772665365 88.4689641987128
87.7153891232459 88.1642644164722 88.6776485535707 88.8039909816727 88.6408781777195 88.3432300551793 87.3316669830619 86.0878807014097 88.2820589106554 88.6030664383035 88.9267898373518 -9999 89.0068244727981 88.3056488934511 87.5780938455615 88.7765506013051 88.6767760263146 88.5831431898094 88.6723534660678 88.7630648959502 88.7846756841271 88.6846970454502 88.7573692997305 88.6642069208212 88.6171399219619 88.5177521972034 88.2274832615605 88.2582963674341 88.2537860080855 88.4286733983014 88.4558971459272 88.4668133513874 88.6231639122256 88.7233370170535 88.7475147331705 88.7610722348325 88.7316260079452 88.5953290852172 88.7063749648821 88.7652871842519 88.7552543158739 88.8127220272142 88.8858892010587 88.883291018798 88.8122885807008 88.7569672194676 88.8794098400504 88.8984757655981 88.8667423701218 88.8157955369675
88.5696817431706 88.8259103314233 89.4039222523298 89.4718329800787 88.9731224372715 87.8318323692947 86.4362115463863 86.5365801795361 88.3084689572448 88.9854485061254 89.2595886750324 89.3747158047398 89.4368913660137 88.509437734138 87.5184899689403 89.2712307356043 89.2694262205679 89.2140690567522 89.3164413860338 89.2464447228815 89.1804590708114 89.0953257882273 89.0483336443493 88.9489202702368 89.0305581474315 88.9984680310367 88.7935297026499 88.731555188241 88.7159225190747 88.7977560067539 88.8110204537909 88.6713363094804 88.8388258330983 89.0517853106711 89.0720673100618 89.0464225187312 89.0340063088366 88.9932623448263 89.0061212381719 89.0498687269437 89.096606723015 89.1295508777881 89.2266849553875 89.1357602651702 89.1253583125695 89.0924232161411 89.138482635247 89.1957441734057 89.2044989248156 89.0524727252819
89.5799634253045 89.7003436673028 89.953711875937 89.9636433999274 88.9720701639119 86.8901179012932 86.1141975568608 87.549141554675 88.8597965111215 89.3335758676606 89.5953626361053 89.7598114942527 89.8004012172299 89.3835115632987 -9999 -9999 -9999 -9999 89.7295582877782 89.6132955251639 89.4619037484219 89.3121368983489 89.1461922860777 89.2107155249302 89.2219536280732 89.2561285695989 89.2685011120386 89.3410033781321 89.1993839428413 89.1538660711204 89.1502242742345 88.9837296026495 89.0878565956033 89.2296192640167 89.2888301461812 89.3858475322469 89.3751047973614 89.302385390995 89.1692396863127 89.1528740065474 89.2317801634985 89.4238745324005 89.4770147768626 89.4198374263608 89.3856450642082 89.4496749972002 89.3942664469679 89.4773639064475 89.4318930391516 89.357507263247
90.4870114707597 90.4106768972867 90.1588251978417 90.0678761446475 88.9170716349524 86.584485547503 87.2772669058066 88.5529843395222 89.4565485673706 89.6628426545018 89.910905222288 90.0613220027204 90.0567718088112 89.9880238654237 89.8188988367401 89.8588246933821 90.0036095989979 89.9464107641571 89.924363927075 89.9090241933488 89.7360841276614 89.5575920965914 89.3831155820486 89.4650183682674 89.4624643862261 89.3786215402086 89.4331630170122 89.6414676655035 89.5968778679843 89.5567643767302 89.3520164467639 89.1729679723834 89.3193790002388 89.4718610938324 89.584612736435 89.7568130662185 89.7080084791364 89.6265633898995 89.5632323214674 89.4009230636739 89.4795507468718 89.7129264702403 89.7657480768481 89.7250971341498 89.7644912103646 89.8112504324428 89.6973325011945 89.7327424608103 89.6963712982432 89.7506643542139
90.7035714655616 90.9399431409373 90.3233628698046 89.9296911841376 89.0751114465847 86.5915071085497 87.3697068004617 88.4429559824438 89.4880504335542 89.8405203896583 90.2752634198629 90.3947774187179 90.3920080722502 90.3088915485431 90.0191060047136 89.7960021106669 89.9803801546771 90.0783455837708 89.8667696893489 90.1234414099094 90.0290021220413 89.8296325027477 89.6305114770387 89.5951001997235 89.7247970342937 89.6173676823074 89.6046458329661 89.6753269917671 89.8741203591491 89.9481211280399 89.7142128764565 89.4782013638512 89.6838317358046 89.87770725688 89.9978802310593 90.0458084401517 90.027181921177 90.0763144742163 90.0009473473252 89.7998702044622 89.9139469458103 90.1000995491839 90.1086991904194 90.0463040433461 90.1165997213001 90.1385938154859 90.032532404931 89.9792556046565 90.0654320693861 90.1000171429448
90.484906897334 90.807845973941 90.1936050215948 89.9605497736954 90.0090929292187 88.1330754026856 86.4499182355517 86.9263742987023 88.1759796546049 89.1288913354568 90.343985564991 90.7838285503696 90.7170159046761 90.6857680996172 90.3460071192176 89.9337591031781 90.0868126002953 90.1001819636458 89.8846023248218 90.218828833674 90.3387943052349 90.1718164001424 89.9415387722408 89.8231740755079 89.8632695688526 89.8771818534653 89.8106798938296 89.7371289099902 90.0763602212144 90.2970360612902 90.0557102219382 89.7279773719537 89.5799397391461 90.130303125326 90.355355470249 90.2831650435782 90.3382317191874 90.4633515587738 90.4041850954001 90.2176896580089 90.2272430319157 90.4560979824791 90.4911216619994 90.5143996786614 90.4569879798829 90.4286199179616 90.3773549568523 90.3257441395035 90.3270806468497 90.3021555705965
90.5481393752701 90.3169283642453 89.8944895307847 89.9913321461961 90.6491351250954 90.4082360974646 88.7045142526043 87.6246623021724 86.619966826751 87.8194351223503 89.8570018866783 91.0368749051331 91.0300767362578 91.062041120508 90.8975049234366 90.6349951071005 -9999 90.4857322805181 90.2982823411551 90.4006961621144 90.5189044319499 90.5422376953972 90.2242231880862 90.0588581531067 89.9842076878026 90.1206127616933 90.1402267444601 90.1985235195304 90.3785358858425 90.5216795585992 90.2396193836015 90.0174433379904 89.9689562431446 90.4196142679345 90.4730238542958 90.5771860902136 90.6896179745417 90.7436598270707 90.7918103132664 90.7140868917799 90.6779979870605 90.7149108126637 90.8545596347762 90.9147218016559 90.7948974319674 90.7700657502272 90.7460413505432 90.719197045739 90.6638294318308 90.6364460242935
90.4937662360365 90.170500485336 90.0841249895751 90.2645451946197 90.6609863579266 90.8082893733828 90.7442282286681 90.6778991287944 88.0794704551115 87.1461843616955 89.9165380777794 91.2192045786374 91.4953079696684 91.4855486947497 91.3642044442225 91.3024765326801 91.1722534786805 91.1937725556138 91.2426609847112 90.986086040882 90.8861632503412 90.9615538402414 90.902851529166 90.6157147825017 90.4796554399737 90.4933460470691 90.6801059392274 90.902584000584 90.892734511951 91.0009727076043 91.0562251926112 90.7899210024092 91.0509600653966 91.1276163737793 90.9751900024614 91.1715238293736 91.3371810000691 91.4645835310839 91.4444565090835 91.4914955346044 91.516383206215 91.451322290052 93.5449780092613 92.375042633555 91.5422320566429 91.4584971629483 91.4593611009407 91.4891068201081 91.4313255777763 91.3852172163204
91.3500661336397 91.0976081764142 91.0375538328684 90.9031089422139 91.1145500002244 91.242748647598 91.322666519994 91.3890766007829 89.7533294069797 87.984251035501 90.1510769804398 91.2392051150557 91.5611165995673 91.6091967283169 91.6078990646805 91.5651049547849 91.4201675370919 -9999 91.4742910949778 91.3308770733832 91.2409602483868 91.0606280254975 90.9032001223821 90.8617943743042 90.7978352664715 90.6760244565962 90.7396819151095 90.8301964646506 90.7767688978001 90.9539905389091 91.4343974982721 91.1750629463958 91.3147506878561 91.5099189627135 91.478349012418 91.2999919640856 91.4618963568248 91.8176054288842 91.8500652076043 91.8973949071075 91.8883292797617 91.790112806165 95.0106288083027 93.4702185139471 91.9047010335153 91.789104904018 91.8725120802897 91.9699442562954 91.7804467987483 91.8261641744063
92.7400869707709 91.9663260124424 91.5721700628248 91.3721299092007 91.5020168757817 91.4842246223615 91.6722976118538 91.6374546536534 90.3056383947728 88.051493779671 90.0867398394334 91.2841465740745 91.6976989574465 91.8426592169043 91.7980712604674 91.5360467707235 91.5471105806964 -9999 91.5145089310773 91.417512483753 91.3992715421192 91.215015555811 91.1659288883333 91.2256358378452 91.0866967767759 90.8556831524419 90.8331229748904 90.833981310274 90.8428629395671 91.1383686870358 91.8050477907317 91.6644051065615 91.5101859793225 91.7137079873179 91.6861697684688 91.6777454598086 91.8321498858116 92.1697856958707 92.2510038935694 92.3098608334137 92.2259000012711 92.2653056823186 94.1591939045093 94.0304114712749 92.3433216781989 92.1422899120505 92.1530829764139 92.2756893326022 92.1519806634474 92.1571086076008
94.1595252960865 92.8092920315863 92.0613112074531 91.953218092975 92.1549821682742 91.6477680467174 91.8390033347946 91.8046375661523 90.5143664676465 87.2235759351931 89.6023682586165 91.1140298793226 91.6199204316719 91.8938893180525 91.9451457541347 91.7899732846264 91.8051217226441 91.7660587089782 91.6920421905765 91.4856060281514 91.7098244611861 91.7126756090235 91.7470208550723 91.4933225967676 91.2321976506993 91.0829774750486 91.1268129286267 91.1425853573256 91.2140452158336 91.5133680508034 92.1456932278701 92.0759190567852 91.8962377718794 91.9959453810882 92.1280752585483 92.3452191009391 92.4832500707368 92.5245269778511 92.6120495594775 92.6722769719493 92.5675631808501 92.5958333183252 93.2049672720654 93.8798826056348 92.7827166485729 92.5766212085275 92.5856053378441 92.6694777779031 92.8257141052666 93.1919137600108
94.9501523005895 93.2847742254391 92.272792795255 92.7063598493053 93.0666084549447 92.101132408902 92.2453896130782 92.3130959301394 90.8514060897929 86.8320863222479 88.4174323824465 90.7688670949333 91.4250645956752 91.8514191879362 92.0472967559178 92.1195078968492 92.0662766498382 92.0289258557746 91.9099801249744 91.8779054653602 91.6859161938003 91.0326915392006 91.8305443283651 91.9693377644411 91.4665984120619 91.2199220731077 91.5849726643607 91.5827012207319 91.5487809121884 91.8825027928709 92.4853871873493 92.5617662166368 92.4499382006275 92.4077448846128 92.5016214037218 92.7241224594848 92.8656068355635 92.977882940614 93.0509480904996 93.0638857620936 93.07219921484 93.1673688110802 93.1516662071831 93.5001209933662 93.1674312281602 93.030332416955 93.072405884401 93.4219519739663 94.2116951805924 94.4991246186565
95.4798164735716 93.0500789366399 92.5097593618615 93.8417858887252 94.4357148530352 92.6864166025679 92.7241274631866 92.9232524494629 91.0657030053518 87.093310584858 88.0815826690561 90.2420233277051 91.4808066495712 92.0289674244928 92.2349745024083 92.3088875146948 92.1249916607774 -9999 -9999 92.2395301518192 91.8200391994321 91.142983872154 91.9034750596076 92.2649740890457 92.1259876681509 91.8570398813851 91.9290807256687 91.800469286384 92.0091586598711 92.3570967103505 92.8115668340522 92.9170866378682 92.6899346023074 92.5216119164335 92.8710646246452 93.1260735612552 93.2413217762548 93.3690071676432 93.4110879801356 93.3687279982386 93.4546861139622 93.5884794590629 93.434701336971 93.5879396748831 93.6376437365683 93.4419474779184 93.537222282925 94.1675895358122 94.7898759051828 94.8864039785566
95.2869774324016 93.197503122741 93.494635018722 95.3684209693195 95.5854742935603 93.0593788633519 93.0130176620521 93.3986568773114 91.9192567466549 88.8907358170614 88.5426864242242 89.6858131585876 91.5057857383708 92.1050998717417 92.3578278918002 91.7928385810179 90.5328810788384 91.4852418687934 92.5555025696244 92.5499025756133 92.4626674732699 92.3773286165889 92.3095970492588 92.3498455496528 -9999 92.6110279719371 92.3062935628932 92.1012851882244 92.295811359338 92.6036868495876 93.0091488001082 93.1288151238244 92.9227175378362 92.5621297654158 93.2462581331194 93.5180387098437 93.52442984285 93.6110492384645 93.7946548445133 93.8061945407346 93.7877896712177 93.7135507667599 93.9563160183622 94.1272068971556 94.3168396291125 93.8930830828283 94.0864088282995 94.7434288232123 95.4066794072441 95.7813462725099
94.9567873630711 93.6005460351948 94.7464824825772 96.2573773279652 94.1895411682853 93.4987716957927 93.4806612691754 93.8305030988439 92.7976935225926 90.5419436196712 90.103209985698 88.8074138045738 91.3192221723153 92.0222807975174 92.3564827625245 91.5118397947993 89.7571901598257 90.9427923622583 92.2093496516869 -9999 92.6882242489826 92.612937895387 92.4584353955991 92.5005898989636 92.837317868304 -9999 92.7098485189097 92.5497428352331 92.1746819296041 92.6543776184112 93.1491141861321 93.4204553981987 93.4163318465388 93.1276121333059 93.4752092827363 93.7696488919744 93.7076046819747 93.7992847803467 94.1510100681801 94.2279573633671 94.3037128183321 94.1960502715415 94.4434944764746 94.6042786278896 94.8120050607503 94.4138390881605 94.6387964046896 94.991760674912 96.0442072493074 96.6230526216097
