rcp8.5models/GFDL_CM3/sc1gr4.11
NCOLS 261 
NROWS 433 
XLLCORNER 336357.134 
YLLCORNER 654653.479 
CELLSIZE 1000 
NODATA_value -3.4e+38 
[rows 44 to 65 of 433, columns 98 to 146 of 261]
297.851409912109 297.858428955078 297.757720947266 297.776916503906 297.890472412109 297.894561767578 297.808044433594 298.099273681641 298.317352294922 298.437805175781 298.669036865234 298.833435058594 298.837158203125 298.801330566406 298.759368896484 298.867889404297 299.232574462891 299.542907714844 299.534454345703 299.396942138672 299.341705322266 299.633941650391 299.718872070312 299.895782470703 -3.4e+38 -3.4e+38 -3.4e+38 -3.4e+38 -3.4e+38 -3.4e+38 -3.4e+38 -3.4e+38 -3.4e+38 -3.4e+38 -3.4e+38 -3.4e+38 -3.4e+38 -3.4e+38 -3.4e+38 -3.4e+38 -3.4e+38 -3.4e+38 -3.4e+38 -3.4e+38 -3.4e+38 -3.4e+38 -3.4e+38 -3.4e+38 -3.4e+38
297.931518554688 297.93896484375 297.887054443359 297.738464355469 297.757843017578 298.1435546875 298.087371826172 297.939514160156 298.079040527344 298.445587158203 298.411041259766 298.464874267578 298.5361328125 298.644500732422 298.506256103516 298.561462402344 298.670379638672 298.767272949219 298.955047607422 299.045135498047 298.808349609375 299.009429931641 299.238677978516 299.249481201172 299.357727050781 -3.4e+38 -3.4e+38 -3.4e+38 -3.4e+38 -3.4e+38 -3.4e+38 -3.4e+38 -3.4e+38 -3.4e+38 -3.4e+38 -3.4e+38 -3.4e+38 -3.4e+38 -3.4e+38 -3.4e+38 -3.4e+38 -3.4e+38 -3.4e+38 -3.4e+38 -3.4e+38 -3.4e+38 -3.4e+38 -3.4e+38 -3.4e+38
297.721130371094 297.413635253906 297.955841064453 297.916107177734 297.923828125 297.949066162109 298.157165527344 298.004577636719 298.036590576172 298.515441894531 298.46875 298.532165527344 298.538665771484 298.532989501953 298.500732421875 298.577301025391 298.729888916016 298.669128417969 298.608673095703 298.881134033203 298.923858642578 298.905700683594 298.726806640625 298.777465820312 299.142486572266 299.358337402344 299.820068359375 -3.4e+38 -3.4e+38 -3.4e+38 -3.4e+38 -3.4e+38 -3.4e+38 -3.4e+38 -3.4e+38 -3.4e+38 -3.4e+38 -3.4e+38 -3.4e+38 -3.4e+38 -3.4e+38 -3.4e+38 -3.4e+38 -3.4e+38 -3.4e+38 -3.4e+38 -3.4e+38 -3.4e+38 -3.4e+38
297.288665771484 296.915435791016 297.214874267578 297.880584716797 297.991180419922 297.946044921875 298.064880371094 298.015228271484 298.036987304688 298.327972412109 298.536010742188 298.542633056641 298.541778564453 298.453033447266 298.664031982422 298.596923828125 298.850494384766 298.839935302734 298.690246582031 298.675415039062 298.818756103516 298.740936279297 298.818023681641 298.858489990234 299.1337890625 299.209838867188 299.46630859375 -3.4e+38 300.026947021484 -3.4e+38 -3.4e+38 -3.4e+38 -3.4e+38 -3.4e+38 -3.4e+38 -3.4e+38 -3.4e+38 -3.4e+38 -3.4e+38 -3.4e+38 -3.4e+38 -3.4e+38 -3.4e+38 -3.4e+38 -3.4e+38 -3.4e+38 -3.4e+38 -3.4e+38 -3.4e+38
297.019714355469 296.806396484375 296.827575683594 297.618743896484 297.788360595703 297.800567626953 297.916107177734 298.025817871094 298.036010742188 298.112823486328 298.346984863281 298.545989990234 298.456756591797 298.501251220703 298.642944335938 298.699340820312 298.81787109375 298.817626953125 298.771179199219 298.820373535156 298.851531982422 298.618469238281 298.680725097656 298.979797363281 299.152038574219 299.285278320312 299.283538818359 299.532897949219 -3.4e+38 -3.4e+38 -3.4e+38 -3.4e+38 -3.4e+38 -3.4e+38 -3.4e+38 -3.4e+38 -3.4e+38 -3.4e+38 -3.4e+38 -3.4e+38 -3.4e+38 -3.4e+38 -3.4e+38 -3.4e+38 -3.4e+38 -3.4e+38 -3.4e+38 -3.4e+38 -3.4e+38
296.540557861328 296.601837158203 296.73486328125 297.508972167969 297.561676025391 297.278900146484 297.753143310547 297.715484619141 297.728973388672 297.846954345703 298.025299072266 298.234130859375 298.074981689453 297.978363037109 298.602020263672 298.760314941406 298.765991210938 298.771545410156 298.772674560547 -3.4e+38 298.732482910156 298.618591308594 298.578002929688 298.705871582031 299.072326660156 299.298278808594 299.321258544922 299.350219726562 299.566711425781 299.995513916016 300.198883056641 -3.4e+38 -3.4e+38 -3.4e+38 -3.4e+38 -3.4e+38 -3.4e+38 -3.4e+38 -3.4e+38 -3.4e+38 -3.4e+38 -3.4e+38 -3.4e+38 -3.4e+38 -3.4e+38 -3.4e+38 -3.4e+38 -3.4e+38 -3.4e+38
296.001403808594 296.502777099609 296.890655517578 297.521331787109 297.601257324219 296.846069335938 297.489227294922 297.445281982422 297.556884765625 297.630615234375 297.784362792969 297.638366699219 297.496978759766 297.634216308594 298.219482421875 298.608551025391 298.083770751953 298.458068847656 298.407043457031 -3.4e+38 298.262359619141 298.659973144531 298.839782714844 298.799468994141 298.924102783203 299.182708740234 299.330963134766 299.360076904297 299.526153564453 299.6923828125 300.037719726562 300.352783203125 -3.4e+38 -3.4e+38 -3.4e+38 -3.4e+38 -3.4e+38 -3.4e+38 -3.4e+38 -3.4e+38 -3.4e+38 -3.4e+38 -3.4e+38 -3.4e+38 -3.4e+38 -3.4e+38 -3.4e+38 -3.4e+38 -3.4e+38
295.631256103516 296.618011474609 296.800659179688 297.526428222656 297.464385986328 296.925079345703 296.970611572266 297.280944824219 297.244110107422 297.2421875 297.11328125 297.200866699219 297.191467285156 297.7158203125 297.762115478516 298.046203613281 297.673309326172 298.201751708984 298.309844970703 298.040435791016 297.830444335938 298.411041259766 298.983764648438 298.967529296875 298.843475341797 298.955841064453 299.238159179688 299.267547607422 299.429626464844 299.540832519531 299.653015136719 299.768951416016 -3.4e+38 -3.4e+38 -3.4e+38 -3.4e+38 -3.4e+38 -3.4e+38 -3.4e+38 -3.4e+38 -3.4e+38 -3.4e+38 -3.4e+38 -3.4e+38 -3.4e+38 -3.4e+38 -3.4e+38 -3.4e+38 -3.4e+38
295.85595703125 296.899871826172 296.894836425781 297.328887939453 297.472930908203 297.130340576172 296.527130126953 296.820922851562 297.080108642578 297.152404785156 296.663024902344 296.874359130859 296.841735839844 297.578765869141 297.727996826172 297.784240722656 297.77197265625 298.115264892578 297.941802978516 297.829650878906 297.707580566406 298.217498779297 298.709197998047 298.873870849609 298.787872314453 299.157836914062 299.270935058594 299.212829589844 299.368865966797 299.428009033203 299.411285400391 299.450500488281 300.190307617188 -3.4e+38 -3.4e+38 -3.4e+38 -3.4e+38 -3.4e+38 -3.4e+38 -3.4e+38 -3.4e+38 -3.4e+38 -3.4e+38 -3.4e+38 -3.4e+38 -3.4e+38 -3.4e+38 -3.4e+38 -3.4e+38
295.387756347656 296.392333984375 297.008972167969 296.901214599609 297.135162353516 297.297668457031 296.513580322266 296.593139648438 296.861846923828 296.717529296875 296.608428955078 296.7578125 296.68212890625 297.572814941406 297.126647949219 297.799713134766 297.807250976562 297.812194824219 297.662841796875 297.789520263672 297.912811279297 298.283294677734 298.415588378906 298.523864746094 298.548675537109 299.07080078125 299.247802734375 299.145477294922 298.937377929688 299.37255859375 299.376800537109 299.458801269531 299.912628173828 300.251892089844 -3.4e+38 -3.4e+38 300.571350097656 -3.4e+38 -3.4e+38 -3.4e+38 -3.4e+38 -3.4e+38 -3.4e+38 -3.4e+38 -3.4e+38 -3.4e+38 -3.4e+38 -3.4e+38 -3.4e+38
295.371215820312 296.058502197266 296.805023193359 296.629180908203 296.921875 297.345031738281 296.141510009766 295.981506347656 296.514068603516 296.027221679688 296.278564453125 296.188598632812 296.795074462891 297.586730957031 296.743804931641 -3.4e+38 297.307952880859 297.467102050781 297.658874511719 297.654876708984 297.676116943359 298.328247070312 298.281494140625 -3.4e+38 298.367156982422 298.46728515625 298.766265869141 299.136444091797 298.814392089844 299.113098144531 298.910064697266 299.632232666016 299.862854003906 300.040924072266 300.184509277344 -3.4e+38 -3.4e+38 300.587310791016 -3.4e+38 -3.4e+38 -3.4e+38 -3.4e+38 -3.4e+38 -3.4e+38 -3.4e+38 -3.4e+38 -3.4e+38 -3.4e+38 -3.4e+38
295.766784667969 -3.4e+38 296.270233154297 296.054351806641 296.605865478516 -3.4e+38 296.107208251953 295.652282714844 -3.4e+38 295.784942626953 295.888580322266 295.751708984375 -3.4e+38 297.625335693359 296.79150390625 -3.4e+38 296.909973144531 297.134857177734 297.275787353516 297.475463867188 297.645965576172 298.317016601562 298.135681152344 298.470642089844 298.355804443359 298.304931640625 298.384307861328 299.023132324219 299.116546630859 299.120880126953 298.598846435547 299.676696777344 299.8857421875 299.806243896484 299.895141601562 -3.4e+38 300.585815429688 -3.4e+38 300.433319091797 -3.4e+38 -3.4e+38 -3.4e+38 -3.4e+38 -3.4e+38 -3.4e+38 -3.4e+38 -3.4e+38 -3.4e+38 -3.4e+38
295.997436523438 295.847473144531 295.736145019531 295.782806396484 -3.4e+38 -3.4e+38 296.109527587891 295.556213378906 295.430236816406 296.490844726562 295.531982421875 296.377838134766 -3.4e+38 297.330139160156 296.831970214844 296.652526855469 296.689270019531 296.831939697266 297.0166015625 296.990447998047 298.210113525391 297.527404785156 297.425537109375 298.123992919922 297.558685302734 297.5146484375 298.310577392578 298.314025878906 298.966918945312 298.927154541016 298.543609619141 298.622467041016 299.0390625 299.313415527344 299.545379638672 300.108703613281 300.340484619141 300.444396972656 -3.4e+38 -3.4e+38 -3.4e+38 -3.4e+38 -3.4e+38 -3.4e+38 -3.4e+38 -3.4e+38 -3.4e+38 -3.4e+38 -3.4e+38
295.843231201172 295.507263183594 294.955780029297 296.372741699219 -3.4e+38 -3.4e+38 296.537933349609 296.206573486328 296.243682861328 296.101837158203 296.035522460938 296.416809082031 296.663909912109 296.70849609375 296.586181640625 296.725646972656 296.581420898438 296.571075439453 296.511535644531 297.171081542969 -3.4e+38 297.004364013672 297.321075439453 297.544067382812 297.183990478516 297.419647216797 -3.4e+38 298.230804443359 297.964447021484 297.917724609375 297.933044433594 298.56103515625 298.721618652344 298.848358154297 299.593841552734 299.91064453125 -3.4e+38 -3.4e+38 -3.4e+38 -3.4e+38 -3.4e+38 -3.4e+38 -3.4e+38 -3.4e+38 -3.4e+38 -3.4e+38 -3.4e+38 -3.4e+38 -3.4e+38
295.620880126953 295.085876464844 294.826293945312 296.608581542969 -3.4e+38 296.521514892578 296.622436523438 296.533111572266 296.527465820312 295.624450683594 295.951354980469 296.57958984375 296.565124511719 296.542907714844 296.250854492188 296.661468505859 296.412841796875 296.380584716797 296.905578613281 -3.4e+38 -3.4e+38 296.886505126953 297.313934326172 297.229339599609 297.171295166016 296.920745849609 297.362823486328 297.91259765625 297.391723632812 297.443298339844 297.66064453125 298.262908935547 298.178283691406 298.608795166016 298.957763671875 299.408782958984 -3.4e+38 -3.4e+38 -3.4e+38 -3.4e+38 -3.4e+38 300.287658691406 300.236450195312 -3.4e+38 -3.4e+38 -3.4e+38 -3.4e+38 -3.4e+38 -3.4e+38
295.141632080078 294.718475341797 294.854736328125 296.618194580078 296.616027832031 296.456176757812 296.302001953125 296.074523925781 296.315551757812 295.526977539062 296.038787841797 296.712219238281 296.496063232422 296.323699951172 296.468231201172 296.674438476562 296.444976806641 296.285858154297 296.961395263672 297.401397705078 297.306579589844 296.956787109375 296.767822265625 297.242553710938 296.597595214844 296.534698486328 296.870147705078 297.526123046875 297.376495361328 297.462860107422 297.639343261719 297.766296386719 297.745239257812 298.541839599609 298.831237792969 299.780120849609 -3.4e+38 -3.4e+38 -3.4e+38 -3.4e+38 -3.4e+38 -3.4e+38 300.247131347656 300.324981689453 -3.4e+38 -3.4e+38 -3.4e+38 -3.4e+38 -3.4e+38
294.712432861328 294.634552001953 295.336456298828 296.729370117188 296.625213623047 296.480072021484 296.558776855469 296.313385009766 295.783447265625 295.616241455078 295.833587646484 296.778839111328 296.661376953125 295.985015869141 296.514129638672 296.678741455078 296.416900634766 296.309387207031 297.055328369141 297.215240478516 297.121643066406 296.962860107422 296.398193359375 297.266876220703 296.464508056641 297.184631347656 296.491302490234 296.922271728516 297.439666748047 297.387145996094 297.177795410156 297.488342285156 297.552062988281 298.631500244141 299.537200927734 300.172027587891 -3.4e+38 -3.4e+38 -3.4e+38 -3.4e+38 -3.4e+38 -3.4e+38 300.668212890625 300.488372802734 -3.4e+38 -3.4e+38 -3.4e+38 -3.4e+38 -3.4e+38
294.617309570312 294.864288330078 295.626068115234 296.693542480469 296.628204345703 296.39111328125 296.620941162109 296.717926025391 296.005493164062 295.695678710938 295.985290527344 296.539184570312 296.493591308594 295.956939697266 296.29638671875 296.483612060547 296.277191162109 296.269714355469 296.672424316406 297.087585449219 296.739654541016 296.550628662109 296.488861083984 296.665802001953 296.578857421875 297.495697021484 296.166168212891 296.404663085938 296.887481689453 297.526092529297 296.987854003906 297.501983642578 297.874450683594 298.896301269531 299.9306640625 300.041931152344 300.071868896484 -3.4e+38 -3.4e+38 -3.4e+38 -3.4e+38 -3.4e+38 -3.4e+38 300.957580566406 300.93359375 -3.4e+38 -3.4e+38 -3.4e+38 -3.4e+38
294.748168945312 295.29736328125 295.627838134766 296.634735107422 296.432556152344 296.350189208984 296.698760986328 296.478179931641 295.888214111328 295.521667480469 296.090698242188 296.162536621094 296.253143310547 296.114471435547 296.225799560547 296.236022949219 295.849731445312 296.131591796875 296.248901367188 297.042114257812 296.720275878906 296.285125732422 296.472747802734 296.375366210938 296.579223632812 297.439575195312 295.946319580078 296.570190429688 297.079376220703 297.366973876953 296.883758544922 297.610443115234 298.480102539062 299.517486572266 299.980163574219 299.983947753906 299.809844970703 299.428497314453 299.572601318359 300.216644287109 -3.4e+38 -3.4e+38 -3.4e+38 -3.4e+38 301.001678466797 -3.4e+38 -3.4e+38 -3.4e+38 -3.4e+38
294.713806152344 295.373016357422 295.634155273438 296.340118408203 296.435668945312 296.460388183594 296.708740234375 296.292236328125 295.580749511719 295.582580566406 295.744110107422 296.025848388672 295.897125244141 295.871246337891 295.948425292969 296.194763183594 295.869140625 295.815002441406 296.231292724609 296.653839111328 297.107971191406 296.285369873047 296.406433105469 296.263336181641 296.529418945312 297.024932861328 296.273742675781 297.174133300781 296.829498291016 296.685241699219 296.7841796875 297.654418945312 298.722900390625 299.792816162109 299.744262695312 299.758819580078 298.675384521484 298.477905273438 298.808532714844 299.530853271484 299.989227294922 -3.4e+38 -3.4e+38 -3.4e+38 300.980194091797 300.877502441406 -3.4e+38 -3.4e+38 -3.4e+38
294.665649414062 295.321655273438 295.535705566406 295.951782226562 296.011138916016 296.621520996094 296.683135986328 296.613159179688 295.835113525391 295.723480224609 295.978332519531 296.113220214844 295.729949951172 295.777069091797 295.641479492188 295.750183105469 295.978881835938 296.028991699219 296.257171630859 296.331268310547 296.745178222656 296.307708740234 296.513397216797 296.336883544922 296.411071777344 296.229736328125 296.636993408203 296.684478759766 296.040191650391 296.451049804688 296.793090820312 297.699401855469 298.859985351562 299.637786865234 299.524658203125 298.603210449219 297.763854980469 298.329223632812 298.970062255859 299.313293457031 299.837249755859 300.240966796875 -3.4e+38 -3.4e+38 -3.4e+38 300.944244384766 -3.4e+38 -3.4e+38 -3.4e+38
294.652526855469 294.815856933594 295.490875244141 295.535552978516 295.850372314453 296.793060302734 296.773132324219 296.387847900391 295.712310791016 295.647705078125 296.121337890625 296.196533203125 295.933929443359 295.845123291016 295.467742919922 295.426513671875 295.594207763672 296.285247802734 296.471832275391 296.458190917969 296.357696533203 296.488433837891 296.420928955078 295.930389404297 296.43701171875 296.315338134766 296.373626708984 295.692840576172 295.736450195312 296.349090576172 297.341583251953 298.328765869141 299.071441650391 299.70751953125 299.520935058594 298.269989013672 296.951293945312 298.248199462891 298.596862792969 299.209106445312 300.004425048828 300.197143554688 -3.4e+38 -3.4e+38 -3.4e+38 300.863311767578 300.390625 -3.4e+38 -3.4e+38
