rcp8.5models/GFDL_CM3/sc1gr7.10
NCOLS 261 
NROWS 433 
XLLCORNER 336357.134 
YLLCORNER 654653.479 
CELLSIZE 1000 
NODATA_value -3.4e+38 
[rows 352 to 373 of 433, columns 49 to 97 of 261]
81.7677383422852 81.6120071411133 81.4315719604492 81.4245452880859 81.5251846313477 81.5345840454102 81.5737152099609 81.7681732177734 81.7598648071289 81.8005447387695 81.94287109375 81.9007186889648 82.0423355102539 82.1378173828125 82.1469192504883 82.2823944091797 82.3718872070312 82.5173950195312 83.2657318115234 83.0270767211914 82.9935989379883 83.1199417114258 83.2156372070312 83.3031311035156 83.3519592285156 83.9241790771484 83.9570846557617 84.0068130493164 84.4149398803711 84.5942764282227 84.9326248168945 85.3435897827148 85.6277542114258 85.5922927856445 85.7590103149414 85.9307861328125 85.4264602661133 85.4235687255859 85.4992904663086 85.8170471191406 84.9189300537109 85.9758834838867 85.2564239501953 85.1525573730469 85.1043930053711 85.0500717163086 84.8528594970703 85.0615234375 85.5512542724609
81.8052597045898 81.6914138793945 81.5491638183594 81.5524444580078 81.7001876831055 81.6380844116211 81.5815277099609 81.9259719848633 81.953010559082 81.9749069213867 81.9835357666016 81.9751205444336 82.0765075683594 82.170783996582 82.2537612915039 82.4051742553711 82.4995956420898 82.572509765625 82.936164855957 82.780403137207 82.9787063598633 83.0755767822266 83.3212585449219 83.3778305053711 83.2802505493164 83.4702072143555 83.5855255126953 83.5613098144531 83.6862945556641 84.6282424926758 84.9336318969727 85.0925369262695 85.2106781005859 85.455680847168 85.4278182983398 85.5532302856445 85.5840530395508 85.2533340454102 85.0299224853516 85.5621643066406 84.541015625 85.4999084472656 85.4806976318359 84.9565582275391 85.0874328613281 85.1376876831055 84.7160034179688 84.5218963623047 85.1345138549805
81.9284820556641 81.7937240600586 81.6911087036133 81.6800918579102 81.7950897216797 81.7592620849609 81.7165985107422 81.8716659545898 81.931999206543 82.0410308837891 82.0310821533203 82.0362701416016 82.1221618652344 82.1728134155273 82.3669891357422 82.4890747070312 82.5431365966797 82.5469436645508 82.8951034545898 82.8938064575195 82.938117980957 83.0248260498047 83.2246246337891 83.5439910888672 83.6066513061523 83.4579696655273 83.4433898925781 83.6094360351562 83.7101745605469 84.6684951782227 85.0608520507812 84.8749542236328 84.8788070678711 85.2290115356445 85.2261123657227 85.1567153930664 85.2392501831055 85.2602462768555 85.0371704101562 85.2226638793945 85.3259429931641 82.0822067260742 84.8954849243164 84.997428894043 84.6178359985352 85.1324234008789 85.0384979248047 84.401481628418 84.7311248779297
82.1543273925781 81.9910278320312 81.883430480957 81.856086730957 81.9181747436523 81.9209899902344 81.860237121582 81.9190902709961 81.9376525878906 82.0387802124023 82.0778961181641 82.1304931640625 82.2489471435547 82.2492599487305 82.3380279541016 82.5233535766602 82.6819763183594 82.6318740844727 83.3127746582031 83.215576171875 82.8783645629883 82.9850311279297 83.0177307128906 83.3911743164062 83.5645446777344 83.3626480102539 83.3020629882812 83.5409240722656 83.616455078125 83.9990539550781 84.6248321533203 84.4855804443359 84.3079681396484 84.7410202026367 84.8770599365234 84.4269180297852 84.4884719848633 84.8587493896484 84.9569549560547 84.9564208984375 85.3081207275391 79.6674118041992 81.1922607421875 84.2718811035156 84.672119140625 84.9533615112305 85.2755661010742 84.8519058227539 84.6238098144531
82.3635787963867 82.1810150146484 82.1074600219727 82.0435485839844 82.0157318115234 82.1438064575195 82.2325592041016 81.9947738647461 82.0956878662109 82.2127685546875 82.3820419311523 82.2812652587891 82.3619613647461 82.4486770629883 82.4441223144531 82.8040466308594 82.9164047241211 82.8507995605469 83.4676361083984 83.2859954833984 82.8977432250977 83.2429122924805 83.5074005126953 83.4590911865234 83.2917327880859 83.3566513061523 83.314208984375 83.3451538085938 83.4364471435547 83.6149520874023 84.1193466186523 84.4296035766602 84.4722213745117 84.7387619018555 84.7221450805664 84.308349609375 84.5365905761719 84.9107208251953 85.0717010498047 84.8408203125 84.7244873046875 81.7450256347656 79.7509002685547 82.8207550048828 84.9019775390625 84.9470672607422 85.1638793945312 85.1750564575195 84.7965621948242
82.4453048706055 82.312744140625 82.2969207763672 82.2350616455078 82.1325759887695 82.2523727416992 82.4836502075195 82.0290145874023 82.1355514526367 82.2527770996094 82.3476028442383 82.2698822021484 82.3682327270508 83.0465774536133 82.8973999023438 82.8786544799805 83.2137451171875 83.0361938476562 83.3012466430664 83.2500762939453 83.1404190063477 83.1961364746094 83.9054489135742 83.7986602783203 83.3089752197266 83.7865676879883 83.6192855834961 83.2369232177734 83.3159027099609 83.4162979125977 84.0249786376953 84.6366882324219 84.8504867553711 84.8867645263672 84.7636795043945 84.7108612060547 84.8667068481445 84.9921493530273 85.0144729614258 84.9004135131836 84.7099075317383 84.1603546142578 81.277946472168 80.5839462280273 83.1885604858398 84.6312026977539 84.7889785766602 84.8159027099609 84.6830139160156
82.6010284423828 82.5624542236328 82.4947204589844 82.4735565185547 82.2958679199219 82.2975006103516 82.4356994628906 82.2698745727539 82.3025207519531 82.2927169799805 82.2494201660156 82.5489196777344 82.783561706543 83.0409088134766 83.4960632324219 83.5305023193359 83.760986328125 83.7189483642578 83.3601684570312 82.9963531494141 83.3806686401367 83.2557220458984 83.9177474975586 83.7940826416016 83.390983581543 83.9426422119141 83.650276184082 83.1834182739258 83.2110214233398 83.3029556274414 83.7115936279297 84.2267532348633 84.5797424316406 84.7050857543945 84.705436706543 84.7493209838867 84.8017120361328 84.8008422851562 84.660041809082 84.7183532714844 84.4435501098633 84.6840209960938 82.7897262573242 79.286750793457 79.9603576660156 83.1890716552734 84.2235107421875 84.2771911621094 84.3306274414062
82.8282012939453 82.7684631347656 82.6549987792969 82.5356750488281 82.5209732055664 82.4790496826172 82.6886215209961 82.4659881591797 82.441162109375 82.3283386230469 82.3135681152344 83.1727294921875 83.8703002929688 83.0819625854492 83.6821060180664 84.2845840454102 84.203010559082 84.1005401611328 82.9909744262695 82.7321319580078 83.0498886108398 83.0898666381836 83.3221664428711 83.32958984375 83.3200149536133 83.8890228271484 84.0108871459961 83.4201278686523 83.1496734619141 83.2436141967773 83.3020477294922 83.8223495483398 84.3753967285156 84.5303421020508 84.5824508666992 84.5595855712891 84.5472564697266 84.5440216064453 83.7635040283203 83.8590927124023 84.0906600952148 83.8892822265625 83.9489364624023 81.7563095092773 80.3957443237305 81.1618804931641 82.7465591430664 83.8285903930664 83.8646392822266
83.2048110961914 83.063346862793 82.9292755126953 82.8567657470703 82.8505554199219 82.7790832519531 82.6897430419922 82.4470596313477 82.4821166992188 82.8957901000977 83.4760208129883 83.7592086791992 83.9009857177734 83.796028137207 83.8100662231445 84.1130676269531 84.2028045654297 83.8545074462891 83.8095092773438 83.296875 83.0664367675781 83.0388259887695 83.4371643066406 83.4061508178711 83.7721481323242 84.0906677246094 84.0465316772461 83.7802810668945 83.3868255615234 83.2282104492188 83.2004089355469 83.4446640014648 83.9286346435547 84.137336730957 83.9936828613281 83.9271926879883 84.0570678710938 84.1078033447266 83.5140075683594 82.9293365478516 83.4388198852539 83.4255905151367 83.9419708251953 83.8554077148438 83.6659240722656 83.1652069091797 82.3353652954102 81.6908111572266 81.5726547241211
83.3071823120117 83.2016296386719 83.0672149658203 82.9631652832031 82.9449615478516 82.8724822998047 82.766471862793 82.5588912963867 82.5586242675781 82.7336502075195 83.3142929077148 83.6767272949219 83.7022476196289 83.5984497070312 83.9048767089844 83.6305999755859 83.5088195800781 83.989616394043 83.6399765014648 83.4532241821289 83.1286315917969 83.0267715454102 83.3551177978516 83.2937622070312 83.6109008789062 83.7753677368164 83.8291931152344 83.9304656982422 83.4714279174805 83.1812973022461 83.1883163452148 83.2054595947266 83.3497085571289 83.7428207397461 83.9236679077148 83.8798522949219 83.8185501098633 83.6655731201172 82.9109954833984 82.2515258789062 82.4960021972656 83.1818771362305 83.3428115844727 83.4952697753906 83.2534255981445 82.9118499755859 82.62060546875 82.1396713256836 80.8336868286133
83.3900833129883 83.2860336303711 83.1808090209961 83.0497055053711 82.9523696899414 82.8988876342773 82.8284683227539 82.6304092407227 82.608772277832 82.6968765258789 83.0739440917969 83.510009765625 83.9011383056641 83.8682556152344 83.9496536254883 83.3553619384766 83.1692657470703 83.608772277832 83.1431655883789 83.2073516845703 83.0623474121094 82.919677734375 83.011833190918 83.2282028198242 83.3239669799805 83.4221954345703 83.7547836303711 83.7667617797852 83.462287902832 83.0745544433594 83.2018203735352 83.0990371704102 82.991828918457 83.4312896728516 83.8489379882812 83.8157348632812 83.5831909179688 83.3057098388672 82.8069076538086 82.4096221923828 82.0547714233398 83.1899948120117 83.0272216796875 83.1665573120117 82.8939971923828 82.327522277832 82.2081146240234 82.4621810913086 81.9611892700195
-3.4e+38 83.4059295654297 83.2306671142578 83.0748672485352 82.9867172241211 82.9025650024414 82.8923492431641 82.6781997680664 82.7259063720703 82.8846588134766 82.9980087280273 83.3896789550781 83.9739685058594 84.0483856201172 83.8790893554688 83.5344467163086 83.2507629394531 83.3464279174805 82.9294662475586 82.8356018066406 82.8759155273438 82.8063507080078 83.0848083496094 83.4169921875 83.2059326171875 83.3255386352539 83.7309265136719 83.4399261474609 83.2290649414062 82.8991622924805 83.0621871948242 83.1505126953125 83.0245742797852 83.0930633544922 83.341682434082 83.5517807006836 83.5548858642578 83.048583984375 82.8944244384766 82.6489486694336 82.0603942871094 82.8178405761719 83.0400924682617 82.9385375976562 82.7319717407227 82.1438751220703 81.233283996582 81.5331802368164 82.4063262939453
-3.4e+38 83.4920654296875 83.3217010498047 83.166259765625 83.0463409423828 82.9390563964844 82.9555511474609 82.7826461791992 82.7822952270508 83.0095825195312 83.1241149902344 83.4851989746094 83.6800918579102 83.8002090454102 83.513427734375 83.4999160766602 83.1421051025391 83.2147903442383 83.0817031860352 82.9167175292969 82.9189300537109 82.8283004760742 83.0506820678711 83.4353942871094 83.3458709716797 83.4047927856445 83.6470336914062 83.2263946533203 82.9408721923828 82.9077453613281 82.8548126220703 83.0458526611328 83.0143356323242 82.872688293457 83.1299209594727 83.3595733642578 83.4224700927734 83.1321868896484 82.8652114868164 82.6904907226562 82.322868347168 82.3993377685547 82.995475769043 82.8737487792969 82.7407836914062 82.3391265869141 81.4012069702148 81.4172439575195 82.1447067260742
-3.4e+38 83.52197265625 83.4274520874023 83.2827072143555 83.1403274536133 83.0384826660156 82.9809112548828 82.8430786132812 82.8440170288086 82.9074630737305 83.0834655761719 83.5858383178711 83.6545944213867 83.3038101196289 82.9367294311523 82.990348815918 82.934455871582 83.1134948730469 82.9048233032227 82.8604354858398 82.9003601074219 83.0740432739258 83.0134582519531 83.0278167724609 83.0979690551758 83.3519439697266 83.5901489257812 83.3015975952148 82.953857421875 83.1610412597656 82.9463272094727 82.8801040649414 82.9725875854492 82.8888778686523 83.0796813964844 83.247688293457 83.2558135986328 83.2510986328125 83.006103515625 82.6825332641602 82.5067520141602 82.4119262695312 82.6823348999023 82.7224578857422 82.4462432861328 82.1589965820312 81.9880294799805 81.8782577514648 81.9508819580078
-3.4e+38 -3.4e+38 83.4888000488281 83.3561477661133 83.2521667480469 83.1480560302734 83.0306015014648 82.8829498291016 82.8705596923828 82.8744888305664 82.928825378418 83.1149063110352 83.2990493774414 83.0841293334961 82.7781677246094 82.6850051879883 82.7452163696289 82.921501159668 82.813346862793 82.8554916381836 82.8495483398438 83.1106796264648 82.9734344482422 82.809944152832 83.009147644043 83.1320190429688 83.3140258789062 83.2720108032227 82.994384765625 83.0321502685547 82.8986434936523 82.773323059082 82.93359375 82.9874649047852 82.9246673583984 83.0459442138672 83.0028991699219 82.9717178344727 82.5824966430664 81.9266510009766 81.6497268676758 81.6025772094727 81.5402526855469 82.3422241210938 82.2774963378906 82.0767364501953 82.0335388183594 81.9260406494141 81.8180618286133
-3.4e+38 -3.4e+38 83.5406723022461 83.421989440918 83.2923431396484 83.1670913696289 83.0877227783203 82.9400024414062 82.9103851318359 82.874153137207 82.9131851196289 82.868034362793 82.9255599975586 82.9133377075195 82.7647323608398 82.6771774291992 82.6916580200195 82.7827377319336 82.948371887207 83.1315765380859 83.0490951538086 83.0883255004883 83.1178207397461 82.9384918212891 83.140266418457 83.1973571777344 83.264289855957 83.299934387207 82.9932250976562 82.7468948364258 82.6976013183594 82.6655349731445 82.7646331787109 82.9204330444336 82.9234771728516 82.9598770141602 82.6670989990234 82.4046020507812 82.2697372436523 81.5830917358398 80.4654541015625 81.1869583129883 80.8897552490234 81.6240997314453 81.9315185546875 81.9269027709961 81.7843475341797 81.7191925048828 81.5649642944336
-3.4e+38 -3.4e+38 83.6194686889648 83.5010833740234 83.3351058959961 83.1821746826172 83.1219787597656 82.9534301757812 82.9580688476562 82.8909072875977 82.8718185424805 82.9022979736328 82.8642196655273 82.7984085083008 82.7579727172852 82.7321853637695 82.7421646118164 82.7171630859375 83.0572967529297 83.3585357666016 83.3255310058594 83.2681198120117 83.3609313964844 83.0252304077148 83.0529327392578 83.2930679321289 83.2945098876953 83.2937393188477 83.0934295654297 82.6823806762695 82.6608047485352 82.6224517822266 82.6184616088867 82.772331237793 82.8137283325195 82.7032470703125 82.4072341918945 82.2223434448242 82.0965118408203 81.7041625976562 80.028923034668 80.9110565185547 80.7242813110352 81.1167602539062 81.217155456543 81.253059387207 81.5069046020508 81.4277954101562 80.9685134887695
-3.4e+38 -3.4e+38 83.6670227050781 83.5443420410156 83.4020156860352 83.2481842041016 83.1518630981445 82.9749145507812 82.9719314575195 82.9008255004883 82.8430099487305 83.1391220092773 83.0210876464844 82.7975845336914 82.7619781494141 82.8598556518555 82.8754119873047 82.766716003418 83.0738372802734 83.3615798950195 83.384407043457 83.341064453125 83.3386764526367 83.1486129760742 83.0499420166016 83.220344543457 83.2160949707031 83.1930618286133 83.1233291625977 82.7529449462891 82.645637512207 82.6143341064453 82.5739440917969 82.7285842895508 82.7788848876953 82.5964736938477 82.4653778076172 82.4100952148438 81.8484344482422 81.6417465209961 80.8657150268555 80.0721435546875 80.7683868408203 80.7619094848633 80.4060745239258 80.0204086303711 80.3674468994141 80.9897232055664 80.9038467407227
-3.4e+38 -3.4e+38 83.6867065429688 83.6211700439453 83.4655990600586 83.3457183837891 83.2440414428711 83.0610580444336 82.9906463623047 82.9434814453125 82.8816299438477 83.0412139892578 83.0026550292969 82.8219146728516 82.7401428222656 82.8175048828125 82.8927307128906 82.8641967773438 82.9206695556641 83.1433181762695 83.3000564575195 83.3330993652344 83.1982498168945 83.0540771484375 83.0037536621094 83.094970703125 83.0141372680664 83.0269165039062 82.8729934692383 82.6767044067383 82.6052780151367 82.6157684326172 82.5677719116211 82.6736145019531 82.7740631103516 82.6885299682617 82.4515151977539 82.2631683349609 81.9000473022461 81.6898422241211 81.5859222412109 80.3194427490234 80.4660415649414 79.2743377685547 79.1573715209961 79.4248123168945 78.994384765625 80.0683135986328 80.9275207519531
-3.4e+38 -3.4e+38 83.8721160888672 83.7442245483398 83.6057891845703 83.466178894043 83.330810546875 83.2043991088867 83.1018218994141 83.0155334472656 82.9621658325195 82.9174880981445 82.9229507446289 82.965950012207 82.8682327270508 82.8009262084961 82.8052673339844 82.8851547241211 82.7388687133789 82.8357543945312 82.8889694213867 82.9106140136719 82.9735107421875 83.040168762207 83.0719909667969 82.8444213867188 82.6872863769531 82.8074798583984 82.8527526855469 82.5087127685547 82.5556945800781 82.5671005249023 82.4771957397461 82.4643936157227 82.5280075073242 82.5455322265625 82.4094009399414 82.2960968017578 82.1950531005859 81.769172668457 81.5511932373047 79.9899291992188 77.7327499389648 77.5530548095703 77.6815338134766 77.4664916992188 78.6877212524414 78.3820419311523 77.7639312744141
-3.4e+38 83.9518814086914 83.9026260375977 83.7657775878906 83.6531066894531 83.5311279296875 83.4406814575195 83.2662887573242 83.1494750976562 83.1229782104492 83.0597991943359 82.9893188476562 82.986213684082 82.9825744628906 82.9235153198242 82.8689880371094 82.8476028442383 82.8380279541016 82.8681488037109 82.8866348266602 82.7945098876953 82.8217620849609 82.978645324707 83.0029983520508 82.9074478149414 82.7635726928711 82.6750869750977 82.7539749145508 82.7651062011719 82.2480773925781 82.4251174926758 82.6256484985352 82.5480651855469 82.5016555786133 82.4921112060547 82.4660034179688 82.3575592041016 82.2365188598633 82.1388244628906 82.0479965209961 81.8779754638672 80.1743316650391 78.7850189208984 77.9766311645508 78.160530090332 76.955940246582 77.4526138305664 78.6925964355469 78.1716156005859
-3.4e+38 84.0457611083984 83.954231262207 83.7939147949219 83.6966781616211 83.6180877685547 83.492431640625 83.3251876831055 83.2624435424805 83.2174911499023 83.1262664794922 83.0655136108398 83.0237503051758 82.9709396362305 82.9332580566406 82.9212875366211 82.9307250976562 82.866943359375 82.9818344116211 83.0307312011719 82.931640625 82.9373092651367 82.9655838012695 82.9248886108398 82.7803192138672 82.693489074707 82.6868896484375 82.6866836547852 82.5148620605469 81.7213973999023 81.8263168334961 82.278678894043 82.4924087524414 82.3930892944336 82.3880157470703 82.3616409301758 82.2572402954102 82.1997756958008 82.1384353637695 82.0161361694336 81.8279724121094 80.1411819458008 79.9841384887695 78.7863922119141 78.0166473388672 77.3417739868164 75.5146408081055 76.096549987793 78.171028137207
