rcp8.5models/GFDL_CM3/sc1gr4.3
NCOLS 261 
NROWS 433 
XLLCORNER 336357.134 
YLLCORNER 654653.479 
CELLSIZE 1000 
NODATA_value -9999 
[rows 242 to 263 of 433, columns 150 to 199 of 261]
280.042419945666 285.960093102613 288.55017764624 289.396439685533 289.883574108519 290.746055800389 291.547576996809 291.620223195936 291.734911048124 291.525029289425 291.729880681349 291.948621093744 292.189451917165 292.198451037192 292.18351252777 291.746492122827 291.390111410295 291.528562860655 291.334414298935 291.156287824931 291.238479103357 291.109008009761 290.880164321881 290.563610955803 290.217018094315 289.435538427165 289.326645076034 289.348252451635 289.695596956767 289.731482236513 290.336712940899 290.823428580716 290.405629332417 289.667886591093 289.327967769858 -9999 -9999 290.180690802911 290.687309991072 290.450983654918 290.799424505114 290.332630363799 289.894573904018 289.63608545484 289.425812959639 288.716282222763 288.353891951325 288.670949670962 289.581644110546 290.278997072549
283.031226650954 287.165278807273 288.746537314374 289.730239674205 290.291239050688 290.616003550026 290.975136557897 291.394746318692 291.797086431978 292.067650834289 291.840573184396 291.992387737727 292.086710874324 292.063728429614 291.702034674133 291.450732354488 290.919434198024 290.504481088587 290.342415819745 291.018178992408 290.911570926134 290.853898541836 290.721485851591 290.373028520902 289.961649007505 289.532935532335 288.902169033931 288.848752463346 288.908674780707 289.182022266053 289.812965993895 289.696970621861 289.318993042498 289.492639717524 289.708998910156 289.421300353644 -9999 -9999 289.810514548694 289.865455879934 289.760703987678 289.263739607529 285.558768388807 285.548215319891 287.370062647973 288.002756200976 288.667406723033 289.585386900349 289.493165256454 289.454887027791
283.752071126744 287.206746603757 288.885138663894 289.824561388533 290.617978667785 290.875538633347 290.942008346413 291.362428369654 291.64385920075 291.847019783366 291.830621753897 -9999 291.931756238314 291.603000315734 291.317206611175 291.331314460782 290.885534463724 290.451649429583 290.354543853778 290.487828198086 290.239744894233 290.074548847632 290.240526652308 289.759312707459 288.90695523186 287.624642421406 287.762200759506 288.62632689544 288.742162063503 288.896465877676 289.643122030549 289.48881491546 289.008334094228 289.540635402162 -9999 -9999 -9999 -9999 289.826400958679 289.871181552649 289.48231716918 288.857282651931 288.057021474291 287.702663678792 287.990280949862 288.654741734551 289.188894243317 289.80839020387 289.704713361445 289.954692555695
283.655130023241 287.33839261721 288.864090246454 289.403272926924 290.492300805886 291.273588575121 291.345637346834 291.379317430979 291.974368947198 291.984030034069 291.87956474577 -9999 291.936838127199 291.62393206266 291.312828927583 291.352919167115 291.108016337353 291.04820866171 290.942642176509 290.379563420612 289.790227762834 289.503892451738 289.608001100008 289.122851043174 287.009325602813 283.333445663868 284.452734131655 287.096111154279 288.636887340933 288.663015875603 289.095149818493 288.892647454238 288.938498950546 289.572295461195 -9999 -9999 -9999 289.349853500383 289.184815258549 288.726435481369 288.690264847566 288.395726351209 288.352509850828 288.682710405841 288.650616616764 288.814323194375 289.687278650088 290.232974013323 290.094981524872 290.572750817002
281.033999199505 287.444203529036 288.775251311156 289.292921502134 290.080998139674 291.099502980028 291.493612136856 291.340304556587 292.057318241091 291.987341776329 291.92211185033 291.961853311525 292.055880609053 292.022043803551 291.649074017584 291.511675323594 291.388753881416 291.41836475553 291.085665676459 290.718833003089 290.094048652582 289.797061865591 289.640907493948 288.902185435353 286.794518824094 283.395057602276 283.132090866911 286.033852767605 288.548150826306 288.689311142579 289.15694984991 288.693142092386 288.985120441804 289.29974180397 -9999 -9999 -9999 -9999 289.051109990611 286.505262448474 284.333928373101 288.080510993267 288.551115333302 289.298043890162 289.358067451545 288.869773055795 289.653796445755 290.471990076992 290.494006603795 290.899734480587
283.45046864595 288.24164850335 289.268617501635 289.724463227026 290.283369259257 290.916027250356 -9999 291.42127169206 291.707708259265 291.782714512773 291.970720479309 291.922485326148 291.928537081101 292.022880017013 291.989231862307 291.665807780567 291.289269435633 291.24781246529 291.104710262851 290.872391320754 290.521203361743 290.160775968809 289.436699306641 288.632329146895 287.430001733676 286.586102737564 285.934983230089 287.47369916042 288.444875520495 288.565701000031 289.654901598218 289.360616722135 289.321357867354 289.222571292474 289.264212546014 -9999 -9999 -9999 -9999 287.193270771007 285.126686414525 288.903140262788 288.728410450346 289.336847409094 289.940813259331 289.736875534912 290.119454490418 290.98231993654 290.947748896669 291.136996989345
286.643670406043 289.253746730295 289.521130476764 289.780118840746 290.396671935278 290.663591450814 290.783286115027 291.28031136857 291.222667633842 291.60491422644 291.896245683442 291.797083179242 291.843209169119 291.674073461496 291.5866488553 291.531714278228 291.138741343384 291.059430589625 290.996503704129 290.996822755643 290.780353375668 290.324107244561 289.308193775028 288.497453582041 287.447504030113 287.293077388276 287.443963319092 287.580547353831 287.609980866875 288.405928478654 289.2021976888 289.404879270922 -9999 289.340968347513 -9999 -9999 -9999 289.036529457742 289.036023260186 288.75583721039 288.527638972146 289.259301998916 289.242500571858 289.156391540681 289.76534941436 290.463115759158 290.895665897455 291.310344522837 291.129443905338 291.056352986153
283.374521709786 288.950201482312 289.246514565697 289.548604941165 289.980415278823 290.510799243028 290.786984180083 291.090414359241 291.151711296934 291.42873720439 291.633206713535 291.736622801242 291.771542637809 291.366927442593 291.095544148618 291.331759377743 291.024360144374 290.573847125318 290.530484352532 290.713609961939 290.527277794478 290.142766603687 -9999 -9999 288.34626998725 287.607448917949 286.854375319945 286.395931292687 287.291618072353 287.918681429798 288.605010344833 288.92903083012 289.2528528671 -9999 -9999 -9999 289.284424016636 288.908669658533 288.597707747131 288.343501113312 288.315913295405 288.945064128012 289.586460946785 288.975583364314 289.389022801246 290.376447402257 290.828558527369 291.031958490231 290.632728537197 290.530953401099
278.557423358554 288.619361973374 288.883246538094 289.169379015701 289.660508713928 290.104120506376 290.648158888132 291.224066397904 291.387368040055 291.427880118531 -9999 -9999 291.184086367284 290.867096826933 290.795747730748 291.265766804603 290.863878459606 290.440499331524 290.260988155621 290.324250409333 289.995908670379 289.337776214916 289.381719681981 -9999 -9999 287.944044227664 286.937706044696 286.675973405315 287.06108416609 286.472902825938 288.708344024725 289.231551181817 289.152125302105 -9999 -9999 -9999 289.00090573152 288.257625698667 287.544210881396 287.250824969736 287.672544014873 289.115065833695 289.742888950608 289.390383338732 289.077188982399 289.105060021127 289.687991816047 290.101028863758 290.342590255192 290.515597869178
277.764164170805 288.497731357356 289.002688285735 289.157535067319 289.466938242292 289.708872552595 290.188801723013 290.906634114657 291.309060521381 291.437239786337 -9999 291.383434706047 290.695607566317 290.661598933936 290.750462079697 291.168206135876 291.104153743643 290.834900015954 290.10375315345 290.087984066866 289.59872216356 288.823720318286 288.876598114305 288.355212084622 287.537778640107 287.715730448774 287.283334964349 287.196862409049 286.89368696969 286.765512174235 288.84476447515 289.695574039887 289.474778483165 289.365215963774 -9999 -9999 288.788230911971 287.891087878342 287.369488000983 286.995249416299 287.367190636383 288.615425365203 289.52772093824 290.133950194494 289.578937685109 288.669995577475 288.741619740628 289.418262036998 290.222091073882 290.298303337566
278.134706333996 285.531344697016 288.733252893801 289.063837264908 289.71959937287 290.070184639444 290.153569419295 290.497670661248 291.28323115619 291.46204645798 -9999 291.40409343108 290.919396558972 291.101343683842 290.870389462918 291.043525798829 291.221577594503 290.901895837811 290.196903537982 289.535157963899 289.07590712886 288.319547147176 287.804978420431 285.358737384563 283.318106342404 286.848575448901 286.65155326998 286.856142682185 287.500275055353 287.971015281611 289.135961061418 289.226076964578 289.258777774686 289.248217810928 289.182302374428 289.25987308786 -9999 288.477532076679 287.783314762019 286.936334553944 286.828189523241 287.911834198163 288.713075739668 289.940570831725 290.164550708146 289.305832443273 287.857654990406 288.493520661604 289.775022513 290.197836969773
275.813635654314 283.304807561599 287.541367961621 288.115997107196 290.003892728404 290.235588629169 289.705127339253 289.962015813426 291.260748550818 291.442281825272 -9999 291.501685470887 291.20614635856 291.002177520226 290.804090956999 290.891130811703 291.124955240152 290.831192118505 290.244903113298 289.35787839389 289.010918771837 288.037240039418 286.922402743889 283.458427124781 280.975992956199 286.663752620234 286.383728435975 286.48887150384 287.479106397837 287.876405175793 288.716738402712 288.321414123241 288.838844734401 289.080473622347 289.200555541024 289.186500673491 -9999 288.849104865988 287.935611699673 286.766202809469 286.355828461734 287.689039725132 288.410675210443 289.343180948375 290.336615728674 289.886130033343 288.144995124225 288.487541407571 289.734818521972 290.768662754615
278.664112688733 285.013226989712 288.281772925918 288.877026368596 290.133634202462 290.408533052976 290.059513692793 290.118579934276 291.056986756574 291.26381347799 -9999 291.163319373335 290.724063217252 290.379643603838 290.648833940563 290.800277160405 291.031168661047 290.708463140922 290.017296581524 289.092498694637 288.649906920355 287.689205522611 286.733614636741 285.269382309246 284.330557883326 286.703286090208 285.904263480457 285.404164767728 286.196101607261 287.70079864855 288.04217819711 287.813446196005 288.888935058256 289.144407990932 289.056823399684 289.116020637909 -9999 288.662002958773 287.807436413271 287.425948847372 287.196561052848 287.831353211635 288.823453937153 289.417045189294 289.962228653155 290.2259829362 289.767043026865 289.541156032167 290.159931052808 291.046218478919
277.747424296628 285.987388776225 289.442725207328 289.793674721328 290.041652971143 290.500827341892 290.451703876038 290.897506297657 291.093199986994 291.160048745299 291.201466802037 291.325765681847 291.117325477384 290.760714090997 290.515518294378 290.116039758371 290.499820578803 290.548643003213 290.132197767804 288.598484000166 288.540633862027 288.063895750285 287.379320975218 288.098246959607 287.615902625953 286.75031560375 286.116145754739 285.252309788757 286.058482777683 287.553163223032 287.901498619885 287.51028521352 287.930686728709 288.146470281028 288.342941931495 288.659996196026 288.704245261946 288.392808271443 288.229407302211 288.716956119232 288.722502285223 288.231463236667 289.209118517787 289.235908719018 289.848030629037 290.236822798308 290.847760330223 290.7416302916 290.273026318472 289.704112366141
274.930098581187 283.695316233187 289.273829554443 289.446678303289 289.466784985439 289.752989085958 290.039301443392 290.48684749259 291.055570498568 291.095528076979 -9999 291.253638251182 290.98263109801 290.691251093446 290.258700961067 289.708100549089 290.236122152562 290.615309538505 290.186507671465 289.028611507221 -9999 -9999 288.128050088336 -9999 288.0595211966 287.041460216008 285.790695189884 284.079736827609 285.605750327145 287.413976943216 287.58718374848 287.145108747492 287.026967437041 287.806899625066 288.306200117165 288.677204342862 288.657989458583 288.130116897893 288.033676136083 288.537852114251 289.100586162612 288.607939353859 289.116986058998 289.641125182162 290.380194468032 290.295664993193 290.466820882833 290.434880578136 289.309878546595 288.801129937635
276.446337080206 283.624579792453 288.67424036394 288.10877108253 288.587462702156 289.616873303718 290.209172562216 290.359958696002 290.985487770017 291.083863077826 -9999 291.04811231698 290.519232273058 290.509751457181 290.252267836825 289.815849008951 289.856326814312 290.222768172058 290.126529899144 289.705504971024 -9999 -9999 -9999 287.837945836647 -9999 286.553234759473 284.025718179006 281.901809299664 285.67717266002 287.33604053956 287.335735997467 287.090404968137 287.080716261447 287.884092989588 288.37558276243 288.678255476205 288.570878553117 287.765404961287 287.77346816541 288.455683023379 289.178100815237 289.279665755373 289.697151011913 290.080938077984 289.99480202911 290.115287501364 290.135035461221 290.008494000716 289.069060197208 288.234138811187
276.873960656411 281.985917873433 285.014977680099 282.523204918112 285.096900190752 289.747120557172 290.175485097262 290.389929709039 290.862900001575 290.955072215801 291.050796887507 290.610871362979 290.066530978901 290.419879398294 290.376697986469 289.796529097695 289.372286191121 289.894236912164 290.012397018998 289.521415284821 -9999 288.181777121559 287.468800986017 286.655959696482 285.939541539457 285.714763428623 282.217886637479 278.986397085071 286.539178091028 286.975075823819 287.140553918591 287.108867044692 287.349976605154 287.675569181678 288.13391560813 288.562640326681 287.954383136595 287.479452773294 287.727084940195 288.216597239074 289.019579256495 289.599018556877 289.91688413931 289.866689999652 289.536461319056 289.944004687874 289.756602927555 289.310563576144 289.343134233645 288.503891232358
274.38375349619 278.241959793854 281.505445482406 280.604452138359 283.186679341341 289.985325206588 290.3606518889 290.505771416676 290.79851446824 290.779244375132 290.817014706879 290.422874994324 290.071456079835 290.287674527573 290.416190360122 289.911841617169 289.323904294294 289.789680138879 290.024152084765 289.08715678627 288.181293845763 287.87996611356 286.843139498559 284.235058341228 279.035411751539 275.147925452248 278.15330391577 281.817399363358 286.246724791956 286.487953058052 286.994816625324 287.161418132306 287.454794031875 287.995205773146 288.275514107908 288.322267761272 287.482253172282 287.300222217474 288.157070869182 288.631092231865 289.205349205646 289.810873401216 289.516421583628 289.381444372225 289.480417323165 289.574042682866 288.913504009668 288.542834533376 288.779187708834 288.603944292381
274.612809689018 278.364485740585 281.666068095563 283.7739671604 284.206899385289 290.285000134285 290.544080745439 290.588398512133 290.786467327457 290.772429592514 290.815462438962 290.544049204522 290.134419732453 289.87843622476 290.403681774566 289.99253029612 289.358097239779 289.377711749095 289.810424067507 -9999 -9999 -9999 285.535553419538 279.061961989513 271.673142405814 271.263791995205 280.489459544469 285.362108658005 285.687977711102 286.175932064972 286.860349415494 286.918099258992 287.644642746997 288.290953123802 288.206389432374 288.404521861226 287.691637104219 286.810425439156 287.635543116655 288.972855170157 289.133510258822 289.708443062071 289.082578694108 288.916420871086 289.069707181655 288.576276270592 287.904840169547 288.013783333163 288.485295981141 289.207659908397
280.843868140958 283.355012285774 284.654877566616 285.297205278268 285.217252981319 290.220244296084 290.199041811862 290.033676573819 290.715924164905 290.726079180469 -9999 290.47143157752 289.782627237039 289.249045342988 289.86738920625 289.695613113712 289.529839968597 289.451248541145 289.638359729721 -9999 -9999 -9999 285.475098739328 279.752266768416 278.203314669325 281.904117245394 286.044800356714 285.336258772365 285.324869342684 286.137181532142 286.62210447981 286.910278885178 287.396479555379 287.782401577449 287.942379807493 288.41871260064 287.808167550552 287.108399417262 287.325603277872 288.320515071585 288.516585767189 289.274817469723 288.426108703391 287.928873048547 288.466775796273 288.124621695147 287.490271712868 287.400713419696 288.507876453355 289.15019463725
282.561435123626 282.479241977291 284.649378232496 286.919240321299 286.209350460456 287.297326542586 287.816084016121 289.711646425786 290.534834868845 290.372564180666 -9999 290.408956407551 289.704955345979 289.127456737585 289.376676334723 289.320967292355 289.169091472763 289.347662091861 289.653313808864 -9999 -9999 -9999 -9999 285.719943184544 286.70819861592 287.204284701552 286.504499433958 285.671117475734 285.340185809054 285.999806687591 286.868306916999 287.250368984272 287.038437069889 287.093216304819 287.695552146382 288.014613489672 287.638160344317 287.750665788674 287.373079231268 286.983508734952 288.122799349095 289.046206412657 287.533087945778 286.548288660226 287.577647065785 287.844067406827 287.269081669614 287.004819197708 288.152877639799 288.146100884254
276.511825174358 274.733014722204 280.199544455356 287.799096068853 286.571407123485 285.630216287324 287.654598437117 289.778638853482 290.590845213451 290.412062749036 290.612172614235 290.539187413382 289.878815703678 289.414974587961 289.364877694917 289.065359780188 288.602619973744 288.696436686878 289.464623285278 -9999 -9999 -9999 288.155660354018 287.929508034845 287.327640372186 286.972163762024 286.429899171494 285.652984096849 285.20881765838 285.677942762961 287.009584211617 286.728794984152 286.705185438322 287.046328884581 287.699032537444 287.82463118636 287.006583721724 287.268561653958 287.10243165766 286.548019367502 288.01754817382 288.969548613344 287.407857148513 286.637766999181 286.826161766153 287.135586693345 286.217556623732 286.118247611749 287.905838292204 287.507779205246
