rcp8.5models/GFDL_CM3/sc1gr7.26
NCOLS 261 
NROWS 433 
XLLCORNER 336357.134 
YLLCORNER 654653.479 
CELLSIZE 1000 
NODATA_value -3.4e+38 
[rows 110 to 131 of 433, columns 49 to 97 of 261]
159.575057983398 159.309234619141 159.078674316406 158.79296875 158.756698608398 158.347442626953 158.099899291992 157.620346069336 157.319366455078 157.101684570312 156.827209472656 156.708831787109 156.222671508789 155.878799438477 155.396789550781 155.203521728516 154.770812988281 154.543716430664 153.926834106445 153.545349121094 153.237213134766 152.84016418457 152.576629638672 152.114776611328 151.887435913086 151.585296630859 151.271255493164 151.109451293945 150.738906860352 149.871520996094 149.634689331055 149.361999511719 148.838394165039 148.509307861328 148.187927246094 147.746734619141 147.390228271484 147.291107177734 147.145202636719 146.884216308594 146.556854248047 145.814147949219 145.511505126953 145.350479125977 144.998062133789 144.916854858398 144.586486816406 144.434799194336 144.151840209961
159.599319458008 159.669281005859 159.162078857422 159.132080078125 158.798690795898 158.60417175293 158.255920410156 157.783020019531 157.724670410156 157.30647277832 156.874420166016 156.796051025391 156.424850463867 156.093139648438 155.711700439453 155.35595703125 154.95686340332 154.643432617188 153.989212036133 153.592056274414 153.286193847656 152.955078125 152.645446777344 152.181396484375 152.041595458984 151.628601074219 151.276107788086 151.073959350586 150.749450683594 150.103317260742 149.734130859375 149.294525146484 148.94206237793 148.421020507812 148.133590698242 147.897125244141 147.497146606445 147.429382324219 147.101852416992 146.802642822266 146.349060058594 145.707244873047 145.47428894043 145.203201293945 145.030059814453 144.815673828125 144.60270690918 144.317367553711 144.094711303711
159.852661132812 159.774856567383 159.317977905273 159.306991577148 158.985748291016 158.893646240234 158.387908935547 158.054763793945 157.684951782227 157.510696411133 157.059768676758 156.970657348633 156.764495849609 156.358001708984 155.82958984375 155.311004638672 155.196624755859 154.702209472656 153.939880371094 153.794677734375 153.30876159668 153.139266967773 152.697494506836 152.218551635742 152.106292724609 151.663024902344 151.357849121094 151.028656005859 150.782455444336 150.081771850586 149.811767578125 149.310256958008 149.029220581055 148.485061645508 148.201354980469 147.984375 147.502304077148 147.341293334961 147.023483276367 146.573028564453 146.203277587891 145.713119506836 145.434631347656 145.228485107422 144.875991821289 144.659561157227 144.394577026367 144.093490600586 144.000564575195
160.126541137695 159.759674072266 159.509902954102 159.275054931641 159.175735473633 158.787628173828 158.753128051758 158.173889160156 157.830902099609 157.710006713867 157.221313476562 157.171829223633 156.703125 156.458114624023 155.767913818359 155.611206054688 155.297409057617 154.907272338867 154.280426025391 153.934875488281 153.406829833984 153.165145874023 152.680679321289 152.386505126953 152.093200683594 151.752014160156 151.387664794922 150.922607421875 150.674240112305 150.160842895508 149.760894775391 149.459091186523 149.075500488281 148.583251953125 148.371154785156 148.047988891602 147.59162902832 147.271820068359 147.042907714844 146.540908813477 146.161636352539 145.646942138672 145.381576538086 145.265014648438 144.835800170898 144.503067016602 144.355361938477 144.047454833984 143.755004882812
160.136199951172 159.93586730957 159.767105102539 159.470184326172 159.230194091797 159.089767456055 158.895401000977 158.319534301758 158.119720458984 157.812347412109 157.552642822266 157.128280639648 156.819458007812 156.672119140625 156.074966430664 155.621185302734 155.415557861328 155.087005615234 154.527709960938 153.876052856445 153.450469970703 153.219955444336 152.752365112305 152.512023925781 152.070709228516 151.743896484375 151.247573852539 150.884170532227 150.659484863281 150.194305419922 -3.4e+38 149.563720703125 149.100051879883 148.62467956543 148.492736816406 148.049255371094 147.670944213867 147.233428955078 146.907745361328 146.545959472656 146.194610595703 145.691833496094 145.273803710938 145.114059448242 144.704895019531 144.472702026367 144.234954833984 144.000198364258 143.765411376953
160.351364135742 160.293151855469 160.196807861328 159.814544677734 159.61653137207 159.473770141602 159.107788085938 158.564193725586 158.176345825195 158.04655456543 157.527770996094 157.518157958984 157.10417175293 156.806106567383 156.230834960938 155.910308837891 155.597259521484 155.285202026367 154.599197387695 154.269256591797 153.689422607422 153.443420410156 153.064819335938 152.578720092773 152.104446411133 151.936096191406 151.573837280273 151.096008300781 150.651596069336 149.95524597168 149.706665039062 149.549835205078 149.233428955078 148.752792358398 148.582748413086 148.137588500977 147.794128417969 147.302337646484 147.145645141602 146.701858520508 146.392562866211 145.700698852539 -3.4e+38 144.954818725586 144.574035644531 144.036560058594 143.95783996582 143.781982421875 143.403579711914
160.300994873047 160.441131591797 160.156311035156 159.849899291992 159.699584960938 159.536712646484 159.136016845703 158.722351074219 158.215896606445 158.155120849609 157.687759399414 157.490905761719 157.0283203125 156.929733276367 156.338272094727 156.019546508789 155.536666870117 155.485321044922 154.657104492188 154.352035522461 154.005920410156 153.483459472656 153.20344543457 152.697204589844 152.40837097168 151.951080322266 151.674621582031 151.267303466797 150.714645385742 150.113342285156 149.787292480469 149.51301574707 149.182907104492 148.78337097168 -3.4e+38 148.187423706055 147.850936889648 147.421005249023 147.101898193359 146.673736572266 146.290145874023 145.598571777344 145.32698059082 144.974639892578 144.635482788086 144.141448974609 143.779556274414 143.61962890625 143.188720703125
160.590118408203 160.454559326172 160.351470947266 160.087051391602 159.731475830078 159.472259521484 159.211624145508 158.692443847656 158.55192565918 158.130294799805 -3.4e+38 -3.4e+38 156.794555664062 156.929122924805 156.483215332031 156.010711669922 155.812728881836 155.52294921875 154.657501220703 154.456726074219 154.186218261719 153.533187866211 153.175842285156 152.821334838867 152.452728271484 152.040954589844 151.784332275391 151.327896118164 150.847457885742 150.341827392578 149.849990844727 149.567932128906 149.152557373047 148.809631347656 148.502227783203 148.175415039062 147.901077270508 147.490188598633 146.952728271484 146.617706298828 146.292419433594 145.590118408203 145.447113037109 145.019317626953 144.643707275391 144.473480224609 143.936599731445 143.491180419922 143.054275512695
160.840301513672 160.61572265625 -3.4e+38 160.183090209961 160.032241821289 159.621337890625 159.334686279297 158.754608154297 158.647399902344 158.165161132812 157.743148803711 157.166000366211 157.090667724609 156.766021728516 156.431365966797 155.971893310547 155.703216552734 155.424331665039 154.754928588867 154.474044799805 154.103866577148 153.572143554688 153.308181762695 152.920440673828 152.552368164062 152.291717529297 151.863067626953 151.402053833008 151.053436279297 150.352249145508 149.985137939453 149.672424316406 149.248031616211 148.808486938477 148.466674804688 148.036819458008 147.775619506836 147.468215942383 146.953964233398 146.674621582031 146.453338623047 145.723403930664 145.476776123047 145.118560791016 144.823806762695 144.508666992188 143.958267211914 143.532363891602 143.146484375
161.054809570312 160.6279296875 -3.4e+38 -3.4e+38 -3.4e+38 159.652191162109 159.538299560547 158.971298217773 158.447448730469 158.221496582031 157.866333007812 157.430618286133 157.201080322266 156.737594604492 156.3955078125 155.993911743164 155.707763671875 155.316528320312 154.776657104492 154.447906494141 154.057907104492 153.758666992188 153.407104492188 153.01513671875 152.782653808594 152.379272460938 151.922668457031 151.495590209961 151.176422119141 150.349258422852 150.094818115234 149.713302612305 149.237838745117 -3.4e+38 148.478561401367 147.973220825195 147.59196472168 147.417327880859 147.012725830078 146.749954223633 146.409698486328 145.896286010742 145.591262817383 145.264999389648 144.88996887207 144.450653076172 143.877426147461 143.63264465332 143.287124633789
161.054077148438 160.620986938477 160.54182434082 -3.4e+38 -3.4e+38 159.599945068359 159.655471801758 158.850112915039 158.322235107422 158.344863891602 157.905838012695 157.528244018555 157.114288330078 156.836791992188 156.367385864258 155.97216796875 155.729782104492 155.281036376953 154.699752807617 154.452758789062 154.020324707031 153.97492980957 153.446502685547 153.158096313477 152.864852905273 152.359481811523 151.860137939453 151.553634643555 151.110992431641 150.318634033203 150.162353515625 149.798629760742 149.303741455078 148.914398193359 148.415756225586 147.964752197266 147.742431640625 147.45881652832 147.092803955078 146.783996582031 146.388534545898 145.935974121094 145.599105834961 145.2587890625 144.815704345703 144.452743530273 143.856338500977 143.694869995117 143.36897277832
161.095550537109 160.781066894531 160.707992553711 160.572265625 160.324447631836 159.832382202148 159.608505249023 158.894256591797 158.350708007812 158.231521606445 157.675048828125 157.414398193359 157.101959228516 156.941268920898 156.377105712891 156.10546875 155.746231079102 155.234970092773 154.652053833008 154.293426513672 153.998870849609 153.990478515625 153.437881469727 153.142333984375 152.765640258789 152.318252563477 152.076248168945 151.672348022461 151.23762512207 150.476531982422 150.127075195312 149.692687988281 149.377914428711 149.071472167969 148.425521850586 148.116775512695 147.820083618164 147.440643310547 147.122909545898 146.842864990234 146.46923828125 145.970642089844 145.642272949219 145.308456420898 144.854461669922 144.408843994141 143.95881652832 143.724227905273 143.392486572266
161.239868164062 160.919143676758 160.874740600586 160.588394165039 160.182418823242 159.926452636719 159.399353027344 158.867492675781 158.586563110352 158.115356445312 157.773834228516 157.348251342773 157.223358154297 156.996276855469 156.478744506836 156.043960571289 155.741729736328 155.393981933594 154.675033569336 154.214279174805 154.074249267578 153.828704833984 153.406036376953 153.126876831055 152.691970825195 152.502655029297 152.120071411133 151.651382446289 151.227157592773 150.592178344727 150.141677856445 149.815689086914 149.45280456543 149.164291381836 148.600280761719 148.250869750977 147.835327148438 147.483840942383 147.159591674805 146.920761108398 146.484634399414 146.008773803711 145.671371459961 145.339721679688 144.894226074219 144.499420166016 144.189331054688 143.769653320312 143.478408813477
161.274642944336 161.194580078125 160.759902954102 160.41096496582 160.064895629883 159.767654418945 159.622085571289 158.951538085938 158.538848876953 158.06103515625 157.945571899414 157.259078979492 157.201553344727 156.697128295898 156.445129394531 156.020660400391 155.643981933594 155.313629150391 154.46923828125 154.162689208984 153.901870727539 153.688217163086 153.274444580078 153.130157470703 152.633071899414 152.504196166992 151.934860229492 151.585342407227 151.313293457031 150.590911865234 150.162368774414 149.849884033203 149.555435180664 149.182571411133 148.71028137207 148.216400146484 147.794479370117 147.653427124023 147.288024902344 147.122299194336 146.601531982422 146.074783325195 145.789733886719 145.358673095703 144.879348754883 144.576370239258 144.339324951172 143.912658691406 143.542999267578
161.359893798828 161.273803710938 160.699508666992 160.549026489258 160.132705688477 159.826568603516 159.683486938477 158.886978149414 158.555450439453 158.257553100586 157.781295776367 157.406951904297 157.089935302734 156.604080200195 156.498168945312 156.029754638672 155.615707397461 155.268539428711 154.462677001953 154.1552734375 153.718673706055 153.576187133789 153.17756652832 152.979248046875 152.463684082031 152.32682800293 151.868103027344 151.57942199707 151.39289855957 150.536544799805 150.170928955078 149.71842956543 149.456573486328 149.16633605957 148.681838989258 148.248764038086 147.930587768555 147.822937011719 147.447555541992 147.206878662109 146.793609619141 146.163955688477 145.872375488281 145.431015014648 144.962692260742 144.678863525391 144.396911621094 144.06330871582 143.60026550293
161.638000488281 161.195159912109 160.658843994141 160.712615966797 160.333526611328 160.033065795898 159.643600463867 158.894607543945 158.704071044922 158.37907409668 158.09831237793 157.54817199707 157.106109619141 156.869522094727 156.373397827148 156.175598144531 155.792434692383 155.131912231445 154.454315185547 154.035568237305 153.798248291016 153.39794921875 153.147308349609 152.767471313477 152.356857299805 152.142654418945 151.791091918945 151.668899536133 151.249267578125 150.426391601562 150.069702148438 149.682312011719 149.485153198242 149.076477050781 148.685195922852 148.274459838867 148.022857666016 147.87580871582 147.579345703125 147.22526550293 146.86653137207 146.252410888672 145.93278503418 145.598907470703 145.067138671875 144.800689697266 144.417617797852 144.078903198242 143.670364379883
161.708343505859 161.108505249023 160.876373291016 160.606109619141 160.40754699707 159.948684692383 159.838272094727 159.067672729492 158.602737426758 158.306106567383 157.955169677734 157.431274414062 157.177490234375 156.879806518555 156.26252746582 156.113952636719 155.703506469727 155.251907348633 154.476699829102 154.11848449707 153.629669189453 153.24462890625 152.969940185547 152.52311706543 152.352752685547 151.947875976562 151.746109008789 151.628189086914 151.131103515625 150.516250610352 150.196105957031 149.870544433594 149.521606445312 149.143112182617 148.787673950195 148.651641845703 148.305862426758 147.918395996094 147.468124389648 147.208145141602 146.821624755859 146.26350402832 145.921493530273 145.677307128906 145.364837646484 145.138427734375 144.645477294922 144.300262451172 143.975067138672
161.473815917969 161.152465820312 160.881622314453 160.863998413086 160.433029174805 160.02961730957 159.743728637695 159.030227661133 158.599044799805 158.256118774414 157.896560668945 157.48095703125 157.065383911133 156.649307250977 156.184494018555 155.929611206055 155.870559692383 155.105041503906 154.224639892578 154.011367797852 153.575012207031 153.053314208984 152.835311889648 152.467224121094 152.220642089844 151.878234863281 151.630096435547 151.383087158203 151.024780273438 150.573852539062 150.20703125 149.947647094727 149.691955566406 149.349670410156 148.960037231445 148.630172729492 148.168487548828 147.77458190918 147.425659179688 147.147567749023 146.839538574219 146.2412109375 145.894989013672 145.685943603516 145.508071899414 145.205642700195 144.70198059082 144.36376953125 143.994689941406
161.405639648438 161.313278198242 160.967544555664 160.738189697266 160.283935546875 159.936508178711 159.697738647461 159.224761962891 158.853652954102 158.297790527344 157.957946777344 157.464706420898 156.889312744141 156.591613769531 156.169647216797 155.889175415039 155.613800048828 155.045211791992 154.23649597168 153.821136474609 153.54524230957 153.089019775391 152.76806640625 152.322265625 152.024139404297 151.802047729492 151.654876708984 151.20133972168 150.902389526367 150.496963500977 150.245986938477 149.920928955078 149.639312744141 149.274124145508 148.832305908203 148.550674438477 148.087310791016 147.731887817383 147.448684692383 147.075759887695 146.830718994141 146.198699951172 145.798355102539 145.677841186523 145.552871704102 145.187301635742 144.787368774414 144.369857788086 144.050018310547
161.609924316406 161.239471435547 160.983306884766 160.582244873047 160.582275390625 160.020294189453 159.843170166016 158.827041625977 158.576995849609 158.185821533203 157.978759765625 157.460067749023 157.095230102539 156.720306396484 156.160720825195 155.990173339844 155.337692260742 154.840682983398 154.224426269531 153.767211914062 153.470840454102 153.02751159668 152.590850830078 152.094009399414 152.063705444336 151.719161987305 151.668869018555 151.096481323242 150.870361328125 150.469039916992 150.200775146484 149.819900512695 149.559600830078 149.185546875 148.745697021484 148.36540222168 148.013793945312 147.894775390625 147.523132324219 147.083801269531 146.860656738281 146.131759643555 145.812637329102 145.580856323242 145.355178833008 145.042373657227 144.767150878906 144.496688842773 144.123321533203
161.549346923828 161.086822509766 161.071075439453 160.61376953125 160.565795898438 160.025939941406 159.579162597656 158.717529296875 158.324157714844 158.032333374023 157.790435791016 157.514999389648 157.136779785156 156.713882446289 156.487487792969 156.036636352539 155.61442565918 155.009613037109 154.192520141602 153.869857788086 153.582229614258 153.014404296875 152.462265014648 152.143829345703 151.894195556641 151.48762512207 151.416473388672 150.985748291016 150.789535522461 150.413955688477 150.183151245117 149.646408081055 149.446258544922 149.096710205078 148.790542602539 148.3828125 148.076019287109 148.053634643555 147.625930786133 147.046615600586 146.803146362305 146.10041809082 145.816162109375 145.513320922852 145.274703979492 144.933044433594 144.768676757812 144.5390625 144.082794189453
161.569717407227 161.413223266602 161.042892456055 160.793746948242 160.159545898438 159.767959594727 159.414779663086 158.652435302734 158.371200561523 158.072082519531 157.622222900391 157.189239501953 156.989944458008 156.646331787109 156.217346191406 155.833145141602 155.636779785156 154.987945556641 154.161422729492 153.766998291016 153.439239501953 153.132705688477 152.562835693359 152.199890136719 151.678207397461 151.357131958008 151.26579284668 150.884017944336 150.717102050781 150.273590087891 150.009292602539 149.577743530273 149.315948486328 148.9580078125 148.654632568359 148.449111938477 148.080673217773 147.773513793945 147.710021972656 147.204818725586 146.758880615234 146.049957275391 145.856048583984 145.58332824707 145.356155395508 145.059356689453 144.956787109375 144.48274230957 143.996612548828
