rcp8.5models/GFDL_CM3/sc1gr9.30
NCOLS 261 
NROWS 433 
XLLCORNER 336357.134 
YLLCORNER 654653.479 
CELLSIZE 1000 
NODATA_value -3.4e+38 
[rows 198 to 219 of 433, columns 49 to 97 of 261]
85.8724136352539 86.7614822387695 87.6427230834961 88.6819458007812 90.5611267089844 91.3116683959961 92.2944717407227 95.3296813964844 96.2481918334961 97.2280502319336 98.5727767944336 99.7716598510742 101.721801757812 102.68856048584 104.029632568359 105.564888000488 106.500778198242 107.526763916016 111.26197052002 113.000381469727 114.344123840332 115.355056762695 116.455474853516 117.976615905762 119.87264251709 121.394721984863 122.988243103027 124.564651489258 125.777549743652 130.459106445312 131.700576782227 132.882202148438 134.355499267578 135.818283081055 137.415069580078 139.957061767578 141.063674926758 142.166778564453 143.953903198242 147.051528930664 148.315628051758 151.658782958984 154.33561706543 156.005676269531 158.455474853516 160.547088623047 162.879928588867 164.778198242188 167.733139038086
86.7367782592773 88.3933181762695 89.295654296875 90.1404495239258 91.5401992797852 92.8690338134766 93.8623886108398 96.0388031005859 97.5133972167969 99.1622085571289 100.130043029785 101.225357055664 102.824935913086 103.766212463379 104.80403137207 105.99690246582 107.749649047852 108.748550415039 111.949745178223 113.530227661133 114.536506652832 115.633117675781 116.946876525879 118.561584472656 121.015235900879 122.391105651855 123.717582702637 124.928535461426 126.215507507324 130.210540771484 131.939529418945 133.177490234375 134.884384155273 136.576812744141 138.051528930664 140.218200683594 141.328247070312 142.653030395508 144.657684326172 146.819076538086 148.599716186523 152.176315307617 154.800521850586 156.31330871582 158.768737792969 160.960540771484 163.517196655273 165.192794799805 167.655364990234
88.2207107543945 89.3122940063477 90.2522964477539 91.668571472168 93.1192779541016 94.129997253418 95.1713180541992 97.4290390014648 98.8079681396484 100.02766418457 100.96915435791 102.436965942383 104.405464172363 105.39574432373 106.561164855957 107.634971618652 109.005470275879 110.053756713867 112.584854125977 113.715957641602 114.808006286621 116.318367004395 118.208930969238 119.904258728027 121.802192687988 123.003944396973 124.071800231934 125.229705810547 126.809379577637 130.067581176758 132.259613037109 133.792861938477 135.494262695312 136.821716308594 138.157699584961 140.15412902832 141.923675537109 143.302352905273 145.157348632812 146.662231445312 148.965377807617 152.85807800293 155.09065246582 156.353073120117 158.468002319336 161.319702148438 163.295776367188 165.377349853516 167.621200561523
90.0979766845703 90.833984375 91.8232116699219 93.0111618041992 94.7619247436523 96.1708068847656 97.0221252441406 98.3696365356445 99.7058639526367 101.74503326416 102.654739379883 103.894035339355 105.51424407959 106.478034973145 107.537483215332 108.487335205078 109.720916748047 111.550254821777 113.752449035645 115.006629943848 116.203231811523 117.863571166992 119.38835144043 120.945472717285 122.142951965332 123.29419708252 124.611610412598 125.868667602539 127.544906616211 130.403366088867 132.153350830078 134.252548217773 135.952575683594 137.059631347656 138.310195922852 139.966262817383 141.856735229492 144.075729370117 145.505310058594 147.017929077148 148.995132446289 152.881042480469 154.683319091797 156.558288574219 158.607192993164 161.605377197266 163.123306274414 165.458465576172 167.338363647461
91.2199401855469 92.5665893554688 93.7886047363281 94.5733489990234 95.7139663696289 97.1836700439453 98.4924240112305 99.9488296508789 101.218048095703 102.654693603516 103.799598693848 105.657936096191 107.09992980957 108.113006591797 109.298851013184 110.256500244141 111.368919372559 112.777938842773 115.157287597656 116.308670043945 117.495239257812 118.990303039551 120.08521270752 121.277610778809 122.426139831543 123.92227935791 125.516540527344 126.67212677002 128.061889648438 130.685562133789 131.916046142578 133.610397338867 135.62890625 137.627807617188 138.792388916016 140.186981201172 141.891632080078 143.978591918945 146.060592651367 147.461181640625 149.423187255859 153.071304321289 154.841812133789 157.272384643555 159.142822265625 161.190002441406 163.410690307617 165.885620117188 167.816436767578
92.1818466186523 93.8132934570312 95.4478988647461 96.1721038818359 96.9530029296875 98.1269760131836 99.8176040649414 102.212257385254 103.264518737793 104.378486633301 105.399291992188 106.844367980957 108.214637756348 109.388679504395 111.107582092285 112.133056640625 112.75227355957 114.118560791016 116.030555725098 117.677711486816 118.179359436035 119.35710144043 120.409141540527 121.688407897949 -3.4e+38 124.715629577637 126.097969055176 127.426666259766 128.565307617188 131.029571533203 132.496917724609 133.762878417969 135.529022216797 137.414459228516 139.171905517578 140.499893188477 -3.4e+38 143.858596801758 145.793167114258 147.790252685547 149.9970703125 153.633514404297 155.065048217773 157.097808837891 159.468078613281 160.992279052734 163.510452270508 165.861724853516 168.383712768555
93.6681900024414 94.8724517822266 96.5756607055664 97.478141784668 98.8239440917969 99.9438095092773 101.054016113281 103.145965576172 104.292579650879 105.478248596191 107.002464294434 108.206436157227 109.266220092773 110.53702545166 112.334266662598 112.947105407715 113.754753112793 115.175994873047 117.704460144043 119.074729919434 119.890045166016 121.185325622559 122.245170593262 123.436958312988 124.953002929688 126.280075073242 127.198448181152 127.81867980957 128.909652709961 131.405029296875 133.344390869141 134.498733520508 135.749816894531 136.997955322266 138.593307495117 140.409103393555 142.82258605957 144.086959838867 145.601486206055 148.118118286133 150.545303344727 154.038970947266 155.138580322266 156.892349243164 159.815521240234 161.590438842773 163.897415161133 165.815979003906 168.650268554688
94.4830093383789 96.1115188598633 97.7069473266602 98.7644348144531 99.7997970581055 100.701835632324 101.517890930176 104.270629882812 105.403480529785 106.878616333008 108.333671569824 109.384719848633 110.415565490723 111.729316711426 112.961906433105 113.746742248535 114.832214355469 116.203193664551 118.687797546387 119.976287841797 121.079246520996 122.277870178223 123.438201904297 124.76195526123 126.035766601562 127.648376464844 128.395904541016 128.525085449219 129.70588684082 132.278182983398 133.749496459961 134.85270690918 135.956130981445 137.150543212891 138.934631347656 141.446197509766 143.287963867188 144.644958496094 146.048583984375 148.34455871582 150.680023193359 154.272003173828 155.603469848633 157.828811645508 160.366500854492 161.795394897461 163.748550415039 166.145263671875 168.198028564453
-3.4e+38 97.247444152832 98.7392196655273 99.8331451416016 100.78003692627 102.08715057373 102.989379882812 105.41822052002 106.454772949219 107.834808349609 109.061080932617 110.621597290039 111.860122680664 112.954086303711 114.025382995605 115.26441192627 116.320648193359 117.471176147461 119.925773620605 120.904876708984 121.615097045898 123.310470581055 124.433570861816 125.65210723877 126.819641113281 128.132415771484 129.193405151367 129.958511352539 130.496429443359 132.84245300293 134.037384033203 135.387557983398 136.492782592773 137.791946411133 139.652877807617 141.732940673828 143.802444458008 145.208801269531 146.768020629883 148.524536132812 150.732666015625 155.330184936523 156.584716796875 158.254776000977 160.071411132812 161.981567382812 163.956939697266 166.433959960938 168.049240112305
97.5570373535156 99.0712738037109 100.035011291504 100.901802062988 101.846694946289 103.125381469727 104.174842834473 106.616943359375 107.789192199707 108.817771911621 109.92546081543 111.421226501465 112.508522033691 113.575714111328 114.854316711426 115.98779296875 117.2373046875 118.763031005859 121.177131652832 122.214462280273 123.33438873291 124.758277893066 125.627372741699 126.215560913086 127.550872802734 128.648986816406 129.804397583008 130.921752929688 131.440383911133 133.367614746094 134.667587280273 136.293975830078 137.400848388672 138.592819213867 140.019500732422 141.722595214844 144.010467529297 145.864501953125 147.205810546875 148.571365356445 150.612609863281 155.417846679688 157.199203491211 158.292861938477 -3.4e+38 163.018630981445 165.456207275391 166.996505737305 168.584808349609
101.421371459961 102.343551635742 103.392478942871 104.858039855957 105.33275604248 106.586769104004 108.047752380371 110.813949584961 110.943489074707 111.927505493164 113.160903930664 114.249877929688 115.322372436523 116.904449462891 118.862640380859 119.679756164551 120.139663696289 121.192192077637 123.625534057617 -3.4e+38 -3.4e+38 125.928115844727 127.160621643066 128.265396118164 129.339065551758 130.267303466797 131.156051635742 132.3203125 133.440536499023 135.091018676758 136.257019042969 137.516799926758 138.628845214844 139.740142822266 140.84992980957 142.282257080078 144.227661132812 145.389572143555 147.068557739258 149.398635864258 151.123657226562 155.269866943359 157.014495849609 159.852478027344 161.633392333984 163.865570068359 156.977905273438 146.422470092773 168.826263427734
103.090919494629 104.078216552734 105.587646484375 106.387641906738 106.899795532227 108.659721374512 109.759819030762 112.796203613281 113.250877380371 113.715805053711 115.030204772949 116.006622314453 117.130043029785 118.674919128418 120.187088012695 121.093086242676 121.772499084473 122.921691894531 125.229133605957 -3.4e+38 126.778106689453 -3.4e+38 128.771469116211 -3.4e+38 130.457244873047 131.66520690918 132.51887512207 133.276351928711 134.394714355469 136.085983276367 136.817077636719 138.400939941406 139.142639160156 140.397354125977 141.875030517578 143.131530761719 -3.4e+38 145.725296020508 147.489532470703 150.374435424805 151.709686279297 155.82096862793 157.816970825195 160.277770996094 161.822052001953 160.208221435547 -3.4e+38 170.264617919922 169.800399780273
104.593360900879 105.948471069336 107.114944458008 108.088073730469 109.115592956543 111.050445556641 -3.4e+38 114.25944519043 115.45125579834 116.401901245117 117.345176696777 118.574310302734 119.715019226074 121.097808837891 121.987777709961 122.643211364746 123.708068847656 124.62255859375 126.586265563965 -3.4e+38 -3.4e+38 -3.4e+38 -3.4e+38 130.759796142578 131.746444702148 132.519592285156 133.564117431641 134.245330810547 134.763122558594 137.480346679688 137.748382568359 139.148574829102 140.034881591797 141.236724853516 142.577941894531 143.783599853516 145.27751159668 146.744659423828 148.165023803711 150.344879150391 152.10612487793 156.450897216797 158.331344604492 160.793350219727 162.061737060547 157.290435791016 150.097564697266 169.405044555664 170.451507568359
106.269485473633 107.523979187012 109.171760559082 110.334159851074 111.571586608887 113.518852233887 114.411659240723 116.388244628906 117.736236572266 118.870300292969 120.023643493652 121.149284362793 122.217544555664 123.228233337402 123.807014465332 -3.4e+38 125.31755065918 126.288879394531 128.452484130859 129.585357666016 130.010925292969 130.808258056641 131.558212280273 131.866485595703 133.392654418945 134.331649780273 134.8662109375 135.857849121094 136.391174316406 138.159942626953 138.2880859375 139.498397827148 140.855819702148 141.717880249023 142.191223144531 143.500595092773 145.472152709961 147.453979492188 148.553146362305 150.181884765625 152.756393432617 157.195617675781 158.533432006836 160.654479980469 163.048828125 -3.4e+38 140.425277709961 152.264129638672 170.611663818359
108.533546447754 109.853286743164 111.514488220215 112.72770690918 114.531265258789 115.99520111084 116.902244567871 118.258346557617 119.432357788086 120.701835632324 121.916496276855 123.177955627441 124.217849731445 125.194580078125 125.848991394043 126.172035217285 126.941673278809 128.517944335938 130.182647705078 130.997421264648 132.287506103516 132.809707641602 133.158462524414 133.830261230469 135.011169433594 135.568481445312 136.221527099609 137.002716064453 137.997863769531 138.900100708008 139.403274536133 139.959777832031 141.224700927734 141.928146362305 142.148941040039 143.801345825195 -3.4e+38 -3.4e+38 149.050842285156 150.794250488281 153.595031738281 157.725463867188 159.449401855469 161.588195800781 164.075210571289 156.174880981445 137.978240966797 157.582702636719 171.598709106445
111.40145111084 112.869079589844 114.001174926758 115.486480712891 117.468795776367 118.479370117188 119.400573730469 121.111686706543 121.582328796387 122.936386108398 124.091354370117 125.484741210938 126.537933349609 127.453285217285 127.82152557373 128.009033203125 129.026473999023 130.485260009766 131.869689941406 132.920318603516 134.339889526367 134.478073120117 135.151519775391 136.159805297852 136.362319946289 137.316711425781 137.788375854492 138.48371887207 139.024063110352 139.930603027344 140.756530761719 141.120986938477 142.235336303711 142.934219360352 143.101516723633 144.490203857422 145.737060546875 147.408020019531 149.933013916016 151.662673950195 154.322967529297 158.673431396484 160.463577270508 162.740783691406 164.45426940918 162.347137451172 157.362487792969 169.869277954102 172.320114135742
114.577072143555 116.281944274902 118.303367614746 119.403144836426 120.56226348877 121.490585327148 122.733512878418 123.640617370605 124.366905212402 125.590538024902 126.90714263916 128.078277587891 128.991546630859 129.597244262695 130.168594360352 130.452239990234 131.409744262695 131.975173950195 134.279830932617 135.570556640625 136.747116088867 136.867782592773 137.320816040039 137.43913269043 137.897720336914 138.553634643555 139.222213745117 139.87971496582 140.580001831055 141.34684753418 141.774261474609 142.417999267578 142.91650390625 143.615005493164 143.791839599609 145.129196166992 -3.4e+38 148.356521606445 150.74919128418 152.35173034668 154.838119506836 159.281707763672 160.98307800293 163.648971557617 165.439239501953 167.751541137695 169.342041015625 171.273651123047 173.225723266602
117.935134887695 120.212005615234 121.591781616211 122.317481994629 123.062126159668 124.540191650391 125.144462585449 126.027572631836 127.038604736328 128.207290649414 129.612030029297 130.678634643555 131.524627685547 131.808654785156 132.119888305664 132.559188842773 133.388732910156 133.65234375 136.457382202148 137.447235107422 138.060470581055 138.629272460938 138.874282836914 139.26091003418 139.71159362793 140.298370361328 140.788146972656 141.594467163086 142.339401245117 143.180801391602 143.544769287109 143.432312011719 143.921157836914 144.614669799805 144.755645751953 146.002807617188 147.190353393555 148.952346801758 151.258026123047 153.26155090332 155.775466918945 159.905044555664 161.918548583984 164.430694580078 166.145690917969 -3.4e+38 170.048934936523 172.611053466797 174.244537353516
120.897979736328 122.360046386719 123.47940826416 124.306564331055 125.455474853516 127.384048461914 128.120910644531 129.27848815918 129.947814941406 130.381530761719 132.204727172852 133.127166748047 133.744354248047 134.172698974609 134.008010864258 134.928741455078 135.736267089844 135.891891479492 138.030609130859 139.14958190918 140.010482788086 140.828948974609 141.116073608398 141.771392822266 141.656768798828 142.456161499023 142.45866394043 142.950180053711 143.657638549805 145.321548461914 144.888229370117 144.599746704102 145.555633544922 145.888793945312 146.601593017578 147.703231811523 -3.4e+38 150.853713989258 153.108505249023 154.686096191406 156.793930053711 160.999710083008 163.181396484375 165.250518798828 167.790237426758 169.606704711914 171.646118164062 165.313217163086 156.007308959961
124.692138671875 126.007942199707 126.450927734375 127.513702392578 128.446350097656 129.993148803711 131.077865600586 132.510467529297 133.380905151367 133.753463745117 134.497314453125 135.894943237305 136.164199829102 136.725219726562 136.451629638672 137.594863891602 138.25634765625 138.109069824219 140.032669067383 140.799331665039 141.996353149414 142.49543762207 143.131683349609 143.527954101562 142.433715820312 140.752975463867 144.849334716797 145.088897705078 145.868240356445 146.669052124023 146.753311157227 146.820709228516 148.044830322266 148.665954589844 145.759872436523 142.192916870117 150.612350463867 152.865478515625 154.782821655273 156.524719238281 158.832550048828 163.063171386719 164.8818359375 166.99772644043 168.941101074219 162.842498779297 154.878005981445 168.889770507812 154.406585693359
127.545310974121 128.860580444336 129.523071289062 130.623672485352 131.660278320312 132.612594604492 133.735610961914 135.237457275391 136.141128540039 136.638626098633 137.039627075195 137.433563232422 138.235290527344 138.968353271484 139.108810424805 140.266555786133 140.852752685547 140.595657348633 142.45915222168 142.464111328125 143.596496582031 144.405685424805 145.477905273438 145.783584594727 145.731079101562 144.756973266602 145.366149902344 142.089691162109 148.155868530273 148.779220581055 149.376678466797 148.917938232422 149.670501708984 150.844955444336 149.053421020508 143.762466430664 143.913711547852 150.602203369141 145.938217163086 158.552932739258 160.547653198242 164.966461181641 167.276794433594 169.103866577148 170.854843139648 166.829635620117 153.119003295898 147.736846923828 151.767242431641
130.36247253418 131.661926269531 132.41325378418 133.670349121094 133.68017578125 134.85075378418 135.905212402344 137.643615722656 138.237823486328 138.971923828125 139.288726806641 139.440979003906 140.417556762695 141.226150512695 142.134155273438 142.387405395508 143.146270751953 143.298934936523 144.710144042969 144.850158691406 145.789794921875 146.404907226562 -3.4e+38 148.051055908203 149.046768188477 147.212738037109 142.984359741211 146.54248046875 150.307312011719 151.283020019531 151.127868652344 151.131866455078 151.631958007812 153.004348754883 154.026397705078 152.591049194336 150.774337768555 150.230331420898 135.578109741211 148.868789672852 163.158432006836 166.61491394043 168.690322875977 170.644744873047 172.344802856445 174.072906494141 154.499938964844 112.819229125977 144.692108154297
