rcp8.5models/GFDL_CM3/sc1gr6.0
NCOLS 261 
NROWS 433 
XLLCORNER 336357.134 
YLLCORNER 654653.479 
CELLSIZE 1000 
NODATA_value -9999 
[rows 242 to 263 of 433, columns 50 to 99 of 261]
1453.3916626058 1457.71529345749 1462.49647534378 1466.13289021732 1464.08057688419 1466.93503754721 1474.08489642069 1476.47118180624 1479.03906145135 1481.18425154724 1485.65728295489 1491.14111882193 1494.4939059655 1496.80138128235 1501.65084966336 1506.67317132563 1510.11058871113 1518.08913360006 1524.58446942966 1530.13247280215 1536.33280762512 1542.37397206019 1547.63532801838 1553.67443569585 1558.50106211968 1563.63159269542 1566.45740618532 1573.61847021296 1584.8534967609 1592.4741225744 1601.54783342755 1608.65276061931 1612.81286199056 1616.90315384038 1620.98425278531 1622.80979267807 1632.72741571395 1643.00462188498 1645.35595809199 1649.60785171721 1666.20618813927 1673.02934414128 1676.42984148799 1679.88625964078 1683.76279722699 1691.32749827815 1709.89971900277 1725.15382265185 1714.06873533991 1704.47809894236
1469.09511748721 1471.66827392339 1476.15548787369 1476.82830849294 1475.90759642056 1481.61510160072 1489.21493193921 1492.72541555334 1496.90177046493 1499.85315778492 1501.82379105003 1507.45791135295 1511.62774985132 1516.13124352412 1518.91522330231 1525.25176640559 1530.00736197367 1539.71410158681 1546.28645992735 1552.16662471133 1558.47555787234 1564.256625238 1570.53568285539 1575.66322352639 1581.59141794851 1586.91624593109 1590.88771567282 1597.67037867255 1609.79562116894 1617.59939092605 1624.94159018067 1631.24726601055 1637.34404370098 1642.41397591746 1645.77496536992 1648.44506667987 1653.43375672044 1664.5513989867 1672.66556102236 1677.17115947964 1686.23302433404 1691.46892255993 1697.71261703127 1702.3623604893 1705.6079500151 1712.28645366417 1719.54168167225 1729.51537985732 1754.92996663691 1774.45913412812
1472.33011061726 1475.8336574098 1480.23867625533 1481.59228110792 1484.52840569305 1490.62362459504 1498.26383873135 1503.59170038643 1508.29938844742 1510.95483139231 1511.59794951789 1514.47520722712 1518.17830976705 1521.62124736025 1525.64945877238 1532.84139306977 1538.77152999582 1548.89770263163 1554.55802820077 1561.36816975237 1567.11956599487 1570.40511309116 1577.50111772271 1583.22902925813 1590.15648886983 1597.19939978892 1603.51561410817 1610.22378368224 1624.29178580914 1628.71312929178 1637.69242420577 1643.24742259969 1649.54632663595 1655.01780299692 1656.12317128803 1657.12859135568 1665.58663372867 1681.39589613795 1696.18954869174 1692.83515615376 1697.3655452763 1701.99797148206 1706.64427849195 1710.52253406883 1715.12966684777 1721.2637416878 1727.79580485818 1739.19797458016 1781.34013077545 1808.41500317942
1475.59827832086 1480.85399419345 1484.73314893879 1486.32823859022 1490.60400134927 1497.01483654572 1508.24569167053 1513.1709300331 1517.1038893142 1520.3812336158 1522.06045761875 1521.48362327269 1525.91420352815 1531.8458404493 1534.53808262504 1539.59492434396 1547.10066351509 1557.93841116017 1562.59931348933 1569.86699439382 1574.59145161259 1577.79887096724 1585.05763371797 1591.21682959878 1598.33102524574 1606.49815139043 1615.63475297772 1622.81575923284 1634.07210443157 1640.61170220623 1647.54121036908 1653.12309013136 1660.3039817966 1663.67515734591 1666.29917647985 1670.49363857799 1678.77895168433 1697.42090063888 1712.5004180966 1702.86949769207 1707.92799534387 1712.51748069011 1718.09633763459 1723.16978003915 1727.94410621553 1733.04489455831 1737.70539114099 1746.02465234442 1867.70072674821 1971.16671624608
1479.86043444183 1486.14640144026 1491.35589650817 1499.0262509151 1504.78871077012 1507.23820885435 1515.98346266446 1520.47167327065 1526.2780460281 1529.67548788075 1534.41356196453 1534.34389362684 1538.17410327813 1543.63052753354 1545.2223204904 1549.03476854414 1554.0118792278 1563.58515936627 1570.86918410018 1576.609622167 1581.22618904741 1585.77264755763 1594.17035406244 1601.52399939213 1607.52022599629 1616.9655279663 1625.07934120217 1630.15884976851 1641.37489385897 1649.32340414371 1655.9986797904 1662.88679081031 1671.23058469929 1674.91881917241 1677.70993041247 1682.25653427616 1689.98148350366 1705.50734580646 1715.7265593441 1711.684827096 1717.80319154274 1722.03503013461 1727.73255312661 1732.60361420384 1739.18699290495 1743.66676483055 1747.42242779544 1752.57029179843 1850.36486164944 1939.82064519679
1489.62908406425 1493.95007716653 1499.27158858196 1508.44046144413 1515.28322089041 1519.67747580485 1523.58143546968 1529.90725125043 1535.59624363397 1541.63917005762 1546.43643330637 1548.47927043541 1551.91899781468 1554.73644296052 1558.74790361809 1562.56295143531 1565.01156058586 1572.9684548945 1577.79012090128 1584.05713240419 1591.58946025262 1597.80607257339 1603.9705002099 1610.78220282232 1618.20656693252 1627.31847489171 1632.50172601898 1635.032055066 1649.66090655304 1655.49966682061 1662.90755898583 1671.69984578458 1680.76456366226 1687.84881692445 1690.15735199974 1692.4794958197 1699.58056720797 1711.69823985915 1719.39867215959 1721.64370513262 1730.58229982107 1733.58966777548 1738.31822704448 1741.86958643823 1748.13605893556 1752.84217653137 1757.96421846978 1761.94963209447 1786.34475463082 1808.18514448507
1502.99724343575 1506.62656932719 1509.49795000626 1515.36844837555 1523.09590814203 1528.23514922457 1535.71621035233 1539.62597743449 1544.82986001998 1549.39462919252 1552.29649143821 1556.7353221472 1563.05593843726 1564.76097977699 1571.12344664189 1577.46122620133 1580.15530533549 1586.38041937221 1588.60160528493 1591.73023518922 1600.77449715227 1608.00955093835 1611.62892167355 1618.37666406565 1627.99561359809 1635.95496527287 1639.21286439241 1642.64369345609 1658.41239014949 1666.40612255631 1674.04777533103 1682.02718145045 1690.47675224313 1697.94622880935 1701.8158284039 1703.85835694373 1710.40776120607 1719.92218096103 1737.6827551081 1753.32600098503 1740.83673297063 1744.07743583701 1750.61433604881 1753.41156427198 1756.55815207033 1762.37663211164 1768.21389852294 1772.60149661254 1778.91262580444 1783.08490318999
1514.01335470987 1517.71245085956 1520.10509962679 1526.26330332883 1532.35059248208 1536.03815023963 1544.78666162457 1547.20040685633 1552.32346567292 1554.81519881248 1557.70410664215 1563.91582155977 1570.0747851406 1573.58783656424 1579.94074969768 1586.82222826904 1591.89722148434 1600.17446929776 1601.49395939493 1605.88364476145 1611.8312128043 1614.56698959355 1619.4557908086 1628.8434555284 1636.91664061499 1642.77190722098 1647.05238184056 1653.8920698936 1669.78654727289 1677.90392420254 1689.34019139272 1700.21716988851 1704.66378107041 1706.52256035483 1712.67457598258 1715.58851918973 1720.44986546072 1728.84613563324 1744.79379884662 1761.79544637541 1751.10508761119 1754.63942682151 1762.36193300209 1765.8953129856 1767.44746398934 1772.47243563962 1777.087728548 1784.92399366266 1792.44273154003 1794.25140689323
1524.92947987828 1530.68646444372 1531.00835137104 1534.29484794965 1538.06092367269 1543.99816327607 1551.67875857163 1555.94610494717 1558.87598293321 1562.55755366531 1566.80808357616 1573.54150095496 1577.89162234326 1581.61235529908 1586.08338806603 1595.37170564134 1602.60315759205 1622.25400803835 1614.34349215466 1619.7072028966 1622.34521684371 1624.63621418086 1629.60120864256 1639.60143611207 1646.83887098041 1651.71414414961 1654.85173781624 1665.03830481387 1682.93040103507 1688.97100511425 1698.58431391399 1710.82306085149 1714.71615478189 1725.95492279445 1738.25663475005 1726.67733719099 1730.27852273905 1737.42390846633 1746.42167002868 1754.96657024457 1772.61855839007 1766.02841270357 1772.67989646303 1778.03075732107 1781.13059530944 1783.70934013446 1788.39811759972 1793.98931423486 1801.29524670918 1806.61862918268
1529.72262562867 1538.33067969619 1538.56774133785 1540.21441413962 1543.58717279328 1550.75895588532 1556.78091781568 1563.11496028384 1564.7779636321 1569.79166295002 1574.31399042058 1581.28282935553 1585.40593494865 1588.32851990614 1595.6013775754 1604.53323315367 1610.53098702226 1625.96771272034 1626.91576258435 1631.03259193631 1633.13089467592 1638.48954155683 1641.61888472183 1647.79185296887 1655.85034540313 1660.86524181556 1664.67238428796 1675.00679227769 1694.05023343438 1698.19923960983 1706.00240116916 1715.58919775079 1722.89809991238 1735.17919064348 1745.34264351271 1738.9858843507 1742.60888932476 1747.35288051651 1755.91696379153 1763.66636938858 1784.18016675421 1781.81668847758 1782.92257248684 1789.47632513511 1793.91191201118 1797.46962241046 1801.11888980494 1802.62560706924 1807.54056388375 1813.90697183382
1536.90024829944 1542.6463908656 1543.3820530793 1546.03381788882 1552.05442116149 1555.86464841925 1563.96757548261 1567.42553938725 1570.79984310037 1576.76213808676 1580.9318925506 1586.80054323601 1591.39278845954 1596.98630971774 1605.25248563793 1611.92682190955 1616.63566640089 1625.7208421455 1633.03960935457 1639.50721249234 1645.35591984678 1652.7214629777 1657.8375521101 1660.7102111673 1663.37175908878 1668.64913513567 1675.12298236655 1685.66270704902 1700.161534197 1705.75127464396 1714.93597430604 1721.89243322774 1730.16769043554 1737.20769517488 1744.91629232412 1750.80764393852 1753.79246903955 1758.46081054781 1767.62973883694 1774.91897720083 1787.06360270088 1792.78101295727 1794.51347909766 1799.28372158486 1804.13615482073 1809.75863895994 1813.34985284547 1815.45400092539 1819.22806634359 1822.588646848
1544.44349852436 1547.80860532539 1549.21469173876 1551.25336370557 1556.38387235984 1560.11706826646 1571.43324406292 1576.84673338987 1581.09766859839 1585.34406226385 1591.29143869464 1596.63322291874 1601.88500411901 1606.61365513011 1613.45257304887 1621.24617491063 1625.64713177941 1634.02125264713 1639.76571999639 1649.37524882057 1658.40834259358 1660.38621163789 1668.80954653169 1672.58964959857 1674.8970908432 1681.34724861856 1687.76943439059 1694.8931890903 1708.27650128618 1716.14912952603 1722.60918961993 1730.3144105179 1738.11502606824 1743.87630703755 1753.61047746728 1761.06460798281 1764.49287518444 1768.65706151452 1776.4745329165 1782.64311309733 1794.66239563674 1803.88764954528 1810.1011482934 1810.93061320282 1815.32703504689 1821.47390044509 1826.76026963347 1828.74616781929 1830.54548531412 1833.76790031252
1549.33228547608 1552.87701708384 1556.50991840718 1559.45060057266 1563.28884698538 1569.50517222106 1580.80857374386 1590.26565117827 1594.62255948553 1595.80657026886 1599.13951812657 1603.85516391416 1609.1655077918 1613.76671401796 1621.06742571533 1627.41690851992 1632.13894065901 1641.21500501892 1647.21953487566 1656.03951408335 1664.11787345801 1668.16394235934 1674.16357053568 1680.38308238641 1687.75882749769 1694.39855440638 1699.70451158957 1703.4679491193 1719.94693642584 1726.63868752092 1730.47697067419 1737.84566848252 1746.0578076251 1753.58384211797 1763.2824703077 1773.46636571512 1774.99188532982 1779.15633573099 1787.35084017177 1794.93663490628 1805.94753509633 1816.01181682874 1824.60370449213 1825.59404645225 1827.59752834436 1834.14447838358 1838.38554252554 1840.78917280003 1841.99020152652 1845.35289406891
1559.7634856814 1563.33237325788 1572.36556025719 1580.31154976618 1586.30883353855 1591.44186040469 1603.54839227715 1613.58043531763 1619.61845468611 1617.93270722487 1620.80768984301 1624.64675670471 1627.00084449455 1635.0918708511 1643.53038947011 1649.27473388714 1652.77354881171 1663.55505284824 1667.2968651529 1672.70370631541 1677.87020257454 1684.59014923501 1694.05497593457 1700.56843810684 1707.05421818783 1715.06107057328 1722.69667589953 1726.02129032655 1734.93427485814 1743.95647341643 1752.22282668182 1757.90190550602 1767.14160259771 1774.32520214395 1783.58357763211 1794.56615466929 1801.06246003219 1802.9766561945 1809.02138160296 1817.40712421662 1834.74967206265 1839.2206798517 1844.95083864868 1851.23535534591 1854.55869804298 1859.89932564242 1864.41888978882 1867.20594167894 1869.46460701116 1870.48278207545
1565.36932860441 1573.40472487262 1582.14104472059 1590.88736882968 1597.68945776888 1601.91353240806 1615.05112590619 1625.26807623565 1631.54517300962 1637.25929044871 1636.56942481053 1639.31726351067 1641.6125151734 1645.59258393484 1652.81014832826 1661.81548943557 1666.97552495171 1675.81676075632 1681.2075864797 1687.56824856078 1689.56620263405 1692.65306117657 1701.14872248377 1705.62754446824 1712.93396429442 1722.50303188338 1731.45441108125 1738.08691007039 1747.63275890729 1753.50553276132 1761.18146921933 1770.56201764505 1777.58233712205 1783.31375121399 1791.86770721372 1803.05526722286 1811.48627782122 1813.29822439854 1818.51688883067 1826.7482493829 1845.07539875945 1850.89232238397 1857.81221310027 1860.94474181398 1863.20854269342 1871.67895488221 1875.28277147903 1878.38198814158 1881.58298256252 1882.17499380487
1572.32707116977 1583.58872031989 1594.45237568489 1599.66233537806 1606.48507124517 1613.69978155647 1625.33740682016 1632.08806346163 1636.70115702542 1643.83419532681 1646.44504360801 1651.44374605943 1656.57450784832 1658.70350097012 1662.96157438091 1670.38534632569 1677.40805846434 1688.42559250185 1693.14032045079 1700.1930610835 1702.36272955125 1705.3621567711 1710.21767544452 1714.45155721121 1721.99049781907 1729.48479250816 1738.9203868414 1747.07296914043 1760.02505673916 1763.87645255591 1772.10974511976 1781.86197257472 1788.94389532214 1796.16559431612 1803.15277327676 1812.24806585841 1820.897026114 1824.61502774739 1830.60755027075 1837.86651367161 1854.35092496799 1861.69322594385 1868.54426555867 1872.45621729839 1876.50952591922 1883.46247386914 1886.25000725157 1885.77054256303 1890.47453915835 1893.67188544187
1584.95361240105 1591.21922334644 1597.95230823851 1606.97627841287 1613.62136128322 1621.67535820128 1632.64981793301 1638.50521974461 1644.24916076186 1647.92216756598 1652.87631020566 1659.8692335793 1668.75348263806 1673.41718666104 1676.80207100574 1678.91568759232 1684.1019030252 1696.44754262681 1701.85217559853 1709.43999278042 1713.41103283728 1718.72907457292 1722.71397608313 1726.64198334461 1736.06660213804 1739.17643179595 1746.22175999287 1756.45904427617 1771.06610962447 1775.54710118039 1783.54972159527 1793.10760467808 1801.60708234104 1810.58159340988 1816.38800543155 1823.58884233323 1832.56205444411 1837.22973879231 1842.22658298628 1849.2095128336 1865.25796114182 1872.73865743802 1878.41106747803 1884.69320444081 1889.92534674645 1894.70320725548 1896.34017019278 1896.05097727716 1900.91377320985 1903.59848175006
1596.63336950466 1599.54787612792 1604.32852235124 1612.21810498538 1621.08579095327 1628.00365483866 1640.367258093 1646.62811512858 1652.08735925046 1653.97455028133 1660.07068663173 1668.91974086592 1679.52964153011 1687.16140123955 1689.31151591327 1688.98809307657 1692.86207789508 1707.5869097579 1710.92999850961 1719.52565712353 1725.3398150125 1733.37990828816 1736.29397753309 1737.80018836345 1747.01213881481 1750.46293109077 1755.8983489843 1767.41535096058 1790.15690766709 1786.47728829639 1793.01905762987 1802.42429987097 1811.34232063212 1821.08660092254 1828.19989701974 1835.01953970145 1842.89836369892 1847.97089783087 1852.09630173961 1859.08883429012 1875.51712266251 1882.52975467755 1888.59695029154 1891.86532682756 1895.04606736133 1905.23119058202 1906.95878882564 1906.63287634121 1908.47399773437 1910.10047253372
1605.68606443678 1609.12049315395 1614.28662595248 1618.45794046748 1624.63643687271 1631.49574684575 1646.00031484314 1651.05229329843 1658.89299594124 1664.86884869245 1672.09444334113 1678.43985816151 1687.11771669757 1696.77650924141 1701.14588759122 1702.7291985807 1707.00797573931 1721.98854780821 1724.05235564079 1730.60527687263 1738.34362681901 1745.37477884613 1747.74845240351 1749.3541264856 1758.25817760271 1761.95346084229 1768.65580173832 1778.93164618998 1799.21501465343 1798.64494540894 1804.19525566355 1810.86555826883 1821.03475328956 1830.13215296498 1837.64703128944 1845.38027221567 1853.09567258851 1858.75320662496 1863.38759856425 1871.14238614819 1887.01838144295 1893.3412491839 1899.58430362478 1903.92659009914 1906.01604051842 1914.38340339539 1916.13568102105 1914.41062538873 1914.4068613115 1915.77441211891
1613.3490428616 1620.04502802452 1624.58632595402 1630.06067862848 1636.35748691186 1640.89182662281 1653.11596015886 1658.37892009831 1666.39735802094 1675.00912065474 1680.55597913594 1686.99710727415 1698.56396350353 1708.47126539275 1712.54886959848 1714.87392770318 1724.592798212 1736.73766439064 1735.78425722771 1741.03352994786 1748.70105134971 1756.53501253515 1758.72002442903 1761.7052285655 1769.63181438294 1773.11327236369 1782.10538267603 1790.29731609789 1804.28494259106 1811.72591604571 1817.148570629 1821.11603090043 1829.93539981118 1838.65782129346 1845.63053158332 1854.84498324298 1863.78044970154 1870.40816593961 1875.34327979676 1881.54336100327 1898.28252178786 1904.61011850783 1909.66068420058 1915.68088311589 1917.86448939301 1919.77025713897 1923.52096526999 1921.36733752854 1918.83783872974 1920.53976104803
1623.47596985801 1630.7821117049 1635.90385989506 1642.01666585885 1649.11693266685 1656.38457384268 1661.71137103266 1668.21809079556 1676.27288403612 1681.03174756403 1688.01389217288 1694.44790819462 1705.12150363063 1715.06645293186 1721.440341924 1726.22097931511 1737.31672725097 1748.67249123677 1745.71990902797 1749.6769069376 1757.31236432975 1767.85938287169 1769.78100659353 1773.53009259874 1780.93673175227 1784.56563969507 1794.64114634269 1801.46586917922 1811.75984665286 1824.55585137422 1829.27497952241 1832.56679134151 1838.1994138255 1846.18412610211 1855.64921076143 1866.01499269188 1874.63133419844 1879.19228853345 1884.75213156359 1891.98378235479 1908.29484483617 1913.75008012153 1918.23205875298 1923.75032512149 1926.83017790472 1927.86438496791 1931.48115040975 1929.14642471412 1924.06520556911 1924.75400140567
1633.26747670529 1639.41017705496 1645.52847952498 1650.17546172327 1655.7940396576 1666.80802862743 1672.94476250316 1678.84956407578 1688.6406985998 1692.72798348202 1698.51126079904 1702.58432354265 1711.7802982805 1722.47516820539 1729.66826296424 1736.69458098027 1744.45294454461 1758.37633635732 1760.23463425768 1762.11543608467 1768.42136876904 1777.40041875727 1780.91088663915 1785.02129288502 1793.01815861708 1797.81658548287 1803.63009457859 1807.57207016195 1819.67333692274 1834.9827406393 1842.49496200121 1847.23627943192 1849.99186978726 1855.40704578267 1865.30387611289 1876.92890936483 1885.34025058945 1889.87681764992 1895.76675545864 1903.12075714543 1917.17169597914 1921.5222939538 1926.10514137877 1931.3358490169 1935.40597301941 1936.69424243811 1938.3121603173 1933.31821238855 1923.20835189989 1927.90534333022
