rcp8.5models/GFDL_CM3/sc1gr5.14
NCOLS 261 
NROWS 433 
XLLCORNER 336357.134 
YLLCORNER 654653.479 
CELLSIZE 1000 
NODATA_value -3.4e+38 
[rows 198 to 219 of 433, columns 147 to 195 of 261]
292.720092773438 292.969787597656 293.244812011719 -3.4e+38 -3.4e+38 -3.4e+38 294.219024658203 294.934356689453 294.976867675781 294.893463134766 295.681427001953 295.963043212891 296.557800292969 296.849731445312 297.129760742188 297.14892578125 297.308746337891 297.487091064453 297.509918212891 297.661376953125 297.689300537109 297.691925048828 297.777709960938 298.050750732422 298.103424072266 298.212738037109 298.554809570312 298.919403076172 299.060424804688 299.03271484375 299.079345703125 299.080810546875 299.055847167969 299.099090576172 299.646087646484 299.479614257812 299.056549072266 298.805816650391 298.769775390625 298.493621826172 298.1201171875 298.351257324219 298.431396484375 298.11669921875 298.575012207031 299.333862304688 299.552764892578 299.289642333984 299.140991210938
292.912750244141 293.303894042969 -3.4e+38 -3.4e+38 -3.4e+38 294.368438720703 295.061157226562 295.227630615234 295.195526123047 295.284484863281 295.824829101562 296.122406005859 296.519561767578 296.864898681641 297.176055908203 297.119201660156 297.138397216797 297.167907714844 297.105834960938 297.133972167969 297.247741699219 297.481872558594 297.765045166016 298.107330322266 298.310607910156 298.388916015625 298.584320068359 298.842834472656 298.820526123047 298.817138671875 298.875427246094 298.955383300781 298.856140136719 298.834686279297 299.319030761719 299.395843505859 298.917083740234 298.646820068359 298.644012451172 298.303924560547 297.876068115234 297.939331054688 298.018371582031 298.055297851562 298.443176269531 298.944061279297 299.161682128906 299.059783935547 298.784423828125
293.259429931641 -3.4e+38 -3.4e+38 -3.4e+38 -3.4e+38 293.939025878906 294.84423828125 294.485046386719 294.243927001953 295.665466308594 295.818450927734 296.280670166016 296.537872314453 296.825744628906 297.130706787109 297.165588378906 296.960357666016 296.681243896484 296.838958740234 297.073791503906 297.208770751953 297.354797363281 298.100494384766 298.174743652344 298.415344238281 298.67919921875 298.898345947266 298.944793701172 298.779510498047 298.656555175781 298.704986572266 298.749786376953 298.646087646484 298.695892333984 298.963195800781 299.214538574219 298.917358398438 298.573181152344 298.560363769531 298.209503173828 297.76025390625 297.767028808594 297.836547851562 298.046752929688 298.499145507812 298.74853515625 298.990264892578 298.990875244141 298.675231933594
293.197052001953 -3.4e+38 -3.4e+38 -3.4e+38 292.597961425781 292.249755859375 293.634033203125 293.608093261719 292.901519775391 295.050018310547 295.254821777344 296.345123291016 296.6826171875 296.732238769531 296.771270751953 296.610443115234 296.487091064453 296.439666748047 296.736663818359 297.094573974609 297.2646484375 297.327331542969 297.867523193359 298.135406494141 298.179931640625 298.531799316406 298.810028076172 298.776397705078 298.631011962891 298.467102050781 298.525299072266 298.517700195312 298.399017333984 298.656341552734 298.697021484375 298.71435546875 298.748840332031 298.642181396484 298.334381103516 297.946868896484 297.779754638672 297.681457519531 297.802185058594 -3.4e+38 298.376678466797 298.686096191406 298.750946044922 298.746337890625 298.640197753906
292.505554199219 293.019958496094 -3.4e+38 -3.4e+38 292.3955078125 292.154968261719 293.345458984375 293.692626953125 293.030670166016 294.650726318359 295.158966064453 296.125549316406 296.490386962891 296.584350585938 296.267761230469 296.114196777344 296.470001220703 296.708831787109 296.839141845703 297.080993652344 297.391540527344 297.797271728516 297.814544677734 298.071350097656 298.103668212891 298.319885253906 298.648956298828 298.467620849609 298.180603027344 298.306396484375 298.385620117188 298.346099853516 298.159454345703 -3.4e+38 298.560821533203 298.5048828125 298.667633056641 298.688751220703 298.363555908203 298.131988525391 298.069671630859 297.67431640625 297.664916992188 297.802612304688 297.962524414062 298.646179199219 298.516418457031 298.398651123047 298.636749267578
292.203643798828 292.610443115234 293.025756835938 -3.4e+38 292.483856201172 292.490081787109 -3.4e+38 -3.4e+38 293.857818603516 295.098358154297 295.472808837891 295.789123535156 296.026153564453 296.2275390625 296.140502929688 296.405090332031 296.775726318359 297.007659912109 297.001983642578 297.046630859375 297.253601074219 297.682403564453 298.044036865234 298.007263183594 298.025390625 298.100402832031 298.369598388672 298.176818847656 297.9091796875 298.178497314453 298.259155273438 -3.4e+38 298.155914306641 298.523010253906 298.555358886719 298.58447265625 298.537048339844 298.556243896484 298.476196289062 298.422424316406 298.249664306641 297.839630126953 297.661437988281 297.678253173828 297.829406738281 298.583221435547 298.430114746094 298.196441650391 298.503997802734
292.177520751953 292.707427978516 293.030395507812 -3.4e+38 292.552734375 292.202667236328 292.492309570312 -3.4e+38 293.806823730469 294.891693115234 295.027557373047 295.080902099609 295.370208740234 295.804748535156 296.175323486328 296.503845214844 296.457824707031 296.789276123047 297.125213623047 297.068115234375 297.032196044922 297.187316894531 297.996337890625 298.033081054688 297.884582519531 297.823150634766 298.072174072266 298.016784667969 297.849182128906 298.008056640625 298.053863525391 297.949737548828 298.142547607422 298.529449462891 298.546630859375 298.43701171875 298.248229980469 298.328643798828 298.051086425781 298.056976318359 298.199066162109 297.777404785156 297.64404296875 297.593322753906 297.798919677734 298.121826171875 298.123352050781 298.021270751953 298.095153808594
292.052886962891 292.667388916016 292.91357421875 292.924438476562 292.213928222656 291.838531494141 -3.4e+38 293.107727050781 293.325500488281 294.357727050781 294.281097412109 294.731353759766 295.360321044922 295.701049804688 296.052398681641 296.186157226562 296.083984375 296.173248291016 296.749969482422 296.995086669922 296.911956787109 297.02587890625 297.490783691406 297.745666503906 297.759521484375 297.438690185547 297.982727050781 297.979095458984 297.900634765625 297.948120117188 297.944885253906 -3.4e+38 298.108215332031 298.597290039062 298.598449707031 298.401489257812 297.962860107422 297.822235107422 297.618530273438 297.625885009766 297.906036376953 297.617645263672 297.490570068359 297.466339111328 297.62548828125 297.829284667969 298.180908203125 298.382446289062 298.221038818359
291.873992919922 292.380218505859 292.696746826172 292.429718017578 291.460845947266 291.446075439453 291.557678222656 291.509704589844 292.35546875 293.880157470703 294.13623046875 294.817047119141 295.5439453125 295.623779296875 295.817260742188 295.843811035156 295.782836914062 295.909759521484 296.259033203125 296.459716796875 296.580932617188 297.077239990234 297.064788818359 297.426696777344 297.674438476562 297.295715332031 297.978973388672 298.005706787109 297.942962646484 297.939910888672 297.936706542969 297.933349609375 298.007629394531 298.498596191406 298.520690917969 298.462432861328 298.060913085938 297.642425537109 297.511260986328 297.292785644531 297.246612548828 297.487274169922 297.383972167969 297.442840576172 297.636016845703 298.111297607422 298.426818847656 298.796051025391 298.571594238281
291.676025390625 292.051391601562 292.455749511719 292.081481933594 291.472290039062 291.536956787109 291.763061523438 291.309967041016 292.167541503906 293.257751464844 293.928283691406 294.636138916016 295.066680908203 295.184051513672 295.318359375 295.5615234375 295.419891357422 295.599243164062 296.2421875 296.456787109375 296.463043212891 296.729400634766 297.065155029297 297.242248535156 297.366973876953 297.389007568359 297.996398925781 297.926910400391 297.695678710938 297.931762695312 297.928558349609 297.925231933594 297.921752929688 297.994842529297 298.291290283203 298.406524658203 298.230926513672 297.783660888672 297.409332275391 297.080139160156 297.137451171875 297.443450927734 297.558074951172 297.732757568359 297.937652587891 298.329895019531 298.445281982422 298.695678710938 298.588226318359
291.316955566406 291.821899414062 291.848541259766 291.748626708984 291.606170654297 292.05078125 291.227630615234 290.089538574219 291.563598632812 292.778625488281 293.532623291016 294.472137451172 295.050170898438 295.493927001953 295.551971435547 295.440093994141 295.558135986328 295.900207519531 296.325805664062 296.881866455078 297.074249267578 296.983062744141 297.018371582031 296.977722167969 297.254302978516 297.926574707031 297.773162841797 297.398498535156 297.355102539062 297.573486328125 297.7099609375 297.857482910156 297.743560791016 297.734680175781 297.525482177734 297.426239013672 297.345794677734 297.229248046875 297.146789550781 297.336212158203 297.519134521484 297.481018066406 297.709411621094 298.052368164062 298.152404785156 298.468139648438 298.612213134766 298.695465087891 298.575866699219
291.068328857422 291.480163574219 291.230834960938 291.226715087891 290.967864990234 291.44140625 290.449859619141 289.617797851562 292.212097167969 292.820037841797 293.505126953125 294.382507324219 294.735382080078 295.092834472656 -3.4e+38 295.250152587891 295.650299072266 296.156707763672 296.437377929688 296.873260498047 297.040313720703 296.902130126953 297.125518798828 297.106842041016 297.263549804688 297.888427734375 297.516632080078 296.925903320312 297.064788818359 297.465759277344 297.904632568359 297.901336669922 -3.4e+38 297.567565917969 297.410949707031 297.244689941406 297.183074951172 297.246032714844 297.219970703125 297.448455810547 297.576904296875 297.553771972656 297.739105224609 298.107391357422 298.340911865234 298.549530029297 298.705932617188 298.761871337891 298.589721679688
290.827117919922 290.984344482422 291.104309082031 291.299194335938 291.058380126953 291.406463623047 290.487457275391 290.150665283203 292.616607666016 293.320892333984 293.946746826172 294.255004882812 294.449584960938 294.808563232422 295.258026123047 -3.4e+38 295.761962890625 296.198669433594 296.472625732422 296.744598388672 296.942810058594 296.739349365234 297.014434814453 297.213775634766 297.357482910156 297.614929199219 297.197448730469 296.828887939453 296.964019775391 297.336456298828 297.658020019531 -3.4e+38 -3.4e+38 297.442352294922 297.348052978516 297.26318359375 297.084899902344 297.008483886719 297.361755371094 297.383209228516 297.459503173828 297.602966308594 297.861175537109 298.014007568359 298.093933105469 298.580200195312 298.627166748047 298.693603515625 298.613067626953
290.823760986328 291.222015380859 291.59765625 291.561248779297 291.298583984375 291.56201171875 290.969635009766 291.457824707031 292.996765136719 293.560943603516 294.056213378906 294.414642333984 294.824432373047 295.092834472656 295.249145507812 -3.4e+38 295.467224121094 295.83251953125 295.99365234375 296.453796386719 296.856903076172 296.816772460938 296.852813720703 296.919464111328 297.079956054688 297.162780761719 296.831481933594 -3.4e+38 297.126556396484 297.225524902344 297.325744628906 -3.4e+38 297.214447021484 297.096618652344 297.254821777344 297.164764404297 296.843048095703 296.699737548828 297.322906494141 297.289611816406 297.401672363281 297.558380126953 297.730865478516 297.801422119141 297.887817382812 298.369415283203 298.374572753906 298.727661132812 298.658386230469
290.826843261719 291.52734375 291.671630859375 291.55322265625 291.565673828125 291.60107421875 291.280517578125 292.227722167969 293.075744628906 293.651733398438 294.050079345703 294.716522216797 -3.4e+38 -3.4e+38 -3.4e+38 -3.4e+38 295.275360107422 295.574981689453 295.865234375 296.232330322266 296.668304443359 296.835174560547 296.874908447266 296.821929931641 296.871398925781 296.950439453125 -3.4e+38 296.749633789062 296.920928955078 -3.4e+38 296.915466308594 297.118072509766 297.146270751953 296.789001464844 297.014587402344 296.717987060547 296.507873535156 296.656585693359 297.021881103516 297.291412353516 297.393676757812 297.560638427734 297.675109863281 297.696166992188 -3.4e+38 -3.4e+38 298.054504394531 298.670928955078 298.394012451172
-3.4e+38 291.476806640625 291.619171142578 291.888214111328 292.028045654297 291.803833007812 291.639129638672 292.281585693359 293.169311523438 293.769409179688 294.192596435547 294.676116943359 -3.4e+38 -3.4e+38 -3.4e+38 -3.4e+38 295.396789550781 295.616455078125 296.063537597656 296.232482910156 296.596496582031 296.613311767578 296.772979736328 296.920989990234 296.979034423828 297.002716064453 -3.4e+38 296.865509033203 296.807495117188 296.813446044922 296.771362304688 296.863708496094 297.057800292969 296.744995117188 296.733825683594 296.405303955078 296.381500244141 296.740844726562 296.908508300781 297.395568847656 297.505157470703 297.604614257812 297.787506103516 297.722442626953 -3.4e+38 297.580963134766 297.812347412109 298.103912353516 297.890197753906
290.748321533203 291.364013671875 291.657257080078 292.008209228516 292.352172851562 291.9267578125 291.815155029297 292.191070556641 293.228851318359 293.462310791016 293.945831298828 -3.4e+38 -3.4e+38 -3.4e+38 -3.4e+38 -3.4e+38 295.597015380859 295.758972167969 295.995483398438 296.216247558594 296.63525390625 296.733673095703 296.692504882812 296.879150390625 296.988708496094 296.926940917969 297.044281005859 297.01611328125 296.927917480469 296.9169921875 296.804870605469 296.544281005859 296.845764160156 296.473846435547 296.266082763672 296.278686523438 296.399627685547 296.835479736328 297.001068115234 297.3779296875 297.509063720703 297.625335693359 297.631805419922 297.456970214844 -3.4e+38 297.622131347656 297.642333984375 297.691345214844 297.627136230469
290.635467529297 291.103485107422 291.532165527344 291.923767089844 292.410339355469 291.737243652344 291.494476318359 292.516662597656 293.200561523438 293.439208984375 293.754180908203 294.510864257812 294.718719482422 -3.4e+38 -3.4e+38 295.77880859375 296.097076416016 296.090362548828 296.054870605469 296.277404785156 296.423187255859 296.521484375 296.680755615234 296.820465087891 296.870178222656 296.936431884766 296.97705078125 296.885131835938 296.860626220703 296.777465820312 296.746917724609 296.386291503906 296.416198730469 296.137054443359 295.86376953125 296.080108642578 296.209869384766 296.58935546875 296.901123046875 297.139404296875 297.365325927734 297.491241455078 297.462646484375 297.204284667969 -3.4e+38 297.163787841797 297.422546386719 297.356994628906 297.407196044922
290.237640380859 290.725646972656 291.196197509766 292.063201904297 292.435455322266 291.420623779297 290.612426757812 292.794982910156 293.210601806641 293.694488525391 293.987060546875 -3.4e+38 -3.4e+38 -3.4e+38 295.419952392578 295.865264892578 296.164245605469 296.083282470703 296.090759277344 296.164672851562 296.142059326172 296.264801025391 296.498504638672 296.514984130859 296.512756347656 296.882568359375 296.649444580078 296.271911621094 296.653015136719 296.624725341797 296.621154785156 296.403747558594 296.118469238281 295.733764648438 295.628997802734 295.817443847656 296.048461914062 296.257659912109 296.515838623047 296.861633300781 297.305969238281 297.326629638672 297.376342773438 297.333892822266 297.160949707031 296.836791992188 297.021881103516 296.973419189453 296.977416992188
290.222930908203 290.661499023438 291.283020019531 291.978515625 292.379180908203 291.868957519531 291.234130859375 292.698913574219 292.908264160156 293.436584472656 -3.4e+38 294.369995117188 294.841125488281 294.871459960938 295.361572265625 295.569213867188 295.619079589844 295.621490478516 295.882965087891 295.917388916016 295.971496582031 296.160400390625 296.273468017578 -3.4e+38 296.308197021484 296.717224121094 296.381622314453 295.794342041016 296.129241943359 296.096588134766 295.761901855469 295.322326660156 295.910461425781 295.437133789062 295.404724121094 295.6875 295.951080322266 296.056671142578 296.256652832031 296.811370849609 297.086822509766 297.113983154297 297.251892089844 297.233367919922 297.176666259766 296.905303955078 296.875457763672 296.892974853516 296.837280273438
290.589111328125 291.043853759766 291.681304931641 292.060974121094 292.14453125 292.246337890625 292.091735839844 292.823181152344 292.936798095703 293.439971923828 293.909759521484 294.265258789062 294.69140625 295.041687011719 295.355072021484 295.356292724609 295.24365234375 295.177062988281 295.508911132812 295.618835449219 -3.4e+38 296.024322509766 296.219360351562 296.068817138672 296.114227294922 296.44580078125 -3.4e+38 296.034271240234 295.669372558594 294.471099853516 290.654235839844 287.055969238281 288.733947753906 295.378753662109 295.352264404297 295.734649658203 295.777435302734 295.822021484375 296.010162353516 296.702972412109 296.841674804688 296.894287109375 296.954864501953 296.725891113281 296.803771972656 296.861083984375 296.703643798828 296.543243408203 296.262145996094
290.979766845703 291.364410400391 291.767364501953 292.317687988281 292.273773193359 292.336456298828 292.339813232422 292.993988037109 293.218231201172 293.696655273438 293.847961425781 294.136444091797 294.369262695312 294.748443603516 295.078155517578 295.142211914062 294.973815917969 295.194854736328 295.325531005859 295.405395507812 295.786499023438 296.017364501953 296.119079589844 295.988891601562 295.902038574219 296.113647460938 296.675933837891 296.344360351562 295.649536132812 294.552825927734 291.550537109375 287.280548095703 286.723358154297 295.162963867188 295.160064697266 295.363464355469 295.393371582031 295.570037841797 296.038360595703 296.599609375 296.874633789062 296.895050048828 296.800659179688 296.550415039062 296.594573974609 296.650909423828 296.365631103516 295.958160400391 295.388519287109
