rcp8.5models/GFDL_CM3/sc1gr9.16
NCOLS 261 
NROWS 433 
XLLCORNER 336357.134 
YLLCORNER 654653.479 
CELLSIZE 1000 
NODATA_value -3.4e+38 
[rows 264 to 285 of 433, columns 49 to 97 of 261]
200.034072875977 259.010406494141 189.678558349609 204.688720703125 232.680374145508 179.98078918457 196.089950561523 156.99787902832 210.665756225586 286.140228271484 228.723678588867 185.199676513672 236.777481079102 288.222900390625 366.029388427734 338.857086181641 276.042205810547 294.015655517578 370.278839111328 370.802978515625 370.407318115234 370.64892578125 371.799346923828 372.761901855469 373.449554443359 375.289123535156 375.906280517578 375.142059326172 375.697052001953 377.916107177734 380.438385009766 382.449859619141 383.420745849609 384.396423339844 385.29443359375 386.252593994141 387.361968994141 388.894226074219 390.040954589844 390.831481933594 391.925109863281 391.839782714844 390.731109619141 386.612243652344 385.593688964844 387.097106933594 376.782684326172 371.032348632812 367.087127685547
231.70263671875 274.604522705078 148.666549682617 180.219436645508 195.791381835938 153.995208740234 209.853225708008 293.785247802734 269.75927734375 286.530853271484 336.687286376953 294.153167724609 295.113433837891 324.050231933594 367.745300292969 368.950012207031 341.208862304688 326.307952880859 373.051727294922 373.540100097656 373.064575195312 373.105651855469 374.090148925781 375.409820556641 376.094818115234 377.629943847656 378.468322753906 377.521697998047 377.483215332031 380.297729492188 381.931304931641 383.828918457031 385.792633056641 386.761993408203 387.796813964844 388.922821044922 389.774749755859 390.806335449219 391.997161865234 392.58349609375 393.518249511719 393.826202392578 391.942230224609 388.461242675781 385.393737792969 383.651397705078 377.339447021484 371.905181884766 361.217407226562
178.085678100586 193.533355712891 211.562377929688 238.969146728516 157.680770874023 244.716491699219 369.335418701172 274.992065429688 241.016510009766 294.796203613281 372.281799316406 371.41015625 372.327301025391 372.638275146484 372.745269775391 373.109130859375 374.096557617188 375.561279296875 377.087554931641 377.490112304688 377.906890869141 378.625518798828 378.304534912109 378.991027832031 381.011566162109 381.755432128906 381.171752929688 381.723754882812 381.74609375 384.681579589844 386.922210693359 388.713897705078 390.046478271484 391.338195800781 392.485656738281 393.160797119141 394.367584228516 394.878784179688 395.806488037109 396.385375976562 396.6435546875 396.608062744141 395.211517333984 390.622833251953 380.072906494141 368.806640625 373.067993164062 378.415130615234 350.695037841797
211.071563720703 238.065628051758 185.448440551758 200.681304931641 160.11994934082 247.611740112305 316.126373291016 344.664672851562 302.10205078125 331.824951171875 375.70361328125 374.965026855469 376.031036376953 375.955139160156 375.334503173828 375.437133789062 375.981323242188 377.682037353516 379.130798339844 379.322570800781 380.140197753906 381.161956787109 380.955352783203 381.298065185547 383.751342773438 384.365539550781 382.437316894531 383.263610839844 384.160614013672 387.084747314453 389.617767333984 391.834533691406 392.916412353516 393.913604736328 394.745727539062 395.454620361328 396.332824707031 396.694519042969 397.713043212891 398.158599853516 397.932952880859 398.071258544922 397.516021728516 394.158569335938 388.321716308594 382.859405517578 382.42138671875 379.194030761719 351.743927001953
181.918273925781 256.840087890625 299.890808105469 300.814361572266 243.981201171875 193.266784667969 207.178771972656 322.587890625 245.394577026367 299.793243408203 377.233367919922 377.412811279297 378.658172607422 379.3857421875 379.116912841797 378.734497070312 379.030487060547 379.464447021484 381.620208740234 382.010925292969 382.866760253906 383.694976806641 383.621032714844 383.779113769531 386.105499267578 386.909515380859 384.598510742188 385.419982910156 386.869140625 389.69189453125 392.245666503906 394.613952636719 394.975799560547 395.714385986328 396.904113769531 397.611236572266 398.409301757812 399.026214599609 399.387115478516 399.66015625 399.489105224609 398.641876220703 398.913818359375 397.912536621094 395.470977783203 389.940338134766 386.760620117188 380.184631347656 353.934326171875
213.495697021484 331.126678466797 375.501800537109 376.081268310547 345.620239257812 302.444213867188 302.049560546875 294.997497558594 229.230331420898 336.022888183594 378.862762451172 379.547149658203 380.385498046875 381.499389648438 382.315887451172 382.352478027344 382.279266357422 382.359405517578 384.317047119141 385.029907226562 385.782257080078 386.055786132812 385.856872558594 386.286743164062 388.365203857422 388.996978759766 387.352600097656 388.493774414062 390.256408691406 392.712615966797 394.807830810547 397.450347900391 397.55712890625 397.668823242188 398.770965576172 399.428009033203 400.621978759766 401.402313232422 401.291473388672 401.352752685547 401.455352783203 397.554138183594 396.508361816406 397.113647460938 392.568603515625 385.816070556641 381.994445800781 384.444519042969 361.777709960938
184.035446166992 229.7470703125 232.690155029297 295.066650390625 377.571990966797 377.428375244141 377.866577148438 296.166931152344 206.727096557617 303.94482421875 381.115203857422 381.428009033203 382.7587890625 383.868530273438 385.139129638672 386.237487792969 386.196746826172 385.425109863281 387.203063964844 388.420501708984 388.841857910156 388.711029052734 389.037933349609 389.074584960938 390.512420654297 391.050994873047 390.782440185547 392.029357910156 393.571502685547 395.184356689453 396.380340576172 398.903106689453 400.423156738281 400.72509765625 401.220855712891 401.768890380859 403.054595947266 403.828216552734 403.750335693359 403.58154296875 403.572052001953 395.676910400391 389.72119140625 390.231018066406 385.67724609375 383.065887451172 383.750640869141 386.532745361328 366.864990234375
151.976547241211 217.159271240234 304.148529052734 336.662658691406 379.613494873047 380.042846679688 381.375213623047 352.424774169922 309.773468017578 340.314178466797 383.612274169922 384.213134765625 384.884552001953 386.385101318359 388.117584228516 389.785278320312 391.095458984375 390.228240966797 390.658996582031 391.686492919922 391.804412841797 391.693420410156 391.5244140625 391.937286376953 393.386505126953 394.103179931641 394.143218994141 395.269256591797 396.722747802734 398.301086425781 398.831115722656 400.834167480469 403.386291503906 404.005798339844 404.212310791016 404.776947021484 405.627990722656 405.915679931641 405.994720458984 405.962219238281 405.827819824219 397.427185058594 389.647979736328 388.737548828125 389.365875244141 392.293182373047 393.508483886719 391.068450927734 372.551116943359
239.190017700195 249.686492919922 318.197692871094 297.410583496094 381.169006347656 381.953308105469 383.374267578125 384.393524169922 384.425903320312 385.386596679688 386.657531738281 387.58935546875 387.823852539062 388.748321533203 390.419891357422 391.848052978516 393.984588623047 394.882141113281 393.681671142578 393.476867675781 394.234313964844 395.073822021484 394.693634033203 394.821380615234 396.13525390625 396.810516357422 397.517364501953 398.944000244141 400.063201904297 402.353851318359 402.274505615234 404.121704101562 404.895782470703 404.299377441406 403.651245117188 403.240692138672 408.334197998047 408.237640380859 407.886047363281 407.851379394531 407.931304931641 399.731872558594 392.296661376953 391.939697265625 399.877105712891 401.978210449219 398.905944824219 393.905883789062 373.747192382812
284.905059814453 252.811782836914 349.860900878906 339.235168457031 383.385162353516 383.835845947266 384.578826904297 386.350341796875 387.158966064453 334.508117675781 315.395629882812 389.951232910156 390.528137207031 391.095062255859 392.823638916016 394.448760986328 397.053894042969 399.650604248047 397.140197753906 395.999786376953 397.263397216797 397.917694091797 398.183868408203 398.030029296875 398.813446044922 399.598602294922 401.545806884766 403.904724121094 405.351898193359 405.996032714844 406.665344238281 407.913146972656 406.453155517578 404.343902587891 405.285522460938 404.564575195312 410.635955810547 410.926635742188 410.300689697266 410.338653564453 410.463653564453 406.016143798828 402.014221191406 401.764678955078 402.330139160156 399.480987548828 402.27197265625 397.10205078125 378.946319580078
199.288970947266 256.291625976562 386.289642333984 386.137634277344 386.800354003906 387.591369628906 388.693878173828 389.539642333984 390.073089599609 360.783569335938 350.620758056641 392.924743652344 393.444549560547 394.122436523438 395.19970703125 397.0546875 399.036407470703 399.715484619141 399.423431396484 399.337219238281 400.628845214844 401.064453125 401.587249755859 401.707153320312 402.057769775391 403.391479492188 405.589508056641 408.484527587891 410.700744628906 409.612518310547 411.131011962891 411.46044921875 409.898345947266 408.761016845703 410.054321289062 410.685089111328 413.461059570312 413.521270751953 413.027557373047 412.976593017578 412.812683105469 410.705108642578 408.780212402344 409.113616943359 405.612701416016 402.926910400391 405.747375488281 402.962280273438 394.869781494141
156.470794677734 258.327667236328 389.127716064453 389.353851318359 390.785766601562 392.493255615234 393.100738525391 392.428985595703 393.008422851562 393.864135742188 395.100952148438 395.647155761719 396.650360107422 397.453002929688 397.474853515625 398.512725830078 400.59912109375 402.563354492188 401.574645996094 403.065643310547 404.013519287109 404.359649658203 404.979553222656 405.183166503906 405.62158203125 406.803955078125 408.646545410156 410.838928222656 412.709594726562 412.767608642578 414.781768798828 415.428680419922 414.766815185547 414.845184326172 413.23876953125 412.860015869141 416.126129150391 416.381958007812 415.720123291016 415.5966796875 415.576477050781 408.899932861328 409.019165039062 408.146575927734 406.370758056641 409.402252197266 407.57275390625 405.823089599609 404.603179931641
223.966842651367 280.840759277344 242.808517456055 308.898071289062 393.070892333984 394.046234130859 394.159332275391 395.525360107422 395.932556152344 396.393432617188 397.325256347656 398.585327148438 399.633972167969 399.799468994141 399.971557617188 401.689361572266 403.992492675781 405.141235351562 403.954559326172 406.323028564453 407.926361083984 408.357177734375 408.463958740234 408.933532714844 410.476593017578 411.055480957031 412.077331542969 413.53857421875 414.690521240234 416.696838378906 418.512145996094 418.431671142578 418.793182373047 419.260101318359 416.253143310547 410.819366455078 412.137329101562 417.362396240234 418.759490966797 418.44775390625 418.439056396484 412.913421630859 412.935852050781 412.066589355469 410.381988525391 412.571044921875 410.512298583984 408.849243164062 407.763488769531
347.522308349609 358.683044433594 250.675415039062 265.948669433594 332.146667480469 314.288726806641 395.802001953125 397.49267578125 398.641174316406 399.226196289062 399.953796386719 401.6572265625 402.513854980469 402.622650146484 403.286315917969 404.357269287109 405.859680175781 406.685089111328 407.624694824219 410.079986572266 412.254608154297 412.451019287109 411.807678222656 412.707427978516 414.237670898438 415.403045654297 416.524108886719 418.299499511719 419.421234130859 420.954803466797 422.5087890625 422.127593994141 422.458862304688 422.629547119141 421.210601806641 417.905334472656 417.623748779297 420.976257324219 421.925903320312 421.548217773438 421.453430175781 418.269500732422 417.96337890625 417.360412597656 416.483428955078 415.561462402344 414.099670410156 412.209045410156 410.116821289062
397.513244628906 398.141174316406 398.753356933594 399.121978759766 366.059356689453 324.148101806641 358.927215576172 403.499450683594 404.893798828125 405.507537841797 406.722473144531 407.851165771484 408.489685058594 408.667877197266 408.732574462891 409.811492919922 411.28955078125 412.635375976562 415.633056640625 416.536682128906 417.623413085938 418.880096435547 421.669250488281 423.787292480469 423.058532714844 423.303375244141 424.279388427734 425.780975341797 428.242126464844 429.974975585938 430.180328369141 430.403015136719 429.604187011719 429.342590332031 429.159606933594 429.058288574219 429.309143066406 429.173614501953 428.658935546875 428.574890136719 427.950744628906 423.118255615234 420.390258789062 423.922821044922 422.600891113281 420.96923828125 419.540649414062 417.649963378906 415.168121337891
400.08837890625 400.630493164062 401.192565917969 401.634918212891 402.652557373047 404.859771728516 406.012634277344 406.195953369141 407.117431640625 407.704040527344 409.231811523438 410.856872558594 411.48193359375 411.841491699219 412.698974609375 414.00927734375 415.158355712891 416.776031494141 420.027435302734 420.858917236328 421.853240966797 423.583374023438 427.5224609375 430.129913330078 429.294219970703 428.171630859375 428.860900878906 430.501953125 431.917419433594 433.761077880859 433.154815673828 433.708953857422 433.794738769531 434.185760498047 434.069732666016 433.793701171875 433.556182861328 432.978332519531 432.492431640625 432.285186767578 430.578094482422 419.169586181641 418.706115722656 425.594573974609 422.771301269531 420.828399658203 422.486267089844 420.51025390625 417.737640380859
402.422973632812 403.567199707031 404.011657714844 404.720703125 406.165893554688 407.880432128906 408.566436767578 409.058563232422 409.827941894531 410.783386230469 411.951690673828 413.500885009766 414.2451171875 414.904449462891 416.718444824219 419.71923828125 421.084838867188 421.519622802734 424.265686035156 425.057586669922 426.375915527344 428.324798583984 431.078155517578 433.957977294922 434.959899902344 433.732818603516 433.71337890625 435.2939453125 436.482025146484 437.136596679688 436.589996337891 437.318359375 438.500091552734 438.721130371094 437.313812255859 436.588531494141 436.631927490234 435.866516113281 436.453277587891 435.865753173828 432.644256591797 421.135437011719 419.416687011719 424.750915527344 424.850250244141 423.917083740234 425.493133544922 423.753265380859 420.738861083984
404.664855957031 405.74951171875 407.090209960938 408.360015869141 409.210052490234 410.376312255859 411.34814453125 412.607116699219 413.995086669922 414.589477539062 414.955230712891 416.366973876953 417.94921875 419.652221679688 421.309448242188 424.240997314453 425.625854492188 425.539001464844 429.263549804688 430.588348388672 431.225769042969 432.574920654297 434.594573974609 436.636596679688 437.602203369141 439.141632080078 439.959564208984 439.841522216797 440.949859619141 441.091186523438 441.450378417969 441.971221923828 443.425384521484 442.540344238281 439.568054199219 438.536773681641 440.810760498047 440.698669433594 440.648162841797 439.814880371094 437.537384033203 425.273590087891 421.961608886719 425.852203369141 428.574035644531 427.615020751953 427.74951171875 427.384979248047 424.330810546875
408.473663330078 408.732299804688 408.971496582031 410.909545898438 412.272674560547 413.406341552734 414.564361572266 416.715423583984 417.458129882812 418.106109619141 418.203735351562 419.843597412109 423.721740722656 428.222076416016 429.361297607422 429.119415283203 429.762817382812 430.636566162109 434.45947265625 435.210876464844 437.410217285156 438.646240234375 438.703887939453 439.641235351562 442.063568115234 445.003631591797 444.894805908203 444.404235839844 444.680847167969 446.015472412109 447.241394042969 447.508575439453 447.877380371094 447.129486083984 445.309692382812 443.87451171875 445.384307861328 445.243835449219 444.730743408203 443.949645996094 442.369201660156 424.799224853516 422.451934814453 427.408843994141 429.715362548828 430.413238525391 431.017883300781 430.955718994141 426.762145996094
411.154235839844 411.990356445312 411.986267089844 413.683502197266 415.194763183594 416.420074462891 417.461029052734 420.328643798828 421.100616455078 422.445404052734 422.272216796875 423.378601074219 427.897094726562 432.822937011719 434.619018554688 433.7744140625 434.589660644531 436.026214599609 439.71484375 442.121398925781 444.579193115234 445.431549072266 444.623199462891 444.484802246094 447.863403320312 450.498046875 449.524230957031 449.157989501953 449.196502685547 451.728851318359 453.047515869141 452.750061035156 451.831634521484 452.042694091797 451.48486328125 450.1396484375 449.232940673828 448.293548583984 448.323822021484 446.445037841797 442.851440429688 427.50390625 421.157196044922 423.115875244141 427.319000244141 434.323425292969 435.64111328125 433.667602539062 429.394287109375
414.202087402344 414.663452148438 414.841186523438 416.040466308594 417.678649902344 419.078002929688 420.259796142578 423.260559082031 425.03662109375 427.1767578125 428.49169921875 428.307922363281 430.351806640625 434.683135986328 437.386291503906 438.082550048828 439.194641113281 440.764343261719 444.230133056641 448.402893066406 450.042938232422 449.388031005859 449.238433837891 450.761627197266 452.558441162109 453.785491943359 453.89990234375 453.770660400391 454.775665283203 457.803649902344 458.961517333984 457.857757568359 456.462554931641 456.683349609375 456.805847167969 456.208099365234 455.002197265625 451.589508056641 448.028900146484 446.880523681641 443.932800292969 429.213623046875 422.536926269531 421.611053466797 427.053466796875 439.644165039062 440.028472900391 436.089660644531 432.101135253906
417.724578857422 418.210632324219 418.207946777344 418.975555419922 420.296722412109 421.422180175781 422.704284667969 426.886077880859 429.590087890625 432.404266357422 434.066528320312 433.979583740234 435.078460693359 441.741363525391 449.08740234375 447.761352539062 445.670532226562 446.861785888672 448.482238769531 452.908355712891 454.765655517578 453.538635253906 454.596313476562 456.148101806641 457.673767089844 458.899536132812 459.320739746094 460.288330078125 460.518920898438 463.140808105469 463.813415527344 462.093658447266 461.753753662109 462.074371337891 462.089141845703 459.577117919922 457.48193359375 457.066650390625 453.503204345703 449.747192382812 448.511962890625 436.419921875 433.160522460938 432.435729980469 437.6875 445.269226074219 444.839630126953 440.124420166016 436.586547851562
