rcp8.5models/GFDL_CM3/sc1gr7.34
NCOLS 261 
NROWS 433 
XLLCORNER 336357.134 
YLLCORNER 654653.479 
CELLSIZE 1000 
NODATA_value -3.4e+38 
[rows 264 to 285 of 433, columns 49 to 97 of 261]
69.4878921508789 69.3561706542969 69.1741027832031 69.1341781616211 69.2037506103516 69.2224884033203 69.142204284668 69.1531600952148 69.2491455078125 69.3185424804688 69.3621978759766 69.4423980712891 69.5612640380859 69.6497116088867 69.7406311035156 69.837287902832 70.0014266967773 70.1274566650391 70.4334030151367 70.5940017700195 70.7888641357422 70.9501724243164 71.0573196411133 71.2332382202148 71.4504776000977 71.5618667602539 71.6808090209961 71.8745651245117 72.0233688354492 72.4160690307617 72.5033340454102 72.6570816040039 72.8499755859375 72.9624710083008 73.1160278320312 73.3096389770508 73.5766830444336 73.7375335693359 73.8552322387695 74.0609436035156 74.2870178222656 74.8071136474609 75.1016006469727 75.3593063354492 75.6049270629883 75.7726135253906 76.4263305664062 76.9010848999023 77.4145965576172
69.2163543701172 69.0467987060547 68.9245529174805 68.8972244262695 68.9054183959961 68.8601913452148 68.8998870849609 68.8759078979492 68.9730758666992 69.0539627075195 69.1146469116211 69.1406707763672 69.2241439819336 69.3431167602539 69.4452590942383 69.5243148803711 69.6854019165039 69.8352737426758 70.1640472412109 70.3353118896484 70.4706573486328 70.6338043212891 70.797248840332 70.9400634765625 71.1680603027344 71.2944107055664 71.3727264404297 71.581169128418 71.7745742797852 72.1001510620117 72.1722183227539 72.2631912231445 72.445442199707 72.6389770507812 72.7689819335938 72.9284744262695 73.1688079833984 73.325080871582 73.4745788574219 73.6940536499023 73.8955535888672 74.3471145629883 74.6013793945312 74.9252853393555 75.2409362792969 75.473388671875 75.9514617919922 76.4178848266602 77.3702011108398
68.6675415039062 68.5754241943359 68.4490661621094 68.3878479003906 68.4162063598633 68.40966796875 68.4128723144531 68.3599548339844 68.413818359375 68.5394287109375 68.6218109130859 68.672607421875 68.7558517456055 68.8802642822266 68.9359359741211 69.0192794799805 69.1790618896484 69.3249664306641 69.6184997558594 69.7568817138672 69.9057464599609 70.1243743896484 70.2800750732422 70.4504165649414 70.6024703979492 70.791389465332 71.0143280029297 71.1215744018555 71.1965484619141 71.439697265625 71.5587615966797 71.6337814331055 71.7760314941406 71.9461059570312 72.11474609375 72.2690048217773 72.3942565917969 72.5963897705078 72.7063751220703 72.8756866455078 73.0925521850586 73.4661865234375 73.7495727539062 74.1192855834961 74.7147521972656 75.3970184326172 75.4003067016602 75.3879165649414 77.526611328125
68.3914947509766 68.3018112182617 68.2748260498047 68.2311248779297 68.2217559814453 68.1762619018555 68.2003936767578 68.1842727661133 68.2589111328125 68.3734436035156 68.4002151489258 68.4761657714844 68.5295715332031 68.6289978027344 68.7006988525391 68.8220901489258 68.9402008056641 69.0517425537109 69.324348449707 69.4998321533203 69.6954345703125 69.8799438476562 70.0281677246094 70.2015533447266 70.356559753418 70.5307388305664 70.7483825683594 70.7901840209961 70.8932647705078 71.0922698974609 71.1956481933594 71.3000335693359 71.470573425293 71.5381393432617 71.6625137329102 71.8352355957031 72.0233840942383 72.1962203979492 72.2997436523438 72.4758224487305 72.7110290527344 73.082633972168 73.2962875366211 73.6039581298828 73.9890289306641 74.3932266235352 74.556640625 74.9219665527344 76.9079971313477
68.2148742675781 68.137336730957 68.1245574951172 68.0753707885742 68.0142593383789 67.9750518798828 68.0600814819336 68.0153121948242 68.1151657104492 68.1775283813477 68.1582260131836 68.2470016479492 68.3476028442383 68.4006805419922 68.4837188720703 68.6296463012695 68.7187423706055 68.8330154418945 69.0870971679688 69.2934951782227 69.4603958129883 69.6036911010742 69.7675552368164 69.903076171875 70.0765533447266 70.263916015625 70.411262512207 70.4611663818359 70.5995483398438 70.747932434082 70.8483047485352 71.0090560913086 71.1342620849609 71.1551818847656 71.2722396850586 71.4319152832031 71.6504669189453 71.8134689331055 71.9580917358398 72.1035003662109 72.3129577636719 72.7224578857422 72.8284378051758 73.0611267089844 73.3066329956055 73.672966003418 73.9739227294922 74.5010833740234 76.636833190918
68.0955581665039 68.0221862792969 67.9402465820312 67.8959579467773 67.8616104125977 67.8462677001953 67.8627166748047 67.7919540405273 67.8699340820312 67.9313278198242 67.9508590698242 68.0164031982422 68.08837890625 68.1840515136719 68.2870864868164 68.4080276489258 68.5252838134766 68.6013412475586 68.8739624023438 69.0979690551758 69.2379608154297 69.3511047363281 69.4360580444336 69.5926361083984 69.8020782470703 69.9423675537109 70.0482788085938 70.1136016845703 70.2956848144531 70.4554443359375 70.5167083740234 70.6702423095703 70.7627182006836 70.8063201904297 70.9956893920898 71.1279830932617 71.2652130126953 71.4003982543945 71.5524826049805 71.7217178344727 71.9044723510742 72.3765487670898 72.5343933105469 72.6487121582031 72.9906692504883 73.4609603881836 73.8487319946289 73.9031753540039 75.7269973754883
67.9620208740234 67.9050979614258 67.8060073852539 67.7146224975586 67.7159881591797 67.7105407714844 67.6687545776367 67.6667175292969 67.7451934814453 67.7614974975586 67.7399826049805 67.833122253418 67.9048461914062 67.99560546875 68.1200332641602 68.2342147827148 68.33935546875 68.4220428466797 68.6851119995117 68.8509979248047 68.9814987182617 69.0709381103516 69.1736373901367 69.3212509155273 69.559440612793 69.6780548095703 69.7192993164062 69.7980117797852 69.9724273681641 70.108039855957 70.1748199462891 70.3073806762695 70.4611434936523 70.5250778198242 70.6701049804688 70.7864074707031 70.8798599243164 70.9726943969727 71.1086349487305 71.2658767700195 71.4469223022461 72.0846099853516 72.4971771240234 72.6170806884766 72.9278869628906 73.2100143432617 73.3685913085938 73.3554153442383 74.9536666870117
67.8700942993164 67.733039855957 67.6656646728516 67.6193389892578 67.546745300293 67.5316772460938 67.5084381103516 67.5098037719727 67.5789794921875 67.5799255371094 67.6106033325195 67.6739349365234 67.783332824707 67.8092803955078 67.9314498901367 68.0950927734375 68.1849594116211 68.2816848754883 68.4896392822266 68.6070175170898 68.7559585571289 68.8531799316406 68.9060287475586 69.0494155883789 69.2670440673828 69.3994522094727 69.4194793701172 69.52880859375 69.6739730834961 69.7658233642578 69.851936340332 70.0172958374023 70.1662292480469 70.2432098388672 70.3573913574219 70.4285049438477 70.4992752075195 70.5884552001953 70.7090835571289 70.8265228271484 70.9840469360352 71.7304153442383 72.2037811279297 72.3850402832031 72.4551315307617 72.4674835205078 72.5115127563477 72.7837295532227 74.1883392333984
67.7286834716797 67.6152572631836 67.5369644165039 67.5098724365234 67.4860382080078 67.3852233886719 67.360237121582 67.3410568237305 67.38427734375 67.4136810302734 67.4555282592773 67.5182647705078 67.5968627929688 67.657844543457 67.7918319702148 67.9286956787109 68.0317687988281 68.1491241455078 68.3016204833984 68.3691558837891 68.5080413818359 68.6302337646484 68.6928176879883 68.8357467651367 68.9676666259766 69.0248336791992 69.1356353759766 69.2767791748047 69.3666381835938 69.454216003418 69.5214080810547 69.6871337890625 69.9299850463867 70.0555114746094 70.233268737793 70.3552932739258 70.1196899414062 70.190559387207 70.3175048828125 70.4059753417969 70.5574722290039 71.3478927612305 71.8117980957031 71.9181671142578 71.612907409668 71.6592254638672 71.92236328125 72.3074035644531 73.6804809570312
67.6228790283203 67.4927673339844 67.4284591674805 67.3734588623047 67.3422088623047 67.3013229370117 67.2658309936523 67.2762680053711 67.2754058837891 67.33056640625 67.3637466430664 67.4171752929688 67.4349746704102 67.4930038452148 67.6286544799805 67.7742080688477 67.8717422485352 67.9770202636719 68.1312713623047 68.1872940063477 68.3193054199219 68.4293212890625 68.4690933227539 68.5322494506836 68.6188659667969 68.7052459716797 68.8825836181641 69.0452728271484 69.0813446044922 69.1726150512695 69.1859893798828 69.3126449584961 69.6788864135742 69.9265213012695 69.9851379394531 70.1256332397461 69.8229675292969 69.8120498657227 69.9158401489258 70.0002517700195 70.136474609375 70.692741394043 71.0061111450195 71.1034088134766 71.1620635986328 71.4209899902344 71.3950576782227 71.7476119995117 72.9647369384766
67.4484558105469 67.3243865966797 67.2251129150391 67.1628036499023 67.095100402832 67.1038284301758 67.1004333496094 67.1214828491211 67.1418838500977 67.2124176025391 67.2614669799805 67.2653045654297 67.3069534301758 67.3912200927734 67.5189971923828 67.6234817504883 67.7142028808594 67.8202590942383 67.9446487426758 68.0245971679688 68.1581497192383 68.2732238769531 68.2747650146484 68.2912139892578 68.3325424194336 68.4664154052734 68.6301193237305 68.7688446044922 68.826530456543 68.9113922119141 68.9816665649414 69.0154190063477 69.2634506225586 69.5742492675781 69.5867919921875 69.6122055053711 69.5223541259766 69.4867324829102 69.5256500244141 69.636100769043 69.7331008911133 70.1536712646484 70.3628082275391 70.4284210205078 70.6974258422852 70.915153503418 70.8557662963867 71.1030044555664 71.6473617553711
67.3053512573242 67.1813278198242 67.0509872436523 66.9870452880859 66.9323501586914 66.9145126342773 66.9337844848633 67.0139923095703 67.0274276733398 67.0483169555664 67.1233367919922 67.1425476074219 67.2014999389648 67.3081741333008 67.4025497436523 67.4636383056641 67.5534133911133 67.6896209716797 67.7294235229492 67.8582077026367 68.0051727294922 68.0656661987305 68.0840301513672 68.0815658569336 68.0893249511719 68.2314224243164 68.33056640625 68.4174041748047 68.5020751953125 68.570915222168 68.7351989746094 68.7892379760742 68.8497772216797 69.0444183349609 69.2639999389648 69.3335418701172 69.1700210571289 69.1604766845703 69.1708068847656 69.2712478637695 69.3711853027344 70.0171813964844 70.0854263305664 70.233512878418 70.3787307739258 70.2728500366211 70.4639434814453 70.6427993774414 70.7885894775391
67.2245254516602 67.1334228515625 67.0392074584961 66.9360275268555 66.8502578735352 66.8222427368164 66.8382568359375 66.8640213012695 66.9023590087891 66.9200286865234 66.9997482299805 67.0808258056641 67.1627502441406 67.1959915161133 67.234245300293 67.3733291625977 67.4764022827148 67.5173416137695 67.555549621582 67.6990585327148 67.8472671508789 67.8623046875 67.8363571166992 67.8998413085938 67.9677276611328 68.0045013427734 68.0838088989258 68.1286849975586 68.1731872558594 68.3092651367188 68.5498580932617 68.6229858398438 68.4998550415039 68.5863723754883 68.9436950683594 69.4451904296875 69.3476486206055 68.919921875 68.765022277832 68.8385620117188 68.9932098388672 69.5752716064453 69.6446304321289 69.7650604248047 69.8794631958008 69.8168411254883 70.0155258178711 70.1651229858398 70.3034286499023
67.1520233154297 67.057243347168 66.9653778076172 66.8866500854492 66.8206939697266 66.7795028686523 66.7515716552734 66.7715148925781 66.8283004760742 66.8726654052734 66.9309997558594 67.0071868896484 67.0859985351562 67.0916748046875 67.1011047363281 67.2598495483398 67.3343048095703 67.3419342041016 67.4725189208984 67.596549987793 67.6943130493164 67.6727447509766 67.6087265014648 67.6684265136719 67.7583618164062 67.7909164428711 67.8678970336914 67.9153213500977 67.9692077636719 68.0912399291992 68.2832946777344 68.314826965332 68.1867446899414 68.1883239746094 68.3611373901367 68.6853942871094 68.7557678222656 68.5345916748047 68.4414672851562 68.4947280883789 68.6164245605469 69.0434188842773 69.1039886474609 69.1725311279297 69.2436065673828 69.3257217407227 69.4985198974609 69.6866226196289 69.888298034668
66.888916015625 66.8382110595703 66.7500762939453 66.6622314453125 66.6874847412109 66.6777801513672 66.6364974975586 66.6952590942383 66.7509078979492 66.7748718261719 66.817512512207 66.8819274902344 66.9779052734375 67.0657272338867 67.0680084228516 67.0616836547852 67.1058120727539 67.162971496582 67.2676239013672 67.3318634033203 67.3156585693359 67.3289413452148 67.3913345336914 67.43408203125 67.4269104003906 67.4084777832031 67.3760528564453 67.4187088012695 67.4903564453125 67.5702133178711 67.667854309082 67.723876953125 67.5438919067383 67.5459136962891 67.5764236450195 67.6229400634766 67.6824188232422 67.7311782836914 67.729850769043 67.7856674194336 67.935302734375 68.3034820556641 68.5206527709961 68.2935791015625 68.3929061889648 68.5453186035156 68.7189865112305 68.8935699462891 69.0803527832031
66.8022842407227 66.7535171508789 66.6879653930664 66.6350479125977 66.642463684082 66.5946426391602 66.5626907348633 66.6467132568359 66.7298049926758 66.7675399780273 66.7987213134766 66.8407440185547 66.8884735107422 66.9448165893555 67.013542175293 67.0453338623047 67.0882720947266 67.1400680541992 67.2098999023438 67.2371826171875 67.216438293457 67.2189178466797 67.2918853759766 67.3497848510742 67.3533172607422 67.2525939941406 67.20458984375 67.2417678833008 67.2776184082031 67.346794128418 67.3571395874023 67.3547973632812 67.2845916748047 67.3173446655273 67.3083953857422 67.3557281494141 67.3955688476562 67.4487533569336 67.4292297363281 67.5023574829102 67.6607666015625 68.45361328125 68.4997253417969 68.0517425537109 68.2341613769531 68.3721008300781 68.3635711669922 68.5269622802734 68.7153930664062
66.7908477783203 66.6894378662109 66.6004486083984 66.5645065307617 66.5442810058594 66.5114669799805 66.5204849243164 66.6376800537109 66.6985321044922 66.7549514770508 66.8176574707031 66.8446884155273 66.8937072753906 66.9458999633789 66.9749069213867 67.0278778076172 67.0679321289062 67.0764999389648 67.1727981567383 67.1875915527344 67.1212615966797 67.1050796508789 67.1499938964844 67.2256851196289 67.2318115234375 67.1273498535156 67.1064147949219 67.0984573364258 67.0853424072266 67.0511093139648 66.9996871948242 67.038932800293 67.0690689086914 67.1245651245117 67.2231063842773 67.2528839111328 67.1971588134766 67.218879699707 67.167854309082 67.2352447509766 67.4407577514648 68.1856689453125 68.3346633911133 67.9439086914062 67.9058380126953 67.9949951171875 67.9772186279297 68.1284332275391 68.3732070922852
66.7394790649414 66.6322250366211 66.5189437866211 66.4482345581055 66.4880599975586 66.526969909668 66.5087127685547 66.6017608642578 66.6575393676758 66.7064208984375 66.7970962524414 66.8385696411133 66.877815246582 66.9268264770508 66.9702911376953 67.0383148193359 67.0825424194336 67.0822372436523 67.0821838378906 67.0934219360352 67.0435256958008 67.0121231079102 67.0173492431641 67.0595932006836 67.0473251342773 67.0197219848633 66.9907379150391 66.9111328125 66.8497695922852 66.8440475463867 66.7737808227539 66.8127517700195 66.9074859619141 66.9210815429688 67.1397857666016 67.2023086547852 66.9207992553711 66.8869857788086 66.8953094482422 66.9145812988281 67.0506820678711 67.8340072631836 68.0465469360352 67.7035064697266 67.5054626464844 67.5707550048828 67.6646194458008 67.7698211669922 68.0010147094727
66.6167755126953 66.5528945922852 66.515007019043 66.4319305419922 66.436408996582 66.4776992797852 66.4501342773438 66.5574111938477 66.629150390625 66.7196731567383 66.8021011352539 66.8145523071289 66.8326034545898 66.8682479858398 66.9505920410156 67.0424041748047 67.0802688598633 67.0813369750977 67.0151672363281 66.9492416381836 66.9787826538086 66.9955520629883 66.9104537963867 66.8597717285156 66.8416900634766 66.8776321411133 66.8607177734375 66.728645324707 66.6569137573242 66.7806854248047 66.8052291870117 66.6117706298828 66.6253356933594 66.6285018920898 66.7550888061523 66.8086471557617 66.5945053100586 66.5577697753906 66.5927886962891 66.5938110351562 66.629768371582 68.0382614135742 68.1692810058594 67.4919052124023 67.2847442626953 67.255973815918 67.3252410888672 67.4177017211914 67.6669616699219
66.5464477539062 66.4714202880859 66.4521255493164 66.3830795288086 66.354736328125 66.3730010986328 66.4277496337891 66.5603790283203 66.637825012207 66.7654571533203 66.8599090576172 66.8492584228516 66.8952941894531 66.9203033447266 66.994499206543 67.0520706176758 67.0263748168945 67.0125579833984 66.9879379272461 66.9475936889648 66.9693222045898 66.9219055175781 66.787841796875 66.6885223388672 66.7241363525391 66.7460250854492 66.6860427856445 66.5901794433594 66.5177383422852 66.6421737670898 66.702507019043 66.4341049194336 66.3487319946289 66.3309326171875 66.3570709228516 66.3852386474609 66.3282089233398 66.2924423217773 66.3081970214844 66.4399948120117 66.5292053222656 67.9415283203125 68.7088241577148 68.242546081543 67.6347198486328 66.9695892333984 66.9899368286133 67.1087417602539 67.3480987548828
66.4573135375977 66.3841171264648 66.3852767944336 66.3731842041016 66.3684158325195 66.4020843505859 66.4121551513672 66.5323028564453 66.6127243041992 66.7153396606445 66.811279296875 66.8552627563477 66.8991165161133 66.9944839477539 67.0614395141602 67.0982818603516 67.0513534545898 67.0217056274414 66.9364852905273 66.9658813476562 66.9195861816406 66.7919311523438 66.6609344482422 66.6393280029297 66.6189880371094 66.5675506591797 66.4952392578125 66.4487457275391 66.3984756469727 66.3678817749023 66.362907409668 66.2356948852539 66.1310577392578 66.0964508056641 66.1035690307617 66.0719757080078 66.0506210327148 66.1850204467773 66.3861770629883 66.365119934082 66.4236145019531 68.155387878418 68.9661560058594 68.8373184204102 68.0287322998047 66.6114044189453 66.6432495117188 66.8300323486328 67.0839996337891
66.3318176269531 66.2509841918945 66.2759246826172 66.2989654541016 66.3314743041992 66.3808212280273 66.364128112793 66.5232086181641 66.5896301269531 66.6926574707031 66.7700653076172 66.8573379516602 66.8974609375 66.8125534057617 66.7268829345703 66.9118194580078 67.0542526245117 67.0409622192383 66.9023132324219 66.8596954345703 66.775032043457 66.6695251464844 66.5977783203125 66.5888900756836 66.4932250976562 66.4084014892578 66.3660888671875 66.2957992553711 66.2096328735352 66.1734085083008 66.2980041503906 66.2203979492188 65.9127044677734 65.8725357055664 65.8470993041992 65.9033813476562 65.9448165893555 65.8937377929688 66.012939453125 65.9905700683594 66.021858215332 67.3669128417969 67.6862182617188 67.6337356567383 66.9744262695312 66.2558975219727 66.3299179077148 66.5496673583984 66.757926940918
