rcp8.5models/GFDL_CM3/sc1gr0.32
NCOLS 261 
NROWS 433 
XLLCORNER 336357.134 
YLLCORNER 654653.479 
CELLSIZE 1000 
NODATA_value -9999 
[rows 154 to 175 of 433, columns 50 to 99 of 261]
73.0505447387695 73.0176010131836 73.1795196533203 73.3790893554688 73.6682739257812 73.7078094482422 74.2385635375977 74.6011047363281 74.517822265625 74.5449523925781 74.6689147949219 74.8575210571289 75.0431365966797 75.1058044433594 75.1001663208008 75.2842712402344 75.5733795166016 75.9082565307617 75.9778213500977 76.1490173339844 76.3473663330078 76.4717102050781 76.8030395507812 76.8713684082031 77.1699905395508 77.2726440429688 77.2428131103516 77.3824844360352 77.7423553466797 77.9372482299805 78.1674118041992 78.317626953125 78.4325790405273 78.6314010620117 78.8689956665039 79.0533752441406 79.1345062255859 79.3201141357422 79.3832855224609 79.4403533935547 79.6568450927734 79.6532135009766 79.6812133789062 79.7842254638672 80.0538940429688 80.1287841796875 80.1287460327148 80.1180725097656 80.1533203125 80.3315811157227
73.2576599121094 73.3199081420898 73.4561309814453 73.613410949707 73.8488311767578 74.0027160644531 74.4661483764648 74.7356033325195 74.6253051757812 74.6839981079102 74.8048248291016 75.0054397583008 75.2022323608398 75.2391510009766 75.2036743164062 75.4891967773438 75.7811737060547 75.9129791259766 75.9851379394531 76.1970062255859 76.4897537231445 76.5981979370117 76.8511047363281 76.9979553222656 77.2167434692383 77.4110717773438 77.4773101806641 77.5135955810547 77.827392578125 78.0529632568359 78.1928558349609 78.3526000976562 78.4939041137695 78.5979537963867 78.9190673828125 79.0830764770508 79.1533050537109 79.3464965820312 79.5174560546875 79.5236968994141 79.7494277954102 79.752571105957 79.6463928222656 79.8020248413086 80.004638671875 80.1638946533203 80.1274642944336 80.1572036743164 80.3423919677734 80.4293975830078
73.50341796875 73.5522384643555 73.6108322143555 73.878532409668 73.9920349121094 74.1367111206055 74.6212844848633 74.8450546264648 74.8514404296875 74.7491760253906 75.081428527832 75.1701889038086 75.332275390625 75.4481201171875 75.4770965576172 75.8250122070312 75.9227142333984 76.0245132446289 76.2235336303711 76.3314590454102 76.6012649536133 76.8378219604492 77.015007019043 77.1216354370117 77.2500839233398 77.4729537963867 77.5877914428711 -9999 78.0164794921875 78.1781539916992 78.2240982055664 78.3929748535156 78.6137161254883 78.8515625 78.9792175292969 79.0549850463867 79.2221755981445 79.3620300292969 79.6102066040039 79.6493759155273 79.8381500244141 79.8681182861328 79.7870788574219 79.9648666381836 79.9360656738281 80.0956344604492 80.1462936401367 80.2326736450195 80.2876892089844 -9999
73.7781066894531 73.7819747924805 73.8254089355469 74.1173324584961 74.1216430664062 74.3708648681641 74.7253952026367 75.0410690307617 75.0105361938477 75.0447158813477 75.3851089477539 75.4326553344727 75.4579391479492 75.6489181518555 75.7056198120117 76.0769577026367 76.1499252319336 76.3431396484375 76.5835800170898 76.6304092407227 76.7091903686523 77.0337753295898 77.0861740112305 77.3699264526367 77.3534774780273 77.6539611816406 77.6949996948242 77.8298492431641 78.0450668334961 78.0885467529297 78.3231964111328 78.4619522094727 78.7497863769531 78.9636611938477 78.9992446899414 79.0264282226562 79.2045288085938 79.3680877685547 79.6274490356445 79.6304626464844 79.8788528442383 79.972297668457 79.9748077392578 80.0818939208984 79.9085311889648 79.9864730834961 80.1475296020508 80.2327575683594 80.2190704345703 80.1813659667969
73.7717132568359 74.0525131225586 74.1788787841797 74.3299102783203 74.4113311767578 74.4372482299805 74.8642196655273 75.1534805297852 75.3356475830078 75.3865432739258 75.5699768066406 75.5701446533203 75.7695617675781 75.9411392211914 76.0223922729492 76.2552337646484 76.3826599121094 76.5525741577148 76.8599090576172 76.8576736450195 76.774543762207 76.9776763916016 77.0370712280273 77.4985427856445 77.5138244628906 77.6732482910156 77.8902816772461 77.8995666503906 78.1833343505859 78.1244735717773 78.4229202270508 78.4797668457031 78.6981964111328 78.9050750732422 79.0712509155273 79.1601104736328 79.2223739624023 79.3392868041992 79.4878921508789 79.5656890869141 79.8423156738281 80.008918762207 80.0111465454102 80.0434722900391 79.9765548706055 79.9233856201172 80.1089630126953 80.2624664306641 80.2897262573242 80.1924591064453
74.150260925293 74.0175628662109 74.1929168701172 74.4011535644531 74.6169509887695 74.7448654174805 75.181037902832 75.2683029174805 75.4303741455078 75.5945129394531 75.6761627197266 75.6584091186523 76.0157852172852 76.1603240966797 76.2133026123047 76.4173355102539 76.5082855224609 76.798469543457 77.0613250732422 77.0690841674805 76.9115905761719 77.1020584106445 77.1745376586914 77.4033889770508 77.7333450317383 77.7323608398438 78.0054016113281 78.1335067749023 78.4733352661133 78.3409957885742 78.5804290771484 78.4888763427734 78.7596130371094 79.0163879394531 79.1034240722656 79.2171020507812 79.3426208496094 79.3936614990234 79.548583984375 79.6053237915039 79.8779449462891 80.0907821655273 80.0175933837891 80.0958404541016 80.0567245483398 79.9158096313477 80.2297210693359 80.2121047973633 80.3130950927734 80.1932907104492
74.1891403198242 74.2212142944336 74.4454345703125 74.6310043334961 74.7653427124023 74.9057159423828 75.2592391967773 75.3874206542969 75.6014938354492 75.8689880371094 75.918701171875 76.084587097168 76.0644149780273 76.1731338500977 76.3129119873047 76.5834197998047 76.6508636474609 -9999 77.0855407714844 77.2231979370117 77.1318664550781 77.3125381469727 77.4228744506836 77.4856567382812 77.8525314331055 77.972785949707 78.0625152587891 78.1879272460938 78.6149291992188 78.5733642578125 78.7361831665039 78.684814453125 78.8409881591797 78.9515991210938 79.064453125 79.2267761230469 79.3225784301758 79.4587326049805 79.57470703125 79.7718887329102 79.8947067260742 80.0572052001953 80.0492401123047 80.2441101074219 80.1867370605469 80.1893844604492 80.3079681396484 80.2584457397461 80.2301559448242 80.1840057373047
74.6128540039062 74.530143737793 74.7306365966797 74.8239212036133 74.9863052368164 75.3004913330078 75.5353317260742 75.7700271606445 75.9901123046875 76.0618362426758 76.2361373901367 76.1554794311523 76.4184265136719 76.6039810180664 76.7518692016602 76.9345855712891 76.9051055908203 77.1181030273438 77.3976974487305 77.4066009521484 77.3912048339844 77.613525390625 77.7933654785156 77.718879699707 77.99853515625 78.2684173583984 78.2758178710938 78.3897094726562 78.7541885375977 78.7059707641602 78.738899230957 78.9451446533203 78.9873046875 79.0998687744141 79.0649032592773 79.3600692749023 79.4357223510742 79.5095825195312 79.5659027099609 79.6858673095703 79.9413299560547 80.0623397827148 80.1997909545898 80.1647033691406 80.2132949829102 80.1895217895508 80.2196655273438 80.1561889648438 80.0859298706055 80.1205978393555
74.8128204345703 74.5503921508789 74.9053726196289 74.9820022583008 75.3203048706055 75.3405532836914 75.7449188232422 75.9585266113281 76.1101226806641 76.070198059082 76.273193359375 76.3928146362305 76.526611328125 76.6786956787109 76.888786315918 76.8908615112305 76.9495010375977 77.2548217773438 77.5290832519531 77.6264038085938 77.5789031982422 77.7171401977539 77.7827224731445 78.0023574829102 78.0674362182617 78.3817138671875 78.3797988891602 78.4608840942383 78.8517990112305 78.7320251464844 78.8954620361328 79.1294403076172 79.0507125854492 79.1701049804688 79.1291427612305 79.4634399414062 79.4990463256836 79.6059722900391 79.7321701049805 79.7448806762695 80.0490417480469 80.1793518066406 80.1725463867188 80.2848281860352 80.2175216674805 80.2059783935547 80.201042175293 80.2225341796875 80.1777267456055 80.0191497802734
74.7401351928711 74.5728149414062 74.8275299072266 75.0321884155273 75.3466644287109 75.3921585083008 75.9100036621094 76.1003875732422 76.1075973510742 76.1900787353516 76.2793350219727 76.5506820678711 76.6492691040039 76.8292388916016 76.9348983764648 77.0276412963867 77.0624618530273 77.3552780151367 77.5729598999023 77.7577667236328 77.8211441040039 77.9935836791992 77.8119964599609 78.1743316650391 78.2090530395508 78.4211120605469 78.4586181640625 78.5010986328125 78.8808288574219 78.8979949951172 79.0728378295898 79.2370223999023 79.0950012207031 79.2216415405273 79.3401107788086 79.5499725341797 79.604606628418 79.6989364624023 79.7329483032227 79.7203750610352 80.1014099121094 80.204475402832 80.0986175537109 80.3587188720703 80.2362518310547 80.283821105957 80.2021408081055 80.2438888549805 80.2262954711914 80.0991439819336
74.7215194702148 75.0465698242188 75.0994262695312 75.1941070556641 75.4260482788086 75.7015380859375 75.9931335449219 76.1612091064453 76.212532043457 76.3524398803711 76.3665618896484 76.5107955932617 76.8489837646484 77.0356063842773 77.17822265625 77.1907577514648 77.2271118164062 77.4595794677734 77.6353759765625 77.8429336547852 77.9175186157227 78.2015991210938 78.2828369140625 78.3895263671875 78.352294921875 78.337890625 78.498046875 78.5994338989258 78.9605865478516 79.0946578979492 79.2428665161133 79.2849044799805 79.1134490966797 79.2095642089844 79.3919982910156 79.5332946777344 79.6071090698242 79.7054443359375 79.8518905639648 79.8266143798828 80.0933990478516 80.1359558105469 80.3051300048828 80.3366851806641 80.3172225952148 80.3025131225586 80.2461318969727 80.2378005981445 80.1754913330078 80.2904281616211
74.8289184570312 74.9079971313477 75.433967590332 75.5426712036133 75.6377029418945 75.9352111816406 76.1349716186523 76.2970428466797 76.4141845703125 76.4344863891602 76.5952377319336 76.7224197387695 76.9097900390625 77.0012359619141 77.2418670654297 77.2052764892578 77.4480209350586 77.600700378418 77.7575454711914 77.896110534668 78.0562438964844 78.2092819213867 78.3361511230469 78.5049057006836 78.4444732666016 78.3354415893555 78.5527420043945 78.8703842163086 78.9960021972656 79.1345672607422 79.2208404541016 79.3815383911133 79.2410049438477 79.2030258178711 79.3911285400391 79.6482315063477 79.6792984008789 79.7709503173828 79.9065628051758 79.9250640869141 80.1443405151367 80.1880493164062 80.3369750976562 80.3624572753906 80.3692779541016 80.3208541870117 80.2686157226562 80.2311859130859 80.1889801025391 80.3941421508789
74.9396209716797 74.8729629516602 75.4605255126953 75.6304626464844 75.8655853271484 76.3440246582031 76.1989669799805 76.4139556884766 76.5405426025391 76.4987487792969 76.694709777832 76.9028244018555 77.0357437133789 77.1535949707031 77.2918930053711 77.3392715454102 77.5191192626953 77.6949310302734 77.7883224487305 78.0684585571289 78.2666931152344 78.4357299804688 78.3331451416016 78.5496826171875 78.6712951660156 78.45849609375 -9999 79.1140289306641 79.0394515991211 79.1430206298828 79.2839202880859 79.4876708984375 79.248779296875 79.276741027832 79.3559951782227 79.7121505737305 79.8444213867188 79.9067916870117 79.9169158935547 79.9110412597656 80.1975479125977 80.271598815918 80.1923141479492 80.253288269043 80.3329772949219 80.3431167602539 80.2653198242188 80.2896881103516 80.3975448608398 80.3618698120117
75.2090301513672 75.1276473999023 75.4914321899414 75.6834869384766 76.2037582397461 76.013671875 76.1583938598633 76.4526290893555 76.617919921875 76.5334320068359 76.7411346435547 76.8706741333008 77.0059967041016 77.2691879272461 77.4521942138672 77.5779190063477 77.6941452026367 77.9273376464844 77.9094009399414 78.1138076782227 78.356086730957 78.4577255249023 78.5158538818359 78.5814208984375 78.870491027832 78.7725524902344 78.8361282348633 79.1013107299805 79.0937881469727 79.2833709716797 79.3134155273438 79.4465484619141 79.4230575561523 79.3601150512695 79.4824676513672 79.6460571289062 79.8422470092773 79.8885803222656 79.9958648681641 79.9939575195312 80.0795822143555 80.3303909301758 80.3271179199219 80.2696990966797 80.362678527832 80.2599868774414 80.2618789672852 80.3000640869141 80.4470748901367 80.3754730224609
75.3450088500977 75.4470367431641 75.71142578125 75.9018173217773 76.0371856689453 76.1974105834961 76.238655090332 76.4699020385742 76.7091979980469 76.6463928222656 76.8469848632812 77.0699615478516 77.2004852294922 77.5346984863281 77.6068420410156 77.7096252441406 78.0149841308594 78.0641555786133 78.1510314941406 78.2689056396484 78.3496856689453 78.5484466552734 78.6514282226562 78.6768341064453 78.9309844970703 78.9674377441406 79.0052871704102 79.2438430786133 79.2301406860352 79.3226470947266 79.3586044311523 79.4767074584961 79.5121154785156 79.4359130859375 79.6365737915039 79.686767578125 79.7825241088867 79.9261932373047 80.042121887207 80.0959625244141 80.1943664550781 80.303352355957 80.4093246459961 80.3604354858398 80.3560256958008 80.2167434692383 80.308952331543 80.3216323852539 80.4103622436523 80.4436645507812
75.4005126953125 75.7550582885742 75.8473129272461 76.0476684570312 76.284797668457 76.4220123291016 76.410400390625 76.6135864257812 76.6942672729492 76.7447967529297 77.1557083129883 77.330192565918 77.3622512817383 77.6867294311523 77.822509765625 77.8651962280273 78.0842056274414 78.1358795166016 78.2673110961914 -9999 78.4482269287109 78.4604797363281 78.5722961425781 78.8135147094727 78.9568481445312 79.1047058105469 79.1084289550781 79.1842422485352 79.4563598632812 79.4630737304688 79.5218734741211 79.5497589111328 79.6607971191406 79.6653213500977 79.8293380737305 79.8637237548828 79.810188293457 79.984619140625 80.0874252319336 80.1294021606445 80.2808685302734 80.3199005126953 80.4718551635742 80.5575866699219 80.4286880493164 80.2997665405273 80.3490524291992 80.3827514648438 80.4137878417969 80.4990921020508
75.6626815795898 75.8143768310547 75.9721527099609 76.0706253051758 76.3674087524414 76.3381652832031 76.6817932128906 76.8114166259766 76.9238128662109 77.0656356811523 77.3196868896484 77.3850479125977 77.5378494262695 77.7400894165039 77.8594665527344 77.9500198364258 78.1647491455078 78.2009201049805 78.2459182739258 78.3122940063477 78.5029602050781 78.4055938720703 78.6264953613281 78.7726593017578 78.9681930541992 79.1528244018555 79.1159744262695 79.2128448486328 79.45947265625 79.5524978637695 79.6039733886719 79.577522277832 79.6200942993164 79.7280960083008 79.8785095214844 79.9632949829102 79.9372863769531 80.0605010986328 80.06884765625 80.1335983276367 80.3624267578125 80.4515838623047 80.5909194946289 80.6181182861328 80.4165344238281 80.1946868896484 80.2231826782227 80.3650741577148 80.4324111938477 80.5610961914062
75.7752456665039 75.8562469482422 76.0739517211914 76.3572311401367 76.3175506591797 76.4409103393555 76.6926956176758 76.9134063720703 77.0210342407227 77.3561401367188 77.4063568115234 77.4928207397461 77.7246627807617 77.8627548217773 77.8951263427734 77.9980850219727 78.1804275512695 78.2299575805664 78.2942962646484 -9999 78.4198913574219 78.6448287963867 78.6761093139648 78.6717529296875 78.9247131347656 79.1674728393555 79.1900482177734 79.3090133666992 79.474365234375 79.6260757446289 79.5556030273438 79.5930023193359 79.7705307006836 79.7901000976562 79.8937683105469 79.9630279541016 79.956413269043 80.133659362793 80.1858444213867 80.2233657836914 80.3829574584961 80.5126876831055 80.6309661865234 80.581916809082 80.3880081176758 80.2169494628906 80.2929534912109 80.3468780517578 80.4480667114258 80.468879699707
75.8618545532227 76.0395736694336 76.1237945556641 76.3539505004883 76.4106063842773 76.5461196899414 76.8021011352539 76.9433975219727 77.0152816772461 77.1825942993164 77.4027786254883 77.5858764648438 77.734245300293 77.9239273071289 77.9803161621094 78.0535125732422 78.1185684204102 78.3920440673828 78.4288482666016 78.50244140625 78.5219802856445 78.8161468505859 78.7664184570312 78.9145431518555 79.140754699707 79.2967910766602 79.4193649291992 79.4996871948242 79.7123184204102 79.677619934082 79.7671966552734 79.7354278564453 79.9773178100586 -9999 80.0842361450195 80.1302108764648 79.9707336425781 80.1290817260742 80.1894836425781 80.2992706298828 80.2521820068359 80.4182891845703 80.5987396240234 80.5950698852539 80.3644180297852 80.4502868652344 80.4017715454102 80.3663940429688 80.3689651489258 80.3876876831055
76.1486129760742 76.5254440307617 76.6452484130859 76.7554550170898 76.7882843017578 76.9796524047852 77.1973190307617 77.2444305419922 77.3772125244141 77.5265960693359 77.6902465820312 77.6531524658203 77.9444351196289 78.0344161987305 78.0809020996094 78.2072601318359 78.2360229492188 78.4170455932617 78.4357681274414 78.5897674560547 78.79541015625 78.8380432128906 78.9210662841797 79.19677734375 79.2714767456055 79.3522415161133 79.3681488037109 79.5834732055664 79.699104309082 79.8280334472656 79.9207992553711 79.9632568359375 80.0828018188477 80.1857070922852 80.2896881103516 80.2301330566406 80.0494232177734 80.0785522460938 -9999 80.1793518066406 80.4788055419922 80.5926895141602 80.6641387939453 80.7540588378906 80.5538482666016 80.4995422363281 80.475341796875 80.5580062866211 80.3862075805664 80.3784255981445
76.4127502441406 76.5627670288086 76.6857833862305 76.6687393188477 76.9806823730469 77.1043319702148 77.2971572875977 77.469108581543 77.3238372802734 77.4752883911133 77.6834945678711 77.8761520385742 78.0939636230469 77.9993362426758 78.1503219604492 78.3100662231445 78.2670288085938 78.584587097168 78.5137786865234 78.7340774536133 78.855842590332 78.9201202392578 78.9656753540039 79.1329040527344 79.281623840332 79.3101272583008 79.4237213134766 79.4422073364258 79.8482055664062 79.8730239868164 79.9046401977539 79.9508209228516 80.1456680297852 80.1513366699219 80.3184051513672 80.2523727416992 80.2092361450195 80.2736434936523 80.3016967773438 80.3212127685547 80.4931793212891 80.5525131225586 80.5678863525391 80.5972747802734 80.6794128417969 80.6001663208008 80.5194396972656 80.5781631469727 80.5209045410156 80.4119644165039
76.5488815307617 76.6061248779297 76.6584014892578 76.7791442871094 77.0892562866211 77.0956268310547 77.2623062133789 77.4211578369141 77.3520050048828 77.5097579956055 77.8576889038086 78.0118255615234 78.0938339233398 78.0127105712891 78.1910171508789 78.2875595092773 78.2419967651367 78.5078201293945 78.575439453125 78.7981491088867 78.8406524658203 78.9708557128906 79.1004180908203 79.2243804931641 79.3163375854492 79.3848419189453 79.4887313842773 79.4390411376953 79.6286010742188 79.9085006713867 79.9023895263672 80.0231170654297 80.2126007080078 80.2805480957031 80.2778396606445 80.2757568359375 80.3930358886719 80.4237518310547 80.4539184570312 80.4023590087891 80.4894866943359 80.5298461914062 80.4930877685547 80.5745620727539 80.7167892456055 80.7368240356445 80.6353607177734 80.551643371582 80.5358123779297 80.4205856323242
