rcp8.5models/GFDL_CM3/sc1gr2.20
NCOLS 261 
NROWS 433 
XLLCORNER 336357.134 
YLLCORNER 654653.479 
CELLSIZE 1000 
NODATA_value -3.4e+38 
[rows 264 to 285 of 433, columns 49 to 97 of 261]
354.789947509766 354.672332763672 354.571228027344 354.49658203125 354.827362060547 355.265319824219 355.031188964844 354.992492675781 355.373962402344 355.444030761719 355.179809570312 355.231292724609 355.519989013672 355.453826904297 355.201782226562 354.911834716797 354.383697509766 354.838348388672 355.193267822266 354.956665039062 355.055389404297 354.954864501953 355.240875244141 355.423309326172 355.092071533203 355.13671875 355.416076660156 355.832122802734 356.257965087891 356.418182373047 355.516937255859 355.433044433594 355.547088623047 355.630462646484 355.704711914062 355.686340332031 355.215850830078 355.628631591797 356.062408447266 355.952117919922 356.349517822266 355.254516601562 354.646759033203 353.7734375 353.931884765625 354.361877441406 352.547485351562 352.201354980469 351.591918945312
354.809967041016 354.691467285156 354.5888671875 354.472503662109 354.560638427734 354.683929443359 354.657073974609 354.580230712891 354.636749267578 355.460876464844 355.71142578125 355.41943359375 355.149353027344 355.233245849609 355.281829833984 355.054138183594 354.632293701172 354.999755859375 354.647552490234 354.858276367188 355.362518310547 355.174896240234 355.126647949219 354.88037109375 354.688934326172 354.732086181641 354.926208496094 355.679595947266 356.616241455078 356.184143066406 355.825592041016 355.387237548828 355.211090087891 355.572082519531 355.498657226562 354.9423828125 354.837829589844 355.171081542969 355.386962890625 355.826904296875 355.75439453125 355.182312011719 354.693389892578 354.143646240234 353.526763916016 353.262176513672 352.479461669922 352.012725830078 349.990417480469
354.1806640625 354.036987304688 353.765441894531 353.476654052734 353.537567138672 354.114166259766 354.716644287109 353.811492919922 353.800231933594 353.772979736328 354.320159912109 354.979278564453 354.560333251953 354.726898193359 355.037780761719 355.425872802734 355.183654785156 354.663940429688 353.906280517578 354.073394775391 354.600524902344 354.905944824219 355.089233398438 355.237182617188 355.020477294922 354.565856933594 355.264312744141 355.650817871094 356.112731933594 356.275817871094 355.715850830078 355.390167236328 355.274932861328 354.909301757812 354.396453857422 354.341979980469 354.839813232422 354.691650390625 355.373962402344 355.899505615234 355.314239501953 354.958526611328 354.768218994141 353.623168945312 351.239593505859 349.117736816406 350.401641845703 352.097808837891 344.897613525391
353.474334716797 353.743133544922 353.618957519531 353.491516113281 353.360687255859 353.837615966797 354.477478027344 353.768737792969 353.987884521484 353.740905761719 353.469268798828 354.196044921875 353.927215576172 354.055297851562 354.553588867188 354.928588867188 355.271453857422 354.864349365234 354.209869384766 354.179351806641 354.358917236328 354.265075683594 354.405883789062 354.7431640625 354.475280761719 354.226623535156 355.438568115234 356.049224853516 356.130401611328 356.500823974609 355.308715820312 354.374145507812 354.646545410156 354.819732666016 354.409515380859 354.46533203125 354.75146484375 354.944213867188 355.391754150391 355.299438476562 354.717529296875 355.005950927734 355.235748291016 354.083557128906 352.503326416016 351.759613037109 351.824096679688 351.921173095703 345.672149658203
353.42626953125 353.758605957031 353.633728027344 353.505584716797 353.374145507812 353.72021484375 354.198638916016 353.090118408203 353.456390380859 353.652252197266 353.613189697266 354.082763671875 353.84814453125 353.571502685547 353.719543457031 354.294738769531 354.819458007812 355.092712402344 354.3388671875 354.137573242188 354.156311035156 354.713165283203 354.663604736328 354.570404052734 354.218719482422 354.296630859375 355.621063232422 355.746490478516 355.341003417969 356.115997314453 354.897308349609 352.890747070312 353.52587890625 355.007263183594 354.460083007812 355.109466552734 355.146392822266 355.182586669922 354.9921875 354.508361816406 354.286407470703 354.017669677734 355.161712646484 354.293548583984 353.603393554688 353.136932373047 352.737609863281 351.880218505859 342.98828125
353.491546630859 353.495941162109 353.263153076172 353.518890380859 353.443267822266 353.745849609375 354.113159179688 352.794891357422 353.096893310547 353.529388427734 353.524017333984 353.821075439453 354.043212890625 353.873168945312 353.739868164062 353.95556640625 354.576873779297 354.966796875 354.065734863281 353.840576171875 354.087677001953 354.471618652344 354.980926513672 354.917785644531 354.196319580078 354.192291259766 355.317077636719 355.570861816406 355.373962402344 355.254119873047 354.588745117188 353.217315673828 354.020629882812 355.466491699219 354.805725097656 355.092620849609 355.129913330078 355.166412353516 354.588623046875 353.652984619141 353.913177490234 353.312652587891 353.558746337891 353.575164794922 352.497406005859 351.683746337891 351.125549316406 352.282989501953 344.947509765625
353.322113037109 353.424774169922 353.186553955078 353.149444580078 353.702819824219 353.830108642578 353.473083496094 352.837127685547 353.144958496094 353.427703857422 353.294799804688 353.591888427734 353.696655273438 353.997650146484 353.722473144531 353.209045410156 353.693328857422 354.418548583984 353.518371582031 353.494842529297 353.865783691406 353.958129882812 354.516174316406 355.126800537109 354.417449951172 354.383270263672 355.061248779297 355.224945068359 355.022094726562 355.072174072266 355.080139160156 354.279113769531 354.510223388672 355.244720458984 355.036590576172 355.074920654297 354.882995605469 354.562469482422 354.277893066406 353.804443359375 353.998992919922 352.362487792969 350.684753417969 351.014221191406 350.206481933594 350.154052734375 350.83984375 352.089813232422 347.008972167969
353.69677734375 353.688354492188 353.251190185547 352.964782714844 353.555206298828 353.475250244141 353.134338378906 353.116058349609 353.277709960938 353.154632568359 353.219757080078 353.183624267578 353.478057861328 353.711151123047 353.23974609375 352.565093994141 352.079437255859 352.875640869141 353.26953125 353.317565917969 353.520080566406 353.890167236328 354.632507324219 355.102325439453 354.550933837891 354.596160888672 355.041290283203 354.885833740234 354.285797119141 354.973358154297 355.098937988281 353.794342041016 352.549224853516 353.433044433594 354.067504882812 354.697998046875 354.932922363281 354.717895507812 354.752746582031 354.786773681641 354.819976806641 351.981262207031 349.914459228516 349.944091796875 350.472137451172 351.78466796875 352.379943847656 352.270874023438 348.226409912109
353.937408447266 353.812896728516 353.540557861328 353.356842041016 353.420776367188 353.362060546875 353.250885009766 353.274444580078 353.59814453125 353.212951660156 352.932708740234 352.959167480469 353.230590820312 353.452728271484 353.276306152344 352.414855957031 351.639526367188 351.832611083984 353.498748779297 353.912322998047 353.706817626953 353.544525146484 354.475982666016 355.076995849609 354.527709960938 354.573211669922 354.776580810547 354.498046875 353.865783691406 354.792907714844 354.835144042969 353.287658691406 350.371826171875 350.452239990234 351.0439453125 351.930725097656 354.843872070312 354.526275634766 355.022430419922 355.768188476562 355.574890136719 351.414672851562 349.872589111328 350.090728759766 352.466705322266 353.984069824219 353.187225341797 352.061676025391 348.474304199219
353.665557861328 353.446411132812 353.696441650391 353.565124511719 353.430725097656 353.335235595703 353.33203125 353.252502441406 353.0966796875 352.918640136719 352.763092041016 352.859680175781 352.941650390625 353.352081298828 353.239318847656 352.422760009766 352.058471679688 351.330932617188 353.008972167969 353.648590087891 353.794372558594 353.978485107422 354.588806152344 355.29931640625 355.113189697266 354.911102294922 354.349853515625 353.388488769531 352.72119140625 354.411529541016 354.813079833984 353.496795654297 349.586517333984 348.179626464844 349.268829345703 349.838195800781 353.593444824219 354.554260253906 355.625152587891 356.165893554688 355.809753417969 352.967193603516 351.927673339844 352.445495605469 352.730712890625 352.638275146484 353.706146240234 352.37060546875 348.692626953125
353.153472900391 352.981750488281 353.048614501953 352.9189453125 352.786224365234 352.650482177734 352.577819824219 352.855194091797 352.731872558594 352.681671142578 352.619415283203 352.628875732422 352.87841796875 353.081207275391 352.904296875 352.410705566406 352.366912841797 352.346984863281 352.861389160156 353.605010986328 353.447143554688 353.974884033203 354.543426513672 355.070495605469 355.478576660156 355.117950439453 354.164398193359 353.049896240234 352.422698974609 353.908721923828 353.953491210938 353.63232421875 351.255981445312 348.578063964844 349.864044189453 350.882202148438 352.948150634766 354.509002685547 355.878692626953 355.792694091797 355.788421630859 353.889556884766 353.097229003906 353.740203857422 352.943664550781 352.717163085938 354.018005371094 353.486724853516 351.992370605469
352.322937011719 352.471527099609 352.716796875 352.584289550781 352.168121337891 351.938140869141 351.9931640625 352.636779785156 352.729400634766 352.660949707031 352.639709472656 352.399353027344 352.247375488281 352.317779541016 352.489471435547 352.624786376953 352.365417480469 352.205505371094 353.357421875 353.800170898438 353.517120361328 354.084106445312 354.106658935547 354.455902099609 355.203369140625 354.731384277344 354.13720703125 353.674346923828 353.594268798828 354.079528808594 352.8818359375 352.423492431641 352.684387207031 350.947937011719 349.978942871094 350.239685058594 352.305145263672 353.776672363281 354.986755371094 355.289886474609 355.185546875 351.814605712891 352.079223632812 352.271423339844 352.725891113281 354.222473144531 353.649200439453 354.023162841797 354.455413818359
351.989654541016 352.003997802734 352.068511962891 352.22119140625 352.307037353516 352.155517578125 352.128387451172 352.549072265625 352.635345458984 352.648864746094 352.578002929688 352.172729492188 351.80859375 352.137908935547 352.404632568359 352.11962890625 351.771667480469 351.917083740234 353.656616210938 353.4091796875 353.394073486328 353.669097900391 353.558776855469 353.951385498047 354.65625 354.472351074219 354.356719970703 354.329345703125 354.201599121094 353.564056396484 350.979217529297 350.883331298828 352.826324462891 352.776916503906 350.527221679688 347.385009765625 348.972015380859 352.604156494141 354.814483642578 354.871673583984 354.622253417969 352.229675292969 352.4384765625 352.864532470703 353.311096191406 354.779296875 353.714935302734 353.730987548828 354.340148925781
351.993072509766 351.865325927734 351.734619140625 351.751068115234 351.811737060547 351.975708007812 352.289733886719 352.482818603516 352.546234130859 352.603179931641 352.588745117188 352.196075439453 352.019195556641 352.331115722656 352.346496582031 352.464111328125 352.383819580078 352.42431640625 353.069396972656 352.281524658203 352.231353759766 352.896118164062 353.302856445312 353.512084960938 354.040985107422 354.444793701172 354.242584228516 353.686981201172 353.463073730469 352.931030273438 350.498046875 350.734344482422 353.040893554688 353.599060058594 352.725769042969 350.943420410156 351.420776367188 353.173309326172 354.691833496094 354.681091308594 354.283203125 352.926452636719 353.131652832031 353.738159179688 354.194458007812 354.577301025391 354.401275634766 354.290374755859 354.138610839844
351.543243408203 351.531616210938 351.750030517578 351.615234375 351.763275146484 351.714080810547 351.64501953125 351.813049316406 351.374816894531 351.694732666016 351.926300048828 351.779357910156 351.879272460938 352.167144775391 352.790954589844 352.8427734375 352.894226074219 352.9453125 352.688995361328 353.09619140625 352.983703613281 352.970123291016 352.569030761719 352.517669677734 353.478912353516 353.099426269531 353.452331542969 353.668426513672 352.217895507812 352.292846679688 351.304229736328 351.340423583984 353.747467041016 354.030303955078 354.587585449219 354.4677734375 353.913513183594 353.953247070312 353.992218017578 354.030395507812 354.067749023438 352.414398193359 351.927978515625 353.950744628906 353.78759765625 353.581665039062 353.908508300781 353.725067138672 354.137786865234
351.216094970703 351.108581542969 351.283569335938 351.397033691406 351.636840820312 351.540710449219 351.355560302734 351.746002197266 351.390472412109 351.555023193359 351.476776123047 351.481109619141 352.242736816406 352.495147705078 352.488433837891 352.184051513672 352.50439453125 352.647705078125 352.176361083984 352.448089599609 352.759246826172 352.9052734375 352.017456054688 351.588897705078 352.438323974609 353.126495361328 353.317291259766 353.331237792969 352.501373291016 352.649353027344 352.964630126953 352.716857910156 353.234436035156 352.749786376953 353.279144287109 353.265380859375 352.716186523438 353.231964111328 353.965789794922 354.004302978516 353.343566894531 349.155670166016 349.511596679688 352.692352294922 352.051116943359 352.008361816406 353.883636474609 353.25537109375 353.033874511719
351.026977539062 350.971221923828 351.014617919922 350.980133056641 350.837371826172 350.984558105469 350.955993652344 351.667266845703 351.752624511719 351.598052978516 351.088928222656 351.091247558594 352.171661376953 352.672027587891 352.293060302734 351.238006591797 351.545989990234 352.185089111328 351.981536865234 352.293823242188 352.598968505859 352.354766845703 351.757934570312 351.228942871094 351.862762451172 352.720062255859 352.855499267578 352.68505859375 352.182647705078 353.3310546875 353.704864501953 353.053253173828 352.519104003906 351.490997314453 350.633972167969 350.434906005859 351.035247802734 351.782257080078 353.356628417969 353.631652832031 352.337341308594 348.262542724609 348.610443115234 350.641052246094 351.335052490234 352.015533447266 353.514739990234 353.113189697266 352.432159423828
350.935974121094 350.957977294922 350.890441894531 350.698303222656 350.492889404297 350.5068359375 350.451873779297 350.743988037109 350.938842773438 351.241271972656 351.350036621094 351.225524902344 351.342315673828 351.652099609375 351.629180908203 350.792907714844 351.050384521484 351.735931396484 351.683288574219 351.809783935547 352.269897460938 352.097961425781 351.981811523438 351.804321289062 352.01708984375 352.037994384766 352.157440185547 352.200012207031 351.601470947266 353.098022460938 353.045684814453 351.879516601562 350.9619140625 350.701599121094 348.924926757812 348.431762695312 350.552825927734 351.546203613281 352.801696777344 353.463928222656 352.554901123047 348.082763671875 347.925018310547 349.590881347656 351.336700439453 351.799621582031 352.544921875 353.033996582031 352.378387451172
350.293548583984 350.519714355469 350.871307373047 350.730499267578 350.496856689453 350.354156494141 350.240478515625 350.278228759766 350.468292236328 350.760070800781 351.138519287109 351.160003662109 350.405853271484 349.860229492188 350.157287597656 350.978515625 351.200439453125 351.359375 351.396697998047 351.480010986328 351.137939453125 351.363006591797 352.113220214844 352.162292480469 351.954040527344 351.487609863281 351.474700927734 351.838409423828 352.000213623047 351.000885009766 350.460601806641 352.075225830078 351.814361572266 351.781219482422 349.651489257812 348.681274414062 350.380249023438 351.25732421875 351.878875732422 352.589202880859 352.145233154297 346.588012695312 346.446044921875 348.620483398438 349.8837890625 350.829315185547 352.001495361328 352.608459472656 351.472137451172
349.726623535156 349.686248779297 350.164703369141 350.332305908203 350.500244140625 350.356994628906 350.225341796875 350.047698974609 350.650665283203 350.600524902344 350.920135498047 351.01806640625 350.210205078125 349.577667236328 349.860809326172 350.808135986328 351.148071289062 351.560272216797 351.393310546875 350.882232666016 350.199188232422 350.362182617188 351.381011962891 352.127502441406 351.750610351562 351.224792480469 351.272796630859 351.742950439453 352.115142822266 349.847778320312 348.864807128906 352.108337402344 353.110656738281 352.709228515625 351.027099609375 349.482238769531 349.939086914062 350.226623535156 350.9169921875 350.941467285156 349.916564941406 346.126892089844 344.731079101562 346.018585205078 347.663635253906 350.432922363281 352.088989257812 352.065795898438 350.836273193359
349.235443115234 349.372436523438 349.782073974609 349.801788330078 350.147033691406 350.359283447266 350.215637207031 350.096405029297 350.429992675781 350.125579833984 350.197357177734 350.894836425781 350.744567871094 349.982879638672 349.754486083984 350.230499267578 351.040832519531 351.309417724609 351.123931884766 350.458831787109 350.206909179688 350.866424560547 351.334625244141 351.484588623047 351.62548828125 351.535522460938 351.493560791016 352.055084228516 352.162658691406 350.586791992188 349.420013427734 351.278503417969 352.210815429688 352.26318359375 351.646240234375 350.76318359375 351.244140625 349.739807128906 348.421905517578 348.7470703125 348.584106445312 345.087951660156 343.902435302734 344.327117919922 346.479278564453 351.002166748047 351.917541503906 351.209716796875 350.468109130859
349.054016113281 349.078643798828 349.172210693359 349.636108398438 350.313537597656 350.068084716797 349.860443115234 349.877563476562 349.582092285156 349.254302978516 349.214538574219 349.909973144531 350.292358398438 349.032379150391 347.195495605469 348.661102294922 350.786010742188 350.816589355469 350.575744628906 349.805389404297 349.992095947266 351.123931884766 351.227844238281 351.054931640625 351.014007568359 351.034942626953 351.37158203125 351.905151367188 352.042724609375 350.527526855469 348.515472412109 349.781646728516 351.869445800781 351.498199462891 350.608184814453 349.348419189453 349.513916015625 350.095794677734 349.306396484375 348.091156005859 348.351013183594 345.401977539062 345.384063720703 345.933929443359 348.327178955078 351.487854003906 351.712219238281 350.744812011719 350.404418945312
