rcp8.5models/GFDL_CM3/sc1gr6.13
NCOLS 261 
NROWS 433 
XLLCORNER 336357.134 
YLLCORNER 654653.479 
CELLSIZE 1000 
NODATA_value -3.4e+38 
[rows 374 to 395 of 433, columns 98 to 146 of 261]
3798.71557617188 3800.92846679688 3770.18481445312 3732.34252929688 3699.12573242188 3644.19091796875 3450.32397460938 3263.78393554688 3305.71923828125 3468.54418945312 3540.33959960938 3520.00146484375 3509.68505859375 3445.38452148438 3121.751953125 3026.83154296875 2935.24633789062 2823.16284179688 2678.79174804688 2592.83642578125 2545.02270507812 2480.47119140625 2482.65649414062 2527.95043945312 2616.50415039062 2689.18139648438 2742.45361328125 2729.21923828125 2688.9921875 2689.65307617188 2717.28076171875 2715.07348632812 2732.21118164062 2712.517578125 2658.32202148438 2482.52709960938 2250.61499023438 2134.75537109375 2275.96606445312 2233.60302734375 1963.66882324219 1806.208984375 1754.62646484375 1716.45666503906 1681.98364257812 -3.4e+38 -3.4e+38 -3.4e+38 -3.4e+38
3775.88623046875 3783.62084960938 3755.8876953125 3672.48461914062 3688.92919921875 3664.77490234375 3534.07104492188 3394.20092773438 3386.21459960938 3422.90551757812 3463.90014648438 3496.58178710938 3501.38037109375 3445.90551757812 3049.13354492188 2788.21752929688 2678.67114257812 2550.85717773438 2440.72778320312 2402.8525390625 2396.31909179688 2369.24829101562 2366.56665039062 2426.34350585938 2537.8125 2678.89013671875 2909.28833007812 2896.46923828125 2863.20947265625 2815.8271484375 2754.55737304688 2715.92041015625 2723.810546875 2706.2333984375 2664.01318359375 2600.94677734375 2513.1220703125 2002.44152832031 2025.09191894531 2047.62109375 1894.3349609375 1791.56494140625 1742.03967285156 1704.26782226562 1672.74255371094 1632.26928710938 1599.21240234375 -3.4e+38 -3.4e+38
3727.57641601562 3693.53100585938 3689.68774414062 3645.40014648438 3657.31762695312 3650.470703125 3622.17236328125 3598.87817382812 3557.37036132812 3490.46508789062 3480.82495117188 3503.80151367188 3493.37451171875 3470.43310546875 3262.36987304688 2966.61083984375 2774.97900390625 2616.5087890625 2535.14794921875 2516.36010742188 2463.66967773438 2428.36987304688 2419.24682617188 2464.75073242188 2595.95288085938 2743.78491210938 2934.16577148438 2941.79565429688 2924.7529296875 2880.60180664062 2817.66650390625 2717.16137695312 2676.10302734375 2705.7275390625 2655.7626953125 2544.791015625 2485.49780273438 2039.38659667969 1892.59619140625 1845.69458007812 1804.619140625 1776.29321289062 1737.32116699219 1693.03088378906 1657.55456542969 -3.4e+38 -3.4e+38 -3.4e+38 -3.4e+38
3660.27783203125 3596.97436523438 3543.13525390625 3643.94702148438 3641.744140625 3639.86303710938 3615.8916015625 3554.91040039062 3538.39819335938 3471.37133789062 3402.60766601562 3461.51098632812 3484.01245117188 3461.80883789062 3398.88305664062 3298.767578125 3154.84692382812 2988.81811523438 2847.22143554688 2751.775390625 2650.36889648438 2572.34033203125 2517.31665039062 2552.52978515625 2708.97436523438 2854.46484375 2986.69775390625 2931.62866210938 2855.64721679688 2819.609375 2823.73828125 2711.83544921875 2604.33642578125 2586.69653320312 2564.33349609375 2435.47729492188 2381.67333984375 2118.30786132812 1905.97192382812 1823.6591796875 1784.87463378906 1759.53942871094 1731.76428222656 1681.38635253906 1642.25646972656 1619.55676269531 1581.73156738281 1542.54150390625 1496.04577636719
3673.81005859375 3591.0546875 3504.85791015625 3446.90234375 3535.384765625 3582.986328125 3596.36083984375 3515.697265625 3437.24560546875 3311.2998046875 3196.90454101562 3198.53466796875 3253.48876953125 3344.2451171875 3371.52416992188 3320.091796875 3178.94604492188 3026.52905273438 2898.765625 2777.07006835938 2662.38256835938 2559.68823242188 2483.31030273438 2500.37353515625 2615.58959960938 2778.22875976562 3016.42749023438 2954.94311523438 2822.04223632812 2726.79028320312 2740.046875 2689.6025390625 2590.060546875 2473.01220703125 2392.81591796875 2275.27319335938 2232.72680664062 2292.93237304688 2025.02478027344 1841.38220214844 1774.66638183594 1739.72583007812 1706.63500976562 1665.58581542969 1625.869140625 1602.13659667969 1575.11669921875 1536.92358398438 1477.9990234375
3595.78491210938 3597.1787109375 3568.87451171875 3326.23315429688 3362.22143554688 3456.1982421875 3477.41552734375 3447.11206054688 3331.13134765625 3160.04931640625 3040.00024414062 2894.95263671875 2865.37768554688 2954.80444335938 3029.8037109375 3022.2724609375 2849.53540039062 2703.119140625 2654.58447265625 2608.09643554688 2545.38989257812 2491.8974609375 2460.14501953125 2452.67211914062 2481.14892578125 2592.46899414062 2842.67065429688 2811.310546875 2853.33911132812 2758.333984375 2636.20947265625 2589.18334960938 2558.3154296875 2467.00634765625 2318.67163085938 2146.90478515625 2088.3388671875 2320.021484375 2146.67358398438 1879.52001953125 1770.89392089844 1725.31457519531 1681.83325195312 1646.67822265625 1612.65014648438 1578.60949707031 1555.4765625 1527.04760742188 1469.8701171875
3600.94409179688 3591.99340820312 3561.74438476562 3433.08959960938 3388.7041015625 3389.41796875 3380.72631835938 3356.94970703125 3238.93310546875 3095.439453125 3006.15551757812 2890.60034179688 2804.3037109375 2738.90478515625 2710.52563476562 2734.19873046875 2628.00756835938 2528.13525390625 2515.54223632812 2517.82983398438 2514.06372070312 2498.2275390625 2470.4560546875 2445.578125 2439.017578125 2470.85717773438 2580.5615234375 2630.94091796875 2834.38110351562 2853.19165039062 2685.31640625 2572.71240234375 2511.65283203125 2453.5341796875 2372.06005859375 2189.74829101562 2048.98388671875 2069.533203125 2054.98364257812 1921.46838378906 1783.193359375 1733.1533203125 1682.51000976562 1646.94934082031 1611.82238769531 1565.97094726562 1527.68579101562 1501.24743652344 1463.09289550781
3687.80151367188 3583.58984375 3496.47045898438 3499.40454101562 3465.50170898438 3424.5478515625 3396.34912109375 3368.76904296875 3343.85791015625 3283.77587890625 3172.03515625 3011.26806640625 2903.91870117188 2831.87158203125 2872.5146484375 2822.1572265625 2703.93334960938 2595.9638671875 2530.1796875 2526.66186523438 2539.78540039062 2511.74194335938 2478.7177734375 2439.4326171875 2394.15844726562 2397.39868164062 2388.73779296875 2512.33618164062 2722.2744140625 2793.40673828125 2753.01123046875 2691.26586914062 2570.80541992188 2463.90063476562 2413.4306640625 2313.0986328125 2199.60961914062 2017.509765625 2027.88891601562 2121.89770507812 1972.22741699219 1754.97912597656 1691.95654296875 1657.30493164062 1619.78894042969 1573.35510253906 1524.17419433594 1494.23181152344 1449.95190429688
3665.0341796875 3591.884765625 3540.7666015625 3509.70434570312 3522.61743164062 3449.130859375 3390.84033203125 3422.45068359375 3481.58715820312 3404.12670898438 3268.11669921875 3113.89208984375 2985.41064453125 2949.02075195312 3135.38500976562 3076.51684570312 2920.15625 2801.7177734375 2655.779296875 2628.57348632812 2727.8115234375 2691.02661132812 2621.93481445312 2585.09521484375 2505.01025390625 2449.02758789062 2324.58349609375 2387.171875 2515.43090820312 2595.41186523438 2712.94970703125 2791.845703125 2640.05908203125 2464.1884765625 2407.8388671875 2366.73120117188 2326.11499023438 2208.32763671875 2158.68481445312 2232.11547851562 2108.36596679688 1784.09326171875 1703.53100585938 1660.15209960938 1625.51171875 1585.94970703125 1536.15637207031 1502.32861328125 1439.82006835938
3476.88330078125 3546.41357421875 3578.5673828125 3527.83056640625 3507.79321289062 3501.24169921875 3503.13940429688 3478.08154296875 3452.451171875 3458.15283203125 3416.35864257812 3374.03881835938 3354.71435546875 3351.875 3310.15942382812 3329.93334960938 3342.2666015625 3357.5380859375 3324.53759765625 3253.4033203125 3244.28540039062 3237.1171875 3168.97680664062 3165.86865234375 3112.84838867188 2969.94580078125 2677.76928710938 2658.7822265625 2703.49658203125 2750.55932617188 2683.2626953125 2508.13623046875 2428.69677734375 2415.33227539062 2393.38208007812 2321.08911132812 2238.03247070312 2083.29907226562 2052.0908203125 2076.00708007812 1978.79833984375 1816.56005859375 1748.23425292969 1694.4609375 1633.11315917969 1594.91735839844 1557.9140625 1519.07666015625 1440.34716796875
3455.02905273438 3497.76123046875 3543.10766601562 3494.41430664062 3439.07153320312 3444.0703125 3492.24658203125 3471.4169921875 3433.38134765625 3425.80859375 3389.69262695312 3367.96899414062 3364.669921875 3346.9638671875 3345.2548828125 3344.94604492188 3361.33813476562 3321.28002929688 3251.7451171875 3233.18579101562 3233.51928710938 3236.96020507812 3235.7021484375 3228.87915039062 3178.45703125 3024.826171875 2708.42211914062 2711.21826171875 2744.55249023438 2787.33959960938 2710.783203125 2496.63989257812 2410.33374023438 2367.15161132812 2354.1826171875 2257.65869140625 2117.98461914062 1982.59790039062 1922.97155761719 1929.45568847656 1938.62231445312 1820.76123046875 1785.64965820312 1737.44018554688 1640.72387695312 1601.98498535156 1562.68395996094 1525.13671875 1448.4951171875
3453.71337890625 3439.39794921875 3511.95532226562 3512.23486328125 3452.00341796875 3428.55346679688 3469.74975585938 3471.873046875 3423.73291015625 3378.28173828125 3356.34204101562 3370.2802734375 3378.263671875 3373.41845703125 3333.6005859375 3296.16259765625 3285.9375 3267.904296875 3228.23950195312 3187.79052734375 3203.85522460938 3222.90869140625 3111.90380859375 3041.79223632812 3083.0556640625 2991.3359375 2820.91186523438 2816.31494140625 2786.68408203125 2802.21484375 2767.06298828125 2546.7431640625 2370.77758789062 2269.47729492188 2239.18725585938 2201.39111328125 2067.94702148438 1923.82568359375 1896.81335449219 1864.85827636719 1817.41833496094 1788.24096679688 1795.16015625 1734.66516113281 1644.17712402344 1592.34265136719 1554.07788085938 1519.05615234375 1448.65161132812
3523.51000976562 3451.15063476562 3448.2255859375 3501.8076171875 3502.05712890625 3475.3486328125 3451.34594726562 3409.0009765625 3379.04809570312 3378.287109375 3358.7333984375 3355.76049804688 3350.8193359375 3338.45043945312 3305.310546875 3285.45703125 3241.16357421875 3235.05078125 3274.5419921875 3187.16723632812 3084.19165039062 3142.56665039062 3114.78955078125 3020.1669921875 3006.64672851562 2983.09155273438 2925.67333984375 2891.69750976562 2824.837890625 2789.95336914062 2771.13134765625 2669.32861328125 2538.13256835938 2395.00146484375 2207.7509765625 2155.76293945312 2076.01440429688 1893.26977539062 1864.63391113281 1836.53698730469 1787.81140136719 1754.17651367188 1736.66027832031 1704.06030273438 1664.77526855469 1589.01806640625 1545.51501464844 1509.48950195312 1441.87756347656
3547.26733398438 3485.45581054688 3416.23364257812 3418.830078125 3442.86938476562 3455.51245117188 3404.18139648438 3303.35668945312 3294.83569335938 3361.25634765625 3371.75122070312 3346.58325195312 3323.17358398438 3295.93603515625 3304.15454101562 3310.595703125 3224.55712890625 3174.97607421875 3254.19555664062 3223.85668945312 3087.43530273438 3055.94750976562 3054.49072265625 3007.9267578125 2946.2578125 2898.56689453125 2849.98999023438 2784.88891601562 2725.88159179688 2710.69873046875 2722.17822265625 2714.916015625 2681.47802734375 2571.99291992188 2314.431640625 2123.81274414062 2054.07055664062 1892.27624511719 1842.09875488281 1803.564453125 1768.23376464844 1727.40954589844 1688.75329589844 1667.66687011719 1651.04821777344 1587.5810546875 1543.53503417969 1504.05126953125 1443.0029296875
3542.37475585938 3508.40454101562 3439.83618164062 3351.4619140625 3364.00146484375 3412.330078125 3305.59692382812 3172.39697265625 3188.28637695312 3297.69946289062 3372.6650390625 3348.79028320312 3312.0927734375 3293.29125976562 3215.99877929688 3142.005859375 3061.20336914062 3061.70971679688 3163.35522460938 3229.40649414062 3164.33618164062 3002.49877929688 2904.208984375 2868.5595703125 2866.18286132812 2854.80224609375 2795.82446289062 2749.10986328125 2743.15869140625 2743.7421875 2709.97290039062 2704.0126953125 2671.13330078125 2559.59814453125 2371.84106445312 2150.88427734375 2032.755859375 1888.55529785156 1846.525390625 1804.53662109375 1760.54675292969 1718.640625 1675.82385253906 1638.30419921875 1612.623046875 1574.19311523438 1536.36511230469 1501.07641601562 1440.55773925781
3519.62060546875 3502.7900390625 3467.56787109375 3391.63427734375 3383.4072265625 3404.68188476562 3329.70141601562 3224.74926757812 3179.23876953125 3263.47338867188 3362.74975585938 3331.78833007812 3287.99365234375 3287.23168945312 3110.119140625 2962.4453125 2932.11279296875 2990.90747070312 3068.52319335938 3086.5205078125 3022.357421875 2922.0478515625 2874.43530273438 2853.76000976562 2849.34643554688 2834.46923828125 2772.67504882812 2742.80297851562 2735.55615234375 2727.1875 2707.064453125 2710.67651367188 2652.00927734375 2483.78686523438 2291.9052734375 2119.08935546875 2014.08520507812 1974.87548828125 1887.36560058594 1821.49694824219 1799.4892578125 1742.92016601562 1673.01550292969 1640.37756347656 1604.73229980469 1561.43115234375 1524.44421386719 1493.00122070312 1427.22229003906
3475.87060546875 3457.38916015625 3450.30224609375 3444.1689453125 3425.48828125 3402.2998046875 3392.71606445312 3361.31787109375 3294.11010742188 3306.544921875 3347.54150390625 3317.51416015625 3277.00268554688 3257.72387695312 3073.20947265625 2927.298828125 2947.91748046875 2999.05004882812 3017.87133789062 2990.40380859375 2955.22705078125 2909.13354492188 2855.69653320312 2874.6181640625 2874.28393554688 2811.35693359375 2794.9091796875 2822.32885742188 2794.31640625 2751.77734375 2686.90747070312 2641.96142578125 2603.54809570312 2395.2490234375 2204.72924804688 2104.20434570312 2052.07397460938 2147.84814453125 1992.13903808594 1834.31555175781 1806.5634765625 1767.30004882812 1707.11828613281 1646.3466796875 1602.02612304688 1552.77917480469 1511.9521484375 1480.75732421875 1422.16589355469
3442.11572265625 3415.46728515625 3413.84252929688 3423.84985351562 3408.76708984375 3354.74682617188 3313.17309570312 3323.869140625 3337.56616210938 3333.66259765625 3323.22192382812 3297.18481445312 3270.34985351562 3254.46752929688 3019.96337890625 2903.75634765625 2911.54736328125 2943.46801757812 2958.74047851562 2952.166015625 2915.93603515625 2849.18115234375 2834.54858398438 2894.98461914062 2890.34619140625 2811.67553710938 2757.39111328125 2730.68969726562 2685.29345703125 2677.32250976562 2580.40307617188 2453.21069335938 2420.95336914062 2286.48461914062 2187.8720703125 2143.09301757812 2100.19384765625 2120.51049804688 1982.26635742188 1844.51147460938 1782.92993164062 1747.20239257812 1707.34973144531 1638.97521972656 1597.69152832031 1550.37536621094 1510.43591308594 1486.134765625 1425.47985839844
3421.4521484375 3379.11865234375 3376.18969726562 3379.92163085938 3376.18359375 3326.58032226562 3262.01879882812 3246.08154296875 3268.79760742188 3294.09692382812 3300.7626953125 3262.365234375 3234.70629882812 3240.44702148438 2999.88427734375 2879.47827148438 2843.51684570312 2835.65454101562 2870.07568359375 2890.1708984375 2855.1787109375 2805.83569335938 2825.068359375 2876.38940429688 2860.82397460938 2802.80102539062 2740.33837890625 2608.36743164062 2558.44287109375 2476.64404296875 2325.17456054688 2215.64892578125 2185.47900390625 2200.49340820312 2187.97583007812 2122.52587890625 2050.28076171875 1978.25524902344 1902.42456054688 1835.6513671875 1771.87670898438 1722.72326660156 1676.732421875 1634.92993164062 1598.70495605469 1551.77844238281 1518.50927734375 1496.37170410156 1428.83544921875
3396.35131835938 3358.88110351562 3322.41821289062 3344.43823242188 3328.27978515625 3300.09838867188 3273.23291015625 3225.92431640625 3194.86059570312 3214.60083007812 3229.19580078125 3198.86669921875 3181.18310546875 3157.35083007812 2962.92724609375 2866.00732421875 2828.068359375 2803.98413085938 2826.69360351562 2854.28369140625 2824.99829101562 2788.42333984375 2815.65698242188 2843.14135742188 2816.69702148438 2787.80834960938 2819.22680664062 2737.00732421875 2632.2060546875 2414.04638671875 2221.14672851562 2138.25537109375 2117.53125 2147.04248046875 2132.32543945312 2057.91259765625 1976.91564941406 1929.89184570312 1875.79724121094 1810.16552734375 1758.35437011719 1709.90869140625 1672.92932128906 1646.67468261719 1608.0244140625 1556.68176269531 1526.68139648438 1496.33251953125 1429.19116210938
3334.54638671875 3342.37451171875 3319.29541015625 3326.56030273438 3304.93408203125 3272.21264648438 3244.6875 3211.28881835938 3172.25903320312 3138.78076171875 3112.10302734375 3105.8173828125 3102.74096679688 3048.13427734375 2914.43383789062 2872.84448242188 2828.73583984375 2818.77807617188 2846.99853515625 2838.8720703125 2791.4248046875 2776.09228515625 2803.98583984375 2813.06176757812 2770.98754882812 2738.97583007812 2821.74169921875 2686.73022460938 2475.31860351562 2296.99145507812 2203.890625 2128.33154296875 2085.07983398438 2069.69018554688 2040.41918945312 1998.07116699219 1953.53955078125 1913.30322265625 1867.69775390625 1810.02368164062 1763.70959472656 1719.74230957031 1680.24792480469 1653.08264160156 1609.26245117188 1564.93115234375 1527.54174804688 1485.34533691406 1421.55822753906
3311.88012695312 3292.88159179688 3315.46630859375 3321.29223632812 3300.94653320312 3259.38745117188 3222.59936523438 3194.96704101562 3144.72143554688 3097.50439453125 3068.36572265625 3036.78271484375 3024.4912109375 3050.5634765625 3047.61547851562 2973.33520507812 2944.3896484375 2935.96435546875 2894.958984375 2798.771484375 2727.9404296875 2721.998046875 2706.9384765625 2702.15551757812 2735.25512695312 2742.81030273438 2639.09619140625 2381.89868164062 2255.0419921875 2206.06127929688 2159.05981445312 2114.30908203125 2089.091796875 2054.14624023438 2003.61010742188 1951.31567382812 1940.26708984375 1878.97998046875 1842.45568847656 1807.47998046875 1795.35986328125 1768.43408203125 1697.33215332031 1645.58483886719 1605.20935058594 1561.98803710938 1521.74755859375 1485.130859375 1424.21520996094
