rcp8.5models/GFDL_CM3/sc1gr9.5
NCOLS 261 
NROWS 433 
XLLCORNER 336357.134 
YLLCORNER 654653.479 
CELLSIZE 1000 
NODATA_value -9999 
[rows 110 to 131 of 433, columns 100 to 149 of 261]
132.238450531003 135.134777717797 136.916286447892 139.288047579317 141.597871657452 143.475578459263 145.50305142373 147.731810406983 149.560596239013 151.370659273127 153.153444011005 154.958882073696 157.554907916971 159.411787840088 161.343221023985 162.465069063391 164.31513801106 165.490305348471 167.370856285625 168.314134428309 170.546958013102 171.348349472256 172.387930634012 173.74048267928 177.535279831783 179.165085744001 181.035320965864 182.066205695642 183.338439656621 185.097523423522 187.172412548592 188.850582935754 189.98488986363 191.828742153994 193.90414773766 196.67489377044 198.557084919516 200.796379175063 202.230197387357 203.157151934122 204.572840153087 205.974023262269 206.954912235195 207.226492054271 208.123344792975 208.365797238988 209.746553322246 210.392565894211 211.370084220956 211.909659359158
133.856073410027 136.893859500955 138.339614269355 140.84632412732 143.137757444283 144.943833523885 147.222043358273 148.900111714654 151.115393418023 152.900562895475 155.302095504336 156.979230911845 160.094341177228 161.461821957227 162.804566266934 164.11531974162 165.98567980789 167.922181491832 169.218366877716 170.190228570751 171.753306813589 173.344903254322 174.742554329347 176.058511470198 178.878498008072 180.293638722784 182.441780760253 183.452893868682 184.535166807188 187.221289541271 188.897891691491 190.594686974932 191.803415941108 193.758620979415 195.815315952226 198.637298079487 200.879618418901 203.140750968987 204.549024695602 205.483992797679 206.471929058608 207.557508885854 208.204568707454 208.765768028574 209.53137306503 209.997444387765 210.879781733187 211.481611823028 212.230126912675 212.90069755673
135.839402413359 139.105492649911 140.374582590818 142.671011794558 144.925891843114 146.515338881088 148.821365028421 150.650090349227 153.009525363628 154.999646674467 156.827220584194 158.157969540976 161.702171490215 -9999 164.431606957011 165.810799875546 167.823416811355 169.998716441302 170.833840573233 172.01122236118 173.284487540139 175.466967077051 176.351469929005 177.708106228888 180.358664746686 181.429898420863 182.804457095305 184.309639074862 186.247373672566 188.877974632532 190.40730517165 191.934271969662 193.650020035762 195.851768539684 197.596488359923 201.160802515525 203.067127899963 204.915319424359 206.335153999599 207.481566360752 208.059775385003 209.114213234223 209.657386214112 210.246859772491 210.370716418577 211.153360507091 212.129717145846 212.660177076269 213.442125701808 213.75422909307
137.867982694989 140.150482703522 142.529118366621 144.897037625475 146.96946672063 148.347845514958 150.616331925471 152.31512897226 155.072314061296 156.861074836189 158.642083899163 159.844790870282 163.003684490275 164.926958765716 166.275346206114 167.575077770025 169.329909111079 171.010549677298 172.036941851953 173.350812520606 174.859138984221 176.65868683114 178.140846587094 179.579270084082 181.719376757275 183.075760796098 184.169713166577 185.712848927423 187.751211817509 190.366378119114 192.283357409265 193.821307760273 195.451636418843 197.32904124586 198.91944292038 -9999 -9999 -9999 -9999 208.25684544768 209.233285640124 210.023618020562 210.846967229931 211.370192691547 211.353475995932 211.763013106999 212.939060932074 213.684657811553 214.503379752939 215.266073241883
138.820993994493 142.188023998439 144.31292407222 146.986685538345 149.135440410129 150.586754989923 152.774812005248 154.692688977043 156.659964066379 158.236663595168 160.765308343168 162.138068897031 164.952058672728 167.20585523013 168.419630849954 169.711910416942 171.109884792287 172.479525449731 173.740009835793 175.156816088342 176.579818506381 178.078430324186 179.793203881073 181.235201436045 183.136821464985 184.973814396448 186.257940230873 187.478461004017 189.613361657709 192.11484492225 193.792244451999 194.852366019976 196.513309825253 198.530519585867 -9999 -9999 -9999 -9999 -9999 209.1090465322 210.304416498764 210.807934975917 211.888290119379 212.164116681156 212.060740355088 212.773086422765 214.192397714799 214.974828052432 215.83468677935 216.508055378607
140.996632106909 146.219824801911 148.145956591823 150.452841953593 153.123944183773 155.283876341466 156.839555805089 159.491396266999 161.448522397511 163.173355546704 165.056757708295 166.402212997487 169.671606867576 170.964660271722 171.929917194789 173.305417767015 174.574678221517 175.83441879485 177.037215079103 177.658009406447 179.550664746422 181.274447882947 182.19179995388 183.577040967658 186.154985617841 187.186055894065 188.589921833028 190.738321642923 192.319164322627 194.160042949551 195.741598141216 197.50484918323 198.91515035945 200.502702939711 201.899842455468 206.439258206609 207.744404741462 208.806625586083 210.624339887547 211.158975764041 212.072915570232 212.940409528321 213.472502045622 213.472045264534 214.14192833402 215.364960762036 216.021533139594 217.284072051538 217.856051704828 218.084347400896
141.937611700167 147.333982471818 149.800988888449 152.559042781759 154.979250635144 157.206882612805 158.599762426715 161.30452223788 164.11315008829 166.068833643896 167.620915196933 168.893276143688 171.470308004946 172.745153618988 173.589649225676 174.841238156588 176.10091795881 177.006843084213 178.706916127081 179.093705618168 180.61379398952 182.318652387666 183.402652811199 184.822868212269 187.420777052389 188.11935910275 189.634606051953 191.420395112704 193.405484807196 194.857101737594 196.364451324157 198.162345086536 199.371735666501 201.192313654176 202.514026700811 207.044277037734 208.357992247099 209.74467048531 211.101823653515 211.746178671626 212.709963230963 213.311888927716 213.766065843467 214.512657762092 215.142723492215 216.21020223131 216.163231403553 217.403810450349 218.002617004334 218.49557088112
143.674814508041 148.524881614014 150.43429319744 154.136131593661 156.642004028933 159.423297095227 161.301679941396 163.208718221924 165.873816432496 168.558219368433 169.829210943371 171.082504517267 173.126527255367 174.307955920323 175.406606101265 176.67564227428 177.753391867225 178.355295930432 179.493907482676 180.422911052199 -9999 183.141635677459 184.584909849184 186.033839541439 188.669110581234 189.154775693247 190.865316063223 192.75890449901 194.449834018931 195.409461494425 196.970883721639 198.855647655756 200.108416832418 201.837055547043 202.962773500938 207.172305552321 208.512533949984 209.976809426054 211.271102518284 211.969652861397 213.256950593298 213.996830583139 214.400901646466 215.16033995189 216.062307565355 216.709247070581 217.21923307989 218.154572687337 218.1461022281 218.965776675407
144.412117230442 149.657314682246 151.7344384235 154.969194862541 158.455329368444 161.218714176076 163.876338474 165.840050646533 167.698938075317 170.222521944171 171.445462733036 172.745052853321 174.84870022877 175.693188793498 176.944515337414 178.328562472642 179.41352662817 179.686431342778 180.34044105845 181.705838778574 182.885652191599 184.32433082559 185.768744824532 187.081688718869 189.163874126378 190.19432542673 191.849453937844 193.717490615714 195.487586530327 196.512294459172 197.738535451689 199.512538847092 201.013052841443 202.440704240638 203.669693557994 207.304666843452 208.962668924897 210.035135933153 211.360612679538 211.946195410501 213.368541344568 214.494996346124 214.949029148468 215.850914350085 216.80784584822 217.455164907856 218.05231875743 218.206847279166 218.900131566448 220.076583145385
144.452028567565 150.779008709821 153.27701163335 156.25361020858 159.318178916495 161.987472302216 165.61037016819 168.081882480636 170.470768349118 172.028441879821 173.186212302804 173.995999994233 176.292772172165 176.757224723383 177.611619996634 178.871838907886 180.142484816879 180.884994254729 181.930297977689 182.888003564423 184.068706024786 185.508542529184 186.817988169953 187.657716015223 189.888772592581 191.35354448495 192.679434290613 193.730246055531 195.490321344325 197.019396057074 198.534557756464 199.76087653746 201.647771721902 202.996624026921 204.146357402614 207.377211120643 209.38161518037 210.501705010738 211.503386329773 212.401452495529 213.342799494546 214.638528449371 215.536005751777 216.385041343813 217.361271560484 217.898597999366 218.466371864928 218.690189641075 219.975811217592 220.75182379819
144.741852477565 151.247040908413 153.800064810232 157.04252699565 160.132772091399 163.130774449493 166.300178176652 169.245526857792 171.896946546651 173.698192351783 174.759948617982 175.2001318622 177.058706870823 -9999 178.44956511452 179.6097676768 180.965360535077 182.034268228116 182.852127622673 183.417092390731 184.599523395391 186.041288538619 187.393922172246 188.447131428586 190.936622855073 191.894293745465 193.2637177883 194.382419721849 195.862903956279 197.431729432285 198.965466877354 199.924800301241 202.043388602115 203.099141921621 204.807895581809 207.894484963189 209.606255942742 210.754597983196 211.6019776795 212.728908467159 213.448176144537 215.106961933338 215.858010541315 216.455052943826 217.571348527035 217.932805241061 219.480013703691 220.170797195033 220.512758577742 221.345136960549
145.545050138776 151.445041232011 153.774061899941 156.735928229183 160.587358959705 163.394478930152 166.33599785177 169.162444388773 172.061870614628 174.29931729385 175.287735247356 175.848788928624 177.855565626454 178.312001442307 178.970653298778 180.13319983145 181.391300862605 182.084046317209 183.144546246597 184.153994350193 185.335912015611 186.77742932648 188.087318150219 188.956266884448 191.519017808972 192.628335407206 194.099819905795 195.576455114104 197.012708836601 198.346166837826 199.576508139974 200.210041571117 201.723501427282 203.477079541829 205.260186027679 208.265584147159 209.696427415875 210.730882428678 211.577643471944 212.8332058384 213.889457745041 215.313063754822 215.721240739562 216.423305798096 217.537878970602 218.036844415567 220.591604219382 220.965951074531 221.114410114288 221.939958475346
145.960769492427 151.587741634971 153.778272817066 156.417857194051 160.032185516691 163.103320819728 165.92293417028 168.873584940935 171.47669860192 173.163115852919 174.909704387681 175.854285063958 178.319421360599 178.637571204261 179.710716196966 180.873094249395 181.933687107365 181.889521647039 183.317860600061 184.686488468854 185.870086405114 187.3135172169 188.625829278503 189.431934525258 191.704219612475 192.621819508411 193.942370596723 195.420049697754 196.870219639648 198.248184373388 199.630374439628 200.788678822901 202.446116584454 204.292825002752 205.839419287771 208.621765097861 209.67349088117 210.706112176582 211.552239980541 213.071345138634 214.611374710486 215.310191470174 215.957184802214 216.793282256817 -9999 -9999 221.153758473477 -9999 221.988252173947 222.157470201152
146.006259080162 151.639913269947 153.833675548669 156.32704803974 159.201142468416 162.443353375662 164.933040874882 167.616556633934 170.42322340028 172.334915877681 174.144908003048 175.834215819807 177.853034325244 178.883553306936 180.235206754292 181.300586122645 182.093394894349 182.629020685913 184.018741142397 185.274152271486 186.472779387617 187.389190632964 188.632600299609 189.391609898231 191.737517964651 192.815842599379 194.178598012863 195.53844340851 196.582345318968 197.914582915489 199.404390016472 201.081499072167 203.172887675942 204.693148824251 206.195827951537 208.875062500908 209.649386517315 210.845689825631 212.004133763212 213.168347496521 214.933897629602 215.492846252275 216.655461415508 217.353008887993 217.941667622725 -9999 -9999 221.942486420957 222.540998840866 222.821336461554
146.052900025795 151.032152922495 153.460170455597 156.334833328869 158.810241984191 161.477434917513 164.34902494681 166.781650225724 169.533250819739 171.790108172556 173.206139349887 175.402612169406 177.559316157755 178.93101449813 180.070127442736 180.870592358895 181.838158323082 183.160904071226 184.526005452249 185.601063196063 186.502939508112 187.430625894921 188.755092167145 189.807874600337 192.324352876695 193.395784971701 194.822477732891 196.063278245605 197.231798065138 198.559694257308 199.928186679339 201.590786595501 203.300783805242 204.821606144445 206.287062287103 208.850585938689 209.624004839889 210.941155525753 212.329085091805 213.139345401261 214.958186225242 215.743830297488 216.974076365446 217.556605309362 -9999 219.180815103484 -9999 221.726258667875 222.400904044723 223.787228709229
144.959389109953 149.99795601923 152.600457541508 155.968036505051 158.80144963984 161.159976286804 164.323710864677 166.797318629344 169.159250977 170.965936999386 172.732006682666 174.605856862548 177.642042773255 178.892900025083 179.575907178958 180.653736563707 181.821717798784 183.106031051666 183.952826960048 185.211739283457 186.441288330988 188.142442153202 189.299492660215 189.802647807026 192.856199363608 193.387005145545 194.858182699863 196.288125113231 197.614849391691 199.065564807853 200.453836116226 201.9675730476 203.382063094731 204.729743921581 206.270684824092 208.824719312497 209.597231505004 210.913258285318 212.299164499393 213.108939403219 214.96707022354 215.825906089175 216.939116271289 217.534816001608 218.644705982553 219.426930960802 221.995114290884 222.176402743983 222.679142916754 224.341188296333
-9999 -9999 152.20346152692 154.982299338547 157.329690413432 159.972779621201 162.535579094083 165.327938427365 167.16486004035 169.01043204133 171.452272767909 173.428364734752 176.899446709153 178.057398961779 179.333459095364 180.29697316682 182.122998043872 183.450676024116 184.632563908745 185.484872635968 186.744805761013 187.839408511997 188.918680614236 189.930500472727 192.802860435002 193.999535760332 195.150682453121 196.826550847508 198.020036191005 199.330271382278 201.389904653313 202.107745739421 203.81522207693 204.846858655141 206.144596556173 208.768371103378 209.826237684953 211.683889512315 212.528155423355 213.870986844294 215.197117574001 216.579354596905 216.864562655982 217.458763162825 218.759153556408 219.919179280106 221.261243173106 222.363753343535 223.188766556869 224.800970791688
-9999 149.04824378932 152.194084487555 154.60072420723 156.818604223722 159.285569240542 161.784615261083 164.457279375508 167.065980118594 168.655297895523 171.093349764178 173.04037823882 176.323799409985 177.596612490059 178.766856626274 179.988144581314 182.009403289079 182.887171101251 184.065835874201 185.117072947865 186.406027736368 187.408145266987 189.13910001309 190.128299732501 192.659375716449 194.035923524112 195.455444995355 196.459132068007 197.814211885089 199.746460102955 201.043478813796 202.102782913188 203.73637229225 204.872351568986 206.111491987218 208.737667369524 209.795360026454 211.650458321415 212.494084290091 213.835077945804 215.160338092944 216.540948117723 216.824755068542 217.418206655473 218.944991019621 220.575102493261 221.717491611115 222.881692852719 223.813841313326 225.302969548015
143.897071236998 149.022414219648 151.829628844876 154.577781508831 156.462658687122 159.324256394069 161.51105003444 163.406735460263 166.088309902365 168.191135015036 170.391401199191 172.109048622214 175.436260720897 177.214104723456 177.965850649714 179.541498820429 181.517584746593 182.493786298057 183.263667091198 184.794271553968 186.489255897379 187.4923829603 188.715175620547 190.01595536179 192.767528866424 193.75840354475 195.493081963442 196.878035823298 197.918477855416 199.515191320094 200.672099179637 202.002065389785 203.310856079446 204.398749230681 206.077592878843 208.860062804631 209.76265273473 211.615190729771 212.458187214456 213.664424128923 214.754238304047 216.500714227722 216.783114532304 217.37581784447 219.141234640855 221.154697164984 222.113268784264 223.419110902147 224.156461345244 225.466551114527
143.683661374318 149.027797176213 151.537414242948 154.162480936368 156.172320624456 158.745188402512 160.351099792901 162.479123856806 164.93317109365 167.129962784471 169.003388972147 171.430318427543 174.491911598124 176.145603021477 177.669702237405 179.13260168124 181.184904353823 181.954400890851 183.097380749701 184.8515947215 186.097644960972 187.280484271864 188.439948508452 190.09873368796 192.656887204426 193.718286027444 195.213507692103 196.832023171321 197.947971710944 199.268644551108 200.466127847651 201.644629997666 203.167952231698 204.016254405467 206.046684111722 208.940268363716 209.598256420685 211.206657090178 212.420356257198 213.658149111762 214.806213911201 216.458548981954 216.739539873219 217.33149272512 219.096575956297 221.108674682727 222.113580770123 223.49023088307 224.253121165032 225.932014335049
142.827041044447 148.661548372653 151.399748675837 153.13856961623 155.631830044663 158.410010787421 159.739713625854 162.189747056849 164.383112742646 166.155482763011 168.326022413957 170.736354602053 173.9731315154 175.360899827029 177.070616775621 178.437372635572 180.099846313296 181.514953109561 182.593438653344 184.674047799984 185.650593210197 186.83084101834 187.939493289682 190.018710540618 191.953045093921 193.634006155382 194.781664464228 196.535737557846 197.702778108606 198.867727493868 200.363604174541 201.218867487008 202.705197965085 204.141170501328 206.013725410538 208.904241907348 209.464694683607 210.891632724821 212.38049065954 213.582542581657 214.671916071505 216.414341261842 216.869872329391 217.811250002945 219.206618771354 221.060617966744 222.221697279131 223.584125729722 224.732567793865 226.308644696292
142.314619158757 147.663282551179 150.151744064917 152.170948586086 154.686884612021 157.363437811567 159.814579962253 162.245020907069 164.282750230643 165.750837980059 167.534780528797 169.282265654014 172.883381553372 174.795152039404 176.709150971364 178.089124290242 179.461184617883 181.099359649889 182.184946037518 184.194530073636 185.08274037908 186.404068861237 187.912378058003 189.137331306504 191.936652947044 193.165007309654 194.756138061437 195.895079354364 197.155719415551 198.383029447319 200.003782255249 201.075247338487 202.357429399853 204.062393577873 205.498530476362 208.389149247701 209.425232115451 210.850606464441 212.338478401896 213.438278927519 214.352474771873 216.367991526303 216.955259714741 218.159754997643 219.276604434887 221.010421349253 222.893680488273 223.997381544309 224.812598433181 225.919344713433
