rcp8.5models/GFDL_CM3/sc1gr5.22
NCOLS 261 
NROWS 433 
XLLCORNER 336357.134 
YLLCORNER 654653.479 
CELLSIZE 1000 
NODATA_value -3.4e+38 
[rows 308 to 329 of 433, columns 49 to 97 of 261]
292.293670654297 292.354187011719 291.983428955078 291.961608886719 292.043914794922 292.130126953125 292.037414550781 292.190734863281 292.549621582031 292.641540527344 292.360015869141 291.920288085938 292.169342041016 292.043365478516 291.465057373047 291.737030029297 292.147491455078 292.370574951172 292.706848144531 291.986022949219 291.491546630859 291.269317626953 291.054168701172 288.054656982422 284.458190917969 284.205352783203 282.81201171875 283.175140380859 285.783752441406 287.637390136719 291.009704589844 293.6396484375 291.998229980469 288.945404052734 288.000061035156 287.120300292969 287.080749511719 288.535919189453 289.455108642578 289.356292724609 287.280029296875 284.307342529297 283.277496337891 278.203796386719 268.10400390625 255.315643310547 247.139099121094 243.588134765625 238.693618774414
291.272674560547 291.383697509766 291.218292236328 291.503265380859 291.570983886719 291.703063964844 292.026214599609 291.774444580078 291.666290283203 291.632019042969 291.817504882812 291.753814697266 291.669738769531 291.786743164062 291.560180664062 291.825042724609 292.206420898438 292.330718994141 292.5869140625 292.329803466797 291.660797119141 291.677459716797 291.5166015625 289.740325927734 287.18017578125 285.406433105469 283.385772705078 282.946136474609 286.105041503906 287.970184326172 291.1884765625 293.339721679688 292.292816162109 287.907135009766 285.001953125 286.886932373047 289.197052001953 290.261383056641 290.731964111328 290.462799072266 287.080139160156 283.877136230469 276.704925537109 267.616363525391 262.084533691406 254.547821044922 251.315505981445 250.689636230469 244.06755065918
290.755920410156 290.919097900391 290.8681640625 290.950012207031 291.041870117188 291.111389160156 291.462127685547 291.271331787109 291.032135009766 291.060607910156 291.589996337891 291.659576416016 291.147644042969 291.250549316406 291.427917480469 291.785461425781 292.466430664062 292.551574707031 292.593841552734 292.125610351562 291.114227294922 291.523071289062 291.278045654297 289.798217773438 289.760437011719 288.201965332031 286.188385009766 285.857482910156 286.820434570312 290.068634033203 290.814788818359 292.186676025391 292.978057861328 288.510833740234 286.583770751953 291.046722412109 292.548736572266 292.694396972656 291.88427734375 290.742095947266 288.281188964844 281.854766845703 274.355072021484 267.783264160156 265.024230957031 260.155456542969 260.062377929688 260.931915283203 258.880859375
290.677795410156 291.006652832031 291.145568847656 290.860015869141 290.788726806641 290.717742919922 290.796447753906 291.116180419922 290.857269287109 291.030456542969 291.497467041016 291.429351806641 291.042419433594 291.082763671875 291.085296630859 291.388000488281 292.411254882812 292.675445556641 292.578338623047 292.276062011719 290.914276123047 291.184173583984 289.811279296875 287.609130859375 288.936645507812 289.156494140625 286.391540527344 287.249786376953 289.700256347656 291.417816162109 288.284484863281 289.198577880859 293.193359375 290.497589111328 289.824371337891 292.128112792969 292.392913818359 291.175994873047 287.732818603516 287.127258300781 287.082763671875 283.669250488281 279.9912109375 277.416687011719 272.723022460938 270.096343994141 269.834869384766 269.479644775391 271.103912353516
291.097991943359 291.081817626953 291.271209716797 291.463989257812 291.108673095703 290.719085693359 290.674896240234 290.825042724609 290.793823242188 290.735809326172 291.167602539062 291.343231201172 291.25927734375 291.554901123047 291.376953125 291.276092529297 292.241424560547 292.631713867188 292.231781005859 292.420837402344 290.490447998047 290.411926269531 290.025665283203 288.067749023438 288.585998535156 290.157104492188 287.806304931641 288.100891113281 292.115447998047 290.542846679688 287.99267578125 287.293029785156 290.234100341797 290.236114501953 286.116851806641 286.199981689453 288.513000488281 289.927337646484 288.390899658203 287.723968505859 288.500213623047 289.267822265625 286.706329345703 285.069946289062 282.116882324219 280.20263671875 279.680145263672 279.394989013672 279.905487060547
291.025299072266 290.401214599609 290.711364746094 291.382995605469 291.146484375 291.250427246094 291.784088134766 291.231628417969 290.406646728516 290.515960693359 290.991302490234 290.978424072266 291.291198730469 291.441284179688 291.458984375 291.462768554688 291.557250976562 292.132965087891 292.467926025391 292.519775390625 291.295074462891 291.373474121094 292.044494628906 290.087280273438 289.420776367188 290.927093505859 291.686889648438 292.681976318359 292.623321533203 288.839599609375 286.453125 286.848815917969 290.287353515625 290.676849365234 289.478057861328 287.220092773438 283.895935058594 284.895874023438 285.37353515625 288.4677734375 289.613250732422 288.811157226562 287.662200927734 286.591766357422 289.025177001953 288.706420898438 289.327545166016 288.43359375 287.031158447266
290.809753417969 290.289642333984 290.442565917969 291.109191894531 291.119476318359 291.284088134766 291.496185302734 290.834716796875 290.559356689453 290.738250732422 290.992340087891 291.049713134766 291.115112304688 291.135070800781 290.926574707031 291.163299560547 291.490203857422 291.930877685547 292.531005859375 292.324249267578 291.294494628906 290.962890625 291.636566162109 289.475311279297 287.812164306641 289.928497314453 291.473083496094 292.677429199219 292.674468994141 291.480010986328 290.952056884766 290.680755615234 291.535308837891 291.369995117188 291.13623046875 289.467224121094 284.941619873047 283.155120849609 284.029388427734 287.194671630859 288.080627441406 287.881042480469 287.892028808594 287.643890380859 288.359313964844 286.532318115234 283.939819335938 284.753295898438 287.037902832031
290.653137207031 290.462799072266 290.477844238281 291.067596435547 291.415802001953 291.220520019531 290.934020996094 290.600433349609 290.527191162109 290.629302978516 290.814483642578 290.829315185547 290.808990478516 291.180541992188 291.373229980469 291.373016357422 291.372314453125 291.903656005859 292.321563720703 292.122833251953 291.221588134766 290.877197265625 291.648132324219 289.464477539062 287.633178710938 289.545623779297 291.40380859375 292.610290527344 291.570037841797 289.705352783203 288.697814941406 287.688018798828 288.947662353516 290.577270507812 288.887634277344 288.014587402344 284.556365966797 281.295104980469 282.032409667969 284.034301757812 286.338745117188 281.512969970703 281.526580810547 280.835174560547 279.438995361328 274.138275146484 272.986358642578 281.718505859375 284.564025878906
290.833465576172 290.5419921875 290.362091064453 291.025665283203 291.475311279297 291.078186035156 291.012145996094 290.638244628906 290.707550048828 291.055786132812 291.008483886719 290.762023925781 290.804504394531 291.070678710938 291.270294189453 291.130584716797 291.303100585938 291.876983642578 292.079803466797 292.14208984375 291.824127197266 291.713745117188 291.899993896484 289.786346435547 287.786682128906 289.562591552734 291.909423828125 292.458221435547 291.656311035156 289.703338623047 287.706970214844 284.439758300781 286.033843994141 288.896575927734 287.683807373047 286.57177734375 284.127655029297 282.052642822266 281.458282470703 280.488952636719 282.578796386719 276.602935791016 275.649597167969 272.192840576172 264.753326416016 258.743560791016 265.405517578125 277.032287597656 279.176696777344
290.793243408203 290.331665039062 290.588806152344 291.182464599609 291.006072998047 290.599029541016 290.946868896484 290.57763671875 291.136474609375 291.274383544922 289.990081787109 289.770568847656 290.622161865234 290.862274169922 291.059478759766 291.165374755859 291.477203369141 291.863189697266 291.380035400391 290.709320068359 290.9072265625 291.524993896484 291.539154052734 289.874450683594 286.911376953125 288.678405761719 291.936950683594 292.060028076172 292.174499511719 290.941925048828 290.651336669922 288.573394775391 288.427673339844 289.192962646484 289.824432373047 287.947540283203 285.270385742188 284.565093994141 284.167877197266 282.311676025391 281.366821289062 276.873657226562 272.826110839844 267.119445800781 258.469146728516 256.66748046875 265.927581787109 274.626312255859 277.413482666016
290.779693603516 290.685577392578 291.076263427734 291.138549804688 290.802642822266 290.469085693359 290.832275390625 290.863800048828 291.255737304688 291.333160400391 290.180023193359 290.072082519531 290.964416503906 291.121337890625 291.318054199219 291.569641113281 291.678619384766 291.612548828125 291.153839111328 289.546447753906 288.547790527344 288.752044677734 290.056549072266 290.967315673828 288.024566650391 288.222473144531 291.39208984375 291.837371826172 292.203277587891 290.734252929688 287.251983642578 287.053192138672 290.562042236328 290.566558837891 289.559692382812 286.720977783203 284.444152832031 284.079345703125 284.313232421875 284.186950683594 283.186401367188 279.155334472656 275.643188476562 271.318206787109 266.574676513672 267.340301513672 272.821502685547 277.8046875 278.732727050781
291.202209472656 291.210266113281 291.233978271484 291.191772460938 291.120880126953 291.099517822266 291.277648925781 291.509002685547 291.305633544922 291.104217529297 290.720306396484 290.670196533203 291.081329345703 291.272491455078 291.396636962891 291.483306884766 291.318939208984 291.031616210938 291.373168945312 290.602844238281 289.478515625 288.806213378906 289.703857421875 290.210021972656 287.778533935547 288.1083984375 290.295776367188 290.847564697266 291.964569091797 291.164611816406 283.829254150391 280.808990478516 287.333679199219 290.510711669922 290.012908935547 287.331848144531 284.411712646484 282.570251464844 282.467529296875 281.900146484375 282.923187255859 283.292510986328 281.165649414062 276.985290527344 274.24169921875 274.161804199219 276.549957275391 279.734832763672 278.764556884766
291.382568359375 291.383331298828 291.356597900391 291.337860107422 291.092254638672 291.194458007812 291.506683349609 291.215911865234 290.993682861328 290.739135742188 290.531158447266 290.599304199219 291.049102783203 291.379028320312 291.293792724609 291.048583984375 290.809753417969 290.828186035156 290.839416503906 290.859741210938 290.833923339844 290.063629150391 290.195190429688 290.301666259766 289.347381591797 289.674591064453 289.899749755859 290.339447021484 291.662170410156 291.094970703125 286.776184082031 281.829956054688 284.063659667969 289.547332763672 291.318817138672 287.771881103516 284.048828125 284.018951416016 285.232055664062 283.290222167969 284.159332275391 285.688018798828 280.870208740234 277.384490966797 276.957397460938 278.228393554688 281.061706542969 281.364288330078 278.178436279297
290.646514892578 290.672515869141 291.005401611328 291.070434570312 290.524719238281 290.610595703125 291.045623779297 290.813598632812 290.673187255859 290.445709228516 290.556762695312 290.667114257812 290.805908203125 291.179809570312 291.213073730469 290.835510253906 290.583312988281 290.696075439453 290.278137207031 289.821868896484 288.500457763672 287.516418457031 288.152404785156 288.426513671875 289.429382324219 290.567169189453 289.353576660156 289.694549560547 291.478942871094 291.320861816406 290.262573242188 284.708160400391 283.365173339844 288.977722167969 290.467559814453 286.311920166016 283.477966308594 286.125 286.787933349609 284.382202148438 285.726409912109 285.829406738281 280.023345947266 277.591552734375 279.14013671875 283.141876220703 285.492004394531 283.661865234375 281.056060791016
290.216064453125 290.291748046875 290.783752441406 290.749206542969 290.192901611328 290.255462646484 290.655456542969 290.677124023438 290.769470214844 290.601898193359 290.719848632812 290.808502197266 290.591796875 290.926055908203 291.222320556641 290.885162353516 290.710968017578 290.589782714844 289.927429199219 289.339111328125 287.696197509766 286.358764648438 285.305633544922 283.8466796875 286.260131835938 288.61669921875 286.754119873047 285.96728515625 288.896728515625 291.246032714844 290.505279541016 286.17236328125 283.218078613281 286.628326416016 289.017150878906 287.876953125 286.444488525391 286.930236816406 285.399291992188 281.625183105469 280.9384765625 287.290069580078 284.898406982422 282.044586181641 280.975006103516 285.107971191406 285.147613525391 279.737823486328 277.199127197266
290.22412109375 290.436096191406 291.114044189453 290.683166503906 290.065856933594 290.350433349609 290.746002197266 290.858947753906 291.085235595703 290.94482421875 290.777954101562 290.831878662109 290.910827636719 291.089141845703 291.211364746094 291.056945800781 290.997863769531 290.562927246094 290.096527099609 289.590545654297 288.933135986328 285.907897949219 282.882720947266 282.730163574219 285.050201416016 285.516723632812 283.263702392578 282.172180175781 286.172180175781 290.700653076172 289.711029052734 287.914459228516 287.018737792969 288.147247314453 288.671295166016 286.400268554688 284.657684326172 284.111907958984 282.282867431641 279.992065429688 277.925476074219 288.341217041016 286.982330322266 284.474761962891 284.170501708984 285.583770751953 283.928344726562 280.391174316406 273.347503662109
290.153411865234 290.673919677734 290.916595458984 290.374114990234 289.87060546875 289.97265625 290.694366455078 290.518402099609 290.767944335938 290.840484619141 290.856079101562 290.839660644531 290.985931396484 291.044036865234 290.795654296875 290.660217285156 290.827850341797 290.726013183594 289.818420410156 289.452758789062 289.217224121094 286.388488769531 283.491577148438 283.234161376953 283.805206298828 283.409332275391 281.832397460938 280.078979492188 284.934265136719 290.540435791016 288.470153808594 287.924682617188 289.953277587891 290.523284912109 289.499816894531 285.512237548828 280.934814453125 279.465515136719 279.375274658203 278.691192626953 278.980712890625 287.855285644531 286.013122558594 283.856414794922 284.407684326172 283.448944091797 281.967468261719 282.469879150391 274.813018798828
289.756805419922 289.972412109375 289.890472412109 289.850372314453 289.763214111328 290.345489501953 291.000305175781 289.990325927734 290.407958984375 290.484100341797 290.254913330078 290.566925048828 290.870361328125 290.617340087891 289.013519287109 288.450958251953 289.28271484375 289.869049072266 288.390991210938 288.560424804688 289.5107421875 285.091674804688 282.792602539062 282.59912109375 279.884979248047 279.484527587891 279.127685546875 282.265380859375 288.398254394531 290.539825439453 290.332855224609 288.321868896484 286.971343994141 289.349884033203 290.685089111328 289.896942138672 284.594940185547 279.629547119141 278.888244628906 277.950897216797 280.164886474609 282.974548339844 285.3642578125 282.138641357422 277.537445068359 272.298095703125 273.244293212891 278.131134033203 277.679290771484
289.395355224609 289.728485107422 289.551910400391 289.408294677734 289.780303955078 290.207458496094 290.604888916016 289.932312011719 290.5283203125 290.421356201172 289.813659667969 290.330627441406 290.748474121094 290.464965820312 288.397369384766 287.635894775391 288.383636474609 289.134002685547 288.96728515625 289.180297851562 288.601043701172 283.143402099609 281.953948974609 281.650115966797 278.173248291016 277.218383789062 277.210754394531 281.913391113281 287.478790283203 288.935241699219 289.182678222656 289.956268310547 287.068908691406 285.579437255859 287.984252929688 289.899139404297 287.144622802734 281.488800048828 280.184661865234 282.283782958984 283.083343505859 281.832824707031 281.136016845703 279.329803466797 279.063629150391 274.643218994141 271.538299560547 273.148834228516 272.908386230469
289.283813476562 289.657928466797 289.557861328125 289.454833984375 290.003051757812 289.97998046875 290.179595947266 289.850372314453 290.107452392578 289.970458984375 289.692321777344 290.271759033203 290.802551269531 290.520416259766 288.777801513672 287.306274414062 287.649932861328 288.663116455078 289.614807128906 289.636077880859 287.770660400391 282.389587402344 282.470581054688 282.289764404297 277.165740966797 277.294525146484 280.769287109375 283.587738037109 286.306884765625 288.317413330078 288.009460449219 288.920440673828 286.641052246094 284.3818359375 285.643218994141 286.336486816406 286.327484130859 285.674499511719 284.817138671875 283.80615234375 283.591583251953 280.366638183594 277.627899169922 275.455841064453 276.043731689453 276.134674072266 270.937042236328 269.037811279297 269.326782226562
288.926544189453 289.153656005859 289.114196777344 289.24365234375 289.779052734375 289.665863037109 289.829864501953 289.627746582031 289.424255371094 289.2578125 289.489166259766 289.978271484375 290.571716308594 290.427764892578 288.783843994141 287.908630371094 288.862854003906 289.097198486328 289.015808105469 289.205169677734 288.929077148438 286.238250732422 285.056335449219 283.279235839844 277.030487060547 278.337554931641 -3.4e+38 284.867950439453 286.755126953125 285.858642578125 287.168914794922 289.330688476562 288.907836914062 288.235290527344 286.341827392578 283.436676025391 281.638549804688 285.153015136719 287.691772460938 282.965942382812 279.926849365234 280.371520996094 277.017242431641 274.359710693359 274.467834472656 274.973175048828 270.146789550781 267.680908203125 267.023590087891
288.596527099609 288.876983642578 288.887969970703 288.936645507812 289.357513427734 289.378356933594 289.305816650391 289.239379882812 289.031463623047 289.140228271484 289.687347412109 289.832916259766 289.985168457031 290.034301757812 289.194000244141 289.086486816406 289.705902099609 288.679138183594 287.204071044922 288.036743164062 288.581329345703 286.694549560547 285.078308105469 284.300415039062 280.482727050781 -3.4e+38 283.287506103516 284.330963134766 285.332397460938 283.066833496094 285.949066162109 289.066223144531 290.035430908203 290.146362304688 286.509735107422 281.804412841797 278.154937744141 279.849853515625 283.999389648438 282.389251708984 279.370910644531 280.824432373047 278.029663085938 274.575836181641 272.60791015625 270.832122802734 267.271453857422 267.256408691406 267.719329833984
