rcp8.5models/GFDL_CM3/sc1gr7.5
NCOLS 261 
NROWS 433 
XLLCORNER 336357.134 
YLLCORNER 654653.479 
CELLSIZE 1000 
NODATA_value -9999 
[rows 264 to 285 of 433, columns 150 to 199 of 261]
104.587744794829 104.848392608912 106.17252000881 110.355959147224 112.999246002904 113.884836667277 115.461170996235 116.552607776954 117.597845537884 118.030075348051 118.373490413916 118.673189123439 118.857634570169 119.016119704589 119.233055419756 119.337120878258 119.347731394004 119.435972501434 119.787353443051 119.808122284925 -9999 -9999 -9999 119.885866396003 119.793915509882 119.651551290435 119.371407306886 119.051092917644 119.026550165707 119.25379447324 119.406018190517 119.180107765872 119.188552564252 119.316558521303 119.335252920562 118.502975262394 117.642644016387 118.845594686315 118.739912541621 118.641797444607 118.55203063435 118.553660170387 118.222446328618 117.923639094459 117.685889595448 117.47227257842 117.223779015833 117.19039911007 117.157674486594 117.009904104675
107.409636298168 107.651002538475 104.739603488471 106.027763543266 110.829634484037 113.716000104318 115.181964018779 116.569072822733 117.988306427784 118.448664433918 118.835900102399 119.13660237012 119.270185781921 119.464814295468 119.74700872618 119.802968887745 119.716263481462 120.002137255756 120.179362726638 120.385200346132 120.454588208574 -9999 120.430842483969 120.390929031383 120.181089572565 119.95997779339 119.751645723853 119.409368623032 119.454997826388 119.565962815759 119.657249120167 119.524219743425 119.57629264349 119.7544631507 119.17031422258 116.732417650682 115.680271450055 118.509803637773 119.183190531341 119.112025720681 119.060321555008 118.962320938172 118.624402488823 118.347229403578 118.077757899606 117.8755677063 117.733873817736 117.565260374891 117.323696533081 117.353502211581
111.508183398774 111.907604227769 108.710103307723 105.662184590653 106.87530497877 112.999974063212 115.336998785658 116.349197392657 118.961073613554 119.365654053096 119.777704590824 120.05412947412 120.265471057569 120.628193101578 120.839171210362 121.011688251465 121.130967449773 121.16623457925 121.075151101004 121.169288847071 121.220340407414 -9999 121.284977185468 120.962081667572 120.780634345343 120.627439800088 120.555498407031 120.505600017714 120.273397129044 120.321930893188 120.699187998939 120.71254199072 120.663683646093 120.42837742568 120.454423620474 118.874087954956 115.215282078476 115.88787884634 119.155343726511 119.656385790762 119.34612821584 119.497852947653 119.33681195612 119.043020933467 118.80693268862 118.718417300014 118.77536535923 118.62317284782 118.440665400064 118.419291157943
114.052716537933 117.005344419455 112.295549902121 108.792065314881 105.024246975062 108.56071669778 113.25594026537 115.746017557458 119.396032453631 119.869815012385 120.239668949767 120.599935861067 120.864363462073 121.111085260655 121.274909296716 121.450027636136 121.525374226876 121.682149532015 121.529147197504 121.567100827324 121.566798833845 121.867660369161 -9999 121.470031750464 121.330065219543 121.235068820212 121.169309161804 120.888394274672 120.693527976283 120.789075288125 120.979587535635 120.999044123214 121.004883743242 120.747183990679 120.724184462174 119.309962559934 115.285230291052 115.035525827399 118.733870456427 119.925688085704 119.739877771391 119.955889577518 119.681103800084 119.39103690885 118.966986314884 119.001308274925 119.134466949457 119.073199428033 118.935031548498 118.89925541929
114.955036907451 118.39340949377 113.850518387622 112.436391600153 107.627279526048 105.382423498744 108.485896674743 114.782912554028 119.819248647871 120.389057775694 -9999 121.105225598508 121.329673344655 120.607877733081 119.785400210623 121.76466690825 121.920029049977 121.915146844483 121.778092368124 121.930020297866 121.964090906014 122.216732307763 -9999 122.14353154451 122.052534118057 121.886977273401 121.766793875172 121.462022168401 121.243479461598 121.218027334374 121.327403952796 121.431898495625 121.386295138019 121.100084641423 121.107169050774 120.466197657713 118.389835751428 117.914465390257 119.621249729243 120.309618558018 120.451931735658 120.378853876392 120.070731078027 119.819457294874 119.389847451347 119.397579358205 119.533056784755 119.422204597453 119.247845157432 119.232347199694
113.456320424368 113.771272020249 112.730805954789 113.27179753607 112.06069639424 107.587301644375 105.355422855592 113.582143795871 120.173633794496 120.841744521927 121.301347691996 121.58183718328 121.601313635699 120.428314625889 119.8646284345 122.256135172013 122.284093913944 121.940918559877 122.122799798471 122.383659140724 122.452120362051 122.708222664198 122.857230890348 122.749409474332 122.197782754045 121.665342455762 122.139032722082 122.11985362097 121.782086321099 121.585847607395 121.770230261117 121.748171521954 121.726173868718 121.503511985739 121.431408828845 121.372318803504 121.08766060943 120.798371426266 120.627628940899 120.707063115494 120.790488225812 120.627840179264 120.410318762224 120.131911330849 119.932140068672 119.883719850339 119.881640275013 119.644869579646 119.435714143313 119.519813171246
111.820205681411 110.408637571365 108.729963822861 108.669988596244 111.083116701579 109.676861022963 105.308591314092 111.506740047095 120.67716300232 121.25775843316 121.775296678136 122.101559729944 122.144520718422 121.742571918198 121.987212719482 122.727158982206 122.706065062632 122.439530117007 122.68630161492 123.021788115441 123.094799659049 123.146787936387 123.273243377289 123.209033852051 122.471247799378 121.884706877004 122.270088129772 122.466126236581 122.126298629407 122.093670726126 122.021940775921 121.972630608754 121.983851200761 121.936167530055 121.817690625708 121.80089265368 121.637866139641 121.159067918998 120.834322471034 120.92865906611 121.019583022617 120.949080260129 120.702298674074 120.344407436637 120.247166109973 120.297980663774 120.184756681987 119.93478575612 119.862169491226 119.922445566553
110.534976757347 108.952833090936 104.568135493393 102.848481583098 104.61543552889 105.242125412037 106.086553865873 113.85482137556 121.057490881846 121.628444058685 122.224433404319 -9999 122.850089696788 122.22550124117 121.479215632075 123.237300616695 123.302283725742 123.298306576597 123.478219750418 123.69603521994 123.699551476476 123.562642868213 123.740120927182 123.690060801075 123.455986080608 123.1526816412 122.738840646051 122.718653844109 122.563217693683 122.627984590136 122.335724837957 122.173290001734 122.296658465366 122.424564087057 122.344155044807 122.270033717259 122.014717942119 121.502707840449 121.198190376091 121.326330898932 121.448958367706 121.380565306802 121.053842788611 120.78107944808 120.753781444008 120.761203058794 120.566612713103 120.337533101226 120.243687815084 120.324532388334
107.882827528284 106.395979204994 102.014987129383 99.9704580945245 100.537428871501 103.013680458527 110.03412425027 117.708107933994 121.225236119234 122.143857536298 122.740975427867 123.119861996536 123.447460758007 122.540383210385 121.467482585777 123.852580281061 124.035642781386 124.101354999615 124.284918652548 124.365806150577 124.288351546213 124.159508125554 124.147227705037 124.104781322666 124.172114180662 123.984133175151 123.657536075426 123.400725644695 123.223833420704 123.17993245979 122.815118812498 122.435961209988 122.656971600872 122.80008360521 122.775617875587 122.695572395656 122.412413493158 121.936654373024 121.624942729322 121.592900008673 121.593158034408 121.539129786414 121.304867138894 121.209758137273 121.312234538146 121.114788036533 120.87394797874 120.701459241277 120.379916373811 120.714742424154
103.974761236708 102.988680187116 100.814498351056 99.2553177156826 100.851765473944 106.6865958373 115.271638994773 119.519772967084 122.001841489696 122.789233436385 123.30622832257 123.70989854158 124.00285703372 123.739827176459 -9999 -9999 -9999 -9999 124.863602704826 124.942739691761 124.855322395933 124.630404058472 124.433694221569 124.453345261481 124.435339897169 124.401306056541 124.310350949821 124.249427516151 124.002863934293 123.777105230051 123.267848654438 122.811145834233 122.822860276117 122.900765963083 122.889593930526 123.027983474339 122.828734113297 122.327789968514 121.621508897985 120.504920580278 120.159365874933 121.463643096757 121.48284793616 121.548715682666 121.659018418337 121.367755535985 121.147910527632 121.136183965525 121.047894653996 121.089088594264
101.261469141042 101.249942399875 101.848803120049 101.470655772861 102.692585871189 110.523083301027 118.548280741869 121.068629221287 122.819307770651 123.320858832246 123.807701059177 124.238993645528 124.500001071335 124.622911801302 124.637488563659 124.875018039251 125.130797634038 125.143691887371 125.211332630862 125.386520170998 125.342122178038 125.113061688791 124.840680988092 124.873936717371 124.733461660832 124.530172418308 124.461774297123 124.677135515806 124.662262480193 124.367254599387 123.518239779663 122.876275861987 122.967360703196 123.06821872885 123.159564492097 123.396744646064 123.224220660796 122.758056273731 121.78973218899 120.060863659165 120.104120171737 121.546121530909 121.895030613064 122.001150761894 121.864292647628 121.592123003971 121.638950064651 121.663453402659 121.73575062546 121.242877420409
101.787206584459 100.68910835019 103.457111536099 105.125068768456 103.840075739564 110.939459476304 118.762478069219 121.083591990647 123.074545199579 123.610147273425 124.279420614774 124.720277009305 124.991425260367 125.160946943431 125.105732813541 124.953269697677 125.258087145536 125.423833466956 125.352736262834 125.774338847524 125.810766516429 125.637373330525 125.258386429471 125.164156419384 125.174192996235 124.90045057708 124.774876491804 124.787116619995 124.9558631252 124.842782439857 123.918443688242 123.293227640915 123.440889458583 123.640450405402 123.750327661533 123.762575803027 123.58042578223 123.406648882114 122.513730673536 121.178566070004 121.444906377007 122.195525334431 122.494023872538 122.483057476487 122.223567056314 122.033430268619 122.166574749113 122.210398826785 122.113804319837 121.669324994883
104.419682401065 102.953386668049 106.788014600907 108.10745317421 103.485236773349 105.552288137665 113.641336685319 115.68874608476 118.372128584554 116.961115561835 124.585464698893 125.215458332647 125.517760265304 125.681598626802 125.573475113944 125.374000477669 125.643990111115 125.806321320196 125.697874610039 126.063583599146 126.231047193309 126.078127318992 125.701667185784 125.529127371873 125.51727725084 125.36150537364 125.069008454665 124.848557337608 125.195576811453 125.301853877677 124.509528870171 123.480262399306 122.64024612963 123.908945898524 124.238430891746 123.942188114408 123.80866618724 123.862226754208 123.376305418141 122.397947254528 121.935453443519 122.843233913113 122.942629289105 122.82475801082 122.776555044643 122.691659629525 122.682204081586 122.671332295697 122.493508459397 122.280422772167
105.852298105548 107.165155182376 110.625242708785 110.60482468484 105.422915719373 101.825679973377 105.001201268994 107.092197682839 114.515916007363 112.126572759403 124.456400986835 125.686743740816 126.024787958574 126.196245863103 126.171242531891 126.189808700877 -9999 126.352822370496 126.323880193771 126.474966798514 126.603972164462 126.535081124772 126.146114282086 125.886108272545 125.770526976812 125.669787932154 125.455398465193 125.430482946541 125.636936378973 125.673174777944 124.864397554152 123.928634457797 123.283415548983 124.188299639335 123.981973826503 124.046121690148 124.036359035178 124.177365670924 124.056632817488 123.399799619204 122.55726666871 122.635106493981 123.164881064879 123.084520020873 123.201290819758 123.337884894539 123.176516775844 122.963405862239 122.795501435548 122.728061865802
109.991233083349 111.497524824574 112.407691546606 113.020697187639 112.228625210004 111.928571825596 112.497669801312 107.872584901088 106.175119338357 116.173417622894 125.059960945412 126.35088313146 126.827274978243 127.04114832333 127.156697378232 127.287887919931 127.405268181874 127.484259421802 127.547148751221 127.476360359317 127.446841613074 127.366660012164 127.206869253679 126.87056333335 126.496423133637 126.365851891779 126.324380164235 126.436683465956 126.283863094137 126.171842705719 125.805285390903 124.991688806932 125.49020580651 125.025616374013 124.112931200338 124.561443275457 124.783270341129 124.960413901771 124.963931714095 124.67661740937 124.057982398899 121.739633926118 117.404166898979 119.312756047867 123.4775903896 123.892436992628 123.856200348192 123.634082172202 123.513817066535 123.298007335106
107.384111978805 108.546871543602 109.976817492042 111.992835857859 111.945304241207 111.437333008983 110.857924542697 109.2014405822 106.066954365583 120.871224633888 125.585179145857 126.660976796281 127.161907675681 127.465548886127 127.588075533317 127.724273219397 127.871016321 -9999 128.058795385525 128.110641241295 127.967995781513 127.721841715125 127.537031096461 127.356424615587 127.030523823757 126.717144885937 126.43612079734 126.357102448007 126.033968468727 125.916689984007 126.426868787811 125.576486970505 125.693709829931 125.558673858445 124.941670631113 124.206035701089 124.437794989468 125.336007212845 125.301498199253 124.967543627684 124.445606073017 122.553188324967 117.49599215036 119.288971533097 124.070253546567 124.402456385267 124.004822091526 123.304433324622 123.937292226701 123.447391091486
102.726622212066 106.15713662479 109.235292983571 111.275956988126 111.159191184746 112.184957934477 111.187631825521 111.612407008402 107.466389729692 122.36516959495 125.819409705093 126.98579307458 127.466981879535 127.836236795137 128.055618416382 128.114258371135 128.250197399791 -9999 128.449712269447 128.441737564916 128.283126288571 128.150744276961 128.060928393394 127.879467608851 127.49282973367 127.018975135714 126.733546525983 126.346876042537 126.094500143842 126.243787226905 127.140991056915 126.322072283544 125.607994445498 125.617864283645 125.209297889901 124.76121089418 124.94514727831 125.826740030808 125.704135404853 125.298330361917 124.871594731867 123.77800520736 118.067167629921 119.606159507145 124.46889450361 124.867824555838 124.364616653929 123.680293223639 124.300424008681 123.854874734265
99.5054336753299 104.264355159552 108.851439650138 110.231496823008 108.903715111464 114.114390203799 114.02041303375 115.368276235838 105.866030534952 119.376893701016 125.640530309076 127.283796465962 127.804461790219 128.182111594172 128.449237572737 128.588965963327 128.729569336841 128.828919749531 128.839576554216 128.771307699042 128.81619131711 128.83900369654 128.782217387702 128.395765221087 127.80116043225 127.356860077319 127.227797836601 126.807559888759 126.761125366296 126.961264969147 127.604221238718 126.999888075224 126.103678140943 126.003724757931 125.937341719197 126.186199275512 126.259799326432 126.309747486415 126.19112915807 125.816665343844 125.291077495031 124.18123120603 119.575953617637 120.098325718162 124.776009124258 125.203247925528 124.734886475621 124.558321331713 123.938722631805 122.692629239901
98.2993979801604 103.922788991513 109.75572461612 107.82200303523 105.836673407662 113.951635407377 114.027677540272 114.290411742506 104.968319575739 116.514042844771 123.07434779723 127.409804936907 128.155755597738 128.612567539347 128.874918336658 129.087494424729 129.253319946396 129.352904597887 129.364817909709 129.354559598772 128.916371080682 128.125464307477 129.018714484557 129.037353435596 128.20186947105 127.57304787053 127.936903444395 127.520671645788 127.216306082713 127.471973171267 127.893949668537 127.729116376524 126.989448877343 126.536269230615 126.516241517674 126.767870430355 126.566080387693 126.566161644022 126.618234623042 126.321099526915 124.671581806238 121.288672841752 121.290025405563 122.894760890816 125.447802017259 125.614499768369 125.034700914994 123.893186777214 121.698989203299 121.049657932771
98.3762490493139 106.833833124566 110.520545578212 103.505948753181 102.096427819291 112.585645741303 113.384193185469 111.970530212036 107.071961195058 113.104790226177 117.893176090985 127.257613657299 128.491103652376 129.041162897648 129.287670297629 129.530931745407 129.706579387275 -9999 -9999 129.934303584322 129.383570357446 128.490859936394 129.33136985495 129.571479078343 129.151214526198 128.586877814939 128.547990500461 127.835523798976 127.690019667793 127.962400848017 128.161612319641 128.163035712889 127.19263381802 126.228896756064 127.128616076032 127.192852540537 126.863258865647 126.797391534849 126.901002240948 126.780601902781 124.187562179458 119.298734411724 123.49026603875 124.481756682294 125.408940124441 126.058407033213 125.075936089398 122.667494545781 121.20998148325 121.18256669045
100.465165282418 108.229611970765 107.747404322262 98.689123479321 99.3224425575259 112.320490734006 113.180947276347 108.889483754842 108.440154736167 108.034695509853 114.699984842913 127.003531969819 128.771823163519 129.399095686145 129.717880149795 129.249348328129 128.284339186606 129.554391486248 130.394982604601 130.500564042841 130.377743693882 130.223556770343 130.064703288052 129.954664849072 -9999 129.643232293632 129.08010477519 128.232646939337 128.067671358295 128.255260235715 128.337216506244 128.530413977084 127.288724350145 125.443073150827 127.281025219566 127.543064546529 127.16806987928 126.990187391593 127.226200039305 127.305006140549 125.429736608621 122.326213458167 124.827573649415 122.916426820742 123.610618280714 126.227296677232 124.860573159073 122.236916838463 121.435884693299 121.122810377366
102.50916045249 108.383849360943 104.505367307355 95.9716172849103 101.866567264054 111.959148483813 112.174882292995 106.409985844595 104.894385798404 105.389465182243 110.702599591362 123.966720262248 129.028877144932 129.744268380439 130.13364570137 129.489930320067 128.050660987394 129.420785376553 130.599948279385 -9999 130.853448922563 130.71096434116 130.406606339016 130.227393945621 130.314331600069 -9999 129.736032877652 128.746089408624 127.640026996257 128.398126772542 128.359144385744 128.831788294376 128.178808620725 126.468272926385 127.223692291604 127.790959968529 127.103043802705 126.749124711401 127.47737044082 127.674161359138 126.923504173515 125.968333587519 124.988926431495 122.146869782466 123.098772315605 126.221543017928 124.680895647122 123.309718185472 121.667214360651 121.318886688471
