rcp8.5models/GFDL_CM3/sc1gr9.39
NCOLS 261 
NROWS 433 
XLLCORNER 336357.134 
YLLCORNER 654653.479 
CELLSIZE 1000 
NODATA_value -3.4e+38 
[rows 220 to 241 of 433, columns 147 to 195 of 261]
240.239990234375 248.391647338867 255.426345825195 262.475524902344 254.932113647461 221.68669128418 227.023315429688 269.723571777344 265.955261230469 261.395599365234 258.332855224609 251.309356689453 220.018692016602 173.967727661133 203.07341003418 199.450637817383 180.606216430664 152.815338134766 -3.4e+38 233.339752197266 219.381561279297 179.023010253906 149.026824951172 148.500442504883 148.377731323242 148.82926940918 149.20002746582 148.738037109375 148.580520629883 148.604583740234 149.24040222168 149.917526245117 150.045684814453 150.464263916016 151.031326293945 151.373428344727 151.222274780273 150.947128295898 150.650665283203 150.371337890625 150.160705566406 150.133911132812 150.097732543945 150.528198242188 151.185195922852 151.237655639648 151.978759765625 152.425918579102 152.241851806641
241.154678344727 249.537490844727 257.045166015625 247.160293579102 233.96354675293 258.704406738281 249.216064453125 270.455963134766 267.781646728516 248.838287353516 213.761505126953 238.105850219727 190.811248779297 189.532943725586 244.679809570312 229.841400146484 187.192993164062 169.967010498047 196.957992553711 206.371353149414 234.26611328125 206.360885620117 150.794052124023 150.410522460938 150.269149780273 151.101760864258 151.39958190918 150.759063720703 150.228286743164 150.047729492188 150.445816040039 151.231719970703 151.201232910156 151.891174316406 152.295272827148 153.10791015625 152.830139160156 152.531402587891 152.249588012695 151.708129882812 151.35758972168 151.847122192383 151.696792602539 151.989883422852 152.590972900391 152.68229675293 152.648315429688 153.223724365234 153.656127929688
242.600402832031 249.958480834961 256.897125244141 248.68635559082 236.450393676758 262.373413085938 245.779266357422 236.774154663086 268.123626708984 251.819152832031 205.678466796875 242.368850708008 196.981216430664 191.526153564453 246.994369506836 244.682662963867 215.834564208984 170.258026123047 197.304306030273 212.775772094727 236.653762817383 208.47834777832 152.475250244141 152.441253662109 153.044235229492 153.768127441406 153.798889160156 152.769332885742 152.196395874023 151.937042236328 152.113632202148 152.583221435547 153.122039794922 153.918869018555 154.262741088867 154.341674804688 154.423980712891 154.224304199219 154.087799072266 153.406875610352 152.46501159668 152.789611816406 153.237594604492 153.445617675781 153.738403320312 154.225006103516 154.067398071289 154.451477050781 155.227294921875
244.352752685547 250.486633300781 256.530853271484 261.355377197266 262.961669921875 262.946197509766 252.000015258789 224.466842651367 235.156158447266 249.504669189453 217.040588378906 242.197509765625 194.086151123047 193.161209106445 249.27880859375 232.097930908203 187.084411621094 174.100067138672 201.936233520508 210.611145019531 223.95947265625 195.335739135742 154.99382019043 154.615570068359 155.402099609375 155.644256591797 155.910232543945 154.471755981445 154.157730102539 154.00520324707 153.707458496094 153.784164428711 154.553329467773 155.65641784668 155.823532104492 155.67610168457 155.286209106445 155.344192504883 155.071304321289 154.728698730469 153.873641967773 153.747787475586 154.156845092773 154.858169555664 154.961822509766 155.243103027344 155.874877929688 156.068557739258 156.253494262695
245.304641723633 250.630920410156 255.852462768555 244.306228637695 224.863006591797 250.780242919922 259.471466064453 254.023880004883 238.891326904297 251.576644897461 235.134811401367 244.850860595703 199.460601806641 179.958770751953 220.136123657227 236.263290405273 208.617813110352 219.370788574219 217.520004272461 171.954849243164 198.509948730469 213.815612792969 157.55207824707 156.647308349609 157.070236206055 157.083084106445 157.024353027344 156.104858398438 155.946166992188 155.83740234375 155.746109008789 155.296768188477 155.750839233398 156.721313476562 157.06364440918 156.947982788086 156.27099609375 156.232070922852 155.813201904297 155.631530761719 155.208969116211 155.244186401367 155.365219116211 155.833053588867 156.276458740234 156.450256347656 156.920455932617 157.166595458984 156.591995239258
245.313247680664 250.240783691406 254.418151855469 244.452117919922 225.682144165039 246.076797485352 243.081848144531 234.295196533203 266.325927734375 265.075164794922 263.593475341797 212.426773071289 212.410720825195 199.491744995117 179.878860473633 205.577133178711 205.161209106445 202.928848266602 188.899063110352 161.105438232422 172.638442993164 211.852981567383 188.13200378418 158.004959106445 157.991989135742 158.334365844727 158.253784179688 157.514068603516 157.468292236328 157.21598815918 157.40771484375 156.994216918945 157.176071166992 157.65202331543 158.219268798828 158.015243530273 157.337646484375 157.025939941406 156.731155395508 156.50065612793 156.567077636719 156.824066162109 156.917724609375 156.785049438477 157.189086914062 157.857284545898 157.787689208984 158.188598632812 157.290069580078
245.250717163086 249.619689941406 252.639846801758 254.850204467773 253.536834716797 237.278457641602 216.884857177734 236.759658813477 265.319061279297 264.680206298828 248.518585205078 187.372360229492 230.348159790039 242.834594726562 198.902160644531 167.110122680664 181.649566650391 195.853652954102 178.552871704102 192.188751220703 161.206787109375 173.405197143555 185.579940795898 159.752487182617 159.391525268555 159.804656982422 159.736404418945 158.837768554688 159.229141235352 158.818969726562 158.683670043945 158.7587890625 158.82551574707 159.232406616211 159.219619750977 159.091217041016 158.445053100586 158.147644042969 157.781646728516 157.590057373047 157.843597412109 158.067794799805 158.246078491211 158.276611328125 158.395172119141 158.800567626953 159.2763671875 159.542938232422 158.763717651367
244.698013305664 247.782897949219 248.186706542969 247.588745117188 251.216079711914 238.76643371582 233.587783813477 263.692169189453 264.274780273438 248.692962646484 218.554107666016 232.248886108398 257.859893798828 256.732696533203 226.972854614258 168.112274169922 196.149185180664 224.474349975586 192.690322875977 219.694076538086 162.736618041992 162.103210449219 161.91633605957 175.890045166016 190.13069152832 161.35221862793 161.055572509766 160.136901855469 160.68327331543 160.657608032227 160.361663818359 160.15869140625 160.535705566406 160.858184814453 160.429718017578 160.241882324219 159.889892578125 159.85905456543 159.386840820312 159.226745605469 159.01838684082 158.991271972656 159.166137695312 159.85302734375 159.943359375 159.878768920898 160.904830932617 160.674575805664 159.742309570312
244.106323242188 246.288070678711 241.848587036133 235.387725830078 229.18440246582 215.717788696289 259.346282958984 262.284759521484 247.532012939453 202.570358276367 203.153854370117 213.287231445312 212.044448852539 211.398300170898 211.988098144531 199.761474609375 182.161849975586 195.095306396484 179.021835327148 191.145065307617 163.823791503906 163.112518310547 163.334487915039 175.79899597168 188.048599243164 162.681121826172 162.575698852539 162.059432983398 162.552047729492 162.332077026367 162.084106445312 161.92463684082 161.948715209961 161.679122924805 161.645431518555 161.865539550781 161.43669128418 160.731979370117 160.491760253906 160.817596435547 160.595336914062 160.437713623047 160.565719604492 161.215362548828 161.263290405273 161.406509399414 161.671966552734 161.311981201172 160.549896240234
243.447723388672 244.726776123047 238.519836425781 229.08171081543 209.435455322266 182.886108398438 240.380859375 229.561401367188 233.551223754883 174.360763549805 202.462158203125 219.076065063477 203.438400268555 172.063781738281 198.941146850586 242.364776611328 199.943374633789 183.373016357422 197.279373168945 165.975662231445 165.021484375 164.592025756836 207.846527099609 193.447326660156 163.99836730957 164.144195556641 164.072326660156 163.807540893555 164.025451660156 163.615615844727 163.566452026367 163.759078979492 163.454635620117 162.63835144043 162.826049804688 162.856704711914 162.496475219727 161.612197875977 161.470108032227 161.861938476562 162.288558959961 161.992340087891 161.96061706543 161.848220825195 161.980514526367 162.164855957031 162.37580871582 162.404449462891 162.284652709961
242.195495605469 243.706497192383 241.041000366211 234.1396484375 220.099258422852 209.991790771484 241.342391967773 232.365676879883 248.067977905273 220.831024169922 233.791244506836 213.884857177734 215.140380859375 202.980026245117 198.962905883789 240.688720703125 196.722076416016 197.105026245117 224.674224853516 167.162979125977 180.833908081055 209.602401733398 203.290344238281 190.860733032227 165.114059448242 165.458251953125 165.527862548828 165.286056518555 165.025833129883 164.900894165039 165.267959594727 165.238235473633 165.184173583984 164.38720703125 164.059112548828 163.617980957031 163.419692993164 162.975692749023 162.854385375977 162.999954223633 163.600311279297 163.092590332031 163.148834228516 162.920959472656 162.948303222656 163.076751708984 163.662063598633 163.970275878906 164.062438964844
240.80500793457 239.228042602539 233.551986694336 243.973785400391 264.238677978516 259.433685302734 250.149871826172 257.60791015625 245.657333374023 217.077423095703 229.167907714844 228.759246826172 244.008651733398 214.447677612305 202.084564208984 170.685806274414 170.590377807617 171.070083618164 169.782562255859 182.131500244141 209.353515625 197.835723876953 166.564575195312 179.102340698242 192.492828369141 166.297821044922 166.946594238281 167.139739990234 166.679962158203 166.661499023438 167.629043579102 167.71630859375 167.804275512695 166.747802734375 166.596984863281 166.928634643555 166.609252929688 166.405044555664 165.953811645508 166.429229736328 167.310409545898 166.939361572266 165.915344238281 165.296844482422 165.702774047852 166.082855224609 166.042098999023 165.755172729492 165.916595458984
240.583190917969 239.636474609375 235.043594360352 257.834228515625 285.856964111328 250.100326538086 246.510848999023 256.345764160156 242.918472290039 199.551040649414 201.139297485352 186.447891235352 199.981353759766 185.765594482422 199.006134033203 171.119384765625 170.658721923828 171.36540222168 185.461486816406 200.231735229492 182.105682373047 194.634536743164 167.006164550781 167.184921264648 167.451568603516 167.056854248047 167.440673828125 168.103622436523 168.517852783203 168.625778198242 168.661270141602 169.045715332031 169.031188964844 168.200347900391 168.487274169922 167.739669799805 -3.4e+38 -3.4e+38 167.306060791016 167.898513793945 168.60417175293 167.837738037109 166.805068969727 166.433517456055 166.634307861328 166.88996887207 167.295013427734 167.158233642578 167.170989990234
240.480361938477 241.803741455078 241.625183105469 249.496643066406 257.497253417969 242.835083007812 250.912475585938 255.570083618164 228.877731323242 186.685745239258 216.156021118164 202.941833496094 172.186508178711 172.530212402344 186.971923828125 -3.4e+38 170.495651245117 185.687622070312 213.707397460938 196.697982788086 169.507553100586 168.762680053711 167.997207641602 167.94743347168 168.171569824219 168.441558837891 168.347229003906 168.324798583984 170.088485717773 170.850143432617 169.43229675293 170.125839233398 170.371398925781 169.581283569336 169.543334960938 168.630416870117 168.376815795898 -3.4e+38 -3.4e+38 169.346420288086 169.153305053711 168.276000976562 167.526275634766 167.498992919922 168.150756835938 168.221252441406 168.272033691406 168.411682128906 168.346206665039
239.859268188477 239.897491455078 241.026214599609 239.447463989258 241.554656982422 250.763366699219 253.832946777344 240.32698059082 212.502105712891 215.084548950195 213.678359985352 198.653167724609 171.571258544922 186.462783813477 229.728820800781 227.81884765625 170.595260620117 184.277923583984 197.571212768555 185.609771728516 199.694595336914 183.58073425293 168.745941162109 168.486618041992 168.958206176758 169.390716552734 169.648147583008 169.066070556641 170.513290405273 172.046234130859 171.030075073242 171.024200439453 171.104034423828 170.107437133789 169.961624145508 169.512557983398 169.228591918945 -3.4e+38 170.016479492188 170.296264648438 169.593017578125 168.96418762207 168.483764648438 168.329818725586 169.050674438477 170.07861328125 169.121536254883 169.073501586914 169.227661132812
239.75325012207 239.581985473633 239.907531738281 238.05583190918 242.287231445312 250.321029663086 253.455612182617 241.586929321289 228.592880249023 228.35466003418 184.537673950195 186.747039794922 201.943649291992 184.305770874023 211.117050170898 -3.4e+38 215.361587524414 201.641677856445 171.677139282227 198.605041503906 226.403472900391 182.491622924805 169.580535888672 169.166030883789 169.229187011719 169.564331054688 170.205001831055 169.936553955078 171.395736694336 173.150253295898 172.149826049805 171.879135131836 171.862762451172 170.358047485352 170.534362792969 170.477020263672 -3.4e+38 170.340576171875 171.316345214844 171.427963256836 171.052932739258 170.32780456543 169.846939086914 169.462951660156 170.014770507812 171.521194458008 171.431625366211 170.892333984375 170.414611816406
240.035232543945 239.66926574707 249.70246887207 270.915649414062 264.642028808594 249.75537109375 252.543029785156 253.905334472656 254.854797363281 242.643798828125 216.125686645508 184.917297363281 198.36328125 186.052062988281 201.605010986328 198.806503295898 254.71257019043 242.504043579102 202.012939453125 184.174774169922 211.739883422852 200.271026611328 199.686782836914 169.813171386719 169.595565795898 170.293029785156 170.620407104492 170.782287597656 172.289108276367 174.042236328125 173.135162353516 172.709564208984 172.533050537109 171.325088500977 171.394439697266 171.139129638672 -3.4e+38 173.259826660156 174.712753295898 173.854949951172 173.16047668457 171.863189697266 171.119354248047 170.520065307617 171.246536254883 172.409439086914 173.041854858398 173.30012512207 172.388519287109
239.379806518555 240.027496337891 259.212646484375 288.551361083984 263.528411865234 249.374969482422 251.912689208984 253.152526855469 254.310791015625 255.432983398438 241.108917236328 215.851272583008 216.022216796875 214.608779907227 197.97004699707 183.642715454102 209.935409545898 210.568313598633 198.29150390625 171.844665527344 184.452087402344 197.619369506836 196.426712036133 170.392623901367 170.497375488281 170.739456176758 171.132659912109 164.825286865234 157.471923828125 174.115234375 173.760604858398 173.309234619141 172.835968017578 172.795333862305 171.909698486328 171.38639831543 171.887786865234 174.522232055664 177.271011352539 175.917404174805 173.58837890625 172.730117797852 171.988922119141 171.536956787109 172.565200805664 173.634567260742 173.724365234375 174.287048339844 174.275161743164
255.33235168457 248.96061706543 275.101165771484 276.073760986328 246.078887939453 249.383590698242 251.295425415039 252.604385375977 253.379241943359 254.479049682617 242.018447875977 225.230926513672 241.156433105469 212.733520507812 201.032165527344 184.991928100586 -3.4e+38 170.618606567383 185.930236816406 216.205123901367 201.397689819336 171.56135559082 170.519195556641 170.534255981445 171.130981445312 171.342803955078 172.232421875 167.491271972656 161.670196533203 167.252166748047 157.907836914062 173.497940063477 173.019027709961 172.951629638672 172.476150512695 172.325012207031 172.446044921875 174.779312133789 178.624816894531 178.053497314453 175.118453979492 172.925979614258 172.868850708008 172.637313842773 -3.4e+38 174.501113891602 174.557891845703 174.895172119141 175.244018554688
253.68147277832 248.250900268555 277.756561279297 286.132110595703 247.337509155273 249.27360534668 250.764846801758 251.728561401367 252.482162475586 253.202758789062 253.938217163086 213.826721191406 212.140274047852 213.231094360352 196.949783325195 183.389312744141 210.939163208008 214.039825439453 213.16487121582 210.666748046875 198.181396484375 172.330459594727 170.635665893555 170.58479309082 171.71061706543 172.270721435547 172.743713378906 174.261703491211 176.018295288086 168.806701660156 159.996383666992 -3.4e+38 173.266571044922 173.202056884766 173.125152587891 173.335845947266 173.946258544922 176.024703979492 179.138763427734 179.235015869141 175.455932617188 173.387680053711 173.577743530273 -3.4e+38 174.237426757812 175.320922851562 175.198715209961 175.757751464844 176.35612487793
248.467102050781 268.637634277344 283.519989013672 297.4658203125 260.876068115234 249.292861938477 250.595886230469 251.408920288086 252.344055175781 252.883316040039 253.666259765625 240.876815795898 227.519805908203 226.451232910156 185.014022827148 214.685028076172 212.621368408203 208.812057495117 196.278335571289 170.68766784668 185.550262451172 201.624618530273 171.623275756836 171.240158081055 164.616821289062 157.732070922852 172.667144775391 166.043212890625 158.696319580078 175.048538208008 174.884918212891 174.649749755859 174.094253540039 174.48762512207 173.999099731445 174.433731079102 175.554168701172 176.328063964844 177.517639160156 178.338165283203 176.370513916016 174.124618530273 174.643280029297 -3.4e+38 -3.4e+38 176.353958129883 176.408187866211 176.481750488281 177.361846923828
256.782958984375 295.731475830078 302.283905029297 299.760894775391 274.07958984375 249.093444824219 250.20751953125 251.396133422852 252.198059082031 252.265243530273 252.857803344727 253.332427978516 239.421798706055 211.05778503418 227.563079833984 253.895889282227 240.352066040039 213.702514648438 214.113632202148 214.535354614258 212.614120483398 211.856506347656 172.26252746582 164.391235351562 150.191207885742 152.0244140625 157.595520019531 167.139953613281 152.300537109375 158.602096557617 175.629302978516 175.256820678711 175.110076904297 175.172134399414 174.676712036133 175.164154052734 176.366348266602 176.696105957031 -3.4e+38 -3.4e+38 177.444076538086 175.223770141602 176.106201171875 176.11686706543 176.325119018555 177.12174987793 177.316375732422 177.274703979492 178.193252563477
