rcp8.5models/GFDL_CM3/sc1gr21.37
NCOLS 261 
NROWS 433 
XLLCORNER 336357.134 
YLLCORNER 654653.479 
CELLSIZE 1000 
NODATA_value -9999 
[rows 132 to 153 of 433, columns 100 to 149 of 261]
46.1601486206055 52.6728706359863 77.9103088378906 122.340873718262 148.512939453125 126.606353759766 94.636344909668 96.0544052124023 141.091613769531 156.19889831543 155.774993896484 154.827453613281 154.055084228516 151.053482055664 141.765686035156 125.70426940918 98.6621627807617 66.1077423095703 51.3176193237305 52.4524345397949 54.4625587463379 54.4635429382324 53.7482872009277 55.7632064819336 76.5925979614258 137.840728759766 202.083450317383 218.799789428711 217.976623535156 203.190689086914 193.05940246582 131.351898193359 79.3135681152344 49.1699867248535 37.8684616088867 35.4157066345215 35.7966842651367 37.0363082885742 40.3249206542969 49.3004264831543 68.3091430664062 83.9348983764648 59.023624420166 57.6446533203125 60.5147094726562 58.2254524230957 51.1182060241699 41.9644088745117 37.8071784973145 37.8438949584961
45.6255912780762 46.8161392211914 56.5184669494629 87.2201156616211 126.438911437988 131.548721313477 108.292678833008 101.292991638184 121.33674621582 130.050064086914 134.374069213867 134.729827880859 128.166198730469 121.389266967773 114.792709350586 112.642364501953 107.26025390625 88.0550231933594 65.2458190917969 53.6850090026855 54.1999588012695 54.217227935791 53.7242240905762 54.9874992370605 67.4620513916016 105.628807067871 155.422317504883 192.498031616211 223.226638793945 238.414794921875 243.329864501953 148.890914916992 84.2360610961914 59.5028114318848 42.6153450012207 35.8642616271973 35.7284355163574 36.0153274536133 38.7855110168457 46.7241020202637 56.7980804443359 60.3457107543945 47.8611221313477 53.1174507141113 57.8061180114746 54.2395286560059 45.764347076416 38.5732002258301 37.5828437805176 37.7818336486816
48.9207458496094 46.5021018981934 51.5768051147461 72.3587646484375 106.382369995117 122.449592590332 109.975112915039 100.860954284668 103.35489654541 104.977462768555 106.107162475586 101.758850097656 92.7311935424805 89.120491027832 91.2064361572266 102.022758483887 108.54141998291 95.8577117919922 70.6952819824219 53.0479545593262 53.0963020324707 53.1001663208008 52.9557952880859 53.2544250488281 56.1623039245605 66.0868911743164 84.45849609375 111.706367492676 145.290069580078 167.848785400391 170.296737670898 106.806846618652 80.0254364013672 68.7776260375977 53.8406295776367 41.3901596069336 37.370532989502 39.0904541015625 45.5742607116699 54.0439949035645 55.6176300048828 49.8442001342773 43.4974899291992 46.0662612915039 48.4084587097168 46.316047668457 41.6900253295898 38.1778678894043 37.9819831848145 37.875560760498
56.0923271179199 56.4458808898926 68.1008453369141 89.1877822875977 107.033187866211 113.446510314941 107.184936523438 100.960266113281 98.6814270019531 96.9446334838867 94.0386199951172 86.7322845458984 79.7716217041016 80.7095718383789 88.0973510742188 101.792915344238 108.512573242188 96.7521591186523 71.4631423950195 52.4742012023926 52.4752922058105 52.4829254150391 52.4983062744141 52.4830474853516 52.6241760253906 53.4960823059082 56.0064506530762 62.5140190124512 74.4313430786133 84.7641983032227 85.4669799804688 77.0990447998047 78.9106597900391 76.0031509399414 68.7809066772461 58.3778495788574 51.5009346008301 51.8998107910156 56.6029281616211 59.6519165039062 55.5858345031738 47.7347373962402 41.6442108154297 41.5916709899902 41.9403800964355 41.455623626709 40.279354095459 39.2042999267578 38.8071479797363 38.2258262634277
65.5298614501953 76.7544631958008 92.6542129516602 104.914031982422 111.226745605469 111.568695068359 107.033737182617 101.753288269043 96.5320663452148 90.1420822143555 83.6468353271484 79.5608444213867 77.8323211669922 79.2753829956055 85.7893905639648 98.6987915039062 105.423622131348 91.8379592895508 67.2974548339844 52.5870399475098 52.5236701965332 52.630916595459 52.8999061584473 52.959846496582 52.582218170166 52.2452354431152 52.1750259399414 52.6522178649902 54.2011642456055 56.0903663635254 58.1831932067871 73.8651657104492 79.1027984619141 78.6621475219727 76.322380065918 70.3349304199219 63.8138084411621 61.9942245483398 62.8462982177734 61.2808303833008 54.5127792358398 46.6324043273926 41.0770950317383 40.810676574707 40.8093452453613 40.8886299133301 41.681812286377 43.9166297912598 45.3230476379395 43.6301651000977
79.3915710449219 94.7440032958984 102.057189941406 104.222358703613 108.567276000977 111.567428588867 107.776145935059 103.743255615234 97.3649520874023 82.6525573730469 71.4894866943359 72.1043167114258 74.0634460449219 75.1500473022461 80.5776443481445 94.0781860351562 101.007858276367 85.7482833862305 67.6869201660156 56.203498840332 54.7254829406738 54.7773094177246 54.6125831604004 54.0484008789062 53.666145324707 52.9950218200684 52.389461517334 52.2848587036133 52.6019897460938 53.2089500427246 56.2844314575195 76.0048141479492 79.0489273071289 79.2817153930664 79.4077682495117 77.8714370727539 74.2149505615234 70.4090728759766 67.7694625854492 64.871223449707 58.4448432922363 51.2044525146484 41.4284706115723 40.8562774658203 40.8663787841797 41.496265411377 44.3830451965332 50.0731773376465 53.6951675415039 52.2306213378906
103.013961791992 102.41438293457 99.1142196655273 99.5170288085938 107.114715576172 115.831932067871 120.704521179199 123.567497253418 99.7297897338867 74.8084106445312 -9999 65.1259536743164 67.9904479980469 76.6893463134766 88.7365493774414 89.1405029296875 77.358642578125 72.7774887084961 72.7760848999023 73.202262878418 70.8831558227539 64.5968780517578 56.6768798828125 53.4255790710449 53.9862670898438 54.5377311706543 55.0349540710449 57.0186424255371 60.4136581420898 62.7343368530273 64.427116394043 69.0019226074219 69.4491653442383 73.0994186401367 80.0105743408203 83.854133605957 84.4913024902344 86.9993515014648 92.9734191894531 96.1434478759766 92.558235168457 93.8654022216797 63.668098449707 51.4106101989746 49.5695648193359 50.9390907287598 55.1751403808594 61.5356216430664 69.9940032958984 74.2870101928711
103.680221557617 100.415626525879 96.5561904907227 96.976318359375 103.059967041016 113.331016540527 122.472625732422 125.871574401855 100.123268127441 74.2075958251953 66.6682662963867 66.8981857299805 68.8475799560547 74.1557998657227 79.6940994262695 77.2604598999023 70.4959564208984 69.9561157226562 69.6417922973633 71.9728393554688 66.4970932006836 58.5132827758789 53.6962051391602 52.8430976867676 53.5901641845703 55.1654930114746 58.1505470275879 62.6250839233398 66.2135162353516 67.493293762207 -9999 66.1626434326172 64.4732437133789 67.4102325439453 76.4107971191406 84.4015731811523 88.3754501342773 93.6443252563477 100.414237976074 105.343132019043 112.735130310059 135.418243408203 119.54069519043 92.7862701416016 72.8075256347656 62.9475364685059 66.495002746582 77.3258590698242 88.2638397216797 86.7122421264648
93.6751861572266 94.5645294189453 96.8414764404297 104.784950256348 127.112075805664 158.329620361328 165.224594116211 148.033966064453 155.383483886719 127.789138793945 113.137145996094 106.51700592041 97.4567718505859 87.0509033203125 79.4047088623047 76.7378997802734 72.772331237793 68.9927749633789 65.5734176635742 63.7783737182617 57.9694061279297 53.4084854125977 52.6159515380859 52.8270874023438 53.8379173278809 56.0355911254883 60.0078125 65.1470108032227 68.0847244262695 68.2852325439453 68.2662887573242 66.6699752807617 64.1788787841797 64.1264724731445 72.7873916625977 91.3226623535156 108.367835998535 111.657539367676 108.871070861816 110.340858459473 120.236740112305 144.688980102539 174.004119873047 171.667739868164 171.36686706543 137.068344116211 93.137321472168 94.745719909668 97.3384704589844 83.1699829101562
79.9622039794922 86.5669937133789 101.950843811035 133.275543212891 190.87336730957 250.693405151367 261.300262451172 247.198028564453 200.620483398438 163.776275634766 151.969589233398 146.290222167969 135.123519897461 124.029190063477 115.501945495605 105.533050537109 86.6858367919922 69.3337478637695 62.6134338378906 54.4151077270508 50.3657035827637 50.2780647277832 52.222053527832 55.9555892944336 63.5317306518555 68.8427276611328 66.9898529052734 66.5351791381836 68.28662109375 68.2953948974609 68.414909362793 69.454345703125 67.0470886230469 63.8800354003906 71.8489608764648 98.2580947875977 124.897262573242 127.933311462402 122.027305603027 120.639099121094 126.575965881348 -9999 204.485214233398 255.693832397461 278.213348388672 207.337219238281 116.657272338867 101.797538757324 94.7455825805664 68.1250610351562
71.8801956176758 74.9891662597656 89.9040985107422 127.689498901367 182.964065551758 269.692718505859 464.448577880859 695.551940917969 308.474731445312 156.097076416016 157.79182434082 162.496368408203 156.740173339844 145.930725097656 134.561431884766 119.895576477051 96.1252899169922 75.0490646362305 63.2883834838867 50.0138397216797 47.733283996582 48.5768775939941 52.2958450317383 62.9142265319824 78.0911712646484 83.2327270507812 75.0194244384766 68.2577972412109 68.9228668212891 69.1941299438477 69.5177612304688 -9999 71.3975296020508 68.1853637695312 73.3656234741211 91.0857086181641 113.714225769043 128.198593139648 132.47102355957 131.088043212891 132.305725097656 138.755889892578 238.726028442383 313.84228515625 318.513519287109 246.756393432617 151.906112670898 101.820678710938 85.393798828125 50.1454620361328
69.0525588989258 67.7579879760742 75.2295379638672 103.642715454102 144.661346435547 213.091857910156 428.674774169922 786.902526855469 -9999 152.069686889648 156.030166625977 163.789260864258 152.093902587891 129.131103515625 113.48265838623 105.607620239258 91.7922058105469 75.710693359375 65.2940979003906 66.3840789794922 64.5135040283203 63.1895446777344 64.443115234375 72.7988510131836 85.7783584594727 88.9532318115234 79.9697723388672 74.7056427001953 80.3586044311523 84.4101181030273 83.7853088378906 77.43701171875 75.5894241333008 74.3441543579102 76.1279754638672 82.7189102172852 97.1649475097656 118.1845703125 135.291778564453 140.503433227539 137.393829345703 142.686584472656 250.824554443359 285.836181640625 241.794052124023 198.698806762695 169.611785888672 115.621589660645 70.912971496582 33.7273902893066
68.2865600585938 65.5952682495117 66.8887329101562 79.9746017456055 110.846626281738 169.373168945312 284.441802978516 474.585144042969 380.582489013672 160.675842285156 166.45246887207 168.014099121094 143.283309936523 110.049491882324 96.3948745727539 91.5457534790039 80.9629898071289 69.4103775024414 68.5231857299805 97.5269317626953 98.3525085449219 97.0058670043945 96.1851043701172 96.9682006835938 99.338020324707 99.1265563964844 94.1769104003906 90.8393249511719 93.033576965332 93.5295639038086 93.1921615600586 83.0786285400391 77.5987548828125 77.1589660644531 76.5745162963867 76.5768051147461 82.1159515380859 100.748764038086 132.256393432617 151.18229675293 141.955749511719 137.687622070312 182.416442871094 177.630950927734 135.469192504883 119.45873260498 -9999 101.622886657715 51.7334442138672 19.3283882141113
68.700309753418 65.8087463378906 64.0265350341797 68.2035903930664 92.0685119628906 153.379089355469 222.40705871582 268.046752929688 257.756408691406 189.917434692383 183.977279663086 -9999 117.11841583252 96.9021911621094 87.2055130004883 80.2036056518555 71.8206939697266 66.7012557983398 71.8582611083984 110.156913757324 114.629821777344 112.517555236816 110.664916992188 110.092658996582 109.36262512207 106.706359863281 100.644912719727 93.6999664306641 90.8760375976562 91.3135604858398 96.3934783935547 89.0715255737305 80.3632125854492 78.0798568725586 75.1319580078125 72.0234909057617 74.2937164306641 92.0584182739258 130.939743041992 156.086364746094 142.249404907227 128.928695678711 126.630867004395 114.298629760742 92.8400802612305 83.9040298461914 88.2744293212891 75.2157897949219 38.5830688476562 12.0001239776611
69.4123611450195 66.7701721191406 64.428108215332 70.7748489379883 102.105575561523 164.303039550781 213.728729248047 222.162506103516 225.799392700195 219.608901977539 197.251724243164 144.244201660156 98.1516418457031 90.2014007568359 81.5405960083008 73.3169631958008 69.6400299072266 69.1010360717773 74.2387771606445 100.7998046875 102.693542480469 99.9326934814453 100.759437561035 106.028160095215 110.283798217773 105.893997192383 95.3591766357422 86.4036560058594 84.9961395263672 87.6114654541016 94.1194229125977 88.9286804199219 83.8383636474609 80.3461837768555 74.4029312133789 69.974967956543 72.0509185791016 87.6332778930664 125.923011779785 155.314590454102 144.464752197266 121.32022857666 90.6178436279297 84.1778945922852 77.6083221435547 75.1972885131836 74.7695999145508 60.5493049621582 30.8243579864502 10.1637926101685
72.3856353759766 71.7106628417969 65.8155517578125 73.2670440673828 110.447601318359 175.101989746094 217.823471069336 222.976501464844 267.319854736328 290.120086669922 256.096832275391 166.006057739258 98.0255813598633 90.4780883789062 83.0390930175781 74.2796325683594 71.6780014038086 78.6185836791992 102.252395629883 138.228042602539 107.456970214844 89.0845031738281 91.6922378540039 99.7789611816406 106.506546020508 101.275299072266 91.2231826782227 86.8247909545898 86.1670074462891 84.2672576904297 86.9465713500977 85.9148483276367 84.8002243041992 80.1310424804688 73.2153167724609 70.1902313232422 71.7866134643555 81.9335250854492 111.227386474609 145.01887512207 150.505187988281 127.27108001709 71.2499923706055 67.0757446289062 66.2740325927734 66.2337493896484 63.2128791809082 47.601921081543 22.9700393676758 9.82248210906982
76.1337203979492 80.5561904907227 72.0302963256836 72.276611328125 104.060317993164 161.836029052734 202.030548095703 219.031845092773 372.427001953125 416.921081542969 360.539703369141 242.257507324219 130.065002441406 97.6021575927734 88.2024002075195 82.8502655029297 88.9055023193359 112.337257385254 146.110687255859 151.127349853516 98.6269607543945 76.9355392456055 77.8810348510742 80.5041046142578 83.7785797119141 85.5679397583008 94.6961212158203 107.189224243164 100.967056274414 85.7579498291016 84.9812240600586 85.5597457885742 84.9777374267578 79.6048278808594 73.4659652709961 71.9159240722656 72.4929580688477 76.7280120849609 93.5125045776367 125.940795898438 149.93896484375 143.857955932617 83.2350921630859 62.3407020568848 56.1716156005859 53.9400520324707 52.6546325683594 40.4325981140137 19.493221282959 9.80667209625244
75.4971008300781 79.7335739135742 72.6341323852539 74.194221496582 99.1256484985352 137.909225463867 164.930877685547 195.185775756836 408.060119628906 445.531280517578 395.513031005859 306.463684082031 157.42610168457 109.401435852051 98.4590454101562 97.8069839477539 110.722236633301 145.25032043457 169.302612304688 105.150299072266 72.0679779052734 65.401611328125 72.2008285522461 79.4184875488281 78.5902633666992 74.4476928710938 83.7192459106445 105.526702880859 120.39045715332 121.588455200195 114.011680603027 87.3863983154297 86.6580200195312 83.3156661987305 78.6108474731445 75.3939437866211 73.8622360229492 75.1775894165039 86.9672775268555 116.695930480957 141.419540405273 134.313064575195 74.2664031982422 52.9468116760254 47.9426727294922 47.6373825073242 50.8377571105957 45.1847648620605 25.1692848205566 10.9442768096924
88.0845336914062 84.0290985107422 70.2518920898438 69.6233520507812 75.8894577026367 94.0649108886719 121.051788330078 148.611862182617 297.543487548828 428.481048583984 471.701232910156 340.599212646484 164.335510253906 122.259582519531 106.33967590332 96.1641006469727 88.9228897094727 84.881217956543 77.0986099243164 56.001537322998 55.4454383850098 62.0655250549316 81.4842987060547 100.854377746582 103.459030151367 97.585205078125 88.8285598754883 92.8406219482422 116.174339294434 137.085174560547 134.526077270508 114.133033752441 106.594757080078 102.448799133301 96.7309494018555 92.6150360107422 93.4062118530273 93.5838012695312 94.2201766967773 89.3084030151367 76.6141510009766 61.1988487243652 45.2557830810547 44.2473335266113 44.6663398742676 47.7463417053223 54.5478591918945 53.9528121948242 35.0920562744141 15.8753051757812
97.400390625 86.9525985717773 71.9099349975586 -9999 85.7402114868164 115.139488220215 136.868560791016 147.153259277344 352.555603027344 462.13037109375 400.111022949219 249.020812988281 136.396255493164 105.302360534668 91.6294555664062 80.2670974731445 71.7591400146484 66.808479309082 60.697437286377 54.2479209899902 56.4250411987305 68.5494842529297 94.7422256469727 114.769775390625 115.947319030762 114.389450073242 110.796173095703 114.482711791992 127.179908752441 137.107177734375 133.723999023438 116.60945892334 111.031387329102 107.630348205566 102.747169494629 99.3166351318359 100.393882751465 96.8295822143555 81.84033203125 61.6441497802734 50.7372970581055 47.3985977172852 44.3548202514648 44.2708015441895 45.4115867614746 49.8187370300293 55.6282997131348 50.9189872741699 30.9698028564453 15.055006980896
103.365348815918 90.5550765991211 74.8966369628906 76.4648666381836 103.134765625 142.94807434082 157.338592529297 150.914840698242 302.101043701172 334.446838378906 223.880981445312 148.068328857422 108.67259979248 94.6616363525391 85.453857421875 75.57861328125 68.1594619750977 64.7835006713867 59.9961166381836 53.1313743591309 59.668529510498 78.2430267333984 103.357460021973 116.534385681152 118.682716369629 120.260749816895 126.354400634766 145.479187011719 184.183181762695 214.471557617188 193.577163696289 118.100593566895 114.17179107666 110.999053955078 107.548225402832 104.74885559082 101.692924499512 89.6867065429688 66.2384338378906 48.9013862609863 45.9210052490234 45.5383949279785 44.2701721191406 44.4028244018555 46.5238990783691 52.643310546875 -9999 43.8562164306641 24.5993595123291 15.0777254104614
134.07942199707 116.313552856445 91.8898773193359 111.678688049316 213.268676757812 301.704315185547 254.339447021484 186.531860351562 323.207153320312 293.500518798828 157.065811157227 129.240539550781 119.464416503906 101.831352233887 92.5562744140625 85.4925079345703 75.9154205322266 66.4380645751953 58.8033409118652 50.5295867919922 56.9734725952148 74.118782043457 92.8995895385742 99.0685958862305 102.504661560059 111.161766052246 131.934066772461 177.682815551758 260.053619384766 325.751434326172 294.084136962891 166.500381469727 141.114685058594 130.299819946289 123.389549255371 119.87035369873 112.202308654785 91.9425430297852 61.0394401550293 46.7527694702148 45.8092727661133 45.5802154541016 44.9204940795898 45.1487464904785 47.4323921203613 54.023681640625 55.2905426025391 39.3492126464844 -9999 15.3753976821899
