rcp8.5models/GFDL_CM3/sc1gr9.36
NCOLS 261 
NROWS 433 
XLLCORNER 336357.134 
YLLCORNER 654653.479 
CELLSIZE 1000 
NODATA_value -3.4e+38 
[rows 242 to 263 of 433, columns 49 to 97 of 261]
447.721221923828 447.616149902344 447.673980712891 447.601776123047 446.44873046875 442.803009033203 440.966186523438 438.675842285156 437.001861572266 434.691009521484 432.787872314453 431.985778808594 430.526092529297 429.147705078125 427.331359863281 426.040344238281 424.431518554688 423.313354492188 419.662902832031 418.810089111328 418.011627197266 416.622650146484 414.935119628906 413.409271240234 412.464172363281 410.662384033203 409.034576416016 406.828735351562 405.448883056641 402.142852783203 400.557067871094 399.944305419922 398.249664306641 395.745788574219 392.784484863281 390.075378417969 387.065673828125 385.4345703125 384.088897705078 380.953338623047 378.04443359375 374.827453613281 373.532592773438 371.007171630859 368.567840576172 366.530090332031 364.267822265625 361.312683105469 357.231109619141
452.981201171875 453.530944824219 452.512145996094 452.058349609375 449.339538574219 446.565185546875 446.552642822266 444.443054199219 443.109954833984 441.807647705078 440.174957275391 438.3876953125 438.255401611328 436.774627685547 434.657348632812 432.763214111328 432.265869140625 431.369201660156 428.338073730469 427.275726318359 425.822967529297 425.048736572266 424.143005371094 422.930358886719 420.913848876953 419.751434326172 418.152770996094 416.292388916016 414.998382568359 411.527618408203 410.254058837891 408.995147705078 407.129638671875 405.028778076172 402.545257568359 399.387054443359 396.155548095703 393.352874755859 392.165710449219 390.011291503906 387.379455566406 382.847137451172 381.217163085938 379.529388427734 377.978607177734 375.032989501953 372.488983154297 370.164794921875 367.890289306641
454.946014404297 454.511962890625 453.755004882812 453.334930419922 451.594696044922 450.012817382812 450.11572265625 447.907775878906 447.212615966797 446.848602294922 444.988739013672 442.572326660156 440.854095458984 439.412963867188 437.13330078125 435.652801513672 435.312194824219 434.217803955078 432.066619873047 430.682678222656 429.621246337891 428.690368652344 426.990417480469 425.940551757812 424.436981201172 423.655426025391 422.624237060547 421.059112548828 419.961090087891 416.826293945312 414.956695556641 413.93212890625 411.972534179688 410.028045654297 407.297729492188 404.017425537109 400.403656005859 398.207550048828 406.75 413.754028320312 393.424377441406 387.899322509766 385.897033691406 383.831451416016 381.836730957031 379.433746337891 377.067169189453 374.701416015625 371.600372314453
456.290252685547 456.223602294922 455.725280761719 454.763977050781 453.557159423828 452.551696777344 452.757690429688 451.436248779297 450.960479736328 450.445678710938 448.752136230469 446.589630126953 443.608184814453 442.285949707031 440.924682617188 438.988403320312 438.285827636719 437.809020996094 435.727874755859 433.821838378906 433.104736328125 431.949035644531 430.460479736328 429.477264404297 435.038848876953 446.528167724609 438.925842285156 425.420989990234 424.536773681641 421.133880615234 419.848510742188 418.263671875 416.230682373047 414.699279785156 411.714019775391 408.691619873047 405.755554199219 403.853332519531 417.930297851562 429.458465576172 398.498840332031 393.077270507812 401.483306884766 409.358459472656 386.852447509766 384.514099121094 382.268249511719 379.421508789062 376.266754150391
457.355499267578 457.756225585938 457.554626464844 457.801208496094 458.108947753906 458.045074462891 456.935028076172 454.667877197266 454.08056640625 453.927124023438 452.339965820312 451.293395996094 448.558044433594 447.071960449219 445.598571777344 443.313659667969 441.902130126953 440.582946777344 438.411926269531 437.682342529297 436.306091308594 434.580932617188 433.729034423828 432.909851074219 436.400512695312 442.793426513672 438.25537109375 429.896057128906 428.217437744141 424.860412597656 423.789886474609 422.389190673828 420.852111816406 419.134094238281 416.820220947266 413.928100585938 411.152069091797 418.650848388672 441.583343505859 435.091369628906 403.448974609375 398.231018066406 403.813751220703 408.529663085938 391.906188964844 389.988342285156 397.953948974609 404.321136474609 381.189239501953
460.770904541016 461.559448242188 460.977142333984 461.048858642578 461.893463134766 462.796081542969 462.194122314453 457.920471191406 458.026153564453 457.419189453125 456.942657470703 456.080108642578 454.079772949219 451.864440917969 450.169097900391 448.577575683594 447.035034179688 445.013977050781 441.974609375 440.498870849609 439.647338867188 439.166900634766 438.141143798828 436.936920166016 435.800689697266 434.987701416016 434.679168701172 433.459320068359 431.031433105469 428.787689208984 427.014373779297 425.764007568359 425.168365478516 431.943572998047 445.999481201172 435.467834472656 426.206665039062 438.165679931641 432.006500244141 433.700714111328 436.711883544922 404.399505615234 411.983001708984 418.580291748047 397.062225341797 405.400726318359 419.516052246094 403.839477539062 386.072998046875
466.083862304688 466.671630859375 465.870025634766 464.690490722656 464.487274169922 465.898315429688 465.509124755859 462.680755615234 461.782470703125 460.997589111328 460.292907714844 458.491760253906 457.601989746094 456.263854980469 454.381011962891 453.988677978516 453.261840820312 451.169250488281 446.842742919922 444.61376953125 442.880004882812 442.975280761719 442.200836181641 440.489440917969 439.250701904297 439.179382324219 438.844970703125 436.522735595703 434.394378662109 432.437652587891 431.556121826172 430.480407714844 429.542846679688 442.02587890625 458.064270019531 435.575256347656 437.291351318359 457.162719726562 444.494873046875 445.777465820312 453.144927978516 427.880889892578 414.343811035156 419.141632080078 402.687194824219 417.634704589844 441.060546875 414.240112304688 401.961151123047
471.181640625 471.357330322266 470.504211425781 469.068389892578 469.039367675781 469.155364990234 468.201477050781 466.604736328125 464.94482421875 463.990417480469 462.485015869141 460.450958251953 460.152954101562 459.556671142578 458.122344970703 457.609466552734 457.276458740234 456.073028564453 452.384216308594 450.064270019531 448.48486328125 447.395202636719 445.150787353516 443.838745117188 443.657501220703 443.055389404297 442.263305664062 440.242950439453 439.0146484375 437.165985107422 436.133209228516 443.779418945312 449.590850830078 439.960571289062 449.942687988281 453.240356445312 448.46923828125 442.461730957031 450.387969970703 463.059753417969 457.595336914062 455.293579101562 430.875732421875 421.120666503906 426.759674072266 413.287353515625 424.338134765625 424.396270751953 423.540435791016
475.220428466797 476.152069091797 475.722808837891 473.476104736328 472.555358886719 471.410186767578 471.379211425781 469.518798828125 468.399291992188 466.929351806641 465.414764404297 464.025085449219 463.933074951172 463.008697509766 461.439086914062 460.029815673828 460.444976806641 460.268768310547 460.856689453125 455.123931884766 453.881927490234 451.721008300781 449.253784179688 447.739868164062 447.738342285156 446.664947509766 445.337341308594 443.749298095703 443.936309814453 442.674163818359 441.176300048828 445.853729248047 449.910339355469 447.406341552734 462.864654541016 470.555816650391 466.372528076172 445.341369628906 443.292755126953 470.093444824219 467.535980224609 450.388122558594 431.713592529297 433.659545898438 445.393981933594 421.885711669922 436.462371826172 431.557434082031 426.375885009766
478.591369628906 478.200225830078 478.917938232422 476.797332763672 475.036651611328 473.973388671875 474.279998779297 471.710021972656 471.386779785156 469.36328125 467.942687988281 466.846252441406 467.255157470703 466.007873535156 463.934997558594 463.976379394531 463.890472412109 463.6240234375 462.676147460938 460.06884765625 458.300109863281 456.241912841797 454.973449707031 452.339385986328 451.28466796875 450.844879150391 449.072967529297 447.736175537109 448.098876953125 447.66943359375 446.093231201172 452.529052734375 465.096618652344 469.844268798828 477.356414794922 475.680236816406 476.722076416016 460.828796386719 447.911926269531 465.680450439453 458.380615234375 443.145294189453 439.855529785156 430.10107421875 442.921142578125 442.306365966797 444.779205322266 452.088562011719 443.392395019531
480.752166748047 481.137451171875 481.288116455078 479.390350341797 477.610443115234 477.348663330078 476.229156494141 475.01416015625 473.300659179688 472.088928222656 471.760314941406 470.24072265625 469.500183105469 468.076965332031 467.26416015625 467.963836669922 467.464599609375 466.082122802734 463.177459716797 463.133941650391 461.918487548828 461.024963378906 460.244110107422 458.888305664062 456.615631103516 454.5361328125 453.054290771484 458.627868652344 470.790496826172 470.118377685547 462.239044189453 461.614990234375 475.148315429688 469.251892089844 481.946350097656 481.53759765625 481.214172363281 473.831909179688 459.557220458984 457.628692626953 459.158020019531 464.002899169922 466.477905273438 454.167755126953 458.657928466797 452.717132568359 437.746978759766 463.904266357422 461.545623779297
483.943206787109 483.970672607422 483.644012451172 482.127960205078 480.06982421875 479.129791259766 478.588592529297 477.880889892578 477.079376220703 476.3916015625 475.212463378906 474.619873046875 474.021820068359 472.487518310547 471.291015625 471.509063720703 471.516265869141 469.475799560547 466.487976074219 465.725982666016 466.099517822266 465.951385498047 463.349456787109 463.567779541016 461.793548583984 459.302215576172 464.43212890625 471.997985839844 474.553283691406 479.381713867188 462.464904785156 458.261077880859 468.354858398438 469.645477294922 472.338653564453 485.611663818359 485.307647705078 484.245269775391 477.195648193359 464.080780029297 453.329620361328 456.484832763672 462.136444091797 474.095428466797 475.275268554688 466.575744628906 459.124084472656 468.837921142578 466.017669677734
487.775451660156 486.595153808594 486.095703125 484.724060058594 482.605499267578 482.451416015625 482.858642578125 481.678039550781 482.294067382812 481.226104736328 478.600708007812 477.531127929688 477.187072753906 475.456848144531 474.411773681641 474.500030517578 473.915008544922 472.192901611328 469.472198486328 468.442047119141 468.999786376953 468.471374511719 466.805480957031 466.108581542969 465.325897216797 470.815643310547 478.11376953125 468.576782226562 464.179809570312 467.890625 465.950805664062 476.717407226562 480.839477539062 484.275817871094 480.426666259766 489.383422851562 489.000762939453 488.267578125 479.544677734375 467.334808349609 469.918090820312 467.865692138672 471.381866455078 473.940704345703 471.021789550781 478.023162841797 475.441009521484 472.999114990234 470.026458740234
493.349304199219 492.644378662109 491.170440673828 491.930908203125 492.450836181641 491.569793701172 491.011108398438 491.310394287109 492.32568359375 491.697601318359 488.578735351562 486.756591796875 485.072479248047 483.374816894531 483.024597167969 483.219299316406 486.795532226562 487.516326904297 478.532745361328 477.029754638672 475.881896972656 474.444976806641 473.191680908203 473.724334716797 478.854187011719 482.349090576172 472.330444335938 482.014770507812 493.62890625 496.837829589844 497.493103027344 492.976623535156 489.270599365234 497.84814453125 497.771606445312 497.403625488281 497.411834716797 496.826721191406 496.678924560547 495.850494384766 494.631225585938 492.49853515625 491.851379394531 489.587799072266 488.142913818359 488.496673583984 485.910888671875 482.528259277344 479.266143798828
496.522125244141 495.068420410156 495.480529785156 496.513610839844 497.506408691406 496.846893310547 495.632080078125 496.499206542969 497.684936523438 497.316314697266 496.419830322266 493.031158447266 490.997772216797 489.310241699219 487.261779785156 490.658325195312 496.140228271484 490.539947509766 483.716461181641 482.378692626953 481.616271972656 478.858703613281 476.546844482422 476.133209228516 479.0625 481.237823486328 481.399780273438 495.52099609375 501.840667724609 490.167114257812 494.232482910156 489.722320556641 501.855041503906 501.923919677734 501.269836425781 500.82568359375 500.913177490234 500.658294677734 500.349334716797 499.586669921875 498.945556640625 496.706085205078 494.650207519531 491.509033203125 487.328033447266 484.542541503906 490.299377441406 485.763580322266 481.790344238281
498.901672363281 498.560119628906 500.471252441406 502.254730224609 501.736511230469 501.333435058594 501.400085449219 500.977966308594 500.611053466797 499.491119384766 498.761077880859 497.134857177734 495.983062744141 495.039642333984 492.657928466797 493.296234130859 494.219177246094 490.517791748047 488.602966308594 487.256988525391 486.432891845703 484.274475097656 482.086730957031 480.092651367188 479.116882324219 478.649963378906 487.829711914062 505.270233154297 505.549743652344 481.388641357422 489.193389892578 497.163818359375 505.383728027344 505.132446289062 505.115997314453 504.874389648438 504.854064941406 504.605499267578 504.113433837891 503.623260498047 503.284790039062 501.395446777344 499.046417236328 496.100067138672 492.778076171875 490.105804443359 494.777099609375 488.955017089844 481.753479003906
502.945526123047 504.362060546875 504.482696533203 504.370361328125 505.102294921875 504.883850097656 504.870269775391 503.880767822266 503.465728759766 502.520050048828 501.106597900391 500.511688232422 499.799133300781 500.017150878906 499.242553710938 496.890014648438 494.353668212891 493.116424560547 491.82763671875 490.819030761719 490.112609863281 488.574340820312 487.457489013672 485.93310546875 484.316650390625 484.303771972656 486.154174804688 498.088134765625 508.85595703125 488.095703125 501.225860595703 508.720001220703 509.164306640625 509.061370849609 509.249298095703 509.229553222656 509.213745117188 508.999847412109 508.341430664062 507.676574707031 507.627410888672 506.204467773438 504.685241699219 502.664978027344 501.183837890625 500.231781005859 498.732879638672 492.899658203125 486.017303466797
510.812591552734 509.763641357422 508.365539550781 506.951202392578 507.416473388672 508.574981689453 508.134033203125 506.984008789062 506.582061767578 505.806671142578 504.149017333984 506.457153320312 507.780456542969 504.729400634766 504.777893066406 502.450317382812 499.223022460938 497.282928466797 496.3798828125 494.523132324219 494.646636962891 498.147552490234 500.892852783203 496.947326660156 497.625457763672 494.452514648438 496.206024169922 495.490875244141 512.753051757812 500.819488525391 496.178833007812 495.829620361328 502.489685058594 512.826354980469 512.750366210938 512.889587402344 512.996643066406 512.793334960938 512.599853515625 511.682464599609 511.126708984375 510.447723388672 509.263610839844 507.659332275391 500.448120117188 495.111022949219 502.257080078125 496.585083007812 490.352172851562
516.542846679688 514.210571289062 512.73095703125 511.643035888672 511.062469482422 510.606170654297 510.402282714844 509.851623535156 509.102722167969 509.41455078125 508.854766845703 510.000457763672 510.311920166016 507.932678222656 508.381591796875 507.27099609375 504.422393798828 502.899444580078 502.20166015625 499.630126953125 499.007843017578 505.681365966797 509.874816894531 499.033172607422 498.824066162109 496.711181640625 503.252685546875 509.859893798828 516.608642578125 513.327392578125 505.802490234375 505.186492919922 509.316497802734 516.520690917969 516.64111328125 516.839233398438 516.314147949219 515.98876953125 516.347473144531 515.719848632812 514.85498046875 513.777099609375 512.942504882812 512.089599609375 506.328857421875 500.742736816406 504.228607177734 498.743804931641 491.892852783203
519.532348632812 518.195739746094 517.689819335938 517.129211425781 516.837890625 515.479431152344 514.86962890625 513.349243164062 513.094665527344 513.384155273438 513.201110839844 512.117919921875 511.753387451172 512.715881347656 513.129577636719 511.610870361328 509.459350585938 509.739715576172 512.623718261719 504.080200195312 502.903594970703 505.229461669922 507.087066650391 500.205627441406 498.015563964844 503.263244628906 514.243713378906 520.207824707031 520.155090332031 520.504272460938 520.630004882812 520.279052734375 513.73388671875 510.089294433594 520.424865722656 520.328430175781 519.971984863281 519.393676757812 519.735900878906 519.636474609375 518.913208007812 517.160461425781 516.123962402344 514.386901855469 513.562805175781 508.931274414062 503.632171630859 501.139526367188 491.982879638672
523.504272460938 523.288818359375 523.258911132812 522.646179199219 522.176147460938 521.653076171875 521.586059570312 517.718505859375 517.400817871094 517.4033203125 516.149658203125 515.393737792969 514.633728027344 515.392883300781 515.959045410156 515.105224609375 513.961608886719 517.517944335938 524.185791015625 514.090942382812 505.991790771484 505.793701171875 511.275756835938 511.498321533203 507.171508789062 519.131958007812 523.387023925781 523.902587890625 523.892761230469 523.297912597656 524.361328125 524.346801757812 519.64306640625 516.829223632812 523.560791015625 523.699035644531 523.638549804688 523.252685546875 523.094970703125 522.725952148438 522.319946289062 520.59228515625 518.440063476562 515.090515136719 514.596313476562 511.617431640625 507.078247070312 504.10205078125 494.872192382812
527.5439453125 528.196228027344 527.77880859375 527.018981933594 525.892333984375 525.217712402344 526.390991210938 522.651672363281 521.994079589844 522.615844726562 521.164123535156 520.082092285156 518.093566894531 518.706604003906 519.121459960938 518.34130859375 518.245849609375 522.500854492188 526.742004394531 521.0322265625 521.240539550781 516.867858886719 517.834777832031 524.623046875 522.127685546875 527.945617675781 527.31787109375 527.075927734375 520.598999023438 516.724304199219 528.236206054688 528.425537109375 527.847473144531 527.66748046875 527.110534667969 526.736694335938 526.893188476562 526.930908203125 526.806884765625 526.094360351562 525.699340820312 521.919921875 518.646789550781 514.877258300781 515.030944824219 513.861267089844 509.610412597656 504.998687744141 493.261657714844
