rcp8.5models/GFDL_CM3/sc1gr9.7
NCOLS 261 
NROWS 433 
XLLCORNER 336357.134 
YLLCORNER 654653.479 
CELLSIZE 1000 
NODATA_value -9999 
[rows 176 to 197 of 433, columns 50 to 99 of 261]
73.321672804824 73.5203482615523 86.0900492294642 143.208487941813 138.30840127658 119.095328706619 132.269956258223 76.6314380722206 71.1703416416146 58.3973421330104 107.410938184293 73.1550230643112 59.5364783188937 101.136558674819 60.1422407675529 101.764540715222 54.2289187024368 68.2048825911934 129.183637606765 62.4214174315476 109.615235817695 78.2939040870521 63.9410864392925 102.856033353309 51.4010634406008 51.7583167430082 52.0135667908009 52.3566350549164 53.0227204725816 53.5213593703119 53.9980274825773 54.1611323158564 54.5370796046939 54.4887331298621 54.6721475368522 55.1521398581607 55.3812751633233 56.064682138718 56.2000727008565 56.1078009578982 56.5566835277528 56.5462983912191 57.059414250463 57.1435039174308 57.0111292858145 57.4852397883248 57.533000830884 57.7085451416779 58.0260812617247 57.569244156386
114.5779517219 101.987434367701 62.8373713234581 143.911038826088 143.870700128054 144.521347133253 71.0179957983456 45.9805064076112 46.1926894276112 52.1650300920842 85.2079564001103 101.747799689779 65.9962627759224 140.413086948945 120.440104282608 128.385429877027 47.9724318902287 55.6490788453772 76.3700502302329 56.5795410899792 90.9273292533192 103.079518271941 58.0133526949113 79.0725851312026 51.5741594615546 52.0199068573743 52.1042993725873 52.5987934358423 53.1387564044931 53.8233807588858 54.0418241980118 54.2232147572535 54.6792172233281 54.6456540486554 54.7092587691787 55.185107492473 55.3296385725799 55.7995722474614 56.2937561959918 56.4032471633129 56.6942657746346 56.5614301729742 57.0338455235507 57.0643529965128 57.1319515345138 57.4855859080754 57.530663204173 57.703674740142 58.0499548822304 57.704984686648
144.089408154043 126.363335476946 63.4982332802804 144.983953932033 144.825332522517 132.428538789661 46.2315428666029 46.4182149027665 46.4216900354212 46.6932190331534 52.9175238564209 73.1857586763054 66.3980536238823 134.378866644565 93.6692955920468 141.231932997659 101.728606304453 102.453813500595 49.5306597059722 50.0806336201686 57.2237727690387 78.4383242413309 50.994219297282 51.1412835889541 51.6307189155706 52.1457639913172 52.450544890596 52.7393964913837 53.3829023812678 54.1388347329415 54.0892875481458 54.2699358614189 54.7414524805626 54.7903103873616 54.8676701304589 55.2213660222458 55.3588992946003 55.8107096167084 56.3439473345352 56.5244358334606 56.8868751418898 56.8275899824547 57.2369404261148 57.0969084559649 57.2490784300885 57.6380553061035 57.6449961000746 57.7012421506358 58.1221784419044 57.9762280368181
133.083099551073 82.8356105726042 108.610086841595 76.248936045436 76.435805757886 83.9905867200354 59.4216185980046 114.910318245974 114.979478074621 115.175273004461 115.168775398933 102.352468961876 54.2843489036798 87.2275703561724 108.19715079502 81.5274257132415 75.5155114671551 76.6214140150565 50.0374662480323 50.2227840212246 50.3449445212124 50.7602028916169 51.2641336136606 51.5332935681896 51.691445152957 52.1796592451377 52.4850316071784 53.0494646945505 53.4702834234102 54.0341975373828 54.0577218768856 54.3202897753946 54.7879291448814 54.8548851813796 55.0151220002229 55.4117926359892 55.5581568759645 55.9436561767323 56.1245220982174 56.3040079103611 56.8037323199675 56.930118239294 57.3738191357777 57.1098688516711 57.2823353165114 57.7407311656493 57.7219521298971 57.7012501526364 58.1545759325711 58.0887382600148
140.971721409777 122.277252954441 140.730800858112 116.066643795837 116.108392933816 121.859187413481 108.622044354582 78.2461101082823 78.833425552731 92.8385262092022 148.309561876768 128.460170760315 61.6605534925345 121.961277998439 128.434797511396 48.6658352587589 49.2605758655529 49.4769431245086 50.2332178310484 63.8354991419877 102.701882927173 51.1607768322087 51.3869019786934 51.6680454627092 52.1616412129044 52.4214204016431 52.8313271947925 53.3720463393502 53.4971438172285 53.9596862482301 54.0976024039236 54.4925719427833 54.8380276995799 -9999 55.0823061862395 55.5457243371253 55.7041410307907 56.0616991975238 56.0039408546199 56.1809195392868 56.6939124952555 56.8826972709347 57.3163067697578 57.1255122875749 57.2955282395515 57.7484439549369 57.762116002477 57.8525350231752 58.2640589771364 58.0814777057901
76.3499067151155 76.6709390135375 90.121594834234 147.188166403636 134.386453501674 91.3284386104508 86.4002808763386 103.323330510716 61.1321599053103 122.996287648557 149.052345976558 128.939772010858 55.1848307386414 95.0811668247012 142.251377738148 115.685661256786 116.294424438054 50.1698277734407 50.4596184211715 57.7528468984688 78.5495325967704 51.4870654438298 51.4255327653043 65.5063406914635 103.652823194079 52.5486134373258 52.8932907205341 53.5368286051796 53.5597400457803 54.0186840501501 54.175519272152 54.6528330065614 55.0092075772025 55.0272183930267 55.3808169581638 55.5918609898365 55.769381584423 56.2068754026868 56.1569787670782 56.2167106922638 56.7222117868169 56.8941070168767 57.3237232839857 57.2573873841358 57.311334383355 57.7587349595158 57.792901590938 57.9556589757661 58.3738139302878 58.2477504166267
118.889757112896 118.43695320885 123.877863455616 135.153743015596 85.7865765169631 123.25073135556 67.9103852969351 129.537552868353 68.3578308361276 136.28164780216 94.9626731047967 143.291465489768 117.381936678823 123.444204919934 149.936442955851 149.848428619932 136.294013838714 50.5638738007815 50.6151666903696 50.8208939764743 51.4842379100607 51.658697836268 51.6206598583558 59.3661986646926 80.6195276471109 52.6567111965714 53.0972921231127 53.6240092313195 53.7786512934591 54.1998847217667 54.2510886019761 54.7797631112707 55.1696996854488 55.2771355574238 55.6984324411716 55.6414308339581 55.817189401928 56.2711603394635 56.3034914369529 56.3700942494393 56.7534224712218 56.9229684069527 57.3699082673212 57.3867071150483 57.4426013499827 57.7716039625458 57.8027237810614 57.9626105683002 58.3990438278397 58.3966050364908
149.697731854243 149.396632617266 -9999 129.559280454346 54.1389438131463 93.0480806243802 68.5165329165294 143.930932051498 111.204260499824 88.8008219606559 124.059584556524 136.724094795717 96.8724095593451 150.953870564068 150.802350448954 136.419442584506 90.4272057216649 50.7670376591325 50.6936673173416 50.8792483091432 51.4837659137902 51.7543742035726 65.8103118631581 102.897666125604 52.5123192792031 52.770795495454 53.2522396282808 -9999 54.1822182332462 54.3687889159945 54.4422593393915 54.8117934919709 55.0509165804322 55.4268264088983 55.8576750794835 55.8099016428198 55.8683459441631 56.3175728862252 56.3689158629541 56.5181028113397 56.9010605065839 56.9546575680753 57.3962740833789 57.4331117306163 57.5723769371148 57.8992081849643 57.8150409280332 57.9719913544927 58.402565437155 58.4213103319344
136.546569308856 92.8393382205292 150.096595083794 143.973832773428 119.31751312667 111.308083872125 124.551667427196 150.758431248435 144.77429397616 125.249001357251 136.765040597804 90.1191909551196 125.491534225184 151.401658864176 151.469780977666 129.75080147522 71.3136556925732 50.9479298085691 51.0010160268059 51.3356406720292 51.5775399054516 51.8373097068428 59.6387098856604 80.1858603814749 52.7862022477097 53.0048302545351 53.450264439989 53.5718314995748 54.396567629221 54.4594671936138 54.614514057526 54.9596485825411 54.997114016884 55.4900538574389 55.9372081066822 -9999 56.0724346351072 56.481623696196 56.491054649411 56.827928498143 57.1215151781048 57.3449558462565 57.4254182083626 57.4592129975581 57.6190784414626 58.0264083997918 57.941329448397 57.983785452747 58.4084780815292 58.423844622379
146.014748890871 127.126273080234 145.939790577162 126.96243023644 152.073099985992 152.112016989931 145.130108813921 119.404820081265 105.798816463197 57.3769404395983 97.9391769364363 152.86334717832 153.59195642976 152.575548986198 130.855906618505 50.7197956204351 51.4187542986309 51.4371329839305 51.7613039704954 66.6245690276289 103.871953083404 52.3259453401405 67.0981642172414 103.563073487743 61.3879305507906 81.8468060163256 53.7381953686016 54.087204045641 54.7741592464864 54.8791804470866 69.8616122939247 103.836163695181 55.814053091183 56.2325642115048 56.2152939560686 56.3493364176799 56.67177312059 56.7179889977637 56.8842236390535 57.2947680058215 57.3981002009223 57.7041167706183 57.7120257663807 57.7089519238631 57.913290222736 58.0932107898484 58.1117786214655 58.2353967776928 58.5375645872631 -9999
152.772570445166 152.207841598604 152.676066824385 152.83543050747 152.756053574054 138.125430271461 152.610655973188 137.862865712161 76.6998020829812 65.7124825287911 127.946193191695 139.46530899098 99.8944326795523 153.291046521001 131.629128027661 51.3600354682968 51.6158308442522 -9999 52.1020502919961 60.2829428812402 95.0212168400656 104.283240231758 75.7132655570785 132.054678991501 68.444733867558 118.877451525123 103.903688621663 54.179627785439 54.8798006984476 -9999 64.1119478215453 84.2118944317076 55.8909816532261 56.3259241940449 56.3756490453545 56.5214768698232 56.8477104274716 56.7775176570013 -9999 57.3689185091448 57.4338722163637 57.7446242798062 57.7725591795479 57.9027473423558 58.210390998967 58.118525108306 58.2131795324142 58.5167227905888 58.6609707236563 58.5546987359549
153.285454677912 152.73671146371 152.763814287927 138.453068548211 96.6568934241015 146.519813809545 83.2277262642143 91.2704423812915 121.015138099023 127.918388795562 140.139175891926 78.4729326270382 73.8906346125094 153.999838821583 146.520970457245 104.743132141498 66.6227186811715 104.365667578485 52.5768383567692 52.8477003440767 76.0483228359605 132.513385179091 76.4678537008443 147.384506019393 127.501112935922 155.481799145034 132.432963408249 54.6155753946229 -9999 -9999 -9999 -9999 56.1241101544621 56.4020414801351 56.5234292553471 56.851612905702 57.0188435961667 57.0287734990523 57.2387079954585 57.423805291209 57.5537130413594 57.7879895396671 57.8125017295251 57.9633118216112 58.350510835096 58.256395090226 58.2907691690261 58.6951480695511 58.7008211592074 58.6771313157417
153.402186946986 153.05063262306 152.912282259581 146.762122475081 128.464021754824 153.66001252141 106.542982323061 58.1511402903721 84.549117467001 99.9982350703834 148.195313469444 121.527533968487 128.389958078164 154.591869264156 154.013709167878 131.515651958974 60.021181227139 79.9825368382471 53.0730957826466 68.1751662471298 112.833648585052 96.571950133129 113.152862205814 90.5295098808302 105.574943808497 141.103763416745 83.2820110886809 55.1927533707542 -9999 -9999 -9999 -9999 56.5340536188479 56.6314832122258 56.759789639439 57.0700678464386 57.1102249966302 57.2483302394275 57.5611610661191 57.4818457437808 57.6414027544161 57.9449581120325 57.8551775748759 58.0027900305525 58.408281414968 58.3958654315167 58.4270936300758 58.716109362275 58.7180520056635 58.7969422454077
96.6977543859388 153.679885301689 153.810376764614 -9999 153.983710277183 153.932703920943 132.543255961469 66.8017268091468 106.828579013102 74.6373915637529 140.636229010221 101.38102947241 155.204428084359 139.948572799611 86.5347241624027 94.4545263909274 120.637786039192 68.286582970411 105.212703785669 61.7605181583846 96.6485071936365 128.59647016746 148.231636321054 105.140509529259 63.1719051059305 98.5020305417871 105.16559387116 -9999 -9999 55.9429462493173 56.0449615943851 -9999 -9999 56.8803823450309 57.1806556144028 57.2588096864808 57.1830315813671 57.3407369995765 57.7319371149706 57.6543180225565 57.9535217208923 58.1016294753607 58.0890533220314 58.278864463985 58.4445095142105 58.4528195060669 58.5659675270941 58.8481276828707 58.7375236760938 58.8680367548535
58.3303733379979 98.2334761535914 155.238859124149 154.858043524041 154.703823631237 154.607482223766 148.400943082934 129.801674744323 148.237963329484 114.499554707445 79.1132432118544 60.261561299953 102.055080584644 147.971459944338 105.949801782224 76.4210841841311 156.02869442868 128.727787652759 133.017285562993 54.1939113017358 62.642597438002 106.040306185996 157.254688320298 148.669419760826 105.327691732997 79.6023705371902 148.950449765966 105.310757700106 71.4510166398025 105.164115244157 56.7071412632922 56.8697826263106 56.88213702879 57.1269654792611 57.4294155754772 57.4436290700252 57.4837401074421 57.7589545357205 57.8225781888206 57.8251907147429 58.269934255742 58.1770009600439 58.2967348350992 58.5845008311829 58.4832695480336 58.4877296504682 58.6221745487205 58.983663657758 58.8672793437328 58.8860487296214
124.593973732837 115.590788358906 99.4525749452197 155.504366088331 155.609908406918 140.169959440513 100.918570180297 155.960703088727 156.218741658822 149.346257510032 123.516015830087 122.979166062156 129.648136280085 156.327013088458 148.785905348662 129.663410314456 156.501940530681 156.768427289973 149.112359922953 106.173611498396 54.9887018987497 79.1659465401652 142.944321922831 107.644798491466 133.941704025962 79.9652713755981 142.598277493113 100.024809751704 65.8005759841087 100.94426563501 105.179700547456 57.2604918592191 72.4786990456464 104.692630440447 57.6284828440399 57.6253619800458 57.9354846938286 58.0857927616658 58.004492625648 57.9931384263053 58.4356254194084 58.3410510145714 58.3717857971715 58.7381839088125 58.6706011103201 58.7133827207667 58.8868156718986 59.0364332975711 -9999 59.013581979331
140.339470274494 77.0880635329213 75.3327128479456 156.221458377584 156.316973762535 149.020643609994 130.670605027037 140.666343970003 102.617030837426 157.836845402152 142.321737054593 88.2730635573669 103.715854812346 141.530175506444 88.794952129441 104.699888049011 157.291061279673 142.176177175232 90.9527428625777 82.8536182225281 55.4520135755383 64.1033920675929 84.2106352272766 80.4170622317807 149.642711790954 130.131000464619 149.640010798918 130.258630502712 57.4442324131474 82.00404271523 133.866520914667 72.958693520745 114.555474274643 86.5144035689729 57.8240374671415 57.9081449964637 58.2731260971501 58.1868328729622 58.2625131446633 58.4540346147996 58.5205107678432 58.5847426551577 58.7644082672538 58.8102467300717 58.8106963228127 58.9159085362393 59.1835586532215 59.0662104818303 59.052685458939 59.1463944738889
77.6456604673084 69.1739467686676 132.199082757306 156.726428561761 156.65136846568 156.751499157389 156.413846121291 149.320620774117 115.7360628419 103.8777551642 150.34302345493 123.678392761075 115.364145654116 96.7794815718783 123.170769323926 131.571925984975 158.409454428198 134.613932103523 71.5541176594243 123.056873356752 107.177526955245 71.9508161839852 106.767744292896 65.2868888067639 93.5291142316904 109.53077171134 159.436580108214 158.981866453949 122.163169672863 115.317228555829 86.2836033988 82.8740303277769 149.554964171135 105.155177658496 58.1287660471076 58.3206653170054 58.4643112502707 73.8831493048208 104.424044140873 58.7799298815055 73.8377700383471 102.897708585843 59.2677157272808 58.9686734528653 58.9365565270519 59.2115321393315 59.329327060123 59.2053306063068 59.1616874289065 59.4241947193108
54.1019295255833 61.0054661526948 101.513764970371 141.234083181112 101.990123865503 157.001414318698 141.177508129099 103.17082591892 150.273280346933 132.318863436316 142.665998122901 88.8893182002573 81.1413865390196 62.8714613531577 105.792927633999 158.402319303443 143.322138623459 83.6390833932262 81.0956567424641 144.762658686547 100.357308624377 132.092708912033 134.949037350261 57.2306134395126 73.3955367146742 131.984375796003 144.577427159801 110.84532276762 111.513637226739 134.830083159448 74.0828595018743 131.060932477886 159.138659125739 134.171715446003 74.0501163710611 120.121610040386 104.337276795939 68.5180998775043 88.1044471061172 74.3414681254082 83.9216483410482 146.59330571865 102.723490277527 59.1299479758918 59.1838788526836 59.514177070289 59.392919909581 59.3493722065846 59.3536793929554 59.6043156036127
54.6193763192129 70.6084914212377 133.402867819941 134.528961099144 77.5997723713471 157.18643257749 150.031256332311 132.3166152232 142.221340273992 105.078399284431 150.972827567653 108.117452298429 71.3917941350224 107.747037134904 63.690290735858 106.827980855239 135.258523575752 107.807413361312 82.1253490878723 153.86214129287 117.046863838567 109.759622771368 135.62060785707 57.954448731182 66.9658169059295 111.149721392756 151.667839954795 116.307344427782 115.955619272173 87.333899369737 84.8978618431375 160.46613778017 160.535751205386 134.523029568822 68.554144401812 112.465517579639 132.854358074685 58.8504526794894 -9999 69.2938929272826 69.4271046588891 113.200073360089 131.390015465828 59.6530153004592 59.8120266479553 74.9542243120143 101.837251049478 74.364162844097 115.866165774391 100.82419894109
55.59852454036 55.3961132284694 62.62727570042 87.1955125237458 103.591283357118 158.235790309353 158.987010553322 135.026332644157 63.7697753435914 81.5977495441215 63.8923175383529 90.3357338616833 82.4333405342273 72.6288704969936 124.619530773605 133.274110902203 159.816417474678 93.1837206469847 110.019847643131 161.100550769511 160.696520301685 152.222257520115 117.338539349314 111.591378758786 152.112357006912 124.139550725692 133.498035445349 161.754460918477 145.553885073412 113.766041905424 161.961156461886 145.620212487706 104.439933824449 122.388318965874 121.921461519797 105.797911599538 85.431918429783 149.43158784266 -9999 69.9571539080134 114.06612292816 88.8563954116608 60.2005245174905 -9999 85.8633228847812 156.251601916984 145.48863457077 116.78090815683 101.386476140614 59.9298682006088
56.4226179931864 56.2433982738117 56.0443895802715 55.7632331313951 79.6699437842211 158.855367133367 142.740763763523 81.7273844226305 56.212471756047 72.5388557034194 125.041121840039 125.107233453155 125.1271981905 133.519413834992 159.913530183918 143.876006092762 108.848841091039 125.158922165657 134.009600144115 144.825666559406 111.179249600198 145.314973836555 102.841969394468 133.895032355431 161.578094272377 145.168474011902 113.159647560112 162.216160327935 104.671368268332 117.715366398014 114.871550121094 152.336798019419 132.906439089532 160.74850889326 144.617197951827 88.9342697063677 86.1024471222786 159.646478034405 133.675898775811 76.0979986204037 148.062533974477 103.955664603482 60.6536234130442 76.0938400412203 113.314376302143 114.388002057334 141.026371551497 114.205652490187 145.159927918479 -9999
