rcp8.5models/GFDL_CM3/sc1gr9.11
NCOLS 261 
NROWS 433 
XLLCORNER 336357.134 
YLLCORNER 654653.479 
CELLSIZE 1000 
NODATA_value -3.4e+38 
[rows 374 to 395 of 433, columns 49 to 97 of 261]
-3.4e+38 -3.4e+38 -3.4e+38 731.952331542969 737.50830078125 743.076538085938 749.493835449219 764.901428222656 774.8818359375 780.433227539062 786.541015625 794.237976074219 798.956848144531 800.319946289062 814.154724121094 821.286071777344 837.578247070312 853.450988769531 859.23388671875 905.424255371094 923.233276367188 899.561950683594 884.686584472656 901.509826660156 896.118103027344 875.273742675781 867.243103027344 868.512512207031 903.855285644531 957.007263183594 958.66015625 933.289123535156 898.830688476562 885.059387207031 886.992980957031 898.687805175781 914.932067871094 925.596801757812 920.200622558594 914.272338867188 926.814514160156 944.891052246094 943.320739746094 940.170227050781 922.157287597656 920.003356933594 910.808044433594 904.384460449219 917.695678710938
-3.4e+38 -3.4e+38 -3.4e+38 732.381958007812 738.940795898438 744.352111816406 750.432312011719 764.653442382812 772.793884277344 775.940124511719 782.759704589844 792.313659667969 795.367126464844 798.345520019531 811.852783203125 817.972290039062 825.309631347656 853.5537109375 849.398315429688 887.768493652344 896.761108398438 878.403198242188 901.210754394531 926.98583984375 900.7998046875 875.105834960938 866.668823242188 867.161315917969 877.981689453125 954.797912597656 952.320617675781 944.017639160156 916.629638671875 890.014221191406 882.622009277344 893.994750976562 909.137878417969 930.516174316406 930.15478515625 919.463439941406 927.372924804688 943.711364746094 940.915100097656 938.361389160156 920.628662109375 902.912963867188 914.298706054688 920.337646484375 918.653076171875
-3.4e+38 -3.4e+38 -3.4e+38 734.80810546875 739.674987792969 746.486938476562 752.477172851562 763.592895507812 770.763671875 774.802673339844 782.493408203125 787.53564453125 791.938354492188 800.849487304688 816.31884765625 835.999633789062 848.652221679688 866.231140136719 900.617065429688 880.627502441406 894.05712890625 895.181335449219 920.353149414062 941.903869628906 896.339721679688 874.199584960938 870.692321777344 865.182006835938 868.589477539062 934.043823242188 949.413208007812 947.279724121094 918.550537109375 886.691711425781 890.764282226562 904.047607421875 905.300415039062 918.505126953125 926.581359863281 921.684814453125 923.122924804688 939.637390136719 930.323852539062 929.047729492188 930.229736328125 908.383850097656 906.974731445312 921.992126464844 923.636047363281
-3.4e+38 -3.4e+38 -3.4e+38 -3.4e+38 741.250915527344 748.716552734375 754.234008789062 763.397888183594 769.517272949219 774.304809570312 784.744323730469 788.421752929688 791.454040527344 801.90234375 814.831604003906 848.564880371094 862.472900390625 873.991516113281 901.304565429688 900.574035644531 915.821899414062 908.843017578125 922.553649902344 945.193908691406 914.712951660156 880.807189941406 870.5673828125 864.287536621094 866.814025878906 894.290832519531 907.452880859375 913.328491210938 902.525634765625 888.725830078125 899.981201171875 899.462097167969 897.948669433594 909.012939453125 922.525390625 920.448303222656 914.465393066406 926.431091308594 925.853271484375 927.952880859375 932.844848632812 922.701416015625 895.546447753906 897.813415527344 918.428527832031
-3.4e+38 -3.4e+38 -3.4e+38 -3.4e+38 743.282592773438 748.871520996094 753.938293457031 -3.4e+38 768.9169921875 -3.4e+38 -3.4e+38 786.819702148438 792.203735351562 801.735168457031 810.867431640625 829.199035644531 846.241149902344 854.705383300781 859.303588867188 912.959106445312 940.695739746094 911.076110839844 890.85888671875 921.6025390625 915.622314453125 879.7919921875 867.917663574219 863.09521484375 862.873474121094 867.045715332031 865.870300292969 897.143676757812 900.968444824219 888.020141601562 893.70654296875 896.491516113281 893.634582519531 902.579833984375 920.28369140625 927.194213867188 917.234130859375 912.553100585938 923.991882324219 933.815612792969 923.927368164062 921.093811035156 907.377014160156 886.984741210938 905.719909667969
-3.4e+38 -3.4e+38 -3.4e+38 -3.4e+38 742.620849609375 748.098815917969 -3.4e+38 764.212219238281 768.903381347656 775.425048828125 781.209533691406 785.208435058594 791.827453613281 800.203796386719 808.972595214844 812.455261230469 822.98046875 839.823791503906 847.251647949219 901.005065917969 931.252075195312 923.676391601562 891.804565429688 882.395141601562 892.099548339844 879.651733398438 866.564819335938 859.459899902344 857.706665039062 865.781066894531 871.1826171875 908.055847167969 925.682678222656 908.800720214844 900.535888671875 896.561645507812 888.53173828125 891.753540039062 906.685424804688 921.496765136719 917.388061523438 912.238220214844 928.09521484375 934.751708984375 917.965698242188 912.033569335938 923.3037109375 911.917236328125 902.393310546875
-3.4e+38 -3.4e+38 -3.4e+38 -3.4e+38 -3.4e+38 747.031555175781 751.932250976562 -3.4e+38 772.724670410156 778.704833984375 782.721252441406 786.171142578125 792.050842285156 797.894104003906 804.692932128906 808.345642089844 811.773010253906 828.051635742188 863.416381835938 885.053588867188 916.121887207031 940.095458984375 928.379943847656 885.868103027344 867.899353027344 862.56201171875 859.088439941406 855.409301757812 856.110778808594 864.892700195312 881.603332519531 904.336730957031 933.335205078125 936.474914550781 916.099365234375 909.753173828125 899.692932128906 890.269226074219 893.566223144531 903.733337402344 911.454772949219 895.985534667969 920.94970703125 932.992431640625 916.393310546875 891.545104980469 886.222900390625 907.154663085938 915.276000976562
-3.4e+38 -3.4e+38 -3.4e+38 -3.4e+38 -3.4e+38 751.711120605469 753.478759765625 765.099670410156 771.803649902344 778.84375 784.436401367188 788.495849609375 792.349609375 798.307922363281 804.693603515625 808.506896972656 811.44287109375 828.482727050781 882.439147949219 906.351928710938 930.787536621094 945.677673339844 938.194519042969 916.614379882812 869.953308105469 853.774536132812 858.767944335938 855.247924804688 855.152954101562 867.18505859375 882.714904785156 901.948852539062 914.273559570312 931.872497558594 912.0634765625 916.69970703125 904.194702148438 882.448608398438 879.712158203125 893.67578125 913.006164550781 893.105407714844 899.111511230469 906.061218261719 893.094665527344 872.145629882812 859.0244140625 889.26953125 917.893005371094
-3.4e+38 -3.4e+38 -3.4e+38 -3.4e+38 -3.4e+38 751.001220703125 758.58349609375 767.939636230469 770.779479980469 778.248840332031 786.4580078125 789.388610839844 793.865661621094 798.904479980469 805.7607421875 810.208374023438 813.436828613281 823.814147949219 878.207580566406 913.571899414062 934.191650390625 935.204040527344 920.216918945312 912.611267089844 877.773803710938 857.678405761719 856.634521484375 855.108947753906 854.434387207031 862.20703125 887.035583496094 909.657836914062 910.659912109375 926.23291015625 904.989807128906 913.872131347656 903.154479980469 874.285888671875 867.851440429688 890.853698730469 913.433715820312 896.133728027344 879.482116699219 875.705017089844 869.325744628906 863.82421875 863.462097167969 875.489379882812 895.280639648438
-3.4e+38 -3.4e+38 -3.4e+38 -3.4e+38 -3.4e+38 -3.4e+38 760.89892578125 772.265319824219 774.51708984375 781.736145019531 787.855407714844 788.887939453125 793.213073730469 798.309143066406 806.086303710938 809.389099121094 812.924255371094 816.212646484375 820.258361816406 827.211059570312 831.147277832031 833.469421386719 860.236694335938 881.182067871094 873.257751464844 853.838806152344 844.458984375 845.380004882812 848.178771972656 850.894348144531 893.521057128906 906.053344726562 900.155700683594 917.614929199219 913.850341796875 916.549499511719 918.899536132812 895.861511230469 867.501037597656 857.482360839844 871.520690917969 881.161804199219 873.732116699219 872.570007324219 883.617431640625 874.832092285156 864.261962890625 866.705993652344 861.678466796875
-3.4e+38 -3.4e+38 -3.4e+38 -3.4e+38 -3.4e+38 -3.4e+38 761.623779296875 772.877136230469 775.679748535156 781.946044921875 785.001098632812 788.959228515625 795.908813476562 802.64794921875 807.45361328125 815.236206054688 815.545104980469 818.0732421875 818.244262695312 827.021545410156 831.069213867188 835.00146484375 842.145263671875 848.332946777344 848.823486328125 844.874572753906 841.397155761719 841.999572753906 846.810974121094 845.878845214844 871.867309570312 886.462768554688 893.464172363281 917.970581054688 919.653442382812 913.711181640625 917.615112304688 905.309753417969 885.610290527344 866.283203125 857.179443359375 885.335632324219 882.011108398438 863.082275390625 872.633728027344 875.833557128906 873.679992675781 874.376892089844 863.022399902344
-3.4e+38 -3.4e+38 -3.4e+38 -3.4e+38 -3.4e+38 -3.4e+38 -3.4e+38 768.879821777344 774.766845703125 781.842407226562 785.979553222656 791.110107421875 797.144409179688 804.446960449219 806.057006835938 811.366333007812 816.861572265625 817.606872558594 816.289306640625 824.675842285156 837.783630371094 845.990905761719 844.010070800781 839.912902832031 860.430114746094 870.914245605469 858.576049804688 846.898010253906 845.046997070312 844.734680175781 863.305053710938 894.610656738281 906.505859375 919.533020019531 927.333190917969 920.322875976562 921.055603027344 907.120849609375 895.580322265625 880.695617675781 859.458862304688 868.114685058594 880.682312011719 881.613525390625 880.811889648438 878.822814941406 884.632202148438 882.584228515625 870.784790039062
-3.4e+38 -3.4e+38 -3.4e+38 -3.4e+38 -3.4e+38 -3.4e+38 -3.4e+38 768.37744140625 774.373168945312 778.718505859375 783.418701171875 790.301696777344 796.108764648438 802.441528320312 805.736999511719 808.365600585938 814.557983398438 816.308410644531 815.702209472656 823.890319824219 836.464538574219 847.180725097656 853.196899414062 845.062072753906 863.050842285156 867.23779296875 857.059753417969 848.584838867188 842.169189453125 843.085021972656 854.384765625 889.145385742188 906.657287597656 901.962829589844 914.987609863281 923.790222167969 924.376037597656 912.210083007812 897.545043945312 884.70263671875 869.581237792969 847.9931640625 866.459655761719 889.270935058594 892.037353515625 884.189270019531 882.609802246094 887.602722167969 892.979248046875
-3.4e+38 -3.4e+38 -3.4e+38 -3.4e+38 -3.4e+38 -3.4e+38 -3.4e+38 767.911987304688 771.258117675781 776.168395996094 779.762268066406 787.15283203125 792.725646972656 797.0654296875 802.548583984375 806.965148925781 812.629943847656 817.427795410156 815.036743164062 822.184326171875 828.5927734375 837.109130859375 849.572937011719 853.650756835938 849.156616210938 859.156555175781 873.350463867188 863.097961425781 843.600158691406 841.199157714844 840.894348144531 854.24755859375 880.019409179688 885.803649902344 906.156188964844 922.499328613281 921.938232421875 915.557739257812 895.688232421875 872.85595703125 871.584716796875 853.874328613281 857.775756835938 882.688415527344 892.750366210938 891.481811523438 885.605102539062 889.531677246094 901.336791992188
-3.4e+38 -3.4e+38 -3.4e+38 -3.4e+38 -3.4e+38 -3.4e+38 -3.4e+38 764.655517578125 769.273376464844 774.998474121094 777.420349121094 781.805114746094 787.176025390625 790.08837890625 797.241943359375 802.214538574219 808.864929199219 815.675659179688 815.987731933594 817.727966308594 822.905212402344 828.778869628906 834.706787109375 862.093322753906 855.271118164062 861.714660644531 882.715454101562 862.974914550781 840.5888671875 848.859558105469 840.118835449219 843.451049804688 876.897338867188 896.907775878906 903.528503417969 913.844421386719 916.954711914062 914.751586914062 882.51025390625 853.8876953125 865.731323242188 872.274597167969 853.60693359375 875.347229003906 895.341369628906 896.776794433594 891.590087890625 890.78857421875 896.026062011719
-3.4e+38 -3.4e+38 -3.4e+38 -3.4e+38 -3.4e+38 -3.4e+38 -3.4e+38 -3.4e+38 768.989013671875 772.153991699219 776.271118164062 -3.4e+38 784.215026855469 786.760620117188 792.177856445312 797.605285644531 804.730773925781 811.884887695312 816.463195800781 814.377746582031 818.354309082031 823.745910644531 827.148986816406 867.915344238281 875.613098144531 864.27978515625 868.552795410156 852.268737792969 837.055969238281 858.196655273438 837.258911132812 852.902893066406 890.25048828125 908.299255371094 903.659729003906 904.452392578125 907.525024414062 907.231018066406 868.822509765625 842.649353027344 862.7412109375 892.137451171875 865.743225097656 856.9453125 881.59130859375 898.236755371094 893.449157714844 888.043884277344 886.459594726562
-3.4e+38 -3.4e+38 -3.4e+38 -3.4e+38 -3.4e+38 -3.4e+38 -3.4e+38 -3.4e+38 767.081970214844 770.140686035156 -3.4e+38 778.913818359375 784.879333496094 789.416748046875 791.673156738281 795.862365722656 802.3837890625 809.576782226562 814.970092773438 815.800659179688 815.715637207031 818.815124511719 824.208374023438 850.028991699219 862.660095214844 859.733642578125 851.91552734375 841.031005859375 834.307800292969 846.534790039062 832.99755859375 853.183044433594 881.384643554688 899.056518554688 893.372924804688 894.445617675781 901.90869140625 899.741577148438 861.283264160156 835.614990234375 853.191711425781 886.351196289062 888.535339355469 859.088256835938 864.703369140625 889.161926269531 890.571960449219 882.816589355469 877.670654296875
-3.4e+38 -3.4e+38 -3.4e+38 -3.4e+38 -3.4e+38 -3.4e+38 -3.4e+38 -3.4e+38 765.5576171875 769.277099609375 772.2822265625 777.575256347656 782.787536621094 789.447631835938 793.290161132812 798.250366210938 804.064270019531 809.030334472656 816.150268554688 819.303100585938 818.543395996094 818.070922851562 818.922058105469 824.7431640625 843.4638671875 856.942016601562 852.240539550781 847.115661621094 836.138549804688 836.21435546875 832.361572265625 842.422180175781 852.08935546875 875.702392578125 883.924072265625 884.045837402344 893.070556640625 894.838134765625 858.448181152344 832.72021484375 839.966613769531 876.640930175781 892.596801757812 880.054077148438 865.490661621094 873.743530273438 882.511535644531 877.826721191406 873.189025878906
-3.4e+38 -3.4e+38 -3.4e+38 -3.4e+38 -3.4e+38 -3.4e+38 -3.4e+38 -3.4e+38 763.846740722656 767.167114257812 770.265563964844 774.110107421875 779.894470214844 786.721862792969 793.107788085938 797.491455078125 800.372741699219 805.520812988281 815.346496582031 818.690246582031 818.07568359375 816.562438964844 817.076477050781 819.616760253906 830.783081054688 854.055419921875 858.946960449219 858.1064453125 839.759094238281 840.429565429688 836.674560546875 831.185363769531 829.669128417969 853.1611328125 877.98828125 881.15234375 887.394104003906 894.40087890625 863.731750488281 834.367858886719 837.787048339844 882.780456542969 887.219604492188 889.400756835938 879.201965332031 861.929870605469 854.829345703125 853.760925292969 859.849426269531
-3.4e+38 -3.4e+38 -3.4e+38 -3.4e+38 -3.4e+38 -3.4e+38 -3.4e+38 -3.4e+38 761.299499511719 764.666259765625 768.248718261719 774.359619140625 780.322082519531 785.371948242188 790.141967773438 792.616638183594 796.378784179688 802.080749511719 812.251953125 814.329467773438 813.870239257812 819.761962890625 820.946472167969 817.973205566406 823.288208007812 840.770446777344 852.794860839844 859.077819824219 848.811096191406 835.069885253906 832.064575195312 826.858825683594 825.11767578125 836.069641113281 851.968322753906 863.539184570312 880.104431152344 886.882019042969 857.829650878906 829.937316894531 850.196594238281 882.377563476562 885.362426757812 888.509765625 886.978515625 870.044067382812 843.4931640625 837.345642089844 845.913696289062
-3.4e+38 -3.4e+38 -3.4e+38 -3.4e+38 -3.4e+38 -3.4e+38 -3.4e+38 -3.4e+38 758.482604980469 763.529174804688 768.287231445312 774.686889648438 778.682922363281 781.712158203125 785.374877929688 790.311401367188 796.259765625 800.311828613281 808.773254394531 811.065246582031 814.419311523438 830.719421386719 825.066833496094 813.885009765625 835.344665527344 853.574829101562 856.062438964844 859.170288085938 852.69091796875 826.393493652344 829.711791992188 827.095642089844 827.999328613281 827.979187011719 829.945495605469 835.967712402344 861.212036132812 879.932434082031 868.579711914062 840.518310546875 855.716979980469 881.557495117188 883.130004882812 883.405212402344 881.048950195312 877.1123046875 853.110168457031 837.422119140625 836.119567871094
-3.4e+38 -3.4e+38 -3.4e+38 -3.4e+38 -3.4e+38 -3.4e+38 -3.4e+38 -3.4e+38 754.107666015625 760.514831542969 764.201354980469 766.093017578125 767.49169921875 773.981140136719 782.488098144531 786.400756835938 788.004028320312 791.45703125 801.264770507812 803.899536132812 806.367248535156 813.4345703125 831.805603027344 833.928161621094 817.659729003906 822.709411621094 840.965759277344 846.790771484375 842.259948730469 824.249877929688 819.806274414062 816.451110839844 815.291198730469 819.014038085938 821.238830566406 821.88623046875 817.770812988281 829.829528808594 861.541381835938 841.131896972656 818.544250488281 866.984069824219 868.783935546875 868.406311035156 866.872375488281 865.1884765625 863.1181640625 856.409240722656 845.575439453125
