rcp8.5models/GFDL_CM3/sc1gr8.11
NCOLS 261 
NROWS 433 
XLLCORNER 336357.134 
YLLCORNER 654653.479 
CELLSIZE 1000 
NODATA_value -3.4e+38 
[rows 374 to 395 of 433, columns 196 to 244 of 261]
49.1179809570312 48.6247138977051 48.1619415283203 48.0471420288086 47.6175994873047 47.5376853942871 47.1864891052246 46.8160552978516 46.5074768066406 46.3151168823242 46.074649810791 45.7556648254395 45.7399368286133 45.5286026000977 45.2320022583008 45.1362037658691 45.0904579162598 44.7801246643066 44.413215637207 44.299388885498 44.1074485778809 43.8599739074707 43.8924674987793 43.7492218017578 43.5764198303223 43.1874160766602 43.0525665283203 42.7971458435059 42.6809425354004 42.4203681945801 42.2084465026855 42.3246879577637 42.3819770812988 42.1213417053223 42.2187385559082 42.1349754333496 41.8658714294434 41.7632064819336 41.8691864013672 41.9396171569824 -3.4e+38 -3.4e+38 -3.4e+38 -3.4e+38 -3.4e+38 -3.4e+38 -3.4e+38 -3.4e+38 -3.4e+38
49.2350120544434 48.8652610778809 48.4517021179199 48.131420135498 47.703784942627 47.5920906066895 47.1581993103027 46.730167388916 46.6362075805664 46.5362358093262 46.0533828735352 45.8644485473633 45.7130241394043 45.6564712524414 45.312313079834 45.2242813110352 45.1495475769043 44.7080307006836 44.3682899475098 44.3842506408691 44.207405090332 43.9283828735352 43.7836532592773 43.5026168823242 43.4998588562012 43.1416244506836 43.1709327697754 42.8542747497559 42.6324844360352 42.5318603515625 42.3205413818359 42.2358703613281 42.2922782897949 42.030689239502 42.1501045227051 42.2481536865234 42.1601066589355 41.8921546936035 -3.4e+38 -3.4e+38 -3.4e+38 -3.4e+38 -3.4e+38 -3.4e+38 -3.4e+38 -3.4e+38 -3.4e+38 -3.4e+38 -3.4e+38
49.3263664245605 48.9876899719238 48.6649360656738 48.3783760070801 48.0560836791992 47.8869323730469 47.2157859802246 46.8744468688965 46.718620300293 46.6198844909668 46.1846122741699 46.0906066894531 45.6484565734863 45.5911598205566 45.2748146057129 45.3066024780273 45.2345428466797 44.772403717041 44.2995719909668 44.3510284423828 44.3350677490234 44.0180473327637 43.9236259460449 43.7649154663086 43.4270057678223 43.0666923522949 43.0944480895996 42.8046112060547 42.7688789367676 42.7845726013184 42.4448432922363 42.3509674072266 42.2378158569336 42.147029876709 42.0611991882324 42.180721282959 -3.4e+38 -3.4e+38 -3.4e+38 -3.4e+38 -3.4e+38 -3.4e+38 -3.4e+38 -3.4e+38 -3.4e+38 -3.4e+38 -3.4e+38 -3.4e+38 -3.4e+38
49.3663368225098 49.2454986572266 48.8176231384277 48.7002143859863 48.2670097351074 48.128360748291 47.5144195556641 47.1020050048828 46.6621246337891 46.5918426513672 46.2702560424805 46.1778869628906 45.741828918457 45.6551322937012 45.2123947143555 45.2432060241699 45.1989059448242 44.8618431091309 44.3709335327148 44.2854232788086 44.2692337036133 43.9783058166504 44.04833984375 44.0296249389648 43.5061378479004 42.9953422546387 43.0215835571289 42.7551918029785 42.8575592041016 42.8763236999512 42.5571098327637 42.4444618225098 42.1818923950195 42.2455024719238 -3.4e+38 -3.4e+38 -3.4e+38 -3.4e+38 -3.4e+38 -3.4e+38 -3.4e+38 -3.4e+38 -3.4e+38 -3.4e+38 -3.4e+38 -3.4e+38 -3.4e+38 -3.4e+38 -3.4e+38
49.4954681396484 49.2863006591797 49.0802764892578 48.7945518493652 48.3630027770996 48.2965393066406 47.9278984069824 47.1934623718262 46.7267303466797 46.5377616882324 46.2149429321289 46.1507987976074 45.8312225341797 45.7885513305664 45.4584808349609 45.183521270752 45.138858795166 44.8290176391602 44.6475944519043 44.3616676330566 44.206916809082 43.9152221679688 43.9840431213379 43.9905242919922 43.6479072570801 43.342845916748 43.1050720214844 42.6839447021484 42.7841911315918 42.8260269165039 42.651180267334 42.5639762878418 42.3027648925781 42.2103652954102 42.2369155883789 41.9560394287109 -3.4e+38 -3.4e+38 -3.4e+38 -3.4e+38 -3.4e+38 -3.4e+38 -3.4e+38 -3.4e+38 -3.4e+38 -3.4e+38 -3.4e+38 -3.4e+38 -3.4e+38
49.7624130249023 49.4045829772949 49.2068786621094 48.8330574035645 48.6284866333008 48.438419342041 48.2172698974609 47.3870315551758 46.8213424682617 46.6369743347168 46.2839965820312 46.1410179138184 45.9533157348633 45.8022575378418 45.7217025756836 45.2863235473633 45.2133598327637 44.7719688415527 44.7860794067383 44.4603309631348 44.3170776367188 43.9977340698242 43.9230117797852 43.9285507202148 43.6505508422852 43.6541442871094 43.2047157287598 42.7711982727051 42.7141456604004 42.7873611450195 42.5997123718262 42.6620254516602 42.4321746826172 42.3649063110352 -3.4e+38 -3.4e+38 -3.4e+38 -3.4e+38 -3.4e+38 -3.4e+38 -3.4e+38 -3.4e+38 -3.4e+38 -3.4e+38 -3.4e+38 -3.4e+38 -3.4e+38 -3.4e+38 -3.4e+38
50.0328979492188 49.5075263977051 49.3108177185059 48.9521179199219 48.8552589416504 48.7876243591309 48.3623733520508 47.647575378418 47.2451210021973 46.99169921875 46.5561294555664 46.2851486206055 46.1948509216309 45.7510108947754 45.6981887817383 45.383617401123 45.3530197143555 45.0309600830078 44.7314567565918 44.4318580627441 44.4546203613281 44.2854232788086 44.0095520019531 43.8697166442871 43.5901908874512 43.6356430053711 43.4045143127441 42.8733940124512 42.8048362731934 42.7477531433105 42.5276298522949 42.6146621704102 42.5487098693848 -3.4e+38 -3.4e+38 -3.4e+38 -3.4e+38 -3.4e+38 -3.4e+38 -3.4e+38 -3.4e+38 -3.4e+38 -3.4e+38 -3.4e+38 -3.4e+38 -3.4e+38 -3.4e+38 -3.4e+38 -3.4e+38
50.0523262023926 49.6756401062012 49.4640007019043 49.5440292358398 50.4054679870605 50.0351104736328 48.5686378479004 47.8496627807617 47.7452087402344 47.2497291564941 46.9226150512695 46.3850860595703 46.2965774536133 45.8292045593262 45.6905212402344 45.512378692627 45.3389663696289 45.1802558898926 44.6800918579102 44.3797416687012 44.4358901977539 44.4282073974609 44.1155738830566 43.995777130127 43.7208480834961 43.6155624389648 43.6015739440918 43.0753135681152 42.9092636108398 42.8684959411621 42.4585838317871 -3.4e+38 -3.4e+38 -3.4e+38 -3.4e+38 -3.4e+38 -3.4e+38 -3.4e+38 -3.4e+38 -3.4e+38 -3.4e+38 -3.4e+38 -3.4e+38 -3.4e+38 -3.4e+38 -3.4e+38 -3.4e+38 -3.4e+38 -3.4e+38
50.2327346801758 50.0296249389648 49.7150573730469 50.0413703918457 50.8281517028809 49.9491081237793 48.6988487243652 48.0843276977539 47.7353782653809 47.5533103942871 47.1834106445312 46.7855644226074 46.5408058166504 46.1106643676758 45.8115310668945 45.6746482849121 45.5120391845703 45.3861312866211 44.8063125610352 44.5130195617676 44.3858413696289 44.3775062561035 44.0894355773926 44.136791229248 43.9866333007812 43.559326171875 43.5820007324219 43.2729949951172 43.1130065917969 42.9401245117188 -3.4e+38 -3.4e+38 -3.4e+38 -3.4e+38 -3.4e+38 -3.4e+38 -3.4e+38 -3.4e+38 -3.4e+38 -3.4e+38 -3.4e+38 -3.4e+38 -3.4e+38 -3.4e+38 -3.4e+38 -3.4e+38 -3.4e+38 -3.4e+38 -3.4e+38
50.6791496276855 50.490364074707 50.167293548584 49.8765869140625 49.3867416381836 49.1774063110352 48.9678916931152 48.4281692504883 48.2344398498535 47.8227119445801 47.4974327087402 47.4467277526855 47.1106986999512 46.7342376708984 46.2543296813965 45.9112586975098 45.7820625305176 45.5756568908691 45.1174125671387 44.9605445861816 44.8165893554688 44.4908447265625 44.3242530822754 44.0638008117676 44.0742988586426 43.7954444885254 43.8811721801758 43.8865051269531 43.448974609375 43.3174934387207 -3.4e+38 -3.4e+38 -3.4e+38 -3.4e+38 -3.4e+38 -3.4e+38 -3.4e+38 -3.4e+38 -3.4e+38 -3.4e+38 -3.4e+38 -3.4e+38 -3.4e+38 -3.4e+38 -3.4e+38 -3.4e+38 -3.4e+38 -3.4e+38 -3.4e+38
51.0025444030762 50.61181640625 50.287670135498 49.9947357177734 49.505241394043 49.2930603027344 49.0550994873047 48.5430793762207 48.3529090881348 47.9543190002441 47.638427734375 47.4814796447754 47.3931159973145 46.9051055908203 46.6161651611328 46.1718978881836 46.0820541381836 45.5229072570801 45.2472152709961 44.9460029602051 44.9318237304688 44.6387519836426 44.612663269043 44.1657676696777 44.0280494689941 -3.4e+38 -3.4e+38 -3.4e+38 -3.4e+38 -3.4e+38 -3.4e+38 -3.4e+38 -3.4e+38 -3.4e+38 -3.4e+38 -3.4e+38 -3.4e+38 -3.4e+38 -3.4e+38 -3.4e+38 -3.4e+38 -3.4e+38 -3.4e+38 -3.4e+38 -3.4e+38 -3.4e+38 -3.4e+38 -3.4e+38 -3.4e+38
51.339298248291 50.829288482666 50.6242218017578 50.1857032775879 49.6921310424805 49.2460556030273 49.175651550293 48.5463523864746 48.4701118469238 48.1134452819824 47.9282379150391 47.5744667053223 47.389892578125 47.0693778991699 46.9909400939941 46.5241622924805 46.3060874938965 45.738166809082 45.1947555541992 45.0473136901855 44.8931312561035 44.5987739562988 44.5970153808594 44.2856903076172 -3.4e+38 -3.4e+38 -3.4e+38 -3.4e+38 -3.4e+38 -3.4e+38 -3.4e+38 -3.4e+38 -3.4e+38 -3.4e+38 -3.4e+38 -3.4e+38 -3.4e+38 -3.4e+38 -3.4e+38 -3.4e+38 -3.4e+38 -3.4e+38 -3.4e+38 -3.4e+38 -3.4e+38 -3.4e+38 -3.4e+38 -3.4e+38 -3.4e+38
51.4780578613281 51.0342712402344 50.9057769775391 50.4037094116211 50.1252288818359 49.8044815063477 49.5530853271484 48.671314239502 48.5654640197754 48.1169281005859 48.0483741760254 47.6955375671387 47.5274620056152 47.2156982421875 47.0277214050293 46.8230056762695 46.4802093505859 46.0977058410645 45.3720321655273 45.1700706481934 45.0259780883789 44.7047576904297 44.5587043762207 -3.4e+38 -3.4e+38 -3.4e+38 -3.4e+38 -3.4e+38 -3.4e+38 -3.4e+38 -3.4e+38 -3.4e+38 -3.4e+38 -3.4e+38 -3.4e+38 -3.4e+38 -3.4e+38 -3.4e+38 -3.4e+38 -3.4e+38 -3.4e+38 -3.4e+38 -3.4e+38 -3.4e+38 -3.4e+38 -3.4e+38 -3.4e+38 -3.4e+38 -3.4e+38
51.9158363342285 51.4403495788574 51.0354537963867 50.5897750854492 50.557991027832 50.3556976318359 49.9386405944824 49.0597457885742 48.9026679992676 48.2453422546387 48.1478042602539 47.6993827819824 47.6904449462891 47.4849014282227 47.0375633239746 46.990837097168 46.641357421875 46.445972442627 45.7790145874023 45.4353065490723 45.3785591125488 44.8303375244141 44.6713371276855 -3.4e+38 -3.4e+38 -3.4e+38 -3.4e+38 -3.4e+38 -3.4e+38 -3.4e+38 -3.4e+38 -3.4e+38 -3.4e+38 -3.4e+38 -3.4e+38 -3.4e+38 -3.4e+38 -3.4e+38 -3.4e+38 -3.4e+38 -3.4e+38 -3.4e+38 -3.4e+38 -3.4e+38 -3.4e+38 -3.4e+38 -3.4e+38 -3.4e+38 -3.4e+38
52.098072052002 51.7408027648926 51.2475242614746 51.0012359619141 50.689037322998 50.4881324768066 50.1235656738281 49.4487152099609 49.2925605773926 48.5854110717773 48.3170852661133 47.9765396118164 47.695743560791 47.6124572753906 47.1706733703613 47.0963706970215 46.6507453918457 46.6148262023926 46.1278228759766 45.799201965332 45.6046562194824 -3.4e+38 -3.4e+38 -3.4e+38 -3.4e+38 -3.4e+38 -3.4e+38 -3.4e+38 -3.4e+38 -3.4e+38 -3.4e+38 -3.4e+38 -3.4e+38 -3.4e+38 -3.4e+38 -3.4e+38 -3.4e+38 -3.4e+38 -3.4e+38 -3.4e+38 -3.4e+38 -3.4e+38 -3.4e+38 -3.4e+38 -3.4e+38 -3.4e+38 -3.4e+38 -3.4e+38 -3.4e+38
52.2727088928223 52.1708793640137 51.8014221191406 51.5646438598633 51.0308952331543 50.6213912963867 50.2565956115723 49.5794906616211 49.4750823974609 48.9492568969727 48.6330070495605 48.4912185668945 47.8021469116211 47.6195182800293 47.2610473632812 47.0497245788574 46.7879028320312 46.7249565124512 46.2568550109863 45.9297904968262 45.7854652404785 -3.4e+38 -3.4e+38 -3.4e+38 -3.4e+38 -3.4e+38 -3.4e+38 -3.4e+38 -3.4e+38 -3.4e+38 -3.4e+38 -3.4e+38 -3.4e+38 -3.4e+38 -3.4e+38 -3.4e+38 -3.4e+38 -3.4e+38 -3.4e+38 -3.4e+38 -3.4e+38 -3.4e+38 -3.4e+38 -3.4e+38 -3.4e+38 -3.4e+38 -3.4e+38 -3.4e+38 -3.4e+38
52.7823028564453 52.5707397460938 52.2001266479492 51.9631767272949 51.4277038574219 50.9372367858887 50.2784881591797 49.7173767089844 49.6545639038086 49.3062477111816 48.9866409301758 48.7126388549805 48.2015991210938 47.9764137268066 47.4020538330078 47.1964950561523 46.9197845458984 46.858715057373 46.3713836669922 -3.4e+38 -3.4e+38 -3.4e+38 -3.4e+38 -3.4e+38 -3.4e+38 -3.4e+38 -3.4e+38 -3.4e+38 -3.4e+38 -3.4e+38 -3.4e+38 -3.4e+38 -3.4e+38 -3.4e+38 -3.4e+38 -3.4e+38 -3.4e+38 -3.4e+38 -3.4e+38 -3.4e+38 -3.4e+38 -3.4e+38 -3.4e+38 -3.4e+38 -3.4e+38 -3.4e+38 -3.4e+38 -3.4e+38 -3.4e+38
53.1296768188477 52.7162933349609 52.344425201416 52.105712890625 51.6245994567871 51.3809585571289 50.8522415161133 49.8549766540527 49.7916526794434 49.441822052002 49.0832710266113 48.7290954589844 48.5979537963867 48.3696556091309 47.8406295776367 47.7231101989746 47.0347785949707 -3.4e+38 -3.4e+38 -3.4e+38 -3.4e+38 -3.4e+38 -3.4e+38 -3.4e+38 -3.4e+38 -3.4e+38 -3.4e+38 -3.4e+38 -3.4e+38 -3.4e+38 -3.4e+38 -3.4e+38 -3.4e+38 -3.4e+38 -3.4e+38 -3.4e+38 -3.4e+38 -3.4e+38 -3.4e+38 -3.4e+38 -3.4e+38 -3.4e+38 -3.4e+38 -3.4e+38 -3.4e+38 -3.4e+38 -3.4e+38 -3.4e+38 -3.4e+38
53.5696449279785 53.234130859375 52.6949577331543 52.2526435852051 51.7692070007324 51.6232223510742 51.4197616577148 50.3515968322754 49.7735939025879 49.4142379760742 49.2388610839844 48.9211463928223 48.7374801635742 48.560489654541 48.212646484375 -3.4e+38 -3.4e+38 -3.4e+38 -3.4e+38 -3.4e+38 -3.4e+38 -3.4e+38 -3.4e+38 -3.4e+38 -3.4e+38 -3.4e+38 -3.4e+38 -3.4e+38 -3.4e+38 -3.4e+38 -3.4e+38 -3.4e+38 -3.4e+38 -3.4e+38 -3.4e+38 -3.4e+38 -3.4e+38 -3.4e+38 -3.4e+38 -3.4e+38 -3.4e+38 -3.4e+38 -3.4e+38 -3.4e+38 -3.4e+38 -3.4e+38 -3.4e+38 -3.4e+38 -3.4e+38
54.0563545227051 53.644603729248 53.1045875549316 52.6520500183105 52.0874519348145 51.7701606750488 51.5812568664551 50.9229431152344 50.195686340332 49.8235473632812 49.4214782714844 49.237232208252 48.8836898803711 48.7018280029297 48.3547668457031 -3.4e+38 -3.4e+38 -3.4e+38 -3.4e+38 -3.4e+38 -3.4e+38 -3.4e+38 -3.4e+38 -3.4e+38 -3.4e+38 -3.4e+38 -3.4e+38 -3.4e+38 -3.4e+38 -3.4e+38 -3.4e+38 -3.4e+38 -3.4e+38 -3.4e+38 -3.4e+38 -3.4e+38 -3.4e+38 -3.4e+38 -3.4e+38 -3.4e+38 -3.4e+38 -3.4e+38 -3.4e+38 -3.4e+38 -3.4e+38 -3.4e+38 -3.4e+38 -3.4e+38 -3.4e+38
54.3802299499512 -3.4e+38 -3.4e+38 53.1088600158691 52.6123313903809 51.921703338623 51.7300987243652 51.1237945556641 50.6402244567871 50.4001998901367 49.8340339660645 49.5975227355957 49.029411315918 48.8239402770996 -3.4e+38 -3.4e+38 -3.4e+38 -3.4e+38 -3.4e+38 -3.4e+38 -3.4e+38 -3.4e+38 -3.4e+38 -3.4e+38 -3.4e+38 -3.4e+38 -3.4e+38 -3.4e+38 -3.4e+38 -3.4e+38 -3.4e+38 -3.4e+38 -3.4e+38 -3.4e+38 -3.4e+38 -3.4e+38 -3.4e+38 -3.4e+38 -3.4e+38 -3.4e+38 -3.4e+38 -3.4e+38 -3.4e+38 -3.4e+38 -3.4e+38 -3.4e+38 -3.4e+38 -3.4e+38 -3.4e+38
55.1640586853027 54.4723892211914 54.2169761657715 53.617431640625 53.1235847473145 52.7505950927734 52.4633674621582 51.4317054748535 50.9461898803711 50.754264831543 50.3945693969727 50.1783790588379 49.6824340820312 -3.4e+38 -3.4e+38 -3.4e+38 -3.4e+38 -3.4e+38 -3.4e+38 -3.4e+38 -3.4e+38 -3.4e+38 -3.4e+38 -3.4e+38 -3.4e+38 -3.4e+38 -3.4e+38 -3.4e+38 -3.4e+38 -3.4e+38 -3.4e+38 -3.4e+38 -3.4e+38 -3.4e+38 -3.4e+38 -3.4e+38 -3.4e+38 -3.4e+38 -3.4e+38 -3.4e+38 -3.4e+38 -3.4e+38 -3.4e+38 -3.4e+38 -3.4e+38 -3.4e+38 -3.4e+38 -3.4e+38 -3.4e+38
