rcp8.5models/GFDL_CM3/sc1gr9.28
NCOLS 261 
NROWS 433 
XLLCORNER 336357.134 
YLLCORNER 654653.479 
CELLSIZE 1000 
NODATA_value -3.4e+38 
[rows 286 to 307 of 433, columns 49 to 97 of 261]
355.459930419922 358.540435791016 361.859985351562 362.860137939453 364.521270751953 365.522827148438 366.271026611328 370.62060546875 373.764678955078 377.94580078125 377.693969726562 375.417144775391 374.493957519531 357.056304931641 333.680297851562 351.930480957031 376.766479492188 353.620635986328 348.56201171875 322.027404785156 342.415435791016 365.629425048828 364.686340332031 364.083374023438 360.495971679688 325.02783203125 255.441223144531 244.182250976562 304.364959716797 247.006805419922 216.175750732422 265.275482177734 301.923858642578 235.874755859375 204.939407348633 201.800140380859 198.780944824219 195.910690307617 192.327102661133 188.745422363281 185.805313110352 179.725006103516 176.873962402344 174.104415893555 172.086441040039 213.547225952148 275.903778076172 246.599472045898 202.773468017578
358.56005859375 359.727600097656 362.774017333984 364.952270507812 367.923889160156 370.588470458984 371.984130859375 374.425415039062 376.543609619141 379.323913574219 379.835418701172 380.253234863281 378.685638427734 380.586242675781 383.410766601562 382.442810058594 381.333465576172 379.673797607422 376.176574707031 341.162536621094 330.918487548828 336.336669921875 288.844665527344 325.824066162109 334.294158935547 298.270050048828 309.859100341797 269.985595703125 280.368835449219 220.149597167969 218.366638183594 269.665802001953 285.689117431641 209.454925537109 207.163146972656 204.16374206543 201.169799804688 227.455078125 235.462417602539 190.763626098633 186.857879638672 181.160278320312 178.676879882812 202.903289794922 211.95719909668 188.21305847168 212.6953125 188.615921020508 184.05403137207
361.938140869141 361.668151855469 363.304992675781 367.812286376953 370.652801513672 373.659576416016 375.259948730469 380.125671386719 380.119720458984 380.832122802734 383.619995117188 384.960327148438 384.899353027344 385.418762207031 387.697326660156 388.398590087891 384.93115234375 381.609741210938 383.117431640625 359.816589355469 352.996032714844 318.683258056641 240.485595703125 302.90185546875 319.207580566406 294.580932617188 331.613647460938 259.281494140625 249.477920532227 268.612274169922 220.862518310547 240.588439941406 277.504943847656 255.477844238281 209.514144897461 206.516983032227 233.513000488281 263.098022460938 226.466827392578 193.10041809082 188.6884765625 182.47981262207 180.253860473633 224.942413330078 270.037017822266 208.902389526367 162.753784179688 189.209259033203 253.879028320312
360.642791748047 364.196014404297 367.088134765625 371.102111816406 373.424102783203 374.876434326172 376.751831054688 383.667297363281 384.434478759766 386.390838623047 388.96240234375 388.950958251953 389.959259033203 389.925048828125 391.296447753906 391.655303955078 387.087371826172 383.722045898438 304.219055175781 341.650482177734 388.213958740234 322.165863037109 280.252197265625 316.851654052734 273.382934570312 295.942565917969 311.232330322266 269.876068115234 279.074432373047 303.668182373047 223.679550170898 221.01155090332 240.188873291016 277.257751464844 288.037719726562 252.611679077148 258.323303222656 305.337768554688 240.697387695312 227.83869934082 236.621368408203 184.235824584961 182.039276123047 199.509689331055 225.847717285156 229.771423339844 206.870590209961 215.241287231445 288.616149902344
365.413818359375 371.318969726562 375.089996337891 376.879241943359 380.096618652344 382.234527587891 383.907897949219 389.686401367188 392.304931640625 395.509307861328 374.424468994141 370.378326416016 397.967529296875 393.974700927734 392.251617431641 391.494445800781 391.652709960938 397.315887451172 360.380462646484 324.450531005859 324.948699951172 343.713531494141 389.983703613281 348.863555908203 302.156311035156 312.952453613281 352.328796386719 381.054962158203 378.752716064453 269.566162109375 278.226196289062 260.748687744141 290.927429199219 305.934631347656 349.156890869141 313.338256835938 298.044494628906 282.985290527344 203.581726074219 199.957412719727 196.121688842773 188.448806762695 185.568359375 183.024322509766 202.947326660156 262.017547607422 304.800201416016 283.326721191406 269.798065185547
370.527954101562 373.73388671875 377.360076904297 381.066131591797 383.830261230469 385.558471679688 387.126525878906 390.721069335938 393.821105957031 397.309600830078 397.586486816406 396.823944091797 398.204193115234 395.928985595703 395.240081787109 397.182495117188 396.078002929688 398.182342529297 378.303039550781 370.859985351562 373.372863769531 326.582244873047 345.551635742188 329.123626708984 291.514129638672 363.00732421875 351.051116943359 338.435363769531 382.786285400391 261.13427734375 266.150543212891 253.307373046875 290.714721679688 324.777313232422 355.014251708984 325.475280761719 312.603637695312 316.660552978516 249.202926635742 202.904922485352 199.344818115234 189.46891784668 187.258850097656 185.056076049805 212.797180175781 275.661163330078 309.947692871094 315.811828613281 313.691864013672
374.293914794922 375.431854248047 379.812225341797 384.243865966797 386.210357666016 387.825378417969 389.569458007812 393.871917724609 396.417877197266 398.178192138672 398.797821044922 401.207214355469 405.143951416016 401.889862060547 399.043609619141 401.975250244141 401.455688476562 400.520172119141 403.015472412109 401.865173339844 360.943328857422 287.527984619141 279.443908691406 284.532318115234 280.690795898438 351.196624755859 330.821228027344 309.055053710938 386.976226806641 323.502624511719 319.559112548828 311.546478271484 330.867095947266 359.167083740234 356.753265380859 353.340545654297 348.894256591797 310.401031494141 272.042175292969 280.047485351562 244.910980224609 229.596572875977 241.955612182617 186.971298217773 241.565658569336 314.98828125 277.376525878906 271.231811523438 320.750946044922
377.316558837891 377.853088378906 381.774261474609 385.86865234375 388.216766357422 388.831970214844 390.983459472656 395.245330810547 398.564849853516 400.852966308594 401.61376953125 405.626586914062 407.974609375 403.473937988281 402.96728515625 404.731597900391 405.751281738281 404.385040283203 409.086700439453 406.928497314453 378.251678466797 349.216888427734 349.065399169922 306.031860351562 298.292144775391 376.788787841797 379.240142822266 325.301086425781 346.538146972656 347.963989257812 334.71435546875 340.235168457031 324.949096679688 369.91650390625 365.456268310547 326.865783691406 310.534942626953 293.590484619141 270.229034423828 344.544708251953 316.064147949219 270.088256835938 266.5478515625 237.697280883789 212.532348632812 274.484008789062 289.744476318359 248.318664550781 273.329071044922
378.234405517578 382.859741210938 385.586120605469 388.479156494141 390.820281982422 391.936248779297 395.268951416016 398.400451660156 401.348388671875 402.880462646484 403.402282714844 405.372344970703 405.109649658203 407.988891601562 410.077575683594 406.413482666016 409.349884033203 409.773956298828 412.351898193359 410.157470703125 408.505523681641 411.317413330078 372.227569580078 333.7216796875 378.911315917969 416.342590332031 371.887908935547 329.827453613281 372.466827392578 368.854370117188 318.175445556641 313.015289306641 312.874206542969 329.631683349609 337.045532226562 294.813079833984 328.915985107422 298.960540771484 279.652648925781 322.849243164062 266.023742675781 233.296661376953 222.174301147461 229.060348510742 221.789321899414 255.022827148438 275.597137451172 260.121002197266 233.637191772461
381.719451904297 385.068908691406 388.026031494141 391.165130615234 391.870758056641 394.074798583984 399.664367675781 406.555297851562 405.985412597656 404.276977539062 407.438537597656 408.678100585938 406.313018798828 409.885070800781 412.715911865234 411.392456054688 413.494873046875 413.813446044922 418.662231445312 417.906951904297 413.374084472656 417.194061279297 389.455932617188 378.462036132812 416.759979248047 421.235168457031 391.728515625 384.205017089844 372.838897705078 310.884185791016 321.142120361328 322.277404785156 312.374877929688 348.464294433594 355.241516113281 304.655395507812 282.275299072266 294.262634277344 339.935638427734 305.312591552734 243.95573425293 243.194046020508 255.122192382812 229.882995605469 300.526733398438 310.231018066406 261.563873291016 250.885498046875 251.866195678711
381.434509277344 384.659637451172 385.985565185547 389.682647705078 392.870513916016 396.835327148438 400.806091308594 411.717224121094 410.267059326172 406.653625488281 410.817932128906 412.129302978516 409.205963134766 411.766357421875 413.642303466797 413.778228759766 414.875854492188 417.043395996094 422.134979248047 423.168426513672 418.344055175781 417.873077392578 414.845764160156 416.178741455078 425.509094238281 383.157257080078 371.017242431641 426.870941162109 398.383422851562 250.157211303711 320.061676025391 335.652099609375 308.999786376953 391.650360107422 349.218841552734 267.098693847656 261.629608154297 298.636840820312 330.694702148438 311.072509765625 237.545455932617 279.134185791016 301.828338623047 261.841278076172 349.441711425781 348.313720703125 319.046539306641 304.360717773438 311.959594726562
383.013916015625 389.32470703125 391.702850341797 393.946319580078 398.612030029297 403.270416259766 406.159790039062 414.170806884766 412.607818603516 408.391784667969 411.017517089844 413.716461181641 413.623992919922 418.916473388672 419.907073974609 417.157440185547 419.224273681641 421.498138427734 421.984954833984 421.598571777344 422.086273193359 379.972564697266 371.757537841797 427.383087158203 429.643341064453 398.547668457031 392.429504394531 431.749938964844 433.511077880859 311.628814697266 281.714965820312 286.290771484375 316.563934326172 360.650177001953 311.498565673828 318.141235351562 343.282379150391 312.132385253906 250.693374633789 257.629791259766 255.021911621094 237.693572998047 291.064666748047 333.116394042969 365.154418945312 355.419525146484 354.440277099609 354.836151123047 351.585998535156
389.1962890625 394.069213867188 397.926452636719 400.638122558594 404.628265380859 407.161285400391 410.212615966797 413.651123046875 416.231262207031 411.884368896484 412.348815917969 416.142791748047 418.437896728516 422.770355224609 423.424682617188 422.259033203125 424.499633789062 426.20849609375 425.643127441406 423.681030273438 423.669586181641 356.623992919922 303.843200683594 385.630218505859 439.490570068359 435.706024169922 436.298645019531 392.515533447266 379.001373291016 354.082458496094 255.28271484375 296.032440185547 374.929016113281 373.94091796875 354.588287353516 381.455749511719 343.591156005859 268.183624267578 224.154541015625 261.968505859375 340.024353027344 208.854675292969 283.121704101562 381.142974853516 369.990661621094 362.027038574219 359.715515136719 361.173675537109 361.156555175781
394.075866699219 396.341644287109 399.315795898438 403.161315917969 407.187225341797 407.961181640625 408.943176269531 412.115600585938 415.766326904297 416.239929199219 418.095092773438 419.276916503906 421.999298095703 423.974914550781 424.717468261719 425.856842041016 427.832092285156 429.840118408203 429.157135009766 427.499542236328 426.765960693359 406.269165039062 380.638916015625 412.010864257812 447.743835449219 444.011840820312 437.030059814453 404.215209960938 401.460632324219 299.551025390625 306.201416015625 388.140533447266 415.335754394531 409.01953125 399.034362792969 385.135192871094 359.799377441406 330.559906005859 284.874725341797 304.352294921875 390.10693359375 269.620666503906 288.452789306641 388.049072265625 382.367645263672 376.643707275391 371.914093017578 366.208892822266 362.003387451172
396.300872802734 397.489440917969 398.843994140625 402.646057128906 407.839294433594 409.934295654297 409.936370849609 417.884796142578 423.488433837891 423.535217285156 422.619812011719 423.062377929688 424.727020263672 424.623809814453 426.435974121094 430.425323486328 431.777160644531 433.030853271484 430.430053710938 430.302581787109 430.3583984375 441.559051513672 450.516479492188 446.329193115234 395.986511230469 342.329833984375 389.013427734375 444.215789794922 449.233032226562 365.905212402344 400.582000732422 440.797485351562 430.572082519531 419.346466064453 405.814361572266 392.046997070312 396.539794921875 361.132873535156 318.566436767578 369.087463378906 397.349182128906 365.117248535156 356.117736816406 399.828674316406 349.247283935547 326.888122558594 388.384399414062 374.395874023438 365.729736328125
400.335876464844 403.277587890625 405.933410644531 407.294067382812 407.792602539062 412.272796630859 417.104034423828 423.505767822266 425.934478759766 428.301391601562 429.849456787109 429.721649169922 433.762420654297 435.606201171875 433.546997070312 436.587066650391 438.362548828125 438.293579101562 435.771759033203 436.608703613281 437.871337890625 441.239562988281 446.599060058594 448.833801269531 446.419952392578 403.826141357422 397.826690673828 367.911560058594 308.219696044922 406.602905273438 406.767578125 320.661804199219 349.085662841797 436.570922851562 410.430358886719 401.359558105469 413.678802490234 433.8798828125 433.772888183594 423.588836669922 377.989501953125 397.454437255859 411.104949951172 404.560180664062 391.653839111328 393.444854736328 404.423950195312 396.830352783203 377.651336669922
400.096710205078 402.541473388672 406.193908691406 408.791717529297 411.13037109375 417.237030029297 422.974090576172 425.196319580078 424.628967285156 426.159240722656 428.559234619141 432.137939453125 437.803741455078 439.759765625 437.763763427734 439.188171386719 446.701446533203 446.192504882812 443.172058105469 444.242279052734 448.7080078125 456.01611328125 413.897613525391 358.698577880859 401.229309082031 422.722869873047 369.844879150391 316.476501464844 331.491851806641 463.990264892578 452.148773193359 414.576080322266 409.692321777344 430.4638671875 411.083465576172 409.328582763672 414.955535888672 435.783081054688 445.603088378906 419.948333740234 403.153656005859 385.756805419922 392.992797851562 346.512451171875 324.536193847656 381.137023925781 397.589172363281 402.398498535156 400.129852294922
400.593963623047 403.490875244141 408.403167724609 412.240478515625 416.970245361328 423.603851318359 428.633453369141 431.919555664062 430.519348144531 430.983306884766 433.424652099609 436.013519287109 438.502227783203 441.446990966797 442.257293701172 442.286712646484 448.192321777344 449.857269287109 449.577697753906 450.838317871094 455.317474365234 415.052947998047 386.589538574219 407.585418701172 432.936065673828 414.080474853516 382.284088134766 408.092620849609 385.908264160156 471.175140380859 454.121520996094 399.385864257812 392.022857666016 430.790710449219 420.215972900391 421.941345214844 377.412841796875 369.09814453125 426.225952148438 419.472808837891 416.832489013672 401.359344482422 403.618133544922 384.248413085938 366.036499023438 402.428314208984 412.544555664062 409.986053466797 404.02587890625
403.431243896484 406.308227539062 410.083740234375 413.788391113281 418.297576904297 424.753479003906 430.459167480469 439.966125488281 442.759674072266 439.716796875 442.598663330078 444.869781494141 441.550323486328 445.564849853516 447.775299072266 448.023498535156 449.821228027344 452.553619384766 455.104370117188 458.572998046875 460.759429931641 437.910125732422 394.280426025391 428.200592041016 430.041107177734 380.559997558594 442.173492431641 488.131927490234 446.843109130859 463.986145019531 446.927398681641 410.405242919922 400.688262939453 430.64697265625 428.120819091797 431.070251464844 391.909851074219 373.473022460938 421.525146484375 443.909454345703 394.357543945312 386.680419921875 370.640502929688 443.476593017578 414.320373535156 403.142486572266 423.461120605469 411.962799072266 386.539001464844
408.552612304688 409.686096191406 414.535461425781 420.299011230469 424.685180664062 427.327392578125 430.287384033203 443.900421142578 446.335845947266 444.242614746094 450.944519042969 452.601623535156 447.189025878906 451.771331787109 454.7763671875 454.662048339844 454.620239257812 456.706268310547 459.133575439453 465.133026123047 470.291320800781 471.765655517578 447.279296875 452.415557861328 400.109710693359 331.617218017578 427.243438720703 491.802520751953 494.3427734375 473.287658691406 453.245513916016 445.718231201172 440.750946044922 431.4970703125 431.245574951172 430.953155517578 424.920440673828 426.115203857422 447.999237060547 470.031005859375 426.920654296875 350.900329589844 409.158294677734 453.7197265625 420.281219482422 409.304077148438 434.569427490234 426.039825439453 407.991088867188
414.288177490234 416.802612304688 423.607543945312 429.139862060547 431.905792236328 429.535003662109 432.161682128906 445.227142333984 450.515045166016 450.985504150391 455.084381103516 454.684326171875 450.657135009766 453.590881347656 457.515319824219 458.880126953125 464.122039794922 466.286895751953 462.444763183594 468.435913085938 473.867462158203 473.623657226562 483.080902099609 441.28759765625 400.084289550781 421.447113037109 453.675598144531 500.014984130859 510.993255615234 492.206115722656 467.359924316406 449.209289550781 445.166595458984 437.475463867188 435.121307373047 433.641021728516 434.994293212891 393.068817138672 401.429321289062 480.968200683594 466.837799072266 344.984466552734 387.211853027344 450.207336425781 447.062347412109 445.247131347656 449.771118164062 440.311828613281 430.67041015625
419.588775634766 422.541320800781 429.060943603516 433.569702148438 434.138763427734 431.147918701172 437.069488525391 447.651550292969 450.620910644531 453.676574707031 459.19140625 458.414764404297 453.784698486328 456.775299072266 460.214050292969 462.24267578125 465.031127929688 474.415496826172 473.618072509766 470.73828125 473.839874267578 477.706146240234 485.023529052734 462.882019042969 410.376312255859 444.72607421875 448.285491943359 441.883209228516 512.45263671875 493.623718261719 472.677917480469 454.576812744141 453.214385986328 455.451812744141 453.426544189453 458.121978759766 462.997833251953 368.764007568359 354.379089355469 472.238525390625 459.072418212891 410.548736572266 391.379364013672 448.883758544922 463.361175537109 441.845764160156 410.116760253906 404.139587402344 396.145874023438
