rcp8.5models/GFDL_CM3/sc1gr7.35
NCOLS 261 
NROWS 433 
XLLCORNER 336357.134 
YLLCORNER 654653.479 
CELLSIZE 1000 
NODATA_value -3.4e+38 
[rows 242 to 263 of 433, columns 196 to 244 of 261]
140.699295043945 141.090789794922 141.598709106445 142.037948608398 142.459686279297 142.84880065918 143.263916015625 143.911636352539 144.165969848633 144.651748657227 144.989318847656 145.506103515625 145.961410522461 146.313949584961 146.536727905273 146.952194213867 147.563919067383 147.929321289062 148.456268310547 -3.4e+38 -3.4e+38 149.266799926758 149.203033447266 149.414184570312 149.899353027344 150.268295288086 150.22021484375 150.201538085938 150.580795288086 150.753005981445 151.405227661133 151.50617980957 151.518737792969 151.551666259766 151.355194091797 151.509765625 151.649322509766 151.731033325195 151.863739013672 152.076797485352 152.045639038086 152.18798828125 152.175048828125 152.15055847168 -3.4e+38 -3.4e+38 -3.4e+38 -3.4e+38 151.273651123047
141.797134399414 142.096603393555 142.330490112305 142.801040649414 143.208999633789 143.417617797852 143.852127075195 144.512741088867 144.983413696289 145.50798034668 146.065521240234 146.483413696289 146.870483398438 147.331588745117 147.629776000977 147.965606689453 148.387619018555 148.764190673828 149.38671875 -3.4e+38 -3.4e+38 150.108947753906 150.205322265625 150.363586425781 150.687377929688 150.930084228516 150.984237670898 151.140243530273 151.427062988281 151.733139038086 152.009292602539 152.090438842773 151.996795654297 151.950439453125 152.017837524414 152.280303955078 152.443008422852 152.412963867188 152.368026733398 152.392120361328 152.600845336914 152.56852722168 152.444290161133 152.337112426758 -3.4e+38 -3.4e+38 152.075653076172 -3.4e+38 -3.4e+38
142.274749755859 142.628814697266 142.876647949219 143.301712036133 143.649185180664 143.893264770508 144.253509521484 145.160491943359 145.584854125977 146.108871459961 146.572708129883 147.002166748047 147.340103149414 147.659805297852 148.124404907227 148.49040222168 148.881408691406 149.270385742188 149.622161865234 149.957138061523 -3.4e+38 -3.4e+38 150.791290283203 150.741989135742 150.928802490234 151.266647338867 151.470764160156 151.705047607422 151.891830444336 152.183486938477 152.267440795898 152.313201904297 152.176940917969 152.23161315918 152.399337768555 152.460494995117 152.540191650391 152.623779296875 152.66487121582 152.613006591797 152.726654052734 152.656982421875 152.512756347656 152.550445556641 -3.4e+38 152.465301513672 152.321151733398 152.169723510742 -3.4e+38
142.854217529297 143.225921630859 143.494079589844 143.87467956543 144.351837158203 144.585372924805 144.824432373047 145.773498535156 146.128311157227 146.656188964844 147.054946899414 147.43376159668 147.770935058594 148.039932250977 148.475433349609 148.890197753906 149.225326538086 149.583572387695 149.944702148438 150.324615478516 150.785705566406 151.035736083984 151.268753051758 151.279678344727 151.254364013672 151.595474243164 -3.4e+38 -3.4e+38 152.319427490234 152.496231079102 152.505752563477 152.500610351562 152.395156860352 152.636199951172 152.666290283203 152.683883666992 152.790679931641 152.904800415039 152.982971191406 152.839248657227 152.799163818359 152.71061706543 152.733291625977 152.782836914062 -3.4e+38 152.643539428711 152.428573608398 152.302703857422 152.118392944336
143.374053955078 143.770812988281 144.166717529297 144.474380493164 144.836532592773 145.157333374023 145.476913452148 146.186294555664 146.64501953125 147.059967041016 147.477966308594 147.880935668945 148.196365356445 148.528594970703 148.83464050293 149.248733520508 149.539001464844 149.691497802734 150.169311523438 150.607513427734 151.006942749023 151.348907470703 151.642196655273 151.738220214844 151.762268066406 151.979309082031 -3.4e+38 -3.4e+38 152.574508666992 152.638946533203 152.529357910156 152.713287353516 152.715682983398 152.919296264648 153.002243041992 153.044357299805 153.058486938477 153.053985595703 153.068908691406 153.006088256836 153.044128417969 152.926605224609 153.003173828125 152.914505004883 152.932876586914 152.768112182617 152.623886108398 152.474105834961 152.251861572266
143.946884155273 144.307006835938 144.639038085938 144.978942871094 145.214538574219 145.630661010742 146.006408691406 146.669464111328 147.068145751953 147.424331665039 147.786087036133 148.117248535156 148.448699951172 148.836975097656 -3.4e+38 149.605255126953 149.969680786133 150.112518310547 150.27507019043 150.763031005859 151.275634765625 151.710647583008 151.954071044922 152.072219848633 152.172729492188 152.339019775391 -3.4e+38 -3.4e+38 152.667175292969 152.554702758789 152.764526367188 153.080596923828 153.050216674805 153.069244384766 153.24153137207 153.246795654297 153.317810058594 153.285705566406 153.220474243164 153.217819213867 153.207702636719 153.140472412109 153.120162963867 153.083724975586 152.982604980469 152.797943115234 152.704788208008 152.595840454102 152.334289550781
144.533905029297 144.875244140625 145.069152832031 145.458023071289 145.697036743164 146.045074462891 146.447357177734 147.1181640625 147.35954284668 147.801208496094 148.197860717773 148.326751708984 148.630722045898 149.131164550781 149.517456054688 149.797805786133 150.26171875 150.633758544922 150.745132446289 151.224136352539 151.732833862305 152.076385498047 152.213989257812 152.30696105957 152.566009521484 152.790512084961 152.922546386719 -3.4e+38 152.983047485352 152.743835449219 153.060592651367 153.229736328125 153.148559570312 153.308456420898 153.385787963867 153.341125488281 153.476119995117 153.50260925293 153.458694458008 153.519561767578 153.413528442383 153.322143554688 153.327865600586 153.3115234375 153.156051635742 152.984741210938 152.81510925293 152.687911987305 152.459335327148
144.957992553711 145.156143188477 145.323135375977 145.681228637695 146.04362487793 146.435974121094 146.77897644043 147.362335205078 147.817443847656 148.174743652344 148.492797851562 148.44694519043 148.80940246582 149.51741027832 149.759826660156 150.059265136719 150.591644287109 150.799957275391 151.424438476562 151.803176879883 152.137145996094 152.36213684082 152.531188964844 152.735656738281 153.023513793945 153.199157714844 153.190582275391 153.382629394531 153.345809936523 153.076065063477 153.29736328125 -3.4e+38 153.185943603516 153.495422363281 153.463104248047 153.385360717773 153.670318603516 153.650207519531 153.595291137695 153.637542724609 153.545654296875 153.502365112305 153.524917602539 153.428680419922 153.303176879883 153.217269897461 153.096862792969 152.812866210938 152.672729492188
145.214706420898 145.428207397461 145.679992675781 145.980606079102 146.374572753906 146.817108154297 146.98420715332 147.681167602539 148.170425415039 148.449035644531 148.506896972656 148.692962646484 149.278854370117 149.80647277832 149.969253540039 150.354537963867 150.926132202148 151.145874023438 151.837966918945 152.055130004883 152.214309692383 152.496002197266 152.876647949219 153.168807983398 153.312316894531 153.384048461914 153.487762451172 153.605529785156 153.676544189453 153.564224243164 153.406997680664 153.44319152832 153.457916259766 153.69157409668 153.585311889648 153.51252746582 153.750549316406 153.784530639648 153.692184448242 153.715423583984 153.659790039062 153.628784179688 153.546813964844 153.375595092773 153.233505249023 153.168060302734 153.002731323242 152.814987182617 152.822555541992
145.455673217773 145.725357055664 146.013549804688 146.300964355469 146.793228149414 147.087600708008 147.221298217773 148.107681274414 148.367172241211 148.549880981445 148.657073974609 149.045181274414 149.691482543945 150.128677368164 150.324310302734 150.617095947266 151.098327636719 151.46728515625 -3.4e+38 152.157897949219 152.168319702148 152.540176391602 153.059524536133 153.463516235352 153.686172485352 153.612396240234 153.65771484375 153.703811645508 153.808685302734 153.917556762695 153.347305297852 153.501098632812 153.708038330078 153.55241394043 153.653961181641 153.742660522461 153.848541259766 153.989852905273 153.897262573242 153.840713500977 153.864593505859 153.826538085938 153.595199584961 153.476287841797 153.274948120117 153.145080566406 153.013076782227 152.951126098633 152.890075683594
145.814971923828 146.095764160156 146.334671020508 146.651565551758 147.092254638672 147.267776489258 147.633972167969 148.438293457031 148.678848266602 148.795013427734 149.049728393555 149.329528808594 149.864349365234 150.281143188477 150.57975769043 150.850372314453 151.181579589844 151.681594848633 152.325057983398 152.452423095703 152.513793945312 152.868148803711 153.3828125 153.76448059082 154.038757324219 153.944580078125 153.796325683594 153.706665039062 153.841003417969 153.918334960938 153.583648681641 153.879867553711 153.940689086914 153.694351196289 153.784698486328 153.900909423828 153.992919921875 154.117660522461 154.15495300293 154.084716796875 154.048858642578 153.975601196289 153.676666259766 153.557739257812 153.295471191406 153.219711303711 153.300643920898 153.207855224609 152.978942871094
146.277404785156 146.517456054688 146.778366088867 147.135787963867 147.376876831055 147.439575195312 147.898071289062 148.824249267578 149.142776489258 149.225006103516 149.3623046875 149.657501220703 150.002197265625 150.300170898438 150.665374755859 151.059173583984 151.381149291992 151.861099243164 152.652816772461 152.804000854492 152.985794067383 153.369323730469 153.682647705078 153.995208740234 154.312118530273 154.371124267578 154.215591430664 153.946670532227 153.604827880859 153.349182128906 153.801864624023 154.090805053711 153.963073730469 153.885009765625 154.001754760742 154.111557006836 154.162872314453 154.261917114258 154.321151733398 154.234710693359 154.124069213867 153.966796875 153.724945068359 153.488998413086 153.388748168945 153.310699462891 153.397476196289 153.241317749023 153.0791015625
146.958938598633 146.907577514648 147.133377075195 147.45085144043 147.578887939453 147.651504516602 148.047103881836 149.045867919922 149.309921264648 149.439788818359 149.643905639648 149.934494018555 150.324264526367 150.676345825195 150.843185424805 151.246505737305 151.714920043945 152.07160949707 152.859924316406 153.112503051758 153.33821105957 153.653869628906 153.921310424805 154.173614501953 154.537887573242 154.590270996094 154.600173950195 154.187438964844 153.724884033203 153.752136230469 153.99543762207 154.033706665039 154.05908203125 154.148208618164 154.299530029297 154.306060791016 154.305084228516 154.306930541992 154.375762939453 154.331695556641 154.155014038086 153.968811035156 153.817245483398 153.626815795898 153.630828857422 153.489685058594 153.401763916016 153.314315795898 153.191452026367
148.016357421875 148.058303833008 147.996627807617 147.899612426758 148.130340576172 148.368286132812 148.777160644531 149.7509765625 149.967163085938 150.349838256836 150.601638793945 150.910339355469 151.356338500977 151.498489379883 151.538345336914 151.781524658203 152.025787353516 152.317901611328 153.406097412109 153.675521850586 153.951736450195 154.444717407227 154.808380126953 154.887222290039 154.606887817383 154.690505981445 154.901290893555 154.713973999023 154.465270996094 154.536148071289 154.871337890625 154.655212402344 154.36572265625 154.511306762695 154.599243164062 154.514266967773 154.258911132812 154.307723999023 154.379379272461 154.526260375977 154.501556396484 154.404891967773 154.267593383789 154.050765991211 153.70182800293 153.60888671875 153.675842285156 153.537521362305 153.503112792969
148.473571777344 148.389099121094 148.3271484375 148.402084350586 148.573822021484 148.821426391602 149.1640625 150.028717041016 150.459396362305 150.908569335938 151.057174682617 151.276916503906 151.562225341797 151.727401733398 151.718460083008 152.025604248047 152.493194580078 152.73649597168 153.84716796875 154.232833862305 154.550369262695 154.905212402344 155.09635925293 154.647216796875 154.104690551758 154.567764282227 155.015518188477 154.90007019043 154.696990966797 154.675277709961 155.053466796875 154.961517333984 154.603378295898 154.541412353516 154.571044921875 154.453491210938 154.288238525391 154.306198120117 154.451171875 154.590042114258 154.532592773438 154.474044799805 154.394897460938 154.28076171875 154.017974853516 153.811401367188 153.688354492188 153.643539428711 153.574279785156
148.983810424805 148.871154785156 148.803695678711 148.976226806641 149.066040039062 149.175811767578 149.524963378906 150.269073486328 150.732879638672 151.275741577148 151.490982055664 151.674530029297 151.806777954102 151.971954345703 152.105392456055 152.520217895508 153.035995483398 153.292907714844 154.265884399414 154.65153503418 154.877700805664 155.101577758789 155.043533325195 154.043792724609 153.908447265625 154.73274230957 155.016860961914 155.098678588867 154.963500976562 154.893569946289 155.280029296875 155.226470947266 154.917602539062 154.702713012695 154.493713378906 153.984085083008 153.696243286133 154.379379272461 154.32633972168 154.565765380859 154.602386474609 154.593170166016 154.527587890625 154.419555664062 154.350387573242 154.053115844727 153.767623901367 153.745071411133 153.618362426758
149.551712036133 149.410385131836 149.433685302734 149.547775268555 149.660415649414 149.706909179688 150.056121826172 150.830200195312 151.048919677734 151.596328735352 151.94416809082 152.038269042969 152.083877563477 152.439926147461 152.545516967773 152.76823425293 153.082580566406 153.690612792969 154.575393676758 154.723068237305 155.013778686523 155.416458129883 -3.4e+38 153.945114135742 154.474517822266 155.061340332031 155.324584960938 155.487930297852 155.262756347656 155.107192993164 155.452102661133 155.383850097656 155.110534667969 154.773422241211 154.088119506836 153.101760864258 152.626052856445 153.897964477539 154.423980712891 154.702392578125 154.748840332031 154.638137817383 154.602752685547 154.378448486328 154.369323730469 154.283706665039 154.048065185547 153.964935302734 153.815490722656
150.074966430664 149.997116088867 150.093353271484 150.166702270508 150.260589599609 150.42512512207 150.735397338867 151.506790161133 151.644836425781 151.907958984375 152.318786621094 152.491348266602 152.346343994141 152.694366455078 152.95458984375 153.118911743164 153.317489624023 153.941513061523 154.187210083008 154.750564575195 155.301910400391 155.601943969727 155.248565673828 154.910125732422 155.183197021484 155.427124023438 155.580017089844 155.634063720703 155.594680786133 155.320846557617 155.593658447266 155.569808959961 155.227157592773 154.365951538086 153.745681762695 152.584899902344 152.383758544922 154.149551391602 154.718383789062 154.770034790039 154.760375976562 154.579513549805 154.587051391602 154.315933227539 154.202026367188 154.325622558594 154.105728149414 154.008560180664 153.854125976562
150.668640136719 150.676544189453 150.691909790039 150.78857421875 150.835494995117 151.084091186523 151.299560546875 151.95068359375 152.160400390625 152.365249633789 152.681182861328 152.925979614258 152.602340698242 152.918838500977 153.368698120117 153.472244262695 153.508941650391 153.796188354492 154.048965454102 155.139343261719 155.607330322266 155.747009277344 155.614608764648 155.543792724609 155.497268676758 155.60205078125 155.641387939453 155.782836914062 155.937713623047 155.526550292969 155.623748779297 155.664688110352 155.448745727539 154.793380737305 154.109100341797 153.094268798828 153.770462036133 154.787231445312 155.006729125977 154.916900634766 154.795150756836 154.656921386719 154.624969482422 154.39875793457 154.307418823242 154.326568603516 154.122543334961 153.992538452148 153.867614746094
151.331253051758 151.388000488281 151.335739135742 151.473175048828 151.514877319336 151.695068359375 151.900970458984 152.424072265625 152.609878540039 152.96354675293 153.161285400391 153.324569702148 153.082885742188 153.373519897461 153.663482666016 153.600280761719 153.617401123047 153.911087036133 154.418121337891 155.221832275391 155.683959960938 155.883666992188 155.780227661133 155.457290649414 155.091064453125 155.193450927734 155.736846923828 156.02067565918 156.082656860352 155.783981323242 155.435363769531 155.299194335938 155.740966796875 155.265472412109 154.355072021484 154.453826904297 154.950378417969 155.142333984375 155.20378112793 155.076873779297 154.878921508789 154.76985168457 154.758819580078 154.520599365234 154.356552124023 154.311538696289 154.205490112305 154.052871704102 153.878952026367
152.003311157227 152.087692260742 151.967666625977 152.079849243164 152.196685791016 152.357177734375 152.589492797852 152.919006347656 153.077911376953 153.339202880859 153.567916870117 153.853912353516 153.785827636719 153.722229003906 153.774353027344 153.71484375 153.914932250977 154.229583740234 155.008575439453 155.426177978516 155.848709106445 155.969680786133 155.834457397461 155.670318603516 155.268859863281 155.322448730469 155.913345336914 156.150680541992 156.145370483398 155.989868164062 155.290634155273 155.006942749023 155.784545898438 -3.4e+38 -3.4e+38 -3.4e+38 155.398544311523 155.353378295898 155.231292724609 155.111083984375 154.940093994141 154.730529785156 154.715957641602 154.581893920898 154.390518188477 154.31575012207 154.184432983398 154.096923828125 153.81640625
152.681747436523 152.719360351562 152.570236206055 152.67138671875 152.793304443359 152.8701171875 153.145095825195 153.404846191406 153.589218139648 153.662216186523 153.898086547852 154.295181274414 154.484985351562 154.189910888672 153.92350769043 153.931030273438 154.239410400391 154.492233276367 155.577987670898 155.921966552734 156.202850341797 156.173446655273 155.831787109375 155.405090332031 155.754379272461 155.856399536133 155.925552368164 155.878341674805 156.151138305664 -3.4e+38 154.445297241211 154.523452758789 155.702133178711 -3.4e+38 -3.4e+38 155.627136230469 155.571685791016 155.425354003906 155.249710083008 155.108551025391 154.908050537109 154.547988891602 154.533157348633 154.427322387695 154.489120483398 154.398178100586 154.172378540039 154.103775024414 153.804153442383
