rcp8.5models/GFDL_CM3/sc1gr5.0
NCOLS 261 
NROWS 433 
XLLCORNER 336357.134 
YLLCORNER 654653.479 
CELLSIZE 1000 
NODATA_value -9999 
[rows 154 to 175 of 433, columns 150 to 199 of 261]
290.969294409012 290.438545768666 289.938268886794 289.415577911257 289.153333844369 289.347485612007 289.956979263841 289.870123570415 289.684428058198 290.37187275491 289.675106796025 288.206089523422 289.370737424889 290.746530246003 290.361354908921 290.175288429189 292.817131484257 -9999 291.631041452019 295.415426653293 295.444482278198 295.604488278025 295.873022849773 296.271514612958 296.21226738019 296.194146493055 296.170133114283 296.099215238303 295.827598545814 295.676126139454 296.280508687353 296.693005868649 296.681071963205 296.669084112997 296.657043486573 296.644941599797 296.632784881195 -9999 296.608352455794 296.596066639064 296.55606933505 296.526781775962 296.546600578496 296.534173098397 296.410594623872 296.205776212786 -9999 296.326940326222 296.13931668567 295.926347530933
290.51891857459 290.346526938704 289.993181131478 289.419443786154 289.15130677335 -9999 289.440350521504 289.403646885902 289.601762727855 290.816832712854 290.101522667731 288.797413496913 290.490182758295 291.097456425616 290.848566653246 -9999 292.323756968393 291.043200416148 292.444723209681 295.260497286238 295.576968440075 295.716787611946 295.747253221554 295.993554824904 296.103168795264 296.065722814561 295.940599736033 295.683199608989 295.398400318781 295.544281991956 296.240714269385 296.483651001561 296.590178222753 296.612516887568 296.451529594948 296.294412623139 296.635088317962 296.622840063891 296.610546349807 296.598206218975 296.585825679455 296.573413548191 296.490563355554 296.536015007153 296.180593094159 295.697034249277 296.000519588867 296.309918981192 296.036917820746 295.841008967489
289.688484752183 289.650299561096 289.611623619623 288.817062497925 289.068239942653 289.037297431417 289.115154907231 289.103958105999 290.174284016217 291.032060414339 290.409534107043 289.57804929554 290.869767871194 291.356491668683 291.175289631311 292.010708605349 -9999 289.986303342792 294.089751284743 295.018408445443 295.476520099313 295.739525421909 295.740722243821 295.748600577936 295.837931493164 295.881796237984 295.631854041986 295.326135219521 295.198343927646 295.4732555856 296.031853063719 296.251621790637 296.264279799063 -9999 296.031893636487 295.906115167908 296.168828937221 296.156075386138 296.320224199179 296.600296652152 296.552062834858 296.48120861872 296.192989385472 296.022737243433 295.897501326272 295.374121623861 295.695414884808 296.177480917951 295.981601907 295.799483683901
289.190027495298 288.966625589029 289.072886455628 288.531338049246 289.049937022799 289.012023941232 288.740641837798 288.756756046268 290.546058724109 291.570884722272 291.193541799609 290.784088623618 291.318137961832 291.417307064448 291.765664899451 292.052520859095 291.510203933103 291.534869269466 294.361398123807 295.175206466603 295.451619655615 295.566152864106 295.757018327752 295.78059562413 295.772716809836 295.707360380407 295.301549413781 295.140266566977 295.248395053887 295.342174301862 296.012687549659 296.16672114486 296.0415842149 -9999 295.830853754377 295.818588547243 295.806260607589 295.829016628343 296.012381801543 296.368715683501 296.562267536774 296.468872969643 296.25474453401 296.109411776827 296.104042757975 295.915892674163 -9999 296.160563428295 295.883890491333 295.719473661147
288.939096266466 288.340532253242 288.417780075866 288.324188805314 288.693504075572 288.742165221901 287.660794557853 287.798024827655 290.296062394132 291.152405940222 291.868903073653 291.76706864912 291.684879510725 291.49092383419 292.324916014458 291.019256787685 289.821149152231 293.567510200125 294.359198324641 295.240057365892 295.452652339472 295.382877989186 295.494205682587 295.531109595674 295.519526823457 295.36478452857 295.036776633839 295.014870013464 295.22443462459 295.398884912539 295.95630411326 296.083240306564 296.024326220627 295.98519633524 295.857671750812 295.727323378184 295.749712412205 295.823338238006 295.926932067631 296.212418944594 296.53349761213 296.515726838605 296.509456024852 296.476940909927 296.361960551043 296.349240184908 296.336519771799 296.192710751808 295.714398822226 295.52504054747
288.895395175566 288.248151720733 288.046327810821 288.066193405239 288.253639821435 288.25979030169 287.447541103338 287.353397225904 289.808635922225 290.941507033035 292.105891806005 292.26256828178 292.078548436278 292.428669922454 -9999 291.227805167344 291.089752633089 293.98962165251 294.406108453637 295.160680286068 295.304805543564 295.427498768272 295.384173251759 295.183330039976 295.059365391998 295.172037940101 295.009505872136 295.209951393699 295.385240986371 295.494532501466 295.685678439457 295.911940240845 295.840253639852 295.827825304503 295.726959290501 295.597520440136 295.671143247403 295.669519637786 295.723213826343 295.973616323333 296.150056699511 296.378695533373 296.374839676033 296.116075118729 296.138032781847 296.067012461928 296.053856170291 295.984315609321 295.658787158006 295.497607815302
288.721496108551 288.575974753222 288.28585504426 287.551321840351 287.540906339809 287.357441042031 286.961622466437 287.537237708841 289.248106079556 291.118885846289 291.686553855137 -9999 -9999 292.637229915097 -9999 293.046475761162 293.8846770475 294.04802244477 294.445457931959 295.014874908058 295.091919868084 295.322366089362 295.435542928284 295.115618086501 294.768100547339 294.841463915127 294.93880829359 295.200726411676 295.377711994531 295.311292528923 295.280532744401 295.551313625552 295.754926946341 295.683379924489 295.609692534718 295.518972000479 295.552579328607 295.512682005969 295.579159680753 295.739674348772 295.758961156562 296.049177193563 296.063813148626 295.767015936993 295.851573600194 295.778941793541 295.760946318197 295.884352126206 295.617128312801 295.385813301627
288.478031872995 289.038034268211 288.474154861135 288.184604629907 286.871724968706 286.530402501472 286.834936790217 288.593192904829 291.235173818839 291.979155083917 291.907815394507 -9999 -9999 292.25856106029 292.434718719422 293.370428250963 293.854653480162 294.152818514755 294.389207507406 294.805291523866 294.760214158998 294.66159608618 294.768332171773 294.648344021322 294.647895273557 294.657425003439 294.820936159674 295.056038995627 295.121656571687 295.13523196075 295.670434774496 295.738315887688 295.738694411239 295.569599953864 295.675355302644 295.662792669349 295.623065606477 295.55680938945 295.566215585448 295.549544527949 295.432631178983 295.447375294066 295.466665395472 295.509220054322 295.501705725208 295.501456395619 295.804681080715 295.804414174095 295.491208697851 295.303459447913
288.950513318081 289.689440288642 289.463084676391 288.346607630396 287.438569612233 287.879121456509 288.364746328532 289.134937232535 291.659125000104 292.024332099314 -9999 -9999 -9999 292.54373760886 292.573016094396 293.361151231752 293.980719539066 294.118907534804 294.268996335885 294.543110094931 294.536179973065 294.483653490083 294.506453345909 -9999 294.639431951365 294.593299647514 294.629444864281 294.970897398699 294.960276615143 294.91796819942 295.715599686884 295.780828937707 295.509901788914 295.478280632584 295.677472317998 295.664856080637 295.652206458454 295.577606064851 295.487334073488 295.492931936884 295.434414601506 295.421539689693 295.395687810783 295.382728364406 295.369749059825 295.468364798882 295.632335021326 295.506635782439 295.31767924311 295.304654292217
288.974193612273 289.480761119504 289.978348903973 289.333073960665 288.848368229678 289.425191687988 289.910375860178 290.072150979211 291.972132746451 292.039430929434 -9999 -9999 -9999 292.923710035512 292.979118410776 293.376597310811 293.775556564731 293.980295516193 294.234464110268 294.40342243253 294.383830701154 294.213399406688 294.121113314775 294.202614758606 294.500466768715 294.531402826961 294.498825619019 294.576991818298 294.755107089665 294.825018620947 295.535364535331 295.558810509749 295.430629352349 295.480258509458 295.611403906252 295.548990311708 295.65416999577 295.614228336587 295.520577736078 295.449054544425 295.43616020911 295.458588506801 295.374781174184 295.442380039385 295.371197817479 295.358145845755 295.345070824066 295.33198512979 295.318899377482 295.305813563554
288.849551433787 288.87750158963 289.564431078963 289.561881016895 289.882241842418 290.404248562004 290.58462942874 290.745934865858 292.064753218061 291.992195343303 -9999 -9999 292.973575067989 292.95127382148 293.105801369345 293.430051468715 293.591825118603 294.031753883754 294.255691062074 294.245252439759 294.053418190056 293.770784792176 293.70762506737 294.027558701398 294.36536779503 294.363283670805 294.49862116949 294.604403267486 294.781209402605 295.131822342689 -9999 295.405093813931 295.268397843151 295.321550858561 295.348599359612 295.296360527039 295.342017016982 295.304513844202 295.427113555533 295.544332771507 295.531477237891 295.546046569609 295.381288380107 295.430624312416 295.372608624641 295.359492721125 295.346364980604 295.223242503329 295.109781635998 295.175064318738
288.468142915309 288.519037517506 289.191950439954 289.120577188306 289.31281783974 290.57430027052 291.034274447471 291.077651958208 292.026376896238 291.932926180461 291.985302513659 292.234839019197 292.798873437244 292.983272412632 293.293903051402 293.494141974436 293.705829689669 294.011171995404 294.140485037525 293.821226477524 293.627143411192 293.605403752075 293.543997465268 293.752341963951 293.76541579937 294.004962523052 294.579121674839 294.855053006563 295.079657340224 295.311580926827 295.500929883465 295.28949199277 295.16188637107 295.230100154673 295.242681483703 295.273212608316 295.307613266862 295.098850442028 295.21380899101 295.269117369345 295.313529251343 295.593134199051 295.400265801 295.387138648232 295.373980836482 295.360804076065 295.347615501315 295.250618582833 295.124293933525 295.076321402293
288.152905648557 287.945559945649 288.866142151364 288.533622771037 288.409817114637 289.922449694282 290.513604030227 290.737230681445 291.734287320543 291.977625779779 292.080467363494 292.083149213847 292.389202735276 293.042590131219 293.261716049854 293.485460807375 293.57431197938 293.638207072067 293.700604068895 293.572719717524 293.696278373252 293.757402364191 293.754184174825 293.768430830063 293.502784873207 293.652653832969 294.461438837578 294.896733543523 -9999 295.261219211856 295.331263740269 -9999 295.211061724944 295.292551280528 295.282822903585 295.135607432269 295.299377539431 295.14692031144 295.20311101513 295.114100002143 295.051029867772 295.360543222704 295.49555508896 295.446783631025 295.375322628306 295.398164142916 295.406863636104 295.335579102793 295.257704182854 294.966909606023
287.443096752927 287.492233167165 287.883590601457 287.091215482679 288.283403069629 289.478996568461 290.093364796252 290.462570455232 291.463282801581 291.939618383727 291.72522638132 291.975141754394 292.243659880971 292.734413871085 292.869054020338 293.254839154171 293.305244737146 293.416940073445 293.220086355205 293.337398515767 293.752308907179 294.10740768385 294.179204496504 294.0696227653 293.867530026196 293.783371627341 294.367155779502 -9999 295.087415990614 295.203796344675 295.238442320038 295.225811680084 -9999 295.253870234854 295.160004072223 294.895150488588 295.043857003531 295.148692787015 295.189982582173 295.090791213432 294.815599202223 294.758627146026 295.569818786743 295.528968199589 295.470637968346 295.413207614726 295.228009357767 295.199066544906 295.207135908243 294.857860051768
286.237230932131 286.497471607896 285.885618979898 285.983304205716 288.868917832567 289.419181540619 290.154761952215 290.620610439434 291.24482464717 291.412519901547 291.436721423153 292.050060760374 292.249445450813 292.584064406169 292.918992982669 293.108387101299 293.147219823565 293.204988396382 292.951023039395 293.134325643932 293.44068375325 293.944140750241 294.282023789049 294.204136529869 294.296807208406 294.291703583018 294.369329974358 -9999 294.986478285046 295.005960284796 295.147980497298 295.16849247787 295.215137934836 295.135130676953 294.950029731844 294.910995207605 295.001990830398 294.964180909879 294.950889949747 294.917728361632 294.781661787134 294.583118684742 295.173263373065 295.382959521512 295.54456078082 295.368099389065 294.998688278961 295.021660800698 295.162765304107 295.011986273466
285.356103752881 284.838556826521 283.74717698653 284.38085184127 287.872754494075 289.00821438938 289.915181186822 290.908212642891 290.993014219667 290.902474671872 291.488140849176 292.153754019545 292.192221293425 292.561712815309 293.061365067092 292.957860558952 293.008314701388 293.064473952172 293.131069951026 293.142814103179 293.296304103142 293.526712971759 294.002561820636 294.11164023397 294.374967388598 294.344854959733 294.371454373883 294.818893360263 294.698280467933 294.614436306251 295.07596992944 295.056609072174 295.031788178423 294.931767896198 294.765131784466 294.839701271224 294.925328770089 294.852982395042 294.898782431918 294.878312554981 294.825207288297 294.738539441267 294.794181432798 294.989676892836 295.205796090539 295.167303399649 295.027230103659 294.974420847318 294.839163036865 294.913447848938
285.747040305093 284.206224687929 281.881234134797 282.179930154308 286.687189709383 289.108981644574 290.064950985514 290.885588324817 290.617856764971 290.843182341806 291.250350367228 291.784944011098 292.146172390409 292.343421598193 292.768669330941 -9999 293.028167444164 293.15356637625 293.327051635944 293.292232563193 293.3539835806 293.36368410822 293.519349269255 293.708368705045 294.033280016988 294.152975778453 294.244756306383 294.45842321345 294.368416095021 294.234788084898 295.045038645043 294.913019858507 294.79310180763 294.753371251483 294.693112696844 294.740731312737 294.799646458345 294.788572879301 294.880781331511 294.840248498602 294.78065422509 294.767314853352 294.728622979477 294.637864345067 294.920666983664 295.020325081514 294.859542635545 294.807298878751 294.559357136822 294.678887347283
286.148930397747 284.769066780904 283.085107003738 284.021240563097 286.998061758321 289.43033875353 290.290533218975 290.530132872584 290.463336822589 291.054521983117 291.119252557494 291.485152130442 292.148996321726 292.247890747587 292.510351670939 292.771119584962 293.105665115021 -9999 293.366284759076 293.39359702256 293.381930117214 -9999 293.309209278564 293.366019025367 293.691798820203 294.247371958324 294.170801293167 294.032167208677 294.014279066301 294.045783206667 -9999 294.873998040633 294.780260360112 294.674552664252 294.669331865261 294.801444716816 294.774469163052 294.64834259043 294.656911066266 294.736726533313 294.78211752047 294.768717324387 294.61571244928 294.566780084521 294.609848185947 294.648884171029 294.499662093238 294.485866374101 294.452702902152 294.692817745966
286.305740202977 285.24715355954 284.371832118821 287.096707206744 288.019499456111 289.409353016561 290.03415666484 290.417787924304 290.793061988591 291.245025738725 291.23216410477 291.611741961045 292.151759254401 292.310922800776 292.586586366213 292.673682828183 293.108317966001 293.116513803952 -9999 293.335373839263 293.446895170327 293.587758601075 293.636433955368 293.472101894195 293.477806642519 293.95221361688 293.803654821822 293.84783698278 293.877854555265 294.05939441138 -9999 294.902437210253 294.862872986076 294.708995227075 294.516512969892 294.47919933228 294.574039794564 294.688934890445 294.631219915247 294.716192386423 294.65584043934 294.583473383092 294.534540592309 294.604243925022 294.382615140495 294.369029623278 294.426887637534 294.458240709647 294.428132909007 294.686795695811
286.544857622893 286.04806375139 285.15490459123 287.346217117136 288.371886391313 288.684639190893 288.434180402417 290.224257215569 290.520156459094 291.188407850982 -9999 292.167719669004 292.187142744465 292.238101828577 292.24653290621 292.385099487209 292.646751286802 292.735538274763 292.698926378933 292.981393192492 293.035101887811 293.256398472254 293.556425612009 293.813936026883 293.668321899 293.843579508883 293.90410733597 293.808096370801 293.975170688871 294.249888683403 -9999 294.490296261392 294.172563342558 294.308365223017 294.200079424326 294.186807471359 294.173473352608 294.267838486462 294.387663738319 294.15795770424 293.933412338186 294.146614391503 294.439456670784 294.506631630965 294.488812472614 294.371079207812 294.35737376503 294.434580061567 294.723877574133 295.033138032331
286.087958519395 286.951476418121 286.671781045513 287.198975321733 288.69577507402 288.98712949024 289.311210574856 290.503602345115 290.895952753314 291.191100009265 291.356641659133 291.682470595493 291.754615346516 291.98071731904 291.942975178797 292.176928923211 292.266140459597 292.316054886577 292.426656258766 293.019374627146 292.92814170687 293.068264590005 293.327142798083 293.470669209662 293.662723974373 293.850772363541 293.829829589771 293.873487022649 294.158607192593 -9999 -9999 294.310647932273 294.114446114293 294.06330044951 294.109225233004 294.095821242803 294.115975045536 294.161578618312 294.046235802584 293.80157105613 293.694556144078 293.988890940387 294.448049227351 294.520396332621 294.489957673371 294.372055847366 294.35828959252 294.407701475853 294.552615434348 294.683811685158
286.46401823768 287.293180516839 287.750786635086 287.654864506983 288.913212881645 289.130505410361 290.031270932948 290.61371443217 290.92277702655 291.196532020165 291.113832309678 291.285346109792 291.260704600262 291.523056560458 291.81672985041 292.129707988457 292.179444665356 292.340523828227 292.429087870378 293.103436088476 293.095705181353 293.056009659489 293.234599089087 293.308500281241 293.486101206272 293.746969543414 293.739651454726 293.864154310757 294.15448082457 294.190106549422 -9999 -9999 294.143903579201 294.002357077805 294.036705070249 293.956511278708 293.918576046246 294.036601075862 293.849105219842 293.635866760013 293.793208992682 294.244148812321 -9999 -9999 -9999 294.408193978631 294.311492908591 294.233282670928 294.462427614102 294.390125256336
