rcp8.5models/GFDL_CM3/sc1gr3.1
NCOLS 261 
NROWS 433 
XLLCORNER 336357.134 
YLLCORNER 654653.479 
CELLSIZE 1000 
NODATA_value -9999 
[rows 330 to 351 of 433, columns 200 to 249 of 261]
257.030072527713 257.8027750016 258.15839655081 252.516065419145 249.274325202067 245.796054086911 243.589507823155 253.697039668588 256.525305761478 256.459040689602 256.634698374623 257.662853400041 258.16502618294 258.492894486826 258.284453731862 259.081842404584 259.556632202568 260.20295692924 260.655498748004 260.656739136856 261.328849753711 261.304284922427 261.673907319004 262.218583014793 262.454011150084 262.38218339684 262.881531676917 262.733781562498 262.44467728203 262.447003090456 261.410085182045 261.80997163397 262.302444953166 262.206448480752 262.067859022005 262.146527952885 262.283295420425 262.631312871308 262.938724290889 263.216723689392 263.216537840887 263.621519319812 264.147242439156 264.172686461398 264.408973075212 264.403255215186 264.3692021137 264.318489218487 264.507798156247 264.306907475128
256.005594289379 257.973089153686 258.25213601191 256.419502770719 255.783179095787 254.706014849673 253.320240776164 257.200615885572 256.403541475317 256.1979571673 256.668235163485 257.982552904007 258.129584209957 259.063897592465 258.923854326021 259.606785066597 259.383300737324 259.386977599511 260.210943214679 260.272593081456 260.581623609805 261.085907620294 261.384140773645 261.971549024006 261.927403602838 261.849942464095 262.370702634306 262.328609610289 262.099613675299 261.671872418382 261.012292394368 261.483985832048 261.754096389601 261.615291709079 261.37485967025 261.550729636877 261.795104689183 262.124910916628 262.560016664917 263.126543243846 263.140336802287 263.367938637488 264.108042274521 264.08097650585 264.273489207755 264.339283370808 264.276902782626 264.319055096205 264.951507764681 264.858759392538
254.646172097192 257.932412759224 258.404946989585 258.139456950846 257.557243497743 258.071949496152 258.005606951349 257.461026976721 256.415608097924 256.454068986348 256.19127483119 257.862445621966 258.58351729374 -9999 259.610633484317 260.182156268781 259.440986791238 259.576600160559 260.414797147485 260.555098321499 260.886580390457 261.094127396485 261.206970810909 261.223490698278 261.4161895031 261.402441810105 261.874860505626 261.925028331801 261.95381708079 261.248389865501 261.517785597267 261.90951008354 261.732903897882 261.159961082171 260.846487212685 260.762189910676 261.329093058321 262.215302604965 262.278540556219 263.0608144031 263.180995292629 263.456607315259 263.770966629425 263.84765853205 263.902127682879 264.230096415434 264.404080730988 264.530809889665 264.860588307883 265.022295429175
256.140485724292 258.230962340271 258.755842598789 259.174582196562 258.792074800333 258.668540608342 258.456755148451 257.956487528045 257.377718241443 257.036465417372 256.038796690365 258.134584330377 259.255794228579 -9999 260.031202120542 260.601301248408 260.380361925516 260.725725026195 261.128370553437 261.384251806345 261.337364605999 261.488036901652 261.142669564169 261.000241470924 261.41056018816 261.592824917366 261.858003784277 261.847563700552 262.236456350972 261.577594667222 261.955222631478 262.212073117352 262.129186229105 261.70381094226 261.31160727048 260.893823023498 261.561779117559 262.456270461905 262.454451820003 262.688288217182 262.911012564172 263.312760054843 263.194651433898 263.395776383145 263.347192825092 263.561422625274 263.857569697399 264.512880203232 -9999 265.014504049448
256.767555892373 255.960099844481 258.371048366453 259.322164557213 259.350250983298 258.536816586151 258.369421659023 258.460003748011 258.383367935993 257.655986004138 256.774142235557 258.415503818681 259.115491422942 259.277762568392 259.782160235639 260.361724561788 260.840069755006 260.906434582891 261.313012872375 261.778217963799 261.648430222932 261.97372711194 261.659054268803 261.479481832653 261.994264098728 262.383893027801 262.150386524529 262.040511067011 262.629416518032 262.287582724983 262.14044776566 262.201308721217 262.200947019846 262.123505454296 261.654814821973 261.178213183813 261.599525071108 262.434533483157 262.856901502811 262.747094152916 262.839403303088 263.054562801066 263.290151637005 263.080486127693 263.06289481348 263.386996083959 263.929733656912 264.416734568235 265.104952696504 265.103143108599
255.425951705325 252.147175669225 251.816344656121 259.408213510596 259.351728668587 258.668238691438 258.824741588513 258.671639818022 258.686638596183 257.48721483126 256.032264643104 258.410489358576 258.844417718535 258.243966162368 259.334184121236 259.838571783943 260.191520125944 260.356071258477 261.247195095279 261.585799490215 261.945816347734 262.036447504368 262.118590500476 262.010640800767 262.534640744629 262.500026461168 -9999 262.539228169071 262.485598383371 262.722100981675 262.414085594953 262.257652381938 262.49124235629 262.149667563455 261.91371905373 261.69617832393 261.873119001349 262.279547589051 262.753091333465 262.844769146996 262.986338552344 263.36178949622 263.493671102262 263.011010230012 263.101680222144 263.701342289629 264.25453689971 264.305765677491 264.685672207985 264.751353710299
252.878292883217 241.731404642854 239.992765362877 259.039613670237 260.290808645288 259.921213472964 259.148853609505 259.168407712764 258.969035669578 258.385525024573 257.805549578031 257.715829758317 258.375104962535 257.637314112086 258.185505759079 257.814482008781 257.2950033943 258.169723675152 260.677447668224 260.701849534282 261.497662147728 261.846343738843 262.104864453492 262.547998646151 262.652979579898 262.54433120064 262.860301002218 262.908739577846 262.924959158043 263.325801627265 263.527343858606 263.106374314488 263.075457850117 262.696129344688 262.827609404565 262.496093376998 262.731374679597 262.707282849615 263.154153857092 262.98525184288 263.030229500761 263.618922692515 263.776914155523 263.809679515215 264.074209084665 264.45834613842 264.012315577036 264.004508354695 263.982176686317 264.244791626644
256.007596703463 247.311002761993 238.109728477779 259.558589627064 260.818985105187 260.287194355628 259.273262593633 259.649732332781 259.472703112826 258.965868011147 259.355094254544 259.12567612318 259.27279411039 258.538754146774 257.254479845882 254.854856356368 255.247346557885 258.382361149162 261.074089386543 261.476717086939 261.708099695407 261.741074789539 262.186357784926 262.380372297864 262.423745229052 262.369327782858 262.804334067224 262.805154663446 262.833878758317 263.012584184784 263.239447173444 263.156260664222 263.103371156727 262.884282156015 262.994866232846 262.933832872343 262.96238990424 263.16839150382 263.468720654069 263.297972836707 263.501659229189 263.783439204644 263.984104319857 264.040711051144 264.415142669553 264.690311697369 264.513135689929 264.413778591438 264.727905773233 264.788326388043
258.216500894521 253.257551152865 243.441929757829 259.865340027006 260.370140397134 260.031571016954 259.586080312316 259.743374763495 259.677663611583 259.363228615734 259.730685761456 259.738356061634 259.546612973023 258.542232416873 257.460234489313 255.747165932891 257.197302877769 260.337057522446 261.117185336184 261.236692047803 261.470602239867 261.423509874973 261.935331085172 261.56690541623 261.791901283505 261.979611571171 262.554218691029 262.221201812662 262.419713483682 262.64312363529 262.668206979616 262.843623212043 263.20965453089 263.497123138023 263.453691162239 263.591726538101 263.512629396458 263.785496085942 263.833877381537 263.859367214133 263.888357589279 263.834409179183 263.959811620116 263.993827015585 264.638867197704 264.648250845049 264.711334461328 264.724076462489 265.145758086563 265.2141799901
258.422719803321 256.44043356254 253.388353671254 259.858013908164 260.370013244458 260.105275889376 260.049042361147 259.966861314333 259.512199124847 259.02558691121 259.783106867277 260.262847989843 259.926008816284 258.508211205816 258.099317892769 258.455518009828 259.375496044742 260.658509094829 260.7970627978 260.706421125982 260.940834210925 260.55671092771 261.425318504049 261.148837973006 261.341749328433 261.820171411044 262.05779681719 261.289391401315 261.998779680838 262.630893807251 262.601982870276 262.584005786034 263.18567533605 263.48324959879 263.751554922795 263.8469478917 263.711270465608 263.887981839512 264.071764742969 264.106576022102 263.939688118911 263.881892841689 264.315880708998 264.242839092932 264.629172791559 -9999 -9999 264.816127938374 265.229106819811 265.266287121136
259.203689120849 259.154111863228 259.240085963429 260.094747738157 260.623809693627 260.509185963872 260.358474045267 259.70741505941 258.980885939515 258.552159024734 260.387600359502 260.544653974425 260.075473235703 259.14205110169 258.682823462295 259.390235007184 260.314698623958 260.696597440112 260.528014527596 260.586814140326 260.107355289245 259.817738484984 260.509838739225 260.98067690137 260.969169440787 261.705495224184 261.652900108103 261.243639311907 261.799356840136 262.618511100808 262.589959881861 262.571088762144 263.184998525235 263.556536307677 263.849933015511 263.684591716346 263.650398795401 263.658407613587 263.872578324861 264.017392736895 263.92947946198 263.87217176264 264.35568728233 264.478129356397 264.61931488948 264.669755342845 264.974518070703 264.970644769673 265.254941882631 265.090712358146
259.716804629689 259.852339836412 260.162648183349 260.504528315599 260.914504495084 261.005561844516 260.324289355794 259.817876089478 258.822130417832 258.525717669417 260.789806954306 260.355642127449 259.737500268331 259.739319685963 259.105482322472 259.527357015197 260.099559083039 260.261764443398 259.88183385203 260.083945119096 259.70710238458 260.208308688264 260.256059908916 260.481739437556 260.732983501973 261.724165028438 261.601077772895 261.553139501762 261.578773334606 262.680682600407 262.626124899865 262.784380701638 263.224196118256 263.773784590023 263.734786305432 263.611128899917 263.623610630843 263.660186793063 263.521881737169 264.038316434488 263.998423425723 263.799603731933 263.971871620627 264.251293432985 264.326604423846 264.923879278878 265.041065478855 264.646517319541 265.214180539829 264.850324688134
259.526130951453 259.739774634689 260.16249226319 260.271933568541 261.010245661461 261.558632515101 261.012859113427 260.748889789882 259.59744544286 259.15723274218 260.694232593912 260.594771544126 259.941561545922 259.831304467714 256.011774964416 259.306884435551 259.206934421756 259.797125644395 259.532468036633 259.590573778279 259.035759054675 259.396578073523 260.798124309106 260.489988341125 260.182464591678 261.196682329129 261.587904609823 261.597757097757 261.821525478756 262.639379479287 262.530044465116 262.73158150053 263.148455169881 263.384840558509 263.399513822631 263.768659887202 263.647269918042 263.404689620003 263.496436452618 263.741601385662 263.79759992494 263.701262834491 263.882198696719 263.994829261242 264.045319812864 264.732691801812 264.683900273461 263.954118297723 264.946535896873 264.761232949182
258.941445179346 259.613584733454 259.618598682789 259.796867287781 260.222414002001 260.712990177614 261.219810559535 261.458699656622 260.873483655316 260.320497087405 260.89427903292 260.010967069188 259.581475299474 259.788350820154 257.102205532066 259.546847587671 259.203641426355 259.199842216167 259.758311921238 260.034442075029 259.120222836823 259.405997287456 261.490556269081 261.152320847442 260.156484444848 260.796010570499 261.550335101874 261.954919325939 262.46596285692 262.567059376843 262.49058347412 262.468620900543 262.734151268752 262.810580349398 262.994508343648 263.908715566542 263.751789966687 262.68881637168 263.077212370837 263.326600914812 263.351230861734 263.597338992335 263.64075159297 263.680431618684 264.006403563087 264.52659134844 264.541995454085 264.292820607241 264.740081180971 264.692746880202
257.227659299155 258.359715664847 259.217927266546 259.594563905133 259.583590079895 259.640878451413 260.246195341382 261.159705158079 261.50685684332 261.095237700776 260.688463131863 258.843012401469 258.15111779595 259.753999242932 260.523930747114 260.059586599209 259.436553898084 259.221999994681 259.633237221248 260.217741807514 260.822146014049 260.947078997087 260.855591314836 261.637727424064 260.847589060472 260.50982174127 261.6550505559 262.479973088395 262.718726942568 262.546923881305 262.072772171577 262.344024193335 262.540544710088 262.726334604131 262.718108650118 263.418436063487 263.24532773586 262.502422293277 262.437224952183 262.688562530336 262.737379680731 262.911957787986 262.87543617242 263.119714252031 263.668892715453 263.928286131218 264.095095852684 264.661537856092 265.020966099532 264.949923193487
255.889333678039 255.705157020585 258.207004411815 260.19986618206 259.944697999515 259.953235745783 260.090974365654 260.605023798176 261.021417262145 261.407634496791 260.118333577361 258.172846457609 258.275939335387 260.347535109026 260.553228811629 260.262157422579 259.211116527344 258.979312312373 260.02156029816 260.147138322046 261.332252677453 261.474005002136 260.828490093109 261.719168529906 261.380474957327 260.9899110269 261.644197756757 262.06772872995 262.057931122731 262.281248317503 261.769116785093 261.203600490024 262.082105824395 262.471914860447 262.690737734157 262.796133599579 262.444052451493 262.569912764601 261.675478125244 261.713479290953 262.002555068676 262.441960171336 262.663553883987 262.626972508605 263.209675944119 263.789637301892 263.922838849918 264.424059670149 264.982623720316 265.169914876259
258.177385177366 257.228202782372 259.593317709554 261.258485119888 260.79644053626 260.93760384603 260.845942030628 260.516734727237 260.735295619021 261.238435612554 260.027997951883 258.089169617571 258.237855509399 260.851122477545 260.473020894767 258.99456426461 259.655084806479 258.434890913951 259.629732402563 260.448477060802 260.722256611941 261.761335337254 262.068459159388 262.053725528428 261.649687108201 261.292537736824 260.902766704062 261.002494730726 261.547737165832 261.979183641339 261.765041906236 260.312876881868 261.645411773616 261.851355220481 262.716579137173 262.670296622274 262.381174732473 262.298748950089 261.430596214359 261.196036089847 262.156507024997 262.502341770623 263.141033120755 262.998683889639 263.363385069011 264.052060576203 264.598200593768 264.367554158364 264.702517703474 265.232059849592
260.67694366556 260.622905820601 261.385861016928 261.55958424679 261.358278751017 261.48982803988 261.368881847626 260.974234324242 261.217067726177 261.410640602969 260.471181745727 259.245767878565 258.439953712327 261.074071806148 260.147176368972 257.368631865979 260.612213140385 259.050118600631 259.20886133246 260.716936340202 261.095777123057 261.783030551966 262.393014731499 262.494656130513 261.626986086677 261.420706801434 260.984306379002 261.018878723032 261.252735601446 261.692764199928 261.572677826826 260.735280391615 261.021495484901 260.977090729644 261.830623643954 262.178044480479 262.628859850282 262.17553525389 261.919823155773 261.582633734143 261.934924037568 262.294069566908 262.975918719049 263.428564940573 263.754818891535 263.997832607832 264.783823247293 264.798157986142 264.438176643271 265.105578329914
260.295860746644 260.197706543888 260.113408031112 259.759976895246 260.595213089396 261.147807135853 261.330799714574 261.709388080277 262.54318403661 262.164797213517 260.867732212605 260.232385364738 260.227602822589 261.534747880102 258.055058906989 253.292820824511 261.488331638055 261.023035516784 261.200580536014 261.422652006515 261.544317843883 261.697770824237 262.386089149473 262.575265545938 262.559396374366 262.518796852132 262.140816641859 262.300720390174 261.994204715181 261.690661340977 261.192319154197 260.892676602786 261.788301486438 261.272345436187 260.63599022753 261.78853027822 261.867384979945 262.80073118029 263.423977278039 263.073034086475 262.444079526044 262.838170145361 263.372667327218 263.04991913524 263.434164650417 264.343331171112 264.424343414664 265.651188331243 265.361038999753 265.382933596901
259.913560278268 259.2947828197 259.754188616988 260.488392989254 260.451777127341 260.630433471541 261.100645777483 261.515136458186 262.120321040718 262.266429388987 261.438458623983 260.989542963282 261.120556617138 261.792847245245 259.81902264901 258.129256996998 261.511098128403 261.533344901248 261.45383995085 260.750613272825 260.492649109014 260.751130149551 261.645906647099 262.054894853633 262.028569615782 262.457549959526 262.81534225145 262.603763106552 262.385836881811 262.263198890184 261.72782011815 261.248640174727 261.71117305313 261.93731350541 261.028390951645 261.948666533481 262.71169150516 263.043267342359 263.549514482191 263.250479326685 262.560274208253 262.390977815195 262.212902237581 262.212705665033 262.724276300566 263.689600050926 263.318009356199 265.099629295822 -9999 -9999
259.463282144983 258.61988267175 259.018670474921 260.041379511668 260.062436654124 260.29760601735 260.346199925087 261.14211363547 261.665649008613 261.893972633034 262.064390758415 262.054800529462 262.101088677993 262.440899612885 261.31004982701 261.033769250432 261.417048320199 261.454858512625 261.456866327089 260.663139443526 259.790477533159 260.392976346829 261.243282717663 261.594953773777 261.649616479942 262.530521030655 263.392779708343 262.937480029353 262.660462751831 262.559324950408 262.137806669215 261.936824231731 261.590081827182 262.392678443715 261.526188497018 261.794017567314 262.682005977679 263.525231536249 263.508981899014 263.514370841656 263.008233087888 262.569821490321 261.772933187285 262.208635343307 262.428966030705 263.034369740065 263.078362737687 264.382366774808 265.73552210118 -9999
258.745502182413 258.346760662458 257.816163031026 258.821742448671 259.938806893634 260.292222985587 260.372525336729 261.105867319054 261.385387172717 261.406538577448 262.048888416913 262.533551329019 262.574664710786 262.622261019591 261.530558821169 261.501548686609 261.842305202169 261.406913642459 261.253281047025 261.848472264888 260.869625338089 261.515646878833 261.658167865333 261.577468183553 261.67289085076 262.358569672375 263.515618668187 263.379488911455 262.991572985176 263.039378777604 262.367262843255 262.242009437287 262.149103987776 262.249577117992 261.633095528285 262.199560013643 262.793197456732 263.687882231522 263.507219067907 263.667445985879 263.671481669485 -9999 -9999 262.980296152139 262.926536911954 262.641212573959 263.373646568228 263.859014564982 265.567538880865 -9999
