rcp8.5models/GFDL_CM3/sc1gr8.3
NCOLS 261 
NROWS 433 
XLLCORNER 336357.134 
YLLCORNER 654653.479 
CELLSIZE 1000 
NODATA_value -9999 
[rows 308 to 329 of 433, columns 150 to 199 of 261]
16.3989277295181 17.3226710259426 18.3855875130763 18.9685777502368 19.4056943200384 19.7743913753097 19.4015134943351 19.3493532184694 20.1231568217584 21.0161755171071 20.1229880429964 19.9474093616881 20.2949565563794 20.2541762691903 20.39624901923 20.6835580391873 21.1090198421664 21.8291574476125 22.4985693533165 23.4844301295254 23.6287175174345 23.9495521538774 24.0898712630677 25.6915570028848 26.1609460653316 25.8809943914291 25.6822253952478 26.1182456712815 27.4336633407917 28.067777603655 26.9415510547782 26.8005399838438 28.3010339222405 31.4284600120558 31.6795227950449 31.827239821124 32.2565173101091 33.5869126149265 33.0996431795322 32.5598457766271 32.7050111837378 31.2790318760964 29.2427092787147 29.3829189224551 29.9097571329264 30.368060368934 30.9459650504871 31.9734289069178 34.9335868815935 36.0561726773258
16.2590851208129 16.947643402038 18.5844837845639 19.1424472484621 19.3328584302363 19.3016254372664 19.1263255492837 19.3977848468184 20.2379238270096 20.8758760966911 19.885215058324 20.1262504406795 20.4897365976593 20.0189718468386 18.8616536389837 19.0987492869987 20.0186092107177 21.972771662779 22.7073753615563 23.6568223066923 23.7624040817008 24.0556608605768 24.026388086323 25.1438482265427 26.6951340900516 26.6313980099939 25.9003950005177 26.3706765497672 27.0603569989142 27.8189320948737 26.3208640604504 26.5761528930614 27.7829485212972 30.5199584567649 32.0417339928977 31.8786023439408 32.3339132467689 33.1769235962469 32.3523383987286 32.2874613645883 33.1140114534265 33.180146959945 29.7398950467602 29.4464638852582 30.023064271611 31.3940992927616 32.1451548569687 31.5285226742131 33.3146621762636 34.1675911436483
16.3425040054587 16.8097518453665 18.4907479896065 19.3324113463803 19.3751512829972 18.8854195283068 18.2329740513405 19.0082324397698 20.0946965236483 20.7474349344517 20.2853042509686 20.507150759929 20.412592446331 19.4228964158394 18.1866425318358 18.7497590445683 20.439323972121 22.2950801604254 21.9529015727106 23.6822826277948 23.6531695259146 23.6147756485208 23.759004236533 24.3381048083007 26.315915115841 27.0908650001229 26.6700982520765 26.5229553968868 27.059522383288 27.7287164380247 26.7312189077883 26.610063517341 27.2472275681201 29.4681444828743 32.2826485525716 31.869690188812 32.2730047719971 33.0485490514133 31.9031031555185 31.7762219879271 32.6580165242172 33.2521944713036 29.7854212267012 29.5451235475009 30.1795458932009 31.7032911252161 32.7808790023673 31.4529192912835 32.4194300432259 34.2323390918289
16.3840381516966 16.3964337680844 17.3994630879584 18.9509126152949 19.4831941423597 18.9356962089334 18.2921339613233 19.176834014968 20.0189402033077 20.5205062298257 20.3158095516098 20.4594458352044 20.0850791602366 19.3553095679489 18.8395238484688 19.6957653437302 21.5856588226919 21.9771196437483 21.3271999582553 22.9791848969085 23.2196976499502 23.3879492984862 24.6452776963064 25.2215231863117 26.4736128905869 27.4725480153517 27.6192524721168 27.0834979369005 26.8143070130481 27.7821798814686 27.5979624693663 26.5769466319151 27.0595417151559 28.4801623476262 30.8407017043505 31.6814262773089 32.3506517470477 33.1589348442061 31.838933783002 31.5739855287034 32.3366124096137 32.6792093259114 29.5078946844802 29.8437902962978 30.2813569672257 31.4778309450627 32.7075697675178 31.5685624112185 32.4360518265342 34.8544096719397
16.4897208112325 16.3172298040134 17.1567992747952 18.6131769242283 18.3230583156301 17.9950522741808 18.7314665491867 19.8261701033276 20.1139515162277 20.2175196674018 20.2543528196447 20.5491992735858 20.4228937129798 20.4878585479317 20.6346463557447 21.225912417738 22.2589128968828 22.1639456900733 21.5816607402817 22.6419730260131 23.1011886177061 23.5870756434813 24.6170826851496 26.1924100002088 26.3501599071665 26.3535033902513 27.7871518707741 27.8801561187753 26.6246809164796 27.6402270115393 28.2693558653881 26.7787346000004 27.5119949390877 28.9836300528415 30.9097505613596 31.7957264920746 32.2636376423652 32.8063845598202 31.6349044355751 31.5869747129601 32.4455455423879 32.4661501600596 29.9497603646283 30.2075848043203 30.5389136205202 31.6714522771099 32.6255993562347 32.1429385920975 32.2329530026952 33.8179355962271
16.5375430767447 16.4700130465173 16.4768633722932 16.5443827998328 16.871057175384 16.8821387630297 17.1418146194073 18.2320996866562 19.0856963549146 20.1511478604697 19.8895720973428 19.7932613197035 20.1483710094918 21.1831149898357 21.9396694780145 22.0064956502299 21.9449392728058 22.9148589964944 23.4859761437648 22.0397871761364 22.9515919882955 25.0699460940762 25.8408279205195 26.7059850628936 27.0306516466414 27.481258402841 27.0055246952781 27.008022546005 28.5077680250381 27.8900033764043 29.8717942838041 27.8777347314392 27.6055947043631 29.3371575531748 31.9455546455444 32.1002001092381 32.1261860296362 32.7049649638836 31.8786055183081 31.8455171597093 32.3702772525521 31.2550990244813 30.6585828756411 31.3199028867023 31.194533706437 32.3414630283945 33.6640246091119 32.0764194793924 32.3088511225581 33.7864134891229
16.6854555098683 16.7088285464346 16.8746354496989 16.9512048107184 17.0862499763327 17.1202952210266 17.0752604336544 17.0955601452298 19.3016001325585 20.4831612306034 20.3597438100892 20.2771260660729 20.3866072837886 21.3548798960391 22.1196093251895 22.423881101031 22.5478086198761 23.0582890000408 23.5701322589951 21.7255130916348 22.5392007928796 23.7706373945228 25.1048827868098 26.7703659945651 27.131392488874 27.7199461868788 27.1847367552066 26.5206518961353 28.6152144242445 28.5262282301057 29.7159764441603 29.9758657896479 28.537723647336 29.0897933740834 30.5618637501481 32.276198467084 31.9720272263167 32.675280105773 31.8548809310052 31.8425314312183 32.5632799149936 31.3665878977022 30.9559265132918 31.4332338476009 31.411117850329 32.2270218691195 33.8902004143102 32.5691833863912 32.3778340339716 33.6627724747504
17.1801632539775 17.0685752657036 17.1943318291284 17.0749148088153 17.0087688311015 17.0929544858182 17.0485769222032 17.104069722795 20.5099257252598 20.9383354908761 20.8434530994242 20.8714501455063 21.0349907185268 21.7369107585786 22.2382811676907 22.6171313369286 22.8851800029343 23.208723244967 23.1503463919235 21.8147530951646 22.4742617783554 23.5548816187026 24.9758454763971 26.205100171665 27.2335202341138 28.0686803036292 27.3691384388728 25.920115093103 27.5865698025737 29.2584785286503 29.2146328592947 31.3453375073509 30.6073475626871 30.2810390893414 31.0077545595938 32.908217621402 32.58791103506 32.3796681755122 31.5689057411542 31.1846774061466 32.1143262380518 31.4619509420451 31.1490192697246 31.2793819163778 31.3586853159135 31.9358938173467 33.6029237371568 32.837259928118 32.6233030053527 33.6392062387761
17.4158381719496 17.2482959257381 17.24118431753 16.9958276360568 16.9168624939364 17.3894444751344 17.41561552049 16.9892342020417 20.4471653157918 21.1903552422158 21.128915665061 20.8771069220277 21.5900748795231 22.0996568653151 22.4401002417273 22.7721463886279 22.9635359695379 23.4428945729859 23.2408551903767 23.0536542707809 22.9676212341938 24.7050873705944 25.7473864807966 26.024851604888 26.8821867400576 28.1801880454815 28.275996163705 26.3904773301209 26.7779538904208 30.0051224390448 29.0405635582118 31.3003393362914 31.959198385967 31.1310109626671 32.4478741047358 32.6348028088583 32.7263234844447 31.7111479566838 31.1635186000367 30.6622843320341 31.5044972866244 31.3577699199742 30.9885530826131 31.0994046320511 31.2075395802409 31.630274410082 33.2348293244196 32.9306834771994 32.9665198434474 33.6216561543104
17.1310260797152 17.0401453334995 17.0870888307664 17.1610417376574 17.4304137888209 18.2840881856248 18.8959906922112 18.5839062343127 20.7109411500514 21.0475947987015 21.2573274146393 21.2283712959025 21.4934736379622 20.9312907976646 21.6796527769747 22.532219291586 23.1713483545713 23.4404484343263 23.7362793101726 24.5275041199792 23.766566011544 25.0078993677998 26.6617614615596 27.1248388256656 27.5568207535288 28.2412967768979 28.4008963934428 27.4636141634571 27.8727849703557 30.6208317478901 29.4424375360761 30.8778800817826 32.0896943844083 31.2580918790965 33.0809667913149 31.7373949314966 31.9543513784228 31.5124228643745 30.7115790982532 30.5884545025205 31.2292940333488 30.9010355147514 30.7320633226558 31.3652303720008 31.3978674669838 31.2551277065601 33.063342589609 33.5750004604525 34.2034893881331 34.280038143873
17.2473492088229 17.3370786818625 17.5404881957592 17.8619021026051 18.3291991632923 18.8545535598889 19.597880934965 19.9674644778192 21.3368047607504 21.3652881046313 21.7336832727828 21.7952658829749 20.9225605295125 19.3567686256256 20.0172967506789 21.5600519309001 23.3956336674558 23.4539207169035 24.1823333095956 24.7591374150668 24.494627098021 25.1064750431593 26.524254573059 26.5592802019114 25.9133732196905 26.3911940990445 26.3105134939559 27.4980589597142 29.8775436631038 30.4781553369477 30.2975960616896 31.6227468961984 32.0835471458656 30.8529140787858 32.5395641295852 32.419624054907 32.1567860329393 31.6838312401384 31.0413787346889 30.8081654226474 31.4070919997827 30.6292520979715 30.5702566845015 31.6368801199291 31.7335578968404 31.1770683240324 32.8936059232854 33.6408669961108 34.5199610116206 35.3819629747911
17.8848673594802 17.9223472142872 18.2305263691389 18.4888118465978 18.5160320554183 18.9539423128358 19.2876286390153 19.3681089364654 21.7631818429719 21.7401508168107 21.0545571609839 20.6892635652304 20.0711566788189 18.9890682301453 19.9124492142498 22.271246585377 23.8011803363293 24.0696188085412 24.7309381525132 25.2639179051093 25.3296685967918 25.8111861316398 26.702408841531 26.0339903094446 23.6640429158075 24.2113634392772 24.6187170462459 27.3589394156909 30.8351667446003 30.8710865412156 31.0211778545818 32.421736589665 31.6977814944169 32.0840319088976 32.693452828987 33.6485926854894 33.1029926435315 32.2787376167767 31.779982890264 31.348587593814 31.4461557785526 30.7946981870298 30.4968720898174 31.3327547146498 31.4729608680505 31.0922322312636 32.4737891727577 33.0849866885773 33.7023719164336 34.9599895029925
17.7040860965297 17.7596770440448 18.3483940240494 18.3165384869934 17.9696271865433 18.6799147071764 18.8859248341988 18.8226088161222 21.824643503425 21.4877162606698 19.8828720987816 18.9115357273082 19.0400104080788 18.9587040262085 20.7074105920389 23.2477494509412 23.0223903284949 24.5665719567126 24.8179698556375 25.6173597371643 26.0424200224522 26.3555271597291 27.4881802286937 27.0982961351659 24.4317424176338 24.1513759776411 24.3094054881655 26.6653484368802 30.6100531093228 31.7110434625426 31.6054844331094 32.328951936239 31.9867966643446 33.2279060845905 32.798765382469 33.7763671193384 33.229473398993 32.2558992681082 31.9663013752379 31.6847747910069 31.2803706697576 31.0328081179793 30.6702518764933 31.0200063357292 30.9876773107871 30.9136275339514 31.8083559112161 32.8646345031196 33.5450452165046 33.8023655566906
17.6510792170012 17.6829879142272 18.2135499009915 17.9059586079484 17.4203240843816 17.9987019795877 18.4879695074068 18.8204878843052 22.0151859112941 20.9545905695864 19.4486327937698 18.3924923283416 18.5741212164094 18.9083876379713 20.3468141639739 21.8410072179347 21.6523700898195 24.4431176105563 25.0701342744826 24.6759019615525 25.7908341013968 27.1571522015612 27.8871427460621 27.7621247956251 25.5119152097032 24.1906286015882 24.3231572709024 25.7306903395178 28.7778081593359 31.9823463896092 32.4674938516679 32.3105154542723 31.7519471936079 32.1899600944142 31.7804487743873 32.8970963747615 32.8794511680587 32.006836925022 31.9715009745099 31.6428064241218 31.3069556419973 31.0493035005004 30.908165263551 31.0019767982144 31.0400408354689 30.9986457586234 32.0234784417566 33.2466998686004 33.6661242227776 33.0962264081351
18.321741135856 18.0540490961109 18.2697805911992 17.9417437808647 17.4734724928949 18.0282813398983 18.7350909689647 19.3521982644174 22.6404116493385 21.0532185155645 18.779308267128 18.3855494291567 18.7908785782322 19.292446917527 19.7728600176416 20.247475960323 20.6574259123353 23.1066421684008 25.8068122241771 25.458226904175 26.3538893486414 27.4468751361735 27.3630289052703 26.1141083546841 24.8794154598764 24.2735452822305 24.7605400584283 25.4392414385162 27.2855396908739 31.3121288676028 32.2843704210021 32.7657540624283 31.5016945602154 31.2982372053775 31.3871710413497 32.09245018762 32.3843640924362 32.0976511048925 32.0539821441054 31.6770178812569 31.5043687332152 30.9661485310882 31.1949704039086 31.5958958973195 31.8821687638539 31.2658817295502 32.4491656906928 33.4808392756788 33.6952393275201 32.7112731609848
18.6367764210416 18.6134130554485 18.8990430789904 18.8023691787797 18.2621989062919 19.3186642499753 19.9653480644683 20.5396949413301 22.6765078186987 21.1037482678706 18.510886683453 18.3864150860564 19.0023063552815 19.7071982266433 19.6145251935898 19.7882789466196 19.9843960542596 21.2490703867699 24.0374810382085 27.0352034856768 27.5011743817049 27.2659370778953 26.0851061507853 23.989545307782 24.2924094761309 24.7676589566138 25.2615353625505 26.0275439492257 28.1956842558427 30.3124647227034 32.2805923924055 33.0040909611113 32.2692948791877 31.2063461017022 31.3628274107485 31.8198697024972 32.1523094892675 32.2496871802062 32.2964490322848 32.1060608095306 31.8423557512192 31.4042441330563 31.7814722118271 32.2822077135122 32.1966466694619 31.2684244286461 32.1631331378308 33.2493266789262 33.6563429044266 33.0334895717702
18.2578884131334 18.4029081004919 18.9070981985855 19.5786930935826 19.5913343390223 20.277202766757 20.060220046034 20.4205743481597 21.780708644683 20.9924667713613 18.5628073365679 18.5103883074652 19.0192866293236 19.5631054722457 19.5607277289429 19.8614892629864 20.1790370789117 20.5212641837249 21.5294023878659 26.4615907785033 27.9595363311901 27.8782728859094 26.2470617013414 23.9431056921366 24.6711397113135 25.1724111876567 25.4259853864043 26.7413127032718 29.679499352252 31.29951903795 32.8666472543127 32.6939409671954 32.0488125828563 31.5387086261729 31.4906818050355 31.7897332437585 32.3022265592459 32.4847404482293 32.5638309157978 32.4902405037802 32.0399540495937 32.0786998981167 32.0145774342706 32.1847266527052 31.6379286153418 31.1529562206185 31.8997657877313 33.1930499674249 33.5841764056231 33.3069033310926
18.3045384175519 18.6136896950719 18.6401720261905 18.6982432532228 18.8590656780679 18.9462988655897 18.0620263454156 18.0540299801751 21.5624450159184 20.6904714101054 19.7042235919145 19.0777173681744 19.0964810301361 19.5298235192339 20.5405536146879 22.5273626259568 24.0744476067671 24.0085393555455 24.9234990631436 28.0594271612685 28.0502147609959 27.6934239657243 28.5475625089466 27.5071665051819 26.9499952179305 25.2827999192953 26.1058954060115 27.6895933113614 30.8644754164907 31.9578251241173 31.9713970641729 32.6574536878218 32.8038730409202 31.8991326528763 31.7219163950206 31.9492851734602 32.4539863660711 32.6804073035023 32.6351373990192 33.0699321945298 32.7624081334788 32.6238927413112 32.0485345226591 31.9883661424317 31.9279090855829 31.721685078495 31.7364353301948 32.7453891811475 33.2102183471834 33.0009547975355
18.4459678696594 18.558793559383 18.5645410496167 18.1376090658987 18.2090078938709 18.5888551667484 18.324981481792 18.371527728306 20.7633876378343 19.9051914985782 19.6978934155747 19.4032154307763 19.5087965912555 20.1387404779884 20.6878212442983 21.8067673396553 23.6777128289102 25.3427301265903 27.3273736745497 27.7105314719672 27.8665494648153 26.8901730489328 28.6212365178166 29.6368243578044 28.3488015066692 25.4993895094831 26.0204163800142 26.4899469584484 27.9956241104059 30.2335514574543 31.7735555596956 31.8148323929105 32.3841125559638 32.0873921976523 31.8900659014155 32.0431500669493 32.417312989422 32.5393613313226 32.3736256549453 32.9448580979332 32.8355839060963 32.495441070816 32.2766104312178 32.4330321844127 32.216586018246 31.8645878125288 31.7913630327367 32.4125969108383 33.1380680247272 32.8399842363813
18.7101355665324 18.6883210986661 18.5499165333418 18.4037817378868 18.2933983230232 18.2828353050252 18.4077101881353 18.8051130307778 20.5018126433423 19.5387308607105 19.3781619896742 19.3638648519967 19.7904800385937 20.6730829350989 21.0137688074451 20.5433820652126 22.115285604486 25.0573172098873 25.9376170911051 27.4757739802418 27.5427753195524 27.3837024646326 28.4955281567066 29.2350655945348 27.4908401407102 25.6576390914821 26.1292006798413 26.5524356709696 27.7061587542056 30.8543955976877 32.318359117645 31.9619300075445 31.8577978754437 32.1728784333511 32.1379496016327 31.9679821229808 32.1419757381378 32.1817083935804 32.1784189732388 32.4046407255515 32.5351034365865 32.4353305409745 32.6206597625865 33.1747871386078 32.6723944144571 32.5201878242572 31.9501196263173 32.6418714560724 33.0326478001179 32.7116787883497
19.2598846514921 19.0559846436773 18.7514979991383 18.7635050397807 18.6600954391198 18.5267085934648 18.656644994629 19.2102770516705 20.9430047608104 20.8072778036824 19.9515447302392 19.5304864047081 19.7382627512804 20.4351698198182 21.1496741852215 21.9750310057672 24.5146623184125 25.4418171385743 24.669725338483 28.475837916264 28.5734908067329 29.2736466878864 29.1702726697241 27.5739449721113 26.5114152895414 25.8652384438427 26.5918455450074 28.1583620316406 31.0172746903528 33.2153047538669 32.6927373782073 32.3395054968897 32.1067965824526 32.1405083328514 32.1499024599428 32.2227845598485 32.3160607204811 32.25111173477 32.3222052980831 32.4016783272377 32.3834889804209 32.546150479795 33.4443455861491 33.8170620525373 33.6353952692791 33.6732610649716 32.0639552000144 33.0738367846228 33.4778428089198 32.8254383017275
19.5906486069886 19.4677125340001 19.3589262338967 19.1130962876276 19.0364106909865 18.9611272254795 19.1691990891874 19.5025504365776 20.4474657999877 21.0061729446673 20.8175014810874 20.4538876448178 20.4326254288795 20.2963887504132 21.0055870826872 23.0450310943886 25.8253058387462 24.281921979303 24.0744616236003 28.2556915857682 29.3252159260113 30.1237884665091 30.448138186486 29.1114358505781 28.3518887323666 26.5246169062968 27.1864898617306 29.5386809970902 33.4663476688679 33.8691895873757 33.5404399928394 32.5741173878961 32.2315258096982 32.4638384895642 32.4951074858439 32.9153471011339 32.8981559381846 32.7954213390159 32.7951531153075 32.7238043368461 32.4363331352711 32.610788924741 34.161708519279 34.394498869836 34.5759350378751 34.2782044777766 32.2572226471 33.0088871276941 33.5247937386482 33.1370756383763
