rcp8.5models/GFDL_CM3/sc1gr6.40
NCOLS 261 
NROWS 433 
XLLCORNER 336357.134 
YLLCORNER 654653.479 
CELLSIZE 1000 
NODATA_value -9999 
[rows 92 to 114 of 433, columns 50 to 99 of 261]
-9999 -9999 -9999 -9999 -9999 -9999 -9999 919.138380061013 921.924763129762 925.412445871215 928.005654243929 929.337385507596 931.228057682942 934.314828915314 938.048669604297 940.507834846644 942.361806619201 949.284564922771 952.497219518851 954.154330557999 956.744009346821 958.421684767635 964.110091208169 965.153591677449 967.520156935552 970.011049643318 974.868361110963 978.666393394969 984.788664222394 986.400465455126 992.668475687974 996.293687642815 998.572843263864 999.982637440653 1003.70610088046 1004.18673404331 1004.65577092849 1005.5717930997 1007.41266836915 1010.46249405506 1017.25569254635 1020.00129193262 1023.92870425269 1026.125657794 1031.09045281626 1033.3785242999 1038.81232416299 1042.37363694781 1043.49514590892 1046.7659393025
-9999 -9999 -9999 -9999 912.918466067907 916.4411846842 919.680960430952 -9999 924.429323691988 927.127570974758 929.064012325504 930.07469811442 931.732136008209 935.704216970067 939.227172035155 942.359196740227 -9999 -9999 951.846499513253 955.637216839455 957.28614698882 959.812308006037 965.017233199167 -9999 969.40473445499 973.073336000069 976.890717762779 979.206633700028 986.77573934703 989.472791499494 992.315299997352 995.240955369853 999.686254578533 1002.51430207121 1005.49482313682 1007.86304249438 1006.84023091793 1011.37236897538 1010.86409672393 1013.70344337903 1017.53925231214 1020.8251724569 1026.91687241828 1029.37370190622 1033.23649493135 1037.49496285775 1041.3913244693 1043.1874902038 1045.04871059275 1050.94696024281
-9999 -9999 -9999 913.297997401965 -9999 917.633585487414 920.692365709153 922.009930386111 926.146367217222 928.418741789359 929.129380670092 931.535738946127 932.91243399927 937.090326469225 940.64227882797 944.031522378086 945.694625627661 950.81846638427 953.052064856208 956.134867501174 958.44906228248 960.797243021148 965.601116592986 -9999 -9999 974.312879431032 978.107759316637 979.802605607462 989.755126858213 992.43378699848 992.395309377623 998.479183854131 1000.7789047575 1004.60675547532 1008.76818483506 1010.67732548889 1011.20284934609 1017.7740021438 1015.40396067467 1016.47806165244 1020.41094381568 1024.70796645199 1029.56732371957 1031.48833999583 1034.39582038367 1040.59954806747 1041.37811295583 1043.94658484688 1049.37819402173 1053.57682962162
-9999 -9999 -9999 913.987744339249 916.175189332572 917.686606457958 920.988950525913 923.483998554092 926.445129424974 927.713654848638 931.281702045504 932.924651871096 935.305592790798 939.756450188148 942.025111817314 943.852102671337 947.000583880385 952.679156687664 955.45883065829 958.493661808779 960.054886938705 964.252093692856 966.641954141499 969.538109852232 971.558311736023 -9999 977.8292123194 980.348985820624 990.415650426093 992.69061263814 995.876396016626 1000.49832890426 1002.32778170254 1008.23806472956 1011.94308436796 1014.28849349497 1016.37987584573 1017.67598349051 1017.47450331315 1018.52895788803 1024.39331910459 1028.43079377918 1030.64955809315 1033.21701683281 1037.9665230158 1040.95770764754 1042.83470691938 1046.40768384873 1051.22552806236 1055.66096129891
893.19873046875 900.334611340288 907.716074461642 911.996117154911 916.564376557955 918.088325399759 920.8268456349 922.944334358082 926.73833149026 929.107693876872 932.069196228957 933.325946624537 936.70693881869 940.532463228012 943.070308827462 945.068478923901 948.169807751167 954.445459650645 957.244819476412 959.421599778776 961.879185608009 967.181389571578 968.264197070206 972.56582686902 975.663063649138 978.425284124465 979.953037185748 981.116990518617 989.362360183589 994.503811438185 999.965994153613 1001.17516829829 1004.52683244508 1010.84237360245 1013.34599768194 1015.972037135 1018.18146191846 1020.38475916787 1019.36672560039 1023.23704088294 1026.50243866226 1029.996157965 1032.53309088097 1037.49060908417 1041.26812165975 1041.47809716007 1043.63227167031 1050.5198754379 1052.78711410552 1056.84383325858
891.654290405523 898.869386725456 904.147051122913 909.312396927626 913.47605553688 915.550529846297 921.283982518752 923.238286019347 925.658878821013 928.876749125048 931.827443538515 934.454001968908 938.424594131081 940.051582804163 944.033828046325 946.142565997302 949.121483209894 955.211316205886 959.583580087423 961.256388277037 964.725100423212 967.802966238454 971.154655460892 975.243588914698 977.393893135622 980.559942005224 980.54575186987 981.881110490404 991.252583450755 995.469682972213 1000.87585775935 1002.31006608364 1006.26582809594 1011.63190041104 1014.22463948121 1015.83006618612 1020.31616313168 1022.75167768896 1023.8711299987 1026.53838946928 1028.76331243387 1031.23294157719 1035.07622044673 1039.07704881121 1041.74647203651 1043.13966638578 1046.1566572186 1052.04135185529 1055.62138846346 1057.84191302516
888.150514794994 895.137921251014 901.891977282098 906.45912897704 910.620326258726 914.551006927495 920.736357066703 923.203345775963 925.269455927159 927.290353707641 930.989925479083 936.321019376007 938.36235572205 940.548380028661 944.960217455984 946.1503754253 947.924923425153 957.227432004563 960.497181847658 962.194670440256 966.384320895881 968.274158667691 972.057688916996 975.263826320733 978.601170083585 981.82206581779 982.215951671107 983.948005269804 992.457797111758 995.505961203716 1000.32170888599 1002.13701192667 1006.99528909341 1012.08079718777 1014.48142498267 1015.74286794034 1022.52329568439 1024.91243264469 1026.97235964378 1027.42646092949 1032.16571556986 1034.97838092411 1037.53780976963 1040.32126306512 1042.46287929054 1046.82613679874 1050.58062665493 1055.40144753363 1057.70276877921 1061.36257881922
886.025225563769 893.131488170292 899.255049002792 905.095530952474 907.698329836677 913.799579738294 919.514507042574 922.343561879719 924.595337421964 927.718172366501 929.553719256833 935.958670851608 938.546865624952 940.149444242018 943.374359612816 947.523361915151 949.159759639811 958.674474030807 960.451239800118 962.179489048096 968.234035283838 969.96694258145 972.541440321479 977.855435521093 979.800698631348 982.788116583975 984.183928697733 985.835962879656 993.258409366946 995.036123072631 1000.76787304239 1002.89083660491 1007.85640445125 1012.03341893875 1014.74794508707 1016.52360679249 1023.89287545389 1026.74256684986 1029.54456782998 1031.9861322574 1036.42844459524 1038.15017194644 1040.43002628106 1044.28647648407 1046.92098194765 1049.90994779738 1052.25235537618 1057.84733110426 1061.70615438034 1065.48880783647
883.294545922849 891.056646705311 897.36041101121 901.040903205459 905.812022072744 909.967422641316 917.812898273546 921.9455289458 924.332832647891 927.151343271435 928.440397508443 935.616594046388 940.777133625039 941.343659317253 943.311800708774 948.200927826779 951.443367830094 959.876025811929 962.266456174888 963.690477685426 968.704502858374 972.130083055821 973.411809319737 977.067250702516 980.044560301212 982.461802643484 984.8598807002 987.122505329842 995.251832465314 997.702928739299 1001.84451109423 1006.61846190878 1010.37114033347 1014.12208957507 1019.06556634721 1020.21092163622 1025.86871176144 1029.72888532975 1033.48277207761 1035.47941415651 1038.00893097606 1042.72220463603 1043.38611951636 1047.68699490482 1051.59939978947 1053.10088720646 1055.04595674065 1058.99009900131 1063.40998375011 1067.64918407953
880.207626413789 889.033751167873 894.247619045142 900.87420371716 903.232631920695 908.602099888225 917.384541082947 919.93737892288 923.366305407646 926.783740013632 929.615413262949 935.579361879375 941.642430188234 941.978889263523 944.217037932498 948.96224926722 952.905027282822 960.183180477663 963.241086324617 965.01026387331 968.441903068657 972.241438527444 975.972213627261 977.548510391269 -9999 984.685946447168 989.538401906768 989.89987202588 996.250131050455 999.881026745055 1003.56663128229 1006.09588519377 1013.45510423084 1017.57599530973 1022.35653907159 1023.35114290509 1026.95604925315 1031.07975644634 1036.03659144262 1039.53446898949 1041.99502157134 1045.85541934788 1047.51749613042 1050.97035030846 1054.62640719859 1059.01293151119 1059.14964703393 1063.5907700517 1065.63788603403 1069.68643953146
879.892561582295 885.889212292986 892.5676154346 897.376788113067 902.041847518849 905.836839601726 913.967424043831 920.10261854713 922.268803571552 925.498450470162 929.391519272097 935.141463177977 940.656847374634 942.703345722955 944.761443945572 948.366048644497 953.145817286971 960.686671854386 962.424720002483 965.515235569397 970.690626224225 973.408605401518 975.670438165187 980.219179304284 982.458551162263 986.749492557872 991.706048932239 992.060332364253 996.81549837959 1003.34711127005 1005.28402284665 1007.17591162021 1013.37782032872 1017.37041793665 1023.74408035629 1026.13534310176 1029.9744898599 1033.29518887142 1036.10509318892 1043.01343064594 1045.82179746277 1048.96494531845 1051.0056438114 1053.9071940862 1056.85007091475 1063.86224409172 1063.52062039217 1067.43541120885 1068.394672609 1072.97168926109
877.135956791467 882.470436817466 887.372952115715 894.458087224438 899.20872136853 903.342308049876 913.427795033374 915.788199710329 918.776004171896 925.057692821179 928.189970700412 935.195681042217 938.763979564067 941.107062065059 945.465861274538 947.25195523774 951.954926222336 958.948569416076 963.374213405958 966.233284802468 971.08115676325 976.242885496669 978.311766155249 983.365783082388 988.809953752382 989.414401803096 990.356271405619 993.736716574657 1001.23504997736 1005.31638411132 1007.10651495228 1015.60709636508 1019.20412181506 1021.38047181057 1024.70619838238 1027.2062554228 1033.14772257141 1036.36393283216 1042.72840649215 1048.39410482061 1058.1616784156 1057.83468000505 1058.37638753182 1062.8740012073 1064.56476695107 1068.83820441481 1076.13503373955 1076.59309211837 1077.63338332134 1081.03561974613
874.739486474877 880.532004359025 886.450599596267 891.923732854511 897.130399763136 900.813471448809 910.117157176204 914.861963203204 918.061972306963 925.414454901726 927.109613123406 932.745718922722 938.213674365 940.773157106014 945.643201749002 947.856723831343 950.910154269328 956.992584115343 961.895615430157 968.795701490583 970.803570929414 976.766081612312 979.226729369028 984.286276912537 989.366457648853 990.201497907972 989.831904230221 994.493920406752 1003.66094435931 1007.29273631413 1013.34121874128 1018.96736188042 1021.70752945178 1024.12276166073 1026.48933441357 1032.00492926816 1033.37788998484 1037.39357044308 1044.560181024 1050.54895283521 1060.96816151092 1061.25490640273 1062.30836444861 1066.97521690191 1068.12638981565 1071.454269072 1078.96299659309 1081.13430972432 1084.04154219528 1086.14059439607
873.115885734678 878.810927942201 883.945599403329 890.510188078681 895.127338890769 899.570613440778 908.64601271146 -9999 -9999 922.955455579246 928.172169329796 931.411979385321 937.265989536417 940.816097926943 943.927399230492 948.48011527886 951.719835933794 957.788612824029 961.795824152513 968.366678939154 970.750658072216 976.415397722812 979.330443418007 986.068282614199 989.334960265951 990.715028147514 -9999 996.599999682484 -9999 1007.51004492388 1014.258494269 1022.48272417324 1026.55386967636 1027.73478970415 1031.2184740469 1034.56211199275 1037.80993928854 -9999 1045.37118382403 1050.55548757938 1061.56043812713 1065.90699311862 1067.49686103685 1069.45094016698 1070.41357503707 1075.32917062373 1082.1933159651 1085.67145097323 1090.34562525675 1088.43712683217
872.765699762789 877.486043503562 882.845218292966 888.764394457488 893.263039162133 899.129369961589 -9999 -9999 -9999 920.893865145745 924.741321694057 930.995945591439 935.397033212088 940.710598328467 943.789087206391 948.104389462881 953.264331478136 959.03390106435 961.810690055585 967.731799313301 971.643006478427 978.092357876004 980.01221265295 986.053438965081 988.347316546333 990.631223608924 991.580926521425 999.675563573031 1005.56117668142 1008.77649961509 1016.29125517678 1023.45510057509 1029.69092807957 1032.9443008089 1035.40311187843 1037.19134940795 1043.29691976936 1046.87585302169 1047.87460616125 1052.40476108181 1064.28890259782 1068.88651202639 1069.86886946701 -9999 1075.38242337848 1079.31977575509 1085.98699366711 1090.5774193064 1094.49836062316 1092.86328204897
871.227581827633 876.851483489439 882.508820282139 885.847875182322 892.195522943283 -9999 -9999 -9999 -9999 919.539642381618 923.727763710784 930.420681451565 934.222568836901 938.771664875876 943.426142131005 947.268426449091 952.689173834672 960.743687889499 962.616956480941 968.459223872892 972.189368120957 977.21467353716 981.987657309237 985.740267564631 988.82998250052 991.496960242016 992.741096811774 1000.1844421224 1006.93152230143 1010.53102275507 1019.31269808732 1024.58708771592 1030.97348961898 1035.81020611157 1036.91016580574 1041.47649279098 1046.983988929 1048.90283268393 1050.93466294171 1057.22278244566 1067.61925725557 1070.3891241276 1074.10440578952 1077.22213900673 1082.03041445857 1082.7207280124 1087.60563163825 1094.24456149502 1098.84759264954 1098.8625810974
869.045295142423 875.87331815692 880.917366178733 885.084464930863 890.35973160601 -9999 -9999 -9999 -9999 917.522626518929 922.802365581665 927.50787508546 933.535957475696 936.398595969753 943.115887831377 947.876523506494 952.794690288678 958.834661670132 962.787289156817 966.910288849476 971.377895032161 976.301255414582 982.578365615855 984.796630136647 989.917783391828 992.651033055214 994.990659210348 1000.60742563454 1009.5483106562 1014.22053911877 1019.2122090156 1026.7869950209 1033.01736020073 1037.15385731466 1041.12233883488 1044.89442348517 1049.12323194938 1051.35185383043 1053.98245124048 1059.02733572027 1069.89825121502 1075.97970774975 1077.9765114599 1081.39780548383 1084.25686889768 1087.25073369048 1090.52232821642 1097.90264233485 1104.77181414002 1104.81326855134
869.798028166222 873.793390416096 879.018253347451 883.365840087228 888.74080944982 893.055381241608 -9999 907.149229982076 -9999 915.953679404609 920.638344072178 925.480901474688 930.910952813038 936.539231362809 940.991248341666 947.683446409151 950.431505173306 956.902386090865 962.81773830272 968.064476436746 971.842308663887 976.329837229286 983.12433236773 984.972673878475 990.374970474884 993.971862142019 998.005847661773 1001.80295963181 1012.69211164288 1016.53594628287 1019.01698278689 1028.91811178924 1034.08774460092 1038.44809869305 1044.54848184233 1048.3607967151 1051.88573276748 1053.27223766498 1057.63720863139 1061.11654870614 1072.51979538965 1079.04542337097 1082.29575466248 1085.53574683083 1088.00153797548 1090.99005778139 1095.91828939606 1100.66795170774 1107.36587131237 1111.8436677893
867.969917651736 872.783179372529 877.253149042051 881.438455190628 887.786784255319 893.135334390967 902.204612594534 906.759195506178 911.029364267611 916.142281967659 918.803394674108 924.641844578696 929.738590813132 935.912834785144 939.278843564765 945.04416487522 950.146940027428 957.970303108492 963.450531360369 968.218842974067 971.896430739637 977.0877871726 983.584020189761 985.3849994022 991.140499709627 995.806034215912 996.974364758053 1001.6670516435 1013.42128048529 1017.89791907114 1021.01160839224 1029.25286228207 1034.49120623017 1039.77697275963 1046.32812487282 1051.88789860978 1053.92798039213 1056.17249388884 1059.53529337516 1066.00810294468 1075.87334729333 1080.86152474508 1085.41304891017 1089.29811502301 1091.28089966821 1095.16309558025 1099.90722842658 1104.81773763204 1111.03731560008 1116.36609801045
865.633187025218 872.64270432663 875.87156224649 881.547240803586 886.135061988033 891.825349079809 900.7044841393 903.648347351241 910.705963053404 914.507767204866 917.858899265699 922.791138569128 927.95055642299 933.130386754667 938.69205166765 942.930642822751 948.570852355079 957.855865231357 961.901591730005 968.177561998791 972.372367686143 977.375050510176 983.138087284865 985.306650163761 991.596341944179 997.500467632699 999.345938352043 1002.36205963873 1013.08387212374 1018.61870120102 1025.45407054403 1030.45657906313 1036.92935724488 1041.83300378333 1046.7962334908 1052.90842171758 1054.03593884697 1060.0600676115 1065.17237168648 1071.83730600283 1080.36347962769 1084.54958566042 1089.47754823317 1091.07386351142 1095.11327936407 1099.4363018908 1103.95887481754 1108.06317930679 1116.31331764165 1121.0570899565
863.707225136697 870.437188158724 875.222753158455 880.086970553211 883.968343602024 891.105672196924 899.485427653622 903.435113558842 907.207700629762 913.453241381343 916.061288844499 920.714701047126 924.499898532763 933.532451372587 938.57783281232 941.512292550893 948.239524211696 958.404852684787 960.961141199495 968.278589494177 971.262688090894 977.989879023777 983.698448669879 986.090970867418 993.035859066663 997.939721040687 1001.08726897486 1002.8744441925 1014.42095703352 1019.52935897056 1027.29370891818 1031.29490798042 1038.0806681679 1042.71344029252 1047.66348479616 1053.70085057224 1057.47124471472 1063.10460575795 1070.07024226317 1075.52857658677 1084.59526697171 1089.07704607779 1091.02709825466 1095.33247773976 1099.65814984474 1106.07271071793 1109.57444262234 1112.30992992523 1120.10051403338 1126.45283733211
863.704968838392 868.933335601171 874.681310267239 877.922926276649 884.289085053896 887.046849888578 897.563530166065 902.157308135323 905.553888317656 912.961397015926 915.97349807381 920.55766385563 924.029886492236 932.866505708119 936.170856444419 941.042750104455 947.011308257825 955.431372120394 960.218710983322 968.170469010645 972.600757606099 979.202368685701 983.287304613796 987.657660530723 993.06018919796 998.894480332645 1003.63177731261 1005.47474567001 1014.632559733 1020.58609713031 1025.58742668028 1031.9863286517 1038.80755328782 1042.20409940205 1047.71630768543 1054.14167110956 1060.07548049569 1064.19391867544 1071.52126364295 1077.89394540142 1087.45819787547 1091.86895990328 1092.62265809012 1099.29010364292 1104.92039243717 1108.61247233451 1112.33870316164 1117.67600026323 1125.41526081514 1132.04803704947
863.000501943499 867.707832165025 872.751216722215 877.782604817399 881.445572016077 885.975151439188 896.900510099749 900.934440662462 905.414016950029 911.050754953335 915.019768565643 919.662506398561 923.017147650049 929.938928411338 935.448163910303 939.380215815033 944.879756698448 953.75184257011 960.022198129644 967.036135078773 971.625616084026 978.665721587083 982.327663096622 989.055826954222 993.192428169198 1000.01866496154 1005.00896038495 1008.04945793619 1014.56022982066 -9999 1024.85818223853 1031.9058021157 1038.7735630497 1041.48121026957 1048.46392309744 1055.1408854985 1062.34296503675 1067.98783714087 1072.66804444228 1078.62584393373 1087.89470126587 1094.01593418894 1098.02976158838 1104.90235710612 1108.08535924533 1112.45785836821 1115.58795162622 1119.5686884071 1128.54709952552 1135.19134642658
