rcp8.5models/GFDL_CM3/sc1gr4.23
NCOLS 261 
NROWS 433 
XLLCORNER 336357.134 
YLLCORNER 654653.479 
CELLSIZE 1000 
NODATA_value -3.4e+38 
[rows 396 to 417 of 433, columns 147 to 195 of 261]
281.311370849609 282.166778564453 282.538208007812 283.472808837891 284.584167480469 285.375579833984 285.789001464844 286.256103515625 286.566802978516 287.254058837891 287.819305419922 287.895874023438 287.929901123047 287.726226806641 287.835083007812 287.460754394531 286.967224121094 287.443267822266 287.86279296875 288.216369628906 288.341278076172 288.194366455078 287.750335693359 287.724212646484 287.497589111328 287.944030761719 288.760650634766 -3.4e+38 -3.4e+38 289.533050537109 289.938415527344 -3.4e+38 -3.4e+38 290.178131103516 289.972747802734 289.797210693359 289.860656738281 289.4951171875 289.606231689453 290.001068115234 290.213653564453 290.091949462891 290.1552734375 290.366271972656 290.632629394531 -3.4e+38 291.55908203125 291.726043701172 291.856536865234
280.574310302734 281.639495849609 282.254913330078 283.03271484375 283.608642578125 284.738922119141 285.820739746094 286.561950683594 286.882568359375 287.254028320312 287.608734130859 287.878784179688 287.763305664062 287.632934570312 287.313018798828 287.263488769531 286.969512939453 287.454193115234 288.254760742188 288.2880859375 288.527526855469 288.322814941406 288.243255615234 288.210906982422 287.221649169922 287.201141357422 288.635589599609 289.148284912109 -3.4e+38 -3.4e+38 290.081665039062 -3.4e+38 -3.4e+38 290.368011474609 290.153564453125 290.176208496094 289.9912109375 289.788787841797 289.838775634766 290.178527832031 290.224212646484 290.204864501953 290.393676757812 290.566864013672 290.62353515625 -3.4e+38 -3.4e+38 292.011993408203 292.031158447266
281.307830810547 281.848510742188 282.441345214844 282.999694824219 283.320953369141 283.656372070312 284.888092041016 286.196136474609 286.774841308594 287.438171386719 287.697570800781 287.749877929688 287.521240234375 287.71923828125 287.649627685547 287.723419189453 287.432312011719 287.655395507812 288.3486328125 288.400573730469 288.715698242188 288.291076660156 288.346008300781 288.082946777344 287.146697998047 286.905517578125 288.079650878906 288.680633544922 289.500579833984 289.379760742188 289.718170166016 290.166900634766 290.069549560547 290.487274169922 290.391418457031 290.435363769531 290.336730957031 290.218505859375 290.327880859375 290.534698486328 290.210632324219 290.274810791016 290.653656005859 290.716369628906 -3.4e+38 291.005889892578 291.660858154297 -3.4e+38 291.909332275391
282.105133056641 282.391387939453 282.759063720703 283.119232177734 283.372711181641 283.380950927734 283.613311767578 285.095123291016 286.420196533203 287.082702636719 287.634613037109 287.708343505859 287.648468017578 288.020202636719 288.08935546875 288.233978271484 287.86181640625 287.896942138672 288.749481201172 288.751770019531 289.005828857422 288.789703369141 288.215148925781 287.732513427734 287.275360107422 287.303680419922 287.645263671875 288.450103759766 288.822723388672 288.966705322266 289.585327148438 290.248931884766 290.302062988281 290.347076416016 290.267974853516 290.716674804688 290.758331298828 290.637481689453 290.650970458984 291.088012695312 290.652801513672 290.491821289062 290.623016357422 290.912689208984 -3.4e+38 290.640991210938 291.231140136719 291.546936035156 291.795715332031
282.265289306641 282.632965087891 282.900207519531 283.002044677734 283.377624511719 283.563842773438 283.308410644531 283.882354736328 285.27587890625 286.706359863281 287.590789794922 287.696014404297 287.637420654297 288.087860107422 -3.4e+38 -3.4e+38 288.323577880859 288.125762939453 289.044189453125 288.995361328125 289.148864746094 289.243804931641 288.099792480469 287.714752197266 287.315368652344 287.746826171875 287.579376220703 287.692535400391 287.946319580078 288.835205078125 289.452453613281 290.213073730469 290.207336425781 290.479217529297 290.552886962891 290.976440429688 291.127960205078 291.149353027344 291.133697509766 291.389068603516 291.083312988281 290.711181640625 290.791290283203 291.128753662109 291.347351074219 290.69091796875 291.18115234375 291.459594726562 291.942260742188
282.593170166016 282.95166015625 283.048461914062 282.979888916016 283.165832519531 283.292175292969 283.406219482422 283.581787109375 283.641204833984 285.086517333984 286.473449707031 287.846649169922 287.807586669922 288.163635253906 -3.4e+38 -3.4e+38 -3.4e+38 288.402984619141 288.865509033203 289.097747802734 289.136505126953 289.026306152344 288.365570068359 288.137908935547 287.886779785156 288.153442382812 287.657470703125 287.191528320312 288.041900634766 289.122375488281 289.436645507812 290.176330566406 290.199584960938 290.912780761719 291.055541992188 290.804260253906 290.994934082031 291.226745605469 291.376770019531 291.442962646484 291.359802246094 291.111389160156 291.199829101562 291.494140625 291.5654296875 291.083465576172 291.290283203125 291.643127441406 291.932525634766
282.636047363281 282.839782714844 283.028869628906 283.173919677734 283.2080078125 283.005157470703 283.312377929688 283.548461914062 283.016418457031 283.19921875 284.997131347656 288.008239746094 288.075622558594 -3.4e+38 -3.4e+38 -3.4e+38 288.907745361328 288.636901855469 288.759643554688 288.976898193359 288.830322265625 288.458862304688 288.298522949219 288.429840087891 288.747497558594 288.643310546875 288.050018310547 287.753784179688 288.518859863281 289.334136962891 289.427917480469 289.891937255859 290.271881103516 291.049133300781 291.123779296875 290.841644287109 290.977386474609 291.190490722656 291.279113769531 291.387329101562 291.518249511719 291.420043945312 291.228424072266 -3.4e+38 291.867309570312 291.488494873047 291.637481689453 291.668792724609 291.596435546875
282.463287353516 282.7138671875 282.905853271484 283.211791992188 283.385894775391 283.060791015625 283.462310791016 283.67529296875 283.216613769531 283.034881591797 284.018280029297 286.692230224609 288.038116455078 288.220886230469 288.481109619141 288.849487304688 288.978668212891 288.879577636719 288.891967773438 288.720764160156 288.389038085938 288.500213623047 288.216827392578 288.684020996094 289.218627929688 289.078735351562 288.727661132812 288.616668701172 288.65234375 289.362365722656 289.238830566406 289.595825195312 290.272644042969 291.213073730469 291.22412109375 291.207794189453 291.172943115234 291.241027832031 291.246673583984 291.294250488281 291.401306152344 291.322235107422 291.360931396484 -3.4e+38 -3.4e+38 -3.4e+38 291.942474365234 -3.4e+38 -3.4e+38
282.6240234375 282.991577148438 283.249755859375 283.319427490234 283.398254394531 283.343139648438 283.624847412109 284.012969970703 283.730987548828 283.311614990234 283.151245117188 284.303009033203 286.51953125 288.334136962891 288.602172851562 289.007202148438 289.018768310547 289.002105712891 288.959777832031 288.729949951172 288.441040039062 288.964721679688 288.587310791016 288.879089355469 289.125640869141 289.108367919922 288.965972900391 288.7412109375 288.927764892578 289.367736816406 289.302032470703 289.686920166016 290.401336669922 291.134490966797 291.374908447266 291.381042480469 -3.4e+38 -3.4e+38 -3.4e+38 291.175537109375 -3.4e+38 291.247436523438 -3.4e+38 -3.4e+38 -3.4e+38 -3.4e+38 -3.4e+38 -3.4e+38 -3.4e+38
282.86181640625 283.097198486328 283.342071533203 283.423431396484 283.627593994141 283.830780029297 283.849700927734 284.068878173828 284.040374755859 283.749267578125 283.260894775391 283.157684326172 284.784515380859 288.365447998047 288.786499023438 288.994110107422 288.952911376953 289.131866455078 289.058135986328 288.939300537109 288.686950683594 289.21337890625 289.034942626953 288.982147216797 289.179992675781 289.241149902344 288.764831542969 288.662658691406 289.462188720703 289.267395019531 289.333679199219 289.596923828125 290.312042236328 290.819946289062 291.112152099609 291.538269042969 -3.4e+38 -3.4e+38 -3.4e+38 291.266540527344 291.166839599609 291.194274902344 -3.4e+38 -3.4e+38 -3.4e+38 -3.4e+38 -3.4e+38 -3.4e+38 -3.4e+38
283.176300048828 282.567260742188 282.5693359375 282.606292724609 282.75732421875 283.032318115234 283.485748291016 284.005676269531 284.165313720703 284.137664794922 284.027618408203 283.133239746094 283.002807617188 284.102966308594 286.901794433594 288.832427978516 288.926208496094 289.047576904297 289.226043701172 289.375427246094 289.516357421875 289.829528808594 289.574584960938 289.314636230469 289.633392333984 290.033111572266 290.139617919922 289.946716308594 289.840423583984 289.124359130859 289.707092285156 290.117797851562 290.178802490234 291.081878662109 290.935424804688 290.755859375 -3.4e+38 -3.4e+38 -3.4e+38 -3.4e+38 -3.4e+38 -3.4e+38 -3.4e+38 -3.4e+38 -3.4e+38 -3.4e+38 -3.4e+38 -3.4e+38 -3.4e+38
283.657897949219 283.127502441406 283.120544433594 283.02685546875 282.530487060547 282.542327880859 283.021728515625 283.480682373047 283.788330078125 283.990356445312 283.853454589844 283.2158203125 283.182403564453 283.363555908203 284.626892089844 287.108032226562 288.8291015625 288.927001953125 289.103179931641 289.41845703125 289.760009765625 290.086395263672 289.726470947266 289.342803955078 289.286926269531 289.686248779297 290.341705322266 290.23291015625 289.826049804688 289.734680175781 290.311187744141 290.425720214844 290.642486572266 290.724884033203 -3.4e+38 290.596832275391 -3.4e+38 -3.4e+38 -3.4e+38 -3.4e+38 -3.4e+38 -3.4e+38 -3.4e+38 -3.4e+38 -3.4e+38 -3.4e+38 -3.4e+38 -3.4e+38 -3.4e+38
283.611175537109 283.382873535156 283.490295410156 283.782012939453 282.949676513672 282.290557861328 282.625671386719 283.053558349609 283.601928710938 283.984832763672 283.972564697266 283.371734619141 283.365570068359 283.235198974609 283.814361572266 284.643188476562 287.199737548828 288.800537109375 288.895782470703 289.238586425781 289.614227294922 289.766510009766 289.726196289062 289.339813232422 289.509155273438 289.509521484375 290.185943603516 290.128540039062 289.932464599609 290.256225585938 290.422271728516 290.576873779297 291.0771484375 290.269989013672 290.198608398438 -3.4e+38 -3.4e+38 -3.4e+38 -3.4e+38 -3.4e+38 -3.4e+38 -3.4e+38 -3.4e+38 -3.4e+38 -3.4e+38 -3.4e+38 -3.4e+38 -3.4e+38 -3.4e+38
283.205230712891 283.362731933594 283.654327392578 283.791564941406 283.169097900391 282.879913330078 283.267303466797 283.399261474609 283.874114990234 284.228393554688 284.187561035156 283.669036865234 283.633392333984 283.471405029297 283.592926025391 283.778167724609 285.365356445312 288.838745117188 289.045501708984 289.08154296875 289.466339111328 289.547180175781 289.601501464844 289.312683105469 289.711883544922 289.407867431641 290.112640380859 290.357421875 290.677978515625 290.607727050781 290.268585205078 290.598510742188 -3.4e+38 -3.4e+38 -3.4e+38 -3.4e+38 -3.4e+38 -3.4e+38 -3.4e+38 -3.4e+38 -3.4e+38 -3.4e+38 -3.4e+38 -3.4e+38 -3.4e+38 -3.4e+38 -3.4e+38 -3.4e+38 -3.4e+38
283.062652587891 283.681762695312 283.880340576172 283.494842529297 282.963439941406 283.16650390625 283.633361816406 283.589416503906 283.844879150391 284.289215087891 284.511657714844 283.98583984375 283.776062011719 283.492218017578 283.192993164062 283.795562744141 284.756561279297 287.266632080078 289.182708740234 289.123992919922 289.551025390625 289.760040283203 289.357360839844 289.38671875 289.616271972656 289.31689453125 289.994873046875 290.212066650391 290.583343505859 290.471343994141 -3.4e+38 -3.4e+38 -3.4e+38 -3.4e+38 -3.4e+38 -3.4e+38 -3.4e+38 -3.4e+38 -3.4e+38 -3.4e+38 -3.4e+38 -3.4e+38 -3.4e+38 -3.4e+38 -3.4e+38 -3.4e+38 -3.4e+38 -3.4e+38 -3.4e+38
283.376831054688 283.711822509766 283.847320556641 283.835662841797 283.104705810547 283.082885742188 283.597106933594 283.579711914062 283.887359619141 284.361114501953 284.743743896484 284.176452636719 283.736114501953 283.589263916016 283.283660888672 283.546569824219 284.124725341797 285.702056884766 289.080047607422 289.272735595703 289.847381591797 289.949157714844 289.468444824219 289.436706542969 289.697937011719 289.548400878906 289.987884521484 -3.4e+38 -3.4e+38 -3.4e+38 -3.4e+38 -3.4e+38 -3.4e+38 -3.4e+38 -3.4e+38 -3.4e+38 -3.4e+38 -3.4e+38 -3.4e+38 -3.4e+38 -3.4e+38 -3.4e+38 -3.4e+38 -3.4e+38 -3.4e+38 -3.4e+38 -3.4e+38 -3.4e+38 -3.4e+38
283.725738525391 283.749908447266 283.924407958984 284.202026367188 283.255554199219 282.996887207031 283.656799316406 283.856140136719 284.268737792969 284.569885253906 284.652679443359 283.956665039062 283.786987304688 283.812805175781 283.693084716797 283.549011230469 284.025543212891 284.922698974609 -3.4e+38 289.377319335938 289.900756835938 289.801391601562 -3.4e+38 -3.4e+38 -3.4e+38 -3.4e+38 -3.4e+38 -3.4e+38 -3.4e+38 -3.4e+38 -3.4e+38 -3.4e+38 -3.4e+38 -3.4e+38 -3.4e+38 -3.4e+38 -3.4e+38 -3.4e+38 -3.4e+38 -3.4e+38 -3.4e+38 -3.4e+38 -3.4e+38 -3.4e+38 -3.4e+38 -3.4e+38 -3.4e+38 -3.4e+38 -3.4e+38
283.616485595703 283.735961914062 284.026611328125 284.218719482422 283.254180908203 282.806793212891 283.088836669922 283.523712158203 284.307830810547 284.672790527344 284.644653320312 -3.4e+38 283.918884277344 -3.4e+38 283.64306640625 283.695068359375 -3.4e+38 -3.4e+38 -3.4e+38 -3.4e+38 -3.4e+38 -3.4e+38 -3.4e+38 -3.4e+38 -3.4e+38 -3.4e+38 -3.4e+38 -3.4e+38 -3.4e+38 -3.4e+38 -3.4e+38 -3.4e+38 -3.4e+38 -3.4e+38 -3.4e+38 -3.4e+38 -3.4e+38 -3.4e+38 -3.4e+38 -3.4e+38 -3.4e+38 -3.4e+38 -3.4e+38 -3.4e+38 -3.4e+38 -3.4e+38 -3.4e+38 -3.4e+38 -3.4e+38
283.269500732422 283.695648193359 284.184448242188 284.274536132812 283.487091064453 283.153900146484 283.075775146484 283.346313476562 284.028503417969 284.621490478516 -3.4e+38 283.857482910156 -3.4e+38 -3.4e+38 283.653167724609 -3.4e+38 -3.4e+38 -3.4e+38 -3.4e+38 -3.4e+38 -3.4e+38 -3.4e+38 -3.4e+38 -3.4e+38 -3.4e+38 -3.4e+38 -3.4e+38 -3.4e+38 -3.4e+38 -3.4e+38 -3.4e+38 -3.4e+38 -3.4e+38 -3.4e+38 -3.4e+38 -3.4e+38 -3.4e+38 -3.4e+38 -3.4e+38 -3.4e+38 -3.4e+38 -3.4e+38 -3.4e+38 -3.4e+38 -3.4e+38 -3.4e+38 -3.4e+38 -3.4e+38 -3.4e+38
283.112182617188 283.875213623047 284.379272460938 284.406066894531 283.976196289062 283.619110107422 283.676788330078 -3.4e+38 284.025604248047 -3.4e+38 -3.4e+38 -3.4e+38 -3.4e+38 -3.4e+38 -3.4e+38 -3.4e+38 -3.4e+38 -3.4e+38 -3.4e+38 -3.4e+38 -3.4e+38 -3.4e+38 -3.4e+38 -3.4e+38 -3.4e+38 -3.4e+38 -3.4e+38 -3.4e+38 -3.4e+38 -3.4e+38 -3.4e+38 -3.4e+38 -3.4e+38 -3.4e+38 -3.4e+38 -3.4e+38 -3.4e+38 -3.4e+38 -3.4e+38 -3.4e+38 -3.4e+38 -3.4e+38 -3.4e+38 -3.4e+38 -3.4e+38 -3.4e+38 -3.4e+38 -3.4e+38 -3.4e+38
283.386657714844 283.823089599609 284.277221679688 284.458129882812 284.164611816406 283.583709716797 283.644500732422 284.020874023438 -3.4e+38 -3.4e+38 -3.4e+38 -3.4e+38 -3.4e+38 -3.4e+38 -3.4e+38 -3.4e+38 -3.4e+38 -3.4e+38 -3.4e+38 -3.4e+38 -3.4e+38 -3.4e+38 -3.4e+38 -3.4e+38 -3.4e+38 -3.4e+38 -3.4e+38 -3.4e+38 -3.4e+38 -3.4e+38 -3.4e+38 -3.4e+38 -3.4e+38 -3.4e+38 -3.4e+38 -3.4e+38 -3.4e+38 -3.4e+38 -3.4e+38 -3.4e+38 -3.4e+38 -3.4e+38 -3.4e+38 -3.4e+38 -3.4e+38 -3.4e+38 -3.4e+38 -3.4e+38 -3.4e+38
283.618835449219 283.598205566406 283.748931884766 283.966827392578 -3.4e+38 -3.4e+38 -3.4e+38 -3.4e+38 -3.4e+38 -3.4e+38 -3.4e+38 -3.4e+38 -3.4e+38 -3.4e+38 -3.4e+38 -3.4e+38 -3.4e+38 -3.4e+38 -3.4e+38 -3.4e+38 -3.4e+38 -3.4e+38 -3.4e+38 -3.4e+38 -3.4e+38 -3.4e+38 -3.4e+38 -3.4e+38 -3.4e+38 -3.4e+38 -3.4e+38 -3.4e+38 -3.4e+38 -3.4e+38 -3.4e+38 -3.4e+38 -3.4e+38 -3.4e+38 -3.4e+38 -3.4e+38 -3.4e+38 -3.4e+38 -3.4e+38 -3.4e+38 -3.4e+38 -3.4e+38 -3.4e+38 -3.4e+38 -3.4e+38
