rcp8.5models/GFDL_CM3/sc1gr2.11
NCOLS 261 
NROWS 433 
XLLCORNER 336357.134 
YLLCORNER 654653.479 
CELLSIZE 1000 
NODATA_value -3.4e+38 
[rows 176 to 197 of 433, columns 49 to 97 of 261]
344.541656494141 344.586975097656 344.630737304688 344.672973632812 344.660919189453 344.449523925781 344.361236572266 343.984405517578 344.455780029297 343.92431640625 343.895690917969 343.536529541016 342.948822021484 342.896362304688 343.60400390625 343.079895019531 343.100799560547 343.120330810547 343.173278808594 342.990753173828 342.196075439453 342.070526123047 341.496826171875 341.359008789062 341.755126953125 341.244079589844 341.250579833984 341.453308105469 342.014251708984 341.227966308594 341.097381591797 340.522521972656 340.370361328125 340.947052001953 341.024200439453 340.376159667969 340.947631835938 341.022705078125 340.241607666016 340.462615966797 341.240173339844 340.760955810547 341.234466552734 341.142944335938 340.697937011719 340.224060058594 340.310638427734 340.750274658203 341.208312988281
345.131866455078 344.713439941406 345.214019775391 344.675262451172 344.715393066406 344.753967285156 344.735900878906 344.606170654297 344.835235595703 344.481506347656 343.952880859375 343.920776367188 343.684295654297 343.768432617188 343.992980957031 343.747772216797 343.637298583984 343.117309570312 342.490386962891 342.440643310547 342.181579589844 342.125549316406 341.859436035156 341.938659667969 342.022796630859 341.234893798828 341.242248535156 341.433502197266 341.821716308594 341.018646240234 340.578155517578 340.65673828125 340.375427246094 341.162689208984 341.083404541016 340.736267089844 340.541839599609 340.597991943359 340.649200439453 340.250854492188 340.686157226562 340.388549804688 341.159271240234 341.156402587891 341.062835693359 340.615692138672 340.14453125 340.232116699219 340.530700683594
345.373168945312 344.645080566406 344.879516601562 344.676971435547 344.716613769531 344.754730224609 344.791320800781 344.859832763672 344.764221191406 344.179260253906 343.951202392578 343.978698730469 344.004699707031 344.029296875 343.922790527344 343.5341796875 344.029754638672 343.648559570312 342.677734375 342.163116455078 342.177124023438 342.18994140625 342.201568603516 342.212066650391 342.015716552734 341.229736328125 341.344116210938 341.713928222656 341.391326904297 341.000122070312 340.793304443359 341.003845214844 340.795959472656 341.086853027344 341.088317871094 341.006988525391 340.575866699219 340.312896728516 340.866607666016 340.08984375 340.175567626953 340.174072265625 340.471496582031 340.470306396484 340.468566894531 340.374542236328 340.069000244141 340.063934326172 340.058288574219
344.791473388672 344.468719482422 344.061370849609 344.550903320312 344.019256591797 344.059387207031 344.226165771484 344.299346923828 344.701934814453 343.920379638672 343.948974609375 343.976104736328 343.871337890625 343.482727050781 343.984893798828 343.673461914062 343.423217773438 343.377807617188 342.414306640625 342.158233642578 342.172058105469 342.184692382812 342.196136474609 342.206481933594 342.142639160156 341.735046386719 341.389404296875 341.831817626953 341.226593017578 341.001281738281 341.004089355469 341.006530761719 341.008636474609 341.010406494141 341.011810302734 341.012847900391 340.790435791016 340.238067626953 340.928039550781 340.631469726562 340.628845214844 340.622406005859 340.476959228516 340.004180908203 339.858673095703 339.532989501953 339.992797851562 339.987884521484 339.982360839844
344.553894042969 344.543334960938 344.395660400391 344.62353515625 344.414978027344 344.449645996094 344.41064453125 343.916259765625 344.142822265625 343.917907714844 343.946136474609 343.972930908203 343.803131103516 343.218536376953 344.044860839844 343.867553710938 343.085968017578 343.104553222656 342.798248291016 342.810913085938 342.822418212891 342.697784423828 342.190093994141 342.200286865234 342.209381103516 342.006439208984 341.279510498047 341.435852050781 341.2353515625 340.971801757812 341.097320556641 340.929595947266 340.931640625 340.933319091797 -3.4e+38 340.795928955078 340.228515625 340.162628173828 340.936492919922 340.936004638672 340.935089111328 340.932037353516 340.696746826172 339.927154541016 339.831695556641 339.476348876953 339.454986572266 339.911224365234 339.905822753906
344.555603027344 344.59814453125 344.639221191406 344.548217773438 344.019897460938 344.059051513672 344.038238525391 343.299499511719 343.885589599609 343.914916992188 343.942779541016 343.969207763672 343.663360595703 342.543212890625 343.503173828125 343.994598388672 343.747253417969 343.628540039062 342.472015380859 342.48876953125 342.504333496094 342.446472167969 342.183410644531 342.193450927734 342.339569091797 342.505187988281 341.217163085938 341.30419921875 341.603820800781 341.37109375 341.087097167969 341.344268798828 340.854034423828 340.855682373047 340.856964111328 340.773254394531 340.340087890625 340.086547851562 340.716918945312 340.382751464844 340.857269287109 340.854278564453 340.617431640625 339.849517822266 339.846405029297 339.748992919922 339.393157958984 339.376007080078 339.828735351562
344.425231933594 344.026306152344 344.507263183594 343.922302246094 343.8486328125 344.313659667969 343.786987304688 343.599853515625 343.748565673828 343.363342285156 343.804473876953 343.422119140625 343.724914550781 342.886688232422 343.772033691406 344.055572509766 344.074951171875 343.887817382812 342.784973144531 342.797241210938 342.671051025391 342.302734375 342.689361572266 342.186004638672 342.270324707031 342.404907226562 341.785552978516 341.594055175781 341.763275146484 341.616271972656 341.231201171875 341.551177978516 340.843231201172 341.077117919922 341.008941650391 340.704223632812 340.362762451172 340.232116699219 340.692321777344 340.342559814453 340.306762695312 340.631958007812 340.215545654297 340.235565185547 339.623352050781 339.159027099609 339.061187744141 338.706481933594 338.694946289062
343.795654296875 343.788543701172 344.581878662109 -3.4e+38 344.335174560547 343.997222900391 343.919281005859 343.848785400391 343.680816650391 342.970611572266 343.326782226562 343.702056884766 343.782348632812 343.210632324219 344.029113769531 344.049499511719 343.931213378906 343.490692138672 343.118316650391 343.132507324219 343.072479248047 342.884063720703 343.093536376953 342.826538085938 342.693511962891 342.194183349609 342.163391113281 342.033813476562 -3.4e+38 341.726684570312 341.81689453125 341.612426757812 341.366302490234 341.361541748047 340.837249755859 340.654846191406 340.500030517578 340.545104980469 340.557495117188 340.138488769531 340.405242919922 340.605010986328 340.252655029297 339.990325927734 339.595092773438 339.145416259766 338.682220458984 338.580932617188 338.224273681641
343.557525634766 343.655456542969 344.072570800781 344.675994873047 344.517395019531 343.747894287109 343.842681884766 344.394287109375 343.674194335938 342.902679443359 343.131774902344 343.817138671875 343.237884521484 343.206878662109 344.022796630859 344.042846679688 343.853057861328 343.288757324219 343.110626220703 343.264282226562 343.651947021484 343.149108886719 343.019317626953 342.521057128906 342.454437255859 342.185241699219 342.191711425781 342.197204589844 342.069244384766 341.962982177734 341.771240234375 341.616119384766 341.617828369141 341.478729248047 341.004302978516 340.914520263672 -3.4e+38 340.3759765625 340.198181152344 339.711364746094 340.005584716797 340.006072998047 339.912200927734 339.466674804688 339.150299072266 339.510986328125 339.206604003906 339.053253173828 338.495635986328
343.694763183594 344.298522949219 344.195617675781 343.671600341797 343.707244873047 343.741516113281 343.634887695312 343.8359375 343.659515380859 342.891906738281 342.917877197266 342.942504882812 342.825012207031 342.457580566406 343.219512939453 343.81591796875 342.833129882812 342.277130126953 344.019683837891 343.695220947266 343.532806396484 343.496887207031 342.634429931641 343.293304443359 343.660430908203 343.022003173828 342.449981689453 342.155700683594 341.940551757812 341.187225341797 341.188873291016 341.334716796875 341.467987060547 340.341796875 340.423583984375 340.305084228516 340.165893554688 339.747192382812 339.713653564453 339.296173095703 339.333129882812 339.456756591797 339.454864501953 339.452606201172 339.449920654297 339.446838378906 339.443298339844 339.290100097656 338.735290527344
343.61376953125 344.032623291016 344.57177734375 344.224975585938 343.703826904297 343.737609863281 343.706481933594 343.287353515625 343.792999267578 343.424011230469 342.769470214844 342.402374267578 342.889404296875 342.720794677734 343.213836669922 343.805419921875 343.108184814453 343.164855957031 -3.4e+38 344.021942138672 343.695434570312 343.315307617188 342.713623046875 342.715881347656 343.278686523438 342.576202392578 342.801849365234 342.679656982422 342.174835205078 341.283843994141 -3.4e+38 341.372192382812 341.459838867188 340.824554443359 340.749786376953 340.258270263672 340.130187988281 339.998565673828 339.824645996094 -3.4e+38 339.298919677734 339.426025390625 339.982452392578 339.829620361328 339.518249511719 339.820434570312 339.362579345703 339.109069824219 338.504608154297
344.257202148438 344.353851318359 344.629272460938 344.460998535156 343.699981689453 343.733276367188 343.765167236328 343.432159423828 343.170837402344 343.132110595703 342.692626953125 341.997375488281 342.421875 342.972045898438 343.207641601562 343.938537597656 343.765258789062 343.897033691406 343.394836425781 343.432403564453 343.224212646484 342.604675292969 343.041229248047 342.855041503906 343.056304931641 342.867309570312 343.149444580078 342.925354003906 342.158538818359 -3.4e+38 -3.4e+38 -3.4e+38 -3.4e+38 341.1650390625 341.090087890625 340.686340332031 340.174438476562 340.225067138672 340.148681640625 339.912261962891 339.909759521484 339.936859130859 340.292114257812 340.192810058594 339.990600585938 340.035491943359 339.281311035156 339.026428222656 338.525573730469
344.550903320312 344.732818603516 345.324462890625 345.150665283203 344.389190673828 344.275329589844 343.759887695312 343.751861572266 343.527526855469 343.406463623047 342.682800292969 342.065368652344 342.685485839844 342.963470458984 343.200958251953 344.001647949219 343.873260498047 343.519897460938 343.476959228516 343.585021972656 343.010406494141 342.828216552734 343.108703613281 342.970489501953 342.333801269531 342.1416015625 342.842864990234 341.782257080078 341.509979248047 -3.4e+38 -3.4e+38 -3.4e+38 -3.4e+38 341.152313232422 341.007751464844 340.461578369141 340.172546386719 340.163055419922 340.147674560547 340.179534912109 340.185699462891 340.178100585938 340.2099609375 340.207885742188 340.054473876953 339.5 339.199523925781 339.094940185547 338.892425537109
345.251312255859 345.348571777344 345.476684570312 344.897888183594 -3.4e+38 344.657836914062 344.296447753906 343.81201171875 343.838958740234 343.649078369141 342.818878173828 342.656860351562 342.933807373047 342.954376220703 343.193756103516 343.991882324219 343.786987304688 343.247467041016 343.130218505859 343.333374023438 342.929321289062 342.585296630859 343.096862792969 343.024108886719 342.378204345703 341.284912109375 341.826599121094 341.618865966797 -3.4e+38 -3.4e+38 341.139892578125 341.140411376953 -3.4e+38 -3.4e+38 340.900299072266 340.300415039062 340.767791748047 340.608367919922 340.12255859375 340.117126464844 340.117401123047 340.107482910156 340.127288818359 340.125274658203 340.023590087891 339.571105957031 339.117248535156 339.113800048828 338.957275390625
345.545043945312 345.43505859375 344.709381103516 343.957336425781 344.140258789062 344.570037841797 343.993194580078 343.657257080078 343.150787353516 343.108245849609 342.732666015625 342.377532958984 342.924591064453 342.944793701172 343.186096191406 343.833282470703 343.260284423828 343.090270996094 343.041564941406 343.053863525391 342.985443115234 342.656188964844 342.437042236328 342.447326660156 342.291015625 341.598297119141 341.345916748047 342.03125 341.605743408203 341.275207519531 341.756072998047 341.754638671875 341.601837158203 341.125183105469 341.031799316406 340.833740234375 341.117401123047 340.868133544922 340.108642578125 340.103210449219 340.097106933594 340.084899902344 340.079284667969 340.073181152344 340.066589355469 339.805694580078 339.051818847656 339.043640136719 338.931732177734
345.541442871094 345.365386962891 344.548645019531 344.193084716797 343.746154785156 343.954498291016 343.741271972656 343.727935791016 343.354309082031 342.698852539062 342.124420166016 341.966430664062 342.393524169922 342.934783935547 343.0283203125 343.231018066406 342.987243652344 343.002471923828 343.029663085938 343.041656494141 343.052673339844 342.8310546875 342.071624755859 342.079681396484 342.086791992188 341.857849121094 341.334320068359 342.102722167969 341.868438720703 341.047973632812 341.155975341797 341.809295654297 340.769744873047 340.790435791016 341.5791015625 341.106231689453 341.102874755859 340.851898193359 340.094146728516 340.088745117188 340.082672119141 339.613128662109 340.060516357422 340.051818847656 340.042449951172 339.777160644531 339.021820068359 339.010498046875 338.998504638672
345.537384033203 345.508728027344 345.154449462891 344.575378417969 344.215057373047 343.704650878906 343.734191894531 343.789306640625 343.593139648438 342.767425537109 342.537384033203 342.406066894531 341.97900390625 342.407043457031 342.79150390625 342.295959472656 342.46533203125 342.990631103516 342.865875244141 342.376068115234 342.388916015625 342.318664550781 341.906616210938 341.421478271484 341.582244873047 341.993835449219 341.656829833984 341.603881835938 341.852111816406 341.007141113281 341.058746337891 341.763549804688 340.722442626953 340.751098632812 340.757293701172 340.624267578125 340.934631347656 340.371917724609 339.94091796875 339.659942626953 340.067657470703 339.607025146484 339.439117431641 339.586395263672 340.027862548828 339.761108398438 339.007476806641 338.996307373047 338.829406738281
345.532958984375 345.429901123047 344.888610839844 344.635650634766 344.599365234375 344.234344482422 343.726684570312 344.310302734375 343.581878662109 342.829895019531 342.852569580078 342.799774169922 342.564270019531 342.656921386719 342.854614257812 342.458862304688 342.041870117188 342.319366455078 342.269165039062 342.015838623047 342.026336669922 342.035858154297 341.960754394531 341.543334960938 341.144012451172 341.424377441406 341.344512939453 341.314544677734 341.988616943359 341.081146240234 341.172790527344 341.363891601562 341.081634521484 340.9873046875 340.545745849609 340.324279785156 340.822692871094 340.068176269531 339.976196289062 339.797332763672 340.052093505859 339.938232421875 339.481475830078 339.123260498047 339.409606933594 339.298431396484 338.992553710938 338.981536865234 338.831207275391
345.528045654297 345.502563476562 345.313751220703 345.322570800781 345.197509765625 344.620635986328 344.40478515625 344.018798828125 343.723937988281 343.496643066406 343.36279296875 342.863372802734 342.883209228516 342.901916503906 342.919464111328 342.857666015625 342.458099365234 341.965545654297 341.336791992188 341.196105957031 340.866485595703 341.527893066406 342.030090332031 341.798034667969 341.044036865234 341.049682617188 341.054473876953 341.146850585938 341.427612304688 341.065490722656 340.91162109375 340.594665527344 341.065704345703 341.064331054688 340.812683105469 340.465026855469 341.422332763672 340.512542724609 339.908752441406 339.634460449219 340.035949707031 340.022155761719 339.912902832031 339.454162597656 338.996917724609 338.987274169922 338.977020263672 338.966186523438 338.887542724609
-3.4e+38 345.557250976562 345.444396972656 344.961944580078 344.892944335938 344.682373046875 344.710418701172 344.288208007812 343.786926269531 343.809906005859 343.601318359375 343.007568359375 343.3857421875 343.045288085938 343.416748046875 342.92333984375 342.858520507812 342.455200195312 342.129608154297 341.091003417969 339.742919921875 341.091735839844 341.525146484375 341.781005859375 341.02880859375 341.034301757812 341.038909912109 341.042694091797 341.045715332031 340.893646240234 339.862548828125 338.888061523438 340.737518310547 340.114807128906 340.794342041016 340.235107421875 340.864410400391 340.781463623047 339.94287109375 -3.4e+38 339.891967773438 339.541595458984 339.668273925781 339.729705810547 338.980560302734 338.81396484375 338.518890380859 338.792907714844 338.469879150391
-3.4e+38 345.629577636719 345.576538085938 345.538909912109 345.333618164062 345.352600097656 345.218811035156 344.584533691406 344.013275146484 343.788238525391 343.809173583984 343.828918457031 343.847564697266 343.865081787109 343.881530761719 343.658203125 342.911285400391 342.924591064453 342.790405273438 342.223114013672 342.1259765625 342.465606689453 341.897369384766 341.721527099609 341.997009277344 341.912811279297 341.485229492188 341.009826660156 340.854675292969 340.857727050781 340.295013427734 340.015838623047 340.014892578125 340.171295166016 340.534027099609 340.343811035156 340.481536865234 340.19775390625 340.450408935547 -3.4e+38 340.130126953125 339.564605712891 339.3759765625 339.047943115234 -3.4e+38 338.936920166016 338.927093505859 338.809387207031 338.501281738281
346.101043701172 345.594024658203 345.634643554688 345.599426269531 345.628570556641 345.496368408203 344.924926757812 344.656951904297 344.432281494141 344.451599121094 344.469757080078 344.48681640625 344.502777099609 344.358215332031 343.868041992188 343.801452636719 343.396881103516 343.0693359375 342.848449707031 342.593811035156 342.528076171875 342.227386474609 341.968200683594 341.974761962891 341.98046875 341.9853515625 341.739562988281 340.992706298828 340.90283203125 340.275482177734 339.998382568359 339.998016357422 339.996978759766 340.251251220703 340.992950439453 340.676422119141 339.842437744141 340.125 340.264129638672 339.854400634766 339.653717041016 339.877136230469 339.469116210938 339.030975341797 339.189605712891 338.759399414062 338.470703125 338.7392578125 338.292907714844
