rcp8.5models/GFDL_CM3/sc1gr2.12
NCOLS 261 
NROWS 433 
XLLCORNER 336357.134 
YLLCORNER 654653.479 
CELLSIZE 1000 
NODATA_value -3.4e+38 
[rows 176 to 197 of 433, columns 49 to 97 of 261]
347.16015625 346.906005859375 346.893615722656 346.760009765625 346.119537353516 345.915405273438 346.1044921875 345.838409423828 345.832366943359 345.827209472656 345.697723388672 345.080413818359 344.816986083984 344.8759765625 345.079711914062 344.687164306641 344.273834228516 344.81640625 344.69287109375 344.165283203125 344.042327880859 343.455017089844 343.117462158203 342.916046142578 343.203643798828 343.010223388672 342.354736328125 342.744781494141 342.244506835938 341.554626464844 341.280242919922 341.215576171875 341.016357421875 341.319793701172 341.253723144531 340.838806152344 340.362701416016 340.377624511719 340.392883300781 340.472076416016 340.563415527344 340.605895996094 340.604797363281 340.112121582031 340.121612548828 340.104370117188 339.894561767578 340.290924072266 340.596801757812
347.202117919922 347.191619873047 347.182006835938 346.996643066406 346.165344238281 346.158355712891 346.152252197266 346.142669677734 346.139190673828 346.136566162109 346.07568359375 345.686370849609 345.261260986328 345.681671142578 345.136047363281 345.075134277344 344.873596191406 345.145172119141 344.426788330078 344.160766601562 343.968444824219 343.174499511719 343.182281494141 343.190673828125 343.199645996094 343.136840820312 342.937347412109 343.022491455078 342.240875244141 341.767150878906 341.276885986328 341.289764404297 341.303039550781 341.316711425781 341.330749511719 341.263458251953 340.984008789062 340.859893798828 340.390197753906 340.405792236328 340.421661376953 340.234954833984 340.393798828125 340.186309814453 340.254669189453 340.074371337891 340.187164306641 340.047760009766 339.730285644531
347.070373535156 346.603424072266 347.175140380859 346.987426757812 346.284729003906 346.847991943359 346.713012695312 346.136779785156 346.133453369141 346.130981445312 346.129364013672 346.067840576172 345.867065429688 345.937805175781 345.131134033203 345.133575439453 345.136749267578 345.140655517578 344.150604248047 344.156585693359 344.094268798828 343.825286865234 343.831085205078 343.704437255859 343.195953369141 343.20556640625 343.081604003906 342.509033203125 342.237548828125 341.547241210938 341.409698486328 341.783447265625 341.300109863281 341.313873291016 341.328002929688 341.342437744141 341.357238769531 341.149841308594 340.387756347656 340.403472900391 340.379272460938 340.181732177734 340.154418945312 339.875885009766 340.245483398438 340.1025390625 340.087921142578 339.654968261719 339.275970458984
347.009704589844 346.230712890625 346.465576171875 346.4052734375 346.207855224609 346.450439453125 346.390350341797 346.131225585938 346.128051757812 346.125732421875 346.124267578125 345.993530273438 345.447418212891 345.518249511719 345.798431396484 345.535888671875 344.596801757812 345.136444091797 344.146636962891 344.152709960938 344.159484863281 344.166839599609 344.174865722656 344.111175537109 343.706085205078 343.202270507812 343.137756347656 342.729766845703 342.370513916016 341.395080566406 341.984405517578 342.204254150391 341.928161621094 341.940155029297 341.814147949219 341.340026855469 341.354919433594 341.285247802734 340.865753173828 340.401336669922 340.392242431641 340.333770751953 340.143005371094 339.637298583984 340.066345214844 339.773712158203 339.81640625 339.886169433594 339.63037109375
346.420928955078 346.171569824219 346.162445068359 346.154205322266 346.146820068359 346.140289306641 346.004852294922 346.126037597656 346.123016357422 346.120849609375 345.988189697266 345.509918212891 345.663391113281 345.316741943359 346.122344970703 345.86083984375 344.861877441406 345.132568359375 344.803344726562 344.673034667969 344.156036376953 344.298492431641 344.688201904297 344.180297851562 343.979675292969 343.335540771484 343.580291748047 342.502319335938 342.446197509766 341.970672607422 342.268524169922 342.281646728516 342.295135498047 342.309051513672 -3.4e+38 341.822967529297 341.212738037109 340.88720703125 341.297210693359 341.017333984375 341.031768798828 340.448516845703 340.374664306641 340.151824951172 340.160858154297 339.516723632812 339.592071533203 339.794769287109 339.650726318359
346.175354003906 346.165557861328 346.156616210938 346.279144287109 346.838439941406 346.698425292969 346.071044921875 345.565826416016 346.118286132812 345.983673095703 345.505249023438 345.855865478516 345.917694091797 345.181304931641 345.581451416016 346.054748535156 345.791320800781 345.658538818359 345.004241943359 344.553283691406 344.672607421875 344.232727050781 344.444152832031 344.177459716797 344.112060546875 343.917541503906 343.916564941406 342.859344482422 342.946807861328 342.750152587891 342.405578613281 342.771697998047 342.293060302734 342.307037353516 342.180877685547 341.626892089844 341.265533447266 341.073638916016 341.381988525391 341.397888183594 341.4140625 340.447113037109 340.463958740234 340.480987548828 340.261199951172 339.515594482422 339.474639892578 339.304962158203 339.274200439453
346.876342773438 346.732360839844 346.283172607422 346.899291992188 347.003601074219 346.377258300781 346.257690429688 345.864410400391 345.980041503906 345.501495361328 345.854034423828 346.110748291016 345.911560058594 345.247894287109 345.851989746094 346.253509521484 346.651611328125 345.920654296875 345.066101074219 344.871887207031 345.077911376953 344.810974121094 344.817169189453 344.823974609375 344.692932128906 344.194305419922 344.127624511719 343.856750488281 343.866241455078 343.171112060547 342.978942871094 343.054840087891 342.291259765625 342.305297851562 342.235076904297 341.816680908203 341.349487304688 341.364868164062 341.380554199219 341.396514892578 341.412750244141 340.914093017578 340.462860107422 340.479949951172 340.258636474609 339.514709472656 339.433258056641 339.052276611328 338.879943847656
347.030853271484 346.394683837891 346.203002929688 -3.4e+38 346.938568115234 346.125305175781 346.180267333984 346.112396240234 345.911895751953 345.171447753906 345.563751220703 346.107116699219 345.90576171875 345.312561035156 346.111663818359 346.182891845703 346.383850097656 346.053192138672 345.793151855469 345.6591796875 345.147705078125 345.155456542969 345.163818359375 345.033355712891 344.598968505859 344.836822509766 344.705230712891 344.073455810547 -3.4e+38 343.743438720703 343.262756347656 343.193176269531 342.918914794922 342.788818359375 342.318267822266 342.246887207031 341.970153808594 341.840393066406 341.379364013672 341.395385742188 341.411682128906 340.886169433594 340.926910400391 340.479125976562 340.402099609375 339.973297119141 339.491760253906 339.327575683594 339.075592041016
346.396911621094 346.149688720703 346.141235351562 346.327880859375 346.931610107422 346.120971679688 346.115966796875 346.108551025391 345.905792236328 345.104522705078 345.30615234375 345.966217041016 345.363830566406 345.311798095703 346.108795166016 346.111968994141 346.115844726562 346.120452880859 346.131713867188 346.065277099609 345.660125732422 345.153411865234 345.161865234375 345.094573974609 344.903778076172 345.190551757812 344.981048583984 344.132690429688 343.942535400391 344.166442871094 343.751312255859 343.274780273438 343.288513183594 343.217346191406 342.798645019531 342.332000732422 -3.4e+38 342.129638671875 341.378448486328 341.39453125 341.265594482422 340.536926269531 340.758026123047 340.332183837891 340.036041259766 340.417633056641 340.069915771484 339.803466796875 339.399871826172
345.912841796875 346.279571533203 346.693817138672 346.125427246094 346.118988037109 346.113372802734 345.969177246094 346.101837158203 345.894592285156 345.098419189453 345.097930908203 345.098297119141 344.958679199219 344.571166992188 345.315032958984 346.107452392578 345.898559570312 345.330413818359 346.128082275391 345.917877197266 345.360321044922 345.931304931641 345.301849365234 345.815521240234 345.823211669922 345.687896728516 345.118438720703 344.849456787109 344.715057373047 343.880187988281 343.746520996094 343.273040771484 343.286895751953 343.214263916016 342.882019042969 342.473602294922 341.871246337891 342.271362304688 341.848052978516 341.301818847656 340.876770019531 340.591186523438 341.069732666016 340.937316894531 340.643951416016 340.968872070312 340.531097412109 340.450134277344 340.017486572266
346.145965576172 346.337005615234 347.068664550781 346.678161621094 346.115570068359 346.110107421875 346.18310546875 345.555725097656 346.031097412109 345.634094238281 345.095550537109 345.096038818359 345.028228759766 344.840026855469 345.315460205078 346.105712890625 346.037658691406 345.706756591797 -3.4e+38 346.058166503906 345.726959228516 345.420989990234 345.235931396484 345.520172119141 345.532012939453 345.463958740234 345.198089599609 345.209411621094 345.138366699219 344.246032714844 -3.4e+38 343.902099609375 343.767791748047 343.30078125 343.080200195312 342.388092041016 342.529418945312 342.361267089844 342.137878417969 -3.4e+38 341.316589355469 341.148681640625 341.460693359375 341.381622314453 341.198425292969 341.265838623047 340.531311035156 340.549346923828 340.467071533203
346.846374511719 346.895538330078 347.267852783203 347.468536376953 346.112518310547 346.107208251953 346.167175292969 346.531066894531 346.490356445312 345.346618652344 345.093536376953 344.950622558594 344.566680908203 345.097747802734 345.316223144531 346.104339599609 346.108703613281 346.039794921875 345.713684082031 345.477874755859 345.555511474609 345.654083251953 345.157348632812 345.166656494141 345.176513671875 345.186859130859 345.197723388672 345.209075927734 345.220855712891 -3.4e+38 -3.4e+38 -3.4e+38 -3.4e+38 343.778533935547 343.226135253906 343.042175292969 343.254852294922 342.831237792969 342.284851074219 342.008392333984 341.874176025391 341.443725585938 341.4609375 341.478363037109 341.495971679688 341.4150390625 340.983215332031 340.5498046875 340.568023681641
347.139099121094 347.130493164062 347.328643798828 347.846160888672 346.947418212891 347.198486328125 346.100372314453 346.410583496094 346.276062011719 345.626220703125 345.091857910156 345.022613525391 344.837127685547 345.241760253906 345.839569091797 346.103332519531 346.107788085938 346.112976074219 345.538269042969 345.640594482422 345.217956542969 345.419097900391 345.157073974609 345.166442871094 345.029357910156 344.691680908203 345.050354003906 344.57080078125 344.584594726562 -3.4e+38 -3.4e+38 -3.4e+38 -3.4e+38 344.063079833984 343.315582275391 343.330596923828 343.196746826172 342.800659179688 342.993835449219 342.858612060547 342.315643310547 341.903381347656 341.611999511719 341.934448242188 341.496520996094 341.514343261719 341.432098388672 340.9990234375 340.568756103516
348.397186279297 347.973754882812 348.288238525391 347.354095458984 -3.4e+38 347.28125 346.640686035156 346.092681884766 346.2373046875 346.553558349609 345.620513916016 345.091461181641 345.386352539062 346.360260009766 346.098785400391 346.102661132812 345.960205078125 345.59912109375 345.711029052734 345.399993896484 345.139892578125 345.148223876953 345.157104492188 345.166534423828 344.9462890625 344.418090820312 344.9658203125 344.209320068359 -3.4e+38 -3.4e+38 344.259490966797 344.273071289062 -3.4e+38 -3.4e+38 343.93896484375 343.802185058594 343.254150390625 343.072906494141 343.227600097656 342.685546875 342.410980224609 342.347778320312 342.167541503906 342.380981445312 341.949859619141 341.51513671875 341.533172607422 341.297180175781 340.569641113281
348.368927001953 348.188446044922 348.145599365234 347.111297607422 347.252838134766 347.643493652344 347.029724121094 346.626647949219 346.159240722656 346.341003417969 346.018707275391 345.616333007812 345.237457275391 345.97998046875 346.616943359375 346.102386474609 346.031433105469 345.700561523438 345.391204833984 345.13232421875 345.140167236328 344.999481201172 344.510009765625 344.670837402344 345.094177246094 344.912506103516 344.964416503906 344.2099609375 344.221862792969 344.247009277344 344.260192871094 344.273803710938 344.287780761719 344.302124023438 344.316833496094 344.088562011719 343.347290039062 343.211639404297 342.820343017578 343.009124755859 342.872161865234 342.445709228516 342.463012695312 342.480529785156 342.398132324219 341.965759277344 341.5341796875 341.450012207031 341.168762207031
348.280456542969 348.525634765625 347.503143310547 347.804290771484 347.564544677734 346.801696777344 346.946350097656 346.487548828125 346.620025634766 346.088653564453 345.939727783203 345.493957519531 345.763122558594 345.911804199219 346.357086181641 346.102478027344 345.95751953125 345.375701904297 345.125579833984 345.132873535156 345.140777587891 345.067993164062 344.654907226562 344.250610351562 344.685394287109 345.188354492188 344.963348388672 344.210876464844 344.222808837891 344.096710205078 343.783172607422 344.274841308594 344.288818359375 344.303192138672 344.317901611328 344.087860107422 343.348358154297 343.269439697266 343.090637207031 343.396362304688 343.163208007812 342.446838378906 342.464141845703 342.481689453125 342.499420166016 342.261993408203 341.535400390625 341.553649902344 341.572052001953
348.194000244141 348.443756103516 348.272674560547 347.564575195312 347.818115234375 347.005950927734 347.562103271484 347.373413085938 346.866851806641 346.088348388672 346.016296386719 345.836395263672 346.092346191406 346.095184326172 346.098724365234 346.102966308594 345.87939453125 345.113433837891 345.277770996094 345.786712646484 345.792572021484 345.647430419922 344.9248046875 344.168914794922 344.263427734375 344.548919677734 344.475952148438 344.212127685547 344.224090576172 343.529205322266 343.504943847656 344.276153564453 344.137420654297 343.680938720703 343.697448730469 343.773559570312 343.814727783203 343.365386962891 343.381408691406 343.397705078125 343.316589355469 342.448181152344 342.465484619141 342.483032226562 342.500793457031 342.261840820312 341.536834716797 341.555114746094 341.41845703125
348.280944824219 348.885162353516 348.828826904297 347.868316650391 347.881927490234 347.166259765625 347.338012695312 347.866180419922 347.016662597656 346.613128662109 346.089141845703 346.090606689453 346.092834472656 346.095794677734 346.099487304688 345.951354980469 345.369537353516 345.114501953125 345.208160400391 345.482574462891 345.49267578125 345.420440673828 345.077087402344 344.661682128906 344.180511474609 344.191101074219 344.048980712891 343.730651855469 344.225677490234 343.727966308594 343.354858398438 343.650909423828 343.574493408203 343.306121826172 343.320831298828 343.584564208984 344.101745605469 343.366973876953 343.228576660156 342.786529541016 342.959411621094 342.449737548828 342.312042236328 342.03515625 342.347076416016 341.815826416016 341.538421630859 341.556732177734 341.469940185547
348.894500732422 349.1201171875 349.045837402344 348.800231933594 348.569946289062 347.785736083984 347.779876708984 347.863983154297 347.088897705078 347.015411376953 346.610229492188 346.091400146484 346.24755859375 346.764221191406 346.611938476562 346.180725097656 346.123870849609 345.269836425781 345.129241943359 344.982727050781 344.648834228516 345.153442382812 345.162567138672 344.932739257812 344.336608886719 344.678527832031 344.116455078125 343.93994140625 344.227600097656 344.007507324219 343.266052246094 343.279663085938 343.293640136719 343.308013916016 343.477722167969 344.052368164062 344.257019042969 343.829315185547 343.287170410156 343.013488769531 342.971954345703 342.451538085938 342.367431640625 342.192840576172 342.245086669922 341.522125244141 341.540252685547 341.558532714844 341.576995849609
-3.4e+38 349.119812011719 349.112854003906 348.951446533203 348.341583251953 348.097442626953 348.094177246094 348.017486572266 347.612823486328 347.08984375 346.860443115234 346.247833251953 346.841033935547 347.098327636719 347.023895263672 346.848327636719 346.796997070312 345.856536865234 345.785034179688 345.086303710938 343.397369384766 345.155548095703 345.164703369141 344.932891845703 344.271453857422 344.468078613281 344.206298828125 344.217864990234 344.229827880859 344.48193359375 342.956756591797 342.341339111328 343.139984130859 342.843688964844 343.420227050781 343.721008300781 343.894256591797 344.117034912109 343.386901855469 -3.4e+38 343.319793701172 343.060638427734 342.919555664062 342.488403320312 342.245483398438 341.524108886719 341.542236328125 341.560546875 341.579010009766
-3.4e+38 349.658752441406 349.113800048828 349.107940673828 349.10302734375 349.099090576172 349.023132324219 348.092803955078 348.017181396484 347.768249511719 347.767211914062 347.766937255859 347.767395019531 347.847808837891 348.026580810547 347.615020751953 347.035125732422 346.779968261719 346.894561767578 345.986114501953 345.575775146484 345.736022949219 345.596282958984 345.664703369141 345.278533935547 345.383422851562 344.848510742188 344.791076660156 344.510864257812 344.102569580078 343.646453857422 343.725158691406 343.766662597656 343.315399169922 343.488067626953 343.902709960938 343.902008056641 344.118591308594 343.391815185547 -3.4e+38 344.323120117188 343.064636230469 342.921783447266 342.755950927734 -3.4e+38 341.969970703125 341.546783447266 341.457824707031 341.179168701172
349.430114746094 349.515625 349.648651123047 349.109191894531 349.104370117188 349.100555419922 348.937713623047 348.614410400391 348.254364013672 348.770050048828 348.609558105469 348.098815917969 348.101684570312 348.105224609375 348.109405517578 347.873291015625 347.119689941406 347.125701904297 346.895599365234 346.061676025391 345.890075683594 346.077117919922 345.905487060547 346.094543457031 345.674560546875 345.203948974609 345.215026855469 345.134948730469 344.712005615234 344.169708251953 343.744598388672 343.385711669922 343.743896484375 343.939788818359 343.891204833984 343.631744384766 343.621490478516 344.119720458984 343.394653320312 343.51220703125 343.817962646484 343.4609375 343.214447021484 342.760162353516 343.247985839844 342.265106201172 341.54931640625 341.567626953125 341.426239013672
