rcp8.5models/GFDL_CM3/sc1gr9.9
NCOLS 261 
NROWS 433 
XLLCORNER 336357.134 
YLLCORNER 654653.479 
CELLSIZE 1000 
NODATA_value -3.4e+38 
[rows 110 to 131 of 433, columns 147 to 195 of 261]
133.572113037109 134.275253295898 134.966659545898 135.927841186523 136.500030517578 137.134979248047 137.76789855957 138.596542358398 139.42529296875 140.287719726562 140.77685546875 142.597122192383 143.517166137695 144.201812744141 144.908721923828 145.706558227539 146.369705200195 146.982498168945 147.651184082031 148.271270751953 148.94580078125 149.573394775391 150.290588378906 -3.4e+38 -3.4e+38 151.499694824219 151.579528808594 -3.4e+38 -3.4e+38 -3.4e+38 -3.4e+38 -3.4e+38 -3.4e+38 -3.4e+38 -3.4e+38 -3.4e+38 -3.4e+38 -3.4e+38 -3.4e+38 -3.4e+38 -3.4e+38 -3.4e+38 -3.4e+38 -3.4e+38 -3.4e+38 -3.4e+38 -3.4e+38 -3.4e+38 -3.4e+38
134.013488769531 134.721557617188 135.269226074219 136.14680480957 -3.4e+38 137.310317993164 138.124954223633 139.083694458008 139.798614501953 140.728927612305 141.380859375 143.175231933594 144.065765380859 144.659240722656 145.429977416992 146.229782104492 146.722381591797 147.153717041016 147.880676269531 148.660705566406 149.054138183594 149.727783203125 150.364959716797 -3.4e+38 151.39924621582 151.696624755859 -3.4e+38 -3.4e+38 -3.4e+38 -3.4e+38 -3.4e+38 -3.4e+38 -3.4e+38 -3.4e+38 -3.4e+38 -3.4e+38 -3.4e+38 -3.4e+38 -3.4e+38 -3.4e+38 -3.4e+38 -3.4e+38 -3.4e+38 -3.4e+38 -3.4e+38 -3.4e+38 -3.4e+38 -3.4e+38 -3.4e+38
134.395751953125 135.265579223633 135.660873413086 136.40283203125 137.127655029297 137.892578125 138.489715576172 139.244934082031 140.062347412109 141.018646240234 141.88525390625 143.849426269531 144.199600219727 -3.4e+38 145.58903503418 146.608154296875 147.17756652832 147.609390258789 148.355239868164 149.052215576172 149.432418823242 149.827880859375 150.597320556641 151.22883605957 151.982711791992 152.525680541992 152.962951660156 153.623443603516 -3.4e+38 -3.4e+38 -3.4e+38 -3.4e+38 -3.4e+38 -3.4e+38 -3.4e+38 -3.4e+38 -3.4e+38 -3.4e+38 -3.4e+38 -3.4e+38 -3.4e+38 -3.4e+38 -3.4e+38 -3.4e+38 -3.4e+38 -3.4e+38 -3.4e+38 -3.4e+38 -3.4e+38
134.545654296875 135.526458740234 136.238830566406 137.068862915039 137.763473510742 138.318984985352 139.044525146484 139.889053344727 140.596267700195 141.310775756836 142.570999145508 144.267120361328 144.923370361328 145.623580932617 145.813125610352 146.776947021484 147.373901367188 148.0263671875 148.630905151367 149.289581298828 149.486297607422 149.558609008789 150.687911987305 151.523712158203 152.574996948242 153.306686401367 -3.4e+38 153.327621459961 -3.4e+38 -3.4e+38 -3.4e+38 -3.4e+38 -3.4e+38 -3.4e+38 -3.4e+38 -3.4e+38 -3.4e+38 -3.4e+38 -3.4e+38 -3.4e+38 -3.4e+38 -3.4e+38 -3.4e+38 -3.4e+38 -3.4e+38 -3.4e+38 -3.4e+38 -3.4e+38 -3.4e+38
135.097351074219 135.949142456055 136.781753540039 137.135635375977 137.931137084961 138.724105834961 139.662506103516 140.280151367188 141.127304077148 142.139144897461 143.332427978516 -3.4e+38 145.256698608398 146.175918579102 146.639495849609 147.228302001953 147.761367797852 148.129653930664 148.780868530273 149.385482788086 149.795852661133 149.875015258789 151.280288696289 152.024932861328 152.921890258789 153.327499389648 153.336532592773 153.506591796875 153.946044921875 -3.4e+38 -3.4e+38 -3.4e+38 -3.4e+38 -3.4e+38 -3.4e+38 -3.4e+38 -3.4e+38 -3.4e+38 -3.4e+38 -3.4e+38 -3.4e+38 -3.4e+38 -3.4e+38 -3.4e+38 -3.4e+38 -3.4e+38 -3.4e+38 -3.4e+38 -3.4e+38
136.240585327148 136.878875732422 137.289459228516 137.779708862305 138.317810058594 139.098648071289 140.347091674805 141.717926025391 142.51887512207 143.236602783203 144.178009033203 145.021362304688 -3.4e+38 146.533538818359 147.162567138672 147.742706298828 148.377975463867 148.881362915039 149.239654541016 149.767288208008 150.841552734375 151.675796508789 152.418228149414 152.607971191406 152.537353515625 153.205291748047 153.607681274414 153.935272216797 -3.4e+38 -3.4e+38 -3.4e+38 -3.4e+38 -3.4e+38 -3.4e+38 -3.4e+38 -3.4e+38 -3.4e+38 -3.4e+38 -3.4e+38 -3.4e+38 -3.4e+38 -3.4e+38 -3.4e+38 -3.4e+38 -3.4e+38 -3.4e+38 -3.4e+38 -3.4e+38 -3.4e+38
136.204940795898 136.83186340332 137.167266845703 137.940673828125 138.711669921875 139.807235717773 140.976776123047 142.107162475586 142.893539428711 144.0029296875 144.929595947266 146.035064697266 146.715057373047 146.885192871094 147.674697875977 147.889297485352 148.469146728516 149.460037231445 150.478881835938 150.54475402832 151.149398803711 151.796249389648 152.486633300781 152.889907836914 152.863815307617 153.045013427734 153.364807128906 154.03581237793 154.439590454102 -3.4e+38 -3.4e+38 -3.4e+38 -3.4e+38 -3.4e+38 -3.4e+38 -3.4e+38 -3.4e+38 -3.4e+38 -3.4e+38 -3.4e+38 -3.4e+38 -3.4e+38 -3.4e+38 -3.4e+38 -3.4e+38 -3.4e+38 -3.4e+38 -3.4e+38 -3.4e+38
136.482147216797 136.680130004883 137.252365112305 138.333572387695 139.243026733398 139.908462524414 141.115447998047 142.480102539062 143.578674316406 144.496994018555 145.045135498047 146.765853881836 147.24446105957 147.578018188477 147.916885375977 148.389495849609 148.958465576172 150.328262329102 150.942794799805 151.134033203125 151.603652954102 152.199142456055 152.595123291016 152.986526489258 153.204391479492 153.415008544922 153.463241577148 153.862686157227 154.189956665039 -3.4e+38 -3.4e+38 -3.4e+38 -3.4e+38 -3.4e+38 -3.4e+38 -3.4e+38 -3.4e+38 -3.4e+38 -3.4e+38 -3.4e+38 -3.4e+38 -3.4e+38 -3.4e+38 -3.4e+38 -3.4e+38 -3.4e+38 -3.4e+38 -3.4e+38 -3.4e+38
136.331817626953 136.893814086914 137.964614868164 139.039184570312 139.810272216797 140.151840209961 141.487091064453 143.163146972656 144.255325317383 145.028121948242 145.397171020508 146.865478515625 147.473571777344 147.843154907227 148.055572509766 148.623519897461 149.51399230957 150.638885498047 151.111389160156 151.336303710938 151.923110961914 152.560882568359 152.652740478516 153.138046264648 153.390274047852 153.913589477539 154.243377685547 154.219863891602 154.27734375 -3.4e+38 -3.4e+38 -3.4e+38 -3.4e+38 -3.4e+38 -3.4e+38 -3.4e+38 -3.4e+38 -3.4e+38 -3.4e+38 -3.4e+38 -3.4e+38 -3.4e+38 -3.4e+38 -3.4e+38 -3.4e+38 -3.4e+38 -3.4e+38 -3.4e+38 -3.4e+38
136.544708251953 137.605041503906 138.497924804688 139.143417358398 140.082534790039 140.839630126953 142.16845703125 143.837707519531 144.741653442383 145.277038574219 145.870803833008 147.013229370117 147.457015991211 147.752410888672 148.138000488281 -3.4e+38 149.587814331055 150.757125854492 151.331802368164 151.802505493164 152.029495239258 152.616851806641 152.749603271484 153.13591003418 153.437591552734 154.089996337891 154.483154296875 154.48713684082 154.528732299805 -3.4e+38 -3.4e+38 -3.4e+38 155.509658813477 -3.4e+38 -3.4e+38 -3.4e+38 -3.4e+38 -3.4e+38 -3.4e+38 -3.4e+38 -3.4e+38 -3.4e+38 -3.4e+38 -3.4e+38 -3.4e+38 -3.4e+38 -3.4e+38 -3.4e+38 -3.4e+38
137.580627441406 137.966842651367 138.724975585938 139.047821044922 140.111801147461 141.280380249023 142.841354370117 144.324401855469 144.851028442383 145.619155883789 146.380889892578 147.405883789062 147.474456787109 148.067031860352 148.265594482422 148.824493408203 149.902862548828 151.224044799805 151.439514160156 152.014511108398 152.483688354492 152.712921142578 152.796157836914 153.274658203125 153.522491455078 154.245666503906 154.826705932617 154.707656860352 154.882904052734 155.000091552734 154.892593383789 155.227890014648 155.727233886719 155.584686279297 -3.4e+38 -3.4e+38 -3.4e+38 -3.4e+38 -3.4e+38 -3.4e+38 -3.4e+38 -3.4e+38 -3.4e+38 -3.4e+38 -3.4e+38 -3.4e+38 -3.4e+38 -3.4e+38 -3.4e+38
137.860549926758 138.23762512207 138.739852905273 139.476745605469 140.533905029297 -3.4e+38 142.435012817383 143.764678955078 144.854614257812 145.748474121094 146.27848815918 147.322860717773 147.741729736328 148.097015380859 148.337661743164 148.94123840332 -3.4e+38 151.433303833008 151.894165039062 152.11164855957 152.48274230957 152.757827758789 153.211639404297 153.689559936523 154.068634033203 154.505081176758 154.752838134766 154.683624267578 155.000900268555 155.279235839844 155.013381958008 155.291107177734 -3.4e+38 155.460998535156 155.192077636719 -3.4e+38 -3.4e+38 -3.4e+38 -3.4e+38 -3.4e+38 -3.4e+38 -3.4e+38 -3.4e+38 -3.4e+38 -3.4e+38 -3.4e+38 -3.4e+38 -3.4e+38 -3.4e+38
-3.4e+38 138.357330322266 138.867202758789 140.154449462891 141.031539916992 141.538726806641 142.282241821289 143.452972412109 144.915283203125 145.99462890625 146.164794921875 147.278533935547 147.815811157227 148.261932373047 148.645980834961 149.555786132812 150.38232421875 151.532043457031 151.895050048828 151.955261230469 152.221664428711 152.841979980469 153.891174316406 153.927154541016 154.134582519531 154.604125976562 154.709594726562 154.800521850586 155.22624206543 155.532089233398 154.978500366211 155.081420898438 155.187026977539 -3.4e+38 154.861465454102 154.797332763672 -3.4e+38 -3.4e+38 -3.4e+38 -3.4e+38 -3.4e+38 -3.4e+38 -3.4e+38 -3.4e+38 -3.4e+38 -3.4e+38 -3.4e+38 -3.4e+38 -3.4e+38
137.869049072266 138.325042724609 138.922103881836 140.485900878906 141.225814819336 141.546997070312 142.597778320312 143.577056884766 144.715881347656 146.220092773438 146.65364074707 147.35221862793 147.934967041016 148.471633911133 149.253219604492 150.273651123047 151.024505615234 151.577896118164 152.030212402344 152.088226318359 152.304306030273 152.875564575195 153.868835449219 154.066711425781 154.462387084961 154.782073974609 155.049087524414 155.436798095703 155.821273803711 155.53059387207 155.357025146484 155.637771606445 -3.4e+38 155.574584960938 155.221908569336 155.533065795898 -3.4e+38 -3.4e+38 -3.4e+38 -3.4e+38 -3.4e+38 -3.4e+38 -3.4e+38 -3.4e+38 -3.4e+38 -3.4e+38 -3.4e+38 -3.4e+38 -3.4e+38
137.473480224609 138.056610107422 139.021591186523 140.143112182617 141.215026855469 141.942092895508 142.985900878906 143.799606323242 144.52392578125 146.027450561523 146.869812011719 147.656433105469 148.398574829102 148.768142700195 149.66015625 150.276611328125 151.06916809082 151.664642333984 152.020690917969 152.275741577148 152.728897094727 152.947479248047 153.981369018555 154.215148925781 154.590805053711 155.044769287109 155.844329833984 156.040664672852 156.049224853516 155.847351074219 155.901931762695 155.929962158203 156.031997680664 155.902206420898 155.574829101562 -3.4e+38 155.744750976562 -3.4e+38 -3.4e+38 -3.4e+38 -3.4e+38 -3.4e+38 -3.4e+38 -3.4e+38 -3.4e+38 -3.4e+38 -3.4e+38 -3.4e+38 -3.4e+38
137.765914916992 138.132415771484 139.263702392578 139.991653442383 140.879425048828 142.076385498047 142.806365966797 143.946182250977 144.759002685547 145.924621582031 146.944869995117 148.259643554688 148.996292114258 149.174224853516 149.706390380859 150.410675048828 151.154907226562 151.699157714844 152.142776489258 152.348648071289 152.907318115234 153.359603881836 153.948211669922 154.227767944336 154.691528320312 155.215530395508 156.323669433594 156.372985839844 155.925399780273 156.401809692383 156.184524536133 155.84602355957 156.124740600586 155.633514404297 155.466293334961 155.376358032227 155.405059814453 155.338729858398 -3.4e+38 -3.4e+38 -3.4e+38 -3.4e+38 -3.4e+38 -3.4e+38 -3.4e+38 -3.4e+38 -3.4e+38 -3.4e+38 -3.4e+38
138.160354614258 138.541809082031 139.494766235352 139.864013671875 140.997375488281 141.879196166992 142.853515625 143.575286865234 144.198577880859 144.872253417969 145.818923950195 148.215026855469 148.808090209961 149.270584106445 150.366973876953 150.705215454102 151.012619018555 151.796447753906 152.231246948242 152.431137084961 152.981201171875 153.579742431641 154.002975463867 154.27668762207 155.17399597168 156.064361572266 156.353851318359 156.81867980957 156.904663085938 156.569549560547 155.917785644531 155.893646240234 155.696380615234 155.748001098633 155.641052246094 -3.4e+38 155.513107299805 155.541976928711 -3.4e+38 -3.4e+38 -3.4e+38 -3.4e+38 -3.4e+38 -3.4e+38 -3.4e+38 -3.4e+38 -3.4e+38 -3.4e+38 -3.4e+38
137.971313476562 138.908828735352 139.797775268555 140.088104248047 140.896011352539 141.539657592773 142.724731445312 143.545059204102 144.358093261719 144.909713745117 145.841049194336 148.227355957031 148.735916137695 149.482650756836 150.39387512207 150.817306518555 151.121856689453 151.858245849609 152.39387512207 152.827758789062 153.030319213867 153.691909790039 154.088226318359 154.31217956543 154.957977294922 155.759643554688 156.379150390625 156.752227783203 156.836517333984 156.552398681641 155.991180419922 155.656616210938 155.016845703125 155.219680786133 155.111953735352 -3.4e+38 -3.4e+38 155.097305297852 155.184020996094 -3.4e+38 -3.4e+38 -3.4e+38 -3.4e+38 -3.4e+38 -3.4e+38 -3.4e+38 -3.4e+38 -3.4e+38 -3.4e+38
137.936660766602 138.795608520508 139.936096191406 140.457778930664 141.235687255859 141.711181640625 142.625183105469 143.387725830078 144.2783203125 145.093368530273 145.812133789062 147.72102355957 148.815948486328 149.404937744141 150.240676879883 150.79118347168 151.282302856445 152.255432128906 152.444137573242 152.980697631836 153.413955688477 153.704238891602 154.234298706055 154.839126586914 155.325759887695 155.782409667969 156.149444580078 156.228012084961 156.310104370117 156.190002441406 155.91780090332 155.753372192383 155.288436889648 155.063659667969 154.5810546875 154.33740234375 154.448593139648 -3.4e+38 154.373153686523 -3.4e+38 -3.4e+38 -3.4e+38 -3.4e+38 -3.4e+38 -3.4e+38 -3.4e+38 -3.4e+38 -3.4e+38 -3.4e+38
138.058578491211 138.437393188477 139.704742431641 140.740951538086 141.437225341797 141.658676147461 142.438537597656 143.363662719727 144.307876586914 144.867767333984 145.857330322266 147.563705444336 149.231552124023 149.39208984375 150.086502075195 150.889602661133 151.182693481445 152.097030639648 152.827972412109 153.019409179688 153.470657348633 153.931030273438 154.580413818359 155.2158203125 155.692855834961 155.552978515625 155.833511352539 156.288009643555 156.369201660156 156.035430908203 155.386825561523 155.477828979492 155.363662719727 154.917465209961 154.446212768555 154.175369262695 -3.4e+38 -3.4e+38 153.728866577148 153.667953491211 -3.4e+38 -3.4e+38 -3.4e+38 -3.4e+38 -3.4e+38 -3.4e+38 -3.4e+38 -3.4e+38 -3.4e+38
138.096786499023 138.461502075195 139.56787109375 140.259002685547 141.153793334961 141.84684753418 142.245849609375 143.132934570312 144.096115112305 144.833511352539 145.970428466797 147.686950683594 148.670333862305 149.407379150391 150.037017822266 150.528656005859 150.850006103516 151.899047851562 152.777282714844 153.008895874023 153.626281738281 154.20295715332 155.339004516602 155.818557739258 156.023468017578 155.817581176758 155.841156005859 156.206253051758 156.285720825195 156.001403808594 155.441024780273 155.315338134766 154.827789306641 154.458801269531 154.210540771484 154.145721435547 153.974472045898 153.872665405273 153.643859863281 153.550552368164 -3.4e+38 -3.4e+38 -3.4e+38 -3.4e+38 -3.4e+38 -3.4e+38 -3.4e+38 -3.4e+38 -3.4e+38
137.784881591797 138.398330688477 139.262008666992 139.845413208008 140.663970947266 141.563659667969 142.027099609375 142.989990234375 144.016525268555 144.723434448242 145.923400878906 147.333633422852 147.866607666016 149.242553710938 149.960052490234 150.364303588867 150.721786499023 151.700637817383 152.469055175781 153.034240722656 153.755126953125 154.555862426758 155.581176757812 156.342987060547 156.028549194336 156.006958007812 155.80387878418 155.671493530273 155.748779296875 155.741424560547 155.554626464844 155.276245117188 154.660064697266 153.919097900391 153.669982910156 153.775588989258 -3.4e+38 153.782669067383 153.553588867188 153.373947143555 152.933883666992 -3.4e+38 -3.4e+38 -3.4e+38 -3.4e+38 -3.4e+38 -3.4e+38 -3.4e+38 -3.4e+38
