rcp8.5models/GFDL_CM3/sc1gr10.8
NCOLS 261 
NROWS 433 
XLLCORNER 336357.134 
YLLCORNER 654653.479 
CELLSIZE 1000 
NODATA_value -3.4e+38 
[rows 242 to 263 of 433, columns 147 to 195 of 261]
451.287445068359 449.301940917969 487.256622314453 485.706024169922 513.719055175781 454.790832519531 476.718597412109 457.236755371094 476.871490478516 443.820220947266 447.052215576172 454.021911621094 458.591979980469 462.488098144531 465.863891601562 468.941864013672 471.989074707031 476.154418945312 480.19189453125 484.620910644531 487.724426269531 491.443389892578 497.790924072266 500.319732666016 504.182891845703 508.568572998047 512.556640625 516.651916503906 520.758178710938 524.570922851562 527.200378417969 528.767456054688 531.330383300781 534.757263183594 536.420837402344 539.864135742188 544.609558105469 548.52978515625 -3.4e+38 -3.4e+38 553.523193359375 554.092651367188 557.580749511719 559.688293457031 562.695190429688 569.877868652344 572.864929199219 575.257507324219 578.999938964844
452.451599121094 423.944030761719 457.199249267578 495.549835205078 489.487548828125 486.977722167969 486.199920654297 473.989410400391 438.160919189453 441.317230224609 444.014953613281 450.748413085938 453.895721435547 457.640930175781 461.702117919922 465.796752929688 469.863220214844 473.667449951172 477.946350097656 483.048858642578 486.781372070312 490.962890625 495.603820800781 498.998260498047 502.429626464844 505.880004882812 509.849243164062 513.908264160156 518.213256835938 522.664916992188 525.299133300781 527.33544921875 529.2080078125 533.132263183594 535.588562011719 539.75048828125 542.234069824219 543.469482421875 546.572631835938 -3.4e+38 -3.4e+38 554.079284667969 555.740966796875 558.405578613281 562.793518066406 576.062438964844 577.871948242188 576.261840820312 577.107788085938
486.639099121094 423.408386230469 453.030487060547 503.595245361328 539.95458984375 521.820983886719 504.949401855469 525.130065917969 474.27783203125 439.315063476562 442.232757568359 449.308990478516 452.453826904297 455.986267089844 -3.4e+38 464.656188964844 469.3154296875 473.171569824219 476.388214111328 481.380340576172 485.472625732422 489.002014160156 495.150207519531 499.062194824219 502.402770996094 505.302795410156 509.769989013672 515.042053222656 521.55322265625 524.148132324219 524.689392089844 526.226928710938 527.870361328125 532.269348144531 534.781921386719 538.920227050781 540.362548828125 -3.4e+38 -3.4e+38 -3.4e+38 -3.4e+38 552.685791015625 554.7041015625 557.3115234375 561.735168457031 568.394348144531 571.452270507812 573.181030273438 573.661315917969
506.212707519531 465.508270263672 457.161712646484 505.338836669922 517.267761230469 497.17138671875 538.689025878906 539.796264648438 505.739227294922 455.293151855469 497.647827148438 446.756774902344 450.294769287109 454.050689697266 -3.4e+38 481.375701904297 505.785278320312 471.733581542969 474.602905273438 478.750671386719 482.641235351562 486.013793945312 494.035919189453 498.794830322266 502.089630126953 505.006958007812 509.363739013672 517.40234375 528.742797851562 528.540771484375 525.892700195312 525.057250976562 526.514282226562 531.320129394531 534.690490722656 537.220886230469 537.986938476562 -3.4e+38 -3.4e+38 -3.4e+38 548.583923339844 551.6640625 555.18505859375 557.659912109375 561.007568359375 565.5556640625 567.270874023438 569.906860351562 571.746459960938
521.179748535156 497.925354003906 455.443481445312 484.869171142578 475.993774414062 479.208770751953 478.030090332031 499.432525634766 523.233215332031 490.050201416016 489.356811523438 444.634185791016 448.270202636719 452.064178466797 456.198608398438 477.145568847656 517.717163085938 525.918884277344 510.703277587891 476.287567138672 479.831909179688 483.983764648438 491.358825683594 496.013977050781 499.606231689453 503.086700439453 507.718109130859 515.953857421875 526.47021484375 529.327026367188 526.270446777344 523.468383789062 524.666687011719 529.377136230469 533.31787109375 535.182495117188 536.398071289062 -3.4e+38 -3.4e+38 -3.4e+38 -3.4e+38 549.909851074219 557.391296386719 564.600769042969 559.816833496094 563.520568847656 564.071838378906 566.273010253906 569.512390136719
516.907287597656 491.084747314453 447.912780761719 482.804046630859 493.331695556641 512.901306152344 481.001708984375 500.994049072266 538.801391601562 -3.4e+38 474.745788574219 443.341400146484 447.205902099609 450.446014404297 454.416412353516 458.919860839844 498.545776367188 574.747375488281 542.917724609375 474.567932128906 477.758850097656 481.673248291016 489.091857910156 493.073638916016 496.924865722656 501.701599121094 506.413055419922 512.345642089844 517.56884765625 521.448425292969 521.439453125 521.654846191406 523.1904296875 526.619018554688 529.726989746094 532.178771972656 534.654541015625 536.69873046875 -3.4e+38 -3.4e+38 -3.4e+38 -3.4e+38 553.9609375 561.137023925781 556.211120605469 561.428466796875 562.003356933594 562.767456054688 565.167602539062
513.664123535156 505.430633544922 474.531829833984 485.227813720703 524.418151855469 527.976196289062 530.837646484375 533.621459960938 537.478698730469 522.626953125 488.416351318359 442.483825683594 446.036987304688 449.155853271484 453.331970214844 476.386566162109 517.124084472656 535.452941894531 541.5712890625 473.430358886719 476.789184570312 480.291046142578 486.781402587891 490.661346435547 494.985198974609 500.016632080078 504.549255371094 509.794006347656 513.365844726562 515.537353515625 518.621337890625 520.753967285156 521.728515625 525.1474609375 527.211181640625 -3.4e+38 532.46630859375 -3.4e+38 -3.4e+38 -3.4e+38 542.814697265625 545.770324707031 548.818420410156 552.107604980469 552.832641601562 557.972900390625 560.551086425781 561.048400878906 561.542907714844
451.004180908203 460.591949462891 473.582153320312 494.928558349609 522.839721679688 506.516357421875 489.525268554688 532.046875 535.461303710938 522.064453125 488.671356201172 479.230194091797 444.100769042969 447.621459960938 470.578155517578 530.019775390625 533.434631347656 500.070495605469 539.894714355469 471.796325683594 476.082946777344 479.297393798828 485.492401123047 489.222991943359 493.235717773438 -3.4e+38 -3.4e+38 505.736175537109 510.373382568359 514.51318359375 518.633056640625 519.11376953125 520.273010253906 524.54150390625 526.621398925781 528.318908691406 -3.4e+38 -3.4e+38 -3.4e+38 537.531433105469 540.964660644531 544.859130859375 547.941284179688 550.411804199219 551.09716796875 554.845642089844 558.667785644531 559.890625 559.962341308594
456.575805664062 464.847839355469 478.463500976562 500.025238037109 520.970397949219 506.886932373047 492.227630615234 530.649963378906 533.775939941406 536.70458984375 522.845397949219 472.424987792969 441.624603271484 -3.4e+38 -3.4e+38 525.306762695312 551.442199707031 536.95703125 556.110107421875 507.630798339844 474.707366943359 478.321014404297 484.370941162109 488.40087890625 492.979888916016 495.495574951172 -3.4e+38 -3.4e+38 507.212921142578 511.978546142578 515.73291015625 517.343811035156 520.799743652344 521.869384765625 523.776489257812 526.127807617188 -3.4e+38 -3.4e+38 -3.4e+38 536.657470703125 540.978820800781 545.145263671875 548.549499511719 549.92822265625 548.74072265625 551.888671875 555.004943847656 558.586486816406 560.845458984375
507.662445068359 512.626403808594 488.772430419922 460.946380615234 518.244812011719 521.733154296875 525.469299316406 529.053405761719 532.67041015625 535.503356933594 538.309020996094 493.128295898438 477.831237792969 -3.4e+38 486.755584716797 489.638641357422 566.302612304688 569.33837890625 552.769775390625 501.880279541016 490.46533203125 514.388671875 482.754455566406 486.889312744141 491.96240234375 494.725799560547 498.983215332031 503.739715576172 505.876007080078 509.418731689453 512.277404785156 515.316955566406 518.158020019531 518.709289550781 520.237609863281 523.050720214844 525.727966308594 -3.4e+38 -3.4e+38 534.226684570312 539.484802246094 542.574951171875 546.365295410156 547.998962402344 547.526306152344 550.023864746094 551.237854003906 555.031555175781 559.49755859375
504.660491943359 510.652923583984 505.4033203125 495.952362060547 521.344970703125 519.622619628906 523.248474121094 525.798828125 529.572814941406 533.607849121094 536.826171875 503.922973632812 529.017517089844 -3.4e+38 499.860321044922 525.245300292969 563.188659667969 548.416198730469 515.305114746094 503.818267822266 504.547668457031 545.963623046875 482.208892822266 485.985229492188 490.641357421875 494.903167724609 502.656585693359 509.075561523438 505.887359619141 508.346984863281 510.584228515625 512.373962402344 513.525695800781 516.052001953125 519.040161132812 521.46630859375 523.503845214844 526.222412109375 528.211730957031 -3.4e+38 535.387573242188 539.170715332031 543.704772949219 546.6865234375 547.165466308594 549.928100585938 549.330200195312 550.954650878906 555.494995117188
503.382476806641 508.888519287109 523.986511230469 536.855224609375 523.021179199219 519.557739257812 522.715637207031 522.761413574219 526.199340820312 531.997924804688 535.890197753906 506.077056884766 525.474182128906 -3.4e+38 518.435852050781 538.395935058594 504.698211669922 491.756103515625 477.432556152344 498.229187011719 502.676452636719 543.698303222656 480.357635498047 484.091339111328 489.217834472656 494.72900390625 503.334930419922 509.986938476562 503.607391357422 506.297119140625 509.382232666016 510.368438720703 511.429168701172 514.137084960938 518.011474609375 519.8046875 521.431091308594 523.630310058594 525.990478515625 -3.4e+38 532.101013183594 536.572326660156 541.535705566406 545.216247558594 545.275756835938 548.363830566406 548.111145019531 548.057006835938 551.771911621094
500.204772949219 503.804016113281 515.439636230469 526.612182617188 516.606384277344 515.113220214844 518.568298339844 519.867919921875 522.986511230469 528.703918457031 533.202331542969 520.463439941406 468.494354248047 -3.4e+38 551.622314453125 539.578002929688 509.394226074219 512.3974609375 497.447113037109 462.31005859375 501.123931884766 560.676147460938 478.474884033203 501.171234130859 525.68994140625 510.962951660156 535.635864257812 502.034454345703 500.534362792969 504.909210205078 509.172393798828 509.846862792969 509.531585693359 512.673828125 516.080871582031 517.182922363281 518.950805664062 521.64892578125 523.972412109375 -3.4e+38 529.865844726562 534.591491699219 537.644836425781 540.481628417969 542.088195800781 545.036560058594 545.642395019531 546.936767578125 548.936706542969
501.246917724609 503.802764892578 494.390838623047 484.085845947266 508.864898681641 507.493682861328 511.044128417969 514.734191894531 518.601867675781 522.738525390625 526.220764160156 533.814270019531 538.135986328125 542.510803222656 546.3984375 550.809692382812 536.06884765625 502.628295898438 490.380035400391 458.343109130859 461.574829101562 500.212524414062 529.384765625 512.08251953125 481.684661865234 485.938293457031 487.469573974609 509.350006103516 533.410400390625 499.161529541016 503.317138671875 504.658874511719 504.350738525391 508.330291748047 511.499755859375 513.207824707031 515.519165039062 518.231079101562 519.487182617188 521.530578613281 525.365234375 528.431335449219 529.379821777344 531.9052734375 536.267700195312 538.704895019531 540.693237304688 542.3427734375 543.648559570312
501.89111328125 501.217926025391 511.635406494141 522.877807617188 509.411956787109 505.073150634766 509.134826660156 513.682067871094 517.6259765625 521.048767089844 524.688049316406 531.279479980469 535.509582519531 -3.4e+38 544.4150390625 548.599365234375 535.628112792969 506.252624511719 511.063507080078 494.708587646484 459.571197509766 498.107177734375 543.591247558594 -3.4e+38 -3.4e+38 481.583221435547 -3.4e+38 503.970123291016 526.199340820312 497.308898925781 502.599212646484 502.562347412109 502.133453369141 506.106140136719 509.423034667969 511.588531494141 513.499938964844 515.274169921875 516.203247070312 518.469116210938 522.522521972656 525.543518066406 526.623901367188 527.970458984375 532.394592285156 535.785034179688 536.800048828125 537.732788085938 540.474426269531
503.061126708984 504.040802001953 485.761444091797 472.023223876953 506.102813720703 503.678588867188 509.139617919922 513.114013671875 515.415344238281 518.130554199219 522.455261230469 529.453125 532.939086914062 -3.4e+38 542.263610839844 546.681823730469 550.466735839844 554.960876464844 541.040771484375 507.847320556641 495.227691650391 495.455261230469 539.627502441406 -3.4e+38 -3.4e+38 -3.4e+38 520.158203125 -3.4e+38 490.495056152344 496.597747802734 501.819427490234 499.453002929688 499.314727783203 504.101745605469 506.832000732422 509.132781982422 510.574371337891 512.193542480469 513.474914550781 515.875549316406 520.19873046875 523.372802734375 524.527709960938 525.044738769531 527.674377441406 531.089660644531 532.777587890625 535.583618164062 538.117248535156
506.215667724609 503.418548583984 483.949523925781 470.891754150391 505.124877929688 485.442352294922 473.299468994141 515.0185546875 512.484741210938 516.067321777344 520.139099121094 508.40673828125 492.836608886719 535.411437988281 540.489440917969 526.628234863281 491.967376708984 496.017150878906 502.385162353516 526.403503417969 545.712890625 530.738342285156 555.208801269531 -3.4e+38 473.757843017578 512.164916992188 554.0751953125 486.124176025391 489.033569335938 494.912078857422 500.643859863281 494.844757080078 496.611267089844 501.678405761719 503.98388671875 505.412170410156 507.789459228516 509.432800292969 510.579467773438 514.223876953125 517.977294921875 520.14990234375 521.828308105469 522.240783691406 523.566955566406 527.249633789062 530.487609863281 533.715087890625 535.762390136719
514.936340332031 503.972106933594 503.791564941406 509.759368896484 507.326354980469 468.675079345703 436.643737792969 514.486999511719 509.213012695312 513.070678710938 517.143493652344 488.634796142578 455.73779296875 533.249633789062 538.040649414062 525.745666503906 476.713165283203 442.253173828125 481.814300537109 558.352661132812 560.581726074219 562.83251953125 570.305419921875 539.645690917969 489.646606445312 548.662719726562 554.660705566406 490.307464599609 496.743865966797 495.607971191406 494.716003417969 492.50732421875 494.457092285156 498.827575683594 500.964172363281 502.078491210938 504.347991943359 506.238891601562 508.184692382812 512.422302246094 515.644165039062 516.336486816406 517.442932128906 518.191467285156 519.774291992188 525.45068359375 528.700744628906 530.475769042969 532.969055175781
476.327117919922 473.11474609375 506.402923583984 505.411560058594 503.54345703125 485.293762207031 469.936492919922 509.834838867188 505.757507324219 509.822326660156 514.068176269531 505.165130615234 491.262298583984 530.387878417969 534.851379394531 539.853881835938 509.423248291016 439.618988037109 460.387420654297 517.898376464844 558.6884765625 560.537536621094 -3.4e+38 -3.4e+38 -3.4e+38 525.863525390625 518.5185546875 493.379760742188 496.829376220703 490.802825927734 488.547698974609 490.464874267578 492.31884765625 496.222564697266 497.972442626953 498.849975585938 500.638519287109 503.21533203125 505.385467529297 508.97900390625 513.12451171875 513.954345703125 513.250183105469 514.841430664062 516.688903808594 523.5146484375 526.175842285156 528.089782714844 531.361267089844
439.054412841797 446.92919921875 498.167907714844 492.011596679688 493.431762695312 496.943786621094 501.280639648438 505.158538818359 503.094207763672 508.102600097656 512.777526855469 520.119689941406 523.675659179688 -3.4e+38 532.228515625 538.281311035156 526.716064453125 475.745208740234 459.855285644531 518.522827148438 555.749328613281 558.012084960938 -3.4e+38 -3.4e+38 -3.4e+38 527.64111328125 537.082946777344 521.748107910156 482.608428955078 482.237152099609 485.359344482422 487.750335693359 488.950164794922 492.925201416016 494.313140869141 495.608734130859 498.170623779297 500.535705566406 502.363128662109 505.495880126953 508.774841308594 510.667114257812 511.081726074219 512.952331542969 514.398986816406 521.289123535156 524.355834960938 526.190795898438 529.042114257812
475.452850341797 469.574462890625 485.167358398438 485.644927978516 490.589538574219 493.674957275391 496.731597900391 501.677093505859 504.817047119141 508.936096191406 510.902465820312 517.974731445312 502.725189208984 -3.4e+38 529.760620117188 535.656433105469 541.440490722656 508.732574462891 475.081207275391 550.945068359375 553.268493652344 555.686096191406 -3.4e+38 -3.4e+38 -3.4e+38 -3.4e+38 559.65087890625 524.441162109375 529.484130859375 515.742004394531 481.915435791016 484.542846679688 485.581481933594 489.280822753906 491.050689697266 493.21435546875 495.937438964844 497.795257568359 499.439971923828 502.290679931641 504.058898925781 507.275024414062 510.570556640625 510.909759521484 511.717529296875 519.277465820312 523.176391601562 524.138549804688 525.955383300781
504.463287353516 480.542755126953 479.835754394531 490.08544921875 498.562652587891 495.595336914062 492.663146972656 498.733428955078 504.478393554688 506.385589599609 507.773406982422 514.878723144531 501.474700927734 487.612060546875 527.122436523438 532.352783203125 537.651489257812 505.605255126953 454.01416015625 492.592376708984 513.525512695312 534.989990234375 -3.4e+38 -3.4e+38 -3.4e+38 567.658081054688 536.200561523438 484.288299560547 539.276794433594 564.32861328125 516.123718261719 481.224456787109 482.837097167969 485.928680419922 488.561584472656 490.561737060547 492.068634033203 493.781372070312 496.193115234375 499.766754150391 501.3701171875 504.137390136719 507.353851318359 507.797302246094 508.331726074219 515.453796386719 519.3857421875 521.434204101562 523.456115722656
