rcp8.5models/GFDL_CM3/sc1gr3.37
NCOLS 261 
NROWS 433 
XLLCORNER 336357.134 
YLLCORNER 654653.479 
CELLSIZE 1000 
NODATA_value -9999 
[rows 264 to 285 of 433, columns 200 to 249 of 261]
276.52978515625 277.279998779297 277.878448486328 276.844329833984 277.680389404297 276.878234863281 276.586944580078 277.117370605469 277.607238769531 272.479827880859 260.067932128906 258.264739990234 265.588958740234 270.274749755859 276.681488037109 277.322570800781 277.411499023438 275.928405761719 270.756042480469 264.913787841797 269.864868164062 276.581878662109 276.5205078125 276.796905517578 278.219757080078 278.763458251953 274.327056884766 275.278350830078 -9999 -9999 278.663696289062 279.011383056641 279.242980957031 279.377288818359 279.329284667969 279.523345947266 279.101623535156 278.972320556641 279.540496826172 279.539245605469 279.653350830078 279.595886230469 279.577606201172 279.654541015625 279.523590087891 279.645080566406 279.713653564453 279.737670898438 279.7763671875 280.143341064453
276.575866699219 277.755218505859 277.576843261719 276.289611816406 277.023651123047 276.171173095703 275.486602783203 276.331665039062 277.535491943359 273.986480712891 265.001373291016 263.128631591797 272.649261474609 273.930816650391 276.872894287109 277.5205078125 277.09521484375 276.038116455078 272.623138427734 269.893127441406 272.066284179688 277.1630859375 277.145477294922 277.993225097656 278.414855957031 278.8095703125 278.548004150391 278.497406005859 278.21630859375 278.281494140625 278.52392578125 278.444702148438 278.858734130859 278.790252685547 278.719299316406 279.00439453125 278.917297363281 279.096527099609 279.864318847656 279.788452148438 279.614349365234 279.669403076172 279.726409912109 279.765747070312 279.561676025391 279.461029052734 279.579010009766 279.557830810547 279.575317382812 280.05078125
277.522247314453 277.856292724609 277.119934082031 273.295440673828 270.374633789062 272.917541503906 275.594604492188 276.473571777344 277.156524658203 275.713897705078 273.378448486328 273.153198242188 272.528930664062 275.152099609375 276.658935546875 275.85205078125 274.719970703125 274.083435058594 276.952178955078 277.039489746094 276.559478759766 276.0849609375 276.381042480469 275.438110351562 276.885681152344 277.323150634766 278.345489501953 277.734832763672 277.556365966797 277.743896484375 277.927520751953 277.859649658203 278.560668945312 278.627349853516 278.412689208984 278.845397949219 278.959197998047 279.768859863281 279.747253417969 279.640991210938 279.523559570312 279.449096679688 279.139099121094 279.226196289062 279.035339355469 279.385589599609 279.690368652344 279.532379150391 279.632476806641 279.673431396484
277.633026123047 277.699432373047 276.701629638672 273.11865234375 269.092315673828 271.757202148438 275.906036376953 276.527984619141 276.645660400391 271.912170410156 263.658538818359 265.140533447266 267.635345458984 275.461059570312 269.665405273438 268.535522460938 269.537322998047 270.6923828125 276.428680419922 274.824981689453 274.128540039062 276.535858154297 276.840545654297 275.946105957031 275.652191162109 276.346801757812 277.807952880859 276.912963867188 276.936950683594 277.213592529297 277.647430419922 277.967559814453 278.636138916016 278.698822021484 278.872650146484 279.265869140625 279.457794189453 279.768829345703 279.686004638672 279.486480712891 279.544372558594 279.318969726562 278.652709960938 278.802185058594 278.768005371094 278.931884765625 279.290283203125 279.478698730469 279.651885986328 279.850006103516
277.378631591797 277.592620849609 276.108032226562 270.280853271484 269.223876953125 272.32275390625 275.8984375 276.689910888672 276.627746582031 271.952880859375 261.445129394531 260.984985351562 266.885345458984 276.120574951172 258.927215576172 260.621917724609 266.00927734375 270.924560546875 275.929290771484 274.531463623047 274.060577392578 276.532867431641 276.837585449219 276.075012207031 275.411163330078 275.944458007812 276.893768310547 276.074401855469 276.328521728516 276.972412109375 277.801086425781 278.229034423828 278.218597412109 278.568542480469 279.137084960938 279.674530029297 279.793243408203 279.468383789062 279.205291748047 279.327850341797 279.496337890625 279.381744384766 278.992431640625 278.83203125 279.15234375 279.431945800781 279.434326171875 279.541961669922 279.601806640625 279.800964355469
277.369659423828 277.512664794922 275.013824462891 266.870758056641 267.696441650391 271.921966552734 275.301208496094 276.218475341797 276.548461914062 275.625396728516 270.972564697266 268.571319580078 272.165832519531 276.191741943359 259.584045410156 259.671600341797 262.874694824219 267.484924316406 274.949859619141 275.806060791016 275.587982177734 276.123504638672 275.964385986328 275.678558349609 275.415557861328 275.630615234375 275.032897949219 274.123565673828 275.492706298828 277.634918212891 278.243682861328 278.520782470703 278.347412109375 278.647338867188 279.052947998047 279.637084960938 279.774200439453 279.112854003906 278.77001953125 278.873962402344 279.107666015625 279.058776855469 279.053192138672 278.905242919922 279.255737304688 279.821685791016 279.771240234375 279.598999023438 279.692535400391 279.745422363281
277.4658203125 277.176300048828 275.79833984375 267.234497070312 265.898010253906 269.872467041016 275.220977783203 276.022033691406 276.678588867188 276.820373535156 276.024383544922 274.974670410156 275.422973632812 275.741485595703 263.193786621094 257.752563476562 257.246887207031 259.539093017578 269.991455078125 275.813812255859 275.27294921875 274.692749023438 274.357696533203 275.666137695312 275.771484375 275.316558837891 270.051574707031 271.946350097656 276.687713623047 278.218872070312 278.640014648438 278.646942138672 278.733245849609 278.861206054688 279.224060058594 279.674774169922 279.590576171875 278.941497802734 278.676330566406 278.486175537109 278.694427490234 278.847839355469 278.796875 278.931182861328 279.57177734375 279.76318359375 279.74755859375 279.642120361328 279.775451660156 279.860443115234
277.401000976562 276.471313476562 275.562896728516 270.768280029297 266.241333007812 269.004211425781 275.188049316406 276.102264404297 276.916778564453 276.600769042969 275.509460449219 275.435150146484 275.479187011719 275.126159667969 259.233001708984 253.738723754883 250.693725585938 252.494567871094 259.953918457031 266.826202392578 271.799194335938 272.679718017578 273.614440917969 276.194641113281 276.387390136719 275.694976806641 273.23974609375 275.589996337891 278.549682617188 278.653686523438 278.744750976562 278.693481445312 278.854858398438 278.919647216797 279.285919189453 279.296875 279.15966796875 278.838958740234 278.534881591797 278.378112792969 278.391632080078 278.808044433594 278.736358642578 278.931884765625 279.652801513672 279.718811035156 279.650604248047 279.680084228516 279.652282714844 280.046691894531
276.92822265625 274.800659179688 268.671020507812 269.751251220703 270.785766601562 271.053314208984 272.518035888672 275.649993896484 276.725860595703 276.606506347656 275.550323486328 275.599578857422 275.247650146484 272.411437988281 262.613891601562 257.814483642578 255.900360107422 251.315734863281 255.254852294922 262.110290527344 271.935455322266 272.702911376953 275.524597167969 276.567047119141 276.713165283203 276.758026123047 277.948944091797 278.562896728516 278.758361816406 278.915161132812 278.798095703125 278.825836181641 278.838256835938 278.815673828125 278.859130859375 278.752716064453 278.749420166016 278.273223876953 278.148773193359 278.445373535156 278.557800292969 278.835296630859 279.100616455078 -9999 279.673431396484 279.799865722656 279.691223144531 279.746002197266 279.791961669922 280.145935058594
274.219146728516 269.794128417969 265.602783203125 264.119171142578 272.661651611328 272.478149414062 272.427642822266 275.387329101562 276.436614990234 276.742004394531 275.713562011719 275.045349121094 275.047515869141 273.161254882812 269.593780517578 265.168029785156 267.199188232422 263.104583740234 266.802978515625 270.586059570312 275.004028320312 274.873657226562 276.969390869141 276.92236328125 277.044738769531 277.423126220703 277.205841064453 277.586242675781 278.396667480469 278.942504882812 278.8037109375 278.608581542969 278.691986083984 278.592163085938 278.379302978516 278.5419921875 278.557678222656 277.724517822266 277.924346923828 278.610382080078 278.617156982422 278.837646484375 279.171295166016 279.555236816406 279.791046142578 279.841827392578 279.641479492188 279.6806640625 279.91357421875 279.916107177734
270.995544433594 264.997589111328 265.847320556641 259.754943847656 269.974182128906 272.508819580078 274.266418457031 275.578765869141 276.223693847656 276.487335205078 275.504547119141 274.265899658203 274.799102783203 275.512542724609 268.656402587891 262.400726318359 265.332092285156 265.661926269531 267.379913330078 267.433746337891 268.612182617188 269.161499023438 269.653472900391 275.691925048828 276.886199951172 276.713317871094 276.861633300781 277.540344238281 278.505096435547 278.756927490234 278.753814697266 278.312042236328 278.647338867188 278.631103515625 278.312683105469 278.055419921875 277.994842529297 277.507019042969 277.786102294922 278.584259033203 278.607666015625 278.631195068359 278.902099609375 279.107025146484 279.228210449219 279.728820800781 279.720794677734 279.612670898438 279.719482421875 279.389556884766
272.923065185547 268.397735595703 264.480834960938 255.63525390625 267.025360107422 269.152801513672 274.102630615234 274.996276855469 275.929016113281 276.079772949219 275.656036376953 274.524780273438 274.472808837891 275.3740234375 268.469970703125 258.084289550781 257.655670166016 257.867462158203 258.637298583984 259.83984375 260.795196533203 260.922546386719 260.977203369141 266.691711425781 268.350769042969 273.703399658203 277.452880859375 278.160736083984 278.787261962891 278.627593994141 278.278045654297 278.252868652344 278.330474853516 278.417633056641 278.489959716797 277.755279541016 277.341583251953 277.585113525391 277.809448242188 278.104034423828 278.237640380859 278.319396972656 278.920684814453 279.154571533203 279.248474121094 279.317901611328 279.673828125 279.586608886719 279.677856445312 279.415924072266
275.719055175781 272.394378662109 263.029205322266 255.875915527344 268.302520751953 270.107421875 273.462890625 274.792175292969 275.468200683594 275.158752441406 275.643188476562 274.496368408203 273.577362060547 275.084106445312 272.255401611328 266.365478515625 264.694763183594 265.475769042969 264.010955810547 260.760528564453 261.573150634766 261.987701416016 259.418823242188 261.366546630859 261.489807128906 274.759185791016 277.607269287109 277.866729736328 278.187438964844 278.168212890625 277.879852294922 278.084197998047 278.060180664062 278.188751220703 278.211578369141 277.669799804688 277.014862060547 277.712585449219 277.621429443359 277.372772216797 277.736602783203 278.330810546875 279.249938964844 279.451812744141 279.659637451172 279.447570800781 279.572784423828 279.568969726562 279.752990722656 279.774108886719
275.924468994141 272.713897705078 263.485931396484 266.265472412109 272.500030517578 274.004058837891 273.999359130859 275.144897460938 274.954132080078 273.524749755859 275.197082519531 274.695220947266 273.572021484375 274.509460449219 274.117065429688 274.033020019531 273.668060302734 273.004180908203 268.519805908203 263.677459716797 266.533508300781 267.694488525391 262.371734619141 258.826507568359 257.802368164062 271.037719726562 277.476593017578 277.391540527344 277.261566162109 277.593383789062 277.816833496094 277.891540527344 278.021270751953 278.129730224609 277.800170898438 277.173797607422 276.816864013672 277.75341796875 277.600799560547 277.474182128906 278.036254882812 278.651062011719 279.470825195312 279.648254394531 279.7216796875 279.627014160156 279.572387695312 279.568511962891 279.743957519531 279.789825439453
274.771270751953 271.907836914062 263.497039794922 273.532470703125 273.952331542969 274.582214355469 275.210540771484 275.352233886719 274.024169921875 271.510894775391 271.232360839844 273.920715332031 273.477386474609 274.13330078125 273.194122314453 272.236236572266 274.382141113281 273.193176269531 271.526794433594 269.504302978516 269.654907226562 273.424743652344 265.979095458984 262.470581054688 271.318725585938 277.405975341797 276.705444335938 277.051208496094 276.698944091797 277.038116455078 278.178039550781 278.551239013672 -9999 278.111480712891 277.808258056641 278.111114501953 278.42626953125 278.267669677734 278.250610351562 278.458465576172 279.017944335938 279.56884765625 279.805511474609 279.750152587891 279.746246337891 279.725280761719 279.670440673828 279.64208984375 279.575805664062 279.646331787109
272.782470703125 273.568817138672 266.849731445312 270.044342041016 273.753875732422 274.44775390625 275.126434326172 274.746765136719 271.734161376953 265.664886474609 263.734985351562 273.364868164062 274.077545166016 274.75830078125 272.467529296875 269.869110107422 273.551727294922 274.647277832031 274.453704833984 274.297088623047 272.887390136719 -9999 265.468780517578 265.328857421875 276.387420654297 277.572052001953 276.341827392578 276.284942626953 276.685668945312 277.101593017578 278.005187988281 278.353820800781 278.686859130859 278.492980957031 278.111389160156 278.413330078125 278.805084228516 278.517303466797 278.215057373047 278.755859375 279.016326904297 279.295257568359 279.363189697266 279.456207275391 279.746002197266 279.741973876953 279.737854003906 279.692687988281 279.558654785156 279.594970703125
271.737213134766 272.737640380859 269.337188720703 260.803527832031 267.4814453125 274.383392333984 274.897796630859 274.154174804688 270.004028320312 260.910522460938 259.531311035156 270.908752441406 274.62744140625 275.226409912109 273.406158447266 270.207153320312 271.007293701172 274.549652099609 275.379760742188 -9999 275.784301757812 -9999 264.455383300781 268.968383789062 277.415374755859 277.239074707031 276.173767089844 276.024322509766 276.716949462891 277.377502441406 278.012573242188 278.341827392578 278.626739501953 278.81298828125 278.543151855469 278.558197021484 279.037628173828 278.661071777344 278.261291503906 278.445831298828 279.050659179688 279.380035400391 279.331237792969 279.543182373047 279.745758056641 279.741638183594 279.737426757812 279.716674804688 279.557983398438 279.593902587891
272.966949462891 271.163757324219 268.718353271484 255.072860717773 258.89794921875 270.781768798828 273.808959960938 270.995697021484 268.739135742188 263.776672363281 257.899963378906 266.093505859375 275.136199951172 275.480712890625 273.09033203125 269.084228515625 269.692718505859 274.029602050781 274.741424560547 275.596282958984 -9999 -9999 270.757049560547 274.579925537109 276.926788330078 276.892150878906 276.329956054688 276.907379150391 277.299407958984 277.93115234375 -9999 278.664031982422 278.779083251953 -9999 278.971740722656 278.878692626953 279.221099853516 279.025634765625 278.870239257812 278.667297363281 279.282562255859 279.723419189453 279.649932861328 279.749694824219 279.745513916016 279.741271972656 279.736999511719 279.732696533203 279.557281494141 279.568908691406
270.366546630859 272.210479736328 270.30224609375 254.798553466797 258.207122802734 270.696563720703 269.059753417969 259.575622558594 257.501007080078 262.889801025391 265.980804443359 267.554107666016 271.413299560547 275.8369140625 272.698425292969 268.61474609375 269.949829101562 270.462615966797 274.122131347656 275.619506835938 -9999 -9999 276.0439453125 276.505737304688 276.632537841797 277.163879394531 276.567840576172 277.220581054688 277.406188964844 277.911651611328 -9999 278.058654785156 278.428466796875 -9999 -9999 279.322509765625 -9999 279.149536132812 279.235137939453 279.137115478516 279.289276123047 279.684722900391 279.753723144531 279.749481201172 279.745208740234 279.740875244141 279.736511230469 279.732116699219 279.556549072266 279.552032470703
264.42333984375 272.109558105469 270.789031982422 259.070281982422 263.220947265625 271.802917480469 262.183044433594 250.866928100586 245.210647583008 254.031387329102 268.768737792969 272.587463378906 271.8359375 275.884674072266 274.100769042969 271.130187988281 268.4189453125 265.800750732422 270.771484375 275.6923828125 276.265625 276.748504638672 276.180328369141 276.258331298828 276.874084472656 277.558959960938 276.948059082031 277.354522705078 277.247619628906 277.774993896484 277.700836181641 277.295440673828 277.889373779297 278.845489501953 279.285125732422 279.321868896484 279.2890625 279.293975830078 279.318542480469 279.442413330078 279.414031982422 279.511077880859 279.558654785156 279.601440429688 279.744873046875 279.740478515625 279.736022949219 279.636810302734 279.655181884766 279.627288818359
261.907989501953 270.166076660156 269.286193847656 264.744934082031 267.491882324219 270.332458496094 258.596496582031 247.785736083984 241.134521484375 252.600769042969 266.179534912109 273.797760009766 274.657836914062 275.921997070312 275.010284423828 271.733154296875 267.244537353516 267.360229492188 271.423248291016 275.663848876953 276.301635742188 276.886962890625 276.227020263672 276.053161621094 276.81005859375 277.801116943359 277.255187988281 277.930053710938 277.762390136719 277.880981445312 277.714416503906 277.425476074219 277.740966796875 278.873352050781 279.0537109375 279.162719726562 279.349060058594 279.279632568359 279.42578125 279.599822998047 279.554626464844 279.424499511719 279.420074462891 279.472717285156 279.670196533203 279.716430664062 279.660522460938 279.501770019531 279.149108886719 279.320098876953
264.287994384766 269.142852783203 269.03466796875 265.640472412109 265.525573730469 261.305206298828 259.383087158203 250.618362426758 247.491973876953 261.100891113281 271.412933349609 274.243927001953 274.774444580078 276.027282714844 275.322692871094 271.513793945312 267.957641601562 272.893676757812 275.201751708984 276.325256347656 276.711273193359 277.000457763672 276.505554199219 276.048126220703 276.756622314453 277.942779541016 277.700927734375 277.737182617188 278.227386474609 278.406280517578 278.255462646484 278.055053710938 278.005340576172 278.963012695312 279.000762939453 279.139221191406 279.199829101562 279.2158203125 279.356994628906 279.6728515625 279.578460693359 279.497894287109 279.419860839844 279.431945800781 -9999 -9999 279.589385986328 279.199676513672 279.332214355469 279.435516357422
