rcp8.5models/GFDL_CM3/sc1gr3.18
NCOLS 261 
NROWS 433 
XLLCORNER 336357.134 
YLLCORNER 654653.479 
CELLSIZE 1000 
NODATA_value -3.4e+38 
[rows 286 to 307 of 433, columns 98 to 146 of 261]
273.009124755859 272.554321289062 271.571044921875 272.840087890625 272.9755859375 272.575897216797 271.343902587891 270.811553955078 271.910278320312 269.28271484375 264.269500732422 258.445190429688 251.401031494141 248.922256469727 252.906326293945 252.583557128906 253.643920898438 253.753662109375 253.652801513672 254.457138061523 255.86262512207 252.618423461914 244.042327880859 236.736083984375 229.225784301758 226.664505004883 242.377960205078 245.977401733398 247.77424621582 248.434646606445 251.425003051758 252.778411865234 250.402038574219 250.247161865234 249.310653686523 250.721771240234 255.375900268555 -3.4e+38 -3.4e+38 250.994506835938 251.722061157227 -3.4e+38 -3.4e+38 252.43603515625 247.424346923828 237.883575439453 229.439605712891 228.125076293945 228.627731323242
267.725494384766 268.118041992188 268.696746826172 272.215576171875 272.705688476562 272.161315917969 272.074310302734 272.009033203125 270.815643310547 270.333587646484 270.100708007812 265.643341064453 256.3876953125 249.924987792969 251.925079345703 251.065368652344 252.414016723633 252.604797363281 252.564468383789 252.896148681641 254.745025634766 251.665237426758 241.306381225586 230.589935302734 222.833419799805 221.518707275391 236.421951293945 237.784027099609 237.943557739258 241.901123046875 247.722030639648 249.445388793945 249.562377929688 251.371795654297 252.927185058594 253.558670043945 254.286880493164 254.748764038086 254.028656005859 -3.4e+38 248.263168334961 252.933349609375 254.859008789062 250.373626708984 245.799621582031 239.431259155273 237.13020324707 235.396835327148 229.513656616211
266.927093505859 266.625823974609 267.159149169922 271.893981933594 272.752899169922 272.288940429688 272.027130126953 271.787841796875 270.467559814453 270.081909179688 271.003234863281 269.064086914062 263.360595703125 255.451110839844 252.004119873047 249.969543457031 249.084609985352 251.815093994141 252.098754882812 252.431243896484 254.202026367188 253.734878540039 246.400329589844 233.345764160156 223.930130004883 216.945617675781 227.158126831055 229.124008178711 227.836959838867 233.308395385742 241.49739074707 245.55680847168 249.595092773438 251.628921508789 253.56135559082 253.072052001953 252.235061645508 250.643432617188 250.232482910156 251.953582763672 246.478698730469 244.328369140625 252.805191040039 254.252334594727 247.982635498047 243.238800048828 247.369232177734 242.02522277832 240.618362426758
268.050964355469 268.045928955078 268.402374267578 271.910003662109 272.618438720703 272.652221679688 272.260925292969 272.028350830078 271.271362304688 267.769927978516 264.226776123047 263.955535888672 260.046844482422 255.453323364258 252.785827636719 249.630645751953 249.897705078125 252.940948486328 253.167785644531 253.298355102539 254.067977905273 255.225173950195 251.987335205078 241.265884399414 231.93017578125 220.892730712891 221.720153808594 222.787094116211 222.698577880859 225.296997070312 234.186859130859 240.603424072266 243.44059753418 245.785125732422 249.450881958008 251.246231079102 250.58332824707 248.607147216797 249.473129272461 252.291351318359 249.051605224609 242.718368530273 -3.4e+38 255.201614379883 252.892868041992 247.991561889648 253.146179199219 248.785491943359 249.075225830078
265.897552490234 267.980102539062 269.272216796875 269.278076171875 271.046478271484 272.504486083984 271.861175537109 271.671234130859 271.346954345703 269.626159667969 263.753601074219 259.388519287109 257.613677978516 250.629013061523 251.45573425293 249.903793334961 250.642776489258 252.589065551758 254.01091003418 254.366424560547 254.378570556641 255.40788269043 254.295150756836 249.199279785156 244.516891479492 238.030014038086 223.232727050781 228.584243774414 230.773880004883 229.58332824707 223.391937255859 214.737075805664 216.850112915039 224.862426757812 229.298324584961 237.13720703125 245.522048950195 243.582504272461 240.84114074707 243.108795166016 246.553665161133 243.295654296875 242.039855957031 251.750625610352 -3.4e+38 254.543060302734 258.332855224609 259.053161621094 257.452789306641
254.229782104492 262.930450439453 266.215362548828 266.242126464844 270.152679443359 271.366760253906 271.194183349609 271.045318603516 271.19091796875 271.030944824219 268.454681396484 260.645629882812 253.801376342773 251.600143432617 249.171920776367 249.064666748047 250.026641845703 250.935607910156 252.663116455078 254.207382202148 254.199172973633 254.829772949219 253.934463500977 249.487167358398 246.789764404297 242.518783569336 226.169784545898 229.043350219727 233.358581542969 231.843276977539 226.490615844727 215.787857055664 211.006057739258 213.740356445312 219.350555419922 227.654251098633 237.128204345703 243.846771240234 241.555145263672 242.539154052734 244.607635498047 242.070846557617 242.469924926758 252.916244506836 262.268829345703 262.664184570312 265.634399414062 265.457794189453 260.056823730469
246.086975097656 252.870727539062 259.065643310547 260.084014892578 267.207397460938 270.509704589844 270.555694580078 270.639312744141 270.663635253906 270.778747558594 270.146942138672 261.920928955078 252.830230712891 253.908432006836 245.176223754883 245.700317382812 249.690353393555 250.432510375977 252.351867675781 252.856964111328 253.382278442383 254.616973876953 254.143829345703 248.868286132812 245.158187866211 243.751739501953 234.588439941406 232.40478515625 231.844665527344 229.137329101562 226.923934936523 220.306167602539 212.117279052734 210.45735168457 217.414245605469 223.163436889648 -3.4e+38 243.052047729492 245.051208496094 244.14387512207 240.201675415039 237.970901489258 237.515579223633 243.883148193359 255.829376220703 262.7119140625 -3.4e+38 -3.4e+38 -3.4e+38
254.346282958984 252.8837890625 257.972930908203 263.305480957031 268.329437255859 270.766632080078 271.057983398438 270.870025634766 269.947875976562 269.554168701172 270.321655273438 267.253173828125 260.962280273438 259.322448730469 243.11767578125 242.734786987305 247.371704101562 248.127456665039 252.662979125977 254.037261962891 254.320281982422 254.64665222168 251.832550048828 245.608764648438 243.019775390625 243.97412109375 240.945190429688 234.058044433594 227.163482666016 222.153305053711 220.642639160156 221.569259643555 216.860137939453 216.047927856445 220.339263916016 222.734954833984 225.708038330078 242.886306762695 244.755279541016 243.057510375977 237.50520324707 231.965347290039 230.265884399414 234.749389648438 241.836227416992 247.261642456055 253.904861450195 262.959777832031 -3.4e+38
266.947296142578 263.765533447266 265.726898193359 269.331817626953 270.629241943359 271.261962890625 271.110809326172 270.678253173828 269.522308349609 268.794342041016 269.695159912109 269.723266601562 267.704711914062 265.002563476562 246.337432861328 243.484680175781 249.660690307617 249.519729614258 254.283264160156 255.311187744141 253.663940429688 251.495376586914 247.06787109375 241.962493896484 239.885879516602 239.668716430664 241.132537841797 234.458602905273 225.641357421875 220.268005371094 214.967681884766 217.011627197266 220.074462890625 222.764938354492 226.308959960938 227.515899658203 230.880279541016 242.55094909668 240.865661621094 240.828125 238.328842163086 230.432815551758 223.589965820312 218.463134765625 220.847412109375 228.763046264648 238.399612426758 255.893981933594 256.293365478516
269.683135986328 265.709075927734 263.063171386719 267.420837402344 267.185913085938 270.572692871094 270.164733886719 269.450134277344 268.724853515625 268.277709960938 268.792449951172 268.967041015625 269.304229736328 266.191619873047 249.635238647461 244.221633911133 253.932418823242 254.152496337891 255.662124633789 254.338531494141 249.892303466797 245.371505737305 241.799041748047 238.438217163086 235.525970458984 233.942459106445 239.193435668945 236.917556762695 228.396469116211 221.068771362305 212.719131469727 210.296585083008 217.120849609375 224.696533203125 229.803405761719 233.658386230469 238.210479736328 237.695358276367 232.46533203125 233.237091064453 234.273071289062 229.162490844727 218.508544921875 205.587295532227 207.477111816406 220.156234741211 234.502380371094 254.507400512695 255.567291259766
267.493011474609 261.872161865234 251.385070800781 255.080383300781 260.764831542969 269.178588867188 270.122833251953 269.367218017578 268.814361572266 268.141052246094 266.175506591797 262.732086181641 262.589080810547 261.282287597656 241.965560913086 240.440444946289 253.473693847656 255.605041503906 255.278549194336 252.449813842773 245.046264648438 237.441680908203 234.604385375977 234.747604370117 232.539962768555 230.901580810547 231.482330322266 235.155227661133 232.508575439453 222.921585083008 212.405883789062 206.507354736328 210.652038574219 221.963348388672 229.437438964844 235.35041809082 239.033996582031 233.902191162109 226.746826171875 224.609069824219 225.961456298828 226.37223815918 218.180938720703 207.922866821289 207.275787353516 220.231796264648 236.550323486328 254.881362915039 256.840301513672
265.479125976562 259.391632080078 243.42121887207 244.680603027344 256.188415527344 268.865905761719 270.751617431641 270.237884521484 269.877227783203 269.423126220703 266.307006835938 256.304016113281 250.390640258789 252.608673095703 239.616195678711 242.380386352539 251.884292602539 254.831771850586 254.524307250977 250.545013427734 242.624176025391 234.723724365234 232.367309570312 235.973815917969 235.22900390625 231.605941772461 222.829818725586 228.866134643555 232.820983886719 225.548736572266 213.830078125 204.747772216797 203.286193847656 212.698715209961 224.715042114258 231.509521484375 235.94352722168 233.939514160156 230.84846496582 223.786392211914 220.48112487793 222.130523681641 220.298370361328 213.031219482422 212.245727539062 223.814178466797 240.040863037109 255.99658203125 256.266632080078
260.193481445312 256.064483642578 244.874450683594 244.433578491211 257.541351318359 267.180145263672 270.063385009766 270.299285888672 269.592254638672 265.610198974609 259.848693847656 251.472564697266 241.900863647461 244.598831176758 238.388519287109 239.768661499023 247.165954589844 253.779556274414 253.561950683594 250.446014404297 244.65478515625 240.870223999023 238.194244384766 237.183990478516 234.26904296875 230.231353759766 223.21516418457 223.506408691406 224.359283447266 221.764984130859 212.778244018555 201.89485168457 196.897567749023 204.618362426758 218.499816894531 225.316787719727 229.907501220703 230.463989257812 231.790451049805 225.133865356445 220.85676574707 221.338668823242 224.583557128906 223.16145324707 224.153472900391 231.126708984375 245.486694335938 257.218017578125 250.761993408203
262.216430664062 256.232666015625 246.367263793945 242.600982666016 248.469833374023 252.268310546875 262.118194580078 267.070281982422 259.865814208984 246.819381713867 244.370391845703 243.984725952148 239.552551269531 240.496871948242 235.837280273438 236.336395263672 245.421447753906 252.826416015625 252.085052490234 251.059463500977 245.900405883789 241.245208740234 235.288543701172 228.179718017578 223.954711914062 222.776550292969 223.56413269043 222.083770751953 218.334320068359 215.204879760742 208.87321472168 198.996673583984 193.950332641602 202.706161499023 212.340545654297 215.061065673828 218.423797607422 223.557815551758 225.162109375 221.538360595703 219.447448730469 223.886367797852 228.500015258789 233.156463623047 237.879302978516 242.885147094727 252.446624755859 252.778564453125 245.212951660156
257.307830810547 247.21989440918 239.816909790039 231.336090087891 234.062637329102 236.925048828125 244.691665649414 253.336975097656 253.991195678711 239.774017333984 233.898025512695 240.766311645508 241.563293457031 238.106964111328 236.772430419922 238.931121826172 247.637405395508 250.998962402344 248.723129272461 249.214965820312 247.468505859375 238.887130737305 228.154205322266 221.971618652344 218.220474243164 216.690338134766 219.721557617188 221.424331665039 218.760208129883 211.617172241211 203.047286987305 195.038803100586 192.451156616211 202.147766113281 206.214874267578 202.775939941406 205.399322509766 216.889984130859 218.682693481445 216.573150634766 214.922012329102 220.265609741211 228.062927246094 236.8349609375 245.220993041992 246.953689575195 245.177551269531 239.228042602539 235.809204101562
237.34326171875 228.595443725586 225.949783325195 219.404327392578 218.948440551758 223.690170288086 225.707992553711 230.309921264648 237.159042358398 241.591583251953 238.832214355469 235.952087402344 235.55729675293 235.175064086914 238.286651611328 239.378189086914 246.320953369141 248.848937988281 244.555068969727 238.80924987793 236.092575073242 236.476577758789 231.108978271484 224.442184448242 222.798965454102 223.318634033203 212.548889160156 208.163772583008 209.1376953125 209.417495727539 205.992889404297 198.950119018555 190.130279541016 186.978317260742 184.304809570312 181.73225402832 187.826644897461 201.181427001953 206.139144897461 206.326782226562 204.441329956055 206.977096557617 217.69743347168 234.371841430664 239.398971557617 230.914169311523 225.178695678711 219.138977050781 213.347122192383
246.669860839844 236.814056396484 231.399963378906 222.948440551758 218.603408813477 221.30729675293 228.3837890625 232.330825805664 234.440567016602 236.57209777832 237.136947631836 236.65283203125 236.035354614258 235.695037841797 237.347106933594 239.083251953125 249.364181518555 248.136123657227 242.659484863281 234.142532348633 230.5400390625 230.140167236328 225.590286254883 219.350006103516 215.145721435547 218.446823120117 215.839462280273 211.892929077148 207.814300537109 201.995040893555 198.163101196289 196.214477539062 189.518447875977 180.582656860352 175.215759277344 174.863464355469 182.172866821289 195.022048950195 197.106781005859 196.589157104492 194.739593505859 198.88020324707 211.460037231445 227.399566650391 233.263031005859 224.415161132812 217.939331054688 211.462615966797 208.354934692383
246.98649597168 238.103393554688 233.551712036133 221.693008422852 219.3232421875 221.22248840332 227.789154052734 231.535614013672 229.588714599609 230.003387451172 231.462966918945 233.747543334961 233.66877746582 234.433959960938 236.546722412109 237.833953857422 245.942886352539 244.925903320312 242.165115356445 233.212905883789 224.929580688477 220.236938476562 217.529281616211 213.694030761719 206.705856323242 209.906127929688 219.984039306641 216.604507446289 211.111053466797 201.044372558594 193.785507202148 193.399810791016 188.214569091797 180.359176635742 173.550537109375 171.779922485352 178.721313476562 190.541580200195 189.772750854492 188.545181274414 191.358764648438 201.411270141602 216.49967956543 227.766677856445 226.883651733398 216.60693359375 208.876892089844 203.671295166016 208.538009643555
244.519821166992 242.97721862793 238.315185546875 230.467819213867 225.808609008789 226.390670776367 226.102157592773 225.940948486328 222.540283203125 220.318710327148 222.430389404297 224.915267944336 227.483627319336 231.643997192383 240.774047851562 244.365524291992 245.670043945312 244.352905273438 241.989395141602 232.743835449219 220.871505737305 213.599807739258 211.777069091797 209.017166137695 203.73583984375 205.496536254883 225.284759521484 220.662200927734 216.332946777344 209.50830078125 199.394317626953 192.692596435547 189.145950317383 184.301971435547 178.82633972168 173.049041748047 174.40104675293 182.246994018555 182.06477355957 185.754333496094 198.555770874023 213.164001464844 225.487838745117 229.247360229492 222.355850219727 210.746368408203 200.810043334961 194.557266235352 201.949508666992
252.307952880859 252.269607543945 246.674179077148 238.538757324219 227.912750244141 226.955596923828 222.993499755859 219.392135620117 214.620880126953 209.074554443359 212.123901367188 214.498001098633 222.725479125977 232.481292724609 244.8349609375 247.859466552734 245.238784790039 241.713745117188 240.437393188477 236.810287475586 226.863967895508 220.144912719727 218.063400268555 217.077743530273 213.190002441406 213.419998168945 232.195373535156 229.505462646484 224.060974121094 220.267120361328 211.944793701172 202.059722900391 194.541885375977 188.410949707031 184.019943237305 177.122406005859 172.291687011719 178.69499206543 184.862594604492 192.174652099609 205.61328125 219.570419311523 223.665252685547 220.813034057617 215.840393066406 205.70475769043 196.469863891602 189.91877746582 192.023071289062
247.327163696289 241.58235168457 243.023056030273 238.692642211914 229.872421264648 224.810684204102 219.638153076172 216.258148193359 213.230712890625 207.837860107422 206.724731445312 214.405212402344 225.320495605469 234.016067504883 245.772018432617 246.630126953125 243.044189453125 236.468231201172 235.589141845703 239.089218139648 237.399948120117 233.743560791016 232.486175537109 233.053619384766 230.459671020508 230.803680419922 236.961532592773 -3.4e+38 233.163986206055 230.171661376953 224.654281616211 216.16943359375 204.191909790039 194.657028198242 189.016235351562 181.231155395508 173.677642822266 179.06901550293 194.507369995117 203.110931396484 211.465270996094 216.966598510742 212.258071899414 209.6650390625 206.818939208984 198.375381469727 191.157287597656 187.71809387207 188.002578735352
231.475036621094 228.142318725586 236.025924682617 237.606109619141 235.113372802734 228.268188476562 222.382110595703 218.149230957031 215.44563293457 217.168304443359 218.044784545898 225.112808227539 232.341934204102 238.889724731445 246.438125610352 245.482482910156 242.392974853516 235.567092895508 231.331420898438 232.900650024414 235.579406738281 -3.4e+38 -3.4e+38 -3.4e+38 -3.4e+38 -3.4e+38 -3.4e+38 235.974609375 -3.4e+38 -3.4e+38 231.442184448242 225.259307861328 214.095443725586 202.128372192383 192.846832275391 183.247543334961 175.101989746094 182.457778930664 198.577590942383 208.410263061523 213.910705566406 211.16552734375 200.368759155273 196.467544555664 195.668258666992 189.738540649414 184.948303222656 183.713012695312 184.815643310547
