rcp8.5models/GFDL_CM3/sc1gr21.24
NCOLS 261 
NROWS 433 
XLLCORNER 336357.134 
YLLCORNER 654653.479 
CELLSIZE 1000 
NODATA_value -9999 
[rows 161 to 183 of 433, columns 150 to 199 of 261]
3.5012640953064 3.46499609947205 3.46501016616821 5.07373237609863 20.3509540557861 68.1213531494141 123.182243347168 143.580413818359 148.313522338867 157.921585083008 174.229095458984 -9999 -9999 222.817916870117 322.552978515625 371.695983886719 377.427398681641 334.585845947266 291.761535644531 270.210906982422 259.952606201172 276.988433837891 311.631744384766 386.312286376953 404.396087646484 108.343383789062 86.3781967163086 63.227783203125 36.3776359558105 22.3016967773438 17.0419044494629 15.2418375015259 15.1749000549316 10.8929853439331 6.96267175674438 13.7086162567139 46.9536781311035 107.43537902832 82.0229110717773 80.6055603027344 92.4010009765625 104.278205871582 132.719909667969 192.327545166016 306.717254638672 452.324951171875 470.87890625 279.30517578125 79.5429000854492 54.9131469726562
3.48506188392639 3.44405221939087 3.44405364990234 5.52463626861572 24.3765983581543 78.7108688354492 129.874984741211 138.408767700195 138.76008605957 140.132247924805 -9999 -9999 -9999 187.102188110352 709.432800292969 840.968627929688 624.374206542969 479.06494140625 427.501831054688 374.929046630859 303.104400634766 238.385009765625 170.95947265625 -9999 134.073989868164 41.7097663879395 33.7618827819824 22.0430355072021 12.6457328796387 10.3126640319824 10.1651277542114 10.6239519119263 10.8926515579224 9.40313911437988 8.8824634552002 18.6551036834717 53.6350898742676 112.653541564941 98.9984741210938 96.6584243774414 107.998382568359 133.939819335938 181.809036254883 232.266342163086 276.533538818359 291.6162109375 224.835906982422 109.82186126709 47.2691535949707 45.4608459472656
3.48376727104187 3.44240474700928 3.44240498542786 5.33988666534424 22.7258777618408 73.9873275756836 125.527297973633 137.712814331055 138.306701660156 140.114562988281 -9999 -9999 -9999 243.492630004883 890.36767578125 878.7041015625 600.034912109375 453.559661865234 411.134613037109 351.361145019531 271.227508544922 166.869201660156 62.9824523925781 24.7422695159912 23.17551612854 13.1659536361694 12.1820421218872 10.3808994293213 9.22412490844727 9.11046123504639 9.14603996276855 9.2478141784668 9.29754734039307 9.2959041595459 11.4204216003418 21.8805847167969 43.7319526672363 71.7841644287109 70.5848541259766 77.5546646118164 101.628028869629 151.924911499023 242.808807373047 377.561431884766 456.0888671875 330.680358886719 142.55436706543 76.1569061279297 52.0617370605469 50.7066612243652
3.48375082015991 3.44240498542786 3.44240522384644 4.28723526000977 12.8586940765381 43.7435302734375 92.5905151367188 129.20100402832 140.999740600586 143.331802368164 -9999 -9999 246.786544799805 424.959320068359 729.599365234375 557.350402832031 443.860321044922 366.392791748047 295.992797851562 220.007171630859 160.177337646484 83.0363845825195 19.8077182769775 8.80861473083496 8.82065868377686 9.43824768066406 9.52448177337646 9.23763656616211 9.10592269897461 9.10592269897461 -9999 9.1174430847168 9.18412971496582 9.69655132293701 13.6085786819458 25.825496673584 40.1431694030762 47.3164596557617 48.2394142150879 54.2363739013672 76.7686462402344 129.134689331055 203.953277587891 299.905792236328 361.004425048828 264.543243408203 129.275024414062 90.5632705688477 54.5073089599609 53.2860641479492
3.48373413085938 3.44240498542786 3.4432532787323 3.73758625984192 6.27770566940308 20.0311603546143 64.1045761108398 138.54182434082 184.303314208984 181.397506713867 205.338943481445 249.790191650391 285.628234863281 396.923736572266 485.053771972656 361.316528320312 281.587493896484 191.00276184082 123.093223571777 76.7079162597656 52.5966758728027 26.3758144378662 8.71473979949951 7.71825075149536 7.86731672286987 9.21462821960449 9.52458000183105 9.23769378662109 9.10592365264893 9.10592365264893 9.12894725799561 9.47320175170898 11.3210172653198 15.8339414596558 22.5853977203369 32.1706809997559 40.3613891601562 42.912036895752 43.504093170166 45.778865814209 57.4484481811523 88.8182754516602 123.379180908203 143.633346557617 163.66911315918 158.622772216797 127.749404907227 100.890663146973 53.5784149169922 54.0163040161133
3.48371767997742 3.4424831867218 3.45907211303711 4.34667253494263 5.9864296913147 12.1828832626343 43.8667182922363 126.363151550293 210.060501098633 232.952590942383 246.350524902344 265.211700439453 274.510589599609 327.026245117188 316.121337890625 179.904861450195 106.745979309082 51.8772621154785 25.1871948242188 15.2667207717896 12.08851146698 9.05110359191895 7.27492237091064 7.32891416549683 7.65876579284668 9.34406089782715 9.52467918395996 9.23775196075439 -9999 9.10592365264893 9.32012176513672 -9999 18.9479351043701 27.9057941436768 32.9955940246582 36.5207786560059 38.9126663208008 39.7823600769043 40.2252082824707 42.3191833496094 50.5170135498047 66.581298828125 80.4966201782227 87.5796432495117 120.415725708008 185.850128173828 207.704284667969 161.759521484375 53.2804107666016 52.1798210144043
3.48370099067688 3.44463801383972 3.51713848114014 5.5888614654541 7.26373243331909 9.34970188140869 22.6008605957031 66.481803894043 131.81005859375 187.729309082031 231.892227172852 245.98828125 245.400344848633 312.695037841797 197.008895874023 46.245246887207 19.6761379241943 11.1477270126343 7.82638788223267 7.21799421310425 7.21799421310425 7.21799421310425 7.23238325119019 7.39295434951782 8.00458908081055 9.5452766418457 9.52477836608887 -9999 9.10592269897461 9.10588550567627 9.31650447845459 11.446099281311 -9999 23.5099945068359 25.0991649627686 25.7612018585205 25.8154907226562 25.8750610351562 26.2828540802002 28.4152336120605 41.7980918884277 75.2796325683594 105.781768798828 124.239379882812 174.524948120117 256.593231201172 288.858489990234 235.853561401367 55.7158050537109 46.596061706543
3.48368430137634 3.46101236343384 3.68657898902893 6.58087253570557 7.90567541122437 8.25123500823975 10.8574647903442 21.4198341369629 44.7162857055664 83.4037246704102 134.752044677734 174.29670715332 214.993103027344 329.430328369141 164.82080078125 10.8132066726685 7.21867990493774 7.21799421310425 7.21799421310425 7.21799421310425 7.21799421310425 7.21799421310425 7.23402547836304 7.41040563583374 8.0662784576416 9.58571529388428 9.52369213104248 -9999 9.10592269897461 9.10419845581055 9.1312952041626 9.50997257232666 10.6020736694336 11.3826503753662 11.4819307327271 11.6589679718018 11.5147171020508 11.4718112945557 11.6787347793579 12.6949853897095 22.1784439086914 56.5055351257324 111.602691650391 161.8408203125 214.678375244141 273.498718261719 286.931945800781 216.042633056641 47.608455657959 42.8206443786621
3.48366808891296 3.48703670501709 3.92010641098022 7.20905733108521 8.01458930969238 8.03552341461182 8.365966796875 10.6093816757202 17.7532234191895 31.6407699584961 56.3716812133789 98.9664840698242 180.330581665039 332.295471191406 199.018661499023 18.7542095184326 7.29119205474854 7.21799468994141 7.21799421310425 7.21799421310425 7.21799421310425 7.21799421310425 7.22441053390503 7.30474948883057 7.67398405075073 9.25411510467529 9.4991397857666 9.23792457580566 9.10592269897461 9.0850772857666 8.85927486419678 8.07064533233643 6.97689533233643 6.37361335754395 6.29736948013306 6.32237243652344 6.29942560195923 6.28973579406738 6.31646871566772 6.50232744216919 8.95198535919189 22.7517986297607 64.6122741699219 139.169723510742 215.128860473633 244.214416503906 202.992340087891 119.763732910156 39.771297454834 40.1144485473633
3.48370146751404 3.51108884811401 4.12840127944946 7.66964244842529 8.01881980895996 8.04438591003418 8.51071453094482 11.3062982559204 18.0838298797607 24.8985595703125 33.5195121765137 62.6585655212402 130.193740844727 233.027206420898 197.816040039062 -9999 11.2575531005859 8.77522754669189 7.55545425415039 7.21799468994141 7.21799468994141 7.21799468994141 7.21879482269287 7.23586368560791 7.37559032440186 8.89116668701172 9.46724605560303 9.23798274993896 9.10592365264893 9.07561874389648 8.75358390808105 7.67252635955811 6.31045579910278 5.73417043685913 5.7212085723877 5.7212085723877 5.7212085723877 5.72120904922485 5.7212085723877 5.7322096824646 5.90562295913696 9.49951457977295 38.5376091003418 122.492805480957 204.94384765625 197.252975463867 119.127708435059 55.2239227294922 37.9626922607422 39.6777801513672
3.56958174705505 3.61664986610413 4.33898735046387 7.93071699142456 8.01884078979492 8.12316036224365 9.25409603118896 13.6290445327759 20.7660675048828 25.2167854309082 29.1080112457275 49.8545303344727 98.5916290283203 148.042892456055 154.416152954102 97.2430953979492 58.7644386291504 -9999 13.912971496582 7.25983572006226 7.21799421310425 -9999 7.21799755096436 7.22201490402222 7.29470062255859 8.75430202484131 9.46033763885498 9.23803997039795 9.10592365264893 9.08927345275879 -9999 8.03534126281738 6.57680368423462 5.72330951690674 5.7212085723877 5.7212085723877 5.7212085723877 5.72120904922485 5.7212085723877 5.7212085723877 5.67867517471313 6.9670557975769 22.2952537536621 68.8545684814453 110.435424804688 100.460578918457 62.2434730529785 39.0384979248047 38.4508361816406 43.3873977661133
4.91812658309937 4.97941493988037 5.5640344619751 8.0096492767334 8.02130699157715 8.25416374206543 10.2851877212524 16.362232208252 23.0243244171143 25.1533222198486 27.3160552978516 43.5186729431152 86.0292053222656 122.684097290039 122.192764282227 109.895240783691 95.1357803344727 64.7748260498047 -9999 8.59163475036621 7.67933320999146 7.6264796257019 7.52282238006592 7.32627582550049 7.2903356552124 8.78646564483643 9.4958028793335 9.23809719085693 9.10592365264893 9.10001564025879 -9999 8.32659339904785 6.80508327484131 5.72937488555908 5.7212085723877 5.7212085723877 5.7212085723877 5.7212085723877 5.72120904922485 5.7212085723877 5.67695617675781 6.00849008560181 11.1243181228638 27.129732131958 43.0337066650391 44.8956871032715 40.1910820007324 37.6399879455566 41.6632385253906 52.786808013916
7.97696208953857 7.89241218566895 7.92217874526978 8.01881885528564 8.14916324615479 9.48387050628662 14.2670440673828 21.327808380127 25.03684425354 25.0962924957275 -9999 28.000581741333 37.5195007324219 51.5269927978516 53.8436889648438 48.8105735778809 45.5775451660156 41.9223556518555 37.0153121948242 30.7193050384521 26.9002552032471 26.1542778015137 23.9405174255371 18.4012298583984 13.0036535263062 10.8794097900391 13.4268751144409 13.5964984893799 11.6204404830933 9.90084648132324 -9999 8.53887939453125 7.36788082122803 6.1700267791748 5.74355411529541 5.7212085723877 5.7212085723877 5.72120904922485 5.7212085723877 5.7212085723877 5.67692136764526 5.67751836776733 7.50410652160645 15.4727048873901 28.7867908477783 36.0540046691895 36.525016784668 37.8263130187988 53.6157722473145 66.4370651245117
8.11470794677734 8.01881885528564 8.01881885528564 8.01881885528564 8.25759124755859 10.4388427734375 16.8795547485352 23.4791488647461 25.0962924957275 25.0962924957275 25.1210289001465 25.7300243377686 29.907735824585 40.9374160766602 51.8562202453613 47.641300201416 42.551685333252 39.8403015136719 38.4173393249512 34.8607521057129 31.7818088531494 31.1818866729736 30.2796993255615 27.6924648284912 24.1205291748047 21.6204795837402 24.1177749633789 23.7156219482422 20.8020420074463 -9999 -9999 8.88514995574951 7.95497035980225 6.5741753578186 5.77115821838379 5.7212085723877 5.7212085723877 5.72120904922485 5.72120904922485 5.7212085723877 5.67710065841675 5.57454681396484 6.2132773399353 9.98383617401123 17.8698768615723 23.6931591033936 26.8910350799561 33.3863220214844 58.3896331787109 66.7395401000977
8.21403980255127 8.13750839233398 8.13745880126953 8.13784027099609 8.62406730651855 12.7415542602539 23.1298313140869 29.1785850524902 26.0791110992432 25.4667720794678 25.4667224884033 25.8501949310303 29.411283493042 40.1143913269043 52.9766273498535 48.7765617370605 43.146484375 40.437614440918 39.7193069458008 37.6448440551758 34.9813995361328 33.149356842041 32.156852722168 31.6959705352783 30.9509773254395 30.2517395019531 30.6847057342529 28.8052005767822 26.5941638946533 22.1251888275146 -9999 -9999 8.06797885894775 6.91892337799072 5.8147349357605 5.4626030921936 5.46240472793579 5.46198415756226 5.46176099777222 5.46153020858765 5.46081495285034 5.50692701339722 -9999 -9999 -9999 14.7308416366577 17.115478515625 24.0324974060059 58.8180198669434 66.6082305908203
8.27689266204834 8.21291446685791 8.21290969848633 8.22372245788574 9.78837108612061 22.34352684021 51.8721771240234 61.401065826416 37.1588592529297 26.2000408172607 25.7036609649658 26.0767097473145 29.5558547973633 40.1078414916992 53.9287261962891 50.8963432312012 45.4585647583008 41.464427947998 40.5433120727539 39.854190826416 38.274341583252 35.6613426208496 33.204776763916 32.3724555969238 32.3280868530273 32.2686233520508 31.6803760528564 29.1730270385742 27.5526371002197 24.9407176971436 17.8803539276123 10.4540510177612 7.8805980682373 7.10329246520996 5.8901252746582 5.28941631317139 5.29335165023804 5.29920721054077 5.29939270019531 5.30216121673584 5.3545994758606 5.68682432174683 6.90238046646118 9.52912998199463 -9999 13.1389017105103 13.8594102859497 18.9911251068115 57.1366195678711 66.2797470092773
8.28143119812012 8.21849155426025 8.21849250793457 8.28713130950928 10.9529161453247 30.4826145172119 78.0772399902344 102.419036865234 66.9495315551758 34.0130424499512 25.7212028503418 26.0806465148926 29.4487419128418 39.7802658081055 54.3996086120605 52.2848129272461 46.9707107543945 41.9545860290527 40.7367134094238 40.6103248596191 39.861385345459 37.4867744445801 34.1104354858398 32.3929443359375 32.3926696777344 32.3868255615234 31.6344203948975 28.9102077484131 26.7700157165527 22.9746398925781 14.7480239868164 7.70037126541138 6.15057563781738 5.97419404983521 5.42965126037598 5.04721355438232 5.14158964157104 5.2865686416626 5.29256153106689 5.37504482269287 5.84455633163452 7.21429491043091 9.47970390319824 11.7476568222046 12.9107751846313 13.1101055145264 13.453742980957 17.3241786956787 48.9660530090332 56.967887878418
8.28140640258789 8.21849155426025 8.21849250793457 -9999 11.6776103973389 32.0917091369629 81.8560180664062 117.44962310791 89.7445678710938 43.6283111572266 25.8339138031006 26.0631046295166 29.2883892059326 39.332145690918 53.8838539123535 50.828987121582 45.7122192382812 42.7804756164551 43.6819114685059 44.2920112609863 42.1612129211426 38.245662689209 34.3344383239746 32.6065559387207 32.600154876709 32.220703125 30.4282855987549 24.8448925018311 19.1193447113037 13.7694664001465 8.18930530548096 5.14965534210205 4.83152484893799 4.88556957244873 4.82865381240845 4.77992248535156 5.00142192840576 5.2865686416626 5.30629062652588 5.57155227661133 6.87088966369629 9.63207721710205 12.0536737442017 -9999 13.1009216308594 13.1161813735962 13.3943815231323 16.5725173950195 42.6938667297363 49.3663177490234
8.28138160705566 8.2277135848999 8.31272506713867 9.44398880004883 14.8905992507935 36.9938201904297 81.5367736816406 119.608535766602 108.848960876465 59.7650604248047 28.0460681915283 25.9925861358643 28.6364097595215 37.4062843322754 53.7395210266113 52.8599510192871 53.8902587890625 67.3297958374023 95.3871307373047 106.56079864502 78.6340866088867 46.4213409423828 35.7978553771973 37.5393981933594 37.5216636657715 31.2276859283447 25.6324157714844 15.8106126785278 9.25987339019775 6.57828950881958 4.98328828811646 4.59582948684692 4.5762300491333 4.58956670761108 4.59872579574585 4.66919422149658 4.92579364776611 5.28656816482544 5.3058910369873 5.59890031814575 7.1815710067749 10.5942420959473 13.0023860931396 13.1030797958374 13.1161813735962 13.1161813735962 13.3925228118896 16.5128688812256 41.5102462768555 47.6734275817871
8.2951135635376 8.39213371276855 9.80028629302979 22.1962776184082 34.5482139587402 57.1328201293945 88.247932434082 119.237457275391 123.194458007812 80.9405288696289 37.3687057495117 26.0608367919922 27.8111591339111 33.0827407836914 52.2955665588379 62.9222183227539 87.4047012329102 134.832565307617 180.621047973633 182.123046875 129.198303222656 73.0410003662109 56.9707069396973 61.0128021240234 61.6948623657227 32.290168762207 18.8046245574951 8.59015560150146 5.07680654525757 4.7187328338623 4.56525421142578 4.56468820571899 4.56468820571899 4.56469583511353 4.57348346710205 4.66118383407593 4.9292049407959 5.28765535354614 5.34162950515747 5.8795313835144 7.9359302520752 11.2536020278931 13.1099462509155 13.1161804199219 13.1161804199219 13.1161804199219 13.4258794784546 16.8336181640625 41.8371505737305 47.1252288818359
8.56125545501709 8.99632167816162 12.6466598510742 46.9308242797852 64.4206771850586 76.7875213623047 92.1836166381836 114.994361877441 128.413482666016 101.132682800293 53.1535606384277 33.1101455688477 43.9352340698242 50.030818939209 63.2635231018066 109.888824462891 164.079223632812 205.629776000977 223.289764404297 196.620742797852 134.938110351562 88.1407928466797 79.5894165039062 80.8223342895508 76.0315780639648 25.0244579315186 10.5609407424927 5.59005117416382 4.56468820571899 4.56468868255615 4.56468868255615 4.56468820571899 4.56468820571899 4.56485843658447 4.57698535919189 4.68395853042603 4.98347806930542 5.31499814987183 5.65978717803955 7.1247730255127 9.92221736907959 12.3714036941528 13.1153249740601 13.1161813735962 13.1161804199219 13.1161813735962 13.2837057113647 15.1018953323364 27.7918071746826 30.0415077209473
9.70148658752441 10.1833095550537 14.8854036331177 60.1971817016602 77.5786437988281 82.0184783935547 91.8810577392578 110.887306213379 129.443435668945 121.87614440918 91.546028137207 95.1458740234375 134.811996459961 144.471405029297 129.979766845703 200.110504150391 261.645782470703 266.047454833984 251.689559936523 209.971725463867 -9999 93.5269241333008 88.568359375 82.0303115844727 62.986873626709 12.118688583374 6.03980159759521 4.84575128555298 4.56468820571899 4.56468868255615 4.56468868255615 4.56468868255615 4.56468820571899 4.56481122970581 4.57600545883179 4.67739009857178 4.96729326248169 5.34969329833984 6.03481674194336 8.35085678100586 11.3962306976318 12.9484262466431 13.1161823272705 13.1161823272705 13.1161813735962 13.1161823272705 13.1560659408569 13.5853672027588 16.5075931549072 16.9233093261719
10.4770784378052 11.2814998626709 18.831787109375 68.480583190918 79.7744293212891 93.0220565795898 -9999 133.212997436523 140.799942016602 181.859802246094 214.576202392578 213.928359985352 203.56819152832 207.009078979492 242.876602172852 300.869934082031 325.516998291016 315.182403564453 290.817932128906 256.437774658203 207.184326171875 157.011978149414 118.202156066895 78.1161727905273 41.2331199645996 6.07316637039185 5.22317838668823 4.77099609375 4.56468868255615 4.56468868255615 4.56468868255615 4.56468868255615 4.56468868255615 4.56470632553101 4.56996154785156 4.62501955032349 4.81904315948486 5.33014822006226 6.07476282119751 8.46217346191406 11.5551776885986 13.0380535125732 13.1161823272705 13.1161823272705 13.1161823272705 13.1161823272705 13.1299715042114 13.2762603759766 14.240026473999 14.3841876983643
