rcp8.5models/GFDL_CM3/sc1gr21.29
NCOLS 261 
NROWS 433 
XLLCORNER 336357.134 
YLLCORNER 654653.479 
CELLSIZE 1000 
NODATA_value -9999 
[rows 264 to 285 of 433, columns 50 to 99 of 261]
377.033813476562 370.247772216797 424.826995849609 578.134765625 802.33447265625 926.183959960938 813.356323242188 636.334899902344 576.22314453125 565.8564453125 529.756591796875 458.211853027344 419.642852783203 401.369476318359 316.925598144531 283.312377929688 298.837463378906 314.215118408203 351.424560546875 438.024749755859 610.038391113281 834.162902832031 871.230590820312 757.84375 744.537048339844 775.907348632812 758.114440917969 664.521850585938 558.896423339844 589.565795898438 553.662902832031 474.379180908203 463.187774658203 452.456970214844 436.752990722656 414.733520507812 462.837097167969 491.081848144531 528.173095703125 589.089660644531 731.205688476562 884.754638671875 908.921447753906 768.154235839844 605.149169921875 513.407043457031 463.107940673828 488.991943359375 551.677490234375 622.909484863281
549.679504394531 537.666870117188 380.471313476562 427.361083984375 554.156433105469 626.920288085938 541.032043457031 406.642852783203 393.055908203125 447.652801513672 456.845336914062 412.303131103516 358.673980712891 347.930328369141 308.457092285156 286.503234863281 288.265594482422 297.513275146484 334.335540771484 396.347045898438 479.222106933594 587.99951171875 630.033264160156 584.018432617188 635.358703613281 856.135131835938 772.489501953125 690.411743164062 642.5390625 637.735168457031 572.337890625 497.740997314453 473.301025390625 439.551574707031 379.067535400391 322.785003662109 425.157653808594 492.504028320312 523.267944335938 582.953369140625 698.321350097656 778.579956054688 768.529052734375 613.014221191406 474.007385253906 451.659332275391 447.421081542969 446.039916992188 430.318695068359 462.510986328125
534.1259765625 518.950500488281 317.357208251953 305.097076416016 386.261688232422 454.415924072266 416.377777099609 322.829895019531 314.850036621094 373.319732666016 416.76416015625 458.683074951172 469.373168945312 415.894073486328 399.751373291016 364.230346679688 334.309875488281 320.474700927734 330.338592529297 351.055450439453 353.360229492188 365.137878417969 389.570617675781 381.419952392578 426.658111572266 808.580932617188 806.387756347656 699.350524902344 630.26904296875 555.221557617188 456.699645996094 407.800231933594 386.146697998047 365.400787353516 324.817718505859 295.639007568359 430.433746337891 561.9658203125 676.010314941406 745.34619140625 784.882568359375 816.132385253906 801.211364746094 656.753601074219 497.155883789062 430.306610107422 425.866333007812 447.658630371094 428.489105224609 452.599761962891
367.661560058594 377.555114746094 314.739318847656 286.525421142578 294.346008300781 314.216278076172 308.741577148438 289.72314453125 295.566741943359 320.827850341797 361.621002197266 436.265380859375 488.564422607422 581.048889160156 620.484008789062 545.737426757812 429.216094970703 342.883422851562 310.286590576172 307.451110839844 320.826507568359 345.266998291016 335.276336669922 294.974914550781 303.036651611328 569.422607421875 702.009399414062 719.807189941406 620.267883300781 479.41015625 385.633178710938 339.275482177734 311.840362548828 319.9814453125 333.051910400391 337.944641113281 468.366790771484 575.030334472656 724.167541503906 860.430114746094 847.486938476562 794.369018554688 792.067138671875 719.299011230469 571.606628417969 436.928100585938 395.903137207031 423.38916015625 442.355926513672 500.335876464844
351.828277587891 333.725341796875 239.558044433594 220.944274902344 215.089004516602 228.909454345703 278.555511474609 343.265533447266 348.505187988281 304.0791015625 296.635009765625 326.244079589844 334.056274414062 287.918365478516 299.995666503906 311.339813232422 344.380950927734 391.397918701172 351.526794433594 268.737976074219 275.278076171875 339.911193847656 401.446868896484 444.815612792969 465.519256591797 583.337097167969 697.592163085938 692.207397460938 544.383728027344 416.009002685547 359.279571533203 331.28564453125 353.939544677734 395.980621337891 398.965179443359 409.1875 509.923614501953 582.887084960938 651.470275878906 702.666198730469 632.719787597656 507.792022705078 525.634460449219 573.733764648438 561.650390625 517.1181640625 480.373596191406 384.369812011719 427.853118896484 476.414367675781
340.11083984375 370.21533203125 507.94287109375 413.948822021484 259.172943115234 220.228500366211 297.861846923828 379.308898925781 394.942047119141 377.726318359375 383.413635253906 386.097686767578 355.459869384766 219.934692382812 221.178787231445 285.679901123047 361.528045654297 425.55419921875 425.766387939453 332.420043945312 295.121826171875 359.831512451172 446.064849853516 548.80517578125 589.643127441406 526.559997558594 565.44091796875 562.6328125 445.971649169922 347.9326171875 323.3232421875 313.310760498047 349.416900634766 404.973297119141 410.609039306641 436.510803222656 610.257202148438 789.679565429688 868.805847167969 828.501708984375 713.5400390625 543.370056152344 507.539581298828 550.76513671875 563.156188964844 564.496887207031 604.323913574219 416.478210449219 350.974945068359 377.592834472656
321.429016113281 305.629425048828 358.314270019531 343.893737792969 245.4267578125 195.908065795898 251.194213867188 328.162841796875 378.600463867188 428.176361083984 497.576721191406 516.876220703125 478.885559082031 312.302642822266 272.928314208984 348.190673828125 412.206939697266 408.216186523438 407.159423828125 368.041900634766 327.717864990234 392.62109375 542.857360839844 681.240783691406 667.851135253906 470.835418701172 451.698608398438 428.986053466797 358.036987304688 297.296112060547 270.254730224609 269.972045898438 338.926910400391 457.920806884766 500.331359863281 516.186706542969 674.639953613281 863.369812011719 860.479431152344 683.402709960938 578.128601074219 500.290100097656 497.028564453125 502.853057861328 498.881866455078 543.711975097656 618.974670410156 428.240600585938 329.043914794922 314.9345703125
305.129425048828 287.855834960938 235.739028930664 232.268005371094 238.524597167969 265.618743896484 311.583435058594 372.311096191406 448.840972900391 531.334655761719 627.016723632812 646.530151367188 579.8095703125 450.735168457031 400.217620849609 381.866851806641 365.957153320312 377.994354248047 431.976531982422 439.041961669922 409.995697021484 499.835632324219 637.573181152344 587.7744140625 441.813507080078 449.024963378906 509.055084228516 465.975250244141 373.664276123047 322.839263916016 276.086639404297 266.709594726562 306.133239746094 392.583282470703 487.316864013672 588.173461914062 702.21923828125 787.839721679688 772.543334960938 638.425170898438 575.448974609375 521.993896484375 471.513977050781 426.042877197266 443.664489746094 551.694702148438 605.425598144531 460.739471435547 458.593597412109 348.744812011719
279.293823242188 297.15380859375 239.077270507812 255.483596801758 343.972351074219 470.013702392578 580.355102539062 681.403564453125 780.722595214844 831.509765625 836.642272949219 794.811828613281 678.549438476562 466.648681640625 422.139404296875 355.377838134766 326.748199462891 393.057769775391 512.639770507812 594.795104980469 543.284912109375 505.417327880859 534.053894042969 422.010040283203 313.518737792969 459.516845703125 541.728393554688 503.279266357422 406.470184326172 360.610137939453 309.708129882812 288.967254638672 291.897888183594 308.983154296875 375.501617431641 497.281829833984 662.787414550781 697.889709472656 699.485168457031 632.18505859375 583.395568847656 543.140441894531 488.677551269531 437.463562011719 454.614105224609 546.692687988281 572.180541992188 565.10693359375 545.553833007812 340.509948730469
388.447723388672 391.186370849609 247.891677856445 283.342681884766 462.034057617188 684.974548339844 789.676330566406 798.849426269531 773.367797851562 761.892272949219 834.949096679688 841.714111328125 679.359985351562 494.643371582031 504.353271484375 459.101257324219 433.461853027344 472.924194335938 553.02734375 628.705627441406 582.156799316406 478.967163085938 406.251770019531 323.398529052734 329.224822998047 519.500610351562 564.490600585938 511.370208740234 416.354400634766 364.966033935547 323.028991699219 302.292846679688 305.969909667969 329.731964111328 382.556762695312 518.285217285156 1051.60205078125 1124.94616699219 989.137817382812 866.423706054688 728.545288085938 613.505249023438 600.401916503906 548.075866699219 467.115997314453 463.201416015625 515.433959960938 627.929138183594 536.603881835938 308.828857421875
523.130737304688 486.324432373047 291.394836425781 263.338958740234 463.320953369141 819.502685546875 1028.12365722656 1011.21868896484 871.729675292969 701.308532714844 676.484436035156 689.299621582031 584.598266601562 430.806915283203 457.660858154297 504.315612792969 558.9873046875 615.30517578125 680.985900878906 706.633911132812 625.542541503906 495.775329589844 378.20166015625 306.946624755859 337.756011962891 577.536010742188 633.238037109375 567.862548828125 453.748260498047 386.594879150391 351.378234863281 311.433471679688 296.355987548828 362.791595458984 460.406341552734 566.302001953125 1109.13684082031 1229.23083496094 1021.77398681641 854.819641113281 763.39990234375 657.914306640625 632.872192382812 570.272338867188 468.320526123047 438.5517578125 475.407867431641 574.572448730469 492.343994140625 344.130493164062
569.266357421875 642.243469238281 437.855865478516 304.578582763672 413.233276367188 733.25341796875 988.361938476562 1037.76416015625 913.292724609375 661.454772949219 517.236267089844 501.780731201172 445.068786621094 368.562774658203 395.945617675781 480.794494628906 594.120056152344 671.690185546875 680.948303222656 626.636352539062 589.908203125 546.236267089844 436.655609130859 381.619079589844 418.546112060547 683.107360839844 700.286865234375 621.676574707031 490.978485107422 402.310882568359 374.851104736328 328.422576904297 274.753631591797 312.205322265625 452.819396972656 589.606811523438 926.919921875 935.045166015625 744.572631835938 614.87060546875 567.531188964844 532.562927246094 539.109375 557.260803222656 542.243041992188 525.796691894531 558.12451171875 603.312072753906 544.608703613281 458.025299072266
482.558227539062 593.716430664062 590.548706054688 457.798919677734 482.519714355469 664.658142089844 810.096496582031 880.030029296875 852.019104003906 673.2763671875 525.673400878906 482.559509277344 462.733245849609 485.997436523438 497.562408447266 595.185974121094 696.732727050781 738.988830566406 693.609802246094 547.0556640625 501.893310546875 529.911315917969 470.368835449219 464.387237548828 509.940734863281 620.411560058594 672.022094726562 641.055603027344 515.680847167969 415.011932373047 386.530914306641 368.017150878906 319.360046386719 330.380249023438 538.103332519531 831.931762695312 1182.16784667969 1027.15698242188 724.138305664062 520.537170410156 417.381195068359 436.991973876953 476.891418457031 523.809265136719 615.944396972656 776.282958984375 967.007446289062 1030.8466796875 833.417602539062 596.54736328125
505.384429931641 504.013488769531 668.765014648438 711.047729492188 744.422485351562 754.425964355469 728.944213867188 711.31640625 700.965026855469 656.759948730469 587.341979980469 521.652099609375 516.063415527344 584.94091796875 534.816040039062 554.812622070312 675.521728515625 805.4580078125 758.687194824219 516.106140136719 411.895690917969 465.717437744141 476.275177001953 560.68701171875 716.17431640625 624.28955078125 603.773986816406 628.74169921875 577.459411621094 481.486877441406 416.370361328125 412.487518310547 398.657165527344 391.499664306641 570.534484863281 956.00048828125 1807.14233398438 1672.03015136719 1034.94091796875 592.540710449219 440.631500244141 410.670318603516 394.598114013672 431.64794921875 601.896911621094 965.351684570312 1360.01342773438 1209.31774902344 859.103088378906 588.391052246094
645.276062011719 495.126525878906 488.056457519531 605.025939941406 754.9716796875 763.08837890625 658.355407714844 597.511596679688 571.760070800781 541.473083496094 484.624603271484 430.284515380859 468.171325683594 607.182739257812 603.307006835938 570.2626953125 533.456604003906 547.407836914062 539.955810546875 416.427154541016 342.710083007812 374.357940673828 423.220642089844 515.743286132812 619.665344238281 541.48779296875 512.362426757812 556.199645996094 582.226013183594 531.8955078125 482.506652832031 546.7626953125 605.22509765625 549.225646972656 506.089202880859 667.671508789062 1852.95056152344 1795.56848144531 1025.81896972656 555.547729492188 444.933532714844 390.7265625 351.814086914062 438.148284912109 793.722106933594 1405.40258789062 1808.78698730469 1032.59765625 615.707153320312 476.141937255859
932.367919921875 603.189147949219 430.984924316406 395.470275878906 409.183349609375 424.501617431641 400.281066894531 405.117828369141 415.693542480469 392.071075439453 348.106201171875 328.298492431641 381.821655273438 617.163940429688 668.380065917969 647.878784179688 572.425415039062 486.795501708984 414.765838623047 335.37890625 283.245391845703 287.731536865234 341.321380615234 445.019927978516 589.930480957031 691.404663085938 552.055114746094 539.486694335938 667.015991210938 689.783142089844 607.433410644531 623.437622070312 677.828796386719 593.619140625 456.378051757812 462.389953613281 1173.47521972656 1323.62951660156 948.450256347656 559.136596679688 427.841522216797 397.568420410156 390.721710205078 473.848419189453 779.874267578125 1294.55615234375 1557.92797851562 792.741638183594 471.1904296875 432.519165039062
603.216125488281 560.579833984375 428.690338134766 356.243682861328 326.594573974609 431.570922851562 557.966186523438 456.515625 306.09130859375 263.455291748047 269.634887695312 337.025695800781 479.741882324219 772.888305664062 606.626281738281 526.33544921875 702.537109375 795.309204101562 645.997375488281 434.791290283203 344.866973876953 375.939727783203 454.893707275391 566.801086425781 720.241943359375 855.113220214844 789.924377441406 832.196655273438 970.693359375 962.2265625 718.356201171875 476.588775634766 408.151519775391 421.84619140625 409.807159423828 399.599182128906 616.626647949219 687.1318359375 592.113403320312 464.605438232422 420.492004394531 461.980072021484 533.828674316406 557.041198730469 586.2275390625 736.449157714844 836.289794921875 612.350158691406 527.846618652344 520.800537109375
507.411590576172 478.860992431641 341.256072998047 281.61474609375 321.738128662109 463.132690429688 609.073303222656 560.067932128906 402.223663330078 313.789398193359 316.863861083984 374.631317138672 432.635925292969 516.745666503906 531.3056640625 582.124816894531 671.266357421875 710.917663574219 622.599975585938 453.884368896484 359.022827148438 372.802673339844 451.360992431641 583.508972167969 758.395080566406 779.192260742188 664.693359375 705.055603027344 839.691650390625 899.804504394531 739.904724121094 515.509521484375 448.839813232422 484.717132568359 454.207153320312 392.771728515625 515.136535644531 548.962463378906 543.820739746094 527.203796386719 494.6591796875 506.332794189453 540.139831542969 525.629150390625 535.088134765625 657.880310058594 714.979919433594 549.232482910156 491.622009277344 453.123931884766
533.299743652344 527.109252929688 405.976287841797 344.806182861328 394.535095214844 469.285919189453 525.176147460938 558.713134765625 526.478271484375 465.696899414062 438.887878417969 436.108245849609 429.580596923828 387.833892822266 532.491821289062 687.512878417969 678.905151367188 641.252075195312 625.702392578125 518.38525390625 388.923858642578 358.061828613281 432.958831787109 555.382141113281 687.193542480469 666.107116699219 572.343933105469 581.770874023438 682.549987792969 805.562622070312 778.801513671875 629.871398925781 594.891174316406 620.212646484375 535.293884277344 447.475372314453 526.479858398438 696.783020019531 818.227722167969 734.468566894531 606.292236328125 594.748596191406 656.311889648438 706.813171386719 714.7529296875 703.479919433594 632.478759765625 534.581787109375 444.859069824219 367.450958251953
906.667419433594 1006.31323242188 643.047607421875 433.958923339844 448.082946777344 468.216613769531 502.60400390625 574.414489746094 583.638305664062 510.788665771484 460.776031494141 520.402099609375 645.37744140625 664.484069824219 648.469177246094 682.075561523438 684.17041015625 702.42333984375 723.146911621094 639.521057128906 488.696197509766 414.110321044922 446.165344238281 471.119995117188 513.025085449219 683.212707519531 694.482116699219 655.590270996094 675.697082519531 778.514587402344 756.212219238281 623.974792480469 595.673828125 629.95263671875 559.837219238281 450.788330078125 499.554534912109 730.09912109375 959.403747558594 955.621520996094 840.490051269531 806.054931640625 821.898193359375 844.244873046875 828.958923339844 732.362670898438 586.071044921875 490.918548583984 414.603271484375 393.402770996094
976.04638671875 884.504455566406 637.023559570312 557.509704589844 603.567565917969 533.799072265625 474.717254638672 533.774841308594 584.695556640625 544.234497070312 444.052673339844 439.942687988281 533.2626953125 724.8544921875 910.564575195312 958.142211914062 884.133544921875 943.684997558594 1085.71826171875 1031.8955078125 755.188781738281 545.75830078125 520.953674316406 488.505004882812 450.348876953125 790.664245605469 1010.53680419922 1054.6806640625 908.144592285156 720.9423828125 603.439147949219 541.925231933594 503.371826171875 489.920196533203 451.570251464844 407.345336914062 485.751647949219 723.991577148438 1020.01837158203 1210.44287109375 1470.88403320312 1857.7509765625 1836.78527832031 1362.71228027344 982.6611328125 896.0234375 893.220825195312 571.790222167969 545.236694335938 670.387939453125
685.1513671875 567.01318359375 611.472045898438 573.532104492188 563.633544921875 536.988342285156 515.582824707031 561.6904296875 635.848266601562 618.248718261719 510.464935302734 439.565368652344 438.583374023438 704.676940917969 1010.36987304688 1180.01904296875 1218.57470703125 1318.09216308594 1479.09899902344 1487.88513183594 1261.10583496094 1009.43627929688 832.7099609375 679.112365722656 556.29296875 801.572387695312 914.585205078125 898.477416992188 748.904052734375 545.194519042969 483.364593505859 534.003234863281 532.475891113281 487.509399414062 478.880676269531 535.767822265625 619.010620117188 835.170227050781 1272.765625 1867.384765625 2567.65893554688 2920.78540039062 2423.09497070312 1612.12365722656 1131.14123535156 998.374755859375 1048.60815429688 736.509582519531 754.736206054688 936.990356445312
