rcp8.5models/GFDL_CM3/sc1gr1.32
NCOLS 261 
NROWS 433 
XLLCORNER 336357.134 
YLLCORNER 654653.479 
CELLSIZE 1000 
NODATA_value -9999 
[rows 110 to 131 of 433, columns 50 to 99 of 261]
58.2530632019043 58.3537712097168 58.4403800964355 58.5702781677246 58.2873382568359 58.4946098327637 58.6198196411133 58.2660789489746 58.6039276123047 58.8480834960938 58.9381103515625 59.0590324401855 59.3096580505371 58.9281692504883 59.2756423950195 58.9713439941406 59.5188217163086 59.8860664367676 60.2596549987793 60.0811386108398 59.4820175170898 60.2609100341797 60.533145904541 60.0367889404297 60.2265892028809 60.1877670288086 60.8591957092285 60.7073554992676 60.8374061584473 61.0918006896973 61.3297805786133 61.0407485961914 60.6699523925781 60.9409255981445 61.469165802002 61.4299125671387 61.6961517333984 61.4080657958984 61.2938804626465 61.3266906738281 61.3974266052246 61.6574287414551 61.8622131347656 62.1405258178711 61.5799179077148 61.978443145752 61.9423713684082 61.9556999206543 61.8518180847168 62.0352325439453
58.4341621398926 58.483226776123 58.5091934204102 58.8345642089844 58.5336494445801 58.518856048584 58.5707168579102 58.6362686157227 58.9816131591797 58.9930038452148 59.0999298095703 59.3247489929199 59.1488342285156 58.7738914489746 59.2908973693848 59.9451217651367 59.6365585327148 60.164794921875 59.7172317504883 60.0016555786133 60.0901641845703 60.0543251037598 60.756031036377 60.7488136291504 60.0791206359863 60.7311363220215 60.3403625488281 60.6836700439453 60.6142120361328 61.3157157897949 61.0273590087891 60.9996643066406 60.8728218078613 61.3704833984375 61.7368507385254 61.7768249511719 61.554557800293 61.4704055786133 61.4646415710449 61.5668754577637 61.6886558532715 61.6752090454102 61.7086181640625 61.7156829833984 61.7548027038574 61.6249809265137 61.9459075927734 61.9986572265625 61.9108123779297 62.2081451416016
58.5644226074219 58.6292266845703 58.9333572387695 58.8055381774902 58.6575126647949 58.6964416503906 58.6435890197754 59.0603332519531 59.2667999267578 59.1286849975586 59.2715759277344 59.5861930847168 59.4604911804199 59.6746559143066 59.7020263671875 60.2603073120117 59.7837142944336 59.6702728271484 59.5704727172852 59.6355781555176 60.3332252502441 60.3339958190918 60.3993988037109 60.9925155639648 60.1435279846191 61.0550918579102 60.3244857788086 60.5798568725586 60.9708709716797 61.484619140625 60.9126396179199 60.9782447814941 61.0371780395508 61.484016418457 61.5059547424316 61.7495994567871 61.7156753540039 61.6867980957031 61.5811042785645 61.6689605712891 61.9753799438477 62.075065612793 61.9318351745605 61.8204116821289 62.0354957580566 61.8616142272949 62.0403633117676 61.9420623779297 62.1698570251465 62.4741439819336
58.5257301330566 58.67236328125 59.2696571350098 58.6432685852051 58.8566627502441 58.645565032959 58.9215927124023 59.2869300842285 59.1622505187988 59.3413581848145 59.2243232727051 59.5823554992676 59.0159034729004 59.2145805358887 59.3227920532227 59.8653755187988 59.9706115722656 59.939208984375 59.9082450866699 60.1322784423828 60.5244369506836 60.2238655090332 60.1711082458496 60.3756217956543 60.413200378418 61.3209991455078 60.8940849304199 60.7069358825684 61.348331451416 61.3633155822754 61.3322906494141 61.1460075378418 61.6517448425293 61.6679267883301 61.4186096191406 61.2878074645996 61.7914047241211 61.7718772888184 61.7491149902344 61.7803993225098 62.2289581298828 62.4597625732422 61.6599426269531 62.0753211975098 62.1131134033203 62.3475036621094 62.0264701843262 62.056827545166 62.5275497436523 62.7320671081543
58.7522354125977 58.5558586120605 59.0293083190918 58.4220848083496 58.6878509521484 58.7198677062988 59.2987480163574 59.2669143676758 58.9219512939453 59.2407608032227 59.4476089477539 59.3307037353516 58.9464111328125 59.1390609741211 59.4338912963867 59.8678131103516 59.5429420471191 59.5080680847168 60.1415176391602 60.6138877868652 60.7045555114746 60.0710906982422 59.9648857116699 60.3044509887695 60.8109359741211 61.0121994018555 60.9990882873535 60.83251953125 61.332893371582 -9999 61.1061668395996 61.2763633728027 61.3832893371582 61.4595222473145 61.399600982666 61.4704246520996 61.9092330932617 61.8712844848633 62.0537605285645 61.9726333618164 61.8549118041992 62.3771018981934 61.8938064575195 62.2526321411133 62.1524620056152 62.240161895752 62.1273231506348 62.3049011230469 62.652156829834 62.7168998718262
58.7712821960449 59.0191802978516 58.7663993835449 58.9752388000488 59.3120231628418 59.5015144348145 59.4365768432617 59.2348365783691 59.4178428649902 59.6825294494629 59.5835418701172 59.1752243041992 59.3425521850586 59.799934387207 59.7423286437988 60.3147811889648 59.6375389099121 60.1661643981934 60.1751098632812 60.4951515197754 60.6117362976074 60.537914276123 60.7778625488281 61.428092956543 61.0302848815918 60.9716377258301 61.304615020752 61.1437759399414 61.0962104797363 61.4650344848633 61.2406730651855 61.3836479187012 61.5380210876465 61.0742340087891 61.4052543640137 61.3909683227539 61.6948928833008 61.9592208862305 61.9301605224609 61.8817901611328 62.0968170166016 -9999 62.483470916748 62.6704711914062 62.2729225158691 62.723014831543 62.5756149291992 62.3573608398438 62.3512001037598 61.9908599853516
59.0796737670898 59.3842163085938 58.9769172668457 59.3780975341797 59.4880409240723 59.4484367370605 59.1992530822754 59.3954925537109 59.7128486633301 60.0134925842285 59.6370391845703 59.4111557006836 59.6830215454102 60.0828170776367 59.5241470336914 59.8563652038574 59.8149108886719 60.3569564819336 60.6521453857422 60.2517585754395 60.9597434997559 60.5084648132324 61.0009841918945 61.0900268554688 60.8838424682617 61.0654678344727 61.0732841491699 61.2961883544922 61.5399894714355 61.7013626098633 61.4231414794922 61.0174751281738 61.2971229553223 -9999 61.7111434936523 61.8178939819336 61.885009765625 61.7802543640137 61.9556427001953 61.9774932861328 61.95947265625 62.2037162780762 62.3531494140625 62.6420707702637 62.4513053894043 62.9102630615234 62.8099899291992 62.2802581787109 62.5995216369629 62.5129699707031
58.9870758056641 59.2522850036621 59.3198509216309 59.1909027099609 59.0779762268066 59.2313690185547 59.1458702087402 59.6500053405762 59.6860885620117 -9999 -9999 60.2407379150391 59.9992713928223 59.9354057312012 59.6278533935547 59.7906608581543 60.1210136413574 60.4801940917969 60.2444114685059 60.0897903442383 60.5489921569824 60.774829864502 60.8417358398438 60.678955078125 60.8635063171387 61.2007026672363 61.3544540405273 61.0237464904785 61.1570053100586 61.4797897338867 61.3482894897461 61.2866592407227 61.3001174926758 61.674976348877 61.6247100830078 61.9364013671875 62.0225639343262 61.950855255127 62.2451515197754 62.2137680053711 62.2641792297363 62.2028121948242 62.5564193725586 62.7184867858887 62.7162933349609 62.5798263549805 63.106616973877 62.5168151855469 62.7852897644043 62.9973907470703
58.805419921875 -9999 59.5249824523926 59.2558670043945 59.0430107116699 59.4435844421387 58.9389610290527 59.2628326416016 59.4236488342285 60.1815147399902 59.9646034240723 60.3173751831055 59.6553421020508 59.8960342407227 59.9154891967773 60.226863861084 60.5002937316895 60.1480751037598 60.0429382324219 60.169116973877 60.2637100219727 60.8208160400391 61.1217994689941 60.8282508850098 61.0818061828613 61.3741912841797 61.2716369628906 60.9766845703125 61.4376335144043 61.4467658996582 61.628475189209 61.5546913146973 61.7564926147461 61.9311752319336 61.9855270385742 61.6472625732422 61.9309310913086 62.3171005249023 62.045093536377 61.9552612304688 62.4059295654297 62.4575080871582 62.6884307861328 62.8024864196777 62.8982315063477 62.669734954834 62.6396369934082 62.5945625305176 62.8918991088867 63.2258949279785
58.9977722167969 -9999 -9999 -9999 59.3118896484375 59.3266258239746 59.0822525024414 59.7023544311523 59.9468536376953 60.5251312255859 60.261775970459 60.4885711669922 59.7360458374023 60.0315361022949 60.273193359375 60.6000709533691 60.8430976867676 60.5853691101074 60.1664619445801 60.2507247924805 60.2559127807617 60.5342864990234 60.9083480834961 60.8956756591797 61.1369094848633 61.5295829772949 61.2917060852051 61.35302734375 61.7892761230469 61.587516784668 61.3048629760742 61.4558639526367 -9999 62.0816040039062 62.0644760131836 61.7890090942383 62.1159057617188 62.3534240722656 62.0178604125977 61.9842872619629 62.4743499755859 62.5473518371582 62.3880767822266 62.5265121459961 62.9828491210938 63.0316162109375 62.7490997314453 62.6429405212402 62.9104194641113 63.280445098877
58.9664001464844 58.922290802002 -9999 -9999 59.739860534668 59.5707969665527 59.4006500244141 60.2323989868164 60.5644721984863 60.470516204834 60.4723587036133 60.1236572265625 60.1091423034668 60.2626876831055 61.0192375183105 60.9000816345215 61.0735816955566 60.4203453063965 60.6070747375488 60.4607925415039 60.316780090332 60.4774169921875 60.7749176025391 61.0393829345703 60.8814468383789 61.012321472168 60.8436965942383 61.3678970336914 61.652027130127 61.6992416381836 61.3538131713867 61.4384994506836 61.7140045166016 61.8713302612305 62.0040435791016 62.158016204834 62.2774848937988 62.1115455627441 61.9523811340332 62.022331237793 62.4955215454102 62.3523559570312 62.0398025512695 62.8130149841309 63.1306190490723 62.8941917419434 62.6522789001465 62.7788314819336 63.0598564147949 63.1815490722656
59.0453300476074 59.1841316223145 59.4123878479004 59.1512222290039 59.7584953308105 59.9805374145508 59.4183235168457 59.8193893432617 59.8239555358887 59.9657516479492 60.5166664123535 59.940071105957 60.5475311279297 60.464427947998 60.6330413818359 60.3970718383789 60.6482582092285 60.7278747558594 61.0082473754883 61.028751373291 60.9227256774902 60.6500968933105 60.9298057556152 60.979320526123 60.903678894043 60.7922744750977 60.7735557556152 61.4862976074219 61.9431991577148 61.5788688659668 61.8171577453613 61.5575752258301 61.8512802124023 61.8245849609375 62.1254386901855 62.1476974487305 62.0398712158203 62.1125717163086 62.1223449707031 61.9897384643555 62.4794692993164 62.2809562683105 62.1779251098633 62.6096458435059 62.8012886047363 62.5856285095215 62.5145225524902 62.902271270752 63.0670204162598 62.7706489562988
58.9158325195312 59.0863876342773 59.9368629455566 59.6239166259766 59.9425354003906 60.2056999206543 59.2773056030273 59.5093460083008 59.7974433898926 60.3270645141602 60.7458038330078 60.5725555419922 60.6172218322754 60.4101066589355 60.4565582275391 60.3411445617676 60.591495513916 61.1866569519043 60.9489860534668 61.1984825134277 61.3518447875977 60.939323425293 60.8432769775391 60.9446144104004 60.8425521850586 61.0376167297363 60.8042488098145 61.3619422912598 61.9179496765137 61.615650177002 61.9020729064941 61.7111396789551 61.7439002990723 61.9288330078125 62.2982292175293 62.0761985778809 62.2196388244629 62.0677299499512 62.5106506347656 62.2040557861328 62.6992568969727 62.5430374145508 62.3197250366211 62.3273735046387 62.5254211425781 62.6960830688477 62.5960998535156 62.9587631225586 63.1982841491699 62.960018157959
59.0309448242188 59.3097877502441 59.9941558837891 60.0779838562012 60.2491073608398 60.1845970153809 59.4154968261719 60.1276779174805 60.4258270263672 60.8124198913574 60.8941764831543 60.7853851318359 60.9040031433105 60.6109619140625 60.4472427368164 60.5049018859863 61.06201171875 61.6062202453613 61.298210144043 61.1513862609863 61.333683013916 61.2858619689941 60.9802780151367 61.269115447998 60.7321624755859 61.2511558532715 60.9971885681152 61.3471336364746 61.9062118530273 61.8241500854492 61.6853408813477 61.8098907470703 61.6995887756348 62.0119857788086 62.159309387207 62.2389907836914 62.4789390563965 62.3322792053223 62.2334518432617 62.7534866333008 62.8927879333496 62.4215774536133 62.6466217041016 62.4378280639648 62.5280799865723 62.5446014404297 62.6492309570312 63.1831741333008 63.3433837890625 63.282642364502
59.7292594909668 59.5777397155762 59.672176361084 60.1935157775879 60.5028038024902 60.2708358764648 59.6431007385254 60.2467651367188 60.8411560058594 61.0183639526367 60.7429542541504 60.625373840332 60.5008659362793 60.464656829834 60.5387954711914 60.8117408752441 60.902660369873 61.7983627319336 61.5033111572266 61.2836532592773 61.3448715209961 61.5112266540527 61.2815589904785 61.1711196899414 61.1187400817871 61.334114074707 61.4068145751953 61.1091804504395 61.7474708557129 61.692024230957 61.7409057617188 61.7026519775391 61.8160285949707 62.1298980712891 62.139762878418 62.3731689453125 62.2275772094727 62.1767082214355 62.0608787536621 62.5878143310547 62.6133995056152 62.3080253601074 62.8548164367676 62.408088684082 62.6309280395508 62.4949150085449 62.6855964660645 63.1718711853027 63.1884536743164 63.3975410461426
59.8395576477051 59.6401062011719 59.8436126708984 60.1293487548828 60.3851928710938 60.0427474975586 60.0718727111816 59.9259452819824 60.9832801818848 61.0543365478516 60.5613250732422 60.6227684020996 60.3853874206543 60.6139221191406 60.795597076416 61.1107559204102 61.2917900085449 61.6773643493652 61.0915489196777 61.1400527954102 61.2415084838867 61.8127479553223 61.1144561767578 61.2813453674316 61.4446258544922 61.7328758239746 61.4594612121582 61.0538864135742 61.8242454528809 61.7636032104492 61.9854888916016 62.0225143432617 61.9235954284668 62.3694839477539 62.4126091003418 62.1580963134766 62.1953353881836 62.1524314880371 62.3310165405273 62.6337203979492 62.6725006103516 62.5504379272461 62.7754859924316 62.6089859008789 62.6405792236328 62.7605934143066 62.7467346191406 63.2355575561523 63.2842178344727 63.0897789001465
60.468635559082 60.4304313659668 59.9460983276367 60.1263656616211 60.4149551391602 60.2881202697754 60.8649406433105 61.1038436889648 61.269847869873 60.6590576171875 60.4569320678711 60.8301048278809 61.2303771972656 61.3705673217773 61.1724243164062 61.541259765625 61.3537101745605 61.3229103088379 61.6111450195312 61.9712409973145 61.1795883178711 61.3308792114258 61.5550880432129 61.8277397155762 61.9356803894043 62.1291923522949 62.2166900634766 61.6109275817871 61.7499198913574 62.3841171264648 62.4050064086914 62.1542091369629 62.4963989257812 62.4129180908203 62.5930099487305 62.3511924743652 62.3786201477051 62.3606872558594 62.4814720153809 62.5542449951172 62.3810005187988 62.7686767578125 62.9410285949707 62.981201171875 62.7217445373535 62.9198760986328 62.9715118408203 63.2185668945312 63.0271682739258 62.9598808288574
60.8485374450684 60.3937072753906 60.2793121337891 60.4201126098633 60.6073722839355 60.5848388671875 60.8139839172363 61.3045234680176 60.8759994506836 60.8403091430664 60.7369422912598 60.877513885498 61.0039215087891 61.1953315734863 61.2413063049316 61.7212448120117 61.4105949401855 61.5269432067871 61.7756690979004 61.3627243041992 61.6624183654785 61.3362693786621 61.8357696533203 62.0141181945801 61.7974739074707 61.7653541564941 61.9647789001465 61.8111267089844 62.0487670898438 62.2203826904297 62.3568878173828 62.1104621887207 62.4532241821289 62.2198753356934 62.4867324829102 62.4555053710938 62.344783782959 62.5424880981445 62.4989852905273 62.4606590270996 62.609073638916 62.6659355163574 62.9182662963867 63.0459518432617 62.809684753418 63.131649017334 63.2934875488281 63.2242774963379 62.9855766296387 -9999
60.6012001037598 60.3073120117188 60.5189476013184 60.5979766845703 60.7361526489258 60.5437774658203 60.1549377441406 61.21142578125 61.0909042358398 60.7510108947754 61.2201118469238 60.977108001709 60.9714546203613 61.1320152282715 61.5189094543457 61.3688278198242 61.2830505371094 61.3910522460938 62.064037322998 61.25244140625 61.8910484313965 61.4786834716797 62.232307434082 62.254955291748 61.7983779907227 61.6014595031738 61.6058120727539 61.9289283752441 62.0869598388672 62.2049865722656 62.3528442382812 62.0155792236328 62.1569213867188 62.3531646728516 62.4201011657715 62.3504600524902 62.2230606079102 62.4753532409668 62.5196990966797 62.4922828674316 62.7024421691895 62.8390693664551 62.8390045166016 62.8362617492676 62.8218994140625 63.0018081665039 63.2673873901367 63.1743011474609 63.0834197998047 -9999
60.3280754089355 60.3819732666016 60.684383392334 60.8851013183594 60.2048187255859 59.89892578125 60.5168800354004 61.079174041748 61.1009330749512 60.7718696594238 60.9857597351074 60.9578819274902 60.9690628051758 61.2209968566895 61.4565353393555 61.3617553710938 61.44091796875 61.426212310791 61.8929557800293 61.4691886901855 62.1101036071777 61.6233024597168 61.9455871582031 62.4635162353516 62.1532325744629 61.7414741516113 61.8880462646484 61.7172775268555 62.4000473022461 62.3693771362305 62.4980087280273 62.0096549987793 62.081371307373 62.3339767456055 62.2045402526855 62.3664436340332 62.5090751647949 62.7454452514648 62.6718597412109 62.5424003601074 62.6706047058105 63.0085525512695 63.0633850097656 63.1485824584961 63.0802955627441 63.1346626281738 63.1583290100098 63.2898330688477 63.4377937316895 -9999
60.4856452941895 60.4196968078613 60.7862129211426 60.9554405212402 60.5863800048828 60.0758476257324 61.036075592041 61.2959327697754 60.955940246582 61.3257064819336 60.9725723266602 61.1189079284668 61.3100471496582 61.2944793701172 61.479061126709 61.4866256713867 61.6250457763672 62.0237503051758 61.789794921875 61.5154647827148 61.6722869873047 61.8093032836914 61.5937805175781 62.1475868225098 62.0082817077637 61.9857292175293 62.2230262756348 62.2080841064453 62.7058258056641 62.560848236084 62.705623626709 62.048095703125 62.1445198059082 62.3884010314941 62.5170364379883 62.5551109313965 62.7590446472168 62.9224853515625 62.4557991027832 62.8729515075684 62.6370506286621 63.0456199645996 63.1565780639648 63.0945053100586 63.158203125 63.2927780151367 63.3536224365234 63.6661911010742 63.2898941040039 63.4302635192871
60.7377433776855 60.588191986084 60.9830055236816 61.2103691101074 60.7630958557129 60.3558311462402 61.3537139892578 61.4881935119629 61.5040626525879 61.083324432373 61.8738098144531 60.9518280029297 61.7104606628418 61.3479499816895 61.4617767333984 61.5130615234375 61.6408500671387 61.9393730163574 61.9404296875 61.8956069946289 61.5334053039551 62.2857437133789 62.209846496582 61.9494590759277 62.1200752258301 62.1335983276367 62.4255104064941 62.4809455871582 62.8444557189941 62.6050224304199 62.2395706176758 62.1225891113281 62.2265357971191 62.2586097717285 62.5467491149902 62.7264251708984 62.973762512207 62.88623046875 62.0910339355469 62.8848838806152 62.7663116455078 63.0529022216797 62.9613227844238 62.9298629760742 63.2552795410156 63.3488616943359 63.605094909668 63.3558921813965 63.5071220397949 63.2280883789062
