rcp8.5models/GFDL_CM3/sc1gr1.15
NCOLS 261 
NROWS 433 
XLLCORNER 336357.134 
YLLCORNER 654653.479 
CELLSIZE 1000 
NODATA_value -3.4e+38 
[rows 220 to 241 of 433, columns 196 to 244 of 261]
63.0294036865234 63.2455406188965 63.0077133178711 62.7420387268066 62.376163482666 62.206600189209 61.7714691162109 61.4220542907715 61.5204925537109 61.3930892944336 61.1527519226074 60.5619163513184 60.5553436279297 60.4291458129883 60.3879776000977 60.2678985595703 59.6917839050293 59.2081680297852 58.9392127990723 58.8530311584473 58.791919708252 58.4602546691895 58.2806205749512 57.9684677124023 57.6475296020508 57.7753410339355 57.5606079101562 -3.4e+38 57.2100219726562 56.9552993774414 56.8569641113281 56.5203742980957 -3.4e+38 -3.4e+38 -3.4e+38 -3.4e+38 -3.4e+38 -3.4e+38 -3.4e+38 -3.4e+38 -3.4e+38 -3.4e+38 -3.4e+38 -3.4e+38 -3.4e+38 -3.4e+38 -3.4e+38 -3.4e+38 -3.4e+38
63.3003730773926 63.1142539978027 62.9466361999512 63.1771011352539 62.6424827575684 62.3280944824219 62.1299209594727 61.5835571289062 61.6437034606934 61.5495529174805 61.4490928649902 60.9625701904297 60.410400390625 60.3980102539062 60.5392875671387 60.1409072875977 59.7029991149902 59.3818359375 58.9859771728516 58.9031066894531 58.6242561340332 58.6154899597168 58.604133605957 58.1908073425293 57.8569221496582 57.6537704467773 57.4079856872559 -3.4e+38 57.1655540466309 57.1427574157715 56.8910522460938 56.6889114379883 -3.4e+38 -3.4e+38 -3.4e+38 -3.4e+38 -3.4e+38 -3.4e+38 -3.4e+38 -3.4e+38 -3.4e+38 -3.4e+38 -3.4e+38 -3.4e+38 -3.4e+38 -3.4e+38 -3.4e+38 -3.4e+38 -3.4e+38
63.5265083312988 63.0594139099121 62.7223510742188 62.8394050598145 62.4954376220703 62.2533340454102 62.2633361816406 61.7156028747559 61.5637283325195 61.6369209289551 61.5386009216309 61.2055320739746 60.5035781860352 60.297737121582 60.2909393310547 60.1232490539551 60.061695098877 59.8993606567383 59.1763610839844 58.7962226867676 58.3974227905273 58.4280738830566 58.525463104248 58.1136474609375 -3.4e+38 -3.4e+38 -3.4e+38 -3.4e+38 57.128978729248 57.3461685180664 56.9086723327637 56.7794723510742 56.3643798828125 -3.4e+38 -3.4e+38 -3.4e+38 -3.4e+38 -3.4e+38 -3.4e+38 -3.4e+38 -3.4e+38 -3.4e+38 -3.4e+38 -3.4e+38 -3.4e+38 -3.4e+38 -3.4e+38 -3.4e+38 -3.4e+38
63.5945510864258 63.1937980651855 62.9343147277832 62.8178520202637 62.8218154907227 62.8401107788086 62.5572052001953 61.5837593078613 61.4730606079102 61.5838203430176 61.5591087341309 61.4107704162598 60.8690910339355 60.2975196838379 60.0337409973145 60.0795364379883 60.2394599914551 59.9366340637207 59.0276679992676 58.5821304321289 58.4336204528809 58.4496231079102 58.5693969726562 58.1936073303223 -3.4e+38 -3.4e+38 -3.4e+38 -3.4e+38 57.1990509033203 57.0200653076172 56.8373947143555 56.7598762512207 56.5050277709961 56.2874565124512 56.0133934020996 -3.4e+38 -3.4e+38 -3.4e+38 -3.4e+38 -3.4e+38 -3.4e+38 -3.4e+38 -3.4e+38 -3.4e+38 -3.4e+38 -3.4e+38 -3.4e+38 -3.4e+38 -3.4e+38
63.863109588623 63.3697967529297 63.3061294555664 62.9350471496582 62.7865333557129 63.1485252380371 62.8302764892578 61.6903190612793 61.6010971069336 61.5029945373535 61.255126953125 61.6015205383301 61.280460357666 60.5954437255859 60.0497093200684 60.0411529541016 60.2312774658203 60.0180168151855 58.9035797119141 58.7927742004395 58.7505187988281 58.5723686218262 58.6611442565918 -3.4e+38 -3.4e+38 58.1377449035645 57.9514274597168 57.6530952453613 57.3608283996582 56.9891815185547 56.8935508728027 56.7414970397949 56.6369438171387 56.5082130432129 56.1644134521484 55.6660079956055 55.6184158325195 -3.4e+38 -3.4e+38 -3.4e+38 -3.4e+38 -3.4e+38 -3.4e+38 -3.4e+38 -3.4e+38 -3.4e+38 -3.4e+38 -3.4e+38 -3.4e+38
63.8233451843262 63.3957901000977 63.2681617736816 62.8826332092285 62.5405654907227 -3.4e+38 -3.4e+38 61.9642181396484 61.702709197998 61.5954895019531 61.1327629089355 60.9842834472656 61.1523323059082 60.9087066650391 60.1809196472168 59.9692687988281 60.0501823425293 60.1796035766602 59.3027725219727 59.0403137207031 59.2087936401367 58.9610824584961 58.7039222717285 58.1836738586426 58.2147674560547 58.0285453796387 57.844669342041 57.8166656494141 57.6087074279785 57.3871116638184 56.8939247131348 56.8597373962402 56.6372909545898 56.4456520080566 56.2331237792969 55.8360939025879 55.5272331237793 55.4992713928223 -3.4e+38 -3.4e+38 -3.4e+38 -3.4e+38 -3.4e+38 -3.4e+38 -3.4e+38 -3.4e+38 -3.4e+38 -3.4e+38 -3.4e+38
64.0448913574219 63.6810188293457 63.1752166748047 62.8699417114258 62.8769760131836 62.4716300964355 62.6555824279785 62.2958641052246 61.8529090881348 61.6672134399414 61.3483543395996 60.8471298217773 61.1068840026855 61.0735740661621 60.5196075439453 59.9531440734863 59.9431343078613 60.1754684448242 59.7346000671387 59.4222450256348 59.3624649047852 59.1040000915527 58.7314796447754 58.4598999023438 58.1141090393066 57.8953857421875 57.6891746520996 57.6540908813477 57.4752159118652 57.2957000732422 56.9395599365234 56.7783508300781 56.7097663879395 56.4493255615234 56.3154296875 56.0279121398926 55.5496711730957 55.4591407775879 -3.4e+38 -3.4e+38 -3.4e+38 -3.4e+38 -3.4e+38 -3.4e+38 -3.4e+38 -3.4e+38 -3.4e+38 -3.4e+38 -3.4e+38
63.927562713623 63.9564819335938 63.6146011352539 63.0872993469238 63.0797576904297 62.7802810668945 62.7308654785156 62.6755867004395 62.0241889953613 61.6660537719727 61.4339942932129 61.2804756164551 61.3941535949707 61.1733055114746 60.9509353637695 60.3997268676758 60.0953483581543 60.2262496948242 59.8375129699707 59.7198181152344 59.3117790222168 58.7508277893066 58.5498428344727 58.6479835510254 58.3245582580566 58.0185356140137 57.8785362243652 57.5230598449707 57.3193092346191 57.1450691223145 57.0253868103027 56.7567291259766 56.5508766174316 56.6344985961914 56.5165252685547 56.2793197631836 55.7742347717285 55.4343681335449 55.2778167724609 -3.4e+38 -3.4e+38 -3.4e+38 -3.4e+38 -3.4e+38 -3.4e+38 -3.4e+38 -3.4e+38 -3.4e+38 -3.4e+38
63.589599609375 63.9401512145996 64.3260269165039 63.7608070373535 63.1840896606445 63.0737190246582 63.0651664733887 62.5716209411621 61.994987487793 61.7609748840332 61.4631233215332 61.3687553405762 61.4828109741211 61.2231483459473 61.1299476623535 60.7374458312988 60.126091003418 60.1283988952637 59.8574104309082 59.5777015686035 59.0802154541016 58.6434707641602 58.6120185852051 58.8395805358887 58.5282821655273 58.0184440612793 58.0781097412109 57.7019729614258 57.3371887207031 57.2976875305176 57.0678291320801 56.9289779663086 56.4430046081543 56.5980987548828 56.4215927124023 56.5228958129883 56.0506172180176 55.4569091796875 55.3303451538086 55.2103996276855 -3.4e+38 -3.4e+38 -3.4e+38 -3.4e+38 -3.4e+38 -3.4e+38 -3.4e+38 -3.4e+38 -3.4e+38
64.0791015625 64.022102355957 64.1646041870117 64.0544128417969 63.5127754211426 63.1624069213867 62.9930610656738 62.7308387756348 62.3271026611328 62.0387306213379 61.5366744995117 61.2100410461426 61.3861541748047 61.3239555358887 60.9796142578125 60.7848663330078 60.1658325195312 60.1316795349121 59.9081192016602 59.4087066650391 58.968318939209 58.7165908813477 58.5722579956055 58.4583358764648 58.3081741333008 57.8753128051758 57.9544982910156 57.8664360046387 57.373908996582 57.2865753173828 57.0820159912109 57.1576919555664 -3.4e+38 -3.4e+38 -3.4e+38 -3.4e+38 56.1590614318848 55.6823921203613 55.3694076538086 55.2375259399414 55.08154296875 54.549690246582 -3.4e+38 -3.4e+38 -3.4e+38 -3.4e+38 -3.4e+38 -3.4e+38 -3.4e+38
64.5391845703125 64.2851333618164 63.9274063110352 63.873218536377 63.7247085571289 63.3940925598145 62.8745079040527 62.6053733825684 62.9623146057129 62.5904121398926 62.1077613830566 61.5544776916504 61.4111137390137 61.3827667236328 61.0301132202148 60.772045135498 60.4376678466797 60.0217094421387 59.6248016357422 59.6539001464844 59.4096908569336 58.9706878662109 58.3505859375 58.2939910888672 58.1700973510742 57.9039115905762 57.8056869506836 57.8344078063965 57.6142730712891 57.3071136474609 57.2416877746582 57.0051498413086 -3.4e+38 -3.4e+38 -3.4e+38 -3.4e+38 -3.4e+38 55.8347969055176 55.3760681152344 55.2762184143066 55.1336975097656 54.5300750732422 54.5755729675293 -3.4e+38 -3.4e+38 -3.4e+38 -3.4e+38 -3.4e+38 -3.4e+38
64.7748107910156 64.2870941162109 63.9793853759766 64.9273452758789 64.3230895996094 63.9170074462891 63.7359886169434 62.9215660095215 62.9286499023438 62.4880027770996 62.4164733886719 62.1785011291504 61.2871170043945 61.2081336975098 61.1264419555664 61.0077438354492 60.3237648010254 60.2612228393555 59.5571403503418 59.5103988647461 59.6062202453613 59.5609970092773 59.0751838684082 58.5571746826172 58.1706466674805 57.9025840759277 57.8861312866211 58.0852394104004 58.0947418212891 57.7112159729004 57.105525970459 -3.4e+38 -3.4e+38 -3.4e+38 -3.4e+38 -3.4e+38 -3.4e+38 -3.4e+38 -3.4e+38 -3.4e+38 55.0684089660645 54.5179138183594 54.3359069824219 54.5073127746582 -3.4e+38 -3.4e+38 -3.4e+38 -3.4e+38 -3.4e+38
64.7371139526367 64.8792953491211 64.7629623413086 65.0352172851562 64.6150665283203 64.0062103271484 63.9875717163086 62.893424987793 62.7918815612793 62.805850982666 62.3332138061523 61.9515686035156 61.3328247070312 61.1078147888184 60.8607940673828 60.5978507995605 60.2111778259277 60.1735420227051 59.6128463745117 59.4922866821289 59.4237327575684 59.4655838012695 59.4166221618652 59.1318855285645 58.7033309936523 58.0222434997559 57.7809906005859 57.9609298706055 58.0379753112793 57.6696853637695 57.1542663574219 57.0703239440918 -3.4e+38 -3.4e+38 -3.4e+38 -3.4e+38 -3.4e+38 -3.4e+38 -3.4e+38 -3.4e+38 -3.4e+38 54.7034530639648 54.5622177124023 54.6594467163086 54.4486083984375 54.3885040283203 -3.4e+38 -3.4e+38 -3.4e+38
64.9259490966797 65.3672866821289 65.4178924560547 64.3479080200195 63.8558311462402 63.8913917541504 63.5925598144531 62.9994010925293 62.6506576538086 62.4035758972168 62.3007011413574 -3.4e+38 61.7438697814941 61.1672401428223 60.8909645080566 60.691032409668 60.6909484863281 60.2027854919434 59.5710067749023 59.4508247375488 59.4046478271484 59.3901748657227 59.5788307189941 59.4314117431641 59.1603698730469 58.6797180175781 58.0754470825195 57.8398170471191 58.0037269592285 57.6047248840332 57.2604446411133 -3.4e+38 -3.4e+38 -3.4e+38 -3.4e+38 -3.4e+38 56.2432136535645 -3.4e+38 -3.4e+38 -3.4e+38 -3.4e+38 54.7625198364258 -3.4e+38 54.9139671325684 54.4665184020996 -3.4e+38 -3.4e+38 -3.4e+38 -3.4e+38
65.0469360351562 65.1049346923828 65.0382995605469 64.1957092285156 63.4727401733398 63.4848213195801 63.5236778259277 63.3916549682617 62.6367301940918 62.1515769958496 62.5618743896484 62.5824890136719 61.9847831726074 61.2977905273438 61.0175895690918 60.974479675293 61.0433387756348 60.5002479553223 59.6073875427246 59.4631233215332 59.3071174621582 59.3029365539551 59.5524597167969 59.4845962524414 59.3177375793457 58.8941917419434 58.1310539245605 58.1103096008301 58.2052803039551 57.827507019043 57.4447822570801 57.267505645752 56.8709449768066 57.0082969665527 -3.4e+38 56.4593887329102 56.522274017334 56.1228866577148 55.9203758239746 -3.4e+38 -3.4e+38 54.8064308166504 54.5833549499512 -3.4e+38 54.2285995483398 -3.4e+38 54.4285125732422 -3.4e+38 -3.4e+38
64.7776870727539 64.8009414672852 64.6156158447266 64.1984710693359 63.722770690918 63.606559753418 63.8087425231934 63.6114234924316 62.663459777832 62.381721496582 62.8687438964844 62.6775512695312 62.1221199035645 61.3925361633301 61.0718078613281 61.2233848571777 60.9257965087891 60.7389259338379 60.1258735656738 59.9692115783691 59.2809219360352 -3.4e+38 59.2218475341797 59.3393898010254 59.2344589233398 58.8689842224121 58.0126724243164 57.9822769165039 58.0904006958008 58.1949768066406 57.5266494750977 57.4182167053223 57.0709915161133 56.8910751342773 56.6775169372559 56.4149551391602 56.1956596374512 56.0135459899902 -3.4e+38 -3.4e+38 -3.4e+38 54.9907569885254 54.688892364502 54.3394660949707 54.1036949157715 -3.4e+38 54.7809982299805 54.4245491027832 -3.4e+38
64.8963241577148 64.7858963012695 64.9274826049805 64.5268173217773 64.1233673095703 63.7662658691406 63.9552688598633 63.2252349853516 62.6970977783203 62.7034225463867 62.4824485778809 62.0839195251465 62.340202331543 61.8466835021973 61.478645324707 61.2583923339844 60.8952522277832 60.9896392822266 60.7346725463867 60.5986366271973 60.0246467590332 59.6295166015625 59.3982925415039 59.4831237792969 -3.4e+38 58.7701950073242 58.2002563476562 58.0867691040039 57.8012275695801 57.9007682800293 57.7557487487793 57.3954658508301 57.3221549987793 56.9557266235352 56.849250793457 56.4850158691406 55.8347511291504 55.954532623291 -3.4e+38 55.8774566650391 -3.4e+38 -3.4e+38 54.8375930786133 -3.4e+38 -3.4e+38 -3.4e+38 54.8967895507812 54.2975692749023 -3.4e+38
65.0835113525391 64.964111328125 65.0851364135742 64.8147277832031 64.0433120727539 63.8157157897949 64.1155853271484 63.3334274291992 62.8354835510254 62.775806427002 62.1526832580566 -3.4e+38 62.5102920532227 62.0382995605469 61.5718002319336 61.2799263000488 60.8062973022461 61.0380592346191 60.9513854980469 60.7174606323242 60.405876159668 59.9832801818848 59.7210693359375 -3.4e+38 59.0646858215332 58.8505020141602 58.7071380615234 58.4827575683594 57.7624168395996 57.5336151123047 57.5552749633789 57.2977256774902 57.472526550293 57.1407012939453 56.5767784118652 56.4112091064453 56.093692779541 55.8581733703613 55.788200378418 55.5800247192383 55.6900863647461 -3.4e+38 -3.4e+38 -3.4e+38 -3.4e+38 -3.4e+38 -3.4e+38 54.5419082641602 54.7158088684082
65.1878356933594 65.1867904663086 64.9849472045898 64.6089782714844 63.8687400817871 63.9680519104004 64.1028213500977 63.4100036621094 63.1861534118652 62.7356567382812 62.2129325866699 61.8612976074219 61.8085670471191 61.7693557739258 61.7941398620605 61.5129661560059 60.6191062927246 60.7282829284668 60.899585723877 60.669734954834 60.3408737182617 59.8343353271484 59.7042083740234 59.401050567627 59.0569801330566 59.1467056274414 58.9755325317383 58.7576065063477 58.2528305053711 57.6344833374023 57.4814453125 57.2426948547363 57.4352226257324 57.2478828430176 56.7962760925293 56.6706123352051 56.603141784668 56.3024520874023 55.7039413452148 55.5648498535156 55.5667381286621 -3.4e+38 -3.4e+38 -3.4e+38 -3.4e+38 -3.4e+38 -3.4e+38 54.8551712036133 54.6751289367676
65.131965637207 64.7206954956055 64.5672073364258 64.5131454467773 64.3495101928711 63.8913917541504 63.6689796447754 63.6990623474121 63.5051345825195 62.726203918457 62.4643669128418 62.1003837585449 61.7927131652832 61.963981628418 62.2576026916504 61.7839088439941 60.9255561828613 60.4968223571777 60.697566986084 60.468074798584 60.1628608703613 59.8390426635742 59.9088821411133 59.6146430969238 59.1002502441406 59.317699432373 58.8636322021484 58.8568496704102 58.7087364196777 57.9584274291992 57.696907043457 57.1961517333984 57.1430511474609 57.0845527648926 57.1651153564453 56.9687042236328 56.8647766113281 56.7206764221191 56.0710983276367 55.6769943237305 55.6324501037598 -3.4e+38 55.6647911071777 55.2894668579102 -3.4e+38 -3.4e+38 -3.4e+38 -3.4e+38 54.8624992370605
65.2861099243164 65.0328674316406 64.5634002685547 64.2033843994141 64.3108139038086 63.8708305358887 63.6799430847168 63.9478797912598 63.3958778381348 62.8205337524414 62.6516609191895 62.5094795227051 62.278881072998 62.2218284606934 62.3550834655762 61.7617416381836 61.0618896484375 60.7212753295898 60.637752532959 60.3319664001465 -3.4e+38 60.132022857666 60.1405906677246 59.7229499816895 59.3232040405273 59.0706825256348 58.7126541137695 58.7971267700195 58.6524200439453 58.2894439697266 57.5974502563477 57.2165451049805 57.000659942627 57.0466728210449 57.3305282592773 57.1436004638672 57.0429039001465 56.8367538452148 56.5448303222656 56.2557067871094 55.7730903625488 55.7070922851562 55.5374221801758 55.5308952331543 -3.4e+38 -3.4e+38 -3.4e+38 -3.4e+38 54.9908485412598
65.5195083618164 65.3951797485352 64.7677230834961 64.1751174926758 63.9388999938965 63.8065948486328 63.7243881225586 63.2061996459961 63.0037384033203 62.9436492919922 62.9540786743164 62.4190521240234 62.3331031799316 62.2249603271484 62.27294921875 61.8389930725098 61.3950462341309 -3.4e+38 60.5488700866699 60.3938026428223 -3.4e+38 60.3659172058105 60.2290496826172 59.8274192810059 59.506778717041 59.2776031494141 58.7090454101562 58.7519607543945 58.7672958374023 58.5574836730957 57.8273696899414 57.4629020690918 57.1805572509766 57.038330078125 57.2435874938965 57.2729377746582 57.0696792602539 56.8975486755371 56.8281707763672 56.7069206237793 56.1415061950684 55.418773651123 55.5653800964355 -3.4e+38 -3.4e+38 -3.4e+38 -3.4e+38 55.1682014465332 55.0645027160645
