rcp8.5models/GFDL_CM3/sc1gr0.15
NCOLS 261 
NROWS 433 
XLLCORNER 336357.134 
YLLCORNER 654653.479 
CELLSIZE 1000 
NODATA_value -3.4e+38 
[rows 176 to 197 of 433, columns 147 to 195 of 261]
72.7776794433594 72.5030059814453 72.2188873291016 72.0372161865234 71.7495498657227 71.5481948852539 71.4126968383789 71.0453033447266 70.5828170776367 70.1188659667969 69.8609161376953 69.425163269043 69.1215438842773 68.9615173339844 68.6687850952148 68.4662246704102 68.1624603271484 67.8280944824219 67.5768203735352 67.2261810302734 67.0190582275391 66.8933563232422 66.2619018554688 66.0183410644531 65.7941589355469 65.5044403076172 65.1797561645508 64.9343490600586 64.592170715332 64.3920745849609 64.1887359619141 64.0767135620117 63.9072723388672 63.224479675293 62.9975509643555 62.8836326599121 62.680606842041 62.5145683288574 62.3387413024902 62.1683044433594 61.9715843200684 61.7782707214355 61.487922668457 61.2336502075195 61.1135330200195 60.6564140319824 60.4410018920898 -3.4e+38 60.2246322631836
72.8030395507812 72.5355377197266 72.1763000488281 71.9990997314453 71.6531677246094 71.4699554443359 71.3160934448242 71.2493896484375 70.8564529418945 70.2431488037109 70.031608581543 69.6529312133789 69.3529739379883 69.1477813720703 68.6500473022461 68.5789642333984 68.2776794433594 67.8826217651367 67.7295532226562 67.4806213378906 67.1496353149414 66.9369125366211 66.353157043457 66.2667694091797 65.9562606811523 65.5240631103516 65.2137680053711 64.9853515625 64.7164077758789 64.4821243286133 64.258430480957 64.1502304077148 63.9502182006836 63.4888801574707 63.1935920715332 63.0194702148438 62.7459945678711 62.5030555725098 62.3687210083008 62.2983818054199 62.1373519897461 61.8614158630371 61.5983695983887 61.3471870422363 61.1840667724609 60.8313446044922 60.6929817199707 60.5013198852539 60.3450088500977
72.9372787475586 72.6289672851562 72.3779754638672 72.0284118652344 71.6380920410156 71.463752746582 -3.4e+38 71.253776550293 70.8459396362305 70.3409271240234 70.1841583251953 69.7194290161133 69.5254592895508 69.2346496582031 68.8147506713867 68.6174087524414 68.2325897216797 68.0038146972656 67.7638320922852 67.4703598022461 67.1653442382812 66.8095932006836 66.2795944213867 66.1547088623047 65.8818817138672 65.5921936035156 65.4198226928711 65.1584167480469 64.8738555908203 64.6494293212891 64.4191665649414 64.1807403564453 63.9477653503418 63.6171417236328 63.3658790588379 63.0985870361328 62.8579864501953 62.5938949584961 62.487361907959 62.4083099365234 62.2677993774414 61.9782104492188 61.7942085266113 61.493236541748 61.210563659668 60.9632377624512 -3.4e+38 60.7325782775879 60.490550994873
73.1437454223633 72.8133087158203 72.7020034790039 72.2803726196289 71.7531814575195 71.5729827880859 71.3386001586914 71.0537490844727 70.7098236083984 70.5307083129883 70.4494323730469 69.7137908935547 69.5678634643555 69.3016204833984 68.8848037719727 68.6068954467773 68.2571105957031 68.0786056518555 67.7103424072266 67.3742218017578 67.2539367675781 66.994514465332 66.2888336181641 66.0272827148438 65.9750289916992 65.8393096923828 65.5737838745117 65.320556640625 65.0384521484375 64.8531799316406 64.6841430664062 64.3572769165039 64.075309753418 63.7549743652344 63.457332611084 63.2115898132324 63.1245498657227 62.840461730957 62.6016540527344 62.428581237793 62.2919654846191 62.1049156188965 61.9536972045898 61.6476020812988 61.4035148620605 61.0884971618652 60.9430656433105 60.8298454284668 60.6189613342285
73.1924514770508 72.9520874023438 72.7461776733398 72.3899459838867 71.8565368652344 71.5843734741211 71.3515167236328 71.0538711547852 70.8733367919922 70.6914520263672 70.5075836181641 69.8800354003906 69.6278533935547 69.3476715087891 68.8640365600586 68.7135696411133 68.462776184082 68.0830230712891 67.7778701782227 67.5254669189453 67.3989105224609 67.2549133300781 66.4509811401367 66.1581039428711 66.1775970458984 65.9695663452148 65.6033020019531 65.4491577148438 65.2545700073242 65.0689086914062 64.9019393920898 64.6212921142578 64.3551559448242 63.8354988098145 63.563117980957 63.4161949157715 63.2957801818848 63.0120506286621 62.7177734375 62.5074310302734 62.3572883605957 62.218074798584 62.106616973877 61.8104782104492 61.5568618774414 61.2079772949219 61.0560684204102 60.9249610900879 60.7189064025879
73.1471405029297 72.9393539428711 72.8489227294922 72.4352645874023 72.0305938720703 71.698616027832 71.3772125244141 71.0575714111328 70.9117050170898 70.6916046142578 70.4049453735352 70.0273056030273 69.6232986450195 69.3568267822266 69.0469207763672 68.7584762573242 68.4678955078125 68.2035140991211 67.9311141967773 67.5793914794922 67.3342437744141 67.2640151977539 66.5796508789062 66.4011001586914 66.3179016113281 66.0858535766602 65.6327743530273 65.5591506958008 65.4267120361328 65.2078628540039 64.9794769287109 64.7957229614258 64.5225677490234 63.8737602233887 63.7374839782715 63.6716728210449 63.4252738952637 63.1383666992188 62.838264465332 62.6774673461914 62.6027679443359 62.3695182800293 62.1845016479492 61.9497718811035 61.6831741333008 61.4253768920898 61.1607704162598 61.012279510498 60.8617095947266
73.2304458618164 73.0368576049805 73.1020965576172 72.4590911865234 72.194938659668 71.9127197265625 71.4279479980469 71.1163558959961 70.8862152099609 70.6021270751953 70.5485229492188 70.0843658447266 69.6356658935547 69.2832946777344 69.1415634155273 68.7845077514648 68.4291305541992 68.2780303955078 67.9805450439453 67.6672897338867 67.5188293457031 67.2857666015625 66.6895294189453 -3.4e+38 66.4416732788086 66.1789703369141 65.8438339233398 65.7033920288086 65.5265655517578 65.3117446899414 65.0414428710938 64.8930282592773 64.6547622680664 64.1219253540039 63.9309768676758 63.7677993774414 63.4406394958496 63.2653160095215 63.0268821716309 62.7804679870605 62.6920013427734 62.4673004150391 62.2336616516113 62.0865364074707 61.8762893676758 61.5654907226562 61.3913726806641 61.1208114624023 60.9808540344238
73.2014923095703 73.1547622680664 -3.4e+38 72.5384902954102 72.2384338378906 72.0043106079102 71.4798431396484 71.1914901733398 70.9155502319336 -3.4e+38 70.662712097168 70.1107635498047 69.7650451660156 69.4050750732422 69.1039657592773 68.9126434326172 68.542106628418 68.3434066772461 68.0753555297852 67.918815612793 67.6732482910156 67.279167175293 67.0017852783203 66.7822418212891 66.5521774291992 66.2100219726562 66.0216522216797 65.8239364624023 65.7450103759766 65.5248565673828 65.1491546630859 64.8570251464844 64.7436904907227 64.2855529785156 64.0764541625977 63.798282623291 63.4682197570801 63.3480262756348 63.1986083984375 62.9396781921387 62.7494659423828 62.5766258239746 62.4051132202148 62.1660614013672 62.0003280639648 61.6923789978027 61.5525131225586 61.3134231567383 61.1048393249512
72.9115447998047 72.9243774414062 73.1478881835938 72.6846694946289 72.3008880615234 71.9440383911133 71.4966201782227 -3.4e+38 -3.4e+38 70.7752990722656 70.6071624755859 70.1436538696289 69.8256149291992 69.6353073120117 69.3505783081055 69.0372543334961 68.7163391113281 68.4381790161133 68.2256317138672 68.0641174316406 67.7003555297852 67.3799743652344 67.27490234375 67.019645690918 66.7407760620117 66.4365005493164 66.2483444213867 66.0630340576172 65.9275588989258 65.6084136962891 65.2450256347656 64.9486846923828 64.8652191162109 64.3771438598633 64.1413269042969 63.9032859802246 63.6676330566406 63.5100250244141 63.3601570129395 63.126880645752 62.9133338928223 62.7421913146973 62.5463218688965 62.2818069458008 62.0821952819824 61.8166046142578 61.7291450500488 61.5638656616211 61.271785736084
73.0848388671875 72.92236328125 72.7415313720703 72.4631958007812 72.2193069458008 71.885124206543 71.4897918701172 -3.4e+38 -3.4e+38 70.8600006103516 70.5273513793945 70.207763671875 69.9450378417969 69.7192840576172 69.3146286010742 69.2058868408203 69.0305709838867 68.7441787719727 68.5373229980469 68.2462997436523 68.0212707519531 67.7809753417969 67.4890747070312 67.1148300170898 66.8881912231445 66.7422866821289 66.5057907104492 66.357795715332 66.0594329833984 65.655517578125 65.4201812744141 65.2692031860352 65.0163497924805 64.6145248413086 64.3542633056641 64.1262969970703 63.8796539306641 63.6678466796875 63.5342483520508 63.3468971252441 63.1462707519531 62.9549140930176 62.823486328125 62.618724822998 62.3638153076172 62.1275215148926 61.912052154541 61.6613502502441 61.500675201416
73.2031784057617 73.0020217895508 72.766716003418 72.4770965576172 72.2189865112305 71.9616470336914 71.5560760498047 -3.4e+38 -3.4e+38 71.0122451782227 70.6085968017578 70.3132858276367 70.0939788818359 69.7436828613281 69.5092697143555 69.3034286499023 69.108154296875 68.7931442260742 68.6599273681641 68.366584777832 68.0731048583984 67.8277282714844 67.4144592285156 67.1440658569336 66.959716796875 66.8118133544922 66.594123840332 66.4038009643555 66.1149673461914 65.7462158203125 65.5740661621094 65.3871841430664 65.1409606933594 64.7171630859375 64.4509201049805 64.2501525878906 64.0089263916016 63.7970123291016 63.6470985412598 63.4136352539062 63.2130546569824 63.0820350646973 62.9157562255859 62.6809501647949 62.4938697814941 62.2133407592773 62.0408325195312 61.8759422302246 61.7020606994629
73.1709976196289 73.0333633422852 72.8207931518555 72.4532165527344 72.1591567993164 72.0105514526367 71.7235717773438 -3.4e+38 -3.4e+38 71.1275787353516 70.7021789550781 70.3398513793945 70.168571472168 69.8513641357422 69.6321411132812 69.4039611816406 69.1230163574219 68.7490615844727 68.6989898681641 68.5017013549805 68.2412109375 67.9705200195312 67.3956451416016 67.1277465820312 67.0293121337891 66.8824157714844 66.56494140625 66.3476715087891 65.987907409668 65.7348861694336 65.6344757080078 65.3784942626953 65.0966262817383 64.7901458740234 64.5206985473633 64.3764801025391 64.1459121704102 63.9148712158203 63.6462554931641 63.3782577514648 63.2424850463867 63.1383285522461 62.9510231018066 62.7471733093262 62.5637893676758 62.2134857177734 62.0855827331543 61.9226684570312 61.7133674621582
73.3079376220703 73.030158996582 -3.4e+38 72.4238739013672 72.205436706543 71.9798965454102 71.8050003051758 -3.4e+38 -3.4e+38 71.1749649047852 70.76171875 70.3294906616211 70.0639190673828 69.9420471191406 69.7162094116211 69.5475311279297 69.1879043579102 68.7909545898438 68.7459030151367 68.510856628418 68.2752304077148 68.171142578125 67.5002288818359 67.2401962280273 67.1461868286133 66.9977111816406 66.7065505981445 66.3993682861328 66.0811157226562 65.8696670532227 65.7287292480469 65.4808807373047 65.2312164306641 64.932991027832 64.6821441650391 64.5003204345703 64.2721557617188 64.0121459960938 63.7036666870117 63.4351348876953 63.2850608825684 63.191707611084 63.0504455566406 62.8794097900391 62.6785850524902 62.2455253601074 62.1386756896973 61.9613265991211 61.7907638549805
73.4936065673828 73.2061462402344 72.9097366333008 72.5035781860352 72.3137817382812 72.0347290039062 71.7840423583984 -3.4e+38 -3.4e+38 71.2256698608398 70.9702682495117 70.3495254516602 70.0207977294922 69.8824844360352 69.7550048828125 69.5958404541016 69.1434173583984 68.8204193115234 68.7698745727539 68.5779113769531 68.3092651367188 68.2077713012695 67.5445709228516 67.3394622802734 67.1921844482422 66.9856338500977 66.7567291259766 66.6303024291992 66.326416015625 66.0473251342773 -3.4e+38 65.6222381591797 65.4368286132812 65.0718002319336 64.8686828613281 64.5968933105469 64.4120330810547 64.2003784179688 63.9293441772461 63.6909446716309 63.4732780456543 63.2506675720215 63.1466407775879 62.9962501525879 62.7659645080566 62.3649063110352 62.2996520996094 62.0738525390625 61.9013748168945
73.6227035522461 73.3447189331055 72.9623107910156 72.5976104736328 72.385139465332 72.1602249145508 71.8763580322266 71.6466445922852 71.4341812133789 71.2547988891602 71.0202789306641 70.5280151367188 70.1546478271484 69.9248580932617 69.7566452026367 69.6171798706055 69.1979064941406 68.8348159790039 68.7284317016602 68.5942687988281 68.3966445922852 68.1661148071289 67.6318588256836 67.478874206543 67.2436141967773 66.9833145141602 66.7286834716797 66.7239151000977 66.3846664428711 66.1066741943359 65.896354675293 65.7162857055664 65.5557556152344 65.1227340698242 64.9628677368164 -3.4e+38 64.5216903686523 64.3424911499023 64.0415725708008 63.813159942627 63.5934600830078 63.3335914611816 63.2130508422852 63.0196876525879 62.8119354248047 62.6391372680664 62.5624465942383 62.2349433898926 61.9798164367676
73.8364715576172 73.5082702636719 73.017822265625 72.7193984985352 72.4703903198242 72.2429885864258 72.0141067504883 71.8966827392578 71.6044845581055 71.3007583618164 71.05029296875 70.6568450927734 70.2739562988281 70.0939788818359 69.8193359375 69.6114349365234 69.1993865966797 68.8816375732422 68.7651062011719 68.6205902099609 68.4155960083008 68.1572036743164 67.6835174560547 67.5610198974609 67.3376159667969 67.0657196044922 66.7957077026367 66.6423797607422 66.4370651245117 66.26708984375 66.075309753418 65.81689453125 65.6277923583984 65.136848449707 64.9754486083984 64.8338775634766 64.6347045898438 64.4287261962891 64.1493377685547 63.9535980224609 63.8149795532227 63.6596717834473 63.4010848999023 63.131217956543 63.0355339050293 62.8098831176758 62.6399726867676 62.3593902587891 62.1151962280273
73.9462966918945 73.7687759399414 73.1865386962891 72.8083572387695 72.5723114013672 72.2994689941406 72.1670379638672 72.1400833129883 71.7725448608398 71.4792633056641 71.2016143798828 70.702522277832 70.4215774536133 70.2178726196289 69.856315612793 69.7100982666016 69.439323425293 69.1183395385742 68.8623504638672 68.7155609130859 68.4422073364258 68.1710739135742 67.7750778198242 67.599967956543 67.4090805053711 67.1376800537109 66.8816680908203 66.6660232543945 66.5013732910156 66.3837280273438 66.1813049316406 65.9112243652344 65.7255401611328 65.2715606689453 65.0991134643555 64.9463729858398 64.7721481323242 64.5091323852539 64.2535400390625 64.1247940063477 64.0174179077148 63.8810005187988 63.6620826721191 63.4152450561523 63.2239723205566 62.8361892700195 62.6651840209961 62.4544448852539 62.3011627197266
74.159553527832 73.6390151977539 73.2827835083008 72.8847427368164 72.685676574707 72.416130065918 72.3210372924805 72.2943496704102 71.9720001220703 71.6665878295898 71.3923416137695 70.7397308349609 70.600715637207 70.3331146240234 69.9658203125 69.8555297851562 69.663215637207 69.3607940673828 68.9170532226562 68.7570495605469 68.5794372558594 68.2780075073242 67.8973999023438 67.6941833496094 67.4785614013672 67.2672500610352 66.9932250976562 66.7476348876953 66.577392578125 66.4115905761719 66.1923980712891 66.0144958496094 65.8963241577148 65.4626922607422 65.2423553466797 65.0726165771484 64.8959197998047 64.6571197509766 64.4014587402344 64.1917114257812 64.0442962646484 63.8994255065918 63.7654228210449 63.5720558166504 63.2638549804688 62.9411773681641 62.7907180786133 62.5572662353516 62.4009284973145
74.3609466552734 73.6465911865234 73.3797988891602 73.1201705932617 72.7682876586914 72.5512847900391 72.5825729370117 72.539192199707 72.1512145996094 71.7947769165039 71.5221939086914 70.9240264892578 70.6512069702148 70.4111480712891 70.1752243041992 69.9730072021484 69.7750778198242 69.5008316040039 69.0671463012695 68.8465423583984 68.6795196533203 68.382942199707 67.9516143798828 67.7809448242188 67.565185546875 67.3899993896484 67.134162902832 66.7895278930664 66.6553344726562 66.4252853393555 66.3031387329102 66.1981201171875 66.0127410888672 65.5824813842773 65.2826156616211 65.1210174560547 64.9924011230469 64.7882919311523 64.5280456542969 64.2454833984375 64.0572357177734 63.9232444763184 63.7486724853516 63.6565971374512 63.500415802002 63.0905303955078 62.913703918457 62.6727256774902 62.4925918579102
74.2877197265625 73.8610687255859 73.5513305664062 73.2465667724609 72.8987503051758 72.7704162597656 72.7790145874023 72.6675338745117 72.1552047729492 71.8727874755859 71.6882400512695 71.0638122558594 70.7297821044922 70.5167388916016 70.2197952270508 70.080322265625 69.9060211181641 69.5956649780273 69.2274703979492 69.0472946166992 68.7887573242188 68.50244140625 67.9805374145508 67.8627624511719 67.6469879150391 67.4893417358398 67.3178329467773 66.9974365234375 66.6845169067383 66.5475234985352 66.480583190918 66.327766418457 66.0574798583984 65.5591812133789 65.2505798339844 65.1552429199219 65.0597915649414 64.8286972045898 64.6350250244141 64.4367065429688 64.1621246337891 63.9850082397461 63.9244689941406 63.9619178771973 63.6978034973145 63.210147857666 62.9634590148926 62.7793998718262 -3.4e+38
74.0862808227539 73.7191390991211 73.5224990844727 73.2818756103516 -3.4e+38 72.9794998168945 72.9363861083984 72.7822875976562 72.3005294799805 72.1338577270508 71.806022644043 71.0740814208984 70.8946075439453 70.6765518188477 70.334846496582 70.1103744506836 69.9795227050781 69.7258834838867 69.5078887939453 69.3051147460938 69.0766906738281 68.8529510498047 68.324577331543 68.194938659668 67.9415664672852 67.6575164794922 67.4785003662109 67.2380828857422 67.122673034668 66.9381790161133 66.7029190063477 66.5264587402344 66.2975158691406 65.8636856079102 65.6655807495117 65.3771591186523 65.2142944335938 65.1190948486328 64.9247131347656 64.7610015869141 -3.4e+38 64.3741836547852 64.3069763183594 64.1919860839844 63.8586120605469 63.2657508850098 63.0910110473633 63.0355491638184 62.9235572814941
74.1073226928711 73.7658615112305 73.4953765869141 -3.4e+38 -3.4e+38 -3.4e+38 72.9350204467773 72.6503219604492 72.3280563354492 72.0794906616211 71.7083129882812 71.1491546630859 70.9816131591797 70.758186340332 70.3886108398438 70.1225204467773 69.960693359375 69.7754211425781 69.5924301147461 69.391960144043 69.1611557006836 68.9405364990234 68.5944442749023 68.3953552246094 68.0981063842773 67.8740005493164 67.5680160522461 67.3819427490234 67.2452850341797 67.1255111694336 66.826057434082 66.5933151245117 66.4216613769531 65.9328231811523 65.7660827636719 -3.4e+38 65.3327941894531 65.2576751708984 -3.4e+38 64.8784332275391 64.8097381591797 -3.4e+38 64.4487609863281 64.35546875 64.0041885375977 63.3781204223633 63.2069625854492 63.0488243103027 62.976692199707
