rcp8.5models/GFDL_CM3/sc1gr10.10
NCOLS 261 
NROWS 433 
XLLCORNER 336357.134 
YLLCORNER 654653.479 
CELLSIZE 1000 
NODATA_value -3.4e+38 
[rows 352 to 373 of 433, columns 196 to 244 of 261]
197.416229248047 199.519241333008 202.013900756836 204.245346069336 206.536727905273 208.879653930664 211.203155517578 215.291275024414 217.058349609375 218.994354248047 221.301162719727 223.562484741211 226.00276184082 228.494995117188 230.728393554688 232.611038208008 234.797256469727 237.078323364258 241.512786865234 243.852081298828 246.194778442383 248.674285888672 251.261581420898 252.649490356445 255.03254699707 257.174346923828 259.117156982422 261.221252441406 263.765472412109 265.598571777344 269.303985595703 271.074829101562 273.230712890625 275.262603759766 277.237609863281 279.497467041016 281.219696044922 283.053375244141 285.278900146484 287.027709960938 288.629455566406 291.848083496094 293.148956298828 -3.4e+38 -3.4e+38 -3.4e+38 -3.4e+38 302.503112792969 303.258636474609
195.197067260742 197.565536499023 200.119064331055 202.265808105469 204.212173461914 206.417663574219 208.763381958008 212.786148071289 214.976119995117 217.315292358398 219.659545898438 222.02326965332 224.354034423828 226.409774780273 228.597595214844 230.663177490234 232.872741699219 235.229431152344 239.657440185547 241.719116210938 244.073822021484 246.542068481445 249.052505493164 250.800201416016 252.819076538086 255.064468383789 257.101806640625 259.360931396484 261.465148925781 263.536590576172 267.368835449219 269.254943847656 271.565246582031 273.228210449219 275.375885009766 277.692321777344 279.353485107422 281.397064208984 283.240692138672 285.358825683594 -3.4e+38 -3.4e+38 -3.4e+38 -3.4e+38 -3.4e+38 -3.4e+38 -3.4e+38 300.459167480469 301.342254638672
193.194595336914 195.415863037109 197.848678588867 200.058532714844 201.985092163086 204.086898803711 206.692306518555 211.283050537109 213.476181030273 215.749450683594 217.792617797852 219.995513916016 222.303161621094 224.448043823242 226.678985595703 228.886413574219 231.252990722656 233.546264648438 237.73405456543 239.830276489258 242.213562011719 244.703842163086 246.959777832031 248.899780273438 250.954452514648 253.260681152344 255.493148803711 257.389587402344 259.273864746094 261.627532958984 265.550262451172 267.591613769531 269.545806884766 271.471435546875 273.773040771484 275.673797607422 277.618133544922 279.540130615234 281.569946289062 -3.4e+38 -3.4e+38 -3.4e+38 -3.4e+38 -3.4e+38 -3.4e+38 -3.4e+38 -3.4e+38 -3.4e+38 299.800628662109
190.953308105469 193.283966064453 195.586730957031 197.852355957031 200.027755737305 202.371475219727 204.829132080078 209.733795166016 211.743988037109 213.727493286133 215.756271362305 217.867614746094 220.408645629883 222.809295654297 225.046051025391 227.202514648438 229.299942016602 231.607803344727 235.882736206055 238.242340087891 240.525665283203 242.595886230469 244.946090698242 247.068542480469 249.384796142578 251.625473022461 253.567520141602 255.523910522461 257.54833984375 260.002838134766 263.973480224609 265.961090087891 267.596038818359 269.798522949219 271.729248046875 273.908874511719 276.034393310547 277.486450195312 -3.4e+38 -3.4e+38 -3.4e+38 -3.4e+38 -3.4e+38 -3.4e+38 -3.4e+38 -3.4e+38 -3.4e+38 -3.4e+38 -3.4e+38
188.90673828125 191.39079284668 193.844146728516 196.075836181641 198.163330078125 200.543258666992 202.600463867188 207.447616577148 209.877304077148 211.76530456543 213.91731262207 216.134628295898 218.798782348633 221.04133605957 223.1162109375 225.392349243164 227.402297973633 229.945343017578 234.30744934082 236.564529418945 238.422302246094 240.587020874023 242.982345581055 245.243743896484 247.26628112793 249.514541625977 251.548950195312 253.739852905273 255.597137451172 257.968353271484 262.256378173828 264.13671875 265.975341796875 267.869049072266 269.889434814453 272.244232177734 -3.4e+38 -3.4e+38 -3.4e+38 -3.4e+38 -3.4e+38 -3.4e+38 -3.4e+38 -3.4e+38 -3.4e+38 -3.4e+38 -3.4e+38 -3.4e+38 -3.4e+38
187.293243408203 189.647232055664 192.103179931641 194.26350402832 196.059371948242 198.370346069336 200.559326171875 205.191360473633 207.898818969727 210.064910888672 212.180938720703 214.43977355957 216.685836791992 218.969161987305 221.16047668457 223.515182495117 225.798217773438 228.376815795898 232.80778503418 234.631790161133 236.614364624023 239.086608886719 241.36262512207 243.341018676758 245.398010253906 247.705612182617 250.00260925293 252.169677734375 253.881195068359 256.152679443359 260.407745361328 262.364898681641 264.330718994141 266.003204345703 268.199005126953 270.085784912109 -3.4e+38 -3.4e+38 -3.4e+38 -3.4e+38 -3.4e+38 -3.4e+38 -3.4e+38 -3.4e+38 -3.4e+38 -3.4e+38 -3.4e+38 -3.4e+38 -3.4e+38
185.592056274414 187.878952026367 189.713531494141 192.025283813477 193.839950561523 196.274566650391 198.830703735352 203.305618286133 205.815216064453 208.205017089844 210.082290649414 212.404342651367 214.545928955078 216.944122314453 219.344100952148 221.744659423828 224.185272216797 226.669357299805 230.868591308594 232.839385986328 235.237335205078 237.60807800293 239.435180664062 241.544235229492 243.996658325195 246.17106628418 248.574768066406 250.466293334961 252.303237915039 254.60758972168 258.552337646484 260.716949462891 262.451446533203 264.434478759766 266.578155517578 -3.4e+38 -3.4e+38 -3.4e+38 -3.4e+38 -3.4e+38 -3.4e+38 -3.4e+38 -3.4e+38 -3.4e+38 -3.4e+38 -3.4e+38 -3.4e+38 -3.4e+38 -3.4e+38
183.644882202148 185.635147094727 187.493286132812 189.883117675781 191.952056884766 194.392364501953 196.997619628906 201.46061706543 203.957305908203 206.068069458008 207.916885375977 210.315460205078 212.759368896484 215.27848815918 217.530181884766 219.978607177734 222.510589599609 224.679641723633 229.028457641602 231.250823974609 233.653945922852 235.972763061523 237.618133544922 239.987884521484 242.427337646484 244.551773071289 246.67839050293 248.801025390625 250.749176025391 252.984298706055 256.989807128906 259.130126953125 260.763031005859 262.772430419922 264.651641845703 266.628601074219 -3.4e+38 -3.4e+38 -3.4e+38 -3.4e+38 -3.4e+38 -3.4e+38 -3.4e+38 -3.4e+38 -3.4e+38 -3.4e+38 -3.4e+38 -3.4e+38 -3.4e+38
179.423522949219 182.143814086914 184.448043823242 186.303314208984 188.386932373047 190.795135498047 193.230255126953 197.274002075195 199.851104736328 202.360198974609 204.579635620117 206.888137817383 209.44694519043 211.866104125977 214.177673339844 216.145904541016 218.492630004883 221.145553588867 226.001525878906 228.035202026367 230.183029174805 232.537750244141 235.109085083008 237.843215942383 239.67414855957 241.60676574707 243.600616455078 245.692718505859 247.685653686523 249.471389770508 254.158889770508 255.977340698242 257.618499755859 259.720153808594 261.189788818359 263.326141357422 -3.4e+38 -3.4e+38 -3.4e+38 -3.4e+38 -3.4e+38 -3.4e+38 -3.4e+38 -3.4e+38 -3.4e+38 -3.4e+38 -3.4e+38 -3.4e+38 -3.4e+38
177.690826416016 180.364715576172 182.794296264648 184.653518676758 186.8837890625 189.136917114258 191.038604736328 195.567916870117 198.049438476562 200.664443969727 202.787948608398 205.327453613281 208.245666503906 210.593643188477 212.060531616211 214.267868041992 216.887649536133 219.494705200195 224.389678955078 226.285430908203 228.425659179688 231.19059753418 234.249710083008 236.847396850586 238.024307250977 239.573501586914 241.863418579102 244.060104370117 239.349975585938 215.215774536133 252.505264282227 254.100921630859 255.951156616211 257.793609619141 259.605163574219 261.751770019531 263.463348388672 -3.4e+38 -3.4e+38 -3.4e+38 -3.4e+38 -3.4e+38 -3.4e+38 -3.4e+38 -3.4e+38 -3.4e+38 -3.4e+38 -3.4e+38 -3.4e+38
175.908203125 178.292877197266 180.721740722656 182.927322387695 185.343017578125 187.388671875 189.081680297852 193.914627075195 196.359786987305 198.832336425781 200.961364746094 203.497360229492 206.588638305664 209.478424072266 210.147583007812 212.500350952148 215.233627319336 217.66374206543 222.76123046875 224.612487792969 227.037017822266 229.765716552734 232.528381347656 234.805191040039 236.450790405273 237.973846435547 240.041946411133 242.032867431641 238.386260986328 211.343002319336 250.437301635742 252.51969909668 254.318939208984 255.962692260742 258.152709960938 260.065979003906 261.905548095703 264.043304443359 265.677825927734 263.030700683594 238.98258972168 -3.4e+38 -3.4e+38 -3.4e+38 -3.4e+38 -3.4e+38 -3.4e+38 -3.4e+38 -3.4e+38
174.089218139648 176.570190429688 178.884735107422 181.180587768555 183.721389770508 185.724456787109 187.418014526367 192.257110595703 194.66731262207 197.085845947266 199.475769042969 201.680969238281 204.023498535156 206.954956054688 208.522735595703 210.851943969727 213.472229003906 216.079254150391 220.759902954102 222.962341308594 225.6552734375 228.344314575195 230.535018920898 232.350860595703 234.681503295898 236.387329101562 238.428771972656 240.213226318359 242.335403442383 239.139236450195 248.577835083008 250.93815612793 252.880737304688 254.354537963867 256.561676025391 258.228607177734 260.253875732422 262.114929199219 264.0751953125 266.219055175781 267.798248291016 271.516967773438 -3.4e+38 -3.4e+38 -3.4e+38 -3.4e+38 -3.4e+38 -3.4e+38 -3.4e+38
172.412460327148 174.892868041992 177.212051391602 179.488784790039 181.984573364258 184.129745483398 185.830978393555 190.49609375 192.894668579102 195.338607788086 198.05322265625 200.385452270508 202.316802978516 204.383010864258 206.822998046875 209.302932739258 211.935684204102 214.465789794922 218.811279296875 221.427597045898 224.055450439453 226.723983764648 228.774353027344 230.405838012695 232.660125732422 234.591384887695 236.590255737305 232.36198425293 209.274993896484 243.009536743164 246.933929443359 249.109436035156 250.977401733398 252.948760986328 255.025085449219 256.655395507812 258.786407470703 260.413360595703 262.594482421875 264.454162597656 266.322387695312 269.868469238281 271.25537109375 -3.4e+38 -3.4e+38 -3.4e+38 -3.4e+38 -3.4e+38 -3.4e+38
170.742462158203 173.22785949707 175.549407958984 177.785705566406 180.165557861328 182.402648925781 184.242370605469 188.920501708984 191.32356262207 193.733688354492 196.339813232422 198.805114746094 200.736846923828 202.829696655273 205.273818969727 207.755081176758 210.344970703125 212.695083618164 217.212249755859 219.785629272461 222.269241333008 224.879547119141 226.749954223633 228.793167114258 230.928039550781 233.031936645508 234.794555664062 231.571792602539 205.416610717773 209.528198242188 245.165802001953 247.477630615234 249.208587646484 251.485717773438 253.07080078125 255.021255493164 257.150390625 258.773071289062 260.908538818359 262.52978515625 264.673492431641 268.273590087891 269.810211181641 271.434234619141 273.51513671875 -3.4e+38 -3.4e+38 -3.4e+38 -3.4e+38
169.132019042969 171.566940307617 173.89192199707 176.134826660156 178.517288208008 180.716934204102 182.49853515625 187.275863647461 189.695358276367 192.121322631836 194.553161621094 196.849487304688 198.754287719727 201.198318481445 203.683197021484 206.246673583984 208.578979492188 211.122756958008 215.758102416992 218.189041137695 220.640762329102 223.066528320312 224.878646850586 227.193817138672 229.373779296875 231.620727539062 233.386077880859 235.683044433594 232.578414916992 211.496353149414 243.584671020508 245.610321044922 247.620132446289 249.716751098633 251.189865112305 253.36116027832 255.214126586914 257.1630859375 259.308715820312 255.705032348633 227.774200439453 266.902557373047 268.362274169922 269.910400390625 271.476287841797 -3.4e+38 -3.4e+38 -3.4e+38 -3.4e+38
167.501556396484 169.835601806641 172.284713745117 174.620513916016 176.870086669922 179.150085449219 181.125366210938 185.642623901367 188.064331054688 190.492523193359 192.926620483398 189.005172729492 173.184997558594 193.348114013672 177.309951782227 204.620880126953 206.963409423828 209.497985839844 214.294937133789 216.569900512695 218.991912841797 221.273651123047 223.100631713867 225.509155273438 227.824722290039 230.045639038086 231.935150146484 234.056732177734 236.288558959961 237.643966674805 242.151931762695 243.75666809082 245.806991577148 247.959045410156 249.788238525391 252.033218383789 253.30387878418 255.598892211914 257.769226074219 250.057113647461 197.260391235352 265.499664306641 266.783874511719 268.286254882812 269.593688964844 271.090179443359 -3.4e+38 -3.4e+38 -3.4e+38
166.131561279297 168.257507324219 170.730880737305 173.112716674805 175.234268188477 177.628433227539 179.918487548828 184.045181274414 186.609832763672 189.001602172852 191.293075561523 187.744567871094 172.946075439453 192.127899169922 177.23567199707 202.885696411133 205.491256713867 207.846710205078 212.669708251953 214.959976196289 217.319931030273 219.373840332031 221.512023925781 223.941986083984 226.061401367188 228.223205566406 230.478942871094 232.420135498047 234.559173583984 236.215179443359 240.721832275391 242.29801940918 244.141067504883 246.049880981445 248.318313598633 250.367492675781 251.726272583008 254.231460571289 256.207397460938 253.675796508789 230.904159545898 263.851257324219 265.226654052734 266.738952636719 268.135406494141 -3.4e+38 -3.4e+38 -3.4e+38 -3.4e+38
164.866470336914 167.025634765625 169.160446166992 171.581176757812 173.824188232422 176.169403076172 178.496643066406 182.417770385742 184.976791381836 187.370986938477 189.670379638672 192.043884277344 194.156799316406 196.326110839844 198.777038574219 201.26416015625 203.896453857422 206.372863769531 211.048034667969 213.340209960938 215.801788330078 218.03987121582 220.104858398438 222.313293457031 224.389236450195 226.281311035156 228.673904418945 230.723648071289 232.62272644043 234.653259277344 238.763473510742 240.68620300293 242.656448364258 244.302886962891 246.650741577148 243.396606445312 217.317657470703 247.591949462891 220.645568847656 256.348419189453 258.488647460938 262.245910644531 263.771148681641 265.29052734375 262.192047119141 -3.4e+38 -3.4e+38 -3.4e+38 -3.4e+38
163.31901550293 165.767974853516 167.898330688477 164.085479736328 152.540664672852 174.605880737305 176.972854614258 181.214584350586 183.175582885742 185.643478393555 188.184951782227 184.605239868164 169.873352050781 194.857131958008 197.215347290039 199.704223632812 202.343109130859 204.80908203125 209.326171875 211.786727905273 214.234313964844 216.435195922852 218.482330322266 220.518341064453 222.714874267578 224.42707824707 226.732574462891 229.061248779297 230.800262451172 233.099487304688 236.865051269531 239.006378173828 240.687118530273 242.628936767578 244.835739135742 237.361190795898 188.05305480957 241.769088745117 190.802917480469 254.848251342773 256.695648193359 225.447891235352 262.127716064453 263.813903808594 -3.4e+38 -3.4e+38 -3.4e+38 -3.4e+38 -3.4e+38
160.241516113281 162.790740966797 165.073348999023 167.247360229492 169.341583251953 171.569244384766 173.874008178711 178.629592895508 180.851547241211 182.949111938477 185.109970092773 187.550842285156 189.99592590332 192.309127807617 194.211166381836 196.661987304688 199.146026611328 195.980529785156 205.968719482422 208.555908203125 210.852600097656 207.025650024414 188.042388916016 217.353775024414 219.351593017578 221.415817260742 218.743225097656 194.818313598633 196.687438964844 203.5244140625 206.968292236328 235.708389282227 237.329849243164 239.518997192383 241.493392944336 243.430999755859 245.557678222656 247.183517456055 244.764236450195 218.19612121582 249.149124145508 185.882186889648 195.139877319336 -3.4e+38 -3.4e+38 -3.4e+38 -3.4e+38 -3.4e+38 -3.4e+38
141.519271850586 161.507568359375 163.53076171875 165.767593383789 168.104156494141 170.425735473633 172.532257080078 177.05451965332 179.441665649414 181.700302124023 183.905563354492 185.925430297852 188.368194580078 185.144485473633 164.29817199707 171.720275878906 197.659118652344 194.835906982422 204.327423095703 206.898345947266 209.190795898438 205.879745483398 188.793197631836 215.688751220703 212.276138305664 192.071304321289 216.612884521484 195.265350341797 225.908309936523 228.048004150391 231.868270874023 233.756301879883 235.882598876953 238.055740356445 239.550796508789 241.746109008789 243.766372680664 245.701889038086 243.877090454102 217.024215698242 213.791595458984 184.702667236328 -3.4e+38 -3.4e+38 -3.4e+38 -3.4e+38 -3.4e+38 -3.4e+38 -3.4e+38
140.702819824219 160.259872436523 162.295532226562 164.395904541016 166.695587158203 168.958236694336 171.31037902832 175.614700317383 172.479049682617 153.86669921875 155.882568359375 162.733581542969 186.750778198242 183.929260253906 164.649459838867 171.57160949707 196.202728271484 198.646728515625 202.828979492188 205.251602172852 207.552856445312 209.432907104492 211.804443359375 208.657745361328 178.501708984375 165.735244750977 215.553482055664 196.654479980469 224.262924194336 226.405868530273 225.139221191406 196.966217041016 199.160278320312 205.929611206055 237.915023803711 -3.4e+38 241.817291259766 -3.4e+38 245.85417175293 239.614273071289 180.822937011719 -3.4e+38 -3.4e+38 -3.4e+38 -3.4e+38 -3.4e+38 -3.4e+38 -3.4e+38 -3.4e+38
