rcp8.5models/GFDL_CM3/sc1gr9.1
NCOLS 261 
NROWS 433 
XLLCORNER 336357.134 
YLLCORNER 654653.479 
CELLSIZE 1000 
NODATA_value -9999 
[rows 396 to 417 of 433, columns 150 to 199 of 261]
193.622861930205 191.715842064681 189.495990579049 186.36687916113 183.513107641876 181.533874451413 179.255135998745 177.130444599549 174.230967678781 173.167562676095 171.967893463533 170.985612037812 171.181370195337 171.066339622421 169.617106044567 168.031296590534 167.387579954424 166.36174785349 165.997858592108 165.982276655596 165.992300351454 166.198857395539 165.222913567555 164.028249435239 -9999 -9999 162.206139556061 161.805158433315 -9999 -9999 161.310889444728 162.009604488676 162.024243292599 161.933046567342 155.856953186884 143.228517959793 146.643081685492 92.2330665029979 80.5452892655002 115.758308717943 163.51756649159 163.39333552634 -9999 156.203199975675 136.915981641754 136.139447297571 136.298302810829 141.21266071491 142.522971017313 84.8599394999081
192.6776396756 190.08227900956 188.468774153217 186.116683481923 182.686863667888 180.644679188585 178.777104287323 176.929524855182 174.25771511035 173.080849275317 171.717660269271 171.327448753877 171.132290672003 170.525502041972 169.074108945518 167.435254974686 166.925240260524 166.246936569719 165.982991878363 165.38437900496 165.487497359442 166.453911734727 166.42744074351 164.226206958624 163.176870969138 -9999 -9999 161.400573459607 -9999 -9999 161.408027205298 161.961371990727 161.780034254271 162.22266654784 162.811267066723 162.86373379305 162.503566571367 146.526590335658 99.0661399364654 114.461764551779 163.41129838686 163.680192980327 -9999 -9999 111.879698569736 102.632459420688 86.6397622113161 127.924384629327 92.0402509631191 79.7349902173829
192.083377691663 189.102321001968 187.211373879956 185.775254777283 183.121248424805 180.433247716331 178.147068658893 176.41130492838 174.353286417432 173.005506004042 171.652544354723 170.917184684164 169.956039547476 169.369590141567 168.526257160869 167.194974825396 166.348978873618 165.782608162513 165.795138483389 164.975464523929 165.609515696137 166.653205177855 166.969954876414 164.911760567291 163.472759718464 162.719000410126 162.439929548538 161.611127809306 161.802724068214 161.82140882318 161.49730912362 161.89245380696 161.34790425964 161.895880103686 162.425329711873 147.134687515957 116.853916583787 162.608982480657 156.931037823056 138.584150643688 144.538497217668 -9999 123.422669159573 82.8412694133563 -9999 114.256064949521 42.9259555473511 64.4717365238561 49.9611333248609 110.928980830964
191.377726745711 188.390839169669 186.120500171684 184.507938480829 182.704521807529 180.403605086429 178.304640443819 176.25080775862 173.77230221176 172.530721734725 171.308322617326 170.347248557407 169.408386862496 169.049418087945 168.42694212241 166.911109279766 166.053231437808 165.158562561192 165.393531448928 165.067077872654 165.723070237427 166.549254177735 166.750857926084 165.609313254413 163.930760455325 163.039921026073 162.719538203303 161.877051580927 161.579567501709 161.132927881176 161.614443948867 155.839382284344 137.925832471163 138.170060820059 144.749293891725 140.428417542877 82.2594719196181 116.776651505235 156.626612056904 132.307726889014 125.29039208593 -9999 134.652829726543 44.940917702474 88.7616803324921 123.674793786891 65.4649638828084 34.7721736988811 55.8591159034794 131.203894018817
190.887158502991 187.755429738062 185.125842209038 182.979760862138 181.235855919817 180.014250483318 178.315508125678 176.24975313567 173.34418820213 172.521495514944 171.283481099695 -9999 -9999 168.839675520447 168.348962434272 166.768829399619 165.78690201699 164.866797019301 164.861085187605 165.18920050455 165.674812647465 165.942569440715 165.948411584937 165.684214526277 164.687302717182 163.940870490347 162.982284729495 162.032253890272 161.684336733425 160.78416134466 144.93958782913 148.986681059272 120.338852394691 137.379062614357 143.830000164066 155.540227658092 127.834682990562 115.399832488948 147.914804995342 110.615065219983 143.496977495253 162.57728207491 134.375562408946 45.5066657787556 74.5047144692723 83.3003025638387 96.6568438265875 35.1350437905922 61.7078342975778 151.376900998673
189.97918886455 187.37365522106 184.745892070407 182.391766410873 180.366009010317 179.450124856876 177.654738415414 175.508228712533 173.282213932507 172.310315277176 170.668554654334 -9999 -9999 -9999 168.057434767154 166.776206654587 165.579469551156 164.847921096714 164.649488826628 164.814465279673 165.277927973496 164.941117290385 164.890336756753 165.172523009957 165.031118031113 164.250996571232 163.12660594795 162.092875683596 161.815844918023 161.028866068669 144.129753886027 154.658937395587 138.05052747619 144.865137884018 161.323596551366 161.338780175783 161.847132869102 156.766456147978 130.026341626901 114.946807263522 162.376412550749 162.605118342297 148.318781759494 103.019189008023 110.68052532049 102.329304438 96.9269486223389 35.6164751972321 48.6188050967922 101.60618875816
188.534531734883 186.401454420791 184.358029588848 181.842581897733 179.7911083965 179.037624123356 177.458039651989 175.216906324662 172.617048328361 171.58188305775 -9999 -9999 -9999 167.477813085481 167.405387144159 166.712055130489 165.714345107626 165.192632377584 165.145335998135 164.989213348118 164.886048053374 164.021848370976 163.989990828674 164.623814574528 164.828659354078 163.906553013136 163.25738912646 162.476533271625 162.308931051748 161.261146382336 161.559134837369 161.202712788665 155.582142597388 144.39013483199 161.03589200438 161.362350517036 161.908677878471 156.60675983581 138.768849921781 144.832171508317 -9999 116.061661680096 157.484249904522 133.671172103349 125.446018250718 143.960578270764 66.9116574295141 49.6019978009181 -9999 -9999
187.638083385965 185.370113904437 183.690836237144 181.097156493229 179.110730731093 178.301992369961 177.266166126785 175.339195759176 171.956288789141 171.258756042696 170.428873080635 169.390667085002 168.407485818089 167.221459106823 166.534812852436 166.34596725963 166.009634669295 165.375985950799 165.185731477389 165.050572053578 164.807679625041 163.899467070893 163.345521299188 164.039657596962 164.029797239513 163.966140012331 163.457358097875 163.008194501181 162.802478957854 161.785345138304 161.783129919482 161.232621230993 161.810264541973 161.874990369252 161.210755759789 161.556434845897 161.939286296704 161.908678969346 156.361178439937 144.398279218291 -9999 -9999 -9999 120.370922575261 -9999 -9999 -9999 -9999 -9999 -9999
187.021865728542 184.622746197671 182.826089045974 180.694553280189 178.656378429186 177.197849221655 176.380499151441 174.880272703424 172.111884630713 171.380423161988 170.37708932237 169.438433278276 168.478942975483 167.464337703797 166.428353912197 166.050464854574 166.163964290567 165.529299306418 164.943327415277 164.591831579599 164.239809503165 163.859761031559 163.448130497962 163.783403192425 163.927643220152 163.788039149124 163.750922560473 163.237689075162 162.983169378391 162.337259789206 162.183275411792 161.242610127936 161.818755043869 -9999 -9999 -9999 162.256401175734 -9999 162.307411066376 -9999 -9999 -9999 -9999 -9999 -9999 -9999 -9999 -9999 -9999 -9999
185.891413680347 183.524624207163 181.505337733049 179.93184703671 178.139937297177 176.658964003403 175.534253010931 174.483402828636 172.417901501849 171.562460263797 170.371601037075 169.278191025843 168.475337169619 167.781570150678 166.736891908386 166.270535931658 166.301122483905 165.75825535352 164.922717218681 164.140591378126 163.870296364792 163.672834982634 163.381656592211 163.903198333902 164.048116767852 163.367157452769 163.393492365189 163.358328872309 163.331506707031 162.573250891163 162.118914531928 161.675551178776 161.862775751047 -9999 -9999 -9999 162.504756796493 162.139154455751 162.594960443332 -9999 -9999 -9999 -9999 -9999 -9999 -9999 -9999 -9999 -9999 -9999
186.000836966183 183.676632594018 181.320601532567 179.27230264961 177.596537827393 175.964328997375 174.772611942483 173.941428184114 172.73491204565 171.835062330392 170.64184517748 169.630727994 168.619516826825 167.822057813284 167.018261469238 166.378675367435 166.222251903183 165.501597029135 164.815936135131 164.473724357435 164.074479785957 163.927868701503 163.445875695487 163.425823076581 163.011554086315 163.117638430573 163.139154827339 162.965147494065 162.499610177858 162.463707113458 161.690917436322 162.49942742434 162.477191676298 -9999 -9999 -9999 -9999 -9999 -9999 -9999 -9999 -9999 -9999 -9999 -9999 -9999 -9999 -9999 -9999 -9999
185.30883607862 183.441515128347 181.471751348307 179.25975385974 177.390397924145 175.91175090347 174.761126688321 173.966630551556 172.286493294012 171.648838448955 170.77688520959 169.48392812212 168.605133142036 167.860987929707 167.052180418776 166.491222846429 166.42402006786 165.556504767344 164.975882837314 164.569473538251 164.2515468242 164.379544506607 163.66376412074 163.425116378998 162.981086539217 163.436993234507 162.9758389513 162.678247127787 162.056427625501 162.519721535108 162.123972933057 -9999 162.688474332521 -9999 -9999 -9999 -9999 -9999 -9999 -9999 -9999 -9999 -9999 -9999 -9999 -9999 -9999 -9999 -9999 -9999
184.179410304701 182.545422313897 181.209449648531 179.292378732907 177.372511004884 176.143513310654 174.889684913157 173.933178308551 171.778888977541 171.249878853358 170.566742991075 169.691106966256 168.724228745736 168.144904653565 167.379871984259 166.867616023096 166.699870034919 165.798016170606 165.359195339641 164.574048906349 164.21004526364 164.359852765796 163.921619055965 163.632267228462 163.073229922351 163.467031462867 162.84919268925 162.732873943124 162.22726549294 157.260570028011 162.444297139286 162.864332966757 -9999 -9999 -9999 -9999 -9999 -9999 -9999 -9999 -9999 -9999 -9999 -9999 -9999 -9999 -9999 -9999 -9999 -9999
184.095069443604 182.284323384591 180.674515428093 179.055360326 177.263521941287 176.149709752728 174.963458948569 174.04969135958 172.171872596492 171.583653142023 170.718470922438 170.119279817809 169.148797202766 168.518700590907 167.831467472222 167.509424980423 166.968072641623 166.030060758567 165.551117156008 164.830432556701 164.335141381273 164.316338580616 164.171504079131 163.91046135377 163.191647037559 163.074115583676 162.715570413699 162.97097870752 162.355470714895 -9999 -9999 -9999 -9999 -9999 -9999 -9999 -9999 -9999 -9999 -9999 -9999 -9999 -9999 -9999 -9999 -9999 -9999 -9999 -9999 -9999
184.22838159187 182.278856957999 180.403514993124 178.798239913801 177.176736539387 176.180589578382 174.953348733411 174.101676777156 172.542337822108 171.803835702162 171.324829906888 170.484467505359 169.494012653774 168.648881030905 168.038322704372 167.990339452524 167.228734168047 166.286396318441 165.804563947833 165.184112851393 164.580719308094 164.589877174747 164.407095421379 163.972952645728 163.424344700955 163.296049281588 162.937500734228 -9999 -9999 -9999 -9999 -9999 -9999 -9999 -9999 -9999 -9999 -9999 -9999 -9999 -9999 -9999 -9999 -9999 -9999 -9999 -9999 -9999 -9999 -9999
184.596024693766 182.103148505149 180.369068880236 178.953975271585 177.469288267044 176.219269394414 175.145133771412 174.239045577642 172.818449508091 172.037017390594 171.496544998976 170.686281636284 169.674036678599 168.80117561552 168.391504356126 168.17851798158 167.451110763441 166.469261675459 166.050519667554 165.364119039683 164.818682305773 164.782171774427 164.457996091571 163.985368201428 -9999 -9999 -9999 -9999 -9999 -9999 -9999 -9999 -9999 -9999 -9999 -9999 -9999 -9999 -9999 -9999 -9999 -9999 -9999 -9999 -9999 -9999 -9999 -9999 -9999 -9999
184.972347219787 182.247232990055 180.683810369627 179.044465365292 177.775203126005 176.967025896344 175.816490400361 174.572327454925 173.082042379987 172.408797633735 171.680681689382 170.788231607979 170.112266930188 169.655092404457 169.17401294139 -9999 167.583746207441 166.815619763456 166.71672881616 -9999 -9999 -9999 -9999 -9999 -9999 -9999 -9999 -9999 -9999 -9999 -9999 -9999 -9999 -9999 -9999 -9999 -9999 -9999 -9999 -9999 -9999 -9999 -9999 -9999 -9999 -9999 -9999 -9999 -9999 -9999
185.312410391203 182.496536818612 180.728993845619 179.009604827664 178.049840126486 177.706970296933 176.633509011793 175.52314434784 -9999 172.705406157094 -9999 170.921684426356 170.619193069676 -9999 -9999 -9999 -9999 -9999 -9999 -9999 -9999 -9999 -9999 -9999 -9999 -9999 -9999 -9999 -9999 -9999 -9999 -9999 -9999 -9999 -9999 -9999 -9999 -9999 -9999 -9999 -9999 -9999 -9999 -9999 -9999 -9999 -9999 -9999 -9999 -9999
186.212626319785 183.305358654025 181.231551023809 179.58181454813 178.709980033819 178.018363738603 177.091811991334 -9999 174.132125890501 -9999 -9999 171.540675555046 -9999 -9999 -9999 -9999 -9999 -9999 -9999 -9999 -9999 -9999 -9999 -9999 -9999 -9999 -9999 -9999 -9999 -9999 -9999 -9999 -9999 -9999 -9999 -9999 -9999 -9999 -9999 -9999 -9999 -9999 -9999 -9999 -9999 -9999 -9999 -9999 -9999 -9999
187.333264688594 184.717416354618 182.674451850437 180.927818844714 -9999 178.823182437605 -9999 -9999 -9999 -9999 -9999 -9999 -9999 -9999 -9999 -9999 -9999 -9999 -9999 -9999 -9999 -9999 -9999 -9999 -9999 -9999 -9999 -9999 -9999 -9999 -9999 -9999 -9999 -9999 -9999 -9999 -9999 -9999 -9999 -9999 -9999 -9999 -9999 -9999 -9999 -9999 -9999 -9999 -9999 -9999
188.496354406807 186.17520430079 184.159072779782 182.409708102261 181.262073448662 -9999 -9999 -9999 -9999 -9999 -9999 -9999 -9999 -9999 -9999 -9999 -9999 -9999 -9999 -9999 -9999 -9999 -9999 -9999 -9999 -9999 -9999 -9999 -9999 -9999 -9999 -9999 -9999 -9999 -9999 -9999 -9999 -9999 -9999 -9999 -9999 -9999 -9999 -9999 -9999 -9999 -9999 -9999 -9999 -9999
189.393469779573 -9999 -9999 -9999 -9999 -9999 -9999 -9999 -9999 -9999 -9999 -9999 -9999 -9999 -9999 -9999 -9999 -9999 -9999 -9999 -9999 -9999 -9999 -9999 -9999 -9999 -9999 -9999 -9999 -9999 -9999 -9999 -9999 -9999 -9999 -9999 -9999 -9999 -9999 -9999 -9999 -9999 -9999 -9999 -9999 -9999 -9999 -9999 -9999 -9999
