rcp8.5models/GFDL_CM3/sc1gr10.29
NCOLS 261 
NROWS 433 
XLLCORNER 336357.134 
YLLCORNER 654653.479 
CELLSIZE 1000 
NODATA_value -3.4e+38 
[rows 132 to 153 of 433, columns 49 to 97 of 261]
341.184112548828 340.778656005859 341.33740234375 341.698089599609 342.574249267578 343.188079833984 343.776031494141 345.052215576172 345.997222900391 346.560302734375 347.705841064453 348.830841064453 349.616516113281 349.84765625 351.499938964844 352.485778808594 353.544006347656 354.175140380859 355.875305175781 357.086334228516 358.872497558594 360.322631835938 361.745391845703 363.332580566406 364.763977050781 366.378326416016 367.128021240234 368.096801757812 368.678527832031 371.758605957031 372.376129150391 373.996490478516 375.481140136719 377.376098632812 378.837066650391 380.407531738281 381.973602294922 384.115997314453 385.602813720703 387.099365234375 388.605621337891 392.620971679688 394.778381347656 396.413055419922 398.461395263672 400.034790039062 401.652770996094 403.424468994141 405.188262939453
339.171722412109 339.015167236328 338.954742431641 339.653656005859 340.106201171875 341.131896972656 340.993713378906 342.650543212891 343.394226074219 343.863403320312 344.992828369141 346.317108154297 347.697906494141 347.993041992188 348.651123046875 349.985809326172 351.139221191406 351.869567871094 354.019836425781 355.2294921875 356.845336914062 357.643615722656 359.182434082031 361.180572509766 362.791351318359 364.109466552734 364.648468017578 366.102386474609 366.668090820312 368.984069824219 370.419860839844 371.967132568359 373.659271240234 375.549438476562 377.065063476562 379.074310302734 380.791961669922 382.029174804688 383.541198730469 385.234527587891 386.732177734375 390.418304443359 392.733123779297 394.370849609375 396.490875244141 398.089172363281 399.955902099609 402.082092285156 404.052307128906
337.157623291016 336.642242431641 336.961547851562 337.654388427734 337.929656982422 338.196472167969 338.7421875 340.64306640625 340.687530517578 341.317718505859 342.543518066406 343.7861328125 345.220123291016 345.922485351562 346.100372314453 347.459228515625 348.317932128906 349.886413574219 352.194519042969 353.379852294922 354.642730712891 355.100921630859 356.822235107422 358.626983642578 360.382843017578 361.658294677734 362.659576416016 363.540252685547 364.649047851562 366.720672607422 368.313751220703 370.034271240234 371.510314941406 372.728881835938 375.226684570312 376.980590820312 378.601684570312 380.073211669922 381.563140869141 383.159362792969 384.682067871094 388.467132568359 390.360809326172 392.409759521484 394.164947509766 396.015655517578 397.790374755859 400.038299560547 402.557067871094
334.224822998047 334.455627441406 334.943542480469 334.715148925781 335.357757568359 335.854278564453 336.445617675781 338.111511230469 338.524200439453 339.269470214844 340.496643066406 341.178894042969 343.052795410156 343.392242431641 344.145355224609 345.428771972656 345.869506835938 347.509216308594 349.857940673828 351.518402099609 352.145843505859 353.162933349609 354.891235351562 356.248138427734 357.471160888672 359.626586914062 360.850494384766 361.386260986328 362.684539794922 364.658233642578 365.756011962891 367.360992431641 369.03173828125 370.254547119141 372.286102294922 374.053283691406 375.732147216797 377.480682373047 379.740966796875 381.212615966797 382.711547851562 386.375793457031 388.133087158203 390.027069091797 392.122680664062 394.104827880859 395.674133300781 397.630554199219 400.624450683594
331.922973632812 332.175689697266 332.987213134766 332.388793945312 332.85791015625 333.922729492188 334.354766845703 335.400970458984 336.642150878906 337.374969482422 338.287475585938 339.017120361328 340.274810791016 340.997894287109 342.265441894531 342.830383300781 343.911956787109 345.476379394531 347.179046630859 348.6494140625 350.134002685547 351.320709228516 352.285827636719 354.328002929688 355.000335693359 356.984771728516 358.585113525391 359.654846191406 360.901336669922 362.747711181641 363.518951416016 365.443878173828 367.010772705078 368.426940917969 369.876251220703 371.534790039062 373.494262695312 375.769958496094 377.963806152344 379.427642822266 380.947296142578 384.410339355469 386.146270751953 388.441711425781 390.554718017578 392.335601806641 394.403594970703 396.377136230469 398.719818115234
330.017272949219 330.148040771484 331.083770751953 330.481323242188 330.830902099609 331.989898681641 331.848724365234 333.279876708984 334.458221435547 335.528076171875 336.372985839844 337.738861083984 338.075744628906 339.039031982422 340.131500244141 340.714538574219 342.158264160156 343.730255126953 345.136535644531 346.388916015625 348.135498046875 349.015747070312 350.059387207031 351.759674072266 353.111022949219 354.613708496094 356.611358642578 357.881042480469 358.671051025391 360.504669189453 361.696075439453 363.687774658203 365.295806884766 366.831359863281 368.929565429688 369.627136230469 371.660552978516 374.078125 376.013092041016 377.669342041016 379.209777832031 382.692047119141 384.649078369141 386.270416259766 388.901275634766 390.612609863281 393.214111328125 394.938354492188 396.701507568359
325.953735351562 326.036743164062 326.063873291016 326.439758300781 327.039184570312 326.902801513672 327.940002441406 328.512359619141 329.476623535156 330.612365722656 331.905364990234 332.827575683594 334.148742675781 334.350433349609 335.646911621094 336.302307128906 337.551422119141 339.184051513672 340.912017822266 342.970428466797 344.261413574219 346.032318115234 346.939697265625 348.016357421875 349.774047851562 351.016174316406 351.964111328125 354.312744140625 355.075500488281 357.418029785156 358.280456542969 359.737518310547 361.587036132812 363.077026367188 364.919555664062 365.617614746094 367.335479736328 369.601654052734 371.484161376953 373.971893310547 376.09326171875 379.49169921875 381.199920654297 383.010345458984 385.030578613281 387.011871337891 389.484008789062 391.335418701172 393.342407226562
323.387878417969 323.511840820312 324.255645751953 324.440307617188 324.330474853516 325.184967041016 325.82275390625 326.509826660156 327.595550537109 328.853637695312 329.808258056641 330.498016357422 331.685028076172 331.882354736328 333.059814453125 334.193786621094 335.315246582031 336.663635253906 338.774322509766 340.423583984375 341.982666015625 343.401702880859 344.846099853516 346.288635253906 347.251892089844 348.834869384766 349.952117919922 351.735473632812 353.222442626953 355.551025390625 356.777557373047 358.913665771484 359.873107910156 360.764312744141 362.142639160156 363.41748046875 365.240142822266 367.968841552734 369.980285644531 372.29052734375 374.148895263672 377.608551025391 380.089752197266 381.481353759766 383.312255859375 385.309173583984 387.691589355469 390.438232421875 392.169647216797
321.007598876953 320.870056152344 -3.4e+38 321.146331787109 322.184112548828 323.034790039062 323.292633056641 324.791687011719 325.807403564453 326.204345703125 327.318634033203 327.572784423828 328.599578857422 329.349182128906 330.388916015625 331.603881835938 332.743774414062 334.182220458984 337.123931884766 338.28369140625 339.165405273438 340.744598388672 342.218353271484 343.906463623047 345.168823242188 346.677032470703 348.304595947266 349.663726806641 351.211212158203 354.194976806641 355.167755126953 357.234100341797 358.220794677734 358.830505371094 -3.4e+38 361.652587890625 363.332550048828 365.702941894531 367.4755859375 369.990966796875 371.503082275391 375.821990966797 377.865173339844 380.073913574219 381.616912841797 383.583374023438 385.672058105469 388.644622802734 390.236541748047
318.548400878906 318.788146972656 -3.4e+38 318.765228271484 319.489990234375 320.559875488281 320.988525390625 322.132537841797 323.211486816406 324.064270019531 324.482269287109 325.131805419922 325.860931396484 326.888122558594 328.180603027344 329.574768066406 330.735412597656 332.269805908203 334.425903320312 336.128936767578 337.121704101562 338.562530517578 340.086456298828 341.121276855469 343.383605957031 344.847961425781 345.923217773438 348.003448486328 348.976623535156 352.776672363281 354.063903808594 355.382507324219 356.639038085938 357.246246337891 358.640472412109 360.039398193359 361.540008544922 363.540588378906 365.368530273438 368.0048828125 369.425842285156 373.8955078125 375.666015625 377.929534912109 379.886138916016 381.584106445312 383.722900390625 386.583099365234 388.124389648438
316.904113769531 317.016143798828 316.560668945312 316.663848876953 316.774139404297 317.682830810547 318.534454345703 320.263061523438 320.561981201172 321.4375 321.549041748047 322.787475585938 323.596374511719 324.103515625 325.611846923828 327.093597412109 328.541748046875 329.735198974609 331.711578369141 333.384826660156 334.660186767578 336.240264892578 337.666809082031 339.050231933594 340.822601318359 342.531311035156 343.852081298828 345.536102294922 346.534851074219 350.468353271484 351.52978515625 353.412353515625 354.290435791016 355.688415527344 357.077758789062 358.471405029297 359.947814941406 361.849578857422 363.642486572266 365.641510009766 367.823699951172 371.550262451172 373.311614990234 375.911376953125 377.635101318359 379.265655517578 381.783935546875 384.165496826172 386.370056152344
315.022216796875 315.355346679688 314.632843017578 314.282958984375 314.778198242188 315.577758789062 315.659271240234 317.561187744141 318.06005859375 318.56689453125 319.551055908203 320.599334716797 321.320068359375 322.109954833984 323.380554199219 325.152313232422 326.663055419922 327.236572265625 329.565216064453 331.145904541016 332.074981689453 333.518981933594 335.113433837891 336.591613769531 338.288513183594 340.211242675781 341.192108154297 343.005126953125 344.398529052734 348.237609863281 348.928985595703 350.925720214844 352.085845947266 353.869842529297 355.454528808594 356.433837890625 358.401397705078 360.350769042969 362.439178466797 364.397491455078 366.301849365234 369.691314697266 371.792175292969 374.245239257812 375.825225830078 378.094482421875 380.108581542969 382.332153320312 384.8681640625
313.271850585938 313.419250488281 313.084808349609 313.268188476562 313.108428955078 313.614379882812 313.675384521484 314.573394775391 315.688934326172 316.56787109375 317.081909179688 318.335327148438 319.156982421875 319.671600341797 321.103515625 322.708160400391 324.297485351562 325.507415771484 327.289245605469 328.673919677734 330.085876464844 331.604614257812 333.324249267578 334.626739501953 336.155883789062 337.910003662109 338.607452392578 340.956146240234 342.172454833984 345.976287841797 346.714263916016 349.030944824219 350.452331542969 352.119964599609 353.397369384766 354.552398681641 356.388946533203 358.855987548828 361.159210205078 363.30078125 364.785736083984 368.718994140625 -3.4e+38 372.665008544922 374.233642578125 376.480041503906 378.537414550781 380.881591796875 383.180084228516
311.32275390625 311.152893066406 311.417449951172 311.457641601562 311.538269042969 311.929321289062 312.081207275391 312.662048339844 313.798919677734 314.485809326172 315.102691650391 315.677917480469 316.960235595703 317.800354003906 319.35888671875 320.820220947266 322.418243408203 323.643768310547 325.162139892578 326.245971679688 328.168701171875 329.521759033203 330.938781738281 332.264617919922 333.880645751953 335.343322753906 336.754058837891 338.551727294922 340.280090332031 343.400482177734 344.84521484375 346.771881103516 348.858276367188 349.900909423828 351.635375976562 353.012603759766 354.616912841797 357.264587402344 359.166961669922 361.785980224609 363.359680175781 367.5009765625 369.402557373047 371.113189697266 372.714019775391 375.093933105469 376.920196533203 379.106140136719 381.542205810547
309.332794189453 309.337768554688 309.825531005859 309.362487792969 309.6435546875 309.829498291016 310.232330322266 311.363189697266 311.690399169922 312.486022949219 313.623321533203 313.80419921875 314.912017822266 315.733673095703 317.021850585938 318.759979248047 320.030792236328 321.120483398438 322.998870849609 324.184112548828 325.976440429688 327.169708251953 328.156982421875 329.757354736328 331.24462890625 332.867156982422 -3.4e+38 336.035827636719 337.6240234375 341.034240722656 343.333465576172 344.900115966797 347.341705322266 348.065704345703 350.17626953125 351.548309326172 353.058013916016 355.249206542969 357.370849609375 360.107330322266 361.922698974609 365.993316650391 367.985321044922 370.117462158203 371.515106201172 373.841033935547 375.491302490234 378.084716796875 380.014801025391
307.747192382812 307.764862060547 307.457763671875 307.768737792969 308.060241699219 308.397369384766 308.950897216797 310.019683837891 310.03662109375 310.850982666016 311.363403320312 312.333587646484 312.774261474609 313.707122802734 314.803466796875 316.124633789062 317.292694091797 318.665924072266 320.438934326172 321.977996826172 323.357360839844 324.626281738281 326.125671386719 328.047546386719 329.27587890625 330.255920410156 331.882965087891 333.484405517578 335.610321044922 339.220489501953 341.131225585938 343.396362304688 345.419830322266 346.639190673828 348.742248535156 350.109161376953 351.562164306641 353.520965576172 355.801513671875 358.053527832031 360.360107421875 364.512634277344 366.458892822266 368.5703125 370.803985595703 373.122253417969 374.331665039062 377.1259765625 379.308441162109
306.004150390625 306.351104736328 305.940979003906 306.251770019531 306.319244384766 306.796325683594 307.636871337891 309.211273193359 308.771514892578 310.285766601562 310.184478759766 310.915740966797 310.786407470703 311.593841552734 312.689056396484 314.029510498047 315.408660888672 316.13427734375 318.537658691406 319.412109375 320.941986083984 322.207885742188 323.699462890625 325.550659179688 327.038299560547 328.386993408203 329.889251708984 331.610748291016 333.728454589844 337.762939453125 339.228790283203 341.406646728516 343.463592529297 345.150024414062 346.861968994141 348.694793701172 350.143463134766 352.002593994141 353.779846191406 355.966766357422 358.383605957031 363.058502197266 365.095733642578 367.618011474609 369.713348388672 372.227661132812 373.531524658203 375.998809814453 378.384429931641
304.751617431641 304.918609619141 304.631134033203 304.307769775391 304.857849121094 305.257629394531 305.419342041016 307.571685791016 308.272979736328 309.361114501953 309.222442626953 308.731109619141 309.294250488281 309.937469482422 311.253662109375 311.928466796875 313.203338623047 314.406524658203 316.635803222656 317.609771728516 319.025787353516 320.563720703125 321.804901123047 323.047058105469 324.647338867188 326.220184326172 328.396118164062 330.172149658203 331.822845458984 336.403228759766 337.817443847656 339.738159179688 341.933959960938 343.722259521484 345.214324951172 347.304809570312 348.749206542969 350.643035888672 352.544891357422 354.339660644531 356.588592529297 361.158508300781 363.657806396484 366.156890869141 368.268707275391 370.837615966797 372.396667480469 374.699798583984 377.057373046875
300.887237548828 301.096801757812 301.021789550781 301.143951416016 301.214508056641 302.149230957031 302.900848388672 304.601470947266 306.392059326172 305.265930175781 305.058685302734 305.2021484375 305.997711181641 307.227874755859 307.527770996094 308.726287841797 309.580718994141 310.536529541016 313.244323730469 313.904113769531 315.121185302734 317.149597167969 318.945587158203 319.967376708984 321.434509277344 323.030487060547 324.52001953125 326.229278564453 328.242218017578 331.668792724609 333.939666748047 335.999847412109 338.295379638672 339.954254150391 342.326782226562 344.596130371094 346.032165527344 347.971984863281 350.084075927734 351.585083007812 353.77099609375 357.936065673828 359.963134765625 362.643676757812 365.460632324219 368.015014648438 369.632873535156 372.311370849609 375.031890869141
299.8466796875 299.39208984375 299.424499511719 299.21923828125 300.316070556641 300.687561035156 301.353942871094 303.458892822266 304.634063720703 303.109313964844 303.442199707031 303.611083984375 304.618255615234 305.7158203125 306.224029541016 306.761962890625 307.813140869141 309.192504882812 311.452728271484 312.392852783203 313.590515136719 314.78173828125 316.350311279297 318.09228515625 319.431518554688 -3.4e+38 -3.4e+38 324.266967773438 325.862030029297 330.078796386719 331.947082519531 334.284149169922 336.191589355469 338.532836914062 341.225646972656 343.2763671875 344.806365966797 347.123687744141 348.840881347656 350.686065673828 352.427093505859 356.583099365234 358.606719970703 361.178833007812 363.528930664062 366.227020263672 368.484344482422 371.144744873047 374.016265869141
298.46875 298.651458740234 298.2021484375 297.783172607422 298.848663330078 299.485321044922 300.281341552734 301.744812011719 302.50732421875 302.02587890625 302.145599365234 302.024749755859 302.515838623047 303.751007080078 304.130920410156 305.010528564453 306.360198974609 307.114807128906 309.700164794922 311.102569580078 311.771850585938 312.963073730469 314.725830078125 316.268341064453 317.842010498047 319.310272216797 -3.4e+38 -3.4e+38 324.046112060547 327.898590087891 330.313201904297 332.434387207031 334.483612060547 337.206390380859 339.571533203125 341.220886230469 343.463958740234 345.615905761719 347.569183349609 349.554412841797 351.208587646484 355.398681640625 357.923706054688 359.777770996094 361.840728759766 364.625640869141 367.211791992188 369.585876464844 372.434997558594
296.349395751953 297.996398925781 297.409484863281 297.470092773438 297.754791259766 298.263458251953 298.415374755859 300.054901123047 301.191101074219 301.988830566406 300.453399658203 300.91552734375 300.848175048828 301.475433349609 302.500366210938 303.111450195312 304.616577148438 305.512939453125 308.479919433594 309.295623779297 310.447875976562 311.187164306641 312.710876464844 314.407287597656 316.606079101562 317.945495605469 319.653717041016 320.868927001953 321.953765869141 326.171844482422 328.18603515625 330.534118652344 332.640716552734 335.211303710938 336.993927001953 339.514343261719 342.127197265625 344.093109130859 346.487884521484 348.368438720703 349.972717285156 354.914825439453 357.067260742188 358.834411621094 360.985504150391 363.307342529297 365.930969238281 368.36279296875 370.715606689453
