rcp8.5models/GFDL_CM3/sc1gr0.31
NCOLS 261 
NROWS 433 
XLLCORNER 336357.134 
YLLCORNER 654653.479 
CELLSIZE 1000 
NODATA_value -3.4e+38 
[rows 242 to 263 of 433, columns 196 to 244 of 261]
74.8207244873047 74.5223770141602 73.9829788208008 73.7236480712891 73.331657409668 72.9831695556641 72.7999801635742 72.4688034057617 72.3039093017578 71.9913864135742 71.7187728881836 71.4229507446289 71.0857772827148 70.9437561035156 70.8510665893555 70.5590591430664 70.1438064575195 69.9767379760742 69.5303726196289 -3.4e+38 -3.4e+38 69.0587539672852 69.0141677856445 68.814208984375 68.4869995117188 68.1203384399414 68.0495223999023 67.9539184570312 67.6294403076172 67.3842544555664 66.9144439697266 66.7883758544922 66.5044403076172 66.210090637207 66.1221694946289 65.9925003051758 65.7854385375977 65.5423202514648 65.3958282470703 65.2241897583008 65.0025482177734 64.5791397094727 64.4367446899414 64.2159423828125 -3.4e+38 -3.4e+38 -3.4e+38 -3.4e+38 63.6550750732422
74.9662017822266 74.5939712524414 74.3580169677734 74.0555419921875 73.7027282714844 73.4949569702148 73.21923828125 72.8283843994141 72.5120239257812 72.1287536621094 71.7843933105469 71.5314636230469 71.3205184936523 71.0580215454102 70.9131774902344 70.6498718261719 70.4692077636719 70.2274322509766 69.7986297607422 -3.4e+38 -3.4e+38 69.2638931274414 69.3262786865234 69.0587921142578 68.8281402587891 68.5315551757812 68.3604354858398 68.2435150146484 67.9603805541992 67.6008682250977 67.0279769897461 66.8800811767578 66.708869934082 66.7128067016602 66.4452285766602 66.295768737793 66.0768203735352 65.8136444091797 65.4714584350586 65.2919540405273 65.141471862793 64.9391326904297 64.8230285644531 64.6150436401367 -3.4e+38 -3.4e+38 64.1178131103516 -3.4e+38 -3.4e+38
74.8584365844727 74.6399536132812 74.4637756347656 74.1246643066406 73.8228607177734 73.6568450927734 73.3753280639648 72.7601470947266 72.5303955078125 72.1123275756836 71.8175811767578 71.4804840087891 71.3369522094727 71.1696014404297 71.0231018066406 70.8139495849609 70.5796432495117 70.3010864257812 70.0266494750977 69.7515258789062 -3.4e+38 -3.4e+38 69.1701431274414 69.1065139770508 69.0741424560547 68.7193145751953 68.437858581543 68.2697143554688 68.0135040283203 67.6485748291016 67.1778182983398 67.0737380981445 66.897087097168 66.8127212524414 66.5562210083008 66.3848037719727 66.1894760131836 65.9460983276367 65.631217956543 65.4444808959961 65.3249359130859 65.108268737793 64.923454284668 64.7238616943359 -3.4e+38 64.301139831543 64.1819305419922 64.1073989868164 -3.4e+38
74.8417816162109 74.6107635498047 74.3949203491211 74.1113128662109 73.7321166992188 73.4965667724609 73.3347015380859 72.6892242431641 72.5015029907227 72.0056610107422 71.8425979614258 71.5904541015625 71.5005264282227 71.2513885498047 71.0225296020508 70.8396759033203 70.6736221313477 70.4407730102539 70.2562866210938 69.8914947509766 69.5165634155273 69.3745880126953 69.3079452514648 69.2695159912109 69.1389236450195 68.7293319702148 -3.4e+38 -3.4e+38 67.9849624633789 67.8301696777344 67.4076385498047 67.3083267211914 67.1153030395508 66.8386611938477 66.5947647094727 66.3811187744141 66.2339324951172 66.0609359741211 65.8463668823242 65.6675491333008 65.4602127075195 65.2601852416992 65.0029296875 64.8652725219727 -3.4e+38 64.4506607055664 64.2926635742188 64.1890716552734 64.0228576660156
74.8578338623047 74.5496215820312 74.2553863525391 73.9082641601562 73.6192321777344 73.4629135131836 73.2313842773438 72.6710662841797 72.4015808105469 72.0575561523438 71.9328384399414 71.7339324951172 71.5665512084961 71.3370666503906 71.1138687133789 70.9133071899414 70.7387313842773 70.6187896728516 70.4302291870117 70.1981658935547 69.7785186767578 69.4779052734375 69.429931640625 69.3342056274414 69.039176940918 68.8248825073242 -3.4e+38 -3.4e+38 68.0582427978516 68.079216003418 67.5785369873047 67.4029922485352 67.1911773681641 66.9386672973633 66.6265716552734 66.3846054077148 66.2541656494141 66.1796188354492 66.0469131469727 65.8311996459961 65.6168975830078 65.3189849853516 65.1168518066406 64.9241256713867 64.7212600708008 64.5916366577148 64.4763565063477 64.3206100463867 64.1867980957031
74.7888259887695 74.5109939575195 74.2469940185547 73.9847106933594 73.6652984619141 73.4529418945312 73.2652130126953 72.7023086547852 72.4098739624023 72.1837463378906 72.0067977905273 71.8415832519531 71.6188201904297 71.4484634399414 -3.4e+38 71.0719909667969 70.8068237304688 70.7636489868164 70.6413116455078 70.4358596801758 70.0527420043945 69.5737075805664 69.4333114624023 69.3553771972656 69.1795425415039 69.0215911865234 -3.4e+38 -3.4e+38 68.3059387207031 68.3001098632812 67.6632843017578 67.4768753051758 67.2285003662109 67.1370391845703 66.7857208251953 66.5446243286133 66.4408111572266 66.2482376098633 66.1501388549805 66.0048828125 65.7309875488281 65.3779754638672 65.1619491577148 64.9740295410156 64.8735046386719 64.7420883178711 64.5901641845703 64.4596328735352 64.294548034668
74.8468627929688 74.5352783203125 74.2469024658203 74.0722045898438 73.8025817871094 73.5581436157227 73.350471496582 72.8520736694336 72.5971908569336 72.3291320800781 72.0794372558594 72.1086349487305 71.9246826171875 71.6221160888672 71.3721008300781 71.3117294311523 70.9830017089844 70.8711242675781 70.7221984863281 70.3476409912109 69.9821166992188 69.6718826293945 69.515998840332 69.491081237793 69.3295593261719 68.9874496459961 68.6465225219727 -3.4e+38 68.4257659912109 68.393310546875 67.8592071533203 67.6577072143555 67.5315780639648 67.336799621582 66.9194946289062 66.7710266113281 66.6779403686523 66.4458389282227 66.3341445922852 66.0420074462891 65.8546981811523 65.5320663452148 65.2983932495117 65.0902404785156 64.9829788208008 64.900390625 64.7721633911133 64.6292572021484 64.4669723510742
74.8927764892578 74.7552642822266 74.4809722900391 74.1652069091797 73.9629516601562 73.745361328125 73.526123046875 73.0743026733398 72.7424087524414 72.4359359741211 72.2445449829102 72.4452972412109 72.1786880493164 71.7314758300781 71.7013473510742 71.6521606445312 71.172477722168 70.9637298583984 70.6473922729492 70.3528442382812 70.1255340576172 69.9452285766602 69.7352676391602 69.5774841308594 69.3384323120117 69.1020202636719 68.971305847168 68.7213745117188 68.5265808105469 68.5554046630859 68.0798492431641 -3.4e+38 67.7959136962891 67.5084915161133 67.2385330200195 67.0223007202148 66.8940582275391 66.7587127685547 66.529182434082 66.1746597290039 66.0185241699219 65.6382751464844 65.3984375 65.1947555541992 65.069938659668 64.9921264648438 64.8936996459961 64.7285919189453 64.5526733398438
75.1728286743164 74.9735641479492 74.5993957519531 74.2305679321289 74.0077743530273 73.7548675537109 73.579948425293 73.1173324584961 72.8430938720703 72.6688079833984 72.6242065429688 72.5938415527344 72.1640167236328 71.8636169433594 71.8693008422852 71.7645645141602 71.2622604370117 71.0906524658203 70.72998046875 70.5401000976562 70.4715118408203 70.293098449707 69.9153060913086 69.6631011962891 69.4725494384766 69.3493957519531 69.2280197143555 68.8626708984375 68.7092971801758 68.6330947875977 68.399543762207 68.1912155151367 67.920295715332 67.6119918823242 67.4908905029297 67.2498779296875 67.0084838867188 66.8649978637695 66.6424560546875 66.3457260131836 66.0597610473633 65.6701889038086 65.4810256958008 65.394905090332 65.3328857421875 65.2261047363281 65.0155334472656 64.8295745849609 64.6563568115234
75.5956192016602 75.2719497680664 74.7485122680664 74.4146728515625 74.0930480957031 73.8679809570312 73.6220016479492 73.1378784179688 72.967414855957 72.8559646606445 72.8684768676758 72.6039581298828 72.2159271240234 72.0684432983398 72.0303726196289 71.8902130126953 71.6088333129883 71.3497543334961 -3.4e+38 70.8479156494141 70.8924789428711 70.521125793457 70.1556625366211 69.7502365112305 69.5918045043945 69.4778671264648 69.4053497314453 69.2241439819336 68.9637756347656 68.7954483032227 68.6922454833984 68.4566192626953 68.0295944213867 67.9033660888672 67.6839218139648 67.3717880249023 67.1015319824219 66.8407135009766 66.7636489868164 66.4105911254883 66.0692596435547 65.7523727416992 65.6313934326172 65.4997100830078 65.4560775756836 65.3323745727539 65.1035919189453 64.9204025268555 64.7921524047852
75.9936904907227 75.6936492919922 74.9738616943359 74.5606536865234 74.2357025146484 74.1075820922852 73.744140625 73.2957534790039 73.1506576538086 73.1144790649414 72.9756317138672 72.7383804321289 72.5442123413086 72.3887710571289 72.2063522338867 72.1736679077148 71.9733200073242 71.7144546508789 71.2234268188477 71.1289901733398 70.9221038818359 70.5209579467773 70.2148208618164 69.893440246582 69.7279739379883 69.5236434936523 69.5795288085938 69.5690002441406 69.2161712646484 68.9870986938477 68.7220458984375 68.5082702636719 68.1488418579102 68.0798797607422 67.8631057739258 67.4791412353516 67.2794036865234 67.0328750610352 66.8307876586914 66.5062942504883 66.2294540405273 65.8832550048828 65.8336639404297 65.7629623413086 65.5667877197266 65.4846267700195 65.2551727294922 65.0556411743164 64.8742980957031
75.9748687744141 75.7206726074219 75.0990676879883 74.4651336669922 74.3351364135742 74.315673828125 73.907470703125 73.4599304199219 73.2677459716797 73.1321792602539 73.0908279418945 72.9392395019531 72.7859039306641 72.7278594970703 72.5348663330078 72.4412155151367 72.0750503540039 71.8050537109375 71.3894348144531 71.2064208984375 70.8903503417969 70.7220077514648 70.4763259887695 70.1641311645508 69.8350677490234 69.6271743774414 69.5603179931641 69.5521469116211 69.6665802001953 69.6556015014648 68.8446197509766 68.6287384033203 68.4822692871094 68.1596221923828 67.917594909668 67.5803451538086 67.4091491699219 67.1914443969727 66.8445587158203 66.6863021850586 66.4527053833008 66.041877746582 66.0641479492188 65.9623641967773 65.8400421142578 65.5525512695312 65.3134918212891 65.2025146484375 65.089958190918
75.5791549682617 75.4554748535156 75.0570220947266 74.5568542480469 74.5384063720703 74.4482421875 74.1029281616211 73.487922668457 73.4362716674805 73.2082901000977 73.1731948852539 73.0929870605469 72.8705368041992 72.828125 72.8316268920898 72.5970687866211 72.1748657226562 71.8846206665039 71.5181350708008 71.2927627563477 71.101203918457 71.046516418457 70.7608108520508 70.3397903442383 70.0295104980469 69.7628479003906 69.5424957275391 69.5951995849609 69.8592834472656 69.7244415283203 68.9846343994141 68.8227615356445 68.5631637573242 68.2751846313477 67.9844436645508 67.690559387207 67.5000305175781 67.3246002197266 67.0091247558594 66.8993988037109 66.6715927124023 66.2957077026367 66.2198791503906 66.0219879150391 65.9601593017578 65.624755859375 65.4160232543945 65.3139877319336 65.2243728637695
75.5340042114258 75.2245941162109 75.0671691894531 75.1738967895508 74.8784790039062 74.592529296875 74.2420883178711 73.6429138183594 73.4142761230469 73.1923522949219 73.2411651611328 73.1106033325195 73.0133514404297 73.0622177124023 73.0239944458008 73.0593948364258 73.139274597168 73.0854797363281 71.7103652954102 71.5559997558594 71.2633895874023 70.7239761352539 70.4119567871094 70.381591796875 70.4683990478516 70.2364730834961 70.0280990600586 69.8950958251953 69.8056640625 69.5431747436523 68.8110733032227 68.7364273071289 68.7774963378906 68.4565505981445 68.093635559082 67.9249725341797 67.9265441894531 67.6000518798828 67.3078079223633 67.0583114624023 66.8414077758789 66.3170394897461 66.1276016235352 66.1697769165039 66.2406768798828 65.9721908569336 65.5565719604492 65.4292449951172 65.2827529907227
75.6641159057617 75.4387817382812 75.4092712402344 75.4150466918945 75.1175308227539 74.717170715332 74.3590240478516 73.8975982666016 73.5988006591797 73.3005905151367 73.1631851196289 73.2654647827148 73.2398452758789 73.2805633544922 73.6202087402344 73.5051116943359 73.1486968994141 73.1309204101562 71.7385864257812 71.4105606079102 71.2409439086914 70.8185806274414 70.5263824462891 70.9510040283203 71.5093002319336 70.8213119506836 70.15185546875 70.0888214111328 69.9113922119141 69.7469100952148 69.0151138305664 68.8340911865234 68.8914794921875 68.6737594604492 68.3243408203125 68.1966934204102 68.0978240966797 67.9068222045898 67.5828857421875 67.1875 66.8829650878906 66.5539016723633 66.3456649780273 66.1244125366211 66.1139297485352 65.8461151123047 65.6766128540039 65.5630569458008 65.3820037841797
75.8605575561523 75.6705780029297 75.6054153442383 75.647331237793 75.2551651000977 74.7222061157227 74.4299392700195 74.0677032470703 73.8310317993164 73.5211563110352 73.2894973754883 73.5244140625 73.5292663574219 73.496940612793 73.8822402954102 73.3493270874023 72.7930526733398 72.5336685180664 71.7048873901367 71.5001754760742 71.3681640625 71.1171417236328 71.0870666503906 72.0996627807617 72.2517242431641 70.8863143920898 70.3225708007812 70.0853881835938 70.0243148803711 69.9193649291992 69.1986083984375 68.8569869995117 68.897575378418 68.7876129150391 68.5792999267578 68.6839599609375 68.7557144165039 68.0287551879883 67.8073272705078 67.341178894043 66.9498062133789 66.6649627685547 66.4242553710938 66.1100997924805 66.0124893188477 65.8654174804688 65.9209594726562 65.7610168457031 65.5516815185547
75.9885864257812 75.90673828125 75.6430130004883 75.6968765258789 75.2367935180664 74.7262573242188 74.5247497558594 74.1472854614258 73.9914321899414 73.6864471435547 73.4794845581055 73.7835006713867 73.7544708251953 73.5263290405273 73.9660034179688 74.2446975708008 74.0052032470703 72.4728469848633 71.7890090942383 71.8247146606445 71.5119400024414 71.1423416137695 -3.4e+38 72.7862396240234 71.679443359375 70.7229385375977 70.35205078125 70.0796279907227 70.1070327758789 70.0840606689453 69.2467575073242 68.8065795898438 68.907096862793 68.9708633422852 69.2840423583984 69.7126922607422 69.9639282226562 68.5191802978516 67.8302001953125 67.42724609375 67.0294570922852 66.7036972045898 66.5918960571289 66.3249359130859 66.0873565673828 65.9944915771484 65.9754104614258 65.8180541992188 65.6626129150391
76.1927719116211 76.1814117431641 75.9050598144531 75.7630996704102 75.2997741699219 74.8852691650391 74.6385650634766 74.2293167114258 74.0710830688477 73.7887268066406 73.5438690185547 73.8581848144531 74.7863998413086 74.8718414306641 73.8602600097656 74.3113784790039 74.2920074462891 73.3517150878906 73.3011932373047 72.1447677612305 71.5404052734375 71.1348266601562 71.5373382568359 72.0334167480469 71.2031478881836 70.7276763916016 70.3199462890625 70.1433715820312 70.0435104370117 70.0536727905273 69.3020172119141 68.827522277832 68.9476928710938 69.4112777709961 69.7798385620117 70.515495300293 70.5535049438477 68.4861907958984 67.7288131713867 67.531120300293 67.2442016601562 66.8290023803711 66.7409591674805 66.5292587280273 66.291130065918 66.0901031494141 65.9358367919922 65.8489151000977 65.7439727783203
76.5768585205078 76.4156112670898 76.0960693359375 75.7645263671875 75.3435668945312 75.0679397583008 74.9932556152344 74.2798538208008 74.1687774658203 73.9460372924805 73.6605911254883 74.1266174316406 75.6973037719727 75.1832504272461 73.6035690307617 73.8861465454102 74.6142425537109 74.8352966308594 74.7116775512695 72.081169128418 71.5268173217773 71.2923965454102 71.3344039916992 71.3772506713867 71.2127304077148 70.8846054077148 70.4696502685547 70.218017578125 69.9960403442383 70.0257263183594 69.4397659301758 69.0984649658203 68.887825012207 69.2514953613281 69.6206741333008 70.1375961303711 69.4662246704102 68.1785736083984 67.7496948242188 67.5923309326172 67.3628158569336 67.0713195800781 66.8302536010742 66.6159362792969 66.364372253418 66.1624069213867 66.0183029174805 65.8830947875977 65.8254470825195
76.7843246459961 76.6263046264648 76.1564712524414 75.7823944091797 75.5739517211914 75.3075866699219 75.1950531005859 74.4113388061523 74.2771835327148 74.1095352172852 73.9750366210938 74.1704559326172 75.2471313476562 74.5057983398438 74.1358489990234 75.3994827270508 75.6754455566406 75.0107955932617 74.1753082275391 72.2660903930664 71.7089004516602 71.4434585571289 71.4920043945312 71.645622253418 71.9437484741211 71.6904449462891 70.7428817749023 70.3900909423828 70.0075225830078 69.9421691894531 69.6844635009766 69.6038131713867 68.9214172363281 69.0267105102539 69.514778137207 69.1024322509766 68.466926574707 68.0230865478516 67.8321533203125 67.525276184082 67.3910980224609 67.0667495727539 66.9044036865234 66.7095184326172 66.4294204711914 66.2529373168945 66.1101608276367 65.9308166503906 65.837028503418
76.9276657104492 76.7973098754883 76.2627258300781 76.1146774291992 75.8352203369141 75.4816818237305 75.2318954467773 74.647590637207 74.5070724487305 74.3564605712891 74.1250762939453 73.8490829467773 74.4572525024414 75.1339874267578 75.9556732177734 77.3958587646484 76.4471206665039 75.0087432861328 73.0237350463867 72.3523788452148 71.7580032348633 71.607551574707 71.7826385498047 71.8128356933594 72.0860595703125 71.7625350952148 70.8509902954102 70.4907531738281 70.1397857666016 69.9832611083984 70.1152572631836 70.0935821533203 69.2211761474609 -3.4e+38 -3.4e+38 -3.4e+38 68.3356170654297 67.9920272827148 67.929931640625 67.5564880371094 67.391716003418 67.063606262207 66.9191818237305 66.8354949951172 66.67138671875 66.4125900268555 66.1555786132812 66.0163421630859 65.9647979736328
77.2909698486328 77.1572189331055 76.3478088378906 76.3083343505859 75.9160919189453 75.5594940185547 75.1672286987305 74.8227462768555 74.6793060302734 74.6004638671875 74.2846069335938 73.9261093139648 73.9602813720703 75.2693939208984 77.6611328125 78.5998306274414 77.2790298461914 75.3749694824219 72.5760498046875 72.2538757324219 71.8827514648438 71.8710784912109 72.2758636474609 72.8526840209961 71.8342971801758 71.2785186767578 71.0139846801758 70.9877777099609 70.2696304321289 -3.4e+38 71.3573455810547 70.869270324707 69.3845443725586 -3.4e+38 -3.4e+38 68.5583267211914 68.3893966674805 68.1741409301758 68.0596160888672 67.6889038085938 67.4993057250977 67.2127456665039 66.9961700439453 66.9952239990234 66.7619857788086 66.4296875 66.2338638305664 66.1712265014648 66.1815032958984
