rcp8.5models/GFDL_CM3/sc1gr4.31
NCOLS 261 
NROWS 433 
XLLCORNER 336357.134 
YLLCORNER 654653.479 
CELLSIZE 1000 
NODATA_value -3.4e+38 
[rows 242 to 263 of 433, columns 147 to 195 of 261]
283.504028320312 279.79833984375 274.833190917969 275.52001953125 281.456939697266 283.870483398438 284.70556640625 285.045593261719 285.85986328125 286.427154541016 286.323944091797 286.817413330078 286.406402587891 290.002685546875 298.009674072266 298.22119140625 298.091552734375 297.901763916016 297.294219970703 296.888397216797 296.934600830078 296.627105712891 296.315948486328 296.393493652344 296.235961914062 295.720825195312 295.206024169922 294.870452880859 294.166076660156 293.686279296875 293.611877441406 293.949584960938 293.944793701172 294.337585449219 294.696258544922 294.353179931641 293.539001464844 292.969116210938 -3.4e+38 -3.4e+38 293.603363037109 293.820373535156 293.450958251953 293.844757080078 293.2900390625 292.633361816406 292.222686767578 291.952819824219 291.240142822266
283.449340820312 279.984680175781 276.022277832031 278.671844482422 282.843994140625 284.337066650391 285.313598632812 285.602508544922 285.931121826172 286.166534423828 286.357086181641 286.786315917969 287.0556640625 290.445587158203 298.0380859375 298.104858398438 298.109466552734 297.632751464844 297.153411865234 296.699981689453 296.254516601562 295.984710693359 296.252014160156 296.048522949219 295.982879638672 295.734802246094 295.180267333984 294.683135986328 294.212554931641 293.459564208984 293.288848876953 293.191925048828 293.483489990234 294.032653808594 293.769500732422 293.184539794922 293.397338867188 293.578796386719 293.080230712891 -3.4e+38 -3.4e+38 293.180816650391 293.141021728516 292.832946777344 292.328948974609 288.270812988281 288.216125488281 289.964294433594 290.5888671875
283.000030517578 279.001190185547 275.620513916016 279.558654785156 282.983123779297 284.562835693359 285.61279296875 286.128051757812 286.304168701172 286.25341796875 286.496307373047 286.670227050781 287.030059814453 290.583129882812 -3.4e+38 298.024230957031 297.749725341797 297.353820800781 297.199981689453 296.658813476562 296.188446044922 296.171813964844 295.938873291016 295.425384521484 295.280822753906 295.412200927734 294.758544921875 293.715057373047 292.340911865234 292.384735107422 293.183624267578 293.123596191406 293.232513427734 293.903503417969 293.627075195312 292.966247558594 293.455841064453 -3.4e+38 -3.4e+38 -3.4e+38 -3.4e+38 293.209045410156 293.160705566406 292.6767578125 292.007141113281 290.933837890625 290.487152099609 290.680389404297 291.275817871094
282.205474853516 277.420288085938 273.732391357422 279.709930419922 283.263885498047 284.701446533203 285.336730957031 286.159912109375 286.595703125 286.779876708984 286.723358154297 287.038513183594 287.204711914062 288.721710205078 -3.4e+38 298.04833984375 297.759399414062 297.419738769531 297.34423828125 296.990417480469 296.808990478516 296.692352294922 295.892181396484 295.105804443359 294.807556152344 294.900817871094 294.327423095703 291.841644287109 288.126159667969 289.328063964844 291.815948486328 293.233001708984 293.137359619141 293.395690917969 293.099548339844 293.0244140625 293.560974121094 -3.4e+38 -3.4e+38 -3.4e+38 293.016052246094 292.724975585938 292.077697753906 292.002105712891 291.617095947266 291.264617919922 291.527038574219 291.398376464844 291.408966064453
282.361663818359 277.603485107422 272.106262207031 277.100494384766 283.459716796875 284.72314453125 285.202087402344 285.944854736328 286.766937255859 287.017486572266 286.88232421875 287.217956542969 287.245391845703 287.057922363281 290.619506835938 298.18896484375 298.180877685547 297.893981933594 297.583068847656 297.220367431641 297.134063720703 296.860107421875 296.314727783203 295.535736083984 295.203948974609 294.977233886719 294.175567626953 291.779907226562 288.396759033203 288.141784667969 290.807159423828 293.314422607422 293.337005615234 293.554626464844 293.055389404297 293.1279296875 293.379486083984 -3.4e+38 -3.4e+38 -3.4e+38 -3.4e+38 292.698608398438 290.044860839844 287.617218017578 291.358093261719 291.619354248047 292.176818847656 292.086364746094 291.385284423828
282.927062988281 279.142639160156 274.884002685547 279.580596923828 284.412780761719 285.260620117188 285.7392578125 286.33251953125 286.723693847656 -3.4e+38 286.937927246094 286.958251953125 287.048858642578 287.084533691406 290.649749755859 298.225311279297 298.343353271484 298.297302246094 297.836120605469 297.185089111328 297.021331787109 296.946990966797 296.589569091797 295.915649414062 295.603057861328 294.876983642578 293.887115478516 292.5986328125 291.621337890625 290.822448730469 292.182006835938 293.193908691406 293.134155273438 294.084838867188 293.750885009766 293.480712890625 293.280242919922 293.228576660156 -3.4e+38 -3.4e+38 -3.4e+38 -3.4e+38 290.926971435547 288.549011230469 292.188171386719 291.903625488281 292.310302734375 292.706970214844 292.323303222656
283.114166259766 280.615753173828 279.126861572266 283.07958984375 285.567169189453 285.602600097656 285.905029296875 286.346008300781 286.359985351562 286.382263183594 286.814331054688 286.627838134766 286.910827636719 287.139709472656 290.767333984375 298.290985107422 298.091583251953 297.860534667969 297.864410400391 297.2373046875 296.983642578125 296.857452392578 296.760711669922 296.201507568359 295.727569580078 294.782501220703 293.976715087891 292.795257568359 292.466979980469 292.495391845703 292.476593017578 292.464660644531 293.084564208984 293.73681640625 293.872497558594 -3.4e+38 293.383087158203 -3.4e+38 -3.4e+38 -3.4e+38 292.877807617188 292.836364746094 292.489624023438 292.049957275391 292.63916015625 292.334381103516 292.212188720703 292.739929199219 293.220001220703
282.872772216797 280.050323486328 276.908966064453 279.723846435547 285.153778076172 285.364715576172 285.863525390625 286.089965820312 286.352355957031 286.480926513672 286.685424804688 286.698974609375 286.797088623047 286.98583984375 290.845336914062 298.411682128906 297.891784667969 297.472473144531 297.815246582031 297.225128173828 296.660308837891 296.435241699219 296.515838623047 296.157562255859 295.680786132812 -3.4e+38 -3.4e+38 293.726654052734 292.950103759766 292.071929931641 291.49365234375 292.200988769531 292.704437255859 293.163940429688 293.420227050781 293.542938232422 -3.4e+38 -3.4e+38 -3.4e+38 293.181579589844 292.767486572266 292.322784423828 291.941040039062 291.792022705078 292.411193847656 292.662841796875 292.064514160156 292.432312011719 293.278717041016
282.137786865234 279.662994384766 274.418212890625 274.668792724609 284.875396728516 285.067504882812 285.587158203125 285.934295654297 286.213623046875 286.489898681641 286.887451171875 286.999755859375 286.862152099609 -3.4e+38 -3.4e+38 297.942077636719 297.573333740234 297.359161376953 297.792175292969 297.278228759766 296.676483154297 296.208831787109 296.170196533203 295.805877685547 295.050262451172 295.002868652344 -3.4e+38 -3.4e+38 293.241333007812 292.109680175781 291.721008300781 291.930297851562 291.246795654297 293.260467529297 293.653625488281 293.503814697266 -3.4e+38 -3.4e+38 -3.4e+38 292.929351806641 292.172027587891 291.313751220703 290.833923339844 291.360107421875 292.735534667969 292.904937744141 292.632629394531 292.165374755859 292.030212402344
281.984466552734 281.455993652344 276.662536621094 274.100708007812 285.09716796875 285.425628662109 285.682495117188 285.838287353516 285.950653076172 286.089569091797 286.716888427734 287.128967285156 287.110321044922 -3.4e+38 290.460662841797 297.533752441406 297.376098632812 297.378845214844 297.679351806641 297.521026611328 297.169708251953 296.358764648438 295.972473144531 295.472351074219 294.690338134766 294.650238037109 293.747863769531 292.830810546875 293.027404785156 292.559295654297 292.321380615234 291.860076904297 291.60205078125 293.457824707031 294.150909423828 293.981872558594 293.653228759766 -3.4e+38 -3.4e+38 292.846099853516 291.782928466797 291.193603515625 290.664581298828 291.064514160156 292.28125 292.839172363281 293.391571044922 292.713897705078 291.724334716797
282.040588378906 281.2451171875 276.656341552734 274.623016357422 282.089508056641 285.173797607422 285.635589599609 286.147155761719 286.268737792969 286.063323974609 286.396209716797 287.26953125 287.357879638672 -3.4e+38 290.518829345703 297.909851074219 297.839050292969 297.460021972656 297.486694335938 297.548828125 297.271575927734 296.584930419922 295.493591308594 294.962371826172 294.247497558594 293.609985351562 290.911834716797 288.655822753906 292.1953125 292.009948730469 292.17822265625 292.673278808594 292.963256835938 293.876220703125 293.805267333984 293.847076416016 293.574127197266 293.355590820312 293.380645751953 -3.4e+38 292.466247558594 291.672698974609 290.641174316406 290.345397949219 291.435974121094 292.075531005859 293.184173583984 293.367492675781 292.487365722656
281.178741455078 280.812042236328 275.781524658203 272.294586181641 279.893707275391 283.918609619141 284.591735839844 286.472442626953 286.644836425781 285.912750244141 286.159881591797 287.165344238281 287.310485839844 -3.4e+38 290.655242919922 298.176574707031 297.894195556641 297.467620849609 297.44091796875 297.493743896484 297.247650146484 296.688232421875 295.466583251953 295.083587646484 294.011901855469 292.710968017578 289.153106689453 286.40234375 292.197998046875 291.816192626953 291.756469726562 292.644714355469 292.951141357422 293.507598876953 292.956268310547 293.436798095703 293.525421142578 293.460479736328 293.286865234375 -3.4e+38 292.859497070312 291.878112792969 290.620147705078 290.032806396484 291.284484863281 291.807647705078 292.759582519531 293.589202880859 293.040618896484
281.338897705078 281.799194335938 278.3671875 275.347076416016 281.821014404297 284.863830566406 285.504608154297 286.865509033203 286.864013671875 286.421508789062 286.558715820312 287.037200927734 287.174194335938 -3.4e+38 290.559997558594 297.715057373047 297.423980712891 297.494506835938 297.438446044922 297.440612792969 297.159484863281 296.543365478516 295.411590576172 294.775054931641 293.755218505859 292.588409423828 291.092102050781 289.881774902344 292.315277099609 291.334991455078 290.660278320312 291.384246826172 292.757354736328 292.905395507812 292.548614501953 293.517242431641 293.672454833984 293.4697265625 293.223754882812 -3.4e+38 292.654510498047 291.813598632812 291.385345458984 290.942626953125 291.413238525391 292.303527832031 292.822113037109 293.191284179688 293.384918212891
276.457611083984 277.74462890625 275.760070800781 274.45849609375 282.861297607422 286.289398193359 286.677032470703 286.824401855469 286.948089599609 286.83251953125 287.185302734375 287.309417724609 287.441833496094 287.134765625 290.756500244141 298.213348388672 297.850036621094 297.572082519531 297.113586425781 297.292266845703 297.216613769531 296.764892578125 295.021087646484 294.719055175781 294.037719726562 293.280975341797 294.042175292969 293.457244873047 292.44775390625 291.622833251953 290.628295898438 291.421539306641 292.756500244141 293.076110839844 292.477294921875 292.623870849609 292.760498046875 292.975738525391 293.092407226562 292.912353515625 292.549713134766 292.264099121094 292.764556884766 292.759124755859 291.944091796875 292.920593261719 292.828277587891 293.161529541016 293.5126953125
274.224395751953 277.148498535156 274.442016601562 271.663665771484 280.638458251953 286.373413085938 286.424926757812 286.299926757812 286.467346191406 286.511444091797 287.008972167969 287.548217773438 287.463012695312 -3.4e+38 288.815612792969 294.218933105469 297.768798828125 297.359161376953 296.772308349609 297.098968505859 297.241271972656 296.797210693359 295.50341796875 -3.4e+38 -3.4e+38 294.175109863281 -3.4e+38 293.966857910156 292.785949707031 291.299957275391 289.548400878906 291.030090332031 292.684112548828 292.699462890625 292.225402832031 291.814422607422 292.433349609375 292.938140869141 293.211395263672 292.927612304688 292.245635986328 292.125518798828 292.788543701172 293.194152832031 292.46240234375 292.962860107422 293.216979980469 293.683929443359 293.679443359375
271.954620361328 274.176727294922 274.293487548828 273.315887451172 280.621124267578 285.623260498047 285.199127197266 285.611694335938 286.399627685547 286.854309082031 287.014404296875 287.475280761719 287.541931152344 -3.4e+38 289.026336669922 294.389343261719 297.825531005859 297.560424804688 296.885406494141 296.719848632812 296.972106933594 296.837097167969 296.137115478516 -3.4e+38 -3.4e+38 -3.4e+38 293.985382080078 -3.4e+38 292.226745605469 289.59912109375 287.456237792969 291.158966064453 292.69140625 292.431945800781 292.254913330078 292.037139892578 292.565856933594 292.980346679688 293.248870849609 292.894592285156 291.991241455078 291.919372558594 292.659515380859 293.324340820312 293.239532470703 293.513336181641 293.665222167969 293.516357421875 293.521392822266
269.531890869141 272.447814941406 274.332946777344 273.750061035156 278.992126464844 281.963592529297 279.412780761719 282.06591796875 286.491149902344 287.01953125 287.023773193359 287.30517578125 287.380645751953 287.276611328125 288.746398925781 293.647338867188 297.726623535156 297.622253417969 296.848022460938 296.336334228516 296.816345214844 296.862518310547 296.069671630859 -3.4e+38 294.443237304688 293.768188476562 292.722961425781 291.796417236328 291.445953369141 287.820007324219 284.453460693359 292.052154541016 292.446014404297 292.43994140625 292.328552246094 292.3896484375 292.389770507812 292.743072509766 293.123229980469 292.366790771484 291.758239746094 291.907867431641 292.320343017578 293.132415771484 293.557708740234 293.823150634766 293.640563964844 293.173919677734 293.379211425781
266.187744140625 270.544250488281 272.297027587891 271.525421142578 275.365631103516 278.582733154297 277.344299316406 280.108459472656 286.927764892578 287.2861328125 287.345703125 287.389129638672 287.187255859375 287.2978515625 287.026977539062 290.012451171875 297.444030761719 297.510009765625 297.053253173828 296.543151855469 296.739898681641 296.821960449219 295.691314697266 294.803833007812 294.271392822266 293.135009765625 290.370544433594 284.93212890625 280.791717529297 283.735473632812 287.207977294922 291.761840820312 291.920745849609 292.223358154297 292.322326660156 292.519683837891 292.911102294922 293.060699462891 293.00927734375 292.031829833984 291.699096679688 292.301177978516 292.785552978516 293.41259765625 293.799133300781 293.400390625 293.177307128906 293.064239501953 293.119415283203
258.801483154297 265.195373535156 269.296051025391 271.793670654297 275.659698486328 278.842163085938 280.775543212891 281.247528076172 287.396087646484 287.444915771484 287.529998779297 287.541900634766 287.496124267578 287.575622558594 287.202239990234 290.134002685547 297.243286132812 297.530090332031 297.132598876953 296.54296875 296.451171875 296.796081542969 -3.4e+38 -3.4e+38 -3.4e+38 291.757263183594 285.101501464844 277.419555664062 276.887115478516 286.305084228516 290.960632324219 291.263549804688 291.655670166016 291.963195800781 291.96875 292.706085205078 293.278778076172 293.031341552734 293.18701171875 292.350036621094 291.36962890625 291.969635009766 293.093109130859 293.407806396484 293.868194580078 292.921112060547 292.711334228516 292.735260009766 292.137451171875
252.710632324219 261.153045654297 271.726379394531 278.251007080078 280.906860351562 282.198059082031 282.630981445312 282.484344482422 287.414672851562 287.103851318359 286.955169677734 287.498016357422 287.603851318359 -3.4e+38 287.161224365234 289.867218017578 296.832763671875 297.200897216797 296.846038818359 296.700500488281 296.628295898438 296.867156982422 -3.4e+38 -3.4e+38 -3.4e+38 291.776947021484 285.874267578125 284.027282714844 287.785552978516 292.073211669922 291.12451171875 290.951599121094 291.71826171875 291.809234619141 292.022583007812 292.547973632812 292.778625488281 292.718383789062 293.177490234375 292.461151123047 291.682983398438 291.778686523438 292.416564941406 292.757720947266 293.566284179688 292.314270019531 291.682830810547 292.179138183594 291.778350830078
258.242736816406 266.486755371094 277.066131591797 280.341278076172 280.164855957031 282.290863037109 284.243591308594 283.524871826172 284.492614746094 284.808898925781 286.631103515625 287.406982421875 287.258148193359 -3.4e+38 287.093994140625 289.934051513672 296.650756835938 296.754638671875 296.466339111328 296.449005126953 296.533020019531 296.707214355469 -3.4e+38 -3.4e+38 -3.4e+38 -3.4e+38 292.049468994141 292.798431396484 293.275024414062 292.561126708984 291.487365722656 290.96923828125 291.582672119141 292.227081298828 292.440124511719 292.263061523438 292.285186767578 292.642486572266 292.855651855469 292.378753662109 292.393737792969 291.766632080078 291.313507080078 292.365325927734 293.234619140625 291.447937011719 290.308624267578 291.279693603516 291.538055419922
264.396575927734 273.845611572266 277.7197265625 274.030242919922 272.013885498047 277.475341796875 285.137481689453 283.895599365234 282.944793701172 284.816741943359 286.848876953125 287.774688720703 287.523956298828 287.489044189453 287.11083984375 290.18701171875 296.949066162109 296.754821777344 296.22021484375 295.707122802734 295.792114257812 296.447906494141 -3.4e+38 -3.4e+38 -3.4e+38 294.667694091797 294.26416015625 293.358154296875 292.98291015625 292.454467773438 291.496307373047 290.808624267578 291.165435791016 292.442291259766 291.919250488281 291.870758056641 292.303039550781 292.898803710938 292.715270996094 291.847076416016 292.041595458984 291.693878173828 291.026672363281 292.319030761719 293.1904296875 291.341796875 290.412689208984 290.498168945312 290.739898681641
