rcp8.5models/GFDL_CM3/sc1gr1.37
NCOLS 261 
NROWS 433 
XLLCORNER 336357.134 
YLLCORNER 654653.479 
CELLSIZE 1000 
NODATA_value -9999 
[rows 132 to 153 of 433, columns 50 to 99 of 261]
60.4095764160156 60.744026184082 60.2219581604004 60.5904731750488 59.9089393615723 60.6342353820801 60.621337890625 60.7516212463379 60.9259071350098 61.4817314147949 61.0281257629395 61.0911598205566 61.1954574584961 61.0594253540039 60.8486099243164 61.2422027587891 61.6760673522949 61.9006843566895 62.155029296875 62.0024185180664 61.6013488769531 61.7154388427734 62.3096504211426 62.0461311340332 62.389030456543 62.1260108947754 62.4184951782227 62.3743934631348 62.6142959594727 62.167293548584 61.6713943481445 62.6294136047363 62.7044525146484 62.4422378540039 62.4132499694824 62.4029006958008 62.5949783325195 62.7311592102051 62.5427780151367 62.635871887207 62.8753433227539 62.5774765014648 62.4338417053223 62.6729736328125 62.6840324401855 62.8457870483398 62.4971809387207 62.8301544189453 62.9373664855957 62.8975639343262
60.5435333251953 60.4215927124023 60.4977760314941 60.3224983215332 60.1075744628906 60.426456451416 60.8661231994629 61.0132369995117 61.0857200622559 61.1617660522461 61.4917678833008 61.320426940918 61.2000350952148 61.1705894470215 60.7802429199219 61.7556800842285 61.915355682373 62.2073097229004 61.8085021972656 61.8879661560059 62.0369071960449 61.7343711853027 62.4750556945801 62.0930519104004 62.6490669250488 62.380802154541 62.4914512634277 62.4913749694824 62.1067047119141 61.9466896057129 61.7167205810547 62.1692886352539 62.7486953735352 62.469165802002 62.7166290283203 62.513801574707 62.7156829833984 62.7696723937988 62.7707595825195 62.3969993591309 62.7915153503418 62.450325012207 62.2125358581543 62.6379547119141 62.6969795227051 62.8901443481445 63.0610580444336 62.965877532959 62.9518127441406 62.9949722290039
60.569149017334 60.1787223815918 60.4586219787598 60.1882743835449 60.453426361084 60.601692199707 61.0061416625977 61.2183036804199 60.7786293029785 61.0623397827148 61.4851493835449 61.4569549560547 60.9149360656738 60.9825325012207 61.2810020446777 61.9294166564941 62.2092628479004 62.0741081237793 61.6589508056641 62.0326766967773 61.9188079833984 61.9427146911621 62.3084106445312 62.3662910461426 62.7001495361328 62.4797096252441 62.3269348144531 62.194938659668 61.8769569396973 61.8183517456055 61.7824859619141 61.9703025817871 62.5268592834473 62.5600929260254 62.5550956726074 62.648021697998 62.8003349304199 62.5723915100098 62.4921531677246 62.598258972168 62.8486213684082 62.8430824279785 62.812183380127 62.7220993041992 62.8436622619629 62.7395515441895 62.8336753845215 62.9752731323242 63.0310173034668 63.0189514160156
60.0974388122559 60.4178504943848 60.5648345947266 60.8031425476074 60.6262168884277 60.7389755249023 61.0587043762207 60.8175773620605 60.8484268188477 61.2232513427734 61.3053359985352 61.4318046569824 61.3355255126953 61.5313949584961 61.9166641235352 62.078540802002 61.921802520752 61.7421264648438 61.6131286621094 62.1143112182617 61.8060150146484 62.006233215332 62.4472923278809 62.6448554992676 62.5342025756836 62.4320449829102 62.1709785461426 62.0292663574219 61.9618225097656 61.7905921936035 61.8110084533691 61.9605979919434 62.2414665222168 62.2526168823242 62.314094543457 62.7599220275879 62.4772453308105 62.4597778320312 62.2830276489258 62.5135841369629 62.4231872558594 62.3729934692383 62.9382019042969 62.8767738342285 62.7141265869141 62.7230834960938 62.461124420166 62.62548828125 62.7354202270508 62.9735794067383
60.4399299621582 60.8725929260254 60.8778190612793 60.716251373291 60.7345542907715 61.1327514648438 61.4170608520508 61.1056289672852 61.2086791992188 61.595703125 61.5243263244629 61.4953079223633 61.6754913330078 61.1297798156738 61.6994705200195 61.6038360595703 61.5696792602539 61.5741004943848 61.6762962341309 62.0999641418457 62.2333183288574 62.1788482666016 62.3339347839355 62.6995887756348 62.2656898498535 62.3531951904297 62.2412719726562 62.0304832458496 62.1155815124512 61.9068870544434 62.4701080322266 62.0713882446289 62.1226806640625 62.1883354187012 62.6743927001953 62.6254920959473 62.4278869628906 62.8202056884766 62.2850761413574 62.3058128356934 62.1858062744141 62.0483665466309 62.7841262817383 62.9095497131348 62.5849227905273 62.8976936340332 62.9901313781738 62.4976959228516 62.9202461242676 62.7600288391113
60.8643569946289 61.0543594360352 60.8205223083496 60.7930641174316 60.5239753723145 60.8433227539062 61.3012886047363 61.3791236877441 60.8516654968262 61.5802307128906 61.5616722106934 61.6585006713867 61.5100631713867 61.0233459472656 62.0387725830078 61.5108642578125 61.4889373779297 62.2065467834473 62.126880645752 62.2182235717773 62.2375373840332 62.3101768493652 62.5837516784668 62.2523956298828 62.2082748413086 62.6710815429688 62.5088119506836 62.0645370483398 62.2996444702148 62.4821701049805 62.934268951416 62.6452293395996 62.3884735107422 62.4025917053223 62.6506652832031 62.9152183532715 62.5906753540039 62.5978736877441 62.4186515808105 62.5755386352539 62.6938285827637 62.6222763061523 62.4424819946289 62.9524040222168 62.7015762329102 62.9002418518066 62.8260078430176 62.5292167663574 62.8266830444336 62.8547058105469
60.8088645935059 60.7163009643555 60.6287651062012 60.9790191650391 61.3633346557617 61.172924041748 61.3510704040527 61.8593711853027 61.120662689209 60.9556541442871 61.1882629394531 61.4711265563965 61.5548057556152 61.6247253417969 61.7904434204102 61.9840660095215 62.3932838439941 62.4699478149414 62.2286796569824 62.2891464233398 62.657154083252 62.3278961181641 62.100643157959 62.3404960632324 62.4643936157227 62.3305549621582 62.3780326843262 62.5776062011719 62.8611907958984 62.4077110290527 62.0788803100586 62.7898902893066 62.0129013061523 62.2258262634277 62.6293983459473 62.7707366943359 62.564567565918 62.3884429931641 62.2598152160645 62.7150459289551 63.0460319519043 62.873722076416 63.0798187255859 62.8940734863281 62.5940322875977 62.3015251159668 62.4668464660645 62.5667152404785 62.5544662475586 62.7633285522461
60.8699150085449 60.8896675109863 60.9180335998535 61.394660949707 61.3477668762207 61.2485122680664 61.6102180480957 61.8001289367676 61.7099418640137 61.252555847168 61.0741767883301 61.4759330749512 61.7440986633301 61.9625778198242 61.9527244567871 61.7958488464355 62.2934341430664 62.4093055725098 62.3455505371094 62.0832748413086 62.7201461791992 62.3034973144531 62.6471900939941 62.3294448852539 62.5736427307129 62.3413925170898 62.392505645752 62.5286674499512 62.8979568481445 61.9568977355957 62.4147682189941 62.8036117553711 62.2048988342285 62.1440925598145 62.6005783081055 62.6503982543945 62.3722686767578 62.3913688659668 62.1063842773438 62.8283195495605 62.729190826416 62.6791572570801 62.6760597229004 62.6577033996582 62.6119041442871 62.4713249206543 62.7371025085449 62.8656425476074 62.9107704162598 62.8404159545898
60.7015190124512 -9999 60.9703521728516 61.3899192810059 61.389331817627 61.3819389343262 61.2230377197266 61.3355331420898 62.0302429199219 61.5823669433594 61.5660972595215 61.6848106384277 61.9671783447266 61.9348831176758 62.1962394714355 62.2805366516113 62.3946342468262 62.5339126586914 62.1762008666992 62.0471305847168 62.1902809143066 62.3197822570801 62.5611839294434 62.4425392150879 62.5639533996582 62.3857498168945 62.3997459411621 62.2907867431641 62.8610153198242 62.632625579834 62.1559066772461 62.2690734863281 62.0768013000488 -9999 62.4777565002441 62.1724128723145 62.4422836303711 62.3227882385254 62.2300148010254 62.4681510925293 62.1504859924316 62.4481010437012 62.7981262207031 62.8253631591797 62.8358268737793 62.7060852050781 62.9032592773438 62.6784858703613 62.7499237060547 62.7916603088379
60.2834320068359 -9999 61.1694679260254 61.3060989379883 61.3291053771973 61.3356742858887 61.1400260925293 61.3039245605469 61.3499145507812 61.6708030700684 61.7137832641602 61.5724334716797 61.8722190856934 61.802619934082 62.3727645874023 62.5805130004883 62.3898735046387 62.2106971740723 62.5932807922363 62.3591232299805 62.0732803344727 62.2547454833984 62.4345016479492 62.5606498718262 62.4327964782715 62.3939819335938 62.3331756591797 62.623649597168 62.8708076477051 62.8918914794922 62.0203285217285 62.3037109375 62.1061248779297 62.2845497131348 61.9945755004883 62.0116996765137 62.5729560852051 62.2755661010742 62.3603324890137 62.5349006652832 61.9329719543457 62.1330146789551 62.5324974060059 62.6635322570801 62.7446594238281 62.6998863220215 62.6576690673828 62.4582824707031 62.5617599487305 62.7104873657227
60.805591583252 61.1957092285156 61.1899642944336 61.2962684631348 61.026065826416 61.5085945129395 61.3606948852539 61.5428886413574 61.3700065612793 61.7625465393066 61.8723526000977 61.8521881103516 61.694694519043 62.128849029541 61.9271240234375 62.0069808959961 61.9739151000977 61.9939727783203 62.4105033874512 62.1752662658691 62.3211975097656 62.4742774963379 62.6426277160645 62.7360191345215 62.8014068603516 62.7095489501953 62.7564315795898 62.6689567565918 62.3115386962891 62.7571678161621 62.037036895752 62.2572898864746 62.2502822875977 62.2877616882324 62.1363067626953 62.3357467651367 62.4143714904785 62.3442993164062 62.4303131103516 62.7120170593262 62.6260108947754 62.3260040283203 62.2268295288086 62.4057502746582 62.5924911499023 62.8802833557129 62.6403007507324 62.5203132629395 62.7769203186035 62.3163757324219
60.819652557373 61.0082321166992 61.337890625 61.0387229919434 60.881893157959 60.8058319091797 61.3987922668457 61.2028617858887 61.2677574157715 61.4464111328125 61.9512252807617 62.152458190918 62.033145904541 62.1954574584961 61.4532890319824 61.7051162719727 61.8987083435059 62.1077270507812 62.181812286377 62.1701583862305 62.461841583252 62.5299797058105 62.644603729248 62.5601425170898 62.7820167541504 62.4129867553711 62.5137901306152 62.5399856567383 62.070384979248 62.6538391113281 62.3781204223633 62.180534362793 62.3939170837402 62.4038581848145 62.1992416381836 62.5975685119629 62.3439979553223 62.5130615234375 62.6183815002441 62.7287368774414 62.4073295593262 62.3076362609863 62.1882705688477 62.3130569458008 62.5660705566406 62.7997093200684 62.7580833435059 62.6918182373047 62.7110061645508 62.466625213623
60.7798385620117 60.8188247680664 61.5460815429688 60.9057884216309 60.6740837097168 60.6561012268066 61.4486770629883 61.6345176696777 61.6858711242676 61.4311103820801 61.8041725158691 62.2073822021484 62.2296676635742 61.9587516784668 61.5379600524902 62.1371231079102 62.0183143615723 62.4398880004883 62.4758834838867 62.2045516967773 62.5386581420898 62.626838684082 62.6520652770996 62.4881935119629 62.7316627502441 62.1066436767578 62.302303314209 62.2693901062012 62.5714263916016 62.2781372070312 62.6080513000488 62.3303489685059 62.455207824707 62.5264015197754 62.4047508239746 62.6923408508301 62.4646453857422 62.323070526123 62.5024337768555 62.4978485107422 62.3467597961426 -9999 62.3239707946777 62.2541122436523 62.443187713623 62.5541305541992 62.4743690490723 62.5278053283691 62.4831848144531 62.6679000854492
60.9646492004395 60.8167381286621 61.3483963012695 61.2393417358398 61.1932258605957 61.2582130432129 61.6175079345703 61.8787307739258 61.902400970459 61.575439453125 61.3965072631836 61.669261932373 62.3750152587891 61.6152992248535 61.6414337158203 62.3405570983887 62.0221557617188 62.5598526000977 62.6474113464355 62.4427680969238 62.6174049377441 62.4638481140137 62.4869918823242 62.3570556640625 62.6366996765137 61.9692840576172 62.0875816345215 62.579231262207 62.2703590393066 62.1409034729004 62.635311126709 62.4829177856445 62.5042686462402 62.610164642334 62.652702331543 62.7207527160645 62.3835220336914 62.272834777832 62.801643371582 62.7531356811523 62.5812377929688 62.256534576416 62.1613502502441 62.3280410766602 62.4413757324219 62.5185356140137 62.4740715026855 62.3738021850586 62.3764686584473 62.4997749328613
61.1829605102539 60.9799385070801 61.1632843017578 61.4155082702637 61.6332778930664 61.5498695373535 61.4792060852051 61.324405670166 61.3245239257812 61.4950904846191 61.2886734008789 61.439868927002 62.2374877929688 62.0763244628906 61.7643241882324 62.2189331054688 62.3401756286621 62.236930847168 62.7730102539062 62.5405883789062 62.618408203125 62.5298919677734 62.3671722412109 62.4344367980957 62.4191246032715 -9999 62.3487663269043 62.7544937133789 62.3010597229004 62.3445472717285 62.7709732055664 62.5991821289062 62.6497497558594 62.4011344909668 62.5387382507324 62.8339996337891 62.7082214355469 62.4957695007324 62.5690765380859 62.709171295166 62.7287101745605 62.3511505126953 62.256160736084 62.4600143432617 62.5210723876953 62.5454750061035 62.58544921875 62.2908134460449 62.1334495544434 62.3767051696777
61.1127853393555 61.176326751709 61.4032592773438 61.0953025817871 61.5061569213867 61.698299407959 61.7121658325195 61.5473136901855 61.5836563110352 61.7456970214844 61.7958984375 61.5426979064941 61.8936004638672 62.355655670166 62.2468223571777 62.1004257202148 62.1829605102539 62.3678359985352 62.5547943115234 62.2626419067383 62.3776779174805 62.6691551208496 62.1501007080078 62.2262268066406 61.9243621826172 62.4093933105469 62.6329917907715 62.6967620849609 62.2942390441895 62.3685722351074 62.6263771057129 62.6256675720215 62.6991424560547 62.600715637207 62.4947662353516 62.9025192260742 62.7325439453125 62.3857574462891 62.2849273681641 62.5055084228516 62.8276214599609 62.397102355957 62.5058135986328 62.3169555664062 62.502197265625 62.306713104248 62.3724174499512 62.3570556640625 62.223445892334 62.3329467773438
61.3575592041016 61.5779457092285 61.382453918457 61.2970352172852 61.6191864013672 61.4140930175781 61.5791435241699 61.8555564880371 61.6684951782227 62.102481842041 61.6331672668457 61.5969924926758 61.753833770752 62.3723449707031 62.4959716796875 62.4090538024902 62.0165214538574 62.4523658752441 62.4328994750977 62.1737670898438 62.2580871582031 62.4395141601562 62.2358474731445 62.1421279907227 61.862548828125 62.6127471923828 62.690616607666 62.4665031433105 62.5464477539062 62.6323547363281 62.571704864502 62.7585411071777 62.8224182128906 62.8656692504883 62.4382247924805 62.3897132873535 62.2690238952637 62.3362464904785 62.4297103881836 62.4124603271484 62.463939666748 62.1727867126465 62.4600257873535 62.3738021850586 62.6201591491699 62.546516418457 62.5177307128906 62.5160179138184 62.4432258605957 62.4100875854492
60.9775810241699 61.4122505187988 60.9942169189453 61.4928092956543 61.7185516357422 61.5861167907715 61.872142791748 62.0649757385254 61.7580261230469 62.193675994873 61.7400932312012 62.1913070678711 62.2479591369629 62.5768280029297 62.6243209838867 62.639102935791 62.1291694641113 62.1716728210449 62.1689910888672 62.2532043457031 62.3872299194336 62.1778335571289 62.3501777648926 62.0146675109863 62.0742530822754 62.7467155456543 62.7066459655762 62.4524040222168 62.8376998901367 62.9243621826172 62.6403198242188 62.7994003295898 62.9053802490234 62.9027366638184 62.142749786377 62.0664558410645 62.0887222290039 62.1980133056641 62.1332855224609 62.1899528503418 62.5204391479492 62.0924034118652 62.317310333252 62.5235404968262 62.7522850036621 62.8141746520996 62.6470260620117 62.4846229553223 62.2655296325684 62.4360885620117
61.3482818603516 61.2890853881836 61.2464599609375 61.6187782287598 61.7065124511719 62.0176048278809 61.7564163208008 61.6068878173828 61.2957038879395 61.8694305419922 61.4428977966309 61.7984809875488 61.6817665100098 61.8245620727539 61.6269454956055 61.8117980957031 62.0396499633789 62.3457641601562 62.2488632202148 62.3248596191406 62.5095520019531 62.6813621520996 62.4707908630371 62.4269943237305 62.6398239135742 62.9375381469727 63.0204315185547 62.9584999084473 62.4151382446289 62.6838073730469 62.4733848571777 62.8981018066406 62.833984375 62.1716957092285 62.5857963562012 62.5666198730469 62.5185356140137 62.6977157592773 62.1831207275391 62.0265655517578 62.3888244628906 62.3457336425781 62.2644348144531 61.9721794128418 62.3613624572754 62.4020118713379 62.5163269042969 62.4366455078125 61.9734077453613 62.1261901855469
61.4137115478516 61.5210075378418 61.4637451171875 61.7460403442383 61.5923309326172 61.7461395263672 61.6907043457031 62.018798828125 61.2352027893066 62.1631698608398 61.2951240539551 61.4712371826172 62.1538848876953 61.6533699035645 61.8082580566406 61.950855255127 62.0898208618164 62.4249839782715 62.4827995300293 62.3228034973145 62.1087036132812 62.6031036376953 62.5739059448242 62.8133087158203 -9999 -9999 63.1693572998047 63.1871070861816 62.18994140625 62.3298683166504 62.3281555175781 62.8363380432129 62.3558654785156 61.9068489074707 61.9794769287109 62.1263618469238 62.2636184692383 62.6381759643555 62.6173400878906 62.3815422058105 62.5538864135742 62.3507041931152 62.3209114074707 62.1285552978516 62.1954040527344 62.2830429077148 62.7202682495117 62.7910041809082 61.8672485351562 62.2489356994629
61.6412582397461 61.6062088012695 61.7293701171875 61.6110153198242 61.3768501281738 61.0939025878906 61.6677932739258 62.1059379577637 61.768238067627 61.8111610412598 61.706356048584 61.5104942321777 62.0167846679688 61.7880363464355 61.963436126709 62.1384620666504 62.5361862182617 62.5607719421387 62.646125793457 62.6077766418457 62.3504028320312 62.6381301879883 62.7540702819824 62.530345916748 62.9126396179199 -9999 -9999 62.9770698547363 62.4309997558594 62.2596969604492 62.3022804260254 62.5455589294434 62.1497993469238 62.0790519714355 62.0873641967773 62.0265998840332 62.0095024108887 62.3537445068359 62.702507019043 62.3642234802246 62.4285926818848 62.1668434143066 62.3989524841309 62.4276733398438 62.3740196228027 62.030200958252 62.5375328063965 62.5963592529297 62.5772361755371 62.4324493408203
61.4020805358887 61.5955390930176 61.5700340270996 61.3841133117676 61.3591461181641 61.2818565368652 61.9056091308594 62.1608009338379 62.1919059753418 61.6019744873047 62.0395126342773 62.1431083679199 62.182186126709 62.2650032043457 62.0982551574707 62.5336227416992 62.5258598327637 62.4527702331543 62.6737594604492 62.5618591308594 62.5994758605957 62.6646881103516 62.6100616455078 62.3498153686523 62.7322845458984 62.4099731445312 62.7391700744629 62.808837890625 62.7214202880859 62.3559379577637 62.474494934082 62.5759582519531 62.5065727233887 62.5864181518555 62.3649940490723 62.0970611572266 62.1289215087891 62.2596740722656 62.3473510742188 61.9856262207031 62.0883560180664 62.0696220397949 62.4396095275879 62.2796287536621 62.2661781311035 61.7752151489258 62.0044097900391 62.1194267272949 62.6331329345703 62.7512016296387
