rcp8.5models/GFDL_CM3/sc1gr5.20
NCOLS 261 
NROWS 433 
XLLCORNER 336357.134 
YLLCORNER 654653.479 
CELLSIZE 1000 
NODATA_value -3.4e+38 
[rows 220 to 241 of 433, columns 196 to 244 of 261]
305.917694091797 305.940856933594 306.243499755859 306.539489746094 306.9990234375 307.352508544922 307.492919921875 307.747894287109 308.321472167969 308.764465332031 308.450286865234 309.192962646484 309.681793212891 309.457489013672 308.85302734375 308.923370361328 309.589080810547 309.543273925781 310.379760742188 310.343566894531 310.221862792969 310.317352294922 310.418548583984 310.470275878906 310.439544677734 310.466491699219 310.614349365234 -3.4e+38 310.993530273438 311.066711425781 311.169830322266 311.283386230469 -3.4e+38 -3.4e+38 -3.4e+38 -3.4e+38 -3.4e+38 -3.4e+38 -3.4e+38 -3.4e+38 -3.4e+38 -3.4e+38 -3.4e+38 -3.4e+38 -3.4e+38 -3.4e+38 -3.4e+38 -3.4e+38 -3.4e+38
305.339569091797 305.659210205078 305.841979980469 305.998321533203 306.679260253906 307.087341308594 307.144317626953 307.699798583984 308.068420410156 308.196166992188 307.896179199219 308.300598144531 308.963592529297 308.654724121094 308.177368164062 308.815734863281 309.265777587891 309.59228515625 310.155670166016 310.076019287109 310.225494384766 310.156402587891 310.327331542969 310.658660888672 310.744445800781 310.524810791016 310.569000244141 -3.4e+38 310.986389160156 310.996459960938 311.162536621094 311.174407958984 -3.4e+38 -3.4e+38 -3.4e+38 -3.4e+38 -3.4e+38 -3.4e+38 -3.4e+38 -3.4e+38 -3.4e+38 -3.4e+38 -3.4e+38 -3.4e+38 -3.4e+38 -3.4e+38 -3.4e+38 -3.4e+38 -3.4e+38
304.981231689453 305.531799316406 305.924499511719 305.874786376953 306.255950927734 306.870483398438 306.85791015625 307.562683105469 307.578216552734 307.692016601562 307.764556884766 307.897918701172 308.362487792969 308.292388916016 308.210784912109 308.543914794922 308.754028320312 309.181854248047 309.820281982422 310.028472900391 310.340545654297 310.339813232422 310.437683105469 310.664703369141 -3.4e+38 -3.4e+38 -3.4e+38 -3.4e+38 310.920867919922 310.875732421875 311.155059814453 311.060150146484 311.034820556641 -3.4e+38 -3.4e+38 -3.4e+38 -3.4e+38 -3.4e+38 -3.4e+38 -3.4e+38 -3.4e+38 -3.4e+38 -3.4e+38 -3.4e+38 -3.4e+38 -3.4e+38 -3.4e+38 -3.4e+38 -3.4e+38
305.260833740234 305.644805908203 305.512817382812 305.557769775391 306.0546875 306.172241210938 306.311157226562 307.556182861328 307.572692871094 307.747589111328 307.530181884766 307.212524414062 307.996398925781 308.610473632812 308.941345214844 308.952087402344 309.06298828125 309.286346435547 309.891021728516 310.112396240234 310.209564208984 310.332641601562 310.504364013672 310.805694580078 -3.4e+38 -3.4e+38 -3.4e+38 -3.4e+38 311.013916015625 311.012023925781 310.987426757812 310.999206542969 310.978240966797 311.1103515625 311.173797607422 -3.4e+38 -3.4e+38 -3.4e+38 -3.4e+38 -3.4e+38 -3.4e+38 -3.4e+38 -3.4e+38 -3.4e+38 -3.4e+38 -3.4e+38 -3.4e+38 -3.4e+38 -3.4e+38
305.438140869141 305.7705078125 305.498413085938 305.774353027344 306.491302490234 306.254699707031 306.443786621094 307.590057373047 307.703521728516 307.929107666016 307.732574462891 306.873840332031 307.195709228516 308.189758300781 308.988250732422 309.323089599609 309.494445800781 309.569519042969 309.986694335938 309.849548339844 309.826904296875 310.263214111328 310.463684082031 -3.4e+38 -3.4e+38 310.773193359375 310.833923339844 310.960906982422 311.147125244141 311.144805908203 310.800811767578 310.970275878906 310.967407226562 310.964385986328 311.076965332031 311.291320800781 311.287994384766 -3.4e+38 -3.4e+38 -3.4e+38 -3.4e+38 -3.4e+38 -3.4e+38 -3.4e+38 -3.4e+38 -3.4e+38 -3.4e+38 -3.4e+38 -3.4e+38
305.639221191406 305.885559082031 306.194061279297 306.587127685547 306.852386474609 -3.4e+38 -3.4e+38 307.139129638672 307.555114746094 307.68896484375 307.984466552734 307.871032714844 307.443420410156 307.685943603516 308.525970458984 309.021942138672 309.487701416016 309.487640380859 309.744262695312 309.648468017578 309.442565917969 309.767517089844 310.116729736328 310.548400878906 310.718536376953 310.716613769531 310.723022460938 310.777435302734 310.917175292969 311.073822021484 310.903564453125 310.898895263672 310.959503173828 310.956512451172 311.001098632812 311.155395507812 311.280151367188 311.160186767578 -3.4e+38 -3.4e+38 -3.4e+38 -3.4e+38 -3.4e+38 -3.4e+38 -3.4e+38 -3.4e+38 -3.4e+38 -3.4e+38 -3.4e+38
305.512237548828 305.653259277344 306.213562011719 306.630187988281 306.309387207031 306.456176757812 306.310913085938 305.364166259766 305.88525390625 307.104095458984 307.861450195312 308.563720703125 308.255249023438 308.11474609375 308.432067871094 308.821105957031 309.480804443359 309.480621337891 309.433013916016 309.266998291016 309.187042236328 309.262542724609 309.4287109375 310.041625976562 310.258514404297 310.321258544922 310.468719482422 310.587005615234 310.775787353516 310.890167236328 310.97900390625 310.808654785156 310.693450927734 310.753723144531 310.750152587891 310.9287109375 311.272216796875 311.221710205078 -3.4e+38 -3.4e+38 -3.4e+38 -3.4e+38 -3.4e+38 -3.4e+38 -3.4e+38 -3.4e+38 -3.4e+38 -3.4e+38 -3.4e+38
305.040344238281 305.425598144531 305.591766357422 305.974212646484 305.566467285156 305.342498779297 305.007659912109 304.744720458984 305.725769042969 307.089172363281 307.754760742188 308.272064208984 308.105010986328 308.473602294922 308.442260742188 308.751586914062 309.473785400391 309.473449707031 309.208282470703 308.973388671875 309.272583007812 309.385803222656 309.141296386719 309.274108886719 309.776611328125 310.044067382812 310.263885498047 310.460510253906 310.630676269531 310.658386230469 310.885406494141 310.87451171875 310.65869140625 310.509674072266 310.50634765625 310.630950927734 310.939208984375 311.131652832031 311.256164550781 -3.4e+38 -3.4e+38 -3.4e+38 -3.4e+38 -3.4e+38 -3.4e+38 -3.4e+38 -3.4e+38 -3.4e+38 -3.4e+38
304.742797851562 304.959655761719 304.461517333984 304.341461181641 304.741363525391 305.038726806641 304.262298583984 305.862274169922 306.756072998047 307.38525390625 307.620788574219 307.618927001953 307.742980957031 308.466888427734 308.41064453125 308.631805419922 309.279815673828 309.310699462891 309.224151611328 309.217102050781 309.565704345703 309.730133056641 309.428924560547 308.936706542969 309.470520019531 310.074279785156 310.167785644531 310.324279785156 310.472351074219 310.492370605469 310.703521728516 310.937927246094 310.863800048828 310.723907470703 310.621673583984 310.482788085938 310.703155517578 310.966033935547 311.052154541016 311.000518798828 -3.4e+38 -3.4e+38 -3.4e+38 -3.4e+38 -3.4e+38 -3.4e+38 -3.4e+38 -3.4e+38 -3.4e+38
304.236694335938 303.976470947266 303.655700683594 302.8828125 303.254852294922 305.497711181641 305.049011230469 303.676971435547 305.071136474609 306.080047607422 306.349151611328 307.13720703125 307.129150390625 307.904998779297 308.311889648438 308.447357177734 308.660400390625 308.837951660156 309.322143554688 309.464294433594 309.677795410156 309.843109130859 309.741607666016 309.361663818359 309.657745361328 310.113128662109 310.111083984375 310.221893310547 310.439910888672 310.437469482422 310.536499023438 310.801727294922 -3.4e+38 -3.4e+38 -3.4e+38 -3.4e+38 310.627716064453 310.781402587891 310.907531738281 310.904052734375 310.899353027344 311.39111328125 -3.4e+38 -3.4e+38 -3.4e+38 -3.4e+38 -3.4e+38 -3.4e+38 -3.4e+38
303.515045166016 303.28125 303.824737548828 303.676849365234 303.701293945312 305.271820068359 305.151062011719 302.243591308594 302.398681640625 304.297088623047 303.553924560547 305.163635253906 306.677093505859 307.268737792969 307.798828125 308.279449462891 308.379272460938 308.625610351562 309.181762695312 309.253875732422 309.449462890625 309.583465576172 309.737823486328 309.727661132812 309.821807861328 309.946502685547 310.039489746094 310.1484375 310.304534912109 310.266693115234 310.319793701172 310.538299560547 -3.4e+38 -3.4e+38 -3.4e+38 -3.4e+38 -3.4e+38 310.941680908203 310.899169921875 310.895721435547 310.925720214844 311.261535644531 311.212432861328 -3.4e+38 -3.4e+38 -3.4e+38 -3.4e+38 -3.4e+38 -3.4e+38
303.324951171875 302.907531738281 301.657379150391 299.037506103516 300.640319824219 302.752258300781 302.954956054688 304.174285888672 304.933319091797 305.777221679688 306.175811767578 305.900512695312 306.908752441406 307.420013427734 306.877838134766 307.8408203125 308.927642822266 308.868469238281 309.221557617188 309.202850341797 309.263793945312 309.310607910156 309.443817138672 309.51220703125 309.550750732422 309.659271240234 309.688812255859 309.797576904297 309.953552246094 310.190063476562 310.540740966797 -3.4e+38 -3.4e+38 -3.4e+38 -3.4e+38 -3.4e+38 -3.4e+38 -3.4e+38 -3.4e+38 -3.4e+38 311.150817871094 311.135528564453 311.197784423828 311.194030761719 -3.4e+38 -3.4e+38 -3.4e+38 -3.4e+38 -3.4e+38
303.234893798828 301.547668457031 299.431304931641 298.179748535156 299.158447265625 302.351776123047 302.585723876953 304.041961669922 305.274780273438 305.951019287109 306.865234375 307.079498291016 307.573791503906 307.833282470703 307.289489746094 308.053924560547 309.014038085938 309.076904296875 309.154418945312 309.146057128906 309.255462646484 309.190856933594 309.174194335938 309.369934082031 309.406951904297 309.579010009766 309.600616455078 309.645629882812 309.850158691406 310.308532714844 310.540710449219 310.467895507812 -3.4e+38 -3.4e+38 -3.4e+38 -3.4e+38 -3.4e+38 -3.4e+38 -3.4e+38 -3.4e+38 -3.4e+38 311.048797607422 311.089782714844 311.119171142578 311.181793212891 311.177978515625 -3.4e+38 -3.4e+38 -3.4e+38
303.185638427734 300.334564208984 297.999786376953 301.645111083984 301.814208984375 302.814300537109 303.314331054688 303.205810546875 305.745361328125 305.931457519531 306.266906738281 -3.4e+38 307.437225341797 307.677124023438 307.911560058594 308.206298828125 308.561401367188 308.924499511719 309.132537841797 309.075164794922 309.059051513672 309.008636474609 308.926605224609 308.988922119141 309.097351074219 309.316650390625 309.567901611328 309.660705566406 310.031707763672 310.42578125 310.555267333984 -3.4e+38 -3.4e+38 -3.4e+38 -3.4e+38 -3.4e+38 310.518402099609 -3.4e+38 -3.4e+38 -3.4e+38 -3.4e+38 311.050628662109 -3.4e+38 311.198883056641 311.173309326172 -3.4e+38 -3.4e+38 -3.4e+38 -3.4e+38
303.2001953125 301.463653564453 300.266723632812 302.771789550781 303.411437988281 303.513549804688 303.857788085938 303.685577392578 305.555236816406 306.250640869141 305.164733886719 304.490295410156 307.490844726562 307.841217041016 308.279876708984 308.340911865234 308.357757568359 308.557830810547 308.888336181641 308.862060546875 308.873504638672 308.997375488281 308.940338134766 308.819519042969 308.896331787109 309.242492675781 309.622009277344 309.818145751953 310.037322998047 310.280303955078 310.450592041016 310.350067138672 310.462249755859 310.347625732422 -3.4e+38 310.500640869141 310.026336669922 310.440399169922 310.757080078125 -3.4e+38 -3.4e+38 311.064117431641 311.161376953125 -3.4e+38 311.164703369141 -3.4e+38 311.157135009766 -3.4e+38 -3.4e+38
303.567565917969 303.01416015625 302.735992431641 303.019805908203 303.564514160156 304.241485595703 304.261840820312 304.146179199219 304.745635986328 306.097991943359 305.691528320312 304.8740234375 307.167755126953 307.945068359375 308.0517578125 307.878723144531 308.2880859375 308.309967041016 308.578460693359 308.543548583984 308.839965820312 -3.4e+38 308.972930908203 308.834289550781 309.013214111328 309.329010009766 309.597198486328 309.690246582031 309.742340087891 309.929412841797 310.307678222656 310.199401855469 310.508453369141 310.458892822266 310.447143554688 310.288208007812 310.098724365234 310.358825683594 -3.4e+38 -3.4e+38 -3.4e+38 311.022399902344 311.074462890625 311.114715576172 311.156036376953 -3.4e+38 311.013916015625 311.144714355469 -3.4e+38
303.502868652344 303.330749511719 302.498992919922 302.650329589844 303.398071289062 304.585510253906 304.471313476562 304.409149169922 304.782073974609 305.361572265625 306.352478027344 306.976287841797 307.005249023438 307.449523925781 307.539031982422 307.449493408203 308.230651855469 308.228942871094 308.323455810547 308.295318603516 308.487579345703 308.675018310547 308.721069335938 308.634155273438 -3.4e+38 309.068786621094 309.033142089844 309.220001220703 309.431091308594 309.659027099609 309.994964599609 310.028503417969 310.457550048828 310.519561767578 310.493743896484 310.412322998047 310.343994140625 310.331451416016 -3.4e+38 310.349670410156 -3.4e+38 -3.4e+38 311.042419433594 -3.4e+38 -3.4e+38 -3.4e+38 310.915832519531 311.136077880859 -3.4e+38
302.966400146484 303.36962890625 302.766265869141 302.764038085938 303.360015869141 303.997619628906 304.417175292969 304.831420898438 305.114349365234 305.344940185547 306.104156494141 -3.4e+38 306.864044189453 307.079010009766 307.096496582031 307.440307617188 308.222442626953 308.251159667969 308.310089111328 308.277465820312 308.181640625 308.187652587891 308.383361816406 -3.4e+38 308.752777099609 308.585906982422 308.262512207031 308.618743896484 309.366516113281 309.547210693359 309.828826904297 309.871002197266 310.174652099609 310.445220947266 310.475708007812 310.320953369141 310.203643798828 310.309204101562 310.259918212891 310.224914550781 310.276916503906 -3.4e+38 -3.4e+38 -3.4e+38 -3.4e+38 -3.4e+38 -3.4e+38 310.858459472656 310.878936767578
302.573913574219 303.166870117188 303.353332519531 303.807281494141 304.195861816406 304.221832275391 304.515716552734 304.915222167969 304.743133544922 305.948974609375 306.296997070312 306.840789794922 306.976226806641 307.152709960938 307.061767578125 307.555725097656 308.214172363281 308.236297607422 308.281280517578 308.255004882812 308.149047851562 308.034515380859 308.157653808594 308.359008789062 308.182006835938 308.042572021484 308.091827392578 308.505767822266 309.149963378906 309.354614257812 309.648498535156 309.808502197266 309.809295654297 309.970397949219 309.990844726562 309.894653320312 309.810852050781 309.993286132812 310.319488525391 310.294036865234 310.235076904297 -3.4e+38 -3.4e+38 -3.4e+38 -3.4e+38 -3.4e+38 -3.4e+38 310.468933105469 310.781494140625
302.454528808594 302.946136474609 303.364929199219 304.083099365234 304.353149414062 304.868865966797 304.823425292969 304.875671386719 304.730529785156 305.936920166016 306.463134765625 306.655303955078 307.173522949219 307.361785888672 307.15380859375 307.400604248047 307.834655761719 307.953033447266 308.199249267578 308.227386474609 308.142425537109 307.715423583984 307.574035644531 307.878570556641 307.78662109375 307.473449707031 308.047424316406 308.618713378906 308.887481689453 309.128021240234 309.207672119141 309.643920898438 309.853820800781 309.757446289062 309.558563232422 309.523956298828 309.495544433594 309.689422607422 310.045654296875 310.30712890625 310.250030517578 -3.4e+38 310.50244140625 310.747283935547 -3.4e+38 -3.4e+38 -3.4e+38 -3.4e+38 310.369720458984
302.311431884766 302.585693359375 303.176635742188 303.942352294922 304.407135009766 304.926177978516 305.182647705078 305.258148193359 305.541015625 305.979309082031 306.491485595703 306.589111328125 306.934783935547 307.366302490234 307.057312011719 306.947845458984 307.345275878906 307.61962890625 308.1904296875 308.120727539062 -3.4e+38 307.276550292969 307.145446777344 307.609649658203 307.868133544922 307.667114257812 308.068267822266 308.608795166016 308.769958496094 308.7919921875 309.179962158203 309.412170410156 309.599517822266 309.434356689453 309.123352050781 309.225494384766 309.351654052734 309.505126953125 309.691558837891 309.934112548828 310.206085205078 310.257415771484 310.253570556641 310.324920654297 -3.4e+38 -3.4e+38 -3.4e+38 -3.4e+38 310.302307128906
301.722778320312 302.259857177734 303.174713134766 304.094146728516 304.737091064453 305.019927978516 305.553680419922 305.399719238281 305.726318359375 306.17333984375 306.194915771484 306.470733642578 306.651977539062 306.877105712891 306.727691650391 306.770629882812 307.251617431641 -3.4e+38 307.901885986328 307.827667236328 -3.4e+38 307.401245117188 307.242279052734 307.392639160156 307.904876708984 307.932556152344 308.063568115234 308.252655029297 308.39208984375 308.593505859375 309.214996337891 309.376525878906 309.308685302734 309.176177978516 308.797973632812 308.841979980469 309.363464355469 309.338958740234 309.407348632812 309.508209228516 309.940551757812 310.179534912109 310.109161376953 -3.4e+38 -3.4e+38 -3.4e+38 -3.4e+38 310.626922607422 310.424346923828
