rcp8.5models/GFDL_CM3/sc1gr3.29
NCOLS 261 
NROWS 433 
XLLCORNER 336357.134 
YLLCORNER 654653.479 
CELLSIZE 1000 
NODATA_value -3.4e+38 
[rows 352 to 373 of 433, columns 147 to 195 of 261]
274.729156494141 273.337066650391 277.280242919922 286.482818603516 287.761566162109 287.883636474609 287.784881591797 286.903076171875 285.801483154297 286.182952880859 284.538360595703 275.197296142578 268.837524414062 265.149719238281 272.192413330078 279.400695800781 279.665130615234 276.500732421875 276.24755859375 279.139343261719 279.95703125 281.931274414062 278.288696289062 274.380157470703 275.884796142578 281.959838867188 284.672485351562 284.965637207031 285.546447753906 286.051696777344 286.232574462891 285.962554931641 285.819915771484 286.581115722656 286.034271240234 285.721710205078 281.068542480469 269.084503173828 269.302703857422 269.951385498047 270.271026611328 270.533050537109 270.728759765625 270.694702148438 270.692993164062 270.491668701172 269.796508789062 269.203094482422 268.899169921875
272.429718017578 272.443206787109 278.001037597656 287.331512451172 288.168395996094 287.987609863281 287.698608398438 287.349334716797 286.890747070312 286.430358886719 285.421569824219 281.429473876953 277.116821289062 274.122955322266 278.318939208984 283.402893066406 283.332305908203 277.545715332031 270.845001220703 275.892791748047 284.502319335938 285.495147705078 281.346801757812 279.838592529297 279.540985107422 282.585021972656 285.027404785156 285.293487548828 285.409271240234 285.988891601562 286.345916748047 286.174407958984 286.291412353516 286.792266845703 286.41357421875 285.851379394531 281.083435058594 269.248291015625 269.512573242188 270.21142578125 270.419647216797 270.88623046875 271.118499755859 271.068817138672 271.121643066406 270.636505126953 270.106262207031 269.491638183594 269.295318603516
271.612640380859 273.809509277344 281.543579101562 288.345123291016 288.188812255859 287.877777099609 287.730987548828 287.513549804688 287.059326171875 286.649566650391 286.049652099609 285.311553955078 284.402526855469 283.994232177734 284.298156738281 284.351989746094 284.564575195312 283.101623535156 278.433135986328 279.788024902344 284.191833496094 286.220092773438 285.577514648438 285.077758789062 284.800323486328 285.664611816406 285.440521240234 285.747650146484 285.639312744141 286.003479003906 286.248931884766 286.517852783203 286.795440673828 287.133239746094 286.599243164062 285.916290283203 281.470123291016 269.706359863281 269.976196289062 270.441375732422 270.718109130859 270.875640869141 271.176635742188 271.289123535156 271.237731933594 270.819244384766 270.349487304688 269.799743652344 269.703063964844
270.467071533203 273.031585693359 282.101226806641 288.373046875 288.126739501953 287.685241699219 287.592132568359 287.521514892578 287.220184326172 286.709564208984 286.385101318359 285.73046875 284.169372558594 282.357513427734 281.441314697266 280.821807861328 285.122039794922 285.646606445312 285.805816650391 284.349517822266 282.852569580078 286.415222167969 284.566986083984 284.075408935547 284.959381103516 286.136352539062 285.944519042969 286.219268798828 286.119415283203 286.243560791016 286.270172119141 286.763977050781 287.038757324219 287.260284423828 286.360473632812 285.548614501953 281.927612304688 269.949920654297 270.174194335938 270.609527587891 271.064208984375 270.954986572266 271.095092773438 271.365386962891 271.174896240234 271.151245117188 270.597076416016 269.557556152344 269.056823730469
268.498138427734 274.627319335938 284.837036132812 288.371185302734 288.161529541016 287.701416015625 287.198303222656 287.054779052734 287.061309814453 286.734130859375 286.275665283203 285.733215332031 283.741333007812 280.104766845703 279.462219238281 281.052459716797 284.905395507812 285.171295166016 285.969177246094 285.624176025391 284.890319824219 284.461303710938 282.482299804688 283.959136962891 284.595703125 285.593688964844 286.532470703125 286.699188232422 286.458221435547 286.499572753906 286.467651367188 286.913146972656 287.070526123047 287.125732421875 286.321594238281 283.439880371094 276.134643554688 270.051940917969 270.245452880859 270.504150390625 271.161895751953 271.156494140625 271.381561279297 271.527191162109 271.317321777344 271.328338623047 270.650787353516 269.862152099609 269.416229248047
269.667022705078 282.494873046875 288.109741210938 288.120056152344 287.88720703125 287.421081542969 286.810546875 286.549224853516 286.398986816406 286.267456054688 286.057281494141 285.875854492188 284.748229980469 282.34033203125 282.930328369141 284.909271240234 284.377227783203 284.807586669922 285.994506835938 286.688537597656 286.624938964844 283.503295898438 281.058898925781 284.865844726562 285.521606445312 285.105926513672 285.494689941406 286.797515869141 286.855773925781 286.706634521484 286.547882080078 287.062805175781 287.126647949219 287.135528564453 286.530548095703 281.791351318359 270.405151367188 270.548492431641 270.559875488281 270.310577392578 270.93017578125 271.164886474609 271.810302734375 271.861785888672 271.724456787109 271.283599853516 270.673034667969 270.598175048828 270.186950683594
274.781219482422 287.502166748047 287.995452880859 287.899719238281 287.576629638672 287.039428710938 286.648742675781 286.465209960938 286.143310546875 285.911437988281 285.919799804688 286.348449707031 286.323455810547 286.131195068359 285.910583496094 285.520874023438 284.902740478516 285.22998046875 285.803131103516 286.438568115234 286.56787109375 285.284271240234 281.858154296875 284.991302490234 286.207214355469 285.372924804688 284.426879882812 286.786499023438 287.087493896484 286.821563720703 286.613800048828 287.011352539062 287.220092773438 287.311340332031 286.670135498047 281.939086914062 270.515197753906 270.935333251953 270.887756347656 270.46044921875 270.725555419922 271.191467285156 271.620452880859 272.147979736328 272.114013671875 271.342468261719 270.874877929688 270.654876708984 270.107666015625
282.624816894531 287.954559326172 288.025909423828 287.839324951172 287.476837158203 287.212127685547 286.810119628906 286.559265136719 286.506500244141 286.100341796875 285.897979736328 286.626739501953 286.217559814453 285.998565673828 285.997497558594 285.830474853516 285.490020751953 285.736694335938 285.834442138672 286.328094482422 286.5146484375 286.342956542969 284.642730712891 286.221893310547 286.353271484375 285.836029052734 285.518829345703 286.992980957031 287.094207763672 286.794921875 286.572509765625 286.866455078125 287.324768066406 287.321044921875 284.294616699219 275.944427490234 270.510162353516 270.930450439453 270.973358154297 270.562652587891 270.330932617188 270.971374511719 271.121734619141 271.977935791016 272.168975830078 271.443328857422 271.017059326172 270.798614501953 270.499328613281
287.998931884766 288.123352050781 288.058410644531 287.818908691406 287.456939697266 287.132629394531 286.622772216797 286.400756835938 286.255828857422 285.72412109375 285.706176757812 286.63671875 286.553314208984 286.083374023438 285.611328125 285.251251220703 285.247802734375 285.654937744141 -3.4e+38 286.279724121094 286.489471435547 -3.4e+38 287.282440185547 287.2666015625 287.063140869141 286.82421875 287.086181640625 287.446594238281 287.827301025391 287.066040039062 287.088562011719 287.216918945312 287.509338378906 287.244476318359 282.269195556641 270.127136230469 270.977264404297 271.361022949219 271.374603271484 270.833465576172 270.775085449219 271.266052246094 271.855804443359 272.133392333984 272.226684570312 271.912506103516 271.90576171875 271.477508544922 -3.4e+38
-3.4e+38 288.208648681641 288.030395507812 287.5634765625 287.048492431641 286.889801025391 286.576385498047 286.486083984375 286.403778076172 286.116455078125 286.00927734375 286.639007568359 286.4453125 286.146514892578 286.171234130859 285.531646728516 285.165893554688 285.411041259766 285.71142578125 285.869812011719 286.129577636719 286.673065185547 287.481323242188 287.516723632812 287.454315185547 287.122650146484 287.314025878906 288.039703369141 287.826599121094 287.256164550781 287.40625 287.368530273438 287.543182373047 284.9609375 276.514678955078 270.446380615234 271.101440429688 271.6279296875 271.725341796875 271.245819091797 271.050720214844 271.132446289062 271.663055419922 272.128997802734 272.201568603516 271.973602294922 272.022430419922 271.343078613281 271.187957763672
288.053741455078 288.408874511719 288.107727050781 287.520324707031 287.164428710938 287.06591796875 286.947387695312 286.958618164062 286.769409179688 286.513122558594 286.458343505859 286.809326171875 286.587188720703 286.343139648438 286.426391601562 285.843505859375 285.283966064453 285.250213623047 285.298065185547 285.400238037109 285.766143798828 286.536865234375 287.322479248047 287.429992675781 287.679809570312 287.453704833984 287.610137939453 287.939208984375 287.808288574219 287.656311035156 287.690002441406 287.579864501953 287.576843261719 282.606018066406 270.6953125 270.681488037109 271.096130371094 271.622924804688 271.855499267578 271.718505859375 271.48828125 271.434020996094 271.476104736328 272.123870849609 -3.4e+38 272.0703125 271.874176025391 271.171752929688 271.559478759766
288.017333984375 288.17236328125 287.976501464844 287.53955078125 287.358154296875 287.129730224609 287.154907226562 287.18017578125 286.779724121094 286.600036621094 286.608245849609 286.733947753906 286.762908935547 286.625885009766 286.210815429688 285.351409912109 285.010467529297 285.2265625 284.953979492188 284.592346191406 285.632965087891 286.326049804688 286.653472900391 287.071594238281 287.559783935547 287.815490722656 288.019256591797 288.105133056641 288.115417480469 287.975372314453 287.842254638672 287.662750244141 287.730285644531 276.877014160156 270.630432128906 270.676605224609 271.159973144531 271.800201416016 271.873107910156 271.974670410156 272.209228515625 272.072357177734 271.881958007812 272.035491943359 -3.4e+38 -3.4e+38 271.954010009766 271.503845214844 271.864654541016
288.085662841797 287.812042236328 287.632751464844 287.347381591797 287.091125488281 287.034301757812 287.123352050781 286.939697265625 286.791412353516 286.912048339844 286.828765869141 -3.4e+38 -3.4e+38 286.298461914062 285.716613769531 285.459533691406 285.345520019531 285.369354248047 284.719146728516 283.243835449219 284.319030761719 285.971649169922 285.961639404297 286.3125 286.743011474609 287.567016601562 287.937133789062 288.28955078125 288.600708007812 288.268280029297 287.984222412109 287.887451171875 285.705383300781 271.16064453125 270.768859863281 270.731811523438 271.177429199219 271.878143310547 271.951782226562 272.030700683594 272.269622802734 272.361083984375 272.184020996094 272.053131103516 272.336608886719 -3.4e+38 272.156555175781 271.957977294922 271.943328857422
288.195983886719 287.734100341797 287.471740722656 287.0419921875 286.65576171875 286.832672119141 287.123229980469 286.930114746094 287.101226806641 287.172637939453 287.226226806641 286.602325439453 286.413513183594 285.995666503906 285.582611083984 286.135528564453 286.160491943359 285.874145507812 285.301239013672 283.350402832031 283.136993408203 285.530090332031 286.023284912109 286.204284667969 286.469543457031 287.260375976562 287.804565429688 288.033905029297 288.252960205078 288.486022949219 288.434906005859 288.291290283203 283.586303710938 271.212677001953 271.041015625 270.643493652344 270.951873779297 271.425476074219 271.885589599609 271.981109619141 272.186370849609 272.588287353516 272.576293945312 272.275085449219 272.288146972656 272.68408203125 272.107177734375 272.095977783203 272.193572998047
288.035705566406 287.49072265625 287.236083984375 286.941070556641 286.727874755859 287.026672363281 287.128601074219 286.942504882812 287.249725341797 287.315734863281 287.377471923828 286.610595703125 286.364868164062 286.170532226562 286.058715820312 286.335968017578 286.364349365234 286.05224609375 285.747772216797 284.443969726562 283.582641601562 284.914672851562 286.330200195312 286.844421386719 287.133514404297 287.383056640625 287.705718994141 287.668548583984 287.610290527344 288.169036865234 288.521423339844 286.157745361328 278.006011962891 271.720611572266 271.346313476562 270.796203613281 270.886322021484 271.398315429688 271.797698974609 271.915222167969 272.181365966797 272.691772460938 273.008239746094 272.750152587891 272.598754882812 272.950256347656 272.400695800781 272.341766357422 272.649322509766
287.636199951172 287.286987304688 287.311492919922 287.166870117188 286.939636230469 287.368347167969 287.413879394531 287.196624755859 287.538970947266 287.593139648438 287.187194824219 286.837280273438 286.563323974609 286.402679443359 286.678436279297 286.677368164062 286.177093505859 285.99951171875 285.944061279297 285.213714599609 -3.4e+38 284.689331054688 286.039459228516 286.537750244141 287.172119140625 287.32080078125 287.334106445312 287.196990966797 287.238983154297 287.597381591797 285.711334228516 278.072875976562 272.364685058594 271.776763916016 271.434814453125 271.147644042969 271.297729492188 271.719451904297 271.943206787109 272.155517578125 272.242279052734 272.872222900391 273.046203613281 273.016479492188 273.089569091797 273.047973632812 272.829010009766 272.795867919922 272.976226806641
287.547668457031 287.469757080078 287.508728027344 287.266937255859 286.993225097656 287.217437744141 287.607788085938 287.758605957031 287.788940429688 287.466583251953 287.111907958984 287.181335449219 286.766448974609 286.551055908203 286.96533203125 286.743957519531 286.182312011719 286.227722167969 286.423889160156 285.910949707031 284.727325439453 283.067687988281 285.966979980469 286.184631347656 286.606323242188 286.524230957031 286.612487792969 286.72265625 287.014129638672 285.233489990234 277.708862304688 272.284637451172 272.370666503906 271.664367675781 271.379119873047 271.484436035156 271.716888427734 271.714508056641 272.027435302734 272.528045654297 272.672088623047 273.051635742188 273.041656494141 -3.4e+38 273.084838867188 273.022979736328 272.802154541016 272.934753417969 273.094604492188
287.681701660156 287.606262207031 287.412719726562 287.221954345703 286.889099121094 286.945281982422 287.408935546875 287.91162109375 287.874877929688 287.362518310547 287.240753173828 287.108703613281 286.914489746094 286.862976074219 287.029510498047 286.721527099609 286.632019042969 286.681121826172 286.545715332031 286.007690429688 284.730010986328 282.913635253906 286.223114013672 286.39892578125 286.370513916016 285.981689453125 286.072570800781 286.567077636719 287.071502685547 283.483978271484 272.34716796875 272.552703857422 272.627563476562 271.730072021484 271.762023925781 272.159912109375 272.097991943359 271.770355224609 271.977722167969 272.466613769531 272.784729003906 272.861328125 273.058258056641 273.111968994141 273.247680664062 273.184234619141 273.449523925781 273.377777099609 273.210083007812
287.970733642578 287.740844726562 287.316101074219 287.088104248047 286.595550537109 286.682006835938 287.138031005859 287.682281494141 288.06005859375 287.845520019531 287.773498535156 287.036346435547 286.898559570312 286.767272949219 287.066497802734 287.007415771484 287.033111572266 286.75634765625 286.194641113281 285.816345214844 285.563415527344 285.010009765625 285.949645996094 286.355010986328 286.376373291016 285.974212646484 285.825836181641 286.462219238281 284.732971191406 277.971832275391 272.463989257812 272.940612792969 272.884796142578 271.648681640625 272.271545410156 272.466918945312 272.411865234375 272.264984130859 272.249969482422 272.106323242188 272.472717285156 272.857269287109 273.053497314453 273.234344482422 273.722625732422 273.217193603516 273.915466308594 273.996154785156 273.708709716797
288.109405517578 287.733154296875 287.119049072266 287.079193115234 286.977905273438 286.741394042969 286.8369140625 287.535003662109 287.954528808594 288.097869873047 288.131927490234 287.165985107422 286.976196289062 287.059661865234 287.420562744141 287.807312011719 287.471466064453 286.829315185547 286.313293457031 286.2822265625 286.099914550781 286.065979003906 285.927032470703 286.043518066406 286.673675537109 286.317138671875 286.248077392578 284.439208984375 277.243927001953 271.720703125 272.346862792969 273.180999755859 273.054351806641 272.188415527344 272.558074951172 273.055694580078 273.416900634766 273.021057128906 272.757019042969 272.341705322266 272.397613525391 272.640228271484 272.982116699219 273.139190673828 273.523162841797 273.8818359375 273.636840820312 274.042602539062 273.97607421875
287.893615722656 287.668121337891 287.543640136719 287.392547607422 287.127014160156 286.782318115234 286.759857177734 287.274932861328 287.774444580078 288.058685302734 288.139465332031 287.642883300781 287.429626464844 287.595062255859 287.707946777344 287.846099853516 287.399810791016 287.03076171875 286.771759033203 286.571136474609 286.414306640625 286.411834716797 286.463928222656 286.5009765625 286.861206054688 286.398590087891 286.520324707031 282.074951171875 271.652893066406 271.993896484375 272.628326416016 273.318908691406 273.227416992188 272.326080322266 272.750885009766 273.481384277344 273.753326416016 273.555236816406 273.213592529297 272.766876220703 272.349334716797 272.489990234375 272.893676757812 272.967041015625 273.186553955078 273.978118896484 273.905212402344 273.911254882812 273.974365234375
288.049468994141 288.001007080078 288.090698242188 287.723266601562 287.177215576172 286.99072265625 286.817260742188 286.975738525391 287.493927001953 288.070739746094 288.154907226562 287.997375488281 287.890563964844 288.02734375 287.943298339844 287.584686279297 286.884704589844 287.014923095703 286.952301025391 286.668090820312 286.509094238281 286.800415039062 287.106384277344 287.118194580078 287.001220703125 286.667663574219 284.209075927734 276.596954345703 271.650054931641 271.986907958984 272.6474609375 273.373809814453 273.318328857422 272.488403320312 272.981964111328 273.780303955078 273.793823242188 273.717620849609 273.375823974609 272.950653076172 272.507568359375 272.38037109375 272.743713378906 272.900085449219 273.056060791016 273.890472412109 273.837341308594 273.867401123047 273.958587646484
