rcp8.5models/GFDL_CM3/sc1gr6.11
NCOLS 261 
NROWS 433 
XLLCORNER 336357.134 
YLLCORNER 654653.479 
CELLSIZE 1000 
NODATA_value -3.4e+38 
[rows 352 to 373 of 433, columns 98 to 146 of 261]
3480.65283203125 3444.51806640625 3336.2998046875 3276.39184570312 3478.095703125 3562.27758789062 3473.73681640625 3453.39575195312 3409.9677734375 3270.91723632812 3230.50024414062 3249.78173828125 3240.21337890625 3205.93432617188 3214.67602539062 3149.36157226562 3072.75415039062 3013.6376953125 2942.91918945312 2880.546875 2780.74487304688 -3.4e+38 2544.44018554688 2388.5703125 2314.79736328125 2233.68505859375 2277.66723632812 2411.75146484375 2512.9638671875 2529.0244140625 2473.08984375 2413.64721679688 2394.05883789062 2375.93310546875 2365.59497070312 2350.49780273438 2329.30615234375 2300.5146484375 2289.06079101562 2271.36254882812 2249.14526367188 2230.89624023438 2211.73706054688 -3.4e+38 -3.4e+38 2172.41870117188 2142.48095703125 2127.49291992188 2058.0400390625
3500.44287109375 3484.50805664062 3433.31323242188 3210.23828125 3358.21166992188 3499.642578125 3386.11450195312 3294.48974609375 3344.08984375 3318.21118164062 3230.36157226562 3156.85498046875 3148.63525390625 3153.19018554688 3131.04516601562 3160.83447265625 3150.73168945312 3072.14990234375 2960.31103515625 2882.03784179688 2887.36499023438 2932.65991210938 2835.88891601562 2653.45727539062 2557.3076171875 2439.40893554688 2423.9140625 2469.9111328125 2495.5908203125 2505.2822265625 2509.1005859375 2434.62670898438 2390.36059570312 2377.48706054688 2351.64624023438 2338.79833984375 2323.607421875 2293.27734375 2279.7509765625 2259.26342773438 2240.87915039062 2224.5546875 -3.4e+38 -3.4e+38 -3.4e+38 2162.83544921875 2145.3876953125 2131.82006835938 2060.875
3468.953125 3496.48950195312 3541.00805664062 3318.80322265625 3278.63256835938 3301.82739257812 3355.357421875 3310.69409179688 3269.78173828125 3312.9990234375 3318.45971679688 3236.05053710938 3147.07861328125 3088.455078125 3034.86547851562 3052.47338867188 3094.21557617188 3075.1025390625 2967.41333007812 2907.40649414062 2937.05249023438 2918.20288085938 2870.90307617188 2819.69311523438 2740.85766601562 2660.01098632812 2640.76049804688 2652.59985351562 2600.28369140625 2554.59057617188 2549.875 2492.5703125 2438.31274414062 2402.51049804688 2342.18188476562 2325.95751953125 2316.3603515625 2305.87670898438 2279.39135742188 2263.9228515625 2242.29028320312 2217.23608398438 -3.4e+38 2181.45971679688 2171.98413085938 2172.49169921875 2166.85620117188 2135.880859375 2045.30065917969
3387.1748046875 3431.67797851562 3525.38720703125 3413.30883789062 3277.01049804688 3170.62890625 3273.19921875 3373.20288085938 3357.966796875 3264.46728515625 3214.90112304688 3234.859375 3231.10766601562 3170.79711914062 3004.84228515625 2971.57177734375 2962.85498046875 3008.88232421875 3021.53662109375 2971.60400390625 2914.5546875 2832.2119140625 2827.69604492188 2834.84448242188 2771.28784179688 2741.47192382812 2680.8232421875 2680.50659179688 2623.375 2563.22900390625 2542.58618164062 2508.62841796875 2465.83862304688 2400.8662109375 2342.94506835938 2323.51123046875 2312.2900390625 2297.76538085938 2271.59741210938 2264.9267578125 2244.49755859375 2221.4443359375 2201.76049804688 2187.43823242188 2189.08203125 2188.1025390625 2175.03149414062 2138.75146484375 2036.2275390625
3349.2890625 3307.0732421875 3351.7353515625 3423.9130859375 3320.78979492188 3162.63061523438 3139.81884765625 3214.419921875 3326.86059570312 3296.57592773438 3146.62817382812 3038.83349609375 3100.3154296875 3208.26342773438 3044.18115234375 2967.41259765625 2910.4052734375 2923.90356445312 2952.65942382812 2920.31372070312 2843.6728515625 2795.99853515625 2777.64672851562 2755.86596679688 2706.60083007812 2687.42578125 2667.4912109375 2619.09008789062 2564.47680664062 2524.2900390625 2490.92944335938 2454.54516601562 2451.41455078125 2413.21997070312 2360.94458007812 2330.92504882812 2317.07006835938 2282.0517578125 2261.76391601562 2250.29296875 2232.21899414062 2218.12036132812 2204.42797851562 2198.77197265625 2191.52905273438 2165.23828125 2140.58959960938 2111.10302734375 2037.85827636719
3393.15625 3307.66333007812 3264.64477539062 3389.61889648438 3314.45825195312 3225.35522460938 3246.17260742188 3190.25 3156.76806640625 3247.74072265625 3228.15502929688 3116.15405273438 3110.24731445312 3179.7216796875 3101.79467773438 2995.20336914062 2950.95703125 2935.81787109375 2906.18432617188 2866.6611328125 2814.75 2773.298828125 2729.7880859375 2690.92797851562 2651.65625 2622.34692382812 2641.53979492188 2607.65161132812 2580.22094726562 2529.23022460938 2465.71801757812 2440.98608398438 2435.4755859375 2426.63818359375 2390.9833984375 2349.94775390625 2320.27661132812 2298.97534179688 2260.4326171875 2238.4931640625 2220.72387695312 2204.39233398438 2191.95458984375 2183.02685546875 2165.09936523438 2133.95288085938 2104.25390625 2080.50122070312 2043.12548828125
3451.35473632812 3341.36694335938 3252.12963867188 3240.54345703125 3212.11157226562 3204.94311523438 3254.53540039062 3174.1962890625 3051.0322265625 3109.31079101562 3154.01708984375 3204.91748046875 3247.67456054688 3188.7314453125 3098.9736328125 3008.00268554688 2958.84057617188 2930.15576171875 2906.71044921875 2888.322265625 2856.12084960938 2782.46997070312 2693.09448242188 2675.59155273438 2667.92016601562 2650.40844726562 2670.92333984375 2649.64184570312 2620.58325195312 2537.5869140625 2457.65209960938 2455.93188476562 2444.84594726562 2414.29858398438 2386.74633789062 2347.4130859375 2329.24780273438 2306.41967773438 2262.3271484375 2238.3974609375 2219.52587890625 2199.69116210938 2179.91870117188 2160.69165039062 2140.34716796875 2118.29663085938 2092.56665039062 2066.82568359375 2034.04956054688
3439.99975585938 3377.203125 3293.77197265625 3161.26904296875 3150.44775390625 3110.5576171875 3140.5966796875 3165.55029296875 3090.7685546875 3052.34228515625 3018.06372070312 3074.32788085938 3182.19360351562 3173.3154296875 3071.8388671875 2997.9375 2953.64624023438 2907.708984375 2893.45166015625 2916.32202148438 2882.46801757812 2775.60595703125 2685.63208007812 2677.529296875 2676.85498046875 2693.08740234375 2679.43701171875 2648.7119140625 2607.48754882812 2531.37109375 2452.18359375 2454.96752929688 2466.77856445312 2416.81518554688 2383.30419921875 2356.0107421875 2336.28686523438 2287.255859375 2258.52807617188 2240.29711914062 2164.07373046875 2100.31689453125 2130.416015625 2062.91821289062 2031.84680175781 2037.58068847656 1941.36975097656 1910.58642578125 1873.63366699219
3481.30004882812 3436.87768554688 3415.38818359375 3342.45043945312 3243.79174804688 3152.19311523438 3079.2265625 3136.14965820312 3180.75268554688 3127.845703125 3096.29541015625 3077.54052734375 3049.32104492188 2979.34692382812 2969.43212890625 2938.99365234375 2913.33764648438 2849.83081054688 2794.86547851562 2750.376953125 2719.34423828125 2691.34838867188 2726.17236328125 2753.93286132812 2701.78271484375 2635.88696289062 2595.42895507812 2588.42846679688 2574.80981445312 2535.53369140625 2455.11108398438 2443.384765625 2464.24145507812 2431.86206054688 2396.65869140625 2354.5029296875 2311.41333007812 2238.18090820312 2134.77954101562 2038.47717285156 1987.06005859375 1916.16394042969 1865.64196777344 1826.72180175781 1795.00988769531 1761.34167480469 1725.59521484375 1696.72216796875 1649.96997070312
3475.22534179688 3463.29272460938 3380.47338867188 3391.30004882812 3382.55590820312 3315.5595703125 3218.36572265625 3149.94287109375 3096.87524414062 3114.01831054688 3155.08032226562 3163.56494140625 3158.94995117188 3086.59985351562 3037.96142578125 2989.05078125 2984.8603515625 2941.52075195312 2844.5595703125 2779.93310546875 2754.62231445312 2723.5419921875 2723.40112304688 2730.86865234375 2733.56372070312 2694.33618164062 2614.91284179688 2584.04956054688 2559.32006835938 2537.18481445312 2488.86450195312 2409.119140625 2393.34448242188 2407.998046875 2374.63720703125 2359.31372070312 2330.85620117188 2265.05200195312 2193.10473632812 2106.42993164062 2035.04931640625 1930.29858398438 1871.38293457031 1837.19763183594 1810.11437988281 1762.99169921875 1719.42504882812 1683.3359375 1625.63928222656
3494.50268554688 3458.775390625 3416.9619140625 3360.6513671875 3374.38549804688 3400.49340820312 3349.78100585938 3267.99047851562 3198.67065429688 3201.52587890625 3229.5634765625 3233.70874023438 3202.50903320312 3169.62939453125 3113.46044921875 3051.65185546875 3013.59252929688 2998.046875 2893.36010742188 2810.23901367188 2789.8359375 2760.29467773438 2742.4326171875 2731.47705078125 2717.93359375 2683.28198242188 2644.54907226562 2603.93774414062 2547.1044921875 2470.68310546875 2444.25610351562 2387.58544921875 2317.96826171875 2342.07885742188 2333.9609375 2339.1669921875 2322.81396484375 2274.7451171875 2239.76928710938 2165.56884765625 2040.61352539062 1933.5947265625 1869.03515625 1859.40661621094 1835.09143066406 1754.25256347656 1715.91381835938 1680.75988769531 1614.42431640625
3523.80493164062 3471.27465820312 3408.35498046875 3385.3359375 3358.05493164062 3352.57373046875 3304.02612304688 3300.73876953125 3298.15087890625 3253.24365234375 3208.29931640625 3212.3935546875 3199.59155273438 3169.62231445312 3098.166015625 3039.25 2997.556640625 2995.98193359375 2922.7587890625 2828.26684570312 2782.03198242188 2771.09399414062 2751.87109375 2746.14233398438 2717.87426757812 2662.31396484375 2636.23217773438 2598.34716796875 2511.31176757812 2400.49487304688 2346.12426757812 2317.45629882812 2256.26318359375 2258.150390625 2303.87866210938 2325.66552734375 2314.1650390625 2264.31323242188 2193.21728515625 2110.28149414062 2022.14233398438 1916.16186523438 1861.81896972656 1852.73706054688 1817.03149414062 1730.94848632812 1696.27355957031 1668.57653808594 1598.66955566406
3503.59936523438 3487.70068359375 3430.53442382812 3396.37377929688 3360.31787109375 3284.94165039062 3265.23291015625 3274.78173828125 3260.83642578125 3249.70556640625 3217.5126953125 3171.52026367188 3142.9677734375 3115.72265625 3073.8544921875 3055.0390625 3025.1279296875 2997.81713867188 2944.4892578125 2860.66845703125 2782.28442382812 2747.39038085938 2729.251953125 2744.20239257812 2742.37817382812 2702.18896484375 2638.05688476562 2607.61743164062 2538.1416015625 2426.82421875 2323.53100585938 2263.82641601562 2197.1767578125 2182.7421875 2206.57690429688 2256.28662109375 2306.39794921875 2269.93408203125 2139.953125 1995.09899902344 1973.78466796875 1905.7509765625 1851.03076171875 1817.48986816406 1766.94750976562 1712.10327148438 1671.52294921875 1640.92651367188 1576.7158203125
3484.52880859375 3472.26416015625 3458.38696289062 3398.962890625 3367.0771484375 3279.37939453125 3245.12280273438 3268.33276367188 3237.79858398438 3173.98486328125 3183.015625 3186.7373046875 3139.79907226562 3090.64672851562 3027.787109375 3025.68969726562 3023.67333984375 2994.669921875 2951.34252929688 2883.3701171875 2791.58618164062 2738.23681640625 2734.50732421875 2727.78515625 2721.52685546875 2706.30395507812 2652.40893554688 2621.63720703125 2582.74389648438 2471.328125 2346.32202148438 2287.25927734375 2199.7568359375 2141.74536132812 2103.38525390625 2116.62158203125 2185.78637695312 2206.62158203125 2060.82250976562 1901.64367675781 1903.31091308594 1890.69409179688 1822.30517578125 1785.41333007812 1732.32019042969 1690.70983886719 1647.32263183594 1613.99047851562 1554.8154296875
3474.43383789062 3462.06665039062 3408.7451171875 3388.14379882812 3383.087890625 3313.31665039062 3224.26171875 3221.7451171875 3231.04272460938 3183.3984375 3184.42431640625 3202.03125 3168.43237304688 3121.98413085938 3011.76635742188 2988.46752929688 2991.54443359375 2976.93334960938 2952.51000976562 2893.369140625 2795.34350585938 2743.73559570312 2736.03784179688 2705.1943359375 2682.16162109375 2662.91967773438 2620.50073242188 2588.06201171875 2540.51123046875 2452.43310546875 2376.30737304688 2328.58837890625 2230.59887695312 2146.12158203125 2080.79028320312 2040.01391601562 2042.51672363281 2086.36181640625 1969.12121582031 1871.33349609375 1851.54638671875 1832.51440429688 1783.45666503906 1748.41271972656 1710.63464355469 1671.28002929688 1624.30993652344 1593.43395996094 1536.85607910156
3460.10278320312 3447.65649414062 3398.22021484375 3173.4453125 3249.22436523438 3297.53076171875 3256.69213867188 3245.07080078125 3246.31616210938 3239.49780273438 3217.89794921875 3183.61547851562 3148.75268554688 3131.09838867188 3024.3955078125 2972.81518554688 2951.26684570312 2948.62744140625 2948.38720703125 2903.44458007812 2823.150390625 2773.81713867188 2736.19775390625 2678.98291015625 2639.08178710938 2608.94555664062 2569.7890625 2534.19677734375 2477.90478515625 2426.55859375 2374.7666015625 2327.99926757812 2244.55712890625 2175.5166015625 2105.38549804688 2028.87145996094 1995.19360351562 1969.80993652344 1906.91259765625 1850.35144042969 1813.7060546875 1780.12097167969 1747.54016113281 1716.34753417969 1684.21826171875 1647.02819824219 1606.50158691406 1571.38073730469 1528.60107421875
3444.52221679688 3386.48510742188 3377.78515625 3164.80444335938 3143.458984375 3131.08032226562 3070.78955078125 3058.36791992188 3090.91162109375 3117.05322265625 3141.06176757812 3164.50366210938 3153.21801757812 3131.39819335938 3051.35595703125 2991.5693359375 2951.04711914062 2930.361328125 2912.77905273438 2894.10473632812 2861.23168945312 2828.82421875 2781.39111328125 2713.7421875 2646.54370117188 2583.4599609375 2505.12036132812 2469.37963867188 2441.34252929688 2410.53149414062 2364.845703125 2317.3994140625 2238.05004882812 2198.791015625 2133.07470703125 2031.45544433594 1985.22998046875 1897.56701660156 1862.9853515625 1828.24560546875 1793.52612304688 1757.5654296875 1721.01538085938 1692.55407714844 1658.25207519531 1619.67272949219 1585.31274414062 1551.72644042969 1523.27624511719
3429.54858398438 3284.58129882812 3208.07250976562 3300.078125 3243.97973632812 3100.18603515625 2887.1708984375 2765.5673828125 2763.40600585938 2820.71166992188 2859.81982421875 2891.37573242188 2988.34838867188 3043.66967773438 3046.99340820312 3032.15893554688 2997.27734375 2950.79418945312 2902.759765625 2882.181640625 2860.20458984375 2837.93603515625 2810.30126953125 2760.59985351562 2690.49633789062 2620.23022460938 2465.73095703125 2421.1015625 2397.9912109375 2377.39794921875 2345.96801757812 2298.50415039062 2228.70239257812 2202.49096679688 2139.92114257812 2045.11743164062 2020.08642578125 1905.05126953125 1855.17761230469 1814.2978515625 1777.29638671875 1742.74853515625 1702.41650390625 1668.95166015625 1639.47216796875 1605.24487304688 -3.4e+38 1537.3720703125 1515.96948242188
3422.1552734375 3260.36083984375 3097.68676757812 3232.0654296875 3296.84887695312 3248.61499023438 3092.28930664062 2896.07470703125 2694.58520507812 2640 2636.1064453125 2615.40356445312 2679.56298828125 2721.55786132812 2899.56616210938 2959.08911132812 2970.94873046875 2960.0361328125 2940.48095703125 2911.11352539062 2872.185546875 2828.00024414062 2796.18041992188 2774.51000976562 2718.603515625 2646.35595703125 2480.39013671875 2440.42236328125 2402.21337890625 2352.06005859375 2300.21899414062 2255.30297851562 2203.23486328125 2188.154296875 2154.88452148438 2080.42578125 2059.4794921875 1917.16882324219 1854.767578125 1807.78918457031 1763.97534179688 1727.45764160156 1687.53820800781 1648.78857421875 1618.75 1590.78430175781 -3.4e+38 1524.009765625 1500.07531738281
3389.43627929688 3368.51416015625 3313.84814453125 3017.44995117188 2955.8212890625 3161.03833007812 3234.17456054688 3223.58911132812 3198.87329101562 3161.05151367188 3129.97900390625 3101.78100585938 3027.3291015625 2856.94018554688 2571.80126953125 2446.36450195312 2473.5078125 2592.79711914062 2687.1171875 2717.36376953125 2781.58764648438 2862.6025390625 2843.50463867188 2808.22778320312 2774.0166015625 2736.34106445312 2638.40795898438 2584.70556640625 2538.84790039062 2519.93920898438 2444.40258789062 2334.23510742188 2217.8955078125 2117.6904296875 2078.46875 2034.90771484375 1992.57495117188 1964.05859375 1942.5537109375 1833.04284667969 1753.86022949219 1707.134765625 1663.35119628906 1635.41845703125 1601.74731445312 1562.39318847656 1529.64123535156 -3.4e+38 1461.84826660156
3375.16748046875 3369.611328125 3350.572265625 3180.45776367188 3089.68139648438 3129.81958007812 3123.43969726562 3121.66455078125 3178.14965820312 3197.21850585938 3179.05639648438 3160.16650390625 3135.34936523438 3083.28247070312 2870.38525390625 2634.98583984375 2506.31225585938 2483.2265625 2488.58569335938 2501.57568359375 2629.08325195312 2812.73901367188 2812.20751953125 2742.1015625 2724.54223632812 2731.65698242188 2623.30908203125 2621.63745117188 2623.85595703125 2613.32592773438 2560.08447265625 2471.0458984375 2351.3466796875 2240.45581054688 2149.513671875 2022.86401367188 1948.72009277344 2027.17810058594 2062.96411132812 1922.36279296875 1755.57165527344 1691.68493652344 1654.41186523438 1625.48107910156 1588.03930664062 1550.19921875 -3.4e+38 -3.4e+38 -3.4e+38
3368.76782226562 3347.34936523438 3329.07983398438 3295.72338867188 3238.43383789062 3152.86669921875 3064.28393554688 3019.04833984375 3067.12866210938 3151.29418945312 3175.85400390625 3155.19946289062 3135.59326171875 3112.953125 2970.45361328125 2840.32568359375 2706.62915039062 2603.29956054688 2498.12646484375 2464.76684570312 2500.62475585938 2534.22924804688 2529.24145507812 2489.23950195312 2527.0009765625 2555.72900390625 2441.30102539062 2492.76220703125 2492.42236328125 2512.7978515625 2561.76831054688 2546.19384765625 2491.85327148438 2433.1953125 2332.60473632812 2103.30590820312 1901.048828125 2109.91284179688 2194.27221679688 2034.20263671875 1790.66613769531 1682.11560058594 1639.06848144531 1605.5029296875 1567.16235351562 1532.322265625 1508.4326171875 -3.4e+38 -3.4e+38
