rcp8.5models/GFDL_CM3/sc1gr9.37
NCOLS 261 
NROWS 433 
XLLCORNER 336357.134 
YLLCORNER 654653.479 
CELLSIZE 1000 
NODATA_value -9999 
[rows 308 to 329 of 433, columns 200 to 249 of 261]
176.435043334961 159.833648681641 147.486389160156 137.188446044922 131.471710205078 142.623596191406 139.327987670898 147.578430175781 152.492431640625 161.551223754883 171.923751831055 171.859039306641 170.310577392578 171.018707275391 152.878128051758 150.235626220703 151.167114257812 150.789337158203 142.287643432617 146.092529296875 141.599060058594 152.63916015625 160.782135009766 158.515014648438 151.085647583008 151.687149047852 150.068923950195 145.05322265625 151.819137573242 151.293884277344 146.95671081543 138.169860839844 145.903030395508 138.280166625977 148.473480224609 146.579650878906 146.119201660156 141.886535644531 142.597839355469 145.171798706055 143.639923095703 139.958389282227 138.77864074707 137.458908081055 140.268920898438 138.786224365234 136.275665283203 136.494750976562 137.01203918457 135.859710693359
162.950424194336 154.998657226562 159.848205566406 136.952545166016 134.731033325195 134.327255249023 138.687728881836 148.848098754883 157.368530273438 162.34245300293 169.016265869141 166.906402587891 166.170425415039 169.049102783203 155.174850463867 147.38395690918 147.346130371094 146.657852172852 140.017700195312 146.011291503906 147.942276000977 152.954559326172 154.390823364258 156.629348754883 154.727432250977 148.813140869141 148.909255981445 148.522003173828 147.045928955078 141.884063720703 145.00602722168 141.874801635742 145.095153808594 136.631698608398 145.979965209961 144.149017333984 143.31169128418 136.654174804688 142.635330200195 139.537231445312 143.038604736328 140.937973022461 136.735427856445 138.024368286133 139.421371459961 137.865188598633 135.798721313477 135.299163818359 -9999 134.458145141602
164.405502319336 157.964111328125 169.189880371094 149.920104980469 143.667251586914 135.604217529297 145.943832397461 153.949005126953 162.211822509766 164.70280456543 167.072128295898 165.256652832031 162.291351318359 163.298736572266 155.047714233398 146.252105712891 141.959121704102 136.431838989258 144.447555541992 144.729293823242 147.939590454102 150.673889160156 149.036209106445 152.066619873047 158.183242797852 152.22053527832 145.378036499023 145.476669311523 143.916259765625 140.102920532227 144.207794189453 143.622009277344 144.159301757812 140.133285522461 143.279006958008 142.680862426758 140.763488769531 134.288558959961 139.262756347656 133.36669921875 140.833297729492 139.155578613281 136.100036621094 135.390960693359 138.074264526367 136.866577148438 136.292358398438 135.061370849609 134.080825805664 132.974960327148
168.115676879883 161.885238647461 161.38459777832 150.641784667969 143.56591796875 137.473831176758 135.528686523438 151.874969482422 160.316070556641 161.790267944336 162.706619262695 163.250534057617 160.614608764648 160.288864135742 147.977798461914 144.23583984375 141.241729736328 136.217666625977 142.387298583984 143.386917114258 145.481475830078 145.823776245117 145.60139465332 147.708236694336 156.911529541016 153.795822143555 142.330307006836 142.10823059082 -9999 -9999 141.647384643555 140.504058837891 141.560455322266 142.309066772461 141.009185791016 140.535522460938 138.567779541016 136.224426269531 136.919906616211 131.269104003906 138.53108215332 137.966217041016 137.377487182617 134.739776611328 134.199478149414 136.856201171875 136.281204223633 134.740692138672 133.10986328125 131.598861694336
160.305648803711 155.885543823242 151.365478515625 143.377365112305 138.93977355957 136.828094482422 132.919708251953 145.386611938477 150.620651245117 151.7197265625 152.944900512695 155.134796142578 158.984451293945 157.646484375 142.471710205078 141.649627685547 141.261688232422 140.837615966797 140.578979492188 141.728866577148 142.189025878906 143.069717407227 144.034332275391 144.479858398438 151.918380737305 151.557189941406 134.311340332031 141.054244995117 140.68864440918 139.411605834961 138.834945678711 138.650268554688 139.403671264648 140.095443725586 138.904327392578 136.812316894531 131.331115722656 137.774719238281 136.405548095703 133.973724365234 135.55891418457 133.158264160156 135.652770996094 130.848434448242 129.742553710938 135.411529541016 134.475723266602 132.824966430664 132.107360839844 131.176666259766
159.702331542969 152.144424438477 142.221710205078 133.360275268555 128.728820800781 137.603851318359 129.063842773438 133.022750854492 143.199188232422 135.374359130859 141.441940307617 141.466293334961 137.974884033203 152.105239868164 146.250885009766 137.867401123047 132.171310424805 122.268486022949 133.923263549805 129.54541015625 137.024154663086 139.064270019531 141.657180786133 138.275970458984 138.789245605469 141.543151855469 138.516693115234 137.94580078125 136.636856079102 136.236404418945 135.169021606445 135.166015625 134.81803894043 135.604446411133 134.172546386719 128.171371459961 128.753295898438 131.996826171875 128.04069519043 128.723403930664 131.970001220703 132.048156738281 131.39631652832 129.379669189453 131.646133422852 131.047561645508 129.837875366211 129.02116394043 128.905975341797 127.710144042969
161.957870483398 157.073455810547 138.054397583008 133.010162353516 130.372787475586 139.766387939453 136.582214355469 131.453796386719 140.271881103516 130.703948974609 139.464950561523 138.078552246094 131.446334838867 141.200775146484 148.241088867188 136.551193237305 132.056945800781 127.151145935059 129.455718994141 -9999 135.072738647461 135.993041992188 136.529418945312 135.496231079102 134.635864257812 135.142654418945 134.987289428711 134.443099975586 133.975570678711 133.852035522461 132.968215942383 131.751205444336 125.593276977539 126.402412414551 127.883590698242 129.195571899414 131.520263671875 129.849090576172 122.974021911621 126.739395141602 130.280075073242 129.865341186523 129.756378173828 129.083572387695 129.490005493164 128.609771728516 124.427795410156 124.654312133789 126.721206665039 123.703392028809
160.058029174805 155.981704711914 136.6376953125 136.665924072266 137.882949829102 134.734497070312 126.361053466797 126.184684753418 128.975479125977 133.415023803711 128.773239135742 136.923080444336 136.417282104492 137.135025024414 137.908279418945 126.615692138672 132.162963867188 -9999 -9999 -9999 125.639526367188 133.50439453125 134.065139770508 133.314758300781 132.38688659668 130.510452270508 131.794952392578 131.85124206543 131.321487426758 131.559814453125 131.61116027832 130.13835144043 125.838333129883 124.888603210449 121.92951965332 130.007827758789 125.430206298828 128.203247070312 121.419357299805 126.339370727539 128.606475830078 127.966835021973 127.762916564941 127.193176269531 127.565292358398 126.87003326416 124.095680236816 124.150672912598 124.683570861816 122.247909545898
153.942092895508 151.9677734375 136.669204711914 135.909042358398 136.201919555664 133.351303100586 127.746536254883 131.414840698242 126.414733886719 131.121658325195 126.418563842773 133.39436340332 133.295715332031 134.334808349609 130.259811401367 124.941009521484 130.694869995117 -9999 -9999 -9999 124.203926086426 131.146133422852 129.465576171875 124.085586547852 130.911193847656 129.054534912109 129.170471191406 129.503494262695 129.066696166992 129.138809204102 129.104583740234 127.427398681641 124.467964172363 126.752861022949 119.636833190918 126.488487243652 118.630805969238 126.445739746094 120.93042755127 127.419799804688 127.310020446777 125.716117858887 121.971466064453 121.26139831543 122.047500610352 125.288581848145 124.79288482666 124.285018920898 122.909797668457 119.654182434082
149.78759765625 151.393096923828 138.356872558594 133.51904296875 135.203384399414 136.797927856445 138.578140258789 135.679168701172 132.481338500977 130.564712524414 130.459533691406 130.948120117188 130.93083190918 132.02961730957 130.760238647461 130.465713500977 129.56169128418 128.865814208984 -9999 127.572723388672 125.96117401123 122.579864501953 128.529220581055 122.063079833984 122.501136779785 126.976867675781 127.446990966797 127.838874816895 127.566680908203 125.896011352539 121.843971252441 124.866249084473 116.863311767578 120.591567993164 123.160003662109 124.759086608887 117.236396789551 120.884857177734 121.81729888916 120.923179626465 125.244674682617 124.249488830566 121.013702392578 120.646430969238 119.873184204102 120.410217285156 123.273529052734 122.26676940918 118.484352111816 115.886962890625
144.445877075195 142.810516357422 136.17919921875 132.397537231445 135.125961303711 136.885330200195 141.638320922852 138.534805297852 135.733734130859 130.360366821289 128.910064697266 128.694213867188 128.674499511719 129.607177734375 128.859420776367 128.055908203125 127.686935424805 127.04566192627 127.423667907715 126.772323608398 123.755676269531 121.685493469238 128.88508605957 126.33512878418 121.480941772461 125.251319885254 127.795608520508 129.787963867188 126.870803833008 125.602325439453 121.190231323242 124.024360656738 118.637550354004 115.68724822998 124.592353820801 123.852104187012 119.367088317871 121.028121948242 122.969818115234 120.513092041016 123.832893371582 123.208366394043 122.509094238281 121.503639221191 116.967552185059 116.239418029785 120.970993041992 117.932510375977 115.039512634277 114.64013671875
141.382415771484 133.234451293945 130.730743408203 130.95671081543 133.676635742188 134.321380615234 137.17724609375 139.115982055664 136.383514404297 129.804290771484 127.156532287598 126.729736328125 125.810203552246 126.68913269043 126.27091217041 125.402801513672 125.658683776855 125.118530273438 124.89119720459 122.590797424316 114.953941345215 118.216766357422 125.920806884766 125.212341308594 125.43489074707 125.665023803711 121.106826782227 129.3271484375 126.289016723633 123.594680786133 116.643096923828 116.302116394043 116.749084472656 119.279418945312 123.130722045898 122.761138916016 121.953659057617 122.032844543457 117.874168395996 122.525352478027 122.609344482422 121.119491577148 120.314949035645 118.993515014648 113.621246337891 116.407615661621 115.252464294434 114.052589416504 112.83528137207 112.74193572998
135.420013427734 130.409194946289 128.009857177734 129.748672485352 132.596130371094 131.349243164062 131.56982421875 135.584411621094 133.61247253418 127.862739562988 122.977348327637 116.876029968262 123.72193145752 124.507362365723 124.045082092285 123.493721008301 121.068634033203 116.062171936035 123.474891662598 120.988624572754 114.494216918945 114.601463317871 116.212623596191 122.665374755859 123.208946228027 123.754981994629 120.061752319336 125.464347839355 124.525276184082 121.842391967773 115.583618164062 110.362892150879 111.245025634766 116.703483581543 121.369132995605 120.76586151123 120.822471618652 119.868003845215 116.818092346191 120.487129211426 120.571464538574 119.230293273926 118.928321838379 118.254417419434 115.341682434082 114.04866027832 112.49178314209 114.937393188477 113.468124389648 110.510650634766
128.105102539062 127.215492248535 125.641311645508 128.636566162109 130.706680297852 130.196838378906 128.313613891602 129.87565612793 131.633834838867 129.044387817383 125.254829406738 116.238372802734 121.554443359375 122.107162475586 121.642288208008 121.577072143555 119.576805114746 114.571701049805 121.191627502441 120.845497131348 120.065078735352 118.147499084473 114.816268920898 120.687774658203 121.518997192383 121.94612121582 122.880523681641 121.164093017578 115.704528808594 121.766357421875 119.790725708008 115.390823364258 115.061798095703 114.584403991699 114.653762817383 119.328056335449 119.185356140137 118.468055725098 118.485877990723 118.498916625977 118.707359313965 117.982292175293 117.896263122559 116.904418945312 111.703422546387 109.405418395996 109.894248962402 111.259094238281 110.698257446289 109.089111328125
125.907768249512 124.756385803223 123.978775024414 129.549850463867 136.860717773438 127.635803222656 125.164077758789 125.321708679199 127.375770568848 127.850234985352 127.558067321777 120.793327331543 119.835975646973 119.784408569336 119.855476379395 119.672660827637 119.134338378906 110.41926574707 112.183883666992 118.699684143066 119.042945861816 117.086860656738 112.42098236084 118.559631347656 119.628074645996 120.059516906738 120.666793823242 117.645294189453 109.007392883301 119.813743591309 118.988418579102 118.706703186035 118.598670959473 117.04271697998 114.272659301758 117.406944274902 117.044013977051 110.90389251709 112.102638244629 116.45972442627 116.727363586426 116.22679901123 115.887435913086 114.727378845215 108.427352905273 110.773101806641 108.191146850586 110.147239685059 108.096199035645 111.023956298828
124.704818725586 122.401214599609 124.613349914551 141.858551025391 151.057540893555 133.447296142578 123.071685791016 122.466995239258 122.788269042969 123.250946044922 122.484489440918 119.037475585938 118.526023864746 117.632865905762 118.422264099121 118.260459899902 117.826103210449 110.607093811035 111.527862548828 117.861793518066 117.620613098145 115.847038269043 111.779724121094 116.283920288086 115.510482788086 112.002311706543 117.952476501465 116.915580749512 113.74796295166 117.530746459961 116.623085021973 116.351219177246 115.36051940918 111.090614318848 116.281669616699 115.568183898926 115.357856750488 110.702011108398 111.607368469238 114.468185424805 113.889999389648 109.641014099121 109.336631774902 109.013824462891 107.937843322754 109.446533203125 106.753311157227 108.75366973877 106.670928955078 109.14427947998
123.334571838379 122.135208129883 130.598907470703 157.662643432617 162.966842651367 145.890075683594 127.097190856934 120.177352905273 119.745567321777 119.782585144043 118.441413879395 117.179489135742 116.496635437012 116.247459411621 117.098297119141 116.644401550293 117.596206665039 116.529396057129 115.804328918457 116.870254516602 116.622917175293 115.963111877441 115.608444213867 115.170463562012 113.121559143066 110.256690979004 109.743934631348 115.669296264648 115.33430480957 109.797561645508 113.589164733887 109.563400268555 113.021751403809 110.193702697754 114.437980651855 114.122367858887 114.421844482422 114.073768615723 113.003852844238 108.692733764648 108.067153930664 105.104370117188 108.057800292969 105.085922241211 108.433959960938 104.715194702148 104.193756103516 104.442245483398 104.642234802246 108.429618835449
111.217155456543 118.138282775879 126.569053649902 145.136840820312 145.105239868164 146.815979003906 141.030975341797 119.452606201172 116.338813781738 115.153907775879 114.709075927734 115.303283691406 116.491851806641 117.553588867188 113.765853881836 115.033065795898 115.763481140137 114.530158996582 113.636947631836 113.427131652832 113.290084838867 111.236297607422 106.802215576172 112.098663330078 111.821678161621 111.871124267578 104.576698303223 107.306480407715 111.984565734863 111.603507995605 110.327911376953 106.29857635498 110.930656433105 109.784149169922 109.787521362305 109.200080871582 106.088897705078 106.25309753418 109.065017700195 105.190414428711 106.448608398438 107.318687438965 108.7451171875 102.242942810059 105.727561950684 109.338829040527 105.748039245605 -9999 102.031967163086 106.984107971191
109.408668518066 115.741264343262 121.686042785645 138.75505065918 147.7275390625 155.540969848633 146.504989624023 123.241424560547 116.313446044922 114.227096557617 115.269477844238 120.971694946289 116.76326751709 118.763191223145 113.04906463623 114.205932617188 112.651237487793 104.592620849609 105.386901855469 109.966781616211 103.792007446289 102.620719909668 100.278503417969 110.308288574219 110.433456420898 109.318504333496 104.824188232422 109.45645904541 108.425872802734 104.164924621582 108.423446655273 105.383399963379 109.424255371094 109.284790039062 108.557250976562 107.137336730957 100.168228149414 108.034591674805 106.476104736328 100.426666259766 103.465805053711 103.512680053711 102.980728149414 100.257545471191 103.893249511719 103.586761474609 102.999305725098 104.578857421875 104.348327636719 105.977897644043
114.687324523926 114.177391052246 115.833557128906 131.298187255859 141.481170654297 158.692260742188 164.289169311523 134.856231689453 116.42505645752 114.425148010254 121.006851196289 123.544647216797 113.96849822998 114.726226806641 112.013175964355 113.918739318848 115.368301391602 104.520355224609 105.174766540527 108.065299987793 103.010955810547 102.903587341309 102.585296630859 101.029960632324 101.300857543945 101.796157836914 108.20223236084 108.199638366699 107.087203979492 103.773338317871 107.327011108398 107.035537719727 107.455169677734 107.720993041992 107.488914489746 106.843406677246 102.585151672363 106.912178039551 105.89274597168 102.278244018555 98.6207809448242 102.617477416992 102.869819641113 103.454399108887 105.391487121582 102.884338378906 102.41960144043 101.967460632324 105.945472717285 104.240501403809
114.341453552246 112.702667236328 112.132690429688 132.657302856445 141.832382202148 155.092697143555 158.972900390625 129.888061523438 113.998588562012 113.830139160156 120.097091674805 116.275611877441 110.892158508301 110.695213317871 104.355422973633 112.014144897461 115.084632873535 111.856658935547 108.695907592773 107.408714294434 107.653244018555 107.28736114502 105.981231689453 100.781372070312 100.140899658203 101.685974121094 106.66618347168 106.25545501709 106.237510681152 106.057388305664 105.628616333008 105.70475769043 105.93138885498 105.534362792969 105.939552307129 105.228576660156 101.659194946289 105.150505065918 101.635627746582 104.308532714844 97.1632690429688 100.98770904541 105.021369934082 104.228530883789 104.240371704102 104.430839538574 103.390350341797 100.798156738281 104.186782836914 103.341285705566
112.997428894043 111.350151062012 110.75862121582 126.753784179688 134.058029174805 140.653564453125 143.171585083008 123.171325683594 109.650032043457 104.917098999023 113.027221679688 110.47380065918 109.585494995117 109.502799987793 104.090545654297 108.897987365723 109.565483093262 109.193473815918 106.871971130371 106.384216308594 105.493995666504 105.519493103027 105.581886291504 105.317626953125 104.614593505859 104.937591552734 105.138984680176 104.571113586426 104.756446838379 104.471031188965 104.882865905762 105.193435668945 105.024887084961 104.778793334961 105.180290222168 104.82048034668 101.36930847168 98.8924942016602 96.3177642822266 99.5307388305664 99.1947937011719 96.5589447021484 102.848670959473 101.647674560547 98.9518356323242 101.741744995117 98.7169189453125 102.264831542969 98.7221527099609 102.759941101074
