rcp8.5models/GFDL_CM3/sc1gr4.36
NCOLS 261 
NROWS 433 
XLLCORNER 336357.134 
YLLCORNER 654653.479 
CELLSIZE 1000 
NODATA_value -3.4e+38 
[rows 176 to 197 of 433, columns 147 to 195 of 261]
306.264465332031 306.852447509766 306.862915039062 306.763885498047 307.1611328125 307.592926025391 307.361663818359 307.855560302734 308.446166992188 309.385559082031 309.898895263672 310.097045898438 310.542724609375 310.270080566406 310.720092773438 310.729095458984 310.935729980469 311.464599609375 312.058807373047 312.072967529297 312.106842041016 312.254516601562 312.797210693359 312.786437988281 312.813720703125 313.157867431641 313.574829101562 313.661468505859 314.006805419922 314.164611816406 314.326385498047 314.738616943359 314.739166259766 314.60791015625 314.786590576172 314.840148925781 314.807800292969 314.708587646484 314.543609619141 314.723541259766 314.889251708984 314.869354248047 314.930541992188 315.125 315.468536376953 315.672119140625 315.699279785156 -3.4e+38 315.780883789062
306.219543457031 306.879608154297 307.269622802734 307.344665527344 307.418365478516 307.950836181641 307.858856201172 307.421142578125 307.426818847656 309.228942871094 309.753936767578 309.877532958984 310.031890869141 310.023071289062 310.399597167969 310.781494140625 310.98681640625 311.322875976562 311.771392822266 311.991149902344 311.941131591797 312.128356933594 312.678924560547 312.351959228516 312.596160888672 313.224914550781 313.539764404297 313.691925048828 314.154907226562 314.011901855469 314.0888671875 314.569091796875 314.425811767578 314.244079589844 314.480255126953 314.567687988281 314.757995605469 314.764617919922 314.576110839844 314.593841552734 314.834045410156 314.793884277344 314.797821044922 315.023834228516 315.157073974609 315.630065917969 315.633209228516 315.753936767578 315.769775390625
305.852325439453 306.362274169922 306.801422119141 307.026062011719 307.827056884766 308.239440917969 -3.4e+38 307.569091796875 307.558715820312 308.924713134766 309.334838867188 309.793518066406 309.880004882812 310.030731201172 310.516235351562 310.856018066406 310.905456542969 311.041198730469 311.439819335938 312.00244140625 312.058349609375 312.10400390625 313.022735595703 312.861846923828 313.188018798828 313.561187744141 313.561767578125 313.636444091797 313.828552246094 313.739013671875 313.801330566406 314.006896972656 313.931884765625 313.901947021484 314.248657226562 314.545227050781 314.743072509766 314.818145751953 314.765289306641 314.703643798828 314.758850097656 314.614196777344 314.601257324219 314.851348876953 315.041015625 315.571105957031 -3.4e+38 315.645568847656 315.663940429688
305.356872558594 305.716003417969 305.598754882812 306.030822753906 307.740142822266 308.498870849609 308.420074462891 308.124053955078 308.356506347656 308.580017089844 308.757629394531 309.756713867188 309.642761230469 310.053436279297 310.663024902344 310.831665039062 310.915100097656 311.355651855469 311.790832519531 312.031524658203 312.265106201172 312.448791503906 313.200378417969 313.247772216797 313.433837890625 313.491302490234 313.578002929688 313.578674316406 313.581970214844 313.626068115234 313.624816894531 313.685424804688 313.742309570312 313.738342285156 314.103698730469 314.680603027344 314.642211914062 314.616790771484 314.7626953125 314.723571777344 314.579010009766 314.444610595703 314.421417236328 314.647766113281 314.856689453125 315.264831542969 315.473449707031 315.457427978516 315.2607421875
304.978790283203 305.115631103516 305.214691162109 306.182983398438 307.381744384766 308.508972167969 308.604736328125 308.571014404297 308.612060546875 308.673858642578 308.683959960938 309.502227783203 309.680999755859 309.883544921875 310.279876708984 310.687438964844 311.003570556641 311.696136474609 312.118255615234 312.092926025391 312.269348144531 312.445831298828 312.907836914062 313.1181640625 312.860626220703 313.070465087891 313.380462646484 313.014251708984 313.170043945312 313.499176025391 313.443084716797 313.582855224609 313.729461669922 313.725128173828 313.802886962891 314.152160644531 314.218353271484 314.393951416016 314.754211425781 314.661834716797 314.475982666016 314.3828125 314.285308837891 314.567474365234 314.826080322266 315.001953125 315.122955322266 315.094055175781 314.945220947266
305.425170898438 305.078247070312 304.992980957031 306.654174804688 307.116302490234 308.058654785156 308.591644287109 308.841583251953 308.895416259766 309.036743164062 308.829284667969 309.182769775391 309.929962158203 309.998352050781 310.493072509766 310.647491455078 310.873046875 311.320617675781 311.883331298828 312.091949462891 312.148010253906 312.234619140625 312.378479003906 312.668090820312 312.449157714844 312.700927734375 313.096313476562 312.559631347656 312.692413330078 312.988525390625 313.061584472656 313.384216308594 313.660614013672 313.74853515625 313.727508544922 313.781463623047 313.981903076172 314.407775878906 314.679565429688 314.468841552734 314.216125488281 314.205383300781 314.401641845703 314.557403564453 314.726043701172 314.722137451172 314.849945068359 314.879760742188 314.824401855469
305.890594482422 305.135528564453 304.218536376953 306.292266845703 306.507720947266 307.421600341797 308.287658691406 308.724304199219 309.136840820312 309.190063476562 308.876434326172 309.007904052734 309.972869873047 310.20703125 310.723754882812 310.706726074219 310.944427490234 311.373260498047 311.860015869141 311.854339599609 311.844177246094 312.072479248047 312.226593017578 -3.4e+38 312.320343017578 312.6044921875 312.71826171875 312.635894775391 312.571166992188 312.569702148438 312.734771728516 313.088653564453 313.542907714844 313.706237792969 313.793243408203 313.853302001953 314.085235595703 314.396270751953 314.440093994141 314.377960205078 314.123992919922 314.060882568359 314.514587402344 314.542327880859 314.570129394531 314.662536621094 314.648803710938 314.773742675781 314.7705078125
305.999969482422 304.824615478516 -3.4e+38 305.968536376953 306.091033935547 307.09033203125 308.599151611328 308.860321044922 309.069427490234 -3.4e+38 308.942596435547 309.042846679688 309.801300048828 310.025268554688 310.288116455078 310.7626953125 310.962463378906 311.422027587891 311.661773681641 311.474792480469 311.663055419922 312.027770996094 311.811248779297 311.968017578125 312.120849609375 312.536590576172 312.421783447266 312.341369628906 312.324279785156 312.419464111328 312.587371826172 312.77880859375 313.182006835938 313.400482177734 313.546203613281 313.935638427734 314.112518310547 314.103363037109 314.314056396484 314.330413818359 314.151733398438 314.052001953125 314.472686767578 314.475006103516 314.528137207031 314.625152587891 314.632995605469 314.731964111328 314.728057861328
306.491149902344 305.878753662109 305.194793701172 306.156311035156 306.175354003906 307.239898681641 308.599975585938 -3.4e+38 -3.4e+38 308.987579345703 309.079345703125 309.235443115234 309.489501953125 309.613647460938 310.074096679688 310.735961914062 310.852691650391 310.968200683594 311.045043945312 311.140899658203 311.708160400391 311.970642089844 311.453491210938 311.509063720703 311.823486328125 312.411346435547 312.205047607422 311.782257080078 311.929260253906 312.306243896484 312.588500976562 312.823883056641 313.254943847656 313.005462646484 313.223907470703 313.881896972656 313.948699951172 313.922332763672 314.142395019531 314.062866210938 314.076690673828 314.220336914062 314.470825195312 314.478302001953 314.526611328125 314.528625488281 314.36669921875 314.094360351562 314.374694824219
306.749694824219 306.858551025391 306.961486816406 307.20361328125 307.727172851562 308.155883789062 308.496978759766 -3.4e+38 -3.4e+38 309.002838134766 309.6533203125 309.566558837891 309.782409667969 309.735382080078 310.002777099609 310.453735351562 310.276428222656 310.199676513672 310.370880126953 310.776550292969 311.085754394531 311.172210693359 311.327697753906 311.443389892578 311.289031982422 311.315856933594 311.368530273438 311.667938232422 312.274353027344 312.622406005859 312.709716796875 312.737213134766 312.950012207031 313.111877441406 313.602447509766 313.590118408203 313.812103271484 313.872619628906 313.927307128906 313.922668457031 314.051940917969 314.241668701172 314.361175537109 314.368530273438 314.477478027344 314.152313232422 313.897827148438 314.192169189453 314.676849365234
306.798767089844 307.216888427734 307.154632568359 307.094757080078 307.777770996094 308.239044189453 308.676513671875 -3.4e+38 -3.4e+38 309.034118652344 309.649475097656 309.737243652344 309.995086669922 310.163757324219 310.287750244141 310.606414794922 310.661163330078 310.341674804688 310.346527099609 310.59423828125 310.954223632812 310.970031738281 311.636047363281 311.888336181641 311.825378417969 311.852478027344 311.879699707031 311.984466552734 312.295593261719 312.607025146484 312.841491699219 313.199951171875 313.418212890625 313.383331298828 313.687469482422 313.774871826172 313.802825927734 313.889831542969 313.999053955078 313.979034423828 313.974334716797 314.095764160156 314.330749511719 314.207275390625 314.203002929688 313.976593017578 313.789306640625 313.883758544922 314.281097412109
306.800964355469 307.043640136719 307.005798339844 307.094146728516 307.851196289062 308.049560546875 308.286041259766 -3.4e+38 -3.4e+38 309.09814453125 309.689208984375 309.655120849609 309.923156738281 310.150695800781 310.358032226562 310.610168457031 310.854705810547 310.835693359375 310.699798583984 310.699890136719 310.877868652344 310.8232421875 311.615173339844 312.040161132812 312.177459716797 312.266235351562 312.413696289062 312.44091796875 312.494140625 312.727996826172 313.153625488281 313.425903320312 313.562561035156 313.574829101562 313.656585693359 313.705963134766 313.728820800781 313.696838378906 313.865142822266 313.919830322266 313.894836425781 314.014282226562 314.165496826172 314.097503662109 314.019073486328 314.193634033203 313.996185302734 313.863861083984 314.176361083984
305.904632568359 306.631164550781 -3.4e+38 307.533050537109 307.866973876953 307.861633300781 307.899841308594 -3.4e+38 -3.4e+38 309.028259277344 309.437164306641 309.697540283203 309.95556640625 309.947052001953 310.274475097656 310.610504150391 310.741943359375 310.824737548828 310.739013671875 310.76513671875 310.851898193359 310.974334716797 311.670715332031 312.044006347656 312.00048828125 312.140563964844 312.4189453125 312.599578857422 312.869537353516 313.021423339844 313.156860351562 313.337310791016 313.199768066406 313.559448242188 313.642059326172 313.707183837891 313.666717529297 313.537658691406 313.765228271484 313.9013671875 313.848815917969 313.925201416016 313.980194091797 314.128997802734 314.287353515625 314.161315917969 314.027801513672 314.073211669922 314.452484130859
305.254638671875 305.751251220703 306.756164550781 307.831359863281 307.825988769531 307.763275146484 307.759368896484 -3.4e+38 -3.4e+38 308.571655273438 309.098693847656 309.622375488281 309.865234375 310.107208251953 310.410278320312 310.680023193359 310.791778564453 310.813690185547 310.728057861328 310.874786376953 311.194427490234 311.352478027344 312.042877197266 312.169647216797 312.034759521484 312.085327148438 312.325927734375 312.393432617188 312.895416259766 313.160980224609 -3.4e+38 313.022705078125 312.873352050781 313.257446289062 313.637298583984 313.654724121094 313.597869873047 313.560455322266 313.744140625 313.723815917969 313.769104003906 313.948822021484 314.003570556641 314.052886962891 314.224182128906 313.924102783203 313.796600341797 314.074584960938 314.419311523438
305.065277099609 305.512817382812 306.815856933594 307.881408691406 307.789794921875 307.699340820312 307.752105712891 308.036010742188 308.367492675781 308.411560058594 309.046325683594 309.326202392578 309.481781005859 310.014739990234 310.378845214844 310.634124755859 310.679809570312 310.741729736328 310.777069091797 311.085784912109 311.436401367188 311.518585205078 312.122131347656 312.089569091797 312.185974121094 312.189880371094 312.25927734375 312.216156005859 312.684204101562 313.092712402344 313.053039550781 312.763061523438 312.790924072266 313.3857421875 313.586395263672 -3.4e+38 313.448059082031 313.420928955078 313.525695800781 313.516479492188 313.695892333984 313.992523193359 313.983093261719 313.963623046875 313.859558105469 313.538543701172 313.492645263672 313.928863525391 314.316528320312
304.391723632812 305.626922607422 306.743530273438 307.220825195312 307.3701171875 307.778045654297 307.652679443359 307.583374023438 308.088073730469 308.224029541016 308.540557861328 309.015502929688 309.355682373047 310.035095214844 310.235626220703 310.512084960938 310.571563720703 310.770416259766 310.846893310547 311.055358886719 311.304351806641 311.507720947266 311.939880371094 311.917175292969 312.106231689453 312.253845214844 312.255493164062 312.315551757812 312.580505371094 312.757476806641 312.764465332031 312.7529296875 312.780883789062 313.372436523438 313.428649902344 312.978668212891 313.061340332031 313.164611816406 313.273620605469 313.231628417969 313.339416503906 313.485687255859 313.596862792969 313.763397216797 313.441101074219 313.261688232422 313.574310302734 313.95556640625 314.104949951172
304.207855224609 304.927947998047 306.205749511719 306.689605712891 307.019500732422 307.639678955078 306.998016357422 306.869354248047 307.718658447266 307.967926025391 308.074035644531 309.082580566406 309.452209472656 309.905059814453 309.956939697266 310.357421875 310.616271972656 310.714599609375 310.740051269531 311.003295898438 311.343231201172 311.557220458984 311.889190673828 312.006408691406 311.993957519531 312.123077392578 312.270660400391 312.354949951172 312.492523193359 312.520294189453 312.605346679688 312.711334228516 312.711059570312 312.957885742188 313.042694091797 312.748779296875 312.927124023438 313.176177978516 313.249298095703 313.083618164062 312.966522216797 313.054412841797 313.254852294922 313.448516845703 313.12841796875 313.329071044922 313.639709472656 313.810180664062 313.791564941406
303.329071044922 305.100738525391 305.929290771484 306.723876953125 306.930419921875 307.053405761719 306.531524658203 306.232421875 307.078430175781 307.951141357422 308.003173828125 309.161407470703 309.410247802734 309.513763427734 309.710906982422 310.18115234375 310.207611083984 310.419006347656 310.718475341797 310.891784667969 311.186859130859 311.415557861328 311.80810546875 312.031951904297 312.073089599609 312.072082519531 312.260070800781 312.3134765625 312.422149658203 312.540985107422 312.623504638672 312.584045410156 312.591644287109 312.81689453125 312.818969726562 312.824523925781 312.95458984375 313.080780029297 313.173553466797 313.176940917969 312.967742919922 312.979705810547 313.008056640625 313.132598876953 312.952819824219 313.473907470703 313.483612060547 313.427154541016 313.541595458984
302.518829345703 305.180297851562 305.721374511719 306.276519775391 306.758239746094 306.649475097656 306.072540283203 305.51025390625 306.579040527344 307.5810546875 307.755310058594 308.855743408203 309.167907714844 309.341247558594 309.826354980469 310.154022216797 310.203277587891 310.437042236328 310.66259765625 310.724090576172 310.887176513672 311.222229003906 311.665313720703 311.824615478516 312.048522949219 312.140899658203 312.220153808594 312.337005615234 312.361633300781 312.494201660156 312.486145019531 312.438385009766 312.531707763672 312.806701660156 312.835052490234 312.863464355469 312.891937255859 312.920501708984 313.001831054688 313.074951171875 313.006378173828 312.982086181641 312.902099609375 312.757232666016 312.636810302734 313.29443359375 313.276672363281 313.35546875 313.364654541016
303.635772705078 304.684875488281 305.191986083984 305.733032226562 306.092376708984 306.072174072266 305.353759765625 304.977508544922 306.700653076172 307.046630859375 307.465911865234 308.762847900391 309.09228515625 309.454956054688 309.882568359375 310.131713867188 310.374603271484 310.579498291016 310.519439697266 310.657073974609 310.825439453125 311.004577636719 311.448120117188 311.681671142578 311.810729980469 311.913299560547 312.003448486328 312.287384033203 312.410858154297 312.462921142578 312.441040039062 312.43798828125 312.458526611328 312.796417236328 312.793182373047 312.762023925781 312.822357177734 312.878479003906 312.687164306641 312.611450195312 312.996459960938 313.025238037109 312.838317871094 312.394012451172 312.456298828125 313.116363525391 313.269409179688 313.393463134766 -3.4e+38
304.555816650391 305.308624267578 305.587890625 305.715698242188 -3.4e+38 305.439147949219 304.721588134766 304.849487304688 306.67578125 306.865692138672 307.861206054688 308.709869384766 309.029754638672 309.217590332031 309.449645996094 309.783203125 310.194458007812 310.499694824219 310.638092041016 310.609680175781 310.575775146484 310.709320068359 310.925598144531 310.962615966797 311.116668701172 311.524566650391 311.909301757812 312.018188476562 312.0751953125 312.043304443359 311.988494873047 311.960998535156 312.313323974609 312.60888671875 312.637420654297 312.666015625 312.694641113281 312.464569091797 312.010162353516 312.138732910156 -3.4e+38 312.41259765625 312.329864501953 312.084533691406 312.334777832031 312.792358398438 312.774871826172 313.127227783203 313.337219238281
304.622741699219 305.101501464844 305.465026855469 -3.4e+38 -3.4e+38 -3.4e+38 304.926513671875 305.431518554688 306.603454589844 306.840850830078 307.967346191406 308.281768798828 308.785217285156 309.102966308594 309.433227539062 309.673065185547 309.971069335938 310.338165283203 310.445007324219 310.628173828125 310.604156494141 310.626556396484 310.731811523438 310.780517578125 310.964599609375 311.181762695312 311.662109375 311.866363525391 311.947875976562 311.896789550781 311.958862304688 311.906127929688 311.978820800781 312.359924316406 312.658386230469 -3.4e+38 312.525848388672 312.151611328125 -3.4e+38 311.922210693359 311.815246582031 -3.4e+38 311.884490966797 311.701812744141 312.209381103516 312.825225830078 312.994964599609 313.143249511719 313.041778564453
