rcp8.5models/GFDL_CM3/sc1gr3.14
NCOLS 261 
NROWS 433 
XLLCORNER 336357.134 
YLLCORNER 654653.479 
CELLSIZE 1000 
NODATA_value -3.4e+38 
[rows 352 to 373 of 433, columns 49 to 97 of 261]
279.944458007812 280.565032958984 281.079650878906 281.050415039062 280.989807128906 280.896209716797 280.914764404297 280.564697265625 280.747436523438 280.704467773438 280.421844482422 280.697296142578 280.689239501953 280.635284423828 280.827362060547 280.757720947266 280.682586669922 280.494140625 278.846984863281 279.930725097656 280.416351318359 280.024993896484 280.049926757812 280.184417724609 280.192535400391 277.892242431641 278.229217529297 276.730285644531 274.606384277344 275.197814941406 274.155426025391 272.786407470703 269.129821777344 265.144256591797 264.894866943359 269.412719726562 275.189422607422 275.746643066406 275.537139892578 270.850036621094 259.987670898438 272.516784667969 278.256164550781 278.693511962891 278.765899658203 278.909484863281 279.551818847656 278.635040283203 276.725799560547
280.372772216797 280.598236083984 280.916900634766 280.871948242188 280.901763916016 280.959075927734 280.951080322266 280.250762939453 280.271026611328 280.464538574219 280.614379882812 280.662017822266 280.701446533203 280.618194580078 280.567077636719 280.421630859375 280.410095214844 280.392059326172 279.685852050781 280.533813476562 280.311798095703 280.116424560547 279.606781005859 279.748443603516 280.214935302734 279.727874755859 279.45556640625 279.830413818359 279.825897216797 275.580749511719 273.690704345703 273.811401367188 273.740783691406 268.587249755859 264.051239013672 265.549499511719 271.268646240234 275.860961914062 277.246704101562 273.617431640625 261.886566162109 266.188781738281 274.760284423828 278.346771240234 277.795349121094 277.50244140625 279.155395507812 279.766662597656 276.763671875
280.281158447266 280.482452392578 280.839508056641 280.881622314453 280.865020751953 280.967590332031 280.977111816406 280.609161376953 280.533111572266 280.677703857422 280.726348876953 280.508666992188 280.560852050781 280.601837158203 280.315948486328 280.217071533203 280.184814453125 280.405151367188 279.681610107422 279.985961914062 280.112091064453 280.170654296875 279.914794921875 278.964385986328 278.864837646484 279.690368652344 279.871765136719 279.548522949219 279.545928955078 274.841613769531 272.699920654297 274.455322265625 275.223815917969 269.931884765625 264.198760986328 262.885559082031 264.696868896484 270.570404052734 275.978210449219 274.928039550781 267.094573974609 254.792465209961 267.010681152344 276.626037597656 278.751739501953 275.904205322266 276.153228759766 279.149688720703 277.272064208984
279.941345214844 280.392333984375 280.722991943359 280.779296875 280.733489990234 280.802520751953 280.907684326172 280.824310302734 280.773284912109 280.744110107422 280.735778808594 280.401794433594 280.207763671875 280.545318603516 280.609405517578 280.274291992188 279.861328125 280.210632324219 278.027008056641 278.649078369141 280.300384521484 280.110137939453 280.269378662109 279.310180664062 279.005828857422 279.811798095703 280.110931396484 279.492797851562 279.502716064453 278.073425292969 274.919921875 276.012145996094 277.410491943359 274.313201904297 271.94921875 265.303833007812 260.805023193359 264.074005126953 270.3681640625 274.98583984375 271.527679443359 249.486312866211 254.576446533203 267.987976074219 276.690124511719 275.353881835938 273.369140625 275.482757568359 276.507019042969
280.297393798828 280.469757080078 280.709777832031 280.703033447266 280.719635009766 280.347351074219 279.853179931641 280.901275634766 280.536041259766 280.273559570312 279.807434082031 280.078430175781 280.017517089844 280.070190429688 280.260620117188 279.488311767578 279.430786132812 279.638244628906 277.627563476562 278.448211669922 280.100402832031 278.978912353516 278.113128662109 278.582946777344 279.639678955078 279.485107421875 279.704650878906 279.915740966797 279.768493652344 279.461608886719 276.926330566406 275.539947509766 274.973419189453 273.686004638672 274.454833984375 271.577453613281 267.427307128906 266.455139160156 268.461761474609 274.074005126953 275.372741699219 255.910034179688 249.91748046875 258.507690429688 270.264465332031 273.684020996094 271.657135009766 271.128967285156 273.787628173828
281.701354980469 281.072296142578 280.421905517578 280.533172607422 280.681579589844 280.081756591797 279.154388427734 280.8759765625 280.448944091797 280.246246337891 280.119750976562 280.390014648438 280.081909179688 278.079803466797 278.706176757812 279.123565673828 278.391693115234 278.995819091797 278.384521484375 278.560119628906 279.002502441406 279.149200439453 275.680511474609 276.539245605469 279.357269287109 276.685302734375 277.647705078125 280.053405761719 279.845947265625 280.012847900391 276.366851806641 271.794952392578 270.218017578125 269.195617675781 271.240112304688 272.968475341797 271.739471435547 269.307586669922 268.012512207031 270.712982177734 273.758819580078 266.871276855469 255.523895263672 252.69889831543 260.704650878906 268.961608886719 272.353057861328 271.467468261719 272.381927490234
282.520812988281 281.113220214844 280.032348632812 280.039520263672 280.457794189453 280.081298828125 279.477203369141 280.226745605469 280.085296630859 280.174865722656 280.679473876953 279.856262207031 278.821929931641 278.040191650391 276.651153564453 276.688568115234 276.083435058594 276.330657958984 277.675933837891 279.290588378906 277.911499023438 278.725219726562 274.844848632812 275.921478271484 278.646453857422 275.858154296875 277.467529296875 279.986511230469 279.952362060547 279.966522216797 277.758361816406 270.378265380859 267.190368652344 267.911407470703 269.335510253906 270.548187255859 270.727325439453 269.310760498047 266.401916503906 266.505432128906 266.561584472656 271.7578125 262.4755859375 250.660003662109 252.121932983398 261.850799560547 270.894744873047 274.029449462891 272.749816894531
282.302947998047 280.663848876953 279.862823486328 280.1767578125 279.869659423828 279.724761962891 279.045745849609 279.887878417969 280.023529052734 280.455657958984 280.487731933594 277.576477050781 274.985870361328 277.926788330078 275.975769042969 273.504364013672 273.966705322266 274.653503417969 278.920257568359 280.183502197266 279.01318359375 278.989166259766 277.755401611328 278.102355957031 278.677307128906 275.625122070312 274.516174316406 277.911041259766 280.075012207031 279.772125244141 279.901123046875 274.235504150391 268.144958496094 267.575988769531 268.319854736328 268.638427734375 270.347839355469 269.240234375 263.546295166016 263.601806640625 263.831939697266 268.092224121094 267.388946533203 257.961242675781 254.078628540039 255.560836791992 262.693115234375 271.806030273438 274.287628173828
282.217437744141 281.444671630859 280.807739257812 280.159515380859 279.43310546875 279.315368652344 279.274658203125 280.331573486328 280.063201904297 278.704010009766 276.860382080078 275.511352539062 274.990081787109 275.1962890625 275.204040527344 272.962310791016 272.763671875 274.536010742188 274.798126220703 277.892242431641 278.840545654297 279.052581787109 276.728393554688 277.025512695312 275.032470703125 273.363159179688 273.870361328125 275.240509033203 277.93896484375 279.044097900391 279.156524658203 277.866149902344 274.204803466797 271.024017333984 271.035888671875 268.879058837891 268.309936523438 269.096801757812 264.872924804688 261.610534667969 263.978759765625 264.132537841797 267.430511474609 268.273742675781 266.882354736328 263.362670898438 260.229583740234 258.737396240234 259.940734863281
282.150695800781 281.973236083984 280.981018066406 280.057556152344 279.347564697266 279.339111328125 279.187255859375 280.040283203125 279.915924072266 279.107330322266 277.084625244141 275.828430175781 275.770446777344 275.9365234375 274.075988769531 275.438293457031 276.157135009766 273.344207763672 275.584136962891 277.065734863281 278.439208984375 278.691955566406 276.799377441406 277.203094482422 275.699615478516 275.313415527344 274.900299072266 274.021301269531 277.23681640625 279.147186279297 278.8916015625 278.733459472656 277.856964111328 274.430969238281 272.370910644531 270.608093261719 267.553894042969 266.101470947266 263.1220703125 260.231994628906 261.039855957031 264.001647949219 265.042358398438 266.199249267578 265.066497802734 263.307495117188 262.612121582031 261.718292236328 257.990631103516
281.578033447266 281.766387939453 281.309936523438 280.322967529297 279.710784912109 279.729125976562 279.61328125 279.785064697266 279.683166503906 279.08154296875 277.789794921875 276.363922119141 274.172760009766 274.169281005859 273.788696289062 276.459136962891 277.454284667969 275.106872558594 277.796569824219 277.902496337891 278.688537597656 279.163757324219 278.917205810547 277.693786621094 277.415893554688 277.282287597656 274.465057373047 274.330291748047 276.813537597656 279.182861328125 278.473175048828 278.923553466797 279.352294921875 275.993499755859 271.959014892578 269.477325439453 267.022735595703 264.876800537109 263.271697998047 261.782775878906 260.333312988281 265.404754638672 264.421478271484 265.483581542969 264.672546386719 262.330047607422 262.18798828125 263.552429199219 262.535308837891
-3.4e+38 281.526214599609 281.919982910156 281.755645751953 280.915191650391 280.077514648438 279.546691894531 279.677795410156 279.272125244141 278.438568115234 277.902252197266 276.537872314453 273.631011962891 272.764709472656 273.910736083984 275.739715576172 276.929138183594 276.255340576172 278.434753417969 279.295623779297 279.211944580078 279.606292724609 278.330444335938 276.349182128906 277.759185791016 277.23876953125 273.774627685547 275.507385253906 277.406494140625 279.281829833984 278.663269042969 277.993347167969 278.479461669922 277.972259521484 275.952453613281 271.819915771484 268.822967529297 265.533233642578 263.992279052734 263.077606201172 261.082122802734 265.422485351562 266.318481445312 265.892333984375 265.302734375 262.916046142578 259.994964599609 261.64990234375 265.305114746094
-3.4e+38 281.319671630859 281.81689453125 282.302307128906 281.115936279297 280.068115234375 279.536529541016 279.259399414062 279.3369140625 278.030609130859 277.51513671875 275.881317138672 274.990417480469 274.298950195312 275.487915039062 275.765197753906 277.479797363281 276.811767578125 277.590301513672 278.588165283203 278.703521728516 279.481994628906 278.302215576172 276.225341796875 276.774353027344 275.728118896484 273.726409912109 276.577239990234 278.670776367188 278.842834472656 279.321044921875 278.056182861328 278.042907714844 278.856506347656 276.443054199219 274.184051513672 272.636901855469 268.523773193359 265.559997558594 264.468627929688 262.931335449219 264.76220703125 267.967498779297 267.463745117188 266.749267578125 265.048767089844 261.821441650391 262.294799804688 265.72021484375
-3.4e+38 281.230041503906 281.176391601562 281.593566894531 280.580291748047 279.916534423828 279.499938964844 279.174194335938 278.989959716797 278.393768310547 277.451599121094 275.160095214844 275.012145996094 276.913360595703 278.494201660156 278.010131835938 278.468444824219 277.349334716797 278.456817626953 278.607543945312 278.556793212891 277.804626464844 278.280883789062 278.509979248047 278.112823486328 274.636779785156 273.024261474609 275.997711181641 278.415130615234 276.222991943359 277.79541015625 278.847991943359 277.751434326172 278.164001464844 276.160583496094 273.174591064453 271.897552490234 270.340362548828 267.582000732422 265.422119140625 264.863433837891 265.517395019531 267.362091064453 268.031890869141 266.708587646484 265.702239990234 265.332366943359 265.195007324219 266.169891357422
-3.4e+38 -3.4e+38 281.151916503906 281.263916015625 280.043579101562 279.305389404297 279.115417480469 279.662933349609 278.979675292969 278.756866455078 278.313201904297 277.293060302734 276.390319824219 277.509735107422 279.144439697266 279.463958740234 279.075073242188 278.442138671875 279.117553710938 278.780212402344 278.880035400391 277.4228515625 278.276824951172 279.340698242188 278.005645751953 276.145385742188 274.754669189453 275.601745605469 277.593536376953 276.835784912109 277.841644287109 279.112823486328 277.546997070312 276.690338134766 277.074981689453 272.776092529297 268.709533691406 270.528869628906 267.767974853516 262.970397949219 262.429992675781 263.669097900391 263.473052978516 267.013610839844 267.392852783203 266.841949462891 266.938659667969 266.855072021484 266.662445068359
-3.4e+38 -3.4e+38 281.111145019531 281.237243652344 279.966979980469 279.003448486328 279.242065429688 279.859497070312 279.154052734375 279.186676025391 278.714782714844 278.619476318359 278.154663085938 278.043182373047 279.052368164062 279.540710449219 279.111328125 278.934722900391 278.103179931641 276.511199951172 277.055023193359 277.178314208984 276.842895507812 278.225555419922 275.511352539062 275.290344238281 274.980804443359 273.84619140625 276.513671875 278.750030517578 278.878875732422 279.230560302734 278.445709228516 276.907257080078 276.272918701172 273.620574951172 268.097259521484 267.196472167969 266.567291259766 262.767211914062 259.401031494141 262.780426025391 261.277954101562 264.277954101562 266.742614746094 267.056823730469 266.663635253906 266.864868164062 266.470611572266
-3.4e+38 -3.4e+38 281.058563232422 281.015502929688 279.544677734375 279.244903564453 279.659057617188 279.636749267578 279.202545166016 279.461608886719 279.0380859375 278.720642089844 278.697326660156 278.627990722656 278.877136230469 278.981048583984 279.074127197266 279.30419921875 276.808685302734 274.487182617188 274.654296875 274.989471435547 274.189971923828 276.998657226562 275.659576416016 273.895751953125 274.418518066406 272.951477050781 274.699493408203 278.628356933594 278.731658935547 278.990966796875 278.745300292969 276.955688476562 272.819396972656 270.097869873047 267.167449951172 265.548278808594 265.264526367188 263.952026367188 259.378051757812 261.936706542969 261.165374755859 262.948059082031 264.041473388672 264.671600341797 266.453552246094 266.595428466797 264.883880615234
-3.4e+38 -3.4e+38 281.408477783203 280.574066162109 280.274566650391 279.869171142578 279.909332275391 279.360595703125 279.080841064453 279.160675048828 279.314422607422 277.136016845703 278.044403076172 279.287506103516 279.208068847656 278.469146728516 278.624481201172 279.097259521484 276.704559326172 273.266174316406 273.018463134766 273.377868652344 273.260955810547 275.291717529297 276.221801757812 273.9013671875 273.699066162109 273.234832763672 272.080688476562 277.750183105469 278.557250976562 278.542694091797 278.529571533203 276.462554931641 271.9013671875 268.533508300781 268.045806884766 268.112823486328 265.205047607422 264.435241699219 262.830963134766 260.079864501953 262.314544677734 262.658294677734 261.787231445312 261.309661865234 263.171295166016 265.823638916016 266.059997558594
-3.4e+38 -3.4e+38 281.190490722656 280.832672119141 281.190795898438 280.238159179688 279.817291259766 279.290649414062 278.970275878906 278.877227783203 279.014892578125 277.904815673828 278.433807373047 279.514526367188 279.640380859375 278.724060058594 278.09619140625 278.100494384766 277.919952392578 274.822479248047 272.710693359375 272.242858886719 274.057830810547 275.780242919922 276.345642089844 275.051879882812 275.043579101562 273.970184326172 269.495849609375 275.183013916016 278.626922607422 278.158721923828 278.423156738281 276.112091064453 272.846069335938 270.922821044922 269.166656494141 268.362701416016 266.644744873047 265.592834472656 265.326812744141 261.642517089844 262.027801513672 259.198028564453 259.259368896484 260.150726318359 259.26171875 263.740203857422 267.04345703125
-3.4e+38 -3.4e+38 281.302185058594 281.287109375 281.270080566406 281.125915527344 280.081756591797 279.319763183594 278.924194335938 279.003753662109 279.135711669922 279.252838134766 279.025482177734 278.868316650391 279.500244140625 279.268676757812 279.352416992188 278.708679199219 278.793792724609 278.105499267578 277.615234375 276.771667480469 275.992980957031 273.859069824219 272.744781494141 276.403015136719 279.162567138672 275.911926269531 271.112121582031 270.907989501953 275.843078613281 277.655670166016 277.830322265625 277.492156982422 275.080413818359 273.190124511719 271.544342041016 270.790252685547 270.492797851562 268.736755371094 267.569427490234 262.348968505859 256.165344238281 255.739517211914 256.539825439453 257.271636962891 260.833740234375 259.624969482422 257.695465087891
-3.4e+38 281.207916259766 281.190490722656 281.241333007812 281.326110839844 280.568084716797 279.5615234375 279.262786865234 278.824920654297 278.780242919922 278.705963134766 278.923248291016 278.885986328125 279.055206298828 279.173095703125 279.282165527344 279.572326660156 279.393676757812 277.476654052734 277.171600341797 278.103393554688 278.030426025391 275.53759765625 274.242156982422 275.411926269531 277.695648193359 278.908966064453 275.908508300781 271.594787597656 267.200256347656 270.701232910156 274.901245117188 277.009094238281 276.664276123047 275.252136230469 274.320648193359 272.845123291016 271.632232666016 271.789184570312 271.982299804688 271.128082275391 262.823059082031 259.266082763672 257.278076171875 258.121765136719 255.814590454102 257.615875244141 260.69677734375 259.335113525391
-3.4e+38 281.223724365234 281.286560058594 281.346557617188 281.3935546875 280.792694091797 279.8154296875 279.367950439453 278.901672363281 278.614501953125 278.646850585938 279.050994873047 278.932495117188 279.256561279297 279.403503417969 279.185424804688 278.37890625 278.760864257812 275.963500976562 274.487213134766 274.368927001953 275.414306640625 275.689727783203 275.615386962891 277.581481933594 278.777709960938 278.664154052734 277.106567382812 271.601745605469 265.109069824219 266.22265625 272.517761230469 277.431396484375 277.516906738281 276.067901611328 274.419525146484 273.408813476562 272.803009033203 273.241363525391 273.096862792969 271.854034423828 263.316345214844 263.144409179688 260.007110595703 258.172698974609 256.788726806641 252.893035888672 254.834503173828 260.051788330078
