rcp8.5models/GFDL_CM3/sc1gr4.7
NCOLS 261 
NROWS 433 
XLLCORNER 336357.134 
YLLCORNER 654653.479 
CELLSIZE 1000 
NODATA_value -9999 
[rows 264 to 285 of 433, columns 200 to 249 of 261]
295.762804547344 297.128745573657 298.006475054514 297.217286149327 297.84900860485 297.235471926157 292.544810725941 282.875006396253 283.771237253532 283.019888734887 280.615420526585 278.85943295701 286.43079731435 286.974282484587 282.748852899479 283.265896932504 283.471653292337 282.059150851194 279.463417061253 279.921761384405 282.607790618238 283.235561103612 282.926870888954 282.827845737925 284.304136199951 284.844026559831 280.922611888398 281.823667038405 -9999 -9999 285.179754761015 285.442923799213 285.412397110779 285.459759742377 285.425940286833 285.461991209684 285.323842133813 285.627297510474 285.598972497237 285.792893643464 286.231718510345 286.47434727034 286.149880619951 286.132687511154 286.13149476126 286.617491290518 286.58537478666 286.474215139972 286.34044165708 286.508124663488
295.905166290511 297.458558765686 297.553377618293 296.411719558919 297.078262147695 296.705581219595 293.962171034573 287.567145385608 283.462170946093 284.36822162155 285.598944117801 281.389443149714 285.468170906481 284.930385054193 282.810359056704 283.221131548993 282.85635166037 282.045119660955 280.564633857028 282.800387657424 283.253256745526 283.550111516508 283.474026542812 284.053129400412 284.53345234683 284.678274881768 284.848666411346 284.877178224841 284.619429372227 284.671210853711 284.975127656846 284.915926256504 285.195842997236 285.297049054152 284.830284845691 285.008297199818 285.321864430154 285.589889007462 285.476349999969 285.6006747598 286.0265703961 286.080658321451 285.677139250308 285.709984451373 286.027521781865 286.22675804413 286.249209150158 286.12609403204 286.353642929842 286.4597357247
296.715474025676 297.439163072295 296.806249541423 293.046953671867 290.141353692685 293.099455076408 295.952253583556 297.006523914908 297.725031625241 296.412793329354 291.986486124944 286.949153600633 286.66580157496 286.957924802342 282.646263607728 281.970828443587 283.085588759402 285.931886183844 283.007258629395 283.104313383013 282.701458660297 282.646732012991 282.862250133587 281.531069366773 282.888896509402 283.484703384354 284.249950736933 283.745622213904 283.815678264836 283.995556112875 284.341957248156 284.282440572313 284.685714561554 284.849903531378 284.7991200226 284.677253448399 284.891189797856 285.61233060823 285.586073206594 285.599435990241 285.620412665021 285.654676979604 285.64870528085 285.487139783588 285.29988638178 285.698169477124 285.790224580416 285.843067237972 285.892407251262 286.201073899066
296.972805844896 297.111557814535 296.083610646922 292.816452540232 288.795536622721 291.836654108906 296.026697225547 296.848807015243 297.243589369555 292.389896707631 283.891189051865 285.576598979167 288.223818911629 294.529199352467 283.806635655983 282.54426461744 285.768617214774 287.60399614481 282.543669903326 280.757611361192 280.180105568797 282.691945022194 282.953273430078 281.972660615632 282.111061859457 282.707911427144 283.562024118768 282.792946018643 283.06749353799 283.46911241494 284.119160937861 284.323776545163 284.874240010975 285.122289147276 285.313411910206 285.158856430503 285.233249270166 285.709880932396 285.597075449629 285.540539311639 285.519483095547 285.3594181043 285.103042929543 284.88624646499 284.710848458753 285.055400541266 285.74033930711 285.899751897614 285.844960309302 286.063219155452
296.676807217647 296.907609936355 295.096920962901 289.803610792617 288.903631301617 292.476874769613 295.90210583014 296.938746834845 297.160310067093 292.411117881287 281.619168222571 281.519840953006 287.792521640722 297.206726653163 279.768076622839 281.482073894478 287.092620340566 287.701363026027 281.819730819624 280.495962955668 280.013333076362 282.452955785761 283.062884668398 282.186442354045 281.962810735987 282.323820336211 282.696794338011 282.000348118877 282.181971302353 283.243774210668 284.181105841944 284.404678354007 284.512954259126 284.968222566537 285.429469159575 285.255059928645 285.296815747267 285.402548540641 285.203198709127 285.590902740016 285.566845109084 285.424341792205 285.06524694222 284.679889645806 285.184297671451 285.171079843514 285.648238479578 285.871835620542 285.921659452304 285.933375845347
296.518695022865 296.465986356471 293.918480401033 286.455176881663 287.444692100553 291.745234511693 295.289471428303 296.406013292045 296.961570655046 296.184480839583 291.349483925543 289.037743498079 293.142921930996 297.221073008813 280.603950120994 280.674170197004 283.716008422732 286.550138068865 287.092108232788 281.550768357745 281.152594221566 282.139708710624 282.627597147487 281.952801498945 281.301654712844 281.898904375179 281.081557277345 280.013626638512 281.224366127157 283.524340281145 284.29106169121 284.567760918319 284.592284732146 284.941838352155 285.183298633038 285.166256527215 285.227243829101 285.124156456237 284.574311984223 285.074473439577 285.453311910414 285.240263785018 285.297388048982 284.769073851714 285.590362547968 285.479689481017 285.552956714236 285.788032225935 285.987068674559 285.925247420856
296.303522142065 295.936690453597 294.801417063065 286.698903030965 285.614878795586 289.411768150298 295.104217050365 296.040726066514 296.918217252794 297.289311271827 296.517293333172 295.371179893147 296.053746660265 296.647006587532 284.400604700874 278.733956736659 278.246641198968 280.678395564593 286.680806739279 281.231348094936 283.323313644694 289.178836931618 286.749951990057 281.552233318224 281.43994394992 281.372436487586 285.405964990888 284.670826356079 282.522324290443 283.922148621989 284.540569459441 284.888063679431 284.996351405326 285.149082318163 285.246372477221 285.243912411197 285.199690150807 285.096058974744 284.585744266169 284.517093245585 284.921089155439 285.053229068485 284.920202009718 284.748088371687 285.571514031692 285.512989245677 285.661837765387 285.710528766487 286.002776725409 285.995247426481
296.102774661524 295.384961415945 294.469836460178 290.091256440228 285.691489996015 288.595313640498 295.073135810099 296.10576204371 297.054916242317 296.936824009186 295.998619423584 295.965611199439 296.110325007595 296.002478231967 280.278668177132 274.608817704817 271.608674164029 273.492369897503 278.617802556547 280.993122059719 288.557889731524 294.400635107826 290.87290402747 282.076183567875 282.538518222323 281.955237231589 286.128486420972 286.397382898498 284.085936083306 284.3211464891 284.68478005588 285.064221122045 285.081068830708 285.13628432909 285.209530631713 285.103386911656 285.087077658202 284.889736229914 284.577546018505 284.367563595711 284.60333713838 285.224157915706 285.03755202486 284.799382557462 285.552543990335 285.476857230474 285.56937693362 285.547646493191 285.90927379464 286.071177192968
295.592318017411 293.556659818003 287.460546938229 289.117228568882 290.125913545507 290.562329078423 292.179254852032 295.550539017711 296.717405262621 296.614424974712 295.599956416251 295.864208074503 295.833344897367 293.029114280681 283.395716831876 278.513751310328 276.471156761635 272.18741776095 275.97785402804 283.201928086234 293.641399687866 292.143662824887 286.480213299491 282.830739881824 283.033139676753 283.045123868727 283.682159736737 284.235485559435 284.346133272878 284.579714230747 284.665799444394 284.941712310862 284.785036486206 285.026877796275 284.883852583944 284.847511962123 284.881310615585 284.292436974195 284.030118334577 284.374368293561 284.524957314615 284.936112263552 285.44491163008 -9999 285.460664628475 285.447724014915 285.506218614288 285.495240647115 285.840240411368 286.102265777211
292.825796348982 288.296018417996 284.427055873083 283.275187224367 291.983295081383 291.83227299787 292.080289788212 295.079347700156 296.458276503984 296.537712589593 295.383597532046 294.998400377722 295.422830756176 293.537078482342 290.09328741194 285.984703913592 287.954584692277 284.13712592634 287.675042257771 291.679003839619 296.391039326996 294.487034751539 289.046051466436 283.211036683507 283.220837355916 283.283841286598 282.890439415009 283.460899792441 284.168221069764 284.545060196138 284.491340711385 284.378750403399 284.341611564368 284.657440614228 284.436941949185 284.662034211709 284.625173918826 283.867211973413 283.82052941643 284.353335413331 284.634336303422 284.682617032834 285.389330461275 285.502454793967 285.416727148321 285.518832232793 285.536802398503 285.458638408713 285.794660317588 285.853211927591
289.579729249843 283.288143273172 284.549148398593 278.806497053088 289.142616333503 291.887698190499 294.103316123998 295.289491781629 296.142290940947 296.44991938822 295.347081682613 294.310289173118 295.089567047709 295.817628428733 289.193008812355 283.080591929671 286.105136408174 286.671029473639 288.321458837743 288.746110758472 289.773648033017 290.227092090622 289.210698231374 287.923252922639 282.952452780359 282.485034600546 282.553764300551 283.128784602844 284.03189151708 284.267870443771 284.330227675248 283.93938944627 284.134508007016 284.414146610257 284.32440144862 284.233095275042 283.991634513719 283.782717767038 283.935742306232 284.359600794589 284.422175573968 284.476555680071 284.803527299969 285.064444486339 285.049407425654 285.549348790941 285.517397507522 285.429712213149 285.456023706401 285.132226411023
291.368879726377 286.987036124934 283.290291396557 274.965509308377 286.352785110316 288.519889138017 293.566579667437 294.881533974158 295.852641853201 295.955495612277 295.4426989488 294.462375378987 294.723782591614 295.696897713934 289.137939400646 278.711212460972 278.332996148891 278.755338860717 279.553102441879 281.039894043018 281.88808244545 281.880628169281 282.105245330641 286.175786812193 283.039600934818 285.519779022262 283.210514020867 283.838631813235 284.110850185306 284.049860111208 283.808825002158 283.791468821078 283.75910232547 284.076408098456 284.423802470865 283.72176640378 283.243046268411 283.692179423087 283.799428975473 283.837580914906 283.815806772652 284.175272384347 284.777089466475 285.19773928943 285.037176448989 285.015481241456 285.497870420644 285.426848861568 285.362289203942 285.096924969772
294.10252937461 291.100364754369 281.982680497951 275.288945164395 287.508358772164 289.241325631923 292.851207134729 294.761955650167 295.586449218336 294.967666754135 295.38912223134 294.401448683322 293.66911270739 295.270504683606 292.814299550966 286.91981291078 285.016506692242 286.26914524214 285.155605660227 281.840202284297 282.574925923287 283.18474677069 280.507560277581 282.675639813468 282.713406172671 294.092178018234 283.318376407833 283.762451214377 283.616770901769 283.750327386304 283.389605804827 283.386280629968 283.424313497831 283.846318506628 283.826865567372 283.140900651327 282.779267532238 283.692263038842 283.569413248431 283.099508019664 283.367297862091 284.057963133196 285.19826254121 285.486998705082 285.376390745557 285.130144450506 285.404368494994 285.381481187765 285.401341052166 285.360745083032
294.313180637046 291.353923438815 282.481707429481 285.161727369243 291.371868324529 293.207660318209 293.473157419805 295.031723158903 294.897328056847 293.456837343242 295.164519633523 294.681143950324 293.590456410465 294.631229597761 294.345537809689 294.366936624816 293.816771217339 293.432523834461 289.297509701067 284.511005276436 287.285989613778 289.016724297361 283.723705976095 279.85468642807 278.887993195862 292.435865702946 289.911793821304 283.064163684821 282.868974673566 283.169660873766 283.251805100482 283.099971828924 283.420510841149 283.591090663124 283.151381500763 282.652797175438 282.645558841924 283.338111032434 283.292158749779 283.225669611477 283.590436919616 284.205296830806 285.160583820198 285.393968382304 285.478533579261 285.497444070895 285.506752681602 285.418619101129 285.364401270408 285.373998419872
293.024177425316 290.092561107375 281.548985128583 291.99973997131 292.621319368273 293.6405384572 294.319398873714 294.44750442458 293.092332920373 290.977220241233 290.795894313399 293.318811696542 293.23198409847 294.052551139311 293.160211313708 292.486101754084 295.042496091291 293.891400557107 291.977922128921 290.165319711686 290.228024837154 294.274369250818 286.801058156934 283.404713115933 292.654873583892 299.054968323393 298.38285648033 296.848655940768 291.512426558635 289.452072886601 283.632691576773 284.021055330201 -9999 283.426514576004 283.109566527182 283.550636520411 283.784875911838 283.798446330525 283.988498065332 284.069676187114 284.399901603946 284.884435267094 285.248499394884 285.260197678449 285.288726175095 285.37536363614 285.435423565038 285.3713561848 285.423421058363 285.408744485757
290.854040290385 291.842683281313 285.000653124965 288.318640737473 292.417284370764 293.353667412179 294.139852349112 293.66730553716 290.673052611639 284.93561702547 283.434410170725 292.887862904455 293.65810341501 294.44887176536 292.351130461356 289.978106426128 293.911261301912 295.237341305034 294.77850011788 295.271899074497 293.767978240115 -9999 286.31221665944 286.184745702668 297.503988066807 298.887345369095 297.864623599611 298.028750742284 298.522377713063 297.329302526576 290.482642122781 283.677994214567 284.16131713587 284.019554318668 283.477336297815 283.585614160382 284.063066143187 283.9423141691 283.939576786726 284.445226219324 284.669658221567 284.795864140092 284.81294116683 284.872651153583 285.251224563855 285.279151607232 285.348464202068 285.357990029676 285.394625818459 285.463167300513
289.885965449884 290.956657364846 287.543877394169 279.407395966662 286.110691662994 292.963032843853 293.75043401927 293.372813910271 289.341722340329 280.50129170392 279.42576169304 290.590859445844 294.480311359449 294.938442547095 293.210224759439 290.243924545302 291.211204067648 294.95453675968 295.764144735109 -9999 296.470036368303 -9999 285.141238280333 289.701819174742 298.535759865649 298.453255816 297.721229982348 298.027869550522 298.562676591168 299.323864287272 295.699248200136 283.681598420035 284.025072348676 284.142255850474 283.859808736386 283.78097617591 284.29282753159 284.164708967203 283.911097110968 284.160086312796 284.659896720049 284.80018134017 284.572721895749 284.765325080717 285.034412699661 285.093385709823 285.269078011246 285.313870923346 285.298877473364 285.35890351717
290.877883761252 289.375297007013 287.219378133452 273.914153561877 277.606143709836 289.406157550206 292.592947498368 290.22942070988 288.129867218961 283.252599708661 277.767887239066 285.731725645959 294.89139236083 294.960654568697 292.856166743702 289.009529302427 289.704301909484 294.220171339569 295.356497748201 296.101483710264 -9999 -9999 291.604599400801 295.423370873357 297.989468255397 298.02840422547 297.73709057359 298.701794088656 299.011448283718 297.246368189036 -9999 284.02070900541 284.034263467736 -9999 284.173697724611 284.038255251849 284.359392085495 284.350635905982 284.302460663557 284.319352079558 284.670214020024 284.883995561804 284.823544481523 284.865604745558 284.87682932649 284.96940562428 285.23170771896 285.242038051425 285.261807560052 285.295221467067
288.081621804336 290.338372630603 288.610436230008 273.443920746347 276.851590279494 289.14390831721 287.703480779815 278.631691051457 276.938453655761 282.500083795457 285.955451978716 287.118691841176 290.675467861918 295.188119946206 292.560983567143 288.318802139687 290.068553194332 290.620594436626 294.384811341416 296.160088673315 -9999 -9999 296.847368920936 297.159223944953 297.360337648793 298.050397662238 297.827753334587 298.519171091655 298.857016991791 297.561871659403 -9999 283.464486150573 283.538333956296 -9999 -9999 284.414783823113 -9999 284.38518700321 284.492728275181 284.630420806216 284.636057587836 284.644277162896 284.76258082055 284.918729905521 284.856109190497 284.948101321672 285.16310686231 285.071150505799 285.24089582738 285.266294070697
282.362410869193 290.090006458505 288.763557181028 277.63245189035 281.541618458432 290.039386482728 280.70397548829 269.921078731802 264.761262896652 273.855360039997 288.334181758326 291.743667551465 290.840709682489 295.213891565771 293.863865571398 290.788587232638 288.429382266702 286.09852762263 291.002400536828 296.171379295596 296.895507115157 297.250752840545 296.610534182613 296.879258047182 297.620200847353 298.502085483163 298.011158208382 298.50585408317 298.482977351223 299.108884322704 297.741060418128 291.903463761056 290.106617566266 284.187079197568 284.39827890145 284.482757826757 284.390431492404 284.417479548294 284.495998996485 284.682595720046 284.628954192192 284.66203723807 284.748984757972 284.973989945571 284.909468434191 284.879140104987 284.960068301898 284.828343365993 285.319251281647 285.305389283104
279.78657546621 288.04942306465 287.238678448834 283.047811251528 285.683750108777 288.543567437 277.243633754933 266.851825100679 260.675292378093 272.093897256628 285.371138509745 292.830533130787 293.546158099056 295.031481039051 294.569751011086 291.491687814567 286.946366629707 287.80057716279 291.632787591585 296.061850404309 297.011280517306 297.515772472965 296.625886508326 296.903160219709 297.589478542334 298.841845224442 298.163787184746 299.104968676608 298.962411358933 299.277122463737 299.584771876305 299.239877401859 295.270296550511 284.232218239737 284.294720884145 284.427528544183 284.370061236312 284.300790538759 284.372111070114 284.545297598941 284.56923256647 284.80386346049 284.906071733752 284.922540137307 284.792075923417 284.801461011839 284.784136766512 284.77855153569 284.716920685613 284.907732132486
282.005363134153 286.881058724293 286.658745501349 283.62308263757 283.840468334792 279.834396052934 278.320617600605 269.627800066408 266.736880779844 280.175579336583 290.458587735386 293.227015965462 293.648320822423 295.149714389141 294.857977163978 290.950109555583 287.850238307328 293.052203280451 295.26272123348 296.593518543652 297.330989929605 297.544216702247 297.086664635066 296.938197381091 297.74328065491 298.890341481981 298.455751372237 298.716566581755 299.426274207363 299.484634737872 299.708958938317 299.765779245916 295.339875631501 284.069331942744 284.190779522928 284.341511594231 284.373712862941 284.11349958443 284.238183605698 284.61851839393 284.73849250084 284.84958560712 284.769512851444 284.619004491251 -9999 -9999 284.459840999784 284.417358106198 284.652532303274 284.949617371041
