rcp8.5models/GFDL_CM3/sc1gr1.17
NCOLS 261 
NROWS 433 
XLLCORNER 336357.134 
YLLCORNER 654653.479 
CELLSIZE 1000 
NODATA_value -3.4e+38 
[rows 88 to 109 of 433, columns 98 to 146 of 261]
59.8432693481445 60.6379127502441 60.0386581420898 59.967700958252 60.1712455749512 60.2450065612793 60.1369590759277 60.1372528076172 60.8266258239746 60.4370079040527 60.2464714050293 60.0438919067383 59.8230438232422 59.8677825927734 59.8166961669922 59.7442283630371 59.9508666992188 59.5048065185547 59.4932289123535 59.7785224914551 60.3269081115723 60.259464263916 59.8312034606934 59.6669464111328 59.7742385864258 59.5647315979004 59.4347724914551 59.6696701049805 59.479793548584 59.4334716796875 59.4122314453125 59.196117401123 59.0982398986816 59.0877304077148 58.9988403320312 58.9118041992188 59.0212211608887 59.1450881958008 58.9508209228516 58.674243927002 58.6483612060547 58.5532112121582 58.3131256103516 58.6018142700195 58.6080894470215 58.4898223876953 58.6592750549316 58.4037132263184 58.0713386535645
60.0731163024902 61.0342292785645 60.1440849304199 60.145320892334 60.123218536377 60.4925956726074 60.008373260498 59.9543228149414 60.7018089294434 60.7903060913086 60.0064506530762 60.0770797729492 60.0072784423828 60.079029083252 59.9615364074707 59.938777923584 60.340389251709 59.7907295227051 59.9533958435059 59.7459373474121 60.5254554748535 60.353702545166 59.8987579345703 59.911865234375 59.9636116027832 59.6791610717773 59.8058624267578 59.8305816650391 59.6992988586426 59.3491477966309 59.2593765258789 59.4387817382812 59.3636207580566 59.1873359680176 59.0178604125977 59.010440826416 58.823673248291 59.1938323974609 59.0861854553223 58.9455108642578 58.7938995361328 58.8010368347168 58.3617362976074 58.2343254089355 58.3239059448242 58.4089317321777 58.5616836547852 58.3176689147949 58.0911674499512
60.2418556213379 60.4416046142578 60.1002807617188 60.237174987793 60.3693046569824 60.5290908813477 60.0479202270508 60.4432411193848 60.6416168212891 60.2468566894531 59.9006652832031 60.0602378845215 60.2177352905273 60.2591247558594 60.2189025878906 59.981746673584 60.2216606140137 60.2753448486328 60.1700134277344 59.7283401489258 60.08642578125 60.3763771057129 60.2983016967773 60.0100860595703 60.014461517334 59.8856887817383 60.0500259399414 59.5380897521973 59.9462928771973 59.4954414367676 59.288890838623 59.0898590087891 59.13134765625 59.2860412597656 59.2614822387695 59.125244140625 58.9163589477539 59.1955146789551 58.9920120239258 58.8873977661133 59.002254486084 58.8059501647949 58.5532836914062 58.2776947021484 58.3031349182129 58.4489593505859 58.3800239562988 58.439525604248 58.0950469970703
60.4559478759766 60.6808738708496 60.5521469116211 60.8271789550781 60.655330657959 60.6272201538086 60.3859748840332 60.3678398132324 60.714656829834 60.3529853820801 60.6478004455566 60.2957458496094 60.3513031005859 60.2983360290527 60.4141845703125 60.2245941162109 60.286678314209 59.9808769226074 60.2241058349609 60.5622291564941 60.3451805114746 60.4668960571289 60.2030639648438 60.2408103942871 60.2383651733398 60.1525993347168 59.7046241760254 59.3400421142578 59.3834495544434 59.5452423095703 59.5530586242676 59.1271667480469 59.1432914733887 59.1364631652832 59.1173286437988 59.1404685974121 59.0597953796387 59.3080749511719 58.8164443969727 58.8642387390137 58.6203460693359 58.8267059326172 -3.4e+38 58.494384765625 58.4938125610352 58.6896934509277 58.3162117004395 58.1450691223145 57.9944534301758
60.5933990478516 60.3465957641602 60.9349212646484 60.7766571044922 60.7188606262207 60.6912040710449 60.329288482666 60.2552108764648 60.5441131591797 60.6289329528809 60.9014091491699 60.871826171875 60.4175910949707 60.3452949523926 60.3392753601074 60.1269454956055 60.4795074462891 59.9034690856934 60.1014862060547 60.389476776123 60.1761169433594 60.6990776062012 60.1158065795898 60.1375007629395 60.1514205932617 59.9661140441895 59.8205261230469 59.352855682373 59.4493789672852 59.5058860778809 59.4298400878906 59.3064842224121 59.1944274902344 59.2610816955566 59.583854675293 59.3698883056641 59.1658134460449 59.0165557861328 59.0312652587891 58.9534873962402 58.7141952514648 58.8020095825195 58.5622978210449 58.3609504699707 58.4506874084473 58.8143539428711 58.4911994934082 -3.4e+38 58.0979957580566
61.1235618591309 60.4129829406738 60.6137580871582 60.5933456420898 60.3307914733887 60.8366355895996 60.7800064086914 60.8290634155273 60.6779670715332 60.3851013183594 60.5051231384277 60.7933006286621 60.2858963012695 60.5375862121582 60.5834045410156 60.4662933349609 60.3524475097656 60.2805557250977 60.0013236999512 60.6971817016602 60.5713081359863 60.4377861022949 60.2233390808105 60.1662902832031 60.1612396240234 59.9356918334961 59.9796905517578 59.7348289489746 59.7296676635742 59.6524353027344 59.3708038330078 59.4820785522461 59.412425994873 59.4151496887207 59.7380027770996 59.4442901611328 59.2724418640137 -3.4e+38 59.3326873779297 59.2051696777344 59.0312423706055 58.8011322021484 -3.4e+38 58.4539604187012 58.5988540649414 59.0616683959961 58.5561981201172 58.2368431091309 58.1894760131836
60.9605903625488 60.7590103149414 60.5097541809082 60.6980018615723 60.5400886535645 60.5562553405762 60.8710289001465 60.7069549560547 60.5551147460938 60.3147315979004 60.3660621643066 60.6257133483887 60.3291053771973 60.516056060791 60.8475685119629 60.7480659484863 60.2095642089844 60.4638290405273 60.1122741699219 60.4598579406738 60.7695693969727 60.1734085083008 60.4825744628906 60.3479614257812 60.3528518676758 60.1506233215332 60.0117073059082 60.142017364502 59.8947639465332 59.5029525756836 59.3873825073242 59.6746444702148 59.691478729248 59.6893348693848 59.9201698303223 59.4087219238281 59.4172019958496 59.1451416015625 59.3576889038086 59.2900199890137 59.1617050170898 58.9795150756836 59.3138465881348 58.8891563415527 58.5965194702148 58.9558067321777 58.570987701416 58.3389129638672 58.2952651977539
60.7317733764648 60.9346923828125 60.7248420715332 60.9355888366699 61.0151748657227 60.5971031188965 60.7587585449219 60.4561157226562 60.4147186279297 60.4624404907227 60.5370330810547 60.6605567932129 60.5887184143066 60.6199340820312 60.525318145752 60.677677154541 60.4338417053223 60.5406799316406 60.2224426269531 60.491512298584 60.4072380065918 60.1460418701172 60.3240585327148 60.5906562805176 60.5613555908203 60.0872001647949 60.0909042358398 60.2178955078125 60.2078819274902 59.6703567504883 -3.4e+38 59.9219818115234 60.0315399169922 59.8727912902832 60.0947952270508 59.627857208252 59.651180267334 59.2752494812012 59.1893005371094 -3.4e+38 59.2027359008789 -3.4e+38 59.4851226806641 59.2746543884277 58.915153503418 58.9798774719238 58.9456367492676 58.4763984680176 58.6352958679199
60.7246398925781 60.9474716186523 60.9251708984375 61.2363777160645 61.0288162231445 60.6375732421875 60.6658325195312 60.5794296264648 60.5349464416504 60.6418800354004 60.859302520752 60.9301338195801 60.891170501709 60.8405685424805 60.494571685791 60.5943450927734 60.3209800720215 60.5227928161621 60.3933486938477 60.463996887207 60.3198509216309 60.3293724060059 60.3590812683105 60.7633094787598 60.6737480163574 60.1499977111816 60.314525604248 60.3202285766602 60.1004943847656 59.7683486938477 59.4353485107422 59.853630065918 60.1448249816895 60.1413040161133 60.2422332763672 60.1495094299316 59.8029632568359 59.4076805114746 59.1698303222656 -3.4e+38 58.9405097961426 59.2937278747559 59.5310668945312 59.3955688476562 59.2453231811523 59.057544708252 58.9975471496582 58.5806350708008 58.5956954956055
60.533332824707 60.9399108886719 61.0880126953125 61.237361907959 61.0877838134766 60.4934921264648 60.7837677001953 61.2053108215332 61.1550941467285 60.6756248474121 61.0857887268066 61.176944732666 60.9088554382324 60.8801536560059 60.8349266052246 60.6739730834961 60.1572265625 60.3857955932617 60.8597068786621 60.7562675476074 60.5645370483398 60.5265655517578 60.5825805664062 60.4444808959961 60.4546394348145 60.3994522094727 60.1540946960449 60.1094169616699 59.9448013305664 59.5636405944824 59.3016891479492 59.4048767089844 59.7409744262695 60.2516441345215 59.7136459350586 59.6793632507324 59.4747505187988 59.2806091308594 59.0390472412109 59.0552215576172 58.7659225463867 59.2878456115723 59.5941162109375 59.4760627746582 59.3179893493652 59.1496963500977 58.9602165222168 58.7654228210449 58.3254280090332
61.09521484375 60.8654174804688 61.0271797180176 60.7086410522461 61.0820846557617 60.8352127075195 60.7356300354004 61.1021308898926 61.2225189208984 60.8730926513672 60.8360595703125 61.3030128479004 60.7442016601562 60.9547882080078 60.8779563903809 60.978214263916 -3.4e+38 60.5049057006836 61.0657234191895 60.8262481689453 60.5177421569824 60.7169570922852 60.5216598510742 60.1798324584961 60.2870941162109 60.5652351379395 60.1005020141602 60.0230255126953 60.0883827209473 60.0750274658203 59.4234580993652 59.4603309631348 59.9556694030762 59.7533798217773 59.7698593139648 59.2498054504395 59.3373146057129 59.349063873291 59.2441024780273 58.9699630737305 58.9458656311035 58.8936424255371 59.288387298584 59.543628692627 59.3442573547363 59.2148323059082 58.9921112060547 58.4880294799805 58.2986526489258
61.1146049499512 60.9813804626465 60.8016166687012 60.9077606201172 61.2734832763672 61.3070487976074 60.8376884460449 60.7205047607422 60.9024696350098 60.9163284301758 60.7959442138672 61.0342216491699 60.8264503479004 60.7409210205078 60.963264465332 60.9900245666504 60.7099685668945 61.0234375 61.0760040283203 60.5280799865723 60.4714851379395 60.9703140258789 60.5261878967285 60.3273468017578 60.3868942260742 60.3041839599609 59.981014251709 59.8251304626465 59.8657455444336 59.9569511413574 59.6714744567871 59.761402130127 60.424373626709 60.0528984069824 59.8272285461426 59.3781509399414 59.6777267456055 59.4882392883301 59.5485992431641 59.0425186157227 58.9415130615234 58.699535369873 -3.4e+38 59.4339981079102 59.4631996154785 59.300106048584 59.0081901550293 58.2630882263184 58.2674102783203
60.9013786315918 60.8552589416504 60.9766731262207 61.038013458252 61.5298233032227 61.3544731140137 61.4877662658691 60.8406143188477 60.9748153686523 61.0733489990234 61.0125617980957 61.0091896057129 60.8434638977051 61.0323371887207 61.1652946472168 60.8279266357422 60.6652488708496 61.2927207946777 61.0338516235352 60.7404747009277 60.4841156005859 60.6710472106934 60.4943199157715 60.4965629577637 60.2625427246094 60.3578796386719 60.0796241760254 60.057861328125 60.0407867431641 59.8655776977539 59.6593589782715 59.8805084228516 60.3538932800293 60.3802528381348 59.792724609375 59.7765426635742 59.5132713317871 59.5286598205566 59.4364128112793 59.0884323120117 59.1399688720703 59.2811622619629 59.0483779907227 59.0478363037109 59.1028861999512 59.2562484741211 59.1711959838867 58.7126541137695 58.9074020385742
61.0714912414551 60.9542808532715 60.9245491027832 61.258373260498 61.2242546081543 61.6461524963379 61.2157096862793 61.1480979919434 61.2507781982422 61.2749481201172 61.161792755127 61.2491912841797 60.8271102905273 61.3761405944824 61.1190757751465 60.6563873291016 60.8472900390625 61.2680206298828 61.0012168884277 61.1524467468262 60.929874420166 60.6242485046387 60.5881195068359 60.5045585632324 60.5791931152344 60.414379119873 60.3925476074219 60.4920806884766 60.3291549682617 60.2070198059082 59.7844924926758 60.1428833007812 60.2524452209473 60.1914672851562 59.9758987426758 60.0809593200684 59.4410972595215 59.4677124023438 59.41455078125 59.2687149047852 59.4028282165527 59.5628890991211 58.9395179748535 58.9680213928223 58.949878692627 59.0126266479492 59.3385925292969 58.9277000427246 59.038990020752
61.151439666748 61.1304512023926 60.9464416503906 61.337474822998 60.8832664489746 61.4407920837402 60.9656028747559 61.1253967285156 61.2474174499512 61.1657409667969 60.9971885681152 61.040470123291 60.9251556396484 61.4248199462891 60.9541015625 60.754810333252 61.0729331970215 61.358039855957 60.9474906921387 61.381908416748 61.10498046875 60.8944778442383 60.8805999755859 60.6158676147461 60.7428207397461 60.6985244750977 60.3307228088379 60.4865646362305 60.3662872314453 60.3503952026367 59.950309753418 60.1746711730957 60.2027740478516 60.237190246582 60.2450485229492 59.9852142333984 59.6855735778809 59.5364189147949 59.5466232299805 59.4274787902832 59.3877639770508 59.271167755127 58.929988861084 58.9644203186035 59.2798080444336 59.224536895752 59.2184982299805 58.7655639648438 59.0002822875977
61.046558380127 61.2774963378906 60.8170852661133 61.0741233825684 61.0184135437012 61.5340690612793 61.3119316101074 61.2890739440918 61.081787109375 61.3636932373047 61.5466575622559 61.5160522460938 61.3608474731445 61.229377746582 61.6039733886719 61.0465774536133 61.1923828125 60.8820838928223 60.7652816772461 60.7434959411621 61.2669639587402 61.0413627624512 61.0150833129883 60.7322654724121 60.7316513061523 60.4858589172363 60.5564231872559 60.2809448242188 60.5575485229492 60.6016960144043 60.3118476867676 59.8711700439453 60.1486625671387 60.0914077758789 60.3178253173828 59.7801666259766 59.879020690918 59.8599510192871 59.7766761779785 59.6663475036621 59.8415260314941 59.821590423584 59.6373596191406 59.2871742248535 59.4686431884766 59.4455642700195 59.2235298156738 59.1854362487793 59.0990791320801
61.369255065918 61.1171798706055 60.9768905639648 61.4259643554688 61.5461044311523 61.4860992431641 61.524715423584 61.7582321166992 61.3548774719238 61.3346061706543 61.4937858581543 61.5839042663574 61.3354644775391 61.2642555236816 61.4136428833008 60.9278564453125 61.3510780334473 60.75244140625 60.9495811462402 60.9629402160645 61.0502166748047 60.9447212219238 61.1127662658691 61.0380363464355 60.8394737243652 60.6458778381348 60.5610084533691 60.1878280639648 60.4268379211426 60.5739707946777 60.2040367126465 59.9148025512695 60.3788948059082 60.0400924682617 60.141773223877 60.1818923950195 60.1865615844727 59.7486915588379 59.8127555847168 59.8524971008301 59.8507347106934 59.7377510070801 59.6220054626465 59.6593170166016 59.5758972167969 59.4979209899902 59.455623626709 59.14990234375 59.129753112793
61.5109634399414 61.1387634277344 61.1988945007324 61.6120491027832 61.2605743408203 61.2337265014648 61.9532814025879 61.7621955871582 61.6768493652344 61.5617523193359 61.4726333618164 61.6052627563477 61.3151054382324 61.4895668029785 61.2059288024902 61.2899856567383 61.4560775756836 60.994815826416 61.5264129638672 61.1486282348633 61.1138381958008 61.0170249938965 61.1040077209473 61.2389984130859 60.9109954833984 60.8365592956543 60.6271018981934 60.5945777893066 60.5287551879883 60.4601631164551 60.1832885742188 60.4492607116699 60.4125480651855 60.0254745483398 60.0288314819336 60.2984046936035 60.016975402832 59.660270690918 59.8808250427246 60.0535926818848 59.8973426818848 59.6523170471191 59.5331535339355 59.9455986022949 59.7148246765137 59.6009063720703 59.5588645935059 59.20556640625 59.1946640014648
61.334831237793 61.1920700073242 61.1557540893555 61.7188453674316 61.1051445007324 61.2456665039062 61.6665534973145 61.5398330688477 61.7198371887207 61.5734252929688 61.5314445495605 61.5410690307617 61.5901527404785 61.5854415893555 61.4131927490234 61.6513252258301 61.6173553466797 61.3054809570312 61.7000885009766 61.1017074584961 61.2975540161133 61.2601585388184 61.1591720581055 61.224739074707 61.199535369873 60.9560279846191 60.6919860839844 60.8574562072754 60.7092208862305 60.4851913452148 60.4353942871094 60.6843948364258 60.2439117431641 60.2928314208984 60.297046661377 59.9413948059082 59.75 59.5598335266113 59.7109146118164 59.7703170776367 59.6880950927734 59.5829048156738 59.5271186828613 60.0479431152344 59.7889518737793 59.6957740783691 59.8364524841309 59.6143341064453 59.2960510253906
61.4101905822754 61.4889030456543 61.1961822509766 61.8494834899902 61.5207862854004 61.5493812561035 61.5898208618164 61.6417427062988 61.7711906433105 61.5477981567383 61.5657196044922 61.5207710266113 61.5044174194336 61.4201393127441 61.774730682373 61.660888671875 61.7321815490723 61.5432739257812 61.519229888916 61.194766998291 61.2324371337891 61.2587623596191 61.3457489013672 61.2759437561035 61.403450012207 61.1273231506348 60.6962928771973 60.8468856811523 60.8182907104492 60.6790466308594 60.6030044555664 60.7121200561523 60.3205032348633 60.4652252197266 60.3799209594727 60.2567939758301 59.8089294433594 59.5905113220215 59.5065765380859 59.4633636474609 59.5651817321777 59.6519927978516 59.7127723693848 60.1700859069824 59.9881896972656 59.8432350158691 59.934455871582 59.8015060424805 59.3282089233398
61.4767875671387 61.8932266235352 61.7320098876953 61.7412261962891 61.6137008666992 62.1329078674316 61.6389274597168 61.5687408447266 61.9099540710449 61.7802314758301 61.6734809875488 61.7235908508301 61.706413269043 61.6284523010254 61.6477432250977 61.5456733703613 61.7993278503418 61.5583076477051 61.8193016052246 61.7197532653809 61.3511085510254 61.3263053894043 61.5371704101562 61.2057113647461 61.3788528442383 61.3989868164062 60.7424468994141 60.8654823303223 60.9614486694336 60.6741714477539 60.7088623046875 60.8360366821289 60.4152145385742 60.3713264465332 60.4899826049805 60.6956443786621 60.085578918457 59.7926902770996 59.4973793029785 59.5467300415039 59.8854598999023 59.9475212097168 59.8152542114258 60.0317764282227 59.9693908691406 59.9019660949707 59.8276062011719 59.8977470397949 59.4706878662109
61.9028015136719 62.090404510498 61.8466033935547 61.7731895446777 61.543888092041 61.9116592407227 61.5521583557129 61.5424575805664 61.6605186462402 61.9334373474121 61.8207969665527 61.8314056396484 61.9167976379395 -3.4e+38 61.4366874694824 61.5474319458008 61.671573638916 61.3683013916016 61.7435493469238 61.6625442504883 61.3681755065918 61.3144149780273 61.5564498901367 61.4267501831055 61.1920204162598 61.3430519104004 61.1505851745605 61.0697708129883 61.0953216552734 60.8835296630859 60.9389686584473 61.0383033752441 60.589672088623 60.3745727539062 60.6663970947266 60.784538269043 60.2029495239258 60.1222381591797 60.0234756469727 59.976016998291 60.0373191833496 60.089786529541 60.0367965698242 59.6993675231934 59.7171058654785 59.9354705810547 59.7616882324219 59.6358528137207 59.6521301269531
